1791139653 cpu  1310751 704 73228 23548223 1181 0 118141 48136 0 0
1791139658 cpu  1310755 704 73232 23552209 1181 0 118141 48137 0 0
1791139663 cpu  1310759 704 73234 23556199 1182 0 118141 48138 0 0
1791139668 cpu  1310809 704 73261 23560114 1182 0 118148 48140 0 0
1791139673 cpu  1310813 704 73263 23564106 1183 0 118149 48141 0 0
1791139678 cpu  1310816 704 73266 23568096 1183 0 118149 48141 0 0
1791139683 cpu  1310818 704 73266 23572089 1183 0 118149 48142 0 0
1791139688 cpu  1310820 704 73269 23576080 1184 0 118149 48143 0 0
1791139693 cpu  1310822 704 73270 23580073 1184 0 118149 48144 0 0
1791139698 cpu  1310824 704 73270 23584067 1184 0 118149 48145 0 0
1791139703 cpu  1310827 704 73271 23588062 1185 0 118149 48146 0 0
1791139708 cpu  1310829 704 73273 23592054 1185 0 118150 48147 0 0
1791139713 cpu  1310839 704 73278 23596027 1185 0 118150 48148 0 0
1791139718 cpu  1310842 704 73279 23600020 1185 0 118150 48150 0 0
1791139723 cpu  1310843 704 73280 23604014 1185 0 118151 48151 0 0
1791139728 cpu  1310847 704 73282 23608003 1186 0 118151 48152 0 0
1791139733 cpu  1310848 704 73282 23611997 1186 0 118151 48153 0 0
1791139738 cpu  1310850 704 73283 23615992 1186 0 118151 48154 0 0
1791139743 cpu  1310852 704 73285 23619984 1186 0 118151 48155 0 0
1791139748 cpu  1310958 704 73324 23623829 1186 0 118173 48158 0 0
1791139753 cpu  1311038 704 73360 23627699 1186 0 118182 48162 0 0
1791139758 cpu  1311103 704 73391 23631594 1186 0 118200 48164 0 0
1791139763 cpu  1311160 704 73421 23635496 1186 0 118207 48167 0 0
1791139768 cpu  1312396 704 73571 23638085 1186 0 118221 48191 0 0
1791139773 cpu  1312955 704 73597 23641471 1186 0 118244 48202 0 0
1791139778 cpu  1313715 704 73652 23644641 1187 0 118286 48218 0 0
1791139783 cpu  1314477 704 73684 23647805 1187 0 118324 48253 0 0
1791139788 cpu  1315368 704 73712 23650847 1187 0 118363 48278 0 0
1791139793 cpu  1316397 704 73751 23653651 1188 0 118418 48403 0 0
1791139798 cpu  1317494 704 73791 23656434 1188 0 118467 48454 0 0
1791139803 cpu  1318622 704 73830 23659157 1188 0 118527 48539 0 0
1791139808 cpu  1319796 704 73875 23661853 1188 0 118602 48590 0 0
1791139813 cpu  1320965 704 73907 23664575 1188 0 118676 48626 0 0
1791139818 cpu  1322076 704 73939 23667346 1189 0 118749 48668 0 0
1791139823 cpu  1322812 704 73963 23670477 1189 0 118822 48745 0 0
1791139828 cpu  1323537 704 73984 23673643 1189 0 118886 48793 0 0
1791139833 cpu  1324265 704 74011 23676793 1189 0 118954 48842 0 0
1791139838 cpu  1324941 704 74032 23680040 1189 0 119019 48860 0 0
1791139843 cpu  1325614 704 74056 23683269 1189 0 119079 48888 0 0
1791139848 cpu  1326281 704 74078 23686515 1190 0 119135 48908 0 0
1791139853 cpu  1327023 704 74098 23689682 1190 0 119205 48951 0 0
1791139858 cpu  1327715 704 74119 23692910 1190 0 119263 48972 0 0
1791139863 cpu  1328413 704 74140 23696106 1190 0 119324 49017 0 0
1791139868 cpu  1329057 704 74160 23699364 1190 0 119382 49038 0 0
1791139873 cpu  1329743 704 74183 23702572 1190 0 119444 49084 0 0
1791139878 cpu  1330418 704 74204 23705804 1190 0 119500 49109 0 0
1791139883 cpu  1331154 704 74226 23708942 1191 0 119567 49181 0 0
1791139888 cpu  1331910 704 74250 23712095 1191 0 119630 49234 0 0
1791139893 cpu  1332613 704 74282 23715271 1191 0 119697 49271 0 0
1791139898 cpu  1333284 704 74304 23718496 1191 0 119745 49296 0 0
1791139903 cpu  1333965 704 74330 23721708 1191 0 119808 49335 0 0
1791139908 cpu  1334646 704 74357 23724911 1191 0 119866 49364 0 0
1791139913 cpu  1335394 704 74375 23728044 1192 0 119929 49440 0 0
1791139918 cpu  1336094 704 74402 23731236 1192 0 119999 49475 0 0
1791139923 cpu  1336868 704 74427 23734349 1193 0 120081 49556 0 0
1791139928 cpu  1337563 704 74454 23737570 1193 0 120151 49587 0 0
1791139933 cpu  1338287 704 74479 23740737 1193 0 120214 49646 0 0
1791139938 cpu  1338986 704 74502 23743947 1193 0 120282 49672 0 0
1791139943 cpu  1339881 704 74581 23746847 1194 0 120392 49777 0 0
1791139948 cpu  1340649 704 74639 23749957 1194 0 120467 49815 0 0
1791139953 cpu  1341112 704 74709 23753338 1195 0 120509 49885 0 0
1791139958 cpu  1341218 704 74763 23757167 1195 0 120529 49891 0 0
1791139963 cpu  1342496 704 74920 23759564 1195 0 120548 50056 0 0
1791139968 cpu  1343073 704 74948 23762929 1195 0 120579 50079 0 0
1791139973 cpu  1343815 704 74996 23766089 1195 0 120625 50121 0 0
1791139978 cpu  1344585 704 75026 23769248 1195 0 120663 50147 0 0
1791139983 cpu  1345427 704 75058 23772294 1195 0 120711 50209 0 0
1791139988 cpu  1346393 704 75091 23775233 1196 0 120764 50257 0 0
1791139993 cpu  1347440 704 75135 23777994 1196 0 120825 50380 0 0
1791139998 cpu  1348558 704 75175 23780747 1196 0 120882 50437 0 0
1791140003 cpu  1349781 704 75225 23783307 1198 0 120951 50573 0 0
1791140008 cpu  1351205 704 75287 23785613 1198 0 121022 50755 0 0
1791140013 cpu  1352510 704 75345 23788109 1199 0 121099 50868 0 0
1791140018 cpu  1353187 704 75365 23791315 1199 0 121149 50897 0 0
1791140023 cpu  1353892 704 75392 23794493 1199 0 121210 50942 0 0
1791140028 cpu  1354539 704 75415 23797745 1199 0 121260 50962 0 0
1791140033 cpu  1355245 704 75432 23800914 1200 0 121325 51016 0 0
1791140038 cpu  1355928 704 75460 23804106 1200 0 121395 51051 0 0
1791140043 cpu  1356635 704 75481 23807258 1200 0 121458 51115 0 0
1791140048 cpu  1357316 704 75500 23810452 1201 0 121513 51149 0 0
1791140053 cpu  1358053 704 75537 23813580 1202 0 121583 51214 0 0
1791140058 cpu  1358705 704 75558 23816815 1202 0 121641 51242 0 0
1791140063 cpu  1359392 704 75585 23820015 1202 0 121707 51277 0 0
1791140068 cpu  1360103 704 75609 23823198 1202 0 121771 51313 0 0
1791140073 cpu  1360773 704 75640 23826406 1202 0 121827 51342 0 0
1791140078 cpu  1361458 704 75656 23829629 1202 0 121893 51364 0 0
1791140083 cpu  1362143 704 75676 23832845 1202 0 121951 51398 0 0
1791140088 cpu  1362824 704 75696 23836061 1203 0 122012 51422 0 0
1791140093 cpu  1363544 704 75725 23839228 1203 0 122068 51465 0 0
1791140098 cpu  1364228 704 75748 23842430 1203 0 122120 51493 0 0
1791140103 cpu  1364946 704 75772 23845585 1203 0 122193 51538 0 0
1791140108 cpu  1365602 704 75796 23848803 1203 0 122258 51561 0 0
1791140113 cpu  1366240 704 75820 23852057 1203 0 122315 51577 0 0
1791140118 cpu  1366897 704 75846 23855300 1205 0 122375 51598 0 0
1791140123 cpu  1367621 704 75871 23858444 1205 0 122436 51659 0 0
1791140128 cpu  1368304 704 75896 23861628 1205 0 122489 51697 0 0
1791140133 cpu  1368974 704 75928 23864831 1206 0 122552 51723 0 0
1791140138 cpu  1369649 704 75953 23868052 1206 0 122608 51747 0 0
1791140143 cpu  1370312 704 75986 23871284 1206 0 122674 51767 0 0
1791140148 cpu  1370928 704 76013 23874563 1206 0 122729 51783 0 0
1791140153 cpu  1371583 704 76037 23877805 1206 0 122784 51809 0 0
1791140158 cpu  1372234 704 76062 23881050 1206 0 122847 51829 0 0
1791140163 cpu  1372917 704 76089 23884260 1206 0 122911 51864 0 0
1791140168 cpu  1373565 704 76110 23887521 1207 0 122962 51878 0 0
1791140173 cpu  1374240 704 76130 23890770 1207 0 123020 51903 0 0
1791140178 cpu  1374901 704 76150 23893988 1207 0 123068 51934 0 0
1791140183 cpu  1375603 704 76174 23897163 1207 0 123126 51979 0 0
1791140188 cpu  1376336 704 76200 23900312 1208 0 123189 52027 0 0
1791140193 cpu  1377076 704 76233 23903467 1208 0 123252 52065 0 0
1791140198 cpu  1377734 704 76252 23906722 1208 0 123306 52083 0 0
1791140203 cpu  1378392 704 76277 23909955 1208 0 123368 52110 0 0
1791140208 cpu  1379043 704 76301 23913184 1208 0 123434 52140 0 0
1791140213 cpu  1379741 704 76323 23916359 1208 0 123499 52195 0 0
1791140218 cpu  1380424 704 76346 23919568 1208 0 123565 52223 0 0
1791140223 cpu  1381138 704 76370 23922736 1208 0 123622 52263 0 0
1791140228 cpu  1381781 704 76392 23925999 1209 0 123685 52277 0 0
1791140233 cpu  1382415 704 76412 23929259 1209 0 123746 52295 0 0
1791140238 cpu  1383093 704 76435 23932470 1209 0 123811 52324 0 0
1791140243 cpu  1383743 704 76461 23935699 1209 0 123864 52352 0 0
1791140248 cpu  1384425 704 76488 23938915 1209 0 123921 52373 0 0
1791140253 cpu  1385122 704 76519 23942098 1209 0 123986 52402 0 0
1791140258 cpu  1385773 704 76546 23945354 1210 0 124034 52420 0 0
1791140263 cpu  1386461 704 76571 23948557 1210 0 124092 52455 0 0
1791140268 cpu  1387057 704 76595 23951851 1210 0 124157 52469 0 0
1791140273 cpu  1387686 704 76616 23955117 1211 0 124212 52489 0 0
1791140278 cpu  1388323 704 76640 23958384 1211 0 124266 52506 0 0
1791140283 cpu  1388996 704 76661 23961617 1211 0 124323 52538 0 0
1791140288 cpu  1389654 704 76682 23964858 1211 0 124385 52563 0 0
1791140293 cpu  1390316 704 76704 23968100 1211 0 124443 52584 0 0
1791140298 cpu  1390942 704 76728 23971389 1212 0 124496 52599 0 0
1791140303 cpu  1391620 704 76757 23974588 1212 0 124553 52643 0 0
1791140308 cpu  1392384 704 76782 23977663 1212 0 124617 52743 0 0
1791140313 cpu  1393147 704 76817 23980743 1212 0 124698 52818 0 0
1791140318 cpu  1393807 704 76837 23983984 1212 0 124750 52838 0 0
1791140323 cpu  1394518 704 76862 23987147 1212 0 124802 52883 0 0
1791140328 cpu  1395164 704 76890 23990400 1212 0 124857 52901 0 0
1791140333 cpu  1395843 704 76909 23993610 1212 0 124920 52928 0 0
1791140338 cpu  1396484 704 76934 23996870 1213 0 124982 52944 0 0
1791140343 cpu  1397168 704 76961 24000099 1213 0 125051 52969 0 0
1791140348 cpu  1397773 704 76980 24003405 1213 0 125105 52979 0 0
1791140353 cpu  1398417 704 77008 24006671 1213 0 125158 52997 0 0
1791140358 cpu  1399064 704 77031 24009919 1213 0 125218 53019 0 0
1791140363 cpu  1399770 704 77054 24013100 1213 0 125294 53062 0 0
1791140368 cpu  1400474 704 77074 24016292 1213 0 125371 53094 0 0
1791140373 cpu  1401183 704 77103 24019455 1213 0 125425 53129 0 0
1791140378 cpu  1401800 704 77165 24022722 1214 0 125485 53148 0 0
1791140383 cpu  1401802 704 77168 24026712 1214 0 125485 53149 0 0
1791140388 cpu  1401805 704 77169 24030707 1214 0 125486 53149 0 0
1791140394 cpu  1401806 704 77171 24034703 1214 0 125486 53150 0 0
1791140399 cpu  1401807 704 77172 24038698 1214 0 125487 53150 0 0
1791140404 cpu  1401809 704 77173 24042690 1214 0 125487 53151 0 0
1791140409 cpu  1401811 704 77175 24046685 1214 0 125487 53151 0 0
