1791139650 cpu  7776263 512 2142568 38512942 7352 0 724775 32657 0 0
1791139655 cpu  7776371 512 2142657 38520635 7352 0 724790 32661 0 0
1791139660 cpu  7776502 512 2142763 38528288 7353 0 724809 32665 0 0
1791139665 cpu  7776628 512 2142854 38535993 7353 0 724825 32668 0 0
1791139670 cpu  7776777 512 2142954 38543636 7353 0 724846 32671 0 0
1791139675 cpu  7776888 512 2143039 38551336 7353 0 724864 32675 0 0
1791139680 cpu  7777030 512 2143135 38559006 7354 0 724883 32678 0 0
1791139685 cpu  7777176 512 2143236 38566661 7354 0 724914 32682 0 0
1791139690 cpu  7777351 512 2143352 38574232 7354 0 724962 32686 0 0
1791139695 cpu  7777497 512 2143438 38581879 7355 0 725002 32690 0 0
1791139700 cpu  7777698 512 2143551 38589426 7355 0 725045 32694 0 0
1791139705 cpu  7777849 512 2143674 38597022 7355 0 725089 32697 0 0
1791139710 cpu  7778024 512 2143808 38604575 7355 0 725135 32701 0 0
1791139715 cpu  7778179 512 2143918 38612180 7356 0 725175 32705 0 0
1791139720 cpu  7778398 512 2144035 38619725 7357 0 725222 32710 0 0
1791139725 cpu  7778552 512 2144124 38627339 7357 0 725265 32714 0 0
1791139730 cpu  7778757 512 2144245 38634866 7357 0 725318 32718 0 0
1791139735 cpu  7778928 512 2144344 38642459 7357 0 725369 32722 0 0
1791139740 cpu  7779122 512 2144460 38650018 7358 0 725407 32726 0 0
1791139745 cpu  7779292 512 2144566 38657635 7359 0 725440 32730 0 0
1791139750 cpu  7779447 512 2144662 38665290 7359 0 725454 32733 0 0
1791139755 cpu  7779548 512 2144738 38673016 7359 0 725472 32736 0 0
1791139760 cpu  7779692 512 2144831 38680659 7359 0 725492 32740 0 0
1791139765 cpu  7779821 512 2144920 38688351 7360 0 725511 32744 0 0
1791139770 cpu  7780241 512 2145084 38695594 7361 0 725587 32750 0 0
1791139775 cpu  7781168 512 2145392 38702090 7361 0 725731 32758 0 0
1791139780 cpu  7782710 512 2145903 38707649 7361 0 725951 32768 0 0
1791139785 cpu  7784734 512 2146487 38712582 7361 0 726206 32778 0 0
1791139790 cpu  7787271 512 2147237 38716807 7362 0 726491 32785 0 0
1791139795 cpu  7790150 512 2148050 38720608 7362 0 726783 32792 0 0
1791139800 cpu  7793488 512 2148915 38723813 7363 0 727119 32797 0 0
1791139805 cpu  7797150 512 2149858 38726616 7363 0 727438 32803 0 0
1791139810 cpu  7801179 512 2150824 38729027 7363 0 727772 32806 0 0
1791139815 cpu  7805297 512 2151764 38731348 7364 0 728124 32810 0 0
1791139820 cpu  7809595 512 2152781 38733417 7364 0 728447 32813 0 0
1791139825 cpu  7813881 512 2153741 38735501 7367 0 728806 32817 0 0
1791139830 cpu  7818124 512 2154749 38737578 7367 0 729141 32820 0 0
1791139835 cpu  7822360 512 2155740 38739718 7367 0 729464 32823 0 0
1791139840 cpu  7826662 512 2156726 38741809 7367 0 729805 32827 0 0
1791139845 cpu  7830896 512 2157724 38743930 7368 0 730148 32830 0 0
1791139850 cpu  7835210 512 2158702 38745973 7368 0 730477 32835 0 0
1791139855 cpu  7839487 512 2159690 38748088 7369 0 730820 32840 0 0
1791139860 cpu  7843698 512 2160717 38750180 7369 0 731153 32843 0 0
1791139865 cpu  7848026 512 2161734 38752254 7370 0 731484 32850 0 0
1791139870 cpu  7852328 512 2162720 38754324 7370 0 731805 32854 0 0
1791139875 cpu  7856566 512 2163778 38756441 7370 0 732158 32857 0 0
1791139880 cpu  7860928 512 2164800 38758446 7370 0 732501 32860 0 0
1791139885 cpu  7865201 512 2165846 38760467 7371 0 732884 32865 0 0
1791139890 cpu  7869488 512 2166803 38762524 7371 0 733252 32868 0 0
1791139895 cpu  7873741 512 2167807 38764593 7372 0 733625 32871 0 0
1791139900 cpu  7878021 512 2168829 38766605 7372 0 733992 32874 0 0
1791139905 cpu  7882396 512 2169843 38768611 7372 0 734357 32878 0 0
1791139910 cpu  7886766 512 2170822 38770597 7374 0 734722 32881 0 0
1791139915 cpu  7891020 512 2171839 38772628 7375 0 735082 32885 0 0
1791139920 cpu  7895396 512 2172830 38774594 7375 0 735443 32889 0 0
1791139925 cpu  7899755 512 2173845 38776561 7375 0 735818 32892 0 0
1791139930 cpu  7904100 512 2174843 38778533 7376 0 736185 32895 0 0
1791139935 cpu  7908340 512 2175865 38780585 7376 0 736546 32899 0 0
1791139940 cpu  7912674 512 2176871 38782579 7376 0 736939 32902 0 0
1791139945 cpu  7916986 512 2177861 38784600 7376 0 737331 32906 0 0
1791139950 cpu  7921299 512 2178878 38786584 7383 0 737682 32909 0 0
1791139955 cpu  7921671 512 2179041 38793885 7384 0 737765 32913 0 0
1791139960 cpu  7921871 512 2179161 38801426 7384 0 737815 32918 0 0
1791139965 cpu  7922184 512 2179314 38808769 7384 0 737912 32923 0 0
1791139970 cpu  7923086 512 2179635 38815269 7385 0 738104 32931 0 0
1791139975 cpu  7924507 512 2180083 38820986 7385 0 738352 32940 0 0
1791139980 cpu  7926442 512 2180670 38825954 7385 0 738629 32948 0 0
1791139985 cpu  7928850 512 2181359 38830273 7386 0 738949 32954 0 0
1791139990 cpu  7931705 512 2182143 38834036 7386 0 739284 32959 0 0
1791139995 cpu  7934905 512 2182996 38837336 7386 0 739641 32965 0 0
1791140000 cpu  7938576 512 2183909 38840157 7387 0 739987 32969 0 0
1791140005 cpu  7942377 512 2184875 38842738 7387 0 740357 32973 0 0
1791140010 cpu  7946499 512 2185851 38845054 7387 0 740710 32976 0 0
1791140015 cpu  7950767 512 2186851 38847132 7387 0 741081 32980 0 0
1791140020 cpu  7955111 512 2187853 38849137 7387 0 741435 32983 0 0
1791140025 cpu  7959442 512 2188833 38851164 7388 0 741792 32986 0 0
1791140030 cpu  7963797 512 2189831 38853142 7388 0 742171 32989 0 0
1791140035 cpu  7968096 512 2190832 38855152 7389 0 742547 32993 0 0
1791140040 cpu  7972400 512 2191872 38857169 7389 0 742927 32996 0 0
1791140045 cpu  7976723 512 2192890 38859181 7389 0 743317 32998 0 0
1791140050 cpu  7980984 512 2193886 38861231 7389 0 743713 33001 0 0
1791140055 cpu  7985355 512 2194861 38863240 7390 0 744064 33004 0 0
1791140060 cpu  7989639 512 2195867 38865282 7390 0 744430 33007 0 0
1791140065 cpu  7993895 512 2196890 38867309 7390 0 744805 33010 0 0
1791140070 cpu  7998151 512 2197906 38869356 7390 0 745190 33013 0 0
1791140075 cpu  8002494 512 2198884 38871353 7391 0 745560 33017 0 0
1791140080 cpu  8006771 512 2199891 38873372 7391 0 745949 33020 0 0
1791140085 cpu  8011126 512 2200896 38875354 7391 0 746315 33024 0 0
1791140090 cpu  8015393 512 2201906 38877362 7391 0 746697 33027 0 0
1791140095 cpu  8019745 512 2202917 38879358 7392 0 747061 33031 0 0
1791140100 cpu  8024052 512 2203947 38881389 7392 0 747434 33033 0 0
1791140105 cpu  8028338 512 2204949 38883379 7392 0 747815 33036 0 0
1791140110 cpu  8032602 512 2205942 38885443 7392 0 748203 33039 0 0
1791140115 cpu  8036960 512 2206929 38887405 7393 0 748579 33042 0 0
1791140120 cpu  8041313 512 2207937 38889378 7393 0 748952 33045 0 0
1791140125 cpu  8045668 512 2208957 38891314 7393 0 749326 33049 0 0
1791140130 cpu  8050007 512 2209941 38893325 7393 0 749717 33053 0 0
1791140135 cpu  8054371 512 2210937 38895330 7394 0 750089 33056 0 0
1791140140 cpu  8058617 512 2211938 38897399 7394 0 750491 33058 0 0
1791140145 cpu  8062976 512 2212900 38899395 7395 0 750871 33061 0 0
1791140150 cpu  8067268 512 2213896 38901447 7395 0 751244 33063 0 0
1791140155 cpu  8071649 512 2214889 38903425 7395 0 751611 33068 0 0
1791140160 cpu  8075935 512 2215886 38905442 7395 0 751976 33073 0 0
1791140165 cpu  8080254 512 2216845 38907446 7395 0 752358 33076 0 0
1791140170 cpu  8084506 512 2217852 38909520 7395 0 752752 33078 0 0
1791140175 cpu  8088845 512 2218808 38911539 7397 0 753116 33081 0 0
1791140180 cpu  8093154 512 2219776 38913599 7397 0 753493 33084 0 0
1791140185 cpu  8097437 512 2220800 38915619 7397 0 753871 33087 0 0
1791140190 cpu  8101717 512 2221785 38917703 7398 0 754262 33089 0 0
1791140195 cpu  8105995 512 2222821 38919703 7399 0 754641 33092 0 0
1791140200 cpu  8110299 512 2223820 38921742 7399 0 755015 33095 0 0
1791140205 cpu  8114555 512 2224815 38923781 7399 0 755402 33098 0 0
1791140210 cpu  8118869 512 2225808 38925806 7399 0 755778 33101 0 0
1791140215 cpu  8123182 512 2226806 38927854 7402 0 756161 33104 0 0
1791140220 cpu  8127450 512 2227812 38929898 7402 0 756538 33107 0 0
1791140225 cpu  8131745 512 2228819 38931890 7402 0 756907 33110 0 0
1791140230 cpu  8136023 512 2229833 38933927 7403 0 757285 33113 0 0
1791140235 cpu  8140289 512 2230824 38935944 7403 0 757672 33117 0 0
1791140240 cpu  8144616 512 2231796 38937985 7403 0 758031 33119 0 0
1791140245 cpu  8148933 512 2232802 38939997 7403 0 758386 33123 0 0
1791140251 cpu  8153172 512 2233789 38942108 7403 0 758767 33126 0 0
1791140256 cpu  8157421 512 2234788 38944165 7405 0 759137 33129 0 0
1791140261 cpu  8161709 512 2235802 38946204 7405 0 759506 33132 0 0
1791140266 cpu  8166013 512 2236827 38948232 7405 0 759883 33136 0 0
1791140271 cpu  8170312 512 2237826 38950259 7406 0 760259 33139 0 0
1791140276 cpu  8174638 512 2238785 38952253 7406 0 760629 33143 0 0
1791140281 cpu  8178886 512 2239799 38954357 7406 0 760984 33147 0 0
1791140286 cpu  8183249 512 2240796 38956361 7406 0 761339 33150 0 0
1791140291 cpu  8187519 512 2241788 38958436 7406 0 761698 33153 0 0
1791140296 cpu  8191832 512 2242768 38960438 7407 0 762063 33156 0 0
1791140301 cpu  8196148 512 2243779 38962488 7408 0 762405 33159 0 0
1791140306 cpu  8200424 512 2244780 38964516 7408 0 762776 33163 0 0
1791140311 cpu  8204712 512 2245779 38966572 7408 0 763142 33165 0 0
1791140316 cpu  8209013 512 2246798 38968646 7408 0 763502 33168 0 0
1791140321 cpu  8213314 512 2247821 38970619 7409 0 763883 33172 0 0
1791140326 cpu  8217663 512 2248810 38972610 7409 0 764253 33175 0 0
1791140331 cpu  8221969 512 2249859 38974581 7409 0 764647 33178 0 0
1791140336 cpu  8226288 512 2250882 38976557 7409 0 765022 33182 0 0
1791140341 cpu  8230552 512 2251912 38978597 7410 0 765413 33186 0 0
1791140346 cpu  8234877 512 2252949 38980578 7410 0 765805 33189 0 0
1791140351 cpu  8239157 512 2253937 38982630 7410 0 766146 33192 0 0
1791140356 cpu  8243513 512 2254972 38984600 7410 0 766503 33195 0 0
1791140361 cpu  8247761 512 2255966 38986619 7410 0 766900 33198 0 0
1791140366 cpu  8252085 512 2256985 38988613 7411 0 767250 33202 0 0
1791140371 cpu  8256322 512 2258004 38990672 7412 0 767624 33204 0 0
1791140376 cpu  8260680 512 2259027 38992649 7412 0 767989 33207 0 0
1791140381 cpu  8262515 512 2259495 38998015 7413 0 768173 33211 0 0
1791140386 cpu  8262660 512 2259592 39005671 7413 0 768190 33214 0 0
1791140391 cpu  8262791 512 2259678 39013353 7414 0 768212 33218 0 0
1791140396 cpu  8262926 512 2259788 39021002 7414 0 768236 33221 0 0
1791140401 cpu  8263042 512 2259873 39028703 7415 0 768256 33225 0 0
