1791139648 cpu  1606818 525 472693 22409452 8924 0 354818 17981 0 0
1791139653 cpu  1606979 525 472769 22413155 8925 0 354840 17983 0 0
1791139658 cpu  1607181 525 472855 22416817 8925 0 354874 17984 0 0
1791139663 cpu  1607452 525 472964 22420375 8926 0 354918 17986 0 0
1791139668 cpu  1607632 525 473035 22424073 8927 0 354945 17988 0 0
1791139673 cpu  1607902 525 473144 22427633 8928 0 354981 17989 0 0
1791139678 cpu  1608082 525 473222 22431319 8928 0 355011 17991 0 0
1791139683 cpu  1608311 525 473330 22434913 8930 0 355053 17993 0 0
1791139688 cpu  1608759 525 473440 22438294 8931 0 355119 17995 0 0
1791139693 cpu  1609201 525 473529 22441678 8933 0 355169 17996 0 0
1791139698 cpu  1609573 525 473611 22445142 8934 0 355211 17998 0 0
1791139703 cpu  1609976 525 473695 22448567 8934 0 355271 18000 0 0
1791139708 cpu  1610346 525 473765 22452058 8936 0 355318 18001 0 0
1791139713 cpu  1610817 525 473865 22455410 8937 0 355374 18003 0 0
1791139718 cpu  1611292 525 473966 22458753 8939 0 355434 18005 0 0
1791139723 cpu  1611872 525 474097 22461963 8941 0 355508 18008 0 0
1791139728 cpu  1612402 525 474226 22465227 8941 0 355583 18010 0 0
1791139733 cpu  1612930 525 474340 22468488 8943 0 355650 18012 0 0
1791139738 cpu  1613450 525 474479 22471773 8944 0 355718 18014 0 0
1791139743 cpu  1614047 525 474625 22474932 8945 0 355775 18017 0 0
1791139748 cpu  1614305 525 474699 22478547 8945 0 355803 18018 0 0
1791139753 cpu  1614430 525 474766 22482301 8947 0 355819 18020 0 0
1791139758 cpu  1614509 525 474807 22486142 8948 0 355827 18021 0 0
1791139763 cpu  1614702 525 474889 22489812 8950 0 355850 18023 0 0
1791139768 cpu  1614761 525 474921 22493681 8952 0 355857 18024 0 0
1791139773 cpu  1614900 525 474984 22497418 8953 0 355886 18026 0 0
1791139778 cpu  1615019 525 475053 22501140 8954 0 355929 18028 0 0
1791139783 cpu  1615233 525 475160 22504720 8956 0 356002 18031 0 0
1791139788 cpu  1615374 525 475237 22508366 8957 0 356079 18034 0 0
1791139793 cpu  1615653 525 475353 22511825 8958 0 356158 18038 0 0
1791139798 cpu  1615842 525 475465 22515365 8961 0 356242 18042 0 0
1791139803 cpu  1616091 525 475605 22518818 8962 0 356352 18046 0 0
1791139808 cpu  1616328 525 475718 22522298 8963 0 356467 18050 0 0
1791139813 cpu  1616575 525 475845 22525741 8965 0 356598 18055 0 0
1791139818 cpu  1616795 525 475963 22529245 8966 0 356713 18059 0 0
1791139823 cpu  1617024 525 476086 22532730 8967 0 356831 18063 0 0
1791139828 cpu  1617230 525 476202 22536210 8969 0 356951 18068 0 0
1791139833 cpu  1617472 525 476329 22539668 8971 0 357071 18072 0 0
1791139838 cpu  1617691 525 476448 22543168 8972 0 357196 18078 0 0
1791139843 cpu  1618009 525 476570 22546555 8974 0 357316 18082 0 0
1791139848 cpu  1618238 525 476687 22550049 8975 0 357447 18087 0 0
1791139853 cpu  1618490 525 476819 22553504 8977 0 357562 18092 0 0
1791139858 cpu  1618716 525 476929 22556990 8978 0 357697 18096 0 0
1791139863 cpu  1618980 525 477067 22560420 8980 0 357833 18101 0 0
1791139868 cpu  1619205 525 477172 22563931 8981 0 357949 18106 0 0
1791139873 cpu  1619414 525 477287 22567458 8982 0 358057 18110 0 0
1791139878 cpu  1619643 525 477391 22570950 8984 0 358185 18115 0 0
1791139883 cpu  1620154 525 477518 22574115 8986 0 358352 18119 0 0
1791139888 cpu  1620639 525 477652 22577302 8987 0 358528 18124 0 0
1791139893 cpu  1621208 525 477813 22580380 8989 0 358701 18128 0 0
1791139898 cpu  1621733 525 477963 22583543 8990 0 358872 18133 0 0
1791139903 cpu  1622300 525 478116 22586650 8992 0 359043 18136 0 0
1791139908 cpu  1622809 525 478246 22589831 8993 0 359221 18141 0 0
1791139913 cpu  1623399 525 478413 22592895 8995 0 359381 18145 0 0
1791139918 cpu  1623953 525 478566 22595999 8996 0 359549 18149 0 0
1791139923 cpu  1624549 525 478719 22599078 8998 0 359717 18154 0 0
1791139928 cpu  1625108 525 478881 22602204 8999 0 359902 18159 0 0
1791139933 cpu  1625665 525 479024 22605294 9002 0 360069 18163 0 0
1791139938 cpu  1626287 525 479172 22608336 9003 0 360240 18167 0 0
1791139943 cpu  1626950 525 479333 22611313 9005 0 360414 18171 0 0
1791139948 cpu  1627576 525 479478 22614363 9007 0 360581 18176 0 0
1791139953 cpu  1628172 525 479616 22617487 9009 0 360706 18179 0 0
1791139958 cpu  1628688 525 479699 22620809 9009 0 360753 18181 0 0
1791139963 cpu  1629249 525 479789 22624061 9011 0 360821 18182 0 0
1791139968 cpu  1629768 525 479879 22627351 9011 0 360898 18184 0 0
1791139973 cpu  1630370 525 479993 22630514 9013 0 361000 18186 0 0
1791139978 cpu  1630935 525 480110 22633694 9014 0 361134 18189 0 0
1791139983 cpu  1631565 525 480267 22636808 9016 0 361270 18192 0 0
1791139988 cpu  1632139 525 480398 22639929 9017 0 361430 18196 0 0
1791139993 cpu  1632778 525 480535 22642983 9020 0 361555 18199 0 0
1791139998 cpu  1633390 525 480664 22646078 9021 0 361686 18202 0 0
1791140003 cpu  1634064 525 480817 22649092 9022 0 361838 18205 0 0
1791140008 cpu  1634712 525 480961 22652118 9024 0 362001 18208 0 0
1791140013 cpu  1635352 525 481106 22655150 9026 0 362151 18211 0 0
1791140018 cpu  1635983 525 481246 22658205 9027 0 362326 18215 0 0
1791140023 cpu  1636636 525 481378 22661182 9029 0 362490 18218 0 0
1791140028 cpu  1637259 525 481520 22664254 9030 0 362647 18221 0 0
1791140033 cpu  1637888 525 481681 22667284 9031 0 362805 18224 0 0
1791140038 cpu  1638508 525 481816 22670327 9033 0 362969 18227 0 0
1791140043 cpu  1639155 525 481969 22673365 9034 0 363115 18231 0 0
1791140048 cpu  1639782 525 482108 22676428 9035 0 363270 18234 0 0
1791140053 cpu  1640418 525 482266 22679442 9037 0 363416 18237 0 0
1791140058 cpu  1641055 525 482415 22682484 9039 0 363580 18241 0 0
1791140063 cpu  1641711 525 482567 22685501 9041 0 363747 18244 0 0
1791140068 cpu  1642363 525 482718 22688545 9042 0 363907 18247 0 0
1791140073 cpu  1643034 525 482873 22691560 9044 0 364058 18250 0 0
1791140078 cpu  1643661 525 483023 22694629 9045 0 364230 18253 0 0
1791140083 cpu  1644339 525 483183 22697622 9047 0 364389 18256 0 0
1791140088 cpu  1645004 525 483338 22700647 9048 0 364563 18261 0 0
1791140093 cpu  1645660 525 483488 22703652 9049 0 364709 18264 0 0
1791140098 cpu  1646286 525 483627 22706703 9051 0 364891 18268 0 0
1791140103 cpu  1646954 525 483767 22709712 9053 0 365063 18272 0 0
1791140108 cpu  1647553 525 483907 22712783 9054 0 365230 18277 0 0
1791140113 cpu  1648161 525 484054 22715803 9056 0 365402 18281 0 0
1791140118 cpu  1648787 525 484194 22718866 9058 0 365573 18285 0 0
1791140123 cpu  1649434 525 484350 22721887 9059 0 365725 18289 0 0
1791140128 cpu  1650050 525 484496 22724927 9062 0 365899 18293 0 0
1791140133 cpu  1650714 525 484651 22727925 9063 0 366063 18297 0 0
1791140138 cpu  1651364 525 484794 22730975 9064 0 366237 18301 0 0
1791140143 cpu  1652084 525 484955 22733921 9066 0 366394 18305 0 0
1791140148 cpu  1652708 525 485086 22736971 9068 0 366563 18308 0 0
1791140153 cpu  1653381 525 485230 22739975 9069 0 366758 18313 0 0
1791140158 cpu  1653995 525 485370 22743025 9071 0 366915 18317 0 0
1791140163 cpu  1654620 525 485532 22746055 9072 0 367082 18321 0 0
1791140168 cpu  1655240 525 485683 22749120 9073 0 367253 18325 0 0
1791140173 cpu  1655849 525 485835 22752169 9074 0 367425 18328 0 0
1791140178 cpu  1656486 525 485985 22755199 9076 0 367599 18332 0 0
1791140183 cpu  1657139 525 486131 22758204 9077 0 367761 18337 0 0
1791140188 cpu  1657777 525 486284 22761223 9080 0 367914 18341 0 0
1791140193 cpu  1658399 525 486426 22764256 9081 0 368079 18346 0 0
1791140198 cpu  1659036 525 486579 22767281 9083 0 368253 18351 0 0
1791140203 cpu  1659701 525 486738 22770273 9084 0 368415 18355 0 0
1791140208 cpu  1660356 525 486887 22773292 9086 0 368560 18360 0 0
1791140213 cpu  1660993 525 487043 22776335 9087 0 368728 18364 0 0
1791140218 cpu  1661613 525 487184 22779369 9089 0 368913 18368 0 0
1791140223 cpu  1662243 525 487332 22782417 9090 0 369070 18372 0 0
1791140228 cpu  1662855 525 487471 22785482 9091 0 369239 18376 0 0
1791140233 cpu  1663544 525 487622 22788481 9093 0 369401 18380 0 0
1791140238 cpu  1664200 525 487777 22791491 9095 0 369576 18386 0 0
1791140243 cpu  1664855 525 487925 22794511 9095 0 369753 18391 0 0
1791140248 cpu  1665512 525 488062 22797507 9097 0 369934 18396 0 0
1791140253 cpu  1666170 525 488203 22800542 9098 0 370093 18400 0 0
1791140258 cpu  1666826 525 488350 22803578 9099 0 370257 18404 0 0
1791140263 cpu  1667470 525 488502 22806604 9101 0 370428 18408 0 0
1791140268 cpu  1668102 525 488651 22809634 9102 0 370581 18412 0 0
1791140273 cpu  1668755 525 488792 22812669 9103 0 370740 18416 0 0
1791140278 cpu  1669424 525 488944 22815697 9105 0 370908 18420 0 0
1791140283 cpu  1670048 525 489103 22818739 9106 0 371073 18424 0 0
1791140288 cpu  1670670 525 489258 22821782 9107 0 371245 18427 0 0
1791140293 cpu  1671311 525 489401 22824813 9108 0 371396 18431 0 0
1791140298 cpu  1671950 525 489533 22827850 9110 0 371553 18435 0 0
1791140303 cpu  1672574 525 489691 22830889 9111 0 371712 18440 0 0
1791140308 cpu  1673210 525 489835 22833932 9113 0 371878 18444 0 0
1791140313 cpu  1673824 525 489985 22836957 9115 0 372039 18448 0 0
1791140318 cpu  1674483 525 490129 22839997 9116 0 372212 18453 0 0
1791140323 cpu  1675120 525 490271 22843012 9117 0 372372 18457 0 0
1791140328 cpu  1675787 525 490416 22846031 9119 0 372537 18461 0 0
1791140333 cpu  1676408 525 490559 22849080 9120 0 372700 18464 0 0
1791140338 cpu  1677027 525 490705 22852133 9122 0 372860 18468 0 0
1791140343 cpu  1677649 525 490856 22855178 9124 0 373022 18472 0 0
1791140348 cpu  1678280 525 491003 22858226 9125 0 373187 18476 0 0
1791140353 cpu  1678900 525 491156 22861269 9127 0 373343 18479 0 0
1791140358 cpu  1679515 525 491298 22864326 9128 0 373497 18483 0 0
1791140363 cpu  1680157 525 491439 22867368 9129 0 373661 18487 0 0
1791140368 cpu  1680791 525 491582 22870404 9131 0 373814 18490 0 0
1791140373 cpu  1681445 525 491719 22873413 9133 0 373976 18494 0 0
1791140378 cpu  1682068 525 491860 22876468 9134 0 374135 18497 0 0
1791140383 cpu  1682398 525 491954 22879985 9136 0 374175 18499 0 0
1791140388 cpu  1682513 525 492012 22883764 9136 0 374192 18500 0 0
1791140393 cpu  1682621 525 492068 22887548 9137 0 374214 18502 0 0
1791140398 cpu  1682720 525 492123 22891357 9138 0 374228 18503 0 0
