1791148808 cpu  1675427 704 90281 30444981 1374 0 150260 64610 0 0
1791148813 cpu  1675431 704 90286 30448973 1374 0 150260 64610 0 0
1791148818 cpu  1675434 704 90287 30452967 1374 0 150260 64610 0 0
1791148823 cpu  1675474 704 90308 30456897 1375 0 150271 64610 0 0
1791148828 cpu  1675475 704 90309 30460890 1375 0 150271 64610 0 0
1791148833 cpu  1675487 704 90312 30464871 1375 0 150272 64610 0 0
1791148838 cpu  1675490 704 90313 30468865 1375 0 150272 64611 0 0
1791148843 cpu  1675492 704 90314 30472859 1375 0 150272 64611 0 0
1791148848 cpu  1675496 704 90315 30476852 1375 0 150272 64611 0 0
1791148853 cpu  1675499 704 90316 30480846 1375 0 150272 64611 0 0
1791148858 cpu  1675500 704 90317 30484842 1375 0 150272 64611 0 0
1791148863 cpu  1675503 704 90319 30488834 1375 0 150272 64611 0 0
1791148868 cpu  1675506 704 90320 30492827 1375 0 150273 64611 0 0
1791148873 cpu  1675507 704 90321 30496822 1376 0 150273 64611 0 0
1791148878 cpu  1675510 704 90323 30500816 1376 0 150273 64611 0 0
1791148883 cpu  1675513 704 90324 30504810 1376 0 150274 64611 0 0
1791148888 cpu  1675515 704 90325 30508804 1376 0 150274 64611 0 0
1791148893 cpu  1675522 704 90331 30512786 1376 0 150274 64611 0 0
1791148899 cpu  1675525 704 90331 30516780 1376 0 150274 64611 0 0
1791148904 cpu  1675531 704 90333 30520773 1376 0 150274 64611 0 0
1791148909 cpu  1675536 704 90335 30524768 1376 0 150274 64611 0 0
1791148914 cpu  1675540 704 90336 30528762 1376 0 150274 64611 0 0
1791148919 cpu  1675543 704 90337 30532756 1376 0 150274 64611 0 0
1791148924 cpu  1675546 704 90338 30536749 1376 0 150274 64611 0 0
1791148929 cpu  1675547 704 90339 30540742 1376 0 150274 64611 0 0
1791148934 cpu  1675551 704 90340 30544737 1376 0 150275 64611 0 0
1791148939 cpu  1675554 704 90341 30548731 1376 0 150275 64612 0 0
1791148944 cpu  1675557 704 90343 30552725 1376 0 150275 64612 0 0
1791148949 cpu  1675561 704 90344 30556714 1376 0 150276 64612 0 0
1791148954 cpu  1675569 704 90350 30560697 1376 0 150277 64612 0 0
1791148959 cpu  1675570 704 90351 30564692 1376 0 150277 64612 0 0
1791148964 cpu  1675577 704 90353 30568683 1376 0 150278 64612 0 0
1791148969 cpu  1675579 704 90353 30572677 1376 0 150278 64612 0 0
1791148974 cpu  1675581 704 90355 30576672 1376 0 150278 64612 0 0
1791148979 cpu  1675586 704 90355 30580665 1376 0 150278 64612 0 0
1791148984 cpu  1675589 704 90356 30584658 1376 0 150278 64612 0 0
1791148989 cpu  1675594 704 90357 30588651 1377 0 150279 64612 0 0
1791148994 cpu  1675600 704 90357 30592645 1377 0 150279 64612 0 0
1791148999 cpu  1675601 704 90358 30596640 1377 0 150279 64612 0 0
1791149004 cpu  1675604 704 90359 30600633 1377 0 150279 64612 0 0
1791149009 cpu  1675608 704 90360 30604625 1377 0 150280 64612 0 0
1791149014 cpu  1675617 704 90365 30608607 1377 0 150280 64612 0 0
1791149019 cpu  1675620 704 90366 30612600 1377 0 150280 64612 0 0
1791149024 cpu  1675622 704 90366 30616592 1377 0 150280 64612 0 0
1791149029 cpu  1675625 704 90368 30620586 1377 0 150280 64612 0 0
1791149034 cpu  1675629 704 90369 30624580 1377 0 150280 64612 0 0
1791149039 cpu  1675631 704 90371 30628575 1377 0 150280 64613 0 0
1791149044 cpu  1675635 704 90373 30632566 1377 0 150280 64613 0 0
1791149049 cpu  1675637 704 90375 30636561 1377 0 150280 64613 0 0
1791149054 cpu  1675640 704 90375 30640555 1377 0 150280 64613 0 0
1791149059 cpu  1675641 704 90377 30644549 1377 0 150280 64613 0 0
1791149064 cpu  1675646 704 90382 30648534 1377 0 150282 64613 0 0
1791149069 cpu  1675651 704 90387 30652523 1377 0 150282 64613 0 0
1791149074 cpu  1675659 704 90391 30656505 1377 0 150282 64613 0 0
1791149079 cpu  1675661 704 90392 30660500 1377 0 150282 64613 0 0
1791149084 cpu  1675665 704 90393 30664492 1377 0 150282 64613 0 0
1791149089 cpu  1675667 704 90393 30668487 1378 0 150282 64613 0 0
1791149094 cpu  1675748 704 90429 30672362 1378 0 150300 64613 0 0
1791149099 cpu  1675815 704 90455 30676266 1378 0 150308 64613 0 0
1791149104 cpu  1675871 704 90487 30680172 1378 0 150322 64613 0 0
1791149109 cpu  1675954 704 90514 30684052 1378 0 150336 64614 0 0
1791149114 cpu  1677077 704 90618 30686812 1378 0 150352 64614 0 0
1791149119 cpu  1677568 704 90649 30690276 1378 0 150375 64614 0 0
1791149124 cpu  1678111 704 90681 30693674 1378 0 150408 64614 0 0
1791149129 cpu  1678684 704 90702 30697060 1378 0 150439 64615 0 0
1791149134 cpu  1679322 704 90734 30700370 1378 0 150478 64615 0 0
1791149139 cpu  1680005 704 90763 30703638 1379 0 150521 64615 0 0
1791149144 cpu  1680757 704 90784 30706827 1379 0 150563 64616 0 0
1791149149 cpu  1681531 704 90806 30709987 1379 0 150618 64616 0 0
1791149154 cpu  1682368 704 90834 30713096 1379 0 150670 64617 0 0
1791149159 cpu  1683238 704 90858 30716166 1379 0 150733 64617 0 0
1791149164 cpu  1683855 704 90881 30719472 1379 0 150776 64617 0 0
1791149169 cpu  1684323 704 90894 30722958 1379 0 150802 64618 0 0
1791149174 cpu  1684778 704 90906 30726441 1379 0 150841 64618 0 0
1791149179 cpu  1685230 704 90917 30729926 1379 0 150878 64619 0 0
1791149184 cpu  1685680 704 90930 30733414 1379 0 150919 64619 0 0
1791149189 cpu  1686117 704 90946 30736911 1379 0 150953 64620 0 0
1791149194 cpu  1686583 704 90966 30740380 1380 0 150994 64620 0 0
1791149199 cpu  1687023 704 90982 30743864 1380 0 151029 64621 0 0
1791149204 cpu  1687478 704 90997 30747344 1380 0 151069 64621 0 0
1791149209 cpu  1687924 704 91008 30750841 1380 0 151114 64622 0 0
1791149214 cpu  1688377 704 91018 30754335 1380 0 151149 64622 0 0
1791149219 cpu  1688823 704 91028 30757832 1380 0 151177 64623 0 0
1791149224 cpu  1689259 704 91038 30761331 1380 0 151217 64623 0 0
1791149229 cpu  1689690 704 91051 30764837 1380 0 151251 64623 0 0
1791149234 cpu  1690144 704 91062 30768333 1380 0 151281 64624 0 0
1791149239 cpu  1690567 704 91076 30771829 1380 0 151323 64624 0 0
1791149244 cpu  1690997 704 91091 30775339 1380 0 151356 64625 0 0
1791149249 cpu  1691426 704 91101 30778847 1380 0 151392 64625 0 0
1791149254 cpu  1691887 704 91116 30782334 1380 0 151430 64625 0 0
1791149259 cpu  1692337 704 91128 30785824 1380 0 151471 64626 0 0
1791149264 cpu  1692765 704 91141 30789312 1381 0 151505 64626 0 0
1791149269 cpu  1693205 704 91159 30792801 1381 0 151535 64627 0 0
1791149274 cpu  1693649 704 91173 30796298 1381 0 151574 64627 0 0
1791149279 cpu  1694116 704 91183 30799773 1381 0 151611 64628 0 0
1791149284 cpu  1694566 704 91196 30803256 1381 0 151647 64628 0 0
1791149289 cpu  1695020 704 91212 30806746 1381 0 151680 64629 0 0
1791149294 cpu  1695447 704 91226 30810240 1381 0 151711 64629 0 0
1791149299 cpu  1695900 704 91235 30813736 1381 0 151748 64630 0 0
1791149304 cpu  1696328 704 91243 30817231 1381 0 151787 64630 0 0
1791149309 cpu  1696752 704 91256 30820728 1382 0 151821 64630 0 0
1791149314 cpu  1697201 704 91273 30824199 1382 0 151861 64631 0 0
1791149319 cpu  1697640 704 91288 30827691 1382 0 151896 64631 0 0
1791149324 cpu  1698052 704 91299 30831193 1382 0 151923 64632 0 0
1791149329 cpu  1698493 704 91312 30834687 1382 0 151969 64632 0 0
1791149334 cpu  1698948 704 91326 30838183 1382 0 152006 64632 0 0
1791149339 cpu  1699387 704 91339 30841676 1382 0 152046 64633 0 0
1791149344 cpu  1699811 704 91352 30845172 1382 0 152084 64633 0 0
1791149349 cpu  1700234 704 91364 30848670 1382 0 152121 64634 0 0
1791149354 cpu  1700675 704 91376 30852159 1382 0 152161 64634 0 0
1791149359 cpu  1701109 704 91389 30855658 1382 0 152200 64635 0 0
1791149364 cpu  1701519 704 91402 30859169 1382 0 152238 64635 0 0
1791149369 cpu  1701932 704 91411 30862670 1383 0 152278 64635 0 0
1791149374 cpu  1702362 704 91433 30866160 1383 0 152325 64636 0 0
1791149379 cpu  1702790 704 91444 30869669 1383 0 152360 64636 0 0
1791149384 cpu  1703210 704 91458 30873177 1383 0 152401 64636 0 0
1791149389 cpu  1703629 704 91466 30876688 1383 0 152445 64637 0 0
1791149394 cpu  1704043 704 91479 30880203 1383 0 152479 64637 0 0
1791149399 cpu  1704468 704 91492 30883708 1383 0 152517 64638 0 0
1791149404 cpu  1704902 704 91502 30887218 1383 0 152543 64638 0 0
1791149409 cpu  1705308 704 91515 30890732 1383 0 152585 64638 0 0
1791149414 cpu  1705712 704 91532 30894239 1383 0 152619 64639 0 0
1791149419 cpu  1706131 704 91544 30897740 1383 0 152659 64639 0 0
1791149424 cpu  1706559 704 91555 30901247 1383 0 152703 64640 0 0
1791149429 cpu  1706969 704 91566 30904746 1383 0 152730 64640 0 0
1791149434 cpu  1707387 704 91586 30908244 1383 0 152764 64640 0 0
1791149439 cpu  1707811 704 91597 30911750 1383 0 152802 64641 0 0
1791149444 cpu  1708234 704 91608 30915249 1383 0 152835 64641 0 0
1791149449 cpu  1708661 704 91618 30918740 1384 0 152870 64642 0 0
1791149454 cpu  1709106 704 91631 30922221 1384 0 152909 64642 0 0
1791149459 cpu  1709536 704 91647 30925706 1384 0 152944 64643 0 0
1791149464 cpu  1709965 704 91656 30929205 1384 0 152980 64643 0 0
1791149469 cpu  1710394 704 91665 30932708 1384 0 153021 64644 0 0
1791149474 cpu  1710837 704 91675 30936191 1384 0 153046 64644 0 0
1791149479 cpu  1711288 704 91689 30939667 1384 0 153076 64645 0 0
1791149484 cpu  1711692 704 91703 30943158 1384 0 153115 64646 0 0
1791149489 cpu  1712123 704 91715 30946638 1384 0 153150 64646 0 0
1791149494 cpu  1712556 704 91729 30950118 1384 0 153185 64647 0 0
1791149499 cpu  1712981 704 91742 30953605 1384 0 153222 64648 0 0
1791149504 cpu  1713398 704 91753 30957097 1384 0 153257 64648 0 0
1791149509 cpu  1713822 704 91770 30960581 1384 0 153295 64649 0 0
1791149514 cpu  1714256 704 91784 30964067 1384 0 153325 64649 0 0
1791149519 cpu  1714684 704 91799 30967562 1384 0 153358 64650 0 0
1791149524 cpu  1715120 704 91812 30971047 1384 0 153399 64650 0 0
1791149529 cpu  1715543 704 91822 30974524 1384 0 153441 64651 0 0
1791149534 cpu  1715969 704 91834 30978010 1384 0 153475 64651 0 0
1791149539 cpu  1716390 704 91850 30981488 1384 0 153515 64652 0 0
1791149544 cpu  1716835 704 91860 30984959 1384 0 153552 64653 0 0
1791149549 cpu  1717271 704 91871 30988438 1384 0 153581 64653 0 0
1791149554 cpu  1717736 704 91888 30991900 1384 0 153627 64654 0 0
1791149559 cpu  1718189 704 91898 30995376 1384 0 153666 64655 0 0
1791149564 cpu  1718605 704 91914 30998859 1384 0 153700 64656 0 0
1791149569 cpu  1719040 704 91926 31002346 1384 0 153726 64656 0 0
1791149574 cpu  1719467 704 91944 31005829 1385 0 153763 64657 0 0
1791149579 cpu  1719890 704 91956 31009309 1385 0 153797 64657 0 0
1791149584 cpu  1720347 704 91968 31012788 1385 0 153835 64658 0 0
1791149589 cpu  1720785 704 91985 31016273 1385 0 153867 64659 0 0
1791149594 cpu  1721238 704 91998 31019750 1385 0 153898 64659 0 0
1791149599 cpu  1721675 704 92016 31023230 1385 0 153941 64660 0 0
1791149604 cpu  1722113 704 92026 31026724 1385 0 153984 64660 0 0
1791149609 cpu  1722549 704 92040 31030209 1385 0 154025 64661 0 0
1791149614 cpu  1722978 704 92059 31033684 1385 0 154058 64661 0 0
1791149619 cpu  1723405 704 92072 31037173 1385 0 154094 64662 0 0
1791149624 cpu  1723835 704 92085 31040659 1385 0 154131 64662 0 0
1791149629 cpu  1724271 704 92100 31044140 1385 0 154174 64663 0 0
1791149634 cpu  1724711 704 92114 31047622 1385 0 154219 64664 0 0
1791149639 cpu  1725155 704 92128 31051094 1385 0 154258 64664 0 0
1791149644 cpu  1725612 704 92142 31054565 1385 0 154283 64665 0 0
1791149649 cpu  1726068 704 92155 31058041 1385 0 154322 64666 0 0
1791149654 cpu  1726508 704 92167 31061512 1385 0 154360 64666 0 0
1791149659 cpu  1726955 704 92182 31064981 1385 0 154407 64667 0 0
1791149664 cpu  1727398 704 92198 31068466 1385 0 154448 64668 0 0
1791149669 cpu  1727841 704 92219 31071934 1385 0 154488 64669 0 0
1791149674 cpu  1728280 704 92234 31075402 1385 0 154521 64669 0 0
1791149679 cpu  1728716 704 92246 31078887 1386 0 154568 64670 0 0
1791149684 cpu  1729144 704 92264 31082370 1386 0 154604 64670 0 0
1791149689 cpu  1729589 704 92275 31085852 1386 0 154633 64671 0 0
1791149694 cpu  1730023 704 92287 31089339 1386 0 154683 64672 0 0
1791149699 cpu  1730456 704 92304 31092825 1386 0 154730 64673 0 0
1791149704 cpu  1730883 704 92326 31096316 1386 0 154775 64673 0 0
1791149709 cpu  1731325 704 92340 31099809 1386 0 154811 64674 0 0
1791149714 cpu  1731737 704 92350 31103312 1386 0 154840 64674 0 0
1791149719 cpu  1732168 704 92363 31106798 1386 0 154873 64675 0 0
1791149724 cpu  1732451 704 92398 31110433 1386 0 154905 64675 0 0
1791149729 cpu  1732457 704 92406 31114414 1386 0 154905 64675 0 0
1791149734 cpu  1732461 704 92407 31118407 1386 0 154905 64675 0 0
1791149739 cpu  1732463 704 92407 31122404 1386 0 154905 64675 0 0
1791149744 cpu  1732466 704 92408 31126398 1386 0 154905 64675 0 0
1791149749 cpu  1732468 704 92408 31130395 1386 0 154905 64675 0 0
1791149754 cpu  1732472 704 92408 31134389 1386 0 154905 64675 0 0
