1791148803 cpu  2130000 525 621209 28879682 10674 0 473871 23853 0 0
1791148808 cpu  2130064 525 621241 28883541 10675 0 473879 23854 0 0
1791148813 cpu  2130171 525 621293 28887327 10676 0 473904 23856 0 0
1791148818 cpu  2130299 525 621357 28891074 10677 0 473928 23858 0 0
1791148823 cpu  2130389 525 621408 28894883 10677 0 473941 23859 0 0
1791148828 cpu  2130557 525 621474 28898608 10678 0 473961 23861 0 0
1791148833 cpu  2130672 525 621544 28902372 10678 0 473981 23863 0 0
1791148838 cpu  2130843 525 621620 28906073 10679 0 474005 23864 0 0
1791148843 cpu  2131030 525 621690 28909761 10679 0 474034 23866 0 0
1791148848 cpu  2131132 525 621731 28913568 10680 0 474052 23867 0 0
1791148853 cpu  2131188 525 621766 28917429 10680 0 474060 23869 0 0
1791148858 cpu  2131245 525 621797 28921294 10681 0 474069 23871 0 0
1791148863 cpu  2131292 525 621833 28925170 10682 0 474078 23872 0 0
1791148868 cpu  2131392 525 621880 28928975 10682 0 474089 23874 0 0
1791148873 cpu  2131487 525 621930 28932773 10683 0 474112 23875 0 0
1791148878 cpu  2131621 525 622006 28936516 10684 0 474138 23878 0 0
1791148883 cpu  2131767 525 622079 28940246 10684 0 474155 23879 0 0
1791148888 cpu  2131890 525 622143 28943997 10685 0 474176 23881 0 0
1791148893 cpu  2132022 525 622199 28947748 10685 0 474196 23883 0 0
1791148898 cpu  2132161 525 622266 28951493 10686 0 474209 23884 0 0
1791148903 cpu  2132270 525 622329 28955266 10686 0 474234 23886 0 0
1791148908 cpu  2132365 525 622375 28959081 10687 0 474244 23888 0 0
1791148913 cpu  2132477 525 622437 28962848 10688 0 474261 23889 0 0
1791148918 cpu  2132622 525 622501 28966589 10690 0 474274 23891 0 0
1791148923 cpu  2132716 525 622554 28970404 10690 0 474291 23893 0 0
1791148928 cpu  2132792 525 622595 28974246 10691 0 474304 23894 0 0
1791148933 cpu  2132942 525 622659 28978002 10691 0 474327 23896 0 0
1791148938 cpu  2133075 525 622720 28981762 10691 0 474356 23898 0 0
1791148943 cpu  2133219 525 622779 28985503 10692 0 474373 23899 0 0
1791148948 cpu  2133369 525 622845 28989235 10693 0 474403 23901 0 0
1791148953 cpu  2133548 525 622924 28992927 10693 0 474438 23902 0 0
1791148958 cpu  2133721 525 623006 28996638 10694 0 474470 23904 0 0
1791148963 cpu  2133886 525 623078 29000347 10695 0 474501 23906 0 0
1791148968 cpu  2134028 525 623149 29004079 10695 0 474519 23908 0 0
1791148973 cpu  2134185 525 623213 29007806 10696 0 474545 23910 0 0
1791148978 cpu  2134353 525 623283 29011508 10697 0 474578 23911 0 0
1791148983 cpu  2134491 525 623344 29015243 10697 0 474601 23913 0 0
1791148988 cpu  2134627 525 623401 29018999 10698 0 474622 23915 0 0
1791148993 cpu  2134785 525 623464 29022720 10698 0 474652 23917 0 0
1791148998 cpu  2134970 525 623543 29026420 10699 0 474683 23918 0 0
1791149003 cpu  2135138 525 623611 29030141 10699 0 474710 23920 0 0
1791149008 cpu  2135297 525 623675 29033855 10700 0 474735 23922 0 0
1791149013 cpu  2135446 525 623738 29037588 10700 0 474757 23924 0 0
1791149018 cpu  2135597 525 623802 29041314 10701 0 474783 23926 0 0
1791149023 cpu  2135738 525 623861 29045057 10701 0 474811 23928 0 0
1791149028 cpu  2135864 525 623919 29048819 10702 0 474836 23929 0 0
1791149033 cpu  2136176 525 623985 29052363 10702 0 474889 23931 0 0
1791149038 cpu  2136586 525 624057 29055802 10703 0 474948 23934 0 0
1791149043 cpu  2137000 525 624143 29059234 10704 0 474996 23936 0 0
1791149048 cpu  2137392 525 624225 29062696 10704 0 475038 23938 0 0
1791149053 cpu  2137801 525 624316 29066119 10705 0 475089 23940 0 0
1791149058 cpu  2138183 525 624395 29069590 10705 0 475147 23943 0 0
1791149063 cpu  2138648 525 624500 29072939 10706 0 475191 23944 0 0
1791149068 cpu  2139111 525 624588 29076322 10707 0 475252 23947 0 0
1791149073 cpu  2139528 525 624674 29079758 10708 0 475308 23949 0 0
1791149078 cpu  2139977 525 624762 29083128 10708 0 475357 23951 0 0
1791149083 cpu  2140432 525 624860 29086505 10709 0 475422 23953 0 0
1791149088 cpu  2140941 525 624955 29089843 10709 0 475483 23955 0 0
1791149093 cpu  2141461 525 625035 29093165 10710 0 475530 23956 0 0
1791149098 cpu  2141980 525 625130 29096482 10711 0 475578 23958 0 0
1791149103 cpu  2142507 525 625220 29099812 10711 0 475630 23960 0 0
1791149108 cpu  2143018 525 625310 29103132 10712 0 475682 23962 0 0
1791149113 cpu  2143525 525 625399 29106438 10713 0 475744 23964 0 0
1791149118 cpu  2144091 525 625505 29109676 10714 0 475832 23966 0 0
1791149123 cpu  2144699 525 625620 29112847 10715 0 475937 23970 0 0
1791149128 cpu  2145296 525 625744 29115990 10716 0 476037 23973 0 0
1791149133 cpu  2145906 525 625881 29119108 10717 0 476164 23976 0 0
1791149138 cpu  2146528 525 626014 29122184 10718 0 476296 23979 0 0
1791149143 cpu  2147206 525 626169 29125171 10719 0 476448 23984 0 0
1791149148 cpu  2147826 525 626311 29128222 10720 0 476595 23988 0 0
1791149153 cpu  2148457 525 626468 29131247 10721 0 476764 23993 0 0
1791149158 cpu  2149078 525 626621 29134265 10722 0 476923 23997 0 0
1791149163 cpu  2149770 525 626759 29137256 10723 0 477112 24003 0 0
1791149168 cpu  2150417 525 626898 29140270 10725 0 477275 24008 0 0
1791149173 cpu  2151066 525 627042 29143289 10726 0 477448 24012 0 0
1791149178 cpu  2151734 525 627192 29146294 10727 0 477603 24017 0 0
1791149183 cpu  2152383 525 627347 29149297 10728 0 477782 24022 0 0
1791149188 cpu  2153043 525 627497 29152310 10729 0 477947 24027 0 0
1791149193 cpu  2153677 525 627645 29155338 10729 0 478117 24031 0 0
1791149198 cpu  2154364 525 627789 29158317 10731 0 478294 24036 0 0
1791149203 cpu  2155028 525 627946 29161305 10732 0 478453 24041 0 0
1791149208 cpu  2155663 525 628085 29164330 10732 0 478620 24045 0 0
1791149213 cpu  2156326 525 628231 29167351 10734 0 478785 24049 0 0
1791149218 cpu  2156977 525 628380 29170352 10735 0 478959 24054 0 0
1791149223 cpu  2157633 525 628515 29173360 10735 0 479150 24059 0 0
1791149228 cpu  2158302 525 628660 29176345 10737 0 479325 24064 0 0
1791149233 cpu  2158954 525 628807 29179343 10738 0 479518 24069 0 0
1791149238 cpu  2159570 525 628954 29182353 10738 0 479691 24074 0 0
1791149243 cpu  2160221 525 629111 29185345 10740 0 479870 24079 0 0
1791149248 cpu  2160885 525 629257 29188341 10740 0 480042 24084 0 0
1791149253 cpu  2161514 525 629400 29191368 10741 0 480212 24089 0 0
1791149258 cpu  2162162 525 629545 29194388 10742 0 480390 24093 0 0
1791149263 cpu  2162836 525 629697 29197375 10743 0 480561 24097 0 0
1791149268 cpu  2163466 525 629850 29200403 10744 0 480730 24102 0 0
1791149273 cpu  2164077 525 630002 29203440 10746 0 480898 24106 0 0
1791149278 cpu  2164723 525 630160 29206449 10747 0 481074 24111 0 0
1791149284 cpu  2165379 525 630303 29209465 10748 0 481259 24116 0 0
1791149289 cpu  2166043 525 630449 29212478 10749 0 481421 24121 0 0
1791149294 cpu  2166663 525 630583 29215516 10750 0 481596 24125 0 0
1791149299 cpu  2167311 525 630729 29218520 10752 0 481767 24129 0 0
1791149304 cpu  2167971 525 630874 29221543 10753 0 481928 24133 0 0
1791149309 cpu  2168636 525 631010 29224556 10754 0 482099 24138 0 0
1791149314 cpu  2169287 525 631154 29227581 10754 0 482268 24143 0 0
1791149319 cpu  2169950 525 631289 29230595 10755 0 482445 24147 0 0
1791149324 cpu  2170604 525 631456 29233597 10756 0 482600 24151 0 0
1791149329 cpu  2171247 525 631609 29236610 10757 0 482771 24155 0 0
1791149334 cpu  2171915 525 631759 29239620 10758 0 482946 24159 0 0
1791149339 cpu  2172593 525 631916 29242613 10759 0 483119 24164 0 0
1791149344 cpu  2173274 525 632079 29245595 10760 0 483295 24169 0 0
1791149349 cpu  2173943 525 632226 29248580 10761 0 483462 24174 0 0
1791149354 cpu  2174597 525 632378 29251584 10762 0 483638 24179 0 0
1791149359 cpu  2175252 525 632521 29254588 10763 0 483818 24184 0 0
1791149364 cpu  2175895 525 632673 29257589 10764 0 484007 24188 0 0
1791149369 cpu  2176575 525 632832 29260591 10766 0 484171 24193 0 0
1791149374 cpu  2177250 525 632963 29263606 10767 0 484343 24197 0 0
1791149379 cpu  2177927 525 633102 29266618 10768 0 484509 24202 0 0
1791149384 cpu  2178611 525 633255 29269588 10769 0 484687 24207 0 0
1791149389 cpu  2179280 525 633397 29272599 10769 0 484852 24212 0 0
1791149394 cpu  2179947 525 633560 29275596 10771 0 485025 24216 0 0
1791149399 cpu  2180608 525 633699 29278621 10772 0 485201 24221 0 0
1791149404 cpu  2181287 525 633861 29281590 10772 0 485383 24227 0 0
1791149409 cpu  2181971 525 633999 29284599 10774 0 485574 24233 0 0
1791149414 cpu  2182658 525 634147 29287575 10774 0 485738 24238 0 0
1791149419 cpu  2183305 525 634283 29290608 10775 0 485907 24244 0 0
1791149424 cpu  2183971 525 634428 29293598 10777 0 486082 24249 0 0
1791149429 cpu  2184621 525 634576 29296625 10778 0 486268 24254 0 0
1791149434 cpu  2185318 525 634735 29299592 10778 0 486432 24259 0 0
1791149439 cpu  2185985 525 634881 29302582 10780 0 486624 24264 0 0
1791149444 cpu  2186705 525 635051 29305490 10781 0 486794 24269 0 0
1791149449 cpu  2187353 525 635205 29308509 10782 0 486960 24274 0 0
1791149454 cpu  2188031 525 635356 29311481 10784 0 487137 24279 0 0
1791149459 cpu  2188697 525 635504 29314485 10785 0 487317 24284 0 0
1791149464 cpu  2189380 525 635662 29317468 10786 0 487481 24289 0 0
1791149469 cpu  2190044 525 635819 29320488 10787 0 487649 24294 0 0
1791149474 cpu  2190715 525 635964 29323464 10788 0 487824 24298 0 0
1791149479 cpu  2191373 525 636108 29326463 10788 0 488003 24304 0 0
1791149484 cpu  2192054 525 636278 29329424 10790 0 488180 24309 0 0
1791149489 cpu  2192733 525 636440 29332421 10791 0 488364 24314 0 0
1791149494 cpu  2193384 525 636585 29335416 10792 0 488537 24319 0 0
1791149499 cpu  2194016 525 636737 29338419 10793 0 488714 24323 0 0
1791149504 cpu  2194689 525 636893 29341383 10795 0 488897 24328 0 0
1791149509 cpu  2195334 525 637038 29344395 10795 0 489093 24334 0 0
1791149514 cpu  2196019 525 637206 29347370 10797 0 489265 24338 0 0
1791149519 cpu  2196653 525 637353 29350385 10798 0 489453 24343 0 0
1791149524 cpu  2197327 525 637503 29353369 10799 0 489635 24347 0 0
1791149529 cpu  2197951 525 637643 29356402 10800 0 489796 24352 0 0
1791149534 cpu  2198629 525 637799 29359389 10802 0 489960 24356 0 0
1791149539 cpu  2199289 525 637940 29362402 10802 0 490129 24361 0 0
1791149544 cpu  2199959 525 638099 29365386 10803 0 490288 24366 0 0
1791149549 cpu  2200612 525 638243 29368414 10804 0 490456 24371 0 0
1791149554 cpu  2201279 525 638398 29371402 10805 0 490626 24376 0 0
1791149559 cpu  2201928 525 638545 29374422 10806 0 490808 24380 0 0
1791149564 cpu  2202613 525 638703 29377395 10808 0 490975 24385 0 0
1791149569 cpu  2203249 525 638846 29380430 10808 0 491151 24390 0 0
1791149574 cpu  2203949 525 638998 29383397 10810 0 491310 24395 0 0
1791149579 cpu  2204588 525 639158 29386420 10811 0 491486 24400 0 0
1791149584 cpu  2205282 525 639297 29389397 10812 0 491665 24405 0 0
1791149589 cpu  2205921 525 639449 29392429 10813 0 491840 24410 0 0
1791149594 cpu  2206598 525 639595 29395422 10814 0 492024 24414 0 0
1791149599 cpu  2207211 525 639736 29398459 10815 0 492199 24419 0 0
1791149604 cpu  2207901 525 639889 29401441 10817 0 492367 24424 0 0
1791149609 cpu  2208563 525 640027 29404469 10818 0 492543 24430 0 0
1791149614 cpu  2209220 525 640185 29407463 10819 0 492729 24434 0 0
1791149619 cpu  2209852 525 640347 29410487 10820 0 492922 24439 0 0
1791149624 cpu  2210518 525 640500 29413467 10821 0 493096 24443 0 0
1791149629 cpu  2211146 525 640639 29416503 10822 0 493270 24448 0 0
1791149634 cpu  2211840 525 640792 29419466 10823 0 493435 24453 0 0
1791149639 cpu  2212481 525 640955 29422475 10824 0 493630 24460 0 0
1791149644 cpu  2213129 525 641094 29425480 10825 0 493806 24464 0 0
1791149649 cpu  2213786 525 641234 29428506 10826 0 493977 24469 0 0
1791149654 cpu  2214457 525 641377 29431488 10827 0 494173 24475 0 0
1791149659 cpu  2215091 525 641525 29434517 10828 0 494344 24480 0 0
1791149664 cpu  2215788 525 641679 29437485 10829 0 494523 24485 0 0
1791149669 cpu  2216419 525 641841 29440494 10830 0 494718 24490 0 0
1791149674 cpu  2217104 525 642021 29443456 10831 0 494889 24495 0 0
1791149679 cpu  2217798 525 642166 29446437 10832 0 495088 24501 0 0
1791149684 cpu  2218474 525 642329 29449402 10833 0 495277 24505 0 0
1791149689 cpu  2219123 525 642476 29452417 10834 0 495456 24510 0 0
1791149694 cpu  2219776 525 642639 29455400 10835 0 495629 24514 0 0
1791149699 cpu  2220447 525 642790 29458420 10836 0 495797 24519 0 0
1791149704 cpu  2221136 525 642948 29461394 10837 0 495966 24525 0 0
1791149709 cpu  2221780 525 643096 29464410 10839 0 496148 24529 0 0
1791149714 cpu  2222436 525 643243 29467401 10840 0 496314 24533 0 0
1791149719 cpu  2223093 525 643382 29470426 10841 0 496489 24537 0 0
1791149724 cpu  2223790 525 643542 29473427 10842 0 496620 24540 0 0
1791149729 cpu  2223910 525 643602 29477197 10843 0 496643 24542 0 0
1791149734 cpu  2224045 525 643662 29480955 10844 0 496673 24544 0 0
1791149739 cpu  2224131 525 643713 29484758 10845 0 496690 24546 0 0
