1791148806 cpu  10313007 512 2823506 49404944 8131 0 961799 39850 0 0
1791148811 cpu  10313136 512 2823595 49412633 8132 0 961821 39854 0 0
1791148816 cpu  10313269 512 2823705 49420271 8132 0 961846 39859 0 0
1791148821 cpu  10313412 512 2823806 49427938 8133 0 961869 39863 0 0
1791148826 cpu  10313555 512 2823921 49435558 8133 0 961891 39867 0 0
1791148831 cpu  10313691 512 2824007 49443248 8133 0 961909 39871 0 0
1791148836 cpu  10313835 512 2824121 49450874 8134 0 961924 39876 0 0
1791148841 cpu  10313977 512 2824210 49458572 8134 0 961940 39879 0 0
1791148846 cpu  10314139 512 2824312 49466205 8134 0 961966 39884 0 0
1791148851 cpu  10314283 512 2824400 49473887 8134 0 961978 39887 0 0
1791148856 cpu  10314437 512 2824505 49481516 8134 0 961996 39891 0 0
1791148861 cpu  10314541 512 2824594 49489232 8134 0 962012 39895 0 0
1791148866 cpu  10314705 512 2824695 49496838 8134 0 962033 39900 0 0
1791148871 cpu  10314809 512 2824773 49504557 8135 0 962045 39903 0 0
1791148876 cpu  10314962 512 2824870 49512202 8135 0 962065 39907 0 0
1791148881 cpu  10315100 512 2824967 49519864 8135 0 962085 39911 0 0
1791148886 cpu  10315254 512 2825082 49527468 8135 0 962114 39917 0 0
1791148891 cpu  10315375 512 2825171 49535166 8136 0 962132 39921 0 0
1791148896 cpu  10315526 512 2825281 49542787 8136 0 962155 39926 0 0
1791148901 cpu  10315641 512 2825359 49550493 8136 0 962171 39930 0 0
1791148906 cpu  10315793 512 2825468 49558127 8137 0 962191 39934 0 0
1791148911 cpu  10315910 512 2825563 49565817 8137 0 962209 39937 0 0
1791148916 cpu  10316067 512 2825668 49573443 8138 0 962225 39941 0 0
1791148921 cpu  10316182 512 2825765 49581149 8138 0 962246 39945 0 0
1791148926 cpu  10316336 512 2825878 49588777 8138 0 962268 39949 0 0
1791148931 cpu  10316450 512 2825969 49596490 8139 0 962287 39952 0 0
1791148936 cpu  10316597 512 2826066 49604137 8139 0 962306 39955 0 0
1791148941 cpu  10316707 512 2826155 49611831 8139 0 962317 39958 0 0
1791148946 cpu  10316866 512 2826262 49619469 8139 0 962332 39962 0 0
1791148951 cpu  10316967 512 2826346 49627164 8140 0 962349 39966 0 0
1791148956 cpu  10317126 512 2826448 49634819 8140 0 962370 39970 0 0
1791148961 cpu  10317235 512 2826545 49642519 8140 0 962386 39973 0 0
1791148966 cpu  10317385 512 2826651 49650185 8141 0 962407 39977 0 0
1791148971 cpu  10317513 512 2826743 49657861 8141 0 962424 39980 0 0
1791148976 cpu  10317669 512 2826843 49665504 8141 0 962444 39985 0 0
1791148981 cpu  10317768 512 2826926 49673211 8142 0 962459 39988 0 0
1791148986 cpu  10317925 512 2827027 49680856 8142 0 962482 39992 0 0
1791148991 cpu  10318039 512 2827115 49688550 8142 0 962502 39995 0 0
1791148996 cpu  10318160 512 2827211 49696240 8142 0 962522 39999 0 0
1791149001 cpu  10318291 512 2827312 49703887 8143 0 962535 40002 0 0
1791149006 cpu  10318416 512 2827418 49711554 8143 0 962554 40006 0 0
1791149011 cpu  10318545 512 2827517 49719231 8144 0 962570 40009 0 0
1791149016 cpu  10318689 512 2827605 49726897 8144 0 962584 40014 0 0
1791149021 cpu  10318818 512 2827698 49734579 8145 0 962607 40017 0 0
1791149026 cpu  10318955 512 2827780 49742265 8145 0 962625 40020 0 0
1791149031 cpu  10319129 512 2827871 49749890 8145 0 962653 40023 0 0
1791149036 cpu  10319286 512 2827980 49757486 8146 0 962703 40027 0 0
1791149041 cpu  10319454 512 2828080 49765089 8146 0 962745 40031 0 0
1791149046 cpu  10319647 512 2828192 49772666 8146 0 962793 40035 0 0
1791149051 cpu  10319833 512 2828293 49780243 8147 0 962839 40039 0 0
1791149056 cpu  10320003 512 2828396 49787838 8147 0 962877 40042 0 0
1791149061 cpu  10320208 512 2828537 49795359 8147 0 962926 40047 0 0
1791149066 cpu  10320396 512 2828656 49802916 8147 0 962980 40051 0 0
1791149071 cpu  10320578 512 2828791 49810453 8148 0 963025 40055 0 0
1791149076 cpu  10320759 512 2828909 49818019 8148 0 963068 40060 0 0
1791149081 cpu  10320974 512 2829035 49825544 8149 0 963125 40064 0 0
1791149086 cpu  10321158 512 2829148 49833126 8149 0 963167 40069 0 0
1791149091 cpu  10321354 512 2829272 49840661 8149 0 963213 40074 0 0
1791149096 cpu  10321551 512 2829389 49848215 8149 0 963268 40079 0 0
1791149101 cpu  10321740 512 2829497 49855766 8150 0 963318 40083 0 0
1791149106 cpu  10321939 512 2829616 49863303 8150 0 963368 40088 0 0
1791149111 cpu  10322133 512 2829743 49870806 8150 0 963432 40093 0 0
1791149116 cpu  10322819 512 2830001 49877603 8151 0 963592 40101 0 0
1791149121 cpu  10324116 512 2830396 49883503 8151 0 963829 40111 0 0
1791149126 cpu  10325954 512 2830974 49888611 8151 0 964112 40122 0 0
1791149131 cpu  10328257 512 2831667 49893032 8151 0 964411 40130 0 0
1791149136 cpu  10331066 512 2832463 49896838 8152 0 964732 40138 0 0
1791149141 cpu  10334235 512 2833350 49900176 8152 0 965071 40144 0 0
1791149146 cpu  10337870 512 2834217 49903039 8152 0 965437 40150 0 0
1791149151 cpu  10341863 512 2835186 49905437 8152 0 965809 40155 0 0
1791149156 cpu  10345992 512 2836164 49907692 8152 0 966184 40160 0 0
1791149161 cpu  10350384 512 2837153 49909694 8153 0 966531 40164 0 0
1791149166 cpu  10354728 512 2838155 49911651 8153 0 966908 40169 0 0
1791149171 cpu  10359132 512 2839150 49913584 8153 0 967277 40173 0 0
1791149176 cpu  10363493 512 2840123 49915565 8154 0 967634 40177 0 0
1791149181 cpu  10367856 512 2841129 49917542 8154 0 968000 40180 0 0
1791149186 cpu  10372214 512 2842147 49919481 8155 0 968391 40185 0 0
1791149191 cpu  10376542 512 2843134 49921509 8155 0 968760 40189 0 0
1791149196 cpu  10380898 512 2844104 49923522 8156 0 969139 40192 0 0
1791149201 cpu  10385222 512 2845057 49925516 8156 0 969518 40196 0 0
1791149206 cpu  10389605 512 2846058 49927474 8156 0 969884 40199 0 0
1791149211 cpu  10393945 512 2847059 49929441 8157 0 970275 40203 0 0
1791149216 cpu  10398334 512 2848057 49931408 8157 0 970652 40208 0 0
1791149221 cpu  10402655 512 2849075 49933393 8157 0 971026 40212 0 0
1791149226 cpu  10407025 512 2850050 49935397 8157 0 971395 40215 0 0
1791149231 cpu  10411372 512 2851046 49937372 8158 0 971762 40219 0 0
1791149236 cpu  10415734 512 2852014 49939331 8159 0 972151 40223 0 0
1791149241 cpu  10420033 512 2853006 49941365 8159 0 972532 40227 0 0
1791149246 cpu  10424354 512 2853980 49943378 8159 0 972924 40231 0 0
1791149251 cpu  10428671 512 2855014 49945402 8160 0 973291 40235 0 0
1791149256 cpu  10433091 512 2856042 49947297 8160 0 973681 40239 0 0
1791149261 cpu  10437442 512 2857019 49949280 8161 0 974091 40242 0 0
1791149266 cpu  10441815 512 2858018 49951201 8161 0 974482 40247 0 0
1791149271 cpu  10446213 512 2859003 49953145 8161 0 974867 40251 0 0
1791149276 cpu  10450566 512 2859986 49955137 8161 0 975232 40256 0 0
1791149281 cpu  10454930 512 2861008 49957116 8161 0 975614 40259 0 0
1791149286 cpu  10459299 512 2862017 49959079 8161 0 975989 40263 0 0
1791149291 cpu  10463693 512 2862971 49961047 8162 0 976384 40266 0 0
1791149296 cpu  10468097 512 2863947 49962996 8162 0 976763 40271 0 0
1791149301 cpu  10472439 512 2864933 49964943 8162 0 977145 40274 0 0
1791149306 cpu  10476792 512 2865921 49966936 8163 0 977512 40278 0 0
1791149311 cpu  10481065 512 2866880 49968990 8164 0 977889 40282 0 0
1791149316 cpu  10485373 512 2867893 49970999 8164 0 978275 40285 0 0
1791149321 cpu  10489682 512 2868862 49973039 8164 0 978632 40289 0 0
1791149326 cpu  10493976 512 2869851 49975065 8164 0 979037 40292 0 0
1791149331 cpu  10498331 512 2870849 49977068 8165 0 979421 40297 0 0
1791149336 cpu  10502668 512 2871796 49979107 8165 0 979808 40303 0 0
1791149341 cpu  10506950 512 2872781 49981149 8165 0 980177 40307 0 0
1791149346 cpu  10511277 512 2873752 49983173 8165 0 980553 40310 0 0
1791149351 cpu  10515556 512 2874723 49985242 8167 0 980928 40313 0 0
1791149356 cpu  10519853 512 2875724 49987288 8167 0 981303 40316 0 0
1791149361 cpu  10524135 512 2876723 49989359 8167 0 981677 40320 0 0
1791149366 cpu  10528407 512 2877684 49991382 8167 0 982070 40325 0 0
1791149371 cpu  10532652 512 2878685 49993424 8169 0 982454 40328 0 0
1791149376 cpu  10536996 512 2879691 49995418 8169 0 982829 40331 0 0
1791149381 cpu  10541274 512 2880675 49997465 8169 0 983215 40334 0 0
1791149386 cpu  10545621 512 2881648 49999481 8169 0 983575 40337 0 0
1791149391 cpu  10549911 512 2882647 50001508 8170 0 983961 40341 0 0
1791149396 cpu  10554181 512 2883640 50003525 8170 0 984327 40346 0 0
1791149401 cpu  10558480 512 2884646 50005563 8170 0 984705 40350 0 0
1791149406 cpu  10562850 512 2885661 50007524 8170 0 985084 40354 0 0
1791149411 cpu  10567138 512 2886630 50009545 8170 0 985459 40359 0 0
1791149416 cpu  10571478 512 2887623 50011546 8171 0 985810 40364 0 0
1791149421 cpu  10575805 512 2888587 50013565 8171 0 986184 40367 0 0
1791149426 cpu  10580124 512 2889601 50015554 8172 0 986558 40373 0 0
1791149431 cpu  10584389 512 2890605 50017638 8172 0 986939 40376 0 0
1791149436 cpu  10588735 512 2891597 50019628 8174 0 987326 40380 0 0
1791149441 cpu  10593081 512 2892604 50021625 8174 0 987700 40384 0 0
1791149446 cpu  10597432 512 2893588 50023631 8174 0 988076 40387 0 0
1791149451 cpu  10601662 512 2894604 50025698 8174 0 988455 40390 0 0
1791149456 cpu  10605957 512 2895639 50027736 8175 0 988819 40395 0 0
1791149461 cpu  10610235 512 2896659 50029772 8175 0 989197 40399 0 0
1791149466 cpu  10614606 512 2897641 50031747 8176 0 989595 40402 0 0
1791149471 cpu  10618919 512 2898598 50033771 8176 0 989973 40406 0 0
1791149476 cpu  10623273 512 2899578 50035768 8176 0 990357 40409 0 0
1791149481 cpu  10627578 512 2900557 50037806 8177 0 990727 40413 0 0
1791149486 cpu  10631903 512 2901534 50039806 8177 0 991114 40417 0 0
1791149491 cpu  10636191 512 2902527 50041853 8177 0 991508 40422 0 0
1791149496 cpu  10640574 512 2903506 50043839 8177 0 991880 40425 0 0
1791149501 cpu  10644864 512 2904467 50045874 8178 0 992277 40428 0 0
1791149506 cpu  10649192 512 2905464 50047838 8178 0 992653 40432 0 0
1791149511 cpu  10653508 512 2906464 50049858 8178 0 993032 40435 0 0
1791149516 cpu  10657796 512 2907446 50051911 8178 0 993416 40440 0 0
1791149521 cpu  10662065 512 2908447 50054003 8180 0 993790 40443 0 0
1791149526 cpu  10666395 512 2909430 50055990 8180 0 994191 40447 0 0
1791149531 cpu  10670741 512 2910455 50057992 8180 0 994574 40451 0 0
1791149536 cpu  10675046 512 2911461 50060022 8180 0 994944 40454 0 0
1791149541 cpu  10679266 512 2912450 50062061 8181 0 995348 40458 0 0
1791149546 cpu  10683626 512 2913449 50064046 8181 0 995719 40463 0 0
1791149551 cpu  10687878 512 2914442 50066101 8181 0 996094 40467 0 0
1791149556 cpu  10692332 512 2915397 50068039 8181 0 996473 40471 0 0
1791149561 cpu  10696610 512 2916402 50070078 8186 0 996862 40475 0 0
1791149566 cpu  10700873 512 2917423 50072067 8186 0 997258 40478 0 0
1791149571 cpu  10705171 512 2918409 50074119 8186 0 997633 40481 0 0
1791149576 cpu  10709523 512 2919419 50076092 8186 0 998008 40486 0 0
1791149581 cpu  10713843 512 2920393 50078128 8186 0 998383 40490 0 0
1791149586 cpu  10718205 512 2921394 50080069 8187 0 998759 40494 0 0
1791149591 cpu  10722525 512 2922368 50082075 8187 0 999158 40498 0 0
1791149596 cpu  10726895 512 2923372 50084043 8188 0 999526 40501 0 0
1791149601 cpu  10731212 512 2924391 50086046 8188 0 999927 40505 0 0
1791149606 cpu  10735572 512 2925389 50088018 8189 0 1000302 40510 0 0
1791149612 cpu  10739893 512 2926366 50090052 8189 0 1000670 40514 0 0
1791149617 cpu  10744297 512 2927332 50092008 8189 0 1001041 40518 0 0
1791149622 cpu  10748633 512 2928338 50093956 8190 0 1001427 40524 0 0
1791149627 cpu  10753050 512 2929346 50095863 8190 0 1001810 40528 0 0
1791149632 cpu  10757495 512 2930336 50097743 8190 0 1002180 40532 0 0
1791149637 cpu  10761959 512 2931316 50099615 8190 0 1002546 40539 0 0
1791149642 cpu  10766431 512 2932326 50101515 8191 0 1002919 40545 0 0
1791149647 cpu  10770969 512 2933315 50103335 8191 0 1003287 40550 0 0
1791149652 cpu  10775445 512 2934315 50105165 8192 0 1003667 40557 0 0
1791149657 cpu  10780008 512 2935327 50106922 8192 0 1004043 40564 0 0
1791149662 cpu  10784469 512 2936306 50108787 8192 0 1004434 40569 0 0
1791149667 cpu  10788982 512 2937309 50110589 8193 0 1004815 40576 0 0
1791149672 cpu  10793490 512 2938296 50112420 8193 0 1005202 40584 0 0
1791149677 cpu  10797922 512 2939334 50114272 8193 0 1005593 40590 0 0
1791149682 cpu  10802326 512 2940338 50116196 8194 0 1005978 40596 0 0
1791149687 cpu  10806752 512 2941323 50118066 8195 0 1006373 40601 0 0
1791149692 cpu  10811137 512 2942299 50119987 8195 0 1006766 40606 0 0
1791149697 cpu  10815436 512 2943306 50121954 8195 0 1007155 40612 0 0
1791149702 cpu  10819833 512 2944311 50123889 8196 0 1007511 40617 0 0
1791149707 cpu  10824272 512 2945337 50125752 8196 0 1007890 40623 0 0
1791149712 cpu  10828655 512 2946322 50127697 8196 0 1008305 40628 0 0
1791149717 cpu  10833018 512 2947300 50129626 8196 0 1008684 40633 0 0
1791149722 cpu  10837405 512 2948304 50131584 8196 0 1009052 40637 0 0
1791149727 cpu  10837853 512 2948498 50138731 8198 0 1009130 40644 0 0
1791149732 cpu  10837982 512 2948591 50146388 8198 0 1009154 40649 0 0
1791149737 cpu  10838119 512 2948692 50154028 8198 0 1009182 40655 0 0
1791149742 cpu  10838248 512 2948794 50161688 8203 0 1009203 40660 0 0
1791149747 cpu  10838375 512 2948891 50169360 8203 0 1009220 40664 0 0
