1791137677 cpu  7261313 512 2014100 36108265 7184 0 678445 30820 0 0
1791137682 cpu  7261447 512 2014187 36115955 7185 0 678466 30825 0 0
1791137687 cpu  7261614 512 2014302 36123533 7185 0 678490 30831 0 0
1791137692 cpu  7261727 512 2014388 36131217 7186 0 678510 30836 0 0
1791137697 cpu  7261877 512 2014479 36138850 7186 0 678533 30842 0 0
1791137702 cpu  7262001 512 2014565 36146542 7186 0 678552 30846 0 0
1791137707 cpu  7262155 512 2014665 36154170 7187 0 678572 30851 0 0
1791137712 cpu  7262266 512 2014737 36161885 7187 0 678587 30855 0 0
1791137717 cpu  7262413 512 2014839 36169515 7188 0 678609 30859 0 0
1791137722 cpu  7262553 512 2014918 36177189 7188 0 678627 30864 0 0
1791137727 cpu  7262728 512 2015033 36184780 7189 0 678656 30870 0 0
1791137732 cpu  7262845 512 2015124 36192477 7189 0 678667 30874 0 0
1791137737 cpu  7262988 512 2015229 36200126 7189 0 678688 30878 0 0
1791137742 cpu  7263106 512 2015314 36207833 7189 0 678702 30881 0 0
1791137747 cpu  7263282 512 2015424 36215452 7190 0 678733 30886 0 0
1791137752 cpu  7263393 512 2015515 36223148 7190 0 678750 30889 0 0
1791137757 cpu  7263531 512 2015623 36230781 7190 0 678778 30894 0 0
1791137762 cpu  7263676 512 2015709 36238456 7190 0 678796 30899 0 0
1791137767 cpu  7263827 512 2015817 36246081 7190 0 678827 30905 0 0
1791137772 cpu  7263941 512 2015894 36253789 7190 0 678841 30909 0 0
1791137777 cpu  7264114 512 2016005 36261405 7190 0 678859 30914 0 0
1791137782 cpu  7264237 512 2016093 36269099 7190 0 678875 30918 0 0
1791137787 cpu  7264392 512 2016207 36276708 7191 0 678896 30923 0 0
1791137792 cpu  7264499 512 2016292 36284414 7191 0 678912 30927 0 0
1791137797 cpu  7264646 512 2016390 36292056 7191 0 678932 30931 0 0
1791137802 cpu  7264756 512 2016477 36299775 7192 0 678949 30934 0 0
1791137807 cpu  7264904 512 2016570 36307412 7192 0 678966 30938 0 0
1791137812 cpu  7265033 512 2016660 36315095 7193 0 678981 30942 0 0
1791137817 cpu  7265167 512 2016773 36322737 7193 0 679002 30947 0 0
1791137822 cpu  7265291 512 2016848 36330445 7193 0 679021 30950 0 0
1791137827 cpu  7265445 512 2016965 36338075 7193 0 679044 30954 0 0
1791137832 cpu  7265558 512 2017039 36345801 7194 0 679057 30958 0 0
1791137837 cpu  7265704 512 2017146 36353426 7194 0 679077 30962 0 0
1791137842 cpu  7265831 512 2017228 36361122 7194 0 679089 30966 0 0
1791137847 cpu  7266001 512 2017344 36368721 7194 0 679113 30972 0 0
1791137852 cpu  7266118 512 2017424 36376421 7194 0 679126 30977 0 0
1791137857 cpu  7266268 512 2017527 36384055 7194 0 679145 30983 0 0
1791137862 cpu  7266392 512 2017603 36391763 7194 0 679158 30987 0 0
1791137867 cpu  7266518 512 2017716 36399397 7194 0 679178 30991 0 0
1791137872 cpu  7266632 512 2017797 36407109 7195 0 679200 30995 0 0
1791137877 cpu  7266790 512 2017903 36414734 7195 0 679223 31000 0 0
1791137882 cpu  7266903 512 2017981 36422446 7195 0 679235 31003 0 0
1791137887 cpu  7267066 512 2018087 36430087 7195 0 679257 31008 0 0
1791137892 cpu  7267179 512 2018162 36437801 7195 0 679277 31011 0 0
1791137897 cpu  7267343 512 2018267 36445427 7195 0 679299 31016 0 0
1791137902 cpu  7267481 512 2018358 36453105 7195 0 679319 31020 0 0
1791137907 cpu  7267679 512 2018500 36460630 7196 0 679371 31025 0 0
1791137912 cpu  7267848 512 2018600 36468240 7196 0 679420 31030 0 0
1791137917 cpu  7268025 512 2018719 36475788 7196 0 679473 31035 0 0
1791137922 cpu  7268178 512 2018833 36483403 7196 0 679509 31041 0 0
1791137927 cpu  7268396 512 2018964 36490906 7196 0 679561 31047 0 0
1791137932 cpu  7268573 512 2019070 36498492 7196 0 679603 31052 0 0
1791137937 cpu  7268786 512 2019204 36506000 7197 0 679656 31058 0 0
1791137942 cpu  7268953 512 2019313 36513594 7197 0 679698 31064 0 0
1791137947 cpu  7269158 512 2019430 36521110 7197 0 679751 31069 0 0
1791137952 cpu  7269338 512 2019532 36528719 7197 0 679789 31074 0 0
1791137957 cpu  7269560 512 2019645 36536238 7197 0 679834 31079 0 0
1791137962 cpu  7269744 512 2019757 36543825 7197 0 679874 31084 0 0
1791137967 cpu  7269978 512 2019889 36551317 7197 0 679931 31089 0 0
1791137972 cpu  7270147 512 2019988 36558901 7197 0 679983 31094 0 0
1791137977 cpu  7270367 512 2020113 36566417 7198 0 680036 31100 0 0
1791137982 cpu  7270543 512 2020215 36573994 7198 0 680073 31105 0 0
1791137987 cpu  7271159 512 2020428 36580960 7198 0 680169 31112 0 0
1791137992 cpu  7273721 512 2021062 36585314 7199 0 680394 31120 0 0
1791137997 cpu  7277626 512 2021919 36587901 7199 0 680734 31130 0 0
1791138002 cpu  7281633 512 2022763 36590411 7199 0 681064 31137 0 0
1791138007 cpu  7285670 512 2023632 36592886 7199 0 681399 31144 0 0
1791138012 cpu  7289637 512 2024489 36595446 7199 0 681715 31150 0 0
1791138017 cpu  7293630 512 2025320 36597963 7200 0 682054 31158 0 0
1791138022 cpu  7297616 512 2026162 36600529 7203 0 682361 31164 0 0
1791138027 cpu  7301540 512 2027027 36603074 7204 0 682694 31171 0 0
1791138032 cpu  7305449 512 2027867 36605644 7204 0 683029 31177 0 0
1791138037 cpu  7309441 512 2028738 36608149 7204 0 683369 31183 0 0
1791138042 cpu  7313433 512 2029559 36610708 7204 0 683693 31190 0 0
1791138047 cpu  7317388 512 2030442 36613239 7205 0 684018 31196 0 0
1791138052 cpu  7321343 512 2031250 36615764 7205 0 684356 31201 0 0
1791138057 cpu  7325312 512 2032101 36618349 7205 0 684686 31208 0 0
1791138062 cpu  7329241 512 2032951 36620916 7208 0 684991 31215 0 0
1791138067 cpu  7333150 512 2033803 36623526 7208 0 685321 31220 0 0
1791138072 cpu  7337078 512 2034649 36626114 7208 0 685648 31227 0 0
1791138077 cpu  7341002 512 2035469 36628700 7208 0 685984 31233 0 0
1791138082 cpu  7344928 512 2036317 36631262 7209 0 686324 31239 0 0
1791138087 cpu  7348856 512 2037166 36633812 7209 0 686656 31245 0 0
1791138092 cpu  7352740 512 2038028 36636398 7209 0 686989 31251 0 0
1791138097 cpu  7356701 512 2038869 36638940 7209 0 687315 31259 0 0
1791138102 cpu  7360645 512 2039724 36641512 7210 0 687635 31266 0 0
1791138107 cpu  7364561 512 2040567 36644086 7210 0 687965 31273 0 0
1791138112 cpu  7368525 512 2041427 36646621 7211 0 688290 31279 0 0
1791138117 cpu  7372427 512 2042250 36649261 7211 0 688613 31286 0 0
1791138122 cpu  7376371 512 2043095 36651847 7212 0 688955 31293 0 0
1791138127 cpu  7380322 512 2043922 36654435 7212 0 689287 31298 0 0
1791138132 cpu  7384237 512 2044753 36657099 7212 0 689621 31304 0 0
1791138137 cpu  7388147 512 2045608 36659740 7212 0 689950 31310 0 0
1791138142 cpu  7392062 512 2046431 36662354 7214 0 690289 31322 0 0
1791138147 cpu  7396026 512 2047254 36664985 7214 0 690594 31330 0 0
1791138152 cpu  7399903 512 2048057 36667612 7214 0 690930 31336 0 0
1791138157 cpu  7403853 512 2048897 36670163 7214 0 691253 31343 0 0
1791138162 cpu  7407696 512 2049730 36672840 7216 0 691583 31348 0 0
1791138167 cpu  7411541 512 2050554 36675509 7216 0 691918 31352 0 0
1791138172 cpu  7415448 512 2051416 36678127 7216 0 692243 31358 0 0
1791138177 cpu  7419384 512 2052245 36680656 7216 0 692589 31365 0 0
1791138182 cpu  7423295 512 2053091 36683214 7218 0 692936 31370 0 0
1791138187 cpu  7427214 512 2053907 36685830 7218 0 693266 31376 0 0
1791138192 cpu  7431107 512 2054756 36688447 7218 0 693612 31381 0 0
1791138197 cpu  7434971 512 2055598 36691073 7218 0 693955 31386 0 0
1791138202 cpu  7438933 512 2056440 36693638 7220 0 694298 31390 0 0
1791138207 cpu  7442820 512 2057254 36696257 7220 0 694641 31396 0 0
1791138212 cpu  7446733 512 2058124 36698854 7221 0 694974 31402 0 0
1791138217 cpu  7450692 512 2058962 36701455 7221 0 695301 31407 0 0
1791138222 cpu  7454597 512 2059809 36704051 7223 0 695630 31413 0 0
1791138227 cpu  7458527 512 2060709 36706631 7223 0 695969 31418 0 0
1791138232 cpu  7462518 512 2061553 36709163 7223 0 696290 31424 0 0
1791138237 cpu  7466446 512 2062382 36711727 7223 0 696631 31431 0 0
1791138242 cpu  7470373 512 2063256 36714294 7224 0 696972 31437 0 0
1791138247 cpu  7474320 512 2064073 36716870 7224 0 697294 31442 0 0
1791138252 cpu  7478223 512 2064881 36719510 7224 0 697620 31447 0 0
1791138257 cpu  7482170 512 2065717 36722091 7224 0 697956 31452 0 0
1791138262 cpu  7486107 512 2066542 36724703 7224 0 698288 31457 0 0
1791138267 cpu  7490053 512 2067407 36727238 7225 0 698617 31464 0 0
1791138272 cpu  7494049 512 2068240 36729763 7226 0 698968 31470 0 0
1791138277 cpu  7498058 512 2069088 36732280 7226 0 699303 31479 0 0
1791138282 cpu  7502026 512 2069933 36734787 7226 0 699626 31486 0 0
1791138287 cpu  7506078 512 2070794 36737277 7226 0 699960 31493 0 0
1791138292 cpu  7510059 512 2071575 36739793 7227 0 700331 31501 0 0
1791138297 cpu  7514092 512 2072434 36742269 7228 0 700661 31508 0 0
1791138302 cpu  7518191 512 2073248 36744734 7228 0 700991 31515 0 0
1791138307 cpu  7522202 512 2074050 36747280 7228 0 701325 31521 0 0
1791138312 cpu  7526192 512 2074916 36749865 7228 0 701648 31527 0 0
1791138318 cpu  7530078 512 2075764 36752504 7229 0 701976 31532 0 0
1791138323 cpu  7533973 512 2076578 36755151 7229 0 702306 31538 0 0
1791138328 cpu  7537869 512 2077439 36757776 7229 0 702640 31545 0 0
1791138333 cpu  7541828 512 2078285 36760351 7229 0 702990 31551 0 0
1791138338 cpu  7545782 512 2079136 36762890 7230 0 703308 31557 0 0
1791138343 cpu  7549756 512 2079984 36765371 7230 0 703658 31564 0 0
1791138348 cpu  7553696 512 2080846 36767910 7230 0 703991 31570 0 0
1791138353 cpu  7557677 512 2081688 36770467 7230 0 704336 31576 0 0
1791138358 cpu  7561581 512 2082527 36773123 7230 0 704663 31581 0 0
1791138363 cpu  7565487 512 2083360 36775740 7233 0 704996 31587 0 0
1791138368 cpu  7569318 512 2084162 36778483 7233 0 705317 31592 0 0
1791138373 cpu  7573148 512 2084969 36781179 7233 0 705660 31597 0 0
1791138378 cpu  7577021 512 2085785 36783851 7234 0 705998 31602 0 0
1791138383 cpu  7580919 512 2086630 36786440 7234 0 706330 31607 0 0
1791138388 cpu  7584818 512 2087437 36789066 7234 0 706669 31613 0 0
1791138393 cpu  7588720 512 2088263 36791708 7234 0 706992 31618 0 0
1791138398 cpu  7592657 512 2089117 36794251 7234 0 707343 31625 0 0
1791138403 cpu  7596634 512 2089940 36796797 7237 0 707678 31631 0 0
1791138408 cpu  7600549 512 2090775 36799364 7237 0 707999 31637 0 0
1791138413 cpu  7604446 512 2091614 36801956 7237 0 708357 31642 0 0
1791138418 cpu  7608398 512 2092445 36804561 7237 0 708688 31648 0 0
1791138423 cpu  7612254 512 2093264 36807217 7237 0 709029 31654 0 0
1791138428 cpu  7616111 512 2094147 36809849 7238 0 709351 31659 0 0
1791138433 cpu  7619998 512 2094988 36812488 7238 0 709690 31664 0 0
1791138438 cpu  7623881 512 2095800 36815139 7238 0 710005 31670 0 0
1791138443 cpu  7627824 512 2096645 36817746 7238 0 710354 31675 0 0
1791138448 cpu  7631736 512 2097464 36820350 7239 0 710707 31682 0 0
1791138453 cpu  7635729 512 2098280 36822928 7239 0 711047 31687 0 0
1791138458 cpu  7639598 512 2099115 36825616 7239 0 711377 31693 0 0
1791138463 cpu  7643571 512 2099934 36828153 7239 0 711706 31700 0 0
1791138468 cpu  7647552 512 2100766 36830661 7241 0 712053 31706 0 0
1791138473 cpu  7651526 512 2101613 36833228 7241 0 712380 31712 0 0
1791138478 cpu  7655358 512 2102475 36835897 7242 0 712714 31719 0 0
1791138483 cpu  7659280 512 2103333 36838501 7242 0 713054 31724 0 0
1791138488 cpu  7663126 512 2104144 36841219 7242 0 713371 31730 0 0
1791138493 cpu  7667039 512 2104953 36843877 7243 0 713711 31734 0 0
1791138498 cpu  7670876 512 2105797 36846563 7243 0 714029 31739 0 0
1791138503 cpu  7674709 512 2106609 36849271 7243 0 714370 31744 0 0
1791138508 cpu  7678658 512 2107452 36851852 7243 0 714707 31749 0 0
1791138513 cpu  7682547 512 2108297 36854490 7244 0 715042 31755 0 0
1791138518 cpu  7686428 512 2109135 36857128 7244 0 715371 31761 0 0
1791138523 cpu  7690315 512 2109954 36859775 7244 0 715718 31767 0 0
1791138528 cpu  7694217 512 2110813 36862346 7245 0 716080 31773 0 0
1791138533 cpu  7698065 512 2111658 36864975 7245 0 716415 31779 0 0
1791138538 cpu  7701926 512 2112469 36867652 7246 0 716738 31786 0 0
1791138543 cpu  7705776 512 2113269 36870399 7247 0 717094 31791 0 0
1791138548 cpu  7709727 512 2114151 36872954 7247 0 717445 31797 0 0
1791138553 cpu  7713563 512 2114941 36875644 7247 0 717778 31802 0 0
1791138558 cpu  7717473 512 2115750 36878273 7247 0 718106 31807 0 0
1791138563 cpu  7721340 512 2116585 36880949 7247 0 718416 31813 0 0
1791138568 cpu  7725200 512 2117406 36883608 7248 0 718744 31818 0 0
1791138573 cpu  7729039 512 2118226 36886302 7248 0 719069 31823 0 0
1791138578 cpu  7732935 512 2119057 36888928 7249 0 719397 31829 0 0
1791138583 cpu  7736861 512 2119845 36891555 7249 0 719749 31834 0 0
1791138588 cpu  7740758 512 2120689 36894214 7249 0 720065 31840 0 0
1791138593 cpu  7744626 512 2121510 36896878 7249 0 720404 31847 0 0
1791138598 cpu  7747337 512 2122098 36901102 7251 0 720667 31854 0 0
1791138603 cpu  7747474 512 2122196 36908771 7251 0 720694 31858 0 0
1791138608 cpu  7747634 512 2122305 36916398 7252 0 720720 31863 0 0
1791138613 cpu  7747765 512 2122380 36924111 7252 0 720731 31867 0 0
1791138618 cpu  7747912 512 2122489 36931742 7252 0 720753 31871 0 0
1791138623 cpu  7748026 512 2122573 36939426 7253 0 720768 31875 0 0
