1791137680 cpu  1234004 704 69812 22060564 1133 0 112388 42909 0 0
1791137685 cpu  1234008 704 69817 22064555 1133 0 112389 42910 0 0
1791137690 cpu  1234010 704 69818 22068549 1133 0 112389 42910 0 0
1791137695 cpu  1234056 704 69838 22072475 1133 0 112397 42911 0 0
1791137700 cpu  1234060 704 69840 22076469 1133 0 112397 42911 0 0
1791137705 cpu  1234063 704 69842 22080461 1133 0 112397 42912 0 0
1791137710 cpu  1234066 704 69842 22084456 1133 0 112397 42912 0 0
1791137715 cpu  1234068 704 69842 22088452 1133 0 112397 42912 0 0
1791137720 cpu  1234071 704 69843 22092445 1133 0 112397 42913 0 0
1791137725 cpu  1234074 704 69843 22096442 1133 0 112397 42913 0 0
1791137730 cpu  1234082 704 69850 22100421 1133 0 112399 42913 0 0
1791137735 cpu  1234083 704 69852 22104415 1133 0 112399 42914 0 0
1791137740 cpu  1234085 704 69853 22108411 1133 0 112399 42914 0 0
1791137745 cpu  1234087 704 69855 22112405 1133 0 112399 42914 0 0
1791137750 cpu  1234088 704 69856 22116401 1133 0 112399 42915 0 0
1791137755 cpu  1234088 704 69857 22120398 1133 0 112399 42915 0 0
1791137760 cpu  1234090 704 69858 22124394 1133 0 112400 42915 0 0
1791137765 cpu  1234092 704 69859 22128387 1133 0 112400 42915 0 0
1791137770 cpu  1234093 704 69860 22132383 1133 0 112400 42915 0 0
1791137775 cpu  1234094 704 69861 22136379 1133 0 112400 42916 0 0
1791137780 cpu  1234096 704 69861 22140375 1133 0 112400 42916 0 0
1791137785 cpu  1234097 704 69862 22144371 1133 0 112400 42916 0 0
1791137790 cpu  1234105 704 69868 22148350 1133 0 112400 42917 0 0
1791137795 cpu  1234108 704 69868 22152344 1133 0 112400 42917 0 0
1791137800 cpu  1234110 704 69868 22156339 1133 0 112400 42918 0 0
1791137805 cpu  1234111 704 69871 22160332 1134 0 112400 42918 0 0
1791137810 cpu  1234112 704 69872 22164328 1134 0 112401 42918 0 0
1791137815 cpu  1234114 704 69872 22168323 1134 0 112402 42918 0 0
1791137820 cpu  1234116 704 69873 22172319 1134 0 112402 42918 0 0
1791137825 cpu  1234119 704 69877 22176304 1134 0 112403 42919 0 0
1791137830 cpu  1234121 704 69879 22180297 1134 0 112403 42919 0 0
1791137835 cpu  1234123 704 69879 22184292 1134 0 112403 42920 0 0
1791137840 cpu  1234124 704 69880 22188288 1134 0 112403 42920 0 0
1791137845 cpu  1234126 704 69880 22192283 1134 0 112404 42920 0 0
1791137850 cpu  1234133 704 69886 22196261 1134 0 112404 42920 0 0
1791137855 cpu  1234136 704 69886 22200255 1134 0 112404 42921 0 0
1791137860 cpu  1234136 704 69888 22204250 1134 0 112404 42921 0 0
1791137865 cpu  1234138 704 69888 22208243 1134 0 112404 42922 0 0
1791137870 cpu  1234140 704 69889 22212239 1134 0 112404 42922 0 0
1791137875 cpu  1234141 704 69890 22216234 1134 0 112405 42922 0 0
1791137880 cpu  1234143 704 69890 22220228 1134 0 112406 42923 0 0
1791137885 cpu  1234148 704 69891 22224220 1134 0 112406 42924 0 0
1791137890 cpu  1234149 704 69891 22228215 1134 0 112406 42924 0 0
1791137895 cpu  1234152 704 69892 22232210 1134 0 112406 42925 0 0
1791137900 cpu  1234154 704 69892 22236205 1134 0 112406 42926 0 0
1791137905 cpu  1234157 704 69893 22240201 1134 0 112406 42927 0 0
1791137910 cpu  1234168 704 69899 22244176 1135 0 112406 42929 0 0
1791137915 cpu  1234171 704 69900 22248168 1135 0 112407 42931 0 0
1791137920 cpu  1234173 704 69900 22252163 1135 0 112407 42932 0 0
1791137925 cpu  1234175 704 69902 22256155 1135 0 112407 42933 0 0
1791137930 cpu  1234178 704 69902 22260150 1135 0 112407 42934 0 0
1791137935 cpu  1234180 704 69904 22264145 1135 0 112407 42935 0 0
1791137940 cpu  1234182 704 69904 22268140 1135 0 112407 42936 0 0
1791137945 cpu  1234187 704 69906 22272127 1135 0 112407 42937 0 0
1791137950 cpu  1234190 704 69907 22276121 1135 0 112407 42938 0 0
1791137955 cpu  1234192 704 69908 22280115 1135 0 112407 42939 0 0
1791137960 cpu  1234194 704 69909 22284108 1135 0 112407 42940 0 0
1791137965 cpu  1234250 704 69933 22288022 1135 0 112420 42942 0 0
1791137970 cpu  1234353 704 69988 22291841 1135 0 112433 42947 0 0
1791137975 cpu  1234425 704 70020 22295726 1136 0 112445 42952 0 0
1791137980 cpu  1234520 704 70066 22299565 1136 0 112460 42963 0 0
1791137985 cpu  1235865 704 70236 22301741 1136 0 112468 43280 0 0
1791137990 cpu  1236731 704 70273 22304523 1137 0 112506 43608 0 0
1791137995 cpu  1238068 704 70359 22306708 1139 0 112567 44005 0 0
1791138000 cpu  1238786 704 70380 22309826 1140 0 112609 44130 0 0
1791138005 cpu  1239444 704 70402 22313010 1140 0 112648 44257 0 0
1791138010 cpu  1240088 704 70425 22316261 1140 0 112690 44327 0 0
1791138015 cpu  1240769 704 70446 22319475 1140 0 112747 44401 0 0
1791138020 cpu  1241411 704 70465 22322753 1141 0 112789 44439 0 0
1791138025 cpu  1242001 704 70486 22326090 1141 0 112842 44459 0 0
1791138030 cpu  1242593 704 70512 22329410 1141 0 112897 44485 0 0
1791138035 cpu  1243203 704 70530 22332743 1141 0 112949 44507 0 0
1791138040 cpu  1243742 704 70548 22336142 1141 0 112991 44519 0 0
1791138045 cpu  1244274 704 70564 22339550 1141 0 113046 44529 0 0
1791138050 cpu  1244822 704 70580 22342933 1141 0 113088 44548 0 0
1791138055 cpu  1245391 704 70597 22346309 1142 0 113129 44567 0 0
1791138060 cpu  1245969 704 70619 22349668 1142 0 113174 44589 0 0
1791138065 cpu  1246542 704 70637 22353034 1142 0 113223 44613 0 0
1791138070 cpu  1247052 704 70658 22356477 1142 0 113270 44619 0 0
1791138075 cpu  1247539 704 70672 22359935 1142 0 113304 44623 0 0
1791138080 cpu  1248035 704 70687 22363392 1142 0 113342 44628 0 0
1791138085 cpu  1248509 704 70708 22366852 1142 0 113385 44632 0 0
1791138090 cpu  1249031 704 70727 22370280 1142 0 113419 44637 0 0
1791138095 cpu  1249529 704 70741 22373736 1143 0 113463 44642 0 0
1791138100 cpu  1250023 704 70757 22377196 1143 0 113512 44646 0 0
1791138105 cpu  1250519 704 70770 22380638 1143 0 113544 44651 0 0
1791138110 cpu  1251149 704 70786 22383914 1143 0 113593 44728 0 0
1791138115 cpu  1251759 704 70807 22387212 1143 0 113645 44772 0 0
1791138120 cpu  1252334 704 70821 22390561 1143 0 113687 44801 0 0
1791138125 cpu  1252928 704 70837 22393885 1143 0 113727 44846 0 0
1791138130 cpu  1253538 704 70855 22397208 1143 0 113771 44879 0 0
1791138135 cpu  1254107 704 70872 22400577 1143 0 113814 44897 0 0
1791138140 cpu  1254618 704 70885 22404007 1143 0 113845 44906 0 0
1791138145 cpu  1255113 704 70903 22407462 1143 0 113881 44911 0 0
1791138150 cpu  1255657 704 70932 22410859 1143 0 113920 44920 0 0
1791138155 cpu  1256192 704 70947 22414266 1143 0 113965 44931 0 0
1791138160 cpu  1256734 704 70964 22417682 1143 0 114002 44940 0 0
1791138165 cpu  1257238 704 70978 22421128 1143 0 114049 44945 0 0
1791138170 cpu  1257759 704 70993 22424565 1143 0 114085 44955 0 0
1791138175 cpu  1258282 704 71013 22427991 1143 0 114136 44961 0 0
1791138180 cpu  1258800 704 71028 22431412 1143 0 114168 44970 0 0
1791138185 cpu  1259349 704 71045 22434791 1143 0 114221 44992 0 0
1791138190 cpu  1259952 704 71061 22438119 1143 0 114268 45029 0 0
1791138195 cpu  1260462 704 71079 22441538 1143 0 114310 45039 0 0
1791138200 cpu  1260994 704 71094 22444973 1143 0 114350 45046 0 0
1791138205 cpu  1261549 704 71109 22448362 1144 0 114406 45059 0 0
1791138210 cpu  1262149 704 71135 22451649 1144 0 114447 45108 0 0
1791138215 cpu  1262828 704 71154 22454841 1144 0 114481 45187 0 0
1791138220 cpu  1263461 704 71177 22458122 1144 0 114525 45231 0 0
1791138225 cpu  1264086 704 71196 22461424 1144 0 114576 45259 0 0
1791138230 cpu  1264719 704 71221 22464678 1144 0 114620 45342 0 0
1791138235 cpu  1265328 704 71240 22467996 1144 0 114660 45365 0 0
1791138240 cpu  1265937 704 71259 22471315 1144 0 114707 45389 0 0
1791138245 cpu  1266541 704 71280 22474618 1145 0 114757 45432 0 0
1791138250 cpu  1267130 704 71295 22477967 1145 0 114807 45453 0 0
1791138255 cpu  1267707 704 71317 22481331 1145 0 114850 45470 0 0
1791138260 cpu  1268278 704 71334 22484700 1145 0 114888 45487 0 0
1791138265 cpu  1268876 704 71355 22488045 1146 0 114940 45505 0 0
1791138270 cpu  1269474 704 71376 22491375 1146 0 114977 45528 0 0
1791138275 cpu  1270029 704 71395 22494740 1146 0 115020 45540 0 0
1791138280 cpu  1270609 704 71411 22498102 1146 0 115054 45566 0 0
1791138285 cpu  1271190 704 71429 22501449 1146 0 115100 45587 0 0
1791138290 cpu  1271824 704 71448 22504731 1146 0 115148 45636 0 0
1791138295 cpu  1272431 704 71469 22508034 1146 0 115192 45673 0 0
1791138300 cpu  1273039 704 71491 22511348 1146 0 115231 45696 0 0
1791138305 cpu  1273657 704 71506 22514656 1147 0 115278 45734 0 0
1791138310 cpu  1274289 704 71523 22517950 1147 0 115321 45768 0 0
1791138315 cpu  1274896 704 71539 22521280 1147 0 115368 45792 0 0
1791138320 cpu  1275456 704 71556 22524657 1147 0 115408 45809 0 0
1791138325 cpu  1276068 704 71574 22527985 1147 0 115451 45834 0 0
1791138330 cpu  1276709 704 71598 22531251 1148 0 115494 45882 0 0
1791138335 cpu  1277273 704 71615 22534617 1148 0 115543 45898 0 0
1791138340 cpu  1277851 704 71636 22537979 1148 0 115582 45916 0 0
1791138345 cpu  1278418 704 71652 22541345 1148 0 115628 45931 0 0
1791138350 cpu  1279018 704 71674 22544659 1148 0 115673 45957 0 0
1791138355 cpu  1279592 704 71691 22548014 1149 0 115719 45977 0 0
1791138360 cpu  1280217 704 71712 22551322 1149 0 115763 46009 0 0
1791138365 cpu  1280883 704 71727 22554569 1149 0 115818 46063 0 0
1791138370 cpu  1281508 704 71752 22557839 1149 0 115862 46121 0 0
1791138375 cpu  1282156 704 71771 22561124 1150 0 115911 46152 0 0
1791138380 cpu  1282778 704 71785 22564406 1150 0 115953 46193 0 0
1791138385 cpu  1283441 704 71803 22567648 1151 0 116001 46248 0 0
1791138390 cpu  1284082 704 71827 22570908 1151 0 116044 46282 0 0
1791138395 cpu  1284704 704 71844 22574202 1151 0 116083 46315 0 0
1791138400 cpu  1285330 704 71858 22577498 1151 0 116133 46347 0 0
1791138405 cpu  1285961 704 71881 22580773 1151 0 116182 46393 0 0
1791138410 cpu  1286632 704 71901 22583974 1151 0 116231 46495 0 0
1791138415 cpu  1287257 704 71921 22587272 1151 0 116277 46521 0 0
1791138420 cpu  1287890 704 71941 22590538 1151 0 116323 46586 0 0
1791138425 cpu  1288558 704 71961 22593792 1152 0 116375 46642 0 0
1791138430 cpu  1289244 704 71978 22596990 1152 0 116432 46727 0 0
1791138435 cpu  1289899 704 71998 22600255 1152 0 116486 46781 0 0
1791138441 cpu  1290547 704 72021 22603517 1153 0 116532 46833 0 0
1791138446 cpu  1291190 704 72041 22606772 1153 0 116584 46886 0 0
1791138451 cpu  1291763 704 72067 22610116 1153 0 116636 46903 0 0
1791138456 cpu  1292361 704 72084 22613450 1153 0 116687 46926 0 0
1791138461 cpu  1293011 704 72103 22616721 1153 0 116733 46972 0 0
1791138466 cpu  1293645 704 72124 22620004 1153 0 116770 47010 0 0
1791138471 cpu  1294219 704 72144 22623351 1153 0 116808 47041 0 0
1791138476 cpu  1294792 704 72162 22626701 1154 0 116861 47062 0 0
1791138481 cpu  1295386 704 72182 22630039 1154 0 116909 47086 0 0
1791138486 cpu  1296053 704 72204 22633273 1154 0 116952 47152 0 0
1791138491 cpu  1296695 704 72222 22636520 1154 0 116994 47219 0 0
1791138496 cpu  1297325 704 72248 22639815 1154 0 117035 47253 0 0
1791138501 cpu  1297890 704 72268 22643172 1154 0 117078 47274 0 0
1791138506 cpu  1298533 704 72282 22646445 1154 0 117131 47315 0 0
1791138511 cpu  1299204 704 72305 22649676 1154 0 117187 47368 0 0
1791138516 cpu  1299827 704 72327 22652969 1155 0 117231 47402 0 0
1791138521 cpu  1300460 704 72346 22656242 1155 0 117282 47440 0 0
1791138526 cpu  1301063 704 72368 22659556 1155 0 117340 47472 0 0
1791138531 cpu  1301672 704 72393 22662856 1156 0 117388 47514 0 0
1791138536 cpu  1302264 704 72409 22666183 1156 0 117434 47538 0 0
1791138541 cpu  1302858 704 72431 22669500 1156 0 117483 47576 0 0
1791138546 cpu  1303477 704 72454 22672782 1156 0 117535 47627 0 0
1791138551 cpu  1304091 704 72475 22676091 1156 0 117589 47657 0 0
1791138556 cpu  1304707 704 72493 22679413 1156 0 117624 47685 0 0
1791138561 cpu  1305329 704 72512 22682732 1157 0 117666 47712 0 0
1791138566 cpu  1305895 704 72529 22686089 1157 0 117700 47728 0 0
1791138571 cpu  1306492 704 72553 22689410 1157 0 117746 47749 0 0
1791138576 cpu  1307043 704 72569 22692792 1157 0 117785 47762 0 0
1791138581 cpu  1307637 704 72581 22696108 1158 0 117836 47795 0 0
1791138586 cpu  1308213 704 72599 22699460 1158 0 117894 47813 0 0
1791138591 cpu  1308844 704 72618 22702737 1158 0 117949 47857 0 0
1791138596 cpu  1309570 704 72665 22705880 1158 0 118011 47922 0 0
1791138601 cpu  1309620 704 72693 22709793 1158 0 118016 47929 0 0
1791138606 cpu  1309624 704 72695 22713782 1158 0 118017 47930 0 0
1791138611 cpu  1309626 704 72697 22717777 1158 0 118018 47931 0 0
1791138616 cpu  1309628 704 72697 22721772 1159 0 118018 47931 0 0
1791138621 cpu  1309629 704 72699 22725764 1159 0 118019 47932 0 0
1791138626 cpu  1309630 704 72699 22729760 1159 0 118019 47932 0 0
