1791137674 cpu  1498920 525 442461 21005623 8506 0 331628 17132 0 0
1791137679 cpu  1498989 525 442504 21009457 8507 0 331634 17133 0 0
1791137684 cpu  1499106 525 442550 21013235 8508 0 331657 17135 0 0
1791137689 cpu  1499258 525 442610 21016969 8509 0 331674 17136 0 0
1791137694 cpu  1499350 525 442663 21020788 8510 0 331694 17137 0 0
1791137699 cpu  1499483 525 442733 21024529 8511 0 331711 17139 0 0
1791137704 cpu  1499618 525 442798 21028294 8511 0 331733 17140 0 0
1791137709 cpu  1499769 525 442870 21032014 8513 0 331760 17142 0 0
1791137714 cpu  1499904 525 442942 21035751 8514 0 331788 17143 0 0
1791137719 cpu  1500043 525 442999 21039505 8514 0 331799 17145 0 0
1791137724 cpu  1500105 525 443030 21043375 8515 0 331809 17146 0 0
1791137729 cpu  1500167 525 443058 21047234 8516 0 331819 17148 0 0
1791137734 cpu  1500215 525 443097 21051100 8517 0 331830 17149 0 0
1791137739 cpu  1500385 525 443146 21054829 8518 0 331847 17150 0 0
1791137744 cpu  1500472 525 443196 21058652 8519 0 331855 17151 0 0
1791137749 cpu  1500627 525 443267 21062368 8519 0 331880 17152 0 0
1791137754 cpu  1500755 525 443329 21066120 8520 0 331908 17154 0 0
1791137759 cpu  1500902 525 443401 21069858 8521 0 331927 17155 0 0
1791137764 cpu  1501025 525 443461 21073618 8522 0 331941 17157 0 0
1791137769 cpu  1501164 525 443539 21077354 8524 0 331971 17158 0 0
1791137774 cpu  1501263 525 443592 21081179 8525 0 331986 17159 0 0
1791137779 cpu  1501390 525 443656 21084942 8525 0 332003 17160 0 0
1791137784 cpu  1501498 525 443716 21088722 8527 0 332018 17162 0 0
1791137789 cpu  1501650 525 443780 21092456 8528 0 332035 17163 0 0
1791137794 cpu  1501751 525 443831 21096273 8529 0 332048 17164 0 0
1791137799 cpu  1501838 525 443872 21100093 8531 0 332063 17165 0 0
1791137804 cpu  1501963 525 443930 21103856 8532 0 332077 17167 0 0
1791137809 cpu  1502099 525 443994 21107605 8532 0 332099 17168 0 0
1791137814 cpu  1502215 525 444042 21111389 8533 0 332113 17170 0 0
1791137819 cpu  1502407 525 444113 21115070 8534 0 332139 17171 0 0
1791137824 cpu  1502567 525 444174 21118803 8535 0 332173 17173 0 0
1791137829 cpu  1502735 525 444241 21122499 8536 0 332200 17174 0 0
1791137834 cpu  1502893 525 444305 21126223 8537 0 332221 17176 0 0
1791137839 cpu  1503080 525 444381 21129904 8537 0 332242 17178 0 0
1791137844 cpu  1503229 525 444449 21133629 8539 0 332262 17180 0 0
1791137849 cpu  1503393 525 444518 21137338 8541 0 332286 17182 0 0
1791137855 cpu  1503564 525 444598 21141044 8542 0 332312 17183 0 0
1791137860 cpu  1503712 525 444668 21144776 8542 0 332336 17185 0 0
1791137865 cpu  1503860 525 444739 21148504 8543 0 332358 17187 0 0
1791137870 cpu  1504012 525 444813 21152226 8544 0 332377 17188 0 0
1791137875 cpu  1504178 525 444877 21155930 8545 0 332404 17190 0 0
1791137880 cpu  1504340 525 444954 21159637 8546 0 332431 17191 0 0
1791137885 cpu  1504489 525 445013 21163367 8546 0 332450 17193 0 0
1791137890 cpu  1504649 525 445093 21167076 8547 0 332468 17194 0 0
1791137895 cpu  1504779 525 445153 21170838 8548 0 332486 17196 0 0
1791137900 cpu  1504899 525 445205 21174620 8549 0 332503 17197 0 0
1791137905 cpu  1505157 525 445268 21178244 8550 0 332542 17199 0 0
1791137910 cpu  1505551 525 445368 21181683 8551 0 332597 17200 0 0
1791137915 cpu  1505953 525 445457 21185123 8552 0 332653 17202 0 0
1791137920 cpu  1506401 525 445549 21188521 8554 0 332706 17203 0 0
1791137925 cpu  1506781 525 445613 21192001 8554 0 332751 17205 0 0
1791137930 cpu  1507185 525 445694 21195457 8555 0 332798 17207 0 0
1791137935 cpu  1507642 525 445796 21198832 8557 0 332843 17209 0 0
1791137940 cpu  1508042 525 445887 21202256 8558 0 332890 17211 0 0
1791137945 cpu  1508476 525 445987 21205648 8558 0 332941 17213 0 0
1791137950 cpu  1508930 525 446097 21209023 8559 0 332984 17215 0 0
1791137955 cpu  1509337 525 446185 21212448 8560 0 333040 17217 0 0
1791137960 cpu  1509812 525 446294 21215796 8561 0 333094 17219 0 0
1791137965 cpu  1510324 525 446393 21219123 8562 0 333133 17221 0 0
1791137970 cpu  1510845 525 446482 21222418 8564 0 333179 17223 0 0
1791137975 cpu  1511348 525 446563 21225759 8564 0 333218 17225 0 0
1791137980 cpu  1511871 525 446663 21229065 8565 0 333262 17227 0 0
1791137985 cpu  1512360 525 446750 21232412 8567 0 333308 17228 0 0
1791137990 cpu  1512938 525 446855 21235630 8567 0 333380 17230 0 0
1791137995 cpu  1513546 525 446993 21238705 8569 0 333509 17233 0 0
1791138000 cpu  1514209 525 447140 21241724 8570 0 333647 17236 0 0
1791138005 cpu  1514827 525 447277 21244784 8572 0 333776 17239 0 0
1791138010 cpu  1515438 525 447427 21247804 8573 0 333916 17243 0 0
1791138015 cpu  1516062 525 447560 21250855 8575 0 334054 17246 0 0
1791138020 cpu  1516696 525 447692 21253895 8576 0 334185 17249 0 0
1791138025 cpu  1517336 525 447829 21256944 8577 0 334331 17252 0 0
1791138030 cpu  1517964 525 447961 21259989 8579 0 334488 17255 0 0
1791138035 cpu  1518625 525 448098 21263017 8580 0 334647 17258 0 0
1791138040 cpu  1519313 525 448248 21265969 8583 0 334802 17262 0 0
1791138045 cpu  1519933 525 448377 21268994 8585 0 334956 17267 0 0
1791138050 cpu  1520548 525 448526 21272021 8586 0 335131 17271 0 0
1791138055 cpu  1521204 525 448670 21275035 8588 0 335307 17275 0 0
1791138060 cpu  1521831 525 448816 21278058 8590 0 335461 17279 0 0
1791138065 cpu  1522460 525 448949 21281100 8591 0 335607 17282 0 0
1791138070 cpu  1523128 525 449094 21284114 8592 0 335771 17286 0 0
1791138075 cpu  1523756 525 449241 21287151 8594 0 335934 17289 0 0
1791138080 cpu  1524388 525 449384 21290157 8595 0 336090 17293 0 0
1791138085 cpu  1525057 525 449511 21293176 8597 0 336248 17296 0 0
1791138090 cpu  1525672 525 449658 21296216 8597 0 336408 17299 0 0
1791138095 cpu  1526305 525 449794 21299273 8599 0 336572 17303 0 0
1791138100 cpu  1526961 525 449934 21302285 8600 0 336720 17306 0 0
1791138105 cpu  1527605 525 450067 21305327 8601 0 336884 17310 0 0
1791138110 cpu  1528239 525 450216 21308355 8602 0 337039 17314 0 0
1791138115 cpu  1528890 525 450364 21311390 8604 0 337197 17318 0 0
1791138120 cpu  1529539 525 450495 21314421 8606 0 337352 17322 0 0
1791138125 cpu  1530166 525 450630 21317463 8607 0 337503 17327 0 0
1791138130 cpu  1530826 525 450787 21320451 8608 0 337667 17331 0 0
1791138135 cpu  1531484 525 450916 21323483 8610 0 337827 17335 0 0
1791138140 cpu  1532124 525 451068 21326484 8611 0 337981 17339 0 0
1791138145 cpu  1532754 525 451209 21329505 8612 0 338151 17344 0 0
1791138150 cpu  1533388 525 451358 21332533 8614 0 338313 17347 0 0
1791138155 cpu  1534020 525 451502 21335576 8615 0 338458 17351 0 0
1791138160 cpu  1534686 525 451654 21338563 8617 0 338613 17355 0 0
1791138165 cpu  1535314 525 451801 21341606 8619 0 338770 17359 0 0
1791138170 cpu  1535983 525 451942 21344629 8620 0 338928 17362 0 0
1791138175 cpu  1536653 525 452070 21347644 8622 0 339089 17367 0 0
1791138180 cpu  1537301 525 452209 21350667 8623 0 339256 17370 0 0
1791138185 cpu  1537941 525 452338 21353713 8625 0 339397 17374 0 0
1791138190 cpu  1538611 525 452475 21356728 8626 0 339539 17378 0 0
1791138195 cpu  1539256 525 452617 21359758 8628 0 339699 17382 0 0
1791138200 cpu  1539883 525 452765 21362779 8629 0 339855 17385 0 0
1791138205 cpu  1540537 525 452902 21365816 8631 0 340021 17389 0 0
1791138210 cpu  1541181 525 453044 21368845 8632 0 340176 17393 0 0
1791138215 cpu  1541812 525 453182 21371902 8633 0 340351 17396 0 0
1791138220 cpu  1542486 525 453335 21374874 8635 0 340498 17400 0 0
1791138225 cpu  1543115 525 453473 21377914 8637 0 340656 17405 0 0
1791138230 cpu  1543738 525 453609 21380953 8638 0 340839 17408 0 0
1791138235 cpu  1544374 525 453747 21383989 8640 0 341004 17412 0 0
1791138240 cpu  1544991 525 453891 21387026 8641 0 341166 17417 0 0
1791138245 cpu  1545636 525 454043 21390061 8643 0 341329 17423 0 0
1791138250 cpu  1546262 525 454187 21393091 8644 0 341484 17427 0 0
1791138255 cpu  1546920 525 454325 21396135 8646 0 341651 17431 0 0
1791138260 cpu  1547547 525 454466 21399161 8647 0 341826 17435 0 0
1791138265 cpu  1548217 525 454607 21402167 8648 0 341984 17439 0 0
1791138270 cpu  1548846 525 454761 21405204 8650 0 342130 17444 0 0
1791138275 cpu  1549481 525 454890 21408257 8651 0 342290 17448 0 0
1791138280 cpu  1550118 525 455029 21411292 8653 0 342449 17453 0 0
1791138285 cpu  1550740 525 455174 21414320 8654 0 342604 17457 0 0
1791138290 cpu  1551387 525 455316 21417377 8655 0 342762 17461 0 0
1791138295 cpu  1552029 525 455462 21420385 8656 0 342925 17466 0 0
1791138300 cpu  1552655 525 455609 21423417 8658 0 343088 17471 0 0
1791138305 cpu  1553342 525 455754 21426403 8659 0 343241 17475 0 0
1791138310 cpu  1554010 525 455899 21429408 8661 0 343388 17481 0 0
1791138315 cpu  1554666 525 456060 21432383 8662 0 343564 17486 0 0
1791138320 cpu  1555329 525 456219 21435387 8664 0 343722 17490 0 0
1791138325 cpu  1555976 525 456365 21438393 8665 0 343882 17494 0 0
1791138330 cpu  1556623 525 456516 21441423 8667 0 344033 17498 0 0
1791138335 cpu  1557285 525 456677 21444381 8669 0 344203 17503 0 0
1791138340 cpu  1557982 525 456828 21447337 8671 0 344359 17507 0 0
1791138345 cpu  1558621 525 456989 21450339 8673 0 344524 17511 0 0
1791138350 cpu  1559237 525 457128 21453383 8674 0 344678 17516 0 0
1791138355 cpu  1559893 525 457268 21456388 8676 0 344835 17520 0 0
1791138360 cpu  1560498 525 457407 21459453 8677 0 345001 17524 0 0
1791138365 cpu  1561155 525 457545 21462466 8678 0 345181 17529 0 0
1791138370 cpu  1561786 525 457683 21465507 8680 0 345338 17533 0 0
1791138375 cpu  1562416 525 457818 21468531 8681 0 345495 17539 0 0
1791138380 cpu  1563049 525 457958 21471565 8682 0 345654 17543 0 0
1791138385 cpu  1563665 525 458104 21474588 8684 0 345823 17547 0 0
1791138390 cpu  1564305 525 458241 21477624 8686 0 345979 17550 0 0
1791138395 cpu  1564930 525 458377 21480662 8687 0 346127 17554 0 0
1791138400 cpu  1565581 525 458519 21483687 8689 0 346292 17558 0 0
1791138405 cpu  1566220 525 458653 21486723 8691 0 346450 17561 0 0
1791138410 cpu  1566836 525 458802 21489778 8692 0 346593 17565 0 0
1791138415 cpu  1567502 525 458944 21492794 8693 0 346751 17569 0 0
1791138420 cpu  1568134 525 459089 21495842 8695 0 346915 17573 0 0
1791138425 cpu  1568755 525 459233 21498866 8696 0 347067 17577 0 0
1791138430 cpu  1569357 525 459382 21501903 8697 0 347238 17581 0 0
1791138435 cpu  1570042 525 459532 21504886 8699 0 347393 17586 0 0
1791138440 cpu  1570673 525 459679 21507920 8700 0 347563 17590 0 0
1791138445 cpu  1571319 525 459834 21510915 8702 0 347729 17595 0 0
1791138450 cpu  1571948 525 459974 21513958 8704 0 347890 17600 0 0
1791138455 cpu  1572565 525 460117 21516975 8705 0 348066 17604 0 0
1791138460 cpu  1573201 525 460272 21520000 8707 0 348235 17607 0 0
1791138465 cpu  1573854 525 460419 21523003 8708 0 348403 17612 0 0
1791138470 cpu  1574511 525 460564 21526035 8709 0 348555 17615 0 0
1791138475 cpu  1575150 525 460723 21529076 8712 0 348718 17618 0 0
1791138480 cpu  1575764 525 460864 21532148 8713 0 348884 17621 0 0
1791138485 cpu  1576402 525 461013 21535187 8714 0 349041 17624 0 0
1791138490 cpu  1577022 525 461163 21538263 8716 0 349193 17627 0 0
1791138495 cpu  1577644 525 461324 21541304 8718 0 349336 17629 0 0
1791138500 cpu  1578268 525 461460 21544358 8719 0 349496 17632 0 0
1791138505 cpu  1578943 525 461598 21547381 8721 0 349637 17635 0 0
1791138510 cpu  1579594 525 461737 21550410 8722 0 349795 17639 0 0
1791138515 cpu  1580228 525 461902 21553429 8723 0 349951 17642 0 0
1791138520 cpu  1580850 525 462044 21556451 8725 0 350107 17646 0 0
1791138525 cpu  1581482 525 462197 21559472 8726 0 350249 17649 0 0
1791138530 cpu  1582099 525 462345 21562514 8727 0 350408 17653 0 0
1791138535 cpu  1582749 525 462486 21565547 8729 0 350555 17657 0 0
1791138540 cpu  1583387 525 462627 21568598 8731 0 350712 17661 0 0
1791138545 cpu  1584031 525 462766 21571643 8732 0 350851 17665 0 0
1791138550 cpu  1584661 525 462912 21574702 8733 0 351010 17668 0 0
1791138555 cpu  1585298 525 463062 21577737 8735 0 351167 17672 0 0
1791138560 cpu  1585943 525 463200 21580785 8736 0 351324 17676 0 0
1791138565 cpu  1586600 525 463354 21583817 8738 0 351473 17680 0 0
1791138570 cpu  1587218 525 463482 21586875 8738 0 351628 17683 0 0
1791138575 cpu  1587827 525 463632 21589926 8739 0 351768 17687 0 0
1791138580 cpu  1588481 525 463766 21592964 8741 0 351913 17690 0 0
1791138585 cpu  1589120 525 463905 21596012 8743 0 352066 17694 0 0
1791138590 cpu  1589748 525 464040 21599081 8743 0 352224 17697 0 0
1791138595 cpu  1590390 525 464184 21602110 8745 0 352387 17701 0 0
1791138600 cpu  1590784 525 464288 21605533 8746 0 352451 17704 0 0
1791138605 cpu  1590901 525 464352 21609304 8747 0 352466 17705 0 0
1791138610 cpu  1590996 525 464400 21613121 8748 0 352486 17706 0 0
1791138615 cpu  1591108 525 464455 21616900 8749 0 352513 17708 0 0
