1791155842 cpu  12318503 512 3374546 57656098 8836 0 1156257 48800 0 0
1791155847 cpu  12318658 512 3374645 57663712 8836 0 1156285 48806 0 0
1791155852 cpu  12318806 512 3374737 57671370 8836 0 1156304 48813 0 0
1791155857 cpu  12318935 512 3374837 57679001 8837 0 1156323 48821 0 0
1791155862 cpu  12319087 512 3374929 57686661 8837 0 1156341 48826 0 0
1791155867 cpu  12319226 512 3375033 57694291 8837 0 1156364 48831 0 0
1791155872 cpu  12319362 512 3375126 57701966 8837 0 1156380 48835 0 0
1791155877 cpu  12319508 512 3375234 57709601 8838 0 1156399 48840 0 0
1791155882 cpu  12319637 512 3375335 57717255 8839 0 1156422 48846 0 0
1791155887 cpu  12319779 512 3375434 57724897 8839 0 1156444 48852 0 0
1791155892 cpu  12319908 512 3375523 57732587 8839 0 1156458 48856 0 0
1791155897 cpu  12320071 512 3375621 57740199 8839 0 1156477 48863 0 0
1791155902 cpu  12320193 512 3375729 57747863 8839 0 1156489 48868 0 0
1791155907 cpu  12320357 512 3375848 57755478 8840 0 1156510 48874 0 0
1791155912 cpu  12320482 512 3375953 57763160 8840 0 1156524 48879 0 0
1791155917 cpu  12320638 512 3376067 57770800 8840 0 1156545 48884 0 0
1791155922 cpu  12320772 512 3376171 57778466 8840 0 1156560 48889 0 0
1791155927 cpu  12320921 512 3376280 57786089 8840 0 1156583 48895 0 0
1791155932 cpu  12321051 512 3376365 57793766 8840 0 1156597 48899 0 0
1791155937 cpu  12321203 512 3376473 57801413 8840 0 1156618 48905 0 0
1791155942 cpu  12321356 512 3376575 57809060 8841 0 1156633 48911 0 0
1791155947 cpu  12321501 512 3376691 57816697 8841 0 1156653 48918 0 0
1791155952 cpu  12321627 512 3376788 57824384 8841 0 1156672 48924 0 0
1791155957 cpu  12321784 512 3376883 57832003 8841 0 1156693 48930 0 0
1791155962 cpu  12321924 512 3376982 57839658 8841 0 1156707 48936 0 0
1791155967 cpu  12322090 512 3377091 57847276 8842 0 1156734 48943 0 0
1791155972 cpu  12322237 512 3377180 57854929 8842 0 1156752 48949 0 0
1791155977 cpu  12322381 512 3377281 57862579 8842 0 1156774 48955 0 0
1791155982 cpu  12322501 512 3377380 57870252 8842 0 1156791 48960 0 0
1791155987 cpu  12322655 512 3377486 57877889 8842 0 1156814 48967 0 0
1791155992 cpu  12322789 512 3377574 57885556 8843 0 1156831 48972 0 0
1791155997 cpu  12322924 512 3377676 57893208 8843 0 1156854 48977 0 0
1791156002 cpu  12323061 512 3377775 57900860 8843 0 1156878 48982 0 0
1791156007 cpu  12323193 512 3377869 57908515 8843 0 1156898 48988 0 0
1791156012 cpu  12323331 512 3377960 57916188 8843 0 1156915 48994 0 0
1791156017 cpu  12323465 512 3378064 57923834 8843 0 1156939 49000 0 0
1791156022 cpu  12323611 512 3378164 57931487 8844 0 1156959 49005 0 0
1791156027 cpu  12323759 512 3378261 57939128 8844 0 1156983 49010 0 0
1791156032 cpu  12323897 512 3378355 57946784 8845 0 1157000 49015 0 0
1791156037 cpu  12324015 512 3378448 57954447 8845 0 1157017 49020 0 0
1791156042 cpu  12324141 512 3378541 57962116 8845 0 1157034 49025 0 0
1791156047 cpu  12324268 512 3378626 57969771 8846 0 1157052 49030 0 0
1791156052 cpu  12324421 512 3378726 57977419 8846 0 1157072 49035 0 0
1791156057 cpu  12324558 512 3378814 57985091 8846 0 1157099 49041 0 0
1791156062 cpu  12324722 512 3378918 57992726 8847 0 1157123 49047 0 0
1791156067 cpu  12324852 512 3379009 58000388 8847 0 1157151 49053 0 0
1791156072 cpu  12324995 512 3379110 58008013 8847 0 1157178 49060 0 0
1791156077 cpu  12325187 512 3379222 58015559 8848 0 1157223 49066 0 0
1791156082 cpu  12325392 512 3379314 58023110 8848 0 1157270 49071 0 0
1791156087 cpu  12325557 512 3379443 58030671 8848 0 1157330 49077 0 0
1791156092 cpu  12325746 512 3379558 58038217 8849 0 1157386 49083 0 0
1791156097 cpu  12325918 512 3379661 58045778 8849 0 1157430 49090 0 0
1791156102 cpu  12326128 512 3379781 58053297 8850 0 1157472 49096 0 0
1791156107 cpu  12326319 512 3379905 58060827 8850 0 1157530 49102 0 0
1791156112 cpu  12326543 512 3380021 58068354 8850 0 1157581 49108 0 0
1791156117 cpu  12326729 512 3380137 58075908 8851 0 1157638 49115 0 0
1791156122 cpu  12326960 512 3380264 58083417 8851 0 1157689 49121 0 0
1791156127 cpu  12327152 512 3380381 58090966 8852 0 1157740 49128 0 0
1791156132 cpu  12327365 512 3380498 58098503 8852 0 1157787 49133 0 0
1791156137 cpu  12327565 512 3380616 58106043 8853 0 1157847 49139 0 0
1791156142 cpu  12327782 512 3380729 58113562 8853 0 1157898 49145 0 0
1791156147 cpu  12327962 512 3380868 58121102 8854 0 1157960 49150 0 0
1791156152 cpu  12328350 512 3381024 58128392 8854 0 1158027 49157 0 0
1791156157 cpu  12330167 512 3381506 58133695 8855 0 1158218 49165 0 0
1791156162 cpu  12333768 512 3382254 58136742 8855 0 1158502 49173 0 0
1791156167 cpu  12337584 512 3383018 58139516 8855 0 1158803 49187 0 0
1791156172 cpu  12341517 512 3383821 58142163 8855 0 1159101 49201 0 0
1791156177 cpu  12345355 512 3384590 58144894 8856 0 1159432 49212 0 0
1791156182 cpu  12349270 512 3385386 58147572 8856 0 1159749 49239 0 0
1791156187 cpu  12353167 512 3386206 58150222 8856 0 1160074 49251 0 0
1791156192 cpu  12356953 512 3387007 58152988 8856 0 1160381 49259 0 0
1791156197 cpu  12360882 512 3387818 58155624 8857 0 1160707 49266 0 0
1791156202 cpu  12364811 512 3388620 58158236 8857 0 1161036 49276 0 0
1791156207 cpu  12368555 512 3389400 58161027 8858 0 1161354 49284 0 0
1791156212 cpu  12372312 512 3390178 58163887 8858 0 1161654 49291 0 0
1791156217 cpu  12376134 512 3390959 58166657 8858 0 1161972 49299 0 0
1791156223 cpu  12380007 512 3391778 58169317 8860 0 1162284 49309 0 0
1791156228 cpu  12383835 512 3392564 58172090 8860 0 1162600 49321 0 0
1791156233 cpu  12387681 512 3393337 58174821 8860 0 1162921 49332 0 0
1791156238 cpu  12391510 512 3394128 58177559 8860 0 1163229 49343 0 0
1791156243 cpu  12395297 512 3394910 58180368 8860 0 1163520 49354 0 0
1791156248 cpu  12399151 512 3395711 58183137 8861 0 1163830 49363 0 0
1791156253 cpu  12402993 512 3396513 58185848 8862 0 1164155 49372 0 0
1791156258 cpu  12406843 512 3397268 58188531 8862 0 1164484 49380 0 0
1791156263 cpu  12410645 512 3398022 58191301 8862 0 1164802 49388 0 0
1791156268 cpu  12414459 512 3398822 58194033 8863 0 1165127 49397 0 0
1791156273 cpu  12418195 512 3399580 58196931 8863 0 1165430 49404 0 0
1791156278 cpu  12421924 512 3400343 58199788 8864 0 1165735 49412 0 0
1791156283 cpu  12425762 512 3401131 58202499 8864 0 1166034 49421 0 0
1791156288 cpu  12429663 512 3401912 58205254 8866 0 1166349 49429 0 0
1791156293 cpu  12433481 512 3402713 58207995 8866 0 1166656 49437 0 0
1791156298 cpu  12437214 512 3403482 58210876 8866 0 1166957 49448 0 0
1791156303 cpu  12441100 512 3404288 58213548 8866 0 1167274 49461 0 0
1791156308 cpu  12444862 512 3405045 58216359 8867 0 1167590 49468 0 0
1791156313 cpu  12448698 512 3405861 58219096 8867 0 1167890 49476 0 0
1791156318 cpu  12452522 512 3406640 58221870 8867 0 1168198 49485 0 0
1791156323 cpu  12456391 512 3407446 58224567 8868 0 1168517 49492 0 0
1791156328 cpu  12460150 512 3408225 58227399 8868 0 1168835 49500 0 0
1791156333 cpu  12464030 512 3409026 58230097 8868 0 1169158 49509 0 0
1791156338 cpu  12467949 512 3409834 58232726 8871 0 1169471 49518 0 0
1791156343 cpu  12471729 512 3410606 58235527 8871 0 1169787 49527 0 0
1791156348 cpu  12475483 512 3411406 58238320 8871 0 1170113 49533 0 0
1791156353 cpu  12479285 512 3412196 58241111 8871 0 1170416 49540 0 0
1791156358 cpu  12482979 512 3412949 58243982 8871 0 1170726 49549 0 0
1791156363 cpu  12486763 512 3413765 58246720 8871 0 1171032 49559 0 0
1791156368 cpu  12490577 512 3414537 58249516 8872 0 1171346 49569 0 0
1791156373 cpu  12494425 512 3415349 58252241 8872 0 1171647 49576 0 0
1791156378 cpu  12498255 512 3416117 58255066 8874 0 1171948 49584 0 0
1791156383 cpu  12502012 512 3416894 58257878 8874 0 1172257 49592 0 0
1791156388 cpu  12505782 512 3417653 58260693 8874 0 1172549 49600 0 0
1791156393 cpu  12509516 512 3418464 58263509 8874 0 1172872 49607 0 0
1791156398 cpu  12513288 512 3419297 58266360 8875 0 1173146 49614 0 0
1791156403 cpu  12517141 512 3420081 58269152 8875 0 1173457 49621 0 0
1791156408 cpu  12520859 512 3420834 58272028 8876 0 1173763 49628 0 0
1791156413 cpu  12524611 512 3421616 58274842 8876 0 1174061 49635 0 0
1791156418 cpu  12528466 512 3422373 58277639 8876 0 1174347 49642 0 0
1791156423 cpu  12532276 512 3423146 58280412 8879 0 1174667 49650 0 0
1791156428 cpu  12536052 512 3423958 58283180 8879 0 1174989 49659 0 0
1791156433 cpu  12539896 512 3424785 58285923 8879 0 1175288 49666 0 0
1791156438 cpu  12543694 512 3425555 58288749 8879 0 1175582 49673 0 0
1791156443 cpu  12547560 512 3426335 58291485 8880 0 1175872 49681 0 0
1791156448 cpu  12551384 512 3427123 58294271 8881 0 1176164 49688 0 0
1791156453 cpu  12555215 512 3427920 58297015 8881 0 1176497 49696 0 0
1791156458 cpu  12558922 512 3428694 58299836 8881 0 1176818 49704 0 0
1791156463 cpu  12562581 512 3429500 58302746 8882 0 1177134 49713 0 0
1791156468 cpu  12566256 512 3430285 58305670 8886 0 1177437 49720 0 0
1791156473 cpu  12570046 512 3431036 58308449 8886 0 1177768 49727 0 0
1791156478 cpu  12573734 512 3431801 58311363 8886 0 1178067 49734 0 0
1791156483 cpu  12577524 512 3432607 58314169 8886 0 1178358 49742 0 0
1791156488 cpu  12581326 512 3433395 58316921 8887 0 1178673 49750 0 0
1791156493 cpu  12585172 512 3434162 58319703 8887 0 1178966 49760 0 0
1791156498 cpu  12588971 512 3434979 58322472 8888 0 1179285 49768 0 0
1791156503 cpu  12592770 512 3435739 58325315 8888 0 1179580 49775 0 0
1791156508 cpu  12596562 512 3436521 58328117 8890 0 1179884 49784 0 0
1791156513 cpu  12600290 512 3437285 58331001 8890 0 1180195 49791 0 0
1791156518 cpu  12604067 512 3438025 58333845 8890 0 1180515 49798 0 0
1791156523 cpu  12607909 512 3438775 58336625 8890 0 1180822 49806 0 0
1791156528 cpu  12611692 512 3439544 58339435 8891 0 1181141 49813 0 0
1791156533 cpu  12615459 512 3440314 58342276 8891 0 1181437 49820 0 0
1791156538 cpu  12619217 512 3441099 58345129 8891 0 1181760 49829 0 0
1791156543 cpu  12622962 512 3441858 58348016 8891 0 1182061 49836 0 0
1791156548 cpu  12626807 512 3442654 58350731 8892 0 1182399 49844 0 0
1791156553 cpu  12630622 512 3443418 58353517 8894 0 1182700 49852 0 0
1791156558 cpu  12634444 512 3444228 58356245 8894 0 1183006 49860 0 0
1791156563 cpu  12638190 512 3445018 58359051 8894 0 1183319 49868 0 0
1791156568 cpu  12641971 512 3445793 58361900 8894 0 1183623 49876 0 0
1791156573 cpu  12645824 512 3446567 58364658 8895 0 1183936 49885 0 0
1791156578 cpu  12649731 512 3447398 58367283 8895 0 1184259 49896 0 0
1791156583 cpu  12653535 512 3448198 58370000 8896 0 1184588 49905 0 0
1791156588 cpu  12657408 512 3448979 58372750 8896 0 1184898 49914 0 0
1791156593 cpu  12661157 512 3449762 58375603 8896 0 1185212 49924 0 0
1791156598 cpu  12664964 512 3450571 58378398 8898 0 1185518 49933 0 0
1791156603 cpu  12668860 512 3451368 58381020 8898 0 1185839 49965 0 0
1791156608 cpu  12672870 512 3452162 58383551 8898 0 1186156 49977 0 0
1791156613 cpu  12676846 512 3452993 58386150 8898 0 1186472 49989 0 0
1791156618 cpu  12680721 512 3453774 58388848 8899 0 1186778 49997 0 0
1791156623 cpu  12684575 512 3454537 58391553 8899 0 1187096 50008 0 0
1791156628 cpu  12688502 512 3455336 58394201 8899 0 1187414 50017 0 0
1791156633 cpu  12692393 512 3456155 58396939 8899 0 1187719 50024 0 0
1791156638 cpu  12696340 512 3456949 58399524 8901 0 1188043 50034 0 0
1791156643 cpu  12700251 512 3457745 58402181 8902 0 1188341 50043 0 0
1791156648 cpu  12704182 512 3458544 58404794 8902 0 1188643 50054 0 0
1791156653 cpu  12708070 512 3459365 58407446 8902 0 1188967 50063 0 0
1791156658 cpu  12711953 512 3460127 58410141 8904 0 1189287 50072 0 0
1791156663 cpu  12715824 512 3460925 58412815 8904 0 1189592 50081 0 0
1791156668 cpu  12719732 512 3461768 58415434 8904 0 1189913 50090 0 0
1791156673 cpu  12723689 512 3462589 58418031 8904 0 1190249 50101 0 0
1791156678 cpu  12727630 512 3463357 58420635 8904 0 1190575 50117 0 0
1791156683 cpu  12731446 512 3464150 58423379 8906 0 1190891 50125 0 0
1791156688 cpu  12735302 512 3464935 58426066 8906 0 1191212 50133 0 0
1791156693 cpu  12739156 512 3465724 58428764 8906 0 1191531 50141 0 0
1791156698 cpu  12743031 512 3466492 58431472 8906 0 1191841 50150 0 0
1791156703 cpu  12746844 512 3467271 58434198 8908 0 1192171 50157 0 0
1791156708 cpu  12750836 512 3468049 58436836 8908 0 1192481 50166 0 0
1791156713 cpu  12754759 512 3468831 58439505 8908 0 1192802 50174 0 0
1791156718 cpu  12758555 512 3469646 58442209 8908 0 1193130 50184 0 0
1791156723 cpu  12762343 512 3470440 58444982 8910 0 1193442 50195 0 0
1791156728 cpu  12766239 512 3471257 58447613 8910 0 1193766 50205 0 0
1791156733 cpu  12770086 512 3472056 58450288 8910 0 1194092 50215 0 0
1791156738 cpu  12774045 512 3472833 58452901 8910 0 1194429 50223 0 0
1791156743 cpu  12777900 512 3473623 58455604 8911 0 1194752 50232 0 0
1791156748 cpu  12781764 512 3474388 58458318 8911 0 1195051 50240 0 0
1791156753 cpu  12785725 512 3475181 58460971 8912 0 1195380 50248 0 0
1791156758 cpu  12789628 512 3475968 58463623 8912 0 1195700 50256 0 0
1791156763 cpu  12793462 512 3476773 58466326 8912 0 1196024 50265 0 0
1791156768 cpu  12793645 512 3476901 58473867 8912 0 1196072 50271 0 0
1791156773 cpu  12793790 512 3476980 58481530 8917 0 1196095 50276 0 0
1791156778 cpu  12793938 512 3477090 58489151 8917 0 1196123 50282 0 0
1791156783 cpu  12794061 512 3477183 58496821 8917 0 1196143 50286 0 0
1791156788 cpu  12794205 512 3477287 58504457 8917 0 1196167 50292 0 0
