1791155840 cpu  2572685 525 744788 33790935 11983 0 575983 30823 0 0
1791155845 cpu  2572756 525 744829 33794772 11984 0 575998 30827 0 0
1791155850 cpu  2572885 525 744890 33798524 11985 0 576024 30830 0 0
1791155855 cpu  2573035 525 744958 33802243 11986 0 576044 30833 0 0
1791155860 cpu  2573156 525 745021 33806009 11987 0 576060 30836 0 0
1791155865 cpu  2573308 525 745103 33809729 11988 0 576084 30839 0 0
1791155870 cpu  2573457 525 745176 33813458 11988 0 576112 30842 0 0
1791155875 cpu  2573606 525 745247 33817168 11989 0 576134 30846 0 0
1791155880 cpu  2573749 525 745327 33820891 11990 0 576158 30849 0 0
1791155885 cpu  2573896 525 745397 33824616 11990 0 576180 30851 0 0
1791155890 cpu  2573951 525 745432 33828467 11991 0 576189 30854 0 0
1791155895 cpu  2574010 525 745470 33832320 11991 0 576198 30856 0 0
1791155900 cpu  2574066 525 745508 33836170 11992 0 576207 30858 0 0
1791155905 cpu  2574144 525 745553 33840016 11992 0 576217 30861 0 0
1791155910 cpu  2574275 525 745626 33843754 11993 0 576237 30863 0 0
1791155915 cpu  2574416 525 745698 33847478 11993 0 576266 30867 0 0
1791155920 cpu  2574562 525 745768 33851183 11994 0 576289 30870 0 0
1791155925 cpu  2574704 525 745841 33854903 11995 0 576315 30873 0 0
1791155930 cpu  2574843 525 745916 33858635 11996 0 576336 30875 0 0
1791155935 cpu  2574981 525 745993 33862359 11997 0 576360 30879 0 0
1791155940 cpu  2575114 525 746068 33866105 11997 0 576380 30882 0 0
1791155945 cpu  2575212 525 746117 33869907 11998 0 576395 30884 0 0
1791155950 cpu  2575333 525 746178 33873667 11998 0 576421 30886 0 0
1791155955 cpu  2575454 525 746241 33877433 11999 0 576436 30889 0 0
1791155960 cpu  2575579 525 746293 33881209 12000 0 576451 30891 0 0
1791155965 cpu  2575702 525 746347 33884990 12001 0 576474 30893 0 0
1791155970 cpu  2575814 525 746403 33888773 12001 0 576496 30896 0 0
1791155975 cpu  2575930 525 746462 33892553 12002 0 576521 30898 0 0
1791155980 cpu  2576096 525 746525 33896263 12003 0 576561 30901 0 0
1791155985 cpu  2576253 525 746591 33899987 12003 0 576599 30903 0 0
1791155990 cpu  2576438 525 746665 33903680 12004 0 576635 30905 0 0
1791155995 cpu  2576619 525 746740 33907379 12004 0 576663 30908 0 0
1791156000 cpu  2576791 525 746818 33911074 12005 0 576699 30911 0 0
1791156005 cpu  2576936 525 746887 33914803 12005 0 576730 30913 0 0
1791156010 cpu  2577138 525 746962 33918478 12006 0 576764 30916 0 0
1791156015 cpu  2577311 525 747023 33922177 12006 0 576792 30921 0 0
1791156020 cpu  2577475 525 747101 33925864 12007 0 576833 30925 0 0
1791156025 cpu  2577653 525 747177 33929552 12008 0 576860 30928 0 0
1791156030 cpu  2577821 525 747258 33933245 12009 0 576894 30931 0 0
1791156035 cpu  2578001 525 747342 33936921 12010 0 576934 30935 0 0
1791156040 cpu  2578234 525 747421 33940549 12011 0 576973 30938 0 0
1791156045 cpu  2578415 525 747517 33944206 12011 0 577017 30942 0 0
1791156050 cpu  2578591 525 747596 33947890 12012 0 577054 30946 0 0
1791156055 cpu  2578770 525 747678 33951561 12013 0 577090 30951 0 0
1791156060 cpu  2578952 525 747753 33955250 12013 0 577116 30956 0 0
1791156065 cpu  2579080 525 747827 33958996 12014 0 577145 30962 0 0
1791156070 cpu  2579243 525 747899 33962704 12015 0 577174 30967 0 0
1791156075 cpu  2579591 525 747974 33966197 12016 0 577219 30971 0 0
1791156080 cpu  2580016 525 748063 33969617 12017 0 577282 30975 0 0
1791156085 cpu  2580467 525 748160 33972978 12018 0 577347 30979 0 0
1791156090 cpu  2580917 525 748260 33976351 12019 0 577423 30983 0 0
1791156095 cpu  2581365 525 748356 33979725 12020 0 577482 30987 0 0
1791156100 cpu  2581804 525 748439 33983115 12021 0 577535 30991 0 0
1791156105 cpu  2582298 525 748548 33986431 12022 0 577591 30996 0 0
1791156110 cpu  2582758 525 748649 33989769 12023 0 577655 30999 0 0
1791156115 cpu  2583226 525 748750 33993121 12024 0 577715 31003 0 0
1791156120 cpu  2583693 525 748850 33996472 12025 0 577791 31008 0 0
1791156125 cpu  2584160 525 748944 33999838 12026 0 577856 31013 0 0
1791156130 cpu  2584678 525 749049 34003132 12027 0 577916 31016 0 0
1791156135 cpu  2585223 525 749147 34006397 12028 0 577982 31019 0 0
1791156140 cpu  2585768 525 749249 34009687 12029 0 578040 31022 0 0
1791156145 cpu  2586323 525 749343 34012956 12029 0 578104 31026 0 0
1791156150 cpu  2586875 525 749438 34016249 12030 0 578146 31029 0 0
1791156155 cpu  2587406 525 749546 34019483 12031 0 578224 31032 0 0
1791156160 cpu  2588034 525 749679 34022566 12033 0 578355 31036 0 0
1791156165 cpu  2588700 525 749828 34025573 12034 0 578506 31040 0 0
1791156170 cpu  2589368 525 749969 34028568 12035 0 578654 31045 0 0
1791156175 cpu  2590038 525 750121 34031537 12036 0 578808 31051 0 0
1791156180 cpu  2590703 525 750273 34034556 12037 0 578952 31056 0 0
1791156185 cpu  2591372 525 750434 34037521 12039 0 579116 31061 0 0
1791156190 cpu  2592031 525 750577 34040552 12040 0 579267 31066 0 0
1791156195 cpu  2592749 525 750738 34043468 12041 0 579432 31074 0 0
1791156200 cpu  2593402 525 750896 34046462 12043 0 579601 31080 0 0
1791156205 cpu  2594139 525 751062 34049380 12044 0 579775 31088 0 0
1791156210 cpu  2594790 525 751209 34052374 12045 0 579934 31094 0 0
1791156215 cpu  2595487 525 751377 34055306 12046 0 580110 31102 0 0
1791156220 cpu  2596150 525 751539 34058281 12047 0 580282 31110 0 0
1791156225 cpu  2596807 525 751681 34061241 12048 0 580464 31117 0 0
1791156230 cpu  2597454 525 751827 34064241 12049 0 580634 31123 0 0
1791156235 cpu  2598166 525 751983 34067181 12051 0 580805 31129 0 0
1791156240 cpu  2598808 525 752124 34070170 12052 0 580983 31137 0 0
1791156245 cpu  2599484 525 752276 34073123 12053 0 581167 31144 0 0
1791156250 cpu  2600160 525 752415 34076126 12054 0 581350 31149 0 0
1791156255 cpu  2600839 525 752574 34079097 12056 0 581519 31155 0 0
1791156260 cpu  2601517 525 752712 34082097 12057 0 581698 31160 0 0
1791156265 cpu  2602213 525 752863 34085043 12058 0 581874 31166 0 0
1791156270 cpu  2602884 525 753013 34088029 12059 0 582048 31172 0 0
1791156275 cpu  2603550 525 753161 34091003 12060 0 582221 31177 0 0
1791156280 cpu  2604214 525 753306 34094003 12062 0 582387 31183 0 0
1791156285 cpu  2604911 525 753447 34096961 12063 0 582560 31188 0 0
1791156290 cpu  2605593 525 753592 34099961 12064 0 582746 31195 0 0
1791156295 cpu  2606300 525 753746 34102903 12065 0 582941 31201 0 0
1791156300 cpu  2606939 525 753877 34105900 12066 0 583119 31209 0 0
1791156305 cpu  2607647 525 754026 34108838 12068 0 583304 31216 0 0
1791156310 cpu  2608285 525 754177 34111834 12069 0 583485 31222 0 0
1791156315 cpu  2608956 525 754321 34114812 12071 0 583663 31228 0 0
1791156320 cpu  2609614 525 754463 34117806 12072 0 583838 31237 0 0
1791156325 cpu  2610320 525 754618 34120735 12073 0 584014 31244 0 0
1791156330 cpu  2611026 525 754763 34123669 12074 0 584200 31253 0 0
1791156335 cpu  2611721 525 754937 34126587 12075 0 584380 31260 0 0
1791156340 cpu  2612424 525 755089 34129505 12076 0 584551 31267 0 0
1791156345 cpu  2613140 525 755263 34132410 12078 0 584724 31277 0 0
1791156350 cpu  2613805 525 755417 34135373 12079 0 584901 31286 0 0
1791156355 cpu  2614532 525 755577 34138267 12080 0 585095 31301 0 0
1791156360 cpu  2615221 525 755736 34141182 12081 0 585300 31317 0 0
1791156365 cpu  2615986 525 755903 34143999 12083 0 585493 31345 0 0
1791156370 cpu  2616684 525 756072 34146919 12084 0 585667 31359 0 0
1791156375 cpu  2617431 525 756241 34149765 12086 0 585868 31385 0 0
1791156380 cpu  2618171 525 756415 34152618 12088 0 586062 31407 0 0
1791156385 cpu  2618886 525 756573 34155488 12090 0 586260 31426 0 0
1791156390 cpu  2619595 525 756748 34158380 12091 0 586451 31449 0 0
1791156395 cpu  2620377 525 756936 34161185 12093 0 586625 31476 0 0
1791156400 cpu  2621134 525 757130 34163991 12094 0 586824 31524 0 0
1791156405 cpu  2621900 525 757322 34166714 12096 0 587036 31595 0 0
1791156410 cpu  2622635 525 757498 34169573 12098 0 587233 31627 0 0
1791156415 cpu  2623435 525 757701 34172295 12100 0 587446 31695 0 0
1791156420 cpu  2624226 525 757891 34175048 12102 0 587658 31760 0 0
1791156425 cpu  2624991 525 758095 34177793 12104 0 587865 31820 0 0
1791156430 cpu  2625696 525 758282 34180666 12106 0 588062 31850 0 0
1791156435 cpu  2626501 525 758477 34183432 12108 0 588277 31904 0 0
1791156440 cpu  2627256 525 758652 34186219 12110 0 588479 31962 0 0
1791156445 cpu  2628048 525 758864 34188981 12111 0 588677 32012 0 0
1791156450 cpu  2628773 525 759045 34191828 12113 0 588874 32042 0 0
1791156455 cpu  2629466 525 759226 34194729 12114 0 589052 32053 0 0
1791156460 cpu  2630178 525 759376 34197648 12115 0 589236 32063 0 0
1791156465 cpu  2630914 525 759545 34200535 12116 0 589434 32077 0 0
1791156470 cpu  2631585 525 759701 34203506 12117 0 589611 32086 0 0
1791156475 cpu  2632299 525 759876 34206407 12118 0 589787 32096 0 0
1791156480 cpu  2632954 525 760022 34209366 12119 0 589967 32107 0 0
1791156485 cpu  2633654 525 760195 34212255 12121 0 590146 32119 0 0
1791156490 cpu  2634335 525 760350 34215205 12122 0 590323 32130 0 0
1791156495 cpu  2635050 525 760518 34218108 12123 0 590519 32142 0 0
1791156500 cpu  2635731 525 760671 34221063 12124 0 590707 32151 0 0
1791156505 cpu  2636484 525 760848 34223918 12126 0 590903 32164 0 0
1791156510 cpu  2637205 525 761009 34226856 12127 0 591081 32174 0 0
1791156515 cpu  2637941 525 761166 34229743 12129 0 591267 32184 0 0
1791156520 cpu  2638638 525 761336 34232657 12130 0 591454 32196 0 0
1791156525 cpu  2639363 525 761508 34235567 12131 0 591620 32205 0 0
1791156530 cpu  2640047 525 761658 34238522 12133 0 591811 32214 0 0
1791156535 cpu  2640742 525 761819 34241442 12135 0 591977 32225 0 0
1791156540 cpu  2641444 525 761964 34244398 12136 0 592148 32235 0 0
1791156545 cpu  2642169 525 762138 34247258 12137 0 592341 32251 0 0
1791156550 cpu  2642848 525 762304 34250201 12138 0 592512 32261 0 0
1791156555 cpu  2643559 525 762475 34253090 12139 0 592685 32273 0 0
1791156560 cpu  2644208 525 762629 34256046 12141 0 592878 32282 0 0
1791156565 cpu  2644921 525 762795 34258965 12142 0 593049 32291 0 0
1791156570 cpu  2645609 525 762948 34261908 12144 0 593234 32303 0 0
1791156575 cpu  2646316 525 763119 34264806 12146 0 593422 32312 0 0
1791156580 cpu  2647010 525 763283 34267749 12147 0 593586 32319 0 0
1791156585 cpu  2647708 525 763457 34270671 12148 0 593756 32328 0 0
1791156590 cpu  2648425 525 763610 34273618 12150 0 593938 32335 0 0
1791156595 cpu  2649134 525 763754 34276547 12151 0 594106 32343 0 0
1791156600 cpu  2649799 525 763904 34279524 12152 0 594285 32350 0 0
1791156605 cpu  2650495 525 764065 34282438 12153 0 594456 32360 0 0
1791156610 cpu  2651171 525 764207 34285421 12155 0 594632 32367 0 0
1791156615 cpu  2651870 525 764366 34288354 12156 0 594838 32375 0 0
1791156620 cpu  2652544 525 764509 34291295 12157 0 595051 32386 0 0
1791156625 cpu  2653258 525 764686 34294207 12159 0 595261 32397 0 0
1791156630 cpu  2653956 525 764847 34297132 12161 0 595464 32408 0 0
1791156635 cpu  2654670 525 765016 34300038 12162 0 595645 32417 0 0
1791156640 cpu  2655421 525 765174 34302911 12164 0 595812 32427 0 0
1791156645 cpu  2656156 525 765331 34305788 12165 0 595992 32438 0 0
1791156650 cpu  2656837 525 765482 34308723 12167 0 596192 32449 0 0
1791156655 cpu  2657549 525 765642 34311643 12168 0 596379 32458 0 0
1791156660 cpu  2658212 525 765788 34314620 12169 0 596550 32466 0 0
1791156665 cpu  2658912 525 765963 34317544 12171 0 596732 32476 0 0
1791156670 cpu  2659588 525 766104 34320530 12173 0 596931 32482 0 0
1791156675 cpu  2660272 525 766257 34323475 12174 0 597115 32488 0 0
1791156680 cpu  2660935 525 766393 34326460 12175 0 597284 32494 0 0
1791156685 cpu  2661632 525 766546 34329390 12177 0 597459 32501 0 0
1791156690 cpu  2662283 525 766691 34332368 12178 0 597642 32507 0 0
1791156695 cpu  2662943 525 766844 34335329 12179 0 597812 32513 0 0
1791156700 cpu  2663605 525 766990 34338307 12180 0 597990 32518 0 0
1791156705 cpu  2664303 525 767154 34341245 12182 0 598166 32524 0 0
1791156710 cpu  2664961 525 767307 34344254 12183 0 598352 32529 0 0
1791156715 cpu  2665649 525 767468 34347193 12184 0 598530 32536 0 0
1791156720 cpu  2666351 525 767625 34350164 12185 0 598701 32543 0 0
1791156725 cpu  2667028 525 767771 34353123 12186 0 598882 32548 0 0
1791156730 cpu  2667676 525 767918 34356123 12188 0 599054 32553 0 0
1791156735 cpu  2668370 525 768100 34359042 12189 0 599234 32559 0 0
1791156740 cpu  2669002 525 768263 34362036 12190 0 599415 32564 0 0
1791156745 cpu  2669684 525 768432 34364981 12191 0 599587 32571 0 0
1791156750 cpu  2670352 525 768590 34367934 12192 0 599776 32577 0 0
1791156755 cpu  2671044 525 768756 34370884 12193 0 599954 32583 0 0
1791156760 cpu  2671740 525 768921 34373846 12194 0 600131 32589 0 0
1791156765 cpu  2672413 525 769078 34376854 12195 0 600270 32594 0 0
1791156770 cpu  2672491 525 769132 34380664 12196 0 600289 32596 0 0
1791156775 cpu  2672623 525 769204 34384397 12197 0 600313 32600 0 0
1791156780 cpu  2672725 525 769255 34388187 12198 0 600331 32602 0 0
