1791155845 cpu  1909531 704 100227 35804144 1455 0 172327 65030 0 0
1791155850 cpu  1909542 704 100235 35808123 1455 0 172328 65030 0 0
1791155855 cpu  1909546 704 100236 35812118 1455 0 172329 65030 0 0
1791155860 cpu  1909588 704 100255 35816053 1455 0 172335 65031 0 0
1791155865 cpu  1909591 704 100259 35820045 1455 0 172335 65031 0 0
1791155870 cpu  1909593 704 100259 35824042 1455 0 172335 65031 0 0
1791155875 cpu  1909595 704 100260 35828038 1455 0 172335 65031 0 0
1791155880 cpu  1909600 704 100264 35832024 1455 0 172335 65031 0 0
1791155885 cpu  1909603 704 100267 35836016 1455 0 172335 65031 0 0
1791155890 cpu  1909604 704 100268 35840012 1455 0 172335 65031 0 0
1791155895 cpu  1909606 704 100268 35844009 1455 0 172335 65031 0 0
1791155900 cpu  1909607 704 100269 35848004 1455 0 172336 65031 0 0
1791155905 cpu  1909609 704 100269 35852001 1455 0 172336 65031 0 0
1791155910 cpu  1909616 704 100274 35855982 1455 0 172336 65031 0 0
1791155915 cpu  1909618 704 100275 35859978 1456 0 172337 65031 0 0
1791155920 cpu  1909621 704 100276 35863975 1456 0 172337 65031 0 0
1791155925 cpu  1909624 704 100277 35867969 1456 0 172337 65031 0 0
1791155930 cpu  1909626 704 100278 35871966 1456 0 172337 65031 0 0
1791155935 cpu  1909629 704 100278 35875962 1456 0 172337 65031 0 0
1791155940 cpu  1909631 704 100278 35879959 1456 0 172337 65031 0 0
1791155945 cpu  1909634 704 100278 35883953 1457 0 172337 65031 0 0
1791155950 cpu  1909635 704 100278 35887949 1457 0 172337 65032 0 0
1791155955 cpu  1909637 704 100279 35891946 1457 0 172337 65032 0 0
1791155960 cpu  1909639 704 100279 35895942 1457 0 172337 65032 0 0
1791155965 cpu  1909641 704 100279 35899938 1457 0 172338 65032 0 0
1791155970 cpu  1909650 704 100284 35903919 1457 0 172338 65032 0 0
1791155975 cpu  1909653 704 100285 35907914 1457 0 172338 65032 0 0
1791155980 cpu  1909656 704 100285 35911910 1457 0 172338 65032 0 0
1791155985 cpu  1909659 704 100287 35915904 1457 0 172338 65032 0 0
1791155990 cpu  1909661 704 100287 35919900 1457 0 172338 65032 0 0
1791155995 cpu  1909663 704 100288 35923896 1457 0 172338 65032 0 0
1791156000 cpu  1909665 704 100289 35927892 1457 0 172338 65032 0 0
1791156005 cpu  1909667 704 100289 35931885 1457 0 172339 65032 0 0
1791156010 cpu  1909670 704 100291 35935881 1457 0 172339 65032 0 0
1791156015 cpu  1909674 704 100293 35939874 1457 0 172339 65032 0 0
1791156020 cpu  1909676 704 100293 35943868 1457 0 172340 65032 0 0
1791156025 cpu  1909679 704 100295 35947862 1457 0 172341 65033 0 0
1791156030 cpu  1909690 704 100301 35951841 1457 0 172341 65033 0 0
1791156035 cpu  1909691 704 100301 35955837 1458 0 172341 65033 0 0
1791156040 cpu  1909693 704 100302 35959832 1458 0 172341 65033 0 0
1791156045 cpu  1909697 704 100303 35963826 1458 0 172341 65033 0 0
1791156050 cpu  1909699 704 100304 35967823 1458 0 172341 65033 0 0
1791156055 cpu  1909701 704 100305 35971817 1458 0 172341 65033 0 0
1791156060 cpu  1909703 704 100306 35975813 1458 0 172342 65033 0 0
1791156065 cpu  1909707 704 100307 35979807 1458 0 172342 65033 0 0
1791156070 cpu  1909709 704 100307 35983802 1458 0 172342 65033 0 0
1791156075 cpu  1909711 704 100308 35987798 1458 0 172342 65033 0 0
1791156080 cpu  1909712 704 100309 35991794 1458 0 172342 65033 0 0
1791156085 cpu  1909715 704 100309 35995790 1458 0 172342 65033 0 0
1791156090 cpu  1909723 704 100313 35999771 1458 0 172342 65033 0 0
1791156095 cpu  1909726 704 100313 36003766 1458 0 172342 65033 0 0
1791156100 cpu  1909727 704 100314 36007762 1458 0 172342 65033 0 0
1791156105 cpu  1909730 704 100315 36011756 1458 0 172342 65034 0 0
1791156110 cpu  1909732 704 100315 36015752 1458 0 172343 65034 0 0
1791156115 cpu  1909733 704 100316 36019748 1458 0 172343 65034 0 0
1791156120 cpu  1909735 704 100316 36023744 1458 0 172343 65034 0 0
1791156125 cpu  1909737 704 100318 36027737 1458 0 172343 65034 0 0
1791156130 cpu  1909740 704 100319 36031731 1458 0 172344 65034 0 0
1791156135 cpu  1909819 704 100353 36035608 1458 0 172359 65034 0 0
1791156140 cpu  1909888 704 100375 36039511 1458 0 172370 65034 0 0
1791156145 cpu  1909949 704 100404 36043416 1458 0 172387 65035 0 0
1791156150 cpu  1910125 704 100477 36047151 1458 0 172403 65035 0 0
1791156155 cpu  1911281 704 100560 36049905 1458 0 172419 65035 0 0
1791156160 cpu  1911989 704 100605 36053125 1458 0 172444 65036 0 0
1791156165 cpu  1912512 704 100628 36056534 1459 0 172468 65036 0 0
1791156170 cpu  1912923 704 100644 36060072 1459 0 172504 65037 0 0
1791156175 cpu  1913337 704 100659 36063615 1459 0 172531 65037 0 0
1791156180 cpu  1913774 704 100673 36067150 1459 0 172556 65038 0 0
1791156185 cpu  1914196 704 100689 36070676 1459 0 172586 65039 0 0
1791156190 cpu  1914620 704 100702 36074198 1459 0 172612 65039 0 0
1791156195 cpu  1915037 704 100715 36077725 1459 0 172638 65040 0 0
1791156200 cpu  1915467 704 100734 36081252 1459 0 172665 65041 0 0
1791156205 cpu  1915896 704 100749 36084775 1460 0 172691 65041 0 0
1791156210 cpu  1916345 704 100769 36088263 1460 0 172719 65042 0 0
1791156215 cpu  1916776 704 100781 36091796 1460 0 172757 65043 0 0
1791156220 cpu  1917209 704 100794 36095331 1460 0 172793 65043 0 0
1791156225 cpu  1917635 704 100803 36098862 1460 0 172828 65044 0 0
1791156230 cpu  1918058 704 100818 36102385 1460 0 172854 65045 0 0
1791156235 cpu  1918500 704 100825 36105909 1460 0 172887 65045 0 0
1791156240 cpu  1918896 704 100840 36109446 1460 0 172913 65046 0 0
1791156245 cpu  1919324 704 100853 36112971 1460 0 172945 65046 0 0
1791156250 cpu  1919757 704 100863 36116498 1461 0 172972 65047 0 0
1791156255 cpu  1920182 704 100872 36120014 1461 0 172998 65048 0 0
1791156260 cpu  1920605 704 100883 36123548 1461 0 173030 65048 0 0
1791156265 cpu  1921040 704 100894 36127072 1461 0 173063 65049 0 0
1791156270 cpu  1921484 704 100913 36130572 1461 0 173095 65050 0 0
1791156275 cpu  1921899 704 100927 36134102 1461 0 173126 65051 0 0
1791156280 cpu  1922331 704 100940 36137614 1461 0 173163 65051 0 0
1791156285 cpu  1922746 704 100956 36141138 1461 0 173191 65052 0 0
1791156290 cpu  1923180 704 100969 36144660 1461 0 173227 65053 0 0
1791156295 cpu  1923614 704 100986 36148184 1461 0 173258 65054 0 0
1791156300 cpu  1924043 704 101002 36151697 1461 0 173295 65055 0 0
1791156305 cpu  1924488 704 101020 36155207 1462 0 173324 65056 0 0
1791156310 cpu  1924920 704 101033 36158727 1462 0 173358 65056 0 0
1791156315 cpu  1925333 704 101044 36162260 1462 0 173385 65057 0 0
1791156320 cpu  1925755 704 101056 36165775 1462 0 173416 65058 0 0
1791156325 cpu  1926175 704 101070 36169300 1462 0 173437 65058 0 0
1791156330 cpu  1926614 704 101087 36172806 1462 0 173466 65059 0 0
1791156335 cpu  1927038 704 101101 36176330 1462 0 173493 65059 0 0
1791156340 cpu  1927461 704 101116 36179854 1462 0 173521 65060 0 0
1791156345 cpu  1927897 704 101125 36183373 1462 0 173544 65061 0 0
1791156350 cpu  1928319 704 101136 36186905 1463 0 173574 65061 0 0
1791156355 cpu  1928746 704 101146 36190438 1463 0 173606 65062 0 0
1791156360 cpu  1929181 704 101164 36193959 1463 0 173630 65062 0 0
1791156365 cpu  1929624 704 101172 36197472 1463 0 173664 65063 0 0
1791156370 cpu  1930068 704 101187 36200988 1463 0 173683 65064 0 0
1791156375 cpu  1930495 704 101201 36204511 1463 0 173717 65064 0 0
1791156380 cpu  1930924 704 101216 36208041 1463 0 173750 65065 0 0
1791156385 cpu  1931329 704 101231 36211573 1463 0 173780 65065 0 0
1791156390 cpu  1931770 704 101250 36215070 1463 0 173813 65066 0 0
1791156395 cpu  1932187 704 101265 36218604 1463 0 173849 65066 0 0
1791156400 cpu  1932605 704 101279 36222144 1463 0 173879 65067 0 0
1791156405 cpu  1933034 704 101292 36225676 1463 0 173903 65067 0 0
1791156410 cpu  1933453 704 101305 36229200 1464 0 173930 65068 0 0
1791156415 cpu  1933877 704 101320 36232729 1464 0 173959 65068 0 0
1791156420 cpu  1934309 704 101331 36236250 1464 0 173990 65069 0 0
1791156425 cpu  1934732 704 101346 36239771 1465 0 174015 65069 0 0
1791156430 cpu  1935174 704 101356 36243292 1465 0 174045 65070 0 0
1791156435 cpu  1935608 704 101366 36246814 1465 0 174072 65070 0 0
1791156440 cpu  1936019 704 101376 36250350 1465 0 174105 65071 0 0
1791156445 cpu  1936448 704 101392 36253881 1465 0 174143 65071 0 0
1791156450 cpu  1936872 704 101410 36257397 1465 0 174174 65072 0 0
1791156455 cpu  1937298 704 101422 36260927 1465 0 174209 65072 0 0
1791156460 cpu  1937723 704 101434 36264462 1465 0 174230 65073 0 0
1791156465 cpu  1938177 704 101445 36267977 1465 0 174261 65073 0 0
1791156470 cpu  1938589 704 101458 36271520 1465 0 174292 65074 0 0
1791156475 cpu  1939010 704 101473 36275053 1465 0 174317 65074 0 0
1791156480 cpu  1939432 704 101492 36278579 1465 0 174354 65074 0 0
1791156485 cpu  1939867 704 101510 36282099 1465 0 174384 65075 0 0
1791156490 cpu  1940303 704 101521 36285633 1465 0 174411 65075 0 0
1791156495 cpu  1940719 704 101535 36289167 1466 0 174440 65076 0 0
1791156500 cpu  1941146 704 101548 36292701 1466 0 174471 65076 0 0
1791156505 cpu  1941561 704 101560 36296238 1466 0 174499 65077 0 0
1791156510 cpu  1941990 704 101578 36299742 1466 0 174533 65077 0 0
1791156515 cpu  1942407 704 101593 36303267 1466 0 174557 65078 0 0
1791156520 cpu  1942822 704 101606 36306795 1466 0 174588 65078 0 0
1791156525 cpu  1943262 704 101618 36310315 1466 0 174611 65079 0 0
1791156530 cpu  1943687 704 101632 36313838 1466 0 174638 65079 0 0
1791156535 cpu  1944103 704 101643 36317371 1467 0 174666 65080 0 0
1791156540 cpu  1944541 704 101657 36320891 1467 0 174688 65080 0 0
1791156545 cpu  1944980 704 101671 36324406 1467 0 174714 65081 0 0
1791156550 cpu  1945424 704 101680 36327923 1467 0 174741 65082 0 0
1791156555 cpu  1945844 704 101694 36331447 1467 0 174774 65082 0 0
1791156560 cpu  1946277 704 101708 36334976 1467 0 174810 65083 0 0
1791156565 cpu  1946703 704 101719 36338508 1467 0 174830 65083 0 0
1791156570 cpu  1947145 704 101742 36342000 1467 0 174864 65084 0 0
1791156575 cpu  1947581 704 101755 36345525 1467 0 174901 65085 0 0
1791156580 cpu  1948007 704 101769 36349046 1467 0 174922 65085 0 0
1791156585 cpu  1948450 704 101783 36352568 1467 0 174959 65086 0 0
1791156590 cpu  1948865 704 101792 36356102 1467 0 174989 65086 0 0
1791156595 cpu  1949294 704 101806 36359630 1467 0 175024 65087 0 0
1791156600 cpu  1949729 704 101820 36363146 1468 0 175053 65087 0 0
1791156605 cpu  1950170 704 101831 36366659 1468 0 175083 65088 0 0
1791156610 cpu  1950618 704 101844 36370164 1468 0 175119 65088 0 0
1791156615 cpu  1951052 704 101856 36373700 1468 0 175152 65089 0 0
1791156620 cpu  1951487 704 101867 36377229 1468 0 175181 65089 0 0
1791156625 cpu  1951918 704 101881 36380750 1468 0 175215 65090 0 0
1791156630 cpu  1952355 704 101902 36384254 1468 0 175240 65090 0 0
1791156635 cpu  1952789 704 101916 36387785 1468 0 175261 65091 0 0
1791156640 cpu  1953209 704 101924 36391317 1468 0 175291 65091 0 0
1791156645 cpu  1953636 704 101937 36394843 1468 0 175329 65092 0 0
1791156650 cpu  1954074 704 101947 36398360 1468 0 175363 65093 0 0
1791156655 cpu  1954497 704 101959 36401902 1468 0 175390 65093 0 0
1791156660 cpu  1954912 704 101975 36405443 1468 0 175416 65094 0 0
1791156665 cpu  1955348 704 101989 36408962 1468 0 175447 65094 0 0
1791156670 cpu  1955794 704 102001 36412477 1468 0 175474 65095 0 0
1791156676 cpu  1956236 704 102014 36415999 1468 0 175512 65095 0 0
1791156681 cpu  1956663 704 102024 36419527 1468 0 175538 65096 0 0
1791156686 cpu  1957079 704 102036 36423057 1468 0 175573 65097 0 0
1791156691 cpu  1957529 704 102058 36426557 1468 0 175604 65097 0 0
1791156696 cpu  1957949 704 102069 36430087 1468 0 175634 65098 0 0
1791156701 cpu  1958384 704 102086 36433614 1468 0 175665 65098 0 0
1791156706 cpu  1958817 704 102099 36437136 1468 0 175696 65099 0 0
1791156711 cpu  1959236 704 102110 36440672 1469 0 175727 65099 0 0
1791156716 cpu  1959675 704 102122 36444192 1469 0 175759 65100 0 0
1791156721 cpu  1960095 704 102135 36447724 1470 0 175794 65100 0 0
1791156726 cpu  1960531 704 102146 36451247 1470 0 175820 65101 0 0
1791156731 cpu  1960975 704 102158 36454769 1470 0 175851 65102 0 0
1791156736 cpu  1961409 704 102171 36458295 1470 0 175887 65102 0 0
1791156741 cpu  1961839 704 102186 36461820 1470 0 175922 65103 0 0
1791156746 cpu  1962256 704 102198 36465355 1470 0 175949 65103 0 0
1791156751 cpu  1962698 704 102219 36468863 1470 0 175981 65103 0 0
1791156756 cpu  1963131 704 102230 36472396 1470 0 176009 65104 0 0
1791156761 cpu  1963576 704 102243 36475922 1470 0 176035 65104 0 0
1791156766 cpu  1963822 704 102275 36479615 1471 0 176067 65105 0 0
1791156771 cpu  1963826 704 102278 36483606 1471 0 176067 65105 0 0
1791156776 cpu  1963829 704 102280 36487599 1471 0 176068 65105 0 0
1791156781 cpu  1963831 704 102281 36491594 1471 0 176068 65105 0 0
1791156786 cpu  1963836 704 102282 36495584 1471 0 176068 65105 0 0
1791156791 cpu  1963839 704 102283 36499577 1471 0 176069 65105 0 0
