1791124831 cpu  895063 525 256743 11753373 5638 0 194601 8858 0 0
1791124836 cpu  895721 525 256902 11756338 5639 0 194760 8864 0 0
1791124841 cpu  896514 525 257079 11759142 5641 0 194942 8870 0 0
1791124846 cpu  897274 525 257278 11761970 5643 0 195108 8876 0 0
1791124851 cpu  897953 525 257443 11764915 5644 0 195264 8882 0 0
1791124856 cpu  898723 525 257631 11767730 5646 0 195420 8888 0 0
1791124861 cpu  899510 525 257821 11770552 5648 0 195593 8895 0 0
1791124866 cpu  900266 525 258031 11773396 5649 0 195757 8900 0 0
1791124871 cpu  901013 525 258205 11776281 5651 0 195914 8905 0 0
1791124876 cpu  901788 525 258411 11779099 5653 0 196089 8910 0 0
1791124881 cpu  902422 525 258562 11782106 5655 0 196249 8916 0 0
1791124886 cpu  903083 525 258716 11785071 5657 0 196408 8923 0 0
1791124891 cpu  903688 525 258866 11788094 5658 0 196567 8928 0 0
1791124896 cpu  904346 525 259038 11791078 5660 0 196731 8933 0 0
1791124901 cpu  905125 525 259232 11793894 5662 0 196885 8938 0 0
1791124906 cpu  905876 525 259420 11796735 5663 0 197059 8944 0 0
1791124911 cpu  906601 525 259617 11799611 5665 0 197230 8950 0 0
1791124916 cpu  907353 525 259806 11802448 5667 0 197392 8955 0 0
1791124921 cpu  908103 525 259997 11805321 5668 0 197555 8960 0 0
1791124926 cpu  908869 525 260186 11808162 5670 0 197718 8966 0 0
1791124931 cpu  909501 525 260345 11811175 5671 0 197881 8971 0 0
1791124936 cpu  909613 525 260409 11814927 5673 0 197933 8975 0 0
1791124941 cpu  909721 525 260469 11818685 5674 0 197992 8978 0 0
1791124946 cpu  909889 525 260547 11822353 5676 0 198042 8983 0 0
1791124951 cpu  910057 525 260655 11825885 5679 0 198164 8990 0 0
1791124956 cpu  910281 525 260775 11829366 5681 0 198286 8997 0 0
1791124961 cpu  910488 525 260893 11832844 5682 0 198411 9003 0 0
1791124966 cpu  910746 525 261010 11836277 5684 0 198531 9009 0 0
1791124971 cpu  910963 525 261133 11839759 5686 0 198646 9014 0 0
1791124976 cpu  911236 525 261273 11843169 5688 0 198765 9020 0 0
1791124981 cpu  911480 525 261400 11846612 5689 0 198903 9026 0 0
1791124986 cpu  911748 525 261540 11850025 5691 0 199025 9031 0 0
1791124991 cpu  912009 525 261666 11853462 5691 0 199154 9037 0 0
1791124996 cpu  912314 525 261807 11856838 5694 0 199279 9043 0 0
1791125001 cpu  912554 525 261928 11860309 5695 0 199413 9048 0 0
1791125006 cpu  912820 525 262063 11863729 5697 0 199527 9054 0 0
1791125011 cpu  913061 525 262188 11867186 5698 0 199633 9059 0 0
1791125016 cpu  913312 525 262325 11870622 5700 0 199756 9065 0 0
1791125021 cpu  913600 525 262453 11874059 5701 0 199901 9071 0 0
1791125026 cpu  913881 525 262581 11877475 5703 0 200036 9077 0 0
1791125031 cpu  914105 525 262704 11880986 5705 0 200155 9081 0 0
1791125036 cpu  914337 525 262829 11884465 5706 0 200272 9084 0 0
1791125041 cpu  914577 525 262956 11887920 5707 0 200386 9090 0 0
1791125046 cpu  914827 525 263093 11891379 5710 0 200505 9094 0 0
1791125051 cpu  915063 525 263217 11894856 5711 0 200620 9099 0 0
1791125056 cpu  915269 525 263324 11898394 5712 0 200735 9104 0 0
1791125061 cpu  915525 525 263442 11901843 5714 0 200883 9108 0 0
1791125066 cpu  916009 525 263574 11905034 5716 0 201047 9112 0 0
1791125071 cpu  916511 525 263719 11908188 5717 0 201207 9117 0 0
1791125076 cpu  917043 525 263865 11911312 5719 0 201372 9121 0 0
1791125081 cpu  917561 525 264004 11914454 5720 0 201544 9125 0 0
1791125086 cpu  918100 525 264141 11917572 5722 0 201714 9129 0 0
1791125091 cpu  918658 525 264287 11920708 5724 0 201876 9133 0 0
1791125096 cpu  919193 525 264434 11923851 5725 0 202035 9137 0 0
1791125101 cpu  919804 525 264586 11926921 5727 0 202198 9141 0 0
1791125106 cpu  920351 525 264720 11930052 5729 0 202357 9146 0 0
1791125111 cpu  920919 525 264867 11933160 5730 0 202522 9150 0 0
1791125116 cpu  921469 525 265026 11936264 5732 0 202682 9154 0 0
1791125121 cpu  922002 525 265149 11939482 5733 0 202785 9156 0 0
1791125126 cpu  922104 525 265201 11943278 5734 0 202803 9158 0 0
1791125131 cpu  922212 525 265269 11947059 5735 0 202821 9159 0 0
1791125136 cpu  922339 525 265336 11950814 5736 0 202838 9161 0 0
