1791124833 cpu  4379083 512 1201775 19905206 6090 0 407020 18732 0 0
1791124838 cpu  4382990 512 1202610 19907832 6090 0 407340 18738 0 0
1791124843 cpu  4386940 512 1203448 19910498 6091 0 407645 18743 0 0
1791124848 cpu  4390835 512 1204286 19913146 6091 0 407951 18748 0 0
1791124853 cpu  4394802 512 1205067 19915811 6091 0 408253 18756 0 0
1791124858 cpu  4398754 512 1205893 19918401 6091 0 408565 18763 0 0
1791124863 cpu  4402765 512 1206732 19920973 6092 0 408869 18773 0 0
1791124868 cpu  4406717 512 1207557 19923579 6092 0 409184 18782 0 0
1791124873 cpu  4410734 512 1208367 19926174 6093 0 409504 18789 0 0
1791124878 cpu  4414696 512 1209211 19928753 6094 0 409803 18797 0 0
1791124883 cpu  4418668 512 1210071 19931323 6094 0 410130 18805 0 0
1791124888 cpu  4422604 512 1210932 19933937 6095 0 410428 18811 0 0
1791124893 cpu  4426494 512 1211740 19936600 6095 0 410741 18817 0 0
1791124898 cpu  4430421 512 1212618 19939222 6095 0 411056 18823 0 0
1791124903 cpu  4434357 512 1213445 19941894 6096 0 411380 18831 0 0
1791124908 cpu  4438265 512 1214283 19944508 6096 0 411703 18840 0 0
1791124913 cpu  4442138 512 1215121 19947199 6096 0 412008 18845 0 0
1791124918 cpu  4446006 512 1215944 19949895 6100 0 412302 18851 0 0
1791124923 cpu  4449981 512 1216770 19952519 6100 0 412615 18858 0 0
1791124928 cpu  4453943 512 1217604 19955098 6100 0 412926 18866 0 0
1791124933 cpu  4455465 512 1217951 19960921 6100 0 413055 18871 0 0
1791124938 cpu  4455603 512 1218044 19968558 6101 0 413081 18876 0 0
1791124943 cpu  4455743 512 1218132 19976239 6103 0 413093 18880 0 0
1791124948 cpu  4457305 512 1218572 19981941 6103 0 413234 18887 0 0
1791124953 cpu  4461318 512 1219457 19984496 6103 0 413519 18894 0 0
1791124958 cpu  4465270 512 1220340 19987038 6103 0 413816 18900 0 0
1791124963 cpu  4469226 512 1221212 19989646 6103 0 414096 18906 0 0
1791124968 cpu  4473188 512 1222086 19992205 6104 0 414385 18911 0 0
1791124973 cpu  4477213 512 1222952 19994754 6104 0 414674 18917 0 0
1791124978 cpu  4481104 512 1223834 19997410 6104 0 414968 18921 0 0
1791124983 cpu  4485162 512 1224706 19999934 6104 0 415253 18926 0 0
1791124988 cpu  4489085 512 1225560 20002587 6104 0 415543 18931 0 0
1791124993 cpu  4493011 512 1226392 20005211 6104 0 415844 18936 0 0
1791124998 cpu  4496908 512 1227256 20007862 6106 0 416114 18942 0 0
1791125003 cpu  4500819 512 1228103 20010500 6106 0 416410 18947 0 0
1791125008 cpu  4504739 512 1228952 20013126 6107 0 416696 18952 0 0
1791125013 cpu  4508675 512 1229813 20015746 6107 0 417002 18957 0 0
1791125018 cpu  4512567 512 1230669 20018381 6108 0 417291 18962 0 0
1791125023 cpu  4516546 512 1231496 20021018 6108 0 417587 18966 0 0
1791125028 cpu  4520425 512 1232324 20023695 6108 0 417886 18971 0 0
1791125033 cpu  4524339 512 1233144 20026389 6109 0 418175 18976 0 0
1791125038 cpu  4528170 512 1233959 20029073 6111 0 418474 18981 0 0
1791125043 cpu  4532115 512 1234850 20031688 6111 0 418761 18985 0 0
1791125048 cpu  4536047 512 1235708 20034317 6111 0 419031 18990 0 0
1791125053 cpu  4539994 512 1236567 20036939 6111 0 419336 18994 0 0
1791125058 cpu  4543893 512 1237406 20039592 6113 0 419628 18999 0 0
1791125063 cpu  4547883 512 1238241 20042153 6113 0 419927 19005 0 0
1791125068 cpu  4551911 512 1239107 20044643 6113 0 420250 19009 0 0
1791125073 cpu  4555861 512 1239987 20047180 6114 0 420583 19013 0 0
1791125078 cpu  4559840 512 1240829 20049732 6117 0 420897 19017 0 0
1791125083 cpu  4563831 512 1241683 20052280 6117 0 421226 19022 0 0
1791125088 cpu  4567816 512 1242511 20054863 6117 0 421532 19026 0 0
1791125093 cpu  4571857 512 1243367 20057336 6117 0 421858 19032 0 0
1791125098 cpu  4575895 512 1244232 20059867 6118 0 422161 19036 0 0
1791125103 cpu  4579940 512 1245118 20062381 6118 0 422465 19041 0 0
1791125108 cpu  4584026 512 1245990 20064848 6118 0 422789 19046 0 0
1791125113 cpu  4588017 512 1246873 20067324 6118 0 423117 19051 0 0
1791125118 cpu  4591763 512 1247692 20070182 6119 0 423422 19055 0 0
1791125123 cpu  4591928 512 1247802 20077791 6119 0 423462 19059 0 0
1791125128 cpu  4592088 512 1247901 20085420 6119 0 423485 19063 0 0
1791125133 cpu  4592227 512 1247990 20093107 6120 0 423500 19066 0 0
1791125138 cpu  4592369 512 1248086 20100768 6120 0 423523 19071 0 0
1791125143 cpu  4592511 512 1248180 20108462 6120 0 423535 19074 0 0
