1791124836 cpu  655777 0 31425 12465568 697 0 68360 14678 0 0
1791124841 cpu  656317 0 31443 12468964 698 0 68411 14684 0 0
1791124846 cpu  656835 0 31462 12472382 698 0 68457 14688 0 0
1791124851 cpu  657412 0 31501 12475717 698 0 68520 14692 0 0
1791124856 cpu  657973 0 31521 12479096 698 0 68568 14703 0 0
1791124861 cpu  658498 0 31540 12482518 698 0 68609 14707 0 0
1791124866 cpu  659038 0 31561 12485927 698 0 68661 14711 0 0
1791124871 cpu  659583 0 31581 12489319 698 0 68713 14718 0 0
1791124876 cpu  660112 0 31602 12492718 699 0 68762 14724 0 0
1791124881 cpu  660639 0 31618 12496129 699 0 68810 14729 0 0
1791124886 cpu  661185 0 31639 12499521 699 0 68864 14734 0 0
1791124891 cpu  661717 0 31660 12502905 699 0 68900 14739 0 0
1791124896 cpu  662244 0 31673 12506315 699 0 68950 14744 0 0
1791124901 cpu  662766 0 31689 12509724 699 0 69003 14749 0 0
1791124906 cpu  663300 0 31708 12513130 700 0 69050 14754 0 0
1791124911 cpu  663853 0 31724 12516525 700 0 69104 14760 0 0
1791124916 cpu  664357 0 31743 12519946 700 0 69156 14764 0 0
1791124921 cpu  664872 0 31755 12523368 700 0 69202 14768 0 0
1791124926 cpu  665400 0 31777 12526765 700 0 69250 14774 0 0
1791124931 cpu  666045 0 31819 12530012 707 0 69301 14781 0 0
1791124936 cpu  667014 0 31958 12532863 707 0 69343 14790 0 0
1791124941 cpu  668002 0 32100 12535695 709 0 69378 14796 0 0
1791124946 cpu  669044 0 32235 12538473 709 0 69417 14808 0 0
1791124951 cpu  669679 0 32269 12541760 709 0 69465 14813 0 0
1791124956 cpu  670245 0 32289 12545135 710 0 69518 14820 0 0
1791124961 cpu  670853 0 32311 12548486 710 0 69566 14826 0 0
1791124966 cpu  671443 0 32328 12551849 710 0 69635 14832 0 0
1791124971 cpu  672053 0 32348 12555186 710 0 69689 14840 0 0
1791124976 cpu  672638 0 32366 12558556 710 0 69740 14850 0 0
1791124981 cpu  673233 0 32385 12561915 711 0 69804 14856 0 0
1791124986 cpu  673787 0 32405 12565296 711 0 69862 14863 0 0
1791124991 cpu  674380 0 32421 12568653 711 0 69911 14871 0 0
1791124996 cpu  674984 0 32440 12572014 711 0 69969 14878 0 0
1791125001 cpu  675572 0 32458 12575386 711 0 70023 14883 0 0
1791125006 cpu  676150 0 32480 12578766 711 0 70075 14887 0 0
1791125011 cpu  676750 0 32506 12582118 712 0 70132 14892 0 0
1791125016 cpu  677338 0 32525 12585501 712 0 70194 14897 0 0
1791125021 cpu  677934 0 32542 12588877 712 0 70257 14901 0 0
1791125026 cpu  678508 0 32556 12592262 712 0 70302 14905 0 0
1791125031 cpu  679082 0 32572 12595645 712 0 70359 14909 0 0
1791125036 cpu  679677 0 32590 12599004 712 0 70417 14918 0 0
1791125041 cpu  680293 0 32610 12602353 712 0 70477 14926 0 0
1791125046 cpu  680887 0 32632 12605706 712 0 70528 14935 0 0
1791125051 cpu  681480 0 32650 12609074 712 0 70580 14941 0 0
1791125056 cpu  682051 0 32668 12612451 712 0 70641 14947 0 0
1791125061 cpu  682653 0 32689 12615824 712 0 70696 14952 0 0
1791125066 cpu  683251 0 32709 12619167 712 0 70753 14966 0 0
1791125071 cpu  683854 0 32739 12622504 712 0 70804 14973 0 0
1791125076 cpu  684446 0 32758 12625885 712 0 70850 14977 0 0
1791125081 cpu  685051 0 32775 12629235 712 0 70903 14985 0 0
1791125086 cpu  685643 0 32794 12632588 713 0 70958 14997 0 0
1791125091 cpu  686242 0 32812 12635945 713 0 71015 15006 0 0
1791125096 cpu  686824 0 32831 12639320 713 0 71071 15010 0 0
1791125101 cpu  687396 0 32852 12642693 713 0 71123 15016 0 0
1791125106 cpu  687961 0 32871 12646068 713 0 71186 15023 0 0
1791125111 cpu  688574 0 32891 12649418 713 0 71238 15032 0 0
1791125116 cpu  689158 0 32909 12652789 714 0 71297 15039 0 0
1791125121 cpu  689464 0 32964 12656404 714 0 71330 15045 0 0
1791125126 cpu  689541 0 33006 12660275 714 0 71350 15046 0 0
1791125131 cpu  689641 0 33054 12664116 714 0 71370 15048 0 0
1791125136 cpu  689685 0 33078 12668035 714 0 71384 15049 0 0
1791125141 cpu  690620 0 33210 12670961 714 0 71402 15052 0 0
1791125146 cpu  691283 0 33268 12674228 714 0 71411 15055 0 0
