1791118515 cpu  2651612 512 727371 12392680 5462 0 244387 10388 0 0
1791118520 cpu  2651764 512 727488 12400305 5462 0 244409 10395 0 0
1791118525 cpu  2651911 512 727582 12407948 5463 0 244430 10401 0 0
1791118530 cpu  2652054 512 727688 12415580 5463 0 244453 10407 0 0
1791118535 cpu  2652189 512 727766 12423249 5463 0 244474 10412 0 0
1791118540 cpu  2652329 512 727858 12430916 5463 0 244489 10417 0 0
1791118545 cpu  2652478 512 727940 12438592 5464 0 244505 10421 0 0
1791118550 cpu  2652618 512 728035 12446247 5464 0 244527 10426 0 0
1791118555 cpu  2652755 512 728128 12453918 5464 0 244544 10430 0 0
1791118560 cpu  2652892 512 728228 12461591 5464 0 244560 10435 0 0
1791118565 cpu  2653030 512 728320 12469251 5464 0 244581 10440 0 0
1791118570 cpu  2653183 512 728418 12476910 5465 0 244599 10445 0 0
1791118575 cpu  2653301 512 728500 12484600 5465 0 244613 10450 0 0
1791118580 cpu  2653445 512 728599 12492238 5465 0 244633 10456 0 0
1791118585 cpu  2653568 512 728682 12499914 5466 0 244644 10460 0 0
1791118590 cpu  2653738 512 728775 12507550 5466 0 244657 10466 0 0
1791118595 cpu  2653855 512 728872 12515224 5466 0 244675 10471 0 0
1791118600 cpu  2653990 512 728961 12522888 5466 0 244695 10475 0 0
1791118605 cpu  2654109 512 729042 12530582 5467 0 244706 10479 0 0
1791118610 cpu  2654250 512 729148 12538234 5468 0 244728 10484 0 0
1791118615 cpu  2654414 512 729235 12545892 5468 0 244738 10489 0 0
1791118620 cpu  2654553 512 729332 12553547 5468 0 244759 10494 0 0
1791118625 cpu  2654686 512 729420 12561205 5468 0 244778 10500 0 0
1791118630 cpu  2654808 512 729530 12568869 5468 0 244804 10506 0 0
1791118635 cpu  2654943 512 729631 12576538 5468 0 244822 10511 0 0
1791118640 cpu  2655099 512 729724 12584181 5468 0 244844 10517 0 0
1791118645 cpu  2655235 512 729815 12591845 5469 0 244855 10522 0 0
1791118650 cpu  2655367 512 729921 12599495 5469 0 244879 10528 0 0
1791118655 cpu  2655500 512 730007 12607162 5470 0 244894 10533 0 0
1791118660 cpu  2655624 512 730107 12614826 5470 0 244918 10538 0 0
1791118665 cpu  2655765 512 730194 12622504 5471 0 244935 10543 0 0
1791118670 cpu  2655921 512 730304 12630136 5471 0 244955 10549 0 0
1791118675 cpu  2656085 512 730388 12637798 5471 0 244974 10554 0 0
1791118680 cpu  2656244 512 730473 12645450 5471 0 244987 10559 0 0
1791118685 cpu  2656401 512 730565 12653111 5471 0 245006 10565 0 0
1791118690 cpu  2656524 512 730664 12660774 5471 0 245024 10571 0 0
1791118695 cpu  2656660 512 730758 12668439 5472 0 245036 10576 0 0
1791118700 cpu  2656826 512 730857 12676078 5472 0 245053 10581 0 0
1791118705 cpu  2656962 512 730949 12683749 5473 0 245066 10585 0 0
1791118710 cpu  2657121 512 731043 12691395 5473 0 245084 10591 0 0
1791118715 cpu  2657248 512 731139 12699077 5473 0 245098 10596 0 0
1791118720 cpu  2657404 512 731239 12706733 5473 0 245115 10600 0 0
1791118725 cpu  2657537 512 731320 12714426 5473 0 245134 10605 0 0
1791118730 cpu  2657692 512 731432 12722059 5474 0 245151 10610 0 0
1791118735 cpu  2657844 512 731523 12729725 5474 0 245169 10615 0 0
1791118740 cpu  2658007 512 731627 12737338 5474 0 245200 10621 0 0
1791118745 cpu  2658167 512 731733 12744922 5475 0 245246 10627 0 0
1791118750 cpu  2658374 512 731848 12752477 5475 0 245294 10634 0 0
1791118755 cpu  2658547 512 731959 12760078 5475 0 245333 10639 0 0
1791118760 cpu  2658746 512 732077 12767601 5475 0 245383 10646 0 0
1791118765 cpu  2658927 512 732185 12775185 5476 0 245429 10651 0 0
1791118770 cpu  2659131 512 732312 12782712 5476 0 245478 10658 0 0
1791118775 cpu  2659308 512 732417 12790298 5476 0 245521 10664 0 0
1791118780 cpu  2659533 512 732532 12797836 5477 0 245561 10670 0 0
1791118785 cpu  2659697 512 732638 12805432 5477 0 245603 10675 0 0
1791118790 cpu  2659908 512 732766 12812937 5477 0 245656 10681 0 0
1791118795 cpu  2660084 512 732870 12820523 5477 0 245698 10686 0 0
1791118800 cpu  2660294 512 732992 12828043 5478 0 245750 10694 0 0
1791118805 cpu  2660497 512 733104 12835593 5478 0 245799 10703 0 0
1791118810 cpu  2660693 512 733222 12843103 5478 0 245862 10713 0 0
1791118815 cpu  2660884 512 733330 12850657 5479 0 245913 10720 0 0
1791118820 cpu  2661482 512 733529 12857597 5480 0 246012 10729 0 0
1791118825 cpu  2663938 512 734116 12862059 5481 0 246250 10739 0 0
1791118830 cpu  2667910 512 734953 12864626 5481 0 246559 10755 0 0
1791118835 cpu  2671415 512 735796 12867656 5481 0 246846 10768 0 0
1791118840 cpu  2674964 512 736701 12870499 5481 0 247171 10778 0 0
1791118845 cpu  2678376 512 737584 12873481 5482 0 247498 10787 0 0
1791118850 cpu  2681931 512 738510 12876289 5482 0 247841 10796 0 0
1791118855 cpu  2685577 512 739414 12879058 5482 0 248183 10806 0 0
1791118860 cpu  2689137 512 740359 12881828 5482 0 248514 10815 0 0
1791118865 cpu  2692742 512 741279 12884605 5483 0 248845 10827 0 0
1791118870 cpu  2696363 512 742238 12887329 5483 0 249184 10845 0 0
1791118875 cpu  2699714 512 743078 12890393 5483 0 249517 10865 0 0
1791118880 cpu  2702945 512 743949 12893491 5484 0 249836 10882 0 0
1791118885 cpu  2706110 512 744809 12896692 5484 0 250158 10899 0 0
1791118890 cpu  2709498 512 745709 12899689 5484 0 250480 10918 0 0
1791118895 cpu  2713025 512 746636 12902483 5485 0 250821 10930 0 0
1791118900 cpu  2716663 512 747569 12905183 5485 0 251169 10945 0 0
1791118905 cpu  2720237 512 748497 12907967 5485 0 251510 10958 0 0
1791118910 cpu  2723856 512 749424 12910705 5485 0 251842 10970 0 0
1791118915 cpu  2727324 512 750286 12913641 5486 0 252196 10978 0 0
1791118920 cpu  2730845 512 751188 12916510 5486 0 252521 10989 0 0
1791118925 cpu  2734508 512 752111 12919244 5486 0 252847 11004 0 0
1791118930 cpu  2737959 512 752957 12922221 5486 0 253167 11019 0 0
1791118935 cpu  2741732 512 753903 12924747 5487 0 253521 11030 0 0
1791118940 cpu  2745482 512 754857 12927326 5487 0 253868 11036 0 0
1791118945 cpu  2748990 512 755728 12930181 5488 0 254203 11049 0 0
1791118950 cpu  2752546 512 756614 12933026 5488 0 254529 11059 0 0
1791118955 cpu  2755957 512 757511 12936010 5488 0 254865 11069 0 0
1791118960 cpu  2758958 512 758294 12939415 5488 0 255191 11113 0 0
1791118965 cpu  2761907 512 759087 12942806 5489 0 255503 11170 0 0
1791118970 cpu  2764879 512 759897 12946155 5489 0 255834 11236 0 0
1791118975 cpu  2767750 512 760713 12949593 5490 0 256141 11297 0 0
1791118980 cpu  2770627 512 761531 12953088 5490 0 256440 11356 0 0
1791118985 cpu  2773583 512 762318 12956546 5490 0 256735 11397 0 0
1791118990 cpu  2776473 512 763115 12960024 5490 0 257050 11459 0 0
1791118995 cpu  2779509 512 763937 12963344 5490 0 257370 11485 0 0
1791119000 cpu  2782517 512 764754 12966665 5491 0 257677 11520 0 0
1791119005 cpu  2785854 512 765593 12969736 5492 0 257998 11549 0 0
1791119010 cpu  2788968 512 766416 12972997 5492 0 258332 11577 0 0
1791119015 cpu  2792244 512 767230 12976097 5492 0 258647 11603 0 0
1791119020 cpu  2795607 512 768093 12979100 5492 0 258985 11625 0 0
1791119025 cpu  2798896 512 768952 12982224 5493 0 259325 11652 0 0
1791119030 cpu  2802386 512 769876 12985029 5493 0 259664 11662 0 0
1791119035 cpu  2805395 512 770705 12988420 5493 0 259977 11691 0 0
1791119040 cpu  2808482 512 771513 12991707 5493 0 260290 11734 0 0
1791119045 cpu  2811930 512 772412 12994590 5494 0 260624 11762 0 0
1791119050 cpu  2815076 512 773223 12997800 5494 0 260964 11802 0 0
1791119055 cpu  2818277 512 774079 13000996 5494 0 261287 11827 0 0
1791119060 cpu  2821595 512 774937 13004042 5494 0 261614 11851 0 0
1791119065 cpu  2824760 512 775794 13007238 5495 0 261939 11867 0 0
1791119070 cpu  2828137 512 776660 13010217 5495 0 262274 11887 0 0
1791119075 cpu  2831608 512 777519 13013133 5495 0 262597 11903 0 0
1791119080 cpu  2835138 512 778402 13015976 5496 0 262953 11917 0 0
1791119085 cpu  2838411 512 779219 13019129 5496 0 263273 11930 0 0
1791119090 cpu  2841511 512 780054 13022448 5497 0 263599 11944 0 0
1791119095 cpu  2844781 512 780895 13025534 5497 0 263923 11960 0 0
1791119100 cpu  2848216 512 781786 13028469 5497 0 264250 11975 0 0
1791119105 cpu  2851853 512 782715 13031184 5497 0 264586 11983 0 0
1791119110 cpu  2855435 512 783574 13033999 5498 0 264930 11992 0 0
1791119115 cpu  2859129 512 784495 13036632 5498 0 265295 11998 0 0
1791119120 cpu  2862820 512 785403 13039332 5498 0 265644 12005 0 0
1791119125 cpu  2866648 512 786331 13041895 5498 0 265976 12011 0 0
1791119130 cpu  2870409 512 787268 13044516 5499 0 266294 12019 0 0
1791119135 cpu  2874077 512 788191 13047175 5499 0 266652 12030 0 0
1791119140 cpu  2877530 512 789063 13050099 5499 0 267016 12048 0 0
1791119145 cpu  2881117 512 789888 13052896 5499 0 267364 12058 0 0
1791119150 cpu  2884692 512 790777 13055699 5500 0 267724 12069 0 0
1791119155 cpu  2888295 512 791682 13058506 5500 0 268064 12080 0 0
1791119160 cpu  2892070 512 792583 13061130 5500 0 268399 12091 0 0
1791119165 cpu  2895663 512 793476 13063828 5500 0 268752 12100 0 0
1791119170 cpu  2899070 512 794340 13066839 5501 0 269067 12110 0 0
1791119175 cpu  2902580 512 795229 13069719 5501 0 269396 12124 0 0
1791119180 cpu  2906195 512 796181 13072436 5501 0 269751 12136 0 0
1791119185 cpu  2910030 512 797193 13074906 5502 0 270095 12141 0 0
1791119190 cpu  2913754 512 798078 13077554 5502 0 270434 12148 0 0
1791119195 cpu  2917463 512 799048 13080154 5502 0 270785 12154 0 0
1791119200 cpu  2921070 512 799968 13082984 5502 0 271119 12163 0 0
1791119205 cpu  2924713 512 800841 13085685 5502 0 271475 12173 0 0
1791119210 cpu  2928474 512 801759 13088282 5503 0 271826 12183 0 0
1791119215 cpu  2932377 512 802678 13090737 5503 0 272173 12191 0 0
1791119220 cpu  2936066 512 803577 13093448 5503 0 272499 12200 0 0
1791119225 cpu  2939681 512 804502 13096187 5503 0 272815 12211 0 0
1791119230 cpu  2943579 512 805422 13098639 5503 0 273188 12218 0 0
1791119235 cpu  2947198 512 806304 13101414 5503 0 273502 12227 0 0
1791119240 cpu  2951038 512 807230 13103949 5503 0 273841 12237 0 0
1791119245 cpu  2954547 512 808126 13106863 5503 0 274185 12247 0 0
1791119250 cpu  2957850 512 808962 13109987 5504 0 274511 12258 0 0
1791119255 cpu  2961201 512 809857 13112964 5504 0 274855 12270 0 0
1791119260 cpu  2964821 512 810767 13115764 5505 0 275195 12278 0 0
1791119265 cpu  2968823 512 811727 13118130 5505 0 275541 12283 0 0
1791119270 cpu  2972530 512 812649 13120769 5505 0 275906 12293 0 0
1791119275 cpu  2976431 512 813563 13123245 5505 0 276257 12301 0 0
1791119280 cpu  2980354 512 814471 13125713 5507 0 276614 12308 0 0
1791119285 cpu  2984284 512 815478 13128089 5507 0 276955 12315 0 0
1791119290 cpu  2987946 512 816381 13130798 5508 0 277307 12322 0 0
1791119295 cpu  2991571 512 817282 13133544 5508 0 277645 12330 0 0
1791119300 cpu  2995001 512 818171 13136505 5509 0 277987 12337 0 0
1791119305 cpu  2998815 512 819129 13139017 5509 0 278337 12344 0 0
1791119310 cpu  3002458 512 820073 13141748 5510 0 278667 12352 0 0
1791119315 cpu  3006138 512 820969 13144472 5510 0 279003 12360 0 0
1791119320 cpu  3009705 512 821886 13147269 5511 0 279346 12368 0 0
1791119325 cpu  3013369 512 822785 13150027 5511 0 279666 12376 0 0
1791119330 cpu  3017083 512 823659 13152739 5511 0 280001 12383 0 0
1791119335 cpu  3020905 512 824591 13155263 5511 0 280341 12390 0 0
1791119340 cpu  3024779 512 825548 13157690 5512 0 280700 12398 0 0
1791119345 cpu  3028826 512 826512 13160027 5512 0 281030 12405 0 0
1791119350 cpu  3032585 512 827462 13162610 5512 0 281370 12412 0 0
1791119355 cpu  3036403 512 828391 13165174 5512 0 281699 12418 0 0
1791119360 cpu  3039989 512 829307 13167968 5513 0 282033 12427 0 0
1791119365 cpu  3043968 512 830256 13170342 5513 0 282380 12433 0 0
1791119370 cpu  3047945 512 831194 13172775 5514 0 282726 12438 0 0
1791119375 cpu  3051791 512 832131 13175262 5514 0 283089 12444 0 0
1791119381 cpu  3055795 512 833110 13177606 5515 0 283436 12450 0 0
1791119386 cpu  3059758 512 834013 13180059 5515 0 283772 12454 0 0
1791119391 cpu  3063607 512 834966 13182570 5516 0 284131 12460 0 0
1791119396 cpu  3067628 512 835899 13184917 5516 0 284483 12466 0 0
1791119401 cpu  3071502 512 836826 13187393 5516 0 284827 12472 0 0
1791119406 cpu  3075074 512 837748 13190219 5516 0 285154 12484 0 0
1791119411 cpu  3078618 512 838648 13193043 5517 0 285509 12493 0 0
1791119416 cpu  3082366 512 839583 13195669 5517 0 285860 12501 0 0
1791119421 cpu  3086017 512 840514 13198414 5517 0 286206 12507 0 0
1791119426 cpu  3089988 512 841487 13200819 5518 0 286558 12514 0 0
1791119431 cpu  3092407 512 842116 13205253 5519 0 286803 12522 0 0
1791119436 cpu  3092572 512 842228 13212864 5519 0 286831 12528 0 0
1791119441 cpu  3092703 512 842307 13220545 5520 0 286849 12534 0 0
1791119446 cpu  3092848 512 842408 13228180 5520 0 286862 12538 0 0
1791119451 cpu  3092964 512 842490 13235873 5521 0 286880 12542 0 0
1791119456 cpu  3093158 512 842595 13243456 5521 0 286903 12546 0 0
