1791118517 cpu  384734 0 18709 7723469 546 0 39313 6217 0 0
1791118522 cpu  384738 0 18711 7727461 546 0 39313 6217 0 0
1791118527 cpu  384740 0 18712 7731454 546 0 39313 6217 0 0
1791118532 cpu  384793 0 18738 7735363 547 0 39323 6218 0 0
1791118537 cpu  384797 0 18741 7739355 547 0 39323 6219 0 0
1791118542 cpu  384799 0 18742 7743349 547 0 39323 6219 0 0
1791118547 cpu  384803 0 18744 7747341 547 0 39325 6220 0 0
1791118552 cpu  384805 0 18745 7751337 547 0 39325 6220 0 0
1791118557 cpu  384808 0 18747 7755332 547 0 39325 6220 0 0
1791118562 cpu  384809 0 18749 7759326 547 0 39325 6221 0 0
1791118567 cpu  384812 0 18750 7763318 547 0 39325 6221 0 0
1791118573 cpu  384814 0 18750 7767314 547 0 39325 6221 0 0
1791118578 cpu  384816 0 18751 7771308 547 0 39325 6222 0 0
1791118583 cpu  384819 0 18752 7775302 547 0 39325 6222 0 0
1791118588 cpu  384822 0 18753 7779297 547 0 39326 6222 0 0
1791118593 cpu  384836 0 18762 7783261 548 0 39327 6223 0 0
1791118598 cpu  384841 0 18764 7787253 548 0 39328 6223 0 0
1791118603 cpu  384843 0 18766 7791247 548 0 39328 6224 0 0
1791118608 cpu  384847 0 18767 7795240 548 0 39329 6224 0 0
1791118613 cpu  384849 0 18768 7799234 548 0 39329 6224 0 0
1791118618 cpu  384851 0 18769 7803229 548 0 39330 6225 0 0
1791118623 cpu  384852 0 18771 7807224 549 0 39330 6225 0 0
1791118628 cpu  384854 0 18774 7811215 549 0 39331 6225 0 0
1791118633 cpu  384857 0 18775 7815208 549 0 39331 6226 0 0
1791118638 cpu  384860 0 18778 7819200 549 0 39332 6226 0 0
1791118643 cpu  384865 0 18778 7823193 549 0 39332 6226 0 0
1791118648 cpu  384868 0 18778 7827186 549 0 39333 6227 0 0
1791118653 cpu  384879 0 18787 7831162 549 0 39333 6227 0 0
1791118658 cpu  384881 0 18788 7835155 549 0 39333 6228 0 0
1791118663 cpu  384883 0 18789 7839149 549 0 39334 6228 0 0
1791118668 cpu  384886 0 18791 7843140 549 0 39334 6229 0 0
1791118673 cpu  384887 0 18792 7847135 549 0 39335 6229 0 0
1791118678 cpu  384889 0 18792 7851129 549 0 39336 6230 0 0
1791118683 cpu  384891 0 18794 7855123 549 0 39337 6230 0 0
1791118688 cpu  384896 0 18796 7859113 549 0 39338 6231 0 0
1791118693 cpu  384898 0 18797 7863108 549 0 39338 6231 0 0
1791118698 cpu  384899 0 18799 7867101 549 0 39338 6231 0 0
1791118703 cpu  384902 0 18800 7871095 549 0 39338 6232 0 0
1791118708 cpu  384903 0 18802 7875089 549 0 39339 6232 0 0
1791118713 cpu  384912 0 18806 7879064 549 0 39340 6233 0 0
1791118718 cpu  384914 0 18808 7883058 549 0 39340 6233 0 0
1791118723 cpu  384915 0 18809 7887052 549 0 39341 6233 0 0
1791118728 cpu  384918 0 18810 7891043 549 0 39341 6234 0 0
1791118733 cpu  384919 0 18812 7895037 549 0 39341 6234 0 0
1791118738 cpu  384922 0 18812 7899031 549 0 39341 6234 0 0
1791118743 cpu  384923 0 18814 7903025 549 0 39341 6235 0 0
1791118748 cpu  384925 0 18816 7907017 549 0 39341 6235 0 0
1791118753 cpu  384927 0 18817 7911012 549 0 39342 6235 0 0
1791118758 cpu  384929 0 18819 7915004 549 0 39342 6236 0 0
1791118763 cpu  384934 0 18822 7918995 550 0 39342 6236 0 0
1791118768 cpu  384935 0 18823 7922988 550 0 39342 6236 0 0
1791118773 cpu  384942 0 18829 7926965 550 0 39342 6237 0 0
1791118778 cpu  384943 0 18830 7930960 550 0 39342 6237 0 0
1791118783 cpu  384944 0 18832 7934954 550 0 39342 6237 0 0
1791118788 cpu  384947 0 18833 7938947 550 0 39342 6238 0 0
1791118793 cpu  384948 0 18834 7942941 550 0 39342 6238 0 0
1791118798 cpu  384997 0 18855 7946865 550 0 39349 6239 0 0
1791118803 cpu  385064 0 18885 7950761 550 0 39359 6240 0 0
1791118808 cpu  385141 0 18922 7954633 550 0 39375 6243 0 0
1791118813 cpu  385237 0 18958 7958490 550 0 39397 6246 0 0
1791118818 cpu  386397 0 19086 7961116 551 0 39414 6325 0 0
1791118823 cpu  386936 0 19118 7964508 551 0 39439 6338 0 0
1791118828 cpu  387795 0 19169 7967541 551 0 39500 6358 0 0
1791118833 cpu  388369 0 19196 7970889 552 0 39536 6369 0 0
1791118838 cpu  388933 0 19217 7974254 552 0 39579 6387 0 0
1791118843 cpu  389497 0 19235 7977625 552 0 39638 6396 0 0
1791118848 cpu  390045 0 19253 7981019 552 0 39710 6405 0 0
1791118853 cpu  390590 0 19272 7984398 552 0 39769 6413 0 0
1791118858 cpu  391133 0 19292 7987781 552 0 39825 6420 0 0
1791118863 cpu  391716 0 19311 7991143 552 0 39889 6433 0 0
1791118868 cpu  392327 0 19328 7994449 552 0 39963 6471 0 0
1791118873 cpu  392883 0 19347 7997827 552 0 40026 6491 0 0
1791118878 cpu  393415 0 19367 8001219 553 0 40085 6514 0 0
1791118883 cpu  393953 0 19388 8004626 553 0 40153 6522 0 0
1791118888 cpu  394480 0 19411 8008052 553 0 40214 6529 0 0
1791118893 cpu  394995 0 19441 8011451 553 0 40282 6534 0 0
1791118898 cpu  395529 0 19459 8014855 553 0 40365 6542 0 0
1791118903 cpu  396077 0 19476 8018250 553 0 40436 6548 0 0
1791118908 cpu  396617 0 19494 8021633 553 0 40500 6557 0 0
1791118913 cpu  397175 0 19519 8025022 553 0 40572 6564 0 0
1791118918 cpu  397698 0 19536 8028419 553 0 40635 6570 0 0
1791118923 cpu  398268 0 19555 8031755 553 0 40700 6589 0 0
1791118928 cpu  398802 0 19575 8035158 553 0 40763 6598 0 0
1791118933 cpu  399382 0 19589 8038528 553 0 40824 6606 0 0
1791118938 cpu  399994 0 19614 8041860 553 0 40895 6623 0 0
1791118943 cpu  400584 0 19636 8045199 553 0 40964 6650 0 0
1791118948 cpu  401124 0 19654 8048586 553 0 41017 6659 0 0
1791118953 cpu  401685 0 19685 8051970 553 0 41089 6666 0 0
1791118958 cpu  402180 0 19702 8055412 553 0 41147 6672 0 0
1791118963 cpu  402639 0 19717 8058924 553 0 41194 6676 0 0
1791118968 cpu  403091 0 19734 8062423 554 0 41248 6683 0 0
1791118973 cpu  403560 0 19749 8065906 554 0 41305 6689 0 0
1791118978 cpu  404020 0 19767 8069395 554 0 41356 6696 0 0
1791118983 cpu  404466 0 19785 8072907 554 0 41396 6704 0 0
1791118988 cpu  404962 0 19802 8076351 554 0 41448 6715 0 0
1791118993 cpu  405418 0 19818 8079845 554 0 41489 6727 0 0
1791118998 cpu  405957 0 19834 8083279 554 0 41552 6745 0 0
1791119003 cpu  406446 0 19851 8086737 554 0 41610 6759 0 0
1791119008 cpu  406933 0 19870 8090193 554 0 41667 6767 0 0
1791119013 cpu  407431 0 19893 8093638 554 0 41721 6773 0 0
1791119018 cpu  407932 0 19915 8097089 555 0 41779 6780 0 0
1791119023 cpu  408431 0 19931 8100557 555 0 41829 6787 0 0
1791119028 cpu  408940 0 19945 8103990 555 0 41893 6794 0 0
1791119033 cpu  409440 0 19966 8107425 555 0 41943 6802 0 0
1791119038 cpu  409925 0 19983 8110897 555 0 42000 6810 0 0
1791119043 cpu  410464 0 20002 8114295 555 0 42061 6829 0 0
1791119048 cpu  410951 0 20021 8117761 555 0 42122 6835 0 0
1791119053 cpu  411451 0 20039 8121218 555 0 42168 6842 0 0
1791119058 cpu  411945 0 20056 8124679 555 0 42216 6850 0 0
1791119063 cpu  412457 0 20076 8128128 555 0 42272 6858 0 0
1791119068 cpu  412952 0 20094 8131576 556 0 42328 6866 0 0
1791119073 cpu  413485 0 20121 8134988 556 0 42386 6874 0 0
1791119078 cpu  413994 0 20143 8138418 556 0 42445 6882 0 0
1791119083 cpu  414528 0 20164 8141814 556 0 42513 6897 0 0
1791119088 cpu  415067 0 20185 8145206 556 0 42574 6920 0 0
1791119093 cpu  415576 0 20200 8148625 556 0 42634 6935 0 0
1791119098 cpu  416082 0 20221 8152044 557 0 42690 6948 0 0
1791119103 cpu  416689 0 20240 8155356 557 0 42760 6970 0 0
1791119108 cpu  417292 0 20259 8158681 557 0 42833 6992 0 0
1791119113 cpu  417914 0 20277 8161995 557 0 42913 7015 0 0
1791119118 cpu  418516 0 20304 8165310 557 0 42980 7036 0 0
1791119123 cpu  419126 0 20328 8168654 557 0 43043 7048 0 0
1791119128 cpu  419712 0 20351 8171997 558 0 43113 7058 0 0
1791119133 cpu  420293 0 20374 8175323 558 0 43194 7067 0 0
1791119138 cpu  420851 0 20394 8178696 558 0 43262 7087 0 0
1791119143 cpu  421406 0 20411 8182089 558 0 43326 7095 0 0
1791119148 cpu  422003 0 20431 8185423 559 0 43397 7114 0 0
1791119153 cpu  422615 0 20447 8188744 559 0 43453 7137 0 0
1791119158 cpu  423187 0 20469 8192092 559 0 43520 7150 0 0
1791119163 cpu  423786 0 20488 8195423 559 0 43582 7171 0 0
1791119168 cpu  424373 0 20509 8198741 561 0 43657 7198 0 0
1791119173 cpu  424965 0 20530 8202070 561 0 43715 7223 0 0
1791119178 cpu  425576 0 20550 8205365 561 0 43791 7263 0 0
1791119183 cpu  426213 0 20576 8208633 562 0 43863 7298 0 0
1791119188 cpu  426893 0 20607 8211844 562 0 43931 7365 0 0
1791119193 cpu  427557 0 20639 8215065 562 0 44013 7412 0 0
1791119198 cpu  428215 0 20668 8218311 562 0 44095 7467 0 0
1791119203 cpu  428841 0 20688 8221611 562 0 44166 7507 0 0
1791119208 cpu  429460 0 20708 8224944 562 0 44241 7526 0 0
1791119213 cpu  430108 0 20732 8228218 563 0 44319 7565 0 0
1791119218 cpu  430753 0 20750 8231511 564 0 44391 7595 0 0
1791119223 cpu  431367 0 20775 8234825 564 0 44458 7620 0 0
1791119228 cpu  431968 0 20795 8238168 564 0 44529 7637 0 0
1791119233 cpu  432574 0 20814 8241500 564 0 44604 7655 0 0
1791119238 cpu  433198 0 20834 8244792 564 0 44681 7680 0 0
1791119243 cpu  433786 0 20855 8248121 565 0 44748 7700 0 0
1791119248 cpu  434433 0 20876 8251369 565 0 44821 7760 0 0
1791119253 cpu  435046 0 20907 8254673 565 0 44892 7783 0 0
1791119258 cpu  435638 0 20924 8258013 565 0 44960 7803 0 0
1791119263 cpu  436279 0 20948 8261316 565 0 45030 7823 0 0
1791119268 cpu  436872 0 20971 8264636 565 0 45103 7839 0 0
1791119273 cpu  437445 0 20997 8267972 566 0 45163 7858 0 0
1791119278 cpu  438043 0 21022 8271288 566 0 45223 7875 0 0
1791119283 cpu  438692 0 21043 8274565 566 0 45294 7899 0 0
1791119288 cpu  439341 0 21065 8277831 566 0 45364 7931 0 0
1791119293 cpu  439971 0 21084 8281124 567 0 45440 7967 0 0
1791119298 cpu  440661 0 21106 8284330 567 0 45518 8048 0 0
1791119303 cpu  441307 0 21125 8287586 567 0 45583 8103 0 0
1791119308 cpu  441970 0 21147 8290816 567 0 45657 8164 0 0
1791119313 cpu  442594 0 21176 8294074 567 0 45728 8197 0 0
1791119318 cpu  443248 0 21196 8297324 567 0 45804 8240 0 0
1791119323 cpu  443880 0 21219 8300584 567 0 45864 8277 0 0
1791119328 cpu  444514 0 21246 8303859 567 0 45943 8305 0 0
1791119333 cpu  445192 0 21272 8307077 567 0 46018 8376 0 0
1791119338 cpu  445892 0 21298 8310292 569 0 46101 8426 0 0
1791119343 cpu  446574 0 21320 8313491 569 0 46178 8497 0 0
1791119348 cpu  447306 0 21345 8316632 569 0 46253 8579 0 0
1791119353 cpu  447974 0 21365 8319887 571 0 46331 8621 0 0
1791119358 cpu  448687 0 21385 8323025 571 0 46406 8733 0 0
1791119363 cpu  449358 0 21408 8326238 571 0 46483 8791 0 0
1791119368 cpu  449990 0 21430 8329489 572 0 46560 8837 0 0
1791119373 cpu  450713 0 21470 8332616 572 0 46646 8944 0 0
1791119378 cpu  451423 0 21497 8335761 573 0 46726 9057 0 0
1791119383 cpu  452121 0 21519 8338942 573 0 46805 9123 0 0
1791119388 cpu  452829 0 21539 8342124 573 0 46884 9194 0 0
1791119393 cpu  453540 0 21560 8345299 573 0 46969 9259 0 0
1791119398 cpu  454228 0 21582 8348495 574 0 47049 9335 0 0
1791119403 cpu  454912 0 21604 8351691 574 0 47129 9437 0 0
1791119408 cpu  455562 0 21626 8354930 574 0 47199 9506 0 0
1791119413 cpu  456241 0 21645 8358155 575 0 47272 9571 0 0
1791119418 cpu  456927 0 21674 8361375 575 0 47353 9638 0 0
1791119423 cpu  457537 0 21693 8364682 575 0 47429 9660 0 0
1791119428 cpu  458219 0 21729 8367879 575 0 47508 9699 0 0
1791119433 cpu  458324 0 21765 8371718 576 0 47518 9710 0 0
1791119438 cpu  458326 0 21766 8375713 576 0 47518 9711 0 0
1791119443 cpu  458329 0 21768 8379705 576 0 47518 9712 0 0
1791119448 cpu  458332 0 21768 8383699 576 0 47518 9712 0 0
1791119453 cpu  458334 0 21770 8387693 576 0 47518 9713 0 0
1791119458 cpu  458336 0 21771 8391688 576 0 47518 9713 0 0
