1791118512 cpu  528071 525 153742 7293592 4207 0 115161 4967 0 0
1791118517 cpu  528120 525 153772 7297485 4207 0 115168 4968 0 0
1791118522 cpu  528249 525 153833 7301257 4208 0 115184 4969 0 0
1791118527 cpu  528379 525 153896 7305031 4209 0 115200 4969 0 0
1791118532 cpu  528466 525 153942 7308847 4210 0 115212 4970 0 0
1791118537 cpu  528585 525 153996 7312612 4211 0 115228 4971 0 0
1791118542 cpu  528790 525 154069 7316295 4213 0 115252 4972 0 0
1791118547 cpu  528928 525 154123 7320054 4213 0 115276 4973 0 0
1791118552 cpu  529068 525 154201 7323795 4214 0 115305 4974 0 0
1791118557 cpu  529154 525 154239 7327616 4215 0 115317 4975 0 0
1791118562 cpu  529221 525 154278 7331474 4216 0 115325 4976 0 0
1791118567 cpu  529270 525 154305 7335359 4217 0 115332 4977 0 0
1791118572 cpu  529338 525 154343 7339221 4217 0 115338 4978 0 0
1791118577 cpu  529428 525 154384 7343056 4218 0 115352 4979 0 0
1791118582 cpu  529536 525 154442 7346853 4219 0 115367 4980 0 0
1791118587 cpu  529664 525 154503 7350626 4219 0 115390 4981 0 0
1791118592 cpu  529795 525 154567 7354365 4220 0 115407 4982 0 0
1791118597 cpu  529915 525 154628 7358138 4221 0 115423 4983 0 0
1791118602 cpu  530061 525 154701 7361874 4222 0 115447 4984 0 0
1791118607 cpu  530206 525 154751 7365636 4223 0 115468 4985 0 0
1791118612 cpu  530314 525 154817 7369423 4224 0 115483 4985 0 0
1791118617 cpu  530403 525 154863 7373252 4225 0 115501 4987 0 0
1791118622 cpu  530519 525 154926 7377035 4225 0 115518 4988 0 0
1791118627 cpu  530675 525 154992 7380816 4228 0 115536 4988 0 0
1791118632 cpu  530790 525 155050 7384616 4229 0 115547 4989 0 0
1791118637 cpu  530875 525 155074 7388467 4229 0 115556 4990 0 0
1791118642 cpu  530995 525 155131 7392231 4231 0 115577 4990 0 0
1791118647 cpu  531117 525 155183 7396013 4232 0 115602 4992 0 0
1791118652 cpu  531273 525 155246 7399742 4232 0 115632 4993 0 0
1791118657 cpu  531413 525 155307 7403489 4233 0 115659 4993 0 0
1791118662 cpu  531570 525 155377 7407194 4234 0 115676 4994 0 0
1791118667 cpu  531715 525 155441 7410933 4235 0 115700 4995 0 0
1791118672 cpu  531888 525 155512 7414648 4235 0 115722 4996 0 0
1791118677 cpu  532037 525 155574 7418395 4236 0 115739 4997 0 0
1791118682 cpu  532186 525 155635 7422123 4237 0 115760 4998 0 0
1791118687 cpu  532322 525 155690 7425889 4238 0 115779 4999 0 0
1791118692 cpu  532479 525 155747 7429620 4239 0 115803 5000 0 0
1791118697 cpu  532604 525 155796 7433391 4239 0 115821 5000 0 0
1791118702 cpu  532744 525 155857 7437137 4240 0 115843 5001 0 0
1791118707 cpu  532874 525 155918 7440889 4241 0 115870 5002 0 0
1791118712 cpu  533024 525 155981 7444600 4242 0 115892 5003 0 0
1791118717 cpu  533154 525 156039 7448354 4243 0 115910 5004 0 0
1791118722 cpu  533312 525 156116 7452057 4244 0 115938 5005 0 0
1791118727 cpu  533455 525 156172 7455810 4245 0 115962 5006 0 0
1791118732 cpu  533582 525 156230 7459578 4245 0 115982 5007 0 0
1791118737 cpu  533693 525 156283 7463361 4247 0 116005 5008 0 0
1791118742 cpu  534041 525 156359 7466875 4248 0 116044 5009 0 0
1791118747 cpu  534366 525 156422 7470419 4249 0 116079 5010 0 0
1791118752 cpu  534783 525 156509 7473849 4249 0 116123 5011 0 0
1791118757 cpu  535120 525 156572 7477394 4251 0 116172 5012 0 0
1791118762 cpu  535516 525 156657 7480848 4252 0 116213 5013 0 0
1791118767 cpu  535893 525 156731 7484338 4252 0 116244 5014 0 0
1791118772 cpu  536314 525 156815 7487774 4253 0 116287 5015 0 0
1791118777 cpu  536701 525 156906 7491221 4254 0 116333 5016 0 0
1791118782 cpu  537120 525 156985 7494640 4255 0 116389 5017 0 0
1791118787 cpu  537520 525 157056 7498110 4256 0 116423 5018 0 0
1791118792 cpu  537949 525 157149 7501521 4256 0 116473 5019 0 0
1791118797 cpu  538428 525 157231 7504912 4257 0 116509 5020 0 0
1791118802 cpu  538911 525 157314 7508273 4258 0 116551 5021 0 0
1791118807 cpu  539348 525 157392 7511674 4259 0 116587 5023 0 0
1791118812 cpu  539850 525 157482 7515025 4260 0 116630 5024 0 0
1791118817 cpu  540335 525 157565 7518423 4262 0 116662 5026 0 0
1791118822 cpu  540868 525 157665 7521676 4263 0 116735 5027 0 0
1791118827 cpu  541463 525 157774 7524846 4264 0 116850 5030 0 0
1791118832 cpu  542041 525 157901 7527957 4265 0 116964 5032 0 0
1791118837 cpu  542614 525 158012 7531122 4267 0 117100 5034 0 0
1791118842 cpu  543295 525 158145 7534141 4268 0 117226 5036 0 0
1791118847 cpu  543836 525 158260 7537303 4269 0 117350 5039 0 0
1791118852 cpu  544431 525 158384 7540407 4271 0 117488 5041 0 0
1791118857 cpu  545015 525 158519 7543539 4273 0 117629 5044 0 0
1791118862 cpu  545633 525 158650 7546603 4274 0 117800 5047 0 0
1791118867 cpu  546228 525 158775 7549734 4275 0 117959 5050 0 0
1791118872 cpu  546808 525 158904 7552850 4277 0 118081 5052 0 0
1791118877 cpu  547367 525 159018 7556036 4277 0 118206 5054 0 0
1791118882 cpu  547959 525 159140 7559157 4279 0 118334 5057 0 0
1791118887 cpu  548503 525 159267 7562331 4280 0 118471 5059 0 0
1791118892 cpu  549068 525 159390 7565489 4282 0 118598 5061 0 0
1791118897 cpu  549660 525 159518 7568600 4283 0 118737 5064 0 0
1791118902 cpu  550282 525 159662 7571685 4284 0 118877 5066 0 0
1791118907 cpu  550825 525 159783 7574846 4285 0 119023 5068 0 0
1791118912 cpu  551436 525 159921 7577944 4287 0 119145 5071 0 0
1791118917 cpu  552004 525 160048 7581099 4288 0 119287 5073 0 0
1791118922 cpu  552599 525 160180 7584206 4289 0 119431 5076 0 0
1791118927 cpu  553191 525 160320 7587328 4290 0 119556 5078 0 0
1791118932 cpu  553786 525 160468 7590423 4291 0 119686 5080 0 0
1791118937 cpu  554342 525 160604 7593553 4292 0 119846 5083 0 0
1791118942 cpu  554921 525 160733 7596674 4294 0 119990 5085 0 0
1791118947 cpu  555496 525 160860 7599818 4295 0 120119 5088 0 0
1791118952 cpu  556065 525 160998 7602947 4297 0 120259 5090 0 0
1791118957 cpu  556656 525 161131 7606080 4299 0 120393 5094 0 0
1791118962 cpu  557257 525 161249 7609219 4300 0 120525 5096 0 0
1791118967 cpu  557812 525 161373 7612403 4301 0 120641 5098 0 0
1791118972 cpu  558365 525 161488 7615582 4302 0 120763 5100 0 0
1791118977 cpu  558922 525 161601 7618771 4303 0 120876 5102 0 0
1791118982 cpu  559468 525 161723 7621945 4305 0 120984 5105 0 0
1791118987 cpu  560048 525 161847 7625094 4306 0 121107 5107 0 0
1791118992 cpu  560613 525 161965 7628260 4308 0 121219 5109 0 0
1791118997 cpu  561186 525 162080 7631421 4309 0 121342 5111 0 0
1791119002 cpu  561756 525 162197 7634586 4310 0 121472 5113 0 0
1791119007 cpu  562332 525 162324 7637740 4312 0 121595 5115 0 0
1791119012 cpu  562882 525 162446 7640900 4313 0 121716 5117 0 0
1791119017 cpu  563457 525 162563 7644030 4314 0 121855 5119 0 0
1791119022 cpu  564033 525 162685 7647164 4316 0 121991 5121 0 0
1791119027 cpu  564604 525 162809 7650303 4317 0 122135 5124 0 0
1791119032 cpu  565183 525 162925 7653433 4319 0 122299 5126 0 0
1791119037 cpu  565758 525 163056 7656590 4320 0 122414 5129 0 0
1791119042 cpu  566374 525 163178 7659686 4321 0 122544 5132 0 0
1791119047 cpu  566952 525 163302 7662821 4323 0 122682 5134 0 0
1791119052 cpu  567518 525 163424 7665959 4324 0 122795 5136 0 0
1791119057 cpu  568109 525 163547 7669111 4325 0 122924 5139 0 0
1791119062 cpu  568664 525 163666 7672266 4327 0 123046 5141 0 0
1791119067 cpu  569228 525 163794 7675405 4328 0 123174 5143 0 0
1791119072 cpu  569781 525 163923 7678551 4329 0 123312 5146 0 0
1791119077 cpu  570351 525 164060 7681680 4330 0 123446 5148 0 0
1791119082 cpu  570965 525 164200 7684781 4332 0 123586 5150 0 0
1791119087 cpu  571562 525 164326 7687912 4332 0 123694 5152 0 0
1791119092 cpu  572108 525 164447 7691071 4334 0 123822 5155 0 0
1791119097 cpu  572669 525 164580 7694214 4335 0 123941 5158 0 0
1791119102 cpu  573262 525 164720 7697309 4336 0 124089 5161 0 0
1791119107 cpu  573879 525 164856 7700389 4338 0 124226 5164 0 0
1791119112 cpu  574487 525 165018 7703473 4339 0 124373 5168 0 0
1791119117 cpu  575074 525 165155 7706569 4340 0 124521 5172 0 0
1791119122 cpu  575675 525 165297 7709640 4341 0 124682 5175 0 0
1791119127 cpu  576298 525 165446 7712713 4343 0 124832 5178 0 0
1791119132 cpu  576912 525 165588 7715796 4344 0 124980 5181 0 0
1791119137 cpu  577530 525 165747 7718850 4346 0 125117 5185 0 0
1791119142 cpu  578179 525 165901 7721869 4347 0 125278 5188 0 0
1791119147 cpu  578794 525 166041 7724950 4348 0 125421 5192 0 0
1791119152 cpu  579414 525 166191 7728005 4350 0 125595 5197 0 0
1791119158 cpu  580020 525 166335 7731072 4352 0 125747 5202 0 0
1791119163 cpu  580636 525 166504 7734114 4353 0 125913 5208 0 0
1791119168 cpu  581277 525 166665 7737163 4355 0 126085 5213 0 0
1791119173 cpu  581901 525 166804 7740204 4356 0 126239 5219 0 0
1791119178 cpu  582540 525 166963 7743221 4357 0 126421 5227 0 0
1791119183 cpu  583214 525 167116 7746189 4359 0 126616 5234 0 0
1791119188 cpu  583871 525 167285 7749177 4361 0 126784 5242 0 0
1791119193 cpu  584534 525 167457 7752145 4361 0 126965 5250 0 0
1791119198 cpu  585227 525 167625 7755084 4363 0 127154 5259 0 0
1791119203 cpu  585898 525 167783 7758059 4364 0 127321 5266 0 0
1791119208 cpu  586525 525 167938 7761076 4365 0 127497 5272 0 0
1791119213 cpu  587170 525 168105 7764085 4367 0 127667 5278 0 0
1791119218 cpu  587792 525 168257 7767109 4369 0 127842 5283 0 0
1791119223 cpu  588413 525 168412 7770119 4369 0 128018 5289 0 0
1791119228 cpu  589028 525 168540 7773148 4371 0 128185 5293 0 0
1791119233 cpu  589648 525 168706 7776196 4372 0 128336 5296 0 0
1791119238 cpu  590258 525 168839 7779256 4373 0 128502 5300 0 0
1791119243 cpu  590889 525 168992 7782319 4375 0 128659 5305 0 0
1791119248 cpu  591503 525 169140 7785384 4377 0 128819 5309 0 0
1791119253 cpu  592079 525 169277 7788480 4377 0 128963 5313 0 0
1791119258 cpu  592691 525 169412 7791542 4379 0 129122 5317 0 0
1791119263 cpu  593317 525 169570 7794562 4381 0 129275 5321 0 0
1791119268 cpu  593947 525 169736 7797609 4382 0 129438 5325 0 0
1791119273 cpu  594577 525 169879 7800670 4383 0 129593 5330 0 0
1791119278 cpu  595216 525 170022 7803709 4385 0 129760 5334 0 0
1791119283 cpu  595814 525 170173 7806797 4386 0 129929 5337 0 0
1791119288 cpu  596431 525 170314 7809884 4391 0 130084 5341 0 0
1791119293 cpu  597024 525 170465 7812965 4392 0 130232 5345 0 0
1791119298 cpu  597651 525 170606 7816024 4393 0 130390 5351 0 0
1791119303 cpu  598319 525 170772 7819024 4394 0 130557 5356 0 0
1791119308 cpu  599029 525 170940 7821950 4396 0 130732 5366 0 0
1791119313 cpu  599707 525 171121 7824900 4397 0 130906 5374 0 0
1791119318 cpu  600390 525 171288 7827827 4399 0 131086 5383 0 0
1791119323 cpu  601100 525 171463 7830718 4400 0 131266 5392 0 0
1791119328 cpu  601749 525 171640 7833684 4401 0 131427 5400 0 0
1791119333 cpu  602406 525 171803 7836638 4403 0 131598 5407 0 0
1791119338 cpu  603071 525 171976 7839585 4405 0 131783 5415 0 0
1791119343 cpu  603765 525 172146 7842522 4406 0 131947 5423 0 0
1791119348 cpu  604454 525 172329 7845426 4408 0 132122 5432 0 0
1791119353 cpu  605145 525 172512 7848343 4409 0 132293 5440 0 0
1791119358 cpu  605836 525 172678 7851285 4410 0 132498 5449 0 0
1791119363 cpu  606527 525 172853 7854191 4412 0 132677 5460 0 0
1791119368 cpu  607249 525 173007 7857103 4414 0 132874 5468 0 0
1791119373 cpu  607918 525 173172 7860068 4415 0 133050 5475 0 0
1791119378 cpu  608605 525 173346 7863017 4417 0 133230 5483 0 0
1791119383 cpu  609294 525 173531 7865938 4419 0 133410 5490 0 0
1791119388 cpu  609994 525 173681 7868887 4420 0 133591 5497 0 0
1791119393 cpu  610660 525 173854 7871850 4422 0 133766 5503 0 0
1791119398 cpu  611307 525 174012 7874842 4424 0 133953 5510 0 0
1791119403 cpu  611935 525 174169 7877835 4425 0 134120 5516 0 0
1791119408 cpu  612595 525 174326 7880830 4427 0 134287 5521 0 0
1791119413 cpu  613265 525 174478 7883787 4428 0 134450 5526 0 0
1791119418 cpu  613909 525 174637 7886773 4428 0 134633 5533 0 0
1791119423 cpu  614609 525 174807 7889717 4431 0 134808 5540 0 0
1791119428 cpu  615256 525 174982 7892685 4432 0 134997 5547 0 0
1791119433 cpu  615740 525 175099 7895961 4433 0 135076 5552 0 0
1791119438 cpu  615877 525 175182 7899671 4434 0 135100 5555 0 0
1791119443 cpu  616035 525 175244 7903379 4436 0 135123 5558 0 0
1791119448 cpu  616162 525 175311 7907134 4436 0 135146 5560 0 0
