1791127114 cpu  808527 0 50029 14106147 739 0 73996 16887 0 0
1791127119 cpu  808530 0 50033 14110139 739 0 73997 16888 0 0
1791127124 cpu  808533 0 50033 14114130 739 0 73997 16888 0 0
1791127129 cpu  808580 0 50055 14118057 739 0 74003 16889 0 0
1791127134 cpu  808583 0 50056 14122051 740 0 74003 16889 0 0
1791127139 cpu  808584 0 50058 14126047 740 0 74003 16889 0 0
1791127144 cpu  808586 0 50060 14130040 740 0 74003 16890 0 0
1791127149 cpu  808590 0 50063 14134033 740 0 74003 16890 0 0
1791127154 cpu  808591 0 50064 14138028 740 0 74003 16891 0 0
1791127159 cpu  808593 0 50064 14142023 740 0 74003 16891 0 0
1791127164 cpu  808595 0 50065 14146018 741 0 74003 16891 0 0
1791127169 cpu  808601 0 50069 14150002 741 0 74004 16891 0 0
1791127174 cpu  808608 0 50069 14153990 741 0 74004 16892 0 0
1791127179 cpu  808608 0 50071 14157986 741 0 74004 16892 0 0
1791127184 cpu  808610 0 50073 14161979 741 0 74004 16892 0 0
1791127189 cpu  808612 0 50073 14165975 741 0 74005 16892 0 0
1791127194 cpu  808613 0 50073 14169972 741 0 74006 16892 0 0
1791127199 cpu  808615 0 50074 14173968 741 0 74006 16893 0 0
1791127204 cpu  808618 0 50075 14177961 741 0 74006 16893 0 0
1791127209 cpu  808621 0 50075 14181957 741 0 74006 16893 0 0
1791127214 cpu  808622 0 50075 14185953 741 0 74006 16893 0 0
1791127219 cpu  808628 0 50076 14189945 742 0 74007 16893 0 0
1791127224 cpu  808630 0 50077 14193941 742 0 74007 16894 0 0
1791127229 cpu  808636 0 50079 14197926 742 0 74008 16894 0 0
1791127234 cpu  808639 0 50081 14201918 742 0 74008 16894 0 0
1791127239 cpu  808640 0 50082 14205913 742 0 74008 16895 0 0
1791127244 cpu  808645 0 50083 14209904 742 0 74009 16895 0 0
1791127249 cpu  808646 0 50084 14213899 742 0 74009 16895 0 0
1791127254 cpu  808647 0 50085 14217895 742 0 74010 16895 0 0
1791127259 cpu  808648 0 50085 14221890 742 0 74010 16895 0 0
1791127264 cpu  808652 0 50085 14225882 742 0 74010 16896 0 0
1791127269 cpu  808654 0 50085 14229877 742 0 74010 16896 0 0
1791127274 cpu  808655 0 50086 14233873 742 0 74010 16896 0 0
1791127279 cpu  808656 0 50086 14237868 742 0 74011 16896 0 0
1791127284 cpu  808658 0 50087 14241863 742 0 74011 16897 0 0
1791127289 cpu  808666 0 50091 14245846 742 0 74013 16897 0 0
1791127294 cpu  808670 0 50092 14249838 742 0 74014 16897 0 0
1791127299 cpu  808671 0 50093 14253833 742 0 74014 16897 0 0
1791127304 cpu  808672 0 50094 14257826 742 0 74015 16898 0 0
1791127309 cpu  808674 0 50094 14261821 742 0 74015 16898 0 0
1791127314 cpu  808676 0 50095 14265816 742 0 74015 16898 0 0
1791127319 cpu  808678 0 50095 14269811 742 0 74015 16898 0 0
1791127324 cpu  808680 0 50096 14273801 742 0 74015 16899 0 0
1791127329 cpu  808681 0 50097 14277796 742 0 74015 16899 0 0
1791127334 cpu  808684 0 50097 14281792 742 0 74016 16899 0 0
1791127339 cpu  808685 0 50098 14285787 742 0 74016 16899 0 0
1791127344 cpu  808687 0 50099 14289782 742 0 74016 16900 0 0
1791127349 cpu  808694 0 50104 14293765 742 0 74016 16900 0 0
1791127354 cpu  808696 0 50105 14297756 742 0 74017 16901 0 0
1791127359 cpu  808697 0 50105 14301752 742 0 74018 16901 0 0
1791127364 cpu  808699 0 50106 14305745 742 0 74018 16901 0 0
1791127369 cpu  808701 0 50106 14309740 742 0 74018 16901 0 0
1791127374 cpu  808702 0 50106 14313735 742 0 74018 16901 0 0
1791127379 cpu  808704 0 50107 14317731 742 0 74018 16902 0 0
1791127384 cpu  808708 0 50108 14321723 742 0 74018 16902 0 0
1791127389 cpu  808710 0 50109 14325718 742 0 74020 16902 0 0
1791127394 cpu  808712 0 50109 14329713 742 0 74020 16903 0 0
1791127399 cpu  808714 0 50110 14333707 742 0 74020 16903 0 0
1791127404 cpu  808786 0 50140 14337597 742 0 74028 16904 0 0
1791127409 cpu  808861 0 50181 14341469 742 0 74046 16906 0 0
1791127414 cpu  808947 0 50225 14345327 743 0 74058 16908 0 0
1791127419 cpu  808997 0 50251 14349243 743 0 74062 16909 0 0
1791127424 cpu  810183 0 50411 14351879 744 0 74078 16922 0 0
1791127429 cpu  810612 0 50433 14355407 744 0 74099 16929 0 0
1791127434 cpu  811302 0 50496 14358612 744 0 74132 16953 0 0
1791127439 cpu  811893 0 50521 14361966 744 0 74165 16963 0 0
1791127444 cpu  812789 0 50557 14364934 745 0 74206 17062 0 0
1791127449 cpu  813591 0 50590 14368011 745 0 74249 17117 0 0
1791127454 cpu  814509 0 50623 14371007 745 0 74298 17139 0 0
1791127459 cpu  815359 0 50658 14374055 745 0 74349 17154 0 0
1791127464 cpu  816364 0 50689 14376958 745 0 74407 17169 0 0
1791127469 cpu  817327 0 50727 14379930 745 0 74484 17179 0 0
1791127474 cpu  818287 0 50761 14382898 746 0 74560 17191 0 0
1791127479 cpu  818958 0 50784 14386155 746 0 74632 17198 0 0
1791127484 cpu  819569 0 50809 14389463 746 0 74695 17206 0 0
1791127489 cpu  820199 0 50834 14392758 746 0 74773 17217 0 0
1791127494 cpu  820871 0 50859 14396038 746 0 74848 17224 0 0
1791127499 cpu  821509 0 50883 14399349 747 0 74916 17229 0 0
1791127504 cpu  822124 0 50912 14402659 747 0 74988 17236 0 0
1791127509 cpu  822763 0 50937 14405968 747 0 75071 17245 0 0
1791127514 cpu  823378 0 50957 14409291 747 0 75156 17255 0 0
1791127519 cpu  824004 0 50978 14412617 747 0 75227 17264 0 0
1791127524 cpu  824599 0 50997 14415950 747 0 75285 17274 0 0
1791127529 cpu  825272 0 51028 14419197 747 0 75374 17289 0 0
1791127534 cpu  825909 0 51052 14422479 747 0 75453 17296 0 0
1791127539 cpu  826522 0 51073 14425800 747 0 75529 17302 0 0
1791127544 cpu  827147 0 51090 14429112 747 0 75612 17308 0 0
1791127549 cpu  827800 0 51115 14432378 747 0 75693 17327 0 0
1791127554 cpu  828470 0 51143 14435627 748 0 75774 17352 0 0
1791127559 cpu  829089 0 51169 14438934 748 0 75849 17367 0 0
1791127564 cpu  829749 0 51191 14442202 748 0 75934 17391 0 0
1791127569 cpu  830427 0 51207 14445442 748 0 76017 17421 0 0
1791127574 cpu  831023 0 51226 14448788 748 0 76086 17428 0 0
1791127579 cpu  831654 0 51249 14452105 748 0 76159 17437 0 0
1791127584 cpu  832302 0 51265 14455406 748 0 76242 17448 0 0
1791127589 cpu  832931 0 51288 14458692 748 0 76317 17461 0 0
1791127594 cpu  833553 0 51307 14462012 748 0 76393 17469 0 0
1791127599 cpu  834183 0 51329 14465337 748 0 76465 17476 0 0
1791127604 cpu  834826 0 51352 14468638 748 0 76544 17483 0 0
1791127609 cpu  835432 0 51375 14471974 748 0 76614 17489 0 0
1791127614 cpu  836047 0 51392 14475303 749 0 76685 17495 0 0
1791127619 cpu  836638 0 51411 14478666 749 0 76760 17500 0 0
1791127625 cpu  837241 0 51427 14481986 749 0 76837 17506 0 0
1791127630 cpu  837832 0 51452 14485302 750 0 76905 17512 0 0
1791127635 cpu  838463 0 51477 14488614 750 0 76984 17518 0 0
1791127640 cpu  839084 0 51495 14491929 750 0 77067 17525 0 0
1791127645 cpu  839715 0 51513 14495244 750 0 77154 17531 0 0
1791127650 cpu  840370 0 51540 14498503 750 0 77228 17540 0 0
1791127655 cpu  841005 0 51560 14501807 750 0 77306 17546 0 0
1791127660 cpu  841616 0 51578 14505145 750 0 77380 17550 0 0
1791127665 cpu  842235 0 51599 14508471 750 0 77459 17556 0 0
1791127670 cpu  842848 0 51620 14511797 751 0 77538 17561 0 0
1791127675 cpu  843486 0 51642 14515104 751 0 77612 17568 0 0
1791127680 cpu  844103 0 51662 14518437 751 0 77688 17573 0 0
1791127685 cpu  844719 0 51685 14521744 751 0 77766 17581 0 0
1791127690 cpu  845330 0 51710 14525061 751 0 77846 17588 0 0
1791127695 cpu  845953 0 51737 14528367 751 0 77927 17594 0 0
1791127700 cpu  846574 0 51759 14531678 751 0 78004 17602 0 0
1791127705 cpu  847199 0 51778 14534990 751 0 78089 17609 0 0
1791127710 cpu  847830 0 51804 14538273 751 0 78159 17617 0 0
1791127715 cpu  848516 0 51825 14541510 752 0 78239 17646 0 0
1791127720 cpu  849391 0 51855 14544412 752 0 78327 17847 0 0
1791127725 cpu  850278 0 51881 14547313 752 0 78417 18039 0 0
1791127730 cpu  851181 0 51907 14550197 752 0 78507 18237 0 0
1791127735 cpu  851913 0 51928 14553381 753 0 78595 18278 0 0
1791127740 cpu  852684 0 51947 14556528 753 0 78675 18321 0 0
1791127745 cpu  853561 0 51980 14559430 753 0 78774 18525 0 0
1791127750 cpu  854428 0 52001 14562333 753 0 78855 18743 0 0
1791127755 cpu  855296 0 52028 14565288 754 0 78937 18931 0 0
1791127760 cpu  856156 0 52057 14568208 754 0 79016 19141 0 0
1791127765 cpu  857003 0 52082 14571151 754 0 79103 19337 0 0
1791127770 cpu  857925 0 52125 14573957 754 0 79185 19580 0 0
1791127775 cpu  858815 0 52156 14576782 755 0 79266 19872 0 0
1791127780 cpu  859696 0 52179 14579693 755 0 79341 20086 0 0
1791127785 cpu  860586 0 52213 14582529 756 0 79428 20345 0 0
1791127790 cpu  861463 0 52243 14585439 756 0 79521 20554 0 0
1791127795 cpu  862350 0 52270 14588369 756 0 79611 20720 0 0
1791127800 cpu  863259 0 52299 14591269 756 0 79697 20890 0 0
1791127805 cpu  864123 0 52328 14594101 757 0 79777 21222 0 0
1791127810 cpu  865043 0 52356 14596907 757 0 79865 21511 0 0
1791127815 cpu  865910 0 52380 14599798 757 0 79936 21773 0 0
1791127820 cpu  866768 0 52414 14602679 757 0 80018 22016 0 0
1791127825 cpu  867613 0 52443 14605639 758 0 80093 22201 0 0
1791127830 cpu  868505 0 52480 14608501 758 0 80181 22423 0 0
1791127835 cpu  869318 0 52507 14611464 758 0 80261 22641 0 0
1791127840 cpu  870161 0 52532 14614419 759 0 80339 22823 0 0
1791127845 cpu  871037 0 52563 14617287 759 0 80421 23044 0 0
1791127850 cpu  871916 0 52593 14620183 759 0 80516 23249 0 0
1791127855 cpu  872773 0 52618 14623087 759 0 80600 23494 0 0
1791127860 cpu  873645 0 52645 14626009 759 0 80681 23687 0 0
1791127865 cpu  874528 0 52670 14628848 760 0 80766 23961 0 0
1791127870 cpu  875380 0 52691 14631718 760 0 80832 24262 0 0
1791127875 cpu  876233 0 52715 14634583 760 0 80911 24548 0 0
1791127880 cpu  877091 0 52744 14637457 761 0 80999 24828 0 0
1791127885 cpu  877956 0 52769 14640292 761 0 81079 25138 0 0
1791127890 cpu  878832 0 52804 14643111 761 0 81170 25435 0 0
1791127895 cpu  879697 0 52834 14645996 761 0 81251 25691 0 0
1791127900 cpu  880585 0 52859 14648934 762 0 81343 25830 0 0
1791127905 cpu  881492 0 52892 14651833 762 0 81441 25998 0 0
1791127910 cpu  882416 0 52923 14654682 762 0 81543 26181 0 0
1791127915 cpu  883367 0 52954 14657517 763 0 81650 26385 0 0
1791127920 cpu  884274 0 52980 14660406 763 0 81733 26578 0 0
1791127925 cpu  885190 0 53009 14663243 763 0 81819 26841 0 0
1791127930 cpu  886067 0 53036 14666121 763 0 81908 27076 0 0
1791127935 cpu  886980 0 53075 14668996 763 0 82000 27277 0 0
1791127940 cpu  887864 0 53100 14671903 764 0 82079 27473 0 0
1791127945 cpu  888728 0 53128 14674797 764 0 82166 27700 0 0
1791127950 cpu  889377 0 53155 14678057 764 0 82250 27713 0 0
1791127955 cpu  889989 0 53172 14681375 764 0 82321 27722 0 0
1791127960 cpu  890582 0 53188 14684733 764 0 82389 27726 0 0
1791127965 cpu  891189 0 53209 14688065 764 0 82461 27731 0 0
1791127970 cpu  891777 0 53229 14691384 764 0 82528 27738 0 0
1791127975 cpu  892378 0 53249 14694699 764 0 82604 27744 0 0
1791127980 cpu  893181 0 53276 14697808 765 0 82693 27765 0 0
1791127985 cpu  893823 0 53299 14701085 771 0 82771 27778 0 0
1791127990 cpu  894449 0 53318 14704397 772 0 82840 27786 0 0
1791127995 cpu  895081 0 53337 14707707 772 0 82921 27795 0 0
1791128000 cpu  895671 0 53351 14711024 772 0 82996 27801 0 0
1791128005 cpu  896300 0 53372 14714327 772 0 83073 27809 0 0
1791128010 cpu  896966 0 53401 14717605 772 0 83150 27821 0 0
1791128015 cpu  897591 0 53425 14720908 773 0 83228 27830 0 0
1791128020 cpu  898228 0 53442 14724231 773 0 83304 27838 0 0
1791128025 cpu  898842 0 53467 14727556 773 0 83379 27844 0 0
1791128030 cpu  899432 0 53488 14730871 773 0 83442 27855 0 0
1791128035 cpu  899967 0 53545 14734246 773 0 83514 27864 0 0
1791128040 cpu  899973 0 53547 14738235 773 0 83515 27864 0 0
1791128045 cpu  899977 0 53548 14742227 773 0 83515 27865 0 0
1791128050 cpu  899979 0 53548 14746223 773 0 83515 27865 0 0
1791128055 cpu  899981 0 53549 14750217 774 0 83515 27865 0 0
1791128060 cpu  899983 0 53550 14754213 774 0 83515 27865 0 0
1791128065 cpu  899985 0 53550 14758209 774 0 83515 27865 0 0
