1791127111 cpu  4648590 512 1287454 23118201 6301 0 431543 21050 0 0
1791127116 cpu  4648747 512 1287568 23125822 6301 0 431565 21055 0 0
1791127121 cpu  4648873 512 1287667 23133495 6302 0 431584 21059 0 0
1791127126 cpu  4649038 512 1287766 23141136 6302 0 431600 21063 0 0
1791127131 cpu  4649180 512 1287859 23148792 6302 0 431621 21068 0 0
1791127136 cpu  4649319 512 1287977 23156437 6303 0 431636 21073 0 0
1791127141 cpu  4649455 512 1288063 23164104 6303 0 431665 21078 0 0
1791127146 cpu  4649583 512 1288179 23171744 6303 0 431682 21083 0 0
1791127151 cpu  4649717 512 1288269 23179420 6304 0 431705 21088 0 0
1791127156 cpu  4649866 512 1288374 23187053 6304 0 431729 21093 0 0
1791127161 cpu  4650010 512 1288465 23194704 6305 0 431750 21098 0 0
1791127166 cpu  4650172 512 1288573 23202325 6305 0 431770 21103 0 0
1791127171 cpu  4650308 512 1288670 23209992 6305 0 431794 21107 0 0
1791127176 cpu  4650467 512 1288785 23217618 6306 0 431811 21112 0 0
1791127181 cpu  4650613 512 1288876 23225277 6306 0 431828 21118 0 0
1791127186 cpu  4650760 512 1288975 23232923 6306 0 431851 21123 0 0
1791127191 cpu  4650900 512 1289075 23240570 6308 0 431872 21128 0 0
1791127196 cpu  4651052 512 1289189 23248199 6308 0 431899 21135 0 0
1791127201 cpu  4651195 512 1289282 23255852 6308 0 431925 21141 0 0
1791127206 cpu  4651356 512 1289390 23263472 6309 0 431954 21147 0 0
1791127211 cpu  4651485 512 1289489 23271136 6309 0 431971 21153 0 0
1791127216 cpu  4651633 512 1289599 23278774 6310 0 431997 21158 0 0
1791127221 cpu  4651764 512 1289711 23286419 6310 0 432016 21163 0 0
1791127226 cpu  4651951 512 1289825 23294017 6310 0 432034 21169 0 0
1791127231 cpu  4652077 512 1289913 23301684 6311 0 432054 21174 0 0
1791127236 cpu  4652226 512 1290022 23309326 6311 0 432073 21179 0 0
1791127241 cpu  4652369 512 1290130 23316984 6311 0 432097 21184 0 0
1791127246 cpu  4652519 512 1290245 23324622 6311 0 432122 21188 0 0
1791127251 cpu  4652674 512 1290342 23332267 6312 0 432150 21193 0 0
1791127256 cpu  4652814 512 1290433 23339905 6312 0 432167 21198 0 0
1791127261 cpu  4652949 512 1290525 23347568 6312 0 432189 21203 0 0
1791127266 cpu  4653095 512 1290631 23355209 6312 0 432207 21208 0 0
1791127271 cpu  4653206 512 1290725 23362896 6313 0 432232 21213 0 0
1791127276 cpu  4653353 512 1290825 23370521 6313 0 432249 21218 0 0
1791127281 cpu  4653496 512 1290926 23378162 6314 0 432264 21223 0 0
1791127286 cpu  4653648 512 1291041 23385779 6314 0 432286 21227 0 0
1791127291 cpu  4653786 512 1291125 23393453 6314 0 432304 21231 0 0
1791127296 cpu  4653957 512 1291230 23401069 6314 0 432331 21236 0 0
1791127301 cpu  4654085 512 1291329 23408740 6314 0 432349 21241 0 0
1791127306 cpu  4654249 512 1291430 23416380 6315 0 432366 21246 0 0
1791127311 cpu  4654373 512 1291527 23424041 6315 0 432387 21251 0 0
1791127316 cpu  4654538 512 1291630 23431670 6315 0 432408 21256 0 0
1791127321 cpu  4654668 512 1291724 23439342 6316 0 432426 21261 0 0
1791127326 cpu  4654825 512 1291844 23446967 6316 0 432448 21265 0 0
1791127331 cpu  4654929 512 1291930 23454658 6316 0 432465 21269 0 0
1791127336 cpu  4655074 512 1292028 23462302 6316 0 432479 21273 0 0
1791127341 cpu  4655229 512 1292140 23469907 6317 0 432510 21278 0 0
1791127346 cpu  4655452 512 1292269 23477428 6317 0 432560 21282 0 0
1791127351 cpu  4655623 512 1292379 23485016 6317 0 432604 21288 0 0
1791127356 cpu  4655823 512 1292506 23492545 6318 0 432656 21294 0 0
1791127361 cpu  4656012 512 1292614 23500107 6318 0 432703 21299 0 0
1791127366 cpu  4656214 512 1292738 23507640 6318 0 432746 21305 0 0
1791127371 cpu  4656407 512 1292865 23515185 6319 0 432796 21311 0 0
1791127376 cpu  4656607 512 1293004 23522712 6319 0 432838 21316 0 0
1791127381 cpu  4656801 512 1293116 23530275 6319 0 432886 21321 0 0
1791127386 cpu  4657017 512 1293227 23537779 6319 0 432926 21328 0 0
1791127391 cpu  4657202 512 1293343 23545328 6320 0 432971 21334 0 0
1791127396 cpu  4657397 512 1293476 23552864 6320 0 433013 21339 0 0
1791127401 cpu  4657581 512 1293598 23560412 6320 0 433053 21345 0 0
1791127406 cpu  4657809 512 1293733 23567913 6321 0 433095 21350 0 0
1791127411 cpu  4657986 512 1293847 23575486 6321 0 433155 21355 0 0
1791127416 cpu  4658215 512 1293963 23582992 6321 0 433213 21359 0 0
1791127421 cpu  4658407 512 1294081 23590554 6321 0 433264 21364 0 0
1791127426 cpu  4658950 512 1294299 23597573 6322 0 433365 21371 0 0
1791127431 cpu  4660119 512 1294714 23603633 6322 0 433549 21381 0 0
1791127436 cpu  4661907 512 1295273 23608815 6323 0 433797 21392 0 0
1791127441 cpu  4664185 512 1295933 23613331 6323 0 434084 21402 0 0
1791127446 cpu  4667163 512 1296722 23616944 6323 0 434427 21408 0 0
1791127451 cpu  4670496 512 1297632 23620057 6323 0 434784 21414 0 0
1791127456 cpu  4674333 512 1298645 23622543 6323 0 435175 21419 0 0
1791127461 cpu  4678458 512 1299686 23624705 6324 0 435550 21423 0 0
1791127466 cpu  4683184 512 1300786 23626204 6324 0 435952 21428 0 0
1791127471 cpu  4688016 512 1301865 23627596 6324 0 436369 21430 0 0
1791127476 cpu  4693063 512 1302931 23628818 6327 0 436769 21433 0 0
1791127481 cpu  4697749 512 1304024 23630314 6327 0 437185 21436 0 0
1791127486 cpu  4701674 512 1305096 23632599 6327 0 437552 21440 0 0
1791127491 cpu  4705851 512 1306110 23634669 6327 0 437959 21444 0 0
1791127496 cpu  4710015 512 1307203 23636736 6327 0 438350 21449 0 0
1791127501 cpu  4714079 512 1308240 23638935 6327 0 438739 21453 0 0
1791127507 cpu  4717886 512 1309255 23641384 6328 0 439116 21458 0 0
1791127512 cpu  4721993 512 1310312 23643509 6328 0 439499 21463 0 0
1791127517 cpu  4725649 512 1311286 23646160 6328 0 439867 21471 0 0
1791127522 cpu  4729451 512 1312309 23648631 6329 0 440237 21480 0 0
1791127527 cpu  4733118 512 1313309 23651227 6329 0 440599 21488 0 0
1791127532 cpu  4737109 512 1314331 23653444 6329 0 440990 21494 0 0
1791127537 cpu  4741189 512 1315368 23655588 6329 0 441388 21498 0 0
1791127542 cpu  4745047 512 1316371 23657977 6330 0 441779 21502 0 0
1791127547 cpu  4749073 512 1317400 23660153 6330 0 442182 21507 0 0
1791127552 cpu  4753291 512 1318455 23662180 6330 0 442573 21511 0 0
1791127557 cpu  4757181 512 1319429 23664537 6331 0 442979 21519 0 0
1791127562 cpu  4760808 512 1320427 23667215 6332 0 443331 21527 0 0
1791127567 cpu  4764649 512 1321412 23669644 6332 0 443714 21535 0 0
1791127572 cpu  4768600 512 1322442 23671977 6332 0 444114 21542 0 0
1791127577 cpu  4772586 512 1323472 23674220 6332 0 444515 21549 0 0
1791127582 cpu  4776456 512 1324484 23676623 6333 0 444902 21556 0 0
1791127587 cpu  4780365 512 1325509 23678999 6333 0 445269 21563 0 0
1791127592 cpu  4784278 512 1326537 23681365 6333 0 445658 21569 0 0
1791127597 cpu  4788149 512 1327579 23683704 6333 0 446028 21575 0 0
1791127602 cpu  4792038 512 1328586 23686101 6333 0 446387 21580 0 0
1791127607 cpu  4796066 512 1329623 23688316 6334 0 446777 21586 0 0
1791127612 cpu  4800001 512 1330583 23690700 6334 0 447172 21591 0 0
1791127617 cpu  4803721 512 1331575 23693244 6334 0 447563 21600 0 0
1791127622 cpu  4807532 512 1332540 23695695 6334 0 447936 21609 0 0
1791127627 cpu  4811553 512 1333578 23697918 6335 0 448340 21616 0 0
1791127632 cpu  4815552 512 1334632 23700104 6335 0 448739 21620 0 0
1791127637 cpu  4819646 512 1335697 23702277 6335 0 449125 21625 0 0
1791127642 cpu  4823513 512 1336718 23704644 6335 0 449518 21630 0 0
1791127647 cpu  4827715 512 1337735 23706681 6336 0 449930 21636 0 0
1791127652 cpu  4832040 512 1338818 23708575 6337 0 450338 21640 0 0
1791127657 cpu  4835925 512 1339841 23710905 6337 0 450729 21645 0 0
1791127662 cpu  4839894 512 1340869 23713167 6337 0 451111 21649 0 0
1791127667 cpu  4844019 512 1341920 23715294 6337 0 451496 21654 0 0
1791127672 cpu  4848118 512 1342940 23717453 6338 0 451888 21658 0 0
1791127677 cpu  4852138 512 1343976 23719686 6338 0 452283 21663 0 0
1791127682 cpu  4856180 512 1345012 23721900 6339 0 452675 21668 0 0
1791127687 cpu  4860014 512 1346022 23724350 6339 0 453063 21674 0 0
1791127692 cpu  4863793 512 1347022 23726834 6339 0 453451 21679 0 0
1791127697 cpu  4867610 512 1348015 23729288 6340 0 453816 21684 0 0
1791127702 cpu  4871476 512 1349011 23731727 6340 0 454205 21688 0 0
1791127707 cpu  4875416 512 1350071 23734006 6340 0 454575 21695 0 0
1791127712 cpu  4879233 512 1351058 23736443 6341 0 454958 21700 0 0
1791127717 cpu  4883223 512 1352073 23738699 6341 0 455335 21705 0 0
1791127722 cpu  4887250 512 1353117 23740923 6341 0 455719 21710 0 0
1791127727 cpu  4891270 512 1354137 23743106 6341 0 456128 21714 0 0
1791127732 cpu  4895431 512 1355223 23745163 6342 0 456526 21720 0 0
1791127737 cpu  4899220 512 1356217 23747681 6342 0 456907 21726 0 0
1791127742 cpu  4903287 512 1357249 23749874 6342 0 457311 21731 0 0
1791127747 cpu  4907426 512 1358290 23751947 6342 0 457713 21735 0 0
1791127752 cpu  4911356 512 1359307 23754275 6344 0 458091 21743 0 0
1791127757 cpu  4915268 512 1360296 23756599 6344 0 458491 21751 0 0
1791127762 cpu  4919121 512 1361295 23759047 6344 0 458883 21757 0 0
1791127767 cpu  4923042 512 1362327 23761345 6344 0 459266 21762 0 0
1791127772 cpu  4927136 512 1363362 23763499 6344 0 459649 21766 0 0
1791127777 cpu  4931084 512 1364359 23765801 6344 0 460022 21771 0 0
1791127782 cpu  4935047 512 1365361 23768157 6344 0 460408 21776 0 0
1791127787 cpu  4939015 512 1366411 23770453 6344 0 460800 21782 0 0
1791127792 cpu  4942891 512 1367443 23772807 6345 0 461190 21787 0 0
1791127797 cpu  4947026 512 1368521 23774888 6345 0 461592 21794 0 0
1791127802 cpu  4950890 512 1369521 23777303 6345 0 461999 21803 0 0
1791127807 cpu  4954766 512 1370542 23779711 6346 0 462385 21810 0 0
1791127812 cpu  4958786 512 1371576 23781949 6346 0 462774 21816 0 0
1791127817 cpu  4962691 512 1372592 23784293 6346 0 463157 21823 0 0
1791127822 cpu  4966537 512 1373578 23786734 6346 0 463538 21830 0 0
1791127827 cpu  4970377 512 1374606 23789133 6347 0 463908 21837 0 0
1791127832 cpu  4974201 512 1375626 23791564 6347 0 464301 21846 0 0
1791127837 cpu  4978075 512 1376651 23793942 6347 0 464679 21853 0 0
1791127842 cpu  4982085 512 1377682 23796164 6347 0 465063 21860 0 0
1791127847 cpu  4985991 512 1378715 23798551 6347 0 465431 21866 0 0
1791127852 cpu  4989939 512 1379747 23800836 6347 0 465810 21873 0 0
1791127857 cpu  4993814 512 1380783 23803201 6348 0 466203 21879 0 0
1791127862 cpu  4997748 512 1381780 23805576 6348 0 466565 21885 0 0
1791127867 cpu  5001755 512 1382822 23807805 6348 0 466971 21891 0 0
1791127872 cpu  5005731 512 1383835 23810088 6349 0 467347 21904 0 0
1791127877 cpu  5009509 512 1384842 23812603 6349 0 467712 21911 0 0
1791127882 cpu  5013642 512 1385914 23814691 6350 0 468110 21918 0 0
1791127887 cpu  5017566 512 1386938 23817032 6350 0 468488 21924 0 0
1791127892 cpu  5021510 512 1387935 23819322 6350 0 468894 21929 0 0
1791127897 cpu  5025368 512 1388976 23821709 6350 0 469271 21934 0 0
1791127902 cpu  5029452 512 1389976 23823902 6350 0 469663 21938 0 0
1791127907 cpu  5033538 512 1391018 23826072 6350 0 470041 21942 0 0
1791127912 cpu  5037830 512 1392086 23827998 6351 0 470426 21946 0 0
1791127917 cpu  5041901 512 1393120 23830154 6352 0 470824 21951 0 0
1791127922 cpu  5046080 512 1394136 23832234 6352 0 471221 21958 0 0
1791127927 cpu  5050041 512 1395149 23834558 6352 0 471608 21964 0 0
1791127932 cpu  5054104 512 1396210 23836710 6353 0 472008 21969 0 0
1791127937 cpu  5058033 512 1397237 23839018 6353 0 472402 21973 0 0
1791127942 cpu  5061811 512 1398240 23841516 6353 0 472770 21979 0 0
1791127947 cpu  5065739 512 1399279 23843800 6353 0 473164 21986 0 0
1791127952 cpu  5069508 512 1400288 23846276 6353 0 473524 21993 0 0
1791127957 cpu  5073349 512 1401307 23848697 6354 0 473901 21999 0 0
1791127962 cpu  5077002 512 1402289 23851304 6354 0 474285 22007 0 0
1791127967 cpu  5080903 512 1403304 23853673 6354 0 474665 22015 0 0
1791127972 cpu  5085086 512 1404333 23855778 6354 0 475049 22020 0 0
1791127977 cpu  5089247 512 1405422 23857771 6355 0 475447 22025 0 0
1791127982 cpu  5093313 512 1406391 23859990 6355 0 475820 22030 0 0
1791127987 cpu  5097249 512 1407414 23862315 6355 0 476205 22037 0 0
1791127992 cpu  5101299 512 1408442 23864530 6355 0 476578 22042 0 0
1791127997 cpu  5105307 512 1409460 23866766 6356 0 476963 22046 0 0
1791128002 cpu  5109386 512 1410524 23868946 6356 0 477353 22051 0 0
1791128007 cpu  5113482 512 1411569 23871086 6356 0 477743 22056 0 0
1791128012 cpu  5117588 512 1412636 23873241 6357 0 478141 22060 0 0
1791128017 cpu  5121676 512 1413693 23875378 6357 0 478522 22069 0 0
1791128022 cpu  5125894 512 1414747 23877428 6357 0 478915 22072 0 0
1791128027 cpu  5129963 512 1415777 23879616 6357 0 479330 22076 0 0
1791128032 cpu  5134035 512 1416835 23881790 6357 0 479710 22081 0 0
1791128037 cpu  5135567 512 1417289 23887464 6358 0 479872 22087 0 0
1791128042 cpu  5135740 512 1417382 23895142 6358 0 479898 22091 0 0
1791128047 cpu  5135863 512 1417487 23902807 6359 0 479925 22095 0 0
1791128052 cpu  5136011 512 1417578 23910461 6359 0 479946 22099 0 0
1791128057 cpu  5136155 512 1417690 23918092 6360 0 479970 22104 0 0
1791128062 cpu  5136310 512 1417778 23925759 6360 0 479985 22107 0 0
