1791127109 cpu  947034 525 278827 13471153 6072 0 208831 9775 0 0
1791127114 cpu  947100 525 278874 13474996 6073 0 208842 9777 0 0
1791127119 cpu  947210 525 278940 13478770 6073 0 208869 9780 0 0
1791127124 cpu  947380 525 279032 13482454 6074 0 208889 9783 0 0
1791127129 cpu  947451 525 279077 13486279 6075 0 208903 9786 0 0
1791127134 cpu  947600 525 279158 13489989 6076 0 208931 9788 0 0
1791127139 cpu  947731 525 279221 13493737 6076 0 208948 9791 0 0
1791127144 cpu  947879 525 279294 13497460 6077 0 208966 9793 0 0
1791127149 cpu  948041 525 279364 13501181 6078 0 208994 9795 0 0
1791127154 cpu  948214 525 279443 13504865 6080 0 209011 9798 0 0
1791127159 cpu  948309 525 279488 13508668 6080 0 209026 9800 0 0
1791127164 cpu  948376 525 279536 13512514 6081 0 209033 9801 0 0
1791127169 cpu  948423 525 279572 13516394 6082 0 209042 9803 0 0
1791127174 cpu  948487 525 279610 13520244 6083 0 209047 9805 0 0
1791127179 cpu  948574 525 279660 13524070 6084 0 209061 9806 0 0
1791127184 cpu  948697 525 279711 13527846 6085 0 209084 9808 0 0
1791127189 cpu  948825 525 279783 13531590 6087 0 209111 9810 0 0
1791127194 cpu  948981 525 279851 13535313 6088 0 209134 9812 0 0
1791127199 cpu  949106 525 279914 13539078 6089 0 209156 9814 0 0
1791127204 cpu  949248 525 279977 13542820 6089 0 209177 9816 0 0
1791127209 cpu  949362 525 280044 13546584 6091 0 209194 9818 0 0
1791127214 cpu  949489 525 280109 13550347 6091 0 209217 9819 0 0
1791127219 cpu  949561 525 280148 13554183 6092 0 209231 9821 0 0
1791127224 cpu  949687 525 280213 13557942 6094 0 209247 9823 0 0
1791127229 cpu  949826 525 280263 13561700 6096 0 209260 9825 0 0
1791127234 cpu  949934 525 280322 13565474 6097 0 209277 9827 0 0
1791127239 cpu  950009 525 280355 13569330 6098 0 209289 9828 0 0
1791127244 cpu  950222 525 280427 13572983 6099 0 209317 9830 0 0
1791127249 cpu  950353 525 280484 13576755 6100 0 209344 9832 0 0
1791127254 cpu  950513 525 280557 13580465 6101 0 209368 9834 0 0
1791127259 cpu  950672 525 280627 13584180 6102 0 209392 9836 0 0
1791127264 cpu  950831 525 280714 13587888 6103 0 209411 9838 0 0
1791127269 cpu  950987 525 280780 13591619 6104 0 209433 9841 0 0
1791127274 cpu  951160 525 280863 13595316 6105 0 209458 9843 0 0
1791127279 cpu  951326 525 280926 13599023 6106 0 209482 9845 0 0
1791127284 cpu  951533 525 281006 13602691 6107 0 209516 9847 0 0
1791127289 cpu  951690 525 281069 13606417 6108 0 209540 9849 0 0
1791127294 cpu  951862 525 281134 13610126 6109 0 209561 9851 0 0
1791127299 cpu  952012 525 281201 13613859 6110 0 209587 9853 0 0
1791127304 cpu  952189 525 281273 13617560 6111 0 209619 9855 0 0
1791127309 cpu  952350 525 281339 13621282 6113 0 209646 9858 0 0
1791127314 cpu  952514 525 281406 13625002 6114 0 209671 9859 0 0
1791127319 cpu  952672 525 281474 13628740 6115 0 209697 9861 0 0
1791127324 cpu  952839 525 281549 13632441 6115 0 209720 9864 0 0
1791127329 cpu  953003 525 281616 13636154 6116 0 209753 9866 0 0
1791127334 cpu  953120 525 281673 13639924 6116 0 209766 9867 0 0
1791127339 cpu  953269 525 281734 13643656 6117 0 209792 9870 0 0
1791127344 cpu  953643 525 281817 13647119 6118 0 209849 9872 0 0
1791127349 cpu  954017 525 281885 13650599 6119 0 209902 9875 0 0
1791127354 cpu  954471 525 281993 13653959 6120 0 209960 9878 0 0
1791127359 cpu  954858 525 282058 13657427 6120 0 210005 9880 0 0
1791127364 cpu  955317 525 282154 13660791 6121 0 210055 9883 0 0
1791127369 cpu  955736 525 282240 13664214 6123 0 210105 9885 0 0
1791127374 cpu  956145 525 282327 13667622 6124 0 210161 9887 0 0
1791127379 cpu  956583 525 282421 13671007 6125 0 210212 9889 0 0
1791127384 cpu  957009 525 282520 13674393 6126 0 210265 9892 0 0
1791127389 cpu  957419 525 282610 13677828 6128 0 210310 9895 0 0
1791127394 cpu  957881 525 282708 13681192 6129 0 210389 9897 0 0
1791127399 cpu  958334 525 282791 13684570 6130 0 210441 9899 0 0
1791127404 cpu  958891 525 282875 13687843 6132 0 210481 9901 0 0
1791127409 cpu  959400 525 282962 13691173 6132 0 210535 9903 0 0
1791127414 cpu  959920 525 283061 13694470 6133 0 210580 9906 0 0
1791127419 cpu  960421 525 283149 13697810 6134 0 210629 9908 0 0
1791127424 cpu  960962 525 283251 13701076 6135 0 210691 9911 0 0
1791127429 cpu  961513 525 283363 13704316 6136 0 210748 9914 0 0
1791127434 cpu  962107 525 283490 13707471 6137 0 210826 9917 0 0
1791127439 cpu  962737 525 283595 13710602 6139 0 210929 9921 0 0
1791127444 cpu  963388 525 283735 13713646 6140 0 211058 9926 0 0
1791127449 cpu  964005 525 283889 13716700 6141 0 211207 9932 0 0
1791127454 cpu  964687 525 284046 13719638 6143 0 211373 9938 0 0
1791127459 cpu  965338 525 284220 13722599 6145 0 211534 9943 0 0
1791127464 cpu  966078 525 284391 13725457 6147 0 211725 9949 0 0
1791127469 cpu  966793 525 284570 13728278 6149 0 211930 9955 0 0
1791127474 cpu  967535 525 284758 13731081 6151 0 212151 9961 0 0
1791127479 cpu  968303 525 284944 13733876 6154 0 212358 9969 0 0
1791127484 cpu  969083 525 285143 13736657 6156 0 212554 9977 0 0
1791127489 cpu  969770 525 285312 13739561 6158 0 212744 9983 0 0
1791127494 cpu  970497 525 285495 13742444 6160 0 212927 9988 0 0
1791127499 cpu  971207 525 285665 13745354 6161 0 213121 9995 0 0
1791127504 cpu  971897 525 285825 13748282 6163 0 213295 10000 0 0
1791127509 cpu  972540 525 285972 13751236 6165 0 213475 10006 0 0
1791127514 cpu  973287 525 286149 13754135 6166 0 213644 10012 0 0
1791127519 cpu  973963 525 286304 13757128 6167 0 213826 10020 0 0
1791127524 cpu  974657 525 286469 13760056 6169 0 213994 10026 0 0
1791127529 cpu  975334 525 286645 13763005 6171 0 214195 10033 0 0
1791127534 cpu  976076 525 286816 13765859 6173 0 214378 10040 0 0
1791127539 cpu  976766 525 286989 13768768 6175 0 214561 10047 0 0
1791127544 cpu  977541 525 287177 13771599 6177 0 214749 10054 0 0
1791127549 cpu  978226 525 287344 13774517 6178 0 214929 10061 0 0
1791127554 cpu  978917 525 287529 13777409 6181 0 215129 10068 0 0
1791127559 cpu  979618 525 287681 13780357 6182 0 215318 10076 0 0
1791127564 cpu  980348 525 287836 13783240 6184 0 215499 10083 0 0
1791127569 cpu  981037 525 288001 13786199 6186 0 215683 10089 0 0
1791127574 cpu  981748 525 288172 13789106 6187 0 215880 10096 0 0
1791127579 cpu  982423 525 288340 13792047 6189 0 216079 10103 0 0
1791127584 cpu  983137 525 288513 13794951 6190 0 216263 10109 0 0
1791127589 cpu  983840 525 288676 13797874 6192 0 216460 10119 0 0
1791127594 cpu  984557 525 288853 13800772 6193 0 216657 10124 0 0
1791127599 cpu  985238 525 289022 13803682 6195 0 216849 10133 0 0
1791127604 cpu  985980 525 289215 13806529 6197 0 217035 10140 0 0
1791127609 cpu  986650 525 289363 13809479 6199 0 217238 10149 0 0
1791127614 cpu  987365 525 289536 13812384 6201 0 217403 10156 0 0
1791127619 cpu  988029 525 289698 13815334 6202 0 217593 10164 0 0
1791127624 cpu  988725 525 289865 13818216 6204 0 217795 10173 0 0
1791127629 cpu  989435 525 290046 13821093 6206 0 218001 10185 0 0
1791127634 cpu  990190 525 290220 13823906 6207 0 218208 10195 0 0
1791127639 cpu  990909 525 290394 13826780 6209 0 218402 10205 0 0
1791127644 cpu  991639 525 290582 13829596 6211 0 218582 10219 0 0
1791127649 cpu  992371 525 290747 13832469 6213 0 218786 10228 0 0
1791127654 cpu  993109 525 290912 13835329 6215 0 218984 10235 0 0
1791127659 cpu  993822 525 291077 13838239 6216 0 219162 10242 0 0
1791127664 cpu  994567 525 291256 13841082 6218 0 219367 10249 0 0
1791127669 cpu  995245 525 291410 13844015 6220 0 219554 10255 0 0
1791127674 cpu  995964 525 291587 13846882 6221 0 219743 10261 0 0
1791127679 cpu  996683 525 291739 13849803 6223 0 219918 10266 0 0
1791127684 cpu  997430 525 291912 13852675 6225 0 220118 10272 0 0
1791127689 cpu  998076 525 292076 13855658 6226 0 220299 10278 0 0
1791127694 cpu  998778 525 292246 13858577 6228 0 220487 10283 0 0
1791127699 cpu  999433 525 292398 13861548 6230 0 220672 10288 0 0
1791127704 cpu  1000144 525 292591 13864462 6231 0 220851 10294 0 0
1791127709 cpu  1000832 525 292745 13867401 6233 0 221044 10300 0 0
1791127714 cpu  1001542 525 292931 13870299 6235 0 221235 10307 0 0
1791127719 cpu  1002232 525 293102 13873229 6236 0 221416 10313 0 0
1791127724 cpu  1003013 525 293289 13876035 6238 0 221604 10321 0 0
1791127729 cpu  1003698 525 293450 13878953 6239 0 221816 10328 0 0
1791127734 cpu  1004412 525 293619 13881859 6241 0 222011 10334 0 0
1791127739 cpu  1005079 525 293775 13884799 6242 0 222200 10341 0 0
1791127744 cpu  1005790 525 293955 13887668 6244 0 222392 10347 0 0
1791127749 cpu  1006463 525 294113 13890626 6246 0 222571 10353 0 0
1791127754 cpu  1007176 525 294289 13893531 6248 0 222772 10359 0 0
1791127759 cpu  1007854 525 294444 13896477 6249 0 222961 10366 0 0
1791127764 cpu  1008584 525 294605 13899384 6251 0 223150 10372 0 0
1791127769 cpu  1009298 525 294762 13902318 6253 0 223335 10377 0 0
1791127774 cpu  1009986 525 294942 13905247 6254 0 223536 10383 0 0
1791127779 cpu  1010675 525 295101 13908191 6256 0 223740 10389 0 0
1791127784 cpu  1011404 525 295275 13911080 6258 0 223933 10395 0 0
1791127789 cpu  1012098 525 295459 13914011 6259 0 224105 10401 0 0
1791127794 cpu  1012785 525 295618 13916932 6261 0 224288 10407 0 0
1791127799 cpu  1013489 525 295786 13919851 6263 0 224490 10413 0 0
1791127804 cpu  1014179 525 295952 13922806 6265 0 224668 10420 0 0
1791127809 cpu  1014871 525 296106 13925731 6266 0 224851 10426 0 0
1791127814 cpu  1015566 525 296283 13928665 6267 0 225045 10431 0 0
1791127819 cpu  1016260 525 296454 13931606 6269 0 225241 10438 0 0
1791127824 cpu  1016926 525 296621 13934575 6271 0 225419 10444 0 0
1791127829 cpu  1017599 525 296789 13937510 6273 0 225615 10450 0 0
1791127834 cpu  1018303 525 296956 13940450 6274 0 225805 10456 0 0
1791127839 cpu  1019035 525 297122 13943379 6276 0 225990 10463 0 0
1791127844 cpu  1019769 525 297308 13946266 6277 0 226188 10469 0 0
1791127849 cpu  1020435 525 297465 13949245 6279 0 226377 10474 0 0
1791127854 cpu  1021102 525 297620 13952215 6281 0 226558 10479 0 0
1791127859 cpu  1021816 525 297767 13955158 6282 0 226735 10484 0 0
1791127864 cpu  1022474 525 297926 13958153 6284 0 226893 10488 0 0
1791127869 cpu  1023157 525 298089 13961126 6285 0 227078 10493 0 0
1791127874 cpu  1023832 525 298253 13964092 6286 0 227261 10498 0 0
1791127879 cpu  1024492 525 298405 13967067 6288 0 227448 10503 0 0
1791127884 cpu  1025170 525 298564 13970035 6290 0 227606 10508 0 0
1791127889 cpu  1025878 525 298720 13972984 6291 0 227787 10514 0 0
1791127894 cpu  1026544 525 298900 13975953 6293 0 227984 10518 0 0
1791127899 cpu  1027241 525 299066 13978872 6295 0 228169 10524 0 0
1791127904 cpu  1027951 525 299245 13981777 6296 0 228361 10529 0 0
1791127909 cpu  1028616 525 299398 13984716 6298 0 228548 10535 0 0
1791127914 cpu  1029322 525 299577 13987643 6299 0 228733 10540 0 0
1791127919 cpu  1030011 525 299739 13990577 6301 0 228922 10547 0 0
1791127924 cpu  1030692 525 299913 13993528 6303 0 229118 10553 0 0
1791127929 cpu  1031340 525 300073 13996507 6304 0 229293 10558 0 0
1791127934 cpu  1032037 525 300260 13999425 6306 0 229474 10564 0 0
1791127939 cpu  1032739 525 300430 14002360 6307 0 229653 10569 0 0
1791127944 cpu  1033416 525 300596 14005304 6309 0 229828 10575 0 0
1791127949 cpu  1034088 525 300765 14008256 6311 0 230005 10581 0 0
1791127954 cpu  1034738 525 300948 14011214 6313 0 230175 10586 0 0
1791127959 cpu  1035453 525 301113 14014158 6315 0 230343 10591 0 0
1791127964 cpu  1036130 525 301268 14017114 6317 0 230524 10598 0 0
1791127969 cpu  1036843 525 301419 14020027 6318 0 230721 10604 0 0
1791127974 cpu  1037530 525 301584 14022955 6320 0 230922 10610 0 0
1791127979 cpu  1038276 525 301742 14025855 6322 0 231111 10616 0 0
1791127984 cpu  1038956 525 301895 14028818 6323 0 231301 10621 0 0
1791127989 cpu  1039641 525 302054 14031770 6325 0 231468 10627 0 0
1791127994 cpu  1040336 525 302210 14034708 6327 0 231637 10632 0 0
1791127999 cpu  1041047 525 302387 14037631 6329 0 231831 10638 0 0
1791128004 cpu  1041753 525 302556 14040510 6330 0 232021 10645 0 0
1791128009 cpu  1042470 525 302738 14043398 6332 0 232216 10653 0 0
1791128014 cpu  1043179 525 302925 14046258 6334 0 232421 10664 0 0
1791128019 cpu  1043918 525 303112 14049067 6336 0 232612 10675 0 0
1791128024 cpu  1044626 525 303302 14051914 6338 0 232827 10683 0 0
1791128029 cpu  1045354 525 303481 14054786 6339 0 233046 10692 0 0
1791128034 cpu  1046073 525 303648 14057683 6341 0 233230 10701 0 0
1791128039 cpu  1046404 525 303733 14061171 6342 0 233266 10707 0 0
1791128044 cpu  1046532 525 303803 14064921 6343 0 233284 10710 0 0
1791128049 cpu  1046644 525 303868 14068695 6343 0 233304 10712 0 0
1791128054 cpu  1046780 525 303943 14072423 6345 0 233335 10716 0 0
