1791130130 cpu  948753 0 56157 16350420 821 0 87385 32191 0 0
1791130135 cpu  949566 0 56190 16353476 821 0 87455 32296 0 0
1791130140 cpu  950365 0 56211 16356554 822 0 87517 32380 0 0
1791130145 cpu  951237 0 56275 16359477 823 0 87587 32521 0 0
1791130150 cpu  951924 0 56305 16362694 824 0 87655 32543 0 0
1791130155 cpu  952602 0 56330 16365949 824 0 87714 32564 0 0
1791130160 cpu  953273 0 56349 16369216 824 0 87766 32580 0 0
1791130165 cpu  953981 0 56370 16372432 824 0 87832 32609 0 0
1791130170 cpu  954666 0 56400 16375654 825 0 87895 32633 0 0
1791130175 cpu  955322 0 56424 16378937 825 0 87961 32645 0 0
1791130180 cpu  955973 0 56449 16382215 825 0 88030 32661 0 0
1791130185 cpu  956663 0 56474 16385460 825 0 88096 32679 0 0
1791130190 cpu  957323 0 56495 16388739 826 0 88157 32697 0 0
1791130195 cpu  958005 0 56520 16391963 826 0 88221 32721 0 0
1791130200 cpu  958630 0 56546 16395266 826 0 88271 32731 0 0
1791130205 cpu  959276 0 56561 16398554 826 0 88330 32743 0 0
1791130210 cpu  959899 0 56583 16401862 826 0 88388 32751 0 0
1791130215 cpu  960517 0 56601 16405185 826 0 88445 32758 0 0
1791130220 cpu  961125 0 56623 16408518 826 0 88509 32764 0 0
1791130225 cpu  961852 0 56666 16411701 827 0 88568 32775 0 0
1791130230 cpu  962994 0 56832 16414334 827 0 88632 32809 0 0
1791130235 cpu  964123 0 56996 16416988 827 0 88705 32834 0 0
1791130240 cpu  965248 0 57135 16419691 827 0 88773 32849 0 0
1791130245 cpu  966209 0 57211 16422668 828 0 88832 32861 0 0
1791130250 cpu  966912 0 57231 16425957 828 0 88896 32870 0 0
1791130255 cpu  967645 0 57250 16429230 828 0 88962 32880 0 0
1791130260 cpu  968344 0 57272 16432526 828 0 89025 32888 0 0
1791130265 cpu  969051 0 57296 16435802 828 0 89081 32901 0 0
1791130270 cpu  969746 0 57316 16439108 829 0 89148 32908 0 0
1791130275 cpu  970460 0 57340 16442410 829 0 89204 32914 0 0
1791130280 cpu  971141 0 57356 16445738 829 0 89265 32919 0 0
1791130285 cpu  971833 0 57373 16449044 829 0 89329 32926 0 0
1791130290 cpu  972547 0 57398 16452337 829 0 89393 32931 0 0
1791130295 cpu  973227 0 57420 16455653 829 0 89454 32937 0 0
1791130300 cpu  973904 0 57439 16458958 829 0 89512 32943 0 0
1791130305 cpu  974594 0 57457 16462257 829 0 89581 32949 0 0
1791130310 cpu  975264 0 57478 16465573 829 0 89646 32955 0 0
1791130315 cpu  975968 0 57496 16468885 830 0 89716 32961 0 0
1791130320 cpu  976645 0 57515 16472195 830 0 89779 32967 0 0
1791130325 cpu  977316 0 57533 16475509 830 0 89839 32973 0 0
1791130330 cpu  978041 0 57554 16478798 831 0 89899 32982 0 0
1791130335 cpu  978736 0 57571 16482106 831 0 89957 32988 0 0
1791130340 cpu  979418 0 57592 16485435 831 0 90014 32992 0 0
1791130345 cpu  980123 0 57610 16488738 831 0 90080 32999 0 0
1791130350 cpu  980831 0 57640 16492016 831 0 90147 33005 0 0
1791130355 cpu  981529 0 57660 16495317 831 0 90206 33012 0 0
1791130360 cpu  982230 0 57677 16498619 831 0 90272 33018 0 0
1791130365 cpu  982930 0 57698 16501916 831 0 90328 33026 0 0
1791130370 cpu  983616 0 57719 16505222 831 0 90389 33032 0 0
1791130375 cpu  984316 0 57736 16508531 831 0 90442 33038 0 0
1791130380 cpu  985023 0 57751 16511831 831 0 90507 33046 0 0
1791130385 cpu  985730 0 57773 16515124 832 0 90576 33056 0 0
1791130390 cpu  986442 0 57795 16518408 832 0 90636 33067 0 0
1791130395 cpu  987141 0 57816 16521693 832 0 90709 33082 0 0
1791130400 cpu  987853 0 57832 16524997 832 0 90772 33089 0 0
1791130405 cpu  988550 0 57852 16528304 832 0 90833 33095 0 0
1791130410 cpu  989262 0 57876 16531589 832 0 90893 33103 0 0
1791130415 cpu  989945 0 57893 16534901 833 0 90948 33108 0 0
1791130420 cpu  990701 0 57942 16538122 833 0 91015 33115 0 0
1791130425 cpu  991444 0 57982 16541364 833 0 91084 33120 0 0
1791130430 cpu  992131 0 58065 16544595 834 0 91152 33128 0 0
1791130435 cpu  992182 0 58088 16548514 834 0 91162 33129 0 0
1791130440 cpu  993168 0 58230 16551375 834 0 91185 33133 0 0
1791130445 cpu  993531 0 58269 16554955 834 0 91210 33136 0 0
1791130450 cpu  993577 0 58291 16558880 834 0 91220 33136 0 0
1791130455 cpu  993621 0 58309 16562809 834 0 91228 33137 0 0
1791130460 cpu  993623 0 58313 16566802 834 0 91229 33137 0 0
1791130465 cpu  993624 0 58315 16570796 834 0 91229 33137 0 0
1791130470 cpu  993632 0 58321 16574774 834 0 91230 33138 0 0
1791130475 cpu  993653 0 58331 16578741 834 0 91233 33138 0 0
