1791130126 cpu  5428533 512 1509939 26765827 6494 0 508890 24038 0 0
1791130131 cpu  5432888 512 1510947 26767789 6494 0 509275 24042 0 0
1791130136 cpu  5437232 512 1511976 26769728 6496 0 509646 24047 0 0
1791130141 cpu  5441549 512 1512957 26771727 6497 0 510013 24051 0 0
1791130146 cpu  5445916 512 1513965 26773665 6497 0 510384 24054 0 0
1791130151 cpu  5450267 512 1514950 26775664 6497 0 510755 24058 0 0
1791130156 cpu  5454642 512 1515960 26777618 6497 0 511125 24061 0 0
1791130161 cpu  5458997 512 1516975 26779611 6500 0 511493 24065 0 0
1791130166 cpu  5463362 512 1517993 26781556 6500 0 511873 24070 0 0
1791130171 cpu  5467691 512 1518971 26783547 6500 0 512257 24077 0 0
1791130176 cpu  5472017 512 1519953 26785566 6501 0 512605 24080 0 0
1791130181 cpu  5476327 512 1520947 26787577 6501 0 512979 24083 0 0
1791130186 cpu  5480677 512 1521931 26789564 6501 0 513326 24086 0 0
1791130191 cpu  5484991 512 1522949 26791547 6501 0 513698 24090 0 0
1791130196 cpu  5489315 512 1523932 26793563 6501 0 514070 24098 0 0
1791130201 cpu  5493647 512 1524938 26795553 6502 0 514446 24101 0 0
1791130206 cpu  5497994 512 1525916 26797508 6502 0 514826 24105 0 0
1791130211 cpu  5502326 512 1526929 26799495 6502 0 515195 24108 0 0
1791130216 cpu  5506710 512 1527895 26801487 6503 0 515563 24111 0 0
1791130221 cpu  5511012 512 1528870 26803479 6504 0 515956 24114 0 0
1791130226 cpu  5513522 512 1529499 26807911 6504 0 516181 24119 0 0
1791130231 cpu  5513621 512 1529576 26815629 6504 0 516200 24123 0 0
1791130237 cpu  5513771 512 1529675 26823256 6504 0 516221 24128 0 0
1791130242 cpu  5513880 512 1529776 26830964 6505 0 516240 24131 0 0
1791130247 cpu  5517874 512 1530732 26833406 6505 0 516578 24135 0 0
1791130252 cpu  5522240 512 1531742 26835378 6505 0 516903 24138 0 0
1791130257 cpu  5526617 512 1532726 26837367 6507 0 517258 24143 0 0
1791130262 cpu  5530986 512 1533742 26839363 6507 0 517590 24147 0 0
1791130267 cpu  5535413 512 1534716 26841309 6508 0 517922 24151 0 0
1791130272 cpu  5539779 512 1535738 26843303 6512 0 518252 24155 0 0
1791130277 cpu  5544163 512 1536731 26845290 6512 0 518583 24158 0 0
1791130282 cpu  5548536 512 1537737 26847282 6512 0 518912 24167 0 0
1791130287 cpu  5552908 512 1538769 26849271 6512 0 519248 24172 0 0
1791130292 cpu  5557199 512 1539739 26851320 6513 0 519581 24176 0 0
1791130297 cpu  5561563 512 1540753 26853341 6513 0 519912 24179 0 0
1791130302 cpu  5565899 512 1541741 26855380 6513 0 520254 24182 0 0
1791130307 cpu  5570176 512 1542748 26857461 6514 0 520573 24185 0 0
1791130312 cpu  5574476 512 1543729 26859533 6514 0 520920 24188 0 0
1791130317 cpu  5578808 512 1544756 26861546 6514 0 521262 24192 0 0
1791130322 cpu  5583133 512 1545751 26863615 6514 0 521617 24195 0 0
1791130327 cpu  5587407 512 1546771 26865660 6514 0 521967 24197 0 0
1791130332 cpu  5591708 512 1547761 26867705 6515 0 522321 24200 0 0
1791130337 cpu  5595945 512 1548769 26869782 6518 0 522679 24203 0 0
1791130342 cpu  5600298 512 1549761 26871783 6518 0 523025 24206 0 0
1791130347 cpu  5604626 512 1550787 26873818 6518 0 523358 24210 0 0
1791130352 cpu  5608888 512 1551801 26875885 6518 0 523707 24213 0 0
1791130357 cpu  5613164 512 1552824 26877902 6518 0 524058 24216 0 0
1791130362 cpu  5617514 512 1553788 26879949 6519 0 524404 24219 0 0
1791130367 cpu  5621848 512 1554766 26881950 6519 0 524779 24221 0 0
1791130372 cpu  5626186 512 1555778 26883924 6519 0 525141 24225 0 0
1791130377 cpu  5630512 512 1556780 26885952 6520 0 525500 24230 0 0
1791130382 cpu  5634804 512 1557761 26887982 6520 0 525864 24233 0 0
1791130387 cpu  5639139 512 1558774 26889945 6520 0 526254 24235 0 0
1791130392 cpu  5643465 512 1559772 26891915 6520 0 526629 24239 0 0
1791130397 cpu  5647860 512 1560773 26893883 6521 0 526967 24242 0 0
1791130402 cpu  5652220 512 1561816 26895835 6521 0 527355 24245 0 0
1791130407 cpu  5656544 512 1562843 26897837 6522 0 527715 24249 0 0
1791130412 cpu  5660908 512 1563849 26899808 6522 0 528067 24253 0 0
1791130417 cpu  5665353 512 1564813 26901741 6523 0 528423 24257 0 0
1791130422 cpu  5669720 512 1565857 26903661 6523 0 528804 24262 0 0
1791130427 cpu  5674175 512 1566848 26905569 6523 0 529179 24266 0 0
1791130432 cpu  5676589 512 1567429 26910157 6523 0 529386 24270 0 0
1791130437 cpu  5676757 512 1567534 26917731 6523 0 529434 24274 0 0
1791130442 cpu  5677039 512 1567647 26925190 6524 0 529499 24280 0 0
1791130447 cpu  5677333 512 1567793 26932573 6524 0 529596 24285 0 0
1791130452 cpu  5677459 512 1567899 26940244 6525 0 529617 24289 0 0
1791130457 cpu  5677580 512 1567987 26947988 6525 0 529635 24293 0 0
1791130462 cpu  5677718 512 1568081 26955648 6525 0 529652 24296 0 0
1791130467 cpu  5677853 512 1568189 26963309 6526 0 529670 24300 0 0
