1791130124 cpu  1119261 525 328880 15600631 6776 0 247147 12129 0 0
1791130129 cpu  1119931 525 329034 15603617 6778 0 247313 12135 0 0
1791130134 cpu  1120688 525 329200 15606502 6780 0 247469 12139 0 0
1791130139 cpu  1121431 525 329394 15609375 6782 0 247649 12145 0 0
1791130144 cpu  1122121 525 329572 15612297 6785 0 247811 12150 0 0
1791130149 cpu  1122852 525 329760 15615175 6786 0 247982 12156 0 0
1791130154 cpu  1123621 525 329954 15618024 6788 0 248134 12160 0 0
1791130159 cpu  1124344 525 330149 15620898 6790 0 248311 12165 0 0
1791130164 cpu  1125103 525 330338 15623755 6792 0 248479 12170 0 0
1791130169 cpu  1125831 525 330509 15626647 6793 0 248664 12177 0 0
1791130174 cpu  1126528 525 330676 15629553 6796 0 248841 12185 0 0
1791130179 cpu  1127218 525 330822 15632497 6798 0 249024 12193 0 0
1791130184 cpu  1127942 525 330977 15635407 6799 0 249207 12202 0 0
1791130189 cpu  1128597 525 331132 15638369 6802 0 249425 12211 0 0
1791130194 cpu  1129350 525 331317 15641215 6804 0 249599 12218 0 0
1791130199 cpu  1130043 525 331474 15644148 6805 0 249770 12225 0 0
1791130204 cpu  1130799 525 331673 15646980 6807 0 249931 12231 0 0
1791130209 cpu  1131533 525 331848 15649844 6808 0 250107 12238 0 0
1791130214 cpu  1132320 525 332045 15652633 6811 0 250267 12246 0 0
1791130219 cpu  1133081 525 332238 15655444 6813 0 250441 12254 0 0
1791130224 cpu  1133879 525 332447 15658241 6815 0 250600 12261 0 0
1791130229 cpu  1133979 525 332507 15661996 6816 0 250659 12267 0 0
1791130234 cpu  1134092 525 332571 15665717 6818 0 250718 12273 0 0
1791130239 cpu  1134236 525 332634 15669413 6819 0 250790 12280 0 0
1791130244 cpu  1134508 525 332758 15672846 6823 0 250918 12294 0 0
1791130249 cpu  1134722 525 332886 15676308 6825 0 251044 12307 0 0
1791130254 cpu  1134906 525 332992 15679797 6827 0 251176 12321 0 0
1791130259 cpu  1135164 525 333139 15683201 6828 0 251336 12335 0 0
1791130264 cpu  1135434 525 333281 15686592 6834 0 251469 12345 0 0
1791130269 cpu  1135656 525 333402 15690039 6837 0 251594 12356 0 0
1791130274 cpu  1135951 525 333561 15693392 6839 0 251736 12368 0 0
1791130279 cpu  1136243 525 333700 15696759 6841 0 251887 12382 0 0
1791130284 cpu  1136522 525 333847 15700124 6843 0 252035 12393 0 0
1791130289 cpu  1136793 525 333991 15703510 6844 0 252165 12404 0 0
1791130294 cpu  1137101 525 334145 15706858 6847 0 252307 12415 0 0
1791130299 cpu  1137323 525 334254 15710333 6848 0 252433 12424 0 0
1791130304 cpu  1137581 525 334404 15713733 6850 0 252564 12431 0 0
1791130309 cpu  1137840 525 334536 15717147 6852 0 252695 12440 0 0
1791130314 cpu  1138123 525 334678 15720526 6854 0 252819 12448 0 0
1791130319 cpu  1138363 525 334805 15723957 6856 0 252944 12457 0 0
1791130324 cpu  1138647 525 334948 15727337 6859 0 253077 12466 0 0
1791130329 cpu  1138891 525 335064 15730791 6859 0 253197 12473 0 0
1791130334 cpu  1139132 525 335192 15734221 6862 0 253316 12480 0 0
1791130339 cpu  1139383 525 335314 15737680 6864 0 253455 12488 0 0
1791130344 cpu  1139613 525 335442 15741119 6865 0 253581 12495 0 0
1791130349 cpu  1139858 525 335563 15744587 6866 0 253710 12502 0 0
1791130354 cpu  1140122 525 335679 15748038 6869 0 253851 12509 0 0
1791130359 cpu  1140448 525 335814 15751398 6870 0 253995 12517 0 0
1791130364 cpu  1140992 525 335961 15754478 6872 0 254180 12524 0 0
1791130369 cpu  1141556 525 336122 15757562 6875 0 254358 12532 0 0
1791130374 cpu  1142119 525 336281 15760646 6876 0 254530 12539 0 0
1791130379 cpu  1142638 525 336431 15763776 6878 0 254698 12547 0 0
1791130384 cpu  1143206 525 336590 15766842 6880 0 254873 12553 0 0
1791130389 cpu  1143783 525 336727 15769930 6881 0 255056 12559 0 0
1791130394 cpu  1144365 525 336905 15772958 6883 0 255221 12566 0 0
1791130399 cpu  1144964 525 337066 15775986 6885 0 255387 12573 0 0
1791130404 cpu  1145569 525 337239 15779018 6886 0 255554 12579 0 0
1791130409 cpu  1146106 525 337376 15782122 6888 0 255756 12587 0 0
1791130414 cpu  1146725 525 337554 15785125 6890 0 255921 12594 0 0
1791130419 cpu  1147378 525 337707 15788092 6891 0 256095 12601 0 0
1791130424 cpu  1148073 525 337870 15791032 6892 0 256256 12607 0 0
1791130429 cpu  1148768 525 338020 15794008 6895 0 256431 12613 0 0
1791130434 cpu  1149314 525 338123 15797278 6895 0 256482 12617 0 0
1791130439 cpu  1149866 525 338217 15800548 6897 0 256543 12620 0 0
1791130444 cpu  1150414 525 338317 15803784 6898 0 256619 12623 0 0
1791130449 cpu  1150732 525 338408 15807320 6899 0 256649 12625 0 0
1791130454 cpu  1150907 525 338498 15810989 6899 0 256675 12627 0 0
1791130459 cpu  1151040 525 338566 15814731 6900 0 256701 12629 0 0
