1791134041 cpu  1284231 525 383345 18445908 7682 0 284336 15257 0 0
1791134046 cpu  1284291 525 383379 18449769 7683 0 284343 15260 0 0
1791134051 cpu  1284429 525 383451 18453498 7684 0 284370 15263 0 0
1791134056 cpu  1284572 525 383518 18457240 7685 0 284388 15266 0 0
1791134061 cpu  1284681 525 383580 18461022 7686 0 284402 15268 0 0
1791134066 cpu  1284805 525 383635 18464791 7687 0 284419 15270 0 0
1791134071 cpu  1284954 525 383711 18468514 7688 0 284438 15272 0 0
1791134076 cpu  1285106 525 383777 18472249 7689 0 284457 15274 0 0
1791134081 cpu  1285289 525 383863 18475901 7690 0 284486 15278 0 0
1791134086 cpu  1285409 525 383935 18479660 7691 0 284506 15282 0 0
1791134091 cpu  1285579 525 384025 18483347 7692 0 284538 15285 0 0
1791134096 cpu  1285637 525 384055 18487206 7692 0 284546 15288 0 0
1791134101 cpu  1285707 525 384106 18491027 7694 0 284556 15292 0 0
1791134106 cpu  1285754 525 384136 18494903 7695 0 284561 15294 0 0
1791134111 cpu  1285826 525 384177 18498738 7695 0 284575 15296 0 0
1791134116 cpu  1285950 525 384234 18502505 7696 0 284593 15298 0 0
1791134121 cpu  1286096 525 384312 18506225 7697 0 284608 15301 0 0
1791134126 cpu  1286245 525 384376 18509958 7699 0 284630 15304 0 0
1791134131 cpu  1286399 525 384448 18513678 7700 0 284658 15306 0 0
1791134136 cpu  1286538 525 384515 18517415 7702 0 284673 15309 0 0
1791134141 cpu  1286740 525 384600 18521062 7703 0 284705 15310 0 0
1791134146 cpu  1286845 525 384654 18524848 7704 0 284724 15312 0 0
1791134151 cpu  1286945 525 384710 18528633 7705 0 284737 15314 0 0
1791134156 cpu  1287054 525 384761 18532419 7706 0 284756 15316 0 0
1791134161 cpu  1287244 525 384846 18536079 7709 0 284780 15319 0 0
1791134166 cpu  1287298 525 384879 18539945 7710 0 284789 15321 0 0
1791134171 cpu  1287423 525 384945 18543717 7711 0 284806 15323 0 0
1791134176 cpu  1287528 525 384993 18547513 7712 0 284825 15325 0 0
1791134181 cpu  1287666 525 385071 18551246 7713 0 284849 15327 0 0
1791134186 cpu  1287785 525 385128 18555015 7714 0 284875 15329 0 0
1791134191 cpu  1287966 525 385199 18558708 7716 0 284899 15331 0 0
1791134196 cpu  1288131 525 385279 18562413 7717 0 284932 15333 0 0
1791134201 cpu  1288302 525 385351 18566100 7718 0 284963 15335 0 0
1791134206 cpu  1288476 525 385423 18569808 7719 0 284983 15337 0 0
1791134211 cpu  1288625 525 385500 18573536 7720 0 284999 15340 0 0
1791134216 cpu  1288805 525 385572 18577242 7721 0 285018 15342 0 0
1791134221 cpu  1288957 525 385639 18580947 7722 0 285042 15345 0 0
1791134226 cpu  1289107 525 385712 18584655 7723 0 285060 15347 0 0
1791134231 cpu  1289259 525 385789 18588360 7724 0 285089 15349 0 0
1791134236 cpu  1289428 525 385863 18592059 7725 0 285118 15352 0 0
1791134241 cpu  1289611 525 385951 18595737 7726 0 285140 15354 0 0
1791134246 cpu  1289803 525 386033 18599413 7727 0 285172 15356 0 0
1791134251 cpu  1289968 525 386108 18603128 7729 0 285197 15359 0 0
1791134256 cpu  1290131 525 386184 18606823 7730 0 285219 15361 0 0
1791134261 cpu  1290298 525 386257 18610523 7730 0 285249 15363 0 0
1791134266 cpu  1290465 525 386331 18614229 7732 0 285274 15367 0 0
1791134271 cpu  1290579 525 386387 18617999 7733 0 285297 15369 0 0
1791134276 cpu  1290734 525 386445 18621725 7734 0 285324 15372 0 0
1791134281 cpu  1291107 525 386526 18625196 7736 0 285383 15375 0 0
1791134286 cpu  1291528 525 386610 18628617 7737 0 285436 15378 0 0
1791134291 cpu  1291970 525 386720 18631996 7738 0 285498 15381 0 0
1791134296 cpu  1292351 525 386802 18635453 7739 0 285536 15384 0 0
1791134301 cpu  1292771 525 386900 18638840 7740 0 285611 15387 0 0
1791134306 cpu  1293239 525 386977 18642203 7741 0 285657 15390 0 0
1791134311 cpu  1293686 525 387072 18645591 7742 0 285722 15394 0 0
1791134316 cpu  1294157 525 387188 18648909 7743 0 285781 15397 0 0
1791134321 cpu  1294608 525 387288 18652270 7744 0 285834 15402 0 0
1791134326 cpu  1295081 525 387380 18655606 7745 0 285908 15406 0 0
1791134331 cpu  1295547 525 387490 18658952 7747 0 285968 15410 0 0
1791134336 cpu  1296118 525 387597 18662186 7748 0 286028 15418 0 0
1791134341 cpu  1296688 525 387717 18665410 7749 0 286086 15425 0 0
1791134346 cpu  1297259 525 387815 18668635 7750 0 286135 15430 0 0
1791134351 cpu  1297819 525 387906 18671886 7751 0 286185 15433 0 0
1791134356 cpu  1298351 525 388000 18675162 7753 0 286227 15437 0 0
1791134361 cpu  1298915 525 388123 18678369 7754 0 286314 15441 0 0
1791134366 cpu  1299581 525 388284 18681360 7755 0 286451 15446 0 0
1791134371 cpu  1300332 525 388458 18684191 7757 0 286633 15453 0 0
1791134376 cpu  1301079 525 388661 18686995 7759 0 286814 15459 0 0
1791134381 cpu  1301879 525 388859 18689723 7763 0 286998 15465 0 0
1791134386 cpu  1302631 525 389047 18692537 7764 0 287166 15471 0 0
1791134391 cpu  1303375 525 389233 18695357 7768 0 287340 15477 0 0
1791134396 cpu  1304093 525 389398 18698235 7770 0 287511 15483 0 0
1791134401 cpu  1304828 525 389568 18701128 7772 0 287700 15490 0 0
1791134406 cpu  1305588 525 389746 18703994 7774 0 287883 15497 0 0
1791134411 cpu  1306284 525 389926 18706928 7776 0 288054 15504 0 0
1791134416 cpu  1306991 525 390087 18709842 7777 0 288225 15510 0 0
1791134421 cpu  1307666 525 390246 18712769 7779 0 288397 15517 0 0
1791134426 cpu  1308358 525 390421 18715678 7781 0 288590 15525 0 0
1791134431 cpu  1309066 525 390587 18718585 7782 0 288778 15532 0 0
1791134436 cpu  1309790 525 390751 18721467 7784 0 288971 15538 0 0
1791134441 cpu  1310549 525 390931 18724318 7786 0 289155 15544 0 0
1791134446 cpu  1311286 525 391101 18727172 7787 0 289347 15552 0 0
1791134451 cpu  1312031 525 391278 18730039 7790 0 289535 15559 0 0
1791134456 cpu  1312794 525 391458 18732885 7792 0 289723 15569 0 0
1791134461 cpu  1313524 525 391613 18735765 7793 0 289922 15578 0 0
1791134466 cpu  1314261 525 391793 18738656 7795 0 290096 15584 0 0
1791134471 cpu  1314943 525 391946 18741613 7797 0 290288 15589 0 0
1791134476 cpu  1315658 525 392118 18744513 7798 0 290466 15596 0 0
1791134481 cpu  1316378 525 392315 18747400 7801 0 290677 15602 0 0
1791134486 cpu  1317100 525 392491 18750277 7802 0 290874 15608 0 0
1791134491 cpu  1317846 525 392671 18753148 7804 0 291072 15614 0 0
1791134496 cpu  1318577 525 392840 18756035 7806 0 291266 15620 0 0
1791134501 cpu  1319306 525 393022 18758931 7807 0 291433 15625 0 0
1791134506 cpu  1320009 525 393199 18761835 7809 0 291616 15632 0 0
1791134511 cpu  1320704 525 393375 18764721 7811 0 291802 15638 0 0
1791134516 cpu  1321400 525 393529 18767644 7812 0 291975 15643 0 0
1791134521 cpu  1322080 525 393704 18770578 7814 0 292162 15648 0 0
1791134526 cpu  1322777 525 393859 18773515 7816 0 292352 15654 0 0
1791134531 cpu  1323460 525 394026 18776455 7817 0 292517 15659 0 0
1791134536 cpu  1324211 525 394196 18779312 7819 0 292695 15666 0 0
1791134541 cpu  1324915 525 394369 18782220 7821 0 292878 15672 0 0
1791134546 cpu  1325631 525 394534 18785105 7823 0 293073 15678 0 0
1791134551 cpu  1326358 525 394704 18787984 7824 0 293268 15685 0 0
1791134556 cpu  1327093 525 394883 18790844 7826 0 293454 15691 0 0
1791134561 cpu  1327819 525 395062 18793689 7828 0 293654 15699 0 0
1791134566 cpu  1328539 525 395232 18796562 7829 0 293844 15705 0 0
1791134571 cpu  1329255 525 395404 18799461 7831 0 294025 15711 0 0
1791134576 cpu  1329973 525 395581 18802347 7832 0 294219 15720 0 0
1791134581 cpu  1330716 525 395761 18805221 7834 0 294401 15727 0 0
1791134586 cpu  1331408 525 395921 18808117 7836 0 294589 15732 0 0
1791134591 cpu  1332111 525 396080 18811027 7837 0 294761 15738 0 0
1791134596 cpu  1332829 525 396253 18813908 7839 0 294957 15747 0 0
1791134601 cpu  1333509 525 396415 18816847 7841 0 295144 15754 0 0
1791134606 cpu  1334205 525 396577 18819786 7843 0 295319 15759 0 0
1791134611 cpu  1334881 525 396733 18822748 7844 0 295491 15764 0 0
1791134616 cpu  1335585 525 396885 18825686 7846 0 295676 15769 0 0
1791134621 cpu  1336276 525 397056 18828610 7848 0 295864 15775 0 0
1791134626 cpu  1337007 525 397220 18831510 7849 0 296047 15780 0 0
1791134631 cpu  1337682 525 397392 18834447 7851 0 296231 15785 0 0
1791134636 cpu  1338383 525 397572 18837381 7853 0 296398 15790 0 0
1791134641 cpu  1339053 525 397752 18840329 7854 0 296589 15796 0 0
1791134646 cpu  1339744 525 397915 18843266 7856 0 296767 15801 0 0
1791134651 cpu  1340436 525 398060 18846241 7857 0 296940 15805 0 0
1791134656 cpu  1341151 525 398226 18849184 7859 0 297130 15809 0 0
1791134661 cpu  1341830 525 398384 18852140 7861 0 297287 15814 0 0
1791134666 cpu  1342527 525 398543 18855086 7863 0 297453 15818 0 0
1791134671 cpu  1343232 525 398720 18858007 7864 0 297634 15823 0 0
1791134676 cpu  1343955 525 398870 18860935 7866 0 297807 15828 0 0
1791134681 cpu  1344659 525 399041 18863880 7867 0 297990 15832 0 0
1791134686 cpu  1345343 525 399205 18866803 7869 0 298156 15836 0 0
1791134691 cpu  1346013 525 399363 18869748 7871 0 298335 15840 0 0
1791134696 cpu  1346724 525 399541 18872642 7872 0 298526 15846 0 0
1791134701 cpu  1347411 525 399712 18875575 7874 0 298724 15852 0 0
1791134706 cpu  1348114 525 399881 18878491 7876 0 298902 15858 0 0
1791134711 cpu  1348802 525 400035 18881474 7877 0 299059 15862 0 0
1791134716 cpu  1349504 525 400187 18884421 7878 0 299256 15867 0 0
1791134721 cpu  1350162 525 400350 18887393 7880 0 299433 15871 0 0
1791134726 cpu  1350861 525 400505 18890324 7882 0 299603 15877 0 0
1791134731 cpu  1351527 525 400663 18893276 7883 0 299783 15882 0 0
1791134736 cpu  1352233 525 400831 18896207 7885 0 299973 15886 0 0
1791134741 cpu  1352958 525 401000 18899084 7887 0 300143 15891 0 0
1791134746 cpu  1353669 525 401165 18902006 7888 0 300306 15896 0 0
1791134752 cpu  1354355 525 401322 18904958 7890 0 300494 15901 0 0
1791134757 cpu  1355040 525 401477 18907882 7893 0 300671 15905 0 0
1791134762 cpu  1355709 525 401636 18910867 7894 0 300843 15909 0 0
1791134767 cpu  1356445 525 401793 18913754 7895 0 301036 15914 0 0
1791134772 cpu  1357132 525 401955 18916655 7897 0 301230 15919 0 0
1791134777 cpu  1357827 525 402111 18919602 7898 0 301401 15924 0 0
1791134782 cpu  1358506 525 402279 18922529 7900 0 301579 15928 0 0
1791134787 cpu  1359208 525 402445 18925448 7902 0 301753 15933 0 0
1791134792 cpu  1359908 525 402622 18928400 7904 0 301941 15938 0 0
1791134797 cpu  1360607 525 402771 18931318 7905 0 302117 15943 0 0
1791134802 cpu  1361314 525 402938 18934236 7907 0 302300 15947 0 0
1791134807 cpu  1361986 525 403113 18937171 7908 0 302476 15952 0 0
1791134812 cpu  1362688 525 403261 18940151 7910 0 302637 15956 0 0
1791134817 cpu  1363398 525 403413 18943077 7911 0 302800 15960 0 0
1791134822 cpu  1364066 525 403581 18946050 7913 0 302960 15965 0 0
1791134827 cpu  1364754 525 403757 18949001 7915 0 303125 15970 0 0
1791134832 cpu  1365430 525 403915 18951969 7916 0 303294 15975 0 0
1791134837 cpu  1366139 525 404093 18954894 7917 0 303475 15980 0 0
1791134842 cpu  1366818 525 404263 18957855 7919 0 303650 15985 0 0
1791134847 cpu  1367555 525 404425 18960754 7921 0 303837 15991 0 0
1791134852 cpu  1368231 525 404591 18963708 7922 0 304026 15995 0 0
1791134857 cpu  1368946 525 404742 18966656 7924 0 304204 15999 0 0
1791134862 cpu  1369617 525 404912 18969608 7925 0 304389 16004 0 0
1791134867 cpu  1370310 525 405086 18972520 7927 0 304594 16008 0 0
1791134872 cpu  1370983 525 405253 18975474 7928 0 304770 16013 0 0
1791134877 cpu  1371664 525 405421 18978440 7930 0 304944 16017 0 0
1791134882 cpu  1372333 525 405595 18981413 7931 0 305118 16021 0 0
1791134887 cpu  1373042 525 405758 18984346 7933 0 305298 16025 0 0
1791134892 cpu  1373731 525 405914 18987300 7935 0 305464 16029 0 0
1791134897 cpu  1374389 525 406075 18990279 7936 0 305617 16033 0 0
1791134902 cpu  1375074 525 406245 18993217 7938 0 305802 16038 0 0
1791134907 cpu  1375748 525 406410 18996158 7940 0 305990 16042 0 0
1791134912 cpu  1376435 525 406576 18999099 7941 0 306181 16046 0 0
1791134917 cpu  1377122 525 406738 19002060 7943 0 306337 16050 0 0
1791134922 cpu  1377819 525 406900 19005014 7944 0 306513 16054 0 0
1791134927 cpu  1378482 525 407067 19008000 7945 0 306674 16058 0 0
1791134932 cpu  1379194 525 407222 19010935 7947 0 306848 16062 0 0
1791134937 cpu  1379868 525 407380 19013893 7949 0 307021 16067 0 0
1791134942 cpu  1380564 525 407554 19016820 7950 0 307197 16072 0 0
1791134947 cpu  1381255 525 407706 19019787 7952 0 307361 16076 0 0
1791134952 cpu  1381940 525 407866 19022740 7954 0 307535 16081 0 0
1791134957 cpu  1382613 525 408016 19025710 7955 0 307713 16086 0 0
1791134962 cpu  1383303 525 408175 19028662 7957 0 307874 16090 0 0
1791134967 cpu  1383981 525 408332 19031632 7958 0 308045 16095 0 0
1791134972 cpu  1384639 525 408488 19034665 7959 0 308197 16098 0 0
1791134977 cpu  1384824 525 408558 19038358 7960 0 308215 16099 0 0
1791134982 cpu  1384991 525 408621 19042067 7962 0 308237 16101 0 0
1791134987 cpu  1385061 525 408669 19045893 7962 0 308250 16103 0 0
1791134992 cpu  1385203 525 408727 19049638 7963 0 308276 16104 0 0
