1791134044 cpu  6269923 512 1743080 31772693 6855 0 585793 27438 0 0
1791134049 cpu  6270061 512 1743193 31780329 6855 0 585820 27443 0 0
1791134054 cpu  6270195 512 1743281 31788012 6855 0 585838 27446 0 0
1791134059 cpu  6270342 512 1743399 31795632 6856 0 585862 27451 0 0
1791134064 cpu  6270480 512 1743494 31803289 6856 0 585875 27455 0 0
1791134069 cpu  6270632 512 1743596 31810905 6856 0 585891 27460 0 0
1791134074 cpu  6270782 512 1743689 31818578 6857 0 585907 27464 0 0
1791134079 cpu  6270929 512 1743788 31826222 6857 0 585928 27469 0 0
1791134084 cpu  6271073 512 1743869 31833894 6857 0 585941 27473 0 0
1791134089 cpu  6271224 512 1743966 31841512 6858 0 585962 27478 0 0
1791134094 cpu  6271358 512 1744066 31849186 6858 0 585980 27481 0 0
1791134099 cpu  6271496 512 1744172 31856829 6859 0 586008 27486 0 0
1791134104 cpu  6271640 512 1744268 31864496 6859 0 586032 27490 0 0
1791134109 cpu  6271787 512 1744369 31872137 6859 0 586053 27495 0 0
1791134114 cpu  6271915 512 1744447 31879823 6860 0 586074 27499 0 0
1791134119 cpu  6272061 512 1744572 31887437 6860 0 586106 27503 0 0
1791134124 cpu  6272218 512 1744665 31895082 6861 0 586128 27507 0 0
1791134129 cpu  6272366 512 1744777 31902707 6861 0 586156 27510 0 0
1791134134 cpu  6272489 512 1744865 31910390 6862 0 586175 27514 0 0
1791134139 cpu  6272618 512 1744975 31918039 6862 0 586199 27518 0 0
1791134144 cpu  6272754 512 1745069 31925725 6862 0 586211 27522 0 0
1791134149 cpu  6272887 512 1745177 31933355 6863 0 586240 27527 0 0
1791134154 cpu  6273023 512 1745275 31941030 6863 0 586254 27531 0 0
1791134159 cpu  6273152 512 1745369 31948684 6863 0 586281 27535 0 0
1791134164 cpu  6273281 512 1745466 31956350 6863 0 586303 27539 0 0
1791134169 cpu  6273418 512 1745581 31963985 6864 0 586323 27544 0 0
1791134174 cpu  6273531 512 1745667 31971682 6864 0 586335 27547 0 0
1791134179 cpu  6273689 512 1745797 31979299 6864 0 586358 27552 0 0
1791134184 cpu  6273832 512 1745890 31986976 6864 0 586374 27555 0 0
1791134189 cpu  6273993 512 1745999 31994599 6865 0 586399 27559 0 0
1791134194 cpu  6274122 512 1746095 32002283 6865 0 586414 27562 0 0
1791134199 cpu  6274254 512 1746207 32009928 6865 0 586441 27566 0 0
1791134204 cpu  6274384 512 1746295 32017612 6865 0 586454 27569 0 0
1791134209 cpu  6274537 512 1746402 32025234 6866 0 586484 27574 0 0
1791134214 cpu  6274677 512 1746494 32032906 6866 0 586499 27577 0 0
1791134219 cpu  6274818 512 1746612 32040565 6866 0 586523 27581 0 0
1791134224 cpu  6274951 512 1746706 32048230 6867 0 586537 27585 0 0
1791134229 cpu  6275103 512 1746800 32055882 6867 0 586557 27589 0 0
1791134234 cpu  6275246 512 1746895 32063564 6867 0 586576 27593 0 0
1791134239 cpu  6275407 512 1746992 32071196 6868 0 586596 27597 0 0
1791134244 cpu  6275548 512 1747071 32078875 6868 0 586621 27600 0 0
1791134249 cpu  6275707 512 1747177 32086490 6868 0 586649 27604 0 0
1791134254 cpu  6275824 512 1747282 32094179 6869 0 586670 27607 0 0
1791134259 cpu  6275963 512 1747379 32101839 6869 0 586690 27610 0 0
1791134264 cpu  6276101 512 1747470 32109521 6870 0 586703 27614 0 0
1791134269 cpu  6276242 512 1747578 32117146 6870 0 586729 27618 0 0
1791134274 cpu  6276386 512 1747669 32124807 6871 0 586746 27623 0 0
1791134279 cpu  6276545 512 1747773 32132402 6871 0 586792 27628 0 0
1791134284 cpu  6276730 512 1747874 32139974 6871 0 586844 27633 0 0
1791134289 cpu  6276909 512 1747992 32147523 6871 0 586903 27639 0 0
1791134294 cpu  6277078 512 1748099 32155105 6872 0 586950 27643 0 0
1791134299 cpu  6277272 512 1748227 32162630 6872 0 586997 27648 0 0
1791134304 cpu  6277456 512 1748330 32170244 6872 0 587045 27652 0 0
1791134309 cpu  6277646 512 1748462 32177754 6873 0 587098 27656 0 0
1791134314 cpu  6277827 512 1748574 32185326 6873 0 587147 27660 0 0
1791134319 cpu  6278016 512 1748695 32192869 6873 0 587197 27665 0 0
1791134324 cpu  6278201 512 1748818 32200439 6874 0 587234 27669 0 0
1791134329 cpu  6278417 512 1748933 32207969 6874 0 587283 27672 0 0
1791134334 cpu  6278631 512 1749052 32215498 6874 0 587332 27676 0 0
1791134339 cpu  6278822 512 1749174 32223061 6875 0 587379 27680 0 0
1791134344 cpu  6279039 512 1749301 32230577 6875 0 587431 27685 0 0
1791134349 cpu  6279219 512 1749431 32238107 6876 0 587480 27692 0 0
1791134354 cpu  6279417 512 1749557 32245650 6876 0 587528 27697 0 0
1791134359 cpu  6279798 512 1749710 32252924 6876 0 587598 27703 0 0
1791134364 cpu  6281744 512 1750236 32258087 6877 0 587794 27708 0 0
1791134369 cpu  6285721 512 1751173 32260563 6877 0 588134 27712 0 0
1791134374 cpu  6290180 512 1752148 32262445 6877 0 588482 27716 0 0
1791134379 cpu  6294592 512 1753135 32264388 6878 0 588854 27719 0 0
1791134384 cpu  6299011 512 1754115 32266356 6878 0 589212 27727 0 0
1791134389 cpu  6303407 512 1755091 32268350 6881 0 589556 27730 0 0
1791134394 cpu  6307431 512 1756000 32270781 6882 0 589916 27735 0 0
1791134399 cpu  6311159 512 1756979 32273377 6882 0 590289 27740 0 0
1791134404 cpu  6314877 512 1757916 32276008 6882 0 590640 27747 0 0
1791134409 cpu  6318602 512 1758883 32278557 6883 0 591011 27757 0 0
1791134414 cpu  6322074 512 1759838 32281483 6883 0 591356 27765 0 0
1791134419 cpu  6325696 512 1760812 32284203 6883 0 591706 27771 0 0
1791134424 cpu  6329275 512 1761743 32286975 6883 0 592089 27777 0 0
1791134429 cpu  6333011 512 1762742 32289536 6884 0 592457 27781 0 0
1791134434 cpu  6336959 512 1763737 32291914 6884 0 592811 27784 0 0
1791134439 cpu  6340606 512 1764744 32294573 6884 0 593177 27789 0 0
1791134444 cpu  6344394 512 1765719 32297100 6885 0 593545 27794 0 0
1791134449 cpu  6348381 512 1766736 32299385 6885 0 593944 27797 0 0
1791134454 cpu  6352335 512 1767724 32301697 6885 0 594312 27802 0 0
1791134459 cpu  6356264 512 1768759 32304058 6885 0 594664 27805 0 0
1791134464 cpu  6360249 512 1769766 32306370 6885 0 595049 27810 0 0
1791134469 cpu  6363980 512 1770722 32308959 6886 0 595442 27814 0 0
1791134474 cpu  6367589 512 1771719 32311650 6886 0 595807 27818 0 0
1791134479 cpu  6371661 512 1772755 32313820 6886 0 596215 27822 0 0
1791134484 cpu  6375691 512 1773776 32316053 6886 0 596578 27826 0 0
1791134489 cpu  6379862 512 1774847 32318144 6887 0 596967 27829 0 0
1791134494 cpu  6383942 512 1775881 32320324 6887 0 597361 27832 0 0
1791134499 cpu  6387846 512 1776908 32322714 6887 0 597734 27835 0 0
1791134504 cpu  6391781 512 1777928 32325073 6887 0 598121 27840 0 0
1791134509 cpu  6395938 512 1778952 32327203 6887 0 598515 27843 0 0
1791134514 cpu  6399850 512 1779957 32329607 6888 0 598905 27846 0 0
1791134519 cpu  6403919 512 1781012 32331818 6888 0 599297 27850 0 0
1791134524 cpu  6407706 512 1781985 32334343 6888 0 599688 27854 0 0
1791134529 cpu  6411588 512 1782964 32336787 6889 0 600080 27859 0 0
1791134534 cpu  6415654 512 1783998 32339036 6889 0 600463 27863 0 0
1791134539 cpu  6419647 512 1785032 32341299 6889 0 600850 27868 0 0
1791134544 cpu  6423578 512 1786060 32343620 6890 0 601249 27873 0 0
1791134549 cpu  6427713 512 1787131 32345752 6890 0 601651 27877 0 0
1791134554 cpu  6431839 512 1788158 32347846 6890 0 602055 27879 0 0
1791134559 cpu  6435904 512 1789175 32350077 6890 0 602445 27883 0 0
1791134564 cpu  6440014 512 1790260 32352229 6891 0 602818 27886 0 0
1791134569 cpu  6444052 512 1791267 32354469 6891 0 603188 27890 0 0
1791134574 cpu  6447953 512 1792305 32356843 6891 0 603564 27897 0 0
1791134579 cpu  6451936 512 1793333 32359075 6891 0 603950 27907 0 0
1791134584 cpu  6455877 512 1794332 32361417 6891 0 604339 27912 0 0
1791134589 cpu  6459912 512 1795373 32363672 6892 0 604708 27916 0 0
1791134594 cpu  6464030 512 1796364 32365862 6892 0 605089 27921 0 0
1791134599 cpu  6468033 512 1797388 32368130 6892 0 605482 27924 0 0
1791134604 cpu  6471745 512 1798382 32370742 6892 0 605846 27930 0 0
1791134609 cpu  6475710 512 1799379 32373103 6893 0 606218 27937 0 0
1791134614 cpu  6479285 512 1800287 32375903 6893 0 606589 27945 0 0
1791134619 cpu  6483116 512 1801315 32378399 6893 0 606948 27951 0 0
1791134624 cpu  6486945 512 1802306 32380862 6893 0 607340 27956 0 0
1791134629 cpu  6490968 512 1803348 32383072 6894 0 607753 27959 0 0
1791134634 cpu  6494943 512 1804300 32385414 6894 0 608140 27965 0 0
1791134639 cpu  6499103 512 1805341 32387503 6894 0 608502 27968 0 0
1791134644 cpu  6503138 512 1806352 32389761 6895 0 608896 27972 0 0
1791134649 cpu  6507113 512 1807376 32392112 6895 0 609276 27977 0 0
1791134654 cpu  6511162 512 1808414 32394355 6895 0 609650 27982 0 0
1791134659 cpu  6515079 512 1809443 32396690 6895 0 610021 27987 0 0
1791134664 cpu  6519085 512 1810462 32398938 6896 0 610418 27992 0 0
1791134669 cpu  6523224 512 1811549 32401084 6896 0 610795 27995 0 0
1791134674 cpu  6527168 512 1812577 32403489 6896 0 611151 27998 0 0
1791134679 cpu  6531290 512 1813618 32405653 6896 0 611538 28002 0 0
1791134684 cpu  6535370 512 1814658 32407835 6897 0 611911 28005 0 0
1791134689 cpu  6539485 512 1815709 32409982 6897 0 612288 28009 0 0
1791134694 cpu  6543614 512 1816752 32412148 6897 0 612669 28014 0 0
1791134699 cpu  6547756 512 1817810 32414283 6897 0 613032 28018 0 0
1791134704 cpu  6551579 512 1818783 32416792 6897 0 613409 28023 0 0
1791134709 cpu  6555229 512 1819731 32419525 6897 0 613768 28030 0 0
1791134714 cpu  6558817 512 1820655 32422313 6898 0 614135 28039 0 0
1791134719 cpu  6562781 512 1821644 32424631 6898 0 614519 28044 0 0
1791134724 cpu  6566705 512 1822622 32427049 6898 0 614893 28050 0 0
1791134729 cpu  6570707 512 1823677 32429290 6899 0 615292 28055 0 0
1791134734 cpu  6574667 512 1824708 32431589 6899 0 615695 28060 0 0
1791134739 cpu  6578629 512 1825737 32433922 6899 0 616083 28064 0 0
1791134744 cpu  6582780 512 1826767 32436033 6899 0 616464 28068 0 0
1791134749 cpu  6586561 512 1827744 32438544 6900 0 616836 28074 0 0
1791134754 cpu  6590548 512 1828748 32440846 6900 0 617223 28079 0 0
1791134759 cpu  6594573 512 1829779 32443105 6900 0 617602 28083 0 0
1791134764 cpu  6598315 512 1830786 32445644 6900 0 617991 28089 0 0
1791134769 cpu  6602432 512 1831866 32447720 6901 0 618390 28092 0 0
1791134774 cpu  6606424 512 1832862 32450025 6901 0 618768 28096 0 0
1791134779 cpu  6610394 512 1833946 32452299 6901 0 619138 28102 0 0
1791134784 cpu  6614287 512 1834980 32454705 6901 0 619513 28106 0 0
1791134789 cpu  6618309 512 1836003 32456913 6903 0 619936 28110 0 0
1791134794 cpu  6622343 512 1837034 32459182 6903 0 620316 28113 0 0
1791134799 cpu  6626168 512 1838077 32461618 6903 0 620693 28117 0 0
1791134804 cpu  6629999 512 1839060 32464089 6903 0 621093 28120 0 0
1791134809 cpu  6633790 512 1840058 32466567 6904 0 621465 28125 0 0
1791134814 cpu  6637687 512 1841059 32468967 6904 0 621840 28130 0 0
1791134819 cpu  6641652 512 1842057 32471302 6905 0 622212 28136 0 0
1791134824 cpu  6645591 512 1843062 32473671 6905 0 622585 28142 0 0
1791134829 cpu  6649572 512 1844069 32475937 6905 0 622976 28147 0 0
1791134834 cpu  6653379 512 1845013 32478461 6905 0 623339 28153 0 0
1791134839 cpu  6657249 512 1845967 32480901 6906 0 623722 28158 0 0
1791134844 cpu  6661133 512 1846978 32483279 6906 0 624104 28164 0 0
1791134849 cpu  6665107 512 1848015 32485562 6906 0 624501 28167 0 0
1791134854 cpu  6669083 512 1849049 32487841 6907 0 624882 28171 0 0
1791134859 cpu  6673052 512 1850087 32490139 6907 0 625264 28174 0 0
1791134864 cpu  6676975 512 1851116 32492481 6907 0 625643 28178 0 0
1791134869 cpu  6681087 512 1852142 32494658 6907 0 626035 28181 0 0
1791134874 cpu  6685048 512 1853169 32497006 6908 0 626409 28187 0 0
1791134879 cpu  6688951 512 1854173 32499401 6908 0 626797 28192 0 0
1791134884 cpu  6692852 512 1855158 32501813 6908 0 627181 28199 0 0
1791134889 cpu  6696909 512 1856219 32503967 6909 0 627595 28203 0 0
1791134894 cpu  6700680 512 1857191 32506500 6909 0 627967 28209 0 0
1791134899 cpu  6704699 512 1858223 32508733 6910 0 628361 28218 0 0
1791134904 cpu  6708777 512 1859240 32510914 6910 0 628775 28223 0 0
1791134909 cpu  6712863 512 1860301 32513103 6910 0 629165 28226 0 0
1791134914 cpu  6716905 512 1861324 32515295 6910 0 629572 28230 0 0
1791134919 cpu  6720751 512 1862314 32517757 6911 0 629946 28236 0 0
1791134924 cpu  6724489 512 1863320 32520315 6911 0 630351 28243 0 0
1791134929 cpu  6728268 512 1864328 32522827 6911 0 630729 28249 0 0
1791134934 cpu  6732268 512 1865332 32525131 6911 0 631130 28256 0 0
1791134939 cpu  6736259 512 1866409 32527406 6912 0 631510 28260 0 0
1791134944 cpu  6740344 512 1867443 32529594 6912 0 631897 28264 0 0
1791134949 cpu  6744216 512 1868380 32532055 6912 0 632277 28269 0 0
1791134954 cpu  6748134 512 1869388 32534368 6912 0 632684 28274 0 0
1791134959 cpu  6751948 512 1870406 32536835 6912 0 633063 28280 0 0
1791134964 cpu  6755902 512 1871404 32539147 6913 0 633443 28284 0 0
1791134969 cpu  6759658 512 1872368 32541756 6913 0 633808 28293 0 0
1791134974 cpu  6760463 512 1872628 32548482 6914 0 633910 28297 0 0
1791134979 cpu  6760621 512 1872744 32556095 6914 0 633926 28301 0 0
1791134984 cpu  6760757 512 1872840 32563774 6914 0 633947 28305 0 0
1791134989 cpu  6760933 512 1872958 32571352 6914 0 633971 28311 0 0
1791134994 cpu  6761066 512 1873043 32579047 6914 0 633987 28315 0 0
