1791134046 cpu  1078139 0 62717 19337016 892 0 98516 34583 0 0
1791134051 cpu  1078142 0 62720 19341007 892 0 98516 34584 0 0
1791134056 cpu  1078145 0 62721 19345002 892 0 98516 34584 0 0
1791134061 cpu  1078196 0 62742 19348925 892 0 98526 34585 0 0
1791134066 cpu  1078199 0 62745 19352918 893 0 98526 34586 0 0
1791134071 cpu  1078211 0 62752 19356893 893 0 98526 34587 0 0
1791134076 cpu  1078214 0 62754 19360885 893 0 98526 34588 0 0
1791134081 cpu  1078215 0 62756 19364878 893 0 98526 34589 0 0
1791134086 cpu  1078218 0 62757 19368870 893 0 98526 34589 0 0
1791134091 cpu  1078218 0 62758 19372865 893 0 98526 34590 0 0
1791134096 cpu  1078220 0 62758 19376860 893 0 98526 34590 0 0
1791134101 cpu  1078223 0 62759 19380855 893 0 98527 34591 0 0
1791134106 cpu  1078226 0 62760 19384847 893 0 98527 34591 0 0
1791134111 cpu  1078227 0 62762 19388842 893 0 98528 34592 0 0
1791134116 cpu  1078229 0 62762 19392838 893 0 98528 34592 0 0
1791134121 cpu  1078232 0 62765 19396830 893 0 98528 34593 0 0
1791134126 cpu  1078234 0 62766 19400826 894 0 98528 34593 0 0
1791134131 cpu  1078246 0 62771 19404804 894 0 98528 34593 0 0
1791134136 cpu  1078247 0 62772 19408799 894 0 98528 34593 0 0
1791134141 cpu  1078248 0 62772 19412796 894 0 98528 34594 0 0
1791134146 cpu  1078251 0 62774 19416788 894 0 98529 34594 0 0
1791134151 cpu  1078255 0 62774 19420782 894 0 98529 34594 0 0
1791134156 cpu  1078256 0 62774 19424777 894 0 98529 34594 0 0
1791134161 cpu  1078257 0 62775 19428773 894 0 98529 34595 0 0
1791134166 cpu  1078259 0 62777 19432764 894 0 98529 34595 0 0
1791134171 cpu  1078261 0 62777 19436759 894 0 98530 34595 0 0
1791134176 cpu  1078263 0 62777 19440754 894 0 98530 34595 0 0
1791134181 cpu  1078265 0 62779 19444749 894 0 98530 34596 0 0
1791134186 cpu  1078267 0 62779 19448744 894 0 98530 34596 0 0
1791134191 cpu  1078275 0 62782 19452724 894 0 98530 34597 0 0
1791134196 cpu  1078277 0 62783 19456719 894 0 98530 34597 0 0
1791134201 cpu  1078279 0 62783 19460714 894 0 98530 34597 0 0
1791134206 cpu  1078281 0 62784 19464705 894 0 98530 34598 0 0
1791134211 cpu  1078282 0 62785 19468700 894 0 98530 34598 0 0
1791134216 cpu  1078284 0 62785 19472694 894 0 98530 34598 0 0
1791134221 cpu  1078285 0 62787 19476689 894 0 98530 34599 0 0
1791134226 cpu  1078290 0 62787 19480680 894 0 98531 34599 0 0
1791134231 cpu  1078291 0 62787 19484676 894 0 98531 34600 0 0
1791134237 cpu  1078293 0 62788 19488670 894 0 98531 34600 0 0
1791134242 cpu  1078294 0 62789 19492665 894 0 98531 34600 0 0
1791134247 cpu  1078296 0 62790 19496660 894 0 98531 34600 0 0
1791134252 cpu  1078305 0 62794 19500640 894 0 98531 34601 0 0
1791134257 cpu  1078308 0 62795 19504634 894 0 98532 34601 0 0
1791134262 cpu  1078311 0 62796 19508630 894 0 98532 34601 0 0
1791134267 cpu  1078313 0 62797 19512623 894 0 98532 34602 0 0
1791134272 cpu  1078315 0 62799 19516617 894 0 98532 34602 0 0
1791134277 cpu  1078318 0 62799 19520611 894 0 98532 34602 0 0
1791134282 cpu  1078319 0 62801 19524606 894 0 98532 34602 0 0
1791134287 cpu  1078326 0 62802 19528596 894 0 98532 34603 0 0
1791134292 cpu  1078327 0 62803 19532590 894 0 98532 34603 0 0
1791134297 cpu  1078329 0 62805 19536585 894 0 98533 34603 0 0
1791134302 cpu  1078330 0 62805 19540580 894 0 98533 34603 0 0
1791134307 cpu  1078331 0 62806 19544575 894 0 98533 34604 0 0
1791134312 cpu  1078338 0 62811 19548555 894 0 98533 34604 0 0
1791134317 cpu  1078340 0 62811 19552550 895 0 98533 34604 0 0
1791134322 cpu  1078341 0 62812 19556546 895 0 98533 34605 0 0
1791134327 cpu  1078344 0 62813 19560539 895 0 98533 34605 0 0
1791134332 cpu  1078345 0 62813 19564535 895 0 98533 34605 0 0
1791134337 cpu  1078348 0 62814 19568527 895 0 98533 34605 0 0
1791134342 cpu  1078433 0 62853 19572393 895 0 98550 34606 0 0
1791134347 cpu  1078526 0 62888 19576249 895 0 98558 34608 0 0
1791134352 cpu  1078574 0 62913 19580170 895 0 98566 34609 0 0
1791134357 cpu  1078921 0 62998 19583725 895 0 98595 34611 0 0
1791134362 cpu  1080022 0 63074 19586523 896 0 98617 34624 0 0
1791134367 cpu  1080779 0 63132 19589667 896 0 98672 34629 0 0
1791134372 cpu  1081411 0 63168 19592963 896 0 98713 34635 0 0
1791134377 cpu  1081916 0 63182 19596405 896 0 98761 34641 0 0
1791134382 cpu  1082411 0 63195 19599843 896 0 98806 34648 0 0
1791134387 cpu  1082924 0 63213 19603267 896 0 98845 34652 0 0
1791134392 cpu  1083480 0 63232 19606649 896 0 98900 34663 0 0
1791134397 cpu  1083979 0 63251 19610071 897 0 98949 34670 0 0
1791134402 cpu  1084515 0 63272 19613477 897 0 99013 34676 0 0
1791134407 cpu  1085065 0 63285 19616879 897 0 99079 34681 0 0
1791134412 cpu  1085586 0 63304 19620288 899 0 99137 34692 0 0
1791134417 cpu  1086128 0 63327 19623677 899 0 99199 34704 0 0
1791134422 cpu  1086643 0 63344 19627077 899 0 99266 34712 0 0
1791134427 cpu  1087215 0 63367 19630444 899 0 99325 34721 0 0
1791134432 cpu  1087770 0 63393 19633803 899 0 99393 34729 0 0
1791134437 cpu  1088334 0 63414 19637166 899 0 99464 34739 0 0
1791134442 cpu  1088925 0 63433 19640506 899 0 99530 34753 0 0
1791134447 cpu  1089508 0 63455 19643846 900 0 99595 34764 0 0
1791134452 cpu  1090162 0 63477 19647121 900 0 99658 34796 0 0
1791134457 cpu  1090799 0 63501 19650394 902 0 99732 34821 0 0
1791134462 cpu  1091444 0 63526 19653646 902 0 99805 34862 0 0
1791134467 cpu  1092114 0 63553 19656852 903 0 99889 34913 0 0
1791134472 cpu  1092794 0 63588 19660091 903 0 99959 34947 0 0
1791134477 cpu  1093464 0 63621 19663316 903 0 100022 34989 0 0
1791134482 cpu  1094159 0 63650 19666497 904 0 100093 35076 0 0
1791134487 cpu  1094864 0 63672 19669702 904 0 100165 35131 0 0
1791134492 cpu  1095518 0 63703 19672967 905 0 100243 35151 0 0
1791134497 cpu  1096170 0 63727 19676259 905 0 100315 35176 0 0
1791134502 cpu  1096799 0 63752 19679518 905 0 100383 35210 0 0
1791134507 cpu  1097468 0 63777 19682746 905 0 100456 35253 0 0
1791134512 cpu  1098153 0 63805 19685931 905 0 100538 35335 0 0
1791134517 cpu  1098787 0 63828 19689219 905 0 100616 35357 0 0
1791134522 cpu  1099426 0 63852 19692513 906 0 100684 35381 0 0
1791134527 cpu  1100018 0 63879 19695818 906 0 100761 35406 0 0
1791134532 cpu  1100675 0 63906 19699070 906 0 100835 35441 0 0
1791134537 cpu  1101297 0 63930 19702366 906 0 100901 35459 0 0
1791134542 cpu  1101903 0 63950 19705677 907 0 100952 35485 0 0
1791134547 cpu  1102594 0 63969 19708906 907 0 101018 35528 0 0
1791134552 cpu  1103334 0 64001 19712034 907 0 101096 35598 0 0
1791134557 cpu  1104051 0 64027 19715195 908 0 101176 35668 0 0
1791134562 cpu  1104787 0 64060 19718303 908 0 101257 35819 0 0
1791134567 cpu  1105516 0 64088 19721436 908 0 101317 35931 0 0
1791134572 cpu  1106223 0 64116 19724617 908 0 101397 36013 0 0
1791134577 cpu  1106965 0 64147 19727717 908 0 101481 36152 0 0
1791134582 cpu  1107720 0 64176 19730805 909 0 101566 36263 0 0
1791134587 cpu  1108442 0 64199 19733973 910 0 101654 36335 0 0
1791134592 cpu  1109115 0 64223 19737203 910 0 101727 36378 0 0
1791134597 cpu  1109806 0 64246 19740415 910 0 101806 36417 0 0
1791134602 cpu  1110486 0 64268 19743622 910 0 101888 36476 0 0
1791134607 cpu  1111142 0 64296 19746850 911 0 101973 36525 0 0
1791134612 cpu  1111783 0 64325 19750104 911 0 102035 36560 0 0
1791134617 cpu  1112397 0 64348 19753404 911 0 102108 36589 0 0
1791134622 cpu  1113034 0 64372 19756667 911 0 102185 36624 0 0
1791134627 cpu  1113612 0 64396 19760011 911 0 102260 36637 0 0
1791134632 cpu  1114213 0 64418 19763305 911 0 102332 36672 0 0
1791134637 cpu  1114780 0 64439 19766657 911 0 102396 36687 0 0
1791134642 cpu  1115384 0 64458 19769977 911 0 102468 36703 0 0
1791134647 cpu  1115992 0 64475 19773319 911 0 102537 36717 0 0
1791134652 cpu  1116595 0 64495 19776667 911 0 102607 36731 0 0
1791134657 cpu  1117209 0 64516 19779993 911 0 102680 36743 0 0
1791134662 cpu  1117787 0 64530 19783352 912 0 102741 36754 0 0
1791134667 cpu  1118381 0 64551 19786706 912 0 102808 36766 0 0
1791134672 cpu  1119003 0 64579 19790004 912 0 102888 36781 0 0
1791134677 cpu  1119652 0 64609 19793267 912 0 102955 36808 0 0
1791134682 cpu  1120381 0 64631 19796434 912 0 103033 36897 0 0
1791134687 cpu  1121101 0 64659 19799566 913 0 103107 36982 0 0
1791134692 cpu  1121807 0 64685 19802709 913 0 103185 37067 0 0
1791134697 cpu  1122517 0 64708 19805904 913 0 103270 37125 0 0
1791134702 cpu  1123197 0 64731 19809096 913 0 103351 37186 0 0
1791134707 cpu  1123893 0 64764 19812247 913 0 103421 37280 0 0
1791134712 cpu  1124542 0 64789 19815491 913 0 103490 37330 0 0
1791134717 cpu  1125183 0 64817 19818764 914 0 103565 37361 0 0
1791134722 cpu  1125880 0 64847 19821927 914 0 103644 37445 0 0
1791134727 cpu  1126583 0 64867 19825115 914 0 103725 37508 0 0
1791134732 cpu  1127275 0 64905 19828309 914 0 103814 37549 0 0
1791134737 cpu  1127889 0 64928 19831611 914 0 103883 37570 0 0
1791134742 cpu  1128599 0 64951 19834803 915 0 103955 37621 0 0
1791134747 cpu  1129249 0 64978 19838064 915 0 104035 37647 0 0
1791134752 cpu  1129918 0 65002 19841270 915 0 104102 37699 0 0
1791134757 cpu  1130526 0 65027 19844569 915 0 104172 37718 0 0
1791134762 cpu  1131155 0 65048 19847860 915 0 104243 37756 0 0
1791134767 cpu  1131799 0 65077 19851107 915 0 104302 37798 0 0
1791134772 cpu  1132446 0 65103 19854362 915 0 104377 37822 0 0
1791134777 cpu  1133170 0 65135 19857511 916 0 104450 37915 0 0
1791134782 cpu  1133874 0 65163 19860696 916 0 104516 37981 0 0
1791134787 cpu  1134533 0 65184 19863948 916 0 104585 38016 0 0
1791134792 cpu  1135234 0 65217 19867150 916 0 104650 38051 0 0
1791134797 cpu  1135838 0 65240 19870475 916 0 104720 38064 0 0
1791134802 cpu  1136500 0 65267 19873704 917 0 104793 38104 0 0
1791134807 cpu  1137152 0 65291 19876964 917 0 104875 38132 0 0
1791134812 cpu  1137832 0 65325 19880128 917 0 104948 38257 0 0
1791134817 cpu  1138465 0 65343 19883415 917 0 105015 38286 0 0
1791134822 cpu  1139106 0 65367 19886672 917 0 105085 38340 0 0
1791134827 cpu  1139789 0 65391 19889912 917 0 105146 38379 0 0
1791134832 cpu  1140428 0 65411 19893187 917 0 105202 38411 0 0
1791134837 cpu  1141010 0 65433 19896536 917 0 105267 38424 0 0
1791134842 cpu  1141641 0 65456 19899846 917 0 105334 38455 0 0
1791134847 cpu  1142343 0 65479 19903051 917 0 105404 38504 0 0
1791134852 cpu  1143020 0 65514 19906259 917 0 105483 38552 0 0
1791134857 cpu  1143670 0 65541 19909496 917 0 105566 38581 0 0
1791134862 cpu  1144332 0 65565 19912722 918 0 105640 38644 0 0
1791134867 cpu  1145000 0 65589 19915942 918 0 105714 38684 0 0
1791134872 cpu  1145694 0 65609 19919195 918 0 105781 38729 0 0
1791134877 cpu  1146375 0 65636 19922397 918 0 105841 38783 0 0
1791134882 cpu  1147018 0 65659 19925658 918 0 105906 38822 0 0
1791134887 cpu  1147721 0 65688 19928841 918 0 105983 38906 0 0
1791134892 cpu  1148490 0 65716 19931924 919 0 106057 39040 0 0
1791134897 cpu  1149155 0 65739 19935163 919 0 106131 39092 0 0
1791134902 cpu  1149877 0 65766 19938300 919 0 106208 39192 0 0
1791134907 cpu  1150638 0 65789 19941358 919 0 106288 39332 0 0
1791134912 cpu  1151380 0 65827 19944471 919 0 106370 39404 0 0
1791134917 cpu  1152038 0 65848 19947717 919 0 106441 39432 0 0
1791134922 cpu  1152671 0 65874 19950990 919 0 106509 39465 0 0
1791134927 cpu  1153252 0 65898 19954323 919 0 106571 39481 0 0
1791134932 cpu  1153830 0 65919 19957670 919 0 106642 39498 0 0
1791134937 cpu  1154382 0 65940 19961033 919 0 106704 39507 0 0
1791134942 cpu  1155014 0 65959 19964335 919 0 106783 39525 0 0
1791134947 cpu  1155582 0 65978 19967703 920 0 106840 39535 0 0
1791134952 cpu  1156131 0 65993 19971090 920 0 106904 39542 0 0
1791134957 cpu  1156700 0 66015 19974461 920 0 106962 39552 0 0
1791134962 cpu  1157288 0 66033 19977818 921 0 107034 39564 0 0
1791134967 cpu  1157855 0 66051 19981183 921 0 107100 39579 0 0
1791134972 cpu  1158217 0 66112 19984713 921 0 107148 39584 0 0
1791134977 cpu  1158221 0 66114 19988706 921 0 107148 39585 0 0
1791134982 cpu  1158223 0 66115 19992701 922 0 107149 39585 0 0
1791134987 cpu  1158225 0 66116 19996694 922 0 107149 39585 0 0
1791134992 cpu  1158227 0 66116 20000690 922 0 107149 39586 0 0
1791134997 cpu  1158229 0 66117 20004686 922 0 107149 39586 0 0
1791135002 cpu  1158229 0 66118 20008682 922 0 107149 39586 0 0
