1791116704 cpu  429954 0 126383 6005028 3624 0 93903 4308 0 0
1791116709 cpu  430017 0 126414 6008898 3625 0 93913 4309 0 0
1791116714 cpu  430136 0 126472 6012670 3626 0 93926 4310 0 0
1791116719 cpu  430265 0 126537 6016427 3627 0 93944 4311 0 0
1791116724 cpu  430349 0 126581 6020259 3628 0 93955 4312 0 0
1791116729 cpu  430483 0 126654 6024028 3629 0 93971 4313 0 0
1791116734 cpu  430626 0 126721 6027764 3630 0 93993 4315 0 0
1791116739 cpu  430780 0 126795 6031490 3630 0 94006 4316 0 0
1791116744 cpu  430991 0 126859 6035177 3631 0 94035 4317 0 0
1791116749 cpu  431075 0 126910 6038995 3632 0 94047 4318 0 0
1791116754 cpu  431118 0 126942 6042883 3633 0 94057 4318 0 0
1791116759 cpu  431172 0 126972 6046766 3633 0 94060 4319 0 0
1791116764 cpu  431227 0 126996 6050636 3634 0 94071 4320 0 0
1791116769 cpu  431343 0 127037 6054435 3635 0 94082 4321 0 0
1791116774 cpu  431444 0 127086 6058235 3635 0 94099 4322 0 0
1791116779 cpu  431584 0 127153 6061981 3636 0 94119 4324 0 0
1791116784 cpu  431725 0 127218 6065737 3636 0 94142 4324 0 0
1791116789 cpu  431853 0 127287 6069500 3637 0 94158 4326 0 0
1791116794 cpu  431991 0 127340 6073258 3638 0 94175 4327 0 0
1791116799 cpu  432129 0 127397 6077011 3639 0 94194 4328 0 0
1791116804 cpu  432249 0 127468 6080777 3640 0 94210 4329 0 0
1791116809 cpu  432343 0 127506 6084598 3641 0 94221 4330 0 0
1791116814 cpu  432447 0 127562 6088389 3642 0 94240 4331 0 0
1791116819 cpu  432580 0 127621 6092154 3644 0 94256 4332 0 0
1791116824 cpu  432683 0 127669 6095959 3645 0 94277 4333 0 0
1791116829 cpu  432755 0 127698 6099817 3645 0 94286 4334 0 0
1791116834 cpu  432892 0 127756 6103572 3646 0 94312 4336 0 0
1791116839 cpu  433021 0 127818 6107334 3647 0 94328 4337 0 0
1791116844 cpu  433165 0 127867 6111096 3648 0 94350 4338 0 0
1791116849 cpu  433322 0 127923 6114833 3649 0 94366 4339 0 0
1791116854 cpu  433483 0 127981 6118562 3650 0 94383 4340 0 0
1791116859 cpu  433634 0 128056 6122304 3650 0 94400 4341 0 0
1791116864 cpu  433784 0 128128 6126025 3651 0 94427 4342 0 0
1791116869 cpu  433942 0 128200 6129751 3652 0 94451 4343 0 0
1791116874 cpu  434113 0 128282 6133458 3652 0 94480 4344 0 0
1791116879 cpu  434278 0 128362 6137181 3653 0 94494 4346 0 0
1791116884 cpu  434414 0 128423 6140915 3654 0 94519 4347 0 0
1791116889 cpu  434554 0 128479 6144675 3655 0 94531 4348 0 0
1791116894 cpu  434732 0 128540 6148391 3656 0 94551 4350 0 0
1791116899 cpu  434895 0 128607 6152115 3657 0 94573 4351 0 0
1791116904 cpu  435049 0 128682 6155836 3657 0 94590 4352 0 0
1791116909 cpu  435198 0 128750 6159582 3658 0 94618 4353 0 0
1791116914 cpu  435362 0 128812 6163294 3660 0 94642 4354 0 0
1791116919 cpu  435488 0 128872 6167066 3660 0 94662 4355 0 0
1791116924 cpu  435618 0 128939 6170808 3662 0 94684 4356 0 0
1791116929 cpu  435797 0 128998 6174517 3663 0 94713 4358 0 0
1791116934 cpu  436180 0 129076 6177994 3663 0 94761 4359 0 0
1791116939 cpu  436519 0 129140 6181529 3663 0 94801 4360 0 0
1791116944 cpu  436936 0 129224 6184973 3665 0 94840 4362 0 0
1791116949 cpu  437307 0 129295 6188458 3665 0 94889 4363 0 0
1791116954 cpu  437668 0 129381 6191944 3666 0 94939 4364 0 0
1791116959 cpu  438073 0 129459 6195376 3668 0 94983 4366 0 0
1791116964 cpu  438465 0 129532 6198836 3668 0 95027 4367 0 0
1791116969 cpu  438859 0 129611 6202299 3669 0 95067 4368 0 0
1791116974 cpu  439270 0 129715 6205718 3670 0 95122 4370 0 0
1791116979 cpu  439628 0 129793 6209221 3672 0 95177 4371 0 0
1791116984 cpu  440103 0 129907 6212558 3672 0 95231 4373 0 0
1791116989 cpu  440568 0 129998 6215941 3674 0 95274 4374 0 0
1791116994 cpu  441028 0 130087 6219315 3675 0 95323 4375 0 0
1791116999 cpu  441477 0 130176 6222716 3675 0 95364 4376 0 0
1791117004 cpu  441967 0 130270 6226056 3676 0 95404 4377 0 0
1791117009 cpu  442423 0 130354 6229446 3677 0 95444 4378 0 0
1791117014 cpu  442950 0 130454 6232730 3678 0 95509 4380 0 0
1791117019 cpu  443459 0 130550 6236005 3680 0 95588 4382 0 0
1791117024 cpu  444011 0 130677 6239209 3681 0 95676 4384 0 0
1791117029 cpu  444553 0 130796 6242424 3682 0 95774 4387 0 0
1791117034 cpu  445131 0 130920 6245571 3685 0 95879 4389 0 0
1791117039 cpu  445689 0 131058 6248736 3686 0 95986 4391 0 0
1791117044 cpu  446324 0 131209 6251770 3687 0 96110 4394 0 0
1791117049 cpu  446907 0 131339 6254897 3689 0 96249 4397 0 0
1791117054 cpu  447492 0 131484 6258006 3690 0 96372 4400 0 0
1791117059 cpu  448088 0 131615 6261112 3691 0 96510 4403 0 0
1791117064 cpu  448688 0 131746 6264213 3693 0 96647 4406 0 0
1791117069 cpu  449237 0 131865 6267378 3695 0 96789 4409 0 0
1791117074 cpu  449830 0 132001 6270464 3696 0 96930 4412 0 0
1791117079 cpu  450403 0 132126 6273618 3697 0 97070 4415 0 0
1791117084 cpu  451013 0 132263 6276721 3699 0 97221 4418 0 0
1791117089 cpu  451629 0 132385 6279832 3700 0 97358 4422 0 0
1791117094 cpu  452257 0 132530 6282904 3702 0 97509 4425 0 0
1791117099 cpu  452830 0 132664 6286039 3703 0 97663 4429 0 0
1791117104 cpu  453453 0 132824 6289116 3705 0 97803 4432 0 0
1791117109 cpu  454033 0 132953 6292269 3706 0 97935 4435 0 0
1791117114 cpu  454772 84 133197 6294977 3766 0 98067 4438 0 0
1791117119 cpu  455518 291 133392 6297609 3837 0 98213 4440 0 0
1791117124 cpu  456248 525 133552 6300334 3840 0 98369 4443 0 0
1791117129 cpu  456830 525 133678 6303470 3841 0 98498 4446 0 0
1791117134 cpu  457442 525 133815 6306566 3842 0 98617 4449 0 0
1791117139 cpu  458042 525 133940 6309684 3843 0 98756 4453 0 0
1791117144 cpu  458659 525 134069 6312754 3846 0 98908 4457 0 0
1791117149 cpu  459249 525 134196 6315878 3847 0 99055 4460 0 0
1791117154 cpu  459878 525 134352 6318845 3942 0 99188 4464 0 0
1791117159 cpu  460486 525 134486 6321965 3943 0 99329 4467 0 0
1791117164 cpu  461113 525 134616 6325029 3944 0 99469 4471 0 0
1791117169 cpu  461710 525 134752 6328146 3946 0 99624 4474 0 0
1791117174 cpu  462323 525 134911 6331196 3947 0 99781 4479 0 0
1791117179 cpu  462924 525 135051 6334255 3948 0 99942 4484 0 0
1791117184 cpu  463550 525 135204 6337266 3950 0 100107 4489 0 0
1791117189 cpu  464152 525 135342 6340348 3951 0 100253 4493 0 0
1791117194 cpu  464778 525 135500 6343376 3953 0 100419 4497 0 0
1791117199 cpu  465366 525 135643 6346451 3954 0 100603 4502 0 0
1791117204 cpu  465974 525 135788 6349519 3956 0 100762 4506 0 0
1791117209 cpu  466559 525 135928 6352610 3957 0 100928 4511 0 0
1791117214 cpu  467194 525 136076 6355653 3959 0 101090 4515 0 0
1791117219 cpu  467779 525 136215 6358749 3960 0 101240 4521 0 0
1791117224 cpu  468402 525 136344 6361803 3961 0 101399 4524 0 0
1791117229 cpu  469017 525 136482 6364890 3963 0 101554 4528 0 0
1791117234 cpu  469654 525 136635 6367934 3964 0 101703 4531 0 0
1791117239 cpu  470245 525 136773 6371013 3965 0 101870 4534 0 0
1791117244 cpu  470825 525 136928 6374088 3966 0 102021 4538 0 0
1791117249 cpu  471406 525 137060 6377189 3967 0 102177 4541 0 0
1791117254 cpu  472028 525 137239 6380226 3968 0 102338 4544 0 0
1791117259 cpu  472618 525 137383 6383324 3970 0 102507 4547 0 0
1791117264 cpu  473247 525 137530 6386374 3971 0 102647 4551 0 0
1791117269 cpu  473848 525 137675 6389453 3972 0 102798 4554 0 0
1791117274 cpu  474514 525 137820 6392454 3974 0 102941 4557 0 0
1791117279 cpu  475123 525 137963 6395529 3975 0 103085 4560 0 0
1791117284 cpu  475766 525 138109 6398554 3977 0 103245 4564 0 0
1791117289 cpu  476353 525 138263 6401648 3978 0 103415 4568 0 0
1791117294 cpu  476970 525 138412 6404697 3979 0 103579 4572 0 0
1791117299 cpu  477584 525 138542 6407796 3980 0 103754 4576 0 0
1791117304 cpu  478211 525 138699 6410850 3982 0 103922 4579 0 0
1791117309 cpu  478777 525 138833 6413980 3983 0 104061 4582 0 0
1791117314 cpu  479410 525 138973 6417034 3984 0 104230 4585 0 0
1791117319 cpu  480041 525 139100 6420097 3986 0 104379 4588 0 0
1791117324 cpu  480658 525 139237 6423179 3987 0 104531 4590 0 0
1791117329 cpu  481251 525 139366 6426276 3988 0 104682 4593 0 0
1791117334 cpu  481891 525 139519 6429311 3992 0 104834 4597 0 0
1791117339 cpu  482555 525 139667 6432335 3993 0 104994 4600 0 0
1791117344 cpu  483181 525 139825 6435383 3994 0 105135 4602 0 0
1791117349 cpu  483768 525 139967 6438471 3996 0 105293 4606 0 0
1791117354 cpu  484359 525 140116 6441537 3997 0 105459 4609 0 0
1791117359 cpu  484944 525 140245 6444632 3998 0 105616 4613 0 0
1791117364 cpu  485567 525 140396 6447708 3999 0 105770 4616 0 0
1791117369 cpu  486206 525 140528 6450801 4001 0 105921 4620 0 0
1791117374 cpu  486783 525 140668 6453887 4001 0 106076 4624 0 0
1791117379 cpu  487361 525 140796 6456982 4003 0 106225 4628 0 0
1791117384 cpu  488013 525 140946 6460026 4003 0 106393 4631 0 0
1791117389 cpu  488622 525 141082 6463117 4005 0 106540 4635 0 0
1791117394 cpu  489219 525 141236 6466171 4006 0 106700 4638 0 0
1791117399 cpu  489854 525 141394 6469235 4008 0 106844 4642 0 0
1791117404 cpu  490474 525 141539 6472287 4009 0 107007 4645 0 0
1791117409 cpu  491083 525 141674 6475353 4010 0 107162 4649 0 0
1791117414 cpu  491682 525 141827 6478411 4011 0 107320 4653 0 0
1791117419 cpu  492282 525 141972 6481491 4012 0 107482 4657 0 0
1791117424 cpu  492879 525 142120 6484563 4014 0 107622 4662 0 0
1791117429 cpu  493450 525 142261 6487670 4015 0 107773 4665 0 0
1791117434 cpu  494056 525 142415 6490771 4016 0 107935 4669 0 0
1791117439 cpu  494672 525 142546 6493863 4018 0 108080 4672 0 0
1791117444 cpu  495273 525 142694 6496955 4019 0 108216 4675 0 0
1791117449 cpu  495870 525 142829 6500035 4020 0 108380 4678 0 0
1791117454 cpu  496509 525 142979 6503068 4022 0 108539 4681 0 0
1791117459 cpu  497087 525 143130 6506158 4023 0 108693 4684 0 0
1791117464 cpu  497709 525 143290 6509227 4024 0 108843 4687 0 0
1791117469 cpu  498296 525 143433 6512322 4026 0 108998 4690 0 0
1791117474 cpu  498889 525 143571 6515405 4027 0 109152 4693 0 0
1791117479 cpu  499491 525 143708 6518486 4029 0 109326 4697 0 0
1791117484 cpu  500102 525 143861 6521539 4030 0 109470 4700 0 0
1791117489 cpu  500681 525 143994 6524643 4031 0 109625 4703 0 0
1791117494 cpu  501330 525 144141 6527686 4033 0 109760 4707 0 0
1791117499 cpu  501924 525 144287 6530774 4034 0 109904 4710 0 0
1791117504 cpu  502551 525 144416 6533846 4035 0 110076 4713 0 0
1791117509 cpu  503160 525 144557 6536914 4036 0 110241 4717 0 0
1791117514 cpu  503783 525 144703 6539964 4038 0 110403 4720 0 0
1791117519 cpu  504393 525 144845 6543037 4039 0 110546 4723 0 0
1791117524 cpu  504993 525 144976 6546113 4040 0 110689 4726 0 0
1791117529 cpu  505585 525 145115 6549212 4042 0 110849 4729 0 0
1791117534 cpu  506193 525 145245 6552286 4043 0 111003 4731 0 0
1791117539 cpu  506761 525 145375 6555412 4044 0 111148 4734 0 0
1791117544 cpu  507355 525 145517 6558523 4046 0 111301 4737 0 0
1791117549 cpu  507954 525 145653 6561636 4047 0 111454 4739 0 0
1791117554 cpu  508576 525 145797 6564714 4048 0 111597 4742 0 0
1791117559 cpu  509169 525 145934 6567846 4050 0 111732 4745 0 0
1791117564 cpu  509775 525 146059 6570933 4050 0 111876 4748 0 0
1791117569 cpu  510371 525 146202 6574036 4052 0 112019 4751 0 0
1791117574 cpu  510987 525 146343 6577100 4053 0 112184 4754 0 0
1791117579 cpu  511600 525 146471 6580161 4054 0 112329 4757 0 0
1791117584 cpu  512238 525 146615 6583222 4056 0 112477 4760 0 0
1791117589 cpu  512815 525 146756 6586310 4057 0 112629 4764 0 0
1791117594 cpu  513398 525 146888 6589426 4059 0 112779 4767 0 0
1791117599 cpu  513975 525 147025 6592539 4060 0 112931 4770 0 0
1791117604 cpu  514595 525 147163 6595608 4062 0 113084 4774 0 0
1791117609 cpu  515198 525 147304 6598692 4063 0 113264 4778 0 0
1791117614 cpu  515818 525 147444 6601765 4064 0 113420 4782 0 0
1791117619 cpu  516417 525 147593 6604859 4066 0 113569 4784 0 0
1791117624 cpu  516796 525 147694 6608303 4068 0 113626 4786 0 0
1791117629 cpu  516888 525 147745 6612105 4068 0 113642 4787 0 0
1791117634 cpu  517034 525 147803 6615858 4070 0 113658 4788 0 0
1791117639 cpu  517167 525 147869 6619609 4070 0 113676 4789 0 0
