1791116709 cpu  307872 0 14957 6366970 498 0 30707 4651 0 0
1791116714 cpu  307876 0 14959 6370959 498 0 30708 4651 0 0
1791116719 cpu  307881 0 14961 6374951 498 0 30708 4652 0 0
1791116724 cpu  307927 0 14982 6378875 499 0 30717 4653 0 0
1791116729 cpu  307935 0 14989 6382853 499 0 30718 4653 0 0
1791116734 cpu  307938 0 14990 6386845 499 0 30718 4654 0 0
1791116739 cpu  307940 0 14991 6390839 499 0 30718 4654 0 0
1791116744 cpu  307942 0 14992 6394832 499 0 30718 4655 0 0
1791116749 cpu  307944 0 14992 6398827 499 0 30718 4655 0 0
1791116754 cpu  307946 0 14994 6402821 499 0 30718 4656 0 0
1791116759 cpu  307949 0 14994 6406817 499 0 30718 4656 0 0
1791116764 cpu  307953 0 14996 6410808 499 0 30718 4657 0 0
1791116769 cpu  307956 0 14997 6414803 499 0 30718 4657 0 0
1791116774 cpu  307964 0 15006 6418781 500 0 30719 4658 0 0
1791116779 cpu  307967 0 15007 6422776 501 0 30720 4658 0 0
1791116784 cpu  307969 0 15008 6426770 501 0 30720 4659 0 0
1791116789 cpu  307979 0 15013 6430750 501 0 30720 4659 0 0
1791116794 cpu  307986 0 15015 6434738 501 0 30720 4660 0 0
1791116799 cpu  307989 0 15018 6438731 501 0 30720 4660 0 0
1791116804 cpu  307991 0 15019 6442722 501 0 30720 4661 0 0
1791116809 cpu  307993 0 15020 6446717 502 0 30720 4661 0 0
1791116814 cpu  307995 0 15021 6450712 502 0 30720 4661 0 0
1791116819 cpu  307997 0 15022 6454707 502 0 30720 4662 0 0
1791116824 cpu  307998 0 15023 6458699 502 0 30721 4662 0 0
1791116829 cpu  308001 0 15025 6462692 502 0 30721 4662 0 0
1791116834 cpu  308002 0 15026 6466686 502 0 30721 4663 0 0
1791116839 cpu  308003 0 15029 6470679 502 0 30722 4663 0 0
1791116844 cpu  308006 0 15029 6474673 502 0 30722 4664 0 0
1791116849 cpu  308016 0 15034 6478654 502 0 30723 4664 0 0
1791116854 cpu  308020 0 15035 6482644 502 0 30723 4665 0 0
1791116859 cpu  308022 0 15036 6486638 502 0 30723 4665 0 0
1791116864 cpu  308024 0 15038 6490631 502 0 30724 4665 0 0
1791116869 cpu  308026 0 15039 6494624 502 0 30725 4666 0 0
1791116874 cpu  308028 0 15040 6498619 502 0 30725 4666 0 0
1791116879 cpu  308030 0 15042 6502613 502 0 30725 4667 0 0
1791116884 cpu  308034 0 15042 6506604 502 0 30725 4668 0 0
1791116889 cpu  308036 0 15042 6510598 502 0 30726 4668 0 0
1791116894 cpu  308038 0 15044 6514590 503 0 30726 4669 0 0
1791116899 cpu  308041 0 15045 6518584 503 0 30727 4670 0 0
1791116904 cpu  308042 0 15046 6522577 503 0 30728 4670 0 0
1791116909 cpu  308048 0 15052 6526557 503 0 30728 4671 0 0
1791116914 cpu  308052 0 15053 6530547 503 0 30728 4671 0 0
1791116919 cpu  308054 0 15053 6534542 503 0 30728 4671 0 0
1791116924 cpu  308057 0 15056 6538531 503 0 30729 4672 0 0
1791116929 cpu  308059 0 15057 6542525 503 0 30730 4672 0 0
1791116934 cpu  308060 0 15060 6546518 503 0 30730 4673 0 0
1791116939 cpu  308061 0 15062 6550512 503 0 30730 4673 0 0
1791116944 cpu  308065 0 15065 6554502 503 0 30731 4674 0 0
1791116949 cpu  308066 0 15066 6558497 503 0 30731 4675 0 0
1791116954 cpu  308068 0 15068 6562490 503 0 30732 4675 0 0
1791116959 cpu  308071 0 15068 6566484 503 0 30732 4676 0 0
1791116964 cpu  308072 0 15069 6570479 503 0 30732 4676 0 0
1791116969 cpu  308080 0 15076 6574457 503 0 30732 4677 0 0
1791116974 cpu  308082 0 15078 6578449 503 0 30732 4677 0 0
1791116979 cpu  308085 0 15079 6582442 503 0 30733 4677 0 0
1791116984 cpu  308088 0 15080 6586433 503 0 30733 4678 0 0
1791116989 cpu  308170 0 15110 6590313 503 0 30741 4679 0 0
1791116994 cpu  308227 0 15145 6594209 504 0 30761 4681 0 0
1791116999 cpu  308310 0 15189 6598071 504 0 30772 4682 0 0
1791117004 cpu  308373 0 15210 6601968 504 0 30778 4690 0 0
1791117009 cpu  309591 0 15334 6604600 504 0 30795 4706 0 0
1791117014 cpu  310110 0 15357 6608022 504 0 30820 4721 0 0
1791117019 cpu  310851 0 15409 6611165 505 0 30872 4758 0 0
1791117024 cpu  311495 0 15440 6614462 505 0 30912 4766 0 0
1791117029 cpu  312272 0 15473 6617613 505 0 30956 4773 0 0
1791117034 cpu  313052 0 15511 6620735 505 0 30998 4788 0 0
1791117039 cpu  313991 0 15548 6623706 505 0 31040 4806 0 0
1791117045 cpu  314873 0 15576 6626729 506 0 31099 4815 0 0
1791117050 cpu  315907 0 15615 6629584 507 0 31168 4829 0 0
1791117055 cpu  316921 0 15653 6632464 507 0 31245 4849 0 0
1791117060 cpu  317784 0 15691 6635492 507 0 31297 4860 0 0
1791117065 cpu  318313 0 15715 6638864 508 0 31345 4872 0 0
1791117070 cpu  318850 0 15736 6642248 508 0 31400 4888 0 0
1791117075 cpu  319402 0 15759 6645606 508 0 31465 4908 0 0
1791117080 cpu  319910 0 15780 6649007 509 0 31522 4920 0 0
1791117085 cpu  320413 0 15803 6652402 509 0 31582 4927 0 0
1791117090 cpu  320977 0 15830 6655761 509 0 31640 4936 0 0
1791117095 cpu  321508 0 15848 6659148 509 0 31698 4944 0 0
1791117100 cpu  322003 0 15865 6662569 509 0 31751 4950 0 0
1791117105 cpu  322510 0 15882 6665984 509 0 31819 4958 0 0
1791117110 cpu  323000 0 15903 6669429 509 0 31869 4964 0 0
1791117115 cpu  323507 0 15927 6672840 510 0 31920 4970 0 0
1791117120 cpu  324001 0 15950 6676256 510 0 31972 4976 0 0
1791117125 cpu  324536 0 15971 6679641 510 0 32041 4988 0 0
1791117130 cpu  325035 0 15994 6683053 511 0 32099 4994 0 0
1791117135 cpu  325559 0 16012 6686481 511 0 32158 5000 0 0
1791117140 cpu  326068 0 16035 6689879 511 0 32215 5015 0 0
1791117145 cpu  326588 0 16055 6693282 511 0 32274 5024 0 0
1791117150 cpu  327120 0 16084 6696663 511 0 32335 5032 0 0
1791117155 cpu  327637 0 16107 6700075 511 0 32392 5038 0 0
1791117160 cpu  328125 0 16125 6703503 511 0 32440 5044 0 0
1791117165 cpu  328657 0 16143 6706915 511 0 32490 5050 0 0
1791117170 cpu  329174 0 16163 6710307 511 0 32548 5058 0 0
1791117175 cpu  329766 0 16187 6713633 512 0 32620 5063 0 0
1791117180 cpu  330387 0 16212 6716930 512 0 32694 5069 0 0
1791117185 cpu  330977 0 16230 6720237 512 0 32767 5079 0 0
1791117190 cpu  331587 0 16252 6723526 512 0 32842 5090 0 0
1791117195 cpu  332164 0 16274 6726840 512 0 32910 5096 0 0
1791117200 cpu  332765 0 16292 6730149 512 0 32983 5103 0 0
1791117205 cpu  333348 0 16315 6733478 512 0 33053 5109 0 0
1791117210 cpu  333934 0 16340 6736797 512 0 33130 5114 0 0
1791117215 cpu  334514 0 16366 6740146 512 0 33193 5120 0 0
1791117220 cpu  335060 0 16390 6743503 513 0 33256 5126 0 0
1791117225 cpu  335610 0 16417 6746875 513 0 33311 5131 0 0
1791117230 cpu  336181 0 16436 6750246 513 0 33379 5135 0 0
1791117235 cpu  336792 0 16459 6753568 513 0 33456 5142 0 0
1791117240 cpu  337393 0 16478 6756868 513 0 33537 5151 0 0
1791117245 cpu  337973 0 16500 6760201 513 0 33607 5161 0 0
1791117250 cpu  338530 0 16525 6763529 513 0 33675 5167 0 0
1791117255 cpu  339128 0 16544 6766833 514 0 33751 5177 0 0
1791117260 cpu  339787 0 16568 6770082 514 0 33833 5200 0 0
1791117265 cpu  340403 0 16596 6773395 514 0 33913 5211 0 0
1791117270 cpu  341032 0 16625 6776665 514 0 33998 5225 0 0
1791117275 cpu  341616 0 16642 6779988 514 0 34079 5231 0 0
1791117280 cpu  342220 0 16664 6783317 515 0 34152 5238 0 0
1791117285 cpu  342851 0 16687 6786631 515 0 34233 5244 0 0
1791117290 cpu  343429 0 16712 6789969 515 0 34299 5249 0 0
1791117295 cpu  344024 0 16735 6793298 515 0 34373 5255 0 0
1791117300 cpu  344620 0 16754 6796644 515 0 34447 5259 0 0
1791117305 cpu  345187 0 16782 6799989 515 0 34513 5265 0 0
1791117310 cpu  345752 0 16806 6803333 516 0 34580 5272 0 0
1791117315 cpu  346359 0 16827 6806649 516 0 34653 5279 0 0
1791117320 cpu  346975 0 16850 6809951 516 0 34736 5290 0 0
1791117325 cpu  347576 0 16871 6813283 516 0 34814 5296 0 0
1791117330 cpu  348176 0 16903 6816576 516 0 34892 5303 0 0
1791117335 cpu  348762 0 16924 6819887 516 0 34963 5308 0 0
1791117340 cpu  349340 0 16947 6823227 517 0 35044 5312 0 0
1791117345 cpu  349920 0 16966 6826555 518 0 35115 5318 0 0
1791117350 cpu  350516 0 16993 6829860 518 0 35192 5325 0 0
1791117355 cpu  351092 0 17017 6833179 518 0 35266 5332 0 0
1791117360 cpu  351688 0 17040 6836498 519 0 35334 5337 0 0
1791117365 cpu  352287 0 17063 6839810 519 0 35407 5347 0 0
1791117370 cpu  352867 0 17086 6843141 519 0 35483 5355 0 0
1791117375 cpu  353445 0 17108 6846482 519 0 35553 5362 0 0
1791117380 cpu  354061 0 17127 6849779 519 0 35632 5370 0 0
1791117385 cpu  354697 0 17155 6853054 519 0 35704 5386 0 0
1791117390 cpu  355352 0 17185 6856342 520 0 35786 5393 0 0
1791117395 cpu  355951 0 17204 6859662 520 0 35870 5400 0 0
1791117400 cpu  356543 0 17228 6862991 520 0 35947 5405 0 0
1791117405 cpu  357164 0 17251 6866306 520 0 36029 5410 0 0
1791117410 cpu  357759 0 17275 6869628 520 0 36100 5419 0 0
1791117415 cpu  358352 0 17301 6872949 521 0 36169 5428 0 0
1791117420 cpu  358933 0 17322 6876279 521 0 36254 5434 0 0
1791117425 cpu  359505 0 17349 6879635 521 0 36319 5440 0 0
1791117430 cpu  360047 0 17372 6883010 521 0 36384 5446 0 0
1791117435 cpu  360609 0 17395 6886364 521 0 36454 5452 0 0
1791117440 cpu  361163 0 17417 6889720 521 0 36523 5458 0 0
1791117445 cpu  361743 0 17437 6893059 522 0 36596 5467 0 0
1791117450 cpu  362377 0 17466 6896354 522 0 36673 5474 0 0
1791117455 cpu  362983 0 17486 6899685 522 0 36749 5479 0 0
1791117460 cpu  363546 0 17508 6903039 522 0 36816 5484 0 0
1791117465 cpu  364124 0 17528 6906380 522 0 36891 5489 0 0
1791117470 cpu  364732 0 17548 6909715 522 0 36958 5495 0 0
1791117475 cpu  365337 0 17575 6913024 523 0 37030 5503 0 0
1791117480 cpu  365954 0 17599 6916322 523 0 37102 5517 0 0
1791117485 cpu  366638 0 17623 6919541 523 0 37175 5563 0 0
1791117490 cpu  367346 0 17644 6922749 523 0 37249 5611 0 0
1791117495 cpu  367996 0 17665 6926031 523 0 37320 5633 0 0
1791117500 cpu  368645 0 17687 6929303 523 0 37393 5659 0 0
1791117505 cpu  369292 0 17708 6932576 523 0 37464 5684 0 0
1791117510 cpu  369942 0 17739 6935842 524 0 37541 5696 0 0
1791117515 cpu  370601 0 17766 6939073 524 0 37624 5734 0 0
1791117520 cpu  371243 0 17787 6942331 524 0 37702 5770 0 0
1791117525 cpu  371856 0 17808 6945639 524 0 37775 5784 0 0
1791117530 cpu  372474 0 17830 6948946 525 0 37841 5795 0 0
1791117535 cpu  373131 0 17856 6952217 525 0 37915 5821 0 0
1791117540 cpu  373693 0 17878 6955564 525 0 37975 5831 0 0
1791117545 cpu  374329 0 17898 6958856 525 0 38047 5849 0 0
1791117550 cpu  374967 0 17920 6962148 526 0 38122 5865 0 0
1791117555 cpu  375549 0 17947 6965485 526 0 38192 5873 0 0
1791117560 cpu  376162 0 17969 6968777 528 0 38260 5907 0 0
1791117565 cpu  376820 0 17992 6972051 528 0 38338 5934 0 0
1791117570 cpu  377431 0 18018 6975345 528 0 38418 5943 0 0
1791117575 cpu  378064 0 18039 6978627 528 0 38485 5958 0 0
1791117580 cpu  378679 0 18065 6981922 528 0 38572 5972 0 0
1791117585 cpu  379320 0 18092 6985181 528 0 38645 5990 0 0
1791117590 cpu  379994 0 18120 6988417 529 0 38726 6022 0 0
1791117595 cpu  380645 0 18138 6991701 529 0 38810 6041 0 0
1791117600 cpu  381252 0 18159 6995009 529 0 38886 6054 0 0
1791117605 cpu  381898 0 18186 6998280 529 0 38978 6075 0 0
1791117610 cpu  382524 0 18206 7001552 529 0 39058 6093 0 0
1791117615 cpu  383183 0 18225 7004784 530 0 39140 6118 0 0
1791117620 cpu  383846 0 18282 7008013 530 0 39222 6147 0 0
1791117625 cpu  383850 0 18284 7012005 530 0 39222 6148 0 0
1791117630 cpu  383862 0 18290 7015981 530 0 39223 6148 0 0
1791117635 cpu  383865 0 18290 7019976 530 0 39223 6149 0 0
1791117640 cpu  383867 0 18292 7023970 530 0 39223 6149 0 0
1791117645 cpu  383870 0 18292 7027962 530 0 39223 6149 0 0
1791117650 cpu  383873 0 18293 7031956 530 0 39223 6150 0 0
