1791116707 cpu  2166615 0 592120 10232707 5157 0 197918 7924 0 0
1791116712 cpu  2166745 0 592206 10240394 5157 0 197936 7929 0 0
1791116717 cpu  2166922 0 592309 10248006 5158 0 197956 7935 0 0
1791116722 cpu  2167062 0 592407 10255657 5158 0 197970 7940 0 0
1791116727 cpu  2167236 0 592521 10263241 5159 0 197989 7946 0 0
1791116732 cpu  2167368 0 592610 10270919 5159 0 198004 7953 0 0
1791116737 cpu  2167530 0 592723 10278513 5159 0 198019 7959 0 0
1791116742 cpu  2167671 0 592814 10286169 5160 0 198033 7965 0 0
1791116747 cpu  2167836 0 592907 10293795 5160 0 198054 7971 0 0
1791116752 cpu  2167999 0 593001 10301434 5160 0 198071 7976 0 0
1791116757 cpu  2168159 0 593116 10309045 5160 0 198100 7983 0 0
1791116762 cpu  2168300 0 593219 10316687 5161 0 198121 7988 0 0
1791116767 cpu  2168456 0 593323 10324320 5161 0 198142 7994 0 0
1791116772 cpu  2168606 0 593408 10331968 5161 0 198163 8000 0 0
1791116777 cpu  2168754 0 593504 10339595 5161 0 198187 8007 0 0
1791116782 cpu  2168916 0 593612 10347211 5162 0 198206 8012 0 0
1791116787 cpu  2169077 0 593723 10354814 5162 0 198224 8019 0 0
1791116792 cpu  2169218 0 593831 10362475 5162 0 198245 8024 0 0
1791116797 cpu  2169396 0 593934 10370119 5163 0 198268 8031 0 0
1791116802 cpu  2169550 0 594042 10377776 5163 0 198286 8037 0 0
1791116807 cpu  2169716 0 594139 10385385 5163 0 198308 8043 0 0
1791116812 cpu  2169863 0 594240 10393040 5163 0 198325 8051 0 0
1791116817 cpu  2170039 0 594343 10400630 5164 0 198344 8057 0 0
1791116822 cpu  2170175 0 594439 10408313 5164 0 198362 8064 0 0
1791116827 cpu  2170339 0 594566 10415898 5164 0 198384 8071 0 0
1791116832 cpu  2170468 0 594662 10423571 5165 0 198400 8078 0 0
1791116837 cpu  2170606 0 594766 10431265 5165 0 198420 8083 0 0
1791116842 cpu  2170729 0 594861 10438951 5165 0 198439 8087 0 0
1791116847 cpu  2170893 0 594969 10446576 5166 0 198464 8091 0 0
1791116852 cpu  2171012 0 595044 10454298 5166 0 198477 8095 0 0
1791116857 cpu  2171163 0 595146 10461943 5166 0 198501 8100 0 0
1791116862 cpu  2171271 0 595231 10469659 5167 0 198518 8104 0 0
1791116867 cpu  2171418 0 595329 10477317 5167 0 198534 8108 0 0
1791116872 cpu  2171556 0 595413 10485019 5167 0 198545 8111 0 0
1791116877 cpu  2171694 0 595499 10492686 5167 0 198567 8116 0 0
1791116882 cpu  2171807 0 595583 10500383 5168 0 198581 8120 0 0
1791116887 cpu  2171953 0 595675 10508044 5168 0 198601 8125 0 0
1791116892 cpu  2172097 0 595753 10515730 5168 0 198613 8129 0 0
1791116897 cpu  2172229 0 595846 10523390 5168 0 198632 8134 0 0
1791116902 cpu  2172376 0 595943 10531065 5168 0 198645 8138 0 0
1791116907 cpu  2172499 0 596032 10538733 5169 0 198671 8142 0 0
1791116912 cpu  2172621 0 596124 10546435 5169 0 198684 8146 0 0
1791116917 cpu  2172750 0 596227 10554110 5169 0 198709 8150 0 0
1791116922 cpu  2172901 0 596309 10561783 5170 0 198724 8154 0 0
1791116927 cpu  2173045 0 596386 10569462 5170 0 198744 8158 0 0
1791116932 cpu  2173220 0 596496 10577053 5170 0 198782 8163 0 0
1791116937 cpu  2173411 0 596597 10584632 5170 0 198826 8168 0 0
1791116942 cpu  2173581 0 596697 10592247 5171 0 198877 8173 0 0
1791116947 cpu  2173756 0 596806 10599808 5171 0 198923 8179 0 0
1791116952 cpu  2173928 0 596902 10607419 5171 0 198967 8185 0 0
1791116957 cpu  2174120 0 597009 10614991 5172 0 199010 8189 0 0
1791116962 cpu  2174304 0 597128 10622559 5172 0 199052 8194 0 0
1791116967 cpu  2174491 0 597250 10630111 5172 0 199098 8199 0 0
1791116972 cpu  2174659 0 597354 10637717 5172 0 199136 8203 0 0
1791116977 cpu  2174855 0 597463 10645276 5173 0 199189 8207 0 0
1791116982 cpu  2175025 0 597565 10652871 5173 0 199224 8212 0 0
1791116987 cpu  2175222 0 597669 10660429 5173 0 199273 8216 0 0
1791116992 cpu  2175425 0 597783 10667982 5173 0 199315 8222 0 0
1791116997 cpu  2175594 0 597900 10675550 5174 0 199375 8227 0 0
1791117002 cpu  2175795 0 597998 10683113 5174 0 199417 8232 0 0
1791117007 cpu  2175964 0 598126 10690669 5174 0 199460 8237 0 0
1791117012 cpu  2176430 0 598305 10697819 5176 0 199549 8245 0 0
1791117017 cpu  2177499 0 598679 10704043 5176 0 199742 8257 0 0
1791117022 cpu  2179168 0 599174 10709470 5177 0 199995 8269 0 0
1791117027 cpu  2181302 0 599799 10714245 5177 0 200279 8279 0 0
1791117032 cpu  2183907 0 600482 10718418 5177 0 200572 8289 0 0
1791117037 cpu  2187254 0 601342 10721593 5178 0 200918 8306 0 0
1791117042 cpu  2191083 0 602249 10724235 5178 0 201270 8327 0 0
1791117047 cpu  2195227 0 603212 10726550 5178 0 201611 8351 0 0
1791117052 cpu  2199565 0 604105 10728690 5179 0 201930 8368 0 0
1791117057 cpu  2203985 0 605042 10730694 5179 0 202259 8390 0 0
1791117062 cpu  2207774 0 605971 10733261 5179 0 202586 8408 0 0
1791117067 cpu  2211200 0 606853 10736214 5180 0 202907 8434 0 0
1791117072 cpu  2214575 0 607727 10739229 5180 0 203235 8455 0 0
1791117077 cpu  2217959 0 608641 10742192 5180 0 203574 8477 0 0
1791117082 cpu  2221479 0 609530 10745061 5180 0 203911 8491 0 0
1791117087 cpu  2224946 0 610457 10747934 5180 0 204254 8514 0 0
1791117092 cpu  2228466 0 611342 10750792 5180 0 204608 8524 0 0
1791117097 cpu  2231983 0 612285 10753568 5180 0 204943 8539 0 0
1791117102 cpu  2235518 0 613126 10756447 5180 0 205282 8559 0 0
1791117107 cpu  2238903 0 614039 10759392 5181 0 205636 8579 0 0
1791117112 cpu  2242174 0 614861 10762486 5181 0 205955 8608 0 0
1791117117 cpu  2245605 0 615688 10765411 5181 0 206289 8623 0 0
1791117122 cpu  2248922 0 616557 10768415 5182 0 206634 8643 0 0
1791117127 cpu  2252431 0 617475 10771218 5182 0 206986 8663 0 0
1791117132 cpu  2255703 0 618338 10774323 5183 0 207317 8693 0 0
1791117137 cpu  2259108 0 619259 10777220 5183 0 207654 8717 0 0
1791117142 cpu  2262617 0 620165 10780042 5184 0 207985 8757 0 0
1791117147 cpu  2266206 0 621113 10782770 5184 0 208332 8778 0 0
1791117152 cpu  2269690 0 622021 10785629 5184 0 208661 8800 0 0
1791117157 cpu  2273007 0 622901 10788675 5184 0 209005 8815 0 0
1791117162 cpu  2276386 0 623763 10791653 5185 0 209331 8839 0 0
1791117167 cpu  2279881 0 624672 10794527 5185 0 209668 8855 0 0
1791117172 cpu  2283423 0 625559 10797339 5185 0 209996 8864 0 0
1791117177 cpu  2287444 0 626552 10799653 5185 0 210366 8870 0 0
1791117182 cpu  2291345 0 627490 10802193 5186 0 210724 8876 0 0
1791117187 cpu  2295375 0 628492 10804573 5186 0 211082 8881 0 0
1791117192 cpu  2299266 0 629423 10807054 5187 0 211422 8887 0 0
1791117197 cpu  2303268 0 630419 10809382 5187 0 211782 8891 0 0
1791117202 cpu  2307181 0 631337 10811817 5187 0 212139 8897 0 0
1791117207 cpu  2311001 0 632287 10814347 5187 0 212480 8904 0 0
1791117212 cpu  2314877 0 633219 10816885 5188 0 212805 8911 0 0
1791117217 cpu  2318567 0 634157 10819574 5188 0 213140 8919 0 0
1791117222 cpu  2322341 0 635098 10822147 5189 0 213474 8930 0 0
1791117227 cpu  2325861 0 635982 10825035 5189 0 213803 8940 0 0
1791117232 cpu  2329590 0 636931 10827660 5189 0 214147 8947 0 0
1791117237 cpu  2333564 0 637898 10830040 5190 0 214484 8954 0 0
1791117242 cpu  2337414 0 638838 10832570 5190 0 214821 8960 0 0
1791117247 cpu  2341036 0 639776 10835325 5191 0 215161 8968 0 0
1791117252 cpu  2345017 0 640728 10837675 5191 0 215524 8974 0 0
1791117257 cpu  2348842 0 641682 10840202 5191 0 215873 8980 0 0
1791117262 cpu  2352694 0 642606 10842749 5192 0 216207 8984 0 0
1791117267 cpu  2356595 0 643573 10845216 5192 0 216562 8990 0 0
1791117272 cpu  2360494 0 644521 10847645 5192 0 216898 8995 0 0
1791117277 cpu  2364410 0 645493 10850062 5192 0 217264 9001 0 0
1791117282 cpu  2368310 0 646460 10852485 5192 0 217623 9005 0 0
1791117287 cpu  2372123 0 647450 10854991 5192 0 217962 9010 0 0
1791117292 cpu  2375999 0 648387 10857481 5192 0 218315 9016 0 0
1791117297 cpu  2379935 0 649330 10859929 5193 0 218645 9022 0 0
1791117302 cpu  2383906 0 650287 10862326 5193 0 218994 9028 0 0
1791117307 cpu  2387685 0 651229 10864900 5193 0 219323 9037 0 0
1791117312 cpu  2391447 0 652153 10867544 5193 0 219669 9044 0 0
1791117317 cpu  2395341 0 653084 10870029 5194 0 220037 9049 0 0
1791117322 cpu  2399168 0 654027 10872588 5195 0 220386 9055 0 0
1791117327 cpu  2403038 0 654986 10875089 5195 0 220716 9060 0 0
1791117332 cpu  2406890 0 655919 10877630 5195 0 221069 9065 0 0
1791117337 cpu  2410753 0 656900 10880133 5195 0 221408 9069 0 0
1791117342 cpu  2414622 0 657874 10882588 5195 0 221775 9076 0 0
1791117347 cpu  2418630 0 658899 10884919 5196 0 222110 9081 0 0
1791117352 cpu  2422581 0 659871 10887313 5196 0 222467 9085 0 0
1791117357 cpu  2426348 0 660818 10889927 5196 0 222818 9092 0 0
1791117362 cpu  2430190 0 661778 10892432 5196 0 223165 9097 0 0
1791117367 cpu  2433885 0 662690 10895122 5197 0 223505 9103 0 0
1791117372 cpu  2437350 0 663602 10898004 5197 0 223847 9116 0 0
1791117377 cpu  2440995 0 664517 10900689 5197 0 224197 9122 0 0
1791117382 cpu  2444794 0 665432 10903317 5197 0 224546 9128 0 0
1791117387 cpu  2448700 0 666444 10905741 5197 0 224933 9134 0 0
1791117392 cpu  2452656 0 667420 10908112 5199 0 225277 9139 0 0
1791117397 cpu  2456657 0 668377 10910455 5199 0 225623 9144 0 0
1791117402 cpu  2460558 0 669301 10912926 5199 0 225954 9150 0 0
1791117407 cpu  2464446 0 670291 10915344 5199 0 226321 9155 0 0
1791117412 cpu  2468378 0 671245 10917791 5200 0 226660 9161 0 0
1791117417 cpu  2472210 0 672183 10920293 5200 0 227006 9169 0 0
1791117422 cpu  2475954 0 673113 10922907 5201 0 227343 9181 0 0
1791117427 cpu  2479565 0 674062 10925642 5201 0 227680 9193 0 0
1791117432 cpu  2483118 0 674980 10928484 5201 0 228028 9207 0 0
1791117437 cpu  2486933 0 675928 10931014 5202 0 228382 9219 0 0
1791117442 cpu  2490454 0 676815 10933905 5202 0 228701 9237 0 0
1791117447 cpu  2494181 0 677708 10936569 5202 0 229044 9245 0 0
1791117452 cpu  2498140 0 678648 10938998 5202 0 229389 9251 0 0
1791117457 cpu  2502117 0 679617 10941403 5202 0 229713 9257 0 0
1791117462 cpu  2505773 0 680514 10944191 5203 0 230040 9274 0 0
1791117467 cpu  2509619 0 681462 10946678 5203 0 230384 9281 0 0
1791117472 cpu  2513564 0 682438 10949091 5203 0 230728 9288 0 0
1791117477 cpu  2517469 0 683404 10951525 5205 0 231058 9294 0 0
1791117482 cpu  2521298 0 684342 10954024 5205 0 231396 9301 0 0
1791117487 cpu  2525202 0 685325 10956428 5205 0 231764 9309 0 0
1791117492 cpu  2529060 0 686231 10959006 5205 0 232118 9315 0 0
1791117497 cpu  2532979 0 687191 10961431 5206 0 232473 9322 0 0
1791117502 cpu  2536850 0 688114 10963912 5207 0 232827 9329 0 0
1791117507 cpu  2540654 0 689065 10966414 5207 0 233189 9336 0 0
1791117512 cpu  2544500 0 690033 10968911 5207 0 233542 9341 0 0
1791117517 cpu  2548303 0 690991 10971444 5207 0 233895 9347 0 0
1791117522 cpu  2551872 0 691875 10974255 5208 0 234243 9358 0 0
1791117527 cpu  2555577 0 692835 10976865 5208 0 234617 9366 0 0
1791117532 cpu  2559447 0 693774 10979379 5208 0 234965 9374 0 0
1791117537 cpu  2563156 0 694703 10982029 5208 0 235317 9381 0 0
1791117542 cpu  2566698 0 695597 10984893 5208 0 235653 9393 0 0
1791117547 cpu  2570670 0 696537 10987296 5208 0 235995 9400 0 0
1791117552 cpu  2574580 0 697483 10989808 5209 0 236349 9410 0 0
1791117557 cpu  2578204 0 698406 10992538 5209 0 236682 9417 0 0
1791117562 cpu  2581629 0 699254 10995487 5210 0 237016 9426 0 0
1791117567 cpu  2585339 0 700203 10998110 5210 0 237347 9434 0 0
1791117572 cpu  2589235 0 701143 11000576 5211 0 237698 9439 0 0
1791117577 cpu  2593102 0 702128 11003056 5211 0 238028 9443 0 0
1791117582 cpu  2596902 0 703065 11005672 5211 0 238349 9449 0 0
1791117587 cpu  2600857 0 704064 11008063 5212 0 238699 9455 0 0
1791117592 cpu  2604648 0 704978 11010648 5212 0 239045 9461 0 0
1791117597 cpu  2608386 0 705892 11013330 5212 0 239386 9468 0 0
1791117602 cpu  2612068 0 706837 11015987 5213 0 239735 9475 0 0
1791117607 cpu  2615997 0 707806 11018361 5213 0 240090 9482 0 0
1791117612 cpu  2619935 0 708747 11020798 5213 0 240426 9488 0 0
1791117617 cpu  2623853 0 709711 11023225 5213 0 240767 9494 0 0
1791117622 cpu  2625670 21 710277 11028369 5254 0 240976 9502 0 0
1791117627 cpu  2625926 292 710441 11035493 5306 0 241033 9508 0 0
1791117632 cpu  2626172 512 710538 11042834 5306 0 241066 9513 0 0
1791117637 cpu  2626325 512 710644 11050449 5307 0 241099 9518 0 0
1791117642 cpu  2626435 512 710723 11058185 5308 0 241113 9521 0 0
