timestamp,caller,target,total,2xx,4xx,5xx,retry,rq_time_sum_ms,rq_time_count
2026-10-04T14:01:58Z,adservice,adservice,0,0,0,0,0,0,0
2026-10-04T14:01:58Z,adservice,cartservice,0,0,0,0,0,0,0
2026-10-04T14:01:58Z,adservice,checkoutservice,0,0,0,0,0,0,0
2026-10-04T14:01:58Z,adservice,currencyservice,0,0,0,0,0,0,0
2026-10-04T14:01:58Z,adservice,emailservice,0,0,0,0,0,0,0
2026-10-04T14:01:58Z,adservice,frontend,0,0,0,0,0,0,0
2026-10-04T14:01:58Z,adservice,kubernetes,0,0,0,0,0,0,0
2026-10-04T14:01:58Z,adservice,paymentservice,0,0,0,0,0,0,0
2026-10-04T14:01:58Z,adservice,productcatalogservice,0,0,0,0,0,0,0
2026-10-04T14:01:58Z,adservice,recommendationservice,0,0,0,0,0,0,0
2026-10-04T14:01:58Z,adservice,redis-cart,0,0,0,0,0,0,0
2026-10-04T14:01:58Z,adservice,shippingservice,0,0,0,0,0,0,0
2026-10-04T14:01:58Z,cartservice,adservice,0,0,0,0,0,0,0
2026-10-04T14:01:58Z,cartservice,cartservice,0,0,0,0,0,0,0
2026-10-04T14:01:58Z,cartservice,checkoutservice,0,0,0,0,0,0,0
2026-10-04T14:01:58Z,cartservice,currencyservice,0,0,0,0,0,0,0
2026-10-04T14:01:58Z,cartservice,emailservice,0,0,0,0,0,0,0
2026-10-04T14:01:58Z,cartservice,frontend,0,0,0,0,0,0,0
2026-10-04T14:01:58Z,cartservice,kubernetes,0,0,0,0,0,0,0
2026-10-04T14:01:58Z,cartservice,paymentservice,0,0,0,0,0,0,0
2026-10-04T14:01:58Z,cartservice,productcatalogservice,0,0,0,0,0,0,0
2026-10-04T14:01:58Z,cartservice,recommendationservice,0,0,0,0,0,0,0
2026-10-04T14:01:58Z,cartservice,redis-cart,2,0,0,0,0,0,0
2026-10-04T14:01:58Z,cartservice,shippingservice,0,0,0,0,0,0,0
2026-10-04T14:01:58Z,checkoutservice,adservice,0,0,0,0,0,0,0
2026-10-04T14:01:58Z,checkoutservice,cartservice,0,0,0,0,0,0,0
2026-10-04T14:01:58Z,checkoutservice,checkoutservice,0,0,0,0,0,0,0
2026-10-04T14:01:58Z,checkoutservice,currencyservice,0,0,0,0,0,0,0
2026-10-04T14:01:58Z,checkoutservice,emailservice,0,0,0,0,0,0,0
2026-10-04T14:01:58Z,checkoutservice,frontend,0,0,0,0,0,0,0
2026-10-04T14:01:58Z,checkoutservice,kubernetes,0,0,0,0,0,0,0
2026-10-04T14:01:58Z,checkoutservice,paymentservice,0,0,0,0,0,0,0
2026-10-04T14:01:58Z,checkoutservice,productcatalogservice,0,0,0,0,0,0,0
2026-10-04T14:01:58Z,checkoutservice,recommendationservice,0,0,0,0,0,0,0
2026-10-04T14:01:58Z,checkoutservice,redis-cart,0,0,0,0,0,0,0
2026-10-04T14:01:58Z,checkoutservice,shippingservice,0,0,0,0,0,0,0
2026-10-04T14:01:58Z,currencyservice,adservice,0,0,0,0,0,0,0
2026-10-04T14:01:58Z,currencyservice,cartservice,0,0,0,0,0,0,0
2026-10-04T14:01:58Z,currencyservice,checkoutservice,0,0,0,0,0,0,0
2026-10-04T14:01:58Z,currencyservice,currencyservice,0,0,0,0,0,0,0
2026-10-04T14:01:58Z,currencyservice,emailservice,0,0,0,0,0,0,0
2026-10-04T14:01:58Z,currencyservice,frontend,0,0,0,0,0,0,0
2026-10-04T14:01:58Z,currencyservice,kubernetes,0,0,0,0,0,0,0
2026-10-04T14:01:58Z,currencyservice,paymentservice,0,0,0,0,0,0,0
2026-10-04T14:01:58Z,currencyservice,productcatalogservice,0,0,0,0,0,0,0
2026-10-04T14:01:58Z,currencyservice,recommendationservice,0,0,0,0,0,0,0
2026-10-04T14:01:58Z,currencyservice,redis-cart,0,0,0,0,0,0,0
2026-10-04T14:01:58Z,currencyservice,shippingservice,0,0,0,0,0,0,0
2026-10-04T14:01:58Z,emailservice,adservice,0,0,0,0,0,0,0
2026-10-04T14:01:58Z,emailservice,cartservice,0,0,0,0,0,0,0
2026-10-04T14:01:58Z,emailservice,checkoutservice,0,0,0,0,0,0,0
2026-10-04T14:01:58Z,emailservice,currencyservice,0,0,0,0,0,0,0
2026-10-04T14:01:58Z,emailservice,emailservice,0,0,0,0,0,0,0
2026-10-04T14:01:58Z,emailservice,frontend,0,0,0,0,0,0,0
2026-10-04T14:01:58Z,emailservice,kubernetes,0,0,0,0,0,0,0
2026-10-04T14:01:58Z,emailservice,paymentservice,0,0,0,0,0,0,0
2026-10-04T14:01:58Z,emailservice,productcatalogservice,0,0,0,0,0,0,0
2026-10-04T14:01:58Z,emailservice,recommendationservice,0,0,0,0,0,0,0
2026-10-04T14:01:58Z,emailservice,redis-cart,0,0,0,0,0,0,0
2026-10-04T14:01:58Z,emailservice,shippingservice,0,0,0,0,0,0,0
2026-10-04T14:01:58Z,frontend,adservice,773781,773779,0,0,0,2334061,773779
2026-10-04T14:01:58Z,frontend,cartservice,1730573,1730561,0,0,4,9624535,1730561
2026-10-04T14:01:58Z,frontend,checkoutservice,354811,173691,0,34332,146696,55608828,173690
2026-10-04T14:01:58Z,frontend,currencyservice,2749584,2749577,0,0,0,14589993,2749577
2026-10-04T14:01:58Z,frontend,emailservice,0,0,0,0,0,0,0
2026-10-04T14:01:58Z,frontend,frontend,0,0,0,0,0,0,0
2026-10-04T14:01:58Z,frontend,kubernetes,0,0,0,0,0,0,0
2026-10-04T14:01:58Z,frontend,paymentservice,0,0,0,0,0,0,0
2026-10-04T14:01:58Z,frontend,productcatalogservice,7676840,7676779,0,0,0,52315430,7676779
2026-10-04T14:01:58Z,frontend,recommendationservice,2523996,1524786,0,104145,892890,769956520,1524786
2026-10-04T14:01:58Z,frontend,redis-cart,0,0,0,0,0,0,0
2026-10-04T14:01:58Z,frontend,shippingservice,283787,283785,0,0,0,858241,283785
2026-10-04T14:01:58Z,paymentservice,adservice,0,0,0,0,0,0,0
2026-10-04T14:01:58Z,paymentservice,cartservice,0,0,0,0,0,0,0
2026-10-04T14:01:58Z,paymentservice,checkoutservice,0,0,0,0,0,0,0
2026-10-04T14:01:58Z,paymentservice,currencyservice,0,0,0,0,0,0,0
2026-10-04T14:01:58Z,paymentservice,emailservice,0,0,0,0,0,0,0
2026-10-04T14:01:58Z,paymentservice,frontend,0,0,0,0,0,0,0
2026-10-04T14:01:58Z,paymentservice,kubernetes,0,0,0,0,0,0,0
2026-10-04T14:01:58Z,paymentservice,paymentservice,0,0,0,0,0,0,0
2026-10-04T14:01:58Z,paymentservice,productcatalogservice,0,0,0,0,0,0,0
2026-10-04T14:01:58Z,paymentservice,recommendationservice,0,0,0,0,0,0,0
2026-10-04T14:01:58Z,paymentservice,redis-cart,0,0,0,0,0,0,0
2026-10-04T14:01:58Z,paymentservice,shippingservice,0,0,0,0,0,0,0
2026-10-04T14:01:58Z,productcatalogservice,adservice,0,0,0,0,0,0,0
2026-10-04T14:01:58Z,productcatalogservice,cartservice,0,0,0,0,0,0,0
2026-10-04T14:01:58Z,productcatalogservice,checkoutservice,0,0,0,0,0,0,0
2026-10-04T14:01:58Z,productcatalogservice,currencyservice,0,0,0,0,0,0,0
2026-10-04T14:01:58Z,productcatalogservice,emailservice,0,0,0,0,0,0,0
2026-10-04T14:01:58Z,productcatalogservice,frontend,0,0,0,0,0,0,0
2026-10-04T14:01:58Z,productcatalogservice,kubernetes,0,0,0,0,0,0,0
2026-10-04T14:01:58Z,productcatalogservice,paymentservice,0,0,0,0,0,0,0
2026-10-04T14:01:58Z,productcatalogservice,productcatalogservice,0,0,0,0,0,0,0
2026-10-04T14:01:58Z,productcatalogservice,recommendationservice,0,0,0,0,0,0,0
2026-10-04T14:01:58Z,productcatalogservice,redis-cart,0,0,0,0,0,0,0
2026-10-04T14:01:58Z,productcatalogservice,shippingservice,0,0,0,0,0,0,0
2026-10-04T14:01:58Z,recommendationservice,adservice,0,0,0,0,0,0,0
2026-10-04T14:01:58Z,recommendationservice,cartservice,0,0,0,0,0,0,0
2026-10-04T14:01:58Z,recommendationservice,checkoutservice,0,0,0,0,0,0,0
2026-10-04T14:01:58Z,recommendationservice,currencyservice,0,0,0,0,0,0,0
2026-10-04T14:01:58Z,recommendationservice,emailservice,0,0,0,0,0,0,0
2026-10-04T14:01:58Z,recommendationservice,frontend,0,0,0,0,0,0,0
2026-10-04T14:01:58Z,recommendationservice,kubernetes,0,0,0,0,0,0,0
2026-10-04T14:01:58Z,recommendationservice,paymentservice,0,0,0,0,0,0,0
2026-10-04T14:01:58Z,recommendationservice,productcatalogservice,0,0,0,0,0,0,0
2026-10-04T14:01:58Z,recommendationservice,recommendationservice,0,0,0,0,0,0,0
2026-10-04T14:01:58Z,recommendationservice,redis-cart,0,0,0,0,0,0,0
2026-10-04T14:01:58Z,recommendationservice,shippingservice,0,0,0,0,0,0,0
2026-10-04T14:01:58Z,redis-cart,adservice,0,0,0,0,0,0,0
2026-10-04T14:01:58Z,redis-cart,cartservice,0,0,0,0,0,0,0
2026-10-04T14:01:58Z,redis-cart,checkoutservice,0,0,0,0,0,0,0
2026-10-04T14:01:58Z,redis-cart,currencyservice,0,0,0,0,0,0,0
2026-10-04T14:01:58Z,redis-cart,emailservice,0,0,0,0,0,0,0
2026-10-04T14:01:58Z,redis-cart,frontend,0,0,0,0,0,0,0
2026-10-04T14:01:58Z,redis-cart,kubernetes,0,0,0,0,0,0,0
2026-10-04T14:01:58Z,redis-cart,paymentservice,0,0,0,0,0,0,0
2026-10-04T14:01:58Z,redis-cart,productcatalogservice,0,0,0,0,0,0,0
2026-10-04T14:01:58Z,redis-cart,recommendationservice,0,0,0,0,0,0,0
2026-10-04T14:01:58Z,redis-cart,redis-cart,0,0,0,0,0,0,0
2026-10-04T14:01:58Z,redis-cart,shippingservice,0,0,0,0,0,0,0
2026-10-04T14:01:58Z,shippingservice,adservice,0,0,0,0,0,0,0
2026-10-04T14:01:58Z,shippingservice,cartservice,0,0,0,0,0,0,0
2026-10-04T14:01:58Z,shippingservice,checkoutservice,0,0,0,0,0,0,0
2026-10-04T14:01:58Z,shippingservice,currencyservice,0,0,0,0,0,0,0
2026-10-04T14:01:58Z,shippingservice,emailservice,0,0,0,0,0,0,0
2026-10-04T14:01:58Z,shippingservice,frontend,0,0,0,0,0,0,0
2026-10-04T14:01:58Z,shippingservice,kubernetes,0,0,0,0,0,0,0
2026-10-04T14:01:58Z,shippingservice,paymentservice,0,0,0,0,0,0,0
2026-10-04T14:01:58Z,shippingservice,productcatalogservice,0,0,0,0,0,0,0
2026-10-04T14:01:58Z,shippingservice,recommendationservice,0,0,0,0,0,0,0
2026-10-04T14:01:58Z,shippingservice,redis-cart,0,0,0,0,0,0,0
2026-10-04T14:01:58Z,shippingservice,shippingservice,0,0,0,0,0,0,0
2026-10-04T14:01:59Z,adservice,adservice,0,0,0,0,0,0,0
2026-10-04T14:01:59Z,adservice,cartservice,0,0,0,0,0,0,0
2026-10-04T14:01:59Z,adservice,checkoutservice,0,0,0,0,0,0,0
2026-10-04T14:01:59Z,adservice,currencyservice,0,0,0,0,0,0,0
2026-10-04T14:01:59Z,adservice,emailservice,0,0,0,0,0,0,0
2026-10-04T14:01:59Z,adservice,frontend,0,0,0,0,0,0,0
2026-10-04T14:01:59Z,adservice,kubernetes,0,0,0,0,0,0,0
2026-10-04T14:01:59Z,adservice,paymentservice,0,0,0,0,0,0,0
2026-10-04T14:01:59Z,adservice,productcatalogservice,0,0,0,0,0,0,0
2026-10-04T14:01:59Z,adservice,recommendationservice,0,0,0,0,0,0,0
2026-10-04T14:01:59Z,adservice,redis-cart,0,0,0,0,0,0,0
2026-10-04T14:01:59Z,adservice,shippingservice,0,0,0,0,0,0,0
2026-10-04T14:01:59Z,cartservice,adservice,0,0,0,0,0,0,0
2026-10-04T14:01:59Z,cartservice,cartservice,0,0,0,0,0,0,0
2026-10-04T14:01:59Z,cartservice,checkoutservice,0,0,0,0,0,0,0
2026-10-04T14:01:59Z,cartservice,currencyservice,0,0,0,0,0,0,0
2026-10-04T14:01:59Z,cartservice,emailservice,0,0,0,0,0,0,0
2026-10-04T14:01:59Z,cartservice,frontend,0,0,0,0,0,0,0
2026-10-04T14:01:59Z,cartservice,kubernetes,0,0,0,0,0,0,0
2026-10-04T14:01:59Z,cartservice,paymentservice,0,0,0,0,0,0,0
2026-10-04T14:01:59Z,cartservice,productcatalogservice,0,0,0,0,0,0,0
2026-10-04T14:01:59Z,cartservice,recommendationservice,0,0,0,0,0,0,0
2026-10-04T14:01:59Z,cartservice,redis-cart,2,0,0,0,0,0,0
2026-10-04T14:01:59Z,cartservice,shippingservice,0,0,0,0,0,0,0
2026-10-04T14:01:59Z,checkoutservice,adservice,0,0,0,0,0,0,0
2026-10-04T14:01:59Z,checkoutservice,cartservice,0,0,0,0,0,0,0
2026-10-04T14:01:59Z,checkoutservice,checkoutservice,0,0,0,0,0,0,0
2026-10-04T14:01:59Z,checkoutservice,currencyservice,0,0,0,0,0,0,0
2026-10-04T14:01:59Z,checkoutservice,emailservice,0,0,0,0,0,0,0
2026-10-04T14:01:59Z,checkoutservice,frontend,0,0,0,0,0,0,0
2026-10-04T14:01:59Z,checkoutservice,kubernetes,0,0,0,0,0,0,0
2026-10-04T14:01:59Z,checkoutservice,paymentservice,0,0,0,0,0,0,0
2026-10-04T14:01:59Z,checkoutservice,productcatalogservice,0,0,0,0,0,0,0
2026-10-04T14:01:59Z,checkoutservice,recommendationservice,0,0,0,0,0,0,0
2026-10-04T14:01:59Z,checkoutservice,redis-cart,0,0,0,0,0,0,0
2026-10-04T14:01:59Z,checkoutservice,shippingservice,0,0,0,0,0,0,0
2026-10-04T14:01:59Z,currencyservice,adservice,0,0,0,0,0,0,0
2026-10-04T14:01:59Z,currencyservice,cartservice,0,0,0,0,0,0,0
2026-10-04T14:01:59Z,currencyservice,checkoutservice,0,0,0,0,0,0,0
2026-10-04T14:01:59Z,currencyservice,currencyservice,0,0,0,0,0,0,0
2026-10-04T14:01:59Z,currencyservice,emailservice,0,0,0,0,0,0,0
2026-10-04T14:01:59Z,currencyservice,frontend,0,0,0,0,0,0,0
2026-10-04T14:01:59Z,currencyservice,kubernetes,0,0,0,0,0,0,0
2026-10-04T14:01:59Z,currencyservice,paymentservice,0,0,0,0,0,0,0
2026-10-04T14:01:59Z,currencyservice,productcatalogservice,0,0,0,0,0,0,0
2026-10-04T14:01:59Z,currencyservice,recommendationservice,0,0,0,0,0,0,0
2026-10-04T14:01:59Z,currencyservice,redis-cart,0,0,0,0,0,0,0
2026-10-04T14:01:59Z,currencyservice,shippingservice,0,0,0,0,0,0,0
2026-10-04T14:01:59Z,emailservice,adservice,0,0,0,0,0,0,0
2026-10-04T14:01:59Z,emailservice,cartservice,0,0,0,0,0,0,0
2026-10-04T14:01:59Z,emailservice,checkoutservice,0,0,0,0,0,0,0
2026-10-04T14:01:59Z,emailservice,currencyservice,0,0,0,0,0,0,0
2026-10-04T14:01:59Z,emailservice,emailservice,0,0,0,0,0,0,0
2026-10-04T14:01:59Z,emailservice,frontend,0,0,0,0,0,0,0
2026-10-04T14:01:59Z,emailservice,kubernetes,0,0,0,0,0,0,0
2026-10-04T14:01:59Z,emailservice,paymentservice,0,0,0,0,0,0,0
2026-10-04T14:01:59Z,emailservice,productcatalogservice,0,0,0,0,0,0,0
2026-10-04T14:01:59Z,emailservice,recommendationservice,0,0,0,0,0,0,0
2026-10-04T14:01:59Z,emailservice,redis-cart,0,0,0,0,0,0,0
2026-10-04T14:01:59Z,emailservice,shippingservice,0,0,0,0,0,0,0
2026-10-04T14:01:59Z,frontend,adservice,773781,773779,0,0,0,2334061,773779
2026-10-04T14:01:59Z,frontend,cartservice,1730573,1730561,0,0,4,9624535,1730561
2026-10-04T14:01:59Z,frontend,checkoutservice,354811,173691,0,34332,146696,55608828,173690
2026-10-04T14:01:59Z,frontend,currencyservice,2749584,2749577,0,0,0,14589993,2749577
2026-10-04T14:01:59Z,frontend,emailservice,0,0,0,0,0,0,0
2026-10-04T14:01:59Z,frontend,frontend,0,0,0,0,0,0,0
2026-10-04T14:01:59Z,frontend,kubernetes,0,0,0,0,0,0,0
2026-10-04T14:01:59Z,frontend,paymentservice,0,0,0,0,0,0,0
2026-10-04T14:01:59Z,frontend,productcatalogservice,7676840,7676779,0,0,0,52315430,7676779
2026-10-04T14:01:59Z,frontend,recommendationservice,2523996,1524786,0,104145,892890,769956520,1524786
2026-10-04T14:01:59Z,frontend,redis-cart,0,0,0,0,0,0,0
2026-10-04T14:01:59Z,frontend,shippingservice,283787,283785,0,0,0,858241,283785
2026-10-04T14:01:59Z,paymentservice,adservice,0,0,0,0,0,0,0
2026-10-04T14:01:59Z,paymentservice,cartservice,0,0,0,0,0,0,0
2026-10-04T14:01:59Z,paymentservice,checkoutservice,0,0,0,0,0,0,0
2026-10-04T14:01:59Z,paymentservice,currencyservice,0,0,0,0,0,0,0
2026-10-04T14:01:59Z,paymentservice,emailservice,0,0,0,0,0,0,0
2026-10-04T14:01:59Z,paymentservice,frontend,0,0,0,0,0,0,0
2026-10-04T14:01:59Z,paymentservice,kubernetes,0,0,0,0,0,0,0
2026-10-04T14:01:59Z,paymentservice,paymentservice,0,0,0,0,0,0,0
2026-10-04T14:01:59Z,paymentservice,productcatalogservice,0,0,0,0,0,0,0
2026-10-04T14:01:59Z,paymentservice,recommendationservice,0,0,0,0,0,0,0
2026-10-04T14:01:59Z,paymentservice,redis-cart,0,0,0,0,0,0,0
2026-10-04T14:01:59Z,paymentservice,shippingservice,0,0,0,0,0,0,0
2026-10-04T14:01:59Z,productcatalogservice,adservice,0,0,0,0,0,0,0
2026-10-04T14:01:59Z,productcatalogservice,cartservice,0,0,0,0,0,0,0
2026-10-04T14:01:59Z,productcatalogservice,checkoutservice,0,0,0,0,0,0,0
2026-10-04T14:01:59Z,productcatalogservice,currencyservice,0,0,0,0,0,0,0
2026-10-04T14:01:59Z,productcatalogservice,emailservice,0,0,0,0,0,0,0
2026-10-04T14:01:59Z,productcatalogservice,frontend,0,0,0,0,0,0,0
2026-10-04T14:01:59Z,productcatalogservice,kubernetes,0,0,0,0,0,0,0
2026-10-04T14:01:59Z,productcatalogservice,paymentservice,0,0,0,0,0,0,0
2026-10-04T14:01:59Z,productcatalogservice,productcatalogservice,0,0,0,0,0,0,0
2026-10-04T14:01:59Z,productcatalogservice,recommendationservice,0,0,0,0,0,0,0
2026-10-04T14:01:59Z,productcatalogservice,redis-cart,0,0,0,0,0,0,0
2026-10-04T14:01:59Z,productcatalogservice,shippingservice,0,0,0,0,0,0,0
2026-10-04T14:01:59Z,recommendationservice,adservice,0,0,0,0,0,0,0
2026-10-04T14:01:59Z,recommendationservice,cartservice,0,0,0,0,0,0,0
2026-10-04T14:01:59Z,recommendationservice,checkoutservice,0,0,0,0,0,0,0
2026-10-04T14:01:59Z,recommendationservice,currencyservice,0,0,0,0,0,0,0
2026-10-04T14:01:59Z,recommendationservice,emailservice,0,0,0,0,0,0,0
2026-10-04T14:01:59Z,recommendationservice,frontend,0,0,0,0,0,0,0
2026-10-04T14:01:59Z,recommendationservice,kubernetes,0,0,0,0,0,0,0
2026-10-04T14:01:59Z,recommendationservice,paymentservice,0,0,0,0,0,0,0
2026-10-04T14:01:59Z,recommendationservice,productcatalogservice,0,0,0,0,0,0,0
2026-10-04T14:01:59Z,recommendationservice,recommendationservice,0,0,0,0,0,0,0
2026-10-04T14:01:59Z,recommendationservice,redis-cart,0,0,0,0,0,0,0
2026-10-04T14:01:59Z,recommendationservice,shippingservice,0,0,0,0,0,0,0
2026-10-04T14:01:59Z,redis-cart,adservice,0,0,0,0,0,0,0
2026-10-04T14:01:59Z,redis-cart,cartservice,0,0,0,0,0,0,0
2026-10-04T14:01:59Z,redis-cart,checkoutservice,0,0,0,0,0,0,0
2026-10-04T14:01:59Z,redis-cart,currencyservice,0,0,0,0,0,0,0
2026-10-04T14:01:59Z,redis-cart,emailservice,0,0,0,0,0,0,0
2026-10-04T14:01:59Z,redis-cart,frontend,0,0,0,0,0,0,0
2026-10-04T14:01:59Z,redis-cart,kubernetes,0,0,0,0,0,0,0
2026-10-04T14:01:59Z,redis-cart,paymentservice,0,0,0,0,0,0,0
2026-10-04T14:01:59Z,redis-cart,productcatalogservice,0,0,0,0,0,0,0
2026-10-04T14:01:59Z,redis-cart,recommendationservice,0,0,0,0,0,0,0
2026-10-04T14:01:59Z,redis-cart,redis-cart,0,0,0,0,0,0,0
2026-10-04T14:01:59Z,redis-cart,shippingservice,0,0,0,0,0,0,0
2026-10-04T14:01:59Z,shippingservice,adservice,0,0,0,0,0,0,0
2026-10-04T14:01:59Z,shippingservice,cartservice,0,0,0,0,0,0,0
2026-10-04T14:01:59Z,shippingservice,checkoutservice,0,0,0,0,0,0,0
2026-10-04T14:01:59Z,shippingservice,currencyservice,0,0,0,0,0,0,0
2026-10-04T14:01:59Z,shippingservice,emailservice,0,0,0,0,0,0,0
2026-10-04T14:01:59Z,shippingservice,frontend,0,0,0,0,0,0,0
2026-10-04T14:01:59Z,shippingservice,kubernetes,0,0,0,0,0,0,0
2026-10-04T14:01:59Z,shippingservice,paymentservice,0,0,0,0,0,0,0
2026-10-04T14:01:59Z,shippingservice,productcatalogservice,0,0,0,0,0,0,0
2026-10-04T14:01:59Z,shippingservice,recommendationservice,0,0,0,0,0,0,0
2026-10-04T14:01:59Z,shippingservice,redis-cart,0,0,0,0,0,0,0
2026-10-04T14:01:59Z,shippingservice,shippingservice,0,0,0,0,0,0,0
2026-10-04T14:02:00Z,adservice,adservice,0,0,0,0,0,0,0
2026-10-04T14:02:00Z,adservice,cartservice,0,0,0,0,0,0,0
2026-10-04T14:02:00Z,adservice,checkoutservice,0,0,0,0,0,0,0
2026-10-04T14:02:00Z,adservice,currencyservice,0,0,0,0,0,0,0
2026-10-04T14:02:00Z,adservice,emailservice,0,0,0,0,0,0,0
2026-10-04T14:02:00Z,adservice,frontend,0,0,0,0,0,0,0
2026-10-04T14:02:00Z,adservice,kubernetes,0,0,0,0,0,0,0
2026-10-04T14:02:00Z,adservice,paymentservice,0,0,0,0,0,0,0
2026-10-04T14:02:00Z,adservice,productcatalogservice,0,0,0,0,0,0,0
2026-10-04T14:02:00Z,adservice,recommendationservice,0,0,0,0,0,0,0
2026-10-04T14:02:00Z,adservice,redis-cart,0,0,0,0,0,0,0
2026-10-04T14:02:00Z,adservice,shippingservice,0,0,0,0,0,0,0
2026-10-04T14:02:00Z,cartservice,adservice,0,0,0,0,0,0,0
2026-10-04T14:02:00Z,cartservice,cartservice,0,0,0,0,0,0,0
2026-10-04T14:02:00Z,cartservice,checkoutservice,0,0,0,0,0,0,0
2026-10-04T14:02:00Z,cartservice,currencyservice,0,0,0,0,0,0,0
2026-10-04T14:02:00Z,cartservice,emailservice,0,0,0,0,0,0,0
2026-10-04T14:02:00Z,cartservice,frontend,0,0,0,0,0,0,0
2026-10-04T14:02:00Z,cartservice,kubernetes,0,0,0,0,0,0,0
2026-10-04T14:02:00Z,cartservice,paymentservice,0,0,0,0,0,0,0
2026-10-04T14:02:00Z,cartservice,productcatalogservice,0,0,0,0,0,0,0
2026-10-04T14:02:00Z,cartservice,recommendationservice,0,0,0,0,0,0,0
2026-10-04T14:02:00Z,cartservice,redis-cart,2,0,0,0,0,0,0
2026-10-04T14:02:00Z,cartservice,shippingservice,0,0,0,0,0,0,0
2026-10-04T14:02:00Z,checkoutservice,adservice,0,0,0,0,0,0,0
2026-10-04T14:02:00Z,checkoutservice,cartservice,0,0,0,0,0,0,0
2026-10-04T14:02:00Z,checkoutservice,checkoutservice,0,0,0,0,0,0,0
2026-10-04T14:02:00Z,checkoutservice,currencyservice,0,0,0,0,0,0,0
2026-10-04T14:02:00Z,checkoutservice,emailservice,0,0,0,0,0,0,0
2026-10-04T14:02:00Z,checkoutservice,frontend,0,0,0,0,0,0,0
2026-10-04T14:02:00Z,checkoutservice,kubernetes,0,0,0,0,0,0,0
2026-10-04T14:02:00Z,checkoutservice,paymentservice,0,0,0,0,0,0,0
2026-10-04T14:02:00Z,checkoutservice,productcatalogservice,0,0,0,0,0,0,0
2026-10-04T14:02:00Z,checkoutservice,recommendationservice,0,0,0,0,0,0,0
2026-10-04T14:02:00Z,checkoutservice,redis-cart,0,0,0,0,0,0,0
2026-10-04T14:02:00Z,checkoutservice,shippingservice,0,0,0,0,0,0,0
2026-10-04T14:02:00Z,currencyservice,adservice,0,0,0,0,0,0,0
2026-10-04T14:02:00Z,currencyservice,cartservice,0,0,0,0,0,0,0
2026-10-04T14:02:00Z,currencyservice,checkoutservice,0,0,0,0,0,0,0
2026-10-04T14:02:00Z,currencyservice,currencyservice,0,0,0,0,0,0,0
2026-10-04T14:02:00Z,currencyservice,emailservice,0,0,0,0,0,0,0
2026-10-04T14:02:00Z,currencyservice,frontend,0,0,0,0,0,0,0
2026-10-04T14:02:00Z,currencyservice,kubernetes,0,0,0,0,0,0,0
2026-10-04T14:02:00Z,currencyservice,paymentservice,0,0,0,0,0,0,0
2026-10-04T14:02:00Z,currencyservice,productcatalogservice,0,0,0,0,0,0,0
2026-10-04T14:02:00Z,currencyservice,recommendationservice,0,0,0,0,0,0,0
2026-10-04T14:02:00Z,currencyservice,redis-cart,0,0,0,0,0,0,0
2026-10-04T14:02:00Z,currencyservice,shippingservice,0,0,0,0,0,0,0
2026-10-04T14:02:00Z,emailservice,adservice,0,0,0,0,0,0,0
2026-10-04T14:02:00Z,emailservice,cartservice,0,0,0,0,0,0,0
2026-10-04T14:02:00Z,emailservice,checkoutservice,0,0,0,0,0,0,0
2026-10-04T14:02:00Z,emailservice,currencyservice,0,0,0,0,0,0,0
2026-10-04T14:02:00Z,emailservice,emailservice,0,0,0,0,0,0,0
2026-10-04T14:02:00Z,emailservice,frontend,0,0,0,0,0,0,0
2026-10-04T14:02:00Z,emailservice,kubernetes,0,0,0,0,0,0,0
2026-10-04T14:02:00Z,emailservice,paymentservice,0,0,0,0,0,0,0
2026-10-04T14:02:00Z,emailservice,productcatalogservice,0,0,0,0,0,0,0
2026-10-04T14:02:00Z,emailservice,recommendationservice,0,0,0,0,0,0,0
2026-10-04T14:02:00Z,emailservice,redis-cart,0,0,0,0,0,0,0
2026-10-04T14:02:00Z,emailservice,shippingservice,0,0,0,0,0,0,0
2026-10-04T14:02:00Z,frontend,adservice,773781,773779,0,0,0,2334061,773779
2026-10-04T14:02:00Z,frontend,cartservice,1730573,1730561,0,0,4,9624535,1730561
2026-10-04T14:02:00Z,frontend,checkoutservice,354811,173691,0,34332,146696,55608828,173690
2026-10-04T14:02:00Z,frontend,currencyservice,2749584,2749577,0,0,0,14589993,2749577
2026-10-04T14:02:00Z,frontend,emailservice,0,0,0,0,0,0,0
2026-10-04T14:02:00Z,frontend,frontend,0,0,0,0,0,0,0
2026-10-04T14:02:00Z,frontend,kubernetes,0,0,0,0,0,0,0
2026-10-04T14:02:00Z,frontend,paymentservice,0,0,0,0,0,0,0
2026-10-04T14:02:00Z,frontend,productcatalogservice,7676840,7676779,0,0,0,52315430,7676779
2026-10-04T14:02:00Z,frontend,recommendationservice,2523996,1524786,0,104145,892890,769956520,1524786
2026-10-04T14:02:00Z,frontend,redis-cart,0,0,0,0,0,0,0
2026-10-04T14:02:00Z,frontend,shippingservice,283787,283785,0,0,0,858241,283785
2026-10-04T14:02:00Z,paymentservice,adservice,0,0,0,0,0,0,0
2026-10-04T14:02:00Z,paymentservice,cartservice,0,0,0,0,0,0,0
2026-10-04T14:02:00Z,paymentservice,checkoutservice,0,0,0,0,0,0,0
2026-10-04T14:02:00Z,paymentservice,currencyservice,0,0,0,0,0,0,0
2026-10-04T14:02:00Z,paymentservice,emailservice,0,0,0,0,0,0,0
2026-10-04T14:02:00Z,paymentservice,frontend,0,0,0,0,0,0,0
2026-10-04T14:02:00Z,paymentservice,kubernetes,0,0,0,0,0,0,0
2026-10-04T14:02:00Z,paymentservice,paymentservice,0,0,0,0,0,0,0
2026-10-04T14:02:00Z,paymentservice,productcatalogservice,0,0,0,0,0,0,0
2026-10-04T14:02:00Z,paymentservice,recommendationservice,0,0,0,0,0,0,0
2026-10-04T14:02:00Z,paymentservice,redis-cart,0,0,0,0,0,0,0
2026-10-04T14:02:00Z,paymentservice,shippingservice,0,0,0,0,0,0,0
2026-10-04T14:02:00Z,productcatalogservice,adservice,0,0,0,0,0,0,0
2026-10-04T14:02:00Z,productcatalogservice,cartservice,0,0,0,0,0,0,0
2026-10-04T14:02:00Z,productcatalogservice,checkoutservice,0,0,0,0,0,0,0
2026-10-04T14:02:00Z,productcatalogservice,currencyservice,0,0,0,0,0,0,0
2026-10-04T14:02:00Z,productcatalogservice,emailservice,0,0,0,0,0,0,0
2026-10-04T14:02:00Z,productcatalogservice,frontend,0,0,0,0,0,0,0
2026-10-04T14:02:00Z,productcatalogservice,kubernetes,0,0,0,0,0,0,0
2026-10-04T14:02:00Z,productcatalogservice,paymentservice,0,0,0,0,0,0,0
2026-10-04T14:02:00Z,productcatalogservice,productcatalogservice,0,0,0,0,0,0,0
2026-10-04T14:02:00Z,productcatalogservice,recommendationservice,0,0,0,0,0,0,0
2026-10-04T14:02:00Z,productcatalogservice,redis-cart,0,0,0,0,0,0,0
2026-10-04T14:02:00Z,productcatalogservice,shippingservice,0,0,0,0,0,0,0
2026-10-04T14:02:00Z,recommendationservice,adservice,0,0,0,0,0,0,0
2026-10-04T14:02:00Z,recommendationservice,cartservice,0,0,0,0,0,0,0
2026-10-04T14:02:00Z,recommendationservice,checkoutservice,0,0,0,0,0,0,0
2026-10-04T14:02:00Z,recommendationservice,currencyservice,0,0,0,0,0,0,0
2026-10-04T14:02:00Z,recommendationservice,emailservice,0,0,0,0,0,0,0
2026-10-04T14:02:00Z,recommendationservice,frontend,0,0,0,0,0,0,0
2026-10-04T14:02:00Z,recommendationservice,kubernetes,0,0,0,0,0,0,0
2026-10-04T14:02:00Z,recommendationservice,paymentservice,0,0,0,0,0,0,0
2026-10-04T14:02:00Z,recommendationservice,productcatalogservice,0,0,0,0,0,0,0
2026-10-04T14:02:00Z,recommendationservice,recommendationservice,0,0,0,0,0,0,0
2026-10-04T14:02:00Z,recommendationservice,redis-cart,0,0,0,0,0,0,0
2026-10-04T14:02:00Z,recommendationservice,shippingservice,0,0,0,0,0,0,0
2026-10-04T14:02:00Z,redis-cart,adservice,0,0,0,0,0,0,0
2026-10-04T14:02:00Z,redis-cart,cartservice,0,0,0,0,0,0,0
2026-10-04T14:02:00Z,redis-cart,checkoutservice,0,0,0,0,0,0,0
2026-10-04T14:02:00Z,redis-cart,currencyservice,0,0,0,0,0,0,0
2026-10-04T14:02:00Z,redis-cart,emailservice,0,0,0,0,0,0,0
2026-10-04T14:02:00Z,redis-cart,frontend,0,0,0,0,0,0,0
2026-10-04T14:02:00Z,redis-cart,kubernetes,0,0,0,0,0,0,0
2026-10-04T14:02:00Z,redis-cart,paymentservice,0,0,0,0,0,0,0
2026-10-04T14:02:00Z,redis-cart,productcatalogservice,0,0,0,0,0,0,0
2026-10-04T14:02:00Z,redis-cart,recommendationservice,0,0,0,0,0,0,0
2026-10-04T14:02:00Z,redis-cart,redis-cart,0,0,0,0,0,0,0
2026-10-04T14:02:00Z,redis-cart,shippingservice,0,0,0,0,0,0,0
2026-10-04T14:02:00Z,shippingservice,adservice,0,0,0,0,0,0,0
2026-10-04T14:02:00Z,shippingservice,cartservice,0,0,0,0,0,0,0
2026-10-04T14:02:00Z,shippingservice,checkoutservice,0,0,0,0,0,0,0
2026-10-04T14:02:00Z,shippingservice,currencyservice,0,0,0,0,0,0,0
2026-10-04T14:02:00Z,shippingservice,emailservice,0,0,0,0,0,0,0
2026-10-04T14:02:00Z,shippingservice,frontend,0,0,0,0,0,0,0
2026-10-04T14:02:00Z,shippingservice,kubernetes,0,0,0,0,0,0,0
2026-10-04T14:02:00Z,shippingservice,paymentservice,0,0,0,0,0,0,0
2026-10-04T14:02:00Z,shippingservice,productcatalogservice,0,0,0,0,0,0,0
2026-10-04T14:02:00Z,shippingservice,recommendationservice,0,0,0,0,0,0,0
2026-10-04T14:02:00Z,shippingservice,redis-cart,0,0,0,0,0,0,0
2026-10-04T14:02:00Z,shippingservice,shippingservice,0,0,0,0,0,0,0
2026-10-04T14:02:01Z,adservice,adservice,0,0,0,0,0,0,0
2026-10-04T14:02:01Z,adservice,cartservice,0,0,0,0,0,0,0
2026-10-04T14:02:01Z,adservice,checkoutservice,0,0,0,0,0,0,0
2026-10-04T14:02:01Z,adservice,currencyservice,0,0,0,0,0,0,0
2026-10-04T14:02:01Z,adservice,emailservice,0,0,0,0,0,0,0
2026-10-04T14:02:01Z,adservice,frontend,0,0,0,0,0,0,0
2026-10-04T14:02:01Z,adservice,kubernetes,0,0,0,0,0,0,0
2026-10-04T14:02:01Z,adservice,paymentservice,0,0,0,0,0,0,0
2026-10-04T14:02:01Z,adservice,productcatalogservice,0,0,0,0,0,0,0
2026-10-04T14:02:01Z,adservice,recommendationservice,0,0,0,0,0,0,0
2026-10-04T14:02:01Z,adservice,redis-cart,0,0,0,0,0,0,0
2026-10-04T14:02:01Z,adservice,shippingservice,0,0,0,0,0,0,0
2026-10-04T14:02:01Z,cartservice,adservice,0,0,0,0,0,0,0
2026-10-04T14:02:01Z,cartservice,cartservice,0,0,0,0,0,0,0
2026-10-04T14:02:01Z,cartservice,checkoutservice,0,0,0,0,0,0,0
2026-10-04T14:02:01Z,cartservice,currencyservice,0,0,0,0,0,0,0
2026-10-04T14:02:01Z,cartservice,emailservice,0,0,0,0,0,0,0
2026-10-04T14:02:01Z,cartservice,frontend,0,0,0,0,0,0,0
2026-10-04T14:02:01Z,cartservice,kubernetes,0,0,0,0,0,0,0
2026-10-04T14:02:01Z,cartservice,paymentservice,0,0,0,0,0,0,0
2026-10-04T14:02:01Z,cartservice,productcatalogservice,0,0,0,0,0,0,0
2026-10-04T14:02:01Z,cartservice,recommendationservice,0,0,0,0,0,0,0
2026-10-04T14:02:01Z,cartservice,redis-cart,2,0,0,0,0,0,0
2026-10-04T14:02:01Z,cartservice,shippingservice,0,0,0,0,0,0,0
2026-10-04T14:02:01Z,checkoutservice,adservice,0,0,0,0,0,0,0
2026-10-04T14:02:01Z,checkoutservice,cartservice,0,0,0,0,0,0,0
2026-10-04T14:02:01Z,checkoutservice,checkoutservice,0,0,0,0,0,0,0
2026-10-04T14:02:01Z,checkoutservice,currencyservice,0,0,0,0,0,0,0
2026-10-04T14:02:01Z,checkoutservice,emailservice,0,0,0,0,0,0,0
2026-10-04T14:02:01Z,checkoutservice,frontend,0,0,0,0,0,0,0
2026-10-04T14:02:01Z,checkoutservice,kubernetes,0,0,0,0,0,0,0
2026-10-04T14:02:01Z,checkoutservice,paymentservice,0,0,0,0,0,0,0
2026-10-04T14:02:01Z,checkoutservice,productcatalogservice,0,0,0,0,0,0,0
2026-10-04T14:02:01Z,checkoutservice,recommendationservice,0,0,0,0,0,0,0
2026-10-04T14:02:01Z,checkoutservice,redis-cart,0,0,0,0,0,0,0
2026-10-04T14:02:01Z,checkoutservice,shippingservice,0,0,0,0,0,0,0
2026-10-04T14:02:01Z,currencyservice,adservice,0,0,0,0,0,0,0
2026-10-04T14:02:01Z,currencyservice,cartservice,0,0,0,0,0,0,0
2026-10-04T14:02:01Z,currencyservice,checkoutservice,0,0,0,0,0,0,0
2026-10-04T14:02:01Z,currencyservice,currencyservice,0,0,0,0,0,0,0
2026-10-04T14:02:01Z,currencyservice,emailservice,0,0,0,0,0,0,0
2026-10-04T14:02:01Z,currencyservice,frontend,0,0,0,0,0,0,0
2026-10-04T14:02:01Z,currencyservice,kubernetes,0,0,0,0,0,0,0
2026-10-04T14:02:01Z,currencyservice,paymentservice,0,0,0,0,0,0,0
2026-10-04T14:02:01Z,currencyservice,productcatalogservice,0,0,0,0,0,0,0
2026-10-04T14:02:01Z,currencyservice,recommendationservice,0,0,0,0,0,0,0
2026-10-04T14:02:01Z,currencyservice,redis-cart,0,0,0,0,0,0,0
2026-10-04T14:02:01Z,currencyservice,shippingservice,0,0,0,0,0,0,0
2026-10-04T14:02:01Z,emailservice,adservice,0,0,0,0,0,0,0
2026-10-04T14:02:01Z,emailservice,cartservice,0,0,0,0,0,0,0
2026-10-04T14:02:01Z,emailservice,checkoutservice,0,0,0,0,0,0,0
2026-10-04T14:02:01Z,emailservice,currencyservice,0,0,0,0,0,0,0
2026-10-04T14:02:01Z,emailservice,emailservice,0,0,0,0,0,0,0
2026-10-04T14:02:01Z,emailservice,frontend,0,0,0,0,0,0,0
2026-10-04T14:02:01Z,emailservice,kubernetes,0,0,0,0,0,0,0
2026-10-04T14:02:01Z,emailservice,paymentservice,0,0,0,0,0,0,0
2026-10-04T14:02:01Z,emailservice,productcatalogservice,0,0,0,0,0,0,0
2026-10-04T14:02:01Z,emailservice,recommendationservice,0,0,0,0,0,0,0
2026-10-04T14:02:01Z,emailservice,redis-cart,0,0,0,0,0,0,0
2026-10-04T14:02:01Z,emailservice,shippingservice,0,0,0,0,0,0,0
2026-10-04T14:02:01Z,frontend,adservice,773781,773779,0,0,0,2334061,773779
2026-10-04T14:02:01Z,frontend,cartservice,1730573,1730561,0,0,4,9624535,1730561
2026-10-04T14:02:01Z,frontend,checkoutservice,354811,173691,0,34332,146696,55608828,173690
2026-10-04T14:02:01Z,frontend,currencyservice,2749584,2749577,0,0,0,14589993,2749577
2026-10-04T14:02:01Z,frontend,emailservice,0,0,0,0,0,0,0
2026-10-04T14:02:01Z,frontend,frontend,0,0,0,0,0,0,0
2026-10-04T14:02:01Z,frontend,kubernetes,0,0,0,0,0,0,0
2026-10-04T14:02:01Z,frontend,paymentservice,0,0,0,0,0,0,0
2026-10-04T14:02:01Z,frontend,productcatalogservice,7676840,7676779,0,0,0,52315430,7676779
2026-10-04T14:02:01Z,frontend,recommendationservice,2523996,1524786,0,104145,892890,769956520,1524786
2026-10-04T14:02:01Z,frontend,redis-cart,0,0,0,0,0,0,0
2026-10-04T14:02:01Z,frontend,shippingservice,283787,283785,0,0,0,858241,283785
2026-10-04T14:02:01Z,paymentservice,adservice,0,0,0,0,0,0,0
2026-10-04T14:02:01Z,paymentservice,cartservice,0,0,0,0,0,0,0
2026-10-04T14:02:01Z,paymentservice,checkoutservice,0,0,0,0,0,0,0
2026-10-04T14:02:01Z,paymentservice,currencyservice,0,0,0,0,0,0,0
2026-10-04T14:02:01Z,paymentservice,emailservice,0,0,0,0,0,0,0
2026-10-04T14:02:01Z,paymentservice,frontend,0,0,0,0,0,0,0
2026-10-04T14:02:01Z,paymentservice,kubernetes,0,0,0,0,0,0,0
2026-10-04T14:02:01Z,paymentservice,paymentservice,0,0,0,0,0,0,0
2026-10-04T14:02:01Z,paymentservice,productcatalogservice,0,0,0,0,0,0,0
2026-10-04T14:02:01Z,paymentservice,recommendationservice,0,0,0,0,0,0,0
2026-10-04T14:02:01Z,paymentservice,redis-cart,0,0,0,0,0,0,0
2026-10-04T14:02:01Z,paymentservice,shippingservice,0,0,0,0,0,0,0
2026-10-04T14:02:01Z,productcatalogservice,adservice,0,0,0,0,0,0,0
2026-10-04T14:02:01Z,productcatalogservice,cartservice,0,0,0,0,0,0,0
2026-10-04T14:02:01Z,productcatalogservice,checkoutservice,0,0,0,0,0,0,0
2026-10-04T14:02:01Z,productcatalogservice,currencyservice,0,0,0,0,0,0,0
2026-10-04T14:02:01Z,productcatalogservice,emailservice,0,0,0,0,0,0,0
2026-10-04T14:02:01Z,productcatalogservice,frontend,0,0,0,0,0,0,0
2026-10-04T14:02:01Z,productcatalogservice,kubernetes,0,0,0,0,0,0,0
2026-10-04T14:02:01Z,productcatalogservice,paymentservice,0,0,0,0,0,0,0
2026-10-04T14:02:01Z,productcatalogservice,productcatalogservice,0,0,0,0,0,0,0
2026-10-04T14:02:01Z,productcatalogservice,recommendationservice,0,0,0,0,0,0,0
2026-10-04T14:02:01Z,productcatalogservice,redis-cart,0,0,0,0,0,0,0
2026-10-04T14:02:01Z,productcatalogservice,shippingservice,0,0,0,0,0,0,0
2026-10-04T14:02:01Z,recommendationservice,adservice,0,0,0,0,0,0,0
2026-10-04T14:02:01Z,recommendationservice,cartservice,0,0,0,0,0,0,0
2026-10-04T14:02:01Z,recommendationservice,checkoutservice,0,0,0,0,0,0,0
2026-10-04T14:02:01Z,recommendationservice,currencyservice,0,0,0,0,0,0,0
2026-10-04T14:02:01Z,recommendationservice,emailservice,0,0,0,0,0,0,0
2026-10-04T14:02:01Z,recommendationservice,frontend,0,0,0,0,0,0,0
2026-10-04T14:02:01Z,recommendationservice,kubernetes,0,0,0,0,0,0,0
2026-10-04T14:02:01Z,recommendationservice,paymentservice,0,0,0,0,0,0,0
2026-10-04T14:02:01Z,recommendationservice,productcatalogservice,0,0,0,0,0,0,0
2026-10-04T14:02:01Z,recommendationservice,recommendationservice,0,0,0,0,0,0,0
2026-10-04T14:02:01Z,recommendationservice,redis-cart,0,0,0,0,0,0,0
2026-10-04T14:02:01Z,recommendationservice,shippingservice,0,0,0,0,0,0,0
2026-10-04T14:02:01Z,redis-cart,adservice,0,0,0,0,0,0,0
2026-10-04T14:02:01Z,redis-cart,cartservice,0,0,0,0,0,0,0
2026-10-04T14:02:01Z,redis-cart,checkoutservice,0,0,0,0,0,0,0
2026-10-04T14:02:01Z,redis-cart,currencyservice,0,0,0,0,0,0,0
2026-10-04T14:02:01Z,redis-cart,emailservice,0,0,0,0,0,0,0
2026-10-04T14:02:01Z,redis-cart,frontend,0,0,0,0,0,0,0
2026-10-04T14:02:01Z,redis-cart,kubernetes,0,0,0,0,0,0,0
2026-10-04T14:02:01Z,redis-cart,paymentservice,0,0,0,0,0,0,0
2026-10-04T14:02:01Z,redis-cart,productcatalogservice,0,0,0,0,0,0,0
2026-10-04T14:02:01Z,redis-cart,recommendationservice,0,0,0,0,0,0,0
2026-10-04T14:02:01Z,redis-cart,redis-cart,0,0,0,0,0,0,0
2026-10-04T14:02:01Z,redis-cart,shippingservice,0,0,0,0,0,0,0
2026-10-04T14:02:01Z,shippingservice,adservice,0,0,0,0,0,0,0
2026-10-04T14:02:01Z,shippingservice,cartservice,0,0,0,0,0,0,0
2026-10-04T14:02:01Z,shippingservice,checkoutservice,0,0,0,0,0,0,0
2026-10-04T14:02:01Z,shippingservice,currencyservice,0,0,0,0,0,0,0
2026-10-04T14:02:01Z,shippingservice,emailservice,0,0,0,0,0,0,0
2026-10-04T14:02:01Z,shippingservice,frontend,0,0,0,0,0,0,0
2026-10-04T14:02:01Z,shippingservice,kubernetes,0,0,0,0,0,0,0
2026-10-04T14:02:01Z,shippingservice,paymentservice,0,0,0,0,0,0,0
2026-10-04T14:02:01Z,shippingservice,productcatalogservice,0,0,0,0,0,0,0
2026-10-04T14:02:01Z,shippingservice,recommendationservice,0,0,0,0,0,0,0
2026-10-04T14:02:01Z,shippingservice,redis-cart,0,0,0,0,0,0,0
2026-10-04T14:02:01Z,shippingservice,shippingservice,0,0,0,0,0,0,0
2026-10-04T14:02:02Z,adservice,adservice,0,0,0,0,0,0,0
2026-10-04T14:02:02Z,adservice,cartservice,0,0,0,0,0,0,0
2026-10-04T14:02:02Z,adservice,checkoutservice,0,0,0,0,0,0,0
2026-10-04T14:02:02Z,adservice,currencyservice,0,0,0,0,0,0,0
2026-10-04T14:02:02Z,adservice,emailservice,0,0,0,0,0,0,0
2026-10-04T14:02:02Z,adservice,frontend,0,0,0,0,0,0,0
2026-10-04T14:02:02Z,adservice,kubernetes,0,0,0,0,0,0,0
2026-10-04T14:02:02Z,adservice,paymentservice,0,0,0,0,0,0,0
2026-10-04T14:02:02Z,adservice,productcatalogservice,0,0,0,0,0,0,0
2026-10-04T14:02:02Z,adservice,recommendationservice,0,0,0,0,0,0,0
2026-10-04T14:02:02Z,adservice,redis-cart,0,0,0,0,0,0,0
2026-10-04T14:02:02Z,adservice,shippingservice,0,0,0,0,0,0,0
2026-10-04T14:02:02Z,cartservice,adservice,0,0,0,0,0,0,0
2026-10-04T14:02:02Z,cartservice,cartservice,0,0,0,0,0,0,0
2026-10-04T14:02:02Z,cartservice,checkoutservice,0,0,0,0,0,0,0
2026-10-04T14:02:02Z,cartservice,currencyservice,0,0,0,0,0,0,0
2026-10-04T14:02:02Z,cartservice,emailservice,0,0,0,0,0,0,0
2026-10-04T14:02:02Z,cartservice,frontend,0,0,0,0,0,0,0
2026-10-04T14:02:02Z,cartservice,kubernetes,0,0,0,0,0,0,0
2026-10-04T14:02:02Z,cartservice,paymentservice,0,0,0,0,0,0,0
2026-10-04T14:02:02Z,cartservice,productcatalogservice,0,0,0,0,0,0,0
2026-10-04T14:02:02Z,cartservice,recommendationservice,0,0,0,0,0,0,0
2026-10-04T14:02:02Z,cartservice,redis-cart,2,0,0,0,0,0,0
2026-10-04T14:02:02Z,cartservice,shippingservice,0,0,0,0,0,0,0
2026-10-04T14:02:02Z,checkoutservice,adservice,0,0,0,0,0,0,0
2026-10-04T14:02:02Z,checkoutservice,cartservice,0,0,0,0,0,0,0
2026-10-04T14:02:02Z,checkoutservice,checkoutservice,0,0,0,0,0,0,0
2026-10-04T14:02:02Z,checkoutservice,currencyservice,0,0,0,0,0,0,0
2026-10-04T14:02:02Z,checkoutservice,emailservice,0,0,0,0,0,0,0
2026-10-04T14:02:02Z,checkoutservice,frontend,0,0,0,0,0,0,0
2026-10-04T14:02:02Z,checkoutservice,kubernetes,0,0,0,0,0,0,0
2026-10-04T14:02:02Z,checkoutservice,paymentservice,0,0,0,0,0,0,0
2026-10-04T14:02:02Z,checkoutservice,productcatalogservice,0,0,0,0,0,0,0
2026-10-04T14:02:02Z,checkoutservice,recommendationservice,0,0,0,0,0,0,0
2026-10-04T14:02:02Z,checkoutservice,redis-cart,0,0,0,0,0,0,0
2026-10-04T14:02:02Z,checkoutservice,shippingservice,0,0,0,0,0,0,0
2026-10-04T14:02:02Z,currencyservice,adservice,0,0,0,0,0,0,0
2026-10-04T14:02:02Z,currencyservice,cartservice,0,0,0,0,0,0,0
2026-10-04T14:02:02Z,currencyservice,checkoutservice,0,0,0,0,0,0,0
2026-10-04T14:02:02Z,currencyservice,currencyservice,0,0,0,0,0,0,0
2026-10-04T14:02:02Z,currencyservice,emailservice,0,0,0,0,0,0,0
2026-10-04T14:02:02Z,currencyservice,frontend,0,0,0,0,0,0,0
2026-10-04T14:02:02Z,currencyservice,kubernetes,0,0,0,0,0,0,0
2026-10-04T14:02:02Z,currencyservice,paymentservice,0,0,0,0,0,0,0
2026-10-04T14:02:02Z,currencyservice,productcatalogservice,0,0,0,0,0,0,0
2026-10-04T14:02:02Z,currencyservice,recommendationservice,0,0,0,0,0,0,0
2026-10-04T14:02:02Z,currencyservice,redis-cart,0,0,0,0,0,0,0
2026-10-04T14:02:02Z,currencyservice,shippingservice,0,0,0,0,0,0,0
2026-10-04T14:02:02Z,emailservice,adservice,0,0,0,0,0,0,0
2026-10-04T14:02:02Z,emailservice,cartservice,0,0,0,0,0,0,0
2026-10-04T14:02:02Z,emailservice,checkoutservice,0,0,0,0,0,0,0
2026-10-04T14:02:02Z,emailservice,currencyservice,0,0,0,0,0,0,0
2026-10-04T14:02:02Z,emailservice,emailservice,0,0,0,0,0,0,0
2026-10-04T14:02:02Z,emailservice,frontend,0,0,0,0,0,0,0
2026-10-04T14:02:02Z,emailservice,kubernetes,0,0,0,0,0,0,0
2026-10-04T14:02:02Z,emailservice,paymentservice,0,0,0,0,0,0,0
2026-10-04T14:02:02Z,emailservice,productcatalogservice,0,0,0,0,0,0,0
2026-10-04T14:02:02Z,emailservice,recommendationservice,0,0,0,0,0,0,0
2026-10-04T14:02:02Z,emailservice,redis-cart,0,0,0,0,0,0,0
2026-10-04T14:02:02Z,emailservice,shippingservice,0,0,0,0,0,0,0
2026-10-04T14:02:02Z,frontend,adservice,773781,773779,0,0,0,2334061,773779
2026-10-04T14:02:02Z,frontend,cartservice,1730573,1730561,0,0,4,9624535,1730561
2026-10-04T14:02:02Z,frontend,checkoutservice,354811,173691,0,34332,146696,55608828,173690
2026-10-04T14:02:02Z,frontend,currencyservice,2749584,2749577,0,0,0,14589993,2749577
2026-10-04T14:02:02Z,frontend,emailservice,0,0,0,0,0,0,0
2026-10-04T14:02:02Z,frontend,frontend,0,0,0,0,0,0,0
2026-10-04T14:02:02Z,frontend,kubernetes,0,0,0,0,0,0,0
2026-10-04T14:02:02Z,frontend,paymentservice,0,0,0,0,0,0,0
2026-10-04T14:02:02Z,frontend,productcatalogservice,7676840,7676779,0,0,0,52315430,7676779
2026-10-04T14:02:02Z,frontend,recommendationservice,2523996,1524786,0,104145,892890,769956520,1524786
2026-10-04T14:02:02Z,frontend,redis-cart,0,0,0,0,0,0,0
2026-10-04T14:02:02Z,frontend,shippingservice,283787,283785,0,0,0,858241,283785
2026-10-04T14:02:02Z,paymentservice,adservice,0,0,0,0,0,0,0
2026-10-04T14:02:02Z,paymentservice,cartservice,0,0,0,0,0,0,0
2026-10-04T14:02:02Z,paymentservice,checkoutservice,0,0,0,0,0,0,0
2026-10-04T14:02:02Z,paymentservice,currencyservice,0,0,0,0,0,0,0
2026-10-04T14:02:02Z,paymentservice,emailservice,0,0,0,0,0,0,0
2026-10-04T14:02:02Z,paymentservice,frontend,0,0,0,0,0,0,0
2026-10-04T14:02:02Z,paymentservice,kubernetes,0,0,0,0,0,0,0
2026-10-04T14:02:02Z,paymentservice,paymentservice,0,0,0,0,0,0,0
2026-10-04T14:02:02Z,paymentservice,productcatalogservice,0,0,0,0,0,0,0
2026-10-04T14:02:02Z,paymentservice,recommendationservice,0,0,0,0,0,0,0
2026-10-04T14:02:02Z,paymentservice,redis-cart,0,0,0,0,0,0,0
2026-10-04T14:02:02Z,paymentservice,shippingservice,0,0,0,0,0,0,0
2026-10-04T14:02:02Z,productcatalogservice,adservice,0,0,0,0,0,0,0
2026-10-04T14:02:02Z,productcatalogservice,cartservice,0,0,0,0,0,0,0
2026-10-04T14:02:02Z,productcatalogservice,checkoutservice,0,0,0,0,0,0,0
2026-10-04T14:02:02Z,productcatalogservice,currencyservice,0,0,0,0,0,0,0
2026-10-04T14:02:02Z,productcatalogservice,emailservice,0,0,0,0,0,0,0
2026-10-04T14:02:02Z,productcatalogservice,frontend,0,0,0,0,0,0,0
2026-10-04T14:02:02Z,productcatalogservice,kubernetes,0,0,0,0,0,0,0
2026-10-04T14:02:02Z,productcatalogservice,paymentservice,0,0,0,0,0,0,0
2026-10-04T14:02:02Z,productcatalogservice,productcatalogservice,0,0,0,0,0,0,0
2026-10-04T14:02:02Z,productcatalogservice,recommendationservice,0,0,0,0,0,0,0
2026-10-04T14:02:02Z,productcatalogservice,redis-cart,0,0,0,0,0,0,0
2026-10-04T14:02:02Z,productcatalogservice,shippingservice,0,0,0,0,0,0,0
2026-10-04T14:02:02Z,recommendationservice,adservice,0,0,0,0,0,0,0
2026-10-04T14:02:02Z,recommendationservice,cartservice,0,0,0,0,0,0,0
2026-10-04T14:02:02Z,recommendationservice,checkoutservice,0,0,0,0,0,0,0
2026-10-04T14:02:02Z,recommendationservice,currencyservice,0,0,0,0,0,0,0
2026-10-04T14:02:02Z,recommendationservice,emailservice,0,0,0,0,0,0,0
2026-10-04T14:02:02Z,recommendationservice,frontend,0,0,0,0,0,0,0
2026-10-04T14:02:02Z,recommendationservice,kubernetes,0,0,0,0,0,0,0
2026-10-04T14:02:02Z,recommendationservice,paymentservice,0,0,0,0,0,0,0
2026-10-04T14:02:02Z,recommendationservice,productcatalogservice,0,0,0,0,0,0,0
2026-10-04T14:02:02Z,recommendationservice,recommendationservice,0,0,0,0,0,0,0
2026-10-04T14:02:02Z,recommendationservice,redis-cart,0,0,0,0,0,0,0
2026-10-04T14:02:02Z,recommendationservice,shippingservice,0,0,0,0,0,0,0
2026-10-04T14:02:02Z,redis-cart,adservice,0,0,0,0,0,0,0
2026-10-04T14:02:02Z,redis-cart,cartservice,0,0,0,0,0,0,0
2026-10-04T14:02:02Z,redis-cart,checkoutservice,0,0,0,0,0,0,0
2026-10-04T14:02:02Z,redis-cart,currencyservice,0,0,0,0,0,0,0
2026-10-04T14:02:02Z,redis-cart,emailservice,0,0,0,0,0,0,0
2026-10-04T14:02:02Z,redis-cart,frontend,0,0,0,0,0,0,0
2026-10-04T14:02:02Z,redis-cart,kubernetes,0,0,0,0,0,0,0
2026-10-04T14:02:02Z,redis-cart,paymentservice,0,0,0,0,0,0,0
2026-10-04T14:02:02Z,redis-cart,productcatalogservice,0,0,0,0,0,0,0
2026-10-04T14:02:02Z,redis-cart,recommendationservice,0,0,0,0,0,0,0
2026-10-04T14:02:02Z,redis-cart,redis-cart,0,0,0,0,0,0,0
2026-10-04T14:02:02Z,redis-cart,shippingservice,0,0,0,0,0,0,0
2026-10-04T14:02:02Z,shippingservice,adservice,0,0,0,0,0,0,0
2026-10-04T14:02:02Z,shippingservice,cartservice,0,0,0,0,0,0,0
2026-10-04T14:02:02Z,shippingservice,checkoutservice,0,0,0,0,0,0,0
2026-10-04T14:02:02Z,shippingservice,currencyservice,0,0,0,0,0,0,0
2026-10-04T14:02:02Z,shippingservice,emailservice,0,0,0,0,0,0,0
2026-10-04T14:02:02Z,shippingservice,frontend,0,0,0,0,0,0,0
2026-10-04T14:02:02Z,shippingservice,kubernetes,0,0,0,0,0,0,0
2026-10-04T14:02:02Z,shippingservice,paymentservice,0,0,0,0,0,0,0
2026-10-04T14:02:02Z,shippingservice,productcatalogservice,0,0,0,0,0,0,0
2026-10-04T14:02:02Z,shippingservice,recommendationservice,0,0,0,0,0,0,0
2026-10-04T14:02:02Z,shippingservice,redis-cart,0,0,0,0,0,0,0
2026-10-04T14:02:02Z,shippingservice,shippingservice,0,0,0,0,0,0,0
2026-10-04T14:02:03Z,adservice,adservice,0,0,0,0,0,0,0
2026-10-04T14:02:03Z,adservice,cartservice,0,0,0,0,0,0,0
2026-10-04T14:02:03Z,adservice,checkoutservice,0,0,0,0,0,0,0
2026-10-04T14:02:03Z,adservice,currencyservice,0,0,0,0,0,0,0
2026-10-04T14:02:03Z,adservice,emailservice,0,0,0,0,0,0,0
2026-10-04T14:02:03Z,adservice,frontend,0,0,0,0,0,0,0
2026-10-04T14:02:03Z,adservice,kubernetes,0,0,0,0,0,0,0
2026-10-04T14:02:03Z,adservice,paymentservice,0,0,0,0,0,0,0
2026-10-04T14:02:03Z,adservice,productcatalogservice,0,0,0,0,0,0,0
2026-10-04T14:02:03Z,adservice,recommendationservice,0,0,0,0,0,0,0
2026-10-04T14:02:03Z,adservice,redis-cart,0,0,0,0,0,0,0
2026-10-04T14:02:03Z,adservice,shippingservice,0,0,0,0,0,0,0
2026-10-04T14:02:03Z,cartservice,adservice,0,0,0,0,0,0,0
2026-10-04T14:02:03Z,cartservice,cartservice,0,0,0,0,0,0,0
2026-10-04T14:02:03Z,cartservice,checkoutservice,0,0,0,0,0,0,0
2026-10-04T14:02:03Z,cartservice,currencyservice,0,0,0,0,0,0,0
2026-10-04T14:02:03Z,cartservice,emailservice,0,0,0,0,0,0,0
2026-10-04T14:02:03Z,cartservice,frontend,0,0,0,0,0,0,0
2026-10-04T14:02:03Z,cartservice,kubernetes,0,0,0,0,0,0,0
2026-10-04T14:02:03Z,cartservice,paymentservice,0,0,0,0,0,0,0
2026-10-04T14:02:03Z,cartservice,productcatalogservice,0,0,0,0,0,0,0
2026-10-04T14:02:03Z,cartservice,recommendationservice,0,0,0,0,0,0,0
2026-10-04T14:02:03Z,cartservice,redis-cart,2,0,0,0,0,0,0
2026-10-04T14:02:03Z,cartservice,shippingservice,0,0,0,0,0,0,0
2026-10-04T14:02:03Z,checkoutservice,adservice,0,0,0,0,0,0,0
2026-10-04T14:02:03Z,checkoutservice,cartservice,0,0,0,0,0,0,0
2026-10-04T14:02:03Z,checkoutservice,checkoutservice,0,0,0,0,0,0,0
2026-10-04T14:02:03Z,checkoutservice,currencyservice,0,0,0,0,0,0,0
2026-10-04T14:02:03Z,checkoutservice,emailservice,0,0,0,0,0,0,0
2026-10-04T14:02:03Z,checkoutservice,frontend,0,0,0,0,0,0,0
2026-10-04T14:02:03Z,checkoutservice,kubernetes,0,0,0,0,0,0,0
2026-10-04T14:02:03Z,checkoutservice,paymentservice,0,0,0,0,0,0,0
2026-10-04T14:02:03Z,checkoutservice,productcatalogservice,0,0,0,0,0,0,0
2026-10-04T14:02:03Z,checkoutservice,recommendationservice,0,0,0,0,0,0,0
2026-10-04T14:02:03Z,checkoutservice,redis-cart,0,0,0,0,0,0,0
2026-10-04T14:02:03Z,checkoutservice,shippingservice,0,0,0,0,0,0,0
2026-10-04T14:02:03Z,currencyservice,adservice,0,0,0,0,0,0,0
2026-10-04T14:02:03Z,currencyservice,cartservice,0,0,0,0,0,0,0
2026-10-04T14:02:03Z,currencyservice,checkoutservice,0,0,0,0,0,0,0
2026-10-04T14:02:03Z,currencyservice,currencyservice,0,0,0,0,0,0,0
2026-10-04T14:02:03Z,currencyservice,emailservice,0,0,0,0,0,0,0
2026-10-04T14:02:03Z,currencyservice,frontend,0,0,0,0,0,0,0
2026-10-04T14:02:03Z,currencyservice,kubernetes,0,0,0,0,0,0,0
2026-10-04T14:02:03Z,currencyservice,paymentservice,0,0,0,0,0,0,0
2026-10-04T14:02:03Z,currencyservice,productcatalogservice,0,0,0,0,0,0,0
2026-10-04T14:02:03Z,currencyservice,recommendationservice,0,0,0,0,0,0,0
2026-10-04T14:02:03Z,currencyservice,redis-cart,0,0,0,0,0,0,0
2026-10-04T14:02:03Z,currencyservice,shippingservice,0,0,0,0,0,0,0
2026-10-04T14:02:03Z,emailservice,adservice,0,0,0,0,0,0,0
2026-10-04T14:02:03Z,emailservice,cartservice,0,0,0,0,0,0,0
2026-10-04T14:02:03Z,emailservice,checkoutservice,0,0,0,0,0,0,0
2026-10-04T14:02:03Z,emailservice,currencyservice,0,0,0,0,0,0,0
2026-10-04T14:02:03Z,emailservice,emailservice,0,0,0,0,0,0,0
2026-10-04T14:02:03Z,emailservice,frontend,0,0,0,0,0,0,0
2026-10-04T14:02:03Z,emailservice,kubernetes,0,0,0,0,0,0,0
2026-10-04T14:02:03Z,emailservice,paymentservice,0,0,0,0,0,0,0
2026-10-04T14:02:03Z,emailservice,productcatalogservice,0,0,0,0,0,0,0
2026-10-04T14:02:03Z,emailservice,recommendationservice,0,0,0,0,0,0,0
2026-10-04T14:02:03Z,emailservice,redis-cart,0,0,0,0,0,0,0
2026-10-04T14:02:03Z,emailservice,shippingservice,0,0,0,0,0,0,0
2026-10-04T14:02:03Z,frontend,adservice,773781,773779,0,0,0,2334061,773779
2026-10-04T14:02:03Z,frontend,cartservice,1730573,1730561,0,0,4,9624535,1730561
2026-10-04T14:02:03Z,frontend,checkoutservice,354811,173691,0,34332,146696,55608828,173690
2026-10-04T14:02:03Z,frontend,currencyservice,2749584,2749577,0,0,0,14589993,2749577
2026-10-04T14:02:03Z,frontend,emailservice,0,0,0,0,0,0,0
2026-10-04T14:02:03Z,frontend,frontend,0,0,0,0,0,0,0
2026-10-04T14:02:03Z,frontend,kubernetes,0,0,0,0,0,0,0
2026-10-04T14:02:03Z,frontend,paymentservice,0,0,0,0,0,0,0
2026-10-04T14:02:03Z,frontend,productcatalogservice,7676840,7676779,0,0,0,52315430,7676779
2026-10-04T14:02:03Z,frontend,recommendationservice,2523996,1524786,0,104145,892890,769956520,1524786
2026-10-04T14:02:03Z,frontend,redis-cart,0,0,0,0,0,0,0
2026-10-04T14:02:03Z,frontend,shippingservice,283787,283785,0,0,0,858241,283785
2026-10-04T14:02:03Z,paymentservice,adservice,0,0,0,0,0,0,0
2026-10-04T14:02:03Z,paymentservice,cartservice,0,0,0,0,0,0,0
2026-10-04T14:02:03Z,paymentservice,checkoutservice,0,0,0,0,0,0,0
2026-10-04T14:02:03Z,paymentservice,currencyservice,0,0,0,0,0,0,0
2026-10-04T14:02:03Z,paymentservice,emailservice,0,0,0,0,0,0,0
2026-10-04T14:02:03Z,paymentservice,frontend,0,0,0,0,0,0,0
2026-10-04T14:02:03Z,paymentservice,kubernetes,0,0,0,0,0,0,0
2026-10-04T14:02:03Z,paymentservice,paymentservice,0,0,0,0,0,0,0
2026-10-04T14:02:03Z,paymentservice,productcatalogservice,0,0,0,0,0,0,0
2026-10-04T14:02:03Z,paymentservice,recommendationservice,0,0,0,0,0,0,0
2026-10-04T14:02:03Z,paymentservice,redis-cart,0,0,0,0,0,0,0
2026-10-04T14:02:03Z,paymentservice,shippingservice,0,0,0,0,0,0,0
2026-10-04T14:02:03Z,productcatalogservice,adservice,0,0,0,0,0,0,0
2026-10-04T14:02:03Z,productcatalogservice,cartservice,0,0,0,0,0,0,0
2026-10-04T14:02:03Z,productcatalogservice,checkoutservice,0,0,0,0,0,0,0
2026-10-04T14:02:03Z,productcatalogservice,currencyservice,0,0,0,0,0,0,0
2026-10-04T14:02:03Z,productcatalogservice,emailservice,0,0,0,0,0,0,0
2026-10-04T14:02:03Z,productcatalogservice,frontend,0,0,0,0,0,0,0
2026-10-04T14:02:03Z,productcatalogservice,kubernetes,0,0,0,0,0,0,0
2026-10-04T14:02:03Z,productcatalogservice,paymentservice,0,0,0,0,0,0,0
2026-10-04T14:02:03Z,productcatalogservice,productcatalogservice,0,0,0,0,0,0,0
2026-10-04T14:02:03Z,productcatalogservice,recommendationservice,0,0,0,0,0,0,0
2026-10-04T14:02:03Z,productcatalogservice,redis-cart,0,0,0,0,0,0,0
2026-10-04T14:02:03Z,productcatalogservice,shippingservice,0,0,0,0,0,0,0
2026-10-04T14:02:03Z,recommendationservice,adservice,0,0,0,0,0,0,0
2026-10-04T14:02:03Z,recommendationservice,cartservice,0,0,0,0,0,0,0
2026-10-04T14:02:03Z,recommendationservice,checkoutservice,0,0,0,0,0,0,0
2026-10-04T14:02:03Z,recommendationservice,currencyservice,0,0,0,0,0,0,0
2026-10-04T14:02:03Z,recommendationservice,emailservice,0,0,0,0,0,0,0
2026-10-04T14:02:03Z,recommendationservice,frontend,0,0,0,0,0,0,0
2026-10-04T14:02:03Z,recommendationservice,kubernetes,0,0,0,0,0,0,0
2026-10-04T14:02:03Z,recommendationservice,paymentservice,0,0,0,0,0,0,0
2026-10-04T14:02:03Z,recommendationservice,productcatalogservice,0,0,0,0,0,0,0
2026-10-04T14:02:03Z,recommendationservice,recommendationservice,0,0,0,0,0,0,0
2026-10-04T14:02:03Z,recommendationservice,redis-cart,0,0,0,0,0,0,0
2026-10-04T14:02:03Z,recommendationservice,shippingservice,0,0,0,0,0,0,0
2026-10-04T14:02:03Z,redis-cart,adservice,0,0,0,0,0,0,0
2026-10-04T14:02:03Z,redis-cart,cartservice,0,0,0,0,0,0,0
2026-10-04T14:02:03Z,redis-cart,checkoutservice,0,0,0,0,0,0,0
2026-10-04T14:02:03Z,redis-cart,currencyservice,0,0,0,0,0,0,0
2026-10-04T14:02:03Z,redis-cart,emailservice,0,0,0,0,0,0,0
2026-10-04T14:02:03Z,redis-cart,frontend,0,0,0,0,0,0,0
2026-10-04T14:02:03Z,redis-cart,kubernetes,0,0,0,0,0,0,0
2026-10-04T14:02:03Z,redis-cart,paymentservice,0,0,0,0,0,0,0
2026-10-04T14:02:03Z,redis-cart,productcatalogservice,0,0,0,0,0,0,0
2026-10-04T14:02:03Z,redis-cart,recommendationservice,0,0,0,0,0,0,0
2026-10-04T14:02:03Z,redis-cart,redis-cart,0,0,0,0,0,0,0
2026-10-04T14:02:03Z,redis-cart,shippingservice,0,0,0,0,0,0,0
2026-10-04T14:02:03Z,shippingservice,adservice,0,0,0,0,0,0,0
2026-10-04T14:02:03Z,shippingservice,cartservice,0,0,0,0,0,0,0
2026-10-04T14:02:03Z,shippingservice,checkoutservice,0,0,0,0,0,0,0
2026-10-04T14:02:03Z,shippingservice,currencyservice,0,0,0,0,0,0,0
2026-10-04T14:02:03Z,shippingservice,emailservice,0,0,0,0,0,0,0
2026-10-04T14:02:03Z,shippingservice,frontend,0,0,0,0,0,0,0
2026-10-04T14:02:03Z,shippingservice,kubernetes,0,0,0,0,0,0,0
2026-10-04T14:02:03Z,shippingservice,paymentservice,0,0,0,0,0,0,0
2026-10-04T14:02:03Z,shippingservice,productcatalogservice,0,0,0,0,0,0,0
2026-10-04T14:02:03Z,shippingservice,recommendationservice,0,0,0,0,0,0,0
2026-10-04T14:02:03Z,shippingservice,redis-cart,0,0,0,0,0,0,0
2026-10-04T14:02:03Z,shippingservice,shippingservice,0,0,0,0,0,0,0
2026-10-04T14:02:04Z,adservice,adservice,0,0,0,0,0,0,0
2026-10-04T14:02:04Z,adservice,cartservice,0,0,0,0,0,0,0
2026-10-04T14:02:04Z,adservice,checkoutservice,0,0,0,0,0,0,0
2026-10-04T14:02:04Z,adservice,currencyservice,0,0,0,0,0,0,0
2026-10-04T14:02:04Z,adservice,emailservice,0,0,0,0,0,0,0
2026-10-04T14:02:04Z,adservice,frontend,0,0,0,0,0,0,0
2026-10-04T14:02:04Z,adservice,kubernetes,0,0,0,0,0,0,0
2026-10-04T14:02:04Z,adservice,paymentservice,0,0,0,0,0,0,0
2026-10-04T14:02:04Z,adservice,productcatalogservice,0,0,0,0,0,0,0
2026-10-04T14:02:04Z,adservice,recommendationservice,0,0,0,0,0,0,0
2026-10-04T14:02:04Z,adservice,redis-cart,0,0,0,0,0,0,0
2026-10-04T14:02:04Z,adservice,shippingservice,0,0,0,0,0,0,0
2026-10-04T14:02:04Z,cartservice,adservice,0,0,0,0,0,0,0
2026-10-04T14:02:04Z,cartservice,cartservice,0,0,0,0,0,0,0
2026-10-04T14:02:04Z,cartservice,checkoutservice,0,0,0,0,0,0,0
2026-10-04T14:02:04Z,cartservice,currencyservice,0,0,0,0,0,0,0
2026-10-04T14:02:04Z,cartservice,emailservice,0,0,0,0,0,0,0
2026-10-04T14:02:04Z,cartservice,frontend,0,0,0,0,0,0,0
2026-10-04T14:02:04Z,cartservice,kubernetes,0,0,0,0,0,0,0
2026-10-04T14:02:04Z,cartservice,paymentservice,0,0,0,0,0,0,0
2026-10-04T14:02:04Z,cartservice,productcatalogservice,0,0,0,0,0,0,0
2026-10-04T14:02:04Z,cartservice,recommendationservice,0,0,0,0,0,0,0
2026-10-04T14:02:04Z,cartservice,redis-cart,2,0,0,0,0,0,0
2026-10-04T14:02:04Z,cartservice,shippingservice,0,0,0,0,0,0,0
2026-10-04T14:02:04Z,checkoutservice,adservice,0,0,0,0,0,0,0
2026-10-04T14:02:04Z,checkoutservice,cartservice,0,0,0,0,0,0,0
2026-10-04T14:02:04Z,checkoutservice,checkoutservice,0,0,0,0,0,0,0
2026-10-04T14:02:04Z,checkoutservice,currencyservice,0,0,0,0,0,0,0
2026-10-04T14:02:04Z,checkoutservice,emailservice,0,0,0,0,0,0,0
2026-10-04T14:02:04Z,checkoutservice,frontend,0,0,0,0,0,0,0
2026-10-04T14:02:04Z,checkoutservice,kubernetes,0,0,0,0,0,0,0
2026-10-04T14:02:04Z,checkoutservice,paymentservice,0,0,0,0,0,0,0
2026-10-04T14:02:04Z,checkoutservice,productcatalogservice,0,0,0,0,0,0,0
2026-10-04T14:02:04Z,checkoutservice,recommendationservice,0,0,0,0,0,0,0
2026-10-04T14:02:04Z,checkoutservice,redis-cart,0,0,0,0,0,0,0
2026-10-04T14:02:04Z,checkoutservice,shippingservice,0,0,0,0,0,0,0
2026-10-04T14:02:04Z,currencyservice,adservice,0,0,0,0,0,0,0
2026-10-04T14:02:04Z,currencyservice,cartservice,0,0,0,0,0,0,0
2026-10-04T14:02:04Z,currencyservice,checkoutservice,0,0,0,0,0,0,0
2026-10-04T14:02:04Z,currencyservice,currencyservice,0,0,0,0,0,0,0
2026-10-04T14:02:04Z,currencyservice,emailservice,0,0,0,0,0,0,0
2026-10-04T14:02:04Z,currencyservice,frontend,0,0,0,0,0,0,0
2026-10-04T14:02:04Z,currencyservice,kubernetes,0,0,0,0,0,0,0
2026-10-04T14:02:04Z,currencyservice,paymentservice,0,0,0,0,0,0,0
2026-10-04T14:02:04Z,currencyservice,productcatalogservice,0,0,0,0,0,0,0
2026-10-04T14:02:04Z,currencyservice,recommendationservice,0,0,0,0,0,0,0
2026-10-04T14:02:04Z,currencyservice,redis-cart,0,0,0,0,0,0,0
2026-10-04T14:02:04Z,currencyservice,shippingservice,0,0,0,0,0,0,0
2026-10-04T14:02:04Z,emailservice,adservice,0,0,0,0,0,0,0
2026-10-04T14:02:04Z,emailservice,cartservice,0,0,0,0,0,0,0
2026-10-04T14:02:04Z,emailservice,checkoutservice,0,0,0,0,0,0,0
2026-10-04T14:02:04Z,emailservice,currencyservice,0,0,0,0,0,0,0
2026-10-04T14:02:04Z,emailservice,emailservice,0,0,0,0,0,0,0
2026-10-04T14:02:04Z,emailservice,frontend,0,0,0,0,0,0,0
2026-10-04T14:02:04Z,emailservice,kubernetes,0,0,0,0,0,0,0
2026-10-04T14:02:04Z,emailservice,paymentservice,0,0,0,0,0,0,0
2026-10-04T14:02:04Z,emailservice,productcatalogservice,0,0,0,0,0,0,0
2026-10-04T14:02:04Z,emailservice,recommendationservice,0,0,0,0,0,0,0
2026-10-04T14:02:04Z,emailservice,redis-cart,0,0,0,0,0,0,0
2026-10-04T14:02:04Z,emailservice,shippingservice,0,0,0,0,0,0,0
2026-10-04T14:02:04Z,frontend,adservice,773781,773779,0,0,0,2334061,773779
2026-10-04T14:02:04Z,frontend,cartservice,1730573,1730561,0,0,4,9624535,1730561
2026-10-04T14:02:04Z,frontend,checkoutservice,354811,173691,0,34332,146696,55608828,173690
2026-10-04T14:02:04Z,frontend,currencyservice,2749584,2749577,0,0,0,14589993,2749577
2026-10-04T14:02:04Z,frontend,emailservice,0,0,0,0,0,0,0
2026-10-04T14:02:04Z,frontend,frontend,0,0,0,0,0,0,0
2026-10-04T14:02:04Z,frontend,kubernetes,0,0,0,0,0,0,0
2026-10-04T14:02:04Z,frontend,paymentservice,0,0,0,0,0,0,0
2026-10-04T14:02:04Z,frontend,productcatalogservice,7676840,7676779,0,0,0,52315430,7676779
2026-10-04T14:02:04Z,frontend,recommendationservice,2523996,1524786,0,104145,892890,769956520,1524786
2026-10-04T14:02:04Z,frontend,redis-cart,0,0,0,0,0,0,0
2026-10-04T14:02:04Z,frontend,shippingservice,283787,283785,0,0,0,858241,283785
2026-10-04T14:02:04Z,paymentservice,adservice,0,0,0,0,0,0,0
2026-10-04T14:02:04Z,paymentservice,cartservice,0,0,0,0,0,0,0
2026-10-04T14:02:04Z,paymentservice,checkoutservice,0,0,0,0,0,0,0
2026-10-04T14:02:04Z,paymentservice,currencyservice,0,0,0,0,0,0,0
2026-10-04T14:02:04Z,paymentservice,emailservice,0,0,0,0,0,0,0
2026-10-04T14:02:04Z,paymentservice,frontend,0,0,0,0,0,0,0
2026-10-04T14:02:04Z,paymentservice,kubernetes,0,0,0,0,0,0,0
2026-10-04T14:02:04Z,paymentservice,paymentservice,0,0,0,0,0,0,0
2026-10-04T14:02:04Z,paymentservice,productcatalogservice,0,0,0,0,0,0,0
2026-10-04T14:02:04Z,paymentservice,recommendationservice,0,0,0,0,0,0,0
2026-10-04T14:02:04Z,paymentservice,redis-cart,0,0,0,0,0,0,0
2026-10-04T14:02:04Z,paymentservice,shippingservice,0,0,0,0,0,0,0
2026-10-04T14:02:04Z,productcatalogservice,adservice,0,0,0,0,0,0,0
2026-10-04T14:02:04Z,productcatalogservice,cartservice,0,0,0,0,0,0,0
2026-10-04T14:02:04Z,productcatalogservice,checkoutservice,0,0,0,0,0,0,0
2026-10-04T14:02:04Z,productcatalogservice,currencyservice,0,0,0,0,0,0,0
2026-10-04T14:02:04Z,productcatalogservice,emailservice,0,0,0,0,0,0,0
2026-10-04T14:02:04Z,productcatalogservice,frontend,0,0,0,0,0,0,0
2026-10-04T14:02:04Z,productcatalogservice,kubernetes,0,0,0,0,0,0,0
2026-10-04T14:02:04Z,productcatalogservice,paymentservice,0,0,0,0,0,0,0
2026-10-04T14:02:04Z,productcatalogservice,productcatalogservice,0,0,0,0,0,0,0
2026-10-04T14:02:04Z,productcatalogservice,recommendationservice,0,0,0,0,0,0,0
2026-10-04T14:02:04Z,productcatalogservice,redis-cart,0,0,0,0,0,0,0
2026-10-04T14:02:04Z,productcatalogservice,shippingservice,0,0,0,0,0,0,0
2026-10-04T14:02:04Z,recommendationservice,adservice,0,0,0,0,0,0,0
2026-10-04T14:02:04Z,recommendationservice,cartservice,0,0,0,0,0,0,0
2026-10-04T14:02:04Z,recommendationservice,checkoutservice,0,0,0,0,0,0,0
2026-10-04T14:02:04Z,recommendationservice,currencyservice,0,0,0,0,0,0,0
2026-10-04T14:02:04Z,recommendationservice,emailservice,0,0,0,0,0,0,0
2026-10-04T14:02:04Z,recommendationservice,frontend,0,0,0,0,0,0,0
2026-10-04T14:02:04Z,recommendationservice,kubernetes,0,0,0,0,0,0,0
2026-10-04T14:02:04Z,recommendationservice,paymentservice,0,0,0,0,0,0,0
2026-10-04T14:02:04Z,recommendationservice,productcatalogservice,0,0,0,0,0,0,0
2026-10-04T14:02:04Z,recommendationservice,recommendationservice,0,0,0,0,0,0,0
2026-10-04T14:02:04Z,recommendationservice,redis-cart,0,0,0,0,0,0,0
2026-10-04T14:02:04Z,recommendationservice,shippingservice,0,0,0,0,0,0,0
2026-10-04T14:02:04Z,redis-cart,adservice,0,0,0,0,0,0,0
2026-10-04T14:02:04Z,redis-cart,cartservice,0,0,0,0,0,0,0
2026-10-04T14:02:04Z,redis-cart,checkoutservice,0,0,0,0,0,0,0
2026-10-04T14:02:04Z,redis-cart,currencyservice,0,0,0,0,0,0,0
2026-10-04T14:02:04Z,redis-cart,emailservice,0,0,0,0,0,0,0
2026-10-04T14:02:04Z,redis-cart,frontend,0,0,0,0,0,0,0
2026-10-04T14:02:04Z,redis-cart,kubernetes,0,0,0,0,0,0,0
2026-10-04T14:02:04Z,redis-cart,paymentservice,0,0,0,0,0,0,0
2026-10-04T14:02:04Z,redis-cart,productcatalogservice,0,0,0,0,0,0,0
2026-10-04T14:02:04Z,redis-cart,recommendationservice,0,0,0,0,0,0,0
2026-10-04T14:02:04Z,redis-cart,redis-cart,0,0,0,0,0,0,0
2026-10-04T14:02:04Z,redis-cart,shippingservice,0,0,0,0,0,0,0
2026-10-04T14:02:04Z,shippingservice,adservice,0,0,0,0,0,0,0
2026-10-04T14:02:04Z,shippingservice,cartservice,0,0,0,0,0,0,0
2026-10-04T14:02:04Z,shippingservice,checkoutservice,0,0,0,0,0,0,0
2026-10-04T14:02:04Z,shippingservice,currencyservice,0,0,0,0,0,0,0
2026-10-04T14:02:04Z,shippingservice,emailservice,0,0,0,0,0,0,0
2026-10-04T14:02:04Z,shippingservice,frontend,0,0,0,0,0,0,0
2026-10-04T14:02:04Z,shippingservice,kubernetes,0,0,0,0,0,0,0
2026-10-04T14:02:04Z,shippingservice,paymentservice,0,0,0,0,0,0,0
2026-10-04T14:02:04Z,shippingservice,productcatalogservice,0,0,0,0,0,0,0
2026-10-04T14:02:04Z,shippingservice,recommendationservice,0,0,0,0,0,0,0
2026-10-04T14:02:04Z,shippingservice,redis-cart,0,0,0,0,0,0,0
2026-10-04T14:02:04Z,shippingservice,shippingservice,0,0,0,0,0,0,0
2026-10-04T14:02:05Z,adservice,adservice,0,0,0,0,0,0,0
2026-10-04T14:02:05Z,adservice,cartservice,0,0,0,0,0,0,0
2026-10-04T14:02:05Z,adservice,checkoutservice,0,0,0,0,0,0,0
2026-10-04T14:02:05Z,adservice,currencyservice,0,0,0,0,0,0,0
2026-10-04T14:02:05Z,adservice,emailservice,0,0,0,0,0,0,0
2026-10-04T14:02:05Z,adservice,frontend,0,0,0,0,0,0,0
2026-10-04T14:02:05Z,adservice,kubernetes,0,0,0,0,0,0,0
2026-10-04T14:02:05Z,adservice,paymentservice,0,0,0,0,0,0,0
2026-10-04T14:02:05Z,adservice,productcatalogservice,0,0,0,0,0,0,0
2026-10-04T14:02:05Z,adservice,recommendationservice,0,0,0,0,0,0,0
2026-10-04T14:02:05Z,adservice,redis-cart,0,0,0,0,0,0,0
2026-10-04T14:02:05Z,adservice,shippingservice,0,0,0,0,0,0,0
2026-10-04T14:02:05Z,cartservice,adservice,0,0,0,0,0,0,0
2026-10-04T14:02:05Z,cartservice,cartservice,0,0,0,0,0,0,0
2026-10-04T14:02:05Z,cartservice,checkoutservice,0,0,0,0,0,0,0
2026-10-04T14:02:05Z,cartservice,currencyservice,0,0,0,0,0,0,0
2026-10-04T14:02:05Z,cartservice,emailservice,0,0,0,0,0,0,0
2026-10-04T14:02:05Z,cartservice,frontend,0,0,0,0,0,0,0
2026-10-04T14:02:05Z,cartservice,kubernetes,0,0,0,0,0,0,0
2026-10-04T14:02:05Z,cartservice,paymentservice,0,0,0,0,0,0,0
2026-10-04T14:02:05Z,cartservice,productcatalogservice,0,0,0,0,0,0,0
2026-10-04T14:02:05Z,cartservice,recommendationservice,0,0,0,0,0,0,0
2026-10-04T14:02:05Z,cartservice,redis-cart,2,0,0,0,0,0,0
2026-10-04T14:02:05Z,cartservice,shippingservice,0,0,0,0,0,0,0
2026-10-04T14:02:05Z,checkoutservice,adservice,0,0,0,0,0,0,0
2026-10-04T14:02:05Z,checkoutservice,cartservice,0,0,0,0,0,0,0
2026-10-04T14:02:05Z,checkoutservice,checkoutservice,0,0,0,0,0,0,0
2026-10-04T14:02:05Z,checkoutservice,currencyservice,0,0,0,0,0,0,0
2026-10-04T14:02:05Z,checkoutservice,emailservice,0,0,0,0,0,0,0
2026-10-04T14:02:05Z,checkoutservice,frontend,0,0,0,0,0,0,0
2026-10-04T14:02:05Z,checkoutservice,kubernetes,0,0,0,0,0,0,0
2026-10-04T14:02:05Z,checkoutservice,paymentservice,0,0,0,0,0,0,0
2026-10-04T14:02:05Z,checkoutservice,productcatalogservice,0,0,0,0,0,0,0
2026-10-04T14:02:05Z,checkoutservice,recommendationservice,0,0,0,0,0,0,0
2026-10-04T14:02:05Z,checkoutservice,redis-cart,0,0,0,0,0,0,0
2026-10-04T14:02:05Z,checkoutservice,shippingservice,0,0,0,0,0,0,0
2026-10-04T14:02:05Z,currencyservice,adservice,0,0,0,0,0,0,0
2026-10-04T14:02:05Z,currencyservice,cartservice,0,0,0,0,0,0,0
2026-10-04T14:02:05Z,currencyservice,checkoutservice,0,0,0,0,0,0,0
2026-10-04T14:02:05Z,currencyservice,currencyservice,0,0,0,0,0,0,0
2026-10-04T14:02:05Z,currencyservice,emailservice,0,0,0,0,0,0,0
2026-10-04T14:02:05Z,currencyservice,frontend,0,0,0,0,0,0,0
2026-10-04T14:02:05Z,currencyservice,kubernetes,0,0,0,0,0,0,0
2026-10-04T14:02:05Z,currencyservice,paymentservice,0,0,0,0,0,0,0
2026-10-04T14:02:05Z,currencyservice,productcatalogservice,0,0,0,0,0,0,0
2026-10-04T14:02:05Z,currencyservice,recommendationservice,0,0,0,0,0,0,0
2026-10-04T14:02:05Z,currencyservice,redis-cart,0,0,0,0,0,0,0
2026-10-04T14:02:05Z,currencyservice,shippingservice,0,0,0,0,0,0,0
2026-10-04T14:02:05Z,emailservice,adservice,0,0,0,0,0,0,0
2026-10-04T14:02:05Z,emailservice,cartservice,0,0,0,0,0,0,0
2026-10-04T14:02:05Z,emailservice,checkoutservice,0,0,0,0,0,0,0
2026-10-04T14:02:05Z,emailservice,currencyservice,0,0,0,0,0,0,0
2026-10-04T14:02:05Z,emailservice,emailservice,0,0,0,0,0,0,0
2026-10-04T14:02:05Z,emailservice,frontend,0,0,0,0,0,0,0
2026-10-04T14:02:05Z,emailservice,kubernetes,0,0,0,0,0,0,0
2026-10-04T14:02:05Z,emailservice,paymentservice,0,0,0,0,0,0,0
2026-10-04T14:02:05Z,emailservice,productcatalogservice,0,0,0,0,0,0,0
2026-10-04T14:02:05Z,emailservice,recommendationservice,0,0,0,0,0,0,0
2026-10-04T14:02:05Z,emailservice,redis-cart,0,0,0,0,0,0,0
2026-10-04T14:02:05Z,emailservice,shippingservice,0,0,0,0,0,0,0
2026-10-04T14:02:05Z,frontend,adservice,773781,773779,0,0,0,2334061,773779
2026-10-04T14:02:05Z,frontend,cartservice,1730573,1730561,0,0,4,9624535,1730561
2026-10-04T14:02:05Z,frontend,checkoutservice,354811,173691,0,34332,146696,55608828,173690
2026-10-04T14:02:05Z,frontend,currencyservice,2749584,2749577,0,0,0,14589993,2749577
2026-10-04T14:02:05Z,frontend,emailservice,0,0,0,0,0,0,0
2026-10-04T14:02:05Z,frontend,frontend,0,0,0,0,0,0,0
2026-10-04T14:02:05Z,frontend,kubernetes,0,0,0,0,0,0,0
2026-10-04T14:02:05Z,frontend,paymentservice,0,0,0,0,0,0,0
2026-10-04T14:02:05Z,frontend,productcatalogservice,7676840,7676779,0,0,0,52315430,7676779
2026-10-04T14:02:05Z,frontend,recommendationservice,2523996,1524786,0,104145,892890,769956520,1524786
2026-10-04T14:02:05Z,frontend,redis-cart,0,0,0,0,0,0,0
2026-10-04T14:02:05Z,frontend,shippingservice,283787,283785,0,0,0,858241,283785
2026-10-04T14:02:05Z,paymentservice,adservice,0,0,0,0,0,0,0
2026-10-04T14:02:05Z,paymentservice,cartservice,0,0,0,0,0,0,0
2026-10-04T14:02:05Z,paymentservice,checkoutservice,0,0,0,0,0,0,0
2026-10-04T14:02:05Z,paymentservice,currencyservice,0,0,0,0,0,0,0
2026-10-04T14:02:05Z,paymentservice,emailservice,0,0,0,0,0,0,0
2026-10-04T14:02:05Z,paymentservice,frontend,0,0,0,0,0,0,0
2026-10-04T14:02:05Z,paymentservice,kubernetes,0,0,0,0,0,0,0
2026-10-04T14:02:05Z,paymentservice,paymentservice,0,0,0,0,0,0,0
2026-10-04T14:02:05Z,paymentservice,productcatalogservice,0,0,0,0,0,0,0
2026-10-04T14:02:05Z,paymentservice,recommendationservice,0,0,0,0,0,0,0
2026-10-04T14:02:05Z,paymentservice,redis-cart,0,0,0,0,0,0,0
2026-10-04T14:02:05Z,paymentservice,shippingservice,0,0,0,0,0,0,0
2026-10-04T14:02:05Z,productcatalogservice,adservice,0,0,0,0,0,0,0
2026-10-04T14:02:05Z,productcatalogservice,cartservice,0,0,0,0,0,0,0
2026-10-04T14:02:05Z,productcatalogservice,checkoutservice,0,0,0,0,0,0,0
2026-10-04T14:02:05Z,productcatalogservice,currencyservice,0,0,0,0,0,0,0
2026-10-04T14:02:05Z,productcatalogservice,emailservice,0,0,0,0,0,0,0
2026-10-04T14:02:05Z,productcatalogservice,frontend,0,0,0,0,0,0,0
2026-10-04T14:02:05Z,productcatalogservice,kubernetes,0,0,0,0,0,0,0
2026-10-04T14:02:05Z,productcatalogservice,paymentservice,0,0,0,0,0,0,0
2026-10-04T14:02:05Z,productcatalogservice,productcatalogservice,0,0,0,0,0,0,0
2026-10-04T14:02:05Z,productcatalogservice,recommendationservice,0,0,0,0,0,0,0
2026-10-04T14:02:05Z,productcatalogservice,redis-cart,0,0,0,0,0,0,0
2026-10-04T14:02:05Z,productcatalogservice,shippingservice,0,0,0,0,0,0,0
2026-10-04T14:02:05Z,recommendationservice,adservice,0,0,0,0,0,0,0
2026-10-04T14:02:05Z,recommendationservice,cartservice,0,0,0,0,0,0,0
2026-10-04T14:02:05Z,recommendationservice,checkoutservice,0,0,0,0,0,0,0
2026-10-04T14:02:05Z,recommendationservice,currencyservice,0,0,0,0,0,0,0
2026-10-04T14:02:05Z,recommendationservice,emailservice,0,0,0,0,0,0,0
2026-10-04T14:02:05Z,recommendationservice,frontend,0,0,0,0,0,0,0
2026-10-04T14:02:05Z,recommendationservice,kubernetes,0,0,0,0,0,0,0
2026-10-04T14:02:05Z,recommendationservice,paymentservice,0,0,0,0,0,0,0
2026-10-04T14:02:05Z,recommendationservice,productcatalogservice,0,0,0,0,0,0,0
2026-10-04T14:02:05Z,recommendationservice,recommendationservice,0,0,0,0,0,0,0
2026-10-04T14:02:05Z,recommendationservice,redis-cart,0,0,0,0,0,0,0
2026-10-04T14:02:05Z,recommendationservice,shippingservice,0,0,0,0,0,0,0
2026-10-04T14:02:05Z,redis-cart,adservice,0,0,0,0,0,0,0
2026-10-04T14:02:05Z,redis-cart,cartservice,0,0,0,0,0,0,0
2026-10-04T14:02:05Z,redis-cart,checkoutservice,0,0,0,0,0,0,0
2026-10-04T14:02:05Z,redis-cart,currencyservice,0,0,0,0,0,0,0
2026-10-04T14:02:05Z,redis-cart,emailservice,0,0,0,0,0,0,0
2026-10-04T14:02:05Z,redis-cart,frontend,0,0,0,0,0,0,0
2026-10-04T14:02:05Z,redis-cart,kubernetes,0,0,0,0,0,0,0
2026-10-04T14:02:05Z,redis-cart,paymentservice,0,0,0,0,0,0,0
2026-10-04T14:02:05Z,redis-cart,productcatalogservice,0,0,0,0,0,0,0
2026-10-04T14:02:05Z,redis-cart,recommendationservice,0,0,0,0,0,0,0
2026-10-04T14:02:05Z,redis-cart,redis-cart,0,0,0,0,0,0,0
2026-10-04T14:02:05Z,redis-cart,shippingservice,0,0,0,0,0,0,0
2026-10-04T14:02:05Z,shippingservice,adservice,0,0,0,0,0,0,0
2026-10-04T14:02:05Z,shippingservice,cartservice,0,0,0,0,0,0,0
2026-10-04T14:02:05Z,shippingservice,checkoutservice,0,0,0,0,0,0,0
2026-10-04T14:02:05Z,shippingservice,currencyservice,0,0,0,0,0,0,0
2026-10-04T14:02:05Z,shippingservice,emailservice,0,0,0,0,0,0,0
2026-10-04T14:02:05Z,shippingservice,frontend,0,0,0,0,0,0,0
2026-10-04T14:02:05Z,shippingservice,kubernetes,0,0,0,0,0,0,0
2026-10-04T14:02:05Z,shippingservice,paymentservice,0,0,0,0,0,0,0
2026-10-04T14:02:05Z,shippingservice,productcatalogservice,0,0,0,0,0,0,0
2026-10-04T14:02:05Z,shippingservice,recommendationservice,0,0,0,0,0,0,0
2026-10-04T14:02:05Z,shippingservice,redis-cart,0,0,0,0,0,0,0
2026-10-04T14:02:05Z,shippingservice,shippingservice,0,0,0,0,0,0,0
2026-10-04T14:02:06Z,adservice,adservice,0,0,0,0,0,0,0
2026-10-04T14:02:06Z,adservice,cartservice,0,0,0,0,0,0,0
2026-10-04T14:02:06Z,adservice,checkoutservice,0,0,0,0,0,0,0
2026-10-04T14:02:06Z,adservice,currencyservice,0,0,0,0,0,0,0
2026-10-04T14:02:06Z,adservice,emailservice,0,0,0,0,0,0,0
2026-10-04T14:02:06Z,adservice,frontend,0,0,0,0,0,0,0
2026-10-04T14:02:06Z,adservice,kubernetes,0,0,0,0,0,0,0
2026-10-04T14:02:06Z,adservice,paymentservice,0,0,0,0,0,0,0
2026-10-04T14:02:06Z,adservice,productcatalogservice,0,0,0,0,0,0,0
2026-10-04T14:02:06Z,adservice,recommendationservice,0,0,0,0,0,0,0
2026-10-04T14:02:06Z,adservice,redis-cart,0,0,0,0,0,0,0
2026-10-04T14:02:06Z,adservice,shippingservice,0,0,0,0,0,0,0
2026-10-04T14:02:06Z,cartservice,adservice,0,0,0,0,0,0,0
2026-10-04T14:02:06Z,cartservice,cartservice,0,0,0,0,0,0,0
2026-10-04T14:02:06Z,cartservice,checkoutservice,0,0,0,0,0,0,0
2026-10-04T14:02:06Z,cartservice,currencyservice,0,0,0,0,0,0,0
2026-10-04T14:02:06Z,cartservice,emailservice,0,0,0,0,0,0,0
2026-10-04T14:02:06Z,cartservice,frontend,0,0,0,0,0,0,0
2026-10-04T14:02:06Z,cartservice,kubernetes,0,0,0,0,0,0,0
2026-10-04T14:02:06Z,cartservice,paymentservice,0,0,0,0,0,0,0
2026-10-04T14:02:06Z,cartservice,productcatalogservice,0,0,0,0,0,0,0
2026-10-04T14:02:06Z,cartservice,recommendationservice,0,0,0,0,0,0,0
2026-10-04T14:02:06Z,cartservice,redis-cart,2,0,0,0,0,0,0
2026-10-04T14:02:06Z,cartservice,shippingservice,0,0,0,0,0,0,0
2026-10-04T14:02:06Z,checkoutservice,adservice,0,0,0,0,0,0,0
2026-10-04T14:02:06Z,checkoutservice,cartservice,0,0,0,0,0,0,0
2026-10-04T14:02:06Z,checkoutservice,checkoutservice,0,0,0,0,0,0,0
2026-10-04T14:02:06Z,checkoutservice,currencyservice,0,0,0,0,0,0,0
2026-10-04T14:02:06Z,checkoutservice,emailservice,0,0,0,0,0,0,0
2026-10-04T14:02:06Z,checkoutservice,frontend,0,0,0,0,0,0,0
2026-10-04T14:02:06Z,checkoutservice,kubernetes,0,0,0,0,0,0,0
2026-10-04T14:02:06Z,checkoutservice,paymentservice,0,0,0,0,0,0,0
2026-10-04T14:02:06Z,checkoutservice,productcatalogservice,0,0,0,0,0,0,0
2026-10-04T14:02:06Z,checkoutservice,recommendationservice,0,0,0,0,0,0,0
2026-10-04T14:02:06Z,checkoutservice,redis-cart,0,0,0,0,0,0,0
2026-10-04T14:02:06Z,checkoutservice,shippingservice,0,0,0,0,0,0,0
2026-10-04T14:02:06Z,currencyservice,adservice,0,0,0,0,0,0,0
2026-10-04T14:02:06Z,currencyservice,cartservice,0,0,0,0,0,0,0
2026-10-04T14:02:06Z,currencyservice,checkoutservice,0,0,0,0,0,0,0
2026-10-04T14:02:06Z,currencyservice,currencyservice,0,0,0,0,0,0,0
2026-10-04T14:02:06Z,currencyservice,emailservice,0,0,0,0,0,0,0
2026-10-04T14:02:06Z,currencyservice,frontend,0,0,0,0,0,0,0
2026-10-04T14:02:06Z,currencyservice,kubernetes,0,0,0,0,0,0,0
2026-10-04T14:02:06Z,currencyservice,paymentservice,0,0,0,0,0,0,0
2026-10-04T14:02:06Z,currencyservice,productcatalogservice,0,0,0,0,0,0,0
2026-10-04T14:02:06Z,currencyservice,recommendationservice,0,0,0,0,0,0,0
2026-10-04T14:02:06Z,currencyservice,redis-cart,0,0,0,0,0,0,0
2026-10-04T14:02:06Z,currencyservice,shippingservice,0,0,0,0,0,0,0
2026-10-04T14:02:06Z,emailservice,adservice,0,0,0,0,0,0,0
2026-10-04T14:02:06Z,emailservice,cartservice,0,0,0,0,0,0,0
2026-10-04T14:02:06Z,emailservice,checkoutservice,0,0,0,0,0,0,0
2026-10-04T14:02:06Z,emailservice,currencyservice,0,0,0,0,0,0,0
2026-10-04T14:02:06Z,emailservice,emailservice,0,0,0,0,0,0,0
2026-10-04T14:02:06Z,emailservice,frontend,0,0,0,0,0,0,0
2026-10-04T14:02:06Z,emailservice,kubernetes,0,0,0,0,0,0,0
2026-10-04T14:02:06Z,emailservice,paymentservice,0,0,0,0,0,0,0
2026-10-04T14:02:06Z,emailservice,productcatalogservice,0,0,0,0,0,0,0
2026-10-04T14:02:06Z,emailservice,recommendationservice,0,0,0,0,0,0,0
2026-10-04T14:02:06Z,emailservice,redis-cart,0,0,0,0,0,0,0
2026-10-04T14:02:06Z,emailservice,shippingservice,0,0,0,0,0,0,0
2026-10-04T14:02:06Z,frontend,adservice,773781,773779,0,0,0,2334061,773779
2026-10-04T14:02:06Z,frontend,cartservice,1730573,1730561,0,0,4,9624535,1730561
2026-10-04T14:02:06Z,frontend,checkoutservice,354811,173691,0,34332,146696,55608828,173690
2026-10-04T14:02:06Z,frontend,currencyservice,2749584,2749577,0,0,0,14589993,2749577
2026-10-04T14:02:06Z,frontend,emailservice,0,0,0,0,0,0,0
2026-10-04T14:02:06Z,frontend,frontend,0,0,0,0,0,0,0
2026-10-04T14:02:06Z,frontend,kubernetes,0,0,0,0,0,0,0
2026-10-04T14:02:06Z,frontend,paymentservice,0,0,0,0,0,0,0
2026-10-04T14:02:06Z,frontend,productcatalogservice,7676840,7676779,0,0,0,52315430,7676779
2026-10-04T14:02:06Z,frontend,recommendationservice,2523996,1524786,0,104145,892890,769956520,1524786
2026-10-04T14:02:06Z,frontend,redis-cart,0,0,0,0,0,0,0
2026-10-04T14:02:06Z,frontend,shippingservice,283787,283785,0,0,0,858241,283785
2026-10-04T14:02:06Z,paymentservice,adservice,0,0,0,0,0,0,0
2026-10-04T14:02:06Z,paymentservice,cartservice,0,0,0,0,0,0,0
2026-10-04T14:02:06Z,paymentservice,checkoutservice,0,0,0,0,0,0,0
2026-10-04T14:02:06Z,paymentservice,currencyservice,0,0,0,0,0,0,0
2026-10-04T14:02:06Z,paymentservice,emailservice,0,0,0,0,0,0,0
2026-10-04T14:02:06Z,paymentservice,frontend,0,0,0,0,0,0,0
2026-10-04T14:02:06Z,paymentservice,kubernetes,0,0,0,0,0,0,0
2026-10-04T14:02:06Z,paymentservice,paymentservice,0,0,0,0,0,0,0
2026-10-04T14:02:06Z,paymentservice,productcatalogservice,0,0,0,0,0,0,0
2026-10-04T14:02:06Z,paymentservice,recommendationservice,0,0,0,0,0,0,0
2026-10-04T14:02:06Z,paymentservice,redis-cart,0,0,0,0,0,0,0
2026-10-04T14:02:06Z,paymentservice,shippingservice,0,0,0,0,0,0,0
2026-10-04T14:02:06Z,productcatalogservice,adservice,0,0,0,0,0,0,0
2026-10-04T14:02:06Z,productcatalogservice,cartservice,0,0,0,0,0,0,0
2026-10-04T14:02:06Z,productcatalogservice,checkoutservice,0,0,0,0,0,0,0
2026-10-04T14:02:06Z,productcatalogservice,currencyservice,0,0,0,0,0,0,0
2026-10-04T14:02:06Z,productcatalogservice,emailservice,0,0,0,0,0,0,0
2026-10-04T14:02:06Z,productcatalogservice,frontend,0,0,0,0,0,0,0
2026-10-04T14:02:06Z,productcatalogservice,kubernetes,0,0,0,0,0,0,0
2026-10-04T14:02:06Z,productcatalogservice,paymentservice,0,0,0,0,0,0,0
2026-10-04T14:02:06Z,productcatalogservice,productcatalogservice,0,0,0,0,0,0,0
2026-10-04T14:02:06Z,productcatalogservice,recommendationservice,0,0,0,0,0,0,0
2026-10-04T14:02:06Z,productcatalogservice,redis-cart,0,0,0,0,0,0,0
2026-10-04T14:02:06Z,productcatalogservice,shippingservice,0,0,0,0,0,0,0
2026-10-04T14:02:06Z,recommendationservice,adservice,0,0,0,0,0,0,0
2026-10-04T14:02:06Z,recommendationservice,cartservice,0,0,0,0,0,0,0
2026-10-04T14:02:06Z,recommendationservice,checkoutservice,0,0,0,0,0,0,0
2026-10-04T14:02:06Z,recommendationservice,currencyservice,0,0,0,0,0,0,0
2026-10-04T14:02:06Z,recommendationservice,emailservice,0,0,0,0,0,0,0
2026-10-04T14:02:06Z,recommendationservice,frontend,0,0,0,0,0,0,0
2026-10-04T14:02:06Z,recommendationservice,kubernetes,0,0,0,0,0,0,0
2026-10-04T14:02:06Z,recommendationservice,paymentservice,0,0,0,0,0,0,0
2026-10-04T14:02:06Z,recommendationservice,productcatalogservice,0,0,0,0,0,0,0
2026-10-04T14:02:06Z,recommendationservice,recommendationservice,0,0,0,0,0,0,0
2026-10-04T14:02:06Z,recommendationservice,redis-cart,0,0,0,0,0,0,0
2026-10-04T14:02:06Z,recommendationservice,shippingservice,0,0,0,0,0,0,0
2026-10-04T14:02:06Z,redis-cart,adservice,0,0,0,0,0,0,0
2026-10-04T14:02:06Z,redis-cart,cartservice,0,0,0,0,0,0,0
2026-10-04T14:02:06Z,redis-cart,checkoutservice,0,0,0,0,0,0,0
2026-10-04T14:02:06Z,redis-cart,currencyservice,0,0,0,0,0,0,0
2026-10-04T14:02:06Z,redis-cart,emailservice,0,0,0,0,0,0,0
2026-10-04T14:02:06Z,redis-cart,frontend,0,0,0,0,0,0,0
2026-10-04T14:02:06Z,redis-cart,kubernetes,0,0,0,0,0,0,0
2026-10-04T14:02:06Z,redis-cart,paymentservice,0,0,0,0,0,0,0
2026-10-04T14:02:06Z,redis-cart,productcatalogservice,0,0,0,0,0,0,0
2026-10-04T14:02:06Z,redis-cart,recommendationservice,0,0,0,0,0,0,0
2026-10-04T14:02:06Z,redis-cart,redis-cart,0,0,0,0,0,0,0
2026-10-04T14:02:06Z,redis-cart,shippingservice,0,0,0,0,0,0,0
2026-10-04T14:02:06Z,shippingservice,adservice,0,0,0,0,0,0,0
2026-10-04T14:02:06Z,shippingservice,cartservice,0,0,0,0,0,0,0
2026-10-04T14:02:06Z,shippingservice,checkoutservice,0,0,0,0,0,0,0
2026-10-04T14:02:06Z,shippingservice,currencyservice,0,0,0,0,0,0,0
2026-10-04T14:02:06Z,shippingservice,emailservice,0,0,0,0,0,0,0
2026-10-04T14:02:06Z,shippingservice,frontend,0,0,0,0,0,0,0
2026-10-04T14:02:06Z,shippingservice,kubernetes,0,0,0,0,0,0,0
2026-10-04T14:02:06Z,shippingservice,paymentservice,0,0,0,0,0,0,0
2026-10-04T14:02:06Z,shippingservice,productcatalogservice,0,0,0,0,0,0,0
2026-10-04T14:02:06Z,shippingservice,recommendationservice,0,0,0,0,0,0,0
2026-10-04T14:02:06Z,shippingservice,redis-cart,0,0,0,0,0,0,0
2026-10-04T14:02:06Z,shippingservice,shippingservice,0,0,0,0,0,0,0
2026-10-04T14:02:07Z,adservice,adservice,0,0,0,0,0,0,0
2026-10-04T14:02:07Z,adservice,cartservice,0,0,0,0,0,0,0
2026-10-04T14:02:07Z,adservice,checkoutservice,0,0,0,0,0,0,0
2026-10-04T14:02:07Z,adservice,currencyservice,0,0,0,0,0,0,0
2026-10-04T14:02:07Z,adservice,emailservice,0,0,0,0,0,0,0
2026-10-04T14:02:07Z,adservice,frontend,0,0,0,0,0,0,0
2026-10-04T14:02:07Z,adservice,kubernetes,0,0,0,0,0,0,0
2026-10-04T14:02:07Z,adservice,paymentservice,0,0,0,0,0,0,0
2026-10-04T14:02:07Z,adservice,productcatalogservice,0,0,0,0,0,0,0
2026-10-04T14:02:07Z,adservice,recommendationservice,0,0,0,0,0,0,0
2026-10-04T14:02:07Z,adservice,redis-cart,0,0,0,0,0,0,0
2026-10-04T14:02:07Z,adservice,shippingservice,0,0,0,0,0,0,0
2026-10-04T14:02:07Z,cartservice,adservice,0,0,0,0,0,0,0
2026-10-04T14:02:07Z,cartservice,cartservice,0,0,0,0,0,0,0
2026-10-04T14:02:07Z,cartservice,checkoutservice,0,0,0,0,0,0,0
2026-10-04T14:02:07Z,cartservice,currencyservice,0,0,0,0,0,0,0
2026-10-04T14:02:07Z,cartservice,emailservice,0,0,0,0,0,0,0
2026-10-04T14:02:07Z,cartservice,frontend,0,0,0,0,0,0,0
2026-10-04T14:02:07Z,cartservice,kubernetes,0,0,0,0,0,0,0
2026-10-04T14:02:07Z,cartservice,paymentservice,0,0,0,0,0,0,0
2026-10-04T14:02:07Z,cartservice,productcatalogservice,0,0,0,0,0,0,0
2026-10-04T14:02:07Z,cartservice,recommendationservice,0,0,0,0,0,0,0
2026-10-04T14:02:07Z,cartservice,redis-cart,2,0,0,0,0,0,0
2026-10-04T14:02:07Z,cartservice,shippingservice,0,0,0,0,0,0,0
2026-10-04T14:02:07Z,checkoutservice,adservice,0,0,0,0,0,0,0
2026-10-04T14:02:07Z,checkoutservice,cartservice,0,0,0,0,0,0,0
2026-10-04T14:02:07Z,checkoutservice,checkoutservice,0,0,0,0,0,0,0
2026-10-04T14:02:07Z,checkoutservice,currencyservice,0,0,0,0,0,0,0
2026-10-04T14:02:07Z,checkoutservice,emailservice,0,0,0,0,0,0,0
2026-10-04T14:02:07Z,checkoutservice,frontend,0,0,0,0,0,0,0
2026-10-04T14:02:07Z,checkoutservice,kubernetes,0,0,0,0,0,0,0
2026-10-04T14:02:07Z,checkoutservice,paymentservice,0,0,0,0,0,0,0
2026-10-04T14:02:07Z,checkoutservice,productcatalogservice,0,0,0,0,0,0,0
2026-10-04T14:02:07Z,checkoutservice,recommendationservice,0,0,0,0,0,0,0
2026-10-04T14:02:07Z,checkoutservice,redis-cart,0,0,0,0,0,0,0
2026-10-04T14:02:07Z,checkoutservice,shippingservice,0,0,0,0,0,0,0
2026-10-04T14:02:07Z,currencyservice,adservice,0,0,0,0,0,0,0
2026-10-04T14:02:07Z,currencyservice,cartservice,0,0,0,0,0,0,0
2026-10-04T14:02:07Z,currencyservice,checkoutservice,0,0,0,0,0,0,0
2026-10-04T14:02:07Z,currencyservice,currencyservice,0,0,0,0,0,0,0
2026-10-04T14:02:07Z,currencyservice,emailservice,0,0,0,0,0,0,0
2026-10-04T14:02:07Z,currencyservice,frontend,0,0,0,0,0,0,0
2026-10-04T14:02:07Z,currencyservice,kubernetes,0,0,0,0,0,0,0
2026-10-04T14:02:07Z,currencyservice,paymentservice,0,0,0,0,0,0,0
2026-10-04T14:02:07Z,currencyservice,productcatalogservice,0,0,0,0,0,0,0
2026-10-04T14:02:07Z,currencyservice,recommendationservice,0,0,0,0,0,0,0
2026-10-04T14:02:07Z,currencyservice,redis-cart,0,0,0,0,0,0,0
2026-10-04T14:02:07Z,currencyservice,shippingservice,0,0,0,0,0,0,0
2026-10-04T14:02:07Z,emailservice,adservice,0,0,0,0,0,0,0
2026-10-04T14:02:07Z,emailservice,cartservice,0,0,0,0,0,0,0
2026-10-04T14:02:07Z,emailservice,checkoutservice,0,0,0,0,0,0,0
2026-10-04T14:02:07Z,emailservice,currencyservice,0,0,0,0,0,0,0
2026-10-04T14:02:07Z,emailservice,emailservice,0,0,0,0,0,0,0
2026-10-04T14:02:07Z,emailservice,frontend,0,0,0,0,0,0,0
2026-10-04T14:02:07Z,emailservice,kubernetes,0,0,0,0,0,0,0
2026-10-04T14:02:07Z,emailservice,paymentservice,0,0,0,0,0,0,0
2026-10-04T14:02:07Z,emailservice,productcatalogservice,0,0,0,0,0,0,0
2026-10-04T14:02:07Z,emailservice,recommendationservice,0,0,0,0,0,0,0
2026-10-04T14:02:07Z,emailservice,redis-cart,0,0,0,0,0,0,0
2026-10-04T14:02:07Z,emailservice,shippingservice,0,0,0,0,0,0,0
2026-10-04T14:02:07Z,frontend,adservice,773781,773779,0,0,0,2334061,773779
2026-10-04T14:02:07Z,frontend,cartservice,1730573,1730561,0,0,4,9624535,1730561
2026-10-04T14:02:07Z,frontend,checkoutservice,354811,173691,0,34332,146696,55608828,173690
2026-10-04T14:02:07Z,frontend,currencyservice,2749584,2749577,0,0,0,14589993,2749577
2026-10-04T14:02:07Z,frontend,emailservice,0,0,0,0,0,0,0
2026-10-04T14:02:07Z,frontend,frontend,0,0,0,0,0,0,0
2026-10-04T14:02:07Z,frontend,kubernetes,0,0,0,0,0,0,0
2026-10-04T14:02:07Z,frontend,paymentservice,0,0,0,0,0,0,0
2026-10-04T14:02:07Z,frontend,productcatalogservice,7676840,7676779,0,0,0,52315430,7676779
2026-10-04T14:02:07Z,frontend,recommendationservice,2523996,1524786,0,104145,892890,769956520,1524786
2026-10-04T14:02:07Z,frontend,redis-cart,0,0,0,0,0,0,0
2026-10-04T14:02:07Z,frontend,shippingservice,283787,283785,0,0,0,858241,283785
2026-10-04T14:02:07Z,paymentservice,adservice,0,0,0,0,0,0,0
2026-10-04T14:02:07Z,paymentservice,cartservice,0,0,0,0,0,0,0
2026-10-04T14:02:07Z,paymentservice,checkoutservice,0,0,0,0,0,0,0
2026-10-04T14:02:07Z,paymentservice,currencyservice,0,0,0,0,0,0,0
2026-10-04T14:02:07Z,paymentservice,emailservice,0,0,0,0,0,0,0
2026-10-04T14:02:07Z,paymentservice,frontend,0,0,0,0,0,0,0
2026-10-04T14:02:07Z,paymentservice,kubernetes,0,0,0,0,0,0,0
2026-10-04T14:02:07Z,paymentservice,paymentservice,0,0,0,0,0,0,0
2026-10-04T14:02:07Z,paymentservice,productcatalogservice,0,0,0,0,0,0,0
2026-10-04T14:02:07Z,paymentservice,recommendationservice,0,0,0,0,0,0,0
2026-10-04T14:02:07Z,paymentservice,redis-cart,0,0,0,0,0,0,0
2026-10-04T14:02:07Z,paymentservice,shippingservice,0,0,0,0,0,0,0
2026-10-04T14:02:07Z,productcatalogservice,adservice,0,0,0,0,0,0,0
2026-10-04T14:02:07Z,productcatalogservice,cartservice,0,0,0,0,0,0,0
2026-10-04T14:02:07Z,productcatalogservice,checkoutservice,0,0,0,0,0,0,0
2026-10-04T14:02:07Z,productcatalogservice,currencyservice,0,0,0,0,0,0,0
2026-10-04T14:02:07Z,productcatalogservice,emailservice,0,0,0,0,0,0,0
2026-10-04T14:02:07Z,productcatalogservice,frontend,0,0,0,0,0,0,0
2026-10-04T14:02:07Z,productcatalogservice,kubernetes,0,0,0,0,0,0,0
2026-10-04T14:02:07Z,productcatalogservice,paymentservice,0,0,0,0,0,0,0
2026-10-04T14:02:07Z,productcatalogservice,productcatalogservice,0,0,0,0,0,0,0
2026-10-04T14:02:07Z,productcatalogservice,recommendationservice,0,0,0,0,0,0,0
2026-10-04T14:02:07Z,productcatalogservice,redis-cart,0,0,0,0,0,0,0
2026-10-04T14:02:07Z,productcatalogservice,shippingservice,0,0,0,0,0,0,0
2026-10-04T14:02:07Z,recommendationservice,adservice,0,0,0,0,0,0,0
2026-10-04T14:02:07Z,recommendationservice,cartservice,0,0,0,0,0,0,0
2026-10-04T14:02:07Z,recommendationservice,checkoutservice,0,0,0,0,0,0,0
2026-10-04T14:02:07Z,recommendationservice,currencyservice,0,0,0,0,0,0,0
2026-10-04T14:02:07Z,recommendationservice,emailservice,0,0,0,0,0,0,0
2026-10-04T14:02:07Z,recommendationservice,frontend,0,0,0,0,0,0,0
2026-10-04T14:02:07Z,recommendationservice,kubernetes,0,0,0,0,0,0,0
2026-10-04T14:02:07Z,recommendationservice,paymentservice,0,0,0,0,0,0,0
2026-10-04T14:02:07Z,recommendationservice,productcatalogservice,0,0,0,0,0,0,0
2026-10-04T14:02:07Z,recommendationservice,recommendationservice,0,0,0,0,0,0,0
2026-10-04T14:02:07Z,recommendationservice,redis-cart,0,0,0,0,0,0,0
2026-10-04T14:02:07Z,recommendationservice,shippingservice,0,0,0,0,0,0,0
2026-10-04T14:02:07Z,redis-cart,adservice,0,0,0,0,0,0,0
2026-10-04T14:02:07Z,redis-cart,cartservice,0,0,0,0,0,0,0
2026-10-04T14:02:07Z,redis-cart,checkoutservice,0,0,0,0,0,0,0
2026-10-04T14:02:07Z,redis-cart,currencyservice,0,0,0,0,0,0,0
2026-10-04T14:02:07Z,redis-cart,emailservice,0,0,0,0,0,0,0
2026-10-04T14:02:07Z,redis-cart,frontend,0,0,0,0,0,0,0
2026-10-04T14:02:07Z,redis-cart,kubernetes,0,0,0,0,0,0,0
2026-10-04T14:02:07Z,redis-cart,paymentservice,0,0,0,0,0,0,0
2026-10-04T14:02:07Z,redis-cart,productcatalogservice,0,0,0,0,0,0,0
2026-10-04T14:02:07Z,redis-cart,recommendationservice,0,0,0,0,0,0,0
2026-10-04T14:02:07Z,redis-cart,redis-cart,0,0,0,0,0,0,0
2026-10-04T14:02:07Z,redis-cart,shippingservice,0,0,0,0,0,0,0
2026-10-04T14:02:07Z,shippingservice,adservice,0,0,0,0,0,0,0
2026-10-04T14:02:07Z,shippingservice,cartservice,0,0,0,0,0,0,0
2026-10-04T14:02:07Z,shippingservice,checkoutservice,0,0,0,0,0,0,0
2026-10-04T14:02:07Z,shippingservice,currencyservice,0,0,0,0,0,0,0
2026-10-04T14:02:07Z,shippingservice,emailservice,0,0,0,0,0,0,0
2026-10-04T14:02:07Z,shippingservice,frontend,0,0,0,0,0,0,0
2026-10-04T14:02:07Z,shippingservice,kubernetes,0,0,0,0,0,0,0
2026-10-04T14:02:07Z,shippingservice,paymentservice,0,0,0,0,0,0,0
2026-10-04T14:02:07Z,shippingservice,productcatalogservice,0,0,0,0,0,0,0
2026-10-04T14:02:07Z,shippingservice,recommendationservice,0,0,0,0,0,0,0
2026-10-04T14:02:07Z,shippingservice,redis-cart,0,0,0,0,0,0,0
2026-10-04T14:02:07Z,shippingservice,shippingservice,0,0,0,0,0,0,0
2026-10-04T14:02:08Z,adservice,adservice,0,0,0,0,0,0,0
2026-10-04T14:02:08Z,adservice,cartservice,0,0,0,0,0,0,0
2026-10-04T14:02:08Z,adservice,checkoutservice,0,0,0,0,0,0,0
2026-10-04T14:02:08Z,adservice,currencyservice,0,0,0,0,0,0,0
2026-10-04T14:02:08Z,adservice,emailservice,0,0,0,0,0,0,0
2026-10-04T14:02:08Z,adservice,frontend,0,0,0,0,0,0,0
2026-10-04T14:02:08Z,adservice,kubernetes,0,0,0,0,0,0,0
2026-10-04T14:02:08Z,adservice,paymentservice,0,0,0,0,0,0,0
2026-10-04T14:02:08Z,adservice,productcatalogservice,0,0,0,0,0,0,0
2026-10-04T14:02:08Z,adservice,recommendationservice,0,0,0,0,0,0,0
2026-10-04T14:02:08Z,adservice,redis-cart,0,0,0,0,0,0,0
2026-10-04T14:02:08Z,adservice,shippingservice,0,0,0,0,0,0,0
2026-10-04T14:02:08Z,cartservice,adservice,0,0,0,0,0,0,0
2026-10-04T14:02:08Z,cartservice,cartservice,0,0,0,0,0,0,0
2026-10-04T14:02:08Z,cartservice,checkoutservice,0,0,0,0,0,0,0
2026-10-04T14:02:08Z,cartservice,currencyservice,0,0,0,0,0,0,0
2026-10-04T14:02:08Z,cartservice,emailservice,0,0,0,0,0,0,0
2026-10-04T14:02:08Z,cartservice,frontend,0,0,0,0,0,0,0
2026-10-04T14:02:08Z,cartservice,kubernetes,0,0,0,0,0,0,0
2026-10-04T14:02:08Z,cartservice,paymentservice,0,0,0,0,0,0,0
2026-10-04T14:02:08Z,cartservice,productcatalogservice,0,0,0,0,0,0,0
2026-10-04T14:02:08Z,cartservice,recommendationservice,0,0,0,0,0,0,0
2026-10-04T14:02:08Z,cartservice,redis-cart,2,0,0,0,0,0,0
2026-10-04T14:02:08Z,cartservice,shippingservice,0,0,0,0,0,0,0
2026-10-04T14:02:08Z,checkoutservice,adservice,0,0,0,0,0,0,0
2026-10-04T14:02:08Z,checkoutservice,cartservice,0,0,0,0,0,0,0
2026-10-04T14:02:08Z,checkoutservice,checkoutservice,0,0,0,0,0,0,0
2026-10-04T14:02:08Z,checkoutservice,currencyservice,0,0,0,0,0,0,0
2026-10-04T14:02:08Z,checkoutservice,emailservice,0,0,0,0,0,0,0
2026-10-04T14:02:08Z,checkoutservice,frontend,0,0,0,0,0,0,0
2026-10-04T14:02:08Z,checkoutservice,kubernetes,0,0,0,0,0,0,0
2026-10-04T14:02:08Z,checkoutservice,paymentservice,0,0,0,0,0,0,0
2026-10-04T14:02:08Z,checkoutservice,productcatalogservice,0,0,0,0,0,0,0
2026-10-04T14:02:08Z,checkoutservice,recommendationservice,0,0,0,0,0,0,0
2026-10-04T14:02:08Z,checkoutservice,redis-cart,0,0,0,0,0,0,0
2026-10-04T14:02:08Z,checkoutservice,shippingservice,0,0,0,0,0,0,0
2026-10-04T14:02:08Z,currencyservice,adservice,0,0,0,0,0,0,0
2026-10-04T14:02:08Z,currencyservice,cartservice,0,0,0,0,0,0,0
2026-10-04T14:02:08Z,currencyservice,checkoutservice,0,0,0,0,0,0,0
2026-10-04T14:02:08Z,currencyservice,currencyservice,0,0,0,0,0,0,0
2026-10-04T14:02:08Z,currencyservice,emailservice,0,0,0,0,0,0,0
2026-10-04T14:02:08Z,currencyservice,frontend,0,0,0,0,0,0,0
2026-10-04T14:02:08Z,currencyservice,kubernetes,0,0,0,0,0,0,0
2026-10-04T14:02:08Z,currencyservice,paymentservice,0,0,0,0,0,0,0
2026-10-04T14:02:08Z,currencyservice,productcatalogservice,0,0,0,0,0,0,0
2026-10-04T14:02:08Z,currencyservice,recommendationservice,0,0,0,0,0,0,0
2026-10-04T14:02:08Z,currencyservice,redis-cart,0,0,0,0,0,0,0
2026-10-04T14:02:08Z,currencyservice,shippingservice,0,0,0,0,0,0,0
2026-10-04T14:02:08Z,emailservice,adservice,0,0,0,0,0,0,0
2026-10-04T14:02:08Z,emailservice,cartservice,0,0,0,0,0,0,0
2026-10-04T14:02:08Z,emailservice,checkoutservice,0,0,0,0,0,0,0
2026-10-04T14:02:08Z,emailservice,currencyservice,0,0,0,0,0,0,0
2026-10-04T14:02:08Z,emailservice,emailservice,0,0,0,0,0,0,0
2026-10-04T14:02:08Z,emailservice,frontend,0,0,0,0,0,0,0
2026-10-04T14:02:08Z,emailservice,kubernetes,0,0,0,0,0,0,0
2026-10-04T14:02:08Z,emailservice,paymentservice,0,0,0,0,0,0,0
2026-10-04T14:02:08Z,emailservice,productcatalogservice,0,0,0,0,0,0,0
2026-10-04T14:02:08Z,emailservice,recommendationservice,0,0,0,0,0,0,0
2026-10-04T14:02:08Z,emailservice,redis-cart,0,0,0,0,0,0,0
2026-10-04T14:02:08Z,emailservice,shippingservice,0,0,0,0,0,0,0
2026-10-04T14:02:08Z,frontend,adservice,773781,773779,0,0,0,2334061,773779
2026-10-04T14:02:08Z,frontend,cartservice,1730573,1730561,0,0,4,9624535,1730561
2026-10-04T14:02:08Z,frontend,checkoutservice,354811,173691,0,34332,146696,55608828,173690
2026-10-04T14:02:08Z,frontend,currencyservice,2749584,2749577,0,0,0,14589993,2749577
2026-10-04T14:02:08Z,frontend,emailservice,0,0,0,0,0,0,0
2026-10-04T14:02:08Z,frontend,frontend,0,0,0,0,0,0,0
2026-10-04T14:02:08Z,frontend,kubernetes,0,0,0,0,0,0,0
2026-10-04T14:02:08Z,frontend,paymentservice,0,0,0,0,0,0,0
2026-10-04T14:02:08Z,frontend,productcatalogservice,7676840,7676779,0,0,0,52315430,7676779
2026-10-04T14:02:08Z,frontend,recommendationservice,2523996,1524786,0,104145,892890,769956520,1524786
2026-10-04T14:02:08Z,frontend,redis-cart,0,0,0,0,0,0,0
2026-10-04T14:02:08Z,frontend,shippingservice,283787,283785,0,0,0,858241,283785
2026-10-04T14:02:08Z,paymentservice,adservice,0,0,0,0,0,0,0
2026-10-04T14:02:08Z,paymentservice,cartservice,0,0,0,0,0,0,0
2026-10-04T14:02:08Z,paymentservice,checkoutservice,0,0,0,0,0,0,0
2026-10-04T14:02:08Z,paymentservice,currencyservice,0,0,0,0,0,0,0
2026-10-04T14:02:08Z,paymentservice,emailservice,0,0,0,0,0,0,0
2026-10-04T14:02:08Z,paymentservice,frontend,0,0,0,0,0,0,0
2026-10-04T14:02:08Z,paymentservice,kubernetes,0,0,0,0,0,0,0
2026-10-04T14:02:08Z,paymentservice,paymentservice,0,0,0,0,0,0,0
2026-10-04T14:02:08Z,paymentservice,productcatalogservice,0,0,0,0,0,0,0
2026-10-04T14:02:08Z,paymentservice,recommendationservice,0,0,0,0,0,0,0
2026-10-04T14:02:08Z,paymentservice,redis-cart,0,0,0,0,0,0,0
2026-10-04T14:02:08Z,paymentservice,shippingservice,0,0,0,0,0,0,0
2026-10-04T14:02:08Z,productcatalogservice,adservice,0,0,0,0,0,0,0
2026-10-04T14:02:08Z,productcatalogservice,cartservice,0,0,0,0,0,0,0
2026-10-04T14:02:08Z,productcatalogservice,checkoutservice,0,0,0,0,0,0,0
2026-10-04T14:02:08Z,productcatalogservice,currencyservice,0,0,0,0,0,0,0
2026-10-04T14:02:08Z,productcatalogservice,emailservice,0,0,0,0,0,0,0
2026-10-04T14:02:08Z,productcatalogservice,frontend,0,0,0,0,0,0,0
2026-10-04T14:02:08Z,productcatalogservice,kubernetes,0,0,0,0,0,0,0
2026-10-04T14:02:08Z,productcatalogservice,paymentservice,0,0,0,0,0,0,0
2026-10-04T14:02:08Z,productcatalogservice,productcatalogservice,0,0,0,0,0,0,0
2026-10-04T14:02:08Z,productcatalogservice,recommendationservice,0,0,0,0,0,0,0
2026-10-04T14:02:08Z,productcatalogservice,redis-cart,0,0,0,0,0,0,0
2026-10-04T14:02:08Z,productcatalogservice,shippingservice,0,0,0,0,0,0,0
2026-10-04T14:02:08Z,recommendationservice,adservice,0,0,0,0,0,0,0
2026-10-04T14:02:08Z,recommendationservice,cartservice,0,0,0,0,0,0,0
2026-10-04T14:02:08Z,recommendationservice,checkoutservice,0,0,0,0,0,0,0
2026-10-04T14:02:08Z,recommendationservice,currencyservice,0,0,0,0,0,0,0
2026-10-04T14:02:08Z,recommendationservice,emailservice,0,0,0,0,0,0,0
2026-10-04T14:02:08Z,recommendationservice,frontend,0,0,0,0,0,0,0
2026-10-04T14:02:08Z,recommendationservice,kubernetes,0,0,0,0,0,0,0
2026-10-04T14:02:08Z,recommendationservice,paymentservice,0,0,0,0,0,0,0
2026-10-04T14:02:08Z,recommendationservice,productcatalogservice,0,0,0,0,0,0,0
2026-10-04T14:02:08Z,recommendationservice,recommendationservice,0,0,0,0,0,0,0
2026-10-04T14:02:08Z,recommendationservice,redis-cart,0,0,0,0,0,0,0
2026-10-04T14:02:08Z,recommendationservice,shippingservice,0,0,0,0,0,0,0
2026-10-04T14:02:08Z,redis-cart,adservice,0,0,0,0,0,0,0
2026-10-04T14:02:08Z,redis-cart,cartservice,0,0,0,0,0,0,0
2026-10-04T14:02:08Z,redis-cart,checkoutservice,0,0,0,0,0,0,0
2026-10-04T14:02:08Z,redis-cart,currencyservice,0,0,0,0,0,0,0
2026-10-04T14:02:08Z,redis-cart,emailservice,0,0,0,0,0,0,0
2026-10-04T14:02:08Z,redis-cart,frontend,0,0,0,0,0,0,0
2026-10-04T14:02:08Z,redis-cart,kubernetes,0,0,0,0,0,0,0
2026-10-04T14:02:08Z,redis-cart,paymentservice,0,0,0,0,0,0,0
2026-10-04T14:02:08Z,redis-cart,productcatalogservice,0,0,0,0,0,0,0
2026-10-04T14:02:08Z,redis-cart,recommendationservice,0,0,0,0,0,0,0
2026-10-04T14:02:08Z,redis-cart,redis-cart,0,0,0,0,0,0,0
2026-10-04T14:02:08Z,redis-cart,shippingservice,0,0,0,0,0,0,0
2026-10-04T14:02:08Z,shippingservice,adservice,0,0,0,0,0,0,0
2026-10-04T14:02:08Z,shippingservice,cartservice,0,0,0,0,0,0,0
2026-10-04T14:02:08Z,shippingservice,checkoutservice,0,0,0,0,0,0,0
2026-10-04T14:02:08Z,shippingservice,currencyservice,0,0,0,0,0,0,0
2026-10-04T14:02:08Z,shippingservice,emailservice,0,0,0,0,0,0,0
2026-10-04T14:02:08Z,shippingservice,frontend,0,0,0,0,0,0,0
2026-10-04T14:02:08Z,shippingservice,kubernetes,0,0,0,0,0,0,0
2026-10-04T14:02:08Z,shippingservice,paymentservice,0,0,0,0,0,0,0
2026-10-04T14:02:08Z,shippingservice,productcatalogservice,0,0,0,0,0,0,0
2026-10-04T14:02:08Z,shippingservice,recommendationservice,0,0,0,0,0,0,0
2026-10-04T14:02:08Z,shippingservice,redis-cart,0,0,0,0,0,0,0
2026-10-04T14:02:08Z,shippingservice,shippingservice,0,0,0,0,0,0,0
2026-10-04T14:02:09Z,adservice,adservice,0,0,0,0,0,0,0
2026-10-04T14:02:09Z,adservice,cartservice,0,0,0,0,0,0,0
2026-10-04T14:02:09Z,adservice,checkoutservice,0,0,0,0,0,0,0
2026-10-04T14:02:09Z,adservice,currencyservice,0,0,0,0,0,0,0
2026-10-04T14:02:09Z,adservice,emailservice,0,0,0,0,0,0,0
2026-10-04T14:02:09Z,adservice,frontend,0,0,0,0,0,0,0
2026-10-04T14:02:09Z,adservice,kubernetes,0,0,0,0,0,0,0
2026-10-04T14:02:09Z,adservice,paymentservice,0,0,0,0,0,0,0
2026-10-04T14:02:09Z,adservice,productcatalogservice,0,0,0,0,0,0,0
2026-10-04T14:02:09Z,adservice,recommendationservice,0,0,0,0,0,0,0
2026-10-04T14:02:09Z,adservice,redis-cart,0,0,0,0,0,0,0
2026-10-04T14:02:09Z,adservice,shippingservice,0,0,0,0,0,0,0
2026-10-04T14:02:09Z,cartservice,adservice,0,0,0,0,0,0,0
2026-10-04T14:02:09Z,cartservice,cartservice,0,0,0,0,0,0,0
2026-10-04T14:02:09Z,cartservice,checkoutservice,0,0,0,0,0,0,0
2026-10-04T14:02:09Z,cartservice,currencyservice,0,0,0,0,0,0,0
2026-10-04T14:02:09Z,cartservice,emailservice,0,0,0,0,0,0,0
2026-10-04T14:02:09Z,cartservice,frontend,0,0,0,0,0,0,0
2026-10-04T14:02:09Z,cartservice,kubernetes,0,0,0,0,0,0,0
2026-10-04T14:02:09Z,cartservice,paymentservice,0,0,0,0,0,0,0
2026-10-04T14:02:09Z,cartservice,productcatalogservice,0,0,0,0,0,0,0
2026-10-04T14:02:09Z,cartservice,recommendationservice,0,0,0,0,0,0,0
2026-10-04T14:02:09Z,cartservice,redis-cart,2,0,0,0,0,0,0
2026-10-04T14:02:09Z,cartservice,shippingservice,0,0,0,0,0,0,0
2026-10-04T14:02:09Z,checkoutservice,adservice,0,0,0,0,0,0,0
2026-10-04T14:02:09Z,checkoutservice,cartservice,0,0,0,0,0,0,0
2026-10-04T14:02:09Z,checkoutservice,checkoutservice,0,0,0,0,0,0,0
2026-10-04T14:02:09Z,checkoutservice,currencyservice,0,0,0,0,0,0,0
2026-10-04T14:02:09Z,checkoutservice,emailservice,0,0,0,0,0,0,0
2026-10-04T14:02:09Z,checkoutservice,frontend,0,0,0,0,0,0,0
2026-10-04T14:02:09Z,checkoutservice,kubernetes,0,0,0,0,0,0,0
2026-10-04T14:02:09Z,checkoutservice,paymentservice,0,0,0,0,0,0,0
2026-10-04T14:02:09Z,checkoutservice,productcatalogservice,0,0,0,0,0,0,0
2026-10-04T14:02:09Z,checkoutservice,recommendationservice,0,0,0,0,0,0,0
2026-10-04T14:02:09Z,checkoutservice,redis-cart,0,0,0,0,0,0,0
2026-10-04T14:02:09Z,checkoutservice,shippingservice,0,0,0,0,0,0,0
2026-10-04T14:02:09Z,currencyservice,adservice,0,0,0,0,0,0,0
2026-10-04T14:02:09Z,currencyservice,cartservice,0,0,0,0,0,0,0
2026-10-04T14:02:09Z,currencyservice,checkoutservice,0,0,0,0,0,0,0
2026-10-04T14:02:09Z,currencyservice,currencyservice,0,0,0,0,0,0,0
2026-10-04T14:02:09Z,currencyservice,emailservice,0,0,0,0,0,0,0
2026-10-04T14:02:09Z,currencyservice,frontend,0,0,0,0,0,0,0
2026-10-04T14:02:09Z,currencyservice,kubernetes,0,0,0,0,0,0,0
2026-10-04T14:02:09Z,currencyservice,paymentservice,0,0,0,0,0,0,0
2026-10-04T14:02:09Z,currencyservice,productcatalogservice,0,0,0,0,0,0,0
2026-10-04T14:02:09Z,currencyservice,recommendationservice,0,0,0,0,0,0,0
2026-10-04T14:02:09Z,currencyservice,redis-cart,0,0,0,0,0,0,0
2026-10-04T14:02:09Z,currencyservice,shippingservice,0,0,0,0,0,0,0
2026-10-04T14:02:09Z,emailservice,adservice,0,0,0,0,0,0,0
2026-10-04T14:02:09Z,emailservice,cartservice,0,0,0,0,0,0,0
2026-10-04T14:02:09Z,emailservice,checkoutservice,0,0,0,0,0,0,0
2026-10-04T14:02:09Z,emailservice,currencyservice,0,0,0,0,0,0,0
2026-10-04T14:02:09Z,emailservice,emailservice,0,0,0,0,0,0,0
2026-10-04T14:02:09Z,emailservice,frontend,0,0,0,0,0,0,0
2026-10-04T14:02:09Z,emailservice,kubernetes,0,0,0,0,0,0,0
2026-10-04T14:02:09Z,emailservice,paymentservice,0,0,0,0,0,0,0
2026-10-04T14:02:09Z,emailservice,productcatalogservice,0,0,0,0,0,0,0
2026-10-04T14:02:09Z,emailservice,recommendationservice,0,0,0,0,0,0,0
2026-10-04T14:02:09Z,emailservice,redis-cart,0,0,0,0,0,0,0
2026-10-04T14:02:09Z,emailservice,shippingservice,0,0,0,0,0,0,0
2026-10-04T14:02:09Z,frontend,adservice,773781,773779,0,0,0,2334061,773779
2026-10-04T14:02:09Z,frontend,cartservice,1730573,1730561,0,0,4,9624535,1730561
2026-10-04T14:02:09Z,frontend,checkoutservice,354811,173691,0,34332,146696,55608828,173690
2026-10-04T14:02:09Z,frontend,currencyservice,2749584,2749577,0,0,0,14589993,2749577
2026-10-04T14:02:09Z,frontend,emailservice,0,0,0,0,0,0,0
2026-10-04T14:02:09Z,frontend,frontend,0,0,0,0,0,0,0
2026-10-04T14:02:09Z,frontend,kubernetes,0,0,0,0,0,0,0
2026-10-04T14:02:09Z,frontend,paymentservice,0,0,0,0,0,0,0
2026-10-04T14:02:09Z,frontend,productcatalogservice,7676840,7676779,0,0,0,52315430,7676779
2026-10-04T14:02:09Z,frontend,recommendationservice,2523996,1524786,0,104145,892890,769956520,1524786
2026-10-04T14:02:09Z,frontend,redis-cart,0,0,0,0,0,0,0
2026-10-04T14:02:09Z,frontend,shippingservice,283787,283785,0,0,0,858241,283785
2026-10-04T14:02:09Z,paymentservice,adservice,0,0,0,0,0,0,0
2026-10-04T14:02:09Z,paymentservice,cartservice,0,0,0,0,0,0,0
2026-10-04T14:02:09Z,paymentservice,checkoutservice,0,0,0,0,0,0,0
2026-10-04T14:02:09Z,paymentservice,currencyservice,0,0,0,0,0,0,0
2026-10-04T14:02:09Z,paymentservice,emailservice,0,0,0,0,0,0,0
2026-10-04T14:02:09Z,paymentservice,frontend,0,0,0,0,0,0,0
2026-10-04T14:02:09Z,paymentservice,kubernetes,0,0,0,0,0,0,0
2026-10-04T14:02:09Z,paymentservice,paymentservice,0,0,0,0,0,0,0
2026-10-04T14:02:09Z,paymentservice,productcatalogservice,0,0,0,0,0,0,0
2026-10-04T14:02:09Z,paymentservice,recommendationservice,0,0,0,0,0,0,0
2026-10-04T14:02:09Z,paymentservice,redis-cart,0,0,0,0,0,0,0
2026-10-04T14:02:09Z,paymentservice,shippingservice,0,0,0,0,0,0,0
2026-10-04T14:02:09Z,productcatalogservice,adservice,0,0,0,0,0,0,0
2026-10-04T14:02:09Z,productcatalogservice,cartservice,0,0,0,0,0,0,0
2026-10-04T14:02:09Z,productcatalogservice,checkoutservice,0,0,0,0,0,0,0
2026-10-04T14:02:09Z,productcatalogservice,currencyservice,0,0,0,0,0,0,0
2026-10-04T14:02:09Z,productcatalogservice,emailservice,0,0,0,0,0,0,0
2026-10-04T14:02:09Z,productcatalogservice,frontend,0,0,0,0,0,0,0
2026-10-04T14:02:09Z,productcatalogservice,kubernetes,0,0,0,0,0,0,0
2026-10-04T14:02:09Z,productcatalogservice,paymentservice,0,0,0,0,0,0,0
2026-10-04T14:02:09Z,productcatalogservice,productcatalogservice,0,0,0,0,0,0,0
2026-10-04T14:02:09Z,productcatalogservice,recommendationservice,0,0,0,0,0,0,0
2026-10-04T14:02:09Z,productcatalogservice,redis-cart,0,0,0,0,0,0,0
2026-10-04T14:02:09Z,productcatalogservice,shippingservice,0,0,0,0,0,0,0
2026-10-04T14:02:09Z,recommendationservice,adservice,0,0,0,0,0,0,0
2026-10-04T14:02:09Z,recommendationservice,cartservice,0,0,0,0,0,0,0
2026-10-04T14:02:09Z,recommendationservice,checkoutservice,0,0,0,0,0,0,0
2026-10-04T14:02:09Z,recommendationservice,currencyservice,0,0,0,0,0,0,0
2026-10-04T14:02:09Z,recommendationservice,emailservice,0,0,0,0,0,0,0
2026-10-04T14:02:09Z,recommendationservice,frontend,0,0,0,0,0,0,0
2026-10-04T14:02:09Z,recommendationservice,kubernetes,0,0,0,0,0,0,0
2026-10-04T14:02:09Z,recommendationservice,paymentservice,0,0,0,0,0,0,0
2026-10-04T14:02:09Z,recommendationservice,productcatalogservice,0,0,0,0,0,0,0
2026-10-04T14:02:09Z,recommendationservice,recommendationservice,0,0,0,0,0,0,0
2026-10-04T14:02:09Z,recommendationservice,redis-cart,0,0,0,0,0,0,0
2026-10-04T14:02:09Z,recommendationservice,shippingservice,0,0,0,0,0,0,0
2026-10-04T14:02:09Z,redis-cart,adservice,0,0,0,0,0,0,0
2026-10-04T14:02:09Z,redis-cart,cartservice,0,0,0,0,0,0,0
2026-10-04T14:02:09Z,redis-cart,checkoutservice,0,0,0,0,0,0,0
2026-10-04T14:02:09Z,redis-cart,currencyservice,0,0,0,0,0,0,0
2026-10-04T14:02:09Z,redis-cart,emailservice,0,0,0,0,0,0,0
2026-10-04T14:02:09Z,redis-cart,frontend,0,0,0,0,0,0,0
2026-10-04T14:02:09Z,redis-cart,kubernetes,0,0,0,0,0,0,0
2026-10-04T14:02:09Z,redis-cart,paymentservice,0,0,0,0,0,0,0
2026-10-04T14:02:09Z,redis-cart,productcatalogservice,0,0,0,0,0,0,0
2026-10-04T14:02:09Z,redis-cart,recommendationservice,0,0,0,0,0,0,0
2026-10-04T14:02:09Z,redis-cart,redis-cart,0,0,0,0,0,0,0
2026-10-04T14:02:09Z,redis-cart,shippingservice,0,0,0,0,0,0,0
2026-10-04T14:02:09Z,shippingservice,adservice,0,0,0,0,0,0,0
2026-10-04T14:02:09Z,shippingservice,cartservice,0,0,0,0,0,0,0
2026-10-04T14:02:09Z,shippingservice,checkoutservice,0,0,0,0,0,0,0
2026-10-04T14:02:09Z,shippingservice,currencyservice,0,0,0,0,0,0,0
2026-10-04T14:02:09Z,shippingservice,emailservice,0,0,0,0,0,0,0
2026-10-04T14:02:09Z,shippingservice,frontend,0,0,0,0,0,0,0
2026-10-04T14:02:09Z,shippingservice,kubernetes,0,0,0,0,0,0,0
2026-10-04T14:02:09Z,shippingservice,paymentservice,0,0,0,0,0,0,0
2026-10-04T14:02:09Z,shippingservice,productcatalogservice,0,0,0,0,0,0,0
2026-10-04T14:02:09Z,shippingservice,recommendationservice,0,0,0,0,0,0,0
2026-10-04T14:02:09Z,shippingservice,redis-cart,0,0,0,0,0,0,0
2026-10-04T14:02:09Z,shippingservice,shippingservice,0,0,0,0,0,0,0
2026-10-04T14:02:10Z,adservice,adservice,0,0,0,0,0,0,0
2026-10-04T14:02:10Z,adservice,cartservice,0,0,0,0,0,0,0
2026-10-04T14:02:10Z,adservice,checkoutservice,0,0,0,0,0,0,0
2026-10-04T14:02:10Z,adservice,currencyservice,0,0,0,0,0,0,0
2026-10-04T14:02:10Z,adservice,emailservice,0,0,0,0,0,0,0
2026-10-04T14:02:10Z,adservice,frontend,0,0,0,0,0,0,0
2026-10-04T14:02:10Z,adservice,kubernetes,0,0,0,0,0,0,0
2026-10-04T14:02:10Z,adservice,paymentservice,0,0,0,0,0,0,0
2026-10-04T14:02:10Z,adservice,productcatalogservice,0,0,0,0,0,0,0
2026-10-04T14:02:10Z,adservice,recommendationservice,0,0,0,0,0,0,0
2026-10-04T14:02:10Z,adservice,redis-cart,0,0,0,0,0,0,0
2026-10-04T14:02:10Z,adservice,shippingservice,0,0,0,0,0,0,0
2026-10-04T14:02:10Z,cartservice,adservice,0,0,0,0,0,0,0
2026-10-04T14:02:10Z,cartservice,cartservice,0,0,0,0,0,0,0
2026-10-04T14:02:10Z,cartservice,checkoutservice,0,0,0,0,0,0,0
2026-10-04T14:02:10Z,cartservice,currencyservice,0,0,0,0,0,0,0
2026-10-04T14:02:10Z,cartservice,emailservice,0,0,0,0,0,0,0
2026-10-04T14:02:10Z,cartservice,frontend,0,0,0,0,0,0,0
2026-10-04T14:02:10Z,cartservice,kubernetes,0,0,0,0,0,0,0
2026-10-04T14:02:10Z,cartservice,paymentservice,0,0,0,0,0,0,0
2026-10-04T14:02:10Z,cartservice,productcatalogservice,0,0,0,0,0,0,0
2026-10-04T14:02:10Z,cartservice,recommendationservice,0,0,0,0,0,0,0
2026-10-04T14:02:10Z,cartservice,redis-cart,2,0,0,0,0,0,0
2026-10-04T14:02:10Z,cartservice,shippingservice,0,0,0,0,0,0,0
2026-10-04T14:02:10Z,checkoutservice,adservice,0,0,0,0,0,0,0
2026-10-04T14:02:10Z,checkoutservice,cartservice,0,0,0,0,0,0,0
2026-10-04T14:02:10Z,checkoutservice,checkoutservice,0,0,0,0,0,0,0
2026-10-04T14:02:10Z,checkoutservice,currencyservice,0,0,0,0,0,0,0
2026-10-04T14:02:10Z,checkoutservice,emailservice,0,0,0,0,0,0,0
2026-10-04T14:02:10Z,checkoutservice,frontend,0,0,0,0,0,0,0
2026-10-04T14:02:10Z,checkoutservice,kubernetes,0,0,0,0,0,0,0
2026-10-04T14:02:10Z,checkoutservice,paymentservice,0,0,0,0,0,0,0
2026-10-04T14:02:10Z,checkoutservice,productcatalogservice,0,0,0,0,0,0,0
2026-10-04T14:02:10Z,checkoutservice,recommendationservice,0,0,0,0,0,0,0
2026-10-04T14:02:10Z,checkoutservice,redis-cart,0,0,0,0,0,0,0
2026-10-04T14:02:10Z,checkoutservice,shippingservice,0,0,0,0,0,0,0
2026-10-04T14:02:10Z,currencyservice,adservice,0,0,0,0,0,0,0
2026-10-04T14:02:10Z,currencyservice,cartservice,0,0,0,0,0,0,0
2026-10-04T14:02:10Z,currencyservice,checkoutservice,0,0,0,0,0,0,0
2026-10-04T14:02:10Z,currencyservice,currencyservice,0,0,0,0,0,0,0
2026-10-04T14:02:10Z,currencyservice,emailservice,0,0,0,0,0,0,0
2026-10-04T14:02:10Z,currencyservice,frontend,0,0,0,0,0,0,0
2026-10-04T14:02:10Z,currencyservice,kubernetes,0,0,0,0,0,0,0
2026-10-04T14:02:10Z,currencyservice,paymentservice,0,0,0,0,0,0,0
2026-10-04T14:02:10Z,currencyservice,productcatalogservice,0,0,0,0,0,0,0
2026-10-04T14:02:10Z,currencyservice,recommendationservice,0,0,0,0,0,0,0
2026-10-04T14:02:10Z,currencyservice,redis-cart,0,0,0,0,0,0,0
2026-10-04T14:02:10Z,currencyservice,shippingservice,0,0,0,0,0,0,0
2026-10-04T14:02:10Z,emailservice,adservice,0,0,0,0,0,0,0
2026-10-04T14:02:10Z,emailservice,cartservice,0,0,0,0,0,0,0
2026-10-04T14:02:10Z,emailservice,checkoutservice,0,0,0,0,0,0,0
2026-10-04T14:02:10Z,emailservice,currencyservice,0,0,0,0,0,0,0
2026-10-04T14:02:10Z,emailservice,emailservice,0,0,0,0,0,0,0
2026-10-04T14:02:10Z,emailservice,frontend,0,0,0,0,0,0,0
2026-10-04T14:02:10Z,emailservice,kubernetes,0,0,0,0,0,0,0
2026-10-04T14:02:10Z,emailservice,paymentservice,0,0,0,0,0,0,0
2026-10-04T14:02:10Z,emailservice,productcatalogservice,0,0,0,0,0,0,0
2026-10-04T14:02:10Z,emailservice,recommendationservice,0,0,0,0,0,0,0
2026-10-04T14:02:10Z,emailservice,redis-cart,0,0,0,0,0,0,0
2026-10-04T14:02:10Z,emailservice,shippingservice,0,0,0,0,0,0,0
2026-10-04T14:02:10Z,frontend,adservice,773781,773779,0,0,0,2334061,773779
2026-10-04T14:02:10Z,frontend,cartservice,1730573,1730561,0,0,4,9624535,1730561
2026-10-04T14:02:10Z,frontend,checkoutservice,354811,173691,0,34332,146696,55608828,173690
2026-10-04T14:02:10Z,frontend,currencyservice,2749584,2749577,0,0,0,14589993,2749577
2026-10-04T14:02:10Z,frontend,emailservice,0,0,0,0,0,0,0
2026-10-04T14:02:10Z,frontend,frontend,0,0,0,0,0,0,0
2026-10-04T14:02:10Z,frontend,kubernetes,0,0,0,0,0,0,0
2026-10-04T14:02:10Z,frontend,paymentservice,0,0,0,0,0,0,0
2026-10-04T14:02:10Z,frontend,productcatalogservice,7676840,7676779,0,0,0,52315430,7676779
2026-10-04T14:02:10Z,frontend,recommendationservice,2523996,1524786,0,104145,892890,769956520,1524786
2026-10-04T14:02:10Z,frontend,redis-cart,0,0,0,0,0,0,0
2026-10-04T14:02:10Z,frontend,shippingservice,283787,283785,0,0,0,858241,283785
2026-10-04T14:02:10Z,paymentservice,adservice,0,0,0,0,0,0,0
2026-10-04T14:02:10Z,paymentservice,cartservice,0,0,0,0,0,0,0
2026-10-04T14:02:10Z,paymentservice,checkoutservice,0,0,0,0,0,0,0
2026-10-04T14:02:10Z,paymentservice,currencyservice,0,0,0,0,0,0,0
2026-10-04T14:02:10Z,paymentservice,emailservice,0,0,0,0,0,0,0
2026-10-04T14:02:10Z,paymentservice,frontend,0,0,0,0,0,0,0
2026-10-04T14:02:10Z,paymentservice,kubernetes,0,0,0,0,0,0,0
2026-10-04T14:02:10Z,paymentservice,paymentservice,0,0,0,0,0,0,0
2026-10-04T14:02:10Z,paymentservice,productcatalogservice,0,0,0,0,0,0,0
2026-10-04T14:02:10Z,paymentservice,recommendationservice,0,0,0,0,0,0,0
2026-10-04T14:02:10Z,paymentservice,redis-cart,0,0,0,0,0,0,0
2026-10-04T14:02:10Z,paymentservice,shippingservice,0,0,0,0,0,0,0
2026-10-04T14:02:10Z,productcatalogservice,adservice,0,0,0,0,0,0,0
2026-10-04T14:02:10Z,productcatalogservice,cartservice,0,0,0,0,0,0,0
2026-10-04T14:02:10Z,productcatalogservice,checkoutservice,0,0,0,0,0,0,0
2026-10-04T14:02:10Z,productcatalogservice,currencyservice,0,0,0,0,0,0,0
2026-10-04T14:02:10Z,productcatalogservice,emailservice,0,0,0,0,0,0,0
2026-10-04T14:02:10Z,productcatalogservice,frontend,0,0,0,0,0,0,0
2026-10-04T14:02:10Z,productcatalogservice,kubernetes,0,0,0,0,0,0,0
2026-10-04T14:02:10Z,productcatalogservice,paymentservice,0,0,0,0,0,0,0
2026-10-04T14:02:10Z,productcatalogservice,productcatalogservice,0,0,0,0,0,0,0
2026-10-04T14:02:10Z,productcatalogservice,recommendationservice,0,0,0,0,0,0,0
2026-10-04T14:02:10Z,productcatalogservice,redis-cart,0,0,0,0,0,0,0
2026-10-04T14:02:10Z,productcatalogservice,shippingservice,0,0,0,0,0,0,0
2026-10-04T14:02:10Z,recommendationservice,adservice,0,0,0,0,0,0,0
2026-10-04T14:02:10Z,recommendationservice,cartservice,0,0,0,0,0,0,0
2026-10-04T14:02:10Z,recommendationservice,checkoutservice,0,0,0,0,0,0,0
2026-10-04T14:02:10Z,recommendationservice,currencyservice,0,0,0,0,0,0,0
2026-10-04T14:02:10Z,recommendationservice,emailservice,0,0,0,0,0,0,0
2026-10-04T14:02:10Z,recommendationservice,frontend,0,0,0,0,0,0,0
2026-10-04T14:02:10Z,recommendationservice,kubernetes,0,0,0,0,0,0,0
2026-10-04T14:02:10Z,recommendationservice,paymentservice,0,0,0,0,0,0,0
2026-10-04T14:02:10Z,recommendationservice,productcatalogservice,0,0,0,0,0,0,0
2026-10-04T14:02:10Z,recommendationservice,recommendationservice,0,0,0,0,0,0,0
2026-10-04T14:02:10Z,recommendationservice,redis-cart,0,0,0,0,0,0,0
2026-10-04T14:02:10Z,recommendationservice,shippingservice,0,0,0,0,0,0,0
2026-10-04T14:02:10Z,redis-cart,adservice,0,0,0,0,0,0,0
2026-10-04T14:02:10Z,redis-cart,cartservice,0,0,0,0,0,0,0
2026-10-04T14:02:10Z,redis-cart,checkoutservice,0,0,0,0,0,0,0
2026-10-04T14:02:10Z,redis-cart,currencyservice,0,0,0,0,0,0,0
2026-10-04T14:02:10Z,redis-cart,emailservice,0,0,0,0,0,0,0
2026-10-04T14:02:10Z,redis-cart,frontend,0,0,0,0,0,0,0
2026-10-04T14:02:10Z,redis-cart,kubernetes,0,0,0,0,0,0,0
2026-10-04T14:02:10Z,redis-cart,paymentservice,0,0,0,0,0,0,0
2026-10-04T14:02:10Z,redis-cart,productcatalogservice,0,0,0,0,0,0,0
2026-10-04T14:02:10Z,redis-cart,recommendationservice,0,0,0,0,0,0,0
2026-10-04T14:02:10Z,redis-cart,redis-cart,0,0,0,0,0,0,0
2026-10-04T14:02:10Z,redis-cart,shippingservice,0,0,0,0,0,0,0
2026-10-04T14:02:10Z,shippingservice,adservice,0,0,0,0,0,0,0
2026-10-04T14:02:10Z,shippingservice,cartservice,0,0,0,0,0,0,0
2026-10-04T14:02:10Z,shippingservice,checkoutservice,0,0,0,0,0,0,0
2026-10-04T14:02:10Z,shippingservice,currencyservice,0,0,0,0,0,0,0
2026-10-04T14:02:10Z,shippingservice,emailservice,0,0,0,0,0,0,0
2026-10-04T14:02:10Z,shippingservice,frontend,0,0,0,0,0,0,0
2026-10-04T14:02:10Z,shippingservice,kubernetes,0,0,0,0,0,0,0
2026-10-04T14:02:10Z,shippingservice,paymentservice,0,0,0,0,0,0,0
2026-10-04T14:02:10Z,shippingservice,productcatalogservice,0,0,0,0,0,0,0
2026-10-04T14:02:10Z,shippingservice,recommendationservice,0,0,0,0,0,0,0
2026-10-04T14:02:10Z,shippingservice,redis-cart,0,0,0,0,0,0,0
2026-10-04T14:02:10Z,shippingservice,shippingservice,0,0,0,0,0,0,0
2026-10-04T14:02:11Z,adservice,adservice,0,0,0,0,0,0,0
2026-10-04T14:02:11Z,adservice,cartservice,0,0,0,0,0,0,0
2026-10-04T14:02:11Z,adservice,checkoutservice,0,0,0,0,0,0,0
2026-10-04T14:02:11Z,adservice,currencyservice,0,0,0,0,0,0,0
2026-10-04T14:02:11Z,adservice,emailservice,0,0,0,0,0,0,0
2026-10-04T14:02:11Z,adservice,frontend,0,0,0,0,0,0,0
2026-10-04T14:02:11Z,adservice,kubernetes,0,0,0,0,0,0,0
2026-10-04T14:02:11Z,adservice,paymentservice,0,0,0,0,0,0,0
2026-10-04T14:02:11Z,adservice,productcatalogservice,0,0,0,0,0,0,0
2026-10-04T14:02:11Z,adservice,recommendationservice,0,0,0,0,0,0,0
2026-10-04T14:02:11Z,adservice,redis-cart,0,0,0,0,0,0,0
2026-10-04T14:02:11Z,adservice,shippingservice,0,0,0,0,0,0,0
2026-10-04T14:02:11Z,cartservice,adservice,0,0,0,0,0,0,0
2026-10-04T14:02:11Z,cartservice,cartservice,0,0,0,0,0,0,0
2026-10-04T14:02:11Z,cartservice,checkoutservice,0,0,0,0,0,0,0
2026-10-04T14:02:11Z,cartservice,currencyservice,0,0,0,0,0,0,0
2026-10-04T14:02:11Z,cartservice,emailservice,0,0,0,0,0,0,0
2026-10-04T14:02:11Z,cartservice,frontend,0,0,0,0,0,0,0
2026-10-04T14:02:11Z,cartservice,kubernetes,0,0,0,0,0,0,0
2026-10-04T14:02:11Z,cartservice,paymentservice,0,0,0,0,0,0,0
2026-10-04T14:02:11Z,cartservice,productcatalogservice,0,0,0,0,0,0,0
2026-10-04T14:02:11Z,cartservice,recommendationservice,0,0,0,0,0,0,0
2026-10-04T14:02:11Z,cartservice,redis-cart,2,0,0,0,0,0,0
2026-10-04T14:02:11Z,cartservice,shippingservice,0,0,0,0,0,0,0
2026-10-04T14:02:11Z,checkoutservice,adservice,0,0,0,0,0,0,0
2026-10-04T14:02:11Z,checkoutservice,cartservice,0,0,0,0,0,0,0
2026-10-04T14:02:11Z,checkoutservice,checkoutservice,0,0,0,0,0,0,0
2026-10-04T14:02:11Z,checkoutservice,currencyservice,0,0,0,0,0,0,0
2026-10-04T14:02:11Z,checkoutservice,emailservice,0,0,0,0,0,0,0
2026-10-04T14:02:11Z,checkoutservice,frontend,0,0,0,0,0,0,0
2026-10-04T14:02:11Z,checkoutservice,kubernetes,0,0,0,0,0,0,0
2026-10-04T14:02:11Z,checkoutservice,paymentservice,0,0,0,0,0,0,0
2026-10-04T14:02:11Z,checkoutservice,productcatalogservice,0,0,0,0,0,0,0
2026-10-04T14:02:11Z,checkoutservice,recommendationservice,0,0,0,0,0,0,0
2026-10-04T14:02:11Z,checkoutservice,redis-cart,0,0,0,0,0,0,0
2026-10-04T14:02:11Z,checkoutservice,shippingservice,0,0,0,0,0,0,0
2026-10-04T14:02:11Z,currencyservice,adservice,0,0,0,0,0,0,0
2026-10-04T14:02:11Z,currencyservice,cartservice,0,0,0,0,0,0,0
2026-10-04T14:02:11Z,currencyservice,checkoutservice,0,0,0,0,0,0,0
2026-10-04T14:02:11Z,currencyservice,currencyservice,0,0,0,0,0,0,0
2026-10-04T14:02:11Z,currencyservice,emailservice,0,0,0,0,0,0,0
2026-10-04T14:02:11Z,currencyservice,frontend,0,0,0,0,0,0,0
2026-10-04T14:02:11Z,currencyservice,kubernetes,0,0,0,0,0,0,0
2026-10-04T14:02:11Z,currencyservice,paymentservice,0,0,0,0,0,0,0
2026-10-04T14:02:11Z,currencyservice,productcatalogservice,0,0,0,0,0,0,0
2026-10-04T14:02:11Z,currencyservice,recommendationservice,0,0,0,0,0,0,0
2026-10-04T14:02:11Z,currencyservice,redis-cart,0,0,0,0,0,0,0
2026-10-04T14:02:11Z,currencyservice,shippingservice,0,0,0,0,0,0,0
2026-10-04T14:02:11Z,emailservice,adservice,0,0,0,0,0,0,0
2026-10-04T14:02:11Z,emailservice,cartservice,0,0,0,0,0,0,0
2026-10-04T14:02:11Z,emailservice,checkoutservice,0,0,0,0,0,0,0
2026-10-04T14:02:11Z,emailservice,currencyservice,0,0,0,0,0,0,0
2026-10-04T14:02:11Z,emailservice,emailservice,0,0,0,0,0,0,0
2026-10-04T14:02:11Z,emailservice,frontend,0,0,0,0,0,0,0
2026-10-04T14:02:11Z,emailservice,kubernetes,0,0,0,0,0,0,0
2026-10-04T14:02:11Z,emailservice,paymentservice,0,0,0,0,0,0,0
2026-10-04T14:02:11Z,emailservice,productcatalogservice,0,0,0,0,0,0,0
2026-10-04T14:02:11Z,emailservice,recommendationservice,0,0,0,0,0,0,0
2026-10-04T14:02:11Z,emailservice,redis-cart,0,0,0,0,0,0,0
2026-10-04T14:02:11Z,emailservice,shippingservice,0,0,0,0,0,0,0
2026-10-04T14:02:11Z,frontend,adservice,773781,773779,0,0,0,2334061,773779
2026-10-04T14:02:11Z,frontend,cartservice,1730573,1730561,0,0,4,9624535,1730561
2026-10-04T14:02:11Z,frontend,checkoutservice,354811,173691,0,34332,146696,55608828,173690
2026-10-04T14:02:11Z,frontend,currencyservice,2749584,2749577,0,0,0,14589993,2749577
2026-10-04T14:02:11Z,frontend,emailservice,0,0,0,0,0,0,0
2026-10-04T14:02:11Z,frontend,frontend,0,0,0,0,0,0,0
2026-10-04T14:02:11Z,frontend,kubernetes,0,0,0,0,0,0,0
2026-10-04T14:02:11Z,frontend,paymentservice,0,0,0,0,0,0,0
2026-10-04T14:02:11Z,frontend,productcatalogservice,7676840,7676779,0,0,0,52315430,7676779
2026-10-04T14:02:11Z,frontend,recommendationservice,2523996,1524786,0,104145,892890,769956520,1524786
2026-10-04T14:02:11Z,frontend,redis-cart,0,0,0,0,0,0,0
2026-10-04T14:02:11Z,frontend,shippingservice,283787,283785,0,0,0,858241,283785
2026-10-04T14:02:11Z,paymentservice,adservice,0,0,0,0,0,0,0
2026-10-04T14:02:11Z,paymentservice,cartservice,0,0,0,0,0,0,0
2026-10-04T14:02:11Z,paymentservice,checkoutservice,0,0,0,0,0,0,0
2026-10-04T14:02:11Z,paymentservice,currencyservice,0,0,0,0,0,0,0
2026-10-04T14:02:11Z,paymentservice,emailservice,0,0,0,0,0,0,0
2026-10-04T14:02:11Z,paymentservice,frontend,0,0,0,0,0,0,0
2026-10-04T14:02:11Z,paymentservice,kubernetes,0,0,0,0,0,0,0
2026-10-04T14:02:11Z,paymentservice,paymentservice,0,0,0,0,0,0,0
2026-10-04T14:02:11Z,paymentservice,productcatalogservice,0,0,0,0,0,0,0
2026-10-04T14:02:11Z,paymentservice,recommendationservice,0,0,0,0,0,0,0
2026-10-04T14:02:11Z,paymentservice,redis-cart,0,0,0,0,0,0,0
2026-10-04T14:02:11Z,paymentservice,shippingservice,0,0,0,0,0,0,0
2026-10-04T14:02:11Z,productcatalogservice,adservice,0,0,0,0,0,0,0
2026-10-04T14:02:11Z,productcatalogservice,cartservice,0,0,0,0,0,0,0
2026-10-04T14:02:11Z,productcatalogservice,checkoutservice,0,0,0,0,0,0,0
2026-10-04T14:02:11Z,productcatalogservice,currencyservice,0,0,0,0,0,0,0
2026-10-04T14:02:11Z,productcatalogservice,emailservice,0,0,0,0,0,0,0
2026-10-04T14:02:11Z,productcatalogservice,frontend,0,0,0,0,0,0,0
2026-10-04T14:02:11Z,productcatalogservice,kubernetes,0,0,0,0,0,0,0
2026-10-04T14:02:11Z,productcatalogservice,paymentservice,0,0,0,0,0,0,0
2026-10-04T14:02:11Z,productcatalogservice,productcatalogservice,0,0,0,0,0,0,0
2026-10-04T14:02:11Z,productcatalogservice,recommendationservice,0,0,0,0,0,0,0
2026-10-04T14:02:11Z,productcatalogservice,redis-cart,0,0,0,0,0,0,0
2026-10-04T14:02:11Z,productcatalogservice,shippingservice,0,0,0,0,0,0,0
2026-10-04T14:02:11Z,recommendationservice,adservice,0,0,0,0,0,0,0
2026-10-04T14:02:11Z,recommendationservice,cartservice,0,0,0,0,0,0,0
2026-10-04T14:02:11Z,recommendationservice,checkoutservice,0,0,0,0,0,0,0
2026-10-04T14:02:11Z,recommendationservice,currencyservice,0,0,0,0,0,0,0
2026-10-04T14:02:11Z,recommendationservice,emailservice,0,0,0,0,0,0,0
2026-10-04T14:02:11Z,recommendationservice,frontend,0,0,0,0,0,0,0
2026-10-04T14:02:11Z,recommendationservice,kubernetes,0,0,0,0,0,0,0
2026-10-04T14:02:11Z,recommendationservice,paymentservice,0,0,0,0,0,0,0
2026-10-04T14:02:11Z,recommendationservice,productcatalogservice,0,0,0,0,0,0,0
2026-10-04T14:02:11Z,recommendationservice,recommendationservice,0,0,0,0,0,0,0
2026-10-04T14:02:11Z,recommendationservice,redis-cart,0,0,0,0,0,0,0
2026-10-04T14:02:11Z,recommendationservice,shippingservice,0,0,0,0,0,0,0
2026-10-04T14:02:11Z,redis-cart,adservice,0,0,0,0,0,0,0
2026-10-04T14:02:11Z,redis-cart,cartservice,0,0,0,0,0,0,0
2026-10-04T14:02:11Z,redis-cart,checkoutservice,0,0,0,0,0,0,0
2026-10-04T14:02:11Z,redis-cart,currencyservice,0,0,0,0,0,0,0
2026-10-04T14:02:11Z,redis-cart,emailservice,0,0,0,0,0,0,0
2026-10-04T14:02:11Z,redis-cart,frontend,0,0,0,0,0,0,0
2026-10-04T14:02:11Z,redis-cart,kubernetes,0,0,0,0,0,0,0
2026-10-04T14:02:11Z,redis-cart,paymentservice,0,0,0,0,0,0,0
2026-10-04T14:02:11Z,redis-cart,productcatalogservice,0,0,0,0,0,0,0
2026-10-04T14:02:11Z,redis-cart,recommendationservice,0,0,0,0,0,0,0
2026-10-04T14:02:11Z,redis-cart,redis-cart,0,0,0,0,0,0,0
2026-10-04T14:02:11Z,redis-cart,shippingservice,0,0,0,0,0,0,0
2026-10-04T14:02:11Z,shippingservice,adservice,0,0,0,0,0,0,0
2026-10-04T14:02:11Z,shippingservice,cartservice,0,0,0,0,0,0,0
2026-10-04T14:02:11Z,shippingservice,checkoutservice,0,0,0,0,0,0,0
2026-10-04T14:02:11Z,shippingservice,currencyservice,0,0,0,0,0,0,0
2026-10-04T14:02:11Z,shippingservice,emailservice,0,0,0,0,0,0,0
2026-10-04T14:02:11Z,shippingservice,frontend,0,0,0,0,0,0,0
2026-10-04T14:02:11Z,shippingservice,kubernetes,0,0,0,0,0,0,0
2026-10-04T14:02:11Z,shippingservice,paymentservice,0,0,0,0,0,0,0
2026-10-04T14:02:11Z,shippingservice,productcatalogservice,0,0,0,0,0,0,0
2026-10-04T14:02:11Z,shippingservice,recommendationservice,0,0,0,0,0,0,0
2026-10-04T14:02:11Z,shippingservice,redis-cart,0,0,0,0,0,0,0
2026-10-04T14:02:11Z,shippingservice,shippingservice,0,0,0,0,0,0,0
2026-10-04T14:02:12Z,adservice,adservice,0,0,0,0,0,0,0
2026-10-04T14:02:12Z,adservice,cartservice,0,0,0,0,0,0,0
2026-10-04T14:02:12Z,adservice,checkoutservice,0,0,0,0,0,0,0
2026-10-04T14:02:12Z,adservice,currencyservice,0,0,0,0,0,0,0
2026-10-04T14:02:12Z,adservice,emailservice,0,0,0,0,0,0,0
2026-10-04T14:02:12Z,adservice,frontend,0,0,0,0,0,0,0
2026-10-04T14:02:12Z,adservice,kubernetes,0,0,0,0,0,0,0
2026-10-04T14:02:12Z,adservice,paymentservice,0,0,0,0,0,0,0
2026-10-04T14:02:12Z,adservice,productcatalogservice,0,0,0,0,0,0,0
2026-10-04T14:02:12Z,adservice,recommendationservice,0,0,0,0,0,0,0
2026-10-04T14:02:12Z,adservice,redis-cart,0,0,0,0,0,0,0
2026-10-04T14:02:12Z,adservice,shippingservice,0,0,0,0,0,0,0
2026-10-04T14:02:12Z,cartservice,adservice,0,0,0,0,0,0,0
2026-10-04T14:02:12Z,cartservice,cartservice,0,0,0,0,0,0,0
2026-10-04T14:02:12Z,cartservice,checkoutservice,0,0,0,0,0,0,0
2026-10-04T14:02:12Z,cartservice,currencyservice,0,0,0,0,0,0,0
2026-10-04T14:02:12Z,cartservice,emailservice,0,0,0,0,0,0,0
2026-10-04T14:02:12Z,cartservice,frontend,0,0,0,0,0,0,0
2026-10-04T14:02:12Z,cartservice,kubernetes,0,0,0,0,0,0,0
2026-10-04T14:02:12Z,cartservice,paymentservice,0,0,0,0,0,0,0
2026-10-04T14:02:12Z,cartservice,productcatalogservice,0,0,0,0,0,0,0
2026-10-04T14:02:12Z,cartservice,recommendationservice,0,0,0,0,0,0,0
2026-10-04T14:02:12Z,cartservice,redis-cart,2,0,0,0,0,0,0
2026-10-04T14:02:12Z,cartservice,shippingservice,0,0,0,0,0,0,0
2026-10-04T14:02:12Z,checkoutservice,adservice,0,0,0,0,0,0,0
2026-10-04T14:02:12Z,checkoutservice,cartservice,0,0,0,0,0,0,0
2026-10-04T14:02:12Z,checkoutservice,checkoutservice,0,0,0,0,0,0,0
2026-10-04T14:02:12Z,checkoutservice,currencyservice,0,0,0,0,0,0,0
2026-10-04T14:02:12Z,checkoutservice,emailservice,0,0,0,0,0,0,0
2026-10-04T14:02:12Z,checkoutservice,frontend,0,0,0,0,0,0,0
2026-10-04T14:02:12Z,checkoutservice,kubernetes,0,0,0,0,0,0,0
2026-10-04T14:02:12Z,checkoutservice,paymentservice,0,0,0,0,0,0,0
2026-10-04T14:02:12Z,checkoutservice,productcatalogservice,0,0,0,0,0,0,0
2026-10-04T14:02:12Z,checkoutservice,recommendationservice,0,0,0,0,0,0,0
2026-10-04T14:02:12Z,checkoutservice,redis-cart,0,0,0,0,0,0,0
2026-10-04T14:02:12Z,checkoutservice,shippingservice,0,0,0,0,0,0,0
2026-10-04T14:02:12Z,currencyservice,adservice,0,0,0,0,0,0,0
2026-10-04T14:02:12Z,currencyservice,cartservice,0,0,0,0,0,0,0
2026-10-04T14:02:12Z,currencyservice,checkoutservice,0,0,0,0,0,0,0
2026-10-04T14:02:12Z,currencyservice,currencyservice,0,0,0,0,0,0,0
2026-10-04T14:02:12Z,currencyservice,emailservice,0,0,0,0,0,0,0
2026-10-04T14:02:12Z,currencyservice,frontend,0,0,0,0,0,0,0
2026-10-04T14:02:12Z,currencyservice,kubernetes,0,0,0,0,0,0,0
2026-10-04T14:02:12Z,currencyservice,paymentservice,0,0,0,0,0,0,0
2026-10-04T14:02:12Z,currencyservice,productcatalogservice,0,0,0,0,0,0,0
2026-10-04T14:02:12Z,currencyservice,recommendationservice,0,0,0,0,0,0,0
2026-10-04T14:02:12Z,currencyservice,redis-cart,0,0,0,0,0,0,0
2026-10-04T14:02:12Z,currencyservice,shippingservice,0,0,0,0,0,0,0
2026-10-04T14:02:12Z,emailservice,adservice,0,0,0,0,0,0,0
2026-10-04T14:02:12Z,emailservice,cartservice,0,0,0,0,0,0,0
2026-10-04T14:02:12Z,emailservice,checkoutservice,0,0,0,0,0,0,0
2026-10-04T14:02:12Z,emailservice,currencyservice,0,0,0,0,0,0,0
2026-10-04T14:02:12Z,emailservice,emailservice,0,0,0,0,0,0,0
2026-10-04T14:02:12Z,emailservice,frontend,0,0,0,0,0,0,0
2026-10-04T14:02:12Z,emailservice,kubernetes,0,0,0,0,0,0,0
2026-10-04T14:02:12Z,emailservice,paymentservice,0,0,0,0,0,0,0
2026-10-04T14:02:12Z,emailservice,productcatalogservice,0,0,0,0,0,0,0
2026-10-04T14:02:12Z,emailservice,recommendationservice,0,0,0,0,0,0,0
2026-10-04T14:02:12Z,emailservice,redis-cart,0,0,0,0,0,0,0
2026-10-04T14:02:12Z,emailservice,shippingservice,0,0,0,0,0,0,0
2026-10-04T14:02:12Z,frontend,adservice,773781,773779,0,0,0,2334061,773779
2026-10-04T14:02:12Z,frontend,cartservice,1730573,1730561,0,0,4,9624535,1730561
2026-10-04T14:02:12Z,frontend,checkoutservice,354811,173691,0,34332,146696,55608828,173690
2026-10-04T14:02:12Z,frontend,currencyservice,2749584,2749577,0,0,0,14589993,2749577
2026-10-04T14:02:12Z,frontend,emailservice,0,0,0,0,0,0,0
2026-10-04T14:02:12Z,frontend,frontend,0,0,0,0,0,0,0
2026-10-04T14:02:12Z,frontend,kubernetes,0,0,0,0,0,0,0
2026-10-04T14:02:12Z,frontend,paymentservice,0,0,0,0,0,0,0
2026-10-04T14:02:12Z,frontend,productcatalogservice,7676840,7676779,0,0,0,52315430,7676779
2026-10-04T14:02:12Z,frontend,recommendationservice,2523996,1524786,0,104145,892890,769956520,1524786
2026-10-04T14:02:12Z,frontend,redis-cart,0,0,0,0,0,0,0
2026-10-04T14:02:12Z,frontend,shippingservice,283787,283785,0,0,0,858241,283785
2026-10-04T14:02:12Z,paymentservice,adservice,0,0,0,0,0,0,0
2026-10-04T14:02:12Z,paymentservice,cartservice,0,0,0,0,0,0,0
2026-10-04T14:02:12Z,paymentservice,checkoutservice,0,0,0,0,0,0,0
2026-10-04T14:02:12Z,paymentservice,currencyservice,0,0,0,0,0,0,0
2026-10-04T14:02:12Z,paymentservice,emailservice,0,0,0,0,0,0,0
2026-10-04T14:02:12Z,paymentservice,frontend,0,0,0,0,0,0,0
2026-10-04T14:02:12Z,paymentservice,kubernetes,0,0,0,0,0,0,0
2026-10-04T14:02:12Z,paymentservice,paymentservice,0,0,0,0,0,0,0
2026-10-04T14:02:12Z,paymentservice,productcatalogservice,0,0,0,0,0,0,0
2026-10-04T14:02:12Z,paymentservice,recommendationservice,0,0,0,0,0,0,0
2026-10-04T14:02:12Z,paymentservice,redis-cart,0,0,0,0,0,0,0
2026-10-04T14:02:12Z,paymentservice,shippingservice,0,0,0,0,0,0,0
2026-10-04T14:02:12Z,productcatalogservice,adservice,0,0,0,0,0,0,0
2026-10-04T14:02:12Z,productcatalogservice,cartservice,0,0,0,0,0,0,0
2026-10-04T14:02:12Z,productcatalogservice,checkoutservice,0,0,0,0,0,0,0
2026-10-04T14:02:12Z,productcatalogservice,currencyservice,0,0,0,0,0,0,0
2026-10-04T14:02:12Z,productcatalogservice,emailservice,0,0,0,0,0,0,0
2026-10-04T14:02:12Z,productcatalogservice,frontend,0,0,0,0,0,0,0
2026-10-04T14:02:12Z,productcatalogservice,kubernetes,0,0,0,0,0,0,0
2026-10-04T14:02:12Z,productcatalogservice,paymentservice,0,0,0,0,0,0,0
2026-10-04T14:02:12Z,productcatalogservice,productcatalogservice,0,0,0,0,0,0,0
2026-10-04T14:02:12Z,productcatalogservice,recommendationservice,0,0,0,0,0,0,0
2026-10-04T14:02:12Z,productcatalogservice,redis-cart,0,0,0,0,0,0,0
2026-10-04T14:02:12Z,productcatalogservice,shippingservice,0,0,0,0,0,0,0
2026-10-04T14:02:12Z,recommendationservice,adservice,0,0,0,0,0,0,0
2026-10-04T14:02:12Z,recommendationservice,cartservice,0,0,0,0,0,0,0
2026-10-04T14:02:12Z,recommendationservice,checkoutservice,0,0,0,0,0,0,0
2026-10-04T14:02:12Z,recommendationservice,currencyservice,0,0,0,0,0,0,0
2026-10-04T14:02:12Z,recommendationservice,emailservice,0,0,0,0,0,0,0
2026-10-04T14:02:12Z,recommendationservice,frontend,0,0,0,0,0,0,0
2026-10-04T14:02:12Z,recommendationservice,kubernetes,0,0,0,0,0,0,0
2026-10-04T14:02:12Z,recommendationservice,paymentservice,0,0,0,0,0,0,0
2026-10-04T14:02:12Z,recommendationservice,productcatalogservice,0,0,0,0,0,0,0
2026-10-04T14:02:12Z,recommendationservice,recommendationservice,0,0,0,0,0,0,0
2026-10-04T14:02:12Z,recommendationservice,redis-cart,0,0,0,0,0,0,0
2026-10-04T14:02:12Z,recommendationservice,shippingservice,0,0,0,0,0,0,0
2026-10-04T14:02:12Z,redis-cart,adservice,0,0,0,0,0,0,0
2026-10-04T14:02:12Z,redis-cart,cartservice,0,0,0,0,0,0,0
2026-10-04T14:02:12Z,redis-cart,checkoutservice,0,0,0,0,0,0,0
2026-10-04T14:02:12Z,redis-cart,currencyservice,0,0,0,0,0,0,0
2026-10-04T14:02:12Z,redis-cart,emailservice,0,0,0,0,0,0,0
2026-10-04T14:02:12Z,redis-cart,frontend,0,0,0,0,0,0,0
2026-10-04T14:02:12Z,redis-cart,kubernetes,0,0,0,0,0,0,0
2026-10-04T14:02:12Z,redis-cart,paymentservice,0,0,0,0,0,0,0
2026-10-04T14:02:12Z,redis-cart,productcatalogservice,0,0,0,0,0,0,0
2026-10-04T14:02:12Z,redis-cart,recommendationservice,0,0,0,0,0,0,0
2026-10-04T14:02:12Z,redis-cart,redis-cart,0,0,0,0,0,0,0
2026-10-04T14:02:12Z,redis-cart,shippingservice,0,0,0,0,0,0,0
2026-10-04T14:02:12Z,shippingservice,adservice,0,0,0,0,0,0,0
2026-10-04T14:02:12Z,shippingservice,cartservice,0,0,0,0,0,0,0
2026-10-04T14:02:12Z,shippingservice,checkoutservice,0,0,0,0,0,0,0
2026-10-04T14:02:12Z,shippingservice,currencyservice,0,0,0,0,0,0,0
2026-10-04T14:02:12Z,shippingservice,emailservice,0,0,0,0,0,0,0
2026-10-04T14:02:12Z,shippingservice,frontend,0,0,0,0,0,0,0
2026-10-04T14:02:12Z,shippingservice,kubernetes,0,0,0,0,0,0,0
2026-10-04T14:02:12Z,shippingservice,paymentservice,0,0,0,0,0,0,0
2026-10-04T14:02:12Z,shippingservice,productcatalogservice,0,0,0,0,0,0,0
2026-10-04T14:02:12Z,shippingservice,recommendationservice,0,0,0,0,0,0,0
2026-10-04T14:02:12Z,shippingservice,redis-cart,0,0,0,0,0,0,0
2026-10-04T14:02:12Z,shippingservice,shippingservice,0,0,0,0,0,0,0
2026-10-04T14:02:13Z,adservice,adservice,0,0,0,0,0,0,0
2026-10-04T14:02:13Z,adservice,cartservice,0,0,0,0,0,0,0
2026-10-04T14:02:13Z,adservice,checkoutservice,0,0,0,0,0,0,0
2026-10-04T14:02:13Z,adservice,currencyservice,0,0,0,0,0,0,0
2026-10-04T14:02:13Z,adservice,emailservice,0,0,0,0,0,0,0
2026-10-04T14:02:13Z,adservice,frontend,0,0,0,0,0,0,0
2026-10-04T14:02:13Z,adservice,kubernetes,0,0,0,0,0,0,0
2026-10-04T14:02:13Z,adservice,paymentservice,0,0,0,0,0,0,0
2026-10-04T14:02:13Z,adservice,productcatalogservice,0,0,0,0,0,0,0
2026-10-04T14:02:13Z,adservice,recommendationservice,0,0,0,0,0,0,0
2026-10-04T14:02:13Z,adservice,redis-cart,0,0,0,0,0,0,0
2026-10-04T14:02:13Z,adservice,shippingservice,0,0,0,0,0,0,0
2026-10-04T14:02:13Z,cartservice,adservice,0,0,0,0,0,0,0
2026-10-04T14:02:13Z,cartservice,cartservice,0,0,0,0,0,0,0
2026-10-04T14:02:13Z,cartservice,checkoutservice,0,0,0,0,0,0,0
2026-10-04T14:02:13Z,cartservice,currencyservice,0,0,0,0,0,0,0
2026-10-04T14:02:13Z,cartservice,emailservice,0,0,0,0,0,0,0
2026-10-04T14:02:13Z,cartservice,frontend,0,0,0,0,0,0,0
2026-10-04T14:02:13Z,cartservice,kubernetes,0,0,0,0,0,0,0
2026-10-04T14:02:13Z,cartservice,paymentservice,0,0,0,0,0,0,0
2026-10-04T14:02:13Z,cartservice,productcatalogservice,0,0,0,0,0,0,0
2026-10-04T14:02:13Z,cartservice,recommendationservice,0,0,0,0,0,0,0
2026-10-04T14:02:13Z,cartservice,redis-cart,2,0,0,0,0,0,0
2026-10-04T14:02:13Z,cartservice,shippingservice,0,0,0,0,0,0,0
2026-10-04T14:02:13Z,checkoutservice,adservice,0,0,0,0,0,0,0
2026-10-04T14:02:13Z,checkoutservice,cartservice,0,0,0,0,0,0,0
2026-10-04T14:02:13Z,checkoutservice,checkoutservice,0,0,0,0,0,0,0
2026-10-04T14:02:13Z,checkoutservice,currencyservice,0,0,0,0,0,0,0
2026-10-04T14:02:13Z,checkoutservice,emailservice,0,0,0,0,0,0,0
2026-10-04T14:02:13Z,checkoutservice,frontend,0,0,0,0,0,0,0
2026-10-04T14:02:13Z,checkoutservice,kubernetes,0,0,0,0,0,0,0
2026-10-04T14:02:13Z,checkoutservice,paymentservice,0,0,0,0,0,0,0
2026-10-04T14:02:13Z,checkoutservice,productcatalogservice,0,0,0,0,0,0,0
2026-10-04T14:02:13Z,checkoutservice,recommendationservice,0,0,0,0,0,0,0
2026-10-04T14:02:13Z,checkoutservice,redis-cart,0,0,0,0,0,0,0
2026-10-04T14:02:13Z,checkoutservice,shippingservice,0,0,0,0,0,0,0
2026-10-04T14:02:13Z,currencyservice,adservice,0,0,0,0,0,0,0
2026-10-04T14:02:13Z,currencyservice,cartservice,0,0,0,0,0,0,0
2026-10-04T14:02:13Z,currencyservice,checkoutservice,0,0,0,0,0,0,0
2026-10-04T14:02:13Z,currencyservice,currencyservice,0,0,0,0,0,0,0
2026-10-04T14:02:13Z,currencyservice,emailservice,0,0,0,0,0,0,0
2026-10-04T14:02:13Z,currencyservice,frontend,0,0,0,0,0,0,0
2026-10-04T14:02:13Z,currencyservice,kubernetes,0,0,0,0,0,0,0
2026-10-04T14:02:13Z,currencyservice,paymentservice,0,0,0,0,0,0,0
2026-10-04T14:02:13Z,currencyservice,productcatalogservice,0,0,0,0,0,0,0
2026-10-04T14:02:13Z,currencyservice,recommendationservice,0,0,0,0,0,0,0
2026-10-04T14:02:13Z,currencyservice,redis-cart,0,0,0,0,0,0,0
2026-10-04T14:02:13Z,currencyservice,shippingservice,0,0,0,0,0,0,0
2026-10-04T14:02:13Z,emailservice,adservice,0,0,0,0,0,0,0
2026-10-04T14:02:13Z,emailservice,cartservice,0,0,0,0,0,0,0
2026-10-04T14:02:13Z,emailservice,checkoutservice,0,0,0,0,0,0,0
2026-10-04T14:02:13Z,emailservice,currencyservice,0,0,0,0,0,0,0
2026-10-04T14:02:13Z,emailservice,emailservice,0,0,0,0,0,0,0
2026-10-04T14:02:13Z,emailservice,frontend,0,0,0,0,0,0,0
2026-10-04T14:02:13Z,emailservice,kubernetes,0,0,0,0,0,0,0
2026-10-04T14:02:13Z,emailservice,paymentservice,0,0,0,0,0,0,0
2026-10-04T14:02:13Z,emailservice,productcatalogservice,0,0,0,0,0,0,0
2026-10-04T14:02:13Z,emailservice,recommendationservice,0,0,0,0,0,0,0
2026-10-04T14:02:13Z,emailservice,redis-cart,0,0,0,0,0,0,0
2026-10-04T14:02:13Z,emailservice,shippingservice,0,0,0,0,0,0,0
2026-10-04T14:02:13Z,frontend,adservice,773781,773779,0,0,0,2334061,773779
2026-10-04T14:02:13Z,frontend,cartservice,1730573,1730561,0,0,4,9624535,1730561
2026-10-04T14:02:13Z,frontend,checkoutservice,354811,173691,0,34332,146696,55608828,173690
2026-10-04T14:02:13Z,frontend,currencyservice,2749584,2749577,0,0,0,14589993,2749577
2026-10-04T14:02:13Z,frontend,emailservice,0,0,0,0,0,0,0
2026-10-04T14:02:13Z,frontend,frontend,0,0,0,0,0,0,0
2026-10-04T14:02:13Z,frontend,kubernetes,0,0,0,0,0,0,0
2026-10-04T14:02:13Z,frontend,paymentservice,0,0,0,0,0,0,0
2026-10-04T14:02:13Z,frontend,productcatalogservice,7676840,7676779,0,0,0,52315430,7676779
2026-10-04T14:02:13Z,frontend,recommendationservice,2523996,1524786,0,104145,892890,769956520,1524786
2026-10-04T14:02:13Z,frontend,redis-cart,0,0,0,0,0,0,0
2026-10-04T14:02:13Z,frontend,shippingservice,283787,283785,0,0,0,858241,283785
2026-10-04T14:02:13Z,paymentservice,adservice,0,0,0,0,0,0,0
2026-10-04T14:02:13Z,paymentservice,cartservice,0,0,0,0,0,0,0
2026-10-04T14:02:13Z,paymentservice,checkoutservice,0,0,0,0,0,0,0
2026-10-04T14:02:13Z,paymentservice,currencyservice,0,0,0,0,0,0,0
2026-10-04T14:02:13Z,paymentservice,emailservice,0,0,0,0,0,0,0
2026-10-04T14:02:13Z,paymentservice,frontend,0,0,0,0,0,0,0
2026-10-04T14:02:13Z,paymentservice,kubernetes,0,0,0,0,0,0,0
2026-10-04T14:02:13Z,paymentservice,paymentservice,0,0,0,0,0,0,0
2026-10-04T14:02:13Z,paymentservice,productcatalogservice,0,0,0,0,0,0,0
2026-10-04T14:02:13Z,paymentservice,recommendationservice,0,0,0,0,0,0,0
2026-10-04T14:02:13Z,paymentservice,redis-cart,0,0,0,0,0,0,0
2026-10-04T14:02:13Z,paymentservice,shippingservice,0,0,0,0,0,0,0
2026-10-04T14:02:13Z,productcatalogservice,adservice,0,0,0,0,0,0,0
2026-10-04T14:02:13Z,productcatalogservice,cartservice,0,0,0,0,0,0,0
2026-10-04T14:02:13Z,productcatalogservice,checkoutservice,0,0,0,0,0,0,0
2026-10-04T14:02:13Z,productcatalogservice,currencyservice,0,0,0,0,0,0,0
2026-10-04T14:02:13Z,productcatalogservice,emailservice,0,0,0,0,0,0,0
2026-10-04T14:02:13Z,productcatalogservice,frontend,0,0,0,0,0,0,0
2026-10-04T14:02:13Z,productcatalogservice,kubernetes,0,0,0,0,0,0,0
2026-10-04T14:02:13Z,productcatalogservice,paymentservice,0,0,0,0,0,0,0
2026-10-04T14:02:13Z,productcatalogservice,productcatalogservice,0,0,0,0,0,0,0
2026-10-04T14:02:13Z,productcatalogservice,recommendationservice,0,0,0,0,0,0,0
2026-10-04T14:02:13Z,productcatalogservice,redis-cart,0,0,0,0,0,0,0
2026-10-04T14:02:13Z,productcatalogservice,shippingservice,0,0,0,0,0,0,0
2026-10-04T14:02:13Z,recommendationservice,adservice,0,0,0,0,0,0,0
2026-10-04T14:02:13Z,recommendationservice,cartservice,0,0,0,0,0,0,0
2026-10-04T14:02:13Z,recommendationservice,checkoutservice,0,0,0,0,0,0,0
2026-10-04T14:02:13Z,recommendationservice,currencyservice,0,0,0,0,0,0,0
2026-10-04T14:02:13Z,recommendationservice,emailservice,0,0,0,0,0,0,0
2026-10-04T14:02:13Z,recommendationservice,frontend,0,0,0,0,0,0,0
2026-10-04T14:02:13Z,recommendationservice,kubernetes,0,0,0,0,0,0,0
2026-10-04T14:02:13Z,recommendationservice,paymentservice,0,0,0,0,0,0,0
2026-10-04T14:02:13Z,recommendationservice,productcatalogservice,0,0,0,0,0,0,0
2026-10-04T14:02:13Z,recommendationservice,recommendationservice,0,0,0,0,0,0,0
2026-10-04T14:02:13Z,recommendationservice,redis-cart,0,0,0,0,0,0,0
2026-10-04T14:02:13Z,recommendationservice,shippingservice,0,0,0,0,0,0,0
2026-10-04T14:02:13Z,redis-cart,adservice,0,0,0,0,0,0,0
2026-10-04T14:02:13Z,redis-cart,cartservice,0,0,0,0,0,0,0
2026-10-04T14:02:13Z,redis-cart,checkoutservice,0,0,0,0,0,0,0
2026-10-04T14:02:13Z,redis-cart,currencyservice,0,0,0,0,0,0,0
2026-10-04T14:02:13Z,redis-cart,emailservice,0,0,0,0,0,0,0
2026-10-04T14:02:13Z,redis-cart,frontend,0,0,0,0,0,0,0
2026-10-04T14:02:13Z,redis-cart,kubernetes,0,0,0,0,0,0,0
2026-10-04T14:02:13Z,redis-cart,paymentservice,0,0,0,0,0,0,0
2026-10-04T14:02:13Z,redis-cart,productcatalogservice,0,0,0,0,0,0,0
2026-10-04T14:02:13Z,redis-cart,recommendationservice,0,0,0,0,0,0,0
2026-10-04T14:02:13Z,redis-cart,redis-cart,0,0,0,0,0,0,0
2026-10-04T14:02:13Z,redis-cart,shippingservice,0,0,0,0,0,0,0
2026-10-04T14:02:13Z,shippingservice,adservice,0,0,0,0,0,0,0
2026-10-04T14:02:13Z,shippingservice,cartservice,0,0,0,0,0,0,0
2026-10-04T14:02:13Z,shippingservice,checkoutservice,0,0,0,0,0,0,0
2026-10-04T14:02:13Z,shippingservice,currencyservice,0,0,0,0,0,0,0
2026-10-04T14:02:13Z,shippingservice,emailservice,0,0,0,0,0,0,0
2026-10-04T14:02:13Z,shippingservice,frontend,0,0,0,0,0,0,0
2026-10-04T14:02:13Z,shippingservice,kubernetes,0,0,0,0,0,0,0
2026-10-04T14:02:13Z,shippingservice,paymentservice,0,0,0,0,0,0,0
2026-10-04T14:02:13Z,shippingservice,productcatalogservice,0,0,0,0,0,0,0
2026-10-04T14:02:13Z,shippingservice,recommendationservice,0,0,0,0,0,0,0
2026-10-04T14:02:13Z,shippingservice,redis-cart,0,0,0,0,0,0,0
2026-10-04T14:02:13Z,shippingservice,shippingservice,0,0,0,0,0,0,0
2026-10-04T14:02:14Z,adservice,adservice,0,0,0,0,0,0,0
2026-10-04T14:02:14Z,adservice,cartservice,0,0,0,0,0,0,0
2026-10-04T14:02:14Z,adservice,checkoutservice,0,0,0,0,0,0,0
2026-10-04T14:02:14Z,adservice,currencyservice,0,0,0,0,0,0,0
2026-10-04T14:02:14Z,adservice,emailservice,0,0,0,0,0,0,0
2026-10-04T14:02:14Z,adservice,frontend,0,0,0,0,0,0,0
2026-10-04T14:02:14Z,adservice,kubernetes,0,0,0,0,0,0,0
2026-10-04T14:02:14Z,adservice,paymentservice,0,0,0,0,0,0,0
2026-10-04T14:02:14Z,adservice,productcatalogservice,0,0,0,0,0,0,0
2026-10-04T14:02:14Z,adservice,recommendationservice,0,0,0,0,0,0,0
2026-10-04T14:02:14Z,adservice,redis-cart,0,0,0,0,0,0,0
2026-10-04T14:02:14Z,adservice,shippingservice,0,0,0,0,0,0,0
2026-10-04T14:02:14Z,cartservice,adservice,0,0,0,0,0,0,0
2026-10-04T14:02:14Z,cartservice,cartservice,0,0,0,0,0,0,0
2026-10-04T14:02:14Z,cartservice,checkoutservice,0,0,0,0,0,0,0
2026-10-04T14:02:14Z,cartservice,currencyservice,0,0,0,0,0,0,0
2026-10-04T14:02:14Z,cartservice,emailservice,0,0,0,0,0,0,0
2026-10-04T14:02:14Z,cartservice,frontend,0,0,0,0,0,0,0
2026-10-04T14:02:14Z,cartservice,kubernetes,0,0,0,0,0,0,0
2026-10-04T14:02:14Z,cartservice,paymentservice,0,0,0,0,0,0,0
2026-10-04T14:02:14Z,cartservice,productcatalogservice,0,0,0,0,0,0,0
2026-10-04T14:02:14Z,cartservice,recommendationservice,0,0,0,0,0,0,0
2026-10-04T14:02:14Z,cartservice,redis-cart,2,0,0,0,0,0,0
2026-10-04T14:02:14Z,cartservice,shippingservice,0,0,0,0,0,0,0
2026-10-04T14:02:14Z,checkoutservice,adservice,0,0,0,0,0,0,0
2026-10-04T14:02:14Z,checkoutservice,cartservice,0,0,0,0,0,0,0
2026-10-04T14:02:14Z,checkoutservice,checkoutservice,0,0,0,0,0,0,0
2026-10-04T14:02:14Z,checkoutservice,currencyservice,0,0,0,0,0,0,0
2026-10-04T14:02:14Z,checkoutservice,emailservice,0,0,0,0,0,0,0
2026-10-04T14:02:14Z,checkoutservice,frontend,0,0,0,0,0,0,0
2026-10-04T14:02:14Z,checkoutservice,kubernetes,0,0,0,0,0,0,0
2026-10-04T14:02:14Z,checkoutservice,paymentservice,0,0,0,0,0,0,0
2026-10-04T14:02:14Z,checkoutservice,productcatalogservice,0,0,0,0,0,0,0
2026-10-04T14:02:14Z,checkoutservice,recommendationservice,0,0,0,0,0,0,0
2026-10-04T14:02:14Z,checkoutservice,redis-cart,0,0,0,0,0,0,0
2026-10-04T14:02:14Z,checkoutservice,shippingservice,0,0,0,0,0,0,0
2026-10-04T14:02:14Z,currencyservice,adservice,0,0,0,0,0,0,0
2026-10-04T14:02:14Z,currencyservice,cartservice,0,0,0,0,0,0,0
2026-10-04T14:02:14Z,currencyservice,checkoutservice,0,0,0,0,0,0,0
2026-10-04T14:02:14Z,currencyservice,currencyservice,0,0,0,0,0,0,0
2026-10-04T14:02:14Z,currencyservice,emailservice,0,0,0,0,0,0,0
2026-10-04T14:02:14Z,currencyservice,frontend,0,0,0,0,0,0,0
2026-10-04T14:02:14Z,currencyservice,kubernetes,0,0,0,0,0,0,0
2026-10-04T14:02:14Z,currencyservice,paymentservice,0,0,0,0,0,0,0
2026-10-04T14:02:14Z,currencyservice,productcatalogservice,0,0,0,0,0,0,0
2026-10-04T14:02:14Z,currencyservice,recommendationservice,0,0,0,0,0,0,0
2026-10-04T14:02:14Z,currencyservice,redis-cart,0,0,0,0,0,0,0
2026-10-04T14:02:14Z,currencyservice,shippingservice,0,0,0,0,0,0,0
2026-10-04T14:02:14Z,emailservice,adservice,0,0,0,0,0,0,0
2026-10-04T14:02:14Z,emailservice,cartservice,0,0,0,0,0,0,0
2026-10-04T14:02:14Z,emailservice,checkoutservice,0,0,0,0,0,0,0
2026-10-04T14:02:14Z,emailservice,currencyservice,0,0,0,0,0,0,0
2026-10-04T14:02:14Z,emailservice,emailservice,0,0,0,0,0,0,0
2026-10-04T14:02:14Z,emailservice,frontend,0,0,0,0,0,0,0
2026-10-04T14:02:14Z,emailservice,kubernetes,0,0,0,0,0,0,0
2026-10-04T14:02:14Z,emailservice,paymentservice,0,0,0,0,0,0,0
2026-10-04T14:02:14Z,emailservice,productcatalogservice,0,0,0,0,0,0,0
2026-10-04T14:02:14Z,emailservice,recommendationservice,0,0,0,0,0,0,0
2026-10-04T14:02:14Z,emailservice,redis-cart,0,0,0,0,0,0,0
2026-10-04T14:02:14Z,emailservice,shippingservice,0,0,0,0,0,0,0
2026-10-04T14:02:14Z,frontend,adservice,773781,773779,0,0,0,2334061,773779
2026-10-04T14:02:14Z,frontend,cartservice,1730573,1730561,0,0,4,9624535,1730561
2026-10-04T14:02:14Z,frontend,checkoutservice,354811,173691,0,34332,146696,55608828,173690
2026-10-04T14:02:14Z,frontend,currencyservice,2749584,2749577,0,0,0,14589993,2749577
2026-10-04T14:02:14Z,frontend,emailservice,0,0,0,0,0,0,0
2026-10-04T14:02:14Z,frontend,frontend,0,0,0,0,0,0,0
2026-10-04T14:02:14Z,frontend,kubernetes,0,0,0,0,0,0,0
2026-10-04T14:02:14Z,frontend,paymentservice,0,0,0,0,0,0,0
2026-10-04T14:02:14Z,frontend,productcatalogservice,7676840,7676779,0,0,0,52315430,7676779
2026-10-04T14:02:14Z,frontend,recommendationservice,2523996,1524786,0,104145,892890,769956520,1524786
2026-10-04T14:02:14Z,frontend,redis-cart,0,0,0,0,0,0,0
2026-10-04T14:02:14Z,frontend,shippingservice,283787,283785,0,0,0,858241,283785
2026-10-04T14:02:14Z,paymentservice,adservice,0,0,0,0,0,0,0
2026-10-04T14:02:14Z,paymentservice,cartservice,0,0,0,0,0,0,0
2026-10-04T14:02:14Z,paymentservice,checkoutservice,0,0,0,0,0,0,0
2026-10-04T14:02:14Z,paymentservice,currencyservice,0,0,0,0,0,0,0
2026-10-04T14:02:14Z,paymentservice,emailservice,0,0,0,0,0,0,0
2026-10-04T14:02:14Z,paymentservice,frontend,0,0,0,0,0,0,0
2026-10-04T14:02:14Z,paymentservice,kubernetes,0,0,0,0,0,0,0
2026-10-04T14:02:14Z,paymentservice,paymentservice,0,0,0,0,0,0,0
2026-10-04T14:02:14Z,paymentservice,productcatalogservice,0,0,0,0,0,0,0
2026-10-04T14:02:14Z,paymentservice,recommendationservice,0,0,0,0,0,0,0
2026-10-04T14:02:14Z,paymentservice,redis-cart,0,0,0,0,0,0,0
2026-10-04T14:02:14Z,paymentservice,shippingservice,0,0,0,0,0,0,0
2026-10-04T14:02:14Z,productcatalogservice,adservice,0,0,0,0,0,0,0
2026-10-04T14:02:14Z,productcatalogservice,cartservice,0,0,0,0,0,0,0
2026-10-04T14:02:14Z,productcatalogservice,checkoutservice,0,0,0,0,0,0,0
2026-10-04T14:02:14Z,productcatalogservice,currencyservice,0,0,0,0,0,0,0
2026-10-04T14:02:14Z,productcatalogservice,emailservice,0,0,0,0,0,0,0
2026-10-04T14:02:14Z,productcatalogservice,frontend,0,0,0,0,0,0,0
2026-10-04T14:02:14Z,productcatalogservice,kubernetes,0,0,0,0,0,0,0
2026-10-04T14:02:14Z,productcatalogservice,paymentservice,0,0,0,0,0,0,0
2026-10-04T14:02:14Z,productcatalogservice,productcatalogservice,0,0,0,0,0,0,0
2026-10-04T14:02:14Z,productcatalogservice,recommendationservice,0,0,0,0,0,0,0
2026-10-04T14:02:14Z,productcatalogservice,redis-cart,0,0,0,0,0,0,0
2026-10-04T14:02:14Z,productcatalogservice,shippingservice,0,0,0,0,0,0,0
2026-10-04T14:02:14Z,recommendationservice,adservice,0,0,0,0,0,0,0
2026-10-04T14:02:14Z,recommendationservice,cartservice,0,0,0,0,0,0,0
2026-10-04T14:02:14Z,recommendationservice,checkoutservice,0,0,0,0,0,0,0
2026-10-04T14:02:14Z,recommendationservice,currencyservice,0,0,0,0,0,0,0
2026-10-04T14:02:14Z,recommendationservice,emailservice,0,0,0,0,0,0,0
2026-10-04T14:02:14Z,recommendationservice,frontend,0,0,0,0,0,0,0
2026-10-04T14:02:14Z,recommendationservice,kubernetes,0,0,0,0,0,0,0
2026-10-04T14:02:14Z,recommendationservice,paymentservice,0,0,0,0,0,0,0
2026-10-04T14:02:14Z,recommendationservice,productcatalogservice,0,0,0,0,0,0,0
2026-10-04T14:02:14Z,recommendationservice,recommendationservice,0,0,0,0,0,0,0
2026-10-04T14:02:14Z,recommendationservice,redis-cart,0,0,0,0,0,0,0
2026-10-04T14:02:14Z,recommendationservice,shippingservice,0,0,0,0,0,0,0
2026-10-04T14:02:14Z,redis-cart,adservice,0,0,0,0,0,0,0
2026-10-04T14:02:14Z,redis-cart,cartservice,0,0,0,0,0,0,0
2026-10-04T14:02:14Z,redis-cart,checkoutservice,0,0,0,0,0,0,0
2026-10-04T14:02:14Z,redis-cart,currencyservice,0,0,0,0,0,0,0
2026-10-04T14:02:14Z,redis-cart,emailservice,0,0,0,0,0,0,0
2026-10-04T14:02:14Z,redis-cart,frontend,0,0,0,0,0,0,0
2026-10-04T14:02:14Z,redis-cart,kubernetes,0,0,0,0,0,0,0
2026-10-04T14:02:14Z,redis-cart,paymentservice,0,0,0,0,0,0,0
2026-10-04T14:02:14Z,redis-cart,productcatalogservice,0,0,0,0,0,0,0
2026-10-04T14:02:14Z,redis-cart,recommendationservice,0,0,0,0,0,0,0
2026-10-04T14:02:14Z,redis-cart,redis-cart,0,0,0,0,0,0,0
2026-10-04T14:02:14Z,redis-cart,shippingservice,0,0,0,0,0,0,0
2026-10-04T14:02:14Z,shippingservice,adservice,0,0,0,0,0,0,0
2026-10-04T14:02:14Z,shippingservice,cartservice,0,0,0,0,0,0,0
2026-10-04T14:02:14Z,shippingservice,checkoutservice,0,0,0,0,0,0,0
2026-10-04T14:02:14Z,shippingservice,currencyservice,0,0,0,0,0,0,0
2026-10-04T14:02:14Z,shippingservice,emailservice,0,0,0,0,0,0,0
2026-10-04T14:02:14Z,shippingservice,frontend,0,0,0,0,0,0,0
2026-10-04T14:02:14Z,shippingservice,kubernetes,0,0,0,0,0,0,0
2026-10-04T14:02:14Z,shippingservice,paymentservice,0,0,0,0,0,0,0
2026-10-04T14:02:14Z,shippingservice,productcatalogservice,0,0,0,0,0,0,0
2026-10-04T14:02:14Z,shippingservice,recommendationservice,0,0,0,0,0,0,0
2026-10-04T14:02:14Z,shippingservice,redis-cart,0,0,0,0,0,0,0
2026-10-04T14:02:14Z,shippingservice,shippingservice,0,0,0,0,0,0,0
2026-10-04T14:02:15Z,adservice,adservice,0,0,0,0,0,0,0
2026-10-04T14:02:15Z,adservice,cartservice,0,0,0,0,0,0,0
2026-10-04T14:02:15Z,adservice,checkoutservice,0,0,0,0,0,0,0
2026-10-04T14:02:15Z,adservice,currencyservice,0,0,0,0,0,0,0
2026-10-04T14:02:15Z,adservice,emailservice,0,0,0,0,0,0,0
2026-10-04T14:02:15Z,adservice,frontend,0,0,0,0,0,0,0
2026-10-04T14:02:15Z,adservice,kubernetes,0,0,0,0,0,0,0
2026-10-04T14:02:15Z,adservice,paymentservice,0,0,0,0,0,0,0
2026-10-04T14:02:15Z,adservice,productcatalogservice,0,0,0,0,0,0,0
2026-10-04T14:02:15Z,adservice,recommendationservice,0,0,0,0,0,0,0
2026-10-04T14:02:15Z,adservice,redis-cart,0,0,0,0,0,0,0
2026-10-04T14:02:15Z,adservice,shippingservice,0,0,0,0,0,0,0
2026-10-04T14:02:15Z,cartservice,adservice,0,0,0,0,0,0,0
2026-10-04T14:02:15Z,cartservice,cartservice,0,0,0,0,0,0,0
2026-10-04T14:02:15Z,cartservice,checkoutservice,0,0,0,0,0,0,0
2026-10-04T14:02:15Z,cartservice,currencyservice,0,0,0,0,0,0,0
2026-10-04T14:02:15Z,cartservice,emailservice,0,0,0,0,0,0,0
2026-10-04T14:02:15Z,cartservice,frontend,0,0,0,0,0,0,0
2026-10-04T14:02:15Z,cartservice,kubernetes,0,0,0,0,0,0,0
2026-10-04T14:02:15Z,cartservice,paymentservice,0,0,0,0,0,0,0
2026-10-04T14:02:15Z,cartservice,productcatalogservice,0,0,0,0,0,0,0
2026-10-04T14:02:15Z,cartservice,recommendationservice,0,0,0,0,0,0,0
2026-10-04T14:02:15Z,cartservice,redis-cart,2,0,0,0,0,0,0
2026-10-04T14:02:15Z,cartservice,shippingservice,0,0,0,0,0,0,0
2026-10-04T14:02:15Z,checkoutservice,adservice,0,0,0,0,0,0,0
2026-10-04T14:02:15Z,checkoutservice,cartservice,0,0,0,0,0,0,0
2026-10-04T14:02:15Z,checkoutservice,checkoutservice,0,0,0,0,0,0,0
2026-10-04T14:02:15Z,checkoutservice,currencyservice,0,0,0,0,0,0,0
2026-10-04T14:02:15Z,checkoutservice,emailservice,0,0,0,0,0,0,0
2026-10-04T14:02:15Z,checkoutservice,frontend,0,0,0,0,0,0,0
2026-10-04T14:02:15Z,checkoutservice,kubernetes,0,0,0,0,0,0,0
2026-10-04T14:02:15Z,checkoutservice,paymentservice,0,0,0,0,0,0,0
2026-10-04T14:02:15Z,checkoutservice,productcatalogservice,0,0,0,0,0,0,0
2026-10-04T14:02:15Z,checkoutservice,recommendationservice,0,0,0,0,0,0,0
2026-10-04T14:02:15Z,checkoutservice,redis-cart,0,0,0,0,0,0,0
2026-10-04T14:02:15Z,checkoutservice,shippingservice,0,0,0,0,0,0,0
2026-10-04T14:02:15Z,currencyservice,adservice,0,0,0,0,0,0,0
2026-10-04T14:02:15Z,currencyservice,cartservice,0,0,0,0,0,0,0
2026-10-04T14:02:15Z,currencyservice,checkoutservice,0,0,0,0,0,0,0
2026-10-04T14:02:15Z,currencyservice,currencyservice,0,0,0,0,0,0,0
2026-10-04T14:02:15Z,currencyservice,emailservice,0,0,0,0,0,0,0
2026-10-04T14:02:15Z,currencyservice,frontend,0,0,0,0,0,0,0
2026-10-04T14:02:15Z,currencyservice,kubernetes,0,0,0,0,0,0,0
2026-10-04T14:02:15Z,currencyservice,paymentservice,0,0,0,0,0,0,0
2026-10-04T14:02:15Z,currencyservice,productcatalogservice,0,0,0,0,0,0,0
2026-10-04T14:02:15Z,currencyservice,recommendationservice,0,0,0,0,0,0,0
2026-10-04T14:02:15Z,currencyservice,redis-cart,0,0,0,0,0,0,0
2026-10-04T14:02:15Z,currencyservice,shippingservice,0,0,0,0,0,0,0
2026-10-04T14:02:15Z,emailservice,adservice,0,0,0,0,0,0,0
2026-10-04T14:02:15Z,emailservice,cartservice,0,0,0,0,0,0,0
2026-10-04T14:02:15Z,emailservice,checkoutservice,0,0,0,0,0,0,0
2026-10-04T14:02:15Z,emailservice,currencyservice,0,0,0,0,0,0,0
2026-10-04T14:02:15Z,emailservice,emailservice,0,0,0,0,0,0,0
2026-10-04T14:02:15Z,emailservice,frontend,0,0,0,0,0,0,0
2026-10-04T14:02:15Z,emailservice,kubernetes,0,0,0,0,0,0,0
2026-10-04T14:02:15Z,emailservice,paymentservice,0,0,0,0,0,0,0
2026-10-04T14:02:15Z,emailservice,productcatalogservice,0,0,0,0,0,0,0
2026-10-04T14:02:15Z,emailservice,recommendationservice,0,0,0,0,0,0,0
2026-10-04T14:02:15Z,emailservice,redis-cart,0,0,0,0,0,0,0
2026-10-04T14:02:15Z,emailservice,shippingservice,0,0,0,0,0,0,0
2026-10-04T14:02:15Z,frontend,adservice,773781,773779,0,0,0,2334061,773779
2026-10-04T14:02:15Z,frontend,cartservice,1730573,1730561,0,0,4,9624535,1730561
2026-10-04T14:02:15Z,frontend,checkoutservice,354811,173691,0,34332,146696,55608828,173690
2026-10-04T14:02:15Z,frontend,currencyservice,2749584,2749577,0,0,0,14589993,2749577
2026-10-04T14:02:15Z,frontend,emailservice,0,0,0,0,0,0,0
2026-10-04T14:02:15Z,frontend,frontend,0,0,0,0,0,0,0
2026-10-04T14:02:15Z,frontend,kubernetes,0,0,0,0,0,0,0
2026-10-04T14:02:15Z,frontend,paymentservice,0,0,0,0,0,0,0
2026-10-04T14:02:15Z,frontend,productcatalogservice,7676840,7676779,0,0,0,52315430,7676779
2026-10-04T14:02:15Z,frontend,recommendationservice,2523996,1524786,0,104145,892890,769956520,1524786
2026-10-04T14:02:15Z,frontend,redis-cart,0,0,0,0,0,0,0
2026-10-04T14:02:15Z,frontend,shippingservice,283787,283785,0,0,0,858241,283785
2026-10-04T14:02:15Z,paymentservice,adservice,0,0,0,0,0,0,0
2026-10-04T14:02:15Z,paymentservice,cartservice,0,0,0,0,0,0,0
2026-10-04T14:02:15Z,paymentservice,checkoutservice,0,0,0,0,0,0,0
2026-10-04T14:02:15Z,paymentservice,currencyservice,0,0,0,0,0,0,0
2026-10-04T14:02:15Z,paymentservice,emailservice,0,0,0,0,0,0,0
2026-10-04T14:02:15Z,paymentservice,frontend,0,0,0,0,0,0,0
2026-10-04T14:02:15Z,paymentservice,kubernetes,0,0,0,0,0,0,0
2026-10-04T14:02:15Z,paymentservice,paymentservice,0,0,0,0,0,0,0
2026-10-04T14:02:15Z,paymentservice,productcatalogservice,0,0,0,0,0,0,0
2026-10-04T14:02:15Z,paymentservice,recommendationservice,0,0,0,0,0,0,0
2026-10-04T14:02:15Z,paymentservice,redis-cart,0,0,0,0,0,0,0
2026-10-04T14:02:15Z,paymentservice,shippingservice,0,0,0,0,0,0,0
2026-10-04T14:02:15Z,productcatalogservice,adservice,0,0,0,0,0,0,0
2026-10-04T14:02:15Z,productcatalogservice,cartservice,0,0,0,0,0,0,0
2026-10-04T14:02:15Z,productcatalogservice,checkoutservice,0,0,0,0,0,0,0
2026-10-04T14:02:15Z,productcatalogservice,currencyservice,0,0,0,0,0,0,0
2026-10-04T14:02:15Z,productcatalogservice,emailservice,0,0,0,0,0,0,0
2026-10-04T14:02:15Z,productcatalogservice,frontend,0,0,0,0,0,0,0
2026-10-04T14:02:15Z,productcatalogservice,kubernetes,0,0,0,0,0,0,0
2026-10-04T14:02:15Z,productcatalogservice,paymentservice,0,0,0,0,0,0,0
2026-10-04T14:02:15Z,productcatalogservice,productcatalogservice,0,0,0,0,0,0,0
2026-10-04T14:02:15Z,productcatalogservice,recommendationservice,0,0,0,0,0,0,0
2026-10-04T14:02:15Z,productcatalogservice,redis-cart,0,0,0,0,0,0,0
2026-10-04T14:02:15Z,productcatalogservice,shippingservice,0,0,0,0,0,0,0
2026-10-04T14:02:15Z,recommendationservice,adservice,0,0,0,0,0,0,0
2026-10-04T14:02:15Z,recommendationservice,cartservice,0,0,0,0,0,0,0
2026-10-04T14:02:15Z,recommendationservice,checkoutservice,0,0,0,0,0,0,0
2026-10-04T14:02:15Z,recommendationservice,currencyservice,0,0,0,0,0,0,0
2026-10-04T14:02:15Z,recommendationservice,emailservice,0,0,0,0,0,0,0
2026-10-04T14:02:15Z,recommendationservice,frontend,0,0,0,0,0,0,0
2026-10-04T14:02:15Z,recommendationservice,kubernetes,0,0,0,0,0,0,0
2026-10-04T14:02:15Z,recommendationservice,paymentservice,0,0,0,0,0,0,0
2026-10-04T14:02:15Z,recommendationservice,productcatalogservice,0,0,0,0,0,0,0
2026-10-04T14:02:15Z,recommendationservice,recommendationservice,0,0,0,0,0,0,0
2026-10-04T14:02:15Z,recommendationservice,redis-cart,0,0,0,0,0,0,0
2026-10-04T14:02:15Z,recommendationservice,shippingservice,0,0,0,0,0,0,0
2026-10-04T14:02:15Z,redis-cart,adservice,0,0,0,0,0,0,0
2026-10-04T14:02:15Z,redis-cart,cartservice,0,0,0,0,0,0,0
2026-10-04T14:02:15Z,redis-cart,checkoutservice,0,0,0,0,0,0,0
2026-10-04T14:02:15Z,redis-cart,currencyservice,0,0,0,0,0,0,0
2026-10-04T14:02:15Z,redis-cart,emailservice,0,0,0,0,0,0,0
2026-10-04T14:02:15Z,redis-cart,frontend,0,0,0,0,0,0,0
2026-10-04T14:02:15Z,redis-cart,kubernetes,0,0,0,0,0,0,0
2026-10-04T14:02:15Z,redis-cart,paymentservice,0,0,0,0,0,0,0
2026-10-04T14:02:15Z,redis-cart,productcatalogservice,0,0,0,0,0,0,0
2026-10-04T14:02:15Z,redis-cart,recommendationservice,0,0,0,0,0,0,0
2026-10-04T14:02:15Z,redis-cart,redis-cart,0,0,0,0,0,0,0
2026-10-04T14:02:15Z,redis-cart,shippingservice,0,0,0,0,0,0,0
2026-10-04T14:02:15Z,shippingservice,adservice,0,0,0,0,0,0,0
2026-10-04T14:02:15Z,shippingservice,cartservice,0,0,0,0,0,0,0
2026-10-04T14:02:15Z,shippingservice,checkoutservice,0,0,0,0,0,0,0
2026-10-04T14:02:15Z,shippingservice,currencyservice,0,0,0,0,0,0,0
2026-10-04T14:02:15Z,shippingservice,emailservice,0,0,0,0,0,0,0
2026-10-04T14:02:15Z,shippingservice,frontend,0,0,0,0,0,0,0
2026-10-04T14:02:15Z,shippingservice,kubernetes,0,0,0,0,0,0,0
2026-10-04T14:02:15Z,shippingservice,paymentservice,0,0,0,0,0,0,0
2026-10-04T14:02:15Z,shippingservice,productcatalogservice,0,0,0,0,0,0,0
2026-10-04T14:02:15Z,shippingservice,recommendationservice,0,0,0,0,0,0,0
2026-10-04T14:02:15Z,shippingservice,redis-cart,0,0,0,0,0,0,0
2026-10-04T14:02:15Z,shippingservice,shippingservice,0,0,0,0,0,0,0
2026-10-04T14:02:16Z,adservice,adservice,0,0,0,0,0,0,0
2026-10-04T14:02:16Z,adservice,cartservice,0,0,0,0,0,0,0
2026-10-04T14:02:16Z,adservice,checkoutservice,0,0,0,0,0,0,0
2026-10-04T14:02:16Z,adservice,currencyservice,0,0,0,0,0,0,0
2026-10-04T14:02:16Z,adservice,emailservice,0,0,0,0,0,0,0
2026-10-04T14:02:16Z,adservice,frontend,0,0,0,0,0,0,0
2026-10-04T14:02:16Z,adservice,kubernetes,0,0,0,0,0,0,0
2026-10-04T14:02:16Z,adservice,paymentservice,0,0,0,0,0,0,0
2026-10-04T14:02:16Z,adservice,productcatalogservice,0,0,0,0,0,0,0
2026-10-04T14:02:16Z,adservice,recommendationservice,0,0,0,0,0,0,0
2026-10-04T14:02:16Z,adservice,redis-cart,0,0,0,0,0,0,0
2026-10-04T14:02:16Z,adservice,shippingservice,0,0,0,0,0,0,0
2026-10-04T14:02:16Z,cartservice,adservice,0,0,0,0,0,0,0
2026-10-04T14:02:16Z,cartservice,cartservice,0,0,0,0,0,0,0
2026-10-04T14:02:16Z,cartservice,checkoutservice,0,0,0,0,0,0,0
2026-10-04T14:02:16Z,cartservice,currencyservice,0,0,0,0,0,0,0
2026-10-04T14:02:16Z,cartservice,emailservice,0,0,0,0,0,0,0
2026-10-04T14:02:16Z,cartservice,frontend,0,0,0,0,0,0,0
2026-10-04T14:02:16Z,cartservice,kubernetes,0,0,0,0,0,0,0
2026-10-04T14:02:16Z,cartservice,paymentservice,0,0,0,0,0,0,0
2026-10-04T14:02:16Z,cartservice,productcatalogservice,0,0,0,0,0,0,0
2026-10-04T14:02:16Z,cartservice,recommendationservice,0,0,0,0,0,0,0
2026-10-04T14:02:16Z,cartservice,redis-cart,2,0,0,0,0,0,0
2026-10-04T14:02:16Z,cartservice,shippingservice,0,0,0,0,0,0,0
2026-10-04T14:02:16Z,checkoutservice,adservice,0,0,0,0,0,0,0
2026-10-04T14:02:16Z,checkoutservice,cartservice,0,0,0,0,0,0,0
2026-10-04T14:02:16Z,checkoutservice,checkoutservice,0,0,0,0,0,0,0
2026-10-04T14:02:16Z,checkoutservice,currencyservice,0,0,0,0,0,0,0
2026-10-04T14:02:16Z,checkoutservice,emailservice,0,0,0,0,0,0,0
2026-10-04T14:02:16Z,checkoutservice,frontend,0,0,0,0,0,0,0
2026-10-04T14:02:16Z,checkoutservice,kubernetes,0,0,0,0,0,0,0
2026-10-04T14:02:16Z,checkoutservice,paymentservice,0,0,0,0,0,0,0
2026-10-04T14:02:16Z,checkoutservice,productcatalogservice,0,0,0,0,0,0,0
2026-10-04T14:02:16Z,checkoutservice,recommendationservice,0,0,0,0,0,0,0
2026-10-04T14:02:16Z,checkoutservice,redis-cart,0,0,0,0,0,0,0
2026-10-04T14:02:16Z,checkoutservice,shippingservice,0,0,0,0,0,0,0
2026-10-04T14:02:16Z,currencyservice,adservice,0,0,0,0,0,0,0
2026-10-04T14:02:16Z,currencyservice,cartservice,0,0,0,0,0,0,0
2026-10-04T14:02:16Z,currencyservice,checkoutservice,0,0,0,0,0,0,0
2026-10-04T14:02:16Z,currencyservice,currencyservice,0,0,0,0,0,0,0
2026-10-04T14:02:16Z,currencyservice,emailservice,0,0,0,0,0,0,0
2026-10-04T14:02:16Z,currencyservice,frontend,0,0,0,0,0,0,0
2026-10-04T14:02:16Z,currencyservice,kubernetes,0,0,0,0,0,0,0
2026-10-04T14:02:16Z,currencyservice,paymentservice,0,0,0,0,0,0,0
2026-10-04T14:02:16Z,currencyservice,productcatalogservice,0,0,0,0,0,0,0
2026-10-04T14:02:16Z,currencyservice,recommendationservice,0,0,0,0,0,0,0
2026-10-04T14:02:16Z,currencyservice,redis-cart,0,0,0,0,0,0,0
2026-10-04T14:02:16Z,currencyservice,shippingservice,0,0,0,0,0,0,0
2026-10-04T14:02:16Z,emailservice,adservice,0,0,0,0,0,0,0
2026-10-04T14:02:16Z,emailservice,cartservice,0,0,0,0,0,0,0
2026-10-04T14:02:16Z,emailservice,checkoutservice,0,0,0,0,0,0,0
2026-10-04T14:02:16Z,emailservice,currencyservice,0,0,0,0,0,0,0
2026-10-04T14:02:16Z,emailservice,emailservice,0,0,0,0,0,0,0
2026-10-04T14:02:16Z,emailservice,frontend,0,0,0,0,0,0,0
2026-10-04T14:02:16Z,emailservice,kubernetes,0,0,0,0,0,0,0
2026-10-04T14:02:16Z,emailservice,paymentservice,0,0,0,0,0,0,0
2026-10-04T14:02:16Z,emailservice,productcatalogservice,0,0,0,0,0,0,0
2026-10-04T14:02:16Z,emailservice,recommendationservice,0,0,0,0,0,0,0
2026-10-04T14:02:16Z,emailservice,redis-cart,0,0,0,0,0,0,0
2026-10-04T14:02:16Z,emailservice,shippingservice,0,0,0,0,0,0,0
2026-10-04T14:02:16Z,frontend,adservice,773781,773779,0,0,0,2334061,773779
2026-10-04T14:02:16Z,frontend,cartservice,1730573,1730561,0,0,4,9624535,1730561
2026-10-04T14:02:16Z,frontend,checkoutservice,354811,173691,0,34332,146696,55608828,173690
2026-10-04T14:02:16Z,frontend,currencyservice,2749584,2749577,0,0,0,14589993,2749577
2026-10-04T14:02:16Z,frontend,emailservice,0,0,0,0,0,0,0
2026-10-04T14:02:16Z,frontend,frontend,0,0,0,0,0,0,0
2026-10-04T14:02:16Z,frontend,kubernetes,0,0,0,0,0,0,0
2026-10-04T14:02:16Z,frontend,paymentservice,0,0,0,0,0,0,0
2026-10-04T14:02:16Z,frontend,productcatalogservice,7676840,7676779,0,0,0,52315430,7676779
2026-10-04T14:02:16Z,frontend,recommendationservice,2523996,1524786,0,104145,892890,769956520,1524786
2026-10-04T14:02:16Z,frontend,redis-cart,0,0,0,0,0,0,0
2026-10-04T14:02:16Z,frontend,shippingservice,283787,283785,0,0,0,858241,283785
2026-10-04T14:02:16Z,paymentservice,adservice,0,0,0,0,0,0,0
2026-10-04T14:02:16Z,paymentservice,cartservice,0,0,0,0,0,0,0
2026-10-04T14:02:16Z,paymentservice,checkoutservice,0,0,0,0,0,0,0
2026-10-04T14:02:16Z,paymentservice,currencyservice,0,0,0,0,0,0,0
2026-10-04T14:02:16Z,paymentservice,emailservice,0,0,0,0,0,0,0
2026-10-04T14:02:16Z,paymentservice,frontend,0,0,0,0,0,0,0
2026-10-04T14:02:16Z,paymentservice,kubernetes,0,0,0,0,0,0,0
2026-10-04T14:02:16Z,paymentservice,paymentservice,0,0,0,0,0,0,0
2026-10-04T14:02:16Z,paymentservice,productcatalogservice,0,0,0,0,0,0,0
2026-10-04T14:02:16Z,paymentservice,recommendationservice,0,0,0,0,0,0,0
2026-10-04T14:02:16Z,paymentservice,redis-cart,0,0,0,0,0,0,0
2026-10-04T14:02:16Z,paymentservice,shippingservice,0,0,0,0,0,0,0
2026-10-04T14:02:16Z,productcatalogservice,adservice,0,0,0,0,0,0,0
2026-10-04T14:02:16Z,productcatalogservice,cartservice,0,0,0,0,0,0,0
2026-10-04T14:02:16Z,productcatalogservice,checkoutservice,0,0,0,0,0,0,0
2026-10-04T14:02:16Z,productcatalogservice,currencyservice,0,0,0,0,0,0,0
2026-10-04T14:02:16Z,productcatalogservice,emailservice,0,0,0,0,0,0,0
2026-10-04T14:02:16Z,productcatalogservice,frontend,0,0,0,0,0,0,0
2026-10-04T14:02:16Z,productcatalogservice,kubernetes,0,0,0,0,0,0,0
2026-10-04T14:02:16Z,productcatalogservice,paymentservice,0,0,0,0,0,0,0
2026-10-04T14:02:16Z,productcatalogservice,productcatalogservice,0,0,0,0,0,0,0
2026-10-04T14:02:16Z,productcatalogservice,recommendationservice,0,0,0,0,0,0,0
2026-10-04T14:02:16Z,productcatalogservice,redis-cart,0,0,0,0,0,0,0
2026-10-04T14:02:16Z,productcatalogservice,shippingservice,0,0,0,0,0,0,0
2026-10-04T14:02:16Z,recommendationservice,adservice,0,0,0,0,0,0,0
2026-10-04T14:02:16Z,recommendationservice,cartservice,0,0,0,0,0,0,0
2026-10-04T14:02:16Z,recommendationservice,checkoutservice,0,0,0,0,0,0,0
2026-10-04T14:02:16Z,recommendationservice,currencyservice,0,0,0,0,0,0,0
2026-10-04T14:02:16Z,recommendationservice,emailservice,0,0,0,0,0,0,0
2026-10-04T14:02:16Z,recommendationservice,frontend,0,0,0,0,0,0,0
2026-10-04T14:02:16Z,recommendationservice,kubernetes,0,0,0,0,0,0,0
2026-10-04T14:02:16Z,recommendationservice,paymentservice,0,0,0,0,0,0,0
2026-10-04T14:02:16Z,recommendationservice,productcatalogservice,0,0,0,0,0,0,0
2026-10-04T14:02:16Z,recommendationservice,recommendationservice,0,0,0,0,0,0,0
2026-10-04T14:02:16Z,recommendationservice,redis-cart,0,0,0,0,0,0,0
2026-10-04T14:02:16Z,recommendationservice,shippingservice,0,0,0,0,0,0,0
2026-10-04T14:02:16Z,redis-cart,adservice,0,0,0,0,0,0,0
2026-10-04T14:02:16Z,redis-cart,cartservice,0,0,0,0,0,0,0
2026-10-04T14:02:16Z,redis-cart,checkoutservice,0,0,0,0,0,0,0
2026-10-04T14:02:16Z,redis-cart,currencyservice,0,0,0,0,0,0,0
2026-10-04T14:02:16Z,redis-cart,emailservice,0,0,0,0,0,0,0
2026-10-04T14:02:16Z,redis-cart,frontend,0,0,0,0,0,0,0
2026-10-04T14:02:16Z,redis-cart,kubernetes,0,0,0,0,0,0,0
2026-10-04T14:02:16Z,redis-cart,paymentservice,0,0,0,0,0,0,0
2026-10-04T14:02:16Z,redis-cart,productcatalogservice,0,0,0,0,0,0,0
2026-10-04T14:02:16Z,redis-cart,recommendationservice,0,0,0,0,0,0,0
2026-10-04T14:02:16Z,redis-cart,redis-cart,0,0,0,0,0,0,0
2026-10-04T14:02:16Z,redis-cart,shippingservice,0,0,0,0,0,0,0
2026-10-04T14:02:16Z,shippingservice,adservice,0,0,0,0,0,0,0
2026-10-04T14:02:16Z,shippingservice,cartservice,0,0,0,0,0,0,0
2026-10-04T14:02:16Z,shippingservice,checkoutservice,0,0,0,0,0,0,0
2026-10-04T14:02:16Z,shippingservice,currencyservice,0,0,0,0,0,0,0
2026-10-04T14:02:16Z,shippingservice,emailservice,0,0,0,0,0,0,0
2026-10-04T14:02:16Z,shippingservice,frontend,0,0,0,0,0,0,0
2026-10-04T14:02:16Z,shippingservice,kubernetes,0,0,0,0,0,0,0
2026-10-04T14:02:16Z,shippingservice,paymentservice,0,0,0,0,0,0,0
2026-10-04T14:02:16Z,shippingservice,productcatalogservice,0,0,0,0,0,0,0
2026-10-04T14:02:16Z,shippingservice,recommendationservice,0,0,0,0,0,0,0
2026-10-04T14:02:16Z,shippingservice,redis-cart,0,0,0,0,0,0,0
2026-10-04T14:02:16Z,shippingservice,shippingservice,0,0,0,0,0,0,0
2026-10-04T14:02:17Z,adservice,adservice,0,0,0,0,0,0,0
2026-10-04T14:02:17Z,adservice,cartservice,0,0,0,0,0,0,0
2026-10-04T14:02:17Z,adservice,checkoutservice,0,0,0,0,0,0,0
2026-10-04T14:02:17Z,adservice,currencyservice,0,0,0,0,0,0,0
2026-10-04T14:02:17Z,adservice,emailservice,0,0,0,0,0,0,0
2026-10-04T14:02:17Z,adservice,frontend,0,0,0,0,0,0,0
2026-10-04T14:02:17Z,adservice,kubernetes,0,0,0,0,0,0,0
2026-10-04T14:02:17Z,adservice,paymentservice,0,0,0,0,0,0,0
2026-10-04T14:02:17Z,adservice,productcatalogservice,0,0,0,0,0,0,0
2026-10-04T14:02:17Z,adservice,recommendationservice,0,0,0,0,0,0,0
2026-10-04T14:02:17Z,adservice,redis-cart,0,0,0,0,0,0,0
2026-10-04T14:02:17Z,adservice,shippingservice,0,0,0,0,0,0,0
2026-10-04T14:02:17Z,cartservice,adservice,0,0,0,0,0,0,0
2026-10-04T14:02:17Z,cartservice,cartservice,0,0,0,0,0,0,0
2026-10-04T14:02:17Z,cartservice,checkoutservice,0,0,0,0,0,0,0
2026-10-04T14:02:17Z,cartservice,currencyservice,0,0,0,0,0,0,0
2026-10-04T14:02:17Z,cartservice,emailservice,0,0,0,0,0,0,0
2026-10-04T14:02:17Z,cartservice,frontend,0,0,0,0,0,0,0
2026-10-04T14:02:17Z,cartservice,kubernetes,0,0,0,0,0,0,0
2026-10-04T14:02:17Z,cartservice,paymentservice,0,0,0,0,0,0,0
2026-10-04T14:02:17Z,cartservice,productcatalogservice,0,0,0,0,0,0,0
2026-10-04T14:02:17Z,cartservice,recommendationservice,0,0,0,0,0,0,0
2026-10-04T14:02:17Z,cartservice,redis-cart,2,0,0,0,0,0,0
2026-10-04T14:02:17Z,cartservice,shippingservice,0,0,0,0,0,0,0
2026-10-04T14:02:17Z,checkoutservice,adservice,0,0,0,0,0,0,0
2026-10-04T14:02:17Z,checkoutservice,cartservice,0,0,0,0,0,0,0
2026-10-04T14:02:17Z,checkoutservice,checkoutservice,0,0,0,0,0,0,0
2026-10-04T14:02:17Z,checkoutservice,currencyservice,0,0,0,0,0,0,0
2026-10-04T14:02:17Z,checkoutservice,emailservice,0,0,0,0,0,0,0
2026-10-04T14:02:17Z,checkoutservice,frontend,0,0,0,0,0,0,0
2026-10-04T14:02:17Z,checkoutservice,kubernetes,0,0,0,0,0,0,0
2026-10-04T14:02:17Z,checkoutservice,paymentservice,0,0,0,0,0,0,0
2026-10-04T14:02:17Z,checkoutservice,productcatalogservice,0,0,0,0,0,0,0
2026-10-04T14:02:17Z,checkoutservice,recommendationservice,0,0,0,0,0,0,0
2026-10-04T14:02:17Z,checkoutservice,redis-cart,0,0,0,0,0,0,0
2026-10-04T14:02:17Z,checkoutservice,shippingservice,0,0,0,0,0,0,0
2026-10-04T14:02:17Z,currencyservice,adservice,0,0,0,0,0,0,0
2026-10-04T14:02:17Z,currencyservice,cartservice,0,0,0,0,0,0,0
2026-10-04T14:02:17Z,currencyservice,checkoutservice,0,0,0,0,0,0,0
2026-10-04T14:02:17Z,currencyservice,currencyservice,0,0,0,0,0,0,0
2026-10-04T14:02:17Z,currencyservice,emailservice,0,0,0,0,0,0,0
2026-10-04T14:02:17Z,currencyservice,frontend,0,0,0,0,0,0,0
2026-10-04T14:02:17Z,currencyservice,kubernetes,0,0,0,0,0,0,0
2026-10-04T14:02:17Z,currencyservice,paymentservice,0,0,0,0,0,0,0
2026-10-04T14:02:17Z,currencyservice,productcatalogservice,0,0,0,0,0,0,0
2026-10-04T14:02:17Z,currencyservice,recommendationservice,0,0,0,0,0,0,0
2026-10-04T14:02:17Z,currencyservice,redis-cart,0,0,0,0,0,0,0
2026-10-04T14:02:17Z,currencyservice,shippingservice,0,0,0,0,0,0,0
2026-10-04T14:02:17Z,emailservice,adservice,0,0,0,0,0,0,0
2026-10-04T14:02:17Z,emailservice,cartservice,0,0,0,0,0,0,0
2026-10-04T14:02:17Z,emailservice,checkoutservice,0,0,0,0,0,0,0
2026-10-04T14:02:17Z,emailservice,currencyservice,0,0,0,0,0,0,0
2026-10-04T14:02:17Z,emailservice,emailservice,0,0,0,0,0,0,0
2026-10-04T14:02:17Z,emailservice,frontend,0,0,0,0,0,0,0
2026-10-04T14:02:17Z,emailservice,kubernetes,0,0,0,0,0,0,0
2026-10-04T14:02:17Z,emailservice,paymentservice,0,0,0,0,0,0,0
2026-10-04T14:02:17Z,emailservice,productcatalogservice,0,0,0,0,0,0,0
2026-10-04T14:02:17Z,emailservice,recommendationservice,0,0,0,0,0,0,0
2026-10-04T14:02:17Z,emailservice,redis-cart,0,0,0,0,0,0,0
2026-10-04T14:02:17Z,emailservice,shippingservice,0,0,0,0,0,0,0
2026-10-04T14:02:17Z,frontend,adservice,773781,773779,0,0,0,2334061,773779
2026-10-04T14:02:17Z,frontend,cartservice,1730573,1730561,0,0,4,9624535,1730561
2026-10-04T14:02:17Z,frontend,checkoutservice,354811,173691,0,34332,146696,55608828,173690
2026-10-04T14:02:17Z,frontend,currencyservice,2749584,2749577,0,0,0,14589993,2749577
2026-10-04T14:02:17Z,frontend,emailservice,0,0,0,0,0,0,0
2026-10-04T14:02:17Z,frontend,frontend,0,0,0,0,0,0,0
2026-10-04T14:02:17Z,frontend,kubernetes,0,0,0,0,0,0,0
2026-10-04T14:02:17Z,frontend,paymentservice,0,0,0,0,0,0,0
2026-10-04T14:02:17Z,frontend,productcatalogservice,7676840,7676779,0,0,0,52315430,7676779
2026-10-04T14:02:17Z,frontend,recommendationservice,2523996,1524786,0,104145,892890,769956520,1524786
2026-10-04T14:02:17Z,frontend,redis-cart,0,0,0,0,0,0,0
2026-10-04T14:02:17Z,frontend,shippingservice,283787,283785,0,0,0,858241,283785
2026-10-04T14:02:17Z,paymentservice,adservice,0,0,0,0,0,0,0
2026-10-04T14:02:17Z,paymentservice,cartservice,0,0,0,0,0,0,0
2026-10-04T14:02:17Z,paymentservice,checkoutservice,0,0,0,0,0,0,0
2026-10-04T14:02:17Z,paymentservice,currencyservice,0,0,0,0,0,0,0
2026-10-04T14:02:17Z,paymentservice,emailservice,0,0,0,0,0,0,0
2026-10-04T14:02:17Z,paymentservice,frontend,0,0,0,0,0,0,0
2026-10-04T14:02:17Z,paymentservice,kubernetes,0,0,0,0,0,0,0
2026-10-04T14:02:17Z,paymentservice,paymentservice,0,0,0,0,0,0,0
2026-10-04T14:02:17Z,paymentservice,productcatalogservice,0,0,0,0,0,0,0
2026-10-04T14:02:17Z,paymentservice,recommendationservice,0,0,0,0,0,0,0
2026-10-04T14:02:17Z,paymentservice,redis-cart,0,0,0,0,0,0,0
2026-10-04T14:02:17Z,paymentservice,shippingservice,0,0,0,0,0,0,0
2026-10-04T14:02:17Z,productcatalogservice,adservice,0,0,0,0,0,0,0
2026-10-04T14:02:17Z,productcatalogservice,cartservice,0,0,0,0,0,0,0
2026-10-04T14:02:17Z,productcatalogservice,checkoutservice,0,0,0,0,0,0,0
2026-10-04T14:02:17Z,productcatalogservice,currencyservice,0,0,0,0,0,0,0
2026-10-04T14:02:17Z,productcatalogservice,emailservice,0,0,0,0,0,0,0
2026-10-04T14:02:17Z,productcatalogservice,frontend,0,0,0,0,0,0,0
2026-10-04T14:02:17Z,productcatalogservice,kubernetes,0,0,0,0,0,0,0
2026-10-04T14:02:17Z,productcatalogservice,paymentservice,0,0,0,0,0,0,0
2026-10-04T14:02:17Z,productcatalogservice,productcatalogservice,0,0,0,0,0,0,0
2026-10-04T14:02:17Z,productcatalogservice,recommendationservice,0,0,0,0,0,0,0
2026-10-04T14:02:17Z,productcatalogservice,redis-cart,0,0,0,0,0,0,0
2026-10-04T14:02:17Z,productcatalogservice,shippingservice,0,0,0,0,0,0,0
2026-10-04T14:02:17Z,recommendationservice,adservice,0,0,0,0,0,0,0
2026-10-04T14:02:17Z,recommendationservice,cartservice,0,0,0,0,0,0,0
2026-10-04T14:02:17Z,recommendationservice,checkoutservice,0,0,0,0,0,0,0
2026-10-04T14:02:17Z,recommendationservice,currencyservice,0,0,0,0,0,0,0
2026-10-04T14:02:17Z,recommendationservice,emailservice,0,0,0,0,0,0,0
2026-10-04T14:02:17Z,recommendationservice,frontend,0,0,0,0,0,0,0
2026-10-04T14:02:17Z,recommendationservice,kubernetes,0,0,0,0,0,0,0
2026-10-04T14:02:17Z,recommendationservice,paymentservice,0,0,0,0,0,0,0
2026-10-04T14:02:17Z,recommendationservice,productcatalogservice,0,0,0,0,0,0,0
2026-10-04T14:02:17Z,recommendationservice,recommendationservice,0,0,0,0,0,0,0
2026-10-04T14:02:17Z,recommendationservice,redis-cart,0,0,0,0,0,0,0
2026-10-04T14:02:17Z,recommendationservice,shippingservice,0,0,0,0,0,0,0
2026-10-04T14:02:17Z,redis-cart,adservice,0,0,0,0,0,0,0
2026-10-04T14:02:17Z,redis-cart,cartservice,0,0,0,0,0,0,0
2026-10-04T14:02:17Z,redis-cart,checkoutservice,0,0,0,0,0,0,0
2026-10-04T14:02:17Z,redis-cart,currencyservice,0,0,0,0,0,0,0
2026-10-04T14:02:17Z,redis-cart,emailservice,0,0,0,0,0,0,0
2026-10-04T14:02:17Z,redis-cart,frontend,0,0,0,0,0,0,0
2026-10-04T14:02:17Z,redis-cart,kubernetes,0,0,0,0,0,0,0
2026-10-04T14:02:17Z,redis-cart,paymentservice,0,0,0,0,0,0,0
2026-10-04T14:02:17Z,redis-cart,productcatalogservice,0,0,0,0,0,0,0
2026-10-04T14:02:17Z,redis-cart,recommendationservice,0,0,0,0,0,0,0
2026-10-04T14:02:17Z,redis-cart,redis-cart,0,0,0,0,0,0,0
2026-10-04T14:02:17Z,redis-cart,shippingservice,0,0,0,0,0,0,0
2026-10-04T14:02:17Z,shippingservice,adservice,0,0,0,0,0,0,0
2026-10-04T14:02:17Z,shippingservice,cartservice,0,0,0,0,0,0,0
2026-10-04T14:02:17Z,shippingservice,checkoutservice,0,0,0,0,0,0,0
2026-10-04T14:02:17Z,shippingservice,currencyservice,0,0,0,0,0,0,0
2026-10-04T14:02:17Z,shippingservice,emailservice,0,0,0,0,0,0,0
2026-10-04T14:02:17Z,shippingservice,frontend,0,0,0,0,0,0,0
2026-10-04T14:02:17Z,shippingservice,kubernetes,0,0,0,0,0,0,0
2026-10-04T14:02:17Z,shippingservice,paymentservice,0,0,0,0,0,0,0
2026-10-04T14:02:17Z,shippingservice,productcatalogservice,0,0,0,0,0,0,0
2026-10-04T14:02:17Z,shippingservice,recommendationservice,0,0,0,0,0,0,0
2026-10-04T14:02:17Z,shippingservice,redis-cart,0,0,0,0,0,0,0
2026-10-04T14:02:17Z,shippingservice,shippingservice,0,0,0,0,0,0,0
2026-10-04T14:02:18Z,adservice,adservice,0,0,0,0,0,0,0
2026-10-04T14:02:18Z,adservice,cartservice,0,0,0,0,0,0,0
2026-10-04T14:02:18Z,adservice,checkoutservice,0,0,0,0,0,0,0
2026-10-04T14:02:18Z,adservice,currencyservice,0,0,0,0,0,0,0
2026-10-04T14:02:18Z,adservice,emailservice,0,0,0,0,0,0,0
2026-10-04T14:02:18Z,adservice,frontend,0,0,0,0,0,0,0
2026-10-04T14:02:18Z,adservice,kubernetes,0,0,0,0,0,0,0
2026-10-04T14:02:18Z,adservice,paymentservice,0,0,0,0,0,0,0
2026-10-04T14:02:18Z,adservice,productcatalogservice,0,0,0,0,0,0,0
2026-10-04T14:02:18Z,adservice,recommendationservice,0,0,0,0,0,0,0
2026-10-04T14:02:18Z,adservice,redis-cart,0,0,0,0,0,0,0
2026-10-04T14:02:18Z,adservice,shippingservice,0,0,0,0,0,0,0
2026-10-04T14:02:18Z,cartservice,adservice,0,0,0,0,0,0,0
2026-10-04T14:02:18Z,cartservice,cartservice,0,0,0,0,0,0,0
2026-10-04T14:02:18Z,cartservice,checkoutservice,0,0,0,0,0,0,0
2026-10-04T14:02:18Z,cartservice,currencyservice,0,0,0,0,0,0,0
2026-10-04T14:02:18Z,cartservice,emailservice,0,0,0,0,0,0,0
2026-10-04T14:02:18Z,cartservice,frontend,0,0,0,0,0,0,0
2026-10-04T14:02:18Z,cartservice,kubernetes,0,0,0,0,0,0,0
2026-10-04T14:02:18Z,cartservice,paymentservice,0,0,0,0,0,0,0
2026-10-04T14:02:18Z,cartservice,productcatalogservice,0,0,0,0,0,0,0
2026-10-04T14:02:18Z,cartservice,recommendationservice,0,0,0,0,0,0,0
2026-10-04T14:02:18Z,cartservice,redis-cart,2,0,0,0,0,0,0
2026-10-04T14:02:18Z,cartservice,shippingservice,0,0,0,0,0,0,0
2026-10-04T14:02:18Z,checkoutservice,adservice,0,0,0,0,0,0,0
2026-10-04T14:02:18Z,checkoutservice,cartservice,0,0,0,0,0,0,0
2026-10-04T14:02:18Z,checkoutservice,checkoutservice,0,0,0,0,0,0,0
2026-10-04T14:02:18Z,checkoutservice,currencyservice,0,0,0,0,0,0,0
2026-10-04T14:02:18Z,checkoutservice,emailservice,0,0,0,0,0,0,0
2026-10-04T14:02:18Z,checkoutservice,frontend,0,0,0,0,0,0,0
2026-10-04T14:02:18Z,checkoutservice,kubernetes,0,0,0,0,0,0,0
2026-10-04T14:02:18Z,checkoutservice,paymentservice,0,0,0,0,0,0,0
2026-10-04T14:02:18Z,checkoutservice,productcatalogservice,0,0,0,0,0,0,0
2026-10-04T14:02:18Z,checkoutservice,recommendationservice,0,0,0,0,0,0,0
2026-10-04T14:02:18Z,checkoutservice,redis-cart,0,0,0,0,0,0,0
2026-10-04T14:02:18Z,checkoutservice,shippingservice,0,0,0,0,0,0,0
2026-10-04T14:02:18Z,currencyservice,adservice,0,0,0,0,0,0,0
2026-10-04T14:02:18Z,currencyservice,cartservice,0,0,0,0,0,0,0
2026-10-04T14:02:18Z,currencyservice,checkoutservice,0,0,0,0,0,0,0
2026-10-04T14:02:18Z,currencyservice,currencyservice,0,0,0,0,0,0,0
2026-10-04T14:02:18Z,currencyservice,emailservice,0,0,0,0,0,0,0
2026-10-04T14:02:18Z,currencyservice,frontend,0,0,0,0,0,0,0
2026-10-04T14:02:18Z,currencyservice,kubernetes,0,0,0,0,0,0,0
2026-10-04T14:02:18Z,currencyservice,paymentservice,0,0,0,0,0,0,0
2026-10-04T14:02:18Z,currencyservice,productcatalogservice,0,0,0,0,0,0,0
2026-10-04T14:02:18Z,currencyservice,recommendationservice,0,0,0,0,0,0,0
2026-10-04T14:02:18Z,currencyservice,redis-cart,0,0,0,0,0,0,0
2026-10-04T14:02:18Z,currencyservice,shippingservice,0,0,0,0,0,0,0
2026-10-04T14:02:18Z,emailservice,adservice,0,0,0,0,0,0,0
2026-10-04T14:02:18Z,emailservice,cartservice,0,0,0,0,0,0,0
2026-10-04T14:02:18Z,emailservice,checkoutservice,0,0,0,0,0,0,0
2026-10-04T14:02:18Z,emailservice,currencyservice,0,0,0,0,0,0,0
2026-10-04T14:02:18Z,emailservice,emailservice,0,0,0,0,0,0,0
2026-10-04T14:02:18Z,emailservice,frontend,0,0,0,0,0,0,0
2026-10-04T14:02:18Z,emailservice,kubernetes,0,0,0,0,0,0,0
2026-10-04T14:02:18Z,emailservice,paymentservice,0,0,0,0,0,0,0
2026-10-04T14:02:18Z,emailservice,productcatalogservice,0,0,0,0,0,0,0
2026-10-04T14:02:18Z,emailservice,recommendationservice,0,0,0,0,0,0,0
2026-10-04T14:02:18Z,emailservice,redis-cart,0,0,0,0,0,0,0
2026-10-04T14:02:18Z,emailservice,shippingservice,0,0,0,0,0,0,0
2026-10-04T14:02:18Z,frontend,adservice,773781,773779,0,0,0,2334061,773779
2026-10-04T14:02:18Z,frontend,cartservice,1730573,1730561,0,0,4,9624535,1730561
2026-10-04T14:02:18Z,frontend,checkoutservice,354811,173691,0,34332,146696,55608828,173690
2026-10-04T14:02:18Z,frontend,currencyservice,2749584,2749577,0,0,0,14589993,2749577
2026-10-04T14:02:18Z,frontend,emailservice,0,0,0,0,0,0,0
2026-10-04T14:02:18Z,frontend,frontend,0,0,0,0,0,0,0
2026-10-04T14:02:18Z,frontend,kubernetes,0,0,0,0,0,0,0
2026-10-04T14:02:18Z,frontend,paymentservice,0,0,0,0,0,0,0
2026-10-04T14:02:18Z,frontend,productcatalogservice,7676840,7676779,0,0,0,52315430,7676779
2026-10-04T14:02:18Z,frontend,recommendationservice,2523996,1524786,0,104145,892890,769956520,1524786
2026-10-04T14:02:18Z,frontend,redis-cart,0,0,0,0,0,0,0
2026-10-04T14:02:18Z,frontend,shippingservice,283787,283785,0,0,0,858241,283785
2026-10-04T14:02:18Z,paymentservice,adservice,0,0,0,0,0,0,0
2026-10-04T14:02:18Z,paymentservice,cartservice,0,0,0,0,0,0,0
2026-10-04T14:02:18Z,paymentservice,checkoutservice,0,0,0,0,0,0,0
2026-10-04T14:02:18Z,paymentservice,currencyservice,0,0,0,0,0,0,0
2026-10-04T14:02:18Z,paymentservice,emailservice,0,0,0,0,0,0,0
2026-10-04T14:02:18Z,paymentservice,frontend,0,0,0,0,0,0,0
2026-10-04T14:02:18Z,paymentservice,kubernetes,0,0,0,0,0,0,0
2026-10-04T14:02:18Z,paymentservice,paymentservice,0,0,0,0,0,0,0
2026-10-04T14:02:18Z,paymentservice,productcatalogservice,0,0,0,0,0,0,0
2026-10-04T14:02:18Z,paymentservice,recommendationservice,0,0,0,0,0,0,0
2026-10-04T14:02:18Z,paymentservice,redis-cart,0,0,0,0,0,0,0
2026-10-04T14:02:18Z,paymentservice,shippingservice,0,0,0,0,0,0,0
2026-10-04T14:02:18Z,productcatalogservice,adservice,0,0,0,0,0,0,0
2026-10-04T14:02:18Z,productcatalogservice,cartservice,0,0,0,0,0,0,0
2026-10-04T14:02:18Z,productcatalogservice,checkoutservice,0,0,0,0,0,0,0
2026-10-04T14:02:18Z,productcatalogservice,currencyservice,0,0,0,0,0,0,0
2026-10-04T14:02:18Z,productcatalogservice,emailservice,0,0,0,0,0,0,0
2026-10-04T14:02:18Z,productcatalogservice,frontend,0,0,0,0,0,0,0
2026-10-04T14:02:18Z,productcatalogservice,kubernetes,0,0,0,0,0,0,0
2026-10-04T14:02:18Z,productcatalogservice,paymentservice,0,0,0,0,0,0,0
2026-10-04T14:02:18Z,productcatalogservice,productcatalogservice,0,0,0,0,0,0,0
2026-10-04T14:02:18Z,productcatalogservice,recommendationservice,0,0,0,0,0,0,0
2026-10-04T14:02:18Z,productcatalogservice,redis-cart,0,0,0,0,0,0,0
2026-10-04T14:02:18Z,productcatalogservice,shippingservice,0,0,0,0,0,0,0
2026-10-04T14:02:18Z,recommendationservice,adservice,0,0,0,0,0,0,0
2026-10-04T14:02:18Z,recommendationservice,cartservice,0,0,0,0,0,0,0
2026-10-04T14:02:18Z,recommendationservice,checkoutservice,0,0,0,0,0,0,0
2026-10-04T14:02:18Z,recommendationservice,currencyservice,0,0,0,0,0,0,0
2026-10-04T14:02:18Z,recommendationservice,emailservice,0,0,0,0,0,0,0
2026-10-04T14:02:18Z,recommendationservice,frontend,0,0,0,0,0,0,0
2026-10-04T14:02:18Z,recommendationservice,kubernetes,0,0,0,0,0,0,0
2026-10-04T14:02:18Z,recommendationservice,paymentservice,0,0,0,0,0,0,0
2026-10-04T14:02:18Z,recommendationservice,productcatalogservice,0,0,0,0,0,0,0
2026-10-04T14:02:18Z,recommendationservice,recommendationservice,0,0,0,0,0,0,0
2026-10-04T14:02:18Z,recommendationservice,redis-cart,0,0,0,0,0,0,0
2026-10-04T14:02:18Z,recommendationservice,shippingservice,0,0,0,0,0,0,0
2026-10-04T14:02:18Z,redis-cart,adservice,0,0,0,0,0,0,0
2026-10-04T14:02:18Z,redis-cart,cartservice,0,0,0,0,0,0,0
2026-10-04T14:02:18Z,redis-cart,checkoutservice,0,0,0,0,0,0,0
2026-10-04T14:02:18Z,redis-cart,currencyservice,0,0,0,0,0,0,0
2026-10-04T14:02:18Z,redis-cart,emailservice,0,0,0,0,0,0,0
2026-10-04T14:02:18Z,redis-cart,frontend,0,0,0,0,0,0,0
2026-10-04T14:02:18Z,redis-cart,kubernetes,0,0,0,0,0,0,0
2026-10-04T14:02:18Z,redis-cart,paymentservice,0,0,0,0,0,0,0
2026-10-04T14:02:18Z,redis-cart,productcatalogservice,0,0,0,0,0,0,0
2026-10-04T14:02:18Z,redis-cart,recommendationservice,0,0,0,0,0,0,0
2026-10-04T14:02:18Z,redis-cart,redis-cart,0,0,0,0,0,0,0
2026-10-04T14:02:18Z,redis-cart,shippingservice,0,0,0,0,0,0,0
2026-10-04T14:02:18Z,shippingservice,adservice,0,0,0,0,0,0,0
2026-10-04T14:02:18Z,shippingservice,cartservice,0,0,0,0,0,0,0
2026-10-04T14:02:18Z,shippingservice,checkoutservice,0,0,0,0,0,0,0
2026-10-04T14:02:18Z,shippingservice,currencyservice,0,0,0,0,0,0,0
2026-10-04T14:02:18Z,shippingservice,emailservice,0,0,0,0,0,0,0
2026-10-04T14:02:18Z,shippingservice,frontend,0,0,0,0,0,0,0
2026-10-04T14:02:18Z,shippingservice,kubernetes,0,0,0,0,0,0,0
2026-10-04T14:02:18Z,shippingservice,paymentservice,0,0,0,0,0,0,0
2026-10-04T14:02:18Z,shippingservice,productcatalogservice,0,0,0,0,0,0,0
2026-10-04T14:02:18Z,shippingservice,recommendationservice,0,0,0,0,0,0,0
2026-10-04T14:02:18Z,shippingservice,redis-cart,0,0,0,0,0,0,0
2026-10-04T14:02:18Z,shippingservice,shippingservice,0,0,0,0,0,0,0
2026-10-04T14:02:19Z,adservice,adservice,0,0,0,0,0,0,0
2026-10-04T14:02:19Z,adservice,cartservice,0,0,0,0,0,0,0
2026-10-04T14:02:19Z,adservice,checkoutservice,0,0,0,0,0,0,0
2026-10-04T14:02:19Z,adservice,currencyservice,0,0,0,0,0,0,0
2026-10-04T14:02:19Z,adservice,emailservice,0,0,0,0,0,0,0
2026-10-04T14:02:19Z,adservice,frontend,0,0,0,0,0,0,0
2026-10-04T14:02:19Z,adservice,kubernetes,0,0,0,0,0,0,0
2026-10-04T14:02:19Z,adservice,paymentservice,0,0,0,0,0,0,0
2026-10-04T14:02:19Z,adservice,productcatalogservice,0,0,0,0,0,0,0
2026-10-04T14:02:19Z,adservice,recommendationservice,0,0,0,0,0,0,0
2026-10-04T14:02:19Z,adservice,redis-cart,0,0,0,0,0,0,0
2026-10-04T14:02:19Z,adservice,shippingservice,0,0,0,0,0,0,0
2026-10-04T14:02:19Z,cartservice,adservice,0,0,0,0,0,0,0
2026-10-04T14:02:19Z,cartservice,cartservice,0,0,0,0,0,0,0
2026-10-04T14:02:19Z,cartservice,checkoutservice,0,0,0,0,0,0,0
2026-10-04T14:02:19Z,cartservice,currencyservice,0,0,0,0,0,0,0
2026-10-04T14:02:19Z,cartservice,emailservice,0,0,0,0,0,0,0
2026-10-04T14:02:19Z,cartservice,frontend,0,0,0,0,0,0,0
2026-10-04T14:02:19Z,cartservice,kubernetes,0,0,0,0,0,0,0
2026-10-04T14:02:19Z,cartservice,paymentservice,0,0,0,0,0,0,0
2026-10-04T14:02:19Z,cartservice,productcatalogservice,0,0,0,0,0,0,0
2026-10-04T14:02:19Z,cartservice,recommendationservice,0,0,0,0,0,0,0
2026-10-04T14:02:19Z,cartservice,redis-cart,2,0,0,0,0,0,0
2026-10-04T14:02:19Z,cartservice,shippingservice,0,0,0,0,0,0,0
2026-10-04T14:02:19Z,checkoutservice,adservice,0,0,0,0,0,0,0
2026-10-04T14:02:19Z,checkoutservice,cartservice,0,0,0,0,0,0,0
2026-10-04T14:02:19Z,checkoutservice,checkoutservice,0,0,0,0,0,0,0
2026-10-04T14:02:19Z,checkoutservice,currencyservice,0,0,0,0,0,0,0
2026-10-04T14:02:19Z,checkoutservice,emailservice,0,0,0,0,0,0,0
2026-10-04T14:02:19Z,checkoutservice,frontend,0,0,0,0,0,0,0
2026-10-04T14:02:19Z,checkoutservice,kubernetes,0,0,0,0,0,0,0
2026-10-04T14:02:19Z,checkoutservice,paymentservice,0,0,0,0,0,0,0
2026-10-04T14:02:19Z,checkoutservice,productcatalogservice,0,0,0,0,0,0,0
2026-10-04T14:02:19Z,checkoutservice,recommendationservice,0,0,0,0,0,0,0
2026-10-04T14:02:19Z,checkoutservice,redis-cart,0,0,0,0,0,0,0
2026-10-04T14:02:19Z,checkoutservice,shippingservice,0,0,0,0,0,0,0
2026-10-04T14:02:19Z,currencyservice,adservice,0,0,0,0,0,0,0
2026-10-04T14:02:19Z,currencyservice,cartservice,0,0,0,0,0,0,0
2026-10-04T14:02:19Z,currencyservice,checkoutservice,0,0,0,0,0,0,0
2026-10-04T14:02:19Z,currencyservice,currencyservice,0,0,0,0,0,0,0
2026-10-04T14:02:19Z,currencyservice,emailservice,0,0,0,0,0,0,0
2026-10-04T14:02:19Z,currencyservice,frontend,0,0,0,0,0,0,0
2026-10-04T14:02:19Z,currencyservice,kubernetes,0,0,0,0,0,0,0
2026-10-04T14:02:19Z,currencyservice,paymentservice,0,0,0,0,0,0,0
2026-10-04T14:02:19Z,currencyservice,productcatalogservice,0,0,0,0,0,0,0
2026-10-04T14:02:19Z,currencyservice,recommendationservice,0,0,0,0,0,0,0
2026-10-04T14:02:19Z,currencyservice,redis-cart,0,0,0,0,0,0,0
2026-10-04T14:02:19Z,currencyservice,shippingservice,0,0,0,0,0,0,0
2026-10-04T14:02:19Z,emailservice,adservice,0,0,0,0,0,0,0
2026-10-04T14:02:19Z,emailservice,cartservice,0,0,0,0,0,0,0
2026-10-04T14:02:19Z,emailservice,checkoutservice,0,0,0,0,0,0,0
2026-10-04T14:02:19Z,emailservice,currencyservice,0,0,0,0,0,0,0
2026-10-04T14:02:19Z,emailservice,emailservice,0,0,0,0,0,0,0
2026-10-04T14:02:19Z,emailservice,frontend,0,0,0,0,0,0,0
2026-10-04T14:02:19Z,emailservice,kubernetes,0,0,0,0,0,0,0
2026-10-04T14:02:19Z,emailservice,paymentservice,0,0,0,0,0,0,0
2026-10-04T14:02:19Z,emailservice,productcatalogservice,0,0,0,0,0,0,0
2026-10-04T14:02:19Z,emailservice,recommendationservice,0,0,0,0,0,0,0
2026-10-04T14:02:19Z,emailservice,redis-cart,0,0,0,0,0,0,0
2026-10-04T14:02:19Z,emailservice,shippingservice,0,0,0,0,0,0,0
2026-10-04T14:02:19Z,frontend,adservice,773781,773779,0,0,0,2334061,773779
2026-10-04T14:02:19Z,frontend,cartservice,1730573,1730561,0,0,4,9624535,1730561
2026-10-04T14:02:19Z,frontend,checkoutservice,354811,173691,0,34332,146696,55608828,173690
2026-10-04T14:02:19Z,frontend,currencyservice,2749584,2749577,0,0,0,14589993,2749577
2026-10-04T14:02:19Z,frontend,emailservice,0,0,0,0,0,0,0
2026-10-04T14:02:19Z,frontend,frontend,0,0,0,0,0,0,0
2026-10-04T14:02:19Z,frontend,kubernetes,0,0,0,0,0,0,0
2026-10-04T14:02:19Z,frontend,paymentservice,0,0,0,0,0,0,0
2026-10-04T14:02:19Z,frontend,productcatalogservice,7676840,7676779,0,0,0,52315430,7676779
2026-10-04T14:02:19Z,frontend,recommendationservice,2523996,1524786,0,104145,892890,769956520,1524786
2026-10-04T14:02:19Z,frontend,redis-cart,0,0,0,0,0,0,0
2026-10-04T14:02:19Z,frontend,shippingservice,283787,283785,0,0,0,858241,283785
2026-10-04T14:02:19Z,paymentservice,adservice,0,0,0,0,0,0,0
2026-10-04T14:02:19Z,paymentservice,cartservice,0,0,0,0,0,0,0
2026-10-04T14:02:19Z,paymentservice,checkoutservice,0,0,0,0,0,0,0
2026-10-04T14:02:19Z,paymentservice,currencyservice,0,0,0,0,0,0,0
2026-10-04T14:02:19Z,paymentservice,emailservice,0,0,0,0,0,0,0
2026-10-04T14:02:19Z,paymentservice,frontend,0,0,0,0,0,0,0
2026-10-04T14:02:19Z,paymentservice,kubernetes,0,0,0,0,0,0,0
2026-10-04T14:02:19Z,paymentservice,paymentservice,0,0,0,0,0,0,0
2026-10-04T14:02:19Z,paymentservice,productcatalogservice,0,0,0,0,0,0,0
2026-10-04T14:02:19Z,paymentservice,recommendationservice,0,0,0,0,0,0,0
2026-10-04T14:02:19Z,paymentservice,redis-cart,0,0,0,0,0,0,0
2026-10-04T14:02:19Z,paymentservice,shippingservice,0,0,0,0,0,0,0
2026-10-04T14:02:19Z,productcatalogservice,adservice,0,0,0,0,0,0,0
2026-10-04T14:02:19Z,productcatalogservice,cartservice,0,0,0,0,0,0,0
2026-10-04T14:02:19Z,productcatalogservice,checkoutservice,0,0,0,0,0,0,0
2026-10-04T14:02:19Z,productcatalogservice,currencyservice,0,0,0,0,0,0,0
2026-10-04T14:02:19Z,productcatalogservice,emailservice,0,0,0,0,0,0,0
2026-10-04T14:02:19Z,productcatalogservice,frontend,0,0,0,0,0,0,0
2026-10-04T14:02:19Z,productcatalogservice,kubernetes,0,0,0,0,0,0,0
2026-10-04T14:02:19Z,productcatalogservice,paymentservice,0,0,0,0,0,0,0
2026-10-04T14:02:19Z,productcatalogservice,productcatalogservice,0,0,0,0,0,0,0
2026-10-04T14:02:19Z,productcatalogservice,recommendationservice,0,0,0,0,0,0,0
2026-10-04T14:02:19Z,productcatalogservice,redis-cart,0,0,0,0,0,0,0
2026-10-04T14:02:19Z,productcatalogservice,shippingservice,0,0,0,0,0,0,0
2026-10-04T14:02:19Z,recommendationservice,adservice,0,0,0,0,0,0,0
2026-10-04T14:02:19Z,recommendationservice,cartservice,0,0,0,0,0,0,0
2026-10-04T14:02:19Z,recommendationservice,checkoutservice,0,0,0,0,0,0,0
2026-10-04T14:02:19Z,recommendationservice,currencyservice,0,0,0,0,0,0,0
2026-10-04T14:02:19Z,recommendationservice,emailservice,0,0,0,0,0,0,0
2026-10-04T14:02:19Z,recommendationservice,frontend,0,0,0,0,0,0,0
2026-10-04T14:02:19Z,recommendationservice,kubernetes,0,0,0,0,0,0,0
2026-10-04T14:02:19Z,recommendationservice,paymentservice,0,0,0,0,0,0,0
2026-10-04T14:02:19Z,recommendationservice,productcatalogservice,0,0,0,0,0,0,0
2026-10-04T14:02:19Z,recommendationservice,recommendationservice,0,0,0,0,0,0,0
2026-10-04T14:02:19Z,recommendationservice,redis-cart,0,0,0,0,0,0,0
2026-10-04T14:02:19Z,recommendationservice,shippingservice,0,0,0,0,0,0,0
2026-10-04T14:02:19Z,redis-cart,adservice,0,0,0,0,0,0,0
2026-10-04T14:02:19Z,redis-cart,cartservice,0,0,0,0,0,0,0
2026-10-04T14:02:19Z,redis-cart,checkoutservice,0,0,0,0,0,0,0
2026-10-04T14:02:19Z,redis-cart,currencyservice,0,0,0,0,0,0,0
2026-10-04T14:02:19Z,redis-cart,emailservice,0,0,0,0,0,0,0
2026-10-04T14:02:19Z,redis-cart,frontend,0,0,0,0,0,0,0
2026-10-04T14:02:19Z,redis-cart,kubernetes,0,0,0,0,0,0,0
2026-10-04T14:02:19Z,redis-cart,paymentservice,0,0,0,0,0,0,0
2026-10-04T14:02:19Z,redis-cart,productcatalogservice,0,0,0,0,0,0,0
2026-10-04T14:02:19Z,redis-cart,recommendationservice,0,0,0,0,0,0,0
2026-10-04T14:02:19Z,redis-cart,redis-cart,0,0,0,0,0,0,0
2026-10-04T14:02:19Z,redis-cart,shippingservice,0,0,0,0,0,0,0
2026-10-04T14:02:19Z,shippingservice,adservice,0,0,0,0,0,0,0
2026-10-04T14:02:19Z,shippingservice,cartservice,0,0,0,0,0,0,0
2026-10-04T14:02:19Z,shippingservice,checkoutservice,0,0,0,0,0,0,0
2026-10-04T14:02:19Z,shippingservice,currencyservice,0,0,0,0,0,0,0
2026-10-04T14:02:19Z,shippingservice,emailservice,0,0,0,0,0,0,0
2026-10-04T14:02:19Z,shippingservice,frontend,0,0,0,0,0,0,0
2026-10-04T14:02:19Z,shippingservice,kubernetes,0,0,0,0,0,0,0
2026-10-04T14:02:19Z,shippingservice,paymentservice,0,0,0,0,0,0,0
2026-10-04T14:02:19Z,shippingservice,productcatalogservice,0,0,0,0,0,0,0
2026-10-04T14:02:19Z,shippingservice,recommendationservice,0,0,0,0,0,0,0
2026-10-04T14:02:19Z,shippingservice,redis-cart,0,0,0,0,0,0,0
2026-10-04T14:02:19Z,shippingservice,shippingservice,0,0,0,0,0,0,0
2026-10-04T14:02:20Z,adservice,adservice,0,0,0,0,0,0,0
2026-10-04T14:02:20Z,adservice,cartservice,0,0,0,0,0,0,0
2026-10-04T14:02:20Z,adservice,checkoutservice,0,0,0,0,0,0,0
2026-10-04T14:02:20Z,adservice,currencyservice,0,0,0,0,0,0,0
2026-10-04T14:02:20Z,adservice,emailservice,0,0,0,0,0,0,0
2026-10-04T14:02:20Z,adservice,frontend,0,0,0,0,0,0,0
2026-10-04T14:02:20Z,adservice,kubernetes,0,0,0,0,0,0,0
2026-10-04T14:02:20Z,adservice,paymentservice,0,0,0,0,0,0,0
2026-10-04T14:02:20Z,adservice,productcatalogservice,0,0,0,0,0,0,0
2026-10-04T14:02:20Z,adservice,recommendationservice,0,0,0,0,0,0,0
2026-10-04T14:02:20Z,adservice,redis-cart,0,0,0,0,0,0,0
2026-10-04T14:02:20Z,adservice,shippingservice,0,0,0,0,0,0,0
2026-10-04T14:02:20Z,cartservice,adservice,0,0,0,0,0,0,0
2026-10-04T14:02:20Z,cartservice,cartservice,0,0,0,0,0,0,0
2026-10-04T14:02:20Z,cartservice,checkoutservice,0,0,0,0,0,0,0
2026-10-04T14:02:20Z,cartservice,currencyservice,0,0,0,0,0,0,0
2026-10-04T14:02:20Z,cartservice,emailservice,0,0,0,0,0,0,0
2026-10-04T14:02:20Z,cartservice,frontend,0,0,0,0,0,0,0
2026-10-04T14:02:20Z,cartservice,kubernetes,0,0,0,0,0,0,0
2026-10-04T14:02:20Z,cartservice,paymentservice,0,0,0,0,0,0,0
2026-10-04T14:02:20Z,cartservice,productcatalogservice,0,0,0,0,0,0,0
2026-10-04T14:02:20Z,cartservice,recommendationservice,0,0,0,0,0,0,0
2026-10-04T14:02:20Z,cartservice,redis-cart,2,0,0,0,0,0,0
2026-10-04T14:02:20Z,cartservice,shippingservice,0,0,0,0,0,0,0
2026-10-04T14:02:20Z,checkoutservice,adservice,0,0,0,0,0,0,0
2026-10-04T14:02:20Z,checkoutservice,cartservice,0,0,0,0,0,0,0
2026-10-04T14:02:20Z,checkoutservice,checkoutservice,0,0,0,0,0,0,0
2026-10-04T14:02:20Z,checkoutservice,currencyservice,0,0,0,0,0,0,0
2026-10-04T14:02:20Z,checkoutservice,emailservice,0,0,0,0,0,0,0
2026-10-04T14:02:20Z,checkoutservice,frontend,0,0,0,0,0,0,0
2026-10-04T14:02:20Z,checkoutservice,kubernetes,0,0,0,0,0,0,0
2026-10-04T14:02:20Z,checkoutservice,paymentservice,0,0,0,0,0,0,0
2026-10-04T14:02:20Z,checkoutservice,productcatalogservice,0,0,0,0,0,0,0
2026-10-04T14:02:20Z,checkoutservice,recommendationservice,0,0,0,0,0,0,0
2026-10-04T14:02:20Z,checkoutservice,redis-cart,0,0,0,0,0,0,0
2026-10-04T14:02:20Z,checkoutservice,shippingservice,0,0,0,0,0,0,0
2026-10-04T14:02:20Z,currencyservice,adservice,0,0,0,0,0,0,0
2026-10-04T14:02:20Z,currencyservice,cartservice,0,0,0,0,0,0,0
2026-10-04T14:02:20Z,currencyservice,checkoutservice,0,0,0,0,0,0,0
2026-10-04T14:02:20Z,currencyservice,currencyservice,0,0,0,0,0,0,0
2026-10-04T14:02:20Z,currencyservice,emailservice,0,0,0,0,0,0,0
2026-10-04T14:02:20Z,currencyservice,frontend,0,0,0,0,0,0,0
2026-10-04T14:02:20Z,currencyservice,kubernetes,0,0,0,0,0,0,0
2026-10-04T14:02:20Z,currencyservice,paymentservice,0,0,0,0,0,0,0
2026-10-04T14:02:20Z,currencyservice,productcatalogservice,0,0,0,0,0,0,0
2026-10-04T14:02:20Z,currencyservice,recommendationservice,0,0,0,0,0,0,0
2026-10-04T14:02:20Z,currencyservice,redis-cart,0,0,0,0,0,0,0
2026-10-04T14:02:20Z,currencyservice,shippingservice,0,0,0,0,0,0,0
2026-10-04T14:02:20Z,emailservice,adservice,0,0,0,0,0,0,0
2026-10-04T14:02:20Z,emailservice,cartservice,0,0,0,0,0,0,0
2026-10-04T14:02:20Z,emailservice,checkoutservice,0,0,0,0,0,0,0
2026-10-04T14:02:20Z,emailservice,currencyservice,0,0,0,0,0,0,0
2026-10-04T14:02:20Z,emailservice,emailservice,0,0,0,0,0,0,0
2026-10-04T14:02:20Z,emailservice,frontend,0,0,0,0,0,0,0
2026-10-04T14:02:20Z,emailservice,kubernetes,0,0,0,0,0,0,0
2026-10-04T14:02:20Z,emailservice,paymentservice,0,0,0,0,0,0,0
2026-10-04T14:02:20Z,emailservice,productcatalogservice,0,0,0,0,0,0,0
2026-10-04T14:02:20Z,emailservice,recommendationservice,0,0,0,0,0,0,0
2026-10-04T14:02:20Z,emailservice,redis-cart,0,0,0,0,0,0,0
2026-10-04T14:02:20Z,emailservice,shippingservice,0,0,0,0,0,0,0
2026-10-04T14:02:20Z,frontend,adservice,773781,773779,0,0,0,2334061,773779
2026-10-04T14:02:20Z,frontend,cartservice,1730573,1730561,0,0,4,9624535,1730561
2026-10-04T14:02:20Z,frontend,checkoutservice,354811,173691,0,34332,146696,55608828,173690
2026-10-04T14:02:20Z,frontend,currencyservice,2749584,2749577,0,0,0,14589993,2749577
2026-10-04T14:02:20Z,frontend,emailservice,0,0,0,0,0,0,0
2026-10-04T14:02:20Z,frontend,frontend,0,0,0,0,0,0,0
2026-10-04T14:02:20Z,frontend,kubernetes,0,0,0,0,0,0,0
2026-10-04T14:02:20Z,frontend,paymentservice,0,0,0,0,0,0,0
2026-10-04T14:02:20Z,frontend,productcatalogservice,7676840,7676779,0,0,0,52315430,7676779
2026-10-04T14:02:20Z,frontend,recommendationservice,2523996,1524786,0,104145,892890,769956520,1524786
2026-10-04T14:02:20Z,frontend,redis-cart,0,0,0,0,0,0,0
2026-10-04T14:02:20Z,frontend,shippingservice,283787,283785,0,0,0,858241,283785
2026-10-04T14:02:20Z,paymentservice,adservice,0,0,0,0,0,0,0
2026-10-04T14:02:20Z,paymentservice,cartservice,0,0,0,0,0,0,0
2026-10-04T14:02:20Z,paymentservice,checkoutservice,0,0,0,0,0,0,0
2026-10-04T14:02:20Z,paymentservice,currencyservice,0,0,0,0,0,0,0
2026-10-04T14:02:20Z,paymentservice,emailservice,0,0,0,0,0,0,0
2026-10-04T14:02:20Z,paymentservice,frontend,0,0,0,0,0,0,0
2026-10-04T14:02:20Z,paymentservice,kubernetes,0,0,0,0,0,0,0
2026-10-04T14:02:20Z,paymentservice,paymentservice,0,0,0,0,0,0,0
2026-10-04T14:02:20Z,paymentservice,productcatalogservice,0,0,0,0,0,0,0
2026-10-04T14:02:20Z,paymentservice,recommendationservice,0,0,0,0,0,0,0
2026-10-04T14:02:20Z,paymentservice,redis-cart,0,0,0,0,0,0,0
2026-10-04T14:02:20Z,paymentservice,shippingservice,0,0,0,0,0,0,0
2026-10-04T14:02:20Z,productcatalogservice,adservice,0,0,0,0,0,0,0
2026-10-04T14:02:20Z,productcatalogservice,cartservice,0,0,0,0,0,0,0
2026-10-04T14:02:20Z,productcatalogservice,checkoutservice,0,0,0,0,0,0,0
2026-10-04T14:02:20Z,productcatalogservice,currencyservice,0,0,0,0,0,0,0
2026-10-04T14:02:20Z,productcatalogservice,emailservice,0,0,0,0,0,0,0
2026-10-04T14:02:20Z,productcatalogservice,frontend,0,0,0,0,0,0,0
2026-10-04T14:02:20Z,productcatalogservice,kubernetes,0,0,0,0,0,0,0
2026-10-04T14:02:20Z,productcatalogservice,paymentservice,0,0,0,0,0,0,0
2026-10-04T14:02:20Z,productcatalogservice,productcatalogservice,0,0,0,0,0,0,0
2026-10-04T14:02:20Z,productcatalogservice,recommendationservice,0,0,0,0,0,0,0
2026-10-04T14:02:20Z,productcatalogservice,redis-cart,0,0,0,0,0,0,0
2026-10-04T14:02:20Z,productcatalogservice,shippingservice,0,0,0,0,0,0,0
2026-10-04T14:02:20Z,recommendationservice,adservice,0,0,0,0,0,0,0
2026-10-04T14:02:20Z,recommendationservice,cartservice,0,0,0,0,0,0,0
2026-10-04T14:02:20Z,recommendationservice,checkoutservice,0,0,0,0,0,0,0
2026-10-04T14:02:20Z,recommendationservice,currencyservice,0,0,0,0,0,0,0
2026-10-04T14:02:20Z,recommendationservice,emailservice,0,0,0,0,0,0,0
2026-10-04T14:02:20Z,recommendationservice,frontend,0,0,0,0,0,0,0
2026-10-04T14:02:20Z,recommendationservice,kubernetes,0,0,0,0,0,0,0
2026-10-04T14:02:20Z,recommendationservice,paymentservice,0,0,0,0,0,0,0
2026-10-04T14:02:20Z,recommendationservice,productcatalogservice,0,0,0,0,0,0,0
2026-10-04T14:02:20Z,recommendationservice,recommendationservice,0,0,0,0,0,0,0
2026-10-04T14:02:20Z,recommendationservice,redis-cart,0,0,0,0,0,0,0
2026-10-04T14:02:20Z,recommendationservice,shippingservice,0,0,0,0,0,0,0
2026-10-04T14:02:20Z,redis-cart,adservice,0,0,0,0,0,0,0
2026-10-04T14:02:20Z,redis-cart,cartservice,0,0,0,0,0,0,0
2026-10-04T14:02:20Z,redis-cart,checkoutservice,0,0,0,0,0,0,0
2026-10-04T14:02:20Z,redis-cart,currencyservice,0,0,0,0,0,0,0
2026-10-04T14:02:20Z,redis-cart,emailservice,0,0,0,0,0,0,0
2026-10-04T14:02:20Z,redis-cart,frontend,0,0,0,0,0,0,0
2026-10-04T14:02:20Z,redis-cart,kubernetes,0,0,0,0,0,0,0
2026-10-04T14:02:20Z,redis-cart,paymentservice,0,0,0,0,0,0,0
2026-10-04T14:02:20Z,redis-cart,productcatalogservice,0,0,0,0,0,0,0
2026-10-04T14:02:20Z,redis-cart,recommendationservice,0,0,0,0,0,0,0
2026-10-04T14:02:20Z,redis-cart,redis-cart,0,0,0,0,0,0,0
2026-10-04T14:02:20Z,redis-cart,shippingservice,0,0,0,0,0,0,0
2026-10-04T14:02:20Z,shippingservice,adservice,0,0,0,0,0,0,0
2026-10-04T14:02:20Z,shippingservice,cartservice,0,0,0,0,0,0,0
2026-10-04T14:02:20Z,shippingservice,checkoutservice,0,0,0,0,0,0,0
2026-10-04T14:02:20Z,shippingservice,currencyservice,0,0,0,0,0,0,0
2026-10-04T14:02:20Z,shippingservice,emailservice,0,0,0,0,0,0,0
2026-10-04T14:02:20Z,shippingservice,frontend,0,0,0,0,0,0,0
2026-10-04T14:02:20Z,shippingservice,kubernetes,0,0,0,0,0,0,0
2026-10-04T14:02:20Z,shippingservice,paymentservice,0,0,0,0,0,0,0
2026-10-04T14:02:20Z,shippingservice,productcatalogservice,0,0,0,0,0,0,0
2026-10-04T14:02:20Z,shippingservice,recommendationservice,0,0,0,0,0,0,0
2026-10-04T14:02:20Z,shippingservice,redis-cart,0,0,0,0,0,0,0
2026-10-04T14:02:20Z,shippingservice,shippingservice,0,0,0,0,0,0,0
2026-10-04T14:02:21Z,adservice,adservice,0,0,0,0,0,0,0
2026-10-04T14:02:21Z,adservice,cartservice,0,0,0,0,0,0,0
2026-10-04T14:02:21Z,adservice,checkoutservice,0,0,0,0,0,0,0
2026-10-04T14:02:21Z,adservice,currencyservice,0,0,0,0,0,0,0
2026-10-04T14:02:21Z,adservice,emailservice,0,0,0,0,0,0,0
2026-10-04T14:02:21Z,adservice,frontend,0,0,0,0,0,0,0
2026-10-04T14:02:21Z,adservice,kubernetes,0,0,0,0,0,0,0
2026-10-04T14:02:21Z,adservice,paymentservice,0,0,0,0,0,0,0
2026-10-04T14:02:21Z,adservice,productcatalogservice,0,0,0,0,0,0,0
2026-10-04T14:02:21Z,adservice,recommendationservice,0,0,0,0,0,0,0
2026-10-04T14:02:21Z,adservice,redis-cart,0,0,0,0,0,0,0
2026-10-04T14:02:21Z,adservice,shippingservice,0,0,0,0,0,0,0
2026-10-04T14:02:21Z,cartservice,adservice,0,0,0,0,0,0,0
2026-10-04T14:02:21Z,cartservice,cartservice,0,0,0,0,0,0,0
2026-10-04T14:02:21Z,cartservice,checkoutservice,0,0,0,0,0,0,0
2026-10-04T14:02:21Z,cartservice,currencyservice,0,0,0,0,0,0,0
2026-10-04T14:02:21Z,cartservice,emailservice,0,0,0,0,0,0,0
2026-10-04T14:02:21Z,cartservice,frontend,0,0,0,0,0,0,0
2026-10-04T14:02:21Z,cartservice,kubernetes,0,0,0,0,0,0,0
2026-10-04T14:02:21Z,cartservice,paymentservice,0,0,0,0,0,0,0
2026-10-04T14:02:21Z,cartservice,productcatalogservice,0,0,0,0,0,0,0
2026-10-04T14:02:21Z,cartservice,recommendationservice,0,0,0,0,0,0,0
2026-10-04T14:02:21Z,cartservice,redis-cart,2,0,0,0,0,0,0
2026-10-04T14:02:21Z,cartservice,shippingservice,0,0,0,0,0,0,0
2026-10-04T14:02:21Z,checkoutservice,adservice,0,0,0,0,0,0,0
2026-10-04T14:02:21Z,checkoutservice,cartservice,0,0,0,0,0,0,0
2026-10-04T14:02:21Z,checkoutservice,checkoutservice,0,0,0,0,0,0,0
2026-10-04T14:02:21Z,checkoutservice,currencyservice,0,0,0,0,0,0,0
2026-10-04T14:02:21Z,checkoutservice,emailservice,0,0,0,0,0,0,0
2026-10-04T14:02:21Z,checkoutservice,frontend,0,0,0,0,0,0,0
2026-10-04T14:02:21Z,checkoutservice,kubernetes,0,0,0,0,0,0,0
2026-10-04T14:02:21Z,checkoutservice,paymentservice,0,0,0,0,0,0,0
2026-10-04T14:02:21Z,checkoutservice,productcatalogservice,0,0,0,0,0,0,0
2026-10-04T14:02:21Z,checkoutservice,recommendationservice,0,0,0,0,0,0,0
2026-10-04T14:02:21Z,checkoutservice,redis-cart,0,0,0,0,0,0,0
2026-10-04T14:02:21Z,checkoutservice,shippingservice,0,0,0,0,0,0,0
2026-10-04T14:02:21Z,currencyservice,adservice,0,0,0,0,0,0,0
2026-10-04T14:02:21Z,currencyservice,cartservice,0,0,0,0,0,0,0
2026-10-04T14:02:21Z,currencyservice,checkoutservice,0,0,0,0,0,0,0
2026-10-04T14:02:21Z,currencyservice,currencyservice,0,0,0,0,0,0,0
2026-10-04T14:02:21Z,currencyservice,emailservice,0,0,0,0,0,0,0
2026-10-04T14:02:21Z,currencyservice,frontend,0,0,0,0,0,0,0
2026-10-04T14:02:21Z,currencyservice,kubernetes,0,0,0,0,0,0,0
2026-10-04T14:02:21Z,currencyservice,paymentservice,0,0,0,0,0,0,0
2026-10-04T14:02:21Z,currencyservice,productcatalogservice,0,0,0,0,0,0,0
2026-10-04T14:02:21Z,currencyservice,recommendationservice,0,0,0,0,0,0,0
2026-10-04T14:02:21Z,currencyservice,redis-cart,0,0,0,0,0,0,0
2026-10-04T14:02:21Z,currencyservice,shippingservice,0,0,0,0,0,0,0
2026-10-04T14:02:21Z,emailservice,adservice,0,0,0,0,0,0,0
2026-10-04T14:02:21Z,emailservice,cartservice,0,0,0,0,0,0,0
2026-10-04T14:02:21Z,emailservice,checkoutservice,0,0,0,0,0,0,0
2026-10-04T14:02:21Z,emailservice,currencyservice,0,0,0,0,0,0,0
2026-10-04T14:02:21Z,emailservice,emailservice,0,0,0,0,0,0,0
2026-10-04T14:02:21Z,emailservice,frontend,0,0,0,0,0,0,0
2026-10-04T14:02:21Z,emailservice,kubernetes,0,0,0,0,0,0,0
2026-10-04T14:02:21Z,emailservice,paymentservice,0,0,0,0,0,0,0
2026-10-04T14:02:21Z,emailservice,productcatalogservice,0,0,0,0,0,0,0
2026-10-04T14:02:21Z,emailservice,recommendationservice,0,0,0,0,0,0,0
2026-10-04T14:02:21Z,emailservice,redis-cart,0,0,0,0,0,0,0
2026-10-04T14:02:21Z,emailservice,shippingservice,0,0,0,0,0,0,0
2026-10-04T14:02:21Z,frontend,adservice,773781,773779,0,0,0,2334061,773779
2026-10-04T14:02:21Z,frontend,cartservice,1730573,1730561,0,0,4,9624535,1730561
2026-10-04T14:02:21Z,frontend,checkoutservice,354811,173691,0,34332,146696,55608828,173690
2026-10-04T14:02:21Z,frontend,currencyservice,2749584,2749577,0,0,0,14589993,2749577
2026-10-04T14:02:21Z,frontend,emailservice,0,0,0,0,0,0,0
2026-10-04T14:02:21Z,frontend,frontend,0,0,0,0,0,0,0
2026-10-04T14:02:21Z,frontend,kubernetes,0,0,0,0,0,0,0
2026-10-04T14:02:21Z,frontend,paymentservice,0,0,0,0,0,0,0
2026-10-04T14:02:21Z,frontend,productcatalogservice,7676840,7676779,0,0,0,52315430,7676779
2026-10-04T14:02:21Z,frontend,recommendationservice,2523996,1524786,0,104145,892890,769956520,1524786
2026-10-04T14:02:21Z,frontend,redis-cart,0,0,0,0,0,0,0
2026-10-04T14:02:21Z,frontend,shippingservice,283787,283785,0,0,0,858241,283785
2026-10-04T14:02:21Z,paymentservice,adservice,0,0,0,0,0,0,0
2026-10-04T14:02:21Z,paymentservice,cartservice,0,0,0,0,0,0,0
2026-10-04T14:02:21Z,paymentservice,checkoutservice,0,0,0,0,0,0,0
2026-10-04T14:02:21Z,paymentservice,currencyservice,0,0,0,0,0,0,0
2026-10-04T14:02:21Z,paymentservice,emailservice,0,0,0,0,0,0,0
2026-10-04T14:02:21Z,paymentservice,frontend,0,0,0,0,0,0,0
2026-10-04T14:02:21Z,paymentservice,kubernetes,0,0,0,0,0,0,0
2026-10-04T14:02:21Z,paymentservice,paymentservice,0,0,0,0,0,0,0
2026-10-04T14:02:21Z,paymentservice,productcatalogservice,0,0,0,0,0,0,0
2026-10-04T14:02:21Z,paymentservice,recommendationservice,0,0,0,0,0,0,0
2026-10-04T14:02:21Z,paymentservice,redis-cart,0,0,0,0,0,0,0
2026-10-04T14:02:21Z,paymentservice,shippingservice,0,0,0,0,0,0,0
2026-10-04T14:02:21Z,productcatalogservice,adservice,0,0,0,0,0,0,0
2026-10-04T14:02:21Z,productcatalogservice,cartservice,0,0,0,0,0,0,0
2026-10-04T14:02:21Z,productcatalogservice,checkoutservice,0,0,0,0,0,0,0
2026-10-04T14:02:21Z,productcatalogservice,currencyservice,0,0,0,0,0,0,0
2026-10-04T14:02:21Z,productcatalogservice,emailservice,0,0,0,0,0,0,0
2026-10-04T14:02:21Z,productcatalogservice,frontend,0,0,0,0,0,0,0
2026-10-04T14:02:21Z,productcatalogservice,kubernetes,0,0,0,0,0,0,0
2026-10-04T14:02:21Z,productcatalogservice,paymentservice,0,0,0,0,0,0,0
2026-10-04T14:02:21Z,productcatalogservice,productcatalogservice,0,0,0,0,0,0,0
2026-10-04T14:02:21Z,productcatalogservice,recommendationservice,0,0,0,0,0,0,0
2026-10-04T14:02:21Z,productcatalogservice,redis-cart,0,0,0,0,0,0,0
2026-10-04T14:02:21Z,productcatalogservice,shippingservice,0,0,0,0,0,0,0
2026-10-04T14:02:21Z,recommendationservice,adservice,0,0,0,0,0,0,0
2026-10-04T14:02:21Z,recommendationservice,cartservice,0,0,0,0,0,0,0
2026-10-04T14:02:21Z,recommendationservice,checkoutservice,0,0,0,0,0,0,0
2026-10-04T14:02:21Z,recommendationservice,currencyservice,0,0,0,0,0,0,0
2026-10-04T14:02:21Z,recommendationservice,emailservice,0,0,0,0,0,0,0
2026-10-04T14:02:21Z,recommendationservice,frontend,0,0,0,0,0,0,0
2026-10-04T14:02:21Z,recommendationservice,kubernetes,0,0,0,0,0,0,0
2026-10-04T14:02:21Z,recommendationservice,paymentservice,0,0,0,0,0,0,0
2026-10-04T14:02:21Z,recommendationservice,productcatalogservice,0,0,0,0,0,0,0
2026-10-04T14:02:21Z,recommendationservice,recommendationservice,0,0,0,0,0,0,0
2026-10-04T14:02:21Z,recommendationservice,redis-cart,0,0,0,0,0,0,0
2026-10-04T14:02:21Z,recommendationservice,shippingservice,0,0,0,0,0,0,0
2026-10-04T14:02:21Z,redis-cart,adservice,0,0,0,0,0,0,0
2026-10-04T14:02:21Z,redis-cart,cartservice,0,0,0,0,0,0,0
2026-10-04T14:02:21Z,redis-cart,checkoutservice,0,0,0,0,0,0,0
2026-10-04T14:02:21Z,redis-cart,currencyservice,0,0,0,0,0,0,0
2026-10-04T14:02:21Z,redis-cart,emailservice,0,0,0,0,0,0,0
2026-10-04T14:02:21Z,redis-cart,frontend,0,0,0,0,0,0,0
2026-10-04T14:02:21Z,redis-cart,kubernetes,0,0,0,0,0,0,0
2026-10-04T14:02:21Z,redis-cart,paymentservice,0,0,0,0,0,0,0
2026-10-04T14:02:21Z,redis-cart,productcatalogservice,0,0,0,0,0,0,0
2026-10-04T14:02:21Z,redis-cart,recommendationservice,0,0,0,0,0,0,0
2026-10-04T14:02:21Z,redis-cart,redis-cart,0,0,0,0,0,0,0
2026-10-04T14:02:21Z,redis-cart,shippingservice,0,0,0,0,0,0,0
2026-10-04T14:02:21Z,shippingservice,adservice,0,0,0,0,0,0,0
2026-10-04T14:02:21Z,shippingservice,cartservice,0,0,0,0,0,0,0
2026-10-04T14:02:21Z,shippingservice,checkoutservice,0,0,0,0,0,0,0
2026-10-04T14:02:21Z,shippingservice,currencyservice,0,0,0,0,0,0,0
2026-10-04T14:02:21Z,shippingservice,emailservice,0,0,0,0,0,0,0
2026-10-04T14:02:21Z,shippingservice,frontend,0,0,0,0,0,0,0
2026-10-04T14:02:21Z,shippingservice,kubernetes,0,0,0,0,0,0,0
2026-10-04T14:02:21Z,shippingservice,paymentservice,0,0,0,0,0,0,0
2026-10-04T14:02:21Z,shippingservice,productcatalogservice,0,0,0,0,0,0,0
2026-10-04T14:02:21Z,shippingservice,recommendationservice,0,0,0,0,0,0,0
2026-10-04T14:02:21Z,shippingservice,redis-cart,0,0,0,0,0,0,0
2026-10-04T14:02:21Z,shippingservice,shippingservice,0,0,0,0,0,0,0
2026-10-04T14:02:22Z,adservice,adservice,0,0,0,0,0,0,0
2026-10-04T14:02:22Z,adservice,cartservice,0,0,0,0,0,0,0
2026-10-04T14:02:22Z,adservice,checkoutservice,0,0,0,0,0,0,0
2026-10-04T14:02:22Z,adservice,currencyservice,0,0,0,0,0,0,0
2026-10-04T14:02:22Z,adservice,emailservice,0,0,0,0,0,0,0
2026-10-04T14:02:22Z,adservice,frontend,0,0,0,0,0,0,0
2026-10-04T14:02:22Z,adservice,kubernetes,0,0,0,0,0,0,0
2026-10-04T14:02:22Z,adservice,paymentservice,0,0,0,0,0,0,0
2026-10-04T14:02:22Z,adservice,productcatalogservice,0,0,0,0,0,0,0
2026-10-04T14:02:22Z,adservice,recommendationservice,0,0,0,0,0,0,0
2026-10-04T14:02:22Z,adservice,redis-cart,0,0,0,0,0,0,0
2026-10-04T14:02:22Z,adservice,shippingservice,0,0,0,0,0,0,0
2026-10-04T14:02:22Z,cartservice,adservice,0,0,0,0,0,0,0
2026-10-04T14:02:22Z,cartservice,cartservice,0,0,0,0,0,0,0
2026-10-04T14:02:22Z,cartservice,checkoutservice,0,0,0,0,0,0,0
2026-10-04T14:02:22Z,cartservice,currencyservice,0,0,0,0,0,0,0
2026-10-04T14:02:22Z,cartservice,emailservice,0,0,0,0,0,0,0
2026-10-04T14:02:22Z,cartservice,frontend,0,0,0,0,0,0,0
2026-10-04T14:02:22Z,cartservice,kubernetes,0,0,0,0,0,0,0
2026-10-04T14:02:22Z,cartservice,paymentservice,0,0,0,0,0,0,0
2026-10-04T14:02:22Z,cartservice,productcatalogservice,0,0,0,0,0,0,0
2026-10-04T14:02:22Z,cartservice,recommendationservice,0,0,0,0,0,0,0
2026-10-04T14:02:22Z,cartservice,redis-cart,2,0,0,0,0,0,0
2026-10-04T14:02:22Z,cartservice,shippingservice,0,0,0,0,0,0,0
2026-10-04T14:02:22Z,checkoutservice,adservice,0,0,0,0,0,0,0
2026-10-04T14:02:22Z,checkoutservice,cartservice,0,0,0,0,0,0,0
2026-10-04T14:02:22Z,checkoutservice,checkoutservice,0,0,0,0,0,0,0
2026-10-04T14:02:22Z,checkoutservice,currencyservice,0,0,0,0,0,0,0
2026-10-04T14:02:22Z,checkoutservice,emailservice,0,0,0,0,0,0,0
2026-10-04T14:02:22Z,checkoutservice,frontend,0,0,0,0,0,0,0
2026-10-04T14:02:22Z,checkoutservice,kubernetes,0,0,0,0,0,0,0
2026-10-04T14:02:22Z,checkoutservice,paymentservice,0,0,0,0,0,0,0
2026-10-04T14:02:22Z,checkoutservice,productcatalogservice,0,0,0,0,0,0,0
2026-10-04T14:02:22Z,checkoutservice,recommendationservice,0,0,0,0,0,0,0
2026-10-04T14:02:22Z,checkoutservice,redis-cart,0,0,0,0,0,0,0
2026-10-04T14:02:22Z,checkoutservice,shippingservice,0,0,0,0,0,0,0
2026-10-04T14:02:22Z,currencyservice,adservice,0,0,0,0,0,0,0
2026-10-04T14:02:22Z,currencyservice,cartservice,0,0,0,0,0,0,0
2026-10-04T14:02:22Z,currencyservice,checkoutservice,0,0,0,0,0,0,0
2026-10-04T14:02:22Z,currencyservice,currencyservice,0,0,0,0,0,0,0
2026-10-04T14:02:22Z,currencyservice,emailservice,0,0,0,0,0,0,0
2026-10-04T14:02:22Z,currencyservice,frontend,0,0,0,0,0,0,0
2026-10-04T14:02:22Z,currencyservice,kubernetes,0,0,0,0,0,0,0
2026-10-04T14:02:22Z,currencyservice,paymentservice,0,0,0,0,0,0,0
2026-10-04T14:02:22Z,currencyservice,productcatalogservice,0,0,0,0,0,0,0
2026-10-04T14:02:22Z,currencyservice,recommendationservice,0,0,0,0,0,0,0
2026-10-04T14:02:22Z,currencyservice,redis-cart,0,0,0,0,0,0,0
2026-10-04T14:02:22Z,currencyservice,shippingservice,0,0,0,0,0,0,0
2026-10-04T14:02:22Z,emailservice,adservice,0,0,0,0,0,0,0
2026-10-04T14:02:22Z,emailservice,cartservice,0,0,0,0,0,0,0
2026-10-04T14:02:22Z,emailservice,checkoutservice,0,0,0,0,0,0,0
2026-10-04T14:02:22Z,emailservice,currencyservice,0,0,0,0,0,0,0
2026-10-04T14:02:22Z,emailservice,emailservice,0,0,0,0,0,0,0
2026-10-04T14:02:22Z,emailservice,frontend,0,0,0,0,0,0,0
2026-10-04T14:02:22Z,emailservice,kubernetes,0,0,0,0,0,0,0
2026-10-04T14:02:22Z,emailservice,paymentservice,0,0,0,0,0,0,0
2026-10-04T14:02:22Z,emailservice,productcatalogservice,0,0,0,0,0,0,0
2026-10-04T14:02:22Z,emailservice,recommendationservice,0,0,0,0,0,0,0
2026-10-04T14:02:22Z,emailservice,redis-cart,0,0,0,0,0,0,0
2026-10-04T14:02:22Z,emailservice,shippingservice,0,0,0,0,0,0,0
2026-10-04T14:02:22Z,frontend,adservice,773781,773779,0,0,0,2334061,773779
2026-10-04T14:02:22Z,frontend,cartservice,1730573,1730561,0,0,4,9624535,1730561
2026-10-04T14:02:22Z,frontend,checkoutservice,354811,173691,0,34332,146696,55608828,173690
2026-10-04T14:02:22Z,frontend,currencyservice,2749584,2749577,0,0,0,14589993,2749577
2026-10-04T14:02:22Z,frontend,emailservice,0,0,0,0,0,0,0
2026-10-04T14:02:22Z,frontend,frontend,0,0,0,0,0,0,0
2026-10-04T14:02:22Z,frontend,kubernetes,0,0,0,0,0,0,0
2026-10-04T14:02:22Z,frontend,paymentservice,0,0,0,0,0,0,0
2026-10-04T14:02:22Z,frontend,productcatalogservice,7676840,7676779,0,0,0,52315430,7676779
2026-10-04T14:02:22Z,frontend,recommendationservice,2523996,1524786,0,104145,892890,769956520,1524786
2026-10-04T14:02:22Z,frontend,redis-cart,0,0,0,0,0,0,0
2026-10-04T14:02:22Z,frontend,shippingservice,283787,283785,0,0,0,858241,283785
2026-10-04T14:02:22Z,paymentservice,adservice,0,0,0,0,0,0,0
2026-10-04T14:02:22Z,paymentservice,cartservice,0,0,0,0,0,0,0
2026-10-04T14:02:22Z,paymentservice,checkoutservice,0,0,0,0,0,0,0
2026-10-04T14:02:22Z,paymentservice,currencyservice,0,0,0,0,0,0,0
2026-10-04T14:02:22Z,paymentservice,emailservice,0,0,0,0,0,0,0
2026-10-04T14:02:22Z,paymentservice,frontend,0,0,0,0,0,0,0
2026-10-04T14:02:22Z,paymentservice,kubernetes,0,0,0,0,0,0,0
2026-10-04T14:02:22Z,paymentservice,paymentservice,0,0,0,0,0,0,0
2026-10-04T14:02:22Z,paymentservice,productcatalogservice,0,0,0,0,0,0,0
2026-10-04T14:02:22Z,paymentservice,recommendationservice,0,0,0,0,0,0,0
2026-10-04T14:02:22Z,paymentservice,redis-cart,0,0,0,0,0,0,0
2026-10-04T14:02:22Z,paymentservice,shippingservice,0,0,0,0,0,0,0
2026-10-04T14:02:22Z,productcatalogservice,adservice,0,0,0,0,0,0,0
2026-10-04T14:02:22Z,productcatalogservice,cartservice,0,0,0,0,0,0,0
2026-10-04T14:02:22Z,productcatalogservice,checkoutservice,0,0,0,0,0,0,0
2026-10-04T14:02:22Z,productcatalogservice,currencyservice,0,0,0,0,0,0,0
2026-10-04T14:02:22Z,productcatalogservice,emailservice,0,0,0,0,0,0,0
2026-10-04T14:02:22Z,productcatalogservice,frontend,0,0,0,0,0,0,0
2026-10-04T14:02:22Z,productcatalogservice,kubernetes,0,0,0,0,0,0,0
2026-10-04T14:02:22Z,productcatalogservice,paymentservice,0,0,0,0,0,0,0
2026-10-04T14:02:22Z,productcatalogservice,productcatalogservice,0,0,0,0,0,0,0
2026-10-04T14:02:22Z,productcatalogservice,recommendationservice,0,0,0,0,0,0,0
2026-10-04T14:02:22Z,productcatalogservice,redis-cart,0,0,0,0,0,0,0
2026-10-04T14:02:22Z,productcatalogservice,shippingservice,0,0,0,0,0,0,0
2026-10-04T14:02:22Z,recommendationservice,adservice,0,0,0,0,0,0,0
2026-10-04T14:02:22Z,recommendationservice,cartservice,0,0,0,0,0,0,0
2026-10-04T14:02:22Z,recommendationservice,checkoutservice,0,0,0,0,0,0,0
2026-10-04T14:02:22Z,recommendationservice,currencyservice,0,0,0,0,0,0,0
2026-10-04T14:02:22Z,recommendationservice,emailservice,0,0,0,0,0,0,0
2026-10-04T14:02:22Z,recommendationservice,frontend,0,0,0,0,0,0,0
2026-10-04T14:02:22Z,recommendationservice,kubernetes,0,0,0,0,0,0,0
2026-10-04T14:02:22Z,recommendationservice,paymentservice,0,0,0,0,0,0,0
2026-10-04T14:02:22Z,recommendationservice,productcatalogservice,0,0,0,0,0,0,0
2026-10-04T14:02:22Z,recommendationservice,recommendationservice,0,0,0,0,0,0,0
2026-10-04T14:02:22Z,recommendationservice,redis-cart,0,0,0,0,0,0,0
2026-10-04T14:02:22Z,recommendationservice,shippingservice,0,0,0,0,0,0,0
2026-10-04T14:02:22Z,redis-cart,adservice,0,0,0,0,0,0,0
2026-10-04T14:02:22Z,redis-cart,cartservice,0,0,0,0,0,0,0
2026-10-04T14:02:22Z,redis-cart,checkoutservice,0,0,0,0,0,0,0
2026-10-04T14:02:22Z,redis-cart,currencyservice,0,0,0,0,0,0,0
2026-10-04T14:02:22Z,redis-cart,emailservice,0,0,0,0,0,0,0
2026-10-04T14:02:22Z,redis-cart,frontend,0,0,0,0,0,0,0
2026-10-04T14:02:22Z,redis-cart,kubernetes,0,0,0,0,0,0,0
2026-10-04T14:02:22Z,redis-cart,paymentservice,0,0,0,0,0,0,0
2026-10-04T14:02:22Z,redis-cart,productcatalogservice,0,0,0,0,0,0,0
2026-10-04T14:02:22Z,redis-cart,recommendationservice,0,0,0,0,0,0,0
2026-10-04T14:02:22Z,redis-cart,redis-cart,0,0,0,0,0,0,0
2026-10-04T14:02:22Z,redis-cart,shippingservice,0,0,0,0,0,0,0
2026-10-04T14:02:22Z,shippingservice,adservice,0,0,0,0,0,0,0
2026-10-04T14:02:22Z,shippingservice,cartservice,0,0,0,0,0,0,0
2026-10-04T14:02:22Z,shippingservice,checkoutservice,0,0,0,0,0,0,0
2026-10-04T14:02:22Z,shippingservice,currencyservice,0,0,0,0,0,0,0
2026-10-04T14:02:22Z,shippingservice,emailservice,0,0,0,0,0,0,0
2026-10-04T14:02:22Z,shippingservice,frontend,0,0,0,0,0,0,0
2026-10-04T14:02:22Z,shippingservice,kubernetes,0,0,0,0,0,0,0
2026-10-04T14:02:22Z,shippingservice,paymentservice,0,0,0,0,0,0,0
2026-10-04T14:02:22Z,shippingservice,productcatalogservice,0,0,0,0,0,0,0
2026-10-04T14:02:22Z,shippingservice,recommendationservice,0,0,0,0,0,0,0
2026-10-04T14:02:22Z,shippingservice,redis-cart,0,0,0,0,0,0,0
2026-10-04T14:02:22Z,shippingservice,shippingservice,0,0,0,0,0,0,0
2026-10-04T14:02:23Z,adservice,adservice,0,0,0,0,0,0,0
2026-10-04T14:02:23Z,adservice,cartservice,0,0,0,0,0,0,0
2026-10-04T14:02:23Z,adservice,checkoutservice,0,0,0,0,0,0,0
2026-10-04T14:02:23Z,adservice,currencyservice,0,0,0,0,0,0,0
2026-10-04T14:02:23Z,adservice,emailservice,0,0,0,0,0,0,0
2026-10-04T14:02:23Z,adservice,frontend,0,0,0,0,0,0,0
2026-10-04T14:02:23Z,adservice,kubernetes,0,0,0,0,0,0,0
2026-10-04T14:02:23Z,adservice,paymentservice,0,0,0,0,0,0,0
2026-10-04T14:02:23Z,adservice,productcatalogservice,0,0,0,0,0,0,0
2026-10-04T14:02:23Z,adservice,recommendationservice,0,0,0,0,0,0,0
2026-10-04T14:02:23Z,adservice,redis-cart,0,0,0,0,0,0,0
2026-10-04T14:02:23Z,adservice,shippingservice,0,0,0,0,0,0,0
2026-10-04T14:02:23Z,cartservice,adservice,0,0,0,0,0,0,0
2026-10-04T14:02:23Z,cartservice,cartservice,0,0,0,0,0,0,0
2026-10-04T14:02:23Z,cartservice,checkoutservice,0,0,0,0,0,0,0
2026-10-04T14:02:23Z,cartservice,currencyservice,0,0,0,0,0,0,0
2026-10-04T14:02:23Z,cartservice,emailservice,0,0,0,0,0,0,0
2026-10-04T14:02:23Z,cartservice,frontend,0,0,0,0,0,0,0
2026-10-04T14:02:23Z,cartservice,kubernetes,0,0,0,0,0,0,0
2026-10-04T14:02:23Z,cartservice,paymentservice,0,0,0,0,0,0,0
2026-10-04T14:02:23Z,cartservice,productcatalogservice,0,0,0,0,0,0,0
2026-10-04T14:02:23Z,cartservice,recommendationservice,0,0,0,0,0,0,0
2026-10-04T14:02:23Z,cartservice,redis-cart,2,0,0,0,0,0,0
2026-10-04T14:02:23Z,cartservice,shippingservice,0,0,0,0,0,0,0
2026-10-04T14:02:23Z,checkoutservice,adservice,0,0,0,0,0,0,0
2026-10-04T14:02:23Z,checkoutservice,cartservice,0,0,0,0,0,0,0
2026-10-04T14:02:23Z,checkoutservice,checkoutservice,0,0,0,0,0,0,0
2026-10-04T14:02:23Z,checkoutservice,currencyservice,0,0,0,0,0,0,0
2026-10-04T14:02:23Z,checkoutservice,emailservice,0,0,0,0,0,0,0
2026-10-04T14:02:23Z,checkoutservice,frontend,0,0,0,0,0,0,0
2026-10-04T14:02:23Z,checkoutservice,kubernetes,0,0,0,0,0,0,0
2026-10-04T14:02:23Z,checkoutservice,paymentservice,0,0,0,0,0,0,0
2026-10-04T14:02:23Z,checkoutservice,productcatalogservice,0,0,0,0,0,0,0
2026-10-04T14:02:23Z,checkoutservice,recommendationservice,0,0,0,0,0,0,0
2026-10-04T14:02:23Z,checkoutservice,redis-cart,0,0,0,0,0,0,0
2026-10-04T14:02:23Z,checkoutservice,shippingservice,0,0,0,0,0,0,0
2026-10-04T14:02:23Z,currencyservice,adservice,0,0,0,0,0,0,0
2026-10-04T14:02:23Z,currencyservice,cartservice,0,0,0,0,0,0,0
2026-10-04T14:02:23Z,currencyservice,checkoutservice,0,0,0,0,0,0,0
2026-10-04T14:02:23Z,currencyservice,currencyservice,0,0,0,0,0,0,0
2026-10-04T14:02:23Z,currencyservice,emailservice,0,0,0,0,0,0,0
2026-10-04T14:02:23Z,currencyservice,frontend,0,0,0,0,0,0,0
2026-10-04T14:02:23Z,currencyservice,kubernetes,0,0,0,0,0,0,0
2026-10-04T14:02:23Z,currencyservice,paymentservice,0,0,0,0,0,0,0
2026-10-04T14:02:23Z,currencyservice,productcatalogservice,0,0,0,0,0,0,0
2026-10-04T14:02:23Z,currencyservice,recommendationservice,0,0,0,0,0,0,0
2026-10-04T14:02:23Z,currencyservice,redis-cart,0,0,0,0,0,0,0
2026-10-04T14:02:23Z,currencyservice,shippingservice,0,0,0,0,0,0,0
2026-10-04T14:02:23Z,emailservice,adservice,0,0,0,0,0,0,0
2026-10-04T14:02:23Z,emailservice,cartservice,0,0,0,0,0,0,0
2026-10-04T14:02:23Z,emailservice,checkoutservice,0,0,0,0,0,0,0
2026-10-04T14:02:23Z,emailservice,currencyservice,0,0,0,0,0,0,0
2026-10-04T14:02:23Z,emailservice,emailservice,0,0,0,0,0,0,0
2026-10-04T14:02:23Z,emailservice,frontend,0,0,0,0,0,0,0
2026-10-04T14:02:23Z,emailservice,kubernetes,0,0,0,0,0,0,0
2026-10-04T14:02:23Z,emailservice,paymentservice,0,0,0,0,0,0,0
2026-10-04T14:02:23Z,emailservice,productcatalogservice,0,0,0,0,0,0,0
2026-10-04T14:02:23Z,emailservice,recommendationservice,0,0,0,0,0,0,0
2026-10-04T14:02:23Z,emailservice,redis-cart,0,0,0,0,0,0,0
2026-10-04T14:02:23Z,emailservice,shippingservice,0,0,0,0,0,0,0
2026-10-04T14:02:23Z,frontend,adservice,773781,773779,0,0,0,2334061,773779
2026-10-04T14:02:23Z,frontend,cartservice,1730573,1730561,0,0,4,9624535,1730561
2026-10-04T14:02:23Z,frontend,checkoutservice,354811,173691,0,34332,146696,55608828,173690
2026-10-04T14:02:23Z,frontend,currencyservice,2749584,2749577,0,0,0,14589993,2749577
2026-10-04T14:02:23Z,frontend,emailservice,0,0,0,0,0,0,0
2026-10-04T14:02:23Z,frontend,frontend,0,0,0,0,0,0,0
2026-10-04T14:02:23Z,frontend,kubernetes,0,0,0,0,0,0,0
2026-10-04T14:02:23Z,frontend,paymentservice,0,0,0,0,0,0,0
2026-10-04T14:02:23Z,frontend,productcatalogservice,7676840,7676779,0,0,0,52315430,7676779
2026-10-04T14:02:23Z,frontend,recommendationservice,2523996,1524786,0,104145,892890,769956520,1524786
2026-10-04T14:02:23Z,frontend,redis-cart,0,0,0,0,0,0,0
2026-10-04T14:02:23Z,frontend,shippingservice,283787,283785,0,0,0,858241,283785
2026-10-04T14:02:23Z,paymentservice,adservice,0,0,0,0,0,0,0
2026-10-04T14:02:23Z,paymentservice,cartservice,0,0,0,0,0,0,0
2026-10-04T14:02:23Z,paymentservice,checkoutservice,0,0,0,0,0,0,0
2026-10-04T14:02:23Z,paymentservice,currencyservice,0,0,0,0,0,0,0
2026-10-04T14:02:23Z,paymentservice,emailservice,0,0,0,0,0,0,0
2026-10-04T14:02:23Z,paymentservice,frontend,0,0,0,0,0,0,0
2026-10-04T14:02:23Z,paymentservice,kubernetes,0,0,0,0,0,0,0
2026-10-04T14:02:23Z,paymentservice,paymentservice,0,0,0,0,0,0,0
2026-10-04T14:02:23Z,paymentservice,productcatalogservice,0,0,0,0,0,0,0
2026-10-04T14:02:23Z,paymentservice,recommendationservice,0,0,0,0,0,0,0
2026-10-04T14:02:23Z,paymentservice,redis-cart,0,0,0,0,0,0,0
2026-10-04T14:02:23Z,paymentservice,shippingservice,0,0,0,0,0,0,0
2026-10-04T14:02:23Z,productcatalogservice,adservice,0,0,0,0,0,0,0
2026-10-04T14:02:23Z,productcatalogservice,cartservice,0,0,0,0,0,0,0
2026-10-04T14:02:23Z,productcatalogservice,checkoutservice,0,0,0,0,0,0,0
2026-10-04T14:02:23Z,productcatalogservice,currencyservice,0,0,0,0,0,0,0
2026-10-04T14:02:23Z,productcatalogservice,emailservice,0,0,0,0,0,0,0
2026-10-04T14:02:23Z,productcatalogservice,frontend,0,0,0,0,0,0,0
2026-10-04T14:02:23Z,productcatalogservice,kubernetes,0,0,0,0,0,0,0
2026-10-04T14:02:23Z,productcatalogservice,paymentservice,0,0,0,0,0,0,0
2026-10-04T14:02:23Z,productcatalogservice,productcatalogservice,0,0,0,0,0,0,0
2026-10-04T14:02:23Z,productcatalogservice,recommendationservice,0,0,0,0,0,0,0
2026-10-04T14:02:23Z,productcatalogservice,redis-cart,0,0,0,0,0,0,0
2026-10-04T14:02:23Z,productcatalogservice,shippingservice,0,0,0,0,0,0,0
2026-10-04T14:02:23Z,recommendationservice,adservice,0,0,0,0,0,0,0
2026-10-04T14:02:23Z,recommendationservice,cartservice,0,0,0,0,0,0,0
2026-10-04T14:02:23Z,recommendationservice,checkoutservice,0,0,0,0,0,0,0
2026-10-04T14:02:23Z,recommendationservice,currencyservice,0,0,0,0,0,0,0
2026-10-04T14:02:23Z,recommendationservice,emailservice,0,0,0,0,0,0,0
2026-10-04T14:02:23Z,recommendationservice,frontend,0,0,0,0,0,0,0
2026-10-04T14:02:23Z,recommendationservice,kubernetes,0,0,0,0,0,0,0
2026-10-04T14:02:23Z,recommendationservice,paymentservice,0,0,0,0,0,0,0
2026-10-04T14:02:23Z,recommendationservice,productcatalogservice,0,0,0,0,0,0,0
2026-10-04T14:02:23Z,recommendationservice,recommendationservice,0,0,0,0,0,0,0
2026-10-04T14:02:23Z,recommendationservice,redis-cart,0,0,0,0,0,0,0
2026-10-04T14:02:23Z,recommendationservice,shippingservice,0,0,0,0,0,0,0
2026-10-04T14:02:23Z,redis-cart,adservice,0,0,0,0,0,0,0
2026-10-04T14:02:23Z,redis-cart,cartservice,0,0,0,0,0,0,0
2026-10-04T14:02:23Z,redis-cart,checkoutservice,0,0,0,0,0,0,0
2026-10-04T14:02:23Z,redis-cart,currencyservice,0,0,0,0,0,0,0
2026-10-04T14:02:23Z,redis-cart,emailservice,0,0,0,0,0,0,0
2026-10-04T14:02:23Z,redis-cart,frontend,0,0,0,0,0,0,0
2026-10-04T14:02:23Z,redis-cart,kubernetes,0,0,0,0,0,0,0
2026-10-04T14:02:23Z,redis-cart,paymentservice,0,0,0,0,0,0,0
2026-10-04T14:02:23Z,redis-cart,productcatalogservice,0,0,0,0,0,0,0
2026-10-04T14:02:23Z,redis-cart,recommendationservice,0,0,0,0,0,0,0
2026-10-04T14:02:23Z,redis-cart,redis-cart,0,0,0,0,0,0,0
2026-10-04T14:02:23Z,redis-cart,shippingservice,0,0,0,0,0,0,0
2026-10-04T14:02:23Z,shippingservice,adservice,0,0,0,0,0,0,0
2026-10-04T14:02:23Z,shippingservice,cartservice,0,0,0,0,0,0,0
2026-10-04T14:02:23Z,shippingservice,checkoutservice,0,0,0,0,0,0,0
2026-10-04T14:02:23Z,shippingservice,currencyservice,0,0,0,0,0,0,0
2026-10-04T14:02:23Z,shippingservice,emailservice,0,0,0,0,0,0,0
2026-10-04T14:02:23Z,shippingservice,frontend,0,0,0,0,0,0,0
2026-10-04T14:02:23Z,shippingservice,kubernetes,0,0,0,0,0,0,0
2026-10-04T14:02:23Z,shippingservice,paymentservice,0,0,0,0,0,0,0
2026-10-04T14:02:23Z,shippingservice,productcatalogservice,0,0,0,0,0,0,0
2026-10-04T14:02:23Z,shippingservice,recommendationservice,0,0,0,0,0,0,0
2026-10-04T14:02:23Z,shippingservice,redis-cart,0,0,0,0,0,0,0
2026-10-04T14:02:23Z,shippingservice,shippingservice,0,0,0,0,0,0,0
2026-10-04T14:02:24Z,adservice,adservice,0,0,0,0,0,0,0
2026-10-04T14:02:24Z,adservice,cartservice,0,0,0,0,0,0,0
2026-10-04T14:02:24Z,adservice,checkoutservice,0,0,0,0,0,0,0
2026-10-04T14:02:24Z,adservice,currencyservice,0,0,0,0,0,0,0
2026-10-04T14:02:24Z,adservice,emailservice,0,0,0,0,0,0,0
2026-10-04T14:02:24Z,adservice,frontend,0,0,0,0,0,0,0
2026-10-04T14:02:24Z,adservice,kubernetes,0,0,0,0,0,0,0
2026-10-04T14:02:24Z,adservice,paymentservice,0,0,0,0,0,0,0
2026-10-04T14:02:24Z,adservice,productcatalogservice,0,0,0,0,0,0,0
2026-10-04T14:02:24Z,adservice,recommendationservice,0,0,0,0,0,0,0
2026-10-04T14:02:24Z,adservice,redis-cart,0,0,0,0,0,0,0
2026-10-04T14:02:24Z,adservice,shippingservice,0,0,0,0,0,0,0
2026-10-04T14:02:24Z,cartservice,adservice,0,0,0,0,0,0,0
2026-10-04T14:02:24Z,cartservice,cartservice,0,0,0,0,0,0,0
2026-10-04T14:02:24Z,cartservice,checkoutservice,0,0,0,0,0,0,0
2026-10-04T14:02:24Z,cartservice,currencyservice,0,0,0,0,0,0,0
2026-10-04T14:02:24Z,cartservice,emailservice,0,0,0,0,0,0,0
2026-10-04T14:02:24Z,cartservice,frontend,0,0,0,0,0,0,0
2026-10-04T14:02:24Z,cartservice,kubernetes,0,0,0,0,0,0,0
2026-10-04T14:02:24Z,cartservice,paymentservice,0,0,0,0,0,0,0
2026-10-04T14:02:24Z,cartservice,productcatalogservice,0,0,0,0,0,0,0
2026-10-04T14:02:24Z,cartservice,recommendationservice,0,0,0,0,0,0,0
2026-10-04T14:02:24Z,cartservice,redis-cart,2,0,0,0,0,0,0
2026-10-04T14:02:24Z,cartservice,shippingservice,0,0,0,0,0,0,0
2026-10-04T14:02:24Z,checkoutservice,adservice,0,0,0,0,0,0,0
2026-10-04T14:02:24Z,checkoutservice,cartservice,0,0,0,0,0,0,0
2026-10-04T14:02:24Z,checkoutservice,checkoutservice,0,0,0,0,0,0,0
2026-10-04T14:02:24Z,checkoutservice,currencyservice,0,0,0,0,0,0,0
2026-10-04T14:02:24Z,checkoutservice,emailservice,0,0,0,0,0,0,0
2026-10-04T14:02:24Z,checkoutservice,frontend,0,0,0,0,0,0,0
2026-10-04T14:02:24Z,checkoutservice,kubernetes,0,0,0,0,0,0,0
2026-10-04T14:02:24Z,checkoutservice,paymentservice,0,0,0,0,0,0,0
2026-10-04T14:02:24Z,checkoutservice,productcatalogservice,0,0,0,0,0,0,0
2026-10-04T14:02:24Z,checkoutservice,recommendationservice,0,0,0,0,0,0,0
2026-10-04T14:02:24Z,checkoutservice,redis-cart,0,0,0,0,0,0,0
2026-10-04T14:02:24Z,checkoutservice,shippingservice,0,0,0,0,0,0,0
2026-10-04T14:02:24Z,currencyservice,adservice,0,0,0,0,0,0,0
2026-10-04T14:02:24Z,currencyservice,cartservice,0,0,0,0,0,0,0
2026-10-04T14:02:24Z,currencyservice,checkoutservice,0,0,0,0,0,0,0
2026-10-04T14:02:24Z,currencyservice,currencyservice,0,0,0,0,0,0,0
2026-10-04T14:02:24Z,currencyservice,emailservice,0,0,0,0,0,0,0
2026-10-04T14:02:24Z,currencyservice,frontend,0,0,0,0,0,0,0
2026-10-04T14:02:24Z,currencyservice,kubernetes,0,0,0,0,0,0,0
2026-10-04T14:02:24Z,currencyservice,paymentservice,0,0,0,0,0,0,0
2026-10-04T14:02:24Z,currencyservice,productcatalogservice,0,0,0,0,0,0,0
2026-10-04T14:02:24Z,currencyservice,recommendationservice,0,0,0,0,0,0,0
2026-10-04T14:02:24Z,currencyservice,redis-cart,0,0,0,0,0,0,0
2026-10-04T14:02:24Z,currencyservice,shippingservice,0,0,0,0,0,0,0
2026-10-04T14:02:24Z,emailservice,adservice,0,0,0,0,0,0,0
2026-10-04T14:02:24Z,emailservice,cartservice,0,0,0,0,0,0,0
2026-10-04T14:02:24Z,emailservice,checkoutservice,0,0,0,0,0,0,0
2026-10-04T14:02:24Z,emailservice,currencyservice,0,0,0,0,0,0,0
2026-10-04T14:02:24Z,emailservice,emailservice,0,0,0,0,0,0,0
2026-10-04T14:02:24Z,emailservice,frontend,0,0,0,0,0,0,0
2026-10-04T14:02:24Z,emailservice,kubernetes,0,0,0,0,0,0,0
2026-10-04T14:02:24Z,emailservice,paymentservice,0,0,0,0,0,0,0
2026-10-04T14:02:24Z,emailservice,productcatalogservice,0,0,0,0,0,0,0
2026-10-04T14:02:24Z,emailservice,recommendationservice,0,0,0,0,0,0,0
2026-10-04T14:02:24Z,emailservice,redis-cart,0,0,0,0,0,0,0
2026-10-04T14:02:24Z,emailservice,shippingservice,0,0,0,0,0,0,0
2026-10-04T14:02:24Z,frontend,adservice,773781,773779,0,0,0,2334061,773779
2026-10-04T14:02:24Z,frontend,cartservice,1730573,1730561,0,0,4,9624535,1730561
2026-10-04T14:02:24Z,frontend,checkoutservice,354811,173691,0,34332,146696,55608828,173690
2026-10-04T14:02:24Z,frontend,currencyservice,2749584,2749577,0,0,0,14589993,2749577
2026-10-04T14:02:24Z,frontend,emailservice,0,0,0,0,0,0,0
2026-10-04T14:02:24Z,frontend,frontend,0,0,0,0,0,0,0
2026-10-04T14:02:24Z,frontend,kubernetes,0,0,0,0,0,0,0
2026-10-04T14:02:24Z,frontend,paymentservice,0,0,0,0,0,0,0
2026-10-04T14:02:24Z,frontend,productcatalogservice,7676840,7676779,0,0,0,52315430,7676779
2026-10-04T14:02:24Z,frontend,recommendationservice,2523996,1524786,0,104145,892890,769956520,1524786
2026-10-04T14:02:24Z,frontend,redis-cart,0,0,0,0,0,0,0
2026-10-04T14:02:24Z,frontend,shippingservice,283787,283785,0,0,0,858241,283785
2026-10-04T14:02:24Z,paymentservice,adservice,0,0,0,0,0,0,0
2026-10-04T14:02:24Z,paymentservice,cartservice,0,0,0,0,0,0,0
2026-10-04T14:02:24Z,paymentservice,checkoutservice,0,0,0,0,0,0,0
2026-10-04T14:02:24Z,paymentservice,currencyservice,0,0,0,0,0,0,0
2026-10-04T14:02:24Z,paymentservice,emailservice,0,0,0,0,0,0,0
2026-10-04T14:02:24Z,paymentservice,frontend,0,0,0,0,0,0,0
2026-10-04T14:02:24Z,paymentservice,kubernetes,0,0,0,0,0,0,0
2026-10-04T14:02:24Z,paymentservice,paymentservice,0,0,0,0,0,0,0
2026-10-04T14:02:24Z,paymentservice,productcatalogservice,0,0,0,0,0,0,0
2026-10-04T14:02:24Z,paymentservice,recommendationservice,0,0,0,0,0,0,0
2026-10-04T14:02:24Z,paymentservice,redis-cart,0,0,0,0,0,0,0
2026-10-04T14:02:24Z,paymentservice,shippingservice,0,0,0,0,0,0,0
2026-10-04T14:02:24Z,productcatalogservice,adservice,0,0,0,0,0,0,0
2026-10-04T14:02:24Z,productcatalogservice,cartservice,0,0,0,0,0,0,0
2026-10-04T14:02:24Z,productcatalogservice,checkoutservice,0,0,0,0,0,0,0
2026-10-04T14:02:24Z,productcatalogservice,currencyservice,0,0,0,0,0,0,0
2026-10-04T14:02:24Z,productcatalogservice,emailservice,0,0,0,0,0,0,0
2026-10-04T14:02:24Z,productcatalogservice,frontend,0,0,0,0,0,0,0
2026-10-04T14:02:24Z,productcatalogservice,kubernetes,0,0,0,0,0,0,0
2026-10-04T14:02:24Z,productcatalogservice,paymentservice,0,0,0,0,0,0,0
2026-10-04T14:02:24Z,productcatalogservice,productcatalogservice,0,0,0,0,0,0,0
2026-10-04T14:02:24Z,productcatalogservice,recommendationservice,0,0,0,0,0,0,0
2026-10-04T14:02:24Z,productcatalogservice,redis-cart,0,0,0,0,0,0,0
2026-10-04T14:02:24Z,productcatalogservice,shippingservice,0,0,0,0,0,0,0
2026-10-04T14:02:24Z,recommendationservice,adservice,0,0,0,0,0,0,0
2026-10-04T14:02:24Z,recommendationservice,cartservice,0,0,0,0,0,0,0
2026-10-04T14:02:24Z,recommendationservice,checkoutservice,0,0,0,0,0,0,0
2026-10-04T14:02:24Z,recommendationservice,currencyservice,0,0,0,0,0,0,0
2026-10-04T14:02:24Z,recommendationservice,emailservice,0,0,0,0,0,0,0
2026-10-04T14:02:24Z,recommendationservice,frontend,0,0,0,0,0,0,0
2026-10-04T14:02:24Z,recommendationservice,kubernetes,0,0,0,0,0,0,0
2026-10-04T14:02:24Z,recommendationservice,paymentservice,0,0,0,0,0,0,0
2026-10-04T14:02:24Z,recommendationservice,productcatalogservice,0,0,0,0,0,0,0
2026-10-04T14:02:24Z,recommendationservice,recommendationservice,0,0,0,0,0,0,0
2026-10-04T14:02:24Z,recommendationservice,redis-cart,0,0,0,0,0,0,0
2026-10-04T14:02:24Z,recommendationservice,shippingservice,0,0,0,0,0,0,0
2026-10-04T14:02:24Z,redis-cart,adservice,0,0,0,0,0,0,0
2026-10-04T14:02:24Z,redis-cart,cartservice,0,0,0,0,0,0,0
2026-10-04T14:02:24Z,redis-cart,checkoutservice,0,0,0,0,0,0,0
2026-10-04T14:02:24Z,redis-cart,currencyservice,0,0,0,0,0,0,0
2026-10-04T14:02:24Z,redis-cart,emailservice,0,0,0,0,0,0,0
2026-10-04T14:02:24Z,redis-cart,frontend,0,0,0,0,0,0,0
2026-10-04T14:02:24Z,redis-cart,kubernetes,0,0,0,0,0,0,0
2026-10-04T14:02:24Z,redis-cart,paymentservice,0,0,0,0,0,0,0
2026-10-04T14:02:24Z,redis-cart,productcatalogservice,0,0,0,0,0,0,0
2026-10-04T14:02:24Z,redis-cart,recommendationservice,0,0,0,0,0,0,0
2026-10-04T14:02:24Z,redis-cart,redis-cart,0,0,0,0,0,0,0
2026-10-04T14:02:24Z,redis-cart,shippingservice,0,0,0,0,0,0,0
2026-10-04T14:02:24Z,shippingservice,adservice,0,0,0,0,0,0,0
2026-10-04T14:02:24Z,shippingservice,cartservice,0,0,0,0,0,0,0
2026-10-04T14:02:24Z,shippingservice,checkoutservice,0,0,0,0,0,0,0
2026-10-04T14:02:24Z,shippingservice,currencyservice,0,0,0,0,0,0,0
2026-10-04T14:02:24Z,shippingservice,emailservice,0,0,0,0,0,0,0
2026-10-04T14:02:24Z,shippingservice,frontend,0,0,0,0,0,0,0
2026-10-04T14:02:24Z,shippingservice,kubernetes,0,0,0,0,0,0,0
2026-10-04T14:02:24Z,shippingservice,paymentservice,0,0,0,0,0,0,0
2026-10-04T14:02:24Z,shippingservice,productcatalogservice,0,0,0,0,0,0,0
2026-10-04T14:02:24Z,shippingservice,recommendationservice,0,0,0,0,0,0,0
2026-10-04T14:02:24Z,shippingservice,redis-cart,0,0,0,0,0,0,0
2026-10-04T14:02:24Z,shippingservice,shippingservice,0,0,0,0,0,0,0
2026-10-04T14:02:25Z,adservice,adservice,0,0,0,0,0,0,0
2026-10-04T14:02:25Z,adservice,cartservice,0,0,0,0,0,0,0
2026-10-04T14:02:25Z,adservice,checkoutservice,0,0,0,0,0,0,0
2026-10-04T14:02:25Z,adservice,currencyservice,0,0,0,0,0,0,0
2026-10-04T14:02:25Z,adservice,emailservice,0,0,0,0,0,0,0
2026-10-04T14:02:25Z,adservice,frontend,0,0,0,0,0,0,0
2026-10-04T14:02:25Z,adservice,kubernetes,0,0,0,0,0,0,0
2026-10-04T14:02:25Z,adservice,paymentservice,0,0,0,0,0,0,0
2026-10-04T14:02:25Z,adservice,productcatalogservice,0,0,0,0,0,0,0
2026-10-04T14:02:25Z,adservice,recommendationservice,0,0,0,0,0,0,0
2026-10-04T14:02:25Z,adservice,redis-cart,0,0,0,0,0,0,0
2026-10-04T14:02:25Z,adservice,shippingservice,0,0,0,0,0,0,0
2026-10-04T14:02:25Z,cartservice,adservice,0,0,0,0,0,0,0
2026-10-04T14:02:25Z,cartservice,cartservice,0,0,0,0,0,0,0
2026-10-04T14:02:25Z,cartservice,checkoutservice,0,0,0,0,0,0,0
2026-10-04T14:02:25Z,cartservice,currencyservice,0,0,0,0,0,0,0
2026-10-04T14:02:25Z,cartservice,emailservice,0,0,0,0,0,0,0
2026-10-04T14:02:25Z,cartservice,frontend,0,0,0,0,0,0,0
2026-10-04T14:02:25Z,cartservice,kubernetes,0,0,0,0,0,0,0
2026-10-04T14:02:25Z,cartservice,paymentservice,0,0,0,0,0,0,0
2026-10-04T14:02:25Z,cartservice,productcatalogservice,0,0,0,0,0,0,0
2026-10-04T14:02:25Z,cartservice,recommendationservice,0,0,0,0,0,0,0
2026-10-04T14:02:25Z,cartservice,redis-cart,2,0,0,0,0,0,0
2026-10-04T14:02:25Z,cartservice,shippingservice,0,0,0,0,0,0,0
2026-10-04T14:02:25Z,checkoutservice,adservice,0,0,0,0,0,0,0
2026-10-04T14:02:25Z,checkoutservice,cartservice,0,0,0,0,0,0,0
2026-10-04T14:02:25Z,checkoutservice,checkoutservice,0,0,0,0,0,0,0
2026-10-04T14:02:25Z,checkoutservice,currencyservice,0,0,0,0,0,0,0
2026-10-04T14:02:25Z,checkoutservice,emailservice,0,0,0,0,0,0,0
2026-10-04T14:02:25Z,checkoutservice,frontend,0,0,0,0,0,0,0
2026-10-04T14:02:25Z,checkoutservice,kubernetes,0,0,0,0,0,0,0
2026-10-04T14:02:25Z,checkoutservice,paymentservice,0,0,0,0,0,0,0
2026-10-04T14:02:25Z,checkoutservice,productcatalogservice,0,0,0,0,0,0,0
2026-10-04T14:02:25Z,checkoutservice,recommendationservice,0,0,0,0,0,0,0
2026-10-04T14:02:25Z,checkoutservice,redis-cart,0,0,0,0,0,0,0
2026-10-04T14:02:25Z,checkoutservice,shippingservice,0,0,0,0,0,0,0
2026-10-04T14:02:25Z,currencyservice,adservice,0,0,0,0,0,0,0
2026-10-04T14:02:25Z,currencyservice,cartservice,0,0,0,0,0,0,0
2026-10-04T14:02:25Z,currencyservice,checkoutservice,0,0,0,0,0,0,0
2026-10-04T14:02:25Z,currencyservice,currencyservice,0,0,0,0,0,0,0
2026-10-04T14:02:25Z,currencyservice,emailservice,0,0,0,0,0,0,0
2026-10-04T14:02:25Z,currencyservice,frontend,0,0,0,0,0,0,0
2026-10-04T14:02:25Z,currencyservice,kubernetes,0,0,0,0,0,0,0
2026-10-04T14:02:25Z,currencyservice,paymentservice,0,0,0,0,0,0,0
2026-10-04T14:02:25Z,currencyservice,productcatalogservice,0,0,0,0,0,0,0
2026-10-04T14:02:25Z,currencyservice,recommendationservice,0,0,0,0,0,0,0
2026-10-04T14:02:25Z,currencyservice,redis-cart,0,0,0,0,0,0,0
2026-10-04T14:02:25Z,currencyservice,shippingservice,0,0,0,0,0,0,0
2026-10-04T14:02:25Z,emailservice,adservice,0,0,0,0,0,0,0
2026-10-04T14:02:25Z,emailservice,cartservice,0,0,0,0,0,0,0
2026-10-04T14:02:25Z,emailservice,checkoutservice,0,0,0,0,0,0,0
2026-10-04T14:02:25Z,emailservice,currencyservice,0,0,0,0,0,0,0
2026-10-04T14:02:25Z,emailservice,emailservice,0,0,0,0,0,0,0
2026-10-04T14:02:25Z,emailservice,frontend,0,0,0,0,0,0,0
2026-10-04T14:02:25Z,emailservice,kubernetes,0,0,0,0,0,0,0
2026-10-04T14:02:25Z,emailservice,paymentservice,0,0,0,0,0,0,0
2026-10-04T14:02:25Z,emailservice,productcatalogservice,0,0,0,0,0,0,0
2026-10-04T14:02:25Z,emailservice,recommendationservice,0,0,0,0,0,0,0
2026-10-04T14:02:25Z,emailservice,redis-cart,0,0,0,0,0,0,0
2026-10-04T14:02:25Z,emailservice,shippingservice,0,0,0,0,0,0,0
2026-10-04T14:02:25Z,frontend,adservice,773781,773779,0,0,0,2334061,773779
2026-10-04T14:02:25Z,frontend,cartservice,1730573,1730561,0,0,4,9624535,1730561
2026-10-04T14:02:25Z,frontend,checkoutservice,354811,173691,0,34332,146696,55608828,173690
2026-10-04T14:02:25Z,frontend,currencyservice,2749584,2749577,0,0,0,14589993,2749577
2026-10-04T14:02:25Z,frontend,emailservice,0,0,0,0,0,0,0
2026-10-04T14:02:25Z,frontend,frontend,0,0,0,0,0,0,0
2026-10-04T14:02:25Z,frontend,kubernetes,0,0,0,0,0,0,0
2026-10-04T14:02:25Z,frontend,paymentservice,0,0,0,0,0,0,0
2026-10-04T14:02:25Z,frontend,productcatalogservice,7676840,7676779,0,0,0,52315430,7676779
2026-10-04T14:02:25Z,frontend,recommendationservice,2523996,1524786,0,104145,892890,769956520,1524786
2026-10-04T14:02:25Z,frontend,redis-cart,0,0,0,0,0,0,0
2026-10-04T14:02:25Z,frontend,shippingservice,283787,283785,0,0,0,858241,283785
2026-10-04T14:02:25Z,paymentservice,adservice,0,0,0,0,0,0,0
2026-10-04T14:02:25Z,paymentservice,cartservice,0,0,0,0,0,0,0
2026-10-04T14:02:25Z,paymentservice,checkoutservice,0,0,0,0,0,0,0
2026-10-04T14:02:25Z,paymentservice,currencyservice,0,0,0,0,0,0,0
2026-10-04T14:02:25Z,paymentservice,emailservice,0,0,0,0,0,0,0
2026-10-04T14:02:25Z,paymentservice,frontend,0,0,0,0,0,0,0
2026-10-04T14:02:25Z,paymentservice,kubernetes,0,0,0,0,0,0,0
2026-10-04T14:02:25Z,paymentservice,paymentservice,0,0,0,0,0,0,0
2026-10-04T14:02:25Z,paymentservice,productcatalogservice,0,0,0,0,0,0,0
2026-10-04T14:02:25Z,paymentservice,recommendationservice,0,0,0,0,0,0,0
2026-10-04T14:02:25Z,paymentservice,redis-cart,0,0,0,0,0,0,0
2026-10-04T14:02:25Z,paymentservice,shippingservice,0,0,0,0,0,0,0
2026-10-04T14:02:25Z,productcatalogservice,adservice,0,0,0,0,0,0,0
2026-10-04T14:02:25Z,productcatalogservice,cartservice,0,0,0,0,0,0,0
2026-10-04T14:02:25Z,productcatalogservice,checkoutservice,0,0,0,0,0,0,0
2026-10-04T14:02:25Z,productcatalogservice,currencyservice,0,0,0,0,0,0,0
2026-10-04T14:02:25Z,productcatalogservice,emailservice,0,0,0,0,0,0,0
2026-10-04T14:02:25Z,productcatalogservice,frontend,0,0,0,0,0,0,0
2026-10-04T14:02:25Z,productcatalogservice,kubernetes,0,0,0,0,0,0,0
2026-10-04T14:02:25Z,productcatalogservice,paymentservice,0,0,0,0,0,0,0
2026-10-04T14:02:25Z,productcatalogservice,productcatalogservice,0,0,0,0,0,0,0
2026-10-04T14:02:25Z,productcatalogservice,recommendationservice,0,0,0,0,0,0,0
2026-10-04T14:02:25Z,productcatalogservice,redis-cart,0,0,0,0,0,0,0
2026-10-04T14:02:25Z,productcatalogservice,shippingservice,0,0,0,0,0,0,0
2026-10-04T14:02:25Z,recommendationservice,adservice,0,0,0,0,0,0,0
2026-10-04T14:02:25Z,recommendationservice,cartservice,0,0,0,0,0,0,0
2026-10-04T14:02:25Z,recommendationservice,checkoutservice,0,0,0,0,0,0,0
2026-10-04T14:02:25Z,recommendationservice,currencyservice,0,0,0,0,0,0,0
2026-10-04T14:02:25Z,recommendationservice,emailservice,0,0,0,0,0,0,0
2026-10-04T14:02:25Z,recommendationservice,frontend,0,0,0,0,0,0,0
2026-10-04T14:02:25Z,recommendationservice,kubernetes,0,0,0,0,0,0,0
2026-10-04T14:02:25Z,recommendationservice,paymentservice,0,0,0,0,0,0,0
2026-10-04T14:02:25Z,recommendationservice,productcatalogservice,0,0,0,0,0,0,0
2026-10-04T14:02:25Z,recommendationservice,recommendationservice,0,0,0,0,0,0,0
2026-10-04T14:02:25Z,recommendationservice,redis-cart,0,0,0,0,0,0,0
2026-10-04T14:02:25Z,recommendationservice,shippingservice,0,0,0,0,0,0,0
2026-10-04T14:02:25Z,redis-cart,adservice,0,0,0,0,0,0,0
2026-10-04T14:02:25Z,redis-cart,cartservice,0,0,0,0,0,0,0
2026-10-04T14:02:25Z,redis-cart,checkoutservice,0,0,0,0,0,0,0
2026-10-04T14:02:25Z,redis-cart,currencyservice,0,0,0,0,0,0,0
2026-10-04T14:02:25Z,redis-cart,emailservice,0,0,0,0,0,0,0
2026-10-04T14:02:25Z,redis-cart,frontend,0,0,0,0,0,0,0
2026-10-04T14:02:25Z,redis-cart,kubernetes,0,0,0,0,0,0,0
2026-10-04T14:02:25Z,redis-cart,paymentservice,0,0,0,0,0,0,0
2026-10-04T14:02:25Z,redis-cart,productcatalogservice,0,0,0,0,0,0,0
2026-10-04T14:02:25Z,redis-cart,recommendationservice,0,0,0,0,0,0,0
2026-10-04T14:02:25Z,redis-cart,redis-cart,0,0,0,0,0,0,0
2026-10-04T14:02:25Z,redis-cart,shippingservice,0,0,0,0,0,0,0
2026-10-04T14:02:25Z,shippingservice,adservice,0,0,0,0,0,0,0
2026-10-04T14:02:25Z,shippingservice,cartservice,0,0,0,0,0,0,0
2026-10-04T14:02:25Z,shippingservice,checkoutservice,0,0,0,0,0,0,0
2026-10-04T14:02:25Z,shippingservice,currencyservice,0,0,0,0,0,0,0
2026-10-04T14:02:25Z,shippingservice,emailservice,0,0,0,0,0,0,0
2026-10-04T14:02:25Z,shippingservice,frontend,0,0,0,0,0,0,0
2026-10-04T14:02:25Z,shippingservice,kubernetes,0,0,0,0,0,0,0
2026-10-04T14:02:25Z,shippingservice,paymentservice,0,0,0,0,0,0,0
2026-10-04T14:02:25Z,shippingservice,productcatalogservice,0,0,0,0,0,0,0
2026-10-04T14:02:25Z,shippingservice,recommendationservice,0,0,0,0,0,0,0
2026-10-04T14:02:25Z,shippingservice,redis-cart,0,0,0,0,0,0,0
2026-10-04T14:02:25Z,shippingservice,shippingservice,0,0,0,0,0,0,0
2026-10-04T14:02:26Z,adservice,adservice,0,0,0,0,0,0,0
2026-10-04T14:02:26Z,adservice,cartservice,0,0,0,0,0,0,0
2026-10-04T14:02:26Z,adservice,checkoutservice,0,0,0,0,0,0,0
2026-10-04T14:02:26Z,adservice,currencyservice,0,0,0,0,0,0,0
2026-10-04T14:02:26Z,adservice,emailservice,0,0,0,0,0,0,0
2026-10-04T14:02:26Z,adservice,frontend,0,0,0,0,0,0,0
2026-10-04T14:02:26Z,adservice,kubernetes,0,0,0,0,0,0,0
2026-10-04T14:02:26Z,adservice,paymentservice,0,0,0,0,0,0,0
2026-10-04T14:02:26Z,adservice,productcatalogservice,0,0,0,0,0,0,0
2026-10-04T14:02:26Z,adservice,recommendationservice,0,0,0,0,0,0,0
2026-10-04T14:02:26Z,adservice,redis-cart,0,0,0,0,0,0,0
2026-10-04T14:02:26Z,adservice,shippingservice,0,0,0,0,0,0,0
2026-10-04T14:02:26Z,cartservice,adservice,0,0,0,0,0,0,0
2026-10-04T14:02:26Z,cartservice,cartservice,0,0,0,0,0,0,0
2026-10-04T14:02:26Z,cartservice,checkoutservice,0,0,0,0,0,0,0
2026-10-04T14:02:26Z,cartservice,currencyservice,0,0,0,0,0,0,0
2026-10-04T14:02:26Z,cartservice,emailservice,0,0,0,0,0,0,0
2026-10-04T14:02:26Z,cartservice,frontend,0,0,0,0,0,0,0
2026-10-04T14:02:26Z,cartservice,kubernetes,0,0,0,0,0,0,0
2026-10-04T14:02:26Z,cartservice,paymentservice,0,0,0,0,0,0,0
2026-10-04T14:02:26Z,cartservice,productcatalogservice,0,0,0,0,0,0,0
2026-10-04T14:02:26Z,cartservice,recommendationservice,0,0,0,0,0,0,0
2026-10-04T14:02:26Z,cartservice,redis-cart,2,0,0,0,0,0,0
2026-10-04T14:02:26Z,cartservice,shippingservice,0,0,0,0,0,0,0
2026-10-04T14:02:26Z,checkoutservice,adservice,0,0,0,0,0,0,0
2026-10-04T14:02:26Z,checkoutservice,cartservice,0,0,0,0,0,0,0
2026-10-04T14:02:26Z,checkoutservice,checkoutservice,0,0,0,0,0,0,0
2026-10-04T14:02:26Z,checkoutservice,currencyservice,0,0,0,0,0,0,0
2026-10-04T14:02:26Z,checkoutservice,emailservice,0,0,0,0,0,0,0
2026-10-04T14:02:26Z,checkoutservice,frontend,0,0,0,0,0,0,0
2026-10-04T14:02:26Z,checkoutservice,kubernetes,0,0,0,0,0,0,0
2026-10-04T14:02:26Z,checkoutservice,paymentservice,0,0,0,0,0,0,0
2026-10-04T14:02:26Z,checkoutservice,productcatalogservice,0,0,0,0,0,0,0
2026-10-04T14:02:26Z,checkoutservice,recommendationservice,0,0,0,0,0,0,0
2026-10-04T14:02:26Z,checkoutservice,redis-cart,0,0,0,0,0,0,0
2026-10-04T14:02:26Z,checkoutservice,shippingservice,0,0,0,0,0,0,0
2026-10-04T14:02:26Z,currencyservice,adservice,0,0,0,0,0,0,0
2026-10-04T14:02:26Z,currencyservice,cartservice,0,0,0,0,0,0,0
2026-10-04T14:02:26Z,currencyservice,checkoutservice,0,0,0,0,0,0,0
2026-10-04T14:02:26Z,currencyservice,currencyservice,0,0,0,0,0,0,0
2026-10-04T14:02:26Z,currencyservice,emailservice,0,0,0,0,0,0,0
2026-10-04T14:02:26Z,currencyservice,frontend,0,0,0,0,0,0,0
2026-10-04T14:02:26Z,currencyservice,kubernetes,0,0,0,0,0,0,0
2026-10-04T14:02:26Z,currencyservice,paymentservice,0,0,0,0,0,0,0
2026-10-04T14:02:26Z,currencyservice,productcatalogservice,0,0,0,0,0,0,0
2026-10-04T14:02:26Z,currencyservice,recommendationservice,0,0,0,0,0,0,0
2026-10-04T14:02:26Z,currencyservice,redis-cart,0,0,0,0,0,0,0
2026-10-04T14:02:26Z,currencyservice,shippingservice,0,0,0,0,0,0,0
2026-10-04T14:02:26Z,emailservice,adservice,0,0,0,0,0,0,0
2026-10-04T14:02:26Z,emailservice,cartservice,0,0,0,0,0,0,0
2026-10-04T14:02:26Z,emailservice,checkoutservice,0,0,0,0,0,0,0
2026-10-04T14:02:26Z,emailservice,currencyservice,0,0,0,0,0,0,0
2026-10-04T14:02:26Z,emailservice,emailservice,0,0,0,0,0,0,0
2026-10-04T14:02:26Z,emailservice,frontend,0,0,0,0,0,0,0
2026-10-04T14:02:26Z,emailservice,kubernetes,0,0,0,0,0,0,0
2026-10-04T14:02:26Z,emailservice,paymentservice,0,0,0,0,0,0,0
2026-10-04T14:02:26Z,emailservice,productcatalogservice,0,0,0,0,0,0,0
2026-10-04T14:02:26Z,emailservice,recommendationservice,0,0,0,0,0,0,0
2026-10-04T14:02:26Z,emailservice,redis-cart,0,0,0,0,0,0,0
2026-10-04T14:02:26Z,emailservice,shippingservice,0,0,0,0,0,0,0
2026-10-04T14:02:26Z,frontend,adservice,773781,773779,0,0,0,2334061,773779
2026-10-04T14:02:26Z,frontend,cartservice,1730573,1730561,0,0,4,9624535,1730561
2026-10-04T14:02:26Z,frontend,checkoutservice,354811,173691,0,34332,146696,55608828,173690
2026-10-04T14:02:26Z,frontend,currencyservice,2749584,2749577,0,0,0,14589993,2749577
2026-10-04T14:02:26Z,frontend,emailservice,0,0,0,0,0,0,0
2026-10-04T14:02:26Z,frontend,frontend,0,0,0,0,0,0,0
2026-10-04T14:02:26Z,frontend,kubernetes,0,0,0,0,0,0,0
2026-10-04T14:02:26Z,frontend,paymentservice,0,0,0,0,0,0,0
2026-10-04T14:02:26Z,frontend,productcatalogservice,7676840,7676779,0,0,0,52315430,7676779
2026-10-04T14:02:26Z,frontend,recommendationservice,2523996,1524786,0,104145,892890,769956520,1524786
2026-10-04T14:02:26Z,frontend,redis-cart,0,0,0,0,0,0,0
2026-10-04T14:02:26Z,frontend,shippingservice,283787,283785,0,0,0,858241,283785
2026-10-04T14:02:26Z,paymentservice,adservice,0,0,0,0,0,0,0
2026-10-04T14:02:26Z,paymentservice,cartservice,0,0,0,0,0,0,0
2026-10-04T14:02:26Z,paymentservice,checkoutservice,0,0,0,0,0,0,0
2026-10-04T14:02:26Z,paymentservice,currencyservice,0,0,0,0,0,0,0
2026-10-04T14:02:26Z,paymentservice,emailservice,0,0,0,0,0,0,0
2026-10-04T14:02:26Z,paymentservice,frontend,0,0,0,0,0,0,0
2026-10-04T14:02:26Z,paymentservice,kubernetes,0,0,0,0,0,0,0
2026-10-04T14:02:26Z,paymentservice,paymentservice,0,0,0,0,0,0,0
2026-10-04T14:02:26Z,paymentservice,productcatalogservice,0,0,0,0,0,0,0
2026-10-04T14:02:26Z,paymentservice,recommendationservice,0,0,0,0,0,0,0
2026-10-04T14:02:26Z,paymentservice,redis-cart,0,0,0,0,0,0,0
2026-10-04T14:02:26Z,paymentservice,shippingservice,0,0,0,0,0,0,0
2026-10-04T14:02:26Z,productcatalogservice,adservice,0,0,0,0,0,0,0
2026-10-04T14:02:26Z,productcatalogservice,cartservice,0,0,0,0,0,0,0
2026-10-04T14:02:26Z,productcatalogservice,checkoutservice,0,0,0,0,0,0,0
2026-10-04T14:02:26Z,productcatalogservice,currencyservice,0,0,0,0,0,0,0
2026-10-04T14:02:26Z,productcatalogservice,emailservice,0,0,0,0,0,0,0
2026-10-04T14:02:26Z,productcatalogservice,frontend,0,0,0,0,0,0,0
2026-10-04T14:02:26Z,productcatalogservice,kubernetes,0,0,0,0,0,0,0
2026-10-04T14:02:26Z,productcatalogservice,paymentservice,0,0,0,0,0,0,0
2026-10-04T14:02:26Z,productcatalogservice,productcatalogservice,0,0,0,0,0,0,0
2026-10-04T14:02:26Z,productcatalogservice,recommendationservice,0,0,0,0,0,0,0
2026-10-04T14:02:26Z,productcatalogservice,redis-cart,0,0,0,0,0,0,0
2026-10-04T14:02:26Z,productcatalogservice,shippingservice,0,0,0,0,0,0,0
2026-10-04T14:02:26Z,recommendationservice,adservice,0,0,0,0,0,0,0
2026-10-04T14:02:26Z,recommendationservice,cartservice,0,0,0,0,0,0,0
2026-10-04T14:02:26Z,recommendationservice,checkoutservice,0,0,0,0,0,0,0
2026-10-04T14:02:26Z,recommendationservice,currencyservice,0,0,0,0,0,0,0
2026-10-04T14:02:26Z,recommendationservice,emailservice,0,0,0,0,0,0,0
2026-10-04T14:02:26Z,recommendationservice,frontend,0,0,0,0,0,0,0
2026-10-04T14:02:26Z,recommendationservice,kubernetes,0,0,0,0,0,0,0
2026-10-04T14:02:26Z,recommendationservice,paymentservice,0,0,0,0,0,0,0
2026-10-04T14:02:26Z,recommendationservice,productcatalogservice,0,0,0,0,0,0,0
2026-10-04T14:02:26Z,recommendationservice,recommendationservice,0,0,0,0,0,0,0
2026-10-04T14:02:26Z,recommendationservice,redis-cart,0,0,0,0,0,0,0
2026-10-04T14:02:26Z,recommendationservice,shippingservice,0,0,0,0,0,0,0
2026-10-04T14:02:26Z,redis-cart,adservice,0,0,0,0,0,0,0
2026-10-04T14:02:26Z,redis-cart,cartservice,0,0,0,0,0,0,0
2026-10-04T14:02:26Z,redis-cart,checkoutservice,0,0,0,0,0,0,0
2026-10-04T14:02:26Z,redis-cart,currencyservice,0,0,0,0,0,0,0
2026-10-04T14:02:26Z,redis-cart,emailservice,0,0,0,0,0,0,0
2026-10-04T14:02:26Z,redis-cart,frontend,0,0,0,0,0,0,0
2026-10-04T14:02:26Z,redis-cart,kubernetes,0,0,0,0,0,0,0
2026-10-04T14:02:26Z,redis-cart,paymentservice,0,0,0,0,0,0,0
2026-10-04T14:02:26Z,redis-cart,productcatalogservice,0,0,0,0,0,0,0
2026-10-04T14:02:26Z,redis-cart,recommendationservice,0,0,0,0,0,0,0
2026-10-04T14:02:26Z,redis-cart,redis-cart,0,0,0,0,0,0,0
2026-10-04T14:02:26Z,redis-cart,shippingservice,0,0,0,0,0,0,0
2026-10-04T14:02:26Z,shippingservice,adservice,0,0,0,0,0,0,0
2026-10-04T14:02:26Z,shippingservice,cartservice,0,0,0,0,0,0,0
2026-10-04T14:02:26Z,shippingservice,checkoutservice,0,0,0,0,0,0,0
2026-10-04T14:02:26Z,shippingservice,currencyservice,0,0,0,0,0,0,0
2026-10-04T14:02:26Z,shippingservice,emailservice,0,0,0,0,0,0,0
2026-10-04T14:02:26Z,shippingservice,frontend,0,0,0,0,0,0,0
2026-10-04T14:02:26Z,shippingservice,kubernetes,0,0,0,0,0,0,0
2026-10-04T14:02:26Z,shippingservice,paymentservice,0,0,0,0,0,0,0
2026-10-04T14:02:26Z,shippingservice,productcatalogservice,0,0,0,0,0,0,0
2026-10-04T14:02:26Z,shippingservice,recommendationservice,0,0,0,0,0,0,0
2026-10-04T14:02:26Z,shippingservice,redis-cart,0,0,0,0,0,0,0
2026-10-04T14:02:26Z,shippingservice,shippingservice,0,0,0,0,0,0,0
2026-10-04T14:02:27Z,adservice,adservice,0,0,0,0,0,0,0
2026-10-04T14:02:27Z,adservice,cartservice,0,0,0,0,0,0,0
2026-10-04T14:02:27Z,adservice,checkoutservice,0,0,0,0,0,0,0
2026-10-04T14:02:27Z,adservice,currencyservice,0,0,0,0,0,0,0
2026-10-04T14:02:27Z,adservice,emailservice,0,0,0,0,0,0,0
2026-10-04T14:02:27Z,adservice,frontend,0,0,0,0,0,0,0
2026-10-04T14:02:27Z,adservice,kubernetes,0,0,0,0,0,0,0
2026-10-04T14:02:27Z,adservice,paymentservice,0,0,0,0,0,0,0
2026-10-04T14:02:27Z,adservice,productcatalogservice,0,0,0,0,0,0,0
2026-10-04T14:02:27Z,adservice,recommendationservice,0,0,0,0,0,0,0
2026-10-04T14:02:27Z,adservice,redis-cart,0,0,0,0,0,0,0
2026-10-04T14:02:27Z,adservice,shippingservice,0,0,0,0,0,0,0
2026-10-04T14:02:27Z,cartservice,adservice,0,0,0,0,0,0,0
2026-10-04T14:02:27Z,cartservice,cartservice,0,0,0,0,0,0,0
2026-10-04T14:02:27Z,cartservice,checkoutservice,0,0,0,0,0,0,0
2026-10-04T14:02:27Z,cartservice,currencyservice,0,0,0,0,0,0,0
2026-10-04T14:02:27Z,cartservice,emailservice,0,0,0,0,0,0,0
2026-10-04T14:02:27Z,cartservice,frontend,0,0,0,0,0,0,0
2026-10-04T14:02:27Z,cartservice,kubernetes,0,0,0,0,0,0,0
2026-10-04T14:02:27Z,cartservice,paymentservice,0,0,0,0,0,0,0
2026-10-04T14:02:27Z,cartservice,productcatalogservice,0,0,0,0,0,0,0
2026-10-04T14:02:27Z,cartservice,recommendationservice,0,0,0,0,0,0,0
2026-10-04T14:02:27Z,cartservice,redis-cart,2,0,0,0,0,0,0
2026-10-04T14:02:27Z,cartservice,shippingservice,0,0,0,0,0,0,0
2026-10-04T14:02:27Z,checkoutservice,adservice,0,0,0,0,0,0,0
2026-10-04T14:02:27Z,checkoutservice,cartservice,0,0,0,0,0,0,0
2026-10-04T14:02:27Z,checkoutservice,checkoutservice,0,0,0,0,0,0,0
2026-10-04T14:02:27Z,checkoutservice,currencyservice,0,0,0,0,0,0,0
2026-10-04T14:02:27Z,checkoutservice,emailservice,0,0,0,0,0,0,0
2026-10-04T14:02:27Z,checkoutservice,frontend,0,0,0,0,0,0,0
2026-10-04T14:02:27Z,checkoutservice,kubernetes,0,0,0,0,0,0,0
2026-10-04T14:02:27Z,checkoutservice,paymentservice,0,0,0,0,0,0,0
2026-10-04T14:02:27Z,checkoutservice,productcatalogservice,0,0,0,0,0,0,0
2026-10-04T14:02:27Z,checkoutservice,recommendationservice,0,0,0,0,0,0,0
2026-10-04T14:02:27Z,checkoutservice,redis-cart,0,0,0,0,0,0,0
2026-10-04T14:02:27Z,checkoutservice,shippingservice,0,0,0,0,0,0,0
2026-10-04T14:02:27Z,currencyservice,adservice,0,0,0,0,0,0,0
2026-10-04T14:02:27Z,currencyservice,cartservice,0,0,0,0,0,0,0
2026-10-04T14:02:27Z,currencyservice,checkoutservice,0,0,0,0,0,0,0
2026-10-04T14:02:27Z,currencyservice,currencyservice,0,0,0,0,0,0,0
2026-10-04T14:02:27Z,currencyservice,emailservice,0,0,0,0,0,0,0
2026-10-04T14:02:27Z,currencyservice,frontend,0,0,0,0,0,0,0
2026-10-04T14:02:27Z,currencyservice,kubernetes,0,0,0,0,0,0,0
2026-10-04T14:02:27Z,currencyservice,paymentservice,0,0,0,0,0,0,0
2026-10-04T14:02:27Z,currencyservice,productcatalogservice,0,0,0,0,0,0,0
2026-10-04T14:02:27Z,currencyservice,recommendationservice,0,0,0,0,0,0,0
2026-10-04T14:02:27Z,currencyservice,redis-cart,0,0,0,0,0,0,0
2026-10-04T14:02:27Z,currencyservice,shippingservice,0,0,0,0,0,0,0
2026-10-04T14:02:27Z,emailservice,adservice,0,0,0,0,0,0,0
2026-10-04T14:02:27Z,emailservice,cartservice,0,0,0,0,0,0,0
2026-10-04T14:02:27Z,emailservice,checkoutservice,0,0,0,0,0,0,0
2026-10-04T14:02:27Z,emailservice,currencyservice,0,0,0,0,0,0,0
2026-10-04T14:02:27Z,emailservice,emailservice,0,0,0,0,0,0,0
2026-10-04T14:02:27Z,emailservice,frontend,0,0,0,0,0,0,0
2026-10-04T14:02:27Z,emailservice,kubernetes,0,0,0,0,0,0,0
2026-10-04T14:02:27Z,emailservice,paymentservice,0,0,0,0,0,0,0
2026-10-04T14:02:27Z,emailservice,productcatalogservice,0,0,0,0,0,0,0
2026-10-04T14:02:27Z,emailservice,recommendationservice,0,0,0,0,0,0,0
2026-10-04T14:02:27Z,emailservice,redis-cart,0,0,0,0,0,0,0
2026-10-04T14:02:27Z,emailservice,shippingservice,0,0,0,0,0,0,0
2026-10-04T14:02:27Z,frontend,adservice,773781,773779,0,0,0,2334061,773779
2026-10-04T14:02:27Z,frontend,cartservice,1730573,1730561,0,0,4,9624535,1730561
2026-10-04T14:02:27Z,frontend,checkoutservice,354811,173691,0,34332,146696,55608828,173690
2026-10-04T14:02:27Z,frontend,currencyservice,2749584,2749577,0,0,0,14589993,2749577
2026-10-04T14:02:27Z,frontend,emailservice,0,0,0,0,0,0,0
2026-10-04T14:02:27Z,frontend,frontend,0,0,0,0,0,0,0
2026-10-04T14:02:27Z,frontend,kubernetes,0,0,0,0,0,0,0
2026-10-04T14:02:27Z,frontend,paymentservice,0,0,0,0,0,0,0
2026-10-04T14:02:27Z,frontend,productcatalogservice,7676840,7676779,0,0,0,52315430,7676779
2026-10-04T14:02:27Z,frontend,recommendationservice,2523996,1524786,0,104145,892890,769956520,1524786
2026-10-04T14:02:27Z,frontend,redis-cart,0,0,0,0,0,0,0
2026-10-04T14:02:27Z,frontend,shippingservice,283787,283785,0,0,0,858241,283785
2026-10-04T14:02:27Z,paymentservice,adservice,0,0,0,0,0,0,0
2026-10-04T14:02:27Z,paymentservice,cartservice,0,0,0,0,0,0,0
2026-10-04T14:02:27Z,paymentservice,checkoutservice,0,0,0,0,0,0,0
2026-10-04T14:02:27Z,paymentservice,currencyservice,0,0,0,0,0,0,0
2026-10-04T14:02:27Z,paymentservice,emailservice,0,0,0,0,0,0,0
2026-10-04T14:02:27Z,paymentservice,frontend,0,0,0,0,0,0,0
2026-10-04T14:02:27Z,paymentservice,kubernetes,0,0,0,0,0,0,0
2026-10-04T14:02:27Z,paymentservice,paymentservice,0,0,0,0,0,0,0
2026-10-04T14:02:27Z,paymentservice,productcatalogservice,0,0,0,0,0,0,0
2026-10-04T14:02:27Z,paymentservice,recommendationservice,0,0,0,0,0,0,0
2026-10-04T14:02:27Z,paymentservice,redis-cart,0,0,0,0,0,0,0
2026-10-04T14:02:27Z,paymentservice,shippingservice,0,0,0,0,0,0,0
2026-10-04T14:02:27Z,productcatalogservice,adservice,0,0,0,0,0,0,0
2026-10-04T14:02:27Z,productcatalogservice,cartservice,0,0,0,0,0,0,0
2026-10-04T14:02:27Z,productcatalogservice,checkoutservice,0,0,0,0,0,0,0
2026-10-04T14:02:27Z,productcatalogservice,currencyservice,0,0,0,0,0,0,0
2026-10-04T14:02:27Z,productcatalogservice,emailservice,0,0,0,0,0,0,0
2026-10-04T14:02:27Z,productcatalogservice,frontend,0,0,0,0,0,0,0
2026-10-04T14:02:27Z,productcatalogservice,kubernetes,0,0,0,0,0,0,0
2026-10-04T14:02:27Z,productcatalogservice,paymentservice,0,0,0,0,0,0,0
2026-10-04T14:02:27Z,productcatalogservice,productcatalogservice,0,0,0,0,0,0,0
2026-10-04T14:02:27Z,productcatalogservice,recommendationservice,0,0,0,0,0,0,0
2026-10-04T14:02:27Z,productcatalogservice,redis-cart,0,0,0,0,0,0,0
2026-10-04T14:02:27Z,productcatalogservice,shippingservice,0,0,0,0,0,0,0
2026-10-04T14:02:27Z,recommendationservice,adservice,0,0,0,0,0,0,0
2026-10-04T14:02:27Z,recommendationservice,cartservice,0,0,0,0,0,0,0
2026-10-04T14:02:27Z,recommendationservice,checkoutservice,0,0,0,0,0,0,0
2026-10-04T14:02:27Z,recommendationservice,currencyservice,0,0,0,0,0,0,0
2026-10-04T14:02:27Z,recommendationservice,emailservice,0,0,0,0,0,0,0
2026-10-04T14:02:27Z,recommendationservice,frontend,0,0,0,0,0,0,0
2026-10-04T14:02:27Z,recommendationservice,kubernetes,0,0,0,0,0,0,0
2026-10-04T14:02:27Z,recommendationservice,paymentservice,0,0,0,0,0,0,0
2026-10-04T14:02:27Z,recommendationservice,productcatalogservice,0,0,0,0,0,0,0
2026-10-04T14:02:27Z,recommendationservice,recommendationservice,0,0,0,0,0,0,0
2026-10-04T14:02:27Z,recommendationservice,redis-cart,0,0,0,0,0,0,0
2026-10-04T14:02:27Z,recommendationservice,shippingservice,0,0,0,0,0,0,0
2026-10-04T14:02:27Z,redis-cart,adservice,0,0,0,0,0,0,0
2026-10-04T14:02:27Z,redis-cart,cartservice,0,0,0,0,0,0,0
2026-10-04T14:02:27Z,redis-cart,checkoutservice,0,0,0,0,0,0,0
2026-10-04T14:02:27Z,redis-cart,currencyservice,0,0,0,0,0,0,0
2026-10-04T14:02:27Z,redis-cart,emailservice,0,0,0,0,0,0,0
2026-10-04T14:02:27Z,redis-cart,frontend,0,0,0,0,0,0,0
2026-10-04T14:02:27Z,redis-cart,kubernetes,0,0,0,0,0,0,0
2026-10-04T14:02:27Z,redis-cart,paymentservice,0,0,0,0,0,0,0
2026-10-04T14:02:27Z,redis-cart,productcatalogservice,0,0,0,0,0,0,0
2026-10-04T14:02:27Z,redis-cart,recommendationservice,0,0,0,0,0,0,0
2026-10-04T14:02:27Z,redis-cart,redis-cart,0,0,0,0,0,0,0
2026-10-04T14:02:27Z,redis-cart,shippingservice,0,0,0,0,0,0,0
2026-10-04T14:02:27Z,shippingservice,adservice,0,0,0,0,0,0,0
2026-10-04T14:02:27Z,shippingservice,cartservice,0,0,0,0,0,0,0
2026-10-04T14:02:27Z,shippingservice,checkoutservice,0,0,0,0,0,0,0
2026-10-04T14:02:27Z,shippingservice,currencyservice,0,0,0,0,0,0,0
2026-10-04T14:02:27Z,shippingservice,emailservice,0,0,0,0,0,0,0
2026-10-04T14:02:27Z,shippingservice,frontend,0,0,0,0,0,0,0
2026-10-04T14:02:27Z,shippingservice,kubernetes,0,0,0,0,0,0,0
2026-10-04T14:02:27Z,shippingservice,paymentservice,0,0,0,0,0,0,0
2026-10-04T14:02:27Z,shippingservice,productcatalogservice,0,0,0,0,0,0,0
2026-10-04T14:02:27Z,shippingservice,recommendationservice,0,0,0,0,0,0,0
2026-10-04T14:02:27Z,shippingservice,redis-cart,0,0,0,0,0,0,0
2026-10-04T14:02:27Z,shippingservice,shippingservice,0,0,0,0,0,0,0
2026-10-04T14:02:28Z,adservice,adservice,0,0,0,0,0,0,0
2026-10-04T14:02:28Z,adservice,cartservice,0,0,0,0,0,0,0
2026-10-04T14:02:28Z,adservice,checkoutservice,0,0,0,0,0,0,0
2026-10-04T14:02:28Z,adservice,currencyservice,0,0,0,0,0,0,0
2026-10-04T14:02:28Z,adservice,emailservice,0,0,0,0,0,0,0
2026-10-04T14:02:28Z,adservice,frontend,0,0,0,0,0,0,0
2026-10-04T14:02:28Z,adservice,kubernetes,0,0,0,0,0,0,0
2026-10-04T14:02:28Z,adservice,paymentservice,0,0,0,0,0,0,0
2026-10-04T14:02:28Z,adservice,productcatalogservice,0,0,0,0,0,0,0
2026-10-04T14:02:28Z,adservice,recommendationservice,0,0,0,0,0,0,0
2026-10-04T14:02:28Z,adservice,redis-cart,0,0,0,0,0,0,0
2026-10-04T14:02:28Z,adservice,shippingservice,0,0,0,0,0,0,0
2026-10-04T14:02:28Z,cartservice,adservice,0,0,0,0,0,0,0
2026-10-04T14:02:28Z,cartservice,cartservice,0,0,0,0,0,0,0
2026-10-04T14:02:28Z,cartservice,checkoutservice,0,0,0,0,0,0,0
2026-10-04T14:02:28Z,cartservice,currencyservice,0,0,0,0,0,0,0
2026-10-04T14:02:28Z,cartservice,emailservice,0,0,0,0,0,0,0
2026-10-04T14:02:28Z,cartservice,frontend,0,0,0,0,0,0,0
2026-10-04T14:02:28Z,cartservice,kubernetes,0,0,0,0,0,0,0
2026-10-04T14:02:28Z,cartservice,paymentservice,0,0,0,0,0,0,0
2026-10-04T14:02:28Z,cartservice,productcatalogservice,0,0,0,0,0,0,0
2026-10-04T14:02:28Z,cartservice,recommendationservice,0,0,0,0,0,0,0
2026-10-04T14:02:28Z,cartservice,redis-cart,2,0,0,0,0,0,0
2026-10-04T14:02:28Z,cartservice,shippingservice,0,0,0,0,0,0,0
2026-10-04T14:02:28Z,checkoutservice,adservice,0,0,0,0,0,0,0
2026-10-04T14:02:28Z,checkoutservice,cartservice,0,0,0,0,0,0,0
2026-10-04T14:02:28Z,checkoutservice,checkoutservice,0,0,0,0,0,0,0
2026-10-04T14:02:28Z,checkoutservice,currencyservice,0,0,0,0,0,0,0
2026-10-04T14:02:28Z,checkoutservice,emailservice,0,0,0,0,0,0,0
2026-10-04T14:02:28Z,checkoutservice,frontend,0,0,0,0,0,0,0
2026-10-04T14:02:28Z,checkoutservice,kubernetes,0,0,0,0,0,0,0
2026-10-04T14:02:28Z,checkoutservice,paymentservice,0,0,0,0,0,0,0
2026-10-04T14:02:28Z,checkoutservice,productcatalogservice,0,0,0,0,0,0,0
2026-10-04T14:02:28Z,checkoutservice,recommendationservice,0,0,0,0,0,0,0
2026-10-04T14:02:28Z,checkoutservice,redis-cart,0,0,0,0,0,0,0
2026-10-04T14:02:28Z,checkoutservice,shippingservice,0,0,0,0,0,0,0
2026-10-04T14:02:28Z,currencyservice,adservice,0,0,0,0,0,0,0
2026-10-04T14:02:28Z,currencyservice,cartservice,0,0,0,0,0,0,0
2026-10-04T14:02:28Z,currencyservice,checkoutservice,0,0,0,0,0,0,0
2026-10-04T14:02:28Z,currencyservice,currencyservice,0,0,0,0,0,0,0
2026-10-04T14:02:28Z,currencyservice,emailservice,0,0,0,0,0,0,0
2026-10-04T14:02:28Z,currencyservice,frontend,0,0,0,0,0,0,0
2026-10-04T14:02:28Z,currencyservice,kubernetes,0,0,0,0,0,0,0
2026-10-04T14:02:28Z,currencyservice,paymentservice,0,0,0,0,0,0,0
2026-10-04T14:02:28Z,currencyservice,productcatalogservice,0,0,0,0,0,0,0
2026-10-04T14:02:28Z,currencyservice,recommendationservice,0,0,0,0,0,0,0
2026-10-04T14:02:28Z,currencyservice,redis-cart,0,0,0,0,0,0,0
2026-10-04T14:02:28Z,currencyservice,shippingservice,0,0,0,0,0,0,0
2026-10-04T14:02:28Z,emailservice,adservice,0,0,0,0,0,0,0
2026-10-04T14:02:28Z,emailservice,cartservice,0,0,0,0,0,0,0
2026-10-04T14:02:28Z,emailservice,checkoutservice,0,0,0,0,0,0,0
2026-10-04T14:02:28Z,emailservice,currencyservice,0,0,0,0,0,0,0
2026-10-04T14:02:28Z,emailservice,emailservice,0,0,0,0,0,0,0
2026-10-04T14:02:28Z,emailservice,frontend,0,0,0,0,0,0,0
2026-10-04T14:02:28Z,emailservice,kubernetes,0,0,0,0,0,0,0
2026-10-04T14:02:28Z,emailservice,paymentservice,0,0,0,0,0,0,0
2026-10-04T14:02:28Z,emailservice,productcatalogservice,0,0,0,0,0,0,0
2026-10-04T14:02:28Z,emailservice,recommendationservice,0,0,0,0,0,0,0
2026-10-04T14:02:28Z,emailservice,redis-cart,0,0,0,0,0,0,0
2026-10-04T14:02:28Z,emailservice,shippingservice,0,0,0,0,0,0,0
2026-10-04T14:02:28Z,frontend,adservice,773781,773779,0,0,0,2334061,773779
2026-10-04T14:02:28Z,frontend,cartservice,1730573,1730561,0,0,4,9624535,1730561
2026-10-04T14:02:28Z,frontend,checkoutservice,354811,173691,0,34332,146696,55608828,173690
2026-10-04T14:02:28Z,frontend,currencyservice,2749584,2749577,0,0,0,14589993,2749577
2026-10-04T14:02:28Z,frontend,emailservice,0,0,0,0,0,0,0
2026-10-04T14:02:28Z,frontend,frontend,0,0,0,0,0,0,0
2026-10-04T14:02:28Z,frontend,kubernetes,0,0,0,0,0,0,0
2026-10-04T14:02:28Z,frontend,paymentservice,0,0,0,0,0,0,0
2026-10-04T14:02:28Z,frontend,productcatalogservice,7676840,7676779,0,0,0,52315430,7676779
2026-10-04T14:02:28Z,frontend,recommendationservice,2523996,1524786,0,104145,892890,769956520,1524786
2026-10-04T14:02:28Z,frontend,redis-cart,0,0,0,0,0,0,0
2026-10-04T14:02:28Z,frontend,shippingservice,283787,283785,0,0,0,858241,283785
2026-10-04T14:02:28Z,paymentservice,adservice,0,0,0,0,0,0,0
2026-10-04T14:02:28Z,paymentservice,cartservice,0,0,0,0,0,0,0
2026-10-04T14:02:28Z,paymentservice,checkoutservice,0,0,0,0,0,0,0
2026-10-04T14:02:28Z,paymentservice,currencyservice,0,0,0,0,0,0,0
2026-10-04T14:02:28Z,paymentservice,emailservice,0,0,0,0,0,0,0
2026-10-04T14:02:28Z,paymentservice,frontend,0,0,0,0,0,0,0
2026-10-04T14:02:28Z,paymentservice,kubernetes,0,0,0,0,0,0,0
2026-10-04T14:02:28Z,paymentservice,paymentservice,0,0,0,0,0,0,0
2026-10-04T14:02:28Z,paymentservice,productcatalogservice,0,0,0,0,0,0,0
2026-10-04T14:02:28Z,paymentservice,recommendationservice,0,0,0,0,0,0,0
2026-10-04T14:02:28Z,paymentservice,redis-cart,0,0,0,0,0,0,0
2026-10-04T14:02:28Z,paymentservice,shippingservice,0,0,0,0,0,0,0
2026-10-04T14:02:28Z,productcatalogservice,adservice,0,0,0,0,0,0,0
2026-10-04T14:02:28Z,productcatalogservice,cartservice,0,0,0,0,0,0,0
2026-10-04T14:02:28Z,productcatalogservice,checkoutservice,0,0,0,0,0,0,0
2026-10-04T14:02:28Z,productcatalogservice,currencyservice,0,0,0,0,0,0,0
2026-10-04T14:02:28Z,productcatalogservice,emailservice,0,0,0,0,0,0,0
2026-10-04T14:02:28Z,productcatalogservice,frontend,0,0,0,0,0,0,0
2026-10-04T14:02:28Z,productcatalogservice,kubernetes,0,0,0,0,0,0,0
2026-10-04T14:02:28Z,productcatalogservice,paymentservice,0,0,0,0,0,0,0
2026-10-04T14:02:28Z,productcatalogservice,productcatalogservice,0,0,0,0,0,0,0
2026-10-04T14:02:28Z,productcatalogservice,recommendationservice,0,0,0,0,0,0,0
2026-10-04T14:02:28Z,productcatalogservice,redis-cart,0,0,0,0,0,0,0
2026-10-04T14:02:28Z,productcatalogservice,shippingservice,0,0,0,0,0,0,0
2026-10-04T14:02:28Z,recommendationservice,adservice,0,0,0,0,0,0,0
2026-10-04T14:02:28Z,recommendationservice,cartservice,0,0,0,0,0,0,0
2026-10-04T14:02:28Z,recommendationservice,checkoutservice,0,0,0,0,0,0,0
2026-10-04T14:02:28Z,recommendationservice,currencyservice,0,0,0,0,0,0,0
2026-10-04T14:02:28Z,recommendationservice,emailservice,0,0,0,0,0,0,0
2026-10-04T14:02:28Z,recommendationservice,frontend,0,0,0,0,0,0,0
2026-10-04T14:02:28Z,recommendationservice,kubernetes,0,0,0,0,0,0,0
2026-10-04T14:02:28Z,recommendationservice,paymentservice,0,0,0,0,0,0,0
2026-10-04T14:02:28Z,recommendationservice,productcatalogservice,0,0,0,0,0,0,0
2026-10-04T14:02:28Z,recommendationservice,recommendationservice,0,0,0,0,0,0,0
2026-10-04T14:02:28Z,recommendationservice,redis-cart,0,0,0,0,0,0,0
2026-10-04T14:02:28Z,recommendationservice,shippingservice,0,0,0,0,0,0,0
2026-10-04T14:02:28Z,redis-cart,adservice,0,0,0,0,0,0,0
2026-10-04T14:02:28Z,redis-cart,cartservice,0,0,0,0,0,0,0
2026-10-04T14:02:28Z,redis-cart,checkoutservice,0,0,0,0,0,0,0
2026-10-04T14:02:28Z,redis-cart,currencyservice,0,0,0,0,0,0,0
2026-10-04T14:02:28Z,redis-cart,emailservice,0,0,0,0,0,0,0
2026-10-04T14:02:28Z,redis-cart,frontend,0,0,0,0,0,0,0
2026-10-04T14:02:28Z,redis-cart,kubernetes,0,0,0,0,0,0,0
2026-10-04T14:02:28Z,redis-cart,paymentservice,0,0,0,0,0,0,0
2026-10-04T14:02:28Z,redis-cart,productcatalogservice,0,0,0,0,0,0,0
2026-10-04T14:02:28Z,redis-cart,recommendationservice,0,0,0,0,0,0,0
2026-10-04T14:02:28Z,redis-cart,redis-cart,0,0,0,0,0,0,0
2026-10-04T14:02:28Z,redis-cart,shippingservice,0,0,0,0,0,0,0
2026-10-04T14:02:28Z,shippingservice,adservice,0,0,0,0,0,0,0
2026-10-04T14:02:28Z,shippingservice,cartservice,0,0,0,0,0,0,0
2026-10-04T14:02:28Z,shippingservice,checkoutservice,0,0,0,0,0,0,0
2026-10-04T14:02:28Z,shippingservice,currencyservice,0,0,0,0,0,0,0
2026-10-04T14:02:28Z,shippingservice,emailservice,0,0,0,0,0,0,0
2026-10-04T14:02:28Z,shippingservice,frontend,0,0,0,0,0,0,0
2026-10-04T14:02:28Z,shippingservice,kubernetes,0,0,0,0,0,0,0
2026-10-04T14:02:28Z,shippingservice,paymentservice,0,0,0,0,0,0,0
2026-10-04T14:02:28Z,shippingservice,productcatalogservice,0,0,0,0,0,0,0
2026-10-04T14:02:28Z,shippingservice,recommendationservice,0,0,0,0,0,0,0
2026-10-04T14:02:28Z,shippingservice,redis-cart,0,0,0,0,0,0,0
2026-10-04T14:02:28Z,shippingservice,shippingservice,0,0,0,0,0,0,0
2026-10-04T14:02:29Z,adservice,adservice,0,0,0,0,0,0,0
2026-10-04T14:02:29Z,adservice,cartservice,0,0,0,0,0,0,0
2026-10-04T14:02:29Z,adservice,checkoutservice,0,0,0,0,0,0,0
2026-10-04T14:02:29Z,adservice,currencyservice,0,0,0,0,0,0,0
2026-10-04T14:02:29Z,adservice,emailservice,0,0,0,0,0,0,0
2026-10-04T14:02:29Z,adservice,frontend,0,0,0,0,0,0,0
2026-10-04T14:02:29Z,adservice,kubernetes,0,0,0,0,0,0,0
2026-10-04T14:02:29Z,adservice,paymentservice,0,0,0,0,0,0,0
2026-10-04T14:02:29Z,adservice,productcatalogservice,0,0,0,0,0,0,0
2026-10-04T14:02:29Z,adservice,recommendationservice,0,0,0,0,0,0,0
2026-10-04T14:02:29Z,adservice,redis-cart,0,0,0,0,0,0,0
2026-10-04T14:02:29Z,adservice,shippingservice,0,0,0,0,0,0,0
2026-10-04T14:02:29Z,cartservice,adservice,0,0,0,0,0,0,0
2026-10-04T14:02:29Z,cartservice,cartservice,0,0,0,0,0,0,0
2026-10-04T14:02:29Z,cartservice,checkoutservice,0,0,0,0,0,0,0
2026-10-04T14:02:29Z,cartservice,currencyservice,0,0,0,0,0,0,0
2026-10-04T14:02:29Z,cartservice,emailservice,0,0,0,0,0,0,0
2026-10-04T14:02:29Z,cartservice,frontend,0,0,0,0,0,0,0
2026-10-04T14:02:29Z,cartservice,kubernetes,0,0,0,0,0,0,0
2026-10-04T14:02:29Z,cartservice,paymentservice,0,0,0,0,0,0,0
2026-10-04T14:02:29Z,cartservice,productcatalogservice,0,0,0,0,0,0,0
2026-10-04T14:02:29Z,cartservice,recommendationservice,0,0,0,0,0,0,0
2026-10-04T14:02:29Z,cartservice,redis-cart,2,0,0,0,0,0,0
2026-10-04T14:02:29Z,cartservice,shippingservice,0,0,0,0,0,0,0
2026-10-04T14:02:29Z,checkoutservice,adservice,0,0,0,0,0,0,0
2026-10-04T14:02:29Z,checkoutservice,cartservice,0,0,0,0,0,0,0
2026-10-04T14:02:29Z,checkoutservice,checkoutservice,0,0,0,0,0,0,0
2026-10-04T14:02:29Z,checkoutservice,currencyservice,0,0,0,0,0,0,0
2026-10-04T14:02:29Z,checkoutservice,emailservice,0,0,0,0,0,0,0
2026-10-04T14:02:29Z,checkoutservice,frontend,0,0,0,0,0,0,0
2026-10-04T14:02:29Z,checkoutservice,kubernetes,0,0,0,0,0,0,0
2026-10-04T14:02:29Z,checkoutservice,paymentservice,0,0,0,0,0,0,0
2026-10-04T14:02:29Z,checkoutservice,productcatalogservice,0,0,0,0,0,0,0
2026-10-04T14:02:29Z,checkoutservice,recommendationservice,0,0,0,0,0,0,0
2026-10-04T14:02:29Z,checkoutservice,redis-cart,0,0,0,0,0,0,0
2026-10-04T14:02:29Z,checkoutservice,shippingservice,0,0,0,0,0,0,0
2026-10-04T14:02:29Z,currencyservice,adservice,0,0,0,0,0,0,0
2026-10-04T14:02:29Z,currencyservice,cartservice,0,0,0,0,0,0,0
2026-10-04T14:02:29Z,currencyservice,checkoutservice,0,0,0,0,0,0,0
2026-10-04T14:02:29Z,currencyservice,currencyservice,0,0,0,0,0,0,0
2026-10-04T14:02:29Z,currencyservice,emailservice,0,0,0,0,0,0,0
2026-10-04T14:02:29Z,currencyservice,frontend,0,0,0,0,0,0,0
2026-10-04T14:02:29Z,currencyservice,kubernetes,0,0,0,0,0,0,0
2026-10-04T14:02:29Z,currencyservice,paymentservice,0,0,0,0,0,0,0
2026-10-04T14:02:29Z,currencyservice,productcatalogservice,0,0,0,0,0,0,0
2026-10-04T14:02:29Z,currencyservice,recommendationservice,0,0,0,0,0,0,0
2026-10-04T14:02:29Z,currencyservice,redis-cart,0,0,0,0,0,0,0
2026-10-04T14:02:29Z,currencyservice,shippingservice,0,0,0,0,0,0,0
2026-10-04T14:02:29Z,emailservice,adservice,0,0,0,0,0,0,0
2026-10-04T14:02:29Z,emailservice,cartservice,0,0,0,0,0,0,0
2026-10-04T14:02:29Z,emailservice,checkoutservice,0,0,0,0,0,0,0
2026-10-04T14:02:29Z,emailservice,currencyservice,0,0,0,0,0,0,0
2026-10-04T14:02:29Z,emailservice,emailservice,0,0,0,0,0,0,0
2026-10-04T14:02:29Z,emailservice,frontend,0,0,0,0,0,0,0
2026-10-04T14:02:29Z,emailservice,kubernetes,0,0,0,0,0,0,0
2026-10-04T14:02:29Z,emailservice,paymentservice,0,0,0,0,0,0,0
2026-10-04T14:02:29Z,emailservice,productcatalogservice,0,0,0,0,0,0,0
2026-10-04T14:02:29Z,emailservice,recommendationservice,0,0,0,0,0,0,0
2026-10-04T14:02:29Z,emailservice,redis-cart,0,0,0,0,0,0,0
2026-10-04T14:02:29Z,emailservice,shippingservice,0,0,0,0,0,0,0
2026-10-04T14:02:29Z,frontend,adservice,773781,773779,0,0,0,2334061,773779
2026-10-04T14:02:29Z,frontend,cartservice,1730573,1730561,0,0,4,9624535,1730561
2026-10-04T14:02:29Z,frontend,checkoutservice,354811,173691,0,34332,146696,55608828,173690
2026-10-04T14:02:29Z,frontend,currencyservice,2749584,2749577,0,0,0,14589993,2749577
2026-10-04T14:02:29Z,frontend,emailservice,0,0,0,0,0,0,0
2026-10-04T14:02:29Z,frontend,frontend,0,0,0,0,0,0,0
2026-10-04T14:02:29Z,frontend,kubernetes,0,0,0,0,0,0,0
2026-10-04T14:02:29Z,frontend,paymentservice,0,0,0,0,0,0,0
2026-10-04T14:02:29Z,frontend,productcatalogservice,7676840,7676779,0,0,0,52315430,7676779
2026-10-04T14:02:29Z,frontend,recommendationservice,2523996,1524786,0,104145,892890,769956520,1524786
2026-10-04T14:02:29Z,frontend,redis-cart,0,0,0,0,0,0,0
2026-10-04T14:02:29Z,frontend,shippingservice,283787,283785,0,0,0,858241,283785
2026-10-04T14:02:29Z,paymentservice,adservice,0,0,0,0,0,0,0
2026-10-04T14:02:29Z,paymentservice,cartservice,0,0,0,0,0,0,0
2026-10-04T14:02:29Z,paymentservice,checkoutservice,0,0,0,0,0,0,0
2026-10-04T14:02:29Z,paymentservice,currencyservice,0,0,0,0,0,0,0
2026-10-04T14:02:29Z,paymentservice,emailservice,0,0,0,0,0,0,0
2026-10-04T14:02:29Z,paymentservice,frontend,0,0,0,0,0,0,0
2026-10-04T14:02:29Z,paymentservice,kubernetes,0,0,0,0,0,0,0
2026-10-04T14:02:29Z,paymentservice,paymentservice,0,0,0,0,0,0,0
2026-10-04T14:02:29Z,paymentservice,productcatalogservice,0,0,0,0,0,0,0
2026-10-04T14:02:29Z,paymentservice,recommendationservice,0,0,0,0,0,0,0
2026-10-04T14:02:29Z,paymentservice,redis-cart,0,0,0,0,0,0,0
2026-10-04T14:02:29Z,paymentservice,shippingservice,0,0,0,0,0,0,0
2026-10-04T14:02:29Z,productcatalogservice,adservice,0,0,0,0,0,0,0
2026-10-04T14:02:29Z,productcatalogservice,cartservice,0,0,0,0,0,0,0
2026-10-04T14:02:29Z,productcatalogservice,checkoutservice,0,0,0,0,0,0,0
2026-10-04T14:02:29Z,productcatalogservice,currencyservice,0,0,0,0,0,0,0
2026-10-04T14:02:29Z,productcatalogservice,emailservice,0,0,0,0,0,0,0
2026-10-04T14:02:29Z,productcatalogservice,frontend,0,0,0,0,0,0,0
2026-10-04T14:02:29Z,productcatalogservice,kubernetes,0,0,0,0,0,0,0
2026-10-04T14:02:29Z,productcatalogservice,paymentservice,0,0,0,0,0,0,0
2026-10-04T14:02:29Z,productcatalogservice,productcatalogservice,0,0,0,0,0,0,0
2026-10-04T14:02:29Z,productcatalogservice,recommendationservice,0,0,0,0,0,0,0
2026-10-04T14:02:29Z,productcatalogservice,redis-cart,0,0,0,0,0,0,0
2026-10-04T14:02:29Z,productcatalogservice,shippingservice,0,0,0,0,0,0,0
2026-10-04T14:02:29Z,recommendationservice,adservice,0,0,0,0,0,0,0
2026-10-04T14:02:29Z,recommendationservice,cartservice,0,0,0,0,0,0,0
2026-10-04T14:02:29Z,recommendationservice,checkoutservice,0,0,0,0,0,0,0
2026-10-04T14:02:29Z,recommendationservice,currencyservice,0,0,0,0,0,0,0
2026-10-04T14:02:29Z,recommendationservice,emailservice,0,0,0,0,0,0,0
2026-10-04T14:02:29Z,recommendationservice,frontend,0,0,0,0,0,0,0
2026-10-04T14:02:29Z,recommendationservice,kubernetes,0,0,0,0,0,0,0
2026-10-04T14:02:29Z,recommendationservice,paymentservice,0,0,0,0,0,0,0
2026-10-04T14:02:29Z,recommendationservice,productcatalogservice,0,0,0,0,0,0,0
2026-10-04T14:02:29Z,recommendationservice,recommendationservice,0,0,0,0,0,0,0
2026-10-04T14:02:29Z,recommendationservice,redis-cart,0,0,0,0,0,0,0
2026-10-04T14:02:29Z,recommendationservice,shippingservice,0,0,0,0,0,0,0
2026-10-04T14:02:29Z,redis-cart,adservice,0,0,0,0,0,0,0
2026-10-04T14:02:29Z,redis-cart,cartservice,0,0,0,0,0,0,0
2026-10-04T14:02:29Z,redis-cart,checkoutservice,0,0,0,0,0,0,0
2026-10-04T14:02:29Z,redis-cart,currencyservice,0,0,0,0,0,0,0
2026-10-04T14:02:29Z,redis-cart,emailservice,0,0,0,0,0,0,0
2026-10-04T14:02:29Z,redis-cart,frontend,0,0,0,0,0,0,0
2026-10-04T14:02:29Z,redis-cart,kubernetes,0,0,0,0,0,0,0
2026-10-04T14:02:29Z,redis-cart,paymentservice,0,0,0,0,0,0,0
2026-10-04T14:02:29Z,redis-cart,productcatalogservice,0,0,0,0,0,0,0
2026-10-04T14:02:29Z,redis-cart,recommendationservice,0,0,0,0,0,0,0
2026-10-04T14:02:29Z,redis-cart,redis-cart,0,0,0,0,0,0,0
2026-10-04T14:02:29Z,redis-cart,shippingservice,0,0,0,0,0,0,0
2026-10-04T14:02:29Z,shippingservice,adservice,0,0,0,0,0,0,0
2026-10-04T14:02:29Z,shippingservice,cartservice,0,0,0,0,0,0,0
2026-10-04T14:02:29Z,shippingservice,checkoutservice,0,0,0,0,0,0,0
2026-10-04T14:02:29Z,shippingservice,currencyservice,0,0,0,0,0,0,0
2026-10-04T14:02:29Z,shippingservice,emailservice,0,0,0,0,0,0,0
2026-10-04T14:02:29Z,shippingservice,frontend,0,0,0,0,0,0,0
2026-10-04T14:02:29Z,shippingservice,kubernetes,0,0,0,0,0,0,0
2026-10-04T14:02:29Z,shippingservice,paymentservice,0,0,0,0,0,0,0
2026-10-04T14:02:29Z,shippingservice,productcatalogservice,0,0,0,0,0,0,0
2026-10-04T14:02:29Z,shippingservice,recommendationservice,0,0,0,0,0,0,0
2026-10-04T14:02:29Z,shippingservice,redis-cart,0,0,0,0,0,0,0
2026-10-04T14:02:29Z,shippingservice,shippingservice,0,0,0,0,0,0,0
2026-10-04T14:02:30Z,adservice,adservice,0,0,0,0,0,0,0
2026-10-04T14:02:30Z,adservice,cartservice,0,0,0,0,0,0,0
2026-10-04T14:02:30Z,adservice,checkoutservice,0,0,0,0,0,0,0
2026-10-04T14:02:30Z,adservice,currencyservice,0,0,0,0,0,0,0
2026-10-04T14:02:30Z,adservice,emailservice,0,0,0,0,0,0,0
2026-10-04T14:02:30Z,adservice,frontend,0,0,0,0,0,0,0
2026-10-04T14:02:30Z,adservice,kubernetes,0,0,0,0,0,0,0
2026-10-04T14:02:30Z,adservice,paymentservice,0,0,0,0,0,0,0
2026-10-04T14:02:30Z,adservice,productcatalogservice,0,0,0,0,0,0,0
2026-10-04T14:02:30Z,adservice,recommendationservice,0,0,0,0,0,0,0
2026-10-04T14:02:30Z,adservice,redis-cart,0,0,0,0,0,0,0
2026-10-04T14:02:30Z,adservice,shippingservice,0,0,0,0,0,0,0
2026-10-04T14:02:30Z,cartservice,adservice,0,0,0,0,0,0,0
2026-10-04T14:02:30Z,cartservice,cartservice,0,0,0,0,0,0,0
2026-10-04T14:02:30Z,cartservice,checkoutservice,0,0,0,0,0,0,0
2026-10-04T14:02:30Z,cartservice,currencyservice,0,0,0,0,0,0,0
2026-10-04T14:02:30Z,cartservice,emailservice,0,0,0,0,0,0,0
2026-10-04T14:02:30Z,cartservice,frontend,0,0,0,0,0,0,0
2026-10-04T14:02:30Z,cartservice,kubernetes,0,0,0,0,0,0,0
2026-10-04T14:02:30Z,cartservice,paymentservice,0,0,0,0,0,0,0
2026-10-04T14:02:30Z,cartservice,productcatalogservice,0,0,0,0,0,0,0
2026-10-04T14:02:30Z,cartservice,recommendationservice,0,0,0,0,0,0,0
2026-10-04T14:02:30Z,cartservice,redis-cart,2,0,0,0,0,0,0
2026-10-04T14:02:30Z,cartservice,shippingservice,0,0,0,0,0,0,0
2026-10-04T14:02:30Z,checkoutservice,adservice,0,0,0,0,0,0,0
2026-10-04T14:02:30Z,checkoutservice,cartservice,0,0,0,0,0,0,0
2026-10-04T14:02:30Z,checkoutservice,checkoutservice,0,0,0,0,0,0,0
2026-10-04T14:02:30Z,checkoutservice,currencyservice,0,0,0,0,0,0,0
2026-10-04T14:02:30Z,checkoutservice,emailservice,0,0,0,0,0,0,0
2026-10-04T14:02:30Z,checkoutservice,frontend,0,0,0,0,0,0,0
2026-10-04T14:02:30Z,checkoutservice,kubernetes,0,0,0,0,0,0,0
2026-10-04T14:02:30Z,checkoutservice,paymentservice,0,0,0,0,0,0,0
2026-10-04T14:02:30Z,checkoutservice,productcatalogservice,0,0,0,0,0,0,0
2026-10-04T14:02:30Z,checkoutservice,recommendationservice,0,0,0,0,0,0,0
2026-10-04T14:02:30Z,checkoutservice,redis-cart,0,0,0,0,0,0,0
2026-10-04T14:02:30Z,checkoutservice,shippingservice,0,0,0,0,0,0,0
2026-10-04T14:02:30Z,currencyservice,adservice,0,0,0,0,0,0,0
2026-10-04T14:02:30Z,currencyservice,cartservice,0,0,0,0,0,0,0
2026-10-04T14:02:30Z,currencyservice,checkoutservice,0,0,0,0,0,0,0
2026-10-04T14:02:30Z,currencyservice,currencyservice,0,0,0,0,0,0,0
2026-10-04T14:02:30Z,currencyservice,emailservice,0,0,0,0,0,0,0
2026-10-04T14:02:30Z,currencyservice,frontend,0,0,0,0,0,0,0
2026-10-04T14:02:30Z,currencyservice,kubernetes,0,0,0,0,0,0,0
2026-10-04T14:02:30Z,currencyservice,paymentservice,0,0,0,0,0,0,0
2026-10-04T14:02:30Z,currencyservice,productcatalogservice,0,0,0,0,0,0,0
2026-10-04T14:02:30Z,currencyservice,recommendationservice,0,0,0,0,0,0,0
2026-10-04T14:02:30Z,currencyservice,redis-cart,0,0,0,0,0,0,0
2026-10-04T14:02:30Z,currencyservice,shippingservice,0,0,0,0,0,0,0
2026-10-04T14:02:30Z,emailservice,adservice,0,0,0,0,0,0,0
2026-10-04T14:02:30Z,emailservice,cartservice,0,0,0,0,0,0,0
2026-10-04T14:02:30Z,emailservice,checkoutservice,0,0,0,0,0,0,0
2026-10-04T14:02:30Z,emailservice,currencyservice,0,0,0,0,0,0,0
2026-10-04T14:02:30Z,emailservice,emailservice,0,0,0,0,0,0,0
2026-10-04T14:02:30Z,emailservice,frontend,0,0,0,0,0,0,0
2026-10-04T14:02:30Z,emailservice,kubernetes,0,0,0,0,0,0,0
2026-10-04T14:02:30Z,emailservice,paymentservice,0,0,0,0,0,0,0
2026-10-04T14:02:30Z,emailservice,productcatalogservice,0,0,0,0,0,0,0
2026-10-04T14:02:30Z,emailservice,recommendationservice,0,0,0,0,0,0,0
2026-10-04T14:02:30Z,emailservice,redis-cart,0,0,0,0,0,0,0
2026-10-04T14:02:30Z,emailservice,shippingservice,0,0,0,0,0,0,0
2026-10-04T14:02:30Z,frontend,adservice,773781,773779,0,0,0,2334061,773779
2026-10-04T14:02:30Z,frontend,cartservice,1730573,1730561,0,0,4,9624535,1730561
2026-10-04T14:02:30Z,frontend,checkoutservice,354811,173691,0,34332,146696,55608828,173690
2026-10-04T14:02:30Z,frontend,currencyservice,2749584,2749577,0,0,0,14589993,2749577
2026-10-04T14:02:30Z,frontend,emailservice,0,0,0,0,0,0,0
2026-10-04T14:02:30Z,frontend,frontend,0,0,0,0,0,0,0
2026-10-04T14:02:30Z,frontend,kubernetes,0,0,0,0,0,0,0
2026-10-04T14:02:30Z,frontend,paymentservice,0,0,0,0,0,0,0
2026-10-04T14:02:30Z,frontend,productcatalogservice,7676840,7676779,0,0,0,52315430,7676779
2026-10-04T14:02:30Z,frontend,recommendationservice,2523996,1524786,0,104145,892890,769956520,1524786
2026-10-04T14:02:30Z,frontend,redis-cart,0,0,0,0,0,0,0
2026-10-04T14:02:30Z,frontend,shippingservice,283787,283785,0,0,0,858241,283785
2026-10-04T14:02:30Z,paymentservice,adservice,0,0,0,0,0,0,0
2026-10-04T14:02:30Z,paymentservice,cartservice,0,0,0,0,0,0,0
2026-10-04T14:02:30Z,paymentservice,checkoutservice,0,0,0,0,0,0,0
2026-10-04T14:02:30Z,paymentservice,currencyservice,0,0,0,0,0,0,0
2026-10-04T14:02:30Z,paymentservice,emailservice,0,0,0,0,0,0,0
2026-10-04T14:02:30Z,paymentservice,frontend,0,0,0,0,0,0,0
2026-10-04T14:02:30Z,paymentservice,kubernetes,0,0,0,0,0,0,0
2026-10-04T14:02:30Z,paymentservice,paymentservice,0,0,0,0,0,0,0
2026-10-04T14:02:30Z,paymentservice,productcatalogservice,0,0,0,0,0,0,0
2026-10-04T14:02:30Z,paymentservice,recommendationservice,0,0,0,0,0,0,0
2026-10-04T14:02:30Z,paymentservice,redis-cart,0,0,0,0,0,0,0
2026-10-04T14:02:30Z,paymentservice,shippingservice,0,0,0,0,0,0,0
2026-10-04T14:02:30Z,productcatalogservice,adservice,0,0,0,0,0,0,0
2026-10-04T14:02:30Z,productcatalogservice,cartservice,0,0,0,0,0,0,0
2026-10-04T14:02:30Z,productcatalogservice,checkoutservice,0,0,0,0,0,0,0
2026-10-04T14:02:30Z,productcatalogservice,currencyservice,0,0,0,0,0,0,0
2026-10-04T14:02:30Z,productcatalogservice,emailservice,0,0,0,0,0,0,0
2026-10-04T14:02:30Z,productcatalogservice,frontend,0,0,0,0,0,0,0
2026-10-04T14:02:30Z,productcatalogservice,kubernetes,0,0,0,0,0,0,0
2026-10-04T14:02:30Z,productcatalogservice,paymentservice,0,0,0,0,0,0,0
2026-10-04T14:02:30Z,productcatalogservice,productcatalogservice,0,0,0,0,0,0,0
2026-10-04T14:02:30Z,productcatalogservice,recommendationservice,0,0,0,0,0,0,0
2026-10-04T14:02:30Z,productcatalogservice,redis-cart,0,0,0,0,0,0,0
2026-10-04T14:02:30Z,productcatalogservice,shippingservice,0,0,0,0,0,0,0
2026-10-04T14:02:30Z,recommendationservice,adservice,0,0,0,0,0,0,0
2026-10-04T14:02:30Z,recommendationservice,cartservice,0,0,0,0,0,0,0
2026-10-04T14:02:30Z,recommendationservice,checkoutservice,0,0,0,0,0,0,0
2026-10-04T14:02:30Z,recommendationservice,currencyservice,0,0,0,0,0,0,0
2026-10-04T14:02:30Z,recommendationservice,emailservice,0,0,0,0,0,0,0
2026-10-04T14:02:30Z,recommendationservice,frontend,0,0,0,0,0,0,0
2026-10-04T14:02:30Z,recommendationservice,kubernetes,0,0,0,0,0,0,0
2026-10-04T14:02:30Z,recommendationservice,paymentservice,0,0,0,0,0,0,0
2026-10-04T14:02:30Z,recommendationservice,productcatalogservice,0,0,0,0,0,0,0
2026-10-04T14:02:30Z,recommendationservice,recommendationservice,0,0,0,0,0,0,0
2026-10-04T14:02:30Z,recommendationservice,redis-cart,0,0,0,0,0,0,0
2026-10-04T14:02:30Z,recommendationservice,shippingservice,0,0,0,0,0,0,0
2026-10-04T14:02:30Z,redis-cart,adservice,0,0,0,0,0,0,0
2026-10-04T14:02:30Z,redis-cart,cartservice,0,0,0,0,0,0,0
2026-10-04T14:02:30Z,redis-cart,checkoutservice,0,0,0,0,0,0,0
2026-10-04T14:02:30Z,redis-cart,currencyservice,0,0,0,0,0,0,0
2026-10-04T14:02:30Z,redis-cart,emailservice,0,0,0,0,0,0,0
2026-10-04T14:02:30Z,redis-cart,frontend,0,0,0,0,0,0,0
2026-10-04T14:02:30Z,redis-cart,kubernetes,0,0,0,0,0,0,0
2026-10-04T14:02:30Z,redis-cart,paymentservice,0,0,0,0,0,0,0
2026-10-04T14:02:30Z,redis-cart,productcatalogservice,0,0,0,0,0,0,0
2026-10-04T14:02:30Z,redis-cart,recommendationservice,0,0,0,0,0,0,0
2026-10-04T14:02:30Z,redis-cart,redis-cart,0,0,0,0,0,0,0
2026-10-04T14:02:30Z,redis-cart,shippingservice,0,0,0,0,0,0,0
2026-10-04T14:02:30Z,shippingservice,adservice,0,0,0,0,0,0,0
2026-10-04T14:02:30Z,shippingservice,cartservice,0,0,0,0,0,0,0
2026-10-04T14:02:30Z,shippingservice,checkoutservice,0,0,0,0,0,0,0
2026-10-04T14:02:30Z,shippingservice,currencyservice,0,0,0,0,0,0,0
2026-10-04T14:02:30Z,shippingservice,emailservice,0,0,0,0,0,0,0
2026-10-04T14:02:30Z,shippingservice,frontend,0,0,0,0,0,0,0
2026-10-04T14:02:30Z,shippingservice,kubernetes,0,0,0,0,0,0,0
2026-10-04T14:02:30Z,shippingservice,paymentservice,0,0,0,0,0,0,0
2026-10-04T14:02:30Z,shippingservice,productcatalogservice,0,0,0,0,0,0,0
2026-10-04T14:02:30Z,shippingservice,recommendationservice,0,0,0,0,0,0,0
2026-10-04T14:02:30Z,shippingservice,redis-cart,0,0,0,0,0,0,0
2026-10-04T14:02:30Z,shippingservice,shippingservice,0,0,0,0,0,0,0
2026-10-04T14:02:31Z,adservice,adservice,0,0,0,0,0,0,0
2026-10-04T14:02:31Z,adservice,cartservice,0,0,0,0,0,0,0
2026-10-04T14:02:31Z,adservice,checkoutservice,0,0,0,0,0,0,0
2026-10-04T14:02:31Z,adservice,currencyservice,0,0,0,0,0,0,0
2026-10-04T14:02:31Z,adservice,emailservice,0,0,0,0,0,0,0
2026-10-04T14:02:31Z,adservice,frontend,0,0,0,0,0,0,0
2026-10-04T14:02:31Z,adservice,kubernetes,0,0,0,0,0,0,0
2026-10-04T14:02:31Z,adservice,paymentservice,0,0,0,0,0,0,0
2026-10-04T14:02:31Z,adservice,productcatalogservice,0,0,0,0,0,0,0
2026-10-04T14:02:31Z,adservice,recommendationservice,0,0,0,0,0,0,0
2026-10-04T14:02:31Z,adservice,redis-cart,0,0,0,0,0,0,0
2026-10-04T14:02:31Z,adservice,shippingservice,0,0,0,0,0,0,0
2026-10-04T14:02:31Z,cartservice,adservice,0,0,0,0,0,0,0
2026-10-04T14:02:31Z,cartservice,cartservice,0,0,0,0,0,0,0
2026-10-04T14:02:31Z,cartservice,checkoutservice,0,0,0,0,0,0,0
2026-10-04T14:02:31Z,cartservice,currencyservice,0,0,0,0,0,0,0
2026-10-04T14:02:31Z,cartservice,emailservice,0,0,0,0,0,0,0
2026-10-04T14:02:31Z,cartservice,frontend,0,0,0,0,0,0,0
2026-10-04T14:02:31Z,cartservice,kubernetes,0,0,0,0,0,0,0
2026-10-04T14:02:31Z,cartservice,paymentservice,0,0,0,0,0,0,0
2026-10-04T14:02:31Z,cartservice,productcatalogservice,0,0,0,0,0,0,0
2026-10-04T14:02:31Z,cartservice,recommendationservice,0,0,0,0,0,0,0
2026-10-04T14:02:31Z,cartservice,redis-cart,2,0,0,0,0,0,0
2026-10-04T14:02:31Z,cartservice,shippingservice,0,0,0,0,0,0,0
2026-10-04T14:02:31Z,checkoutservice,adservice,0,0,0,0,0,0,0
2026-10-04T14:02:31Z,checkoutservice,cartservice,0,0,0,0,0,0,0
2026-10-04T14:02:31Z,checkoutservice,checkoutservice,0,0,0,0,0,0,0
2026-10-04T14:02:31Z,checkoutservice,currencyservice,0,0,0,0,0,0,0
2026-10-04T14:02:31Z,checkoutservice,emailservice,0,0,0,0,0,0,0
2026-10-04T14:02:31Z,checkoutservice,frontend,0,0,0,0,0,0,0
2026-10-04T14:02:31Z,checkoutservice,kubernetes,0,0,0,0,0,0,0
2026-10-04T14:02:31Z,checkoutservice,paymentservice,0,0,0,0,0,0,0
2026-10-04T14:02:31Z,checkoutservice,productcatalogservice,0,0,0,0,0,0,0
2026-10-04T14:02:31Z,checkoutservice,recommendationservice,0,0,0,0,0,0,0
2026-10-04T14:02:31Z,checkoutservice,redis-cart,0,0,0,0,0,0,0
2026-10-04T14:02:31Z,checkoutservice,shippingservice,0,0,0,0,0,0,0
2026-10-04T14:02:31Z,currencyservice,adservice,0,0,0,0,0,0,0
2026-10-04T14:02:31Z,currencyservice,cartservice,0,0,0,0,0,0,0
2026-10-04T14:02:31Z,currencyservice,checkoutservice,0,0,0,0,0,0,0
2026-10-04T14:02:31Z,currencyservice,currencyservice,0,0,0,0,0,0,0
2026-10-04T14:02:31Z,currencyservice,emailservice,0,0,0,0,0,0,0
2026-10-04T14:02:31Z,currencyservice,frontend,0,0,0,0,0,0,0
2026-10-04T14:02:31Z,currencyservice,kubernetes,0,0,0,0,0,0,0
2026-10-04T14:02:31Z,currencyservice,paymentservice,0,0,0,0,0,0,0
2026-10-04T14:02:31Z,currencyservice,productcatalogservice,0,0,0,0,0,0,0
2026-10-04T14:02:31Z,currencyservice,recommendationservice,0,0,0,0,0,0,0
2026-10-04T14:02:31Z,currencyservice,redis-cart,0,0,0,0,0,0,0
2026-10-04T14:02:31Z,currencyservice,shippingservice,0,0,0,0,0,0,0
2026-10-04T14:02:31Z,emailservice,adservice,0,0,0,0,0,0,0
2026-10-04T14:02:31Z,emailservice,cartservice,0,0,0,0,0,0,0
2026-10-04T14:02:31Z,emailservice,checkoutservice,0,0,0,0,0,0,0
2026-10-04T14:02:31Z,emailservice,currencyservice,0,0,0,0,0,0,0
2026-10-04T14:02:31Z,emailservice,emailservice,0,0,0,0,0,0,0
2026-10-04T14:02:31Z,emailservice,frontend,0,0,0,0,0,0,0
2026-10-04T14:02:31Z,emailservice,kubernetes,0,0,0,0,0,0,0
2026-10-04T14:02:31Z,emailservice,paymentservice,0,0,0,0,0,0,0
2026-10-04T14:02:31Z,emailservice,productcatalogservice,0,0,0,0,0,0,0
2026-10-04T14:02:31Z,emailservice,recommendationservice,0,0,0,0,0,0,0
2026-10-04T14:02:31Z,emailservice,redis-cart,0,0,0,0,0,0,0
2026-10-04T14:02:31Z,emailservice,shippingservice,0,0,0,0,0,0,0
2026-10-04T14:02:31Z,frontend,adservice,773781,773779,0,0,0,2334061,773779
2026-10-04T14:02:31Z,frontend,cartservice,1730573,1730561,0,0,4,9624535,1730561
2026-10-04T14:02:31Z,frontend,checkoutservice,354811,173691,0,34332,146696,55608828,173690
2026-10-04T14:02:31Z,frontend,currencyservice,2749584,2749577,0,0,0,14589993,2749577
2026-10-04T14:02:31Z,frontend,emailservice,0,0,0,0,0,0,0
2026-10-04T14:02:31Z,frontend,frontend,0,0,0,0,0,0,0
2026-10-04T14:02:31Z,frontend,kubernetes,0,0,0,0,0,0,0
2026-10-04T14:02:31Z,frontend,paymentservice,0,0,0,0,0,0,0
2026-10-04T14:02:31Z,frontend,productcatalogservice,7676840,7676779,0,0,0,52315430,7676779
2026-10-04T14:02:31Z,frontend,recommendationservice,2523996,1524786,0,104145,892890,769956520,1524786
2026-10-04T14:02:31Z,frontend,redis-cart,0,0,0,0,0,0,0
2026-10-04T14:02:31Z,frontend,shippingservice,283787,283785,0,0,0,858241,283785
2026-10-04T14:02:31Z,paymentservice,adservice,0,0,0,0,0,0,0
2026-10-04T14:02:31Z,paymentservice,cartservice,0,0,0,0,0,0,0
2026-10-04T14:02:31Z,paymentservice,checkoutservice,0,0,0,0,0,0,0
2026-10-04T14:02:31Z,paymentservice,currencyservice,0,0,0,0,0,0,0
2026-10-04T14:02:31Z,paymentservice,emailservice,0,0,0,0,0,0,0
2026-10-04T14:02:31Z,paymentservice,frontend,0,0,0,0,0,0,0
2026-10-04T14:02:31Z,paymentservice,kubernetes,0,0,0,0,0,0,0
2026-10-04T14:02:31Z,paymentservice,paymentservice,0,0,0,0,0,0,0
2026-10-04T14:02:31Z,paymentservice,productcatalogservice,0,0,0,0,0,0,0
2026-10-04T14:02:31Z,paymentservice,recommendationservice,0,0,0,0,0,0,0
2026-10-04T14:02:31Z,paymentservice,redis-cart,0,0,0,0,0,0,0
2026-10-04T14:02:31Z,paymentservice,shippingservice,0,0,0,0,0,0,0
2026-10-04T14:02:31Z,productcatalogservice,adservice,0,0,0,0,0,0,0
2026-10-04T14:02:31Z,productcatalogservice,cartservice,0,0,0,0,0,0,0
2026-10-04T14:02:31Z,productcatalogservice,checkoutservice,0,0,0,0,0,0,0
2026-10-04T14:02:31Z,productcatalogservice,currencyservice,0,0,0,0,0,0,0
2026-10-04T14:02:31Z,productcatalogservice,emailservice,0,0,0,0,0,0,0
2026-10-04T14:02:31Z,productcatalogservice,frontend,0,0,0,0,0,0,0
2026-10-04T14:02:31Z,productcatalogservice,kubernetes,0,0,0,0,0,0,0
2026-10-04T14:02:31Z,productcatalogservice,paymentservice,0,0,0,0,0,0,0
2026-10-04T14:02:31Z,productcatalogservice,productcatalogservice,0,0,0,0,0,0,0
2026-10-04T14:02:31Z,productcatalogservice,recommendationservice,0,0,0,0,0,0,0
2026-10-04T14:02:31Z,productcatalogservice,redis-cart,0,0,0,0,0,0,0
2026-10-04T14:02:31Z,productcatalogservice,shippingservice,0,0,0,0,0,0,0
2026-10-04T14:02:31Z,recommendationservice,adservice,0,0,0,0,0,0,0
2026-10-04T14:02:31Z,recommendationservice,cartservice,0,0,0,0,0,0,0
2026-10-04T14:02:31Z,recommendationservice,checkoutservice,0,0,0,0,0,0,0
2026-10-04T14:02:31Z,recommendationservice,currencyservice,0,0,0,0,0,0,0
2026-10-04T14:02:31Z,recommendationservice,emailservice,0,0,0,0,0,0,0
2026-10-04T14:02:31Z,recommendationservice,frontend,0,0,0,0,0,0,0
2026-10-04T14:02:31Z,recommendationservice,kubernetes,0,0,0,0,0,0,0
2026-10-04T14:02:31Z,recommendationservice,paymentservice,0,0,0,0,0,0,0
2026-10-04T14:02:31Z,recommendationservice,productcatalogservice,0,0,0,0,0,0,0
2026-10-04T14:02:31Z,recommendationservice,recommendationservice,0,0,0,0,0,0,0
2026-10-04T14:02:31Z,recommendationservice,redis-cart,0,0,0,0,0,0,0
2026-10-04T14:02:31Z,recommendationservice,shippingservice,0,0,0,0,0,0,0
2026-10-04T14:02:31Z,redis-cart,adservice,0,0,0,0,0,0,0
2026-10-04T14:02:31Z,redis-cart,cartservice,0,0,0,0,0,0,0
2026-10-04T14:02:31Z,redis-cart,checkoutservice,0,0,0,0,0,0,0
2026-10-04T14:02:31Z,redis-cart,currencyservice,0,0,0,0,0,0,0
2026-10-04T14:02:31Z,redis-cart,emailservice,0,0,0,0,0,0,0
2026-10-04T14:02:31Z,redis-cart,frontend,0,0,0,0,0,0,0
2026-10-04T14:02:31Z,redis-cart,kubernetes,0,0,0,0,0,0,0
2026-10-04T14:02:31Z,redis-cart,paymentservice,0,0,0,0,0,0,0
2026-10-04T14:02:31Z,redis-cart,productcatalogservice,0,0,0,0,0,0,0
2026-10-04T14:02:31Z,redis-cart,recommendationservice,0,0,0,0,0,0,0
2026-10-04T14:02:31Z,redis-cart,redis-cart,0,0,0,0,0,0,0
2026-10-04T14:02:31Z,redis-cart,shippingservice,0,0,0,0,0,0,0
2026-10-04T14:02:31Z,shippingservice,adservice,0,0,0,0,0,0,0
2026-10-04T14:02:31Z,shippingservice,cartservice,0,0,0,0,0,0,0
2026-10-04T14:02:31Z,shippingservice,checkoutservice,0,0,0,0,0,0,0
2026-10-04T14:02:31Z,shippingservice,currencyservice,0,0,0,0,0,0,0
2026-10-04T14:02:31Z,shippingservice,emailservice,0,0,0,0,0,0,0
2026-10-04T14:02:31Z,shippingservice,frontend,0,0,0,0,0,0,0
2026-10-04T14:02:31Z,shippingservice,kubernetes,0,0,0,0,0,0,0
2026-10-04T14:02:31Z,shippingservice,paymentservice,0,0,0,0,0,0,0
2026-10-04T14:02:31Z,shippingservice,productcatalogservice,0,0,0,0,0,0,0
2026-10-04T14:02:31Z,shippingservice,recommendationservice,0,0,0,0,0,0,0
2026-10-04T14:02:31Z,shippingservice,redis-cart,0,0,0,0,0,0,0
2026-10-04T14:02:31Z,shippingservice,shippingservice,0,0,0,0,0,0,0
2026-10-04T14:02:32Z,adservice,adservice,0,0,0,0,0,0,0
2026-10-04T14:02:32Z,adservice,cartservice,0,0,0,0,0,0,0
2026-10-04T14:02:32Z,adservice,checkoutservice,0,0,0,0,0,0,0
2026-10-04T14:02:32Z,adservice,currencyservice,0,0,0,0,0,0,0
2026-10-04T14:02:32Z,adservice,emailservice,0,0,0,0,0,0,0
2026-10-04T14:02:32Z,adservice,frontend,0,0,0,0,0,0,0
2026-10-04T14:02:32Z,adservice,kubernetes,0,0,0,0,0,0,0
2026-10-04T14:02:32Z,adservice,paymentservice,0,0,0,0,0,0,0
2026-10-04T14:02:32Z,adservice,productcatalogservice,0,0,0,0,0,0,0
2026-10-04T14:02:32Z,adservice,recommendationservice,0,0,0,0,0,0,0
2026-10-04T14:02:32Z,adservice,redis-cart,0,0,0,0,0,0,0
2026-10-04T14:02:32Z,adservice,shippingservice,0,0,0,0,0,0,0
2026-10-04T14:02:32Z,cartservice,adservice,0,0,0,0,0,0,0
2026-10-04T14:02:32Z,cartservice,cartservice,0,0,0,0,0,0,0
2026-10-04T14:02:32Z,cartservice,checkoutservice,0,0,0,0,0,0,0
2026-10-04T14:02:32Z,cartservice,currencyservice,0,0,0,0,0,0,0
2026-10-04T14:02:32Z,cartservice,emailservice,0,0,0,0,0,0,0
2026-10-04T14:02:32Z,cartservice,frontend,0,0,0,0,0,0,0
2026-10-04T14:02:32Z,cartservice,kubernetes,0,0,0,0,0,0,0
2026-10-04T14:02:32Z,cartservice,paymentservice,0,0,0,0,0,0,0
2026-10-04T14:02:32Z,cartservice,productcatalogservice,0,0,0,0,0,0,0
2026-10-04T14:02:32Z,cartservice,recommendationservice,0,0,0,0,0,0,0
2026-10-04T14:02:32Z,cartservice,redis-cart,2,0,0,0,0,0,0
2026-10-04T14:02:32Z,cartservice,shippingservice,0,0,0,0,0,0,0
2026-10-04T14:02:32Z,checkoutservice,adservice,0,0,0,0,0,0,0
2026-10-04T14:02:32Z,checkoutservice,cartservice,0,0,0,0,0,0,0
2026-10-04T14:02:32Z,checkoutservice,checkoutservice,0,0,0,0,0,0,0
2026-10-04T14:02:32Z,checkoutservice,currencyservice,0,0,0,0,0,0,0
2026-10-04T14:02:32Z,checkoutservice,emailservice,0,0,0,0,0,0,0
2026-10-04T14:02:32Z,checkoutservice,frontend,0,0,0,0,0,0,0
2026-10-04T14:02:32Z,checkoutservice,kubernetes,0,0,0,0,0,0,0
2026-10-04T14:02:32Z,checkoutservice,paymentservice,0,0,0,0,0,0,0
2026-10-04T14:02:32Z,checkoutservice,productcatalogservice,0,0,0,0,0,0,0
2026-10-04T14:02:32Z,checkoutservice,recommendationservice,0,0,0,0,0,0,0
2026-10-04T14:02:32Z,checkoutservice,redis-cart,0,0,0,0,0,0,0
2026-10-04T14:02:32Z,checkoutservice,shippingservice,0,0,0,0,0,0,0
2026-10-04T14:02:32Z,currencyservice,adservice,0,0,0,0,0,0,0
2026-10-04T14:02:32Z,currencyservice,cartservice,0,0,0,0,0,0,0
2026-10-04T14:02:32Z,currencyservice,checkoutservice,0,0,0,0,0,0,0
2026-10-04T14:02:32Z,currencyservice,currencyservice,0,0,0,0,0,0,0
2026-10-04T14:02:32Z,currencyservice,emailservice,0,0,0,0,0,0,0
2026-10-04T14:02:32Z,currencyservice,frontend,0,0,0,0,0,0,0
2026-10-04T14:02:32Z,currencyservice,kubernetes,0,0,0,0,0,0,0
2026-10-04T14:02:32Z,currencyservice,paymentservice,0,0,0,0,0,0,0
2026-10-04T14:02:32Z,currencyservice,productcatalogservice,0,0,0,0,0,0,0
2026-10-04T14:02:32Z,currencyservice,recommendationservice,0,0,0,0,0,0,0
2026-10-04T14:02:32Z,currencyservice,redis-cart,0,0,0,0,0,0,0
2026-10-04T14:02:32Z,currencyservice,shippingservice,0,0,0,0,0,0,0
2026-10-04T14:02:32Z,emailservice,adservice,0,0,0,0,0,0,0
2026-10-04T14:02:32Z,emailservice,cartservice,0,0,0,0,0,0,0
2026-10-04T14:02:32Z,emailservice,checkoutservice,0,0,0,0,0,0,0
2026-10-04T14:02:32Z,emailservice,currencyservice,0,0,0,0,0,0,0
2026-10-04T14:02:32Z,emailservice,emailservice,0,0,0,0,0,0,0
2026-10-04T14:02:32Z,emailservice,frontend,0,0,0,0,0,0,0
2026-10-04T14:02:32Z,emailservice,kubernetes,0,0,0,0,0,0,0
2026-10-04T14:02:32Z,emailservice,paymentservice,0,0,0,0,0,0,0
2026-10-04T14:02:32Z,emailservice,productcatalogservice,0,0,0,0,0,0,0
2026-10-04T14:02:32Z,emailservice,recommendationservice,0,0,0,0,0,0,0
2026-10-04T14:02:32Z,emailservice,redis-cart,0,0,0,0,0,0,0
2026-10-04T14:02:32Z,emailservice,shippingservice,0,0,0,0,0,0,0
2026-10-04T14:02:32Z,frontend,adservice,773781,773779,0,0,0,2334061,773779
2026-10-04T14:02:32Z,frontend,cartservice,1730573,1730561,0,0,4,9624535,1730561
2026-10-04T14:02:32Z,frontend,checkoutservice,354811,173691,0,34332,146696,55608828,173690
2026-10-04T14:02:32Z,frontend,currencyservice,2749584,2749577,0,0,0,14589993,2749577
2026-10-04T14:02:32Z,frontend,emailservice,0,0,0,0,0,0,0
2026-10-04T14:02:32Z,frontend,frontend,0,0,0,0,0,0,0
2026-10-04T14:02:32Z,frontend,kubernetes,0,0,0,0,0,0,0
2026-10-04T14:02:32Z,frontend,paymentservice,0,0,0,0,0,0,0
2026-10-04T14:02:32Z,frontend,productcatalogservice,7676840,7676779,0,0,0,52315430,7676779
2026-10-04T14:02:32Z,frontend,recommendationservice,2523996,1524786,0,104145,892890,769956520,1524786
2026-10-04T14:02:32Z,frontend,redis-cart,0,0,0,0,0,0,0
2026-10-04T14:02:32Z,frontend,shippingservice,283787,283785,0,0,0,858241,283785
2026-10-04T14:02:32Z,paymentservice,adservice,0,0,0,0,0,0,0
2026-10-04T14:02:32Z,paymentservice,cartservice,0,0,0,0,0,0,0
2026-10-04T14:02:32Z,paymentservice,checkoutservice,0,0,0,0,0,0,0
2026-10-04T14:02:32Z,paymentservice,currencyservice,0,0,0,0,0,0,0
2026-10-04T14:02:32Z,paymentservice,emailservice,0,0,0,0,0,0,0
2026-10-04T14:02:32Z,paymentservice,frontend,0,0,0,0,0,0,0
2026-10-04T14:02:32Z,paymentservice,kubernetes,0,0,0,0,0,0,0
2026-10-04T14:02:32Z,paymentservice,paymentservice,0,0,0,0,0,0,0
2026-10-04T14:02:32Z,paymentservice,productcatalogservice,0,0,0,0,0,0,0
2026-10-04T14:02:32Z,paymentservice,recommendationservice,0,0,0,0,0,0,0
2026-10-04T14:02:32Z,paymentservice,redis-cart,0,0,0,0,0,0,0
2026-10-04T14:02:32Z,paymentservice,shippingservice,0,0,0,0,0,0,0
2026-10-04T14:02:32Z,productcatalogservice,adservice,0,0,0,0,0,0,0
2026-10-04T14:02:32Z,productcatalogservice,cartservice,0,0,0,0,0,0,0
2026-10-04T14:02:32Z,productcatalogservice,checkoutservice,0,0,0,0,0,0,0
2026-10-04T14:02:32Z,productcatalogservice,currencyservice,0,0,0,0,0,0,0
2026-10-04T14:02:32Z,productcatalogservice,emailservice,0,0,0,0,0,0,0
2026-10-04T14:02:32Z,productcatalogservice,frontend,0,0,0,0,0,0,0
2026-10-04T14:02:32Z,productcatalogservice,kubernetes,0,0,0,0,0,0,0
2026-10-04T14:02:32Z,productcatalogservice,paymentservice,0,0,0,0,0,0,0
2026-10-04T14:02:32Z,productcatalogservice,productcatalogservice,0,0,0,0,0,0,0
2026-10-04T14:02:32Z,productcatalogservice,recommendationservice,0,0,0,0,0,0,0
2026-10-04T14:02:32Z,productcatalogservice,redis-cart,0,0,0,0,0,0,0
2026-10-04T14:02:32Z,productcatalogservice,shippingservice,0,0,0,0,0,0,0
2026-10-04T14:02:32Z,recommendationservice,adservice,0,0,0,0,0,0,0
2026-10-04T14:02:32Z,recommendationservice,cartservice,0,0,0,0,0,0,0
2026-10-04T14:02:32Z,recommendationservice,checkoutservice,0,0,0,0,0,0,0
2026-10-04T14:02:32Z,recommendationservice,currencyservice,0,0,0,0,0,0,0
2026-10-04T14:02:32Z,recommendationservice,emailservice,0,0,0,0,0,0,0
2026-10-04T14:02:32Z,recommendationservice,frontend,0,0,0,0,0,0,0
2026-10-04T14:02:32Z,recommendationservice,kubernetes,0,0,0,0,0,0,0
2026-10-04T14:02:32Z,recommendationservice,paymentservice,0,0,0,0,0,0,0
2026-10-04T14:02:32Z,recommendationservice,productcatalogservice,0,0,0,0,0,0,0
2026-10-04T14:02:32Z,recommendationservice,recommendationservice,0,0,0,0,0,0,0
2026-10-04T14:02:32Z,recommendationservice,redis-cart,0,0,0,0,0,0,0
2026-10-04T14:02:32Z,recommendationservice,shippingservice,0,0,0,0,0,0,0
2026-10-04T14:02:32Z,redis-cart,adservice,0,0,0,0,0,0,0
2026-10-04T14:02:32Z,redis-cart,cartservice,0,0,0,0,0,0,0
2026-10-04T14:02:32Z,redis-cart,checkoutservice,0,0,0,0,0,0,0
2026-10-04T14:02:32Z,redis-cart,currencyservice,0,0,0,0,0,0,0
2026-10-04T14:02:32Z,redis-cart,emailservice,0,0,0,0,0,0,0
2026-10-04T14:02:32Z,redis-cart,frontend,0,0,0,0,0,0,0
2026-10-04T14:02:32Z,redis-cart,kubernetes,0,0,0,0,0,0,0
2026-10-04T14:02:32Z,redis-cart,paymentservice,0,0,0,0,0,0,0
2026-10-04T14:02:32Z,redis-cart,productcatalogservice,0,0,0,0,0,0,0
2026-10-04T14:02:32Z,redis-cart,recommendationservice,0,0,0,0,0,0,0
2026-10-04T14:02:32Z,redis-cart,redis-cart,0,0,0,0,0,0,0
2026-10-04T14:02:32Z,redis-cart,shippingservice,0,0,0,0,0,0,0
2026-10-04T14:02:32Z,shippingservice,adservice,0,0,0,0,0,0,0
2026-10-04T14:02:32Z,shippingservice,cartservice,0,0,0,0,0,0,0
2026-10-04T14:02:32Z,shippingservice,checkoutservice,0,0,0,0,0,0,0
2026-10-04T14:02:32Z,shippingservice,currencyservice,0,0,0,0,0,0,0
2026-10-04T14:02:32Z,shippingservice,emailservice,0,0,0,0,0,0,0
2026-10-04T14:02:32Z,shippingservice,frontend,0,0,0,0,0,0,0
2026-10-04T14:02:32Z,shippingservice,kubernetes,0,0,0,0,0,0,0
2026-10-04T14:02:32Z,shippingservice,paymentservice,0,0,0,0,0,0,0
2026-10-04T14:02:32Z,shippingservice,productcatalogservice,0,0,0,0,0,0,0
2026-10-04T14:02:32Z,shippingservice,recommendationservice,0,0,0,0,0,0,0
2026-10-04T14:02:32Z,shippingservice,redis-cart,0,0,0,0,0,0,0
2026-10-04T14:02:32Z,shippingservice,shippingservice,0,0,0,0,0,0,0
2026-10-04T14:02:33Z,adservice,adservice,0,0,0,0,0,0,0
2026-10-04T14:02:33Z,adservice,cartservice,0,0,0,0,0,0,0
2026-10-04T14:02:33Z,adservice,checkoutservice,0,0,0,0,0,0,0
2026-10-04T14:02:33Z,adservice,currencyservice,0,0,0,0,0,0,0
2026-10-04T14:02:33Z,adservice,emailservice,0,0,0,0,0,0,0
2026-10-04T14:02:33Z,adservice,frontend,0,0,0,0,0,0,0
2026-10-04T14:02:33Z,adservice,kubernetes,0,0,0,0,0,0,0
2026-10-04T14:02:33Z,adservice,paymentservice,0,0,0,0,0,0,0
2026-10-04T14:02:33Z,adservice,productcatalogservice,0,0,0,0,0,0,0
2026-10-04T14:02:33Z,adservice,recommendationservice,0,0,0,0,0,0,0
2026-10-04T14:02:33Z,adservice,redis-cart,0,0,0,0,0,0,0
2026-10-04T14:02:33Z,adservice,shippingservice,0,0,0,0,0,0,0
2026-10-04T14:02:33Z,cartservice,adservice,0,0,0,0,0,0,0
2026-10-04T14:02:33Z,cartservice,cartservice,0,0,0,0,0,0,0
2026-10-04T14:02:33Z,cartservice,checkoutservice,0,0,0,0,0,0,0
2026-10-04T14:02:33Z,cartservice,currencyservice,0,0,0,0,0,0,0
2026-10-04T14:02:33Z,cartservice,emailservice,0,0,0,0,0,0,0
2026-10-04T14:02:33Z,cartservice,frontend,0,0,0,0,0,0,0
2026-10-04T14:02:33Z,cartservice,kubernetes,0,0,0,0,0,0,0
2026-10-04T14:02:33Z,cartservice,paymentservice,0,0,0,0,0,0,0
2026-10-04T14:02:33Z,cartservice,productcatalogservice,0,0,0,0,0,0,0
2026-10-04T14:02:33Z,cartservice,recommendationservice,0,0,0,0,0,0,0
2026-10-04T14:02:33Z,cartservice,redis-cart,2,0,0,0,0,0,0
2026-10-04T14:02:33Z,cartservice,shippingservice,0,0,0,0,0,0,0
2026-10-04T14:02:33Z,checkoutservice,adservice,0,0,0,0,0,0,0
2026-10-04T14:02:33Z,checkoutservice,cartservice,0,0,0,0,0,0,0
2026-10-04T14:02:33Z,checkoutservice,checkoutservice,0,0,0,0,0,0,0
2026-10-04T14:02:33Z,checkoutservice,currencyservice,0,0,0,0,0,0,0
2026-10-04T14:02:33Z,checkoutservice,emailservice,0,0,0,0,0,0,0
2026-10-04T14:02:33Z,checkoutservice,frontend,0,0,0,0,0,0,0
2026-10-04T14:02:33Z,checkoutservice,kubernetes,0,0,0,0,0,0,0
2026-10-04T14:02:33Z,checkoutservice,paymentservice,0,0,0,0,0,0,0
2026-10-04T14:02:33Z,checkoutservice,productcatalogservice,0,0,0,0,0,0,0
2026-10-04T14:02:33Z,checkoutservice,recommendationservice,0,0,0,0,0,0,0
2026-10-04T14:02:33Z,checkoutservice,redis-cart,0,0,0,0,0,0,0
2026-10-04T14:02:33Z,checkoutservice,shippingservice,0,0,0,0,0,0,0
2026-10-04T14:02:33Z,currencyservice,adservice,0,0,0,0,0,0,0
2026-10-04T14:02:33Z,currencyservice,cartservice,0,0,0,0,0,0,0
2026-10-04T14:02:33Z,currencyservice,checkoutservice,0,0,0,0,0,0,0
2026-10-04T14:02:33Z,currencyservice,currencyservice,0,0,0,0,0,0,0
2026-10-04T14:02:33Z,currencyservice,emailservice,0,0,0,0,0,0,0
2026-10-04T14:02:33Z,currencyservice,frontend,0,0,0,0,0,0,0
2026-10-04T14:02:33Z,currencyservice,kubernetes,0,0,0,0,0,0,0
2026-10-04T14:02:33Z,currencyservice,paymentservice,0,0,0,0,0,0,0
2026-10-04T14:02:33Z,currencyservice,productcatalogservice,0,0,0,0,0,0,0
2026-10-04T14:02:33Z,currencyservice,recommendationservice,0,0,0,0,0,0,0
2026-10-04T14:02:33Z,currencyservice,redis-cart,0,0,0,0,0,0,0
2026-10-04T14:02:33Z,currencyservice,shippingservice,0,0,0,0,0,0,0
2026-10-04T14:02:33Z,emailservice,adservice,0,0,0,0,0,0,0
2026-10-04T14:02:33Z,emailservice,cartservice,0,0,0,0,0,0,0
2026-10-04T14:02:33Z,emailservice,checkoutservice,0,0,0,0,0,0,0
2026-10-04T14:02:33Z,emailservice,currencyservice,0,0,0,0,0,0,0
2026-10-04T14:02:33Z,emailservice,emailservice,0,0,0,0,0,0,0
2026-10-04T14:02:33Z,emailservice,frontend,0,0,0,0,0,0,0
2026-10-04T14:02:33Z,emailservice,kubernetes,0,0,0,0,0,0,0
2026-10-04T14:02:33Z,emailservice,paymentservice,0,0,0,0,0,0,0
2026-10-04T14:02:33Z,emailservice,productcatalogservice,0,0,0,0,0,0,0
2026-10-04T14:02:33Z,emailservice,recommendationservice,0,0,0,0,0,0,0
2026-10-04T14:02:33Z,emailservice,redis-cart,0,0,0,0,0,0,0
2026-10-04T14:02:33Z,emailservice,shippingservice,0,0,0,0,0,0,0
2026-10-04T14:02:33Z,frontend,adservice,773781,773779,0,0,0,2334061,773779
2026-10-04T14:02:33Z,frontend,cartservice,1730573,1730561,0,0,4,9624535,1730561
2026-10-04T14:02:33Z,frontend,checkoutservice,354811,173691,0,34332,146696,55608828,173690
2026-10-04T14:02:33Z,frontend,currencyservice,2749584,2749577,0,0,0,14589993,2749577
2026-10-04T14:02:33Z,frontend,emailservice,0,0,0,0,0,0,0
2026-10-04T14:02:33Z,frontend,frontend,0,0,0,0,0,0,0
2026-10-04T14:02:33Z,frontend,kubernetes,0,0,0,0,0,0,0
2026-10-04T14:02:33Z,frontend,paymentservice,0,0,0,0,0,0,0
2026-10-04T14:02:33Z,frontend,productcatalogservice,7676840,7676779,0,0,0,52315430,7676779
2026-10-04T14:02:33Z,frontend,recommendationservice,2523996,1524786,0,104145,892890,769956520,1524786
2026-10-04T14:02:33Z,frontend,redis-cart,0,0,0,0,0,0,0
2026-10-04T14:02:33Z,frontend,shippingservice,283787,283785,0,0,0,858241,283785
2026-10-04T14:02:33Z,paymentservice,adservice,0,0,0,0,0,0,0
2026-10-04T14:02:33Z,paymentservice,cartservice,0,0,0,0,0,0,0
2026-10-04T14:02:33Z,paymentservice,checkoutservice,0,0,0,0,0,0,0
2026-10-04T14:02:33Z,paymentservice,currencyservice,0,0,0,0,0,0,0
2026-10-04T14:02:33Z,paymentservice,emailservice,0,0,0,0,0,0,0
2026-10-04T14:02:33Z,paymentservice,frontend,0,0,0,0,0,0,0
2026-10-04T14:02:33Z,paymentservice,kubernetes,0,0,0,0,0,0,0
2026-10-04T14:02:33Z,paymentservice,paymentservice,0,0,0,0,0,0,0
2026-10-04T14:02:33Z,paymentservice,productcatalogservice,0,0,0,0,0,0,0
2026-10-04T14:02:33Z,paymentservice,recommendationservice,0,0,0,0,0,0,0
2026-10-04T14:02:33Z,paymentservice,redis-cart,0,0,0,0,0,0,0
2026-10-04T14:02:33Z,paymentservice,shippingservice,0,0,0,0,0,0,0
2026-10-04T14:02:33Z,productcatalogservice,adservice,0,0,0,0,0,0,0
2026-10-04T14:02:33Z,productcatalogservice,cartservice,0,0,0,0,0,0,0
2026-10-04T14:02:33Z,productcatalogservice,checkoutservice,0,0,0,0,0,0,0
2026-10-04T14:02:33Z,productcatalogservice,currencyservice,0,0,0,0,0,0,0
2026-10-04T14:02:33Z,productcatalogservice,emailservice,0,0,0,0,0,0,0
2026-10-04T14:02:33Z,productcatalogservice,frontend,0,0,0,0,0,0,0
2026-10-04T14:02:33Z,productcatalogservice,kubernetes,0,0,0,0,0,0,0
2026-10-04T14:02:33Z,productcatalogservice,paymentservice,0,0,0,0,0,0,0
2026-10-04T14:02:33Z,productcatalogservice,productcatalogservice,0,0,0,0,0,0,0
2026-10-04T14:02:33Z,productcatalogservice,recommendationservice,0,0,0,0,0,0,0
2026-10-04T14:02:33Z,productcatalogservice,redis-cart,0,0,0,0,0,0,0
2026-10-04T14:02:33Z,productcatalogservice,shippingservice,0,0,0,0,0,0,0
2026-10-04T14:02:33Z,recommendationservice,adservice,0,0,0,0,0,0,0
2026-10-04T14:02:33Z,recommendationservice,cartservice,0,0,0,0,0,0,0
2026-10-04T14:02:33Z,recommendationservice,checkoutservice,0,0,0,0,0,0,0
2026-10-04T14:02:33Z,recommendationservice,currencyservice,0,0,0,0,0,0,0
2026-10-04T14:02:33Z,recommendationservice,emailservice,0,0,0,0,0,0,0
2026-10-04T14:02:33Z,recommendationservice,frontend,0,0,0,0,0,0,0
2026-10-04T14:02:33Z,recommendationservice,kubernetes,0,0,0,0,0,0,0
2026-10-04T14:02:33Z,recommendationservice,paymentservice,0,0,0,0,0,0,0
2026-10-04T14:02:33Z,recommendationservice,productcatalogservice,0,0,0,0,0,0,0
2026-10-04T14:02:33Z,recommendationservice,recommendationservice,0,0,0,0,0,0,0
2026-10-04T14:02:33Z,recommendationservice,redis-cart,0,0,0,0,0,0,0
2026-10-04T14:02:33Z,recommendationservice,shippingservice,0,0,0,0,0,0,0
2026-10-04T14:02:33Z,redis-cart,adservice,0,0,0,0,0,0,0
2026-10-04T14:02:33Z,redis-cart,cartservice,0,0,0,0,0,0,0
2026-10-04T14:02:33Z,redis-cart,checkoutservice,0,0,0,0,0,0,0
2026-10-04T14:02:33Z,redis-cart,currencyservice,0,0,0,0,0,0,0
2026-10-04T14:02:33Z,redis-cart,emailservice,0,0,0,0,0,0,0
2026-10-04T14:02:33Z,redis-cart,frontend,0,0,0,0,0,0,0
2026-10-04T14:02:33Z,redis-cart,kubernetes,0,0,0,0,0,0,0
2026-10-04T14:02:33Z,redis-cart,paymentservice,0,0,0,0,0,0,0
2026-10-04T14:02:33Z,redis-cart,productcatalogservice,0,0,0,0,0,0,0
2026-10-04T14:02:33Z,redis-cart,recommendationservice,0,0,0,0,0,0,0
2026-10-04T14:02:33Z,redis-cart,redis-cart,0,0,0,0,0,0,0
2026-10-04T14:02:33Z,redis-cart,shippingservice,0,0,0,0,0,0,0
2026-10-04T14:02:33Z,shippingservice,adservice,0,0,0,0,0,0,0
2026-10-04T14:02:33Z,shippingservice,cartservice,0,0,0,0,0,0,0
2026-10-04T14:02:33Z,shippingservice,checkoutservice,0,0,0,0,0,0,0
2026-10-04T14:02:33Z,shippingservice,currencyservice,0,0,0,0,0,0,0
2026-10-04T14:02:33Z,shippingservice,emailservice,0,0,0,0,0,0,0
2026-10-04T14:02:33Z,shippingservice,frontend,0,0,0,0,0,0,0
2026-10-04T14:02:33Z,shippingservice,kubernetes,0,0,0,0,0,0,0
2026-10-04T14:02:33Z,shippingservice,paymentservice,0,0,0,0,0,0,0
2026-10-04T14:02:33Z,shippingservice,productcatalogservice,0,0,0,0,0,0,0
2026-10-04T14:02:33Z,shippingservice,recommendationservice,0,0,0,0,0,0,0
2026-10-04T14:02:33Z,shippingservice,redis-cart,0,0,0,0,0,0,0
2026-10-04T14:02:33Z,shippingservice,shippingservice,0,0,0,0,0,0,0
2026-10-04T14:02:34Z,adservice,adservice,0,0,0,0,0,0,0
2026-10-04T14:02:34Z,adservice,cartservice,0,0,0,0,0,0,0
2026-10-04T14:02:34Z,adservice,checkoutservice,0,0,0,0,0,0,0
2026-10-04T14:02:34Z,adservice,currencyservice,0,0,0,0,0,0,0
2026-10-04T14:02:34Z,adservice,emailservice,0,0,0,0,0,0,0
2026-10-04T14:02:34Z,adservice,frontend,0,0,0,0,0,0,0
2026-10-04T14:02:34Z,adservice,kubernetes,0,0,0,0,0,0,0
2026-10-04T14:02:34Z,adservice,paymentservice,0,0,0,0,0,0,0
2026-10-04T14:02:34Z,adservice,productcatalogservice,0,0,0,0,0,0,0
2026-10-04T14:02:34Z,adservice,recommendationservice,0,0,0,0,0,0,0
2026-10-04T14:02:34Z,adservice,redis-cart,0,0,0,0,0,0,0
2026-10-04T14:02:34Z,adservice,shippingservice,0,0,0,0,0,0,0
2026-10-04T14:02:34Z,cartservice,adservice,0,0,0,0,0,0,0
2026-10-04T14:02:34Z,cartservice,cartservice,0,0,0,0,0,0,0
2026-10-04T14:02:34Z,cartservice,checkoutservice,0,0,0,0,0,0,0
2026-10-04T14:02:34Z,cartservice,currencyservice,0,0,0,0,0,0,0
2026-10-04T14:02:34Z,cartservice,emailservice,0,0,0,0,0,0,0
2026-10-04T14:02:34Z,cartservice,frontend,0,0,0,0,0,0,0
2026-10-04T14:02:34Z,cartservice,kubernetes,0,0,0,0,0,0,0
2026-10-04T14:02:34Z,cartservice,paymentservice,0,0,0,0,0,0,0
2026-10-04T14:02:34Z,cartservice,productcatalogservice,0,0,0,0,0,0,0
2026-10-04T14:02:34Z,cartservice,recommendationservice,0,0,0,0,0,0,0
2026-10-04T14:02:34Z,cartservice,redis-cart,2,0,0,0,0,0,0
2026-10-04T14:02:34Z,cartservice,shippingservice,0,0,0,0,0,0,0
2026-10-04T14:02:34Z,checkoutservice,adservice,0,0,0,0,0,0,0
2026-10-04T14:02:34Z,checkoutservice,cartservice,0,0,0,0,0,0,0
2026-10-04T14:02:34Z,checkoutservice,checkoutservice,0,0,0,0,0,0,0
2026-10-04T14:02:34Z,checkoutservice,currencyservice,0,0,0,0,0,0,0
2026-10-04T14:02:34Z,checkoutservice,emailservice,0,0,0,0,0,0,0
2026-10-04T14:02:34Z,checkoutservice,frontend,0,0,0,0,0,0,0
2026-10-04T14:02:34Z,checkoutservice,kubernetes,0,0,0,0,0,0,0
2026-10-04T14:02:34Z,checkoutservice,paymentservice,0,0,0,0,0,0,0
2026-10-04T14:02:34Z,checkoutservice,productcatalogservice,0,0,0,0,0,0,0
2026-10-04T14:02:34Z,checkoutservice,recommendationservice,0,0,0,0,0,0,0
2026-10-04T14:02:34Z,checkoutservice,redis-cart,0,0,0,0,0,0,0
2026-10-04T14:02:34Z,checkoutservice,shippingservice,0,0,0,0,0,0,0
2026-10-04T14:02:34Z,currencyservice,adservice,0,0,0,0,0,0,0
2026-10-04T14:02:34Z,currencyservice,cartservice,0,0,0,0,0,0,0
2026-10-04T14:02:34Z,currencyservice,checkoutservice,0,0,0,0,0,0,0
2026-10-04T14:02:34Z,currencyservice,currencyservice,0,0,0,0,0,0,0
2026-10-04T14:02:34Z,currencyservice,emailservice,0,0,0,0,0,0,0
2026-10-04T14:02:34Z,currencyservice,frontend,0,0,0,0,0,0,0
2026-10-04T14:02:34Z,currencyservice,kubernetes,0,0,0,0,0,0,0
2026-10-04T14:02:34Z,currencyservice,paymentservice,0,0,0,0,0,0,0
2026-10-04T14:02:34Z,currencyservice,productcatalogservice,0,0,0,0,0,0,0
2026-10-04T14:02:34Z,currencyservice,recommendationservice,0,0,0,0,0,0,0
2026-10-04T14:02:34Z,currencyservice,redis-cart,0,0,0,0,0,0,0
2026-10-04T14:02:34Z,currencyservice,shippingservice,0,0,0,0,0,0,0
2026-10-04T14:02:34Z,emailservice,adservice,0,0,0,0,0,0,0
2026-10-04T14:02:34Z,emailservice,cartservice,0,0,0,0,0,0,0
2026-10-04T14:02:34Z,emailservice,checkoutservice,0,0,0,0,0,0,0
2026-10-04T14:02:34Z,emailservice,currencyservice,0,0,0,0,0,0,0
2026-10-04T14:02:34Z,emailservice,emailservice,0,0,0,0,0,0,0
2026-10-04T14:02:34Z,emailservice,frontend,0,0,0,0,0,0,0
2026-10-04T14:02:34Z,emailservice,kubernetes,0,0,0,0,0,0,0
2026-10-04T14:02:34Z,emailservice,paymentservice,0,0,0,0,0,0,0
2026-10-04T14:02:34Z,emailservice,productcatalogservice,0,0,0,0,0,0,0
2026-10-04T14:02:34Z,emailservice,recommendationservice,0,0,0,0,0,0,0
2026-10-04T14:02:34Z,emailservice,redis-cart,0,0,0,0,0,0,0
2026-10-04T14:02:34Z,emailservice,shippingservice,0,0,0,0,0,0,0
2026-10-04T14:02:34Z,frontend,adservice,773781,773779,0,0,0,2334061,773779
2026-10-04T14:02:34Z,frontend,cartservice,1730573,1730561,0,0,4,9624535,1730561
2026-10-04T14:02:34Z,frontend,checkoutservice,354811,173691,0,34332,146696,55608828,173690
2026-10-04T14:02:34Z,frontend,currencyservice,2749584,2749577,0,0,0,14589993,2749577
2026-10-04T14:02:34Z,frontend,emailservice,0,0,0,0,0,0,0
2026-10-04T14:02:34Z,frontend,frontend,0,0,0,0,0,0,0
2026-10-04T14:02:34Z,frontend,kubernetes,0,0,0,0,0,0,0
2026-10-04T14:02:34Z,frontend,paymentservice,0,0,0,0,0,0,0
2026-10-04T14:02:34Z,frontend,productcatalogservice,7676840,7676779,0,0,0,52315430,7676779
2026-10-04T14:02:34Z,frontend,recommendationservice,2523996,1524786,0,104145,892890,769956520,1524786
2026-10-04T14:02:34Z,frontend,redis-cart,0,0,0,0,0,0,0
2026-10-04T14:02:34Z,frontend,shippingservice,283787,283785,0,0,0,858241,283785
2026-10-04T14:02:34Z,paymentservice,adservice,0,0,0,0,0,0,0
2026-10-04T14:02:34Z,paymentservice,cartservice,0,0,0,0,0,0,0
2026-10-04T14:02:34Z,paymentservice,checkoutservice,0,0,0,0,0,0,0
2026-10-04T14:02:34Z,paymentservice,currencyservice,0,0,0,0,0,0,0
2026-10-04T14:02:34Z,paymentservice,emailservice,0,0,0,0,0,0,0
2026-10-04T14:02:34Z,paymentservice,frontend,0,0,0,0,0,0,0
2026-10-04T14:02:34Z,paymentservice,kubernetes,0,0,0,0,0,0,0
2026-10-04T14:02:34Z,paymentservice,paymentservice,0,0,0,0,0,0,0
2026-10-04T14:02:34Z,paymentservice,productcatalogservice,0,0,0,0,0,0,0
2026-10-04T14:02:34Z,paymentservice,recommendationservice,0,0,0,0,0,0,0
2026-10-04T14:02:34Z,paymentservice,redis-cart,0,0,0,0,0,0,0
2026-10-04T14:02:34Z,paymentservice,shippingservice,0,0,0,0,0,0,0
2026-10-04T14:02:34Z,productcatalogservice,adservice,0,0,0,0,0,0,0
2026-10-04T14:02:34Z,productcatalogservice,cartservice,0,0,0,0,0,0,0
2026-10-04T14:02:34Z,productcatalogservice,checkoutservice,0,0,0,0,0,0,0
2026-10-04T14:02:34Z,productcatalogservice,currencyservice,0,0,0,0,0,0,0
2026-10-04T14:02:34Z,productcatalogservice,emailservice,0,0,0,0,0,0,0
2026-10-04T14:02:34Z,productcatalogservice,frontend,0,0,0,0,0,0,0
2026-10-04T14:02:34Z,productcatalogservice,kubernetes,0,0,0,0,0,0,0
2026-10-04T14:02:34Z,productcatalogservice,paymentservice,0,0,0,0,0,0,0
2026-10-04T14:02:34Z,productcatalogservice,productcatalogservice,0,0,0,0,0,0,0
2026-10-04T14:02:34Z,productcatalogservice,recommendationservice,0,0,0,0,0,0,0
2026-10-04T14:02:34Z,productcatalogservice,redis-cart,0,0,0,0,0,0,0
2026-10-04T14:02:34Z,productcatalogservice,shippingservice,0,0,0,0,0,0,0
2026-10-04T14:02:34Z,recommendationservice,adservice,0,0,0,0,0,0,0
2026-10-04T14:02:34Z,recommendationservice,cartservice,0,0,0,0,0,0,0
2026-10-04T14:02:34Z,recommendationservice,checkoutservice,0,0,0,0,0,0,0
2026-10-04T14:02:34Z,recommendationservice,currencyservice,0,0,0,0,0,0,0
2026-10-04T14:02:34Z,recommendationservice,emailservice,0,0,0,0,0,0,0
2026-10-04T14:02:34Z,recommendationservice,frontend,0,0,0,0,0,0,0
2026-10-04T14:02:34Z,recommendationservice,kubernetes,0,0,0,0,0,0,0
2026-10-04T14:02:34Z,recommendationservice,paymentservice,0,0,0,0,0,0,0
2026-10-04T14:02:34Z,recommendationservice,productcatalogservice,0,0,0,0,0,0,0
2026-10-04T14:02:34Z,recommendationservice,recommendationservice,0,0,0,0,0,0,0
2026-10-04T14:02:34Z,recommendationservice,redis-cart,0,0,0,0,0,0,0
2026-10-04T14:02:34Z,recommendationservice,shippingservice,0,0,0,0,0,0,0
2026-10-04T14:02:34Z,redis-cart,adservice,0,0,0,0,0,0,0
2026-10-04T14:02:34Z,redis-cart,cartservice,0,0,0,0,0,0,0
2026-10-04T14:02:34Z,redis-cart,checkoutservice,0,0,0,0,0,0,0
2026-10-04T14:02:34Z,redis-cart,currencyservice,0,0,0,0,0,0,0
2026-10-04T14:02:34Z,redis-cart,emailservice,0,0,0,0,0,0,0
2026-10-04T14:02:34Z,redis-cart,frontend,0,0,0,0,0,0,0
2026-10-04T14:02:34Z,redis-cart,kubernetes,0,0,0,0,0,0,0
2026-10-04T14:02:34Z,redis-cart,paymentservice,0,0,0,0,0,0,0
2026-10-04T14:02:34Z,redis-cart,productcatalogservice,0,0,0,0,0,0,0
2026-10-04T14:02:34Z,redis-cart,recommendationservice,0,0,0,0,0,0,0
2026-10-04T14:02:34Z,redis-cart,redis-cart,0,0,0,0,0,0,0
2026-10-04T14:02:34Z,redis-cart,shippingservice,0,0,0,0,0,0,0
2026-10-04T14:02:34Z,shippingservice,adservice,0,0,0,0,0,0,0
2026-10-04T14:02:34Z,shippingservice,cartservice,0,0,0,0,0,0,0
2026-10-04T14:02:34Z,shippingservice,checkoutservice,0,0,0,0,0,0,0
2026-10-04T14:02:34Z,shippingservice,currencyservice,0,0,0,0,0,0,0
2026-10-04T14:02:34Z,shippingservice,emailservice,0,0,0,0,0,0,0
2026-10-04T14:02:34Z,shippingservice,frontend,0,0,0,0,0,0,0
2026-10-04T14:02:34Z,shippingservice,kubernetes,0,0,0,0,0,0,0
2026-10-04T14:02:34Z,shippingservice,paymentservice,0,0,0,0,0,0,0
2026-10-04T14:02:34Z,shippingservice,productcatalogservice,0,0,0,0,0,0,0
2026-10-04T14:02:34Z,shippingservice,recommendationservice,0,0,0,0,0,0,0
2026-10-04T14:02:34Z,shippingservice,redis-cart,0,0,0,0,0,0,0
2026-10-04T14:02:34Z,shippingservice,shippingservice,0,0,0,0,0,0,0
2026-10-04T14:02:35Z,adservice,adservice,0,0,0,0,0,0,0
2026-10-04T14:02:35Z,adservice,cartservice,0,0,0,0,0,0,0
2026-10-04T14:02:35Z,adservice,checkoutservice,0,0,0,0,0,0,0
2026-10-04T14:02:35Z,adservice,currencyservice,0,0,0,0,0,0,0
2026-10-04T14:02:35Z,adservice,emailservice,0,0,0,0,0,0,0
2026-10-04T14:02:35Z,adservice,frontend,0,0,0,0,0,0,0
2026-10-04T14:02:35Z,adservice,kubernetes,0,0,0,0,0,0,0
2026-10-04T14:02:35Z,adservice,paymentservice,0,0,0,0,0,0,0
2026-10-04T14:02:35Z,adservice,productcatalogservice,0,0,0,0,0,0,0
2026-10-04T14:02:35Z,adservice,recommendationservice,0,0,0,0,0,0,0
2026-10-04T14:02:35Z,adservice,redis-cart,0,0,0,0,0,0,0
2026-10-04T14:02:35Z,adservice,shippingservice,0,0,0,0,0,0,0
2026-10-04T14:02:35Z,cartservice,adservice,0,0,0,0,0,0,0
2026-10-04T14:02:35Z,cartservice,cartservice,0,0,0,0,0,0,0
2026-10-04T14:02:35Z,cartservice,checkoutservice,0,0,0,0,0,0,0
2026-10-04T14:02:35Z,cartservice,currencyservice,0,0,0,0,0,0,0
2026-10-04T14:02:35Z,cartservice,emailservice,0,0,0,0,0,0,0
2026-10-04T14:02:35Z,cartservice,frontend,0,0,0,0,0,0,0
2026-10-04T14:02:35Z,cartservice,kubernetes,0,0,0,0,0,0,0
2026-10-04T14:02:35Z,cartservice,paymentservice,0,0,0,0,0,0,0
2026-10-04T14:02:35Z,cartservice,productcatalogservice,0,0,0,0,0,0,0
2026-10-04T14:02:35Z,cartservice,recommendationservice,0,0,0,0,0,0,0
2026-10-04T14:02:35Z,cartservice,redis-cart,2,0,0,0,0,0,0
2026-10-04T14:02:35Z,cartservice,shippingservice,0,0,0,0,0,0,0
2026-10-04T14:02:35Z,checkoutservice,adservice,0,0,0,0,0,0,0
2026-10-04T14:02:35Z,checkoutservice,cartservice,0,0,0,0,0,0,0
2026-10-04T14:02:35Z,checkoutservice,checkoutservice,0,0,0,0,0,0,0
2026-10-04T14:02:35Z,checkoutservice,currencyservice,0,0,0,0,0,0,0
2026-10-04T14:02:35Z,checkoutservice,emailservice,0,0,0,0,0,0,0
2026-10-04T14:02:35Z,checkoutservice,frontend,0,0,0,0,0,0,0
2026-10-04T14:02:35Z,checkoutservice,kubernetes,0,0,0,0,0,0,0
2026-10-04T14:02:35Z,checkoutservice,paymentservice,0,0,0,0,0,0,0
2026-10-04T14:02:35Z,checkoutservice,productcatalogservice,0,0,0,0,0,0,0
2026-10-04T14:02:35Z,checkoutservice,recommendationservice,0,0,0,0,0,0,0
2026-10-04T14:02:35Z,checkoutservice,redis-cart,0,0,0,0,0,0,0
2026-10-04T14:02:35Z,checkoutservice,shippingservice,0,0,0,0,0,0,0
2026-10-04T14:02:35Z,currencyservice,adservice,0,0,0,0,0,0,0
2026-10-04T14:02:35Z,currencyservice,cartservice,0,0,0,0,0,0,0
2026-10-04T14:02:35Z,currencyservice,checkoutservice,0,0,0,0,0,0,0
2026-10-04T14:02:35Z,currencyservice,currencyservice,0,0,0,0,0,0,0
2026-10-04T14:02:35Z,currencyservice,emailservice,0,0,0,0,0,0,0
2026-10-04T14:02:35Z,currencyservice,frontend,0,0,0,0,0,0,0
2026-10-04T14:02:35Z,currencyservice,kubernetes,0,0,0,0,0,0,0
2026-10-04T14:02:35Z,currencyservice,paymentservice,0,0,0,0,0,0,0
2026-10-04T14:02:35Z,currencyservice,productcatalogservice,0,0,0,0,0,0,0
2026-10-04T14:02:35Z,currencyservice,recommendationservice,0,0,0,0,0,0,0
2026-10-04T14:02:35Z,currencyservice,redis-cart,0,0,0,0,0,0,0
2026-10-04T14:02:35Z,currencyservice,shippingservice,0,0,0,0,0,0,0
2026-10-04T14:02:35Z,emailservice,adservice,0,0,0,0,0,0,0
2026-10-04T14:02:35Z,emailservice,cartservice,0,0,0,0,0,0,0
2026-10-04T14:02:35Z,emailservice,checkoutservice,0,0,0,0,0,0,0
2026-10-04T14:02:35Z,emailservice,currencyservice,0,0,0,0,0,0,0
2026-10-04T14:02:35Z,emailservice,emailservice,0,0,0,0,0,0,0
2026-10-04T14:02:35Z,emailservice,frontend,0,0,0,0,0,0,0
2026-10-04T14:02:35Z,emailservice,kubernetes,0,0,0,0,0,0,0
2026-10-04T14:02:35Z,emailservice,paymentservice,0,0,0,0,0,0,0
2026-10-04T14:02:35Z,emailservice,productcatalogservice,0,0,0,0,0,0,0
2026-10-04T14:02:35Z,emailservice,recommendationservice,0,0,0,0,0,0,0
2026-10-04T14:02:35Z,emailservice,redis-cart,0,0,0,0,0,0,0
2026-10-04T14:02:35Z,emailservice,shippingservice,0,0,0,0,0,0,0
2026-10-04T14:02:35Z,frontend,adservice,773781,773779,0,0,0,2334061,773779
2026-10-04T14:02:35Z,frontend,cartservice,1730573,1730561,0,0,4,9624535,1730561
2026-10-04T14:02:35Z,frontend,checkoutservice,354811,173691,0,34332,146696,55608828,173690
2026-10-04T14:02:35Z,frontend,currencyservice,2749584,2749577,0,0,0,14589993,2749577
2026-10-04T14:02:35Z,frontend,emailservice,0,0,0,0,0,0,0
2026-10-04T14:02:35Z,frontend,frontend,0,0,0,0,0,0,0
2026-10-04T14:02:35Z,frontend,kubernetes,0,0,0,0,0,0,0
2026-10-04T14:02:35Z,frontend,paymentservice,0,0,0,0,0,0,0
2026-10-04T14:02:35Z,frontend,productcatalogservice,7676840,7676779,0,0,0,52315430,7676779
2026-10-04T14:02:35Z,frontend,recommendationservice,2523996,1524786,0,104145,892890,769956520,1524786
2026-10-04T14:02:35Z,frontend,redis-cart,0,0,0,0,0,0,0
2026-10-04T14:02:35Z,frontend,shippingservice,283787,283785,0,0,0,858241,283785
2026-10-04T14:02:35Z,paymentservice,adservice,0,0,0,0,0,0,0
2026-10-04T14:02:35Z,paymentservice,cartservice,0,0,0,0,0,0,0
2026-10-04T14:02:35Z,paymentservice,checkoutservice,0,0,0,0,0,0,0
2026-10-04T14:02:35Z,paymentservice,currencyservice,0,0,0,0,0,0,0
2026-10-04T14:02:35Z,paymentservice,emailservice,0,0,0,0,0,0,0
2026-10-04T14:02:35Z,paymentservice,frontend,0,0,0,0,0,0,0
2026-10-04T14:02:35Z,paymentservice,kubernetes,0,0,0,0,0,0,0
2026-10-04T14:02:35Z,paymentservice,paymentservice,0,0,0,0,0,0,0
2026-10-04T14:02:35Z,paymentservice,productcatalogservice,0,0,0,0,0,0,0
2026-10-04T14:02:35Z,paymentservice,recommendationservice,0,0,0,0,0,0,0
2026-10-04T14:02:35Z,paymentservice,redis-cart,0,0,0,0,0,0,0
2026-10-04T14:02:35Z,paymentservice,shippingservice,0,0,0,0,0,0,0
2026-10-04T14:02:35Z,productcatalogservice,adservice,0,0,0,0,0,0,0
2026-10-04T14:02:35Z,productcatalogservice,cartservice,0,0,0,0,0,0,0
2026-10-04T14:02:35Z,productcatalogservice,checkoutservice,0,0,0,0,0,0,0
2026-10-04T14:02:35Z,productcatalogservice,currencyservice,0,0,0,0,0,0,0
2026-10-04T14:02:35Z,productcatalogservice,emailservice,0,0,0,0,0,0,0
2026-10-04T14:02:35Z,productcatalogservice,frontend,0,0,0,0,0,0,0
2026-10-04T14:02:35Z,productcatalogservice,kubernetes,0,0,0,0,0,0,0
2026-10-04T14:02:35Z,productcatalogservice,paymentservice,0,0,0,0,0,0,0
2026-10-04T14:02:35Z,productcatalogservice,productcatalogservice,0,0,0,0,0,0,0
2026-10-04T14:02:35Z,productcatalogservice,recommendationservice,0,0,0,0,0,0,0
2026-10-04T14:02:35Z,productcatalogservice,redis-cart,0,0,0,0,0,0,0
2026-10-04T14:02:35Z,productcatalogservice,shippingservice,0,0,0,0,0,0,0
2026-10-04T14:02:35Z,recommendationservice,adservice,0,0,0,0,0,0,0
2026-10-04T14:02:35Z,recommendationservice,cartservice,0,0,0,0,0,0,0
2026-10-04T14:02:35Z,recommendationservice,checkoutservice,0,0,0,0,0,0,0
2026-10-04T14:02:35Z,recommendationservice,currencyservice,0,0,0,0,0,0,0
2026-10-04T14:02:35Z,recommendationservice,emailservice,0,0,0,0,0,0,0
2026-10-04T14:02:35Z,recommendationservice,frontend,0,0,0,0,0,0,0
2026-10-04T14:02:35Z,recommendationservice,kubernetes,0,0,0,0,0,0,0
2026-10-04T14:02:35Z,recommendationservice,paymentservice,0,0,0,0,0,0,0
2026-10-04T14:02:35Z,recommendationservice,productcatalogservice,0,0,0,0,0,0,0
2026-10-04T14:02:35Z,recommendationservice,recommendationservice,0,0,0,0,0,0,0
2026-10-04T14:02:35Z,recommendationservice,redis-cart,0,0,0,0,0,0,0
2026-10-04T14:02:35Z,recommendationservice,shippingservice,0,0,0,0,0,0,0
2026-10-04T14:02:35Z,redis-cart,adservice,0,0,0,0,0,0,0
2026-10-04T14:02:35Z,redis-cart,cartservice,0,0,0,0,0,0,0
2026-10-04T14:02:35Z,redis-cart,checkoutservice,0,0,0,0,0,0,0
2026-10-04T14:02:35Z,redis-cart,currencyservice,0,0,0,0,0,0,0
2026-10-04T14:02:35Z,redis-cart,emailservice,0,0,0,0,0,0,0
2026-10-04T14:02:35Z,redis-cart,frontend,0,0,0,0,0,0,0
2026-10-04T14:02:35Z,redis-cart,kubernetes,0,0,0,0,0,0,0
2026-10-04T14:02:35Z,redis-cart,paymentservice,0,0,0,0,0,0,0
2026-10-04T14:02:35Z,redis-cart,productcatalogservice,0,0,0,0,0,0,0
2026-10-04T14:02:35Z,redis-cart,recommendationservice,0,0,0,0,0,0,0
2026-10-04T14:02:35Z,redis-cart,redis-cart,0,0,0,0,0,0,0
2026-10-04T14:02:35Z,redis-cart,shippingservice,0,0,0,0,0,0,0
2026-10-04T14:02:35Z,shippingservice,adservice,0,0,0,0,0,0,0
2026-10-04T14:02:35Z,shippingservice,cartservice,0,0,0,0,0,0,0
2026-10-04T14:02:35Z,shippingservice,checkoutservice,0,0,0,0,0,0,0
2026-10-04T14:02:35Z,shippingservice,currencyservice,0,0,0,0,0,0,0
2026-10-04T14:02:35Z,shippingservice,emailservice,0,0,0,0,0,0,0
2026-10-04T14:02:35Z,shippingservice,frontend,0,0,0,0,0,0,0
2026-10-04T14:02:35Z,shippingservice,kubernetes,0,0,0,0,0,0,0
2026-10-04T14:02:35Z,shippingservice,paymentservice,0,0,0,0,0,0,0
2026-10-04T14:02:35Z,shippingservice,productcatalogservice,0,0,0,0,0,0,0
2026-10-04T14:02:35Z,shippingservice,recommendationservice,0,0,0,0,0,0,0
2026-10-04T14:02:35Z,shippingservice,redis-cart,0,0,0,0,0,0,0
2026-10-04T14:02:35Z,shippingservice,shippingservice,0,0,0,0,0,0,0
2026-10-04T14:02:36Z,adservice,adservice,0,0,0,0,0,0,0
2026-10-04T14:02:36Z,adservice,cartservice,0,0,0,0,0,0,0
2026-10-04T14:02:36Z,adservice,checkoutservice,0,0,0,0,0,0,0
2026-10-04T14:02:36Z,adservice,currencyservice,0,0,0,0,0,0,0
2026-10-04T14:02:36Z,adservice,emailservice,0,0,0,0,0,0,0
2026-10-04T14:02:36Z,adservice,frontend,0,0,0,0,0,0,0
2026-10-04T14:02:36Z,adservice,kubernetes,0,0,0,0,0,0,0
2026-10-04T14:02:36Z,adservice,paymentservice,0,0,0,0,0,0,0
2026-10-04T14:02:36Z,adservice,productcatalogservice,0,0,0,0,0,0,0
2026-10-04T14:02:36Z,adservice,recommendationservice,0,0,0,0,0,0,0
2026-10-04T14:02:36Z,adservice,redis-cart,0,0,0,0,0,0,0
2026-10-04T14:02:36Z,adservice,shippingservice,0,0,0,0,0,0,0
2026-10-04T14:02:36Z,cartservice,adservice,0,0,0,0,0,0,0
2026-10-04T14:02:36Z,cartservice,cartservice,0,0,0,0,0,0,0
2026-10-04T14:02:36Z,cartservice,checkoutservice,0,0,0,0,0,0,0
2026-10-04T14:02:36Z,cartservice,currencyservice,0,0,0,0,0,0,0
2026-10-04T14:02:36Z,cartservice,emailservice,0,0,0,0,0,0,0
2026-10-04T14:02:36Z,cartservice,frontend,0,0,0,0,0,0,0
2026-10-04T14:02:36Z,cartservice,kubernetes,0,0,0,0,0,0,0
2026-10-04T14:02:36Z,cartservice,paymentservice,0,0,0,0,0,0,0
2026-10-04T14:02:36Z,cartservice,productcatalogservice,0,0,0,0,0,0,0
2026-10-04T14:02:36Z,cartservice,recommendationservice,0,0,0,0,0,0,0
2026-10-04T14:02:36Z,cartservice,redis-cart,2,0,0,0,0,0,0
2026-10-04T14:02:36Z,cartservice,shippingservice,0,0,0,0,0,0,0
2026-10-04T14:02:36Z,checkoutservice,adservice,0,0,0,0,0,0,0
2026-10-04T14:02:36Z,checkoutservice,cartservice,0,0,0,0,0,0,0
2026-10-04T14:02:36Z,checkoutservice,checkoutservice,0,0,0,0,0,0,0
2026-10-04T14:02:36Z,checkoutservice,currencyservice,0,0,0,0,0,0,0
2026-10-04T14:02:36Z,checkoutservice,emailservice,0,0,0,0,0,0,0
2026-10-04T14:02:36Z,checkoutservice,frontend,0,0,0,0,0,0,0
2026-10-04T14:02:36Z,checkoutservice,kubernetes,0,0,0,0,0,0,0
2026-10-04T14:02:36Z,checkoutservice,paymentservice,0,0,0,0,0,0,0
2026-10-04T14:02:36Z,checkoutservice,productcatalogservice,0,0,0,0,0,0,0
2026-10-04T14:02:36Z,checkoutservice,recommendationservice,0,0,0,0,0,0,0
2026-10-04T14:02:36Z,checkoutservice,redis-cart,0,0,0,0,0,0,0
2026-10-04T14:02:36Z,checkoutservice,shippingservice,0,0,0,0,0,0,0
2026-10-04T14:02:36Z,currencyservice,adservice,0,0,0,0,0,0,0
2026-10-04T14:02:36Z,currencyservice,cartservice,0,0,0,0,0,0,0
2026-10-04T14:02:36Z,currencyservice,checkoutservice,0,0,0,0,0,0,0
2026-10-04T14:02:36Z,currencyservice,currencyservice,0,0,0,0,0,0,0
2026-10-04T14:02:36Z,currencyservice,emailservice,0,0,0,0,0,0,0
2026-10-04T14:02:36Z,currencyservice,frontend,0,0,0,0,0,0,0
2026-10-04T14:02:36Z,currencyservice,kubernetes,0,0,0,0,0,0,0
2026-10-04T14:02:36Z,currencyservice,paymentservice,0,0,0,0,0,0,0
2026-10-04T14:02:36Z,currencyservice,productcatalogservice,0,0,0,0,0,0,0
2026-10-04T14:02:36Z,currencyservice,recommendationservice,0,0,0,0,0,0,0
2026-10-04T14:02:36Z,currencyservice,redis-cart,0,0,0,0,0,0,0
2026-10-04T14:02:36Z,currencyservice,shippingservice,0,0,0,0,0,0,0
2026-10-04T14:02:36Z,emailservice,adservice,0,0,0,0,0,0,0
2026-10-04T14:02:36Z,emailservice,cartservice,0,0,0,0,0,0,0
2026-10-04T14:02:36Z,emailservice,checkoutservice,0,0,0,0,0,0,0
2026-10-04T14:02:36Z,emailservice,currencyservice,0,0,0,0,0,0,0
2026-10-04T14:02:36Z,emailservice,emailservice,0,0,0,0,0,0,0
2026-10-04T14:02:36Z,emailservice,frontend,0,0,0,0,0,0,0
2026-10-04T14:02:36Z,emailservice,kubernetes,0,0,0,0,0,0,0
2026-10-04T14:02:36Z,emailservice,paymentservice,0,0,0,0,0,0,0
2026-10-04T14:02:36Z,emailservice,productcatalogservice,0,0,0,0,0,0,0
2026-10-04T14:02:36Z,emailservice,recommendationservice,0,0,0,0,0,0,0
2026-10-04T14:02:36Z,emailservice,redis-cart,0,0,0,0,0,0,0
2026-10-04T14:02:36Z,emailservice,shippingservice,0,0,0,0,0,0,0
2026-10-04T14:02:36Z,frontend,adservice,773781,773779,0,0,0,2334061,773779
2026-10-04T14:02:36Z,frontend,cartservice,1730573,1730561,0,0,4,9624535,1730561
2026-10-04T14:02:36Z,frontend,checkoutservice,354811,173691,0,34332,146696,55608828,173690
2026-10-04T14:02:36Z,frontend,currencyservice,2749584,2749577,0,0,0,14589993,2749577
2026-10-04T14:02:36Z,frontend,emailservice,0,0,0,0,0,0,0
2026-10-04T14:02:36Z,frontend,frontend,0,0,0,0,0,0,0
2026-10-04T14:02:36Z,frontend,kubernetes,0,0,0,0,0,0,0
2026-10-04T14:02:36Z,frontend,paymentservice,0,0,0,0,0,0,0
2026-10-04T14:02:36Z,frontend,productcatalogservice,7676840,7676779,0,0,0,52315430,7676779
2026-10-04T14:02:36Z,frontend,recommendationservice,2523996,1524786,0,104145,892890,769956520,1524786
2026-10-04T14:02:36Z,frontend,redis-cart,0,0,0,0,0,0,0
2026-10-04T14:02:36Z,frontend,shippingservice,283787,283785,0,0,0,858241,283785
2026-10-04T14:02:36Z,paymentservice,adservice,0,0,0,0,0,0,0
2026-10-04T14:02:36Z,paymentservice,cartservice,0,0,0,0,0,0,0
2026-10-04T14:02:36Z,paymentservice,checkoutservice,0,0,0,0,0,0,0
2026-10-04T14:02:36Z,paymentservice,currencyservice,0,0,0,0,0,0,0
2026-10-04T14:02:36Z,paymentservice,emailservice,0,0,0,0,0,0,0
2026-10-04T14:02:36Z,paymentservice,frontend,0,0,0,0,0,0,0
2026-10-04T14:02:36Z,paymentservice,kubernetes,0,0,0,0,0,0,0
2026-10-04T14:02:36Z,paymentservice,paymentservice,0,0,0,0,0,0,0
2026-10-04T14:02:36Z,paymentservice,productcatalogservice,0,0,0,0,0,0,0
2026-10-04T14:02:36Z,paymentservice,recommendationservice,0,0,0,0,0,0,0
2026-10-04T14:02:36Z,paymentservice,redis-cart,0,0,0,0,0,0,0
2026-10-04T14:02:36Z,paymentservice,shippingservice,0,0,0,0,0,0,0
2026-10-04T14:02:36Z,productcatalogservice,adservice,0,0,0,0,0,0,0
2026-10-04T14:02:36Z,productcatalogservice,cartservice,0,0,0,0,0,0,0
2026-10-04T14:02:36Z,productcatalogservice,checkoutservice,0,0,0,0,0,0,0
2026-10-04T14:02:36Z,productcatalogservice,currencyservice,0,0,0,0,0,0,0
2026-10-04T14:02:36Z,productcatalogservice,emailservice,0,0,0,0,0,0,0
2026-10-04T14:02:36Z,productcatalogservice,frontend,0,0,0,0,0,0,0
2026-10-04T14:02:36Z,productcatalogservice,kubernetes,0,0,0,0,0,0,0
2026-10-04T14:02:36Z,productcatalogservice,paymentservice,0,0,0,0,0,0,0
2026-10-04T14:02:36Z,productcatalogservice,productcatalogservice,0,0,0,0,0,0,0
2026-10-04T14:02:36Z,productcatalogservice,recommendationservice,0,0,0,0,0,0,0
2026-10-04T14:02:36Z,productcatalogservice,redis-cart,0,0,0,0,0,0,0
2026-10-04T14:02:36Z,productcatalogservice,shippingservice,0,0,0,0,0,0,0
2026-10-04T14:02:36Z,recommendationservice,adservice,0,0,0,0,0,0,0
2026-10-04T14:02:36Z,recommendationservice,cartservice,0,0,0,0,0,0,0
2026-10-04T14:02:36Z,recommendationservice,checkoutservice,0,0,0,0,0,0,0
2026-10-04T14:02:36Z,recommendationservice,currencyservice,0,0,0,0,0,0,0
2026-10-04T14:02:36Z,recommendationservice,emailservice,0,0,0,0,0,0,0
2026-10-04T14:02:36Z,recommendationservice,frontend,0,0,0,0,0,0,0
2026-10-04T14:02:36Z,recommendationservice,kubernetes,0,0,0,0,0,0,0
2026-10-04T14:02:36Z,recommendationservice,paymentservice,0,0,0,0,0,0,0
2026-10-04T14:02:36Z,recommendationservice,productcatalogservice,0,0,0,0,0,0,0
2026-10-04T14:02:36Z,recommendationservice,recommendationservice,0,0,0,0,0,0,0
2026-10-04T14:02:36Z,recommendationservice,redis-cart,0,0,0,0,0,0,0
2026-10-04T14:02:36Z,recommendationservice,shippingservice,0,0,0,0,0,0,0
2026-10-04T14:02:36Z,redis-cart,adservice,0,0,0,0,0,0,0
2026-10-04T14:02:36Z,redis-cart,cartservice,0,0,0,0,0,0,0
2026-10-04T14:02:36Z,redis-cart,checkoutservice,0,0,0,0,0,0,0
2026-10-04T14:02:36Z,redis-cart,currencyservice,0,0,0,0,0,0,0
2026-10-04T14:02:36Z,redis-cart,emailservice,0,0,0,0,0,0,0
2026-10-04T14:02:36Z,redis-cart,frontend,0,0,0,0,0,0,0
2026-10-04T14:02:36Z,redis-cart,kubernetes,0,0,0,0,0,0,0
2026-10-04T14:02:36Z,redis-cart,paymentservice,0,0,0,0,0,0,0
2026-10-04T14:02:36Z,redis-cart,productcatalogservice,0,0,0,0,0,0,0
2026-10-04T14:02:36Z,redis-cart,recommendationservice,0,0,0,0,0,0,0
2026-10-04T14:02:36Z,redis-cart,redis-cart,0,0,0,0,0,0,0
2026-10-04T14:02:36Z,redis-cart,shippingservice,0,0,0,0,0,0,0
2026-10-04T14:02:36Z,shippingservice,adservice,0,0,0,0,0,0,0
2026-10-04T14:02:36Z,shippingservice,cartservice,0,0,0,0,0,0,0
2026-10-04T14:02:36Z,shippingservice,checkoutservice,0,0,0,0,0,0,0
2026-10-04T14:02:36Z,shippingservice,currencyservice,0,0,0,0,0,0,0
2026-10-04T14:02:36Z,shippingservice,emailservice,0,0,0,0,0,0,0
2026-10-04T14:02:36Z,shippingservice,frontend,0,0,0,0,0,0,0
2026-10-04T14:02:36Z,shippingservice,kubernetes,0,0,0,0,0,0,0
2026-10-04T14:02:36Z,shippingservice,paymentservice,0,0,0,0,0,0,0
2026-10-04T14:02:36Z,shippingservice,productcatalogservice,0,0,0,0,0,0,0
2026-10-04T14:02:36Z,shippingservice,recommendationservice,0,0,0,0,0,0,0
2026-10-04T14:02:36Z,shippingservice,redis-cart,0,0,0,0,0,0,0
2026-10-04T14:02:36Z,shippingservice,shippingservice,0,0,0,0,0,0,0
2026-10-04T14:02:37Z,adservice,adservice,0,0,0,0,0,0,0
2026-10-04T14:02:37Z,adservice,cartservice,0,0,0,0,0,0,0
2026-10-04T14:02:37Z,adservice,checkoutservice,0,0,0,0,0,0,0
2026-10-04T14:02:37Z,adservice,currencyservice,0,0,0,0,0,0,0
2026-10-04T14:02:37Z,adservice,emailservice,0,0,0,0,0,0,0
2026-10-04T14:02:37Z,adservice,frontend,0,0,0,0,0,0,0
2026-10-04T14:02:37Z,adservice,kubernetes,0,0,0,0,0,0,0
2026-10-04T14:02:37Z,adservice,paymentservice,0,0,0,0,0,0,0
2026-10-04T14:02:37Z,adservice,productcatalogservice,0,0,0,0,0,0,0
2026-10-04T14:02:37Z,adservice,recommendationservice,0,0,0,0,0,0,0
2026-10-04T14:02:37Z,adservice,redis-cart,0,0,0,0,0,0,0
2026-10-04T14:02:37Z,adservice,shippingservice,0,0,0,0,0,0,0
2026-10-04T14:02:37Z,cartservice,adservice,0,0,0,0,0,0,0
2026-10-04T14:02:37Z,cartservice,cartservice,0,0,0,0,0,0,0
2026-10-04T14:02:37Z,cartservice,checkoutservice,0,0,0,0,0,0,0
2026-10-04T14:02:37Z,cartservice,currencyservice,0,0,0,0,0,0,0
2026-10-04T14:02:37Z,cartservice,emailservice,0,0,0,0,0,0,0
2026-10-04T14:02:37Z,cartservice,frontend,0,0,0,0,0,0,0
2026-10-04T14:02:37Z,cartservice,kubernetes,0,0,0,0,0,0,0
2026-10-04T14:02:37Z,cartservice,paymentservice,0,0,0,0,0,0,0
2026-10-04T14:02:37Z,cartservice,productcatalogservice,0,0,0,0,0,0,0
2026-10-04T14:02:37Z,cartservice,recommendationservice,0,0,0,0,0,0,0
2026-10-04T14:02:37Z,cartservice,redis-cart,2,0,0,0,0,0,0
2026-10-04T14:02:37Z,cartservice,shippingservice,0,0,0,0,0,0,0
2026-10-04T14:02:37Z,checkoutservice,adservice,0,0,0,0,0,0,0
2026-10-04T14:02:37Z,checkoutservice,cartservice,0,0,0,0,0,0,0
2026-10-04T14:02:37Z,checkoutservice,checkoutservice,0,0,0,0,0,0,0
2026-10-04T14:02:37Z,checkoutservice,currencyservice,0,0,0,0,0,0,0
2026-10-04T14:02:37Z,checkoutservice,emailservice,0,0,0,0,0,0,0
2026-10-04T14:02:37Z,checkoutservice,frontend,0,0,0,0,0,0,0
2026-10-04T14:02:37Z,checkoutservice,kubernetes,0,0,0,0,0,0,0
2026-10-04T14:02:37Z,checkoutservice,paymentservice,0,0,0,0,0,0,0
2026-10-04T14:02:37Z,checkoutservice,productcatalogservice,0,0,0,0,0,0,0
2026-10-04T14:02:37Z,checkoutservice,recommendationservice,0,0,0,0,0,0,0
2026-10-04T14:02:37Z,checkoutservice,redis-cart,0,0,0,0,0,0,0
2026-10-04T14:02:37Z,checkoutservice,shippingservice,0,0,0,0,0,0,0
2026-10-04T14:02:37Z,currencyservice,adservice,0,0,0,0,0,0,0
2026-10-04T14:02:37Z,currencyservice,cartservice,0,0,0,0,0,0,0
2026-10-04T14:02:37Z,currencyservice,checkoutservice,0,0,0,0,0,0,0
2026-10-04T14:02:37Z,currencyservice,currencyservice,0,0,0,0,0,0,0
2026-10-04T14:02:37Z,currencyservice,emailservice,0,0,0,0,0,0,0
2026-10-04T14:02:37Z,currencyservice,frontend,0,0,0,0,0,0,0
2026-10-04T14:02:37Z,currencyservice,kubernetes,0,0,0,0,0,0,0
2026-10-04T14:02:37Z,currencyservice,paymentservice,0,0,0,0,0,0,0
2026-10-04T14:02:37Z,currencyservice,productcatalogservice,0,0,0,0,0,0,0
2026-10-04T14:02:37Z,currencyservice,recommendationservice,0,0,0,0,0,0,0
2026-10-04T14:02:37Z,currencyservice,redis-cart,0,0,0,0,0,0,0
2026-10-04T14:02:37Z,currencyservice,shippingservice,0,0,0,0,0,0,0
2026-10-04T14:02:37Z,emailservice,adservice,0,0,0,0,0,0,0
2026-10-04T14:02:37Z,emailservice,cartservice,0,0,0,0,0,0,0
2026-10-04T14:02:37Z,emailservice,checkoutservice,0,0,0,0,0,0,0
2026-10-04T14:02:37Z,emailservice,currencyservice,0,0,0,0,0,0,0
2026-10-04T14:02:37Z,emailservice,emailservice,0,0,0,0,0,0,0
2026-10-04T14:02:37Z,emailservice,frontend,0,0,0,0,0,0,0
2026-10-04T14:02:37Z,emailservice,kubernetes,0,0,0,0,0,0,0
2026-10-04T14:02:37Z,emailservice,paymentservice,0,0,0,0,0,0,0
2026-10-04T14:02:37Z,emailservice,productcatalogservice,0,0,0,0,0,0,0
2026-10-04T14:02:37Z,emailservice,recommendationservice,0,0,0,0,0,0,0
2026-10-04T14:02:37Z,emailservice,redis-cart,0,0,0,0,0,0,0
2026-10-04T14:02:37Z,emailservice,shippingservice,0,0,0,0,0,0,0
2026-10-04T14:02:37Z,frontend,adservice,773781,773779,0,0,0,2334061,773779
2026-10-04T14:02:37Z,frontend,cartservice,1730573,1730561,0,0,4,9624535,1730561
2026-10-04T14:02:37Z,frontend,checkoutservice,354811,173691,0,34332,146696,55608828,173690
2026-10-04T14:02:37Z,frontend,currencyservice,2749584,2749577,0,0,0,14589993,2749577
2026-10-04T14:02:37Z,frontend,emailservice,0,0,0,0,0,0,0
2026-10-04T14:02:37Z,frontend,frontend,0,0,0,0,0,0,0
2026-10-04T14:02:37Z,frontend,kubernetes,0,0,0,0,0,0,0
2026-10-04T14:02:37Z,frontend,paymentservice,0,0,0,0,0,0,0
2026-10-04T14:02:37Z,frontend,productcatalogservice,7676840,7676779,0,0,0,52315430,7676779
2026-10-04T14:02:37Z,frontend,recommendationservice,2523996,1524786,0,104145,892890,769956520,1524786
2026-10-04T14:02:37Z,frontend,redis-cart,0,0,0,0,0,0,0
2026-10-04T14:02:37Z,frontend,shippingservice,283787,283785,0,0,0,858241,283785
2026-10-04T14:02:37Z,paymentservice,adservice,0,0,0,0,0,0,0
2026-10-04T14:02:37Z,paymentservice,cartservice,0,0,0,0,0,0,0
2026-10-04T14:02:37Z,paymentservice,checkoutservice,0,0,0,0,0,0,0
2026-10-04T14:02:37Z,paymentservice,currencyservice,0,0,0,0,0,0,0
2026-10-04T14:02:37Z,paymentservice,emailservice,0,0,0,0,0,0,0
2026-10-04T14:02:37Z,paymentservice,frontend,0,0,0,0,0,0,0
2026-10-04T14:02:37Z,paymentservice,kubernetes,0,0,0,0,0,0,0
2026-10-04T14:02:37Z,paymentservice,paymentservice,0,0,0,0,0,0,0
2026-10-04T14:02:37Z,paymentservice,productcatalogservice,0,0,0,0,0,0,0
2026-10-04T14:02:37Z,paymentservice,recommendationservice,0,0,0,0,0,0,0
2026-10-04T14:02:37Z,paymentservice,redis-cart,0,0,0,0,0,0,0
2026-10-04T14:02:37Z,paymentservice,shippingservice,0,0,0,0,0,0,0
2026-10-04T14:02:37Z,productcatalogservice,adservice,0,0,0,0,0,0,0
2026-10-04T14:02:37Z,productcatalogservice,cartservice,0,0,0,0,0,0,0
2026-10-04T14:02:37Z,productcatalogservice,checkoutservice,0,0,0,0,0,0,0
2026-10-04T14:02:37Z,productcatalogservice,currencyservice,0,0,0,0,0,0,0
2026-10-04T14:02:37Z,productcatalogservice,emailservice,0,0,0,0,0,0,0
2026-10-04T14:02:37Z,productcatalogservice,frontend,0,0,0,0,0,0,0
2026-10-04T14:02:37Z,productcatalogservice,kubernetes,0,0,0,0,0,0,0
2026-10-04T14:02:37Z,productcatalogservice,paymentservice,0,0,0,0,0,0,0
2026-10-04T14:02:37Z,productcatalogservice,productcatalogservice,0,0,0,0,0,0,0
2026-10-04T14:02:37Z,productcatalogservice,recommendationservice,0,0,0,0,0,0,0
2026-10-04T14:02:37Z,productcatalogservice,redis-cart,0,0,0,0,0,0,0
2026-10-04T14:02:37Z,productcatalogservice,shippingservice,0,0,0,0,0,0,0
2026-10-04T14:02:37Z,recommendationservice,adservice,0,0,0,0,0,0,0
2026-10-04T14:02:37Z,recommendationservice,cartservice,0,0,0,0,0,0,0
2026-10-04T14:02:37Z,recommendationservice,checkoutservice,0,0,0,0,0,0,0
2026-10-04T14:02:37Z,recommendationservice,currencyservice,0,0,0,0,0,0,0
2026-10-04T14:02:37Z,recommendationservice,emailservice,0,0,0,0,0,0,0
2026-10-04T14:02:37Z,recommendationservice,frontend,0,0,0,0,0,0,0
2026-10-04T14:02:37Z,recommendationservice,kubernetes,0,0,0,0,0,0,0
2026-10-04T14:02:37Z,recommendationservice,paymentservice,0,0,0,0,0,0,0
2026-10-04T14:02:37Z,recommendationservice,productcatalogservice,0,0,0,0,0,0,0
2026-10-04T14:02:37Z,recommendationservice,recommendationservice,0,0,0,0,0,0,0
2026-10-04T14:02:37Z,recommendationservice,redis-cart,0,0,0,0,0,0,0
2026-10-04T14:02:37Z,recommendationservice,shippingservice,0,0,0,0,0,0,0
2026-10-04T14:02:37Z,redis-cart,adservice,0,0,0,0,0,0,0
2026-10-04T14:02:37Z,redis-cart,cartservice,0,0,0,0,0,0,0
2026-10-04T14:02:37Z,redis-cart,checkoutservice,0,0,0,0,0,0,0
2026-10-04T14:02:37Z,redis-cart,currencyservice,0,0,0,0,0,0,0
2026-10-04T14:02:37Z,redis-cart,emailservice,0,0,0,0,0,0,0
2026-10-04T14:02:37Z,redis-cart,frontend,0,0,0,0,0,0,0
2026-10-04T14:02:37Z,redis-cart,kubernetes,0,0,0,0,0,0,0
2026-10-04T14:02:37Z,redis-cart,paymentservice,0,0,0,0,0,0,0
2026-10-04T14:02:37Z,redis-cart,productcatalogservice,0,0,0,0,0,0,0
2026-10-04T14:02:37Z,redis-cart,recommendationservice,0,0,0,0,0,0,0
2026-10-04T14:02:37Z,redis-cart,redis-cart,0,0,0,0,0,0,0
2026-10-04T14:02:37Z,redis-cart,shippingservice,0,0,0,0,0,0,0
2026-10-04T14:02:37Z,shippingservice,adservice,0,0,0,0,0,0,0
2026-10-04T14:02:37Z,shippingservice,cartservice,0,0,0,0,0,0,0
2026-10-04T14:02:37Z,shippingservice,checkoutservice,0,0,0,0,0,0,0
2026-10-04T14:02:37Z,shippingservice,currencyservice,0,0,0,0,0,0,0
2026-10-04T14:02:37Z,shippingservice,emailservice,0,0,0,0,0,0,0
2026-10-04T14:02:37Z,shippingservice,frontend,0,0,0,0,0,0,0
2026-10-04T14:02:37Z,shippingservice,kubernetes,0,0,0,0,0,0,0
2026-10-04T14:02:37Z,shippingservice,paymentservice,0,0,0,0,0,0,0
2026-10-04T14:02:37Z,shippingservice,productcatalogservice,0,0,0,0,0,0,0
2026-10-04T14:02:37Z,shippingservice,recommendationservice,0,0,0,0,0,0,0
2026-10-04T14:02:37Z,shippingservice,redis-cart,0,0,0,0,0,0,0
2026-10-04T14:02:37Z,shippingservice,shippingservice,0,0,0,0,0,0,0
2026-10-04T14:02:38Z,adservice,adservice,0,0,0,0,0,0,0
2026-10-04T14:02:38Z,adservice,cartservice,0,0,0,0,0,0,0
2026-10-04T14:02:38Z,adservice,checkoutservice,0,0,0,0,0,0,0
2026-10-04T14:02:38Z,adservice,currencyservice,0,0,0,0,0,0,0
2026-10-04T14:02:38Z,adservice,emailservice,0,0,0,0,0,0,0
2026-10-04T14:02:38Z,adservice,frontend,0,0,0,0,0,0,0
2026-10-04T14:02:38Z,adservice,kubernetes,0,0,0,0,0,0,0
2026-10-04T14:02:38Z,adservice,paymentservice,0,0,0,0,0,0,0
2026-10-04T14:02:38Z,adservice,productcatalogservice,0,0,0,0,0,0,0
2026-10-04T14:02:38Z,adservice,recommendationservice,0,0,0,0,0,0,0
2026-10-04T14:02:38Z,adservice,redis-cart,0,0,0,0,0,0,0
2026-10-04T14:02:38Z,adservice,shippingservice,0,0,0,0,0,0,0
2026-10-04T14:02:38Z,cartservice,adservice,0,0,0,0,0,0,0
2026-10-04T14:02:38Z,cartservice,cartservice,0,0,0,0,0,0,0
2026-10-04T14:02:38Z,cartservice,checkoutservice,0,0,0,0,0,0,0
2026-10-04T14:02:38Z,cartservice,currencyservice,0,0,0,0,0,0,0
2026-10-04T14:02:38Z,cartservice,emailservice,0,0,0,0,0,0,0
2026-10-04T14:02:38Z,cartservice,frontend,0,0,0,0,0,0,0
2026-10-04T14:02:38Z,cartservice,kubernetes,0,0,0,0,0,0,0
2026-10-04T14:02:38Z,cartservice,paymentservice,0,0,0,0,0,0,0
2026-10-04T14:02:38Z,cartservice,productcatalogservice,0,0,0,0,0,0,0
2026-10-04T14:02:38Z,cartservice,recommendationservice,0,0,0,0,0,0,0
2026-10-04T14:02:38Z,cartservice,redis-cart,2,0,0,0,0,0,0
2026-10-04T14:02:38Z,cartservice,shippingservice,0,0,0,0,0,0,0
2026-10-04T14:02:38Z,checkoutservice,adservice,0,0,0,0,0,0,0
2026-10-04T14:02:38Z,checkoutservice,cartservice,0,0,0,0,0,0,0
2026-10-04T14:02:38Z,checkoutservice,checkoutservice,0,0,0,0,0,0,0
2026-10-04T14:02:38Z,checkoutservice,currencyservice,0,0,0,0,0,0,0
2026-10-04T14:02:38Z,checkoutservice,emailservice,0,0,0,0,0,0,0
2026-10-04T14:02:38Z,checkoutservice,frontend,0,0,0,0,0,0,0
2026-10-04T14:02:38Z,checkoutservice,kubernetes,0,0,0,0,0,0,0
2026-10-04T14:02:38Z,checkoutservice,paymentservice,0,0,0,0,0,0,0
2026-10-04T14:02:38Z,checkoutservice,productcatalogservice,0,0,0,0,0,0,0
2026-10-04T14:02:38Z,checkoutservice,recommendationservice,0,0,0,0,0,0,0
2026-10-04T14:02:38Z,checkoutservice,redis-cart,0,0,0,0,0,0,0
2026-10-04T14:02:38Z,checkoutservice,shippingservice,0,0,0,0,0,0,0
2026-10-04T14:02:38Z,currencyservice,adservice,0,0,0,0,0,0,0
2026-10-04T14:02:38Z,currencyservice,cartservice,0,0,0,0,0,0,0
2026-10-04T14:02:38Z,currencyservice,checkoutservice,0,0,0,0,0,0,0
2026-10-04T14:02:38Z,currencyservice,currencyservice,0,0,0,0,0,0,0
2026-10-04T14:02:38Z,currencyservice,emailservice,0,0,0,0,0,0,0
2026-10-04T14:02:38Z,currencyservice,frontend,0,0,0,0,0,0,0
2026-10-04T14:02:38Z,currencyservice,kubernetes,0,0,0,0,0,0,0
2026-10-04T14:02:38Z,currencyservice,paymentservice,0,0,0,0,0,0,0
2026-10-04T14:02:38Z,currencyservice,productcatalogservice,0,0,0,0,0,0,0
2026-10-04T14:02:38Z,currencyservice,recommendationservice,0,0,0,0,0,0,0
2026-10-04T14:02:38Z,currencyservice,redis-cart,0,0,0,0,0,0,0
2026-10-04T14:02:38Z,currencyservice,shippingservice,0,0,0,0,0,0,0
2026-10-04T14:02:38Z,emailservice,adservice,0,0,0,0,0,0,0
2026-10-04T14:02:38Z,emailservice,cartservice,0,0,0,0,0,0,0
2026-10-04T14:02:38Z,emailservice,checkoutservice,0,0,0,0,0,0,0
2026-10-04T14:02:38Z,emailservice,currencyservice,0,0,0,0,0,0,0
2026-10-04T14:02:38Z,emailservice,emailservice,0,0,0,0,0,0,0
2026-10-04T14:02:38Z,emailservice,frontend,0,0,0,0,0,0,0
2026-10-04T14:02:38Z,emailservice,kubernetes,0,0,0,0,0,0,0
2026-10-04T14:02:38Z,emailservice,paymentservice,0,0,0,0,0,0,0
2026-10-04T14:02:38Z,emailservice,productcatalogservice,0,0,0,0,0,0,0
2026-10-04T14:02:38Z,emailservice,recommendationservice,0,0,0,0,0,0,0
2026-10-04T14:02:38Z,emailservice,redis-cart,0,0,0,0,0,0,0
2026-10-04T14:02:38Z,emailservice,shippingservice,0,0,0,0,0,0,0
2026-10-04T14:02:38Z,frontend,adservice,773781,773779,0,0,0,2334061,773779
2026-10-04T14:02:38Z,frontend,cartservice,1730573,1730561,0,0,4,9624535,1730561
2026-10-04T14:02:38Z,frontend,checkoutservice,354811,173691,0,34332,146696,55608828,173690
2026-10-04T14:02:38Z,frontend,currencyservice,2749584,2749577,0,0,0,14589993,2749577
2026-10-04T14:02:38Z,frontend,emailservice,0,0,0,0,0,0,0
2026-10-04T14:02:38Z,frontend,frontend,0,0,0,0,0,0,0
2026-10-04T14:02:38Z,frontend,kubernetes,0,0,0,0,0,0,0
2026-10-04T14:02:38Z,frontend,paymentservice,0,0,0,0,0,0,0
2026-10-04T14:02:38Z,frontend,productcatalogservice,7676840,7676779,0,0,0,52315430,7676779
2026-10-04T14:02:38Z,frontend,recommendationservice,2523996,1524786,0,104145,892890,769956520,1524786
2026-10-04T14:02:38Z,frontend,redis-cart,0,0,0,0,0,0,0
2026-10-04T14:02:38Z,frontend,shippingservice,283787,283785,0,0,0,858241,283785
2026-10-04T14:02:38Z,paymentservice,adservice,0,0,0,0,0,0,0
2026-10-04T14:02:38Z,paymentservice,cartservice,0,0,0,0,0,0,0
2026-10-04T14:02:38Z,paymentservice,checkoutservice,0,0,0,0,0,0,0
2026-10-04T14:02:38Z,paymentservice,currencyservice,0,0,0,0,0,0,0
2026-10-04T14:02:38Z,paymentservice,emailservice,0,0,0,0,0,0,0
2026-10-04T14:02:38Z,paymentservice,frontend,0,0,0,0,0,0,0
2026-10-04T14:02:38Z,paymentservice,kubernetes,0,0,0,0,0,0,0
2026-10-04T14:02:38Z,paymentservice,paymentservice,0,0,0,0,0,0,0
2026-10-04T14:02:38Z,paymentservice,productcatalogservice,0,0,0,0,0,0,0
2026-10-04T14:02:38Z,paymentservice,recommendationservice,0,0,0,0,0,0,0
2026-10-04T14:02:38Z,paymentservice,redis-cart,0,0,0,0,0,0,0
2026-10-04T14:02:38Z,paymentservice,shippingservice,0,0,0,0,0,0,0
2026-10-04T14:02:38Z,productcatalogservice,adservice,0,0,0,0,0,0,0
2026-10-04T14:02:38Z,productcatalogservice,cartservice,0,0,0,0,0,0,0
2026-10-04T14:02:38Z,productcatalogservice,checkoutservice,0,0,0,0,0,0,0
2026-10-04T14:02:38Z,productcatalogservice,currencyservice,0,0,0,0,0,0,0
2026-10-04T14:02:38Z,productcatalogservice,emailservice,0,0,0,0,0,0,0
2026-10-04T14:02:38Z,productcatalogservice,frontend,0,0,0,0,0,0,0
2026-10-04T14:02:38Z,productcatalogservice,kubernetes,0,0,0,0,0,0,0
2026-10-04T14:02:38Z,productcatalogservice,paymentservice,0,0,0,0,0,0,0
2026-10-04T14:02:38Z,productcatalogservice,productcatalogservice,0,0,0,0,0,0,0
2026-10-04T14:02:38Z,productcatalogservice,recommendationservice,0,0,0,0,0,0,0
2026-10-04T14:02:38Z,productcatalogservice,redis-cart,0,0,0,0,0,0,0
2026-10-04T14:02:38Z,productcatalogservice,shippingservice,0,0,0,0,0,0,0
2026-10-04T14:02:38Z,recommendationservice,adservice,0,0,0,0,0,0,0
2026-10-04T14:02:38Z,recommendationservice,cartservice,0,0,0,0,0,0,0
2026-10-04T14:02:38Z,recommendationservice,checkoutservice,0,0,0,0,0,0,0
2026-10-04T14:02:38Z,recommendationservice,currencyservice,0,0,0,0,0,0,0
2026-10-04T14:02:38Z,recommendationservice,emailservice,0,0,0,0,0,0,0
2026-10-04T14:02:38Z,recommendationservice,frontend,0,0,0,0,0,0,0
2026-10-04T14:02:38Z,recommendationservice,kubernetes,0,0,0,0,0,0,0
2026-10-04T14:02:38Z,recommendationservice,paymentservice,0,0,0,0,0,0,0
2026-10-04T14:02:38Z,recommendationservice,productcatalogservice,0,0,0,0,0,0,0
2026-10-04T14:02:38Z,recommendationservice,recommendationservice,0,0,0,0,0,0,0
2026-10-04T14:02:38Z,recommendationservice,redis-cart,0,0,0,0,0,0,0
2026-10-04T14:02:38Z,recommendationservice,shippingservice,0,0,0,0,0,0,0
2026-10-04T14:02:38Z,redis-cart,adservice,0,0,0,0,0,0,0
2026-10-04T14:02:38Z,redis-cart,cartservice,0,0,0,0,0,0,0
2026-10-04T14:02:38Z,redis-cart,checkoutservice,0,0,0,0,0,0,0
2026-10-04T14:02:38Z,redis-cart,currencyservice,0,0,0,0,0,0,0
2026-10-04T14:02:38Z,redis-cart,emailservice,0,0,0,0,0,0,0
2026-10-04T14:02:38Z,redis-cart,frontend,0,0,0,0,0,0,0
2026-10-04T14:02:38Z,redis-cart,kubernetes,0,0,0,0,0,0,0
2026-10-04T14:02:38Z,redis-cart,paymentservice,0,0,0,0,0,0,0
2026-10-04T14:02:38Z,redis-cart,productcatalogservice,0,0,0,0,0,0,0
2026-10-04T14:02:38Z,redis-cart,recommendationservice,0,0,0,0,0,0,0
2026-10-04T14:02:38Z,redis-cart,redis-cart,0,0,0,0,0,0,0
2026-10-04T14:02:38Z,redis-cart,shippingservice,0,0,0,0,0,0,0
2026-10-04T14:02:38Z,shippingservice,adservice,0,0,0,0,0,0,0
2026-10-04T14:02:38Z,shippingservice,cartservice,0,0,0,0,0,0,0
2026-10-04T14:02:38Z,shippingservice,checkoutservice,0,0,0,0,0,0,0
2026-10-04T14:02:38Z,shippingservice,currencyservice,0,0,0,0,0,0,0
2026-10-04T14:02:38Z,shippingservice,emailservice,0,0,0,0,0,0,0
2026-10-04T14:02:38Z,shippingservice,frontend,0,0,0,0,0,0,0
2026-10-04T14:02:38Z,shippingservice,kubernetes,0,0,0,0,0,0,0
2026-10-04T14:02:38Z,shippingservice,paymentservice,0,0,0,0,0,0,0
2026-10-04T14:02:38Z,shippingservice,productcatalogservice,0,0,0,0,0,0,0
2026-10-04T14:02:38Z,shippingservice,recommendationservice,0,0,0,0,0,0,0
2026-10-04T14:02:38Z,shippingservice,redis-cart,0,0,0,0,0,0,0
2026-10-04T14:02:38Z,shippingservice,shippingservice,0,0,0,0,0,0,0
2026-10-04T14:02:39Z,adservice,adservice,0,0,0,0,0,0,0
2026-10-04T14:02:39Z,adservice,cartservice,0,0,0,0,0,0,0
2026-10-04T14:02:39Z,adservice,checkoutservice,0,0,0,0,0,0,0
2026-10-04T14:02:39Z,adservice,currencyservice,0,0,0,0,0,0,0
2026-10-04T14:02:39Z,adservice,emailservice,0,0,0,0,0,0,0
2026-10-04T14:02:39Z,adservice,frontend,0,0,0,0,0,0,0
2026-10-04T14:02:39Z,adservice,kubernetes,0,0,0,0,0,0,0
2026-10-04T14:02:39Z,adservice,paymentservice,0,0,0,0,0,0,0
2026-10-04T14:02:39Z,adservice,productcatalogservice,0,0,0,0,0,0,0
2026-10-04T14:02:39Z,adservice,recommendationservice,0,0,0,0,0,0,0
2026-10-04T14:02:39Z,adservice,redis-cart,0,0,0,0,0,0,0
2026-10-04T14:02:39Z,adservice,shippingservice,0,0,0,0,0,0,0
2026-10-04T14:02:39Z,cartservice,adservice,0,0,0,0,0,0,0
2026-10-04T14:02:39Z,cartservice,cartservice,0,0,0,0,0,0,0
2026-10-04T14:02:39Z,cartservice,checkoutservice,0,0,0,0,0,0,0
2026-10-04T14:02:39Z,cartservice,currencyservice,0,0,0,0,0,0,0
2026-10-04T14:02:39Z,cartservice,emailservice,0,0,0,0,0,0,0
2026-10-04T14:02:39Z,cartservice,frontend,0,0,0,0,0,0,0
2026-10-04T14:02:39Z,cartservice,kubernetes,0,0,0,0,0,0,0
2026-10-04T14:02:39Z,cartservice,paymentservice,0,0,0,0,0,0,0
2026-10-04T14:02:39Z,cartservice,productcatalogservice,0,0,0,0,0,0,0
2026-10-04T14:02:39Z,cartservice,recommendationservice,0,0,0,0,0,0,0
2026-10-04T14:02:39Z,cartservice,redis-cart,2,0,0,0,0,0,0
2026-10-04T14:02:39Z,cartservice,shippingservice,0,0,0,0,0,0,0
2026-10-04T14:02:39Z,checkoutservice,adservice,0,0,0,0,0,0,0
2026-10-04T14:02:39Z,checkoutservice,cartservice,0,0,0,0,0,0,0
2026-10-04T14:02:39Z,checkoutservice,checkoutservice,0,0,0,0,0,0,0
2026-10-04T14:02:39Z,checkoutservice,currencyservice,0,0,0,0,0,0,0
2026-10-04T14:02:39Z,checkoutservice,emailservice,0,0,0,0,0,0,0
2026-10-04T14:02:39Z,checkoutservice,frontend,0,0,0,0,0,0,0
2026-10-04T14:02:39Z,checkoutservice,kubernetes,0,0,0,0,0,0,0
2026-10-04T14:02:39Z,checkoutservice,paymentservice,0,0,0,0,0,0,0
2026-10-04T14:02:39Z,checkoutservice,productcatalogservice,0,0,0,0,0,0,0
2026-10-04T14:02:39Z,checkoutservice,recommendationservice,0,0,0,0,0,0,0
2026-10-04T14:02:39Z,checkoutservice,redis-cart,0,0,0,0,0,0,0
2026-10-04T14:02:39Z,checkoutservice,shippingservice,0,0,0,0,0,0,0
2026-10-04T14:02:39Z,currencyservice,adservice,0,0,0,0,0,0,0
2026-10-04T14:02:39Z,currencyservice,cartservice,0,0,0,0,0,0,0
2026-10-04T14:02:39Z,currencyservice,checkoutservice,0,0,0,0,0,0,0
2026-10-04T14:02:39Z,currencyservice,currencyservice,0,0,0,0,0,0,0
2026-10-04T14:02:39Z,currencyservice,emailservice,0,0,0,0,0,0,0
2026-10-04T14:02:39Z,currencyservice,frontend,0,0,0,0,0,0,0
2026-10-04T14:02:39Z,currencyservice,kubernetes,0,0,0,0,0,0,0
2026-10-04T14:02:39Z,currencyservice,paymentservice,0,0,0,0,0,0,0
2026-10-04T14:02:39Z,currencyservice,productcatalogservice,0,0,0,0,0,0,0
2026-10-04T14:02:39Z,currencyservice,recommendationservice,0,0,0,0,0,0,0
2026-10-04T14:02:39Z,currencyservice,redis-cart,0,0,0,0,0,0,0
2026-10-04T14:02:39Z,currencyservice,shippingservice,0,0,0,0,0,0,0
2026-10-04T14:02:39Z,emailservice,adservice,0,0,0,0,0,0,0
2026-10-04T14:02:39Z,emailservice,cartservice,0,0,0,0,0,0,0
2026-10-04T14:02:39Z,emailservice,checkoutservice,0,0,0,0,0,0,0
2026-10-04T14:02:39Z,emailservice,currencyservice,0,0,0,0,0,0,0
2026-10-04T14:02:39Z,emailservice,emailservice,0,0,0,0,0,0,0
2026-10-04T14:02:39Z,emailservice,frontend,0,0,0,0,0,0,0
2026-10-04T14:02:39Z,emailservice,kubernetes,0,0,0,0,0,0,0
2026-10-04T14:02:39Z,emailservice,paymentservice,0,0,0,0,0,0,0
2026-10-04T14:02:39Z,emailservice,productcatalogservice,0,0,0,0,0,0,0
2026-10-04T14:02:39Z,emailservice,recommendationservice,0,0,0,0,0,0,0
2026-10-04T14:02:39Z,emailservice,redis-cart,0,0,0,0,0,0,0
2026-10-04T14:02:39Z,emailservice,shippingservice,0,0,0,0,0,0,0
2026-10-04T14:02:39Z,frontend,adservice,773781,773779,0,0,0,2334061,773779
2026-10-04T14:02:39Z,frontend,cartservice,1730573,1730561,0,0,4,9624535,1730561
2026-10-04T14:02:39Z,frontend,checkoutservice,354811,173691,0,34332,146696,55608828,173690
2026-10-04T14:02:39Z,frontend,currencyservice,2749584,2749577,0,0,0,14589993,2749577
2026-10-04T14:02:39Z,frontend,emailservice,0,0,0,0,0,0,0
2026-10-04T14:02:39Z,frontend,frontend,0,0,0,0,0,0,0
2026-10-04T14:02:39Z,frontend,kubernetes,0,0,0,0,0,0,0
2026-10-04T14:02:39Z,frontend,paymentservice,0,0,0,0,0,0,0
2026-10-04T14:02:39Z,frontend,productcatalogservice,7676840,7676779,0,0,0,52315430,7676779
2026-10-04T14:02:39Z,frontend,recommendationservice,2523996,1524786,0,104145,892890,769956520,1524786
2026-10-04T14:02:39Z,frontend,redis-cart,0,0,0,0,0,0,0
2026-10-04T14:02:39Z,frontend,shippingservice,283787,283785,0,0,0,858241,283785
2026-10-04T14:02:39Z,paymentservice,adservice,0,0,0,0,0,0,0
2026-10-04T14:02:39Z,paymentservice,cartservice,0,0,0,0,0,0,0
2026-10-04T14:02:39Z,paymentservice,checkoutservice,0,0,0,0,0,0,0
2026-10-04T14:02:39Z,paymentservice,currencyservice,0,0,0,0,0,0,0
2026-10-04T14:02:39Z,paymentservice,emailservice,0,0,0,0,0,0,0
2026-10-04T14:02:39Z,paymentservice,frontend,0,0,0,0,0,0,0
2026-10-04T14:02:39Z,paymentservice,kubernetes,0,0,0,0,0,0,0
2026-10-04T14:02:39Z,paymentservice,paymentservice,0,0,0,0,0,0,0
2026-10-04T14:02:39Z,paymentservice,productcatalogservice,0,0,0,0,0,0,0
2026-10-04T14:02:39Z,paymentservice,recommendationservice,0,0,0,0,0,0,0
2026-10-04T14:02:39Z,paymentservice,redis-cart,0,0,0,0,0,0,0
2026-10-04T14:02:39Z,paymentservice,shippingservice,0,0,0,0,0,0,0
2026-10-04T14:02:39Z,productcatalogservice,adservice,0,0,0,0,0,0,0
2026-10-04T14:02:39Z,productcatalogservice,cartservice,0,0,0,0,0,0,0
2026-10-04T14:02:39Z,productcatalogservice,checkoutservice,0,0,0,0,0,0,0
2026-10-04T14:02:39Z,productcatalogservice,currencyservice,0,0,0,0,0,0,0
2026-10-04T14:02:39Z,productcatalogservice,emailservice,0,0,0,0,0,0,0
2026-10-04T14:02:39Z,productcatalogservice,frontend,0,0,0,0,0,0,0
2026-10-04T14:02:39Z,productcatalogservice,kubernetes,0,0,0,0,0,0,0
2026-10-04T14:02:39Z,productcatalogservice,paymentservice,0,0,0,0,0,0,0
2026-10-04T14:02:39Z,productcatalogservice,productcatalogservice,0,0,0,0,0,0,0
2026-10-04T14:02:39Z,productcatalogservice,recommendationservice,0,0,0,0,0,0,0
2026-10-04T14:02:39Z,productcatalogservice,redis-cart,0,0,0,0,0,0,0
2026-10-04T14:02:39Z,productcatalogservice,shippingservice,0,0,0,0,0,0,0
2026-10-04T14:02:39Z,recommendationservice,adservice,0,0,0,0,0,0,0
2026-10-04T14:02:39Z,recommendationservice,cartservice,0,0,0,0,0,0,0
2026-10-04T14:02:39Z,recommendationservice,checkoutservice,0,0,0,0,0,0,0
2026-10-04T14:02:39Z,recommendationservice,currencyservice,0,0,0,0,0,0,0
2026-10-04T14:02:39Z,recommendationservice,emailservice,0,0,0,0,0,0,0
2026-10-04T14:02:39Z,recommendationservice,frontend,0,0,0,0,0,0,0
2026-10-04T14:02:39Z,recommendationservice,kubernetes,0,0,0,0,0,0,0
2026-10-04T14:02:39Z,recommendationservice,paymentservice,0,0,0,0,0,0,0
2026-10-04T14:02:39Z,recommendationservice,productcatalogservice,0,0,0,0,0,0,0
2026-10-04T14:02:39Z,recommendationservice,recommendationservice,0,0,0,0,0,0,0
2026-10-04T14:02:39Z,recommendationservice,redis-cart,0,0,0,0,0,0,0
2026-10-04T14:02:39Z,recommendationservice,shippingservice,0,0,0,0,0,0,0
2026-10-04T14:02:39Z,redis-cart,adservice,0,0,0,0,0,0,0
2026-10-04T14:02:39Z,redis-cart,cartservice,0,0,0,0,0,0,0
2026-10-04T14:02:39Z,redis-cart,checkoutservice,0,0,0,0,0,0,0
2026-10-04T14:02:39Z,redis-cart,currencyservice,0,0,0,0,0,0,0
2026-10-04T14:02:39Z,redis-cart,emailservice,0,0,0,0,0,0,0
2026-10-04T14:02:39Z,redis-cart,frontend,0,0,0,0,0,0,0
2026-10-04T14:02:39Z,redis-cart,kubernetes,0,0,0,0,0,0,0
2026-10-04T14:02:39Z,redis-cart,paymentservice,0,0,0,0,0,0,0
2026-10-04T14:02:39Z,redis-cart,productcatalogservice,0,0,0,0,0,0,0
2026-10-04T14:02:39Z,redis-cart,recommendationservice,0,0,0,0,0,0,0
2026-10-04T14:02:39Z,redis-cart,redis-cart,0,0,0,0,0,0,0
2026-10-04T14:02:39Z,redis-cart,shippingservice,0,0,0,0,0,0,0
2026-10-04T14:02:39Z,shippingservice,adservice,0,0,0,0,0,0,0
2026-10-04T14:02:39Z,shippingservice,cartservice,0,0,0,0,0,0,0
2026-10-04T14:02:39Z,shippingservice,checkoutservice,0,0,0,0,0,0,0
2026-10-04T14:02:39Z,shippingservice,currencyservice,0,0,0,0,0,0,0
2026-10-04T14:02:39Z,shippingservice,emailservice,0,0,0,0,0,0,0
2026-10-04T14:02:39Z,shippingservice,frontend,0,0,0,0,0,0,0
2026-10-04T14:02:39Z,shippingservice,kubernetes,0,0,0,0,0,0,0
2026-10-04T14:02:39Z,shippingservice,paymentservice,0,0,0,0,0,0,0
2026-10-04T14:02:39Z,shippingservice,productcatalogservice,0,0,0,0,0,0,0
2026-10-04T14:02:39Z,shippingservice,recommendationservice,0,0,0,0,0,0,0
2026-10-04T14:02:39Z,shippingservice,redis-cart,0,0,0,0,0,0,0
2026-10-04T14:02:39Z,shippingservice,shippingservice,0,0,0,0,0,0,0
2026-10-04T14:02:40Z,adservice,adservice,0,0,0,0,0,0,0
2026-10-04T14:02:40Z,adservice,cartservice,0,0,0,0,0,0,0
2026-10-04T14:02:40Z,adservice,checkoutservice,0,0,0,0,0,0,0
2026-10-04T14:02:40Z,adservice,currencyservice,0,0,0,0,0,0,0
2026-10-04T14:02:40Z,adservice,emailservice,0,0,0,0,0,0,0
2026-10-04T14:02:40Z,adservice,frontend,0,0,0,0,0,0,0
2026-10-04T14:02:40Z,adservice,kubernetes,0,0,0,0,0,0,0
2026-10-04T14:02:40Z,adservice,paymentservice,0,0,0,0,0,0,0
2026-10-04T14:02:40Z,adservice,productcatalogservice,0,0,0,0,0,0,0
2026-10-04T14:02:40Z,adservice,recommendationservice,0,0,0,0,0,0,0
2026-10-04T14:02:40Z,adservice,redis-cart,0,0,0,0,0,0,0
2026-10-04T14:02:40Z,adservice,shippingservice,0,0,0,0,0,0,0
2026-10-04T14:02:40Z,cartservice,adservice,0,0,0,0,0,0,0
2026-10-04T14:02:40Z,cartservice,cartservice,0,0,0,0,0,0,0
2026-10-04T14:02:40Z,cartservice,checkoutservice,0,0,0,0,0,0,0
2026-10-04T14:02:40Z,cartservice,currencyservice,0,0,0,0,0,0,0
2026-10-04T14:02:40Z,cartservice,emailservice,0,0,0,0,0,0,0
2026-10-04T14:02:40Z,cartservice,frontend,0,0,0,0,0,0,0
2026-10-04T14:02:40Z,cartservice,kubernetes,0,0,0,0,0,0,0
2026-10-04T14:02:40Z,cartservice,paymentservice,0,0,0,0,0,0,0
2026-10-04T14:02:40Z,cartservice,productcatalogservice,0,0,0,0,0,0,0
2026-10-04T14:02:40Z,cartservice,recommendationservice,0,0,0,0,0,0,0
2026-10-04T14:02:40Z,cartservice,redis-cart,2,0,0,0,0,0,0
2026-10-04T14:02:40Z,cartservice,shippingservice,0,0,0,0,0,0,0
2026-10-04T14:02:40Z,checkoutservice,adservice,0,0,0,0,0,0,0
2026-10-04T14:02:40Z,checkoutservice,cartservice,0,0,0,0,0,0,0
2026-10-04T14:02:40Z,checkoutservice,checkoutservice,0,0,0,0,0,0,0
2026-10-04T14:02:40Z,checkoutservice,currencyservice,0,0,0,0,0,0,0
2026-10-04T14:02:40Z,checkoutservice,emailservice,0,0,0,0,0,0,0
2026-10-04T14:02:40Z,checkoutservice,frontend,0,0,0,0,0,0,0
2026-10-04T14:02:40Z,checkoutservice,kubernetes,0,0,0,0,0,0,0
2026-10-04T14:02:40Z,checkoutservice,paymentservice,0,0,0,0,0,0,0
2026-10-04T14:02:40Z,checkoutservice,productcatalogservice,0,0,0,0,0,0,0
2026-10-04T14:02:40Z,checkoutservice,recommendationservice,0,0,0,0,0,0,0
2026-10-04T14:02:40Z,checkoutservice,redis-cart,0,0,0,0,0,0,0
2026-10-04T14:02:40Z,checkoutservice,shippingservice,0,0,0,0,0,0,0
2026-10-04T14:02:40Z,currencyservice,adservice,0,0,0,0,0,0,0
2026-10-04T14:02:40Z,currencyservice,cartservice,0,0,0,0,0,0,0
2026-10-04T14:02:40Z,currencyservice,checkoutservice,0,0,0,0,0,0,0
2026-10-04T14:02:40Z,currencyservice,currencyservice,0,0,0,0,0,0,0
2026-10-04T14:02:40Z,currencyservice,emailservice,0,0,0,0,0,0,0
2026-10-04T14:02:40Z,currencyservice,frontend,0,0,0,0,0,0,0
2026-10-04T14:02:40Z,currencyservice,kubernetes,0,0,0,0,0,0,0
2026-10-04T14:02:40Z,currencyservice,paymentservice,0,0,0,0,0,0,0
2026-10-04T14:02:40Z,currencyservice,productcatalogservice,0,0,0,0,0,0,0
2026-10-04T14:02:40Z,currencyservice,recommendationservice,0,0,0,0,0,0,0
2026-10-04T14:02:40Z,currencyservice,redis-cart,0,0,0,0,0,0,0
2026-10-04T14:02:40Z,currencyservice,shippingservice,0,0,0,0,0,0,0
2026-10-04T14:02:40Z,emailservice,adservice,0,0,0,0,0,0,0
2026-10-04T14:02:40Z,emailservice,cartservice,0,0,0,0,0,0,0
2026-10-04T14:02:40Z,emailservice,checkoutservice,0,0,0,0,0,0,0
2026-10-04T14:02:40Z,emailservice,currencyservice,0,0,0,0,0,0,0
2026-10-04T14:02:40Z,emailservice,emailservice,0,0,0,0,0,0,0
2026-10-04T14:02:40Z,emailservice,frontend,0,0,0,0,0,0,0
2026-10-04T14:02:40Z,emailservice,kubernetes,0,0,0,0,0,0,0
2026-10-04T14:02:40Z,emailservice,paymentservice,0,0,0,0,0,0,0
2026-10-04T14:02:40Z,emailservice,productcatalogservice,0,0,0,0,0,0,0
2026-10-04T14:02:40Z,emailservice,recommendationservice,0,0,0,0,0,0,0
2026-10-04T14:02:40Z,emailservice,redis-cart,0,0,0,0,0,0,0
2026-10-04T14:02:40Z,emailservice,shippingservice,0,0,0,0,0,0,0
2026-10-04T14:02:40Z,frontend,adservice,773781,773779,0,0,0,2334061,773779
2026-10-04T14:02:40Z,frontend,cartservice,1730573,1730561,0,0,4,9624535,1730561
2026-10-04T14:02:40Z,frontend,checkoutservice,354811,173691,0,34332,146696,55608828,173690
2026-10-04T14:02:40Z,frontend,currencyservice,2749584,2749577,0,0,0,14589993,2749577
2026-10-04T14:02:40Z,frontend,emailservice,0,0,0,0,0,0,0
2026-10-04T14:02:40Z,frontend,frontend,0,0,0,0,0,0,0
2026-10-04T14:02:40Z,frontend,kubernetes,0,0,0,0,0,0,0
2026-10-04T14:02:40Z,frontend,paymentservice,0,0,0,0,0,0,0
2026-10-04T14:02:40Z,frontend,productcatalogservice,7676840,7676779,0,0,0,52315430,7676779
2026-10-04T14:02:40Z,frontend,recommendationservice,2523996,1524786,0,104145,892890,769956520,1524786
2026-10-04T14:02:40Z,frontend,redis-cart,0,0,0,0,0,0,0
2026-10-04T14:02:40Z,frontend,shippingservice,283787,283785,0,0,0,858241,283785
2026-10-04T14:02:40Z,paymentservice,adservice,0,0,0,0,0,0,0
2026-10-04T14:02:40Z,paymentservice,cartservice,0,0,0,0,0,0,0
2026-10-04T14:02:40Z,paymentservice,checkoutservice,0,0,0,0,0,0,0
2026-10-04T14:02:40Z,paymentservice,currencyservice,0,0,0,0,0,0,0
2026-10-04T14:02:40Z,paymentservice,emailservice,0,0,0,0,0,0,0
2026-10-04T14:02:40Z,paymentservice,frontend,0,0,0,0,0,0,0
2026-10-04T14:02:40Z,paymentservice,kubernetes,0,0,0,0,0,0,0
2026-10-04T14:02:40Z,paymentservice,paymentservice,0,0,0,0,0,0,0
2026-10-04T14:02:40Z,paymentservice,productcatalogservice,0,0,0,0,0,0,0
2026-10-04T14:02:40Z,paymentservice,recommendationservice,0,0,0,0,0,0,0
2026-10-04T14:02:40Z,paymentservice,redis-cart,0,0,0,0,0,0,0
2026-10-04T14:02:40Z,paymentservice,shippingservice,0,0,0,0,0,0,0
2026-10-04T14:02:40Z,productcatalogservice,adservice,0,0,0,0,0,0,0
2026-10-04T14:02:40Z,productcatalogservice,cartservice,0,0,0,0,0,0,0
2026-10-04T14:02:40Z,productcatalogservice,checkoutservice,0,0,0,0,0,0,0
2026-10-04T14:02:40Z,productcatalogservice,currencyservice,0,0,0,0,0,0,0
2026-10-04T14:02:40Z,productcatalogservice,emailservice,0,0,0,0,0,0,0
2026-10-04T14:02:40Z,productcatalogservice,frontend,0,0,0,0,0,0,0
2026-10-04T14:02:40Z,productcatalogservice,kubernetes,0,0,0,0,0,0,0
2026-10-04T14:02:40Z,productcatalogservice,paymentservice,0,0,0,0,0,0,0
2026-10-04T14:02:40Z,productcatalogservice,productcatalogservice,0,0,0,0,0,0,0
2026-10-04T14:02:40Z,productcatalogservice,recommendationservice,0,0,0,0,0,0,0
2026-10-04T14:02:40Z,productcatalogservice,redis-cart,0,0,0,0,0,0,0
2026-10-04T14:02:40Z,productcatalogservice,shippingservice,0,0,0,0,0,0,0
2026-10-04T14:02:40Z,recommendationservice,adservice,0,0,0,0,0,0,0
2026-10-04T14:02:40Z,recommendationservice,cartservice,0,0,0,0,0,0,0
2026-10-04T14:02:40Z,recommendationservice,checkoutservice,0,0,0,0,0,0,0
2026-10-04T14:02:40Z,recommendationservice,currencyservice,0,0,0,0,0,0,0
2026-10-04T14:02:40Z,recommendationservice,emailservice,0,0,0,0,0,0,0
2026-10-04T14:02:40Z,recommendationservice,frontend,0,0,0,0,0,0,0
2026-10-04T14:02:40Z,recommendationservice,kubernetes,0,0,0,0,0,0,0
2026-10-04T14:02:40Z,recommendationservice,paymentservice,0,0,0,0,0,0,0
2026-10-04T14:02:40Z,recommendationservice,productcatalogservice,0,0,0,0,0,0,0
2026-10-04T14:02:40Z,recommendationservice,recommendationservice,0,0,0,0,0,0,0
2026-10-04T14:02:40Z,recommendationservice,redis-cart,0,0,0,0,0,0,0
2026-10-04T14:02:40Z,recommendationservice,shippingservice,0,0,0,0,0,0,0
2026-10-04T14:02:40Z,redis-cart,adservice,0,0,0,0,0,0,0
2026-10-04T14:02:40Z,redis-cart,cartservice,0,0,0,0,0,0,0
2026-10-04T14:02:40Z,redis-cart,checkoutservice,0,0,0,0,0,0,0
2026-10-04T14:02:40Z,redis-cart,currencyservice,0,0,0,0,0,0,0
2026-10-04T14:02:40Z,redis-cart,emailservice,0,0,0,0,0,0,0
2026-10-04T14:02:40Z,redis-cart,frontend,0,0,0,0,0,0,0
2026-10-04T14:02:40Z,redis-cart,kubernetes,0,0,0,0,0,0,0
2026-10-04T14:02:40Z,redis-cart,paymentservice,0,0,0,0,0,0,0
2026-10-04T14:02:40Z,redis-cart,productcatalogservice,0,0,0,0,0,0,0
2026-10-04T14:02:40Z,redis-cart,recommendationservice,0,0,0,0,0,0,0
2026-10-04T14:02:40Z,redis-cart,redis-cart,0,0,0,0,0,0,0
2026-10-04T14:02:40Z,redis-cart,shippingservice,0,0,0,0,0,0,0
2026-10-04T14:02:40Z,shippingservice,adservice,0,0,0,0,0,0,0
2026-10-04T14:02:40Z,shippingservice,cartservice,0,0,0,0,0,0,0
2026-10-04T14:02:40Z,shippingservice,checkoutservice,0,0,0,0,0,0,0
2026-10-04T14:02:40Z,shippingservice,currencyservice,0,0,0,0,0,0,0
2026-10-04T14:02:40Z,shippingservice,emailservice,0,0,0,0,0,0,0
2026-10-04T14:02:40Z,shippingservice,frontend,0,0,0,0,0,0,0
2026-10-04T14:02:40Z,shippingservice,kubernetes,0,0,0,0,0,0,0
2026-10-04T14:02:40Z,shippingservice,paymentservice,0,0,0,0,0,0,0
2026-10-04T14:02:40Z,shippingservice,productcatalogservice,0,0,0,0,0,0,0
2026-10-04T14:02:40Z,shippingservice,recommendationservice,0,0,0,0,0,0,0
2026-10-04T14:02:40Z,shippingservice,redis-cart,0,0,0,0,0,0,0
2026-10-04T14:02:40Z,shippingservice,shippingservice,0,0,0,0,0,0,0
2026-10-04T14:02:41Z,adservice,adservice,0,0,0,0,0,0,0
2026-10-04T14:02:41Z,adservice,cartservice,0,0,0,0,0,0,0
2026-10-04T14:02:41Z,adservice,checkoutservice,0,0,0,0,0,0,0
2026-10-04T14:02:41Z,adservice,currencyservice,0,0,0,0,0,0,0
2026-10-04T14:02:41Z,adservice,emailservice,0,0,0,0,0,0,0
2026-10-04T14:02:41Z,adservice,frontend,0,0,0,0,0,0,0
2026-10-04T14:02:41Z,adservice,kubernetes,0,0,0,0,0,0,0
2026-10-04T14:02:41Z,adservice,paymentservice,0,0,0,0,0,0,0
2026-10-04T14:02:41Z,adservice,productcatalogservice,0,0,0,0,0,0,0
2026-10-04T14:02:41Z,adservice,recommendationservice,0,0,0,0,0,0,0
2026-10-04T14:02:41Z,adservice,redis-cart,0,0,0,0,0,0,0
2026-10-04T14:02:41Z,adservice,shippingservice,0,0,0,0,0,0,0
2026-10-04T14:02:41Z,cartservice,adservice,0,0,0,0,0,0,0
2026-10-04T14:02:41Z,cartservice,cartservice,0,0,0,0,0,0,0
2026-10-04T14:02:41Z,cartservice,checkoutservice,0,0,0,0,0,0,0
2026-10-04T14:02:41Z,cartservice,currencyservice,0,0,0,0,0,0,0
2026-10-04T14:02:41Z,cartservice,emailservice,0,0,0,0,0,0,0
2026-10-04T14:02:41Z,cartservice,frontend,0,0,0,0,0,0,0
2026-10-04T14:02:41Z,cartservice,kubernetes,0,0,0,0,0,0,0
2026-10-04T14:02:41Z,cartservice,paymentservice,0,0,0,0,0,0,0
2026-10-04T14:02:41Z,cartservice,productcatalogservice,0,0,0,0,0,0,0
2026-10-04T14:02:41Z,cartservice,recommendationservice,0,0,0,0,0,0,0
2026-10-04T14:02:41Z,cartservice,redis-cart,2,0,0,0,0,0,0
2026-10-04T14:02:41Z,cartservice,shippingservice,0,0,0,0,0,0,0
2026-10-04T14:02:41Z,checkoutservice,adservice,0,0,0,0,0,0,0
2026-10-04T14:02:41Z,checkoutservice,cartservice,0,0,0,0,0,0,0
2026-10-04T14:02:41Z,checkoutservice,checkoutservice,0,0,0,0,0,0,0
2026-10-04T14:02:41Z,checkoutservice,currencyservice,0,0,0,0,0,0,0
2026-10-04T14:02:41Z,checkoutservice,emailservice,0,0,0,0,0,0,0
2026-10-04T14:02:41Z,checkoutservice,frontend,0,0,0,0,0,0,0
2026-10-04T14:02:41Z,checkoutservice,kubernetes,0,0,0,0,0,0,0
2026-10-04T14:02:41Z,checkoutservice,paymentservice,0,0,0,0,0,0,0
2026-10-04T14:02:41Z,checkoutservice,productcatalogservice,0,0,0,0,0,0,0
2026-10-04T14:02:41Z,checkoutservice,recommendationservice,0,0,0,0,0,0,0
2026-10-04T14:02:41Z,checkoutservice,redis-cart,0,0,0,0,0,0,0
2026-10-04T14:02:41Z,checkoutservice,shippingservice,0,0,0,0,0,0,0
2026-10-04T14:02:41Z,currencyservice,adservice,0,0,0,0,0,0,0
2026-10-04T14:02:41Z,currencyservice,cartservice,0,0,0,0,0,0,0
2026-10-04T14:02:41Z,currencyservice,checkoutservice,0,0,0,0,0,0,0
2026-10-04T14:02:41Z,currencyservice,currencyservice,0,0,0,0,0,0,0
2026-10-04T14:02:41Z,currencyservice,emailservice,0,0,0,0,0,0,0
2026-10-04T14:02:41Z,currencyservice,frontend,0,0,0,0,0,0,0
2026-10-04T14:02:41Z,currencyservice,kubernetes,0,0,0,0,0,0,0
2026-10-04T14:02:41Z,currencyservice,paymentservice,0,0,0,0,0,0,0
2026-10-04T14:02:41Z,currencyservice,productcatalogservice,0,0,0,0,0,0,0
2026-10-04T14:02:41Z,currencyservice,recommendationservice,0,0,0,0,0,0,0
2026-10-04T14:02:41Z,currencyservice,redis-cart,0,0,0,0,0,0,0
2026-10-04T14:02:41Z,currencyservice,shippingservice,0,0,0,0,0,0,0
2026-10-04T14:02:41Z,emailservice,adservice,0,0,0,0,0,0,0
2026-10-04T14:02:41Z,emailservice,cartservice,0,0,0,0,0,0,0
2026-10-04T14:02:41Z,emailservice,checkoutservice,0,0,0,0,0,0,0
2026-10-04T14:02:41Z,emailservice,currencyservice,0,0,0,0,0,0,0
2026-10-04T14:02:41Z,emailservice,emailservice,0,0,0,0,0,0,0
2026-10-04T14:02:41Z,emailservice,frontend,0,0,0,0,0,0,0
2026-10-04T14:02:41Z,emailservice,kubernetes,0,0,0,0,0,0,0
2026-10-04T14:02:41Z,emailservice,paymentservice,0,0,0,0,0,0,0
2026-10-04T14:02:41Z,emailservice,productcatalogservice,0,0,0,0,0,0,0
2026-10-04T14:02:41Z,emailservice,recommendationservice,0,0,0,0,0,0,0
2026-10-04T14:02:41Z,emailservice,redis-cart,0,0,0,0,0,0,0
2026-10-04T14:02:41Z,emailservice,shippingservice,0,0,0,0,0,0,0
2026-10-04T14:02:41Z,frontend,adservice,773781,773779,0,0,0,2334061,773779
2026-10-04T14:02:41Z,frontend,cartservice,1730573,1730561,0,0,4,9624535,1730561
2026-10-04T14:02:41Z,frontend,checkoutservice,354811,173691,0,34332,146696,55608828,173690
2026-10-04T14:02:41Z,frontend,currencyservice,2749584,2749577,0,0,0,14589993,2749577
2026-10-04T14:02:41Z,frontend,emailservice,0,0,0,0,0,0,0
2026-10-04T14:02:41Z,frontend,frontend,0,0,0,0,0,0,0
2026-10-04T14:02:41Z,frontend,kubernetes,0,0,0,0,0,0,0
2026-10-04T14:02:41Z,frontend,paymentservice,0,0,0,0,0,0,0
2026-10-04T14:02:41Z,frontend,productcatalogservice,7676840,7676779,0,0,0,52315430,7676779
2026-10-04T14:02:41Z,frontend,recommendationservice,2523996,1524786,0,104145,892890,769956520,1524786
2026-10-04T14:02:41Z,frontend,redis-cart,0,0,0,0,0,0,0
2026-10-04T14:02:41Z,frontend,shippingservice,283787,283785,0,0,0,858241,283785
2026-10-04T14:02:41Z,paymentservice,adservice,0,0,0,0,0,0,0
2026-10-04T14:02:41Z,paymentservice,cartservice,0,0,0,0,0,0,0
2026-10-04T14:02:41Z,paymentservice,checkoutservice,0,0,0,0,0,0,0
2026-10-04T14:02:41Z,paymentservice,currencyservice,0,0,0,0,0,0,0
2026-10-04T14:02:41Z,paymentservice,emailservice,0,0,0,0,0,0,0
2026-10-04T14:02:41Z,paymentservice,frontend,0,0,0,0,0,0,0
2026-10-04T14:02:41Z,paymentservice,kubernetes,0,0,0,0,0,0,0
2026-10-04T14:02:41Z,paymentservice,paymentservice,0,0,0,0,0,0,0
2026-10-04T14:02:41Z,paymentservice,productcatalogservice,0,0,0,0,0,0,0
2026-10-04T14:02:41Z,paymentservice,recommendationservice,0,0,0,0,0,0,0
2026-10-04T14:02:41Z,paymentservice,redis-cart,0,0,0,0,0,0,0
2026-10-04T14:02:41Z,paymentservice,shippingservice,0,0,0,0,0,0,0
2026-10-04T14:02:41Z,productcatalogservice,adservice,0,0,0,0,0,0,0
2026-10-04T14:02:41Z,productcatalogservice,cartservice,0,0,0,0,0,0,0
2026-10-04T14:02:41Z,productcatalogservice,checkoutservice,0,0,0,0,0,0,0
2026-10-04T14:02:41Z,productcatalogservice,currencyservice,0,0,0,0,0,0,0
2026-10-04T14:02:41Z,productcatalogservice,emailservice,0,0,0,0,0,0,0
2026-10-04T14:02:41Z,productcatalogservice,frontend,0,0,0,0,0,0,0
2026-10-04T14:02:41Z,productcatalogservice,kubernetes,0,0,0,0,0,0,0
2026-10-04T14:02:41Z,productcatalogservice,paymentservice,0,0,0,0,0,0,0
2026-10-04T14:02:41Z,productcatalogservice,productcatalogservice,0,0,0,0,0,0,0
2026-10-04T14:02:41Z,productcatalogservice,recommendationservice,0,0,0,0,0,0,0
2026-10-04T14:02:41Z,productcatalogservice,redis-cart,0,0,0,0,0,0,0
2026-10-04T14:02:41Z,productcatalogservice,shippingservice,0,0,0,0,0,0,0
2026-10-04T14:02:41Z,recommendationservice,adservice,0,0,0,0,0,0,0
2026-10-04T14:02:41Z,recommendationservice,cartservice,0,0,0,0,0,0,0
2026-10-04T14:02:41Z,recommendationservice,checkoutservice,0,0,0,0,0,0,0
2026-10-04T14:02:41Z,recommendationservice,currencyservice,0,0,0,0,0,0,0
2026-10-04T14:02:41Z,recommendationservice,emailservice,0,0,0,0,0,0,0
2026-10-04T14:02:41Z,recommendationservice,frontend,0,0,0,0,0,0,0
2026-10-04T14:02:41Z,recommendationservice,kubernetes,0,0,0,0,0,0,0
2026-10-04T14:02:41Z,recommendationservice,paymentservice,0,0,0,0,0,0,0
2026-10-04T14:02:41Z,recommendationservice,productcatalogservice,0,0,0,0,0,0,0
2026-10-04T14:02:41Z,recommendationservice,recommendationservice,0,0,0,0,0,0,0
2026-10-04T14:02:41Z,recommendationservice,redis-cart,0,0,0,0,0,0,0
2026-10-04T14:02:41Z,recommendationservice,shippingservice,0,0,0,0,0,0,0
2026-10-04T14:02:41Z,redis-cart,adservice,0,0,0,0,0,0,0
2026-10-04T14:02:41Z,redis-cart,cartservice,0,0,0,0,0,0,0
2026-10-04T14:02:41Z,redis-cart,checkoutservice,0,0,0,0,0,0,0
2026-10-04T14:02:41Z,redis-cart,currencyservice,0,0,0,0,0,0,0
2026-10-04T14:02:41Z,redis-cart,emailservice,0,0,0,0,0,0,0
2026-10-04T14:02:41Z,redis-cart,frontend,0,0,0,0,0,0,0
2026-10-04T14:02:41Z,redis-cart,kubernetes,0,0,0,0,0,0,0
2026-10-04T14:02:41Z,redis-cart,paymentservice,0,0,0,0,0,0,0
2026-10-04T14:02:41Z,redis-cart,productcatalogservice,0,0,0,0,0,0,0
2026-10-04T14:02:41Z,redis-cart,recommendationservice,0,0,0,0,0,0,0
2026-10-04T14:02:41Z,redis-cart,redis-cart,0,0,0,0,0,0,0
2026-10-04T14:02:41Z,redis-cart,shippingservice,0,0,0,0,0,0,0
2026-10-04T14:02:41Z,shippingservice,adservice,0,0,0,0,0,0,0
2026-10-04T14:02:41Z,shippingservice,cartservice,0,0,0,0,0,0,0
2026-10-04T14:02:41Z,shippingservice,checkoutservice,0,0,0,0,0,0,0
2026-10-04T14:02:41Z,shippingservice,currencyservice,0,0,0,0,0,0,0
2026-10-04T14:02:41Z,shippingservice,emailservice,0,0,0,0,0,0,0
2026-10-04T14:02:41Z,shippingservice,frontend,0,0,0,0,0,0,0
2026-10-04T14:02:41Z,shippingservice,kubernetes,0,0,0,0,0,0,0
2026-10-04T14:02:41Z,shippingservice,paymentservice,0,0,0,0,0,0,0
2026-10-04T14:02:41Z,shippingservice,productcatalogservice,0,0,0,0,0,0,0
2026-10-04T14:02:41Z,shippingservice,recommendationservice,0,0,0,0,0,0,0
2026-10-04T14:02:41Z,shippingservice,redis-cart,0,0,0,0,0,0,0
2026-10-04T14:02:41Z,shippingservice,shippingservice,0,0,0,0,0,0,0
2026-10-04T14:02:42Z,adservice,adservice,0,0,0,0,0,0,0
2026-10-04T14:02:42Z,adservice,cartservice,0,0,0,0,0,0,0
2026-10-04T14:02:42Z,adservice,checkoutservice,0,0,0,0,0,0,0
2026-10-04T14:02:42Z,adservice,currencyservice,0,0,0,0,0,0,0
2026-10-04T14:02:42Z,adservice,emailservice,0,0,0,0,0,0,0
2026-10-04T14:02:42Z,adservice,frontend,0,0,0,0,0,0,0
2026-10-04T14:02:42Z,adservice,kubernetes,0,0,0,0,0,0,0
2026-10-04T14:02:42Z,adservice,paymentservice,0,0,0,0,0,0,0
2026-10-04T14:02:42Z,adservice,productcatalogservice,0,0,0,0,0,0,0
2026-10-04T14:02:42Z,adservice,recommendationservice,0,0,0,0,0,0,0
2026-10-04T14:02:42Z,adservice,redis-cart,0,0,0,0,0,0,0
2026-10-04T14:02:42Z,adservice,shippingservice,0,0,0,0,0,0,0
2026-10-04T14:02:42Z,cartservice,adservice,0,0,0,0,0,0,0
2026-10-04T14:02:42Z,cartservice,cartservice,0,0,0,0,0,0,0
2026-10-04T14:02:42Z,cartservice,checkoutservice,0,0,0,0,0,0,0
2026-10-04T14:02:42Z,cartservice,currencyservice,0,0,0,0,0,0,0
2026-10-04T14:02:42Z,cartservice,emailservice,0,0,0,0,0,0,0
2026-10-04T14:02:42Z,cartservice,frontend,0,0,0,0,0,0,0
2026-10-04T14:02:42Z,cartservice,kubernetes,0,0,0,0,0,0,0
2026-10-04T14:02:42Z,cartservice,paymentservice,0,0,0,0,0,0,0
2026-10-04T14:02:42Z,cartservice,productcatalogservice,0,0,0,0,0,0,0
2026-10-04T14:02:42Z,cartservice,recommendationservice,0,0,0,0,0,0,0
2026-10-04T14:02:42Z,cartservice,redis-cart,2,0,0,0,0,0,0
2026-10-04T14:02:42Z,cartservice,shippingservice,0,0,0,0,0,0,0
2026-10-04T14:02:42Z,checkoutservice,adservice,0,0,0,0,0,0,0
2026-10-04T14:02:42Z,checkoutservice,cartservice,0,0,0,0,0,0,0
2026-10-04T14:02:42Z,checkoutservice,checkoutservice,0,0,0,0,0,0,0
2026-10-04T14:02:42Z,checkoutservice,currencyservice,0,0,0,0,0,0,0
2026-10-04T14:02:42Z,checkoutservice,emailservice,0,0,0,0,0,0,0
2026-10-04T14:02:42Z,checkoutservice,frontend,0,0,0,0,0,0,0
2026-10-04T14:02:42Z,checkoutservice,kubernetes,0,0,0,0,0,0,0
2026-10-04T14:02:42Z,checkoutservice,paymentservice,0,0,0,0,0,0,0
2026-10-04T14:02:42Z,checkoutservice,productcatalogservice,0,0,0,0,0,0,0
2026-10-04T14:02:42Z,checkoutservice,recommendationservice,0,0,0,0,0,0,0
2026-10-04T14:02:42Z,checkoutservice,redis-cart,0,0,0,0,0,0,0
2026-10-04T14:02:42Z,checkoutservice,shippingservice,0,0,0,0,0,0,0
2026-10-04T14:02:42Z,currencyservice,adservice,0,0,0,0,0,0,0
2026-10-04T14:02:42Z,currencyservice,cartservice,0,0,0,0,0,0,0
2026-10-04T14:02:42Z,currencyservice,checkoutservice,0,0,0,0,0,0,0
2026-10-04T14:02:42Z,currencyservice,currencyservice,0,0,0,0,0,0,0
2026-10-04T14:02:42Z,currencyservice,emailservice,0,0,0,0,0,0,0
2026-10-04T14:02:42Z,currencyservice,frontend,0,0,0,0,0,0,0
2026-10-04T14:02:42Z,currencyservice,kubernetes,0,0,0,0,0,0,0
2026-10-04T14:02:42Z,currencyservice,paymentservice,0,0,0,0,0,0,0
2026-10-04T14:02:42Z,currencyservice,productcatalogservice,0,0,0,0,0,0,0
2026-10-04T14:02:42Z,currencyservice,recommendationservice,0,0,0,0,0,0,0
2026-10-04T14:02:42Z,currencyservice,redis-cart,0,0,0,0,0,0,0
2026-10-04T14:02:42Z,currencyservice,shippingservice,0,0,0,0,0,0,0
2026-10-04T14:02:42Z,emailservice,adservice,0,0,0,0,0,0,0
2026-10-04T14:02:42Z,emailservice,cartservice,0,0,0,0,0,0,0
2026-10-04T14:02:42Z,emailservice,checkoutservice,0,0,0,0,0,0,0
2026-10-04T14:02:42Z,emailservice,currencyservice,0,0,0,0,0,0,0
2026-10-04T14:02:42Z,emailservice,emailservice,0,0,0,0,0,0,0
2026-10-04T14:02:42Z,emailservice,frontend,0,0,0,0,0,0,0
2026-10-04T14:02:42Z,emailservice,kubernetes,0,0,0,0,0,0,0
2026-10-04T14:02:42Z,emailservice,paymentservice,0,0,0,0,0,0,0
2026-10-04T14:02:42Z,emailservice,productcatalogservice,0,0,0,0,0,0,0
2026-10-04T14:02:42Z,emailservice,recommendationservice,0,0,0,0,0,0,0
2026-10-04T14:02:42Z,emailservice,redis-cart,0,0,0,0,0,0,0
2026-10-04T14:02:42Z,emailservice,shippingservice,0,0,0,0,0,0,0
2026-10-04T14:02:42Z,frontend,adservice,773781,773779,0,0,0,2334061,773779
2026-10-04T14:02:42Z,frontend,cartservice,1730573,1730561,0,0,4,9624535,1730561
2026-10-04T14:02:42Z,frontend,checkoutservice,354811,173691,0,34332,146696,55608828,173690
2026-10-04T14:02:42Z,frontend,currencyservice,2749584,2749577,0,0,0,14589993,2749577
2026-10-04T14:02:42Z,frontend,emailservice,0,0,0,0,0,0,0
2026-10-04T14:02:42Z,frontend,frontend,0,0,0,0,0,0,0
2026-10-04T14:02:42Z,frontend,kubernetes,0,0,0,0,0,0,0
2026-10-04T14:02:42Z,frontend,paymentservice,0,0,0,0,0,0,0
2026-10-04T14:02:42Z,frontend,productcatalogservice,7676840,7676779,0,0,0,52315430,7676779
2026-10-04T14:02:42Z,frontend,recommendationservice,2523996,1524786,0,104145,892890,769956520,1524786
2026-10-04T14:02:42Z,frontend,redis-cart,0,0,0,0,0,0,0
2026-10-04T14:02:42Z,frontend,shippingservice,283787,283785,0,0,0,858241,283785
2026-10-04T14:02:42Z,paymentservice,adservice,0,0,0,0,0,0,0
2026-10-04T14:02:42Z,paymentservice,cartservice,0,0,0,0,0,0,0
2026-10-04T14:02:42Z,paymentservice,checkoutservice,0,0,0,0,0,0,0
2026-10-04T14:02:42Z,paymentservice,currencyservice,0,0,0,0,0,0,0
2026-10-04T14:02:42Z,paymentservice,emailservice,0,0,0,0,0,0,0
2026-10-04T14:02:42Z,paymentservice,frontend,0,0,0,0,0,0,0
2026-10-04T14:02:42Z,paymentservice,kubernetes,0,0,0,0,0,0,0
2026-10-04T14:02:42Z,paymentservice,paymentservice,0,0,0,0,0,0,0
2026-10-04T14:02:42Z,paymentservice,productcatalogservice,0,0,0,0,0,0,0
2026-10-04T14:02:42Z,paymentservice,recommendationservice,0,0,0,0,0,0,0
2026-10-04T14:02:42Z,paymentservice,redis-cart,0,0,0,0,0,0,0
2026-10-04T14:02:42Z,paymentservice,shippingservice,0,0,0,0,0,0,0
2026-10-04T14:02:42Z,productcatalogservice,adservice,0,0,0,0,0,0,0
2026-10-04T14:02:42Z,productcatalogservice,cartservice,0,0,0,0,0,0,0
2026-10-04T14:02:42Z,productcatalogservice,checkoutservice,0,0,0,0,0,0,0
2026-10-04T14:02:42Z,productcatalogservice,currencyservice,0,0,0,0,0,0,0
2026-10-04T14:02:42Z,productcatalogservice,emailservice,0,0,0,0,0,0,0
2026-10-04T14:02:42Z,productcatalogservice,frontend,0,0,0,0,0,0,0
2026-10-04T14:02:42Z,productcatalogservice,kubernetes,0,0,0,0,0,0,0
2026-10-04T14:02:42Z,productcatalogservice,paymentservice,0,0,0,0,0,0,0
2026-10-04T14:02:42Z,productcatalogservice,productcatalogservice,0,0,0,0,0,0,0
2026-10-04T14:02:42Z,productcatalogservice,recommendationservice,0,0,0,0,0,0,0
2026-10-04T14:02:42Z,productcatalogservice,redis-cart,0,0,0,0,0,0,0
2026-10-04T14:02:42Z,productcatalogservice,shippingservice,0,0,0,0,0,0,0
2026-10-04T14:02:42Z,recommendationservice,adservice,0,0,0,0,0,0,0
2026-10-04T14:02:42Z,recommendationservice,cartservice,0,0,0,0,0,0,0
2026-10-04T14:02:42Z,recommendationservice,checkoutservice,0,0,0,0,0,0,0
2026-10-04T14:02:42Z,recommendationservice,currencyservice,0,0,0,0,0,0,0
2026-10-04T14:02:42Z,recommendationservice,emailservice,0,0,0,0,0,0,0
2026-10-04T14:02:42Z,recommendationservice,frontend,0,0,0,0,0,0,0
2026-10-04T14:02:42Z,recommendationservice,kubernetes,0,0,0,0,0,0,0
2026-10-04T14:02:42Z,recommendationservice,paymentservice,0,0,0,0,0,0,0
2026-10-04T14:02:42Z,recommendationservice,productcatalogservice,0,0,0,0,0,0,0
2026-10-04T14:02:42Z,recommendationservice,recommendationservice,0,0,0,0,0,0,0
2026-10-04T14:02:42Z,recommendationservice,redis-cart,0,0,0,0,0,0,0
2026-10-04T14:02:42Z,recommendationservice,shippingservice,0,0,0,0,0,0,0
2026-10-04T14:02:42Z,redis-cart,adservice,0,0,0,0,0,0,0
2026-10-04T14:02:42Z,redis-cart,cartservice,0,0,0,0,0,0,0
2026-10-04T14:02:42Z,redis-cart,checkoutservice,0,0,0,0,0,0,0
2026-10-04T14:02:42Z,redis-cart,currencyservice,0,0,0,0,0,0,0
2026-10-04T14:02:42Z,redis-cart,emailservice,0,0,0,0,0,0,0
2026-10-04T14:02:42Z,redis-cart,frontend,0,0,0,0,0,0,0
2026-10-04T14:02:42Z,redis-cart,kubernetes,0,0,0,0,0,0,0
2026-10-04T14:02:42Z,redis-cart,paymentservice,0,0,0,0,0,0,0
2026-10-04T14:02:42Z,redis-cart,productcatalogservice,0,0,0,0,0,0,0
2026-10-04T14:02:42Z,redis-cart,recommendationservice,0,0,0,0,0,0,0
2026-10-04T14:02:42Z,redis-cart,redis-cart,0,0,0,0,0,0,0
2026-10-04T14:02:42Z,redis-cart,shippingservice,0,0,0,0,0,0,0
2026-10-04T14:02:42Z,shippingservice,adservice,0,0,0,0,0,0,0
2026-10-04T14:02:42Z,shippingservice,cartservice,0,0,0,0,0,0,0
2026-10-04T14:02:42Z,shippingservice,checkoutservice,0,0,0,0,0,0,0
2026-10-04T14:02:42Z,shippingservice,currencyservice,0,0,0,0,0,0,0
2026-10-04T14:02:42Z,shippingservice,emailservice,0,0,0,0,0,0,0
2026-10-04T14:02:42Z,shippingservice,frontend,0,0,0,0,0,0,0
2026-10-04T14:02:42Z,shippingservice,kubernetes,0,0,0,0,0,0,0
2026-10-04T14:02:42Z,shippingservice,paymentservice,0,0,0,0,0,0,0
2026-10-04T14:02:42Z,shippingservice,productcatalogservice,0,0,0,0,0,0,0
2026-10-04T14:02:42Z,shippingservice,recommendationservice,0,0,0,0,0,0,0
2026-10-04T14:02:42Z,shippingservice,redis-cart,0,0,0,0,0,0,0
2026-10-04T14:02:42Z,shippingservice,shippingservice,0,0,0,0,0,0,0
2026-10-04T14:02:43Z,adservice,adservice,0,0,0,0,0,0,0
2026-10-04T14:02:43Z,adservice,cartservice,0,0,0,0,0,0,0
2026-10-04T14:02:43Z,adservice,checkoutservice,0,0,0,0,0,0,0
2026-10-04T14:02:43Z,adservice,currencyservice,0,0,0,0,0,0,0
2026-10-04T14:02:43Z,adservice,emailservice,0,0,0,0,0,0,0
2026-10-04T14:02:43Z,adservice,frontend,0,0,0,0,0,0,0
2026-10-04T14:02:43Z,adservice,kubernetes,0,0,0,0,0,0,0
2026-10-04T14:02:43Z,adservice,paymentservice,0,0,0,0,0,0,0
2026-10-04T14:02:43Z,adservice,productcatalogservice,0,0,0,0,0,0,0
2026-10-04T14:02:43Z,adservice,recommendationservice,0,0,0,0,0,0,0
2026-10-04T14:02:43Z,adservice,redis-cart,0,0,0,0,0,0,0
2026-10-04T14:02:43Z,adservice,shippingservice,0,0,0,0,0,0,0
2026-10-04T14:02:43Z,cartservice,adservice,0,0,0,0,0,0,0
2026-10-04T14:02:43Z,cartservice,cartservice,0,0,0,0,0,0,0
2026-10-04T14:02:43Z,cartservice,checkoutservice,0,0,0,0,0,0,0
2026-10-04T14:02:43Z,cartservice,currencyservice,0,0,0,0,0,0,0
2026-10-04T14:02:43Z,cartservice,emailservice,0,0,0,0,0,0,0
2026-10-04T14:02:43Z,cartservice,frontend,0,0,0,0,0,0,0
2026-10-04T14:02:43Z,cartservice,kubernetes,0,0,0,0,0,0,0
2026-10-04T14:02:43Z,cartservice,paymentservice,0,0,0,0,0,0,0
2026-10-04T14:02:43Z,cartservice,productcatalogservice,0,0,0,0,0,0,0
2026-10-04T14:02:43Z,cartservice,recommendationservice,0,0,0,0,0,0,0
2026-10-04T14:02:43Z,cartservice,redis-cart,2,0,0,0,0,0,0
2026-10-04T14:02:43Z,cartservice,shippingservice,0,0,0,0,0,0,0
2026-10-04T14:02:43Z,checkoutservice,adservice,0,0,0,0,0,0,0
2026-10-04T14:02:43Z,checkoutservice,cartservice,0,0,0,0,0,0,0
2026-10-04T14:02:43Z,checkoutservice,checkoutservice,0,0,0,0,0,0,0
2026-10-04T14:02:43Z,checkoutservice,currencyservice,0,0,0,0,0,0,0
2026-10-04T14:02:43Z,checkoutservice,emailservice,0,0,0,0,0,0,0
2026-10-04T14:02:43Z,checkoutservice,frontend,0,0,0,0,0,0,0
2026-10-04T14:02:43Z,checkoutservice,kubernetes,0,0,0,0,0,0,0
2026-10-04T14:02:43Z,checkoutservice,paymentservice,0,0,0,0,0,0,0
2026-10-04T14:02:43Z,checkoutservice,productcatalogservice,0,0,0,0,0,0,0
2026-10-04T14:02:43Z,checkoutservice,recommendationservice,0,0,0,0,0,0,0
2026-10-04T14:02:43Z,checkoutservice,redis-cart,0,0,0,0,0,0,0
2026-10-04T14:02:43Z,checkoutservice,shippingservice,0,0,0,0,0,0,0
2026-10-04T14:02:43Z,currencyservice,adservice,0,0,0,0,0,0,0
2026-10-04T14:02:43Z,currencyservice,cartservice,0,0,0,0,0,0,0
2026-10-04T14:02:43Z,currencyservice,checkoutservice,0,0,0,0,0,0,0
2026-10-04T14:02:43Z,currencyservice,currencyservice,0,0,0,0,0,0,0
2026-10-04T14:02:43Z,currencyservice,emailservice,0,0,0,0,0,0,0
2026-10-04T14:02:43Z,currencyservice,frontend,0,0,0,0,0,0,0
2026-10-04T14:02:43Z,currencyservice,kubernetes,0,0,0,0,0,0,0
2026-10-04T14:02:43Z,currencyservice,paymentservice,0,0,0,0,0,0,0
2026-10-04T14:02:43Z,currencyservice,productcatalogservice,0,0,0,0,0,0,0
2026-10-04T14:02:43Z,currencyservice,recommendationservice,0,0,0,0,0,0,0
2026-10-04T14:02:43Z,currencyservice,redis-cart,0,0,0,0,0,0,0
2026-10-04T14:02:43Z,currencyservice,shippingservice,0,0,0,0,0,0,0
2026-10-04T14:02:43Z,emailservice,adservice,0,0,0,0,0,0,0
2026-10-04T14:02:43Z,emailservice,cartservice,0,0,0,0,0,0,0
2026-10-04T14:02:43Z,emailservice,checkoutservice,0,0,0,0,0,0,0
2026-10-04T14:02:43Z,emailservice,currencyservice,0,0,0,0,0,0,0
2026-10-04T14:02:43Z,emailservice,emailservice,0,0,0,0,0,0,0
2026-10-04T14:02:43Z,emailservice,frontend,0,0,0,0,0,0,0
2026-10-04T14:02:43Z,emailservice,kubernetes,0,0,0,0,0,0,0
2026-10-04T14:02:43Z,emailservice,paymentservice,0,0,0,0,0,0,0
2026-10-04T14:02:43Z,emailservice,productcatalogservice,0,0,0,0,0,0,0
2026-10-04T14:02:43Z,emailservice,recommendationservice,0,0,0,0,0,0,0
2026-10-04T14:02:43Z,emailservice,redis-cart,0,0,0,0,0,0,0
2026-10-04T14:02:43Z,emailservice,shippingservice,0,0,0,0,0,0,0
2026-10-04T14:02:43Z,frontend,adservice,773781,773779,0,0,0,2334061,773779
2026-10-04T14:02:43Z,frontend,cartservice,1730573,1730561,0,0,4,9624535,1730561
2026-10-04T14:02:43Z,frontend,checkoutservice,354811,173691,0,34332,146696,55608828,173690
2026-10-04T14:02:43Z,frontend,currencyservice,2749584,2749577,0,0,0,14589993,2749577
2026-10-04T14:02:43Z,frontend,emailservice,0,0,0,0,0,0,0
2026-10-04T14:02:43Z,frontend,frontend,0,0,0,0,0,0,0
2026-10-04T14:02:43Z,frontend,kubernetes,0,0,0,0,0,0,0
2026-10-04T14:02:43Z,frontend,paymentservice,0,0,0,0,0,0,0
2026-10-04T14:02:43Z,frontend,productcatalogservice,7676840,7676779,0,0,0,52315430,7676779
2026-10-04T14:02:43Z,frontend,recommendationservice,2523996,1524786,0,104145,892890,769956520,1524786
2026-10-04T14:02:43Z,frontend,redis-cart,0,0,0,0,0,0,0
2026-10-04T14:02:43Z,frontend,shippingservice,283787,283785,0,0,0,858241,283785
2026-10-04T14:02:43Z,paymentservice,adservice,0,0,0,0,0,0,0
2026-10-04T14:02:43Z,paymentservice,cartservice,0,0,0,0,0,0,0
2026-10-04T14:02:43Z,paymentservice,checkoutservice,0,0,0,0,0,0,0
2026-10-04T14:02:43Z,paymentservice,currencyservice,0,0,0,0,0,0,0
2026-10-04T14:02:43Z,paymentservice,emailservice,0,0,0,0,0,0,0
2026-10-04T14:02:43Z,paymentservice,frontend,0,0,0,0,0,0,0
2026-10-04T14:02:43Z,paymentservice,kubernetes,0,0,0,0,0,0,0
2026-10-04T14:02:43Z,paymentservice,paymentservice,0,0,0,0,0,0,0
2026-10-04T14:02:43Z,paymentservice,productcatalogservice,0,0,0,0,0,0,0
2026-10-04T14:02:43Z,paymentservice,recommendationservice,0,0,0,0,0,0,0
2026-10-04T14:02:43Z,paymentservice,redis-cart,0,0,0,0,0,0,0
2026-10-04T14:02:43Z,paymentservice,shippingservice,0,0,0,0,0,0,0
2026-10-04T14:02:43Z,productcatalogservice,adservice,0,0,0,0,0,0,0
2026-10-04T14:02:43Z,productcatalogservice,cartservice,0,0,0,0,0,0,0
2026-10-04T14:02:43Z,productcatalogservice,checkoutservice,0,0,0,0,0,0,0
2026-10-04T14:02:43Z,productcatalogservice,currencyservice,0,0,0,0,0,0,0
2026-10-04T14:02:43Z,productcatalogservice,emailservice,0,0,0,0,0,0,0
2026-10-04T14:02:43Z,productcatalogservice,frontend,0,0,0,0,0,0,0
2026-10-04T14:02:43Z,productcatalogservice,kubernetes,0,0,0,0,0,0,0
2026-10-04T14:02:43Z,productcatalogservice,paymentservice,0,0,0,0,0,0,0
2026-10-04T14:02:43Z,productcatalogservice,productcatalogservice,0,0,0,0,0,0,0
2026-10-04T14:02:43Z,productcatalogservice,recommendationservice,0,0,0,0,0,0,0
2026-10-04T14:02:43Z,productcatalogservice,redis-cart,0,0,0,0,0,0,0
2026-10-04T14:02:43Z,productcatalogservice,shippingservice,0,0,0,0,0,0,0
2026-10-04T14:02:43Z,recommendationservice,adservice,0,0,0,0,0,0,0
2026-10-04T14:02:43Z,recommendationservice,cartservice,0,0,0,0,0,0,0
2026-10-04T14:02:43Z,recommendationservice,checkoutservice,0,0,0,0,0,0,0
2026-10-04T14:02:43Z,recommendationservice,currencyservice,0,0,0,0,0,0,0
2026-10-04T14:02:43Z,recommendationservice,emailservice,0,0,0,0,0,0,0
2026-10-04T14:02:43Z,recommendationservice,frontend,0,0,0,0,0,0,0
2026-10-04T14:02:43Z,recommendationservice,kubernetes,0,0,0,0,0,0,0
2026-10-04T14:02:43Z,recommendationservice,paymentservice,0,0,0,0,0,0,0
2026-10-04T14:02:43Z,recommendationservice,productcatalogservice,0,0,0,0,0,0,0
2026-10-04T14:02:43Z,recommendationservice,recommendationservice,0,0,0,0,0,0,0
2026-10-04T14:02:43Z,recommendationservice,redis-cart,0,0,0,0,0,0,0
2026-10-04T14:02:43Z,recommendationservice,shippingservice,0,0,0,0,0,0,0
2026-10-04T14:02:43Z,redis-cart,adservice,0,0,0,0,0,0,0
2026-10-04T14:02:43Z,redis-cart,cartservice,0,0,0,0,0,0,0
2026-10-04T14:02:43Z,redis-cart,checkoutservice,0,0,0,0,0,0,0
2026-10-04T14:02:43Z,redis-cart,currencyservice,0,0,0,0,0,0,0
2026-10-04T14:02:43Z,redis-cart,emailservice,0,0,0,0,0,0,0
2026-10-04T14:02:43Z,redis-cart,frontend,0,0,0,0,0,0,0
2026-10-04T14:02:43Z,redis-cart,kubernetes,0,0,0,0,0,0,0
2026-10-04T14:02:43Z,redis-cart,paymentservice,0,0,0,0,0,0,0
2026-10-04T14:02:43Z,redis-cart,productcatalogservice,0,0,0,0,0,0,0
2026-10-04T14:02:43Z,redis-cart,recommendationservice,0,0,0,0,0,0,0
2026-10-04T14:02:43Z,redis-cart,redis-cart,0,0,0,0,0,0,0
2026-10-04T14:02:43Z,redis-cart,shippingservice,0,0,0,0,0,0,0
2026-10-04T14:02:43Z,shippingservice,adservice,0,0,0,0,0,0,0
2026-10-04T14:02:43Z,shippingservice,cartservice,0,0,0,0,0,0,0
2026-10-04T14:02:43Z,shippingservice,checkoutservice,0,0,0,0,0,0,0
2026-10-04T14:02:43Z,shippingservice,currencyservice,0,0,0,0,0,0,0
2026-10-04T14:02:43Z,shippingservice,emailservice,0,0,0,0,0,0,0
2026-10-04T14:02:43Z,shippingservice,frontend,0,0,0,0,0,0,0
2026-10-04T14:02:43Z,shippingservice,kubernetes,0,0,0,0,0,0,0
2026-10-04T14:02:43Z,shippingservice,paymentservice,0,0,0,0,0,0,0
2026-10-04T14:02:43Z,shippingservice,productcatalogservice,0,0,0,0,0,0,0
2026-10-04T14:02:43Z,shippingservice,recommendationservice,0,0,0,0,0,0,0
2026-10-04T14:02:43Z,shippingservice,redis-cart,0,0,0,0,0,0,0
2026-10-04T14:02:43Z,shippingservice,shippingservice,0,0,0,0,0,0,0
2026-10-04T14:02:44Z,adservice,adservice,0,0,0,0,0,0,0
2026-10-04T14:02:44Z,adservice,cartservice,0,0,0,0,0,0,0
2026-10-04T14:02:44Z,adservice,checkoutservice,0,0,0,0,0,0,0
2026-10-04T14:02:44Z,adservice,currencyservice,0,0,0,0,0,0,0
2026-10-04T14:02:44Z,adservice,emailservice,0,0,0,0,0,0,0
2026-10-04T14:02:44Z,adservice,frontend,0,0,0,0,0,0,0
2026-10-04T14:02:44Z,adservice,kubernetes,0,0,0,0,0,0,0
2026-10-04T14:02:44Z,adservice,paymentservice,0,0,0,0,0,0,0
2026-10-04T14:02:44Z,adservice,productcatalogservice,0,0,0,0,0,0,0
2026-10-04T14:02:44Z,adservice,recommendationservice,0,0,0,0,0,0,0
2026-10-04T14:02:44Z,adservice,redis-cart,0,0,0,0,0,0,0
2026-10-04T14:02:44Z,adservice,shippingservice,0,0,0,0,0,0,0
2026-10-04T14:02:44Z,cartservice,adservice,0,0,0,0,0,0,0
2026-10-04T14:02:44Z,cartservice,cartservice,0,0,0,0,0,0,0
2026-10-04T14:02:44Z,cartservice,checkoutservice,0,0,0,0,0,0,0
2026-10-04T14:02:44Z,cartservice,currencyservice,0,0,0,0,0,0,0
2026-10-04T14:02:44Z,cartservice,emailservice,0,0,0,0,0,0,0
2026-10-04T14:02:44Z,cartservice,frontend,0,0,0,0,0,0,0
2026-10-04T14:02:44Z,cartservice,kubernetes,0,0,0,0,0,0,0
2026-10-04T14:02:44Z,cartservice,paymentservice,0,0,0,0,0,0,0
2026-10-04T14:02:44Z,cartservice,productcatalogservice,0,0,0,0,0,0,0
2026-10-04T14:02:44Z,cartservice,recommendationservice,0,0,0,0,0,0,0
2026-10-04T14:02:44Z,cartservice,redis-cart,2,0,0,0,0,0,0
2026-10-04T14:02:44Z,cartservice,shippingservice,0,0,0,0,0,0,0
2026-10-04T14:02:44Z,checkoutservice,adservice,0,0,0,0,0,0,0
2026-10-04T14:02:44Z,checkoutservice,cartservice,0,0,0,0,0,0,0
2026-10-04T14:02:44Z,checkoutservice,checkoutservice,0,0,0,0,0,0,0
2026-10-04T14:02:44Z,checkoutservice,currencyservice,0,0,0,0,0,0,0
2026-10-04T14:02:44Z,checkoutservice,emailservice,0,0,0,0,0,0,0
2026-10-04T14:02:44Z,checkoutservice,frontend,0,0,0,0,0,0,0
2026-10-04T14:02:44Z,checkoutservice,kubernetes,0,0,0,0,0,0,0
2026-10-04T14:02:44Z,checkoutservice,paymentservice,0,0,0,0,0,0,0
2026-10-04T14:02:44Z,checkoutservice,productcatalogservice,0,0,0,0,0,0,0
2026-10-04T14:02:44Z,checkoutservice,recommendationservice,0,0,0,0,0,0,0
2026-10-04T14:02:44Z,checkoutservice,redis-cart,0,0,0,0,0,0,0
2026-10-04T14:02:44Z,checkoutservice,shippingservice,0,0,0,0,0,0,0
2026-10-04T14:02:44Z,currencyservice,adservice,0,0,0,0,0,0,0
2026-10-04T14:02:44Z,currencyservice,cartservice,0,0,0,0,0,0,0
2026-10-04T14:02:44Z,currencyservice,checkoutservice,0,0,0,0,0,0,0
2026-10-04T14:02:44Z,currencyservice,currencyservice,0,0,0,0,0,0,0
2026-10-04T14:02:44Z,currencyservice,emailservice,0,0,0,0,0,0,0
2026-10-04T14:02:44Z,currencyservice,frontend,0,0,0,0,0,0,0
2026-10-04T14:02:44Z,currencyservice,kubernetes,0,0,0,0,0,0,0
2026-10-04T14:02:44Z,currencyservice,paymentservice,0,0,0,0,0,0,0
2026-10-04T14:02:44Z,currencyservice,productcatalogservice,0,0,0,0,0,0,0
2026-10-04T14:02:44Z,currencyservice,recommendationservice,0,0,0,0,0,0,0
2026-10-04T14:02:44Z,currencyservice,redis-cart,0,0,0,0,0,0,0
2026-10-04T14:02:44Z,currencyservice,shippingservice,0,0,0,0,0,0,0
2026-10-04T14:02:44Z,emailservice,adservice,0,0,0,0,0,0,0
2026-10-04T14:02:44Z,emailservice,cartservice,0,0,0,0,0,0,0
2026-10-04T14:02:44Z,emailservice,checkoutservice,0,0,0,0,0,0,0
2026-10-04T14:02:44Z,emailservice,currencyservice,0,0,0,0,0,0,0
2026-10-04T14:02:44Z,emailservice,emailservice,0,0,0,0,0,0,0
2026-10-04T14:02:44Z,emailservice,frontend,0,0,0,0,0,0,0
2026-10-04T14:02:44Z,emailservice,kubernetes,0,0,0,0,0,0,0
2026-10-04T14:02:44Z,emailservice,paymentservice,0,0,0,0,0,0,0
2026-10-04T14:02:44Z,emailservice,productcatalogservice,0,0,0,0,0,0,0
2026-10-04T14:02:44Z,emailservice,recommendationservice,0,0,0,0,0,0,0
2026-10-04T14:02:44Z,emailservice,redis-cart,0,0,0,0,0,0,0
2026-10-04T14:02:44Z,emailservice,shippingservice,0,0,0,0,0,0,0
2026-10-04T14:02:44Z,frontend,adservice,773781,773779,0,0,0,2334061,773779
2026-10-04T14:02:44Z,frontend,cartservice,1730573,1730561,0,0,4,9624535,1730561
2026-10-04T14:02:44Z,frontend,checkoutservice,354811,173691,0,34332,146696,55608828,173690
2026-10-04T14:02:44Z,frontend,currencyservice,2749584,2749577,0,0,0,14589993,2749577
2026-10-04T14:02:44Z,frontend,emailservice,0,0,0,0,0,0,0
2026-10-04T14:02:44Z,frontend,frontend,0,0,0,0,0,0,0
2026-10-04T14:02:44Z,frontend,kubernetes,0,0,0,0,0,0,0
2026-10-04T14:02:44Z,frontend,paymentservice,0,0,0,0,0,0,0
2026-10-04T14:02:44Z,frontend,productcatalogservice,7676840,7676779,0,0,0,52315430,7676779
2026-10-04T14:02:44Z,frontend,recommendationservice,2523996,1524786,0,104145,892890,769956520,1524786
2026-10-04T14:02:44Z,frontend,redis-cart,0,0,0,0,0,0,0
2026-10-04T14:02:44Z,frontend,shippingservice,283787,283785,0,0,0,858241,283785
2026-10-04T14:02:44Z,paymentservice,adservice,0,0,0,0,0,0,0
2026-10-04T14:02:44Z,paymentservice,cartservice,0,0,0,0,0,0,0
2026-10-04T14:02:44Z,paymentservice,checkoutservice,0,0,0,0,0,0,0
2026-10-04T14:02:44Z,paymentservice,currencyservice,0,0,0,0,0,0,0
2026-10-04T14:02:44Z,paymentservice,emailservice,0,0,0,0,0,0,0
2026-10-04T14:02:44Z,paymentservice,frontend,0,0,0,0,0,0,0
2026-10-04T14:02:44Z,paymentservice,kubernetes,0,0,0,0,0,0,0
2026-10-04T14:02:44Z,paymentservice,paymentservice,0,0,0,0,0,0,0
2026-10-04T14:02:44Z,paymentservice,productcatalogservice,0,0,0,0,0,0,0
2026-10-04T14:02:44Z,paymentservice,recommendationservice,0,0,0,0,0,0,0
2026-10-04T14:02:44Z,paymentservice,redis-cart,0,0,0,0,0,0,0
2026-10-04T14:02:44Z,paymentservice,shippingservice,0,0,0,0,0,0,0
2026-10-04T14:02:44Z,productcatalogservice,adservice,0,0,0,0,0,0,0
2026-10-04T14:02:44Z,productcatalogservice,cartservice,0,0,0,0,0,0,0
2026-10-04T14:02:44Z,productcatalogservice,checkoutservice,0,0,0,0,0,0,0
2026-10-04T14:02:44Z,productcatalogservice,currencyservice,0,0,0,0,0,0,0
2026-10-04T14:02:44Z,productcatalogservice,emailservice,0,0,0,0,0,0,0
2026-10-04T14:02:44Z,productcatalogservice,frontend,0,0,0,0,0,0,0
2026-10-04T14:02:44Z,productcatalogservice,kubernetes,0,0,0,0,0,0,0
2026-10-04T14:02:44Z,productcatalogservice,paymentservice,0,0,0,0,0,0,0
2026-10-04T14:02:44Z,productcatalogservice,productcatalogservice,0,0,0,0,0,0,0
2026-10-04T14:02:44Z,productcatalogservice,recommendationservice,0,0,0,0,0,0,0
2026-10-04T14:02:44Z,productcatalogservice,redis-cart,0,0,0,0,0,0,0
2026-10-04T14:02:44Z,productcatalogservice,shippingservice,0,0,0,0,0,0,0
2026-10-04T14:02:44Z,recommendationservice,adservice,0,0,0,0,0,0,0
2026-10-04T14:02:44Z,recommendationservice,cartservice,0,0,0,0,0,0,0
2026-10-04T14:02:44Z,recommendationservice,checkoutservice,0,0,0,0,0,0,0
2026-10-04T14:02:44Z,recommendationservice,currencyservice,0,0,0,0,0,0,0
2026-10-04T14:02:44Z,recommendationservice,emailservice,0,0,0,0,0,0,0
2026-10-04T14:02:44Z,recommendationservice,frontend,0,0,0,0,0,0,0
2026-10-04T14:02:44Z,recommendationservice,kubernetes,0,0,0,0,0,0,0
2026-10-04T14:02:44Z,recommendationservice,paymentservice,0,0,0,0,0,0,0
2026-10-04T14:02:44Z,recommendationservice,productcatalogservice,0,0,0,0,0,0,0
2026-10-04T14:02:44Z,recommendationservice,recommendationservice,0,0,0,0,0,0,0
2026-10-04T14:02:44Z,recommendationservice,redis-cart,0,0,0,0,0,0,0
2026-10-04T14:02:44Z,recommendationservice,shippingservice,0,0,0,0,0,0,0
2026-10-04T14:02:44Z,redis-cart,adservice,0,0,0,0,0,0,0
2026-10-04T14:02:44Z,redis-cart,cartservice,0,0,0,0,0,0,0
2026-10-04T14:02:44Z,redis-cart,checkoutservice,0,0,0,0,0,0,0
2026-10-04T14:02:44Z,redis-cart,currencyservice,0,0,0,0,0,0,0
2026-10-04T14:02:44Z,redis-cart,emailservice,0,0,0,0,0,0,0
2026-10-04T14:02:44Z,redis-cart,frontend,0,0,0,0,0,0,0
2026-10-04T14:02:44Z,redis-cart,kubernetes,0,0,0,0,0,0,0
2026-10-04T14:02:44Z,redis-cart,paymentservice,0,0,0,0,0,0,0
2026-10-04T14:02:44Z,redis-cart,productcatalogservice,0,0,0,0,0,0,0
2026-10-04T14:02:44Z,redis-cart,recommendationservice,0,0,0,0,0,0,0
2026-10-04T14:02:44Z,redis-cart,redis-cart,0,0,0,0,0,0,0
2026-10-04T14:02:44Z,redis-cart,shippingservice,0,0,0,0,0,0,0
2026-10-04T14:02:44Z,shippingservice,adservice,0,0,0,0,0,0,0
2026-10-04T14:02:44Z,shippingservice,cartservice,0,0,0,0,0,0,0
2026-10-04T14:02:44Z,shippingservice,checkoutservice,0,0,0,0,0,0,0
2026-10-04T14:02:44Z,shippingservice,currencyservice,0,0,0,0,0,0,0
2026-10-04T14:02:44Z,shippingservice,emailservice,0,0,0,0,0,0,0
2026-10-04T14:02:44Z,shippingservice,frontend,0,0,0,0,0,0,0
2026-10-04T14:02:44Z,shippingservice,kubernetes,0,0,0,0,0,0,0
2026-10-04T14:02:44Z,shippingservice,paymentservice,0,0,0,0,0,0,0
2026-10-04T14:02:44Z,shippingservice,productcatalogservice,0,0,0,0,0,0,0
2026-10-04T14:02:44Z,shippingservice,recommendationservice,0,0,0,0,0,0,0
2026-10-04T14:02:44Z,shippingservice,redis-cart,0,0,0,0,0,0,0
2026-10-04T14:02:44Z,shippingservice,shippingservice,0,0,0,0,0,0,0
2026-10-04T14:02:45Z,adservice,adservice,0,0,0,0,0,0,0
2026-10-04T14:02:45Z,adservice,cartservice,0,0,0,0,0,0,0
2026-10-04T14:02:45Z,adservice,checkoutservice,0,0,0,0,0,0,0
2026-10-04T14:02:45Z,adservice,currencyservice,0,0,0,0,0,0,0
2026-10-04T14:02:45Z,adservice,emailservice,0,0,0,0,0,0,0
2026-10-04T14:02:45Z,adservice,frontend,0,0,0,0,0,0,0
2026-10-04T14:02:45Z,adservice,kubernetes,0,0,0,0,0,0,0
2026-10-04T14:02:45Z,adservice,paymentservice,0,0,0,0,0,0,0
2026-10-04T14:02:45Z,adservice,productcatalogservice,0,0,0,0,0,0,0
2026-10-04T14:02:45Z,adservice,recommendationservice,0,0,0,0,0,0,0
2026-10-04T14:02:45Z,adservice,redis-cart,0,0,0,0,0,0,0
2026-10-04T14:02:45Z,adservice,shippingservice,0,0,0,0,0,0,0
2026-10-04T14:02:45Z,cartservice,adservice,0,0,0,0,0,0,0
2026-10-04T14:02:45Z,cartservice,cartservice,0,0,0,0,0,0,0
2026-10-04T14:02:45Z,cartservice,checkoutservice,0,0,0,0,0,0,0
2026-10-04T14:02:45Z,cartservice,currencyservice,0,0,0,0,0,0,0
2026-10-04T14:02:45Z,cartservice,emailservice,0,0,0,0,0,0,0
2026-10-04T14:02:45Z,cartservice,frontend,0,0,0,0,0,0,0
2026-10-04T14:02:45Z,cartservice,kubernetes,0,0,0,0,0,0,0
2026-10-04T14:02:45Z,cartservice,paymentservice,0,0,0,0,0,0,0
2026-10-04T14:02:45Z,cartservice,productcatalogservice,0,0,0,0,0,0,0
2026-10-04T14:02:45Z,cartservice,recommendationservice,0,0,0,0,0,0,0
2026-10-04T14:02:45Z,cartservice,redis-cart,2,0,0,0,0,0,0
2026-10-04T14:02:45Z,cartservice,shippingservice,0,0,0,0,0,0,0
2026-10-04T14:02:45Z,checkoutservice,adservice,0,0,0,0,0,0,0
2026-10-04T14:02:45Z,checkoutservice,cartservice,0,0,0,0,0,0,0
2026-10-04T14:02:45Z,checkoutservice,checkoutservice,0,0,0,0,0,0,0
2026-10-04T14:02:45Z,checkoutservice,currencyservice,0,0,0,0,0,0,0
2026-10-04T14:02:45Z,checkoutservice,emailservice,0,0,0,0,0,0,0
2026-10-04T14:02:45Z,checkoutservice,frontend,0,0,0,0,0,0,0
2026-10-04T14:02:45Z,checkoutservice,kubernetes,0,0,0,0,0,0,0
2026-10-04T14:02:45Z,checkoutservice,paymentservice,0,0,0,0,0,0,0
2026-10-04T14:02:45Z,checkoutservice,productcatalogservice,0,0,0,0,0,0,0
2026-10-04T14:02:45Z,checkoutservice,recommendationservice,0,0,0,0,0,0,0
2026-10-04T14:02:45Z,checkoutservice,redis-cart,0,0,0,0,0,0,0
2026-10-04T14:02:45Z,checkoutservice,shippingservice,0,0,0,0,0,0,0
2026-10-04T14:02:45Z,currencyservice,adservice,0,0,0,0,0,0,0
2026-10-04T14:02:45Z,currencyservice,cartservice,0,0,0,0,0,0,0
2026-10-04T14:02:45Z,currencyservice,checkoutservice,0,0,0,0,0,0,0
2026-10-04T14:02:45Z,currencyservice,currencyservice,0,0,0,0,0,0,0
2026-10-04T14:02:45Z,currencyservice,emailservice,0,0,0,0,0,0,0
2026-10-04T14:02:45Z,currencyservice,frontend,0,0,0,0,0,0,0
2026-10-04T14:02:45Z,currencyservice,kubernetes,0,0,0,0,0,0,0
2026-10-04T14:02:45Z,currencyservice,paymentservice,0,0,0,0,0,0,0
2026-10-04T14:02:45Z,currencyservice,productcatalogservice,0,0,0,0,0,0,0
2026-10-04T14:02:45Z,currencyservice,recommendationservice,0,0,0,0,0,0,0
2026-10-04T14:02:45Z,currencyservice,redis-cart,0,0,0,0,0,0,0
2026-10-04T14:02:45Z,currencyservice,shippingservice,0,0,0,0,0,0,0
2026-10-04T14:02:45Z,emailservice,adservice,0,0,0,0,0,0,0
2026-10-04T14:02:45Z,emailservice,cartservice,0,0,0,0,0,0,0
2026-10-04T14:02:45Z,emailservice,checkoutservice,0,0,0,0,0,0,0
2026-10-04T14:02:45Z,emailservice,currencyservice,0,0,0,0,0,0,0
2026-10-04T14:02:45Z,emailservice,emailservice,0,0,0,0,0,0,0
2026-10-04T14:02:45Z,emailservice,frontend,0,0,0,0,0,0,0
2026-10-04T14:02:45Z,emailservice,kubernetes,0,0,0,0,0,0,0
2026-10-04T14:02:45Z,emailservice,paymentservice,0,0,0,0,0,0,0
2026-10-04T14:02:45Z,emailservice,productcatalogservice,0,0,0,0,0,0,0
2026-10-04T14:02:45Z,emailservice,recommendationservice,0,0,0,0,0,0,0
2026-10-04T14:02:45Z,emailservice,redis-cart,0,0,0,0,0,0,0
2026-10-04T14:02:45Z,emailservice,shippingservice,0,0,0,0,0,0,0
2026-10-04T14:02:45Z,frontend,adservice,773781,773779,0,0,0,2334061,773779
2026-10-04T14:02:45Z,frontend,cartservice,1730573,1730561,0,0,4,9624535,1730561
2026-10-04T14:02:45Z,frontend,checkoutservice,354811,173691,0,34332,146696,55608828,173690
2026-10-04T14:02:45Z,frontend,currencyservice,2749584,2749577,0,0,0,14589993,2749577
2026-10-04T14:02:45Z,frontend,emailservice,0,0,0,0,0,0,0
2026-10-04T14:02:45Z,frontend,frontend,0,0,0,0,0,0,0
2026-10-04T14:02:45Z,frontend,kubernetes,0,0,0,0,0,0,0
2026-10-04T14:02:45Z,frontend,paymentservice,0,0,0,0,0,0,0
2026-10-04T14:02:45Z,frontend,productcatalogservice,7676840,7676779,0,0,0,52315430,7676779
2026-10-04T14:02:45Z,frontend,recommendationservice,2523996,1524786,0,104145,892890,769956520,1524786
2026-10-04T14:02:45Z,frontend,redis-cart,0,0,0,0,0,0,0
2026-10-04T14:02:45Z,frontend,shippingservice,283787,283785,0,0,0,858241,283785
2026-10-04T14:02:45Z,paymentservice,adservice,0,0,0,0,0,0,0
2026-10-04T14:02:45Z,paymentservice,cartservice,0,0,0,0,0,0,0
2026-10-04T14:02:45Z,paymentservice,checkoutservice,0,0,0,0,0,0,0
2026-10-04T14:02:45Z,paymentservice,currencyservice,0,0,0,0,0,0,0
2026-10-04T14:02:45Z,paymentservice,emailservice,0,0,0,0,0,0,0
2026-10-04T14:02:45Z,paymentservice,frontend,0,0,0,0,0,0,0
2026-10-04T14:02:45Z,paymentservice,kubernetes,0,0,0,0,0,0,0
2026-10-04T14:02:45Z,paymentservice,paymentservice,0,0,0,0,0,0,0
2026-10-04T14:02:45Z,paymentservice,productcatalogservice,0,0,0,0,0,0,0
2026-10-04T14:02:45Z,paymentservice,recommendationservice,0,0,0,0,0,0,0
2026-10-04T14:02:45Z,paymentservice,redis-cart,0,0,0,0,0,0,0
2026-10-04T14:02:45Z,paymentservice,shippingservice,0,0,0,0,0,0,0
2026-10-04T14:02:45Z,productcatalogservice,adservice,0,0,0,0,0,0,0
2026-10-04T14:02:45Z,productcatalogservice,cartservice,0,0,0,0,0,0,0
2026-10-04T14:02:45Z,productcatalogservice,checkoutservice,0,0,0,0,0,0,0
2026-10-04T14:02:45Z,productcatalogservice,currencyservice,0,0,0,0,0,0,0
2026-10-04T14:02:45Z,productcatalogservice,emailservice,0,0,0,0,0,0,0
2026-10-04T14:02:45Z,productcatalogservice,frontend,0,0,0,0,0,0,0
2026-10-04T14:02:45Z,productcatalogservice,kubernetes,0,0,0,0,0,0,0
2026-10-04T14:02:45Z,productcatalogservice,paymentservice,0,0,0,0,0,0,0
2026-10-04T14:02:45Z,productcatalogservice,productcatalogservice,0,0,0,0,0,0,0
2026-10-04T14:02:45Z,productcatalogservice,recommendationservice,0,0,0,0,0,0,0
2026-10-04T14:02:45Z,productcatalogservice,redis-cart,0,0,0,0,0,0,0
2026-10-04T14:02:45Z,productcatalogservice,shippingservice,0,0,0,0,0,0,0
2026-10-04T14:02:45Z,recommendationservice,adservice,0,0,0,0,0,0,0
2026-10-04T14:02:45Z,recommendationservice,cartservice,0,0,0,0,0,0,0
2026-10-04T14:02:45Z,recommendationservice,checkoutservice,0,0,0,0,0,0,0
2026-10-04T14:02:45Z,recommendationservice,currencyservice,0,0,0,0,0,0,0
2026-10-04T14:02:45Z,recommendationservice,emailservice,0,0,0,0,0,0,0
2026-10-04T14:02:45Z,recommendationservice,frontend,0,0,0,0,0,0,0
2026-10-04T14:02:45Z,recommendationservice,kubernetes,0,0,0,0,0,0,0
2026-10-04T14:02:45Z,recommendationservice,paymentservice,0,0,0,0,0,0,0
2026-10-04T14:02:45Z,recommendationservice,productcatalogservice,0,0,0,0,0,0,0
2026-10-04T14:02:45Z,recommendationservice,recommendationservice,0,0,0,0,0,0,0
2026-10-04T14:02:45Z,recommendationservice,redis-cart,0,0,0,0,0,0,0
2026-10-04T14:02:45Z,recommendationservice,shippingservice,0,0,0,0,0,0,0
2026-10-04T14:02:45Z,redis-cart,adservice,0,0,0,0,0,0,0
2026-10-04T14:02:45Z,redis-cart,cartservice,0,0,0,0,0,0,0
2026-10-04T14:02:45Z,redis-cart,checkoutservice,0,0,0,0,0,0,0
2026-10-04T14:02:45Z,redis-cart,currencyservice,0,0,0,0,0,0,0
2026-10-04T14:02:45Z,redis-cart,emailservice,0,0,0,0,0,0,0
2026-10-04T14:02:45Z,redis-cart,frontend,0,0,0,0,0,0,0
2026-10-04T14:02:45Z,redis-cart,kubernetes,0,0,0,0,0,0,0
2026-10-04T14:02:45Z,redis-cart,paymentservice,0,0,0,0,0,0,0
2026-10-04T14:02:45Z,redis-cart,productcatalogservice,0,0,0,0,0,0,0
2026-10-04T14:02:45Z,redis-cart,recommendationservice,0,0,0,0,0,0,0
2026-10-04T14:02:45Z,redis-cart,redis-cart,0,0,0,0,0,0,0
2026-10-04T14:02:45Z,redis-cart,shippingservice,0,0,0,0,0,0,0
2026-10-04T14:02:45Z,shippingservice,adservice,0,0,0,0,0,0,0
2026-10-04T14:02:45Z,shippingservice,cartservice,0,0,0,0,0,0,0
2026-10-04T14:02:45Z,shippingservice,checkoutservice,0,0,0,0,0,0,0
2026-10-04T14:02:45Z,shippingservice,currencyservice,0,0,0,0,0,0,0
2026-10-04T14:02:45Z,shippingservice,emailservice,0,0,0,0,0,0,0
2026-10-04T14:02:45Z,shippingservice,frontend,0,0,0,0,0,0,0
2026-10-04T14:02:45Z,shippingservice,kubernetes,0,0,0,0,0,0,0
2026-10-04T14:02:45Z,shippingservice,paymentservice,0,0,0,0,0,0,0
2026-10-04T14:02:45Z,shippingservice,productcatalogservice,0,0,0,0,0,0,0
2026-10-04T14:02:45Z,shippingservice,recommendationservice,0,0,0,0,0,0,0
2026-10-04T14:02:45Z,shippingservice,redis-cart,0,0,0,0,0,0,0
2026-10-04T14:02:45Z,shippingservice,shippingservice,0,0,0,0,0,0,0
2026-10-04T14:02:46Z,adservice,adservice,0,0,0,0,0,0,0
2026-10-04T14:02:46Z,adservice,cartservice,0,0,0,0,0,0,0
2026-10-04T14:02:46Z,adservice,checkoutservice,0,0,0,0,0,0,0
2026-10-04T14:02:46Z,adservice,currencyservice,0,0,0,0,0,0,0
2026-10-04T14:02:46Z,adservice,emailservice,0,0,0,0,0,0,0
2026-10-04T14:02:46Z,adservice,frontend,0,0,0,0,0,0,0
2026-10-04T14:02:46Z,adservice,kubernetes,0,0,0,0,0,0,0
2026-10-04T14:02:46Z,adservice,paymentservice,0,0,0,0,0,0,0
2026-10-04T14:02:46Z,adservice,productcatalogservice,0,0,0,0,0,0,0
2026-10-04T14:02:46Z,adservice,recommendationservice,0,0,0,0,0,0,0
2026-10-04T14:02:46Z,adservice,redis-cart,0,0,0,0,0,0,0
2026-10-04T14:02:46Z,adservice,shippingservice,0,0,0,0,0,0,0
2026-10-04T14:02:46Z,cartservice,adservice,0,0,0,0,0,0,0
2026-10-04T14:02:46Z,cartservice,cartservice,0,0,0,0,0,0,0
2026-10-04T14:02:46Z,cartservice,checkoutservice,0,0,0,0,0,0,0
2026-10-04T14:02:46Z,cartservice,currencyservice,0,0,0,0,0,0,0
2026-10-04T14:02:46Z,cartservice,emailservice,0,0,0,0,0,0,0
2026-10-04T14:02:46Z,cartservice,frontend,0,0,0,0,0,0,0
2026-10-04T14:02:46Z,cartservice,kubernetes,0,0,0,0,0,0,0
2026-10-04T14:02:46Z,cartservice,paymentservice,0,0,0,0,0,0,0
2026-10-04T14:02:46Z,cartservice,productcatalogservice,0,0,0,0,0,0,0
2026-10-04T14:02:46Z,cartservice,recommendationservice,0,0,0,0,0,0,0
2026-10-04T14:02:46Z,cartservice,redis-cart,2,0,0,0,0,0,0
2026-10-04T14:02:46Z,cartservice,shippingservice,0,0,0,0,0,0,0
2026-10-04T14:02:46Z,checkoutservice,adservice,0,0,0,0,0,0,0
2026-10-04T14:02:46Z,checkoutservice,cartservice,0,0,0,0,0,0,0
2026-10-04T14:02:46Z,checkoutservice,checkoutservice,0,0,0,0,0,0,0
2026-10-04T14:02:46Z,checkoutservice,currencyservice,0,0,0,0,0,0,0
2026-10-04T14:02:46Z,checkoutservice,emailservice,0,0,0,0,0,0,0
2026-10-04T14:02:46Z,checkoutservice,frontend,0,0,0,0,0,0,0
2026-10-04T14:02:46Z,checkoutservice,kubernetes,0,0,0,0,0,0,0
2026-10-04T14:02:46Z,checkoutservice,paymentservice,0,0,0,0,0,0,0
2026-10-04T14:02:46Z,checkoutservice,productcatalogservice,0,0,0,0,0,0,0
2026-10-04T14:02:46Z,checkoutservice,recommendationservice,0,0,0,0,0,0,0
2026-10-04T14:02:46Z,checkoutservice,redis-cart,0,0,0,0,0,0,0
2026-10-04T14:02:46Z,checkoutservice,shippingservice,0,0,0,0,0,0,0
2026-10-04T14:02:46Z,currencyservice,adservice,0,0,0,0,0,0,0
2026-10-04T14:02:46Z,currencyservice,cartservice,0,0,0,0,0,0,0
2026-10-04T14:02:46Z,currencyservice,checkoutservice,0,0,0,0,0,0,0
2026-10-04T14:02:46Z,currencyservice,currencyservice,0,0,0,0,0,0,0
2026-10-04T14:02:46Z,currencyservice,emailservice,0,0,0,0,0,0,0
2026-10-04T14:02:46Z,currencyservice,frontend,0,0,0,0,0,0,0
2026-10-04T14:02:46Z,currencyservice,kubernetes,0,0,0,0,0,0,0
2026-10-04T14:02:46Z,currencyservice,paymentservice,0,0,0,0,0,0,0
2026-10-04T14:02:46Z,currencyservice,productcatalogservice,0,0,0,0,0,0,0
2026-10-04T14:02:46Z,currencyservice,recommendationservice,0,0,0,0,0,0,0
2026-10-04T14:02:46Z,currencyservice,redis-cart,0,0,0,0,0,0,0
2026-10-04T14:02:46Z,currencyservice,shippingservice,0,0,0,0,0,0,0
2026-10-04T14:02:46Z,emailservice,adservice,0,0,0,0,0,0,0
2026-10-04T14:02:46Z,emailservice,cartservice,0,0,0,0,0,0,0
2026-10-04T14:02:46Z,emailservice,checkoutservice,0,0,0,0,0,0,0
2026-10-04T14:02:46Z,emailservice,currencyservice,0,0,0,0,0,0,0
2026-10-04T14:02:46Z,emailservice,emailservice,0,0,0,0,0,0,0
2026-10-04T14:02:46Z,emailservice,frontend,0,0,0,0,0,0,0
2026-10-04T14:02:46Z,emailservice,kubernetes,0,0,0,0,0,0,0
2026-10-04T14:02:46Z,emailservice,paymentservice,0,0,0,0,0,0,0
2026-10-04T14:02:46Z,emailservice,productcatalogservice,0,0,0,0,0,0,0
2026-10-04T14:02:46Z,emailservice,recommendationservice,0,0,0,0,0,0,0
2026-10-04T14:02:46Z,emailservice,redis-cart,0,0,0,0,0,0,0
2026-10-04T14:02:46Z,emailservice,shippingservice,0,0,0,0,0,0,0
2026-10-04T14:02:46Z,frontend,adservice,773781,773779,0,0,0,2334061,773779
2026-10-04T14:02:46Z,frontend,cartservice,1730573,1730561,0,0,4,9624535,1730561
2026-10-04T14:02:46Z,frontend,checkoutservice,354811,173691,0,34332,146696,55608828,173690
2026-10-04T14:02:46Z,frontend,currencyservice,2749584,2749577,0,0,0,14589993,2749577
2026-10-04T14:02:46Z,frontend,emailservice,0,0,0,0,0,0,0
2026-10-04T14:02:46Z,frontend,frontend,0,0,0,0,0,0,0
2026-10-04T14:02:46Z,frontend,kubernetes,0,0,0,0,0,0,0
2026-10-04T14:02:46Z,frontend,paymentservice,0,0,0,0,0,0,0
2026-10-04T14:02:46Z,frontend,productcatalogservice,7676840,7676779,0,0,0,52315430,7676779
2026-10-04T14:02:46Z,frontend,recommendationservice,2523996,1524786,0,104145,892890,769956520,1524786
2026-10-04T14:02:46Z,frontend,redis-cart,0,0,0,0,0,0,0
2026-10-04T14:02:46Z,frontend,shippingservice,283787,283785,0,0,0,858241,283785
2026-10-04T14:02:46Z,paymentservice,adservice,0,0,0,0,0,0,0
2026-10-04T14:02:46Z,paymentservice,cartservice,0,0,0,0,0,0,0
2026-10-04T14:02:46Z,paymentservice,checkoutservice,0,0,0,0,0,0,0
2026-10-04T14:02:46Z,paymentservice,currencyservice,0,0,0,0,0,0,0
2026-10-04T14:02:46Z,paymentservice,emailservice,0,0,0,0,0,0,0
2026-10-04T14:02:46Z,paymentservice,frontend,0,0,0,0,0,0,0
2026-10-04T14:02:46Z,paymentservice,kubernetes,0,0,0,0,0,0,0
2026-10-04T14:02:46Z,paymentservice,paymentservice,0,0,0,0,0,0,0
2026-10-04T14:02:46Z,paymentservice,productcatalogservice,0,0,0,0,0,0,0
2026-10-04T14:02:46Z,paymentservice,recommendationservice,0,0,0,0,0,0,0
2026-10-04T14:02:46Z,paymentservice,redis-cart,0,0,0,0,0,0,0
2026-10-04T14:02:46Z,paymentservice,shippingservice,0,0,0,0,0,0,0
2026-10-04T14:02:46Z,productcatalogservice,adservice,0,0,0,0,0,0,0
2026-10-04T14:02:46Z,productcatalogservice,cartservice,0,0,0,0,0,0,0
2026-10-04T14:02:46Z,productcatalogservice,checkoutservice,0,0,0,0,0,0,0
2026-10-04T14:02:46Z,productcatalogservice,currencyservice,0,0,0,0,0,0,0
2026-10-04T14:02:46Z,productcatalogservice,emailservice,0,0,0,0,0,0,0
2026-10-04T14:02:46Z,productcatalogservice,frontend,0,0,0,0,0,0,0
2026-10-04T14:02:46Z,productcatalogservice,kubernetes,0,0,0,0,0,0,0
2026-10-04T14:02:46Z,productcatalogservice,paymentservice,0,0,0,0,0,0,0
2026-10-04T14:02:46Z,productcatalogservice,productcatalogservice,0,0,0,0,0,0,0
2026-10-04T14:02:46Z,productcatalogservice,recommendationservice,0,0,0,0,0,0,0
2026-10-04T14:02:46Z,productcatalogservice,redis-cart,0,0,0,0,0,0,0
2026-10-04T14:02:46Z,productcatalogservice,shippingservice,0,0,0,0,0,0,0
2026-10-04T14:02:46Z,recommendationservice,adservice,0,0,0,0,0,0,0
2026-10-04T14:02:46Z,recommendationservice,cartservice,0,0,0,0,0,0,0
2026-10-04T14:02:46Z,recommendationservice,checkoutservice,0,0,0,0,0,0,0
2026-10-04T14:02:46Z,recommendationservice,currencyservice,0,0,0,0,0,0,0
2026-10-04T14:02:46Z,recommendationservice,emailservice,0,0,0,0,0,0,0
2026-10-04T14:02:46Z,recommendationservice,frontend,0,0,0,0,0,0,0
2026-10-04T14:02:46Z,recommendationservice,kubernetes,0,0,0,0,0,0,0
2026-10-04T14:02:46Z,recommendationservice,paymentservice,0,0,0,0,0,0,0
2026-10-04T14:02:46Z,recommendationservice,productcatalogservice,0,0,0,0,0,0,0
2026-10-04T14:02:46Z,recommendationservice,recommendationservice,0,0,0,0,0,0,0
2026-10-04T14:02:46Z,recommendationservice,redis-cart,0,0,0,0,0,0,0
2026-10-04T14:02:46Z,recommendationservice,shippingservice,0,0,0,0,0,0,0
2026-10-04T14:02:46Z,redis-cart,adservice,0,0,0,0,0,0,0
2026-10-04T14:02:46Z,redis-cart,cartservice,0,0,0,0,0,0,0
2026-10-04T14:02:46Z,redis-cart,checkoutservice,0,0,0,0,0,0,0
2026-10-04T14:02:46Z,redis-cart,currencyservice,0,0,0,0,0,0,0
2026-10-04T14:02:46Z,redis-cart,emailservice,0,0,0,0,0,0,0
2026-10-04T14:02:46Z,redis-cart,frontend,0,0,0,0,0,0,0
2026-10-04T14:02:46Z,redis-cart,kubernetes,0,0,0,0,0,0,0
2026-10-04T14:02:46Z,redis-cart,paymentservice,0,0,0,0,0,0,0
2026-10-04T14:02:46Z,redis-cart,productcatalogservice,0,0,0,0,0,0,0
2026-10-04T14:02:46Z,redis-cart,recommendationservice,0,0,0,0,0,0,0
2026-10-04T14:02:46Z,redis-cart,redis-cart,0,0,0,0,0,0,0
2026-10-04T14:02:46Z,redis-cart,shippingservice,0,0,0,0,0,0,0
2026-10-04T14:02:46Z,shippingservice,adservice,0,0,0,0,0,0,0
2026-10-04T14:02:46Z,shippingservice,cartservice,0,0,0,0,0,0,0
2026-10-04T14:02:46Z,shippingservice,checkoutservice,0,0,0,0,0,0,0
2026-10-04T14:02:46Z,shippingservice,currencyservice,0,0,0,0,0,0,0
2026-10-04T14:02:46Z,shippingservice,emailservice,0,0,0,0,0,0,0
2026-10-04T14:02:46Z,shippingservice,frontend,0,0,0,0,0,0,0
2026-10-04T14:02:46Z,shippingservice,kubernetes,0,0,0,0,0,0,0
2026-10-04T14:02:46Z,shippingservice,paymentservice,0,0,0,0,0,0,0
2026-10-04T14:02:46Z,shippingservice,productcatalogservice,0,0,0,0,0,0,0
2026-10-04T14:02:46Z,shippingservice,recommendationservice,0,0,0,0,0,0,0
2026-10-04T14:02:46Z,shippingservice,redis-cart,0,0,0,0,0,0,0
2026-10-04T14:02:46Z,shippingservice,shippingservice,0,0,0,0,0,0,0
2026-10-04T14:02:47Z,adservice,adservice,0,0,0,0,0,0,0
2026-10-04T14:02:47Z,adservice,cartservice,0,0,0,0,0,0,0
2026-10-04T14:02:47Z,adservice,checkoutservice,0,0,0,0,0,0,0
2026-10-04T14:02:47Z,adservice,currencyservice,0,0,0,0,0,0,0
2026-10-04T14:02:47Z,adservice,emailservice,0,0,0,0,0,0,0
2026-10-04T14:02:47Z,adservice,frontend,0,0,0,0,0,0,0
2026-10-04T14:02:47Z,adservice,kubernetes,0,0,0,0,0,0,0
2026-10-04T14:02:47Z,adservice,paymentservice,0,0,0,0,0,0,0
2026-10-04T14:02:47Z,adservice,productcatalogservice,0,0,0,0,0,0,0
2026-10-04T14:02:47Z,adservice,recommendationservice,0,0,0,0,0,0,0
2026-10-04T14:02:47Z,adservice,redis-cart,0,0,0,0,0,0,0
2026-10-04T14:02:47Z,adservice,shippingservice,0,0,0,0,0,0,0
2026-10-04T14:02:47Z,cartservice,adservice,0,0,0,0,0,0,0
2026-10-04T14:02:47Z,cartservice,cartservice,0,0,0,0,0,0,0
2026-10-04T14:02:47Z,cartservice,checkoutservice,0,0,0,0,0,0,0
2026-10-04T14:02:47Z,cartservice,currencyservice,0,0,0,0,0,0,0
2026-10-04T14:02:47Z,cartservice,emailservice,0,0,0,0,0,0,0
2026-10-04T14:02:47Z,cartservice,frontend,0,0,0,0,0,0,0
2026-10-04T14:02:47Z,cartservice,kubernetes,0,0,0,0,0,0,0
2026-10-04T14:02:47Z,cartservice,paymentservice,0,0,0,0,0,0,0
2026-10-04T14:02:47Z,cartservice,productcatalogservice,0,0,0,0,0,0,0
2026-10-04T14:02:47Z,cartservice,recommendationservice,0,0,0,0,0,0,0
2026-10-04T14:02:47Z,cartservice,redis-cart,2,0,0,0,0,0,0
2026-10-04T14:02:47Z,cartservice,shippingservice,0,0,0,0,0,0,0
2026-10-04T14:02:47Z,checkoutservice,adservice,0,0,0,0,0,0,0
2026-10-04T14:02:47Z,checkoutservice,cartservice,0,0,0,0,0,0,0
2026-10-04T14:02:47Z,checkoutservice,checkoutservice,0,0,0,0,0,0,0
2026-10-04T14:02:47Z,checkoutservice,currencyservice,0,0,0,0,0,0,0
2026-10-04T14:02:47Z,checkoutservice,emailservice,0,0,0,0,0,0,0
2026-10-04T14:02:47Z,checkoutservice,frontend,0,0,0,0,0,0,0
2026-10-04T14:02:47Z,checkoutservice,kubernetes,0,0,0,0,0,0,0
2026-10-04T14:02:47Z,checkoutservice,paymentservice,0,0,0,0,0,0,0
2026-10-04T14:02:47Z,checkoutservice,productcatalogservice,0,0,0,0,0,0,0
2026-10-04T14:02:47Z,checkoutservice,recommendationservice,0,0,0,0,0,0,0
2026-10-04T14:02:47Z,checkoutservice,redis-cart,0,0,0,0,0,0,0
2026-10-04T14:02:47Z,checkoutservice,shippingservice,0,0,0,0,0,0,0
2026-10-04T14:02:47Z,currencyservice,adservice,0,0,0,0,0,0,0
2026-10-04T14:02:47Z,currencyservice,cartservice,0,0,0,0,0,0,0
2026-10-04T14:02:47Z,currencyservice,checkoutservice,0,0,0,0,0,0,0
2026-10-04T14:02:47Z,currencyservice,currencyservice,0,0,0,0,0,0,0
2026-10-04T14:02:47Z,currencyservice,emailservice,0,0,0,0,0,0,0
2026-10-04T14:02:47Z,currencyservice,frontend,0,0,0,0,0,0,0
2026-10-04T14:02:47Z,currencyservice,kubernetes,0,0,0,0,0,0,0
2026-10-04T14:02:47Z,currencyservice,paymentservice,0,0,0,0,0,0,0
2026-10-04T14:02:47Z,currencyservice,productcatalogservice,0,0,0,0,0,0,0
2026-10-04T14:02:47Z,currencyservice,recommendationservice,0,0,0,0,0,0,0
2026-10-04T14:02:47Z,currencyservice,redis-cart,0,0,0,0,0,0,0
2026-10-04T14:02:47Z,currencyservice,shippingservice,0,0,0,0,0,0,0
2026-10-04T14:02:47Z,emailservice,adservice,0,0,0,0,0,0,0
2026-10-04T14:02:47Z,emailservice,cartservice,0,0,0,0,0,0,0
2026-10-04T14:02:47Z,emailservice,checkoutservice,0,0,0,0,0,0,0
2026-10-04T14:02:47Z,emailservice,currencyservice,0,0,0,0,0,0,0
2026-10-04T14:02:47Z,emailservice,emailservice,0,0,0,0,0,0,0
2026-10-04T14:02:47Z,emailservice,frontend,0,0,0,0,0,0,0
2026-10-04T14:02:47Z,emailservice,kubernetes,0,0,0,0,0,0,0
2026-10-04T14:02:47Z,emailservice,paymentservice,0,0,0,0,0,0,0
2026-10-04T14:02:47Z,emailservice,productcatalogservice,0,0,0,0,0,0,0
2026-10-04T14:02:47Z,emailservice,recommendationservice,0,0,0,0,0,0,0
2026-10-04T14:02:47Z,emailservice,redis-cart,0,0,0,0,0,0,0
2026-10-04T14:02:47Z,emailservice,shippingservice,0,0,0,0,0,0,0
2026-10-04T14:02:47Z,frontend,adservice,773781,773779,0,0,0,2334061,773779
2026-10-04T14:02:47Z,frontend,cartservice,1730573,1730561,0,0,4,9624535,1730561
2026-10-04T14:02:47Z,frontend,checkoutservice,354811,173691,0,34332,146696,55608828,173690
2026-10-04T14:02:47Z,frontend,currencyservice,2749584,2749577,0,0,0,14589993,2749577
2026-10-04T14:02:47Z,frontend,emailservice,0,0,0,0,0,0,0
2026-10-04T14:02:47Z,frontend,frontend,0,0,0,0,0,0,0
2026-10-04T14:02:47Z,frontend,kubernetes,0,0,0,0,0,0,0
2026-10-04T14:02:47Z,frontend,paymentservice,0,0,0,0,0,0,0
2026-10-04T14:02:47Z,frontend,productcatalogservice,7676840,7676779,0,0,0,52315430,7676779
2026-10-04T14:02:47Z,frontend,recommendationservice,2523996,1524786,0,104145,892890,769956520,1524786
2026-10-04T14:02:47Z,frontend,redis-cart,0,0,0,0,0,0,0
2026-10-04T14:02:47Z,frontend,shippingservice,283787,283785,0,0,0,858241,283785
2026-10-04T14:02:47Z,paymentservice,adservice,0,0,0,0,0,0,0
2026-10-04T14:02:47Z,paymentservice,cartservice,0,0,0,0,0,0,0
2026-10-04T14:02:47Z,paymentservice,checkoutservice,0,0,0,0,0,0,0
2026-10-04T14:02:47Z,paymentservice,currencyservice,0,0,0,0,0,0,0
2026-10-04T14:02:47Z,paymentservice,emailservice,0,0,0,0,0,0,0
2026-10-04T14:02:47Z,paymentservice,frontend,0,0,0,0,0,0,0
2026-10-04T14:02:47Z,paymentservice,kubernetes,0,0,0,0,0,0,0
2026-10-04T14:02:47Z,paymentservice,paymentservice,0,0,0,0,0,0,0
2026-10-04T14:02:47Z,paymentservice,productcatalogservice,0,0,0,0,0,0,0
2026-10-04T14:02:47Z,paymentservice,recommendationservice,0,0,0,0,0,0,0
2026-10-04T14:02:47Z,paymentservice,redis-cart,0,0,0,0,0,0,0
2026-10-04T14:02:47Z,paymentservice,shippingservice,0,0,0,0,0,0,0
2026-10-04T14:02:47Z,productcatalogservice,adservice,0,0,0,0,0,0,0
2026-10-04T14:02:47Z,productcatalogservice,cartservice,0,0,0,0,0,0,0
2026-10-04T14:02:47Z,productcatalogservice,checkoutservice,0,0,0,0,0,0,0
2026-10-04T14:02:47Z,productcatalogservice,currencyservice,0,0,0,0,0,0,0
2026-10-04T14:02:47Z,productcatalogservice,emailservice,0,0,0,0,0,0,0
2026-10-04T14:02:47Z,productcatalogservice,frontend,0,0,0,0,0,0,0
2026-10-04T14:02:47Z,productcatalogservice,kubernetes,0,0,0,0,0,0,0
2026-10-04T14:02:47Z,productcatalogservice,paymentservice,0,0,0,0,0,0,0
2026-10-04T14:02:47Z,productcatalogservice,productcatalogservice,0,0,0,0,0,0,0
2026-10-04T14:02:47Z,productcatalogservice,recommendationservice,0,0,0,0,0,0,0
2026-10-04T14:02:47Z,productcatalogservice,redis-cart,0,0,0,0,0,0,0
2026-10-04T14:02:47Z,productcatalogservice,shippingservice,0,0,0,0,0,0,0
2026-10-04T14:02:47Z,recommendationservice,adservice,0,0,0,0,0,0,0
2026-10-04T14:02:47Z,recommendationservice,cartservice,0,0,0,0,0,0,0
2026-10-04T14:02:47Z,recommendationservice,checkoutservice,0,0,0,0,0,0,0
2026-10-04T14:02:47Z,recommendationservice,currencyservice,0,0,0,0,0,0,0
2026-10-04T14:02:47Z,recommendationservice,emailservice,0,0,0,0,0,0,0
2026-10-04T14:02:47Z,recommendationservice,frontend,0,0,0,0,0,0,0
2026-10-04T14:02:47Z,recommendationservice,kubernetes,0,0,0,0,0,0,0
2026-10-04T14:02:47Z,recommendationservice,paymentservice,0,0,0,0,0,0,0
2026-10-04T14:02:47Z,recommendationservice,productcatalogservice,0,0,0,0,0,0,0
2026-10-04T14:02:47Z,recommendationservice,recommendationservice,0,0,0,0,0,0,0
2026-10-04T14:02:47Z,recommendationservice,redis-cart,0,0,0,0,0,0,0
2026-10-04T14:02:47Z,recommendationservice,shippingservice,0,0,0,0,0,0,0
2026-10-04T14:02:47Z,redis-cart,adservice,0,0,0,0,0,0,0
2026-10-04T14:02:47Z,redis-cart,cartservice,0,0,0,0,0,0,0
2026-10-04T14:02:47Z,redis-cart,checkoutservice,0,0,0,0,0,0,0
2026-10-04T14:02:47Z,redis-cart,currencyservice,0,0,0,0,0,0,0
2026-10-04T14:02:47Z,redis-cart,emailservice,0,0,0,0,0,0,0
2026-10-04T14:02:47Z,redis-cart,frontend,0,0,0,0,0,0,0
2026-10-04T14:02:47Z,redis-cart,kubernetes,0,0,0,0,0,0,0
2026-10-04T14:02:47Z,redis-cart,paymentservice,0,0,0,0,0,0,0
2026-10-04T14:02:47Z,redis-cart,productcatalogservice,0,0,0,0,0,0,0
2026-10-04T14:02:47Z,redis-cart,recommendationservice,0,0,0,0,0,0,0
2026-10-04T14:02:47Z,redis-cart,redis-cart,0,0,0,0,0,0,0
2026-10-04T14:02:47Z,redis-cart,shippingservice,0,0,0,0,0,0,0
2026-10-04T14:02:47Z,shippingservice,adservice,0,0,0,0,0,0,0
2026-10-04T14:02:47Z,shippingservice,cartservice,0,0,0,0,0,0,0
2026-10-04T14:02:47Z,shippingservice,checkoutservice,0,0,0,0,0,0,0
2026-10-04T14:02:47Z,shippingservice,currencyservice,0,0,0,0,0,0,0
2026-10-04T14:02:47Z,shippingservice,emailservice,0,0,0,0,0,0,0
2026-10-04T14:02:47Z,shippingservice,frontend,0,0,0,0,0,0,0
2026-10-04T14:02:47Z,shippingservice,kubernetes,0,0,0,0,0,0,0
2026-10-04T14:02:47Z,shippingservice,paymentservice,0,0,0,0,0,0,0
2026-10-04T14:02:47Z,shippingservice,productcatalogservice,0,0,0,0,0,0,0
2026-10-04T14:02:47Z,shippingservice,recommendationservice,0,0,0,0,0,0,0
2026-10-04T14:02:47Z,shippingservice,redis-cart,0,0,0,0,0,0,0
2026-10-04T14:02:47Z,shippingservice,shippingservice,0,0,0,0,0,0,0
2026-10-04T14:02:48Z,adservice,adservice,0,0,0,0,0,0,0
2026-10-04T14:02:48Z,adservice,cartservice,0,0,0,0,0,0,0
2026-10-04T14:02:48Z,adservice,checkoutservice,0,0,0,0,0,0,0
2026-10-04T14:02:48Z,adservice,currencyservice,0,0,0,0,0,0,0
2026-10-04T14:02:48Z,adservice,emailservice,0,0,0,0,0,0,0
2026-10-04T14:02:48Z,adservice,frontend,0,0,0,0,0,0,0
2026-10-04T14:02:48Z,adservice,kubernetes,0,0,0,0,0,0,0
2026-10-04T14:02:48Z,adservice,paymentservice,0,0,0,0,0,0,0
2026-10-04T14:02:48Z,adservice,productcatalogservice,0,0,0,0,0,0,0
2026-10-04T14:02:48Z,adservice,recommendationservice,0,0,0,0,0,0,0
2026-10-04T14:02:48Z,adservice,redis-cart,0,0,0,0,0,0,0
2026-10-04T14:02:48Z,adservice,shippingservice,0,0,0,0,0,0,0
2026-10-04T14:02:48Z,cartservice,adservice,0,0,0,0,0,0,0
2026-10-04T14:02:48Z,cartservice,cartservice,0,0,0,0,0,0,0
2026-10-04T14:02:48Z,cartservice,checkoutservice,0,0,0,0,0,0,0
2026-10-04T14:02:48Z,cartservice,currencyservice,0,0,0,0,0,0,0
2026-10-04T14:02:48Z,cartservice,emailservice,0,0,0,0,0,0,0
2026-10-04T14:02:48Z,cartservice,frontend,0,0,0,0,0,0,0
2026-10-04T14:02:48Z,cartservice,kubernetes,0,0,0,0,0,0,0
2026-10-04T14:02:48Z,cartservice,paymentservice,0,0,0,0,0,0,0
2026-10-04T14:02:48Z,cartservice,productcatalogservice,0,0,0,0,0,0,0
2026-10-04T14:02:48Z,cartservice,recommendationservice,0,0,0,0,0,0,0
2026-10-04T14:02:48Z,cartservice,redis-cart,2,0,0,0,0,0,0
2026-10-04T14:02:48Z,cartservice,shippingservice,0,0,0,0,0,0,0
2026-10-04T14:02:48Z,checkoutservice,adservice,0,0,0,0,0,0,0
2026-10-04T14:02:48Z,checkoutservice,cartservice,0,0,0,0,0,0,0
2026-10-04T14:02:48Z,checkoutservice,checkoutservice,0,0,0,0,0,0,0
2026-10-04T14:02:48Z,checkoutservice,currencyservice,0,0,0,0,0,0,0
2026-10-04T14:02:48Z,checkoutservice,emailservice,0,0,0,0,0,0,0
2026-10-04T14:02:48Z,checkoutservice,frontend,0,0,0,0,0,0,0
2026-10-04T14:02:48Z,checkoutservice,kubernetes,0,0,0,0,0,0,0
2026-10-04T14:02:48Z,checkoutservice,paymentservice,0,0,0,0,0,0,0
2026-10-04T14:02:48Z,checkoutservice,productcatalogservice,0,0,0,0,0,0,0
2026-10-04T14:02:48Z,checkoutservice,recommendationservice,0,0,0,0,0,0,0
2026-10-04T14:02:48Z,checkoutservice,redis-cart,0,0,0,0,0,0,0
2026-10-04T14:02:48Z,checkoutservice,shippingservice,0,0,0,0,0,0,0
2026-10-04T14:02:48Z,currencyservice,adservice,0,0,0,0,0,0,0
2026-10-04T14:02:48Z,currencyservice,cartservice,0,0,0,0,0,0,0
2026-10-04T14:02:48Z,currencyservice,checkoutservice,0,0,0,0,0,0,0
2026-10-04T14:02:48Z,currencyservice,currencyservice,0,0,0,0,0,0,0
2026-10-04T14:02:48Z,currencyservice,emailservice,0,0,0,0,0,0,0
2026-10-04T14:02:48Z,currencyservice,frontend,0,0,0,0,0,0,0
2026-10-04T14:02:48Z,currencyservice,kubernetes,0,0,0,0,0,0,0
2026-10-04T14:02:48Z,currencyservice,paymentservice,0,0,0,0,0,0,0
2026-10-04T14:02:48Z,currencyservice,productcatalogservice,0,0,0,0,0,0,0
2026-10-04T14:02:48Z,currencyservice,recommendationservice,0,0,0,0,0,0,0
2026-10-04T14:02:48Z,currencyservice,redis-cart,0,0,0,0,0,0,0
2026-10-04T14:02:48Z,currencyservice,shippingservice,0,0,0,0,0,0,0
2026-10-04T14:02:48Z,emailservice,adservice,0,0,0,0,0,0,0
2026-10-04T14:02:48Z,emailservice,cartservice,0,0,0,0,0,0,0
2026-10-04T14:02:48Z,emailservice,checkoutservice,0,0,0,0,0,0,0
2026-10-04T14:02:48Z,emailservice,currencyservice,0,0,0,0,0,0,0
2026-10-04T14:02:48Z,emailservice,emailservice,0,0,0,0,0,0,0
2026-10-04T14:02:48Z,emailservice,frontend,0,0,0,0,0,0,0
2026-10-04T14:02:48Z,emailservice,kubernetes,0,0,0,0,0,0,0
2026-10-04T14:02:48Z,emailservice,paymentservice,0,0,0,0,0,0,0
2026-10-04T14:02:48Z,emailservice,productcatalogservice,0,0,0,0,0,0,0
2026-10-04T14:02:48Z,emailservice,recommendationservice,0,0,0,0,0,0,0
2026-10-04T14:02:48Z,emailservice,redis-cart,0,0,0,0,0,0,0
2026-10-04T14:02:48Z,emailservice,shippingservice,0,0,0,0,0,0,0
2026-10-04T14:02:48Z,frontend,adservice,773781,773779,0,0,0,2334061,773779
2026-10-04T14:02:48Z,frontend,cartservice,1730573,1730561,0,0,4,9624535,1730561
2026-10-04T14:02:48Z,frontend,checkoutservice,354811,173691,0,34332,146696,55608828,173690
2026-10-04T14:02:48Z,frontend,currencyservice,2749584,2749577,0,0,0,14589993,2749577
2026-10-04T14:02:48Z,frontend,emailservice,0,0,0,0,0,0,0
2026-10-04T14:02:48Z,frontend,frontend,0,0,0,0,0,0,0
2026-10-04T14:02:48Z,frontend,kubernetes,0,0,0,0,0,0,0
2026-10-04T14:02:48Z,frontend,paymentservice,0,0,0,0,0,0,0
2026-10-04T14:02:48Z,frontend,productcatalogservice,7676840,7676779,0,0,0,52315430,7676779
2026-10-04T14:02:48Z,frontend,recommendationservice,2523996,1524786,0,104145,892890,769956520,1524786
2026-10-04T14:02:48Z,frontend,redis-cart,0,0,0,0,0,0,0
2026-10-04T14:02:48Z,frontend,shippingservice,283787,283785,0,0,0,858241,283785
2026-10-04T14:02:48Z,paymentservice,adservice,0,0,0,0,0,0,0
2026-10-04T14:02:48Z,paymentservice,cartservice,0,0,0,0,0,0,0
2026-10-04T14:02:48Z,paymentservice,checkoutservice,0,0,0,0,0,0,0
2026-10-04T14:02:48Z,paymentservice,currencyservice,0,0,0,0,0,0,0
2026-10-04T14:02:48Z,paymentservice,emailservice,0,0,0,0,0,0,0
2026-10-04T14:02:48Z,paymentservice,frontend,0,0,0,0,0,0,0
2026-10-04T14:02:48Z,paymentservice,kubernetes,0,0,0,0,0,0,0
2026-10-04T14:02:48Z,paymentservice,paymentservice,0,0,0,0,0,0,0
2026-10-04T14:02:48Z,paymentservice,productcatalogservice,0,0,0,0,0,0,0
2026-10-04T14:02:48Z,paymentservice,recommendationservice,0,0,0,0,0,0,0
2026-10-04T14:02:48Z,paymentservice,redis-cart,0,0,0,0,0,0,0
2026-10-04T14:02:48Z,paymentservice,shippingservice,0,0,0,0,0,0,0
2026-10-04T14:02:48Z,productcatalogservice,adservice,0,0,0,0,0,0,0
2026-10-04T14:02:48Z,productcatalogservice,cartservice,0,0,0,0,0,0,0
2026-10-04T14:02:48Z,productcatalogservice,checkoutservice,0,0,0,0,0,0,0
2026-10-04T14:02:48Z,productcatalogservice,currencyservice,0,0,0,0,0,0,0
2026-10-04T14:02:48Z,productcatalogservice,emailservice,0,0,0,0,0,0,0
2026-10-04T14:02:48Z,productcatalogservice,frontend,0,0,0,0,0,0,0
2026-10-04T14:02:48Z,productcatalogservice,kubernetes,0,0,0,0,0,0,0
2026-10-04T14:02:48Z,productcatalogservice,paymentservice,0,0,0,0,0,0,0
2026-10-04T14:02:48Z,productcatalogservice,productcatalogservice,0,0,0,0,0,0,0
2026-10-04T14:02:48Z,productcatalogservice,recommendationservice,0,0,0,0,0,0,0
2026-10-04T14:02:48Z,productcatalogservice,redis-cart,0,0,0,0,0,0,0
2026-10-04T14:02:48Z,productcatalogservice,shippingservice,0,0,0,0,0,0,0
2026-10-04T14:02:48Z,recommendationservice,adservice,0,0,0,0,0,0,0
2026-10-04T14:02:48Z,recommendationservice,cartservice,0,0,0,0,0,0,0
2026-10-04T14:02:48Z,recommendationservice,checkoutservice,0,0,0,0,0,0,0
2026-10-04T14:02:48Z,recommendationservice,currencyservice,0,0,0,0,0,0,0
2026-10-04T14:02:48Z,recommendationservice,emailservice,0,0,0,0,0,0,0
2026-10-04T14:02:48Z,recommendationservice,frontend,0,0,0,0,0,0,0
2026-10-04T14:02:48Z,recommendationservice,kubernetes,0,0,0,0,0,0,0
2026-10-04T14:02:48Z,recommendationservice,paymentservice,0,0,0,0,0,0,0
2026-10-04T14:02:48Z,recommendationservice,productcatalogservice,0,0,0,0,0,0,0
2026-10-04T14:02:48Z,recommendationservice,recommendationservice,0,0,0,0,0,0,0
2026-10-04T14:02:48Z,recommendationservice,redis-cart,0,0,0,0,0,0,0
2026-10-04T14:02:48Z,recommendationservice,shippingservice,0,0,0,0,0,0,0
2026-10-04T14:02:48Z,redis-cart,adservice,0,0,0,0,0,0,0
2026-10-04T14:02:48Z,redis-cart,cartservice,0,0,0,0,0,0,0
2026-10-04T14:02:48Z,redis-cart,checkoutservice,0,0,0,0,0,0,0
2026-10-04T14:02:48Z,redis-cart,currencyservice,0,0,0,0,0,0,0
2026-10-04T14:02:48Z,redis-cart,emailservice,0,0,0,0,0,0,0
2026-10-04T14:02:48Z,redis-cart,frontend,0,0,0,0,0,0,0
2026-10-04T14:02:48Z,redis-cart,kubernetes,0,0,0,0,0,0,0
2026-10-04T14:02:48Z,redis-cart,paymentservice,0,0,0,0,0,0,0
2026-10-04T14:02:48Z,redis-cart,productcatalogservice,0,0,0,0,0,0,0
2026-10-04T14:02:48Z,redis-cart,recommendationservice,0,0,0,0,0,0,0
2026-10-04T14:02:48Z,redis-cart,redis-cart,0,0,0,0,0,0,0
2026-10-04T14:02:48Z,redis-cart,shippingservice,0,0,0,0,0,0,0
2026-10-04T14:02:48Z,shippingservice,adservice,0,0,0,0,0,0,0
2026-10-04T14:02:48Z,shippingservice,cartservice,0,0,0,0,0,0,0
2026-10-04T14:02:48Z,shippingservice,checkoutservice,0,0,0,0,0,0,0
2026-10-04T14:02:48Z,shippingservice,currencyservice,0,0,0,0,0,0,0
2026-10-04T14:02:48Z,shippingservice,emailservice,0,0,0,0,0,0,0
2026-10-04T14:02:48Z,shippingservice,frontend,0,0,0,0,0,0,0
2026-10-04T14:02:48Z,shippingservice,kubernetes,0,0,0,0,0,0,0
2026-10-04T14:02:48Z,shippingservice,paymentservice,0,0,0,0,0,0,0
2026-10-04T14:02:48Z,shippingservice,productcatalogservice,0,0,0,0,0,0,0
2026-10-04T14:02:48Z,shippingservice,recommendationservice,0,0,0,0,0,0,0
2026-10-04T14:02:48Z,shippingservice,redis-cart,0,0,0,0,0,0,0
2026-10-04T14:02:48Z,shippingservice,shippingservice,0,0,0,0,0,0,0
2026-10-04T14:02:49Z,adservice,adservice,0,0,0,0,0,0,0
2026-10-04T14:02:49Z,adservice,cartservice,0,0,0,0,0,0,0
2026-10-04T14:02:49Z,adservice,checkoutservice,0,0,0,0,0,0,0
2026-10-04T14:02:49Z,adservice,currencyservice,0,0,0,0,0,0,0
2026-10-04T14:02:49Z,adservice,emailservice,0,0,0,0,0,0,0
2026-10-04T14:02:49Z,adservice,frontend,0,0,0,0,0,0,0
2026-10-04T14:02:49Z,adservice,kubernetes,0,0,0,0,0,0,0
2026-10-04T14:02:49Z,adservice,paymentservice,0,0,0,0,0,0,0
2026-10-04T14:02:49Z,adservice,productcatalogservice,0,0,0,0,0,0,0
2026-10-04T14:02:49Z,adservice,recommendationservice,0,0,0,0,0,0,0
2026-10-04T14:02:49Z,adservice,redis-cart,0,0,0,0,0,0,0
2026-10-04T14:02:49Z,adservice,shippingservice,0,0,0,0,0,0,0
2026-10-04T14:02:49Z,cartservice,adservice,0,0,0,0,0,0,0
2026-10-04T14:02:49Z,cartservice,cartservice,0,0,0,0,0,0,0
2026-10-04T14:02:49Z,cartservice,checkoutservice,0,0,0,0,0,0,0
2026-10-04T14:02:49Z,cartservice,currencyservice,0,0,0,0,0,0,0
2026-10-04T14:02:49Z,cartservice,emailservice,0,0,0,0,0,0,0
2026-10-04T14:02:49Z,cartservice,frontend,0,0,0,0,0,0,0
2026-10-04T14:02:49Z,cartservice,kubernetes,0,0,0,0,0,0,0
2026-10-04T14:02:49Z,cartservice,paymentservice,0,0,0,0,0,0,0
2026-10-04T14:02:49Z,cartservice,productcatalogservice,0,0,0,0,0,0,0
2026-10-04T14:02:49Z,cartservice,recommendationservice,0,0,0,0,0,0,0
2026-10-04T14:02:49Z,cartservice,redis-cart,2,0,0,0,0,0,0
2026-10-04T14:02:49Z,cartservice,shippingservice,0,0,0,0,0,0,0
2026-10-04T14:02:49Z,checkoutservice,adservice,0,0,0,0,0,0,0
2026-10-04T14:02:49Z,checkoutservice,cartservice,0,0,0,0,0,0,0
2026-10-04T14:02:49Z,checkoutservice,checkoutservice,0,0,0,0,0,0,0
2026-10-04T14:02:49Z,checkoutservice,currencyservice,0,0,0,0,0,0,0
2026-10-04T14:02:49Z,checkoutservice,emailservice,0,0,0,0,0,0,0
2026-10-04T14:02:49Z,checkoutservice,frontend,0,0,0,0,0,0,0
2026-10-04T14:02:49Z,checkoutservice,kubernetes,0,0,0,0,0,0,0
2026-10-04T14:02:49Z,checkoutservice,paymentservice,0,0,0,0,0,0,0
2026-10-04T14:02:49Z,checkoutservice,productcatalogservice,0,0,0,0,0,0,0
2026-10-04T14:02:49Z,checkoutservice,recommendationservice,0,0,0,0,0,0,0
2026-10-04T14:02:49Z,checkoutservice,redis-cart,0,0,0,0,0,0,0
2026-10-04T14:02:49Z,checkoutservice,shippingservice,0,0,0,0,0,0,0
2026-10-04T14:02:49Z,currencyservice,adservice,0,0,0,0,0,0,0
2026-10-04T14:02:49Z,currencyservice,cartservice,0,0,0,0,0,0,0
2026-10-04T14:02:49Z,currencyservice,checkoutservice,0,0,0,0,0,0,0
2026-10-04T14:02:49Z,currencyservice,currencyservice,0,0,0,0,0,0,0
2026-10-04T14:02:49Z,currencyservice,emailservice,0,0,0,0,0,0,0
2026-10-04T14:02:49Z,currencyservice,frontend,0,0,0,0,0,0,0
2026-10-04T14:02:49Z,currencyservice,kubernetes,0,0,0,0,0,0,0
2026-10-04T14:02:49Z,currencyservice,paymentservice,0,0,0,0,0,0,0
2026-10-04T14:02:49Z,currencyservice,productcatalogservice,0,0,0,0,0,0,0
2026-10-04T14:02:49Z,currencyservice,recommendationservice,0,0,0,0,0,0,0
2026-10-04T14:02:49Z,currencyservice,redis-cart,0,0,0,0,0,0,0
2026-10-04T14:02:49Z,currencyservice,shippingservice,0,0,0,0,0,0,0
2026-10-04T14:02:49Z,emailservice,adservice,0,0,0,0,0,0,0
2026-10-04T14:02:49Z,emailservice,cartservice,0,0,0,0,0,0,0
2026-10-04T14:02:49Z,emailservice,checkoutservice,0,0,0,0,0,0,0
2026-10-04T14:02:49Z,emailservice,currencyservice,0,0,0,0,0,0,0
2026-10-04T14:02:49Z,emailservice,emailservice,0,0,0,0,0,0,0
2026-10-04T14:02:49Z,emailservice,frontend,0,0,0,0,0,0,0
2026-10-04T14:02:49Z,emailservice,kubernetes,0,0,0,0,0,0,0
2026-10-04T14:02:49Z,emailservice,paymentservice,0,0,0,0,0,0,0
2026-10-04T14:02:49Z,emailservice,productcatalogservice,0,0,0,0,0,0,0
2026-10-04T14:02:49Z,emailservice,recommendationservice,0,0,0,0,0,0,0
2026-10-04T14:02:49Z,emailservice,redis-cart,0,0,0,0,0,0,0
2026-10-04T14:02:49Z,emailservice,shippingservice,0,0,0,0,0,0,0
2026-10-04T14:02:49Z,frontend,adservice,773781,773779,0,0,0,2334061,773779
2026-10-04T14:02:49Z,frontend,cartservice,1730573,1730561,0,0,4,9624535,1730561
2026-10-04T14:02:49Z,frontend,checkoutservice,354811,173691,0,34332,146696,55608828,173690
2026-10-04T14:02:49Z,frontend,currencyservice,2749584,2749577,0,0,0,14589993,2749577
2026-10-04T14:02:49Z,frontend,emailservice,0,0,0,0,0,0,0
2026-10-04T14:02:49Z,frontend,frontend,0,0,0,0,0,0,0
2026-10-04T14:02:49Z,frontend,kubernetes,0,0,0,0,0,0,0
2026-10-04T14:02:49Z,frontend,paymentservice,0,0,0,0,0,0,0
2026-10-04T14:02:49Z,frontend,productcatalogservice,7676840,7676779,0,0,0,52315430,7676779
2026-10-04T14:02:49Z,frontend,recommendationservice,2523996,1524786,0,104145,892890,769956520,1524786
2026-10-04T14:02:49Z,frontend,redis-cart,0,0,0,0,0,0,0
2026-10-04T14:02:49Z,frontend,shippingservice,283787,283785,0,0,0,858241,283785
2026-10-04T14:02:49Z,paymentservice,adservice,0,0,0,0,0,0,0
2026-10-04T14:02:49Z,paymentservice,cartservice,0,0,0,0,0,0,0
2026-10-04T14:02:49Z,paymentservice,checkoutservice,0,0,0,0,0,0,0
2026-10-04T14:02:49Z,paymentservice,currencyservice,0,0,0,0,0,0,0
2026-10-04T14:02:49Z,paymentservice,emailservice,0,0,0,0,0,0,0
2026-10-04T14:02:49Z,paymentservice,frontend,0,0,0,0,0,0,0
2026-10-04T14:02:49Z,paymentservice,kubernetes,0,0,0,0,0,0,0
2026-10-04T14:02:49Z,paymentservice,paymentservice,0,0,0,0,0,0,0
2026-10-04T14:02:49Z,paymentservice,productcatalogservice,0,0,0,0,0,0,0
2026-10-04T14:02:49Z,paymentservice,recommendationservice,0,0,0,0,0,0,0
2026-10-04T14:02:49Z,paymentservice,redis-cart,0,0,0,0,0,0,0
2026-10-04T14:02:49Z,paymentservice,shippingservice,0,0,0,0,0,0,0
2026-10-04T14:02:49Z,productcatalogservice,adservice,0,0,0,0,0,0,0
2026-10-04T14:02:49Z,productcatalogservice,cartservice,0,0,0,0,0,0,0
2026-10-04T14:02:49Z,productcatalogservice,checkoutservice,0,0,0,0,0,0,0
2026-10-04T14:02:49Z,productcatalogservice,currencyservice,0,0,0,0,0,0,0
2026-10-04T14:02:49Z,productcatalogservice,emailservice,0,0,0,0,0,0,0
2026-10-04T14:02:49Z,productcatalogservice,frontend,0,0,0,0,0,0,0
2026-10-04T14:02:49Z,productcatalogservice,kubernetes,0,0,0,0,0,0,0
2026-10-04T14:02:49Z,productcatalogservice,paymentservice,0,0,0,0,0,0,0
2026-10-04T14:02:49Z,productcatalogservice,productcatalogservice,0,0,0,0,0,0,0
2026-10-04T14:02:49Z,productcatalogservice,recommendationservice,0,0,0,0,0,0,0
2026-10-04T14:02:49Z,productcatalogservice,redis-cart,0,0,0,0,0,0,0
2026-10-04T14:02:49Z,productcatalogservice,shippingservice,0,0,0,0,0,0,0
2026-10-04T14:02:49Z,recommendationservice,adservice,0,0,0,0,0,0,0
2026-10-04T14:02:49Z,recommendationservice,cartservice,0,0,0,0,0,0,0
2026-10-04T14:02:49Z,recommendationservice,checkoutservice,0,0,0,0,0,0,0
2026-10-04T14:02:49Z,recommendationservice,currencyservice,0,0,0,0,0,0,0
2026-10-04T14:02:49Z,recommendationservice,emailservice,0,0,0,0,0,0,0
2026-10-04T14:02:49Z,recommendationservice,frontend,0,0,0,0,0,0,0
2026-10-04T14:02:49Z,recommendationservice,kubernetes,0,0,0,0,0,0,0
2026-10-04T14:02:49Z,recommendationservice,paymentservice,0,0,0,0,0,0,0
2026-10-04T14:02:49Z,recommendationservice,productcatalogservice,0,0,0,0,0,0,0
2026-10-04T14:02:49Z,recommendationservice,recommendationservice,0,0,0,0,0,0,0
2026-10-04T14:02:49Z,recommendationservice,redis-cart,0,0,0,0,0,0,0
2026-10-04T14:02:49Z,recommendationservice,shippingservice,0,0,0,0,0,0,0
2026-10-04T14:02:49Z,redis-cart,adservice,0,0,0,0,0,0,0
2026-10-04T14:02:49Z,redis-cart,cartservice,0,0,0,0,0,0,0
2026-10-04T14:02:49Z,redis-cart,checkoutservice,0,0,0,0,0,0,0
2026-10-04T14:02:49Z,redis-cart,currencyservice,0,0,0,0,0,0,0
2026-10-04T14:02:49Z,redis-cart,emailservice,0,0,0,0,0,0,0
2026-10-04T14:02:49Z,redis-cart,frontend,0,0,0,0,0,0,0
2026-10-04T14:02:49Z,redis-cart,kubernetes,0,0,0,0,0,0,0
2026-10-04T14:02:49Z,redis-cart,paymentservice,0,0,0,0,0,0,0
2026-10-04T14:02:49Z,redis-cart,productcatalogservice,0,0,0,0,0,0,0
2026-10-04T14:02:49Z,redis-cart,recommendationservice,0,0,0,0,0,0,0
2026-10-04T14:02:49Z,redis-cart,redis-cart,0,0,0,0,0,0,0
2026-10-04T14:02:49Z,redis-cart,shippingservice,0,0,0,0,0,0,0
2026-10-04T14:02:49Z,shippingservice,adservice,0,0,0,0,0,0,0
2026-10-04T14:02:49Z,shippingservice,cartservice,0,0,0,0,0,0,0
2026-10-04T14:02:49Z,shippingservice,checkoutservice,0,0,0,0,0,0,0
2026-10-04T14:02:49Z,shippingservice,currencyservice,0,0,0,0,0,0,0
2026-10-04T14:02:49Z,shippingservice,emailservice,0,0,0,0,0,0,0
2026-10-04T14:02:49Z,shippingservice,frontend,0,0,0,0,0,0,0
2026-10-04T14:02:49Z,shippingservice,kubernetes,0,0,0,0,0,0,0
2026-10-04T14:02:49Z,shippingservice,paymentservice,0,0,0,0,0,0,0
2026-10-04T14:02:49Z,shippingservice,productcatalogservice,0,0,0,0,0,0,0
2026-10-04T14:02:49Z,shippingservice,recommendationservice,0,0,0,0,0,0,0
2026-10-04T14:02:49Z,shippingservice,redis-cart,0,0,0,0,0,0,0
2026-10-04T14:02:49Z,shippingservice,shippingservice,0,0,0,0,0,0,0
2026-10-04T14:02:50Z,adservice,adservice,0,0,0,0,0,0,0
2026-10-04T14:02:50Z,adservice,cartservice,0,0,0,0,0,0,0
2026-10-04T14:02:50Z,adservice,checkoutservice,0,0,0,0,0,0,0
2026-10-04T14:02:50Z,adservice,currencyservice,0,0,0,0,0,0,0
2026-10-04T14:02:50Z,adservice,emailservice,0,0,0,0,0,0,0
2026-10-04T14:02:50Z,adservice,frontend,0,0,0,0,0,0,0
2026-10-04T14:02:50Z,adservice,kubernetes,0,0,0,0,0,0,0
2026-10-04T14:02:50Z,adservice,paymentservice,0,0,0,0,0,0,0
2026-10-04T14:02:50Z,adservice,productcatalogservice,0,0,0,0,0,0,0
2026-10-04T14:02:50Z,adservice,recommendationservice,0,0,0,0,0,0,0
2026-10-04T14:02:50Z,adservice,redis-cart,0,0,0,0,0,0,0
2026-10-04T14:02:50Z,adservice,shippingservice,0,0,0,0,0,0,0
2026-10-04T14:02:50Z,cartservice,adservice,0,0,0,0,0,0,0
2026-10-04T14:02:50Z,cartservice,cartservice,0,0,0,0,0,0,0
2026-10-04T14:02:50Z,cartservice,checkoutservice,0,0,0,0,0,0,0
2026-10-04T14:02:50Z,cartservice,currencyservice,0,0,0,0,0,0,0
2026-10-04T14:02:50Z,cartservice,emailservice,0,0,0,0,0,0,0
2026-10-04T14:02:50Z,cartservice,frontend,0,0,0,0,0,0,0
2026-10-04T14:02:50Z,cartservice,kubernetes,0,0,0,0,0,0,0
2026-10-04T14:02:50Z,cartservice,paymentservice,0,0,0,0,0,0,0
2026-10-04T14:02:50Z,cartservice,productcatalogservice,0,0,0,0,0,0,0
2026-10-04T14:02:50Z,cartservice,recommendationservice,0,0,0,0,0,0,0
2026-10-04T14:02:50Z,cartservice,redis-cart,2,0,0,0,0,0,0
2026-10-04T14:02:50Z,cartservice,shippingservice,0,0,0,0,0,0,0
2026-10-04T14:02:50Z,checkoutservice,adservice,0,0,0,0,0,0,0
2026-10-04T14:02:50Z,checkoutservice,cartservice,0,0,0,0,0,0,0
2026-10-04T14:02:50Z,checkoutservice,checkoutservice,0,0,0,0,0,0,0
2026-10-04T14:02:50Z,checkoutservice,currencyservice,0,0,0,0,0,0,0
2026-10-04T14:02:50Z,checkoutservice,emailservice,0,0,0,0,0,0,0
2026-10-04T14:02:50Z,checkoutservice,frontend,0,0,0,0,0,0,0
2026-10-04T14:02:50Z,checkoutservice,kubernetes,0,0,0,0,0,0,0
2026-10-04T14:02:50Z,checkoutservice,paymentservice,0,0,0,0,0,0,0
2026-10-04T14:02:50Z,checkoutservice,productcatalogservice,0,0,0,0,0,0,0
2026-10-04T14:02:50Z,checkoutservice,recommendationservice,0,0,0,0,0,0,0
2026-10-04T14:02:50Z,checkoutservice,redis-cart,0,0,0,0,0,0,0
2026-10-04T14:02:50Z,checkoutservice,shippingservice,0,0,0,0,0,0,0
2026-10-04T14:02:50Z,currencyservice,adservice,0,0,0,0,0,0,0
2026-10-04T14:02:50Z,currencyservice,cartservice,0,0,0,0,0,0,0
2026-10-04T14:02:50Z,currencyservice,checkoutservice,0,0,0,0,0,0,0
2026-10-04T14:02:50Z,currencyservice,currencyservice,0,0,0,0,0,0,0
2026-10-04T14:02:50Z,currencyservice,emailservice,0,0,0,0,0,0,0
2026-10-04T14:02:50Z,currencyservice,frontend,0,0,0,0,0,0,0
2026-10-04T14:02:50Z,currencyservice,kubernetes,0,0,0,0,0,0,0
2026-10-04T14:02:50Z,currencyservice,paymentservice,0,0,0,0,0,0,0
2026-10-04T14:02:50Z,currencyservice,productcatalogservice,0,0,0,0,0,0,0
2026-10-04T14:02:50Z,currencyservice,recommendationservice,0,0,0,0,0,0,0
2026-10-04T14:02:50Z,currencyservice,redis-cart,0,0,0,0,0,0,0
2026-10-04T14:02:50Z,currencyservice,shippingservice,0,0,0,0,0,0,0
2026-10-04T14:02:50Z,emailservice,adservice,0,0,0,0,0,0,0
2026-10-04T14:02:50Z,emailservice,cartservice,0,0,0,0,0,0,0
2026-10-04T14:02:50Z,emailservice,checkoutservice,0,0,0,0,0,0,0
2026-10-04T14:02:50Z,emailservice,currencyservice,0,0,0,0,0,0,0
2026-10-04T14:02:50Z,emailservice,emailservice,0,0,0,0,0,0,0
2026-10-04T14:02:50Z,emailservice,frontend,0,0,0,0,0,0,0
2026-10-04T14:02:50Z,emailservice,kubernetes,0,0,0,0,0,0,0
2026-10-04T14:02:50Z,emailservice,paymentservice,0,0,0,0,0,0,0
2026-10-04T14:02:50Z,emailservice,productcatalogservice,0,0,0,0,0,0,0
2026-10-04T14:02:50Z,emailservice,recommendationservice,0,0,0,0,0,0,0
2026-10-04T14:02:50Z,emailservice,redis-cart,0,0,0,0,0,0,0
2026-10-04T14:02:50Z,emailservice,shippingservice,0,0,0,0,0,0,0
2026-10-04T14:02:50Z,frontend,adservice,773781,773779,0,0,0,2334061,773779
2026-10-04T14:02:50Z,frontend,cartservice,1730573,1730561,0,0,4,9624535,1730561
2026-10-04T14:02:50Z,frontend,checkoutservice,354811,173691,0,34332,146696,55608828,173690
2026-10-04T14:02:50Z,frontend,currencyservice,2749584,2749577,0,0,0,14589993,2749577
2026-10-04T14:02:50Z,frontend,emailservice,0,0,0,0,0,0,0
2026-10-04T14:02:50Z,frontend,frontend,0,0,0,0,0,0,0
2026-10-04T14:02:50Z,frontend,kubernetes,0,0,0,0,0,0,0
2026-10-04T14:02:50Z,frontend,paymentservice,0,0,0,0,0,0,0
2026-10-04T14:02:50Z,frontend,productcatalogservice,7676840,7676779,0,0,0,52315430,7676779
2026-10-04T14:02:50Z,frontend,recommendationservice,2523996,1524786,0,104145,892890,769956520,1524786
2026-10-04T14:02:50Z,frontend,redis-cart,0,0,0,0,0,0,0
2026-10-04T14:02:50Z,frontend,shippingservice,283787,283785,0,0,0,858241,283785
2026-10-04T14:02:50Z,paymentservice,adservice,0,0,0,0,0,0,0
2026-10-04T14:02:50Z,paymentservice,cartservice,0,0,0,0,0,0,0
2026-10-04T14:02:50Z,paymentservice,checkoutservice,0,0,0,0,0,0,0
2026-10-04T14:02:50Z,paymentservice,currencyservice,0,0,0,0,0,0,0
2026-10-04T14:02:50Z,paymentservice,emailservice,0,0,0,0,0,0,0
2026-10-04T14:02:50Z,paymentservice,frontend,0,0,0,0,0,0,0
2026-10-04T14:02:50Z,paymentservice,kubernetes,0,0,0,0,0,0,0
2026-10-04T14:02:50Z,paymentservice,paymentservice,0,0,0,0,0,0,0
2026-10-04T14:02:50Z,paymentservice,productcatalogservice,0,0,0,0,0,0,0
2026-10-04T14:02:50Z,paymentservice,recommendationservice,0,0,0,0,0,0,0
2026-10-04T14:02:50Z,paymentservice,redis-cart,0,0,0,0,0,0,0
2026-10-04T14:02:50Z,paymentservice,shippingservice,0,0,0,0,0,0,0
2026-10-04T14:02:50Z,productcatalogservice,adservice,0,0,0,0,0,0,0
2026-10-04T14:02:50Z,productcatalogservice,cartservice,0,0,0,0,0,0,0
2026-10-04T14:02:50Z,productcatalogservice,checkoutservice,0,0,0,0,0,0,0
2026-10-04T14:02:50Z,productcatalogservice,currencyservice,0,0,0,0,0,0,0
2026-10-04T14:02:50Z,productcatalogservice,emailservice,0,0,0,0,0,0,0
2026-10-04T14:02:50Z,productcatalogservice,frontend,0,0,0,0,0,0,0
2026-10-04T14:02:50Z,productcatalogservice,kubernetes,0,0,0,0,0,0,0
2026-10-04T14:02:50Z,productcatalogservice,paymentservice,0,0,0,0,0,0,0
2026-10-04T14:02:50Z,productcatalogservice,productcatalogservice,0,0,0,0,0,0,0
2026-10-04T14:02:50Z,productcatalogservice,recommendationservice,0,0,0,0,0,0,0
2026-10-04T14:02:50Z,productcatalogservice,redis-cart,0,0,0,0,0,0,0
2026-10-04T14:02:50Z,productcatalogservice,shippingservice,0,0,0,0,0,0,0
2026-10-04T14:02:50Z,recommendationservice,adservice,0,0,0,0,0,0,0
2026-10-04T14:02:50Z,recommendationservice,cartservice,0,0,0,0,0,0,0
2026-10-04T14:02:50Z,recommendationservice,checkoutservice,0,0,0,0,0,0,0
2026-10-04T14:02:50Z,recommendationservice,currencyservice,0,0,0,0,0,0,0
2026-10-04T14:02:50Z,recommendationservice,emailservice,0,0,0,0,0,0,0
2026-10-04T14:02:50Z,recommendationservice,frontend,0,0,0,0,0,0,0
2026-10-04T14:02:50Z,recommendationservice,kubernetes,0,0,0,0,0,0,0
2026-10-04T14:02:50Z,recommendationservice,paymentservice,0,0,0,0,0,0,0
2026-10-04T14:02:50Z,recommendationservice,productcatalogservice,0,0,0,0,0,0,0
2026-10-04T14:02:50Z,recommendationservice,recommendationservice,0,0,0,0,0,0,0
2026-10-04T14:02:50Z,recommendationservice,redis-cart,0,0,0,0,0,0,0
2026-10-04T14:02:50Z,recommendationservice,shippingservice,0,0,0,0,0,0,0
2026-10-04T14:02:50Z,redis-cart,adservice,0,0,0,0,0,0,0
2026-10-04T14:02:50Z,redis-cart,cartservice,0,0,0,0,0,0,0
2026-10-04T14:02:50Z,redis-cart,checkoutservice,0,0,0,0,0,0,0
2026-10-04T14:02:50Z,redis-cart,currencyservice,0,0,0,0,0,0,0
2026-10-04T14:02:50Z,redis-cart,emailservice,0,0,0,0,0,0,0
2026-10-04T14:02:50Z,redis-cart,frontend,0,0,0,0,0,0,0
2026-10-04T14:02:50Z,redis-cart,kubernetes,0,0,0,0,0,0,0
2026-10-04T14:02:50Z,redis-cart,paymentservice,0,0,0,0,0,0,0
2026-10-04T14:02:50Z,redis-cart,productcatalogservice,0,0,0,0,0,0,0
2026-10-04T14:02:50Z,redis-cart,recommendationservice,0,0,0,0,0,0,0
2026-10-04T14:02:50Z,redis-cart,redis-cart,0,0,0,0,0,0,0
2026-10-04T14:02:50Z,redis-cart,shippingservice,0,0,0,0,0,0,0
2026-10-04T14:02:50Z,shippingservice,adservice,0,0,0,0,0,0,0
2026-10-04T14:02:50Z,shippingservice,cartservice,0,0,0,0,0,0,0
2026-10-04T14:02:50Z,shippingservice,checkoutservice,0,0,0,0,0,0,0
2026-10-04T14:02:50Z,shippingservice,currencyservice,0,0,0,0,0,0,0
2026-10-04T14:02:50Z,shippingservice,emailservice,0,0,0,0,0,0,0
2026-10-04T14:02:50Z,shippingservice,frontend,0,0,0,0,0,0,0
2026-10-04T14:02:50Z,shippingservice,kubernetes,0,0,0,0,0,0,0
2026-10-04T14:02:50Z,shippingservice,paymentservice,0,0,0,0,0,0,0
2026-10-04T14:02:50Z,shippingservice,productcatalogservice,0,0,0,0,0,0,0
2026-10-04T14:02:50Z,shippingservice,recommendationservice,0,0,0,0,0,0,0
2026-10-04T14:02:50Z,shippingservice,redis-cart,0,0,0,0,0,0,0
2026-10-04T14:02:50Z,shippingservice,shippingservice,0,0,0,0,0,0,0
2026-10-04T14:02:51Z,adservice,adservice,0,0,0,0,0,0,0
2026-10-04T14:02:51Z,adservice,cartservice,0,0,0,0,0,0,0
2026-10-04T14:02:51Z,adservice,checkoutservice,0,0,0,0,0,0,0
2026-10-04T14:02:51Z,adservice,currencyservice,0,0,0,0,0,0,0
2026-10-04T14:02:51Z,adservice,emailservice,0,0,0,0,0,0,0
2026-10-04T14:02:51Z,adservice,frontend,0,0,0,0,0,0,0
2026-10-04T14:02:51Z,adservice,kubernetes,0,0,0,0,0,0,0
2026-10-04T14:02:51Z,adservice,paymentservice,0,0,0,0,0,0,0
2026-10-04T14:02:51Z,adservice,productcatalogservice,0,0,0,0,0,0,0
2026-10-04T14:02:51Z,adservice,recommendationservice,0,0,0,0,0,0,0
2026-10-04T14:02:51Z,adservice,redis-cart,0,0,0,0,0,0,0
2026-10-04T14:02:51Z,adservice,shippingservice,0,0,0,0,0,0,0
2026-10-04T14:02:51Z,cartservice,adservice,0,0,0,0,0,0,0
2026-10-04T14:02:51Z,cartservice,cartservice,0,0,0,0,0,0,0
2026-10-04T14:02:51Z,cartservice,checkoutservice,0,0,0,0,0,0,0
2026-10-04T14:02:51Z,cartservice,currencyservice,0,0,0,0,0,0,0
2026-10-04T14:02:51Z,cartservice,emailservice,0,0,0,0,0,0,0
2026-10-04T14:02:51Z,cartservice,frontend,0,0,0,0,0,0,0
2026-10-04T14:02:51Z,cartservice,kubernetes,0,0,0,0,0,0,0
2026-10-04T14:02:51Z,cartservice,paymentservice,0,0,0,0,0,0,0
2026-10-04T14:02:51Z,cartservice,productcatalogservice,0,0,0,0,0,0,0
2026-10-04T14:02:51Z,cartservice,recommendationservice,0,0,0,0,0,0,0
2026-10-04T14:02:51Z,cartservice,redis-cart,2,0,0,0,0,0,0
2026-10-04T14:02:51Z,cartservice,shippingservice,0,0,0,0,0,0,0
2026-10-04T14:02:51Z,checkoutservice,adservice,0,0,0,0,0,0,0
2026-10-04T14:02:51Z,checkoutservice,cartservice,0,0,0,0,0,0,0
2026-10-04T14:02:51Z,checkoutservice,checkoutservice,0,0,0,0,0,0,0
2026-10-04T14:02:51Z,checkoutservice,currencyservice,0,0,0,0,0,0,0
2026-10-04T14:02:51Z,checkoutservice,emailservice,0,0,0,0,0,0,0
2026-10-04T14:02:51Z,checkoutservice,frontend,0,0,0,0,0,0,0
2026-10-04T14:02:51Z,checkoutservice,kubernetes,0,0,0,0,0,0,0
2026-10-04T14:02:51Z,checkoutservice,paymentservice,0,0,0,0,0,0,0
2026-10-04T14:02:51Z,checkoutservice,productcatalogservice,0,0,0,0,0,0,0
2026-10-04T14:02:51Z,checkoutservice,recommendationservice,0,0,0,0,0,0,0
2026-10-04T14:02:51Z,checkoutservice,redis-cart,0,0,0,0,0,0,0
2026-10-04T14:02:51Z,checkoutservice,shippingservice,0,0,0,0,0,0,0
2026-10-04T14:02:51Z,currencyservice,adservice,0,0,0,0,0,0,0
2026-10-04T14:02:51Z,currencyservice,cartservice,0,0,0,0,0,0,0
2026-10-04T14:02:51Z,currencyservice,checkoutservice,0,0,0,0,0,0,0
2026-10-04T14:02:51Z,currencyservice,currencyservice,0,0,0,0,0,0,0
2026-10-04T14:02:51Z,currencyservice,emailservice,0,0,0,0,0,0,0
2026-10-04T14:02:51Z,currencyservice,frontend,0,0,0,0,0,0,0
2026-10-04T14:02:51Z,currencyservice,kubernetes,0,0,0,0,0,0,0
2026-10-04T14:02:51Z,currencyservice,paymentservice,0,0,0,0,0,0,0
2026-10-04T14:02:51Z,currencyservice,productcatalogservice,0,0,0,0,0,0,0
2026-10-04T14:02:51Z,currencyservice,recommendationservice,0,0,0,0,0,0,0
2026-10-04T14:02:51Z,currencyservice,redis-cart,0,0,0,0,0,0,0
2026-10-04T14:02:51Z,currencyservice,shippingservice,0,0,0,0,0,0,0
2026-10-04T14:02:51Z,emailservice,adservice,0,0,0,0,0,0,0
2026-10-04T14:02:51Z,emailservice,cartservice,0,0,0,0,0,0,0
2026-10-04T14:02:51Z,emailservice,checkoutservice,0,0,0,0,0,0,0
2026-10-04T14:02:51Z,emailservice,currencyservice,0,0,0,0,0,0,0
2026-10-04T14:02:51Z,emailservice,emailservice,0,0,0,0,0,0,0
2026-10-04T14:02:51Z,emailservice,frontend,0,0,0,0,0,0,0
2026-10-04T14:02:51Z,emailservice,kubernetes,0,0,0,0,0,0,0
2026-10-04T14:02:51Z,emailservice,paymentservice,0,0,0,0,0,0,0
2026-10-04T14:02:51Z,emailservice,productcatalogservice,0,0,0,0,0,0,0
2026-10-04T14:02:51Z,emailservice,recommendationservice,0,0,0,0,0,0,0
2026-10-04T14:02:51Z,emailservice,redis-cart,0,0,0,0,0,0,0
2026-10-04T14:02:51Z,emailservice,shippingservice,0,0,0,0,0,0,0
2026-10-04T14:02:51Z,frontend,adservice,773781,773779,0,0,0,2334061,773779
2026-10-04T14:02:51Z,frontend,cartservice,1730573,1730561,0,0,4,9624535,1730561
2026-10-04T14:02:51Z,frontend,checkoutservice,354811,173691,0,34332,146696,55608828,173690
2026-10-04T14:02:51Z,frontend,currencyservice,2749584,2749577,0,0,0,14589993,2749577
2026-10-04T14:02:51Z,frontend,emailservice,0,0,0,0,0,0,0
2026-10-04T14:02:51Z,frontend,frontend,0,0,0,0,0,0,0
2026-10-04T14:02:51Z,frontend,kubernetes,0,0,0,0,0,0,0
2026-10-04T14:02:51Z,frontend,paymentservice,0,0,0,0,0,0,0
2026-10-04T14:02:51Z,frontend,productcatalogservice,7676840,7676779,0,0,0,52315430,7676779
2026-10-04T14:02:51Z,frontend,recommendationservice,2523996,1524786,0,104145,892890,769956520,1524786
2026-10-04T14:02:51Z,frontend,redis-cart,0,0,0,0,0,0,0
2026-10-04T14:02:51Z,frontend,shippingservice,283787,283785,0,0,0,858241,283785
2026-10-04T14:02:51Z,paymentservice,adservice,0,0,0,0,0,0,0
2026-10-04T14:02:51Z,paymentservice,cartservice,0,0,0,0,0,0,0
2026-10-04T14:02:51Z,paymentservice,checkoutservice,0,0,0,0,0,0,0
2026-10-04T14:02:51Z,paymentservice,currencyservice,0,0,0,0,0,0,0
2026-10-04T14:02:51Z,paymentservice,emailservice,0,0,0,0,0,0,0
2026-10-04T14:02:51Z,paymentservice,frontend,0,0,0,0,0,0,0
2026-10-04T14:02:51Z,paymentservice,kubernetes,0,0,0,0,0,0,0
2026-10-04T14:02:51Z,paymentservice,paymentservice,0,0,0,0,0,0,0
2026-10-04T14:02:51Z,paymentservice,productcatalogservice,0,0,0,0,0,0,0
2026-10-04T14:02:51Z,paymentservice,recommendationservice,0,0,0,0,0,0,0
2026-10-04T14:02:51Z,paymentservice,redis-cart,0,0,0,0,0,0,0
2026-10-04T14:02:51Z,paymentservice,shippingservice,0,0,0,0,0,0,0
2026-10-04T14:02:51Z,productcatalogservice,adservice,0,0,0,0,0,0,0
2026-10-04T14:02:51Z,productcatalogservice,cartservice,0,0,0,0,0,0,0
2026-10-04T14:02:51Z,productcatalogservice,checkoutservice,0,0,0,0,0,0,0
2026-10-04T14:02:51Z,productcatalogservice,currencyservice,0,0,0,0,0,0,0
2026-10-04T14:02:51Z,productcatalogservice,emailservice,0,0,0,0,0,0,0
2026-10-04T14:02:51Z,productcatalogservice,frontend,0,0,0,0,0,0,0
2026-10-04T14:02:51Z,productcatalogservice,kubernetes,0,0,0,0,0,0,0
2026-10-04T14:02:51Z,productcatalogservice,paymentservice,0,0,0,0,0,0,0
2026-10-04T14:02:51Z,productcatalogservice,productcatalogservice,0,0,0,0,0,0,0
2026-10-04T14:02:51Z,productcatalogservice,recommendationservice,0,0,0,0,0,0,0
2026-10-04T14:02:51Z,productcatalogservice,redis-cart,0,0,0,0,0,0,0
2026-10-04T14:02:51Z,productcatalogservice,shippingservice,0,0,0,0,0,0,0
2026-10-04T14:02:51Z,recommendationservice,adservice,0,0,0,0,0,0,0
2026-10-04T14:02:51Z,recommendationservice,cartservice,0,0,0,0,0,0,0
2026-10-04T14:02:51Z,recommendationservice,checkoutservice,0,0,0,0,0,0,0
2026-10-04T14:02:51Z,recommendationservice,currencyservice,0,0,0,0,0,0,0
2026-10-04T14:02:51Z,recommendationservice,emailservice,0,0,0,0,0,0,0
2026-10-04T14:02:51Z,recommendationservice,frontend,0,0,0,0,0,0,0
2026-10-04T14:02:51Z,recommendationservice,kubernetes,0,0,0,0,0,0,0
2026-10-04T14:02:51Z,recommendationservice,paymentservice,0,0,0,0,0,0,0
2026-10-04T14:02:51Z,recommendationservice,productcatalogservice,0,0,0,0,0,0,0
2026-10-04T14:02:51Z,recommendationservice,recommendationservice,0,0,0,0,0,0,0
2026-10-04T14:02:51Z,recommendationservice,redis-cart,0,0,0,0,0,0,0
2026-10-04T14:02:51Z,recommendationservice,shippingservice,0,0,0,0,0,0,0
2026-10-04T14:02:51Z,redis-cart,adservice,0,0,0,0,0,0,0
2026-10-04T14:02:51Z,redis-cart,cartservice,0,0,0,0,0,0,0
2026-10-04T14:02:51Z,redis-cart,checkoutservice,0,0,0,0,0,0,0
2026-10-04T14:02:51Z,redis-cart,currencyservice,0,0,0,0,0,0,0
2026-10-04T14:02:51Z,redis-cart,emailservice,0,0,0,0,0,0,0
2026-10-04T14:02:51Z,redis-cart,frontend,0,0,0,0,0,0,0
2026-10-04T14:02:51Z,redis-cart,kubernetes,0,0,0,0,0,0,0
2026-10-04T14:02:51Z,redis-cart,paymentservice,0,0,0,0,0,0,0
2026-10-04T14:02:51Z,redis-cart,productcatalogservice,0,0,0,0,0,0,0
2026-10-04T14:02:51Z,redis-cart,recommendationservice,0,0,0,0,0,0,0
2026-10-04T14:02:51Z,redis-cart,redis-cart,0,0,0,0,0,0,0
2026-10-04T14:02:51Z,redis-cart,shippingservice,0,0,0,0,0,0,0
2026-10-04T14:02:51Z,shippingservice,adservice,0,0,0,0,0,0,0
2026-10-04T14:02:51Z,shippingservice,cartservice,0,0,0,0,0,0,0
2026-10-04T14:02:51Z,shippingservice,checkoutservice,0,0,0,0,0,0,0
2026-10-04T14:02:51Z,shippingservice,currencyservice,0,0,0,0,0,0,0
2026-10-04T14:02:51Z,shippingservice,emailservice,0,0,0,0,0,0,0
2026-10-04T14:02:51Z,shippingservice,frontend,0,0,0,0,0,0,0
2026-10-04T14:02:51Z,shippingservice,kubernetes,0,0,0,0,0,0,0
2026-10-04T14:02:51Z,shippingservice,paymentservice,0,0,0,0,0,0,0
2026-10-04T14:02:51Z,shippingservice,productcatalogservice,0,0,0,0,0,0,0
2026-10-04T14:02:51Z,shippingservice,recommendationservice,0,0,0,0,0,0,0
2026-10-04T14:02:51Z,shippingservice,redis-cart,0,0,0,0,0,0,0
2026-10-04T14:02:51Z,shippingservice,shippingservice,0,0,0,0,0,0,0
2026-10-04T14:02:52Z,adservice,adservice,0,0,0,0,0,0,0
2026-10-04T14:02:52Z,adservice,cartservice,0,0,0,0,0,0,0
2026-10-04T14:02:52Z,adservice,checkoutservice,0,0,0,0,0,0,0
2026-10-04T14:02:52Z,adservice,currencyservice,0,0,0,0,0,0,0
2026-10-04T14:02:52Z,adservice,emailservice,0,0,0,0,0,0,0
2026-10-04T14:02:52Z,adservice,frontend,0,0,0,0,0,0,0
2026-10-04T14:02:52Z,adservice,kubernetes,0,0,0,0,0,0,0
2026-10-04T14:02:52Z,adservice,paymentservice,0,0,0,0,0,0,0
2026-10-04T14:02:52Z,adservice,productcatalogservice,0,0,0,0,0,0,0
2026-10-04T14:02:52Z,adservice,recommendationservice,0,0,0,0,0,0,0
2026-10-04T14:02:52Z,adservice,redis-cart,0,0,0,0,0,0,0
2026-10-04T14:02:52Z,adservice,shippingservice,0,0,0,0,0,0,0
2026-10-04T14:02:52Z,cartservice,adservice,0,0,0,0,0,0,0
2026-10-04T14:02:52Z,cartservice,cartservice,0,0,0,0,0,0,0
2026-10-04T14:02:52Z,cartservice,checkoutservice,0,0,0,0,0,0,0
2026-10-04T14:02:52Z,cartservice,currencyservice,0,0,0,0,0,0,0
2026-10-04T14:02:52Z,cartservice,emailservice,0,0,0,0,0,0,0
2026-10-04T14:02:52Z,cartservice,frontend,0,0,0,0,0,0,0
2026-10-04T14:02:52Z,cartservice,kubernetes,0,0,0,0,0,0,0
2026-10-04T14:02:52Z,cartservice,paymentservice,0,0,0,0,0,0,0
2026-10-04T14:02:52Z,cartservice,productcatalogservice,0,0,0,0,0,0,0
2026-10-04T14:02:52Z,cartservice,recommendationservice,0,0,0,0,0,0,0
2026-10-04T14:02:52Z,cartservice,redis-cart,2,0,0,0,0,0,0
2026-10-04T14:02:52Z,cartservice,shippingservice,0,0,0,0,0,0,0
2026-10-04T14:02:52Z,checkoutservice,adservice,0,0,0,0,0,0,0
2026-10-04T14:02:52Z,checkoutservice,cartservice,0,0,0,0,0,0,0
2026-10-04T14:02:52Z,checkoutservice,checkoutservice,0,0,0,0,0,0,0
2026-10-04T14:02:52Z,checkoutservice,currencyservice,0,0,0,0,0,0,0
2026-10-04T14:02:52Z,checkoutservice,emailservice,0,0,0,0,0,0,0
2026-10-04T14:02:52Z,checkoutservice,frontend,0,0,0,0,0,0,0
2026-10-04T14:02:52Z,checkoutservice,kubernetes,0,0,0,0,0,0,0
2026-10-04T14:02:52Z,checkoutservice,paymentservice,0,0,0,0,0,0,0
2026-10-04T14:02:52Z,checkoutservice,productcatalogservice,0,0,0,0,0,0,0
2026-10-04T14:02:52Z,checkoutservice,recommendationservice,0,0,0,0,0,0,0
2026-10-04T14:02:52Z,checkoutservice,redis-cart,0,0,0,0,0,0,0
2026-10-04T14:02:52Z,checkoutservice,shippingservice,0,0,0,0,0,0,0
2026-10-04T14:02:52Z,currencyservice,adservice,0,0,0,0,0,0,0
2026-10-04T14:02:52Z,currencyservice,cartservice,0,0,0,0,0,0,0
2026-10-04T14:02:52Z,currencyservice,checkoutservice,0,0,0,0,0,0,0
2026-10-04T14:02:52Z,currencyservice,currencyservice,0,0,0,0,0,0,0
2026-10-04T14:02:52Z,currencyservice,emailservice,0,0,0,0,0,0,0
2026-10-04T14:02:52Z,currencyservice,frontend,0,0,0,0,0,0,0
2026-10-04T14:02:52Z,currencyservice,kubernetes,0,0,0,0,0,0,0
2026-10-04T14:02:52Z,currencyservice,paymentservice,0,0,0,0,0,0,0
2026-10-04T14:02:52Z,currencyservice,productcatalogservice,0,0,0,0,0,0,0
2026-10-04T14:02:52Z,currencyservice,recommendationservice,0,0,0,0,0,0,0
2026-10-04T14:02:52Z,currencyservice,redis-cart,0,0,0,0,0,0,0
2026-10-04T14:02:52Z,currencyservice,shippingservice,0,0,0,0,0,0,0
2026-10-04T14:02:52Z,emailservice,adservice,0,0,0,0,0,0,0
2026-10-04T14:02:52Z,emailservice,cartservice,0,0,0,0,0,0,0
2026-10-04T14:02:52Z,emailservice,checkoutservice,0,0,0,0,0,0,0
2026-10-04T14:02:52Z,emailservice,currencyservice,0,0,0,0,0,0,0
2026-10-04T14:02:52Z,emailservice,emailservice,0,0,0,0,0,0,0
2026-10-04T14:02:52Z,emailservice,frontend,0,0,0,0,0,0,0
2026-10-04T14:02:52Z,emailservice,kubernetes,0,0,0,0,0,0,0
2026-10-04T14:02:52Z,emailservice,paymentservice,0,0,0,0,0,0,0
2026-10-04T14:02:52Z,emailservice,productcatalogservice,0,0,0,0,0,0,0
2026-10-04T14:02:52Z,emailservice,recommendationservice,0,0,0,0,0,0,0
2026-10-04T14:02:52Z,emailservice,redis-cart,0,0,0,0,0,0,0
2026-10-04T14:02:52Z,emailservice,shippingservice,0,0,0,0,0,0,0
2026-10-04T14:02:52Z,frontend,adservice,773781,773779,0,0,0,2334061,773779
2026-10-04T14:02:52Z,frontend,cartservice,1730573,1730561,0,0,4,9624535,1730561
2026-10-04T14:02:52Z,frontend,checkoutservice,354811,173691,0,34332,146696,55608828,173690
2026-10-04T14:02:52Z,frontend,currencyservice,2749584,2749577,0,0,0,14589993,2749577
2026-10-04T14:02:52Z,frontend,emailservice,0,0,0,0,0,0,0
2026-10-04T14:02:52Z,frontend,frontend,0,0,0,0,0,0,0
2026-10-04T14:02:52Z,frontend,kubernetes,0,0,0,0,0,0,0
2026-10-04T14:02:52Z,frontend,paymentservice,0,0,0,0,0,0,0
2026-10-04T14:02:52Z,frontend,productcatalogservice,7676840,7676779,0,0,0,52315430,7676779
2026-10-04T14:02:52Z,frontend,recommendationservice,2523996,1524786,0,104145,892890,769956520,1524786
2026-10-04T14:02:52Z,frontend,redis-cart,0,0,0,0,0,0,0
2026-10-04T14:02:52Z,frontend,shippingservice,283787,283785,0,0,0,858241,283785
2026-10-04T14:02:52Z,paymentservice,adservice,0,0,0,0,0,0,0
2026-10-04T14:02:52Z,paymentservice,cartservice,0,0,0,0,0,0,0
2026-10-04T14:02:52Z,paymentservice,checkoutservice,0,0,0,0,0,0,0
2026-10-04T14:02:52Z,paymentservice,currencyservice,0,0,0,0,0,0,0
2026-10-04T14:02:52Z,paymentservice,emailservice,0,0,0,0,0,0,0
2026-10-04T14:02:52Z,paymentservice,frontend,0,0,0,0,0,0,0
2026-10-04T14:02:52Z,paymentservice,kubernetes,0,0,0,0,0,0,0
2026-10-04T14:02:52Z,paymentservice,paymentservice,0,0,0,0,0,0,0
2026-10-04T14:02:52Z,paymentservice,productcatalogservice,0,0,0,0,0,0,0
2026-10-04T14:02:52Z,paymentservice,recommendationservice,0,0,0,0,0,0,0
2026-10-04T14:02:52Z,paymentservice,redis-cart,0,0,0,0,0,0,0
2026-10-04T14:02:52Z,paymentservice,shippingservice,0,0,0,0,0,0,0
2026-10-04T14:02:52Z,productcatalogservice,adservice,0,0,0,0,0,0,0
2026-10-04T14:02:52Z,productcatalogservice,cartservice,0,0,0,0,0,0,0
2026-10-04T14:02:52Z,productcatalogservice,checkoutservice,0,0,0,0,0,0,0
2026-10-04T14:02:52Z,productcatalogservice,currencyservice,0,0,0,0,0,0,0
2026-10-04T14:02:52Z,productcatalogservice,emailservice,0,0,0,0,0,0,0
2026-10-04T14:02:52Z,productcatalogservice,frontend,0,0,0,0,0,0,0
2026-10-04T14:02:52Z,productcatalogservice,kubernetes,0,0,0,0,0,0,0
2026-10-04T14:02:52Z,productcatalogservice,paymentservice,0,0,0,0,0,0,0
2026-10-04T14:02:52Z,productcatalogservice,productcatalogservice,0,0,0,0,0,0,0
2026-10-04T14:02:52Z,productcatalogservice,recommendationservice,0,0,0,0,0,0,0
2026-10-04T14:02:52Z,productcatalogservice,redis-cart,0,0,0,0,0,0,0
2026-10-04T14:02:52Z,productcatalogservice,shippingservice,0,0,0,0,0,0,0
2026-10-04T14:02:52Z,recommendationservice,adservice,0,0,0,0,0,0,0
2026-10-04T14:02:52Z,recommendationservice,cartservice,0,0,0,0,0,0,0
2026-10-04T14:02:52Z,recommendationservice,checkoutservice,0,0,0,0,0,0,0
2026-10-04T14:02:52Z,recommendationservice,currencyservice,0,0,0,0,0,0,0
2026-10-04T14:02:52Z,recommendationservice,emailservice,0,0,0,0,0,0,0
2026-10-04T14:02:52Z,recommendationservice,frontend,0,0,0,0,0,0,0
2026-10-04T14:02:52Z,recommendationservice,kubernetes,0,0,0,0,0,0,0
2026-10-04T14:02:52Z,recommendationservice,paymentservice,0,0,0,0,0,0,0
2026-10-04T14:02:52Z,recommendationservice,productcatalogservice,0,0,0,0,0,0,0
2026-10-04T14:02:52Z,recommendationservice,recommendationservice,0,0,0,0,0,0,0
2026-10-04T14:02:52Z,recommendationservice,redis-cart,0,0,0,0,0,0,0
2026-10-04T14:02:52Z,recommendationservice,shippingservice,0,0,0,0,0,0,0
2026-10-04T14:02:52Z,redis-cart,adservice,0,0,0,0,0,0,0
2026-10-04T14:02:52Z,redis-cart,cartservice,0,0,0,0,0,0,0
2026-10-04T14:02:52Z,redis-cart,checkoutservice,0,0,0,0,0,0,0
2026-10-04T14:02:52Z,redis-cart,currencyservice,0,0,0,0,0,0,0
2026-10-04T14:02:52Z,redis-cart,emailservice,0,0,0,0,0,0,0
2026-10-04T14:02:52Z,redis-cart,frontend,0,0,0,0,0,0,0
2026-10-04T14:02:52Z,redis-cart,kubernetes,0,0,0,0,0,0,0
2026-10-04T14:02:52Z,redis-cart,paymentservice,0,0,0,0,0,0,0
2026-10-04T14:02:52Z,redis-cart,productcatalogservice,0,0,0,0,0,0,0
2026-10-04T14:02:52Z,redis-cart,recommendationservice,0,0,0,0,0,0,0
2026-10-04T14:02:52Z,redis-cart,redis-cart,0,0,0,0,0,0,0
2026-10-04T14:02:52Z,redis-cart,shippingservice,0,0,0,0,0,0,0
2026-10-04T14:02:52Z,shippingservice,adservice,0,0,0,0,0,0,0
2026-10-04T14:02:52Z,shippingservice,cartservice,0,0,0,0,0,0,0
2026-10-04T14:02:52Z,shippingservice,checkoutservice,0,0,0,0,0,0,0
2026-10-04T14:02:52Z,shippingservice,currencyservice,0,0,0,0,0,0,0
2026-10-04T14:02:52Z,shippingservice,emailservice,0,0,0,0,0,0,0
2026-10-04T14:02:52Z,shippingservice,frontend,0,0,0,0,0,0,0
2026-10-04T14:02:52Z,shippingservice,kubernetes,0,0,0,0,0,0,0
2026-10-04T14:02:52Z,shippingservice,paymentservice,0,0,0,0,0,0,0
2026-10-04T14:02:52Z,shippingservice,productcatalogservice,0,0,0,0,0,0,0
2026-10-04T14:02:52Z,shippingservice,recommendationservice,0,0,0,0,0,0,0
2026-10-04T14:02:52Z,shippingservice,redis-cart,0,0,0,0,0,0,0
2026-10-04T14:02:52Z,shippingservice,shippingservice,0,0,0,0,0,0,0
2026-10-04T14:02:53Z,adservice,adservice,0,0,0,0,0,0,0
2026-10-04T14:02:53Z,adservice,cartservice,0,0,0,0,0,0,0
2026-10-04T14:02:53Z,adservice,checkoutservice,0,0,0,0,0,0,0
2026-10-04T14:02:53Z,adservice,currencyservice,0,0,0,0,0,0,0
2026-10-04T14:02:53Z,adservice,emailservice,0,0,0,0,0,0,0
2026-10-04T14:02:53Z,adservice,frontend,0,0,0,0,0,0,0
2026-10-04T14:02:53Z,adservice,kubernetes,0,0,0,0,0,0,0
2026-10-04T14:02:53Z,adservice,paymentservice,0,0,0,0,0,0,0
2026-10-04T14:02:53Z,adservice,productcatalogservice,0,0,0,0,0,0,0
2026-10-04T14:02:53Z,adservice,recommendationservice,0,0,0,0,0,0,0
2026-10-04T14:02:53Z,adservice,redis-cart,0,0,0,0,0,0,0
2026-10-04T14:02:53Z,adservice,shippingservice,0,0,0,0,0,0,0
2026-10-04T14:02:53Z,cartservice,adservice,0,0,0,0,0,0,0
2026-10-04T14:02:53Z,cartservice,cartservice,0,0,0,0,0,0,0
2026-10-04T14:02:53Z,cartservice,checkoutservice,0,0,0,0,0,0,0
2026-10-04T14:02:53Z,cartservice,currencyservice,0,0,0,0,0,0,0
2026-10-04T14:02:53Z,cartservice,emailservice,0,0,0,0,0,0,0
2026-10-04T14:02:53Z,cartservice,frontend,0,0,0,0,0,0,0
2026-10-04T14:02:53Z,cartservice,kubernetes,0,0,0,0,0,0,0
2026-10-04T14:02:53Z,cartservice,paymentservice,0,0,0,0,0,0,0
2026-10-04T14:02:53Z,cartservice,productcatalogservice,0,0,0,0,0,0,0
2026-10-04T14:02:53Z,cartservice,recommendationservice,0,0,0,0,0,0,0
2026-10-04T14:02:53Z,cartservice,redis-cart,2,0,0,0,0,0,0
2026-10-04T14:02:53Z,cartservice,shippingservice,0,0,0,0,0,0,0
2026-10-04T14:02:53Z,checkoutservice,adservice,0,0,0,0,0,0,0
2026-10-04T14:02:53Z,checkoutservice,cartservice,0,0,0,0,0,0,0
2026-10-04T14:02:53Z,checkoutservice,checkoutservice,0,0,0,0,0,0,0
2026-10-04T14:02:53Z,checkoutservice,currencyservice,0,0,0,0,0,0,0
2026-10-04T14:02:53Z,checkoutservice,emailservice,0,0,0,0,0,0,0
2026-10-04T14:02:53Z,checkoutservice,frontend,0,0,0,0,0,0,0
2026-10-04T14:02:53Z,checkoutservice,kubernetes,0,0,0,0,0,0,0
2026-10-04T14:02:53Z,checkoutservice,paymentservice,0,0,0,0,0,0,0
2026-10-04T14:02:53Z,checkoutservice,productcatalogservice,0,0,0,0,0,0,0
2026-10-04T14:02:53Z,checkoutservice,recommendationservice,0,0,0,0,0,0,0
2026-10-04T14:02:53Z,checkoutservice,redis-cart,0,0,0,0,0,0,0
2026-10-04T14:02:53Z,checkoutservice,shippingservice,0,0,0,0,0,0,0
2026-10-04T14:02:53Z,currencyservice,adservice,0,0,0,0,0,0,0
2026-10-04T14:02:53Z,currencyservice,cartservice,0,0,0,0,0,0,0
2026-10-04T14:02:53Z,currencyservice,checkoutservice,0,0,0,0,0,0,0
2026-10-04T14:02:53Z,currencyservice,currencyservice,0,0,0,0,0,0,0
2026-10-04T14:02:53Z,currencyservice,emailservice,0,0,0,0,0,0,0
2026-10-04T14:02:53Z,currencyservice,frontend,0,0,0,0,0,0,0
2026-10-04T14:02:53Z,currencyservice,kubernetes,0,0,0,0,0,0,0
2026-10-04T14:02:53Z,currencyservice,paymentservice,0,0,0,0,0,0,0
2026-10-04T14:02:53Z,currencyservice,productcatalogservice,0,0,0,0,0,0,0
2026-10-04T14:02:53Z,currencyservice,recommendationservice,0,0,0,0,0,0,0
2026-10-04T14:02:53Z,currencyservice,redis-cart,0,0,0,0,0,0,0
2026-10-04T14:02:53Z,currencyservice,shippingservice,0,0,0,0,0,0,0
2026-10-04T14:02:53Z,emailservice,adservice,0,0,0,0,0,0,0
2026-10-04T14:02:53Z,emailservice,cartservice,0,0,0,0,0,0,0
2026-10-04T14:02:53Z,emailservice,checkoutservice,0,0,0,0,0,0,0
2026-10-04T14:02:53Z,emailservice,currencyservice,0,0,0,0,0,0,0
2026-10-04T14:02:53Z,emailservice,emailservice,0,0,0,0,0,0,0
2026-10-04T14:02:53Z,emailservice,frontend,0,0,0,0,0,0,0
2026-10-04T14:02:53Z,emailservice,kubernetes,0,0,0,0,0,0,0
2026-10-04T14:02:53Z,emailservice,paymentservice,0,0,0,0,0,0,0
2026-10-04T14:02:53Z,emailservice,productcatalogservice,0,0,0,0,0,0,0
2026-10-04T14:02:53Z,emailservice,recommendationservice,0,0,0,0,0,0,0
2026-10-04T14:02:53Z,emailservice,redis-cart,0,0,0,0,0,0,0
2026-10-04T14:02:53Z,emailservice,shippingservice,0,0,0,0,0,0,0
2026-10-04T14:02:53Z,frontend,adservice,773781,773779,0,0,0,2334061,773779
2026-10-04T14:02:53Z,frontend,cartservice,1730573,1730561,0,0,4,9624535,1730561
2026-10-04T14:02:53Z,frontend,checkoutservice,354811,173691,0,34332,146696,55608828,173690
2026-10-04T14:02:53Z,frontend,currencyservice,2749584,2749577,0,0,0,14589993,2749577
2026-10-04T14:02:53Z,frontend,emailservice,0,0,0,0,0,0,0
2026-10-04T14:02:53Z,frontend,frontend,0,0,0,0,0,0,0
2026-10-04T14:02:53Z,frontend,kubernetes,0,0,0,0,0,0,0
2026-10-04T14:02:53Z,frontend,paymentservice,0,0,0,0,0,0,0
2026-10-04T14:02:53Z,frontend,productcatalogservice,7676840,7676779,0,0,0,52315430,7676779
2026-10-04T14:02:53Z,frontend,recommendationservice,2523996,1524786,0,104145,892890,769956520,1524786
2026-10-04T14:02:53Z,frontend,redis-cart,0,0,0,0,0,0,0
2026-10-04T14:02:53Z,frontend,shippingservice,283787,283785,0,0,0,858241,283785
2026-10-04T14:02:53Z,paymentservice,adservice,0,0,0,0,0,0,0
2026-10-04T14:02:53Z,paymentservice,cartservice,0,0,0,0,0,0,0
2026-10-04T14:02:53Z,paymentservice,checkoutservice,0,0,0,0,0,0,0
2026-10-04T14:02:53Z,paymentservice,currencyservice,0,0,0,0,0,0,0
2026-10-04T14:02:53Z,paymentservice,emailservice,0,0,0,0,0,0,0
2026-10-04T14:02:53Z,paymentservice,frontend,0,0,0,0,0,0,0
2026-10-04T14:02:53Z,paymentservice,kubernetes,0,0,0,0,0,0,0
2026-10-04T14:02:53Z,paymentservice,paymentservice,0,0,0,0,0,0,0
2026-10-04T14:02:53Z,paymentservice,productcatalogservice,0,0,0,0,0,0,0
2026-10-04T14:02:53Z,paymentservice,recommendationservice,0,0,0,0,0,0,0
2026-10-04T14:02:53Z,paymentservice,redis-cart,0,0,0,0,0,0,0
2026-10-04T14:02:53Z,paymentservice,shippingservice,0,0,0,0,0,0,0
2026-10-04T14:02:53Z,productcatalogservice,adservice,0,0,0,0,0,0,0
2026-10-04T14:02:53Z,productcatalogservice,cartservice,0,0,0,0,0,0,0
2026-10-04T14:02:53Z,productcatalogservice,checkoutservice,0,0,0,0,0,0,0
2026-10-04T14:02:53Z,productcatalogservice,currencyservice,0,0,0,0,0,0,0
2026-10-04T14:02:53Z,productcatalogservice,emailservice,0,0,0,0,0,0,0
2026-10-04T14:02:53Z,productcatalogservice,frontend,0,0,0,0,0,0,0
2026-10-04T14:02:53Z,productcatalogservice,kubernetes,0,0,0,0,0,0,0
2026-10-04T14:02:53Z,productcatalogservice,paymentservice,0,0,0,0,0,0,0
2026-10-04T14:02:53Z,productcatalogservice,productcatalogservice,0,0,0,0,0,0,0
2026-10-04T14:02:53Z,productcatalogservice,recommendationservice,0,0,0,0,0,0,0
2026-10-04T14:02:53Z,productcatalogservice,redis-cart,0,0,0,0,0,0,0
2026-10-04T14:02:53Z,productcatalogservice,shippingservice,0,0,0,0,0,0,0
2026-10-04T14:02:53Z,recommendationservice,adservice,0,0,0,0,0,0,0
2026-10-04T14:02:53Z,recommendationservice,cartservice,0,0,0,0,0,0,0
2026-10-04T14:02:53Z,recommendationservice,checkoutservice,0,0,0,0,0,0,0
2026-10-04T14:02:53Z,recommendationservice,currencyservice,0,0,0,0,0,0,0
2026-10-04T14:02:53Z,recommendationservice,emailservice,0,0,0,0,0,0,0
2026-10-04T14:02:53Z,recommendationservice,frontend,0,0,0,0,0,0,0
2026-10-04T14:02:53Z,recommendationservice,kubernetes,0,0,0,0,0,0,0
2026-10-04T14:02:53Z,recommendationservice,paymentservice,0,0,0,0,0,0,0
2026-10-04T14:02:53Z,recommendationservice,productcatalogservice,0,0,0,0,0,0,0
2026-10-04T14:02:53Z,recommendationservice,recommendationservice,0,0,0,0,0,0,0
2026-10-04T14:02:53Z,recommendationservice,redis-cart,0,0,0,0,0,0,0
2026-10-04T14:02:53Z,recommendationservice,shippingservice,0,0,0,0,0,0,0
2026-10-04T14:02:53Z,redis-cart,adservice,0,0,0,0,0,0,0
2026-10-04T14:02:53Z,redis-cart,cartservice,0,0,0,0,0,0,0
2026-10-04T14:02:53Z,redis-cart,checkoutservice,0,0,0,0,0,0,0
2026-10-04T14:02:53Z,redis-cart,currencyservice,0,0,0,0,0,0,0
2026-10-04T14:02:53Z,redis-cart,emailservice,0,0,0,0,0,0,0
2026-10-04T14:02:53Z,redis-cart,frontend,0,0,0,0,0,0,0
2026-10-04T14:02:53Z,redis-cart,kubernetes,0,0,0,0,0,0,0
2026-10-04T14:02:53Z,redis-cart,paymentservice,0,0,0,0,0,0,0
2026-10-04T14:02:53Z,redis-cart,productcatalogservice,0,0,0,0,0,0,0
2026-10-04T14:02:53Z,redis-cart,recommendationservice,0,0,0,0,0,0,0
2026-10-04T14:02:53Z,redis-cart,redis-cart,0,0,0,0,0,0,0
2026-10-04T14:02:53Z,redis-cart,shippingservice,0,0,0,0,0,0,0
2026-10-04T14:02:53Z,shippingservice,adservice,0,0,0,0,0,0,0
2026-10-04T14:02:53Z,shippingservice,cartservice,0,0,0,0,0,0,0
2026-10-04T14:02:53Z,shippingservice,checkoutservice,0,0,0,0,0,0,0
2026-10-04T14:02:53Z,shippingservice,currencyservice,0,0,0,0,0,0,0
2026-10-04T14:02:53Z,shippingservice,emailservice,0,0,0,0,0,0,0
2026-10-04T14:02:53Z,shippingservice,frontend,0,0,0,0,0,0,0
2026-10-04T14:02:53Z,shippingservice,kubernetes,0,0,0,0,0,0,0
2026-10-04T14:02:53Z,shippingservice,paymentservice,0,0,0,0,0,0,0
2026-10-04T14:02:53Z,shippingservice,productcatalogservice,0,0,0,0,0,0,0
2026-10-04T14:02:53Z,shippingservice,recommendationservice,0,0,0,0,0,0,0
2026-10-04T14:02:53Z,shippingservice,redis-cart,0,0,0,0,0,0,0
2026-10-04T14:02:53Z,shippingservice,shippingservice,0,0,0,0,0,0,0
2026-10-04T14:02:54Z,adservice,adservice,0,0,0,0,0,0,0
2026-10-04T14:02:54Z,adservice,cartservice,0,0,0,0,0,0,0
2026-10-04T14:02:54Z,adservice,checkoutservice,0,0,0,0,0,0,0
2026-10-04T14:02:54Z,adservice,currencyservice,0,0,0,0,0,0,0
2026-10-04T14:02:54Z,adservice,emailservice,0,0,0,0,0,0,0
2026-10-04T14:02:54Z,adservice,frontend,0,0,0,0,0,0,0
2026-10-04T14:02:54Z,adservice,kubernetes,0,0,0,0,0,0,0
2026-10-04T14:02:54Z,adservice,paymentservice,0,0,0,0,0,0,0
2026-10-04T14:02:54Z,adservice,productcatalogservice,0,0,0,0,0,0,0
2026-10-04T14:02:54Z,adservice,recommendationservice,0,0,0,0,0,0,0
2026-10-04T14:02:54Z,adservice,redis-cart,0,0,0,0,0,0,0
2026-10-04T14:02:54Z,adservice,shippingservice,0,0,0,0,0,0,0
2026-10-04T14:02:54Z,cartservice,adservice,0,0,0,0,0,0,0
2026-10-04T14:02:54Z,cartservice,cartservice,0,0,0,0,0,0,0
2026-10-04T14:02:54Z,cartservice,checkoutservice,0,0,0,0,0,0,0
2026-10-04T14:02:54Z,cartservice,currencyservice,0,0,0,0,0,0,0
2026-10-04T14:02:54Z,cartservice,emailservice,0,0,0,0,0,0,0
2026-10-04T14:02:54Z,cartservice,frontend,0,0,0,0,0,0,0
2026-10-04T14:02:54Z,cartservice,kubernetes,0,0,0,0,0,0,0
2026-10-04T14:02:54Z,cartservice,paymentservice,0,0,0,0,0,0,0
2026-10-04T14:02:54Z,cartservice,productcatalogservice,0,0,0,0,0,0,0
2026-10-04T14:02:54Z,cartservice,recommendationservice,0,0,0,0,0,0,0
2026-10-04T14:02:54Z,cartservice,redis-cart,2,0,0,0,0,0,0
2026-10-04T14:02:54Z,cartservice,shippingservice,0,0,0,0,0,0,0
2026-10-04T14:02:54Z,checkoutservice,adservice,0,0,0,0,0,0,0
2026-10-04T14:02:54Z,checkoutservice,cartservice,0,0,0,0,0,0,0
2026-10-04T14:02:54Z,checkoutservice,checkoutservice,0,0,0,0,0,0,0
2026-10-04T14:02:54Z,checkoutservice,currencyservice,0,0,0,0,0,0,0
2026-10-04T14:02:54Z,checkoutservice,emailservice,0,0,0,0,0,0,0
2026-10-04T14:02:54Z,checkoutservice,frontend,0,0,0,0,0,0,0
2026-10-04T14:02:54Z,checkoutservice,kubernetes,0,0,0,0,0,0,0
2026-10-04T14:02:54Z,checkoutservice,paymentservice,0,0,0,0,0,0,0
2026-10-04T14:02:54Z,checkoutservice,productcatalogservice,0,0,0,0,0,0,0
2026-10-04T14:02:54Z,checkoutservice,recommendationservice,0,0,0,0,0,0,0
2026-10-04T14:02:54Z,checkoutservice,redis-cart,0,0,0,0,0,0,0
2026-10-04T14:02:54Z,checkoutservice,shippingservice,0,0,0,0,0,0,0
2026-10-04T14:02:54Z,currencyservice,adservice,0,0,0,0,0,0,0
2026-10-04T14:02:54Z,currencyservice,cartservice,0,0,0,0,0,0,0
2026-10-04T14:02:54Z,currencyservice,checkoutservice,0,0,0,0,0,0,0
2026-10-04T14:02:54Z,currencyservice,currencyservice,0,0,0,0,0,0,0
2026-10-04T14:02:54Z,currencyservice,emailservice,0,0,0,0,0,0,0
2026-10-04T14:02:54Z,currencyservice,frontend,0,0,0,0,0,0,0
2026-10-04T14:02:54Z,currencyservice,kubernetes,0,0,0,0,0,0,0
2026-10-04T14:02:54Z,currencyservice,paymentservice,0,0,0,0,0,0,0
2026-10-04T14:02:54Z,currencyservice,productcatalogservice,0,0,0,0,0,0,0
2026-10-04T14:02:54Z,currencyservice,recommendationservice,0,0,0,0,0,0,0
2026-10-04T14:02:54Z,currencyservice,redis-cart,0,0,0,0,0,0,0
2026-10-04T14:02:54Z,currencyservice,shippingservice,0,0,0,0,0,0,0
2026-10-04T14:02:54Z,emailservice,adservice,0,0,0,0,0,0,0
2026-10-04T14:02:54Z,emailservice,cartservice,0,0,0,0,0,0,0
2026-10-04T14:02:54Z,emailservice,checkoutservice,0,0,0,0,0,0,0
2026-10-04T14:02:54Z,emailservice,currencyservice,0,0,0,0,0,0,0
2026-10-04T14:02:54Z,emailservice,emailservice,0,0,0,0,0,0,0
2026-10-04T14:02:54Z,emailservice,frontend,0,0,0,0,0,0,0
2026-10-04T14:02:54Z,emailservice,kubernetes,0,0,0,0,0,0,0
2026-10-04T14:02:54Z,emailservice,paymentservice,0,0,0,0,0,0,0
2026-10-04T14:02:54Z,emailservice,productcatalogservice,0,0,0,0,0,0,0
2026-10-04T14:02:54Z,emailservice,recommendationservice,0,0,0,0,0,0,0
2026-10-04T14:02:54Z,emailservice,redis-cart,0,0,0,0,0,0,0
2026-10-04T14:02:54Z,emailservice,shippingservice,0,0,0,0,0,0,0
2026-10-04T14:02:54Z,frontend,adservice,773781,773779,0,0,0,2334061,773779
2026-10-04T14:02:54Z,frontend,cartservice,1730573,1730561,0,0,4,9624535,1730561
2026-10-04T14:02:54Z,frontend,checkoutservice,354811,173691,0,34332,146696,55608828,173690
2026-10-04T14:02:54Z,frontend,currencyservice,2749584,2749577,0,0,0,14589993,2749577
2026-10-04T14:02:54Z,frontend,emailservice,0,0,0,0,0,0,0
2026-10-04T14:02:54Z,frontend,frontend,0,0,0,0,0,0,0
2026-10-04T14:02:54Z,frontend,kubernetes,0,0,0,0,0,0,0
2026-10-04T14:02:54Z,frontend,paymentservice,0,0,0,0,0,0,0
2026-10-04T14:02:54Z,frontend,productcatalogservice,7676840,7676779,0,0,0,52315430,7676779
2026-10-04T14:02:54Z,frontend,recommendationservice,2523996,1524786,0,104145,892890,769956520,1524786
2026-10-04T14:02:54Z,frontend,redis-cart,0,0,0,0,0,0,0
2026-10-04T14:02:54Z,frontend,shippingservice,283787,283785,0,0,0,858241,283785
2026-10-04T14:02:54Z,paymentservice,adservice,0,0,0,0,0,0,0
2026-10-04T14:02:54Z,paymentservice,cartservice,0,0,0,0,0,0,0
2026-10-04T14:02:54Z,paymentservice,checkoutservice,0,0,0,0,0,0,0
2026-10-04T14:02:54Z,paymentservice,currencyservice,0,0,0,0,0,0,0
2026-10-04T14:02:54Z,paymentservice,emailservice,0,0,0,0,0,0,0
2026-10-04T14:02:54Z,paymentservice,frontend,0,0,0,0,0,0,0
2026-10-04T14:02:54Z,paymentservice,kubernetes,0,0,0,0,0,0,0
2026-10-04T14:02:54Z,paymentservice,paymentservice,0,0,0,0,0,0,0
2026-10-04T14:02:54Z,paymentservice,productcatalogservice,0,0,0,0,0,0,0
2026-10-04T14:02:54Z,paymentservice,recommendationservice,0,0,0,0,0,0,0
2026-10-04T14:02:54Z,paymentservice,redis-cart,0,0,0,0,0,0,0
2026-10-04T14:02:54Z,paymentservice,shippingservice,0,0,0,0,0,0,0
2026-10-04T14:02:54Z,productcatalogservice,adservice,0,0,0,0,0,0,0
2026-10-04T14:02:54Z,productcatalogservice,cartservice,0,0,0,0,0,0,0
2026-10-04T14:02:54Z,productcatalogservice,checkoutservice,0,0,0,0,0,0,0
2026-10-04T14:02:54Z,productcatalogservice,currencyservice,0,0,0,0,0,0,0
2026-10-04T14:02:54Z,productcatalogservice,emailservice,0,0,0,0,0,0,0
2026-10-04T14:02:54Z,productcatalogservice,frontend,0,0,0,0,0,0,0
2026-10-04T14:02:54Z,productcatalogservice,kubernetes,0,0,0,0,0,0,0
2026-10-04T14:02:54Z,productcatalogservice,paymentservice,0,0,0,0,0,0,0
2026-10-04T14:02:54Z,productcatalogservice,productcatalogservice,0,0,0,0,0,0,0
2026-10-04T14:02:54Z,productcatalogservice,recommendationservice,0,0,0,0,0,0,0
2026-10-04T14:02:54Z,productcatalogservice,redis-cart,0,0,0,0,0,0,0
2026-10-04T14:02:54Z,productcatalogservice,shippingservice,0,0,0,0,0,0,0
2026-10-04T14:02:54Z,recommendationservice,adservice,0,0,0,0,0,0,0
2026-10-04T14:02:54Z,recommendationservice,cartservice,0,0,0,0,0,0,0
2026-10-04T14:02:54Z,recommendationservice,checkoutservice,0,0,0,0,0,0,0
2026-10-04T14:02:54Z,recommendationservice,currencyservice,0,0,0,0,0,0,0
2026-10-04T14:02:54Z,recommendationservice,emailservice,0,0,0,0,0,0,0
2026-10-04T14:02:54Z,recommendationservice,frontend,0,0,0,0,0,0,0
2026-10-04T14:02:54Z,recommendationservice,kubernetes,0,0,0,0,0,0,0
2026-10-04T14:02:54Z,recommendationservice,paymentservice,0,0,0,0,0,0,0
2026-10-04T14:02:54Z,recommendationservice,productcatalogservice,0,0,0,0,0,0,0
2026-10-04T14:02:54Z,recommendationservice,recommendationservice,0,0,0,0,0,0,0
2026-10-04T14:02:54Z,recommendationservice,redis-cart,0,0,0,0,0,0,0
2026-10-04T14:02:54Z,recommendationservice,shippingservice,0,0,0,0,0,0,0
2026-10-04T14:02:54Z,redis-cart,adservice,0,0,0,0,0,0,0
2026-10-04T14:02:54Z,redis-cart,cartservice,0,0,0,0,0,0,0
2026-10-04T14:02:54Z,redis-cart,checkoutservice,0,0,0,0,0,0,0
2026-10-04T14:02:54Z,redis-cart,currencyservice,0,0,0,0,0,0,0
2026-10-04T14:02:54Z,redis-cart,emailservice,0,0,0,0,0,0,0
2026-10-04T14:02:54Z,redis-cart,frontend,0,0,0,0,0,0,0
2026-10-04T14:02:54Z,redis-cart,kubernetes,0,0,0,0,0,0,0
2026-10-04T14:02:54Z,redis-cart,paymentservice,0,0,0,0,0,0,0
2026-10-04T14:02:54Z,redis-cart,productcatalogservice,0,0,0,0,0,0,0
2026-10-04T14:02:54Z,redis-cart,recommendationservice,0,0,0,0,0,0,0
2026-10-04T14:02:54Z,redis-cart,redis-cart,0,0,0,0,0,0,0
2026-10-04T14:02:54Z,redis-cart,shippingservice,0,0,0,0,0,0,0
2026-10-04T14:02:54Z,shippingservice,adservice,0,0,0,0,0,0,0
2026-10-04T14:02:54Z,shippingservice,cartservice,0,0,0,0,0,0,0
2026-10-04T14:02:54Z,shippingservice,checkoutservice,0,0,0,0,0,0,0
2026-10-04T14:02:54Z,shippingservice,currencyservice,0,0,0,0,0,0,0
2026-10-04T14:02:54Z,shippingservice,emailservice,0,0,0,0,0,0,0
2026-10-04T14:02:54Z,shippingservice,frontend,0,0,0,0,0,0,0
2026-10-04T14:02:54Z,shippingservice,kubernetes,0,0,0,0,0,0,0
2026-10-04T14:02:54Z,shippingservice,paymentservice,0,0,0,0,0,0,0
2026-10-04T14:02:54Z,shippingservice,productcatalogservice,0,0,0,0,0,0,0
2026-10-04T14:02:54Z,shippingservice,recommendationservice,0,0,0,0,0,0,0
2026-10-04T14:02:54Z,shippingservice,redis-cart,0,0,0,0,0,0,0
2026-10-04T14:02:54Z,shippingservice,shippingservice,0,0,0,0,0,0,0
2026-10-04T14:02:55Z,adservice,adservice,0,0,0,0,0,0,0
2026-10-04T14:02:55Z,adservice,cartservice,0,0,0,0,0,0,0
2026-10-04T14:02:55Z,adservice,checkoutservice,0,0,0,0,0,0,0
2026-10-04T14:02:55Z,adservice,currencyservice,0,0,0,0,0,0,0
2026-10-04T14:02:55Z,adservice,emailservice,0,0,0,0,0,0,0
2026-10-04T14:02:55Z,adservice,frontend,0,0,0,0,0,0,0
2026-10-04T14:02:55Z,adservice,kubernetes,0,0,0,0,0,0,0
2026-10-04T14:02:55Z,adservice,paymentservice,0,0,0,0,0,0,0
2026-10-04T14:02:55Z,adservice,productcatalogservice,0,0,0,0,0,0,0
2026-10-04T14:02:55Z,adservice,recommendationservice,0,0,0,0,0,0,0
2026-10-04T14:02:55Z,adservice,redis-cart,0,0,0,0,0,0,0
2026-10-04T14:02:55Z,adservice,shippingservice,0,0,0,0,0,0,0
2026-10-04T14:02:55Z,cartservice,adservice,0,0,0,0,0,0,0
2026-10-04T14:02:55Z,cartservice,cartservice,0,0,0,0,0,0,0
2026-10-04T14:02:55Z,cartservice,checkoutservice,0,0,0,0,0,0,0
2026-10-04T14:02:55Z,cartservice,currencyservice,0,0,0,0,0,0,0
2026-10-04T14:02:55Z,cartservice,emailservice,0,0,0,0,0,0,0
2026-10-04T14:02:55Z,cartservice,frontend,0,0,0,0,0,0,0
2026-10-04T14:02:55Z,cartservice,kubernetes,0,0,0,0,0,0,0
2026-10-04T14:02:55Z,cartservice,paymentservice,0,0,0,0,0,0,0
2026-10-04T14:02:55Z,cartservice,productcatalogservice,0,0,0,0,0,0,0
2026-10-04T14:02:55Z,cartservice,recommendationservice,0,0,0,0,0,0,0
2026-10-04T14:02:55Z,cartservice,redis-cart,2,0,0,0,0,0,0
2026-10-04T14:02:55Z,cartservice,shippingservice,0,0,0,0,0,0,0
2026-10-04T14:02:55Z,checkoutservice,adservice,0,0,0,0,0,0,0
2026-10-04T14:02:55Z,checkoutservice,cartservice,0,0,0,0,0,0,0
2026-10-04T14:02:55Z,checkoutservice,checkoutservice,0,0,0,0,0,0,0
2026-10-04T14:02:55Z,checkoutservice,currencyservice,0,0,0,0,0,0,0
2026-10-04T14:02:55Z,checkoutservice,emailservice,0,0,0,0,0,0,0
2026-10-04T14:02:55Z,checkoutservice,frontend,0,0,0,0,0,0,0
2026-10-04T14:02:55Z,checkoutservice,kubernetes,0,0,0,0,0,0,0
2026-10-04T14:02:55Z,checkoutservice,paymentservice,0,0,0,0,0,0,0
2026-10-04T14:02:55Z,checkoutservice,productcatalogservice,0,0,0,0,0,0,0
2026-10-04T14:02:55Z,checkoutservice,recommendationservice,0,0,0,0,0,0,0
2026-10-04T14:02:55Z,checkoutservice,redis-cart,0,0,0,0,0,0,0
2026-10-04T14:02:55Z,checkoutservice,shippingservice,0,0,0,0,0,0,0
2026-10-04T14:02:55Z,currencyservice,adservice,0,0,0,0,0,0,0
2026-10-04T14:02:55Z,currencyservice,cartservice,0,0,0,0,0,0,0
2026-10-04T14:02:55Z,currencyservice,checkoutservice,0,0,0,0,0,0,0
2026-10-04T14:02:55Z,currencyservice,currencyservice,0,0,0,0,0,0,0
2026-10-04T14:02:55Z,currencyservice,emailservice,0,0,0,0,0,0,0
2026-10-04T14:02:55Z,currencyservice,frontend,0,0,0,0,0,0,0
2026-10-04T14:02:55Z,currencyservice,kubernetes,0,0,0,0,0,0,0
2026-10-04T14:02:55Z,currencyservice,paymentservice,0,0,0,0,0,0,0
2026-10-04T14:02:55Z,currencyservice,productcatalogservice,0,0,0,0,0,0,0
2026-10-04T14:02:55Z,currencyservice,recommendationservice,0,0,0,0,0,0,0
2026-10-04T14:02:55Z,currencyservice,redis-cart,0,0,0,0,0,0,0
2026-10-04T14:02:55Z,currencyservice,shippingservice,0,0,0,0,0,0,0
2026-10-04T14:02:55Z,emailservice,adservice,0,0,0,0,0,0,0
2026-10-04T14:02:55Z,emailservice,cartservice,0,0,0,0,0,0,0
2026-10-04T14:02:55Z,emailservice,checkoutservice,0,0,0,0,0,0,0
2026-10-04T14:02:55Z,emailservice,currencyservice,0,0,0,0,0,0,0
2026-10-04T14:02:55Z,emailservice,emailservice,0,0,0,0,0,0,0
2026-10-04T14:02:55Z,emailservice,frontend,0,0,0,0,0,0,0
2026-10-04T14:02:55Z,emailservice,kubernetes,0,0,0,0,0,0,0
2026-10-04T14:02:55Z,emailservice,paymentservice,0,0,0,0,0,0,0
2026-10-04T14:02:55Z,emailservice,productcatalogservice,0,0,0,0,0,0,0
2026-10-04T14:02:55Z,emailservice,recommendationservice,0,0,0,0,0,0,0
2026-10-04T14:02:55Z,emailservice,redis-cart,0,0,0,0,0,0,0
2026-10-04T14:02:55Z,emailservice,shippingservice,0,0,0,0,0,0,0
2026-10-04T14:02:55Z,frontend,adservice,773781,773779,0,0,0,2334061,773779
2026-10-04T14:02:55Z,frontend,cartservice,1730573,1730561,0,0,4,9624535,1730561
2026-10-04T14:02:55Z,frontend,checkoutservice,354811,173691,0,34332,146696,55608828,173690
2026-10-04T14:02:55Z,frontend,currencyservice,2749584,2749577,0,0,0,14589993,2749577
2026-10-04T14:02:55Z,frontend,emailservice,0,0,0,0,0,0,0
2026-10-04T14:02:55Z,frontend,frontend,0,0,0,0,0,0,0
2026-10-04T14:02:55Z,frontend,kubernetes,0,0,0,0,0,0,0
2026-10-04T14:02:55Z,frontend,paymentservice,0,0,0,0,0,0,0
2026-10-04T14:02:55Z,frontend,productcatalogservice,7676840,7676779,0,0,0,52315430,7676779
2026-10-04T14:02:55Z,frontend,recommendationservice,2523996,1524786,0,104145,892890,769956520,1524786
2026-10-04T14:02:55Z,frontend,redis-cart,0,0,0,0,0,0,0
2026-10-04T14:02:55Z,frontend,shippingservice,283787,283785,0,0,0,858241,283785
2026-10-04T14:02:55Z,paymentservice,adservice,0,0,0,0,0,0,0
2026-10-04T14:02:55Z,paymentservice,cartservice,0,0,0,0,0,0,0
2026-10-04T14:02:55Z,paymentservice,checkoutservice,0,0,0,0,0,0,0
2026-10-04T14:02:55Z,paymentservice,currencyservice,0,0,0,0,0,0,0
2026-10-04T14:02:55Z,paymentservice,emailservice,0,0,0,0,0,0,0
2026-10-04T14:02:55Z,paymentservice,frontend,0,0,0,0,0,0,0
2026-10-04T14:02:55Z,paymentservice,kubernetes,0,0,0,0,0,0,0
2026-10-04T14:02:55Z,paymentservice,paymentservice,0,0,0,0,0,0,0
2026-10-04T14:02:55Z,paymentservice,productcatalogservice,0,0,0,0,0,0,0
2026-10-04T14:02:55Z,paymentservice,recommendationservice,0,0,0,0,0,0,0
2026-10-04T14:02:55Z,paymentservice,redis-cart,0,0,0,0,0,0,0
2026-10-04T14:02:55Z,paymentservice,shippingservice,0,0,0,0,0,0,0
2026-10-04T14:02:55Z,productcatalogservice,adservice,0,0,0,0,0,0,0
2026-10-04T14:02:55Z,productcatalogservice,cartservice,0,0,0,0,0,0,0
2026-10-04T14:02:55Z,productcatalogservice,checkoutservice,0,0,0,0,0,0,0
2026-10-04T14:02:55Z,productcatalogservice,currencyservice,0,0,0,0,0,0,0
2026-10-04T14:02:55Z,productcatalogservice,emailservice,0,0,0,0,0,0,0
2026-10-04T14:02:55Z,productcatalogservice,frontend,0,0,0,0,0,0,0
2026-10-04T14:02:55Z,productcatalogservice,kubernetes,0,0,0,0,0,0,0
2026-10-04T14:02:55Z,productcatalogservice,paymentservice,0,0,0,0,0,0,0
2026-10-04T14:02:55Z,productcatalogservice,productcatalogservice,0,0,0,0,0,0,0
2026-10-04T14:02:55Z,productcatalogservice,recommendationservice,0,0,0,0,0,0,0
2026-10-04T14:02:55Z,productcatalogservice,redis-cart,0,0,0,0,0,0,0
2026-10-04T14:02:55Z,productcatalogservice,shippingservice,0,0,0,0,0,0,0
2026-10-04T14:02:55Z,recommendationservice,adservice,0,0,0,0,0,0,0
2026-10-04T14:02:55Z,recommendationservice,cartservice,0,0,0,0,0,0,0
2026-10-04T14:02:55Z,recommendationservice,checkoutservice,0,0,0,0,0,0,0
2026-10-04T14:02:55Z,recommendationservice,currencyservice,0,0,0,0,0,0,0
2026-10-04T14:02:55Z,recommendationservice,emailservice,0,0,0,0,0,0,0
2026-10-04T14:02:55Z,recommendationservice,frontend,0,0,0,0,0,0,0
2026-10-04T14:02:55Z,recommendationservice,kubernetes,0,0,0,0,0,0,0
2026-10-04T14:02:55Z,recommendationservice,paymentservice,0,0,0,0,0,0,0
2026-10-04T14:02:55Z,recommendationservice,productcatalogservice,0,0,0,0,0,0,0
2026-10-04T14:02:55Z,recommendationservice,recommendationservice,0,0,0,0,0,0,0
2026-10-04T14:02:55Z,recommendationservice,redis-cart,0,0,0,0,0,0,0
2026-10-04T14:02:55Z,recommendationservice,shippingservice,0,0,0,0,0,0,0
2026-10-04T14:02:55Z,redis-cart,adservice,0,0,0,0,0,0,0
2026-10-04T14:02:55Z,redis-cart,cartservice,0,0,0,0,0,0,0
2026-10-04T14:02:55Z,redis-cart,checkoutservice,0,0,0,0,0,0,0
2026-10-04T14:02:55Z,redis-cart,currencyservice,0,0,0,0,0,0,0
2026-10-04T14:02:55Z,redis-cart,emailservice,0,0,0,0,0,0,0
2026-10-04T14:02:55Z,redis-cart,frontend,0,0,0,0,0,0,0
2026-10-04T14:02:55Z,redis-cart,kubernetes,0,0,0,0,0,0,0
2026-10-04T14:02:55Z,redis-cart,paymentservice,0,0,0,0,0,0,0
2026-10-04T14:02:55Z,redis-cart,productcatalogservice,0,0,0,0,0,0,0
2026-10-04T14:02:55Z,redis-cart,recommendationservice,0,0,0,0,0,0,0
2026-10-04T14:02:55Z,redis-cart,redis-cart,0,0,0,0,0,0,0
2026-10-04T14:02:55Z,redis-cart,shippingservice,0,0,0,0,0,0,0
2026-10-04T14:02:55Z,shippingservice,adservice,0,0,0,0,0,0,0
2026-10-04T14:02:55Z,shippingservice,cartservice,0,0,0,0,0,0,0
2026-10-04T14:02:55Z,shippingservice,checkoutservice,0,0,0,0,0,0,0
2026-10-04T14:02:55Z,shippingservice,currencyservice,0,0,0,0,0,0,0
2026-10-04T14:02:55Z,shippingservice,emailservice,0,0,0,0,0,0,0
2026-10-04T14:02:55Z,shippingservice,frontend,0,0,0,0,0,0,0
2026-10-04T14:02:55Z,shippingservice,kubernetes,0,0,0,0,0,0,0
2026-10-04T14:02:55Z,shippingservice,paymentservice,0,0,0,0,0,0,0
2026-10-04T14:02:55Z,shippingservice,productcatalogservice,0,0,0,0,0,0,0
2026-10-04T14:02:55Z,shippingservice,recommendationservice,0,0,0,0,0,0,0
2026-10-04T14:02:55Z,shippingservice,redis-cart,0,0,0,0,0,0,0
2026-10-04T14:02:55Z,shippingservice,shippingservice,0,0,0,0,0,0,0
2026-10-04T14:02:56Z,adservice,adservice,0,0,0,0,0,0,0
2026-10-04T14:02:56Z,adservice,cartservice,0,0,0,0,0,0,0
2026-10-04T14:02:56Z,adservice,checkoutservice,0,0,0,0,0,0,0
2026-10-04T14:02:56Z,adservice,currencyservice,0,0,0,0,0,0,0
2026-10-04T14:02:56Z,adservice,emailservice,0,0,0,0,0,0,0
2026-10-04T14:02:56Z,adservice,frontend,0,0,0,0,0,0,0
2026-10-04T14:02:56Z,adservice,kubernetes,0,0,0,0,0,0,0
2026-10-04T14:02:56Z,adservice,paymentservice,0,0,0,0,0,0,0
2026-10-04T14:02:56Z,adservice,productcatalogservice,0,0,0,0,0,0,0
2026-10-04T14:02:56Z,adservice,recommendationservice,0,0,0,0,0,0,0
2026-10-04T14:02:56Z,adservice,redis-cart,0,0,0,0,0,0,0
2026-10-04T14:02:56Z,adservice,shippingservice,0,0,0,0,0,0,0
2026-10-04T14:02:56Z,cartservice,adservice,0,0,0,0,0,0,0
2026-10-04T14:02:56Z,cartservice,cartservice,0,0,0,0,0,0,0
2026-10-04T14:02:56Z,cartservice,checkoutservice,0,0,0,0,0,0,0
2026-10-04T14:02:56Z,cartservice,currencyservice,0,0,0,0,0,0,0
2026-10-04T14:02:56Z,cartservice,emailservice,0,0,0,0,0,0,0
2026-10-04T14:02:56Z,cartservice,frontend,0,0,0,0,0,0,0
2026-10-04T14:02:56Z,cartservice,kubernetes,0,0,0,0,0,0,0
2026-10-04T14:02:56Z,cartservice,paymentservice,0,0,0,0,0,0,0
2026-10-04T14:02:56Z,cartservice,productcatalogservice,0,0,0,0,0,0,0
2026-10-04T14:02:56Z,cartservice,recommendationservice,0,0,0,0,0,0,0
2026-10-04T14:02:56Z,cartservice,redis-cart,2,0,0,0,0,0,0
2026-10-04T14:02:56Z,cartservice,shippingservice,0,0,0,0,0,0,0
2026-10-04T14:02:56Z,checkoutservice,adservice,0,0,0,0,0,0,0
2026-10-04T14:02:56Z,checkoutservice,cartservice,0,0,0,0,0,0,0
2026-10-04T14:02:56Z,checkoutservice,checkoutservice,0,0,0,0,0,0,0
2026-10-04T14:02:56Z,checkoutservice,currencyservice,0,0,0,0,0,0,0
2026-10-04T14:02:56Z,checkoutservice,emailservice,0,0,0,0,0,0,0
2026-10-04T14:02:56Z,checkoutservice,frontend,0,0,0,0,0,0,0
2026-10-04T14:02:56Z,checkoutservice,kubernetes,0,0,0,0,0,0,0
2026-10-04T14:02:56Z,checkoutservice,paymentservice,0,0,0,0,0,0,0
2026-10-04T14:02:56Z,checkoutservice,productcatalogservice,0,0,0,0,0,0,0
2026-10-04T14:02:56Z,checkoutservice,recommendationservice,0,0,0,0,0,0,0
2026-10-04T14:02:56Z,checkoutservice,redis-cart,0,0,0,0,0,0,0
2026-10-04T14:02:56Z,checkoutservice,shippingservice,0,0,0,0,0,0,0
2026-10-04T14:02:56Z,currencyservice,adservice,0,0,0,0,0,0,0
2026-10-04T14:02:56Z,currencyservice,cartservice,0,0,0,0,0,0,0
2026-10-04T14:02:56Z,currencyservice,checkoutservice,0,0,0,0,0,0,0
2026-10-04T14:02:56Z,currencyservice,currencyservice,0,0,0,0,0,0,0
2026-10-04T14:02:56Z,currencyservice,emailservice,0,0,0,0,0,0,0
2026-10-04T14:02:56Z,currencyservice,frontend,0,0,0,0,0,0,0
2026-10-04T14:02:56Z,currencyservice,kubernetes,0,0,0,0,0,0,0
2026-10-04T14:02:56Z,currencyservice,paymentservice,0,0,0,0,0,0,0
2026-10-04T14:02:56Z,currencyservice,productcatalogservice,0,0,0,0,0,0,0
2026-10-04T14:02:56Z,currencyservice,recommendationservice,0,0,0,0,0,0,0
2026-10-04T14:02:56Z,currencyservice,redis-cart,0,0,0,0,0,0,0
2026-10-04T14:02:56Z,currencyservice,shippingservice,0,0,0,0,0,0,0
2026-10-04T14:02:56Z,emailservice,adservice,0,0,0,0,0,0,0
2026-10-04T14:02:56Z,emailservice,cartservice,0,0,0,0,0,0,0
2026-10-04T14:02:56Z,emailservice,checkoutservice,0,0,0,0,0,0,0
2026-10-04T14:02:56Z,emailservice,currencyservice,0,0,0,0,0,0,0
2026-10-04T14:02:56Z,emailservice,emailservice,0,0,0,0,0,0,0
2026-10-04T14:02:56Z,emailservice,frontend,0,0,0,0,0,0,0
2026-10-04T14:02:56Z,emailservice,kubernetes,0,0,0,0,0,0,0
2026-10-04T14:02:56Z,emailservice,paymentservice,0,0,0,0,0,0,0
2026-10-04T14:02:56Z,emailservice,productcatalogservice,0,0,0,0,0,0,0
2026-10-04T14:02:56Z,emailservice,recommendationservice,0,0,0,0,0,0,0
2026-10-04T14:02:56Z,emailservice,redis-cart,0,0,0,0,0,0,0
2026-10-04T14:02:56Z,emailservice,shippingservice,0,0,0,0,0,0,0
2026-10-04T14:02:56Z,frontend,adservice,773781,773779,0,0,0,2334061,773779
2026-10-04T14:02:56Z,frontend,cartservice,1730573,1730561,0,0,4,9624535,1730561
2026-10-04T14:02:56Z,frontend,checkoutservice,354811,173691,0,34332,146696,55608828,173690
2026-10-04T14:02:56Z,frontend,currencyservice,2749584,2749577,0,0,0,14589993,2749577
2026-10-04T14:02:56Z,frontend,emailservice,0,0,0,0,0,0,0
2026-10-04T14:02:56Z,frontend,frontend,0,0,0,0,0,0,0
2026-10-04T14:02:56Z,frontend,kubernetes,0,0,0,0,0,0,0
2026-10-04T14:02:56Z,frontend,paymentservice,0,0,0,0,0,0,0
2026-10-04T14:02:56Z,frontend,productcatalogservice,7676840,7676779,0,0,0,52315430,7676779
2026-10-04T14:02:56Z,frontend,recommendationservice,2523996,1524786,0,104145,892890,769956520,1524786
2026-10-04T14:02:56Z,frontend,redis-cart,0,0,0,0,0,0,0
2026-10-04T14:02:56Z,frontend,shippingservice,283787,283785,0,0,0,858241,283785
2026-10-04T14:02:56Z,paymentservice,adservice,0,0,0,0,0,0,0
2026-10-04T14:02:56Z,paymentservice,cartservice,0,0,0,0,0,0,0
2026-10-04T14:02:56Z,paymentservice,checkoutservice,0,0,0,0,0,0,0
2026-10-04T14:02:56Z,paymentservice,currencyservice,0,0,0,0,0,0,0
2026-10-04T14:02:56Z,paymentservice,emailservice,0,0,0,0,0,0,0
2026-10-04T14:02:56Z,paymentservice,frontend,0,0,0,0,0,0,0
2026-10-04T14:02:56Z,paymentservice,kubernetes,0,0,0,0,0,0,0
2026-10-04T14:02:56Z,paymentservice,paymentservice,0,0,0,0,0,0,0
2026-10-04T14:02:56Z,paymentservice,productcatalogservice,0,0,0,0,0,0,0
2026-10-04T14:02:56Z,paymentservice,recommendationservice,0,0,0,0,0,0,0
2026-10-04T14:02:56Z,paymentservice,redis-cart,0,0,0,0,0,0,0
2026-10-04T14:02:56Z,paymentservice,shippingservice,0,0,0,0,0,0,0
2026-10-04T14:02:56Z,productcatalogservice,adservice,0,0,0,0,0,0,0
2026-10-04T14:02:56Z,productcatalogservice,cartservice,0,0,0,0,0,0,0
2026-10-04T14:02:56Z,productcatalogservice,checkoutservice,0,0,0,0,0,0,0
2026-10-04T14:02:56Z,productcatalogservice,currencyservice,0,0,0,0,0,0,0
2026-10-04T14:02:56Z,productcatalogservice,emailservice,0,0,0,0,0,0,0
2026-10-04T14:02:56Z,productcatalogservice,frontend,0,0,0,0,0,0,0
2026-10-04T14:02:56Z,productcatalogservice,kubernetes,0,0,0,0,0,0,0
2026-10-04T14:02:56Z,productcatalogservice,paymentservice,0,0,0,0,0,0,0
2026-10-04T14:02:56Z,productcatalogservice,productcatalogservice,0,0,0,0,0,0,0
2026-10-04T14:02:56Z,productcatalogservice,recommendationservice,0,0,0,0,0,0,0
2026-10-04T14:02:56Z,productcatalogservice,redis-cart,0,0,0,0,0,0,0
2026-10-04T14:02:56Z,productcatalogservice,shippingservice,0,0,0,0,0,0,0
2026-10-04T14:02:56Z,recommendationservice,adservice,0,0,0,0,0,0,0
2026-10-04T14:02:56Z,recommendationservice,cartservice,0,0,0,0,0,0,0
2026-10-04T14:02:56Z,recommendationservice,checkoutservice,0,0,0,0,0,0,0
2026-10-04T14:02:56Z,recommendationservice,currencyservice,0,0,0,0,0,0,0
2026-10-04T14:02:56Z,recommendationservice,emailservice,0,0,0,0,0,0,0
2026-10-04T14:02:56Z,recommendationservice,frontend,0,0,0,0,0,0,0
2026-10-04T14:02:56Z,recommendationservice,kubernetes,0,0,0,0,0,0,0
2026-10-04T14:02:56Z,recommendationservice,paymentservice,0,0,0,0,0,0,0
2026-10-04T14:02:56Z,recommendationservice,productcatalogservice,0,0,0,0,0,0,0
2026-10-04T14:02:56Z,recommendationservice,recommendationservice,0,0,0,0,0,0,0
2026-10-04T14:02:56Z,recommendationservice,redis-cart,0,0,0,0,0,0,0
2026-10-04T14:02:56Z,recommendationservice,shippingservice,0,0,0,0,0,0,0
2026-10-04T14:02:56Z,redis-cart,adservice,0,0,0,0,0,0,0
2026-10-04T14:02:56Z,redis-cart,cartservice,0,0,0,0,0,0,0
2026-10-04T14:02:56Z,redis-cart,checkoutservice,0,0,0,0,0,0,0
2026-10-04T14:02:56Z,redis-cart,currencyservice,0,0,0,0,0,0,0
2026-10-04T14:02:56Z,redis-cart,emailservice,0,0,0,0,0,0,0
2026-10-04T14:02:56Z,redis-cart,frontend,0,0,0,0,0,0,0
2026-10-04T14:02:56Z,redis-cart,kubernetes,0,0,0,0,0,0,0
2026-10-04T14:02:56Z,redis-cart,paymentservice,0,0,0,0,0,0,0
2026-10-04T14:02:56Z,redis-cart,productcatalogservice,0,0,0,0,0,0,0
2026-10-04T14:02:56Z,redis-cart,recommendationservice,0,0,0,0,0,0,0
2026-10-04T14:02:56Z,redis-cart,redis-cart,0,0,0,0,0,0,0
2026-10-04T14:02:56Z,redis-cart,shippingservice,0,0,0,0,0,0,0
2026-10-04T14:02:56Z,shippingservice,adservice,0,0,0,0,0,0,0
2026-10-04T14:02:56Z,shippingservice,cartservice,0,0,0,0,0,0,0
2026-10-04T14:02:56Z,shippingservice,checkoutservice,0,0,0,0,0,0,0
2026-10-04T14:02:56Z,shippingservice,currencyservice,0,0,0,0,0,0,0
2026-10-04T14:02:56Z,shippingservice,emailservice,0,0,0,0,0,0,0
2026-10-04T14:02:56Z,shippingservice,frontend,0,0,0,0,0,0,0
2026-10-04T14:02:56Z,shippingservice,kubernetes,0,0,0,0,0,0,0
2026-10-04T14:02:56Z,shippingservice,paymentservice,0,0,0,0,0,0,0
2026-10-04T14:02:56Z,shippingservice,productcatalogservice,0,0,0,0,0,0,0
2026-10-04T14:02:56Z,shippingservice,recommendationservice,0,0,0,0,0,0,0
2026-10-04T14:02:56Z,shippingservice,redis-cart,0,0,0,0,0,0,0
2026-10-04T14:02:56Z,shippingservice,shippingservice,0,0,0,0,0,0,0
2026-10-04T14:02:57Z,adservice,adservice,0,0,0,0,0,0,0
2026-10-04T14:02:57Z,adservice,cartservice,0,0,0,0,0,0,0
2026-10-04T14:02:57Z,adservice,checkoutservice,0,0,0,0,0,0,0
2026-10-04T14:02:57Z,adservice,currencyservice,0,0,0,0,0,0,0
2026-10-04T14:02:57Z,adservice,emailservice,0,0,0,0,0,0,0
2026-10-04T14:02:57Z,adservice,frontend,0,0,0,0,0,0,0
2026-10-04T14:02:57Z,adservice,kubernetes,0,0,0,0,0,0,0
2026-10-04T14:02:57Z,adservice,paymentservice,0,0,0,0,0,0,0
2026-10-04T14:02:57Z,adservice,productcatalogservice,0,0,0,0,0,0,0
2026-10-04T14:02:57Z,adservice,recommendationservice,0,0,0,0,0,0,0
2026-10-04T14:02:57Z,adservice,redis-cart,0,0,0,0,0,0,0
2026-10-04T14:02:57Z,adservice,shippingservice,0,0,0,0,0,0,0
2026-10-04T14:02:57Z,cartservice,adservice,0,0,0,0,0,0,0
2026-10-04T14:02:57Z,cartservice,cartservice,0,0,0,0,0,0,0
2026-10-04T14:02:57Z,cartservice,checkoutservice,0,0,0,0,0,0,0
2026-10-04T14:02:57Z,cartservice,currencyservice,0,0,0,0,0,0,0
2026-10-04T14:02:57Z,cartservice,emailservice,0,0,0,0,0,0,0
2026-10-04T14:02:57Z,cartservice,frontend,0,0,0,0,0,0,0
2026-10-04T14:02:57Z,cartservice,kubernetes,0,0,0,0,0,0,0
2026-10-04T14:02:57Z,cartservice,paymentservice,0,0,0,0,0,0,0
2026-10-04T14:02:57Z,cartservice,productcatalogservice,0,0,0,0,0,0,0
2026-10-04T14:02:57Z,cartservice,recommendationservice,0,0,0,0,0,0,0
2026-10-04T14:02:57Z,cartservice,redis-cart,2,0,0,0,0,0,0
2026-10-04T14:02:57Z,cartservice,shippingservice,0,0,0,0,0,0,0
2026-10-04T14:02:57Z,checkoutservice,adservice,0,0,0,0,0,0,0
2026-10-04T14:02:57Z,checkoutservice,cartservice,0,0,0,0,0,0,0
2026-10-04T14:02:57Z,checkoutservice,checkoutservice,0,0,0,0,0,0,0
2026-10-04T14:02:57Z,checkoutservice,currencyservice,0,0,0,0,0,0,0
2026-10-04T14:02:57Z,checkoutservice,emailservice,0,0,0,0,0,0,0
2026-10-04T14:02:57Z,checkoutservice,frontend,0,0,0,0,0,0,0
2026-10-04T14:02:57Z,checkoutservice,kubernetes,0,0,0,0,0,0,0
2026-10-04T14:02:57Z,checkoutservice,paymentservice,0,0,0,0,0,0,0
2026-10-04T14:02:57Z,checkoutservice,productcatalogservice,0,0,0,0,0,0,0
2026-10-04T14:02:57Z,checkoutservice,recommendationservice,0,0,0,0,0,0,0
2026-10-04T14:02:57Z,checkoutservice,redis-cart,0,0,0,0,0,0,0
2026-10-04T14:02:57Z,checkoutservice,shippingservice,0,0,0,0,0,0,0
2026-10-04T14:02:57Z,currencyservice,adservice,0,0,0,0,0,0,0
2026-10-04T14:02:57Z,currencyservice,cartservice,0,0,0,0,0,0,0
2026-10-04T14:02:57Z,currencyservice,checkoutservice,0,0,0,0,0,0,0
2026-10-04T14:02:57Z,currencyservice,currencyservice,0,0,0,0,0,0,0
2026-10-04T14:02:57Z,currencyservice,emailservice,0,0,0,0,0,0,0
2026-10-04T14:02:57Z,currencyservice,frontend,0,0,0,0,0,0,0
2026-10-04T14:02:57Z,currencyservice,kubernetes,0,0,0,0,0,0,0
2026-10-04T14:02:57Z,currencyservice,paymentservice,0,0,0,0,0,0,0
2026-10-04T14:02:57Z,currencyservice,productcatalogservice,0,0,0,0,0,0,0
2026-10-04T14:02:57Z,currencyservice,recommendationservice,0,0,0,0,0,0,0
2026-10-04T14:02:57Z,currencyservice,redis-cart,0,0,0,0,0,0,0
2026-10-04T14:02:57Z,currencyservice,shippingservice,0,0,0,0,0,0,0
2026-10-04T14:02:57Z,emailservice,adservice,0,0,0,0,0,0,0
2026-10-04T14:02:57Z,emailservice,cartservice,0,0,0,0,0,0,0
2026-10-04T14:02:57Z,emailservice,checkoutservice,0,0,0,0,0,0,0
2026-10-04T14:02:57Z,emailservice,currencyservice,0,0,0,0,0,0,0
2026-10-04T14:02:57Z,emailservice,emailservice,0,0,0,0,0,0,0
2026-10-04T14:02:57Z,emailservice,frontend,0,0,0,0,0,0,0
2026-10-04T14:02:57Z,emailservice,kubernetes,0,0,0,0,0,0,0
2026-10-04T14:02:57Z,emailservice,paymentservice,0,0,0,0,0,0,0
2026-10-04T14:02:57Z,emailservice,productcatalogservice,0,0,0,0,0,0,0
2026-10-04T14:02:57Z,emailservice,recommendationservice,0,0,0,0,0,0,0
2026-10-04T14:02:57Z,emailservice,redis-cart,0,0,0,0,0,0,0
2026-10-04T14:02:57Z,emailservice,shippingservice,0,0,0,0,0,0,0
2026-10-04T14:02:57Z,frontend,adservice,773781,773779,0,0,0,2334061,773779
2026-10-04T14:02:57Z,frontend,cartservice,1730573,1730561,0,0,4,9624535,1730561
2026-10-04T14:02:57Z,frontend,checkoutservice,354811,173691,0,34332,146696,55608828,173690
2026-10-04T14:02:57Z,frontend,currencyservice,2749584,2749577,0,0,0,14589993,2749577
2026-10-04T14:02:57Z,frontend,emailservice,0,0,0,0,0,0,0
2026-10-04T14:02:57Z,frontend,frontend,0,0,0,0,0,0,0
2026-10-04T14:02:57Z,frontend,kubernetes,0,0,0,0,0,0,0
2026-10-04T14:02:57Z,frontend,paymentservice,0,0,0,0,0,0,0
2026-10-04T14:02:57Z,frontend,productcatalogservice,7676840,7676779,0,0,0,52315430,7676779
2026-10-04T14:02:57Z,frontend,recommendationservice,2523996,1524786,0,104145,892890,769956520,1524786
2026-10-04T14:02:57Z,frontend,redis-cart,0,0,0,0,0,0,0
2026-10-04T14:02:57Z,frontend,shippingservice,283787,283785,0,0,0,858241,283785
2026-10-04T14:02:57Z,paymentservice,adservice,0,0,0,0,0,0,0
2026-10-04T14:02:57Z,paymentservice,cartservice,0,0,0,0,0,0,0
2026-10-04T14:02:57Z,paymentservice,checkoutservice,0,0,0,0,0,0,0
2026-10-04T14:02:57Z,paymentservice,currencyservice,0,0,0,0,0,0,0
2026-10-04T14:02:57Z,paymentservice,emailservice,0,0,0,0,0,0,0
2026-10-04T14:02:57Z,paymentservice,frontend,0,0,0,0,0,0,0
2026-10-04T14:02:57Z,paymentservice,kubernetes,0,0,0,0,0,0,0
2026-10-04T14:02:57Z,paymentservice,paymentservice,0,0,0,0,0,0,0
2026-10-04T14:02:57Z,paymentservice,productcatalogservice,0,0,0,0,0,0,0
2026-10-04T14:02:57Z,paymentservice,recommendationservice,0,0,0,0,0,0,0
2026-10-04T14:02:57Z,paymentservice,redis-cart,0,0,0,0,0,0,0
2026-10-04T14:02:57Z,paymentservice,shippingservice,0,0,0,0,0,0,0
2026-10-04T14:02:57Z,productcatalogservice,adservice,0,0,0,0,0,0,0
2026-10-04T14:02:57Z,productcatalogservice,cartservice,0,0,0,0,0,0,0
2026-10-04T14:02:57Z,productcatalogservice,checkoutservice,0,0,0,0,0,0,0
2026-10-04T14:02:57Z,productcatalogservice,currencyservice,0,0,0,0,0,0,0
2026-10-04T14:02:57Z,productcatalogservice,emailservice,0,0,0,0,0,0,0
2026-10-04T14:02:57Z,productcatalogservice,frontend,0,0,0,0,0,0,0
2026-10-04T14:02:57Z,productcatalogservice,kubernetes,0,0,0,0,0,0,0
2026-10-04T14:02:57Z,productcatalogservice,paymentservice,0,0,0,0,0,0,0
2026-10-04T14:02:57Z,productcatalogservice,productcatalogservice,0,0,0,0,0,0,0
2026-10-04T14:02:57Z,productcatalogservice,recommendationservice,0,0,0,0,0,0,0
2026-10-04T14:02:57Z,productcatalogservice,redis-cart,0,0,0,0,0,0,0
2026-10-04T14:02:57Z,productcatalogservice,shippingservice,0,0,0,0,0,0,0
2026-10-04T14:02:57Z,recommendationservice,adservice,0,0,0,0,0,0,0
2026-10-04T14:02:57Z,recommendationservice,cartservice,0,0,0,0,0,0,0
2026-10-04T14:02:57Z,recommendationservice,checkoutservice,0,0,0,0,0,0,0
2026-10-04T14:02:57Z,recommendationservice,currencyservice,0,0,0,0,0,0,0
2026-10-04T14:02:57Z,recommendationservice,emailservice,0,0,0,0,0,0,0
2026-10-04T14:02:57Z,recommendationservice,frontend,0,0,0,0,0,0,0
2026-10-04T14:02:57Z,recommendationservice,kubernetes,0,0,0,0,0,0,0
2026-10-04T14:02:57Z,recommendationservice,paymentservice,0,0,0,0,0,0,0
2026-10-04T14:02:57Z,recommendationservice,productcatalogservice,0,0,0,0,0,0,0
2026-10-04T14:02:57Z,recommendationservice,recommendationservice,0,0,0,0,0,0,0
2026-10-04T14:02:57Z,recommendationservice,redis-cart,0,0,0,0,0,0,0
2026-10-04T14:02:57Z,recommendationservice,shippingservice,0,0,0,0,0,0,0
2026-10-04T14:02:57Z,redis-cart,adservice,0,0,0,0,0,0,0
2026-10-04T14:02:57Z,redis-cart,cartservice,0,0,0,0,0,0,0
2026-10-04T14:02:57Z,redis-cart,checkoutservice,0,0,0,0,0,0,0
2026-10-04T14:02:57Z,redis-cart,currencyservice,0,0,0,0,0,0,0
2026-10-04T14:02:57Z,redis-cart,emailservice,0,0,0,0,0,0,0
2026-10-04T14:02:57Z,redis-cart,frontend,0,0,0,0,0,0,0
2026-10-04T14:02:57Z,redis-cart,kubernetes,0,0,0,0,0,0,0
2026-10-04T14:02:57Z,redis-cart,paymentservice,0,0,0,0,0,0,0
2026-10-04T14:02:57Z,redis-cart,productcatalogservice,0,0,0,0,0,0,0
2026-10-04T14:02:57Z,redis-cart,recommendationservice,0,0,0,0,0,0,0
2026-10-04T14:02:57Z,redis-cart,redis-cart,0,0,0,0,0,0,0
2026-10-04T14:02:57Z,redis-cart,shippingservice,0,0,0,0,0,0,0
2026-10-04T14:02:57Z,shippingservice,adservice,0,0,0,0,0,0,0
2026-10-04T14:02:57Z,shippingservice,cartservice,0,0,0,0,0,0,0
2026-10-04T14:02:57Z,shippingservice,checkoutservice,0,0,0,0,0,0,0
2026-10-04T14:02:57Z,shippingservice,currencyservice,0,0,0,0,0,0,0
2026-10-04T14:02:57Z,shippingservice,emailservice,0,0,0,0,0,0,0
2026-10-04T14:02:57Z,shippingservice,frontend,0,0,0,0,0,0,0
2026-10-04T14:02:57Z,shippingservice,kubernetes,0,0,0,0,0,0,0
2026-10-04T14:02:57Z,shippingservice,paymentservice,0,0,0,0,0,0,0
2026-10-04T14:02:57Z,shippingservice,productcatalogservice,0,0,0,0,0,0,0
2026-10-04T14:02:57Z,shippingservice,recommendationservice,0,0,0,0,0,0,0
2026-10-04T14:02:57Z,shippingservice,redis-cart,0,0,0,0,0,0,0
2026-10-04T14:02:57Z,shippingservice,shippingservice,0,0,0,0,0,0,0
2026-10-04T14:02:58Z,adservice,adservice,0,0,0,0,0,0,0
2026-10-04T14:02:58Z,adservice,cartservice,0,0,0,0,0,0,0
2026-10-04T14:02:58Z,adservice,checkoutservice,0,0,0,0,0,0,0
2026-10-04T14:02:58Z,adservice,currencyservice,0,0,0,0,0,0,0
2026-10-04T14:02:58Z,adservice,emailservice,0,0,0,0,0,0,0
2026-10-04T14:02:58Z,adservice,frontend,0,0,0,0,0,0,0
2026-10-04T14:02:58Z,adservice,kubernetes,0,0,0,0,0,0,0
2026-10-04T14:02:58Z,adservice,paymentservice,0,0,0,0,0,0,0
2026-10-04T14:02:58Z,adservice,productcatalogservice,0,0,0,0,0,0,0
2026-10-04T14:02:58Z,adservice,recommendationservice,0,0,0,0,0,0,0
2026-10-04T14:02:58Z,adservice,redis-cart,0,0,0,0,0,0,0
2026-10-04T14:02:58Z,adservice,shippingservice,0,0,0,0,0,0,0
2026-10-04T14:02:58Z,cartservice,adservice,0,0,0,0,0,0,0
2026-10-04T14:02:58Z,cartservice,cartservice,0,0,0,0,0,0,0
2026-10-04T14:02:58Z,cartservice,checkoutservice,0,0,0,0,0,0,0
2026-10-04T14:02:58Z,cartservice,currencyservice,0,0,0,0,0,0,0
2026-10-04T14:02:58Z,cartservice,emailservice,0,0,0,0,0,0,0
2026-10-04T14:02:58Z,cartservice,frontend,0,0,0,0,0,0,0
2026-10-04T14:02:58Z,cartservice,kubernetes,0,0,0,0,0,0,0
2026-10-04T14:02:58Z,cartservice,paymentservice,0,0,0,0,0,0,0
2026-10-04T14:02:58Z,cartservice,productcatalogservice,0,0,0,0,0,0,0
2026-10-04T14:02:58Z,cartservice,recommendationservice,0,0,0,0,0,0,0
2026-10-04T14:02:58Z,cartservice,redis-cart,2,0,0,0,0,0,0
2026-10-04T14:02:58Z,cartservice,shippingservice,0,0,0,0,0,0,0
2026-10-04T14:02:58Z,checkoutservice,adservice,0,0,0,0,0,0,0
2026-10-04T14:02:58Z,checkoutservice,cartservice,0,0,0,0,0,0,0
2026-10-04T14:02:58Z,checkoutservice,checkoutservice,0,0,0,0,0,0,0
2026-10-04T14:02:58Z,checkoutservice,currencyservice,0,0,0,0,0,0,0
2026-10-04T14:02:58Z,checkoutservice,emailservice,0,0,0,0,0,0,0
2026-10-04T14:02:58Z,checkoutservice,frontend,0,0,0,0,0,0,0
2026-10-04T14:02:58Z,checkoutservice,kubernetes,0,0,0,0,0,0,0
2026-10-04T14:02:58Z,checkoutservice,paymentservice,0,0,0,0,0,0,0
2026-10-04T14:02:58Z,checkoutservice,productcatalogservice,0,0,0,0,0,0,0
2026-10-04T14:02:58Z,checkoutservice,recommendationservice,0,0,0,0,0,0,0
2026-10-04T14:02:58Z,checkoutservice,redis-cart,0,0,0,0,0,0,0
2026-10-04T14:02:58Z,checkoutservice,shippingservice,0,0,0,0,0,0,0
2026-10-04T14:02:58Z,currencyservice,adservice,0,0,0,0,0,0,0
2026-10-04T14:02:58Z,currencyservice,cartservice,0,0,0,0,0,0,0
2026-10-04T14:02:58Z,currencyservice,checkoutservice,0,0,0,0,0,0,0
2026-10-04T14:02:58Z,currencyservice,currencyservice,0,0,0,0,0,0,0
2026-10-04T14:02:58Z,currencyservice,emailservice,0,0,0,0,0,0,0
2026-10-04T14:02:58Z,currencyservice,frontend,0,0,0,0,0,0,0
2026-10-04T14:02:58Z,currencyservice,kubernetes,0,0,0,0,0,0,0
2026-10-04T14:02:58Z,currencyservice,paymentservice,0,0,0,0,0,0,0
2026-10-04T14:02:58Z,currencyservice,productcatalogservice,0,0,0,0,0,0,0
2026-10-04T14:02:58Z,currencyservice,recommendationservice,0,0,0,0,0,0,0
2026-10-04T14:02:58Z,currencyservice,redis-cart,0,0,0,0,0,0,0
2026-10-04T14:02:58Z,currencyservice,shippingservice,0,0,0,0,0,0,0
2026-10-04T14:02:58Z,emailservice,adservice,0,0,0,0,0,0,0
2026-10-04T14:02:58Z,emailservice,cartservice,0,0,0,0,0,0,0
2026-10-04T14:02:58Z,emailservice,checkoutservice,0,0,0,0,0,0,0
2026-10-04T14:02:58Z,emailservice,currencyservice,0,0,0,0,0,0,0
2026-10-04T14:02:58Z,emailservice,emailservice,0,0,0,0,0,0,0
2026-10-04T14:02:58Z,emailservice,frontend,0,0,0,0,0,0,0
2026-10-04T14:02:58Z,emailservice,kubernetes,0,0,0,0,0,0,0
2026-10-04T14:02:58Z,emailservice,paymentservice,0,0,0,0,0,0,0
2026-10-04T14:02:58Z,emailservice,productcatalogservice,0,0,0,0,0,0,0
2026-10-04T14:02:58Z,emailservice,recommendationservice,0,0,0,0,0,0,0
2026-10-04T14:02:58Z,emailservice,redis-cart,0,0,0,0,0,0,0
2026-10-04T14:02:58Z,emailservice,shippingservice,0,0,0,0,0,0,0
2026-10-04T14:02:58Z,frontend,adservice,773781,773779,0,0,0,2334061,773779
2026-10-04T14:02:58Z,frontend,cartservice,1730573,1730561,0,0,4,9624535,1730561
2026-10-04T14:02:58Z,frontend,checkoutservice,354811,173691,0,34332,146696,55608828,173690
2026-10-04T14:02:58Z,frontend,currencyservice,2749584,2749577,0,0,0,14589993,2749577
2026-10-04T14:02:58Z,frontend,emailservice,0,0,0,0,0,0,0
2026-10-04T14:02:58Z,frontend,frontend,0,0,0,0,0,0,0
2026-10-04T14:02:58Z,frontend,kubernetes,0,0,0,0,0,0,0
2026-10-04T14:02:58Z,frontend,paymentservice,0,0,0,0,0,0,0
2026-10-04T14:02:58Z,frontend,productcatalogservice,7676840,7676779,0,0,0,52315430,7676779
2026-10-04T14:02:58Z,frontend,recommendationservice,2523996,1524786,0,104145,892890,769956520,1524786
2026-10-04T14:02:58Z,frontend,redis-cart,0,0,0,0,0,0,0
2026-10-04T14:02:58Z,frontend,shippingservice,283787,283785,0,0,0,858241,283785
2026-10-04T14:02:58Z,paymentservice,adservice,0,0,0,0,0,0,0
2026-10-04T14:02:58Z,paymentservice,cartservice,0,0,0,0,0,0,0
2026-10-04T14:02:58Z,paymentservice,checkoutservice,0,0,0,0,0,0,0
2026-10-04T14:02:58Z,paymentservice,currencyservice,0,0,0,0,0,0,0
2026-10-04T14:02:58Z,paymentservice,emailservice,0,0,0,0,0,0,0
2026-10-04T14:02:58Z,paymentservice,frontend,0,0,0,0,0,0,0
2026-10-04T14:02:58Z,paymentservice,kubernetes,0,0,0,0,0,0,0
2026-10-04T14:02:58Z,paymentservice,paymentservice,0,0,0,0,0,0,0
2026-10-04T14:02:58Z,paymentservice,productcatalogservice,0,0,0,0,0,0,0
2026-10-04T14:02:58Z,paymentservice,recommendationservice,0,0,0,0,0,0,0
2026-10-04T14:02:58Z,paymentservice,redis-cart,0,0,0,0,0,0,0
2026-10-04T14:02:58Z,paymentservice,shippingservice,0,0,0,0,0,0,0
2026-10-04T14:02:58Z,productcatalogservice,adservice,0,0,0,0,0,0,0
2026-10-04T14:02:58Z,productcatalogservice,cartservice,0,0,0,0,0,0,0
2026-10-04T14:02:58Z,productcatalogservice,checkoutservice,0,0,0,0,0,0,0
2026-10-04T14:02:58Z,productcatalogservice,currencyservice,0,0,0,0,0,0,0
2026-10-04T14:02:58Z,productcatalogservice,emailservice,0,0,0,0,0,0,0
2026-10-04T14:02:58Z,productcatalogservice,frontend,0,0,0,0,0,0,0
2026-10-04T14:02:58Z,productcatalogservice,kubernetes,0,0,0,0,0,0,0
2026-10-04T14:02:58Z,productcatalogservice,paymentservice,0,0,0,0,0,0,0
2026-10-04T14:02:58Z,productcatalogservice,productcatalogservice,0,0,0,0,0,0,0
2026-10-04T14:02:58Z,productcatalogservice,recommendationservice,0,0,0,0,0,0,0
2026-10-04T14:02:58Z,productcatalogservice,redis-cart,0,0,0,0,0,0,0
2026-10-04T14:02:58Z,productcatalogservice,shippingservice,0,0,0,0,0,0,0
2026-10-04T14:02:58Z,recommendationservice,adservice,0,0,0,0,0,0,0
2026-10-04T14:02:58Z,recommendationservice,cartservice,0,0,0,0,0,0,0
2026-10-04T14:02:58Z,recommendationservice,checkoutservice,0,0,0,0,0,0,0
2026-10-04T14:02:58Z,recommendationservice,currencyservice,0,0,0,0,0,0,0
2026-10-04T14:02:58Z,recommendationservice,emailservice,0,0,0,0,0,0,0
2026-10-04T14:02:58Z,recommendationservice,frontend,0,0,0,0,0,0,0
2026-10-04T14:02:58Z,recommendationservice,kubernetes,0,0,0,0,0,0,0
2026-10-04T14:02:58Z,recommendationservice,paymentservice,0,0,0,0,0,0,0
2026-10-04T14:02:58Z,recommendationservice,productcatalogservice,0,0,0,0,0,0,0
2026-10-04T14:02:58Z,recommendationservice,recommendationservice,0,0,0,0,0,0,0
2026-10-04T14:02:58Z,recommendationservice,redis-cart,0,0,0,0,0,0,0
2026-10-04T14:02:58Z,recommendationservice,shippingservice,0,0,0,0,0,0,0
2026-10-04T14:02:58Z,redis-cart,adservice,0,0,0,0,0,0,0
2026-10-04T14:02:58Z,redis-cart,cartservice,0,0,0,0,0,0,0
2026-10-04T14:02:58Z,redis-cart,checkoutservice,0,0,0,0,0,0,0
2026-10-04T14:02:58Z,redis-cart,currencyservice,0,0,0,0,0,0,0
2026-10-04T14:02:58Z,redis-cart,emailservice,0,0,0,0,0,0,0
2026-10-04T14:02:58Z,redis-cart,frontend,0,0,0,0,0,0,0
2026-10-04T14:02:58Z,redis-cart,kubernetes,0,0,0,0,0,0,0
2026-10-04T14:02:58Z,redis-cart,paymentservice,0,0,0,0,0,0,0
2026-10-04T14:02:58Z,redis-cart,productcatalogservice,0,0,0,0,0,0,0
2026-10-04T14:02:58Z,redis-cart,recommendationservice,0,0,0,0,0,0,0
2026-10-04T14:02:58Z,redis-cart,redis-cart,0,0,0,0,0,0,0
2026-10-04T14:02:58Z,redis-cart,shippingservice,0,0,0,0,0,0,0
2026-10-04T14:02:58Z,shippingservice,adservice,0,0,0,0,0,0,0
2026-10-04T14:02:58Z,shippingservice,cartservice,0,0,0,0,0,0,0
2026-10-04T14:02:58Z,shippingservice,checkoutservice,0,0,0,0,0,0,0
2026-10-04T14:02:58Z,shippingservice,currencyservice,0,0,0,0,0,0,0
2026-10-04T14:02:58Z,shippingservice,emailservice,0,0,0,0,0,0,0
2026-10-04T14:02:58Z,shippingservice,frontend,0,0,0,0,0,0,0
2026-10-04T14:02:58Z,shippingservice,kubernetes,0,0,0,0,0,0,0
2026-10-04T14:02:58Z,shippingservice,paymentservice,0,0,0,0,0,0,0
2026-10-04T14:02:58Z,shippingservice,productcatalogservice,0,0,0,0,0,0,0
2026-10-04T14:02:58Z,shippingservice,recommendationservice,0,0,0,0,0,0,0
2026-10-04T14:02:58Z,shippingservice,redis-cart,0,0,0,0,0,0,0
2026-10-04T14:02:58Z,shippingservice,shippingservice,0,0,0,0,0,0,0
2026-10-04T14:02:59Z,adservice,adservice,0,0,0,0,0,0,0
2026-10-04T14:02:59Z,adservice,cartservice,0,0,0,0,0,0,0
2026-10-04T14:02:59Z,adservice,checkoutservice,0,0,0,0,0,0,0
2026-10-04T14:02:59Z,adservice,currencyservice,0,0,0,0,0,0,0
2026-10-04T14:02:59Z,adservice,emailservice,0,0,0,0,0,0,0
2026-10-04T14:02:59Z,adservice,frontend,0,0,0,0,0,0,0
2026-10-04T14:02:59Z,adservice,kubernetes,0,0,0,0,0,0,0
2026-10-04T14:02:59Z,adservice,paymentservice,0,0,0,0,0,0,0
2026-10-04T14:02:59Z,adservice,productcatalogservice,0,0,0,0,0,0,0
2026-10-04T14:02:59Z,adservice,recommendationservice,0,0,0,0,0,0,0
2026-10-04T14:02:59Z,adservice,redis-cart,0,0,0,0,0,0,0
2026-10-04T14:02:59Z,adservice,shippingservice,0,0,0,0,0,0,0
2026-10-04T14:02:59Z,cartservice,adservice,0,0,0,0,0,0,0
2026-10-04T14:02:59Z,cartservice,cartservice,0,0,0,0,0,0,0
2026-10-04T14:02:59Z,cartservice,checkoutservice,0,0,0,0,0,0,0
2026-10-04T14:02:59Z,cartservice,currencyservice,0,0,0,0,0,0,0
2026-10-04T14:02:59Z,cartservice,emailservice,0,0,0,0,0,0,0
2026-10-04T14:02:59Z,cartservice,frontend,0,0,0,0,0,0,0
2026-10-04T14:02:59Z,cartservice,kubernetes,0,0,0,0,0,0,0
2026-10-04T14:02:59Z,cartservice,paymentservice,0,0,0,0,0,0,0
2026-10-04T14:02:59Z,cartservice,productcatalogservice,0,0,0,0,0,0,0
2026-10-04T14:02:59Z,cartservice,recommendationservice,0,0,0,0,0,0,0
2026-10-04T14:02:59Z,cartservice,redis-cart,2,0,0,0,0,0,0
2026-10-04T14:02:59Z,cartservice,shippingservice,0,0,0,0,0,0,0
2026-10-04T14:02:59Z,checkoutservice,adservice,0,0,0,0,0,0,0
2026-10-04T14:02:59Z,checkoutservice,cartservice,0,0,0,0,0,0,0
2026-10-04T14:02:59Z,checkoutservice,checkoutservice,0,0,0,0,0,0,0
2026-10-04T14:02:59Z,checkoutservice,currencyservice,0,0,0,0,0,0,0
2026-10-04T14:02:59Z,checkoutservice,emailservice,0,0,0,0,0,0,0
2026-10-04T14:02:59Z,checkoutservice,frontend,0,0,0,0,0,0,0
2026-10-04T14:02:59Z,checkoutservice,kubernetes,0,0,0,0,0,0,0
2026-10-04T14:02:59Z,checkoutservice,paymentservice,0,0,0,0,0,0,0
2026-10-04T14:02:59Z,checkoutservice,productcatalogservice,0,0,0,0,0,0,0
2026-10-04T14:02:59Z,checkoutservice,recommendationservice,0,0,0,0,0,0,0
2026-10-04T14:02:59Z,checkoutservice,redis-cart,0,0,0,0,0,0,0
2026-10-04T14:02:59Z,checkoutservice,shippingservice,0,0,0,0,0,0,0
2026-10-04T14:02:59Z,currencyservice,adservice,0,0,0,0,0,0,0
2026-10-04T14:02:59Z,currencyservice,cartservice,0,0,0,0,0,0,0
2026-10-04T14:02:59Z,currencyservice,checkoutservice,0,0,0,0,0,0,0
2026-10-04T14:02:59Z,currencyservice,currencyservice,0,0,0,0,0,0,0
2026-10-04T14:02:59Z,currencyservice,emailservice,0,0,0,0,0,0,0
2026-10-04T14:02:59Z,currencyservice,frontend,0,0,0,0,0,0,0
2026-10-04T14:02:59Z,currencyservice,kubernetes,0,0,0,0,0,0,0
2026-10-04T14:02:59Z,currencyservice,paymentservice,0,0,0,0,0,0,0
2026-10-04T14:02:59Z,currencyservice,productcatalogservice,0,0,0,0,0,0,0
2026-10-04T14:02:59Z,currencyservice,recommendationservice,0,0,0,0,0,0,0
2026-10-04T14:02:59Z,currencyservice,redis-cart,0,0,0,0,0,0,0
2026-10-04T14:02:59Z,currencyservice,shippingservice,0,0,0,0,0,0,0
2026-10-04T14:02:59Z,emailservice,adservice,0,0,0,0,0,0,0
2026-10-04T14:02:59Z,emailservice,cartservice,0,0,0,0,0,0,0
2026-10-04T14:02:59Z,emailservice,checkoutservice,0,0,0,0,0,0,0
2026-10-04T14:02:59Z,emailservice,currencyservice,0,0,0,0,0,0,0
2026-10-04T14:02:59Z,emailservice,emailservice,0,0,0,0,0,0,0
2026-10-04T14:02:59Z,emailservice,frontend,0,0,0,0,0,0,0
2026-10-04T14:02:59Z,emailservice,kubernetes,0,0,0,0,0,0,0
2026-10-04T14:02:59Z,emailservice,paymentservice,0,0,0,0,0,0,0
2026-10-04T14:02:59Z,emailservice,productcatalogservice,0,0,0,0,0,0,0
2026-10-04T14:02:59Z,emailservice,recommendationservice,0,0,0,0,0,0,0
2026-10-04T14:02:59Z,emailservice,redis-cart,0,0,0,0,0,0,0
2026-10-04T14:02:59Z,emailservice,shippingservice,0,0,0,0,0,0,0
2026-10-04T14:02:59Z,frontend,adservice,773781,773779,0,0,0,2334061,773779
2026-10-04T14:02:59Z,frontend,cartservice,1730573,1730561,0,0,4,9624535,1730561
2026-10-04T14:02:59Z,frontend,checkoutservice,354811,173691,0,34332,146696,55608828,173690
2026-10-04T14:02:59Z,frontend,currencyservice,2749584,2749577,0,0,0,14589993,2749577
2026-10-04T14:02:59Z,frontend,emailservice,0,0,0,0,0,0,0
2026-10-04T14:02:59Z,frontend,frontend,0,0,0,0,0,0,0
2026-10-04T14:02:59Z,frontend,kubernetes,0,0,0,0,0,0,0
2026-10-04T14:02:59Z,frontend,paymentservice,0,0,0,0,0,0,0
2026-10-04T14:02:59Z,frontend,productcatalogservice,7676840,7676779,0,0,0,52315430,7676779
2026-10-04T14:02:59Z,frontend,recommendationservice,2523996,1524786,0,104145,892890,769956520,1524786
2026-10-04T14:02:59Z,frontend,redis-cart,0,0,0,0,0,0,0
2026-10-04T14:02:59Z,frontend,shippingservice,283787,283785,0,0,0,858241,283785
2026-10-04T14:02:59Z,paymentservice,adservice,0,0,0,0,0,0,0
2026-10-04T14:02:59Z,paymentservice,cartservice,0,0,0,0,0,0,0
2026-10-04T14:02:59Z,paymentservice,checkoutservice,0,0,0,0,0,0,0
2026-10-04T14:02:59Z,paymentservice,currencyservice,0,0,0,0,0,0,0
2026-10-04T14:02:59Z,paymentservice,emailservice,0,0,0,0,0,0,0
2026-10-04T14:02:59Z,paymentservice,frontend,0,0,0,0,0,0,0
2026-10-04T14:02:59Z,paymentservice,kubernetes,0,0,0,0,0,0,0
2026-10-04T14:02:59Z,paymentservice,paymentservice,0,0,0,0,0,0,0
2026-10-04T14:02:59Z,paymentservice,productcatalogservice,0,0,0,0,0,0,0
2026-10-04T14:02:59Z,paymentservice,recommendationservice,0,0,0,0,0,0,0
2026-10-04T14:02:59Z,paymentservice,redis-cart,0,0,0,0,0,0,0
2026-10-04T14:02:59Z,paymentservice,shippingservice,0,0,0,0,0,0,0
2026-10-04T14:02:59Z,productcatalogservice,adservice,0,0,0,0,0,0,0
2026-10-04T14:02:59Z,productcatalogservice,cartservice,0,0,0,0,0,0,0
2026-10-04T14:02:59Z,productcatalogservice,checkoutservice,0,0,0,0,0,0,0
2026-10-04T14:02:59Z,productcatalogservice,currencyservice,0,0,0,0,0,0,0
2026-10-04T14:02:59Z,productcatalogservice,emailservice,0,0,0,0,0,0,0
2026-10-04T14:02:59Z,productcatalogservice,frontend,0,0,0,0,0,0,0
2026-10-04T14:02:59Z,productcatalogservice,kubernetes,0,0,0,0,0,0,0
2026-10-04T14:02:59Z,productcatalogservice,paymentservice,0,0,0,0,0,0,0
2026-10-04T14:02:59Z,productcatalogservice,productcatalogservice,0,0,0,0,0,0,0
2026-10-04T14:02:59Z,productcatalogservice,recommendationservice,0,0,0,0,0,0,0
2026-10-04T14:02:59Z,productcatalogservice,redis-cart,0,0,0,0,0,0,0
2026-10-04T14:02:59Z,productcatalogservice,shippingservice,0,0,0,0,0,0,0
2026-10-04T14:02:59Z,recommendationservice,adservice,0,0,0,0,0,0,0
2026-10-04T14:02:59Z,recommendationservice,cartservice,0,0,0,0,0,0,0
2026-10-04T14:02:59Z,recommendationservice,checkoutservice,0,0,0,0,0,0,0
2026-10-04T14:02:59Z,recommendationservice,currencyservice,0,0,0,0,0,0,0
2026-10-04T14:02:59Z,recommendationservice,emailservice,0,0,0,0,0,0,0
2026-10-04T14:02:59Z,recommendationservice,frontend,0,0,0,0,0,0,0
2026-10-04T14:02:59Z,recommendationservice,kubernetes,0,0,0,0,0,0,0
2026-10-04T14:02:59Z,recommendationservice,paymentservice,0,0,0,0,0,0,0
2026-10-04T14:02:59Z,recommendationservice,productcatalogservice,0,0,0,0,0,0,0
2026-10-04T14:02:59Z,recommendationservice,recommendationservice,0,0,0,0,0,0,0
2026-10-04T14:02:59Z,recommendationservice,redis-cart,0,0,0,0,0,0,0
2026-10-04T14:02:59Z,recommendationservice,shippingservice,0,0,0,0,0,0,0
2026-10-04T14:02:59Z,redis-cart,adservice,0,0,0,0,0,0,0
2026-10-04T14:02:59Z,redis-cart,cartservice,0,0,0,0,0,0,0
2026-10-04T14:02:59Z,redis-cart,checkoutservice,0,0,0,0,0,0,0
2026-10-04T14:02:59Z,redis-cart,currencyservice,0,0,0,0,0,0,0
2026-10-04T14:02:59Z,redis-cart,emailservice,0,0,0,0,0,0,0
2026-10-04T14:02:59Z,redis-cart,frontend,0,0,0,0,0,0,0
2026-10-04T14:02:59Z,redis-cart,kubernetes,0,0,0,0,0,0,0
2026-10-04T14:02:59Z,redis-cart,paymentservice,0,0,0,0,0,0,0
2026-10-04T14:02:59Z,redis-cart,productcatalogservice,0,0,0,0,0,0,0
2026-10-04T14:02:59Z,redis-cart,recommendationservice,0,0,0,0,0,0,0
2026-10-04T14:02:59Z,redis-cart,redis-cart,0,0,0,0,0,0,0
2026-10-04T14:02:59Z,redis-cart,shippingservice,0,0,0,0,0,0,0
2026-10-04T14:02:59Z,shippingservice,adservice,0,0,0,0,0,0,0
2026-10-04T14:02:59Z,shippingservice,cartservice,0,0,0,0,0,0,0
2026-10-04T14:02:59Z,shippingservice,checkoutservice,0,0,0,0,0,0,0
2026-10-04T14:02:59Z,shippingservice,currencyservice,0,0,0,0,0,0,0
2026-10-04T14:02:59Z,shippingservice,emailservice,0,0,0,0,0,0,0
2026-10-04T14:02:59Z,shippingservice,frontend,0,0,0,0,0,0,0
2026-10-04T14:02:59Z,shippingservice,kubernetes,0,0,0,0,0,0,0
2026-10-04T14:02:59Z,shippingservice,paymentservice,0,0,0,0,0,0,0
2026-10-04T14:02:59Z,shippingservice,productcatalogservice,0,0,0,0,0,0,0
2026-10-04T14:02:59Z,shippingservice,recommendationservice,0,0,0,0,0,0,0
2026-10-04T14:02:59Z,shippingservice,redis-cart,0,0,0,0,0,0,0
2026-10-04T14:02:59Z,shippingservice,shippingservice,0,0,0,0,0,0,0
2026-10-04T14:03:00Z,adservice,adservice,0,0,0,0,0,0,0
2026-10-04T14:03:00Z,adservice,cartservice,0,0,0,0,0,0,0
2026-10-04T14:03:00Z,adservice,checkoutservice,0,0,0,0,0,0,0
2026-10-04T14:03:00Z,adservice,currencyservice,0,0,0,0,0,0,0
2026-10-04T14:03:00Z,adservice,emailservice,0,0,0,0,0,0,0
2026-10-04T14:03:00Z,adservice,frontend,0,0,0,0,0,0,0
2026-10-04T14:03:00Z,adservice,kubernetes,0,0,0,0,0,0,0
2026-10-04T14:03:00Z,adservice,paymentservice,0,0,0,0,0,0,0
2026-10-04T14:03:00Z,adservice,productcatalogservice,0,0,0,0,0,0,0
2026-10-04T14:03:00Z,adservice,recommendationservice,0,0,0,0,0,0,0
2026-10-04T14:03:00Z,adservice,redis-cart,0,0,0,0,0,0,0
2026-10-04T14:03:00Z,adservice,shippingservice,0,0,0,0,0,0,0
2026-10-04T14:03:00Z,cartservice,adservice,0,0,0,0,0,0,0
2026-10-04T14:03:00Z,cartservice,cartservice,0,0,0,0,0,0,0
2026-10-04T14:03:00Z,cartservice,checkoutservice,0,0,0,0,0,0,0
2026-10-04T14:03:00Z,cartservice,currencyservice,0,0,0,0,0,0,0
2026-10-04T14:03:00Z,cartservice,emailservice,0,0,0,0,0,0,0
2026-10-04T14:03:00Z,cartservice,frontend,0,0,0,0,0,0,0
2026-10-04T14:03:00Z,cartservice,kubernetes,0,0,0,0,0,0,0
2026-10-04T14:03:00Z,cartservice,paymentservice,0,0,0,0,0,0,0
2026-10-04T14:03:00Z,cartservice,productcatalogservice,0,0,0,0,0,0,0
2026-10-04T14:03:00Z,cartservice,recommendationservice,0,0,0,0,0,0,0
2026-10-04T14:03:00Z,cartservice,redis-cart,2,0,0,0,0,0,0
2026-10-04T14:03:00Z,cartservice,shippingservice,0,0,0,0,0,0,0
2026-10-04T14:03:00Z,checkoutservice,adservice,0,0,0,0,0,0,0
2026-10-04T14:03:00Z,checkoutservice,cartservice,0,0,0,0,0,0,0
2026-10-04T14:03:00Z,checkoutservice,checkoutservice,0,0,0,0,0,0,0
2026-10-04T14:03:00Z,checkoutservice,currencyservice,0,0,0,0,0,0,0
2026-10-04T14:03:00Z,checkoutservice,emailservice,0,0,0,0,0,0,0
2026-10-04T14:03:00Z,checkoutservice,frontend,0,0,0,0,0,0,0
2026-10-04T14:03:00Z,checkoutservice,kubernetes,0,0,0,0,0,0,0
2026-10-04T14:03:00Z,checkoutservice,paymentservice,0,0,0,0,0,0,0
2026-10-04T14:03:00Z,checkoutservice,productcatalogservice,0,0,0,0,0,0,0
2026-10-04T14:03:00Z,checkoutservice,recommendationservice,0,0,0,0,0,0,0
2026-10-04T14:03:00Z,checkoutservice,redis-cart,0,0,0,0,0,0,0
2026-10-04T14:03:00Z,checkoutservice,shippingservice,0,0,0,0,0,0,0
2026-10-04T14:03:00Z,currencyservice,adservice,0,0,0,0,0,0,0
2026-10-04T14:03:00Z,currencyservice,cartservice,0,0,0,0,0,0,0
2026-10-04T14:03:00Z,currencyservice,checkoutservice,0,0,0,0,0,0,0
2026-10-04T14:03:00Z,currencyservice,currencyservice,0,0,0,0,0,0,0
2026-10-04T14:03:00Z,currencyservice,emailservice,0,0,0,0,0,0,0
2026-10-04T14:03:00Z,currencyservice,frontend,0,0,0,0,0,0,0
2026-10-04T14:03:00Z,currencyservice,kubernetes,0,0,0,0,0,0,0
2026-10-04T14:03:00Z,currencyservice,paymentservice,0,0,0,0,0,0,0
2026-10-04T14:03:00Z,currencyservice,productcatalogservice,0,0,0,0,0,0,0
2026-10-04T14:03:00Z,currencyservice,recommendationservice,0,0,0,0,0,0,0
2026-10-04T14:03:00Z,currencyservice,redis-cart,0,0,0,0,0,0,0
2026-10-04T14:03:00Z,currencyservice,shippingservice,0,0,0,0,0,0,0
2026-10-04T14:03:00Z,emailservice,adservice,0,0,0,0,0,0,0
2026-10-04T14:03:00Z,emailservice,cartservice,0,0,0,0,0,0,0
2026-10-04T14:03:00Z,emailservice,checkoutservice,0,0,0,0,0,0,0
2026-10-04T14:03:00Z,emailservice,currencyservice,0,0,0,0,0,0,0
2026-10-04T14:03:00Z,emailservice,emailservice,0,0,0,0,0,0,0
2026-10-04T14:03:00Z,emailservice,frontend,0,0,0,0,0,0,0
2026-10-04T14:03:00Z,emailservice,kubernetes,0,0,0,0,0,0,0
2026-10-04T14:03:00Z,emailservice,paymentservice,0,0,0,0,0,0,0
2026-10-04T14:03:00Z,emailservice,productcatalogservice,0,0,0,0,0,0,0
2026-10-04T14:03:00Z,emailservice,recommendationservice,0,0,0,0,0,0,0
2026-10-04T14:03:00Z,emailservice,redis-cart,0,0,0,0,0,0,0
2026-10-04T14:03:00Z,emailservice,shippingservice,0,0,0,0,0,0,0
2026-10-04T14:03:00Z,frontend,adservice,773781,773779,0,0,0,2334061,773779
2026-10-04T14:03:00Z,frontend,cartservice,1730573,1730561,0,0,4,9624535,1730561
2026-10-04T14:03:00Z,frontend,checkoutservice,354811,173691,0,34332,146696,55608828,173690
2026-10-04T14:03:00Z,frontend,currencyservice,2749584,2749577,0,0,0,14589993,2749577
2026-10-04T14:03:00Z,frontend,emailservice,0,0,0,0,0,0,0
2026-10-04T14:03:00Z,frontend,frontend,0,0,0,0,0,0,0
2026-10-04T14:03:00Z,frontend,kubernetes,0,0,0,0,0,0,0
2026-10-04T14:03:00Z,frontend,paymentservice,0,0,0,0,0,0,0
2026-10-04T14:03:00Z,frontend,productcatalogservice,7676840,7676779,0,0,0,52315430,7676779
2026-10-04T14:03:00Z,frontend,recommendationservice,2523996,1524786,0,104145,892890,769956520,1524786
2026-10-04T14:03:00Z,frontend,redis-cart,0,0,0,0,0,0,0
2026-10-04T14:03:00Z,frontend,shippingservice,283787,283785,0,0,0,858241,283785
2026-10-04T14:03:00Z,paymentservice,adservice,0,0,0,0,0,0,0
2026-10-04T14:03:00Z,paymentservice,cartservice,0,0,0,0,0,0,0
2026-10-04T14:03:00Z,paymentservice,checkoutservice,0,0,0,0,0,0,0
2026-10-04T14:03:00Z,paymentservice,currencyservice,0,0,0,0,0,0,0
2026-10-04T14:03:00Z,paymentservice,emailservice,0,0,0,0,0,0,0
2026-10-04T14:03:00Z,paymentservice,frontend,0,0,0,0,0,0,0
2026-10-04T14:03:00Z,paymentservice,kubernetes,0,0,0,0,0,0,0
2026-10-04T14:03:00Z,paymentservice,paymentservice,0,0,0,0,0,0,0
2026-10-04T14:03:00Z,paymentservice,productcatalogservice,0,0,0,0,0,0,0
2026-10-04T14:03:00Z,paymentservice,recommendationservice,0,0,0,0,0,0,0
2026-10-04T14:03:00Z,paymentservice,redis-cart,0,0,0,0,0,0,0
2026-10-04T14:03:00Z,paymentservice,shippingservice,0,0,0,0,0,0,0
2026-10-04T14:03:00Z,productcatalogservice,adservice,0,0,0,0,0,0,0
2026-10-04T14:03:00Z,productcatalogservice,cartservice,0,0,0,0,0,0,0
2026-10-04T14:03:00Z,productcatalogservice,checkoutservice,0,0,0,0,0,0,0
2026-10-04T14:03:00Z,productcatalogservice,currencyservice,0,0,0,0,0,0,0
2026-10-04T14:03:00Z,productcatalogservice,emailservice,0,0,0,0,0,0,0
2026-10-04T14:03:00Z,productcatalogservice,frontend,0,0,0,0,0,0,0
2026-10-04T14:03:00Z,productcatalogservice,kubernetes,0,0,0,0,0,0,0
2026-10-04T14:03:00Z,productcatalogservice,paymentservice,0,0,0,0,0,0,0
2026-10-04T14:03:00Z,productcatalogservice,productcatalogservice,0,0,0,0,0,0,0
2026-10-04T14:03:00Z,productcatalogservice,recommendationservice,0,0,0,0,0,0,0
2026-10-04T14:03:00Z,productcatalogservice,redis-cart,0,0,0,0,0,0,0
2026-10-04T14:03:00Z,productcatalogservice,shippingservice,0,0,0,0,0,0,0
2026-10-04T14:03:00Z,recommendationservice,adservice,0,0,0,0,0,0,0
2026-10-04T14:03:00Z,recommendationservice,cartservice,0,0,0,0,0,0,0
2026-10-04T14:03:00Z,recommendationservice,checkoutservice,0,0,0,0,0,0,0
2026-10-04T14:03:00Z,recommendationservice,currencyservice,0,0,0,0,0,0,0
2026-10-04T14:03:00Z,recommendationservice,emailservice,0,0,0,0,0,0,0
2026-10-04T14:03:00Z,recommendationservice,frontend,0,0,0,0,0,0,0
2026-10-04T14:03:00Z,recommendationservice,kubernetes,0,0,0,0,0,0,0
2026-10-04T14:03:00Z,recommendationservice,paymentservice,0,0,0,0,0,0,0
2026-10-04T14:03:00Z,recommendationservice,productcatalogservice,0,0,0,0,0,0,0
2026-10-04T14:03:00Z,recommendationservice,recommendationservice,0,0,0,0,0,0,0
2026-10-04T14:03:00Z,recommendationservice,redis-cart,0,0,0,0,0,0,0
2026-10-04T14:03:00Z,recommendationservice,shippingservice,0,0,0,0,0,0,0
2026-10-04T14:03:00Z,redis-cart,adservice,0,0,0,0,0,0,0
2026-10-04T14:03:00Z,redis-cart,cartservice,0,0,0,0,0,0,0
2026-10-04T14:03:00Z,redis-cart,checkoutservice,0,0,0,0,0,0,0
2026-10-04T14:03:00Z,redis-cart,currencyservice,0,0,0,0,0,0,0
2026-10-04T14:03:00Z,redis-cart,emailservice,0,0,0,0,0,0,0
2026-10-04T14:03:00Z,redis-cart,frontend,0,0,0,0,0,0,0
2026-10-04T14:03:00Z,redis-cart,kubernetes,0,0,0,0,0,0,0
2026-10-04T14:03:00Z,redis-cart,paymentservice,0,0,0,0,0,0,0
2026-10-04T14:03:00Z,redis-cart,productcatalogservice,0,0,0,0,0,0,0
2026-10-04T14:03:00Z,redis-cart,recommendationservice,0,0,0,0,0,0,0
2026-10-04T14:03:00Z,redis-cart,redis-cart,0,0,0,0,0,0,0
2026-10-04T14:03:00Z,redis-cart,shippingservice,0,0,0,0,0,0,0
2026-10-04T14:03:00Z,shippingservice,adservice,0,0,0,0,0,0,0
2026-10-04T14:03:00Z,shippingservice,cartservice,0,0,0,0,0,0,0
2026-10-04T14:03:00Z,shippingservice,checkoutservice,0,0,0,0,0,0,0
2026-10-04T14:03:00Z,shippingservice,currencyservice,0,0,0,0,0,0,0
2026-10-04T14:03:00Z,shippingservice,emailservice,0,0,0,0,0,0,0
2026-10-04T14:03:00Z,shippingservice,frontend,0,0,0,0,0,0,0
2026-10-04T14:03:00Z,shippingservice,kubernetes,0,0,0,0,0,0,0
2026-10-04T14:03:00Z,shippingservice,paymentservice,0,0,0,0,0,0,0
2026-10-04T14:03:00Z,shippingservice,productcatalogservice,0,0,0,0,0,0,0
2026-10-04T14:03:00Z,shippingservice,recommendationservice,0,0,0,0,0,0,0
2026-10-04T14:03:00Z,shippingservice,redis-cart,0,0,0,0,0,0,0
2026-10-04T14:03:00Z,shippingservice,shippingservice,0,0,0,0,0,0,0
2026-10-04T14:03:01Z,adservice,adservice,0,0,0,0,0,0,0
2026-10-04T14:03:01Z,adservice,cartservice,0,0,0,0,0,0,0
2026-10-04T14:03:01Z,adservice,checkoutservice,0,0,0,0,0,0,0
2026-10-04T14:03:01Z,adservice,currencyservice,0,0,0,0,0,0,0
2026-10-04T14:03:01Z,adservice,emailservice,0,0,0,0,0,0,0
2026-10-04T14:03:01Z,adservice,frontend,0,0,0,0,0,0,0
2026-10-04T14:03:01Z,adservice,kubernetes,0,0,0,0,0,0,0
2026-10-04T14:03:01Z,adservice,paymentservice,0,0,0,0,0,0,0
2026-10-04T14:03:01Z,adservice,productcatalogservice,0,0,0,0,0,0,0
2026-10-04T14:03:01Z,adservice,recommendationservice,0,0,0,0,0,0,0
2026-10-04T14:03:01Z,adservice,redis-cart,0,0,0,0,0,0,0
2026-10-04T14:03:01Z,adservice,shippingservice,0,0,0,0,0,0,0
2026-10-04T14:03:01Z,cartservice,adservice,0,0,0,0,0,0,0
2026-10-04T14:03:01Z,cartservice,cartservice,0,0,0,0,0,0,0
2026-10-04T14:03:01Z,cartservice,checkoutservice,0,0,0,0,0,0,0
2026-10-04T14:03:01Z,cartservice,currencyservice,0,0,0,0,0,0,0
2026-10-04T14:03:01Z,cartservice,emailservice,0,0,0,0,0,0,0
2026-10-04T14:03:01Z,cartservice,frontend,0,0,0,0,0,0,0
2026-10-04T14:03:01Z,cartservice,kubernetes,0,0,0,0,0,0,0
2026-10-04T14:03:01Z,cartservice,paymentservice,0,0,0,0,0,0,0
2026-10-04T14:03:01Z,cartservice,productcatalogservice,0,0,0,0,0,0,0
2026-10-04T14:03:01Z,cartservice,recommendationservice,0,0,0,0,0,0,0
2026-10-04T14:03:01Z,cartservice,redis-cart,2,0,0,0,0,0,0
2026-10-04T14:03:01Z,cartservice,shippingservice,0,0,0,0,0,0,0
2026-10-04T14:03:01Z,checkoutservice,adservice,0,0,0,0,0,0,0
2026-10-04T14:03:01Z,checkoutservice,cartservice,0,0,0,0,0,0,0
2026-10-04T14:03:01Z,checkoutservice,checkoutservice,0,0,0,0,0,0,0
2026-10-04T14:03:01Z,checkoutservice,currencyservice,0,0,0,0,0,0,0
2026-10-04T14:03:01Z,checkoutservice,emailservice,0,0,0,0,0,0,0
2026-10-04T14:03:01Z,checkoutservice,frontend,0,0,0,0,0,0,0
2026-10-04T14:03:01Z,checkoutservice,kubernetes,0,0,0,0,0,0,0
2026-10-04T14:03:01Z,checkoutservice,paymentservice,0,0,0,0,0,0,0
2026-10-04T14:03:01Z,checkoutservice,productcatalogservice,0,0,0,0,0,0,0
2026-10-04T14:03:01Z,checkoutservice,recommendationservice,0,0,0,0,0,0,0
2026-10-04T14:03:01Z,checkoutservice,redis-cart,0,0,0,0,0,0,0
2026-10-04T14:03:01Z,checkoutservice,shippingservice,0,0,0,0,0,0,0
2026-10-04T14:03:01Z,currencyservice,adservice,0,0,0,0,0,0,0
2026-10-04T14:03:01Z,currencyservice,cartservice,0,0,0,0,0,0,0
2026-10-04T14:03:01Z,currencyservice,checkoutservice,0,0,0,0,0,0,0
2026-10-04T14:03:01Z,currencyservice,currencyservice,0,0,0,0,0,0,0
2026-10-04T14:03:01Z,currencyservice,emailservice,0,0,0,0,0,0,0
2026-10-04T14:03:01Z,currencyservice,frontend,0,0,0,0,0,0,0
2026-10-04T14:03:01Z,currencyservice,kubernetes,0,0,0,0,0,0,0
2026-10-04T14:03:01Z,currencyservice,paymentservice,0,0,0,0,0,0,0
2026-10-04T14:03:01Z,currencyservice,productcatalogservice,0,0,0,0,0,0,0
2026-10-04T14:03:01Z,currencyservice,recommendationservice,0,0,0,0,0,0,0
2026-10-04T14:03:01Z,currencyservice,redis-cart,0,0,0,0,0,0,0
2026-10-04T14:03:01Z,currencyservice,shippingservice,0,0,0,0,0,0,0
2026-10-04T14:03:01Z,emailservice,adservice,0,0,0,0,0,0,0
2026-10-04T14:03:01Z,emailservice,cartservice,0,0,0,0,0,0,0
2026-10-04T14:03:01Z,emailservice,checkoutservice,0,0,0,0,0,0,0
2026-10-04T14:03:01Z,emailservice,currencyservice,0,0,0,0,0,0,0
2026-10-04T14:03:01Z,emailservice,emailservice,0,0,0,0,0,0,0
2026-10-04T14:03:01Z,emailservice,frontend,0,0,0,0,0,0,0
2026-10-04T14:03:01Z,emailservice,kubernetes,0,0,0,0,0,0,0
2026-10-04T14:03:01Z,emailservice,paymentservice,0,0,0,0,0,0,0
2026-10-04T14:03:01Z,emailservice,productcatalogservice,0,0,0,0,0,0,0
2026-10-04T14:03:01Z,emailservice,recommendationservice,0,0,0,0,0,0,0
2026-10-04T14:03:01Z,emailservice,redis-cart,0,0,0,0,0,0,0
2026-10-04T14:03:01Z,emailservice,shippingservice,0,0,0,0,0,0,0
2026-10-04T14:03:01Z,frontend,adservice,773781,773779,0,0,0,2334061,773779
2026-10-04T14:03:01Z,frontend,cartservice,1730573,1730561,0,0,4,9624535,1730561
2026-10-04T14:03:01Z,frontend,checkoutservice,354811,173691,0,34332,146696,55608828,173690
2026-10-04T14:03:01Z,frontend,currencyservice,2749584,2749577,0,0,0,14589993,2749577
2026-10-04T14:03:01Z,frontend,emailservice,0,0,0,0,0,0,0
2026-10-04T14:03:01Z,frontend,frontend,0,0,0,0,0,0,0
2026-10-04T14:03:01Z,frontend,kubernetes,0,0,0,0,0,0,0
2026-10-04T14:03:01Z,frontend,paymentservice,0,0,0,0,0,0,0
2026-10-04T14:03:01Z,frontend,productcatalogservice,7676840,7676779,0,0,0,52315430,7676779
2026-10-04T14:03:01Z,frontend,recommendationservice,2523996,1524786,0,104145,892890,769956520,1524786
2026-10-04T14:03:01Z,frontend,redis-cart,0,0,0,0,0,0,0
2026-10-04T14:03:01Z,frontend,shippingservice,283787,283785,0,0,0,858241,283785
2026-10-04T14:03:01Z,paymentservice,adservice,0,0,0,0,0,0,0
2026-10-04T14:03:01Z,paymentservice,cartservice,0,0,0,0,0,0,0
2026-10-04T14:03:01Z,paymentservice,checkoutservice,0,0,0,0,0,0,0
2026-10-04T14:03:01Z,paymentservice,currencyservice,0,0,0,0,0,0,0
2026-10-04T14:03:01Z,paymentservice,emailservice,0,0,0,0,0,0,0
2026-10-04T14:03:01Z,paymentservice,frontend,0,0,0,0,0,0,0
2026-10-04T14:03:01Z,paymentservice,kubernetes,0,0,0,0,0,0,0
2026-10-04T14:03:01Z,paymentservice,paymentservice,0,0,0,0,0,0,0
2026-10-04T14:03:01Z,paymentservice,productcatalogservice,0,0,0,0,0,0,0
2026-10-04T14:03:01Z,paymentservice,recommendationservice,0,0,0,0,0,0,0
2026-10-04T14:03:01Z,paymentservice,redis-cart,0,0,0,0,0,0,0
2026-10-04T14:03:01Z,paymentservice,shippingservice,0,0,0,0,0,0,0
2026-10-04T14:03:01Z,productcatalogservice,adservice,0,0,0,0,0,0,0
2026-10-04T14:03:01Z,productcatalogservice,cartservice,0,0,0,0,0,0,0
2026-10-04T14:03:01Z,productcatalogservice,checkoutservice,0,0,0,0,0,0,0
2026-10-04T14:03:01Z,productcatalogservice,currencyservice,0,0,0,0,0,0,0
2026-10-04T14:03:01Z,productcatalogservice,emailservice,0,0,0,0,0,0,0
2026-10-04T14:03:01Z,productcatalogservice,frontend,0,0,0,0,0,0,0
2026-10-04T14:03:01Z,productcatalogservice,kubernetes,0,0,0,0,0,0,0
2026-10-04T14:03:01Z,productcatalogservice,paymentservice,0,0,0,0,0,0,0
2026-10-04T14:03:01Z,productcatalogservice,productcatalogservice,0,0,0,0,0,0,0
2026-10-04T14:03:01Z,productcatalogservice,recommendationservice,0,0,0,0,0,0,0
2026-10-04T14:03:01Z,productcatalogservice,redis-cart,0,0,0,0,0,0,0
2026-10-04T14:03:01Z,productcatalogservice,shippingservice,0,0,0,0,0,0,0
2026-10-04T14:03:01Z,recommendationservice,adservice,0,0,0,0,0,0,0
2026-10-04T14:03:01Z,recommendationservice,cartservice,0,0,0,0,0,0,0
2026-10-04T14:03:01Z,recommendationservice,checkoutservice,0,0,0,0,0,0,0
2026-10-04T14:03:01Z,recommendationservice,currencyservice,0,0,0,0,0,0,0
2026-10-04T14:03:01Z,recommendationservice,emailservice,0,0,0,0,0,0,0
2026-10-04T14:03:01Z,recommendationservice,frontend,0,0,0,0,0,0,0
2026-10-04T14:03:01Z,recommendationservice,kubernetes,0,0,0,0,0,0,0
2026-10-04T14:03:01Z,recommendationservice,paymentservice,0,0,0,0,0,0,0
2026-10-04T14:03:01Z,recommendationservice,productcatalogservice,0,0,0,0,0,0,0
2026-10-04T14:03:01Z,recommendationservice,recommendationservice,0,0,0,0,0,0,0
2026-10-04T14:03:01Z,recommendationservice,redis-cart,0,0,0,0,0,0,0
2026-10-04T14:03:01Z,recommendationservice,shippingservice,0,0,0,0,0,0,0
2026-10-04T14:03:01Z,redis-cart,adservice,0,0,0,0,0,0,0
2026-10-04T14:03:01Z,redis-cart,cartservice,0,0,0,0,0,0,0
2026-10-04T14:03:01Z,redis-cart,checkoutservice,0,0,0,0,0,0,0
2026-10-04T14:03:01Z,redis-cart,currencyservice,0,0,0,0,0,0,0
2026-10-04T14:03:01Z,redis-cart,emailservice,0,0,0,0,0,0,0
2026-10-04T14:03:01Z,redis-cart,frontend,0,0,0,0,0,0,0
2026-10-04T14:03:01Z,redis-cart,kubernetes,0,0,0,0,0,0,0
2026-10-04T14:03:01Z,redis-cart,paymentservice,0,0,0,0,0,0,0
2026-10-04T14:03:01Z,redis-cart,productcatalogservice,0,0,0,0,0,0,0
2026-10-04T14:03:01Z,redis-cart,recommendationservice,0,0,0,0,0,0,0
2026-10-04T14:03:01Z,redis-cart,redis-cart,0,0,0,0,0,0,0
2026-10-04T14:03:01Z,redis-cart,shippingservice,0,0,0,0,0,0,0
2026-10-04T14:03:01Z,shippingservice,adservice,0,0,0,0,0,0,0
2026-10-04T14:03:01Z,shippingservice,cartservice,0,0,0,0,0,0,0
2026-10-04T14:03:01Z,shippingservice,checkoutservice,0,0,0,0,0,0,0
2026-10-04T14:03:01Z,shippingservice,currencyservice,0,0,0,0,0,0,0
2026-10-04T14:03:01Z,shippingservice,emailservice,0,0,0,0,0,0,0
2026-10-04T14:03:01Z,shippingservice,frontend,0,0,0,0,0,0,0
2026-10-04T14:03:01Z,shippingservice,kubernetes,0,0,0,0,0,0,0
2026-10-04T14:03:01Z,shippingservice,paymentservice,0,0,0,0,0,0,0
2026-10-04T14:03:01Z,shippingservice,productcatalogservice,0,0,0,0,0,0,0
2026-10-04T14:03:01Z,shippingservice,recommendationservice,0,0,0,0,0,0,0
2026-10-04T14:03:01Z,shippingservice,redis-cart,0,0,0,0,0,0,0
2026-10-04T14:03:01Z,shippingservice,shippingservice,0,0,0,0,0,0,0
2026-10-04T14:03:02Z,adservice,adservice,0,0,0,0,0,0,0
2026-10-04T14:03:02Z,adservice,cartservice,0,0,0,0,0,0,0
2026-10-04T14:03:02Z,adservice,checkoutservice,0,0,0,0,0,0,0
2026-10-04T14:03:02Z,adservice,currencyservice,0,0,0,0,0,0,0
2026-10-04T14:03:02Z,adservice,emailservice,0,0,0,0,0,0,0
2026-10-04T14:03:02Z,adservice,frontend,0,0,0,0,0,0,0
2026-10-04T14:03:02Z,adservice,kubernetes,0,0,0,0,0,0,0
2026-10-04T14:03:02Z,adservice,paymentservice,0,0,0,0,0,0,0
2026-10-04T14:03:02Z,adservice,productcatalogservice,0,0,0,0,0,0,0
2026-10-04T14:03:02Z,adservice,recommendationservice,0,0,0,0,0,0,0
2026-10-04T14:03:02Z,adservice,redis-cart,0,0,0,0,0,0,0
2026-10-04T14:03:02Z,adservice,shippingservice,0,0,0,0,0,0,0
2026-10-04T14:03:02Z,cartservice,adservice,0,0,0,0,0,0,0
2026-10-04T14:03:02Z,cartservice,cartservice,0,0,0,0,0,0,0
2026-10-04T14:03:02Z,cartservice,checkoutservice,0,0,0,0,0,0,0
2026-10-04T14:03:02Z,cartservice,currencyservice,0,0,0,0,0,0,0
2026-10-04T14:03:02Z,cartservice,emailservice,0,0,0,0,0,0,0
2026-10-04T14:03:02Z,cartservice,frontend,0,0,0,0,0,0,0
2026-10-04T14:03:02Z,cartservice,kubernetes,0,0,0,0,0,0,0
2026-10-04T14:03:02Z,cartservice,paymentservice,0,0,0,0,0,0,0
2026-10-04T14:03:02Z,cartservice,productcatalogservice,0,0,0,0,0,0,0
2026-10-04T14:03:02Z,cartservice,recommendationservice,0,0,0,0,0,0,0
2026-10-04T14:03:02Z,cartservice,redis-cart,2,0,0,0,0,0,0
2026-10-04T14:03:02Z,cartservice,shippingservice,0,0,0,0,0,0,0
2026-10-04T14:03:02Z,checkoutservice,adservice,0,0,0,0,0,0,0
2026-10-04T14:03:02Z,checkoutservice,cartservice,0,0,0,0,0,0,0
2026-10-04T14:03:02Z,checkoutservice,checkoutservice,0,0,0,0,0,0,0
2026-10-04T14:03:02Z,checkoutservice,currencyservice,0,0,0,0,0,0,0
2026-10-04T14:03:02Z,checkoutservice,emailservice,0,0,0,0,0,0,0
2026-10-04T14:03:02Z,checkoutservice,frontend,0,0,0,0,0,0,0
2026-10-04T14:03:02Z,checkoutservice,kubernetes,0,0,0,0,0,0,0
2026-10-04T14:03:02Z,checkoutservice,paymentservice,0,0,0,0,0,0,0
2026-10-04T14:03:02Z,checkoutservice,productcatalogservice,0,0,0,0,0,0,0
2026-10-04T14:03:02Z,checkoutservice,recommendationservice,0,0,0,0,0,0,0
2026-10-04T14:03:02Z,checkoutservice,redis-cart,0,0,0,0,0,0,0
2026-10-04T14:03:02Z,checkoutservice,shippingservice,0,0,0,0,0,0,0
2026-10-04T14:03:02Z,currencyservice,adservice,0,0,0,0,0,0,0
2026-10-04T14:03:02Z,currencyservice,cartservice,0,0,0,0,0,0,0
2026-10-04T14:03:02Z,currencyservice,checkoutservice,0,0,0,0,0,0,0
2026-10-04T14:03:02Z,currencyservice,currencyservice,0,0,0,0,0,0,0
2026-10-04T14:03:02Z,currencyservice,emailservice,0,0,0,0,0,0,0
2026-10-04T14:03:02Z,currencyservice,frontend,0,0,0,0,0,0,0
2026-10-04T14:03:02Z,currencyservice,kubernetes,0,0,0,0,0,0,0
2026-10-04T14:03:02Z,currencyservice,paymentservice,0,0,0,0,0,0,0
2026-10-04T14:03:02Z,currencyservice,productcatalogservice,0,0,0,0,0,0,0
2026-10-04T14:03:02Z,currencyservice,recommendationservice,0,0,0,0,0,0,0
2026-10-04T14:03:02Z,currencyservice,redis-cart,0,0,0,0,0,0,0
2026-10-04T14:03:02Z,currencyservice,shippingservice,0,0,0,0,0,0,0
2026-10-04T14:03:02Z,emailservice,adservice,0,0,0,0,0,0,0
2026-10-04T14:03:02Z,emailservice,cartservice,0,0,0,0,0,0,0
2026-10-04T14:03:02Z,emailservice,checkoutservice,0,0,0,0,0,0,0
2026-10-04T14:03:02Z,emailservice,currencyservice,0,0,0,0,0,0,0
2026-10-04T14:03:02Z,emailservice,emailservice,0,0,0,0,0,0,0
2026-10-04T14:03:02Z,emailservice,frontend,0,0,0,0,0,0,0
2026-10-04T14:03:02Z,emailservice,kubernetes,0,0,0,0,0,0,0
2026-10-04T14:03:02Z,emailservice,paymentservice,0,0,0,0,0,0,0
2026-10-04T14:03:02Z,emailservice,productcatalogservice,0,0,0,0,0,0,0
2026-10-04T14:03:02Z,emailservice,recommendationservice,0,0,0,0,0,0,0
2026-10-04T14:03:02Z,emailservice,redis-cart,0,0,0,0,0,0,0
2026-10-04T14:03:02Z,emailservice,shippingservice,0,0,0,0,0,0,0
2026-10-04T14:03:02Z,frontend,adservice,773781,773779,0,0,0,2334061,773779
2026-10-04T14:03:02Z,frontend,cartservice,1730573,1730561,0,0,4,9624535,1730561
2026-10-04T14:03:02Z,frontend,checkoutservice,354811,173691,0,34332,146696,55608828,173690
2026-10-04T14:03:02Z,frontend,currencyservice,2749584,2749577,0,0,0,14589993,2749577
2026-10-04T14:03:02Z,frontend,emailservice,0,0,0,0,0,0,0
2026-10-04T14:03:02Z,frontend,frontend,0,0,0,0,0,0,0
2026-10-04T14:03:02Z,frontend,kubernetes,0,0,0,0,0,0,0
2026-10-04T14:03:02Z,frontend,paymentservice,0,0,0,0,0,0,0
2026-10-04T14:03:02Z,frontend,productcatalogservice,7676840,7676779,0,0,0,52315430,7676779
2026-10-04T14:03:02Z,frontend,recommendationservice,2523996,1524786,0,104145,892890,769956520,1524786
2026-10-04T14:03:02Z,frontend,redis-cart,0,0,0,0,0,0,0
2026-10-04T14:03:02Z,frontend,shippingservice,283787,283785,0,0,0,858241,283785
2026-10-04T14:03:02Z,paymentservice,adservice,0,0,0,0,0,0,0
2026-10-04T14:03:02Z,paymentservice,cartservice,0,0,0,0,0,0,0
2026-10-04T14:03:02Z,paymentservice,checkoutservice,0,0,0,0,0,0,0
2026-10-04T14:03:02Z,paymentservice,currencyservice,0,0,0,0,0,0,0
2026-10-04T14:03:02Z,paymentservice,emailservice,0,0,0,0,0,0,0
2026-10-04T14:03:02Z,paymentservice,frontend,0,0,0,0,0,0,0
2026-10-04T14:03:02Z,paymentservice,kubernetes,0,0,0,0,0,0,0
2026-10-04T14:03:02Z,paymentservice,paymentservice,0,0,0,0,0,0,0
2026-10-04T14:03:02Z,paymentservice,productcatalogservice,0,0,0,0,0,0,0
2026-10-04T14:03:02Z,paymentservice,recommendationservice,0,0,0,0,0,0,0
2026-10-04T14:03:02Z,paymentservice,redis-cart,0,0,0,0,0,0,0
2026-10-04T14:03:02Z,paymentservice,shippingservice,0,0,0,0,0,0,0
2026-10-04T14:03:02Z,productcatalogservice,adservice,0,0,0,0,0,0,0
2026-10-04T14:03:02Z,productcatalogservice,cartservice,0,0,0,0,0,0,0
2026-10-04T14:03:02Z,productcatalogservice,checkoutservice,0,0,0,0,0,0,0
2026-10-04T14:03:02Z,productcatalogservice,currencyservice,0,0,0,0,0,0,0
2026-10-04T14:03:02Z,productcatalogservice,emailservice,0,0,0,0,0,0,0
2026-10-04T14:03:02Z,productcatalogservice,frontend,0,0,0,0,0,0,0
2026-10-04T14:03:02Z,productcatalogservice,kubernetes,0,0,0,0,0,0,0
2026-10-04T14:03:02Z,productcatalogservice,paymentservice,0,0,0,0,0,0,0
2026-10-04T14:03:02Z,productcatalogservice,productcatalogservice,0,0,0,0,0,0,0
2026-10-04T14:03:02Z,productcatalogservice,recommendationservice,0,0,0,0,0,0,0
2026-10-04T14:03:02Z,productcatalogservice,redis-cart,0,0,0,0,0,0,0
2026-10-04T14:03:02Z,productcatalogservice,shippingservice,0,0,0,0,0,0,0
2026-10-04T14:03:02Z,recommendationservice,adservice,0,0,0,0,0,0,0
2026-10-04T14:03:02Z,recommendationservice,cartservice,0,0,0,0,0,0,0
2026-10-04T14:03:02Z,recommendationservice,checkoutservice,0,0,0,0,0,0,0
2026-10-04T14:03:02Z,recommendationservice,currencyservice,0,0,0,0,0,0,0
2026-10-04T14:03:02Z,recommendationservice,emailservice,0,0,0,0,0,0,0
2026-10-04T14:03:02Z,recommendationservice,frontend,0,0,0,0,0,0,0
2026-10-04T14:03:02Z,recommendationservice,kubernetes,0,0,0,0,0,0,0
2026-10-04T14:03:02Z,recommendationservice,paymentservice,0,0,0,0,0,0,0
2026-10-04T14:03:02Z,recommendationservice,productcatalogservice,0,0,0,0,0,0,0
2026-10-04T14:03:02Z,recommendationservice,recommendationservice,0,0,0,0,0,0,0
2026-10-04T14:03:02Z,recommendationservice,redis-cart,0,0,0,0,0,0,0
2026-10-04T14:03:02Z,recommendationservice,shippingservice,0,0,0,0,0,0,0
2026-10-04T14:03:02Z,redis-cart,adservice,0,0,0,0,0,0,0
2026-10-04T14:03:02Z,redis-cart,cartservice,0,0,0,0,0,0,0
2026-10-04T14:03:02Z,redis-cart,checkoutservice,0,0,0,0,0,0,0
2026-10-04T14:03:02Z,redis-cart,currencyservice,0,0,0,0,0,0,0
2026-10-04T14:03:02Z,redis-cart,emailservice,0,0,0,0,0,0,0
2026-10-04T14:03:02Z,redis-cart,frontend,0,0,0,0,0,0,0
2026-10-04T14:03:02Z,redis-cart,kubernetes,0,0,0,0,0,0,0
2026-10-04T14:03:02Z,redis-cart,paymentservice,0,0,0,0,0,0,0
2026-10-04T14:03:02Z,redis-cart,productcatalogservice,0,0,0,0,0,0,0
2026-10-04T14:03:02Z,redis-cart,recommendationservice,0,0,0,0,0,0,0
2026-10-04T14:03:02Z,redis-cart,redis-cart,0,0,0,0,0,0,0
2026-10-04T14:03:02Z,redis-cart,shippingservice,0,0,0,0,0,0,0
2026-10-04T14:03:02Z,shippingservice,adservice,0,0,0,0,0,0,0
2026-10-04T14:03:02Z,shippingservice,cartservice,0,0,0,0,0,0,0
2026-10-04T14:03:02Z,shippingservice,checkoutservice,0,0,0,0,0,0,0
2026-10-04T14:03:02Z,shippingservice,currencyservice,0,0,0,0,0,0,0
2026-10-04T14:03:02Z,shippingservice,emailservice,0,0,0,0,0,0,0
2026-10-04T14:03:02Z,shippingservice,frontend,0,0,0,0,0,0,0
2026-10-04T14:03:02Z,shippingservice,kubernetes,0,0,0,0,0,0,0
2026-10-04T14:03:02Z,shippingservice,paymentservice,0,0,0,0,0,0,0
2026-10-04T14:03:02Z,shippingservice,productcatalogservice,0,0,0,0,0,0,0
2026-10-04T14:03:02Z,shippingservice,recommendationservice,0,0,0,0,0,0,0
2026-10-04T14:03:02Z,shippingservice,redis-cart,0,0,0,0,0,0,0
2026-10-04T14:03:02Z,shippingservice,shippingservice,0,0,0,0,0,0,0
2026-10-04T14:03:03Z,adservice,adservice,0,0,0,0,0,0,0
2026-10-04T14:03:03Z,adservice,cartservice,0,0,0,0,0,0,0
2026-10-04T14:03:03Z,adservice,checkoutservice,0,0,0,0,0,0,0
2026-10-04T14:03:03Z,adservice,currencyservice,0,0,0,0,0,0,0
2026-10-04T14:03:03Z,adservice,emailservice,0,0,0,0,0,0,0
2026-10-04T14:03:03Z,adservice,frontend,0,0,0,0,0,0,0
2026-10-04T14:03:03Z,adservice,kubernetes,0,0,0,0,0,0,0
2026-10-04T14:03:03Z,adservice,paymentservice,0,0,0,0,0,0,0
2026-10-04T14:03:03Z,adservice,productcatalogservice,0,0,0,0,0,0,0
2026-10-04T14:03:03Z,adservice,recommendationservice,0,0,0,0,0,0,0
2026-10-04T14:03:03Z,adservice,redis-cart,0,0,0,0,0,0,0
2026-10-04T14:03:03Z,adservice,shippingservice,0,0,0,0,0,0,0
2026-10-04T14:03:03Z,cartservice,adservice,0,0,0,0,0,0,0
2026-10-04T14:03:03Z,cartservice,cartservice,0,0,0,0,0,0,0
2026-10-04T14:03:03Z,cartservice,checkoutservice,0,0,0,0,0,0,0
2026-10-04T14:03:03Z,cartservice,currencyservice,0,0,0,0,0,0,0
2026-10-04T14:03:03Z,cartservice,emailservice,0,0,0,0,0,0,0
2026-10-04T14:03:03Z,cartservice,frontend,0,0,0,0,0,0,0
2026-10-04T14:03:03Z,cartservice,kubernetes,0,0,0,0,0,0,0
2026-10-04T14:03:03Z,cartservice,paymentservice,0,0,0,0,0,0,0
2026-10-04T14:03:03Z,cartservice,productcatalogservice,0,0,0,0,0,0,0
2026-10-04T14:03:03Z,cartservice,recommendationservice,0,0,0,0,0,0,0
2026-10-04T14:03:03Z,cartservice,redis-cart,2,0,0,0,0,0,0
2026-10-04T14:03:03Z,cartservice,shippingservice,0,0,0,0,0,0,0
2026-10-04T14:03:03Z,checkoutservice,adservice,0,0,0,0,0,0,0
2026-10-04T14:03:03Z,checkoutservice,cartservice,0,0,0,0,0,0,0
2026-10-04T14:03:03Z,checkoutservice,checkoutservice,0,0,0,0,0,0,0
2026-10-04T14:03:03Z,checkoutservice,currencyservice,0,0,0,0,0,0,0
2026-10-04T14:03:03Z,checkoutservice,emailservice,0,0,0,0,0,0,0
2026-10-04T14:03:03Z,checkoutservice,frontend,0,0,0,0,0,0,0
2026-10-04T14:03:03Z,checkoutservice,kubernetes,0,0,0,0,0,0,0
2026-10-04T14:03:03Z,checkoutservice,paymentservice,0,0,0,0,0,0,0
2026-10-04T14:03:03Z,checkoutservice,productcatalogservice,0,0,0,0,0,0,0
2026-10-04T14:03:03Z,checkoutservice,recommendationservice,0,0,0,0,0,0,0
2026-10-04T14:03:03Z,checkoutservice,redis-cart,0,0,0,0,0,0,0
2026-10-04T14:03:03Z,checkoutservice,shippingservice,0,0,0,0,0,0,0
2026-10-04T14:03:03Z,currencyservice,adservice,0,0,0,0,0,0,0
2026-10-04T14:03:03Z,currencyservice,cartservice,0,0,0,0,0,0,0
2026-10-04T14:03:03Z,currencyservice,checkoutservice,0,0,0,0,0,0,0
2026-10-04T14:03:03Z,currencyservice,currencyservice,0,0,0,0,0,0,0
2026-10-04T14:03:03Z,currencyservice,emailservice,0,0,0,0,0,0,0
2026-10-04T14:03:03Z,currencyservice,frontend,0,0,0,0,0,0,0
2026-10-04T14:03:03Z,currencyservice,kubernetes,0,0,0,0,0,0,0
2026-10-04T14:03:03Z,currencyservice,paymentservice,0,0,0,0,0,0,0
2026-10-04T14:03:03Z,currencyservice,productcatalogservice,0,0,0,0,0,0,0
2026-10-04T14:03:03Z,currencyservice,recommendationservice,0,0,0,0,0,0,0
2026-10-04T14:03:03Z,currencyservice,redis-cart,0,0,0,0,0,0,0
2026-10-04T14:03:03Z,currencyservice,shippingservice,0,0,0,0,0,0,0
2026-10-04T14:03:03Z,emailservice,adservice,0,0,0,0,0,0,0
2026-10-04T14:03:03Z,emailservice,cartservice,0,0,0,0,0,0,0
2026-10-04T14:03:03Z,emailservice,checkoutservice,0,0,0,0,0,0,0
2026-10-04T14:03:03Z,emailservice,currencyservice,0,0,0,0,0,0,0
2026-10-04T14:03:03Z,emailservice,emailservice,0,0,0,0,0,0,0
2026-10-04T14:03:03Z,emailservice,frontend,0,0,0,0,0,0,0
2026-10-04T14:03:03Z,emailservice,kubernetes,0,0,0,0,0,0,0
2026-10-04T14:03:03Z,emailservice,paymentservice,0,0,0,0,0,0,0
2026-10-04T14:03:03Z,emailservice,productcatalogservice,0,0,0,0,0,0,0
2026-10-04T14:03:03Z,emailservice,recommendationservice,0,0,0,0,0,0,0
2026-10-04T14:03:03Z,emailservice,redis-cart,0,0,0,0,0,0,0
2026-10-04T14:03:03Z,emailservice,shippingservice,0,0,0,0,0,0,0
2026-10-04T14:03:03Z,frontend,adservice,773781,773779,0,0,0,2334061,773779
2026-10-04T14:03:03Z,frontend,cartservice,1730573,1730561,0,0,4,9624535,1730561
2026-10-04T14:03:03Z,frontend,checkoutservice,354811,173691,0,34332,146696,55608828,173690
2026-10-04T14:03:03Z,frontend,currencyservice,2749584,2749577,0,0,0,14589993,2749577
2026-10-04T14:03:03Z,frontend,emailservice,0,0,0,0,0,0,0
2026-10-04T14:03:03Z,frontend,frontend,0,0,0,0,0,0,0
2026-10-04T14:03:03Z,frontend,kubernetes,0,0,0,0,0,0,0
2026-10-04T14:03:03Z,frontend,paymentservice,0,0,0,0,0,0,0
2026-10-04T14:03:03Z,frontend,productcatalogservice,7676840,7676779,0,0,0,52315430,7676779
2026-10-04T14:03:03Z,frontend,recommendationservice,2523996,1524786,0,104145,892890,769956520,1524786
2026-10-04T14:03:03Z,frontend,redis-cart,0,0,0,0,0,0,0
2026-10-04T14:03:03Z,frontend,shippingservice,283787,283785,0,0,0,858241,283785
2026-10-04T14:03:03Z,paymentservice,adservice,0,0,0,0,0,0,0
2026-10-04T14:03:03Z,paymentservice,cartservice,0,0,0,0,0,0,0
2026-10-04T14:03:03Z,paymentservice,checkoutservice,0,0,0,0,0,0,0
2026-10-04T14:03:03Z,paymentservice,currencyservice,0,0,0,0,0,0,0
2026-10-04T14:03:03Z,paymentservice,emailservice,0,0,0,0,0,0,0
2026-10-04T14:03:03Z,paymentservice,frontend,0,0,0,0,0,0,0
2026-10-04T14:03:03Z,paymentservice,kubernetes,0,0,0,0,0,0,0
2026-10-04T14:03:03Z,paymentservice,paymentservice,0,0,0,0,0,0,0
2026-10-04T14:03:03Z,paymentservice,productcatalogservice,0,0,0,0,0,0,0
2026-10-04T14:03:03Z,paymentservice,recommendationservice,0,0,0,0,0,0,0
2026-10-04T14:03:03Z,paymentservice,redis-cart,0,0,0,0,0,0,0
2026-10-04T14:03:03Z,paymentservice,shippingservice,0,0,0,0,0,0,0
2026-10-04T14:03:03Z,productcatalogservice,adservice,0,0,0,0,0,0,0
2026-10-04T14:03:03Z,productcatalogservice,cartservice,0,0,0,0,0,0,0
2026-10-04T14:03:03Z,productcatalogservice,checkoutservice,0,0,0,0,0,0,0
2026-10-04T14:03:03Z,productcatalogservice,currencyservice,0,0,0,0,0,0,0
2026-10-04T14:03:03Z,productcatalogservice,emailservice,0,0,0,0,0,0,0
2026-10-04T14:03:03Z,productcatalogservice,frontend,0,0,0,0,0,0,0
2026-10-04T14:03:03Z,productcatalogservice,kubernetes,0,0,0,0,0,0,0
2026-10-04T14:03:03Z,productcatalogservice,paymentservice,0,0,0,0,0,0,0
2026-10-04T14:03:03Z,productcatalogservice,productcatalogservice,0,0,0,0,0,0,0
2026-10-04T14:03:03Z,productcatalogservice,recommendationservice,0,0,0,0,0,0,0
2026-10-04T14:03:03Z,productcatalogservice,redis-cart,0,0,0,0,0,0,0
2026-10-04T14:03:03Z,productcatalogservice,shippingservice,0,0,0,0,0,0,0
2026-10-04T14:03:03Z,recommendationservice,adservice,0,0,0,0,0,0,0
2026-10-04T14:03:03Z,recommendationservice,cartservice,0,0,0,0,0,0,0
2026-10-04T14:03:03Z,recommendationservice,checkoutservice,0,0,0,0,0,0,0
2026-10-04T14:03:03Z,recommendationservice,currencyservice,0,0,0,0,0,0,0
2026-10-04T14:03:03Z,recommendationservice,emailservice,0,0,0,0,0,0,0
2026-10-04T14:03:03Z,recommendationservice,frontend,0,0,0,0,0,0,0
2026-10-04T14:03:03Z,recommendationservice,kubernetes,0,0,0,0,0,0,0
2026-10-04T14:03:03Z,recommendationservice,paymentservice,0,0,0,0,0,0,0
2026-10-04T14:03:03Z,recommendationservice,productcatalogservice,0,0,0,0,0,0,0
2026-10-04T14:03:03Z,recommendationservice,recommendationservice,0,0,0,0,0,0,0
2026-10-04T14:03:03Z,recommendationservice,redis-cart,0,0,0,0,0,0,0
2026-10-04T14:03:03Z,recommendationservice,shippingservice,0,0,0,0,0,0,0
2026-10-04T14:03:03Z,redis-cart,adservice,0,0,0,0,0,0,0
2026-10-04T14:03:03Z,redis-cart,cartservice,0,0,0,0,0,0,0
2026-10-04T14:03:03Z,redis-cart,checkoutservice,0,0,0,0,0,0,0
2026-10-04T14:03:03Z,redis-cart,currencyservice,0,0,0,0,0,0,0
2026-10-04T14:03:03Z,redis-cart,emailservice,0,0,0,0,0,0,0
2026-10-04T14:03:03Z,redis-cart,frontend,0,0,0,0,0,0,0
2026-10-04T14:03:03Z,redis-cart,kubernetes,0,0,0,0,0,0,0
2026-10-04T14:03:03Z,redis-cart,paymentservice,0,0,0,0,0,0,0
2026-10-04T14:03:03Z,redis-cart,productcatalogservice,0,0,0,0,0,0,0
2026-10-04T14:03:03Z,redis-cart,recommendationservice,0,0,0,0,0,0,0
2026-10-04T14:03:03Z,redis-cart,redis-cart,0,0,0,0,0,0,0
2026-10-04T14:03:03Z,redis-cart,shippingservice,0,0,0,0,0,0,0
2026-10-04T14:03:03Z,shippingservice,adservice,0,0,0,0,0,0,0
2026-10-04T14:03:03Z,shippingservice,cartservice,0,0,0,0,0,0,0
2026-10-04T14:03:03Z,shippingservice,checkoutservice,0,0,0,0,0,0,0
2026-10-04T14:03:03Z,shippingservice,currencyservice,0,0,0,0,0,0,0
2026-10-04T14:03:03Z,shippingservice,emailservice,0,0,0,0,0,0,0
2026-10-04T14:03:03Z,shippingservice,frontend,0,0,0,0,0,0,0
2026-10-04T14:03:03Z,shippingservice,kubernetes,0,0,0,0,0,0,0
2026-10-04T14:03:03Z,shippingservice,paymentservice,0,0,0,0,0,0,0
2026-10-04T14:03:03Z,shippingservice,productcatalogservice,0,0,0,0,0,0,0
2026-10-04T14:03:03Z,shippingservice,recommendationservice,0,0,0,0,0,0,0
2026-10-04T14:03:03Z,shippingservice,redis-cart,0,0,0,0,0,0,0
2026-10-04T14:03:03Z,shippingservice,shippingservice,0,0,0,0,0,0,0
2026-10-04T14:03:04Z,adservice,adservice,0,0,0,0,0,0,0
2026-10-04T14:03:04Z,adservice,cartservice,0,0,0,0,0,0,0
2026-10-04T14:03:04Z,adservice,checkoutservice,0,0,0,0,0,0,0
2026-10-04T14:03:04Z,adservice,currencyservice,0,0,0,0,0,0,0
2026-10-04T14:03:04Z,adservice,emailservice,0,0,0,0,0,0,0
2026-10-04T14:03:04Z,adservice,frontend,0,0,0,0,0,0,0
2026-10-04T14:03:04Z,adservice,kubernetes,0,0,0,0,0,0,0
2026-10-04T14:03:04Z,adservice,paymentservice,0,0,0,0,0,0,0
2026-10-04T14:03:04Z,adservice,productcatalogservice,0,0,0,0,0,0,0
2026-10-04T14:03:04Z,adservice,recommendationservice,0,0,0,0,0,0,0
2026-10-04T14:03:04Z,adservice,redis-cart,0,0,0,0,0,0,0
2026-10-04T14:03:04Z,adservice,shippingservice,0,0,0,0,0,0,0
2026-10-04T14:03:04Z,cartservice,adservice,0,0,0,0,0,0,0
2026-10-04T14:03:04Z,cartservice,cartservice,0,0,0,0,0,0,0
2026-10-04T14:03:04Z,cartservice,checkoutservice,0,0,0,0,0,0,0
2026-10-04T14:03:04Z,cartservice,currencyservice,0,0,0,0,0,0,0
2026-10-04T14:03:04Z,cartservice,emailservice,0,0,0,0,0,0,0
2026-10-04T14:03:04Z,cartservice,frontend,0,0,0,0,0,0,0
2026-10-04T14:03:04Z,cartservice,kubernetes,0,0,0,0,0,0,0
2026-10-04T14:03:04Z,cartservice,paymentservice,0,0,0,0,0,0,0
2026-10-04T14:03:04Z,cartservice,productcatalogservice,0,0,0,0,0,0,0
2026-10-04T14:03:04Z,cartservice,recommendationservice,0,0,0,0,0,0,0
2026-10-04T14:03:04Z,cartservice,redis-cart,2,0,0,0,0,0,0
2026-10-04T14:03:04Z,cartservice,shippingservice,0,0,0,0,0,0,0
2026-10-04T14:03:04Z,checkoutservice,adservice,0,0,0,0,0,0,0
2026-10-04T14:03:04Z,checkoutservice,cartservice,0,0,0,0,0,0,0
2026-10-04T14:03:04Z,checkoutservice,checkoutservice,0,0,0,0,0,0,0
2026-10-04T14:03:04Z,checkoutservice,currencyservice,0,0,0,0,0,0,0
2026-10-04T14:03:04Z,checkoutservice,emailservice,0,0,0,0,0,0,0
2026-10-04T14:03:04Z,checkoutservice,frontend,0,0,0,0,0,0,0
2026-10-04T14:03:04Z,checkoutservice,kubernetes,0,0,0,0,0,0,0
2026-10-04T14:03:04Z,checkoutservice,paymentservice,0,0,0,0,0,0,0
2026-10-04T14:03:04Z,checkoutservice,productcatalogservice,0,0,0,0,0,0,0
2026-10-04T14:03:04Z,checkoutservice,recommendationservice,0,0,0,0,0,0,0
2026-10-04T14:03:04Z,checkoutservice,redis-cart,0,0,0,0,0,0,0
2026-10-04T14:03:04Z,checkoutservice,shippingservice,0,0,0,0,0,0,0
2026-10-04T14:03:04Z,currencyservice,adservice,0,0,0,0,0,0,0
2026-10-04T14:03:04Z,currencyservice,cartservice,0,0,0,0,0,0,0
2026-10-04T14:03:04Z,currencyservice,checkoutservice,0,0,0,0,0,0,0
2026-10-04T14:03:04Z,currencyservice,currencyservice,0,0,0,0,0,0,0
2026-10-04T14:03:04Z,currencyservice,emailservice,0,0,0,0,0,0,0
2026-10-04T14:03:04Z,currencyservice,frontend,0,0,0,0,0,0,0
2026-10-04T14:03:04Z,currencyservice,kubernetes,0,0,0,0,0,0,0
2026-10-04T14:03:04Z,currencyservice,paymentservice,0,0,0,0,0,0,0
2026-10-04T14:03:04Z,currencyservice,productcatalogservice,0,0,0,0,0,0,0
2026-10-04T14:03:04Z,currencyservice,recommendationservice,0,0,0,0,0,0,0
2026-10-04T14:03:04Z,currencyservice,redis-cart,0,0,0,0,0,0,0
2026-10-04T14:03:04Z,currencyservice,shippingservice,0,0,0,0,0,0,0
2026-10-04T14:03:04Z,emailservice,adservice,0,0,0,0,0,0,0
2026-10-04T14:03:04Z,emailservice,cartservice,0,0,0,0,0,0,0
2026-10-04T14:03:04Z,emailservice,checkoutservice,0,0,0,0,0,0,0
2026-10-04T14:03:04Z,emailservice,currencyservice,0,0,0,0,0,0,0
2026-10-04T14:03:04Z,emailservice,emailservice,0,0,0,0,0,0,0
2026-10-04T14:03:04Z,emailservice,frontend,0,0,0,0,0,0,0
2026-10-04T14:03:04Z,emailservice,kubernetes,0,0,0,0,0,0,0
2026-10-04T14:03:04Z,emailservice,paymentservice,0,0,0,0,0,0,0
2026-10-04T14:03:04Z,emailservice,productcatalogservice,0,0,0,0,0,0,0
2026-10-04T14:03:04Z,emailservice,recommendationservice,0,0,0,0,0,0,0
2026-10-04T14:03:04Z,emailservice,redis-cart,0,0,0,0,0,0,0
2026-10-04T14:03:04Z,emailservice,shippingservice,0,0,0,0,0,0,0
2026-10-04T14:03:04Z,frontend,adservice,773781,773779,0,0,0,2334061,773779
2026-10-04T14:03:04Z,frontend,cartservice,1730573,1730561,0,0,4,9624535,1730561
2026-10-04T14:03:04Z,frontend,checkoutservice,354811,173691,0,34332,146696,55608828,173690
2026-10-04T14:03:04Z,frontend,currencyservice,2749584,2749577,0,0,0,14589993,2749577
2026-10-04T14:03:04Z,frontend,emailservice,0,0,0,0,0,0,0
2026-10-04T14:03:04Z,frontend,frontend,0,0,0,0,0,0,0
2026-10-04T14:03:04Z,frontend,kubernetes,0,0,0,0,0,0,0
2026-10-04T14:03:04Z,frontend,paymentservice,0,0,0,0,0,0,0
2026-10-04T14:03:04Z,frontend,productcatalogservice,7676840,7676779,0,0,0,52315430,7676779
2026-10-04T14:03:04Z,frontend,recommendationservice,2523996,1524786,0,104145,892890,769956520,1524786
2026-10-04T14:03:04Z,frontend,redis-cart,0,0,0,0,0,0,0
2026-10-04T14:03:04Z,frontend,shippingservice,283787,283785,0,0,0,858241,283785
2026-10-04T14:03:04Z,paymentservice,adservice,0,0,0,0,0,0,0
2026-10-04T14:03:04Z,paymentservice,cartservice,0,0,0,0,0,0,0
2026-10-04T14:03:04Z,paymentservice,checkoutservice,0,0,0,0,0,0,0
2026-10-04T14:03:04Z,paymentservice,currencyservice,0,0,0,0,0,0,0
2026-10-04T14:03:04Z,paymentservice,emailservice,0,0,0,0,0,0,0
2026-10-04T14:03:04Z,paymentservice,frontend,0,0,0,0,0,0,0
2026-10-04T14:03:04Z,paymentservice,kubernetes,0,0,0,0,0,0,0
2026-10-04T14:03:04Z,paymentservice,paymentservice,0,0,0,0,0,0,0
2026-10-04T14:03:04Z,paymentservice,productcatalogservice,0,0,0,0,0,0,0
2026-10-04T14:03:04Z,paymentservice,recommendationservice,0,0,0,0,0,0,0
2026-10-04T14:03:04Z,paymentservice,redis-cart,0,0,0,0,0,0,0
2026-10-04T14:03:04Z,paymentservice,shippingservice,0,0,0,0,0,0,0
2026-10-04T14:03:04Z,productcatalogservice,adservice,0,0,0,0,0,0,0
2026-10-04T14:03:04Z,productcatalogservice,cartservice,0,0,0,0,0,0,0
2026-10-04T14:03:04Z,productcatalogservice,checkoutservice,0,0,0,0,0,0,0
2026-10-04T14:03:04Z,productcatalogservice,currencyservice,0,0,0,0,0,0,0
2026-10-04T14:03:04Z,productcatalogservice,emailservice,0,0,0,0,0,0,0
2026-10-04T14:03:04Z,productcatalogservice,frontend,0,0,0,0,0,0,0
2026-10-04T14:03:04Z,productcatalogservice,kubernetes,0,0,0,0,0,0,0
2026-10-04T14:03:04Z,productcatalogservice,paymentservice,0,0,0,0,0,0,0
2026-10-04T14:03:04Z,productcatalogservice,productcatalogservice,0,0,0,0,0,0,0
2026-10-04T14:03:04Z,productcatalogservice,recommendationservice,0,0,0,0,0,0,0
2026-10-04T14:03:04Z,productcatalogservice,redis-cart,0,0,0,0,0,0,0
2026-10-04T14:03:04Z,productcatalogservice,shippingservice,0,0,0,0,0,0,0
2026-10-04T14:03:04Z,recommendationservice,adservice,0,0,0,0,0,0,0
2026-10-04T14:03:04Z,recommendationservice,cartservice,0,0,0,0,0,0,0
2026-10-04T14:03:04Z,recommendationservice,checkoutservice,0,0,0,0,0,0,0
2026-10-04T14:03:04Z,recommendationservice,currencyservice,0,0,0,0,0,0,0
2026-10-04T14:03:04Z,recommendationservice,emailservice,0,0,0,0,0,0,0
2026-10-04T14:03:04Z,recommendationservice,frontend,0,0,0,0,0,0,0
2026-10-04T14:03:04Z,recommendationservice,kubernetes,0,0,0,0,0,0,0
2026-10-04T14:03:04Z,recommendationservice,paymentservice,0,0,0,0,0,0,0
2026-10-04T14:03:04Z,recommendationservice,productcatalogservice,0,0,0,0,0,0,0
2026-10-04T14:03:04Z,recommendationservice,recommendationservice,0,0,0,0,0,0,0
2026-10-04T14:03:04Z,recommendationservice,redis-cart,0,0,0,0,0,0,0
2026-10-04T14:03:04Z,recommendationservice,shippingservice,0,0,0,0,0,0,0
2026-10-04T14:03:04Z,redis-cart,adservice,0,0,0,0,0,0,0
2026-10-04T14:03:04Z,redis-cart,cartservice,0,0,0,0,0,0,0
2026-10-04T14:03:04Z,redis-cart,checkoutservice,0,0,0,0,0,0,0
2026-10-04T14:03:04Z,redis-cart,currencyservice,0,0,0,0,0,0,0
2026-10-04T14:03:04Z,redis-cart,emailservice,0,0,0,0,0,0,0
2026-10-04T14:03:04Z,redis-cart,frontend,0,0,0,0,0,0,0
2026-10-04T14:03:04Z,redis-cart,kubernetes,0,0,0,0,0,0,0
2026-10-04T14:03:04Z,redis-cart,paymentservice,0,0,0,0,0,0,0
2026-10-04T14:03:04Z,redis-cart,productcatalogservice,0,0,0,0,0,0,0
2026-10-04T14:03:04Z,redis-cart,recommendationservice,0,0,0,0,0,0,0
2026-10-04T14:03:04Z,redis-cart,redis-cart,0,0,0,0,0,0,0
2026-10-04T14:03:04Z,redis-cart,shippingservice,0,0,0,0,0,0,0
2026-10-04T14:03:04Z,shippingservice,adservice,0,0,0,0,0,0,0
2026-10-04T14:03:04Z,shippingservice,cartservice,0,0,0,0,0,0,0
2026-10-04T14:03:04Z,shippingservice,checkoutservice,0,0,0,0,0,0,0
2026-10-04T14:03:04Z,shippingservice,currencyservice,0,0,0,0,0,0,0
2026-10-04T14:03:04Z,shippingservice,emailservice,0,0,0,0,0,0,0
2026-10-04T14:03:04Z,shippingservice,frontend,0,0,0,0,0,0,0
2026-10-04T14:03:04Z,shippingservice,kubernetes,0,0,0,0,0,0,0
2026-10-04T14:03:04Z,shippingservice,paymentservice,0,0,0,0,0,0,0
2026-10-04T14:03:04Z,shippingservice,productcatalogservice,0,0,0,0,0,0,0
2026-10-04T14:03:04Z,shippingservice,recommendationservice,0,0,0,0,0,0,0
2026-10-04T14:03:04Z,shippingservice,redis-cart,0,0,0,0,0,0,0
2026-10-04T14:03:04Z,shippingservice,shippingservice,0,0,0,0,0,0,0
2026-10-04T14:03:05Z,adservice,adservice,0,0,0,0,0,0,0
2026-10-04T14:03:05Z,adservice,cartservice,0,0,0,0,0,0,0
2026-10-04T14:03:05Z,adservice,checkoutservice,0,0,0,0,0,0,0
2026-10-04T14:03:05Z,adservice,currencyservice,0,0,0,0,0,0,0
2026-10-04T14:03:05Z,adservice,emailservice,0,0,0,0,0,0,0
2026-10-04T14:03:05Z,adservice,frontend,0,0,0,0,0,0,0
2026-10-04T14:03:05Z,adservice,kubernetes,0,0,0,0,0,0,0
2026-10-04T14:03:05Z,adservice,paymentservice,0,0,0,0,0,0,0
2026-10-04T14:03:05Z,adservice,productcatalogservice,0,0,0,0,0,0,0
2026-10-04T14:03:05Z,adservice,recommendationservice,0,0,0,0,0,0,0
2026-10-04T14:03:05Z,adservice,redis-cart,0,0,0,0,0,0,0
2026-10-04T14:03:05Z,adservice,shippingservice,0,0,0,0,0,0,0
2026-10-04T14:03:05Z,cartservice,adservice,0,0,0,0,0,0,0
2026-10-04T14:03:05Z,cartservice,cartservice,0,0,0,0,0,0,0
2026-10-04T14:03:05Z,cartservice,checkoutservice,0,0,0,0,0,0,0
2026-10-04T14:03:05Z,cartservice,currencyservice,0,0,0,0,0,0,0
2026-10-04T14:03:05Z,cartservice,emailservice,0,0,0,0,0,0,0
2026-10-04T14:03:05Z,cartservice,frontend,0,0,0,0,0,0,0
2026-10-04T14:03:05Z,cartservice,kubernetes,0,0,0,0,0,0,0
2026-10-04T14:03:05Z,cartservice,paymentservice,0,0,0,0,0,0,0
2026-10-04T14:03:05Z,cartservice,productcatalogservice,0,0,0,0,0,0,0
2026-10-04T14:03:05Z,cartservice,recommendationservice,0,0,0,0,0,0,0
2026-10-04T14:03:05Z,cartservice,redis-cart,2,0,0,0,0,0,0
2026-10-04T14:03:05Z,cartservice,shippingservice,0,0,0,0,0,0,0
2026-10-04T14:03:05Z,checkoutservice,adservice,0,0,0,0,0,0,0
2026-10-04T14:03:05Z,checkoutservice,cartservice,0,0,0,0,0,0,0
2026-10-04T14:03:05Z,checkoutservice,checkoutservice,0,0,0,0,0,0,0
2026-10-04T14:03:05Z,checkoutservice,currencyservice,0,0,0,0,0,0,0
2026-10-04T14:03:05Z,checkoutservice,emailservice,0,0,0,0,0,0,0
2026-10-04T14:03:05Z,checkoutservice,frontend,0,0,0,0,0,0,0
2026-10-04T14:03:05Z,checkoutservice,kubernetes,0,0,0,0,0,0,0
2026-10-04T14:03:05Z,checkoutservice,paymentservice,0,0,0,0,0,0,0
2026-10-04T14:03:05Z,checkoutservice,productcatalogservice,0,0,0,0,0,0,0
2026-10-04T14:03:05Z,checkoutservice,recommendationservice,0,0,0,0,0,0,0
2026-10-04T14:03:05Z,checkoutservice,redis-cart,0,0,0,0,0,0,0
2026-10-04T14:03:05Z,checkoutservice,shippingservice,0,0,0,0,0,0,0
2026-10-04T14:03:05Z,currencyservice,adservice,0,0,0,0,0,0,0
2026-10-04T14:03:05Z,currencyservice,cartservice,0,0,0,0,0,0,0
2026-10-04T14:03:05Z,currencyservice,checkoutservice,0,0,0,0,0,0,0
2026-10-04T14:03:05Z,currencyservice,currencyservice,0,0,0,0,0,0,0
2026-10-04T14:03:05Z,currencyservice,emailservice,0,0,0,0,0,0,0
2026-10-04T14:03:05Z,currencyservice,frontend,0,0,0,0,0,0,0
2026-10-04T14:03:05Z,currencyservice,kubernetes,0,0,0,0,0,0,0
2026-10-04T14:03:05Z,currencyservice,paymentservice,0,0,0,0,0,0,0
2026-10-04T14:03:05Z,currencyservice,productcatalogservice,0,0,0,0,0,0,0
2026-10-04T14:03:05Z,currencyservice,recommendationservice,0,0,0,0,0,0,0
2026-10-04T14:03:05Z,currencyservice,redis-cart,0,0,0,0,0,0,0
2026-10-04T14:03:05Z,currencyservice,shippingservice,0,0,0,0,0,0,0
2026-10-04T14:03:05Z,emailservice,adservice,0,0,0,0,0,0,0
2026-10-04T14:03:05Z,emailservice,cartservice,0,0,0,0,0,0,0
2026-10-04T14:03:05Z,emailservice,checkoutservice,0,0,0,0,0,0,0
2026-10-04T14:03:05Z,emailservice,currencyservice,0,0,0,0,0,0,0
2026-10-04T14:03:05Z,emailservice,emailservice,0,0,0,0,0,0,0
2026-10-04T14:03:05Z,emailservice,frontend,0,0,0,0,0,0,0
2026-10-04T14:03:05Z,emailservice,kubernetes,0,0,0,0,0,0,0
2026-10-04T14:03:05Z,emailservice,paymentservice,0,0,0,0,0,0,0
2026-10-04T14:03:05Z,emailservice,productcatalogservice,0,0,0,0,0,0,0
2026-10-04T14:03:05Z,emailservice,recommendationservice,0,0,0,0,0,0,0
2026-10-04T14:03:05Z,emailservice,redis-cart,0,0,0,0,0,0,0
2026-10-04T14:03:05Z,emailservice,shippingservice,0,0,0,0,0,0,0
2026-10-04T14:03:05Z,frontend,adservice,773781,773779,0,0,0,2334061,773779
2026-10-04T14:03:05Z,frontend,cartservice,1730573,1730561,0,0,4,9624535,1730561
2026-10-04T14:03:05Z,frontend,checkoutservice,354811,173691,0,34332,146696,55608828,173690
2026-10-04T14:03:05Z,frontend,currencyservice,2749584,2749577,0,0,0,14589993,2749577
2026-10-04T14:03:05Z,frontend,emailservice,0,0,0,0,0,0,0
2026-10-04T14:03:05Z,frontend,frontend,0,0,0,0,0,0,0
2026-10-04T14:03:05Z,frontend,kubernetes,0,0,0,0,0,0,0
2026-10-04T14:03:05Z,frontend,paymentservice,0,0,0,0,0,0,0
2026-10-04T14:03:05Z,frontend,productcatalogservice,7676840,7676779,0,0,0,52315430,7676779
2026-10-04T14:03:05Z,frontend,recommendationservice,2523996,1524786,0,104145,892890,769956520,1524786
2026-10-04T14:03:05Z,frontend,redis-cart,0,0,0,0,0,0,0
2026-10-04T14:03:05Z,frontend,shippingservice,283787,283785,0,0,0,858241,283785
2026-10-04T14:03:05Z,paymentservice,adservice,0,0,0,0,0,0,0
2026-10-04T14:03:05Z,paymentservice,cartservice,0,0,0,0,0,0,0
2026-10-04T14:03:05Z,paymentservice,checkoutservice,0,0,0,0,0,0,0
2026-10-04T14:03:05Z,paymentservice,currencyservice,0,0,0,0,0,0,0
2026-10-04T14:03:05Z,paymentservice,emailservice,0,0,0,0,0,0,0
2026-10-04T14:03:05Z,paymentservice,frontend,0,0,0,0,0,0,0
2026-10-04T14:03:05Z,paymentservice,kubernetes,0,0,0,0,0,0,0
2026-10-04T14:03:05Z,paymentservice,paymentservice,0,0,0,0,0,0,0
2026-10-04T14:03:05Z,paymentservice,productcatalogservice,0,0,0,0,0,0,0
2026-10-04T14:03:05Z,paymentservice,recommendationservice,0,0,0,0,0,0,0
2026-10-04T14:03:05Z,paymentservice,redis-cart,0,0,0,0,0,0,0
2026-10-04T14:03:05Z,paymentservice,shippingservice,0,0,0,0,0,0,0
2026-10-04T14:03:05Z,productcatalogservice,adservice,0,0,0,0,0,0,0
2026-10-04T14:03:05Z,productcatalogservice,cartservice,0,0,0,0,0,0,0
2026-10-04T14:03:05Z,productcatalogservice,checkoutservice,0,0,0,0,0,0,0
2026-10-04T14:03:05Z,productcatalogservice,currencyservice,0,0,0,0,0,0,0
2026-10-04T14:03:05Z,productcatalogservice,emailservice,0,0,0,0,0,0,0
2026-10-04T14:03:05Z,productcatalogservice,frontend,0,0,0,0,0,0,0
2026-10-04T14:03:05Z,productcatalogservice,kubernetes,0,0,0,0,0,0,0
2026-10-04T14:03:05Z,productcatalogservice,paymentservice,0,0,0,0,0,0,0
2026-10-04T14:03:05Z,productcatalogservice,productcatalogservice,0,0,0,0,0,0,0
2026-10-04T14:03:05Z,productcatalogservice,recommendationservice,0,0,0,0,0,0,0
2026-10-04T14:03:05Z,productcatalogservice,redis-cart,0,0,0,0,0,0,0
2026-10-04T14:03:05Z,productcatalogservice,shippingservice,0,0,0,0,0,0,0
2026-10-04T14:03:05Z,recommendationservice,adservice,0,0,0,0,0,0,0
2026-10-04T14:03:05Z,recommendationservice,cartservice,0,0,0,0,0,0,0
2026-10-04T14:03:05Z,recommendationservice,checkoutservice,0,0,0,0,0,0,0
2026-10-04T14:03:05Z,recommendationservice,currencyservice,0,0,0,0,0,0,0
2026-10-04T14:03:05Z,recommendationservice,emailservice,0,0,0,0,0,0,0
2026-10-04T14:03:05Z,recommendationservice,frontend,0,0,0,0,0,0,0
2026-10-04T14:03:05Z,recommendationservice,kubernetes,0,0,0,0,0,0,0
2026-10-04T14:03:05Z,recommendationservice,paymentservice,0,0,0,0,0,0,0
2026-10-04T14:03:05Z,recommendationservice,productcatalogservice,0,0,0,0,0,0,0
2026-10-04T14:03:05Z,recommendationservice,recommendationservice,0,0,0,0,0,0,0
2026-10-04T14:03:05Z,recommendationservice,redis-cart,0,0,0,0,0,0,0
2026-10-04T14:03:05Z,recommendationservice,shippingservice,0,0,0,0,0,0,0
2026-10-04T14:03:05Z,redis-cart,adservice,0,0,0,0,0,0,0
2026-10-04T14:03:05Z,redis-cart,cartservice,0,0,0,0,0,0,0
2026-10-04T14:03:05Z,redis-cart,checkoutservice,0,0,0,0,0,0,0
2026-10-04T14:03:05Z,redis-cart,currencyservice,0,0,0,0,0,0,0
2026-10-04T14:03:05Z,redis-cart,emailservice,0,0,0,0,0,0,0
2026-10-04T14:03:05Z,redis-cart,frontend,0,0,0,0,0,0,0
2026-10-04T14:03:05Z,redis-cart,kubernetes,0,0,0,0,0,0,0
2026-10-04T14:03:05Z,redis-cart,paymentservice,0,0,0,0,0,0,0
2026-10-04T14:03:05Z,redis-cart,productcatalogservice,0,0,0,0,0,0,0
2026-10-04T14:03:05Z,redis-cart,recommendationservice,0,0,0,0,0,0,0
2026-10-04T14:03:05Z,redis-cart,redis-cart,0,0,0,0,0,0,0
2026-10-04T14:03:05Z,redis-cart,shippingservice,0,0,0,0,0,0,0
2026-10-04T14:03:05Z,shippingservice,adservice,0,0,0,0,0,0,0
2026-10-04T14:03:05Z,shippingservice,cartservice,0,0,0,0,0,0,0
2026-10-04T14:03:05Z,shippingservice,checkoutservice,0,0,0,0,0,0,0
2026-10-04T14:03:05Z,shippingservice,currencyservice,0,0,0,0,0,0,0
2026-10-04T14:03:05Z,shippingservice,emailservice,0,0,0,0,0,0,0
2026-10-04T14:03:05Z,shippingservice,frontend,0,0,0,0,0,0,0
2026-10-04T14:03:05Z,shippingservice,kubernetes,0,0,0,0,0,0,0
2026-10-04T14:03:05Z,shippingservice,paymentservice,0,0,0,0,0,0,0
2026-10-04T14:03:05Z,shippingservice,productcatalogservice,0,0,0,0,0,0,0
2026-10-04T14:03:05Z,shippingservice,recommendationservice,0,0,0,0,0,0,0
2026-10-04T14:03:05Z,shippingservice,redis-cart,0,0,0,0,0,0,0
2026-10-04T14:03:05Z,shippingservice,shippingservice,0,0,0,0,0,0,0
2026-10-04T14:03:06Z,adservice,adservice,0,0,0,0,0,0,0
2026-10-04T14:03:06Z,adservice,cartservice,0,0,0,0,0,0,0
2026-10-04T14:03:06Z,adservice,checkoutservice,0,0,0,0,0,0,0
2026-10-04T14:03:06Z,adservice,currencyservice,0,0,0,0,0,0,0
2026-10-04T14:03:06Z,adservice,emailservice,0,0,0,0,0,0,0
2026-10-04T14:03:06Z,adservice,frontend,0,0,0,0,0,0,0
2026-10-04T14:03:06Z,adservice,kubernetes,0,0,0,0,0,0,0
2026-10-04T14:03:06Z,adservice,paymentservice,0,0,0,0,0,0,0
2026-10-04T14:03:06Z,adservice,productcatalogservice,0,0,0,0,0,0,0
2026-10-04T14:03:06Z,adservice,recommendationservice,0,0,0,0,0,0,0
2026-10-04T14:03:06Z,adservice,redis-cart,0,0,0,0,0,0,0
2026-10-04T14:03:06Z,adservice,shippingservice,0,0,0,0,0,0,0
2026-10-04T14:03:06Z,cartservice,adservice,0,0,0,0,0,0,0
2026-10-04T14:03:06Z,cartservice,cartservice,0,0,0,0,0,0,0
2026-10-04T14:03:06Z,cartservice,checkoutservice,0,0,0,0,0,0,0
2026-10-04T14:03:06Z,cartservice,currencyservice,0,0,0,0,0,0,0
2026-10-04T14:03:06Z,cartservice,emailservice,0,0,0,0,0,0,0
2026-10-04T14:03:06Z,cartservice,frontend,0,0,0,0,0,0,0
2026-10-04T14:03:06Z,cartservice,kubernetes,0,0,0,0,0,0,0
2026-10-04T14:03:06Z,cartservice,paymentservice,0,0,0,0,0,0,0
2026-10-04T14:03:06Z,cartservice,productcatalogservice,0,0,0,0,0,0,0
2026-10-04T14:03:06Z,cartservice,recommendationservice,0,0,0,0,0,0,0
2026-10-04T14:03:06Z,cartservice,redis-cart,2,0,0,0,0,0,0
2026-10-04T14:03:06Z,cartservice,shippingservice,0,0,0,0,0,0,0
2026-10-04T14:03:06Z,checkoutservice,adservice,0,0,0,0,0,0,0
2026-10-04T14:03:06Z,checkoutservice,cartservice,0,0,0,0,0,0,0
2026-10-04T14:03:06Z,checkoutservice,checkoutservice,0,0,0,0,0,0,0
2026-10-04T14:03:06Z,checkoutservice,currencyservice,0,0,0,0,0,0,0
2026-10-04T14:03:06Z,checkoutservice,emailservice,0,0,0,0,0,0,0
2026-10-04T14:03:06Z,checkoutservice,frontend,0,0,0,0,0,0,0
2026-10-04T14:03:06Z,checkoutservice,kubernetes,0,0,0,0,0,0,0
2026-10-04T14:03:06Z,checkoutservice,paymentservice,0,0,0,0,0,0,0
2026-10-04T14:03:06Z,checkoutservice,productcatalogservice,0,0,0,0,0,0,0
2026-10-04T14:03:06Z,checkoutservice,recommendationservice,0,0,0,0,0,0,0
2026-10-04T14:03:06Z,checkoutservice,redis-cart,0,0,0,0,0,0,0
2026-10-04T14:03:06Z,checkoutservice,shippingservice,0,0,0,0,0,0,0
2026-10-04T14:03:06Z,currencyservice,adservice,0,0,0,0,0,0,0
2026-10-04T14:03:06Z,currencyservice,cartservice,0,0,0,0,0,0,0
2026-10-04T14:03:06Z,currencyservice,checkoutservice,0,0,0,0,0,0,0
2026-10-04T14:03:06Z,currencyservice,currencyservice,0,0,0,0,0,0,0
2026-10-04T14:03:06Z,currencyservice,emailservice,0,0,0,0,0,0,0
2026-10-04T14:03:06Z,currencyservice,frontend,0,0,0,0,0,0,0
2026-10-04T14:03:06Z,currencyservice,kubernetes,0,0,0,0,0,0,0
2026-10-04T14:03:06Z,currencyservice,paymentservice,0,0,0,0,0,0,0
2026-10-04T14:03:06Z,currencyservice,productcatalogservice,0,0,0,0,0,0,0
2026-10-04T14:03:06Z,currencyservice,recommendationservice,0,0,0,0,0,0,0
2026-10-04T14:03:06Z,currencyservice,redis-cart,0,0,0,0,0,0,0
2026-10-04T14:03:06Z,currencyservice,shippingservice,0,0,0,0,0,0,0
2026-10-04T14:03:06Z,emailservice,adservice,0,0,0,0,0,0,0
2026-10-04T14:03:06Z,emailservice,cartservice,0,0,0,0,0,0,0
2026-10-04T14:03:06Z,emailservice,checkoutservice,0,0,0,0,0,0,0
2026-10-04T14:03:06Z,emailservice,currencyservice,0,0,0,0,0,0,0
2026-10-04T14:03:06Z,emailservice,emailservice,0,0,0,0,0,0,0
2026-10-04T14:03:06Z,emailservice,frontend,0,0,0,0,0,0,0
2026-10-04T14:03:06Z,emailservice,kubernetes,0,0,0,0,0,0,0
2026-10-04T14:03:06Z,emailservice,paymentservice,0,0,0,0,0,0,0
2026-10-04T14:03:06Z,emailservice,productcatalogservice,0,0,0,0,0,0,0
2026-10-04T14:03:06Z,emailservice,recommendationservice,0,0,0,0,0,0,0
2026-10-04T14:03:06Z,emailservice,redis-cart,0,0,0,0,0,0,0
2026-10-04T14:03:06Z,emailservice,shippingservice,0,0,0,0,0,0,0
2026-10-04T14:03:06Z,frontend,adservice,773781,773779,0,0,0,2334061,773779
2026-10-04T14:03:06Z,frontend,cartservice,1730573,1730561,0,0,4,9624535,1730561
2026-10-04T14:03:06Z,frontend,checkoutservice,354811,173691,0,34332,146696,55608828,173690
2026-10-04T14:03:06Z,frontend,currencyservice,2749584,2749577,0,0,0,14589993,2749577
2026-10-04T14:03:06Z,frontend,emailservice,0,0,0,0,0,0,0
2026-10-04T14:03:06Z,frontend,frontend,0,0,0,0,0,0,0
2026-10-04T14:03:06Z,frontend,kubernetes,0,0,0,0,0,0,0
2026-10-04T14:03:06Z,frontend,paymentservice,0,0,0,0,0,0,0
2026-10-04T14:03:06Z,frontend,productcatalogservice,7676840,7676779,0,0,0,52315430,7676779
2026-10-04T14:03:06Z,frontend,recommendationservice,2523996,1524786,0,104145,892890,769956520,1524786
2026-10-04T14:03:06Z,frontend,redis-cart,0,0,0,0,0,0,0
2026-10-04T14:03:06Z,frontend,shippingservice,283787,283785,0,0,0,858241,283785
2026-10-04T14:03:06Z,paymentservice,adservice,0,0,0,0,0,0,0
2026-10-04T14:03:06Z,paymentservice,cartservice,0,0,0,0,0,0,0
2026-10-04T14:03:06Z,paymentservice,checkoutservice,0,0,0,0,0,0,0
2026-10-04T14:03:06Z,paymentservice,currencyservice,0,0,0,0,0,0,0
2026-10-04T14:03:06Z,paymentservice,emailservice,0,0,0,0,0,0,0
2026-10-04T14:03:06Z,paymentservice,frontend,0,0,0,0,0,0,0
2026-10-04T14:03:06Z,paymentservice,kubernetes,0,0,0,0,0,0,0
2026-10-04T14:03:06Z,paymentservice,paymentservice,0,0,0,0,0,0,0
2026-10-04T14:03:06Z,paymentservice,productcatalogservice,0,0,0,0,0,0,0
2026-10-04T14:03:06Z,paymentservice,recommendationservice,0,0,0,0,0,0,0
2026-10-04T14:03:06Z,paymentservice,redis-cart,0,0,0,0,0,0,0
2026-10-04T14:03:06Z,paymentservice,shippingservice,0,0,0,0,0,0,0
2026-10-04T14:03:06Z,productcatalogservice,adservice,0,0,0,0,0,0,0
2026-10-04T14:03:06Z,productcatalogservice,cartservice,0,0,0,0,0,0,0
2026-10-04T14:03:06Z,productcatalogservice,checkoutservice,0,0,0,0,0,0,0
2026-10-04T14:03:06Z,productcatalogservice,currencyservice,0,0,0,0,0,0,0
2026-10-04T14:03:06Z,productcatalogservice,emailservice,0,0,0,0,0,0,0
2026-10-04T14:03:06Z,productcatalogservice,frontend,0,0,0,0,0,0,0
2026-10-04T14:03:06Z,productcatalogservice,kubernetes,0,0,0,0,0,0,0
2026-10-04T14:03:06Z,productcatalogservice,paymentservice,0,0,0,0,0,0,0
2026-10-04T14:03:06Z,productcatalogservice,productcatalogservice,0,0,0,0,0,0,0
2026-10-04T14:03:06Z,productcatalogservice,recommendationservice,0,0,0,0,0,0,0
2026-10-04T14:03:06Z,productcatalogservice,redis-cart,0,0,0,0,0,0,0
2026-10-04T14:03:06Z,productcatalogservice,shippingservice,0,0,0,0,0,0,0
2026-10-04T14:03:06Z,recommendationservice,adservice,0,0,0,0,0,0,0
2026-10-04T14:03:06Z,recommendationservice,cartservice,0,0,0,0,0,0,0
2026-10-04T14:03:06Z,recommendationservice,checkoutservice,0,0,0,0,0,0,0
2026-10-04T14:03:06Z,recommendationservice,currencyservice,0,0,0,0,0,0,0
2026-10-04T14:03:06Z,recommendationservice,emailservice,0,0,0,0,0,0,0
2026-10-04T14:03:06Z,recommendationservice,frontend,0,0,0,0,0,0,0
2026-10-04T14:03:06Z,recommendationservice,kubernetes,0,0,0,0,0,0,0
2026-10-04T14:03:06Z,recommendationservice,paymentservice,0,0,0,0,0,0,0
2026-10-04T14:03:06Z,recommendationservice,productcatalogservice,0,0,0,0,0,0,0
2026-10-04T14:03:06Z,recommendationservice,recommendationservice,0,0,0,0,0,0,0
2026-10-04T14:03:06Z,recommendationservice,redis-cart,0,0,0,0,0,0,0
2026-10-04T14:03:06Z,recommendationservice,shippingservice,0,0,0,0,0,0,0
2026-10-04T14:03:06Z,redis-cart,adservice,0,0,0,0,0,0,0
2026-10-04T14:03:06Z,redis-cart,cartservice,0,0,0,0,0,0,0
2026-10-04T14:03:06Z,redis-cart,checkoutservice,0,0,0,0,0,0,0
2026-10-04T14:03:06Z,redis-cart,currencyservice,0,0,0,0,0,0,0
2026-10-04T14:03:06Z,redis-cart,emailservice,0,0,0,0,0,0,0
2026-10-04T14:03:06Z,redis-cart,frontend,0,0,0,0,0,0,0
2026-10-04T14:03:06Z,redis-cart,kubernetes,0,0,0,0,0,0,0
2026-10-04T14:03:06Z,redis-cart,paymentservice,0,0,0,0,0,0,0
2026-10-04T14:03:06Z,redis-cart,productcatalogservice,0,0,0,0,0,0,0
2026-10-04T14:03:06Z,redis-cart,recommendationservice,0,0,0,0,0,0,0
2026-10-04T14:03:06Z,redis-cart,redis-cart,0,0,0,0,0,0,0
2026-10-04T14:03:06Z,redis-cart,shippingservice,0,0,0,0,0,0,0
2026-10-04T14:03:06Z,shippingservice,adservice,0,0,0,0,0,0,0
2026-10-04T14:03:06Z,shippingservice,cartservice,0,0,0,0,0,0,0
2026-10-04T14:03:06Z,shippingservice,checkoutservice,0,0,0,0,0,0,0
2026-10-04T14:03:06Z,shippingservice,currencyservice,0,0,0,0,0,0,0
2026-10-04T14:03:06Z,shippingservice,emailservice,0,0,0,0,0,0,0
2026-10-04T14:03:06Z,shippingservice,frontend,0,0,0,0,0,0,0
2026-10-04T14:03:06Z,shippingservice,kubernetes,0,0,0,0,0,0,0
2026-10-04T14:03:06Z,shippingservice,paymentservice,0,0,0,0,0,0,0
2026-10-04T14:03:06Z,shippingservice,productcatalogservice,0,0,0,0,0,0,0
2026-10-04T14:03:06Z,shippingservice,recommendationservice,0,0,0,0,0,0,0
2026-10-04T14:03:06Z,shippingservice,redis-cart,0,0,0,0,0,0,0
2026-10-04T14:03:06Z,shippingservice,shippingservice,0,0,0,0,0,0,0
2026-10-04T14:03:07Z,adservice,adservice,0,0,0,0,0,0,0
2026-10-04T14:03:07Z,adservice,cartservice,0,0,0,0,0,0,0
2026-10-04T14:03:07Z,adservice,checkoutservice,0,0,0,0,0,0,0
2026-10-04T14:03:07Z,adservice,currencyservice,0,0,0,0,0,0,0
2026-10-04T14:03:07Z,adservice,emailservice,0,0,0,0,0,0,0
2026-10-04T14:03:07Z,adservice,frontend,0,0,0,0,0,0,0
2026-10-04T14:03:07Z,adservice,kubernetes,0,0,0,0,0,0,0
2026-10-04T14:03:07Z,adservice,paymentservice,0,0,0,0,0,0,0
2026-10-04T14:03:07Z,adservice,productcatalogservice,0,0,0,0,0,0,0
2026-10-04T14:03:07Z,adservice,recommendationservice,0,0,0,0,0,0,0
2026-10-04T14:03:07Z,adservice,redis-cart,0,0,0,0,0,0,0
2026-10-04T14:03:07Z,adservice,shippingservice,0,0,0,0,0,0,0
2026-10-04T14:03:07Z,cartservice,adservice,0,0,0,0,0,0,0
2026-10-04T14:03:07Z,cartservice,cartservice,0,0,0,0,0,0,0
2026-10-04T14:03:07Z,cartservice,checkoutservice,0,0,0,0,0,0,0
2026-10-04T14:03:07Z,cartservice,currencyservice,0,0,0,0,0,0,0
2026-10-04T14:03:07Z,cartservice,emailservice,0,0,0,0,0,0,0
2026-10-04T14:03:07Z,cartservice,frontend,0,0,0,0,0,0,0
2026-10-04T14:03:07Z,cartservice,kubernetes,0,0,0,0,0,0,0
2026-10-04T14:03:07Z,cartservice,paymentservice,0,0,0,0,0,0,0
2026-10-04T14:03:07Z,cartservice,productcatalogservice,0,0,0,0,0,0,0
2026-10-04T14:03:07Z,cartservice,recommendationservice,0,0,0,0,0,0,0
2026-10-04T14:03:07Z,cartservice,redis-cart,2,0,0,0,0,0,0
2026-10-04T14:03:07Z,cartservice,shippingservice,0,0,0,0,0,0,0
2026-10-04T14:03:07Z,checkoutservice,adservice,0,0,0,0,0,0,0
2026-10-04T14:03:07Z,checkoutservice,cartservice,0,0,0,0,0,0,0
2026-10-04T14:03:07Z,checkoutservice,checkoutservice,0,0,0,0,0,0,0
2026-10-04T14:03:07Z,checkoutservice,currencyservice,0,0,0,0,0,0,0
2026-10-04T14:03:07Z,checkoutservice,emailservice,0,0,0,0,0,0,0
2026-10-04T14:03:07Z,checkoutservice,frontend,0,0,0,0,0,0,0
2026-10-04T14:03:07Z,checkoutservice,kubernetes,0,0,0,0,0,0,0
2026-10-04T14:03:07Z,checkoutservice,paymentservice,0,0,0,0,0,0,0
2026-10-04T14:03:07Z,checkoutservice,productcatalogservice,0,0,0,0,0,0,0
2026-10-04T14:03:07Z,checkoutservice,recommendationservice,0,0,0,0,0,0,0
2026-10-04T14:03:07Z,checkoutservice,redis-cart,0,0,0,0,0,0,0
2026-10-04T14:03:07Z,checkoutservice,shippingservice,0,0,0,0,0,0,0
2026-10-04T14:03:07Z,currencyservice,adservice,0,0,0,0,0,0,0
2026-10-04T14:03:07Z,currencyservice,cartservice,0,0,0,0,0,0,0
2026-10-04T14:03:07Z,currencyservice,checkoutservice,0,0,0,0,0,0,0
2026-10-04T14:03:07Z,currencyservice,currencyservice,0,0,0,0,0,0,0
2026-10-04T14:03:07Z,currencyservice,emailservice,0,0,0,0,0,0,0
2026-10-04T14:03:07Z,currencyservice,frontend,0,0,0,0,0,0,0
2026-10-04T14:03:07Z,currencyservice,kubernetes,0,0,0,0,0,0,0
2026-10-04T14:03:07Z,currencyservice,paymentservice,0,0,0,0,0,0,0
2026-10-04T14:03:07Z,currencyservice,productcatalogservice,0,0,0,0,0,0,0
2026-10-04T14:03:07Z,currencyservice,recommendationservice,0,0,0,0,0,0,0
2026-10-04T14:03:07Z,currencyservice,redis-cart,0,0,0,0,0,0,0
2026-10-04T14:03:07Z,currencyservice,shippingservice,0,0,0,0,0,0,0
2026-10-04T14:03:07Z,emailservice,adservice,0,0,0,0,0,0,0
2026-10-04T14:03:07Z,emailservice,cartservice,0,0,0,0,0,0,0
2026-10-04T14:03:07Z,emailservice,checkoutservice,0,0,0,0,0,0,0
2026-10-04T14:03:07Z,emailservice,currencyservice,0,0,0,0,0,0,0
2026-10-04T14:03:07Z,emailservice,emailservice,0,0,0,0,0,0,0
2026-10-04T14:03:07Z,emailservice,frontend,0,0,0,0,0,0,0
2026-10-04T14:03:07Z,emailservice,kubernetes,0,0,0,0,0,0,0
2026-10-04T14:03:07Z,emailservice,paymentservice,0,0,0,0,0,0,0
2026-10-04T14:03:07Z,emailservice,productcatalogservice,0,0,0,0,0,0,0
2026-10-04T14:03:07Z,emailservice,recommendationservice,0,0,0,0,0,0,0
2026-10-04T14:03:07Z,emailservice,redis-cart,0,0,0,0,0,0,0
2026-10-04T14:03:07Z,emailservice,shippingservice,0,0,0,0,0,0,0
2026-10-04T14:03:07Z,frontend,adservice,773781,773779,0,0,0,2334061,773779
2026-10-04T14:03:07Z,frontend,cartservice,1730573,1730561,0,0,4,9624535,1730561
2026-10-04T14:03:07Z,frontend,checkoutservice,354811,173691,0,34332,146696,55608828,173690
2026-10-04T14:03:07Z,frontend,currencyservice,2749584,2749577,0,0,0,14589993,2749577
2026-10-04T14:03:07Z,frontend,emailservice,0,0,0,0,0,0,0
2026-10-04T14:03:07Z,frontend,frontend,0,0,0,0,0,0,0
2026-10-04T14:03:07Z,frontend,kubernetes,0,0,0,0,0,0,0
2026-10-04T14:03:07Z,frontend,paymentservice,0,0,0,0,0,0,0
2026-10-04T14:03:07Z,frontend,productcatalogservice,7676840,7676779,0,0,0,52315430,7676779
2026-10-04T14:03:07Z,frontend,recommendationservice,2523996,1524786,0,104145,892890,769956520,1524786
2026-10-04T14:03:07Z,frontend,redis-cart,0,0,0,0,0,0,0
2026-10-04T14:03:07Z,frontend,shippingservice,283787,283785,0,0,0,858241,283785
2026-10-04T14:03:07Z,paymentservice,adservice,0,0,0,0,0,0,0
2026-10-04T14:03:07Z,paymentservice,cartservice,0,0,0,0,0,0,0
2026-10-04T14:03:07Z,paymentservice,checkoutservice,0,0,0,0,0,0,0
2026-10-04T14:03:07Z,paymentservice,currencyservice,0,0,0,0,0,0,0
2026-10-04T14:03:07Z,paymentservice,emailservice,0,0,0,0,0,0,0
2026-10-04T14:03:07Z,paymentservice,frontend,0,0,0,0,0,0,0
2026-10-04T14:03:07Z,paymentservice,kubernetes,0,0,0,0,0,0,0
2026-10-04T14:03:07Z,paymentservice,paymentservice,0,0,0,0,0,0,0
2026-10-04T14:03:07Z,paymentservice,productcatalogservice,0,0,0,0,0,0,0
2026-10-04T14:03:07Z,paymentservice,recommendationservice,0,0,0,0,0,0,0
2026-10-04T14:03:07Z,paymentservice,redis-cart,0,0,0,0,0,0,0
2026-10-04T14:03:07Z,paymentservice,shippingservice,0,0,0,0,0,0,0
2026-10-04T14:03:07Z,productcatalogservice,adservice,0,0,0,0,0,0,0
2026-10-04T14:03:07Z,productcatalogservice,cartservice,0,0,0,0,0,0,0
2026-10-04T14:03:07Z,productcatalogservice,checkoutservice,0,0,0,0,0,0,0
2026-10-04T14:03:07Z,productcatalogservice,currencyservice,0,0,0,0,0,0,0
2026-10-04T14:03:07Z,productcatalogservice,emailservice,0,0,0,0,0,0,0
2026-10-04T14:03:07Z,productcatalogservice,frontend,0,0,0,0,0,0,0
2026-10-04T14:03:07Z,productcatalogservice,kubernetes,0,0,0,0,0,0,0
2026-10-04T14:03:07Z,productcatalogservice,paymentservice,0,0,0,0,0,0,0
2026-10-04T14:03:07Z,productcatalogservice,productcatalogservice,0,0,0,0,0,0,0
2026-10-04T14:03:07Z,productcatalogservice,recommendationservice,0,0,0,0,0,0,0
2026-10-04T14:03:07Z,productcatalogservice,redis-cart,0,0,0,0,0,0,0
2026-10-04T14:03:07Z,productcatalogservice,shippingservice,0,0,0,0,0,0,0
2026-10-04T14:03:07Z,recommendationservice,adservice,0,0,0,0,0,0,0
2026-10-04T14:03:07Z,recommendationservice,cartservice,0,0,0,0,0,0,0
2026-10-04T14:03:07Z,recommendationservice,checkoutservice,0,0,0,0,0,0,0
2026-10-04T14:03:07Z,recommendationservice,currencyservice,0,0,0,0,0,0,0
2026-10-04T14:03:07Z,recommendationservice,emailservice,0,0,0,0,0,0,0
2026-10-04T14:03:07Z,recommendationservice,frontend,0,0,0,0,0,0,0
2026-10-04T14:03:07Z,recommendationservice,kubernetes,0,0,0,0,0,0,0
2026-10-04T14:03:07Z,recommendationservice,paymentservice,0,0,0,0,0,0,0
2026-10-04T14:03:07Z,recommendationservice,productcatalogservice,0,0,0,0,0,0,0
2026-10-04T14:03:07Z,recommendationservice,recommendationservice,0,0,0,0,0,0,0
2026-10-04T14:03:07Z,recommendationservice,redis-cart,0,0,0,0,0,0,0
2026-10-04T14:03:07Z,recommendationservice,shippingservice,0,0,0,0,0,0,0
2026-10-04T14:03:07Z,redis-cart,adservice,0,0,0,0,0,0,0
2026-10-04T14:03:07Z,redis-cart,cartservice,0,0,0,0,0,0,0
2026-10-04T14:03:07Z,redis-cart,checkoutservice,0,0,0,0,0,0,0
2026-10-04T14:03:07Z,redis-cart,currencyservice,0,0,0,0,0,0,0
2026-10-04T14:03:07Z,redis-cart,emailservice,0,0,0,0,0,0,0
2026-10-04T14:03:07Z,redis-cart,frontend,0,0,0,0,0,0,0
2026-10-04T14:03:07Z,redis-cart,kubernetes,0,0,0,0,0,0,0
2026-10-04T14:03:07Z,redis-cart,paymentservice,0,0,0,0,0,0,0
2026-10-04T14:03:07Z,redis-cart,productcatalogservice,0,0,0,0,0,0,0
2026-10-04T14:03:07Z,redis-cart,recommendationservice,0,0,0,0,0,0,0
2026-10-04T14:03:07Z,redis-cart,redis-cart,0,0,0,0,0,0,0
2026-10-04T14:03:07Z,redis-cart,shippingservice,0,0,0,0,0,0,0
2026-10-04T14:03:07Z,shippingservice,adservice,0,0,0,0,0,0,0
2026-10-04T14:03:07Z,shippingservice,cartservice,0,0,0,0,0,0,0
2026-10-04T14:03:07Z,shippingservice,checkoutservice,0,0,0,0,0,0,0
2026-10-04T14:03:07Z,shippingservice,currencyservice,0,0,0,0,0,0,0
2026-10-04T14:03:07Z,shippingservice,emailservice,0,0,0,0,0,0,0
2026-10-04T14:03:07Z,shippingservice,frontend,0,0,0,0,0,0,0
2026-10-04T14:03:07Z,shippingservice,kubernetes,0,0,0,0,0,0,0
2026-10-04T14:03:07Z,shippingservice,paymentservice,0,0,0,0,0,0,0
2026-10-04T14:03:07Z,shippingservice,productcatalogservice,0,0,0,0,0,0,0
2026-10-04T14:03:07Z,shippingservice,recommendationservice,0,0,0,0,0,0,0
2026-10-04T14:03:07Z,shippingservice,redis-cart,0,0,0,0,0,0,0
2026-10-04T14:03:07Z,shippingservice,shippingservice,0,0,0,0,0,0,0
2026-10-04T14:03:08Z,adservice,adservice,0,0,0,0,0,0,0
2026-10-04T14:03:08Z,adservice,cartservice,0,0,0,0,0,0,0
2026-10-04T14:03:08Z,adservice,checkoutservice,0,0,0,0,0,0,0
2026-10-04T14:03:08Z,adservice,currencyservice,0,0,0,0,0,0,0
2026-10-04T14:03:08Z,adservice,emailservice,0,0,0,0,0,0,0
2026-10-04T14:03:08Z,adservice,frontend,0,0,0,0,0,0,0
2026-10-04T14:03:08Z,adservice,kubernetes,0,0,0,0,0,0,0
2026-10-04T14:03:08Z,adservice,paymentservice,0,0,0,0,0,0,0
2026-10-04T14:03:08Z,adservice,productcatalogservice,0,0,0,0,0,0,0
2026-10-04T14:03:08Z,adservice,recommendationservice,0,0,0,0,0,0,0
2026-10-04T14:03:08Z,adservice,redis-cart,0,0,0,0,0,0,0
2026-10-04T14:03:08Z,adservice,shippingservice,0,0,0,0,0,0,0
2026-10-04T14:03:08Z,cartservice,adservice,0,0,0,0,0,0,0
2026-10-04T14:03:08Z,cartservice,cartservice,0,0,0,0,0,0,0
2026-10-04T14:03:08Z,cartservice,checkoutservice,0,0,0,0,0,0,0
2026-10-04T14:03:08Z,cartservice,currencyservice,0,0,0,0,0,0,0
2026-10-04T14:03:08Z,cartservice,emailservice,0,0,0,0,0,0,0
2026-10-04T14:03:08Z,cartservice,frontend,0,0,0,0,0,0,0
2026-10-04T14:03:08Z,cartservice,kubernetes,0,0,0,0,0,0,0
2026-10-04T14:03:08Z,cartservice,paymentservice,0,0,0,0,0,0,0
2026-10-04T14:03:08Z,cartservice,productcatalogservice,0,0,0,0,0,0,0
2026-10-04T14:03:08Z,cartservice,recommendationservice,0,0,0,0,0,0,0
2026-10-04T14:03:08Z,cartservice,redis-cart,2,0,0,0,0,0,0
2026-10-04T14:03:08Z,cartservice,shippingservice,0,0,0,0,0,0,0
2026-10-04T14:03:08Z,checkoutservice,adservice,0,0,0,0,0,0,0
2026-10-04T14:03:08Z,checkoutservice,cartservice,0,0,0,0,0,0,0
2026-10-04T14:03:08Z,checkoutservice,checkoutservice,0,0,0,0,0,0,0
2026-10-04T14:03:08Z,checkoutservice,currencyservice,0,0,0,0,0,0,0
2026-10-04T14:03:08Z,checkoutservice,emailservice,0,0,0,0,0,0,0
2026-10-04T14:03:08Z,checkoutservice,frontend,0,0,0,0,0,0,0
2026-10-04T14:03:08Z,checkoutservice,kubernetes,0,0,0,0,0,0,0
2026-10-04T14:03:08Z,checkoutservice,paymentservice,0,0,0,0,0,0,0
2026-10-04T14:03:08Z,checkoutservice,productcatalogservice,0,0,0,0,0,0,0
2026-10-04T14:03:08Z,checkoutservice,recommendationservice,0,0,0,0,0,0,0
2026-10-04T14:03:08Z,checkoutservice,redis-cart,0,0,0,0,0,0,0
2026-10-04T14:03:08Z,checkoutservice,shippingservice,0,0,0,0,0,0,0
2026-10-04T14:03:08Z,currencyservice,adservice,0,0,0,0,0,0,0
2026-10-04T14:03:08Z,currencyservice,cartservice,0,0,0,0,0,0,0
2026-10-04T14:03:08Z,currencyservice,checkoutservice,0,0,0,0,0,0,0
2026-10-04T14:03:08Z,currencyservice,currencyservice,0,0,0,0,0,0,0
2026-10-04T14:03:08Z,currencyservice,emailservice,0,0,0,0,0,0,0
2026-10-04T14:03:08Z,currencyservice,frontend,0,0,0,0,0,0,0
2026-10-04T14:03:08Z,currencyservice,kubernetes,0,0,0,0,0,0,0
2026-10-04T14:03:08Z,currencyservice,paymentservice,0,0,0,0,0,0,0
2026-10-04T14:03:08Z,currencyservice,productcatalogservice,0,0,0,0,0,0,0
2026-10-04T14:03:08Z,currencyservice,recommendationservice,0,0,0,0,0,0,0
2026-10-04T14:03:08Z,currencyservice,redis-cart,0,0,0,0,0,0,0
2026-10-04T14:03:08Z,currencyservice,shippingservice,0,0,0,0,0,0,0
2026-10-04T14:03:08Z,emailservice,adservice,0,0,0,0,0,0,0
2026-10-04T14:03:08Z,emailservice,cartservice,0,0,0,0,0,0,0
2026-10-04T14:03:08Z,emailservice,checkoutservice,0,0,0,0,0,0,0
2026-10-04T14:03:08Z,emailservice,currencyservice,0,0,0,0,0,0,0
2026-10-04T14:03:08Z,emailservice,emailservice,0,0,0,0,0,0,0
2026-10-04T14:03:08Z,emailservice,frontend,0,0,0,0,0,0,0
2026-10-04T14:03:08Z,emailservice,kubernetes,0,0,0,0,0,0,0
2026-10-04T14:03:08Z,emailservice,paymentservice,0,0,0,0,0,0,0
2026-10-04T14:03:08Z,emailservice,productcatalogservice,0,0,0,0,0,0,0
2026-10-04T14:03:08Z,emailservice,recommendationservice,0,0,0,0,0,0,0
2026-10-04T14:03:08Z,emailservice,redis-cart,0,0,0,0,0,0,0
2026-10-04T14:03:08Z,emailservice,shippingservice,0,0,0,0,0,0,0
2026-10-04T14:03:08Z,frontend,adservice,773781,773779,0,0,0,2334061,773779
2026-10-04T14:03:08Z,frontend,cartservice,1730573,1730561,0,0,4,9624535,1730561
2026-10-04T14:03:08Z,frontend,checkoutservice,354811,173691,0,34332,146696,55608828,173690
2026-10-04T14:03:08Z,frontend,currencyservice,2749584,2749577,0,0,0,14589993,2749577
2026-10-04T14:03:08Z,frontend,emailservice,0,0,0,0,0,0,0
2026-10-04T14:03:08Z,frontend,frontend,0,0,0,0,0,0,0
2026-10-04T14:03:08Z,frontend,kubernetes,0,0,0,0,0,0,0
2026-10-04T14:03:08Z,frontend,paymentservice,0,0,0,0,0,0,0
2026-10-04T14:03:08Z,frontend,productcatalogservice,7676840,7676779,0,0,0,52315430,7676779
2026-10-04T14:03:08Z,frontend,recommendationservice,2523996,1524786,0,104145,892890,769956520,1524786
2026-10-04T14:03:08Z,frontend,redis-cart,0,0,0,0,0,0,0
2026-10-04T14:03:08Z,frontend,shippingservice,283787,283785,0,0,0,858241,283785
2026-10-04T14:03:08Z,paymentservice,adservice,0,0,0,0,0,0,0
2026-10-04T14:03:08Z,paymentservice,cartservice,0,0,0,0,0,0,0
2026-10-04T14:03:08Z,paymentservice,checkoutservice,0,0,0,0,0,0,0
2026-10-04T14:03:08Z,paymentservice,currencyservice,0,0,0,0,0,0,0
2026-10-04T14:03:08Z,paymentservice,emailservice,0,0,0,0,0,0,0
2026-10-04T14:03:08Z,paymentservice,frontend,0,0,0,0,0,0,0
2026-10-04T14:03:08Z,paymentservice,kubernetes,0,0,0,0,0,0,0
2026-10-04T14:03:08Z,paymentservice,paymentservice,0,0,0,0,0,0,0
2026-10-04T14:03:08Z,paymentservice,productcatalogservice,0,0,0,0,0,0,0
2026-10-04T14:03:08Z,paymentservice,recommendationservice,0,0,0,0,0,0,0
2026-10-04T14:03:08Z,paymentservice,redis-cart,0,0,0,0,0,0,0
2026-10-04T14:03:08Z,paymentservice,shippingservice,0,0,0,0,0,0,0
2026-10-04T14:03:08Z,productcatalogservice,adservice,0,0,0,0,0,0,0
2026-10-04T14:03:08Z,productcatalogservice,cartservice,0,0,0,0,0,0,0
2026-10-04T14:03:08Z,productcatalogservice,checkoutservice,0,0,0,0,0,0,0
2026-10-04T14:03:08Z,productcatalogservice,currencyservice,0,0,0,0,0,0,0
2026-10-04T14:03:08Z,productcatalogservice,emailservice,0,0,0,0,0,0,0
2026-10-04T14:03:08Z,productcatalogservice,frontend,0,0,0,0,0,0,0
2026-10-04T14:03:08Z,productcatalogservice,kubernetes,0,0,0,0,0,0,0
2026-10-04T14:03:08Z,productcatalogservice,paymentservice,0,0,0,0,0,0,0
2026-10-04T14:03:08Z,productcatalogservice,productcatalogservice,0,0,0,0,0,0,0
2026-10-04T14:03:08Z,productcatalogservice,recommendationservice,0,0,0,0,0,0,0
2026-10-04T14:03:08Z,productcatalogservice,redis-cart,0,0,0,0,0,0,0
2026-10-04T14:03:08Z,productcatalogservice,shippingservice,0,0,0,0,0,0,0
2026-10-04T14:03:08Z,recommendationservice,adservice,0,0,0,0,0,0,0
2026-10-04T14:03:08Z,recommendationservice,cartservice,0,0,0,0,0,0,0
2026-10-04T14:03:08Z,recommendationservice,checkoutservice,0,0,0,0,0,0,0
2026-10-04T14:03:08Z,recommendationservice,currencyservice,0,0,0,0,0,0,0
2026-10-04T14:03:08Z,recommendationservice,emailservice,0,0,0,0,0,0,0
2026-10-04T14:03:08Z,recommendationservice,frontend,0,0,0,0,0,0,0
2026-10-04T14:03:08Z,recommendationservice,kubernetes,0,0,0,0,0,0,0
2026-10-04T14:03:08Z,recommendationservice,paymentservice,0,0,0,0,0,0,0
2026-10-04T14:03:08Z,recommendationservice,productcatalogservice,0,0,0,0,0,0,0
2026-10-04T14:03:08Z,recommendationservice,recommendationservice,0,0,0,0,0,0,0
2026-10-04T14:03:08Z,recommendationservice,redis-cart,0,0,0,0,0,0,0
2026-10-04T14:03:08Z,recommendationservice,shippingservice,0,0,0,0,0,0,0
2026-10-04T14:03:08Z,redis-cart,adservice,0,0,0,0,0,0,0
2026-10-04T14:03:08Z,redis-cart,cartservice,0,0,0,0,0,0,0
2026-10-04T14:03:08Z,redis-cart,checkoutservice,0,0,0,0,0,0,0
2026-10-04T14:03:08Z,redis-cart,currencyservice,0,0,0,0,0,0,0
2026-10-04T14:03:08Z,redis-cart,emailservice,0,0,0,0,0,0,0
2026-10-04T14:03:08Z,redis-cart,frontend,0,0,0,0,0,0,0
2026-10-04T14:03:08Z,redis-cart,kubernetes,0,0,0,0,0,0,0
2026-10-04T14:03:08Z,redis-cart,paymentservice,0,0,0,0,0,0,0
2026-10-04T14:03:08Z,redis-cart,productcatalogservice,0,0,0,0,0,0,0
2026-10-04T14:03:08Z,redis-cart,recommendationservice,0,0,0,0,0,0,0
2026-10-04T14:03:08Z,redis-cart,redis-cart,0,0,0,0,0,0,0
2026-10-04T14:03:08Z,redis-cart,shippingservice,0,0,0,0,0,0,0
2026-10-04T14:03:08Z,shippingservice,adservice,0,0,0,0,0,0,0
2026-10-04T14:03:08Z,shippingservice,cartservice,0,0,0,0,0,0,0
2026-10-04T14:03:08Z,shippingservice,checkoutservice,0,0,0,0,0,0,0
2026-10-04T14:03:08Z,shippingservice,currencyservice,0,0,0,0,0,0,0
2026-10-04T14:03:08Z,shippingservice,emailservice,0,0,0,0,0,0,0
2026-10-04T14:03:08Z,shippingservice,frontend,0,0,0,0,0,0,0
2026-10-04T14:03:08Z,shippingservice,kubernetes,0,0,0,0,0,0,0
2026-10-04T14:03:08Z,shippingservice,paymentservice,0,0,0,0,0,0,0
2026-10-04T14:03:08Z,shippingservice,productcatalogservice,0,0,0,0,0,0,0
2026-10-04T14:03:08Z,shippingservice,recommendationservice,0,0,0,0,0,0,0
2026-10-04T14:03:08Z,shippingservice,redis-cart,0,0,0,0,0,0,0
2026-10-04T14:03:08Z,shippingservice,shippingservice,0,0,0,0,0,0,0
2026-10-04T14:03:09Z,adservice,adservice,0,0,0,0,0,0,0
2026-10-04T14:03:09Z,adservice,cartservice,0,0,0,0,0,0,0
2026-10-04T14:03:09Z,adservice,checkoutservice,0,0,0,0,0,0,0
2026-10-04T14:03:09Z,adservice,currencyservice,0,0,0,0,0,0,0
2026-10-04T14:03:09Z,adservice,emailservice,0,0,0,0,0,0,0
2026-10-04T14:03:09Z,adservice,frontend,0,0,0,0,0,0,0
2026-10-04T14:03:09Z,adservice,kubernetes,0,0,0,0,0,0,0
2026-10-04T14:03:09Z,adservice,paymentservice,0,0,0,0,0,0,0
2026-10-04T14:03:09Z,adservice,productcatalogservice,0,0,0,0,0,0,0
2026-10-04T14:03:09Z,adservice,recommendationservice,0,0,0,0,0,0,0
2026-10-04T14:03:09Z,adservice,redis-cart,0,0,0,0,0,0,0
2026-10-04T14:03:09Z,adservice,shippingservice,0,0,0,0,0,0,0
2026-10-04T14:03:09Z,cartservice,adservice,0,0,0,0,0,0,0
2026-10-04T14:03:09Z,cartservice,cartservice,0,0,0,0,0,0,0
2026-10-04T14:03:09Z,cartservice,checkoutservice,0,0,0,0,0,0,0
2026-10-04T14:03:09Z,cartservice,currencyservice,0,0,0,0,0,0,0
2026-10-04T14:03:09Z,cartservice,emailservice,0,0,0,0,0,0,0
2026-10-04T14:03:09Z,cartservice,frontend,0,0,0,0,0,0,0
2026-10-04T14:03:09Z,cartservice,kubernetes,0,0,0,0,0,0,0
2026-10-04T14:03:09Z,cartservice,paymentservice,0,0,0,0,0,0,0
2026-10-04T14:03:09Z,cartservice,productcatalogservice,0,0,0,0,0,0,0
2026-10-04T14:03:09Z,cartservice,recommendationservice,0,0,0,0,0,0,0
2026-10-04T14:03:09Z,cartservice,redis-cart,2,0,0,0,0,0,0
2026-10-04T14:03:09Z,cartservice,shippingservice,0,0,0,0,0,0,0
2026-10-04T14:03:09Z,checkoutservice,adservice,0,0,0,0,0,0,0
2026-10-04T14:03:09Z,checkoutservice,cartservice,0,0,0,0,0,0,0
2026-10-04T14:03:09Z,checkoutservice,checkoutservice,0,0,0,0,0,0,0
2026-10-04T14:03:09Z,checkoutservice,currencyservice,0,0,0,0,0,0,0
2026-10-04T14:03:09Z,checkoutservice,emailservice,0,0,0,0,0,0,0
2026-10-04T14:03:09Z,checkoutservice,frontend,0,0,0,0,0,0,0
2026-10-04T14:03:09Z,checkoutservice,kubernetes,0,0,0,0,0,0,0
2026-10-04T14:03:09Z,checkoutservice,paymentservice,0,0,0,0,0,0,0
2026-10-04T14:03:09Z,checkoutservice,productcatalogservice,0,0,0,0,0,0,0
2026-10-04T14:03:09Z,checkoutservice,recommendationservice,0,0,0,0,0,0,0
2026-10-04T14:03:09Z,checkoutservice,redis-cart,0,0,0,0,0,0,0
2026-10-04T14:03:09Z,checkoutservice,shippingservice,0,0,0,0,0,0,0
2026-10-04T14:03:09Z,currencyservice,adservice,0,0,0,0,0,0,0
2026-10-04T14:03:09Z,currencyservice,cartservice,0,0,0,0,0,0,0
2026-10-04T14:03:09Z,currencyservice,checkoutservice,0,0,0,0,0,0,0
2026-10-04T14:03:09Z,currencyservice,currencyservice,0,0,0,0,0,0,0
2026-10-04T14:03:09Z,currencyservice,emailservice,0,0,0,0,0,0,0
2026-10-04T14:03:09Z,currencyservice,frontend,0,0,0,0,0,0,0
2026-10-04T14:03:09Z,currencyservice,kubernetes,0,0,0,0,0,0,0
2026-10-04T14:03:09Z,currencyservice,paymentservice,0,0,0,0,0,0,0
2026-10-04T14:03:09Z,currencyservice,productcatalogservice,0,0,0,0,0,0,0
2026-10-04T14:03:09Z,currencyservice,recommendationservice,0,0,0,0,0,0,0
2026-10-04T14:03:09Z,currencyservice,redis-cart,0,0,0,0,0,0,0
2026-10-04T14:03:09Z,currencyservice,shippingservice,0,0,0,0,0,0,0
2026-10-04T14:03:09Z,emailservice,adservice,0,0,0,0,0,0,0
2026-10-04T14:03:09Z,emailservice,cartservice,0,0,0,0,0,0,0
2026-10-04T14:03:09Z,emailservice,checkoutservice,0,0,0,0,0,0,0
2026-10-04T14:03:09Z,emailservice,currencyservice,0,0,0,0,0,0,0
2026-10-04T14:03:09Z,emailservice,emailservice,0,0,0,0,0,0,0
2026-10-04T14:03:09Z,emailservice,frontend,0,0,0,0,0,0,0
2026-10-04T14:03:09Z,emailservice,kubernetes,0,0,0,0,0,0,0
2026-10-04T14:03:09Z,emailservice,paymentservice,0,0,0,0,0,0,0
2026-10-04T14:03:09Z,emailservice,productcatalogservice,0,0,0,0,0,0,0
2026-10-04T14:03:09Z,emailservice,recommendationservice,0,0,0,0,0,0,0
2026-10-04T14:03:09Z,emailservice,redis-cart,0,0,0,0,0,0,0
2026-10-04T14:03:09Z,emailservice,shippingservice,0,0,0,0,0,0,0
2026-10-04T14:03:09Z,frontend,adservice,773781,773779,0,0,0,2334061,773779
2026-10-04T14:03:09Z,frontend,cartservice,1730573,1730561,0,0,4,9624535,1730561
2026-10-04T14:03:09Z,frontend,checkoutservice,354811,173691,0,34332,146696,55608828,173690
2026-10-04T14:03:09Z,frontend,currencyservice,2749584,2749577,0,0,0,14589993,2749577
2026-10-04T14:03:09Z,frontend,emailservice,0,0,0,0,0,0,0
2026-10-04T14:03:09Z,frontend,frontend,0,0,0,0,0,0,0
2026-10-04T14:03:09Z,frontend,kubernetes,0,0,0,0,0,0,0
2026-10-04T14:03:09Z,frontend,paymentservice,0,0,0,0,0,0,0
2026-10-04T14:03:09Z,frontend,productcatalogservice,7676840,7676779,0,0,0,52315430,7676779
2026-10-04T14:03:09Z,frontend,recommendationservice,2523996,1524786,0,104145,892890,769956520,1524786
2026-10-04T14:03:09Z,frontend,redis-cart,0,0,0,0,0,0,0
2026-10-04T14:03:09Z,frontend,shippingservice,283787,283785,0,0,0,858241,283785
2026-10-04T14:03:09Z,paymentservice,adservice,0,0,0,0,0,0,0
2026-10-04T14:03:09Z,paymentservice,cartservice,0,0,0,0,0,0,0
2026-10-04T14:03:09Z,paymentservice,checkoutservice,0,0,0,0,0,0,0
2026-10-04T14:03:09Z,paymentservice,currencyservice,0,0,0,0,0,0,0
2026-10-04T14:03:09Z,paymentservice,emailservice,0,0,0,0,0,0,0
2026-10-04T14:03:09Z,paymentservice,frontend,0,0,0,0,0,0,0
2026-10-04T14:03:09Z,paymentservice,kubernetes,0,0,0,0,0,0,0
2026-10-04T14:03:09Z,paymentservice,paymentservice,0,0,0,0,0,0,0
2026-10-04T14:03:09Z,paymentservice,productcatalogservice,0,0,0,0,0,0,0
2026-10-04T14:03:09Z,paymentservice,recommendationservice,0,0,0,0,0,0,0
2026-10-04T14:03:09Z,paymentservice,redis-cart,0,0,0,0,0,0,0
2026-10-04T14:03:09Z,paymentservice,shippingservice,0,0,0,0,0,0,0
2026-10-04T14:03:09Z,productcatalogservice,adservice,0,0,0,0,0,0,0
2026-10-04T14:03:09Z,productcatalogservice,cartservice,0,0,0,0,0,0,0
2026-10-04T14:03:09Z,productcatalogservice,checkoutservice,0,0,0,0,0,0,0
2026-10-04T14:03:09Z,productcatalogservice,currencyservice,0,0,0,0,0,0,0
2026-10-04T14:03:09Z,productcatalogservice,emailservice,0,0,0,0,0,0,0
2026-10-04T14:03:09Z,productcatalogservice,frontend,0,0,0,0,0,0,0
2026-10-04T14:03:09Z,productcatalogservice,kubernetes,0,0,0,0,0,0,0
2026-10-04T14:03:09Z,productcatalogservice,paymentservice,0,0,0,0,0,0,0
2026-10-04T14:03:09Z,productcatalogservice,productcatalogservice,0,0,0,0,0,0,0
2026-10-04T14:03:09Z,productcatalogservice,recommendationservice,0,0,0,0,0,0,0
2026-10-04T14:03:09Z,productcatalogservice,redis-cart,0,0,0,0,0,0,0
2026-10-04T14:03:09Z,productcatalogservice,shippingservice,0,0,0,0,0,0,0
2026-10-04T14:03:09Z,recommendationservice,adservice,0,0,0,0,0,0,0
2026-10-04T14:03:09Z,recommendationservice,cartservice,0,0,0,0,0,0,0
2026-10-04T14:03:09Z,recommendationservice,checkoutservice,0,0,0,0,0,0,0
2026-10-04T14:03:09Z,recommendationservice,currencyservice,0,0,0,0,0,0,0
2026-10-04T14:03:09Z,recommendationservice,emailservice,0,0,0,0,0,0,0
2026-10-04T14:03:09Z,recommendationservice,frontend,0,0,0,0,0,0,0
2026-10-04T14:03:09Z,recommendationservice,kubernetes,0,0,0,0,0,0,0
2026-10-04T14:03:09Z,recommendationservice,paymentservice,0,0,0,0,0,0,0
2026-10-04T14:03:09Z,recommendationservice,productcatalogservice,0,0,0,0,0,0,0
2026-10-04T14:03:09Z,recommendationservice,recommendationservice,0,0,0,0,0,0,0
2026-10-04T14:03:09Z,recommendationservice,redis-cart,0,0,0,0,0,0,0
2026-10-04T14:03:09Z,recommendationservice,shippingservice,0,0,0,0,0,0,0
2026-10-04T14:03:09Z,redis-cart,adservice,0,0,0,0,0,0,0
2026-10-04T14:03:09Z,redis-cart,cartservice,0,0,0,0,0,0,0
2026-10-04T14:03:09Z,redis-cart,checkoutservice,0,0,0,0,0,0,0
2026-10-04T14:03:09Z,redis-cart,currencyservice,0,0,0,0,0,0,0
2026-10-04T14:03:09Z,redis-cart,emailservice,0,0,0,0,0,0,0
2026-10-04T14:03:09Z,redis-cart,frontend,0,0,0,0,0,0,0
2026-10-04T14:03:09Z,redis-cart,kubernetes,0,0,0,0,0,0,0
2026-10-04T14:03:09Z,redis-cart,paymentservice,0,0,0,0,0,0,0
2026-10-04T14:03:09Z,redis-cart,productcatalogservice,0,0,0,0,0,0,0
2026-10-04T14:03:09Z,redis-cart,recommendationservice,0,0,0,0,0,0,0
2026-10-04T14:03:09Z,redis-cart,redis-cart,0,0,0,0,0,0,0
2026-10-04T14:03:09Z,redis-cart,shippingservice,0,0,0,0,0,0,0
2026-10-04T14:03:09Z,shippingservice,adservice,0,0,0,0,0,0,0
2026-10-04T14:03:09Z,shippingservice,cartservice,0,0,0,0,0,0,0
2026-10-04T14:03:09Z,shippingservice,checkoutservice,0,0,0,0,0,0,0
2026-10-04T14:03:09Z,shippingservice,currencyservice,0,0,0,0,0,0,0
2026-10-04T14:03:09Z,shippingservice,emailservice,0,0,0,0,0,0,0
2026-10-04T14:03:09Z,shippingservice,frontend,0,0,0,0,0,0,0
2026-10-04T14:03:09Z,shippingservice,kubernetes,0,0,0,0,0,0,0
2026-10-04T14:03:09Z,shippingservice,paymentservice,0,0,0,0,0,0,0
2026-10-04T14:03:09Z,shippingservice,productcatalogservice,0,0,0,0,0,0,0
2026-10-04T14:03:09Z,shippingservice,recommendationservice,0,0,0,0,0,0,0
2026-10-04T14:03:09Z,shippingservice,redis-cart,0,0,0,0,0,0,0
2026-10-04T14:03:09Z,shippingservice,shippingservice,0,0,0,0,0,0,0
2026-10-04T14:03:10Z,adservice,adservice,0,0,0,0,0,0,0
2026-10-04T14:03:10Z,adservice,cartservice,0,0,0,0,0,0,0
2026-10-04T14:03:10Z,adservice,checkoutservice,0,0,0,0,0,0,0
2026-10-04T14:03:10Z,adservice,currencyservice,0,0,0,0,0,0,0
2026-10-04T14:03:10Z,adservice,emailservice,0,0,0,0,0,0,0
2026-10-04T14:03:10Z,adservice,frontend,0,0,0,0,0,0,0
2026-10-04T14:03:10Z,adservice,kubernetes,0,0,0,0,0,0,0
2026-10-04T14:03:10Z,adservice,paymentservice,0,0,0,0,0,0,0
2026-10-04T14:03:10Z,adservice,productcatalogservice,0,0,0,0,0,0,0
2026-10-04T14:03:10Z,adservice,recommendationservice,0,0,0,0,0,0,0
2026-10-04T14:03:10Z,adservice,redis-cart,0,0,0,0,0,0,0
2026-10-04T14:03:10Z,adservice,shippingservice,0,0,0,0,0,0,0
2026-10-04T14:03:10Z,cartservice,adservice,0,0,0,0,0,0,0
2026-10-04T14:03:10Z,cartservice,cartservice,0,0,0,0,0,0,0
2026-10-04T14:03:10Z,cartservice,checkoutservice,0,0,0,0,0,0,0
2026-10-04T14:03:10Z,cartservice,currencyservice,0,0,0,0,0,0,0
2026-10-04T14:03:10Z,cartservice,emailservice,0,0,0,0,0,0,0
2026-10-04T14:03:10Z,cartservice,frontend,0,0,0,0,0,0,0
2026-10-04T14:03:10Z,cartservice,kubernetes,0,0,0,0,0,0,0
2026-10-04T14:03:10Z,cartservice,paymentservice,0,0,0,0,0,0,0
2026-10-04T14:03:10Z,cartservice,productcatalogservice,0,0,0,0,0,0,0
2026-10-04T14:03:10Z,cartservice,recommendationservice,0,0,0,0,0,0,0
2026-10-04T14:03:10Z,cartservice,redis-cart,2,0,0,0,0,0,0
2026-10-04T14:03:10Z,cartservice,shippingservice,0,0,0,0,0,0,0
2026-10-04T14:03:10Z,checkoutservice,adservice,0,0,0,0,0,0,0
2026-10-04T14:03:10Z,checkoutservice,cartservice,0,0,0,0,0,0,0
2026-10-04T14:03:10Z,checkoutservice,checkoutservice,0,0,0,0,0,0,0
2026-10-04T14:03:10Z,checkoutservice,currencyservice,0,0,0,0,0,0,0
2026-10-04T14:03:10Z,checkoutservice,emailservice,0,0,0,0,0,0,0
2026-10-04T14:03:10Z,checkoutservice,frontend,0,0,0,0,0,0,0
2026-10-04T14:03:10Z,checkoutservice,kubernetes,0,0,0,0,0,0,0
2026-10-04T14:03:10Z,checkoutservice,paymentservice,0,0,0,0,0,0,0
2026-10-04T14:03:10Z,checkoutservice,productcatalogservice,0,0,0,0,0,0,0
2026-10-04T14:03:10Z,checkoutservice,recommendationservice,0,0,0,0,0,0,0
2026-10-04T14:03:10Z,checkoutservice,redis-cart,0,0,0,0,0,0,0
2026-10-04T14:03:10Z,checkoutservice,shippingservice,0,0,0,0,0,0,0
2026-10-04T14:03:10Z,currencyservice,adservice,0,0,0,0,0,0,0
2026-10-04T14:03:10Z,currencyservice,cartservice,0,0,0,0,0,0,0
2026-10-04T14:03:10Z,currencyservice,checkoutservice,0,0,0,0,0,0,0
2026-10-04T14:03:10Z,currencyservice,currencyservice,0,0,0,0,0,0,0
2026-10-04T14:03:10Z,currencyservice,emailservice,0,0,0,0,0,0,0
2026-10-04T14:03:10Z,currencyservice,frontend,0,0,0,0,0,0,0
2026-10-04T14:03:10Z,currencyservice,kubernetes,0,0,0,0,0,0,0
2026-10-04T14:03:10Z,currencyservice,paymentservice,0,0,0,0,0,0,0
2026-10-04T14:03:10Z,currencyservice,productcatalogservice,0,0,0,0,0,0,0
2026-10-04T14:03:10Z,currencyservice,recommendationservice,0,0,0,0,0,0,0
2026-10-04T14:03:10Z,currencyservice,redis-cart,0,0,0,0,0,0,0
2026-10-04T14:03:10Z,currencyservice,shippingservice,0,0,0,0,0,0,0
2026-10-04T14:03:10Z,emailservice,adservice,0,0,0,0,0,0,0
2026-10-04T14:03:10Z,emailservice,cartservice,0,0,0,0,0,0,0
2026-10-04T14:03:10Z,emailservice,checkoutservice,0,0,0,0,0,0,0
2026-10-04T14:03:10Z,emailservice,currencyservice,0,0,0,0,0,0,0
2026-10-04T14:03:10Z,emailservice,emailservice,0,0,0,0,0,0,0
2026-10-04T14:03:10Z,emailservice,frontend,0,0,0,0,0,0,0
2026-10-04T14:03:10Z,emailservice,kubernetes,0,0,0,0,0,0,0
2026-10-04T14:03:10Z,emailservice,paymentservice,0,0,0,0,0,0,0
2026-10-04T14:03:10Z,emailservice,productcatalogservice,0,0,0,0,0,0,0
2026-10-04T14:03:10Z,emailservice,recommendationservice,0,0,0,0,0,0,0
2026-10-04T14:03:10Z,emailservice,redis-cart,0,0,0,0,0,0,0
2026-10-04T14:03:10Z,emailservice,shippingservice,0,0,0,0,0,0,0
2026-10-04T14:03:10Z,frontend,adservice,773781,773779,0,0,0,2334061,773779
2026-10-04T14:03:10Z,frontend,cartservice,1730573,1730561,0,0,4,9624535,1730561
2026-10-04T14:03:10Z,frontend,checkoutservice,354811,173691,0,34332,146696,55608828,173690
2026-10-04T14:03:10Z,frontend,currencyservice,2749584,2749577,0,0,0,14589993,2749577
2026-10-04T14:03:10Z,frontend,emailservice,0,0,0,0,0,0,0
2026-10-04T14:03:10Z,frontend,frontend,0,0,0,0,0,0,0
2026-10-04T14:03:10Z,frontend,kubernetes,0,0,0,0,0,0,0
2026-10-04T14:03:10Z,frontend,paymentservice,0,0,0,0,0,0,0
2026-10-04T14:03:10Z,frontend,productcatalogservice,7676840,7676779,0,0,0,52315430,7676779
2026-10-04T14:03:10Z,frontend,recommendationservice,2523996,1524786,0,104145,892890,769956520,1524786
2026-10-04T14:03:10Z,frontend,redis-cart,0,0,0,0,0,0,0
2026-10-04T14:03:10Z,frontend,shippingservice,283787,283785,0,0,0,858241,283785
2026-10-04T14:03:10Z,paymentservice,adservice,0,0,0,0,0,0,0
2026-10-04T14:03:10Z,paymentservice,cartservice,0,0,0,0,0,0,0
2026-10-04T14:03:10Z,paymentservice,checkoutservice,0,0,0,0,0,0,0
2026-10-04T14:03:10Z,paymentservice,currencyservice,0,0,0,0,0,0,0
2026-10-04T14:03:10Z,paymentservice,emailservice,0,0,0,0,0,0,0
2026-10-04T14:03:10Z,paymentservice,frontend,0,0,0,0,0,0,0
2026-10-04T14:03:10Z,paymentservice,kubernetes,0,0,0,0,0,0,0
2026-10-04T14:03:10Z,paymentservice,paymentservice,0,0,0,0,0,0,0
2026-10-04T14:03:10Z,paymentservice,productcatalogservice,0,0,0,0,0,0,0
2026-10-04T14:03:10Z,paymentservice,recommendationservice,0,0,0,0,0,0,0
2026-10-04T14:03:10Z,paymentservice,redis-cart,0,0,0,0,0,0,0
2026-10-04T14:03:10Z,paymentservice,shippingservice,0,0,0,0,0,0,0
2026-10-04T14:03:10Z,productcatalogservice,adservice,0,0,0,0,0,0,0
2026-10-04T14:03:10Z,productcatalogservice,cartservice,0,0,0,0,0,0,0
2026-10-04T14:03:10Z,productcatalogservice,checkoutservice,0,0,0,0,0,0,0
2026-10-04T14:03:10Z,productcatalogservice,currencyservice,0,0,0,0,0,0,0
2026-10-04T14:03:10Z,productcatalogservice,emailservice,0,0,0,0,0,0,0
2026-10-04T14:03:10Z,productcatalogservice,frontend,0,0,0,0,0,0,0
2026-10-04T14:03:10Z,productcatalogservice,kubernetes,0,0,0,0,0,0,0
2026-10-04T14:03:10Z,productcatalogservice,paymentservice,0,0,0,0,0,0,0
2026-10-04T14:03:10Z,productcatalogservice,productcatalogservice,0,0,0,0,0,0,0
2026-10-04T14:03:10Z,productcatalogservice,recommendationservice,0,0,0,0,0,0,0
2026-10-04T14:03:10Z,productcatalogservice,redis-cart,0,0,0,0,0,0,0
2026-10-04T14:03:10Z,productcatalogservice,shippingservice,0,0,0,0,0,0,0
2026-10-04T14:03:10Z,recommendationservice,adservice,0,0,0,0,0,0,0
2026-10-04T14:03:10Z,recommendationservice,cartservice,0,0,0,0,0,0,0
2026-10-04T14:03:10Z,recommendationservice,checkoutservice,0,0,0,0,0,0,0
2026-10-04T14:03:10Z,recommendationservice,currencyservice,0,0,0,0,0,0,0
2026-10-04T14:03:10Z,recommendationservice,emailservice,0,0,0,0,0,0,0
2026-10-04T14:03:10Z,recommendationservice,frontend,0,0,0,0,0,0,0
2026-10-04T14:03:10Z,recommendationservice,kubernetes,0,0,0,0,0,0,0
2026-10-04T14:03:10Z,recommendationservice,paymentservice,0,0,0,0,0,0,0
2026-10-04T14:03:10Z,recommendationservice,productcatalogservice,0,0,0,0,0,0,0
2026-10-04T14:03:10Z,recommendationservice,recommendationservice,0,0,0,0,0,0,0
2026-10-04T14:03:10Z,recommendationservice,redis-cart,0,0,0,0,0,0,0
2026-10-04T14:03:10Z,recommendationservice,shippingservice,0,0,0,0,0,0,0
2026-10-04T14:03:10Z,redis-cart,adservice,0,0,0,0,0,0,0
2026-10-04T14:03:10Z,redis-cart,cartservice,0,0,0,0,0,0,0
2026-10-04T14:03:10Z,redis-cart,checkoutservice,0,0,0,0,0,0,0
2026-10-04T14:03:10Z,redis-cart,currencyservice,0,0,0,0,0,0,0
2026-10-04T14:03:10Z,redis-cart,emailservice,0,0,0,0,0,0,0
2026-10-04T14:03:10Z,redis-cart,frontend,0,0,0,0,0,0,0
2026-10-04T14:03:10Z,redis-cart,kubernetes,0,0,0,0,0,0,0
2026-10-04T14:03:10Z,redis-cart,paymentservice,0,0,0,0,0,0,0
2026-10-04T14:03:10Z,redis-cart,productcatalogservice,0,0,0,0,0,0,0
2026-10-04T14:03:10Z,redis-cart,recommendationservice,0,0,0,0,0,0,0
2026-10-04T14:03:10Z,redis-cart,redis-cart,0,0,0,0,0,0,0
2026-10-04T14:03:10Z,redis-cart,shippingservice,0,0,0,0,0,0,0
2026-10-04T14:03:10Z,shippingservice,adservice,0,0,0,0,0,0,0
2026-10-04T14:03:10Z,shippingservice,cartservice,0,0,0,0,0,0,0
2026-10-04T14:03:10Z,shippingservice,checkoutservice,0,0,0,0,0,0,0
2026-10-04T14:03:10Z,shippingservice,currencyservice,0,0,0,0,0,0,0
2026-10-04T14:03:10Z,shippingservice,emailservice,0,0,0,0,0,0,0
2026-10-04T14:03:10Z,shippingservice,frontend,0,0,0,0,0,0,0
2026-10-04T14:03:10Z,shippingservice,kubernetes,0,0,0,0,0,0,0
2026-10-04T14:03:10Z,shippingservice,paymentservice,0,0,0,0,0,0,0
2026-10-04T14:03:10Z,shippingservice,productcatalogservice,0,0,0,0,0,0,0
2026-10-04T14:03:10Z,shippingservice,recommendationservice,0,0,0,0,0,0,0
2026-10-04T14:03:10Z,shippingservice,redis-cart,0,0,0,0,0,0,0
2026-10-04T14:03:10Z,shippingservice,shippingservice,0,0,0,0,0,0,0
2026-10-04T14:03:11Z,adservice,adservice,0,0,0,0,0,0,0
2026-10-04T14:03:11Z,adservice,cartservice,0,0,0,0,0,0,0
2026-10-04T14:03:11Z,adservice,checkoutservice,0,0,0,0,0,0,0
2026-10-04T14:03:11Z,adservice,currencyservice,0,0,0,0,0,0,0
2026-10-04T14:03:11Z,adservice,emailservice,0,0,0,0,0,0,0
2026-10-04T14:03:11Z,adservice,frontend,0,0,0,0,0,0,0
2026-10-04T14:03:11Z,adservice,kubernetes,0,0,0,0,0,0,0
2026-10-04T14:03:11Z,adservice,paymentservice,0,0,0,0,0,0,0
2026-10-04T14:03:11Z,adservice,productcatalogservice,0,0,0,0,0,0,0
2026-10-04T14:03:11Z,adservice,recommendationservice,0,0,0,0,0,0,0
2026-10-04T14:03:11Z,adservice,redis-cart,0,0,0,0,0,0,0
2026-10-04T14:03:11Z,adservice,shippingservice,0,0,0,0,0,0,0
2026-10-04T14:03:11Z,cartservice,adservice,0,0,0,0,0,0,0
2026-10-04T14:03:11Z,cartservice,cartservice,0,0,0,0,0,0,0
2026-10-04T14:03:11Z,cartservice,checkoutservice,0,0,0,0,0,0,0
2026-10-04T14:03:11Z,cartservice,currencyservice,0,0,0,0,0,0,0
2026-10-04T14:03:11Z,cartservice,emailservice,0,0,0,0,0,0,0
2026-10-04T14:03:11Z,cartservice,frontend,0,0,0,0,0,0,0
2026-10-04T14:03:11Z,cartservice,kubernetes,0,0,0,0,0,0,0
2026-10-04T14:03:11Z,cartservice,paymentservice,0,0,0,0,0,0,0
2026-10-04T14:03:11Z,cartservice,productcatalogservice,0,0,0,0,0,0,0
2026-10-04T14:03:11Z,cartservice,recommendationservice,0,0,0,0,0,0,0
2026-10-04T14:03:11Z,cartservice,redis-cart,2,0,0,0,0,0,0
2026-10-04T14:03:11Z,cartservice,shippingservice,0,0,0,0,0,0,0
2026-10-04T14:03:11Z,checkoutservice,adservice,0,0,0,0,0,0,0
2026-10-04T14:03:11Z,checkoutservice,cartservice,0,0,0,0,0,0,0
2026-10-04T14:03:11Z,checkoutservice,checkoutservice,0,0,0,0,0,0,0
2026-10-04T14:03:11Z,checkoutservice,currencyservice,0,0,0,0,0,0,0
2026-10-04T14:03:11Z,checkoutservice,emailservice,0,0,0,0,0,0,0
2026-10-04T14:03:11Z,checkoutservice,frontend,0,0,0,0,0,0,0
2026-10-04T14:03:11Z,checkoutservice,kubernetes,0,0,0,0,0,0,0
2026-10-04T14:03:11Z,checkoutservice,paymentservice,0,0,0,0,0,0,0
2026-10-04T14:03:11Z,checkoutservice,productcatalogservice,0,0,0,0,0,0,0
2026-10-04T14:03:11Z,checkoutservice,recommendationservice,0,0,0,0,0,0,0
2026-10-04T14:03:11Z,checkoutservice,redis-cart,0,0,0,0,0,0,0
2026-10-04T14:03:11Z,checkoutservice,shippingservice,0,0,0,0,0,0,0
2026-10-04T14:03:11Z,currencyservice,adservice,0,0,0,0,0,0,0
2026-10-04T14:03:11Z,currencyservice,cartservice,0,0,0,0,0,0,0
2026-10-04T14:03:11Z,currencyservice,checkoutservice,0,0,0,0,0,0,0
2026-10-04T14:03:11Z,currencyservice,currencyservice,0,0,0,0,0,0,0
2026-10-04T14:03:11Z,currencyservice,emailservice,0,0,0,0,0,0,0
2026-10-04T14:03:11Z,currencyservice,frontend,0,0,0,0,0,0,0
2026-10-04T14:03:11Z,currencyservice,kubernetes,0,0,0,0,0,0,0
2026-10-04T14:03:11Z,currencyservice,paymentservice,0,0,0,0,0,0,0
2026-10-04T14:03:11Z,currencyservice,productcatalogservice,0,0,0,0,0,0,0
2026-10-04T14:03:11Z,currencyservice,recommendationservice,0,0,0,0,0,0,0
2026-10-04T14:03:11Z,currencyservice,redis-cart,0,0,0,0,0,0,0
2026-10-04T14:03:11Z,currencyservice,shippingservice,0,0,0,0,0,0,0
2026-10-04T14:03:11Z,emailservice,adservice,0,0,0,0,0,0,0
2026-10-04T14:03:11Z,emailservice,cartservice,0,0,0,0,0,0,0
2026-10-04T14:03:11Z,emailservice,checkoutservice,0,0,0,0,0,0,0
2026-10-04T14:03:11Z,emailservice,currencyservice,0,0,0,0,0,0,0
2026-10-04T14:03:11Z,emailservice,emailservice,0,0,0,0,0,0,0
2026-10-04T14:03:11Z,emailservice,frontend,0,0,0,0,0,0,0
2026-10-04T14:03:11Z,emailservice,kubernetes,0,0,0,0,0,0,0
2026-10-04T14:03:11Z,emailservice,paymentservice,0,0,0,0,0,0,0
2026-10-04T14:03:11Z,emailservice,productcatalogservice,0,0,0,0,0,0,0
2026-10-04T14:03:11Z,emailservice,recommendationservice,0,0,0,0,0,0,0
2026-10-04T14:03:11Z,emailservice,redis-cart,0,0,0,0,0,0,0
2026-10-04T14:03:11Z,emailservice,shippingservice,0,0,0,0,0,0,0
2026-10-04T14:03:11Z,frontend,adservice,773781,773779,0,0,0,2334061,773779
2026-10-04T14:03:11Z,frontend,cartservice,1730573,1730561,0,0,4,9624535,1730561
2026-10-04T14:03:11Z,frontend,checkoutservice,354811,173691,0,34332,146696,55608828,173690
2026-10-04T14:03:11Z,frontend,currencyservice,2749584,2749577,0,0,0,14589993,2749577
2026-10-04T14:03:11Z,frontend,emailservice,0,0,0,0,0,0,0
2026-10-04T14:03:11Z,frontend,frontend,0,0,0,0,0,0,0
2026-10-04T14:03:11Z,frontend,kubernetes,0,0,0,0,0,0,0
2026-10-04T14:03:11Z,frontend,paymentservice,0,0,0,0,0,0,0
2026-10-04T14:03:11Z,frontend,productcatalogservice,7676840,7676779,0,0,0,52315430,7676779
2026-10-04T14:03:11Z,frontend,recommendationservice,2523996,1524786,0,104145,892890,769956520,1524786
2026-10-04T14:03:11Z,frontend,redis-cart,0,0,0,0,0,0,0
2026-10-04T14:03:11Z,frontend,shippingservice,283787,283785,0,0,0,858241,283785
2026-10-04T14:03:11Z,paymentservice,adservice,0,0,0,0,0,0,0
2026-10-04T14:03:11Z,paymentservice,cartservice,0,0,0,0,0,0,0
2026-10-04T14:03:11Z,paymentservice,checkoutservice,0,0,0,0,0,0,0
2026-10-04T14:03:11Z,paymentservice,currencyservice,0,0,0,0,0,0,0
2026-10-04T14:03:11Z,paymentservice,emailservice,0,0,0,0,0,0,0
2026-10-04T14:03:11Z,paymentservice,frontend,0,0,0,0,0,0,0
2026-10-04T14:03:11Z,paymentservice,kubernetes,0,0,0,0,0,0,0
2026-10-04T14:03:11Z,paymentservice,paymentservice,0,0,0,0,0,0,0
2026-10-04T14:03:11Z,paymentservice,productcatalogservice,0,0,0,0,0,0,0
2026-10-04T14:03:11Z,paymentservice,recommendationservice,0,0,0,0,0,0,0
2026-10-04T14:03:11Z,paymentservice,redis-cart,0,0,0,0,0,0,0
2026-10-04T14:03:11Z,paymentservice,shippingservice,0,0,0,0,0,0,0
2026-10-04T14:03:11Z,productcatalogservice,adservice,0,0,0,0,0,0,0
2026-10-04T14:03:11Z,productcatalogservice,cartservice,0,0,0,0,0,0,0
2026-10-04T14:03:11Z,productcatalogservice,checkoutservice,0,0,0,0,0,0,0
2026-10-04T14:03:11Z,productcatalogservice,currencyservice,0,0,0,0,0,0,0
2026-10-04T14:03:11Z,productcatalogservice,emailservice,0,0,0,0,0,0,0
2026-10-04T14:03:11Z,productcatalogservice,frontend,0,0,0,0,0,0,0
2026-10-04T14:03:11Z,productcatalogservice,kubernetes,0,0,0,0,0,0,0
2026-10-04T14:03:11Z,productcatalogservice,paymentservice,0,0,0,0,0,0,0
2026-10-04T14:03:11Z,productcatalogservice,productcatalogservice,0,0,0,0,0,0,0
2026-10-04T14:03:11Z,productcatalogservice,recommendationservice,0,0,0,0,0,0,0
2026-10-04T14:03:11Z,productcatalogservice,redis-cart,0,0,0,0,0,0,0
2026-10-04T14:03:11Z,productcatalogservice,shippingservice,0,0,0,0,0,0,0
2026-10-04T14:03:11Z,recommendationservice,adservice,0,0,0,0,0,0,0
2026-10-04T14:03:11Z,recommendationservice,cartservice,0,0,0,0,0,0,0
2026-10-04T14:03:11Z,recommendationservice,checkoutservice,0,0,0,0,0,0,0
2026-10-04T14:03:11Z,recommendationservice,currencyservice,0,0,0,0,0,0,0
2026-10-04T14:03:11Z,recommendationservice,emailservice,0,0,0,0,0,0,0
2026-10-04T14:03:11Z,recommendationservice,frontend,0,0,0,0,0,0,0
2026-10-04T14:03:11Z,recommendationservice,kubernetes,0,0,0,0,0,0,0
2026-10-04T14:03:11Z,recommendationservice,paymentservice,0,0,0,0,0,0,0
2026-10-04T14:03:11Z,recommendationservice,productcatalogservice,0,0,0,0,0,0,0
2026-10-04T14:03:11Z,recommendationservice,recommendationservice,0,0,0,0,0,0,0
2026-10-04T14:03:11Z,recommendationservice,redis-cart,0,0,0,0,0,0,0
2026-10-04T14:03:11Z,recommendationservice,shippingservice,0,0,0,0,0,0,0
2026-10-04T14:03:11Z,redis-cart,adservice,0,0,0,0,0,0,0
2026-10-04T14:03:11Z,redis-cart,cartservice,0,0,0,0,0,0,0
2026-10-04T14:03:11Z,redis-cart,checkoutservice,0,0,0,0,0,0,0
2026-10-04T14:03:11Z,redis-cart,currencyservice,0,0,0,0,0,0,0
2026-10-04T14:03:11Z,redis-cart,emailservice,0,0,0,0,0,0,0
2026-10-04T14:03:11Z,redis-cart,frontend,0,0,0,0,0,0,0
2026-10-04T14:03:11Z,redis-cart,kubernetes,0,0,0,0,0,0,0
2026-10-04T14:03:11Z,redis-cart,paymentservice,0,0,0,0,0,0,0
2026-10-04T14:03:11Z,redis-cart,productcatalogservice,0,0,0,0,0,0,0
2026-10-04T14:03:11Z,redis-cart,recommendationservice,0,0,0,0,0,0,0
2026-10-04T14:03:11Z,redis-cart,redis-cart,0,0,0,0,0,0,0
2026-10-04T14:03:11Z,redis-cart,shippingservice,0,0,0,0,0,0,0
2026-10-04T14:03:11Z,shippingservice,adservice,0,0,0,0,0,0,0
2026-10-04T14:03:11Z,shippingservice,cartservice,0,0,0,0,0,0,0
2026-10-04T14:03:11Z,shippingservice,checkoutservice,0,0,0,0,0,0,0
2026-10-04T14:03:11Z,shippingservice,currencyservice,0,0,0,0,0,0,0
2026-10-04T14:03:11Z,shippingservice,emailservice,0,0,0,0,0,0,0
2026-10-04T14:03:11Z,shippingservice,frontend,0,0,0,0,0,0,0
2026-10-04T14:03:11Z,shippingservice,kubernetes,0,0,0,0,0,0,0
2026-10-04T14:03:11Z,shippingservice,paymentservice,0,0,0,0,0,0,0
2026-10-04T14:03:11Z,shippingservice,productcatalogservice,0,0,0,0,0,0,0
2026-10-04T14:03:11Z,shippingservice,recommendationservice,0,0,0,0,0,0,0
2026-10-04T14:03:11Z,shippingservice,redis-cart,0,0,0,0,0,0,0
2026-10-04T14:03:11Z,shippingservice,shippingservice,0,0,0,0,0,0,0
2026-10-04T14:03:12Z,adservice,adservice,0,0,0,0,0,0,0
2026-10-04T14:03:12Z,adservice,cartservice,0,0,0,0,0,0,0
2026-10-04T14:03:12Z,adservice,checkoutservice,0,0,0,0,0,0,0
2026-10-04T14:03:12Z,adservice,currencyservice,0,0,0,0,0,0,0
2026-10-04T14:03:12Z,adservice,emailservice,0,0,0,0,0,0,0
2026-10-04T14:03:12Z,adservice,frontend,0,0,0,0,0,0,0
2026-10-04T14:03:12Z,adservice,kubernetes,0,0,0,0,0,0,0
2026-10-04T14:03:12Z,adservice,paymentservice,0,0,0,0,0,0,0
2026-10-04T14:03:12Z,adservice,productcatalogservice,0,0,0,0,0,0,0
2026-10-04T14:03:12Z,adservice,recommendationservice,0,0,0,0,0,0,0
2026-10-04T14:03:12Z,adservice,redis-cart,0,0,0,0,0,0,0
2026-10-04T14:03:12Z,adservice,shippingservice,0,0,0,0,0,0,0
2026-10-04T14:03:12Z,cartservice,adservice,0,0,0,0,0,0,0
2026-10-04T14:03:12Z,cartservice,cartservice,0,0,0,0,0,0,0
2026-10-04T14:03:12Z,cartservice,checkoutservice,0,0,0,0,0,0,0
2026-10-04T14:03:12Z,cartservice,currencyservice,0,0,0,0,0,0,0
2026-10-04T14:03:12Z,cartservice,emailservice,0,0,0,0,0,0,0
2026-10-04T14:03:12Z,cartservice,frontend,0,0,0,0,0,0,0
2026-10-04T14:03:12Z,cartservice,kubernetes,0,0,0,0,0,0,0
2026-10-04T14:03:12Z,cartservice,paymentservice,0,0,0,0,0,0,0
2026-10-04T14:03:12Z,cartservice,productcatalogservice,0,0,0,0,0,0,0
2026-10-04T14:03:12Z,cartservice,recommendationservice,0,0,0,0,0,0,0
2026-10-04T14:03:12Z,cartservice,redis-cart,2,0,0,0,0,0,0
2026-10-04T14:03:12Z,cartservice,shippingservice,0,0,0,0,0,0,0
2026-10-04T14:03:12Z,checkoutservice,adservice,0,0,0,0,0,0,0
2026-10-04T14:03:12Z,checkoutservice,cartservice,0,0,0,0,0,0,0
2026-10-04T14:03:12Z,checkoutservice,checkoutservice,0,0,0,0,0,0,0
2026-10-04T14:03:12Z,checkoutservice,currencyservice,0,0,0,0,0,0,0
2026-10-04T14:03:12Z,checkoutservice,emailservice,0,0,0,0,0,0,0
2026-10-04T14:03:12Z,checkoutservice,frontend,0,0,0,0,0,0,0
2026-10-04T14:03:12Z,checkoutservice,kubernetes,0,0,0,0,0,0,0
2026-10-04T14:03:12Z,checkoutservice,paymentservice,0,0,0,0,0,0,0
2026-10-04T14:03:12Z,checkoutservice,productcatalogservice,0,0,0,0,0,0,0
2026-10-04T14:03:12Z,checkoutservice,recommendationservice,0,0,0,0,0,0,0
2026-10-04T14:03:12Z,checkoutservice,redis-cart,0,0,0,0,0,0,0
2026-10-04T14:03:12Z,checkoutservice,shippingservice,0,0,0,0,0,0,0
2026-10-04T14:03:12Z,currencyservice,adservice,0,0,0,0,0,0,0
2026-10-04T14:03:12Z,currencyservice,cartservice,0,0,0,0,0,0,0
2026-10-04T14:03:12Z,currencyservice,checkoutservice,0,0,0,0,0,0,0
2026-10-04T14:03:12Z,currencyservice,currencyservice,0,0,0,0,0,0,0
2026-10-04T14:03:12Z,currencyservice,emailservice,0,0,0,0,0,0,0
2026-10-04T14:03:12Z,currencyservice,frontend,0,0,0,0,0,0,0
2026-10-04T14:03:12Z,currencyservice,kubernetes,0,0,0,0,0,0,0
2026-10-04T14:03:12Z,currencyservice,paymentservice,0,0,0,0,0,0,0
2026-10-04T14:03:12Z,currencyservice,productcatalogservice,0,0,0,0,0,0,0
2026-10-04T14:03:12Z,currencyservice,recommendationservice,0,0,0,0,0,0,0
2026-10-04T14:03:12Z,currencyservice,redis-cart,0,0,0,0,0,0,0
2026-10-04T14:03:12Z,currencyservice,shippingservice,0,0,0,0,0,0,0
2026-10-04T14:03:12Z,emailservice,adservice,0,0,0,0,0,0,0
2026-10-04T14:03:12Z,emailservice,cartservice,0,0,0,0,0,0,0
2026-10-04T14:03:12Z,emailservice,checkoutservice,0,0,0,0,0,0,0
2026-10-04T14:03:12Z,emailservice,currencyservice,0,0,0,0,0,0,0
2026-10-04T14:03:12Z,emailservice,emailservice,0,0,0,0,0,0,0
2026-10-04T14:03:12Z,emailservice,frontend,0,0,0,0,0,0,0
2026-10-04T14:03:12Z,emailservice,kubernetes,0,0,0,0,0,0,0
2026-10-04T14:03:12Z,emailservice,paymentservice,0,0,0,0,0,0,0
2026-10-04T14:03:12Z,emailservice,productcatalogservice,0,0,0,0,0,0,0
2026-10-04T14:03:12Z,emailservice,recommendationservice,0,0,0,0,0,0,0
2026-10-04T14:03:12Z,emailservice,redis-cart,0,0,0,0,0,0,0
2026-10-04T14:03:12Z,emailservice,shippingservice,0,0,0,0,0,0,0
2026-10-04T14:03:12Z,frontend,adservice,773781,773779,0,0,0,2334061,773779
2026-10-04T14:03:12Z,frontend,cartservice,1730573,1730561,0,0,4,9624535,1730561
2026-10-04T14:03:12Z,frontend,checkoutservice,354811,173691,0,34332,146696,55608828,173690
2026-10-04T14:03:12Z,frontend,currencyservice,2749584,2749577,0,0,0,14589993,2749577
2026-10-04T14:03:12Z,frontend,emailservice,0,0,0,0,0,0,0
2026-10-04T14:03:12Z,frontend,frontend,0,0,0,0,0,0,0
2026-10-04T14:03:12Z,frontend,kubernetes,0,0,0,0,0,0,0
2026-10-04T14:03:12Z,frontend,paymentservice,0,0,0,0,0,0,0
2026-10-04T14:03:12Z,frontend,productcatalogservice,7676840,7676779,0,0,0,52315430,7676779
2026-10-04T14:03:12Z,frontend,recommendationservice,2523996,1524786,0,104145,892890,769956520,1524786
2026-10-04T14:03:12Z,frontend,redis-cart,0,0,0,0,0,0,0
2026-10-04T14:03:12Z,frontend,shippingservice,283787,283785,0,0,0,858241,283785
2026-10-04T14:03:12Z,paymentservice,adservice,0,0,0,0,0,0,0
2026-10-04T14:03:12Z,paymentservice,cartservice,0,0,0,0,0,0,0
2026-10-04T14:03:12Z,paymentservice,checkoutservice,0,0,0,0,0,0,0
2026-10-04T14:03:12Z,paymentservice,currencyservice,0,0,0,0,0,0,0
2026-10-04T14:03:12Z,paymentservice,emailservice,0,0,0,0,0,0,0
2026-10-04T14:03:12Z,paymentservice,frontend,0,0,0,0,0,0,0
2026-10-04T14:03:12Z,paymentservice,kubernetes,0,0,0,0,0,0,0
2026-10-04T14:03:12Z,paymentservice,paymentservice,0,0,0,0,0,0,0
2026-10-04T14:03:12Z,paymentservice,productcatalogservice,0,0,0,0,0,0,0
2026-10-04T14:03:12Z,paymentservice,recommendationservice,0,0,0,0,0,0,0
2026-10-04T14:03:12Z,paymentservice,redis-cart,0,0,0,0,0,0,0
2026-10-04T14:03:12Z,paymentservice,shippingservice,0,0,0,0,0,0,0
2026-10-04T14:03:12Z,productcatalogservice,adservice,0,0,0,0,0,0,0
2026-10-04T14:03:12Z,productcatalogservice,cartservice,0,0,0,0,0,0,0
2026-10-04T14:03:12Z,productcatalogservice,checkoutservice,0,0,0,0,0,0,0
2026-10-04T14:03:12Z,productcatalogservice,currencyservice,0,0,0,0,0,0,0
2026-10-04T14:03:12Z,productcatalogservice,emailservice,0,0,0,0,0,0,0
2026-10-04T14:03:12Z,productcatalogservice,frontend,0,0,0,0,0,0,0
2026-10-04T14:03:12Z,productcatalogservice,kubernetes,0,0,0,0,0,0,0
2026-10-04T14:03:12Z,productcatalogservice,paymentservice,0,0,0,0,0,0,0
2026-10-04T14:03:12Z,productcatalogservice,productcatalogservice,0,0,0,0,0,0,0
2026-10-04T14:03:12Z,productcatalogservice,recommendationservice,0,0,0,0,0,0,0
2026-10-04T14:03:12Z,productcatalogservice,redis-cart,0,0,0,0,0,0,0
2026-10-04T14:03:12Z,productcatalogservice,shippingservice,0,0,0,0,0,0,0
2026-10-04T14:03:12Z,recommendationservice,adservice,0,0,0,0,0,0,0
2026-10-04T14:03:12Z,recommendationservice,cartservice,0,0,0,0,0,0,0
2026-10-04T14:03:12Z,recommendationservice,checkoutservice,0,0,0,0,0,0,0
2026-10-04T14:03:12Z,recommendationservice,currencyservice,0,0,0,0,0,0,0
2026-10-04T14:03:12Z,recommendationservice,emailservice,0,0,0,0,0,0,0
2026-10-04T14:03:12Z,recommendationservice,frontend,0,0,0,0,0,0,0
2026-10-04T14:03:12Z,recommendationservice,kubernetes,0,0,0,0,0,0,0
2026-10-04T14:03:12Z,recommendationservice,paymentservice,0,0,0,0,0,0,0
2026-10-04T14:03:12Z,recommendationservice,productcatalogservice,0,0,0,0,0,0,0
2026-10-04T14:03:12Z,recommendationservice,recommendationservice,0,0,0,0,0,0,0
2026-10-04T14:03:12Z,recommendationservice,redis-cart,0,0,0,0,0,0,0
2026-10-04T14:03:12Z,recommendationservice,shippingservice,0,0,0,0,0,0,0
2026-10-04T14:03:12Z,redis-cart,adservice,0,0,0,0,0,0,0
2026-10-04T14:03:12Z,redis-cart,cartservice,0,0,0,0,0,0,0
2026-10-04T14:03:12Z,redis-cart,checkoutservice,0,0,0,0,0,0,0
2026-10-04T14:03:12Z,redis-cart,currencyservice,0,0,0,0,0,0,0
2026-10-04T14:03:12Z,redis-cart,emailservice,0,0,0,0,0,0,0
2026-10-04T14:03:12Z,redis-cart,frontend,0,0,0,0,0,0,0
2026-10-04T14:03:12Z,redis-cart,kubernetes,0,0,0,0,0,0,0
2026-10-04T14:03:12Z,redis-cart,paymentservice,0,0,0,0,0,0,0
2026-10-04T14:03:12Z,redis-cart,productcatalogservice,0,0,0,0,0,0,0
2026-10-04T14:03:12Z,redis-cart,recommendationservice,0,0,0,0,0,0,0
2026-10-04T14:03:12Z,redis-cart,redis-cart,0,0,0,0,0,0,0
2026-10-04T14:03:12Z,redis-cart,shippingservice,0,0,0,0,0,0,0
2026-10-04T14:03:12Z,shippingservice,adservice,0,0,0,0,0,0,0
2026-10-04T14:03:12Z,shippingservice,cartservice,0,0,0,0,0,0,0
2026-10-04T14:03:12Z,shippingservice,checkoutservice,0,0,0,0,0,0,0
2026-10-04T14:03:12Z,shippingservice,currencyservice,0,0,0,0,0,0,0
2026-10-04T14:03:12Z,shippingservice,emailservice,0,0,0,0,0,0,0
2026-10-04T14:03:12Z,shippingservice,frontend,0,0,0,0,0,0,0
2026-10-04T14:03:12Z,shippingservice,kubernetes,0,0,0,0,0,0,0
2026-10-04T14:03:12Z,shippingservice,paymentservice,0,0,0,0,0,0,0
2026-10-04T14:03:12Z,shippingservice,productcatalogservice,0,0,0,0,0,0,0
2026-10-04T14:03:12Z,shippingservice,recommendationservice,0,0,0,0,0,0,0
2026-10-04T14:03:12Z,shippingservice,redis-cart,0,0,0,0,0,0,0
2026-10-04T14:03:12Z,shippingservice,shippingservice,0,0,0,0,0,0,0
2026-10-04T14:03:13Z,adservice,adservice,0,0,0,0,0,0,0
2026-10-04T14:03:13Z,adservice,cartservice,0,0,0,0,0,0,0
2026-10-04T14:03:13Z,adservice,checkoutservice,0,0,0,0,0,0,0
2026-10-04T14:03:13Z,adservice,currencyservice,0,0,0,0,0,0,0
2026-10-04T14:03:13Z,adservice,emailservice,0,0,0,0,0,0,0
2026-10-04T14:03:13Z,adservice,frontend,0,0,0,0,0,0,0
2026-10-04T14:03:13Z,adservice,kubernetes,0,0,0,0,0,0,0
2026-10-04T14:03:13Z,adservice,paymentservice,0,0,0,0,0,0,0
2026-10-04T14:03:13Z,adservice,productcatalogservice,0,0,0,0,0,0,0
2026-10-04T14:03:13Z,adservice,recommendationservice,0,0,0,0,0,0,0
2026-10-04T14:03:13Z,adservice,redis-cart,0,0,0,0,0,0,0
2026-10-04T14:03:13Z,adservice,shippingservice,0,0,0,0,0,0,0
2026-10-04T14:03:13Z,cartservice,adservice,0,0,0,0,0,0,0
2026-10-04T14:03:13Z,cartservice,cartservice,0,0,0,0,0,0,0
2026-10-04T14:03:13Z,cartservice,checkoutservice,0,0,0,0,0,0,0
2026-10-04T14:03:13Z,cartservice,currencyservice,0,0,0,0,0,0,0
2026-10-04T14:03:13Z,cartservice,emailservice,0,0,0,0,0,0,0
2026-10-04T14:03:13Z,cartservice,frontend,0,0,0,0,0,0,0
2026-10-04T14:03:13Z,cartservice,kubernetes,0,0,0,0,0,0,0
2026-10-04T14:03:13Z,cartservice,paymentservice,0,0,0,0,0,0,0
2026-10-04T14:03:13Z,cartservice,productcatalogservice,0,0,0,0,0,0,0
2026-10-04T14:03:13Z,cartservice,recommendationservice,0,0,0,0,0,0,0
2026-10-04T14:03:13Z,cartservice,redis-cart,2,0,0,0,0,0,0
2026-10-04T14:03:13Z,cartservice,shippingservice,0,0,0,0,0,0,0
2026-10-04T14:03:13Z,checkoutservice,adservice,0,0,0,0,0,0,0
2026-10-04T14:03:13Z,checkoutservice,cartservice,0,0,0,0,0,0,0
2026-10-04T14:03:13Z,checkoutservice,checkoutservice,0,0,0,0,0,0,0
2026-10-04T14:03:13Z,checkoutservice,currencyservice,0,0,0,0,0,0,0
2026-10-04T14:03:13Z,checkoutservice,emailservice,0,0,0,0,0,0,0
2026-10-04T14:03:13Z,checkoutservice,frontend,0,0,0,0,0,0,0
2026-10-04T14:03:13Z,checkoutservice,kubernetes,0,0,0,0,0,0,0
2026-10-04T14:03:13Z,checkoutservice,paymentservice,0,0,0,0,0,0,0
2026-10-04T14:03:13Z,checkoutservice,productcatalogservice,0,0,0,0,0,0,0
2026-10-04T14:03:13Z,checkoutservice,recommendationservice,0,0,0,0,0,0,0
2026-10-04T14:03:13Z,checkoutservice,redis-cart,0,0,0,0,0,0,0
2026-10-04T14:03:13Z,checkoutservice,shippingservice,0,0,0,0,0,0,0
2026-10-04T14:03:13Z,currencyservice,adservice,0,0,0,0,0,0,0
2026-10-04T14:03:13Z,currencyservice,cartservice,0,0,0,0,0,0,0
2026-10-04T14:03:13Z,currencyservice,checkoutservice,0,0,0,0,0,0,0
2026-10-04T14:03:13Z,currencyservice,currencyservice,0,0,0,0,0,0,0
2026-10-04T14:03:13Z,currencyservice,emailservice,0,0,0,0,0,0,0
2026-10-04T14:03:13Z,currencyservice,frontend,0,0,0,0,0,0,0
2026-10-04T14:03:13Z,currencyservice,kubernetes,0,0,0,0,0,0,0
2026-10-04T14:03:13Z,currencyservice,paymentservice,0,0,0,0,0,0,0
2026-10-04T14:03:13Z,currencyservice,productcatalogservice,0,0,0,0,0,0,0
2026-10-04T14:03:13Z,currencyservice,recommendationservice,0,0,0,0,0,0,0
2026-10-04T14:03:13Z,currencyservice,redis-cart,0,0,0,0,0,0,0
2026-10-04T14:03:13Z,currencyservice,shippingservice,0,0,0,0,0,0,0
2026-10-04T14:03:13Z,emailservice,adservice,0,0,0,0,0,0,0
2026-10-04T14:03:13Z,emailservice,cartservice,0,0,0,0,0,0,0
2026-10-04T14:03:13Z,emailservice,checkoutservice,0,0,0,0,0,0,0
2026-10-04T14:03:13Z,emailservice,currencyservice,0,0,0,0,0,0,0
2026-10-04T14:03:13Z,emailservice,emailservice,0,0,0,0,0,0,0
2026-10-04T14:03:13Z,emailservice,frontend,0,0,0,0,0,0,0
2026-10-04T14:03:13Z,emailservice,kubernetes,0,0,0,0,0,0,0
2026-10-04T14:03:13Z,emailservice,paymentservice,0,0,0,0,0,0,0
2026-10-04T14:03:13Z,emailservice,productcatalogservice,0,0,0,0,0,0,0
2026-10-04T14:03:13Z,emailservice,recommendationservice,0,0,0,0,0,0,0
2026-10-04T14:03:13Z,emailservice,redis-cart,0,0,0,0,0,0,0
2026-10-04T14:03:13Z,emailservice,shippingservice,0,0,0,0,0,0,0
2026-10-04T14:03:13Z,frontend,adservice,773781,773779,0,0,0,2334061,773779
2026-10-04T14:03:13Z,frontend,cartservice,1730573,1730561,0,0,4,9624535,1730561
2026-10-04T14:03:13Z,frontend,checkoutservice,354811,173691,0,34332,146696,55608828,173690
2026-10-04T14:03:13Z,frontend,currencyservice,2749584,2749577,0,0,0,14589993,2749577
2026-10-04T14:03:13Z,frontend,emailservice,0,0,0,0,0,0,0
2026-10-04T14:03:13Z,frontend,frontend,0,0,0,0,0,0,0
2026-10-04T14:03:13Z,frontend,kubernetes,0,0,0,0,0,0,0
2026-10-04T14:03:13Z,frontend,paymentservice,0,0,0,0,0,0,0
2026-10-04T14:03:13Z,frontend,productcatalogservice,7676840,7676779,0,0,0,52315430,7676779
2026-10-04T14:03:13Z,frontend,recommendationservice,2523996,1524786,0,104145,892890,769956520,1524786
2026-10-04T14:03:13Z,frontend,redis-cart,0,0,0,0,0,0,0
2026-10-04T14:03:13Z,frontend,shippingservice,283787,283785,0,0,0,858241,283785
2026-10-04T14:03:13Z,paymentservice,adservice,0,0,0,0,0,0,0
2026-10-04T14:03:13Z,paymentservice,cartservice,0,0,0,0,0,0,0
2026-10-04T14:03:13Z,paymentservice,checkoutservice,0,0,0,0,0,0,0
2026-10-04T14:03:13Z,paymentservice,currencyservice,0,0,0,0,0,0,0
2026-10-04T14:03:13Z,paymentservice,emailservice,0,0,0,0,0,0,0
2026-10-04T14:03:13Z,paymentservice,frontend,0,0,0,0,0,0,0
2026-10-04T14:03:13Z,paymentservice,kubernetes,0,0,0,0,0,0,0
2026-10-04T14:03:13Z,paymentservice,paymentservice,0,0,0,0,0,0,0
2026-10-04T14:03:13Z,paymentservice,productcatalogservice,0,0,0,0,0,0,0
2026-10-04T14:03:13Z,paymentservice,recommendationservice,0,0,0,0,0,0,0
2026-10-04T14:03:13Z,paymentservice,redis-cart,0,0,0,0,0,0,0
2026-10-04T14:03:13Z,paymentservice,shippingservice,0,0,0,0,0,0,0
2026-10-04T14:03:13Z,productcatalogservice,adservice,0,0,0,0,0,0,0
2026-10-04T14:03:13Z,productcatalogservice,cartservice,0,0,0,0,0,0,0
2026-10-04T14:03:13Z,productcatalogservice,checkoutservice,0,0,0,0,0,0,0
2026-10-04T14:03:13Z,productcatalogservice,currencyservice,0,0,0,0,0,0,0
2026-10-04T14:03:13Z,productcatalogservice,emailservice,0,0,0,0,0,0,0
2026-10-04T14:03:13Z,productcatalogservice,frontend,0,0,0,0,0,0,0
2026-10-04T14:03:13Z,productcatalogservice,kubernetes,0,0,0,0,0,0,0
2026-10-04T14:03:13Z,productcatalogservice,paymentservice,0,0,0,0,0,0,0
2026-10-04T14:03:13Z,productcatalogservice,productcatalogservice,0,0,0,0,0,0,0
2026-10-04T14:03:13Z,productcatalogservice,recommendationservice,0,0,0,0,0,0,0
2026-10-04T14:03:13Z,productcatalogservice,redis-cart,0,0,0,0,0,0,0
2026-10-04T14:03:13Z,productcatalogservice,shippingservice,0,0,0,0,0,0,0
2026-10-04T14:03:13Z,recommendationservice,adservice,0,0,0,0,0,0,0
2026-10-04T14:03:13Z,recommendationservice,cartservice,0,0,0,0,0,0,0
2026-10-04T14:03:13Z,recommendationservice,checkoutservice,0,0,0,0,0,0,0
2026-10-04T14:03:13Z,recommendationservice,currencyservice,0,0,0,0,0,0,0
2026-10-04T14:03:13Z,recommendationservice,emailservice,0,0,0,0,0,0,0
2026-10-04T14:03:13Z,recommendationservice,frontend,0,0,0,0,0,0,0
2026-10-04T14:03:13Z,recommendationservice,kubernetes,0,0,0,0,0,0,0
2026-10-04T14:03:13Z,recommendationservice,paymentservice,0,0,0,0,0,0,0
2026-10-04T14:03:13Z,recommendationservice,productcatalogservice,0,0,0,0,0,0,0
2026-10-04T14:03:13Z,recommendationservice,recommendationservice,0,0,0,0,0,0,0
2026-10-04T14:03:13Z,recommendationservice,redis-cart,0,0,0,0,0,0,0
2026-10-04T14:03:13Z,recommendationservice,shippingservice,0,0,0,0,0,0,0
2026-10-04T14:03:13Z,redis-cart,adservice,0,0,0,0,0,0,0
2026-10-04T14:03:13Z,redis-cart,cartservice,0,0,0,0,0,0,0
2026-10-04T14:03:13Z,redis-cart,checkoutservice,0,0,0,0,0,0,0
2026-10-04T14:03:13Z,redis-cart,currencyservice,0,0,0,0,0,0,0
2026-10-04T14:03:13Z,redis-cart,emailservice,0,0,0,0,0,0,0
2026-10-04T14:03:13Z,redis-cart,frontend,0,0,0,0,0,0,0
2026-10-04T14:03:13Z,redis-cart,kubernetes,0,0,0,0,0,0,0
2026-10-04T14:03:13Z,redis-cart,paymentservice,0,0,0,0,0,0,0
2026-10-04T14:03:13Z,redis-cart,productcatalogservice,0,0,0,0,0,0,0
2026-10-04T14:03:13Z,redis-cart,recommendationservice,0,0,0,0,0,0,0
2026-10-04T14:03:13Z,redis-cart,redis-cart,0,0,0,0,0,0,0
2026-10-04T14:03:13Z,redis-cart,shippingservice,0,0,0,0,0,0,0
2026-10-04T14:03:13Z,shippingservice,adservice,0,0,0,0,0,0,0
2026-10-04T14:03:13Z,shippingservice,cartservice,0,0,0,0,0,0,0
2026-10-04T14:03:13Z,shippingservice,checkoutservice,0,0,0,0,0,0,0
2026-10-04T14:03:13Z,shippingservice,currencyservice,0,0,0,0,0,0,0
2026-10-04T14:03:13Z,shippingservice,emailservice,0,0,0,0,0,0,0
2026-10-04T14:03:13Z,shippingservice,frontend,0,0,0,0,0,0,0
2026-10-04T14:03:13Z,shippingservice,kubernetes,0,0,0,0,0,0,0
2026-10-04T14:03:13Z,shippingservice,paymentservice,0,0,0,0,0,0,0
2026-10-04T14:03:13Z,shippingservice,productcatalogservice,0,0,0,0,0,0,0
2026-10-04T14:03:13Z,shippingservice,recommendationservice,0,0,0,0,0,0,0
2026-10-04T14:03:13Z,shippingservice,redis-cart,0,0,0,0,0,0,0
2026-10-04T14:03:13Z,shippingservice,shippingservice,0,0,0,0,0,0,0
2026-10-04T14:03:14Z,adservice,adservice,0,0,0,0,0,0,0
2026-10-04T14:03:14Z,adservice,cartservice,0,0,0,0,0,0,0
2026-10-04T14:03:14Z,adservice,checkoutservice,0,0,0,0,0,0,0
2026-10-04T14:03:14Z,adservice,currencyservice,0,0,0,0,0,0,0
2026-10-04T14:03:14Z,adservice,emailservice,0,0,0,0,0,0,0
2026-10-04T14:03:14Z,adservice,frontend,0,0,0,0,0,0,0
2026-10-04T14:03:14Z,adservice,kubernetes,0,0,0,0,0,0,0
2026-10-04T14:03:14Z,adservice,paymentservice,0,0,0,0,0,0,0
2026-10-04T14:03:14Z,adservice,productcatalogservice,0,0,0,0,0,0,0
2026-10-04T14:03:14Z,adservice,recommendationservice,0,0,0,0,0,0,0
2026-10-04T14:03:14Z,adservice,redis-cart,0,0,0,0,0,0,0
2026-10-04T14:03:14Z,adservice,shippingservice,0,0,0,0,0,0,0
2026-10-04T14:03:14Z,cartservice,adservice,0,0,0,0,0,0,0
2026-10-04T14:03:14Z,cartservice,cartservice,0,0,0,0,0,0,0
2026-10-04T14:03:14Z,cartservice,checkoutservice,0,0,0,0,0,0,0
2026-10-04T14:03:14Z,cartservice,currencyservice,0,0,0,0,0,0,0
2026-10-04T14:03:14Z,cartservice,emailservice,0,0,0,0,0,0,0
2026-10-04T14:03:14Z,cartservice,frontend,0,0,0,0,0,0,0
2026-10-04T14:03:14Z,cartservice,kubernetes,0,0,0,0,0,0,0
2026-10-04T14:03:14Z,cartservice,paymentservice,0,0,0,0,0,0,0
2026-10-04T14:03:14Z,cartservice,productcatalogservice,0,0,0,0,0,0,0
2026-10-04T14:03:14Z,cartservice,recommendationservice,0,0,0,0,0,0,0
2026-10-04T14:03:14Z,cartservice,redis-cart,2,0,0,0,0,0,0
2026-10-04T14:03:14Z,cartservice,shippingservice,0,0,0,0,0,0,0
2026-10-04T14:03:14Z,checkoutservice,adservice,0,0,0,0,0,0,0
2026-10-04T14:03:14Z,checkoutservice,cartservice,0,0,0,0,0,0,0
2026-10-04T14:03:14Z,checkoutservice,checkoutservice,0,0,0,0,0,0,0
2026-10-04T14:03:14Z,checkoutservice,currencyservice,0,0,0,0,0,0,0
2026-10-04T14:03:14Z,checkoutservice,emailservice,0,0,0,0,0,0,0
2026-10-04T14:03:14Z,checkoutservice,frontend,0,0,0,0,0,0,0
2026-10-04T14:03:14Z,checkoutservice,kubernetes,0,0,0,0,0,0,0
2026-10-04T14:03:14Z,checkoutservice,paymentservice,0,0,0,0,0,0,0
2026-10-04T14:03:14Z,checkoutservice,productcatalogservice,0,0,0,0,0,0,0
2026-10-04T14:03:14Z,checkoutservice,recommendationservice,0,0,0,0,0,0,0
2026-10-04T14:03:14Z,checkoutservice,redis-cart,0,0,0,0,0,0,0
2026-10-04T14:03:14Z,checkoutservice,shippingservice,0,0,0,0,0,0,0
2026-10-04T14:03:14Z,currencyservice,adservice,0,0,0,0,0,0,0
2026-10-04T14:03:14Z,currencyservice,cartservice,0,0,0,0,0,0,0
2026-10-04T14:03:14Z,currencyservice,checkoutservice,0,0,0,0,0,0,0
2026-10-04T14:03:14Z,currencyservice,currencyservice,0,0,0,0,0,0,0
2026-10-04T14:03:14Z,currencyservice,emailservice,0,0,0,0,0,0,0
2026-10-04T14:03:14Z,currencyservice,frontend,0,0,0,0,0,0,0
2026-10-04T14:03:14Z,currencyservice,kubernetes,0,0,0,0,0,0,0
2026-10-04T14:03:14Z,currencyservice,paymentservice,0,0,0,0,0,0,0
2026-10-04T14:03:14Z,currencyservice,productcatalogservice,0,0,0,0,0,0,0
2026-10-04T14:03:14Z,currencyservice,recommendationservice,0,0,0,0,0,0,0
2026-10-04T14:03:14Z,currencyservice,redis-cart,0,0,0,0,0,0,0
2026-10-04T14:03:14Z,currencyservice,shippingservice,0,0,0,0,0,0,0
2026-10-04T14:03:14Z,emailservice,adservice,0,0,0,0,0,0,0
2026-10-04T14:03:14Z,emailservice,cartservice,0,0,0,0,0,0,0
2026-10-04T14:03:14Z,emailservice,checkoutservice,0,0,0,0,0,0,0
2026-10-04T14:03:14Z,emailservice,currencyservice,0,0,0,0,0,0,0
2026-10-04T14:03:14Z,emailservice,emailservice,0,0,0,0,0,0,0
2026-10-04T14:03:14Z,emailservice,frontend,0,0,0,0,0,0,0
2026-10-04T14:03:14Z,emailservice,kubernetes,0,0,0,0,0,0,0
2026-10-04T14:03:14Z,emailservice,paymentservice,0,0,0,0,0,0,0
2026-10-04T14:03:14Z,emailservice,productcatalogservice,0,0,0,0,0,0,0
2026-10-04T14:03:14Z,emailservice,recommendationservice,0,0,0,0,0,0,0
2026-10-04T14:03:14Z,emailservice,redis-cart,0,0,0,0,0,0,0
2026-10-04T14:03:14Z,emailservice,shippingservice,0,0,0,0,0,0,0
2026-10-04T14:03:14Z,frontend,adservice,773781,773779,0,0,0,2334061,773779
2026-10-04T14:03:14Z,frontend,cartservice,1730573,1730561,0,0,4,9624535,1730561
2026-10-04T14:03:14Z,frontend,checkoutservice,354811,173691,0,34332,146696,55608828,173690
2026-10-04T14:03:14Z,frontend,currencyservice,2749584,2749577,0,0,0,14589993,2749577
2026-10-04T14:03:14Z,frontend,emailservice,0,0,0,0,0,0,0
2026-10-04T14:03:14Z,frontend,frontend,0,0,0,0,0,0,0
2026-10-04T14:03:14Z,frontend,kubernetes,0,0,0,0,0,0,0
2026-10-04T14:03:14Z,frontend,paymentservice,0,0,0,0,0,0,0
2026-10-04T14:03:14Z,frontend,productcatalogservice,7676840,7676779,0,0,0,52315430,7676779
2026-10-04T14:03:14Z,frontend,recommendationservice,2523996,1524786,0,104145,892890,769956520,1524786
2026-10-04T14:03:14Z,frontend,redis-cart,0,0,0,0,0,0,0
2026-10-04T14:03:14Z,frontend,shippingservice,283787,283785,0,0,0,858241,283785
2026-10-04T14:03:14Z,paymentservice,adservice,0,0,0,0,0,0,0
2026-10-04T14:03:14Z,paymentservice,cartservice,0,0,0,0,0,0,0
2026-10-04T14:03:14Z,paymentservice,checkoutservice,0,0,0,0,0,0,0
2026-10-04T14:03:14Z,paymentservice,currencyservice,0,0,0,0,0,0,0
2026-10-04T14:03:14Z,paymentservice,emailservice,0,0,0,0,0,0,0
2026-10-04T14:03:14Z,paymentservice,frontend,0,0,0,0,0,0,0
2026-10-04T14:03:14Z,paymentservice,kubernetes,0,0,0,0,0,0,0
2026-10-04T14:03:14Z,paymentservice,paymentservice,0,0,0,0,0,0,0
2026-10-04T14:03:14Z,paymentservice,productcatalogservice,0,0,0,0,0,0,0
2026-10-04T14:03:14Z,paymentservice,recommendationservice,0,0,0,0,0,0,0
2026-10-04T14:03:14Z,paymentservice,redis-cart,0,0,0,0,0,0,0
2026-10-04T14:03:14Z,paymentservice,shippingservice,0,0,0,0,0,0,0
2026-10-04T14:03:14Z,productcatalogservice,adservice,0,0,0,0,0,0,0
2026-10-04T14:03:14Z,productcatalogservice,cartservice,0,0,0,0,0,0,0
2026-10-04T14:03:14Z,productcatalogservice,checkoutservice,0,0,0,0,0,0,0
2026-10-04T14:03:14Z,productcatalogservice,currencyservice,0,0,0,0,0,0,0
2026-10-04T14:03:14Z,productcatalogservice,emailservice,0,0,0,0,0,0,0
2026-10-04T14:03:14Z,productcatalogservice,frontend,0,0,0,0,0,0,0
2026-10-04T14:03:14Z,productcatalogservice,kubernetes,0,0,0,0,0,0,0
2026-10-04T14:03:14Z,productcatalogservice,paymentservice,0,0,0,0,0,0,0
2026-10-04T14:03:14Z,productcatalogservice,productcatalogservice,0,0,0,0,0,0,0
2026-10-04T14:03:14Z,productcatalogservice,recommendationservice,0,0,0,0,0,0,0
2026-10-04T14:03:14Z,productcatalogservice,redis-cart,0,0,0,0,0,0,0
2026-10-04T14:03:14Z,productcatalogservice,shippingservice,0,0,0,0,0,0,0
2026-10-04T14:03:14Z,recommendationservice,adservice,0,0,0,0,0,0,0
2026-10-04T14:03:14Z,recommendationservice,cartservice,0,0,0,0,0,0,0
2026-10-04T14:03:14Z,recommendationservice,checkoutservice,0,0,0,0,0,0,0
2026-10-04T14:03:14Z,recommendationservice,currencyservice,0,0,0,0,0,0,0
2026-10-04T14:03:14Z,recommendationservice,emailservice,0,0,0,0,0,0,0
2026-10-04T14:03:14Z,recommendationservice,frontend,0,0,0,0,0,0,0
2026-10-04T14:03:14Z,recommendationservice,kubernetes,0,0,0,0,0,0,0
2026-10-04T14:03:14Z,recommendationservice,paymentservice,0,0,0,0,0,0,0
2026-10-04T14:03:14Z,recommendationservice,productcatalogservice,0,0,0,0,0,0,0
2026-10-04T14:03:14Z,recommendationservice,recommendationservice,0,0,0,0,0,0,0
2026-10-04T14:03:14Z,recommendationservice,redis-cart,0,0,0,0,0,0,0
2026-10-04T14:03:14Z,recommendationservice,shippingservice,0,0,0,0,0,0,0
2026-10-04T14:03:14Z,redis-cart,adservice,0,0,0,0,0,0,0
2026-10-04T14:03:14Z,redis-cart,cartservice,0,0,0,0,0,0,0
2026-10-04T14:03:14Z,redis-cart,checkoutservice,0,0,0,0,0,0,0
2026-10-04T14:03:14Z,redis-cart,currencyservice,0,0,0,0,0,0,0
2026-10-04T14:03:14Z,redis-cart,emailservice,0,0,0,0,0,0,0
2026-10-04T14:03:14Z,redis-cart,frontend,0,0,0,0,0,0,0
2026-10-04T14:03:14Z,redis-cart,kubernetes,0,0,0,0,0,0,0
2026-10-04T14:03:14Z,redis-cart,paymentservice,0,0,0,0,0,0,0
2026-10-04T14:03:14Z,redis-cart,productcatalogservice,0,0,0,0,0,0,0
2026-10-04T14:03:14Z,redis-cart,recommendationservice,0,0,0,0,0,0,0
2026-10-04T14:03:14Z,redis-cart,redis-cart,0,0,0,0,0,0,0
2026-10-04T14:03:14Z,redis-cart,shippingservice,0,0,0,0,0,0,0
2026-10-04T14:03:14Z,shippingservice,adservice,0,0,0,0,0,0,0
2026-10-04T14:03:14Z,shippingservice,cartservice,0,0,0,0,0,0,0
2026-10-04T14:03:14Z,shippingservice,checkoutservice,0,0,0,0,0,0,0
2026-10-04T14:03:14Z,shippingservice,currencyservice,0,0,0,0,0,0,0
2026-10-04T14:03:14Z,shippingservice,emailservice,0,0,0,0,0,0,0
2026-10-04T14:03:14Z,shippingservice,frontend,0,0,0,0,0,0,0
2026-10-04T14:03:14Z,shippingservice,kubernetes,0,0,0,0,0,0,0
2026-10-04T14:03:14Z,shippingservice,paymentservice,0,0,0,0,0,0,0
2026-10-04T14:03:14Z,shippingservice,productcatalogservice,0,0,0,0,0,0,0
2026-10-04T14:03:14Z,shippingservice,recommendationservice,0,0,0,0,0,0,0
2026-10-04T14:03:14Z,shippingservice,redis-cart,0,0,0,0,0,0,0
2026-10-04T14:03:14Z,shippingservice,shippingservice,0,0,0,0,0,0,0
2026-10-04T14:03:15Z,adservice,adservice,0,0,0,0,0,0,0
2026-10-04T14:03:15Z,adservice,cartservice,0,0,0,0,0,0,0
2026-10-04T14:03:15Z,adservice,checkoutservice,0,0,0,0,0,0,0
2026-10-04T14:03:15Z,adservice,currencyservice,0,0,0,0,0,0,0
2026-10-04T14:03:15Z,adservice,emailservice,0,0,0,0,0,0,0
2026-10-04T14:03:15Z,adservice,frontend,0,0,0,0,0,0,0
2026-10-04T14:03:15Z,adservice,kubernetes,0,0,0,0,0,0,0
2026-10-04T14:03:15Z,adservice,paymentservice,0,0,0,0,0,0,0
2026-10-04T14:03:15Z,adservice,productcatalogservice,0,0,0,0,0,0,0
2026-10-04T14:03:15Z,adservice,recommendationservice,0,0,0,0,0,0,0
2026-10-04T14:03:15Z,adservice,redis-cart,0,0,0,0,0,0,0
2026-10-04T14:03:15Z,adservice,shippingservice,0,0,0,0,0,0,0
2026-10-04T14:03:15Z,cartservice,adservice,0,0,0,0,0,0,0
2026-10-04T14:03:15Z,cartservice,cartservice,0,0,0,0,0,0,0
2026-10-04T14:03:15Z,cartservice,checkoutservice,0,0,0,0,0,0,0
2026-10-04T14:03:15Z,cartservice,currencyservice,0,0,0,0,0,0,0
2026-10-04T14:03:15Z,cartservice,emailservice,0,0,0,0,0,0,0
2026-10-04T14:03:15Z,cartservice,frontend,0,0,0,0,0,0,0
2026-10-04T14:03:15Z,cartservice,kubernetes,0,0,0,0,0,0,0
2026-10-04T14:03:15Z,cartservice,paymentservice,0,0,0,0,0,0,0
2026-10-04T14:03:15Z,cartservice,productcatalogservice,0,0,0,0,0,0,0
2026-10-04T14:03:15Z,cartservice,recommendationservice,0,0,0,0,0,0,0
2026-10-04T14:03:15Z,cartservice,redis-cart,2,0,0,0,0,0,0
2026-10-04T14:03:15Z,cartservice,shippingservice,0,0,0,0,0,0,0
2026-10-04T14:03:15Z,checkoutservice,adservice,0,0,0,0,0,0,0
2026-10-04T14:03:15Z,checkoutservice,cartservice,0,0,0,0,0,0,0
2026-10-04T14:03:15Z,checkoutservice,checkoutservice,0,0,0,0,0,0,0
2026-10-04T14:03:15Z,checkoutservice,currencyservice,0,0,0,0,0,0,0
2026-10-04T14:03:15Z,checkoutservice,emailservice,0,0,0,0,0,0,0
2026-10-04T14:03:15Z,checkoutservice,frontend,0,0,0,0,0,0,0
2026-10-04T14:03:15Z,checkoutservice,kubernetes,0,0,0,0,0,0,0
2026-10-04T14:03:15Z,checkoutservice,paymentservice,0,0,0,0,0,0,0
2026-10-04T14:03:15Z,checkoutservice,productcatalogservice,0,0,0,0,0,0,0
2026-10-04T14:03:15Z,checkoutservice,recommendationservice,0,0,0,0,0,0,0
2026-10-04T14:03:15Z,checkoutservice,redis-cart,0,0,0,0,0,0,0
2026-10-04T14:03:15Z,checkoutservice,shippingservice,0,0,0,0,0,0,0
2026-10-04T14:03:15Z,currencyservice,adservice,0,0,0,0,0,0,0
2026-10-04T14:03:15Z,currencyservice,cartservice,0,0,0,0,0,0,0
2026-10-04T14:03:15Z,currencyservice,checkoutservice,0,0,0,0,0,0,0
2026-10-04T14:03:15Z,currencyservice,currencyservice,0,0,0,0,0,0,0
2026-10-04T14:03:15Z,currencyservice,emailservice,0,0,0,0,0,0,0
2026-10-04T14:03:15Z,currencyservice,frontend,0,0,0,0,0,0,0
2026-10-04T14:03:15Z,currencyservice,kubernetes,0,0,0,0,0,0,0
2026-10-04T14:03:15Z,currencyservice,paymentservice,0,0,0,0,0,0,0
2026-10-04T14:03:15Z,currencyservice,productcatalogservice,0,0,0,0,0,0,0
2026-10-04T14:03:15Z,currencyservice,recommendationservice,0,0,0,0,0,0,0
2026-10-04T14:03:15Z,currencyservice,redis-cart,0,0,0,0,0,0,0
2026-10-04T14:03:15Z,currencyservice,shippingservice,0,0,0,0,0,0,0
2026-10-04T14:03:15Z,emailservice,adservice,0,0,0,0,0,0,0
2026-10-04T14:03:15Z,emailservice,cartservice,0,0,0,0,0,0,0
2026-10-04T14:03:15Z,emailservice,checkoutservice,0,0,0,0,0,0,0
2026-10-04T14:03:15Z,emailservice,currencyservice,0,0,0,0,0,0,0
2026-10-04T14:03:15Z,emailservice,emailservice,0,0,0,0,0,0,0
2026-10-04T14:03:15Z,emailservice,frontend,0,0,0,0,0,0,0
2026-10-04T14:03:15Z,emailservice,kubernetes,0,0,0,0,0,0,0
2026-10-04T14:03:15Z,emailservice,paymentservice,0,0,0,0,0,0,0
2026-10-04T14:03:15Z,emailservice,productcatalogservice,0,0,0,0,0,0,0
2026-10-04T14:03:15Z,emailservice,recommendationservice,0,0,0,0,0,0,0
2026-10-04T14:03:15Z,emailservice,redis-cart,0,0,0,0,0,0,0
2026-10-04T14:03:15Z,emailservice,shippingservice,0,0,0,0,0,0,0
2026-10-04T14:03:15Z,frontend,adservice,773781,773779,0,0,0,2334061,773779
2026-10-04T14:03:15Z,frontend,cartservice,1730573,1730561,0,0,4,9624535,1730561
2026-10-04T14:03:15Z,frontend,checkoutservice,354811,173691,0,34332,146696,55608828,173690
2026-10-04T14:03:15Z,frontend,currencyservice,2749584,2749577,0,0,0,14589993,2749577
2026-10-04T14:03:15Z,frontend,emailservice,0,0,0,0,0,0,0
2026-10-04T14:03:15Z,frontend,frontend,0,0,0,0,0,0,0
2026-10-04T14:03:15Z,frontend,kubernetes,0,0,0,0,0,0,0
2026-10-04T14:03:15Z,frontend,paymentservice,0,0,0,0,0,0,0
2026-10-04T14:03:15Z,frontend,productcatalogservice,7676840,7676779,0,0,0,52315430,7676779
2026-10-04T14:03:15Z,frontend,recommendationservice,2523996,1524786,0,104145,892890,769956520,1524786
2026-10-04T14:03:15Z,frontend,redis-cart,0,0,0,0,0,0,0
2026-10-04T14:03:15Z,frontend,shippingservice,283787,283785,0,0,0,858241,283785
2026-10-04T14:03:15Z,paymentservice,adservice,0,0,0,0,0,0,0
2026-10-04T14:03:15Z,paymentservice,cartservice,0,0,0,0,0,0,0
2026-10-04T14:03:15Z,paymentservice,checkoutservice,0,0,0,0,0,0,0
2026-10-04T14:03:15Z,paymentservice,currencyservice,0,0,0,0,0,0,0
2026-10-04T14:03:15Z,paymentservice,emailservice,0,0,0,0,0,0,0
2026-10-04T14:03:15Z,paymentservice,frontend,0,0,0,0,0,0,0
2026-10-04T14:03:15Z,paymentservice,kubernetes,0,0,0,0,0,0,0
2026-10-04T14:03:15Z,paymentservice,paymentservice,0,0,0,0,0,0,0
2026-10-04T14:03:15Z,paymentservice,productcatalogservice,0,0,0,0,0,0,0
2026-10-04T14:03:15Z,paymentservice,recommendationservice,0,0,0,0,0,0,0
2026-10-04T14:03:15Z,paymentservice,redis-cart,0,0,0,0,0,0,0
2026-10-04T14:03:15Z,paymentservice,shippingservice,0,0,0,0,0,0,0
2026-10-04T14:03:15Z,productcatalogservice,adservice,0,0,0,0,0,0,0
2026-10-04T14:03:15Z,productcatalogservice,cartservice,0,0,0,0,0,0,0
2026-10-04T14:03:15Z,productcatalogservice,checkoutservice,0,0,0,0,0,0,0
2026-10-04T14:03:15Z,productcatalogservice,currencyservice,0,0,0,0,0,0,0
2026-10-04T14:03:15Z,productcatalogservice,emailservice,0,0,0,0,0,0,0
2026-10-04T14:03:15Z,productcatalogservice,frontend,0,0,0,0,0,0,0
2026-10-04T14:03:15Z,productcatalogservice,kubernetes,0,0,0,0,0,0,0
2026-10-04T14:03:15Z,productcatalogservice,paymentservice,0,0,0,0,0,0,0
2026-10-04T14:03:15Z,productcatalogservice,productcatalogservice,0,0,0,0,0,0,0
2026-10-04T14:03:15Z,productcatalogservice,recommendationservice,0,0,0,0,0,0,0
2026-10-04T14:03:15Z,productcatalogservice,redis-cart,0,0,0,0,0,0,0
2026-10-04T14:03:15Z,productcatalogservice,shippingservice,0,0,0,0,0,0,0
2026-10-04T14:03:15Z,recommendationservice,adservice,0,0,0,0,0,0,0
2026-10-04T14:03:15Z,recommendationservice,cartservice,0,0,0,0,0,0,0
2026-10-04T14:03:15Z,recommendationservice,checkoutservice,0,0,0,0,0,0,0
2026-10-04T14:03:15Z,recommendationservice,currencyservice,0,0,0,0,0,0,0
2026-10-04T14:03:15Z,recommendationservice,emailservice,0,0,0,0,0,0,0
2026-10-04T14:03:15Z,recommendationservice,frontend,0,0,0,0,0,0,0
2026-10-04T14:03:15Z,recommendationservice,kubernetes,0,0,0,0,0,0,0
2026-10-04T14:03:15Z,recommendationservice,paymentservice,0,0,0,0,0,0,0
2026-10-04T14:03:15Z,recommendationservice,productcatalogservice,0,0,0,0,0,0,0
2026-10-04T14:03:15Z,recommendationservice,recommendationservice,0,0,0,0,0,0,0
2026-10-04T14:03:15Z,recommendationservice,redis-cart,0,0,0,0,0,0,0
2026-10-04T14:03:15Z,recommendationservice,shippingservice,0,0,0,0,0,0,0
2026-10-04T14:03:15Z,redis-cart,adservice,0,0,0,0,0,0,0
2026-10-04T14:03:15Z,redis-cart,cartservice,0,0,0,0,0,0,0
2026-10-04T14:03:15Z,redis-cart,checkoutservice,0,0,0,0,0,0,0
2026-10-04T14:03:15Z,redis-cart,currencyservice,0,0,0,0,0,0,0
2026-10-04T14:03:15Z,redis-cart,emailservice,0,0,0,0,0,0,0
2026-10-04T14:03:15Z,redis-cart,frontend,0,0,0,0,0,0,0
2026-10-04T14:03:15Z,redis-cart,kubernetes,0,0,0,0,0,0,0
2026-10-04T14:03:15Z,redis-cart,paymentservice,0,0,0,0,0,0,0
2026-10-04T14:03:15Z,redis-cart,productcatalogservice,0,0,0,0,0,0,0
2026-10-04T14:03:15Z,redis-cart,recommendationservice,0,0,0,0,0,0,0
2026-10-04T14:03:15Z,redis-cart,redis-cart,0,0,0,0,0,0,0
2026-10-04T14:03:15Z,redis-cart,shippingservice,0,0,0,0,0,0,0
2026-10-04T14:03:15Z,shippingservice,adservice,0,0,0,0,0,0,0
2026-10-04T14:03:15Z,shippingservice,cartservice,0,0,0,0,0,0,0
2026-10-04T14:03:15Z,shippingservice,checkoutservice,0,0,0,0,0,0,0
2026-10-04T14:03:15Z,shippingservice,currencyservice,0,0,0,0,0,0,0
2026-10-04T14:03:15Z,shippingservice,emailservice,0,0,0,0,0,0,0
2026-10-04T14:03:15Z,shippingservice,frontend,0,0,0,0,0,0,0
2026-10-04T14:03:15Z,shippingservice,kubernetes,0,0,0,0,0,0,0
2026-10-04T14:03:15Z,shippingservice,paymentservice,0,0,0,0,0,0,0
2026-10-04T14:03:15Z,shippingservice,productcatalogservice,0,0,0,0,0,0,0
2026-10-04T14:03:15Z,shippingservice,recommendationservice,0,0,0,0,0,0,0
2026-10-04T14:03:15Z,shippingservice,redis-cart,0,0,0,0,0,0,0
2026-10-04T14:03:15Z,shippingservice,shippingservice,0,0,0,0,0,0,0
2026-10-04T14:03:16Z,adservice,adservice,0,0,0,0,0,0,0
2026-10-04T14:03:16Z,adservice,cartservice,0,0,0,0,0,0,0
2026-10-04T14:03:16Z,adservice,checkoutservice,0,0,0,0,0,0,0
2026-10-04T14:03:16Z,adservice,currencyservice,0,0,0,0,0,0,0
2026-10-04T14:03:16Z,adservice,emailservice,0,0,0,0,0,0,0
2026-10-04T14:03:16Z,adservice,frontend,0,0,0,0,0,0,0
2026-10-04T14:03:16Z,adservice,kubernetes,0,0,0,0,0,0,0
2026-10-04T14:03:16Z,adservice,paymentservice,0,0,0,0,0,0,0
2026-10-04T14:03:16Z,adservice,productcatalogservice,0,0,0,0,0,0,0
2026-10-04T14:03:16Z,adservice,recommendationservice,0,0,0,0,0,0,0
2026-10-04T14:03:16Z,adservice,redis-cart,0,0,0,0,0,0,0
2026-10-04T14:03:16Z,adservice,shippingservice,0,0,0,0,0,0,0
2026-10-04T14:03:16Z,cartservice,adservice,0,0,0,0,0,0,0
2026-10-04T14:03:16Z,cartservice,cartservice,0,0,0,0,0,0,0
2026-10-04T14:03:16Z,cartservice,checkoutservice,0,0,0,0,0,0,0
2026-10-04T14:03:16Z,cartservice,currencyservice,0,0,0,0,0,0,0
2026-10-04T14:03:16Z,cartservice,emailservice,0,0,0,0,0,0,0
2026-10-04T14:03:16Z,cartservice,frontend,0,0,0,0,0,0,0
2026-10-04T14:03:16Z,cartservice,kubernetes,0,0,0,0,0,0,0
2026-10-04T14:03:16Z,cartservice,paymentservice,0,0,0,0,0,0,0
2026-10-04T14:03:16Z,cartservice,productcatalogservice,0,0,0,0,0,0,0
2026-10-04T14:03:16Z,cartservice,recommendationservice,0,0,0,0,0,0,0
2026-10-04T14:03:16Z,cartservice,redis-cart,2,0,0,0,0,0,0
2026-10-04T14:03:16Z,cartservice,shippingservice,0,0,0,0,0,0,0
2026-10-04T14:03:16Z,checkoutservice,adservice,0,0,0,0,0,0,0
2026-10-04T14:03:16Z,checkoutservice,cartservice,0,0,0,0,0,0,0
2026-10-04T14:03:16Z,checkoutservice,checkoutservice,0,0,0,0,0,0,0
2026-10-04T14:03:16Z,checkoutservice,currencyservice,0,0,0,0,0,0,0
2026-10-04T14:03:16Z,checkoutservice,emailservice,0,0,0,0,0,0,0
2026-10-04T14:03:16Z,checkoutservice,frontend,0,0,0,0,0,0,0
2026-10-04T14:03:16Z,checkoutservice,kubernetes,0,0,0,0,0,0,0
2026-10-04T14:03:16Z,checkoutservice,paymentservice,0,0,0,0,0,0,0
2026-10-04T14:03:16Z,checkoutservice,productcatalogservice,0,0,0,0,0,0,0
2026-10-04T14:03:16Z,checkoutservice,recommendationservice,0,0,0,0,0,0,0
2026-10-04T14:03:16Z,checkoutservice,redis-cart,0,0,0,0,0,0,0
2026-10-04T14:03:16Z,checkoutservice,shippingservice,0,0,0,0,0,0,0
2026-10-04T14:03:16Z,currencyservice,adservice,0,0,0,0,0,0,0
2026-10-04T14:03:16Z,currencyservice,cartservice,0,0,0,0,0,0,0
2026-10-04T14:03:16Z,currencyservice,checkoutservice,0,0,0,0,0,0,0
2026-10-04T14:03:16Z,currencyservice,currencyservice,0,0,0,0,0,0,0
2026-10-04T14:03:16Z,currencyservice,emailservice,0,0,0,0,0,0,0
2026-10-04T14:03:16Z,currencyservice,frontend,0,0,0,0,0,0,0
2026-10-04T14:03:16Z,currencyservice,kubernetes,0,0,0,0,0,0,0
2026-10-04T14:03:16Z,currencyservice,paymentservice,0,0,0,0,0,0,0
2026-10-04T14:03:16Z,currencyservice,productcatalogservice,0,0,0,0,0,0,0
2026-10-04T14:03:16Z,currencyservice,recommendationservice,0,0,0,0,0,0,0
2026-10-04T14:03:16Z,currencyservice,redis-cart,0,0,0,0,0,0,0
2026-10-04T14:03:16Z,currencyservice,shippingservice,0,0,0,0,0,0,0
2026-10-04T14:03:16Z,emailservice,adservice,0,0,0,0,0,0,0
2026-10-04T14:03:16Z,emailservice,cartservice,0,0,0,0,0,0,0
2026-10-04T14:03:16Z,emailservice,checkoutservice,0,0,0,0,0,0,0
2026-10-04T14:03:16Z,emailservice,currencyservice,0,0,0,0,0,0,0
2026-10-04T14:03:16Z,emailservice,emailservice,0,0,0,0,0,0,0
2026-10-04T14:03:16Z,emailservice,frontend,0,0,0,0,0,0,0
2026-10-04T14:03:16Z,emailservice,kubernetes,0,0,0,0,0,0,0
2026-10-04T14:03:16Z,emailservice,paymentservice,0,0,0,0,0,0,0
2026-10-04T14:03:16Z,emailservice,productcatalogservice,0,0,0,0,0,0,0
2026-10-04T14:03:16Z,emailservice,recommendationservice,0,0,0,0,0,0,0
2026-10-04T14:03:16Z,emailservice,redis-cart,0,0,0,0,0,0,0
2026-10-04T14:03:16Z,emailservice,shippingservice,0,0,0,0,0,0,0
2026-10-04T14:03:16Z,frontend,adservice,773781,773779,0,0,0,2334061,773779
2026-10-04T14:03:16Z,frontend,cartservice,1730573,1730561,0,0,4,9624535,1730561
2026-10-04T14:03:16Z,frontend,checkoutservice,354811,173691,0,34332,146696,55608828,173690
2026-10-04T14:03:16Z,frontend,currencyservice,2749584,2749577,0,0,0,14589993,2749577
2026-10-04T14:03:16Z,frontend,emailservice,0,0,0,0,0,0,0
2026-10-04T14:03:16Z,frontend,frontend,0,0,0,0,0,0,0
2026-10-04T14:03:16Z,frontend,kubernetes,0,0,0,0,0,0,0
2026-10-04T14:03:16Z,frontend,paymentservice,0,0,0,0,0,0,0
2026-10-04T14:03:16Z,frontend,productcatalogservice,7676840,7676779,0,0,0,52315430,7676779
2026-10-04T14:03:16Z,frontend,recommendationservice,2523996,1524786,0,104145,892890,769956520,1524786
2026-10-04T14:03:16Z,frontend,redis-cart,0,0,0,0,0,0,0
2026-10-04T14:03:16Z,frontend,shippingservice,283787,283785,0,0,0,858241,283785
2026-10-04T14:03:16Z,paymentservice,adservice,0,0,0,0,0,0,0
2026-10-04T14:03:16Z,paymentservice,cartservice,0,0,0,0,0,0,0
2026-10-04T14:03:16Z,paymentservice,checkoutservice,0,0,0,0,0,0,0
2026-10-04T14:03:16Z,paymentservice,currencyservice,0,0,0,0,0,0,0
2026-10-04T14:03:16Z,paymentservice,emailservice,0,0,0,0,0,0,0
2026-10-04T14:03:16Z,paymentservice,frontend,0,0,0,0,0,0,0
2026-10-04T14:03:16Z,paymentservice,kubernetes,0,0,0,0,0,0,0
2026-10-04T14:03:16Z,paymentservice,paymentservice,0,0,0,0,0,0,0
2026-10-04T14:03:16Z,paymentservice,productcatalogservice,0,0,0,0,0,0,0
2026-10-04T14:03:16Z,paymentservice,recommendationservice,0,0,0,0,0,0,0
2026-10-04T14:03:16Z,paymentservice,redis-cart,0,0,0,0,0,0,0
2026-10-04T14:03:16Z,paymentservice,shippingservice,0,0,0,0,0,0,0
2026-10-04T14:03:16Z,productcatalogservice,adservice,0,0,0,0,0,0,0
2026-10-04T14:03:16Z,productcatalogservice,cartservice,0,0,0,0,0,0,0
2026-10-04T14:03:16Z,productcatalogservice,checkoutservice,0,0,0,0,0,0,0
2026-10-04T14:03:16Z,productcatalogservice,currencyservice,0,0,0,0,0,0,0
2026-10-04T14:03:16Z,productcatalogservice,emailservice,0,0,0,0,0,0,0
2026-10-04T14:03:16Z,productcatalogservice,frontend,0,0,0,0,0,0,0
2026-10-04T14:03:16Z,productcatalogservice,kubernetes,0,0,0,0,0,0,0
2026-10-04T14:03:16Z,productcatalogservice,paymentservice,0,0,0,0,0,0,0
2026-10-04T14:03:16Z,productcatalogservice,productcatalogservice,0,0,0,0,0,0,0
2026-10-04T14:03:16Z,productcatalogservice,recommendationservice,0,0,0,0,0,0,0
2026-10-04T14:03:16Z,productcatalogservice,redis-cart,0,0,0,0,0,0,0
2026-10-04T14:03:16Z,productcatalogservice,shippingservice,0,0,0,0,0,0,0
2026-10-04T14:03:16Z,recommendationservice,adservice,0,0,0,0,0,0,0
2026-10-04T14:03:16Z,recommendationservice,cartservice,0,0,0,0,0,0,0
2026-10-04T14:03:16Z,recommendationservice,checkoutservice,0,0,0,0,0,0,0
2026-10-04T14:03:16Z,recommendationservice,currencyservice,0,0,0,0,0,0,0
2026-10-04T14:03:16Z,recommendationservice,emailservice,0,0,0,0,0,0,0
2026-10-04T14:03:16Z,recommendationservice,frontend,0,0,0,0,0,0,0
2026-10-04T14:03:16Z,recommendationservice,kubernetes,0,0,0,0,0,0,0
2026-10-04T14:03:16Z,recommendationservice,paymentservice,0,0,0,0,0,0,0
2026-10-04T14:03:16Z,recommendationservice,productcatalogservice,0,0,0,0,0,0,0
2026-10-04T14:03:16Z,recommendationservice,recommendationservice,0,0,0,0,0,0,0
2026-10-04T14:03:16Z,recommendationservice,redis-cart,0,0,0,0,0,0,0
2026-10-04T14:03:16Z,recommendationservice,shippingservice,0,0,0,0,0,0,0
2026-10-04T14:03:16Z,redis-cart,adservice,0,0,0,0,0,0,0
2026-10-04T14:03:16Z,redis-cart,cartservice,0,0,0,0,0,0,0
2026-10-04T14:03:16Z,redis-cart,checkoutservice,0,0,0,0,0,0,0
2026-10-04T14:03:16Z,redis-cart,currencyservice,0,0,0,0,0,0,0
2026-10-04T14:03:16Z,redis-cart,emailservice,0,0,0,0,0,0,0
2026-10-04T14:03:16Z,redis-cart,frontend,0,0,0,0,0,0,0
2026-10-04T14:03:16Z,redis-cart,kubernetes,0,0,0,0,0,0,0
2026-10-04T14:03:16Z,redis-cart,paymentservice,0,0,0,0,0,0,0
2026-10-04T14:03:16Z,redis-cart,productcatalogservice,0,0,0,0,0,0,0
2026-10-04T14:03:16Z,redis-cart,recommendationservice,0,0,0,0,0,0,0
2026-10-04T14:03:16Z,redis-cart,redis-cart,0,0,0,0,0,0,0
2026-10-04T14:03:16Z,redis-cart,shippingservice,0,0,0,0,0,0,0
2026-10-04T14:03:16Z,shippingservice,adservice,0,0,0,0,0,0,0
2026-10-04T14:03:16Z,shippingservice,cartservice,0,0,0,0,0,0,0
2026-10-04T14:03:16Z,shippingservice,checkoutservice,0,0,0,0,0,0,0
2026-10-04T14:03:16Z,shippingservice,currencyservice,0,0,0,0,0,0,0
2026-10-04T14:03:16Z,shippingservice,emailservice,0,0,0,0,0,0,0
2026-10-04T14:03:16Z,shippingservice,frontend,0,0,0,0,0,0,0
2026-10-04T14:03:16Z,shippingservice,kubernetes,0,0,0,0,0,0,0
2026-10-04T14:03:16Z,shippingservice,paymentservice,0,0,0,0,0,0,0
2026-10-04T14:03:16Z,shippingservice,productcatalogservice,0,0,0,0,0,0,0
2026-10-04T14:03:16Z,shippingservice,recommendationservice,0,0,0,0,0,0,0
2026-10-04T14:03:16Z,shippingservice,redis-cart,0,0,0,0,0,0,0
2026-10-04T14:03:16Z,shippingservice,shippingservice,0,0,0,0,0,0,0
2026-10-04T14:03:17Z,adservice,adservice,0,0,0,0,0,0,0
2026-10-04T14:03:17Z,adservice,cartservice,0,0,0,0,0,0,0
2026-10-04T14:03:17Z,adservice,checkoutservice,0,0,0,0,0,0,0
2026-10-04T14:03:17Z,adservice,currencyservice,0,0,0,0,0,0,0
2026-10-04T14:03:17Z,adservice,emailservice,0,0,0,0,0,0,0
2026-10-04T14:03:17Z,adservice,frontend,0,0,0,0,0,0,0
2026-10-04T14:03:17Z,adservice,kubernetes,0,0,0,0,0,0,0
2026-10-04T14:03:17Z,adservice,paymentservice,0,0,0,0,0,0,0
2026-10-04T14:03:17Z,adservice,productcatalogservice,0,0,0,0,0,0,0
2026-10-04T14:03:17Z,adservice,recommendationservice,0,0,0,0,0,0,0
2026-10-04T14:03:17Z,adservice,redis-cart,0,0,0,0,0,0,0
2026-10-04T14:03:17Z,adservice,shippingservice,0,0,0,0,0,0,0
2026-10-04T14:03:17Z,cartservice,adservice,0,0,0,0,0,0,0
2026-10-04T14:03:17Z,cartservice,cartservice,0,0,0,0,0,0,0
2026-10-04T14:03:17Z,cartservice,checkoutservice,0,0,0,0,0,0,0
2026-10-04T14:03:17Z,cartservice,currencyservice,0,0,0,0,0,0,0
2026-10-04T14:03:17Z,cartservice,emailservice,0,0,0,0,0,0,0
2026-10-04T14:03:17Z,cartservice,frontend,0,0,0,0,0,0,0
2026-10-04T14:03:17Z,cartservice,kubernetes,0,0,0,0,0,0,0
2026-10-04T14:03:17Z,cartservice,paymentservice,0,0,0,0,0,0,0
2026-10-04T14:03:17Z,cartservice,productcatalogservice,0,0,0,0,0,0,0
2026-10-04T14:03:17Z,cartservice,recommendationservice,0,0,0,0,0,0,0
2026-10-04T14:03:17Z,cartservice,redis-cart,2,0,0,0,0,0,0
2026-10-04T14:03:17Z,cartservice,shippingservice,0,0,0,0,0,0,0
2026-10-04T14:03:17Z,checkoutservice,adservice,0,0,0,0,0,0,0
2026-10-04T14:03:17Z,checkoutservice,cartservice,0,0,0,0,0,0,0
2026-10-04T14:03:17Z,checkoutservice,checkoutservice,0,0,0,0,0,0,0
2026-10-04T14:03:17Z,checkoutservice,currencyservice,0,0,0,0,0,0,0
2026-10-04T14:03:17Z,checkoutservice,emailservice,0,0,0,0,0,0,0
2026-10-04T14:03:17Z,checkoutservice,frontend,0,0,0,0,0,0,0
2026-10-04T14:03:17Z,checkoutservice,kubernetes,0,0,0,0,0,0,0
2026-10-04T14:03:17Z,checkoutservice,paymentservice,0,0,0,0,0,0,0
2026-10-04T14:03:17Z,checkoutservice,productcatalogservice,0,0,0,0,0,0,0
2026-10-04T14:03:17Z,checkoutservice,recommendationservice,0,0,0,0,0,0,0
2026-10-04T14:03:17Z,checkoutservice,redis-cart,0,0,0,0,0,0,0
2026-10-04T14:03:17Z,checkoutservice,shippingservice,0,0,0,0,0,0,0
2026-10-04T14:03:17Z,currencyservice,adservice,0,0,0,0,0,0,0
2026-10-04T14:03:17Z,currencyservice,cartservice,0,0,0,0,0,0,0
2026-10-04T14:03:17Z,currencyservice,checkoutservice,0,0,0,0,0,0,0
2026-10-04T14:03:17Z,currencyservice,currencyservice,0,0,0,0,0,0,0
2026-10-04T14:03:17Z,currencyservice,emailservice,0,0,0,0,0,0,0
2026-10-04T14:03:17Z,currencyservice,frontend,0,0,0,0,0,0,0
2026-10-04T14:03:17Z,currencyservice,kubernetes,0,0,0,0,0,0,0
2026-10-04T14:03:17Z,currencyservice,paymentservice,0,0,0,0,0,0,0
2026-10-04T14:03:17Z,currencyservice,productcatalogservice,0,0,0,0,0,0,0
2026-10-04T14:03:17Z,currencyservice,recommendationservice,0,0,0,0,0,0,0
2026-10-04T14:03:17Z,currencyservice,redis-cart,0,0,0,0,0,0,0
2026-10-04T14:03:17Z,currencyservice,shippingservice,0,0,0,0,0,0,0
2026-10-04T14:03:17Z,emailservice,adservice,0,0,0,0,0,0,0
2026-10-04T14:03:17Z,emailservice,cartservice,0,0,0,0,0,0,0
2026-10-04T14:03:17Z,emailservice,checkoutservice,0,0,0,0,0,0,0
2026-10-04T14:03:17Z,emailservice,currencyservice,0,0,0,0,0,0,0
2026-10-04T14:03:17Z,emailservice,emailservice,0,0,0,0,0,0,0
2026-10-04T14:03:17Z,emailservice,frontend,0,0,0,0,0,0,0
2026-10-04T14:03:17Z,emailservice,kubernetes,0,0,0,0,0,0,0
2026-10-04T14:03:17Z,emailservice,paymentservice,0,0,0,0,0,0,0
2026-10-04T14:03:17Z,emailservice,productcatalogservice,0,0,0,0,0,0,0
2026-10-04T14:03:17Z,emailservice,recommendationservice,0,0,0,0,0,0,0
2026-10-04T14:03:17Z,emailservice,redis-cart,0,0,0,0,0,0,0
2026-10-04T14:03:17Z,emailservice,shippingservice,0,0,0,0,0,0,0
2026-10-04T14:03:17Z,frontend,adservice,773781,773779,0,0,0,2334061,773779
2026-10-04T14:03:17Z,frontend,cartservice,1730573,1730561,0,0,4,9624535,1730561
2026-10-04T14:03:17Z,frontend,checkoutservice,354811,173691,0,34332,146696,55608828,173690
2026-10-04T14:03:17Z,frontend,currencyservice,2749584,2749577,0,0,0,14589993,2749577
2026-10-04T14:03:17Z,frontend,emailservice,0,0,0,0,0,0,0
2026-10-04T14:03:17Z,frontend,frontend,0,0,0,0,0,0,0
2026-10-04T14:03:17Z,frontend,kubernetes,0,0,0,0,0,0,0
2026-10-04T14:03:17Z,frontend,paymentservice,0,0,0,0,0,0,0
2026-10-04T14:03:17Z,frontend,productcatalogservice,7676840,7676779,0,0,0,52315430,7676779
2026-10-04T14:03:17Z,frontend,recommendationservice,2523996,1524786,0,104145,892890,769956520,1524786
2026-10-04T14:03:17Z,frontend,redis-cart,0,0,0,0,0,0,0
2026-10-04T14:03:17Z,frontend,shippingservice,283787,283785,0,0,0,858241,283785
2026-10-04T14:03:17Z,paymentservice,adservice,0,0,0,0,0,0,0
2026-10-04T14:03:17Z,paymentservice,cartservice,0,0,0,0,0,0,0
2026-10-04T14:03:17Z,paymentservice,checkoutservice,0,0,0,0,0,0,0
2026-10-04T14:03:17Z,paymentservice,currencyservice,0,0,0,0,0,0,0
2026-10-04T14:03:17Z,paymentservice,emailservice,0,0,0,0,0,0,0
2026-10-04T14:03:17Z,paymentservice,frontend,0,0,0,0,0,0,0
2026-10-04T14:03:17Z,paymentservice,kubernetes,0,0,0,0,0,0,0
2026-10-04T14:03:17Z,paymentservice,paymentservice,0,0,0,0,0,0,0
2026-10-04T14:03:17Z,paymentservice,productcatalogservice,0,0,0,0,0,0,0
2026-10-04T14:03:17Z,paymentservice,recommendationservice,0,0,0,0,0,0,0
2026-10-04T14:03:17Z,paymentservice,redis-cart,0,0,0,0,0,0,0
2026-10-04T14:03:17Z,paymentservice,shippingservice,0,0,0,0,0,0,0
2026-10-04T14:03:17Z,productcatalogservice,adservice,0,0,0,0,0,0,0
2026-10-04T14:03:17Z,productcatalogservice,cartservice,0,0,0,0,0,0,0
2026-10-04T14:03:17Z,productcatalogservice,checkoutservice,0,0,0,0,0,0,0
2026-10-04T14:03:17Z,productcatalogservice,currencyservice,0,0,0,0,0,0,0
2026-10-04T14:03:17Z,productcatalogservice,emailservice,0,0,0,0,0,0,0
2026-10-04T14:03:17Z,productcatalogservice,frontend,0,0,0,0,0,0,0
2026-10-04T14:03:17Z,productcatalogservice,kubernetes,0,0,0,0,0,0,0
2026-10-04T14:03:17Z,productcatalogservice,paymentservice,0,0,0,0,0,0,0
2026-10-04T14:03:17Z,productcatalogservice,productcatalogservice,0,0,0,0,0,0,0
2026-10-04T14:03:17Z,productcatalogservice,recommendationservice,0,0,0,0,0,0,0
2026-10-04T14:03:17Z,productcatalogservice,redis-cart,0,0,0,0,0,0,0
2026-10-04T14:03:17Z,productcatalogservice,shippingservice,0,0,0,0,0,0,0
2026-10-04T14:03:17Z,recommendationservice,adservice,0,0,0,0,0,0,0
2026-10-04T14:03:17Z,recommendationservice,cartservice,0,0,0,0,0,0,0
2026-10-04T14:03:17Z,recommendationservice,checkoutservice,0,0,0,0,0,0,0
2026-10-04T14:03:17Z,recommendationservice,currencyservice,0,0,0,0,0,0,0
2026-10-04T14:03:17Z,recommendationservice,emailservice,0,0,0,0,0,0,0
2026-10-04T14:03:17Z,recommendationservice,frontend,0,0,0,0,0,0,0
2026-10-04T14:03:17Z,recommendationservice,kubernetes,0,0,0,0,0,0,0
2026-10-04T14:03:17Z,recommendationservice,paymentservice,0,0,0,0,0,0,0
2026-10-04T14:03:17Z,recommendationservice,productcatalogservice,0,0,0,0,0,0,0
2026-10-04T14:03:17Z,recommendationservice,recommendationservice,0,0,0,0,0,0,0
2026-10-04T14:03:17Z,recommendationservice,redis-cart,0,0,0,0,0,0,0
2026-10-04T14:03:17Z,recommendationservice,shippingservice,0,0,0,0,0,0,0
2026-10-04T14:03:17Z,redis-cart,adservice,0,0,0,0,0,0,0
2026-10-04T14:03:17Z,redis-cart,cartservice,0,0,0,0,0,0,0
2026-10-04T14:03:17Z,redis-cart,checkoutservice,0,0,0,0,0,0,0
2026-10-04T14:03:17Z,redis-cart,currencyservice,0,0,0,0,0,0,0
2026-10-04T14:03:17Z,redis-cart,emailservice,0,0,0,0,0,0,0
2026-10-04T14:03:17Z,redis-cart,frontend,0,0,0,0,0,0,0
2026-10-04T14:03:17Z,redis-cart,kubernetes,0,0,0,0,0,0,0
2026-10-04T14:03:17Z,redis-cart,paymentservice,0,0,0,0,0,0,0
2026-10-04T14:03:17Z,redis-cart,productcatalogservice,0,0,0,0,0,0,0
2026-10-04T14:03:17Z,redis-cart,recommendationservice,0,0,0,0,0,0,0
2026-10-04T14:03:17Z,redis-cart,redis-cart,0,0,0,0,0,0,0
2026-10-04T14:03:17Z,redis-cart,shippingservice,0,0,0,0,0,0,0
2026-10-04T14:03:17Z,shippingservice,adservice,0,0,0,0,0,0,0
2026-10-04T14:03:17Z,shippingservice,cartservice,0,0,0,0,0,0,0
2026-10-04T14:03:17Z,shippingservice,checkoutservice,0,0,0,0,0,0,0
2026-10-04T14:03:17Z,shippingservice,currencyservice,0,0,0,0,0,0,0
2026-10-04T14:03:17Z,shippingservice,emailservice,0,0,0,0,0,0,0
2026-10-04T14:03:17Z,shippingservice,frontend,0,0,0,0,0,0,0
2026-10-04T14:03:17Z,shippingservice,kubernetes,0,0,0,0,0,0,0
2026-10-04T14:03:17Z,shippingservice,paymentservice,0,0,0,0,0,0,0
2026-10-04T14:03:17Z,shippingservice,productcatalogservice,0,0,0,0,0,0,0
2026-10-04T14:03:17Z,shippingservice,recommendationservice,0,0,0,0,0,0,0
2026-10-04T14:03:17Z,shippingservice,redis-cart,0,0,0,0,0,0,0
2026-10-04T14:03:17Z,shippingservice,shippingservice,0,0,0,0,0,0,0
2026-10-04T14:03:18Z,adservice,adservice,0,0,0,0,0,0,0
2026-10-04T14:03:18Z,adservice,cartservice,0,0,0,0,0,0,0
2026-10-04T14:03:18Z,adservice,checkoutservice,0,0,0,0,0,0,0
2026-10-04T14:03:18Z,adservice,currencyservice,0,0,0,0,0,0,0
2026-10-04T14:03:18Z,adservice,emailservice,0,0,0,0,0,0,0
2026-10-04T14:03:18Z,adservice,frontend,0,0,0,0,0,0,0
2026-10-04T14:03:18Z,adservice,kubernetes,0,0,0,0,0,0,0
2026-10-04T14:03:18Z,adservice,paymentservice,0,0,0,0,0,0,0
2026-10-04T14:03:18Z,adservice,productcatalogservice,0,0,0,0,0,0,0
2026-10-04T14:03:18Z,adservice,recommendationservice,0,0,0,0,0,0,0
2026-10-04T14:03:18Z,adservice,redis-cart,0,0,0,0,0,0,0
2026-10-04T14:03:18Z,adservice,shippingservice,0,0,0,0,0,0,0
2026-10-04T14:03:18Z,cartservice,adservice,0,0,0,0,0,0,0
2026-10-04T14:03:18Z,cartservice,cartservice,0,0,0,0,0,0,0
2026-10-04T14:03:18Z,cartservice,checkoutservice,0,0,0,0,0,0,0
2026-10-04T14:03:18Z,cartservice,currencyservice,0,0,0,0,0,0,0
2026-10-04T14:03:18Z,cartservice,emailservice,0,0,0,0,0,0,0
2026-10-04T14:03:18Z,cartservice,frontend,0,0,0,0,0,0,0
2026-10-04T14:03:18Z,cartservice,kubernetes,0,0,0,0,0,0,0
2026-10-04T14:03:18Z,cartservice,paymentservice,0,0,0,0,0,0,0
2026-10-04T14:03:18Z,cartservice,productcatalogservice,0,0,0,0,0,0,0
2026-10-04T14:03:18Z,cartservice,recommendationservice,0,0,0,0,0,0,0
2026-10-04T14:03:18Z,cartservice,redis-cart,2,0,0,0,0,0,0
2026-10-04T14:03:18Z,cartservice,shippingservice,0,0,0,0,0,0,0
2026-10-04T14:03:18Z,checkoutservice,adservice,0,0,0,0,0,0,0
2026-10-04T14:03:18Z,checkoutservice,cartservice,0,0,0,0,0,0,0
2026-10-04T14:03:18Z,checkoutservice,checkoutservice,0,0,0,0,0,0,0
2026-10-04T14:03:18Z,checkoutservice,currencyservice,0,0,0,0,0,0,0
2026-10-04T14:03:18Z,checkoutservice,emailservice,0,0,0,0,0,0,0
2026-10-04T14:03:18Z,checkoutservice,frontend,0,0,0,0,0,0,0
2026-10-04T14:03:18Z,checkoutservice,kubernetes,0,0,0,0,0,0,0
2026-10-04T14:03:18Z,checkoutservice,paymentservice,0,0,0,0,0,0,0
2026-10-04T14:03:18Z,checkoutservice,productcatalogservice,0,0,0,0,0,0,0
2026-10-04T14:03:18Z,checkoutservice,recommendationservice,0,0,0,0,0,0,0
2026-10-04T14:03:18Z,checkoutservice,redis-cart,0,0,0,0,0,0,0
2026-10-04T14:03:18Z,checkoutservice,shippingservice,0,0,0,0,0,0,0
2026-10-04T14:03:18Z,currencyservice,adservice,0,0,0,0,0,0,0
2026-10-04T14:03:18Z,currencyservice,cartservice,0,0,0,0,0,0,0
2026-10-04T14:03:18Z,currencyservice,checkoutservice,0,0,0,0,0,0,0
2026-10-04T14:03:18Z,currencyservice,currencyservice,0,0,0,0,0,0,0
2026-10-04T14:03:18Z,currencyservice,emailservice,0,0,0,0,0,0,0
2026-10-04T14:03:18Z,currencyservice,frontend,0,0,0,0,0,0,0
2026-10-04T14:03:18Z,currencyservice,kubernetes,0,0,0,0,0,0,0
2026-10-04T14:03:18Z,currencyservice,paymentservice,0,0,0,0,0,0,0
2026-10-04T14:03:18Z,currencyservice,productcatalogservice,0,0,0,0,0,0,0
2026-10-04T14:03:18Z,currencyservice,recommendationservice,0,0,0,0,0,0,0
2026-10-04T14:03:18Z,currencyservice,redis-cart,0,0,0,0,0,0,0
2026-10-04T14:03:18Z,currencyservice,shippingservice,0,0,0,0,0,0,0
2026-10-04T14:03:18Z,emailservice,adservice,0,0,0,0,0,0,0
2026-10-04T14:03:18Z,emailservice,cartservice,0,0,0,0,0,0,0
2026-10-04T14:03:18Z,emailservice,checkoutservice,0,0,0,0,0,0,0
2026-10-04T14:03:18Z,emailservice,currencyservice,0,0,0,0,0,0,0
2026-10-04T14:03:18Z,emailservice,emailservice,0,0,0,0,0,0,0
2026-10-04T14:03:18Z,emailservice,frontend,0,0,0,0,0,0,0
2026-10-04T14:03:18Z,emailservice,kubernetes,0,0,0,0,0,0,0
2026-10-04T14:03:18Z,emailservice,paymentservice,0,0,0,0,0,0,0
2026-10-04T14:03:18Z,emailservice,productcatalogservice,0,0,0,0,0,0,0
2026-10-04T14:03:18Z,emailservice,recommendationservice,0,0,0,0,0,0,0
2026-10-04T14:03:18Z,emailservice,redis-cart,0,0,0,0,0,0,0
2026-10-04T14:03:18Z,emailservice,shippingservice,0,0,0,0,0,0,0
2026-10-04T14:03:18Z,frontend,adservice,773781,773779,0,0,0,2334061,773779
2026-10-04T14:03:18Z,frontend,cartservice,1730578,1730566,0,0,4,9624540,1730563
2026-10-04T14:03:18Z,frontend,checkoutservice,354811,173691,0,34332,146696,55608828,173690
2026-10-04T14:03:18Z,frontend,currencyservice,2749588,2749581,0,0,0,14589997,2749579
2026-10-04T14:03:18Z,frontend,emailservice,0,0,0,0,0,0,0
2026-10-04T14:03:18Z,frontend,frontend,0,0,0,0,0,0,0
2026-10-04T14:03:18Z,frontend,kubernetes,0,0,0,0,0,0,0
2026-10-04T14:03:18Z,frontend,paymentservice,0,0,0,0,0,0,0
2026-10-04T14:03:18Z,frontend,productcatalogservice,7676852,7676791,0,0,0,52315432,7676785
2026-10-04T14:03:18Z,frontend,recommendationservice,2523998,1524788,0,104145,892890,769956603,1524787
2026-10-04T14:03:18Z,frontend,redis-cart,0,0,0,0,0,0,0
2026-10-04T14:03:18Z,frontend,shippingservice,283789,283787,0,0,0,858242,283786
2026-10-04T14:03:18Z,paymentservice,adservice,0,0,0,0,0,0,0
2026-10-04T14:03:18Z,paymentservice,cartservice,0,0,0,0,0,0,0
2026-10-04T14:03:18Z,paymentservice,checkoutservice,0,0,0,0,0,0,0
2026-10-04T14:03:18Z,paymentservice,currencyservice,0,0,0,0,0,0,0
2026-10-04T14:03:18Z,paymentservice,emailservice,0,0,0,0,0,0,0
2026-10-04T14:03:18Z,paymentservice,frontend,0,0,0,0,0,0,0
2026-10-04T14:03:18Z,paymentservice,kubernetes,0,0,0,0,0,0,0
2026-10-04T14:03:18Z,paymentservice,paymentservice,0,0,0,0,0,0,0
2026-10-04T14:03:18Z,paymentservice,productcatalogservice,0,0,0,0,0,0,0
2026-10-04T14:03:18Z,paymentservice,recommendationservice,0,0,0,0,0,0,0
2026-10-04T14:03:18Z,paymentservice,redis-cart,0,0,0,0,0,0,0
2026-10-04T14:03:18Z,paymentservice,shippingservice,0,0,0,0,0,0,0
2026-10-04T14:03:18Z,productcatalogservice,adservice,0,0,0,0,0,0,0
2026-10-04T14:03:18Z,productcatalogservice,cartservice,0,0,0,0,0,0,0
2026-10-04T14:03:18Z,productcatalogservice,checkoutservice,0,0,0,0,0,0,0
2026-10-04T14:03:18Z,productcatalogservice,currencyservice,0,0,0,0,0,0,0
2026-10-04T14:03:18Z,productcatalogservice,emailservice,0,0,0,0,0,0,0
2026-10-04T14:03:18Z,productcatalogservice,frontend,0,0,0,0,0,0,0
2026-10-04T14:03:18Z,productcatalogservice,kubernetes,0,0,0,0,0,0,0
2026-10-04T14:03:18Z,productcatalogservice,paymentservice,0,0,0,0,0,0,0
2026-10-04T14:03:18Z,productcatalogservice,productcatalogservice,0,0,0,0,0,0,0
2026-10-04T14:03:18Z,productcatalogservice,recommendationservice,0,0,0,0,0,0,0
2026-10-04T14:03:18Z,productcatalogservice,redis-cart,0,0,0,0,0,0,0
2026-10-04T14:03:18Z,productcatalogservice,shippingservice,0,0,0,0,0,0,0
2026-10-04T14:03:18Z,recommendationservice,adservice,0,0,0,0,0,0,0
2026-10-04T14:03:18Z,recommendationservice,cartservice,0,0,0,0,0,0,0
2026-10-04T14:03:18Z,recommendationservice,checkoutservice,0,0,0,0,0,0,0
2026-10-04T14:03:18Z,recommendationservice,currencyservice,0,0,0,0,0,0,0
2026-10-04T14:03:18Z,recommendationservice,emailservice,0,0,0,0,0,0,0
2026-10-04T14:03:18Z,recommendationservice,frontend,0,0,0,0,0,0,0
2026-10-04T14:03:18Z,recommendationservice,kubernetes,0,0,0,0,0,0,0
2026-10-04T14:03:18Z,recommendationservice,paymentservice,0,0,0,0,0,0,0
2026-10-04T14:03:18Z,recommendationservice,productcatalogservice,2,2,0,0,0,0,0
2026-10-04T14:03:18Z,recommendationservice,recommendationservice,0,0,0,0,0,0,0
2026-10-04T14:03:18Z,recommendationservice,redis-cart,0,0,0,0,0,0,0
2026-10-04T14:03:18Z,recommendationservice,shippingservice,0,0,0,0,0,0,0
2026-10-04T14:03:18Z,redis-cart,adservice,0,0,0,0,0,0,0
2026-10-04T14:03:18Z,redis-cart,cartservice,0,0,0,0,0,0,0
2026-10-04T14:03:18Z,redis-cart,checkoutservice,0,0,0,0,0,0,0
2026-10-04T14:03:18Z,redis-cart,currencyservice,0,0,0,0,0,0,0
2026-10-04T14:03:18Z,redis-cart,emailservice,0,0,0,0,0,0,0
2026-10-04T14:03:18Z,redis-cart,frontend,0,0,0,0,0,0,0
2026-10-04T14:03:18Z,redis-cart,kubernetes,0,0,0,0,0,0,0
2026-10-04T14:03:18Z,redis-cart,paymentservice,0,0,0,0,0,0,0
2026-10-04T14:03:18Z,redis-cart,productcatalogservice,0,0,0,0,0,0,0
2026-10-04T14:03:18Z,redis-cart,recommendationservice,0,0,0,0,0,0,0
2026-10-04T14:03:18Z,redis-cart,redis-cart,0,0,0,0,0,0,0
2026-10-04T14:03:18Z,redis-cart,shippingservice,0,0,0,0,0,0,0
2026-10-04T14:03:18Z,shippingservice,adservice,0,0,0,0,0,0,0
2026-10-04T14:03:18Z,shippingservice,cartservice,0,0,0,0,0,0,0
2026-10-04T14:03:18Z,shippingservice,checkoutservice,0,0,0,0,0,0,0
2026-10-04T14:03:18Z,shippingservice,currencyservice,0,0,0,0,0,0,0
2026-10-04T14:03:18Z,shippingservice,emailservice,0,0,0,0,0,0,0
2026-10-04T14:03:18Z,shippingservice,frontend,0,0,0,0,0,0,0
2026-10-04T14:03:18Z,shippingservice,kubernetes,0,0,0,0,0,0,0
2026-10-04T14:03:18Z,shippingservice,paymentservice,0,0,0,0,0,0,0
2026-10-04T14:03:18Z,shippingservice,productcatalogservice,0,0,0,0,0,0,0
2026-10-04T14:03:18Z,shippingservice,recommendationservice,0,0,0,0,0,0,0
2026-10-04T14:03:18Z,shippingservice,redis-cart,0,0,0,0,0,0,0
2026-10-04T14:03:18Z,shippingservice,shippingservice,0,0,0,0,0,0,0
2026-10-04T14:03:19Z,adservice,adservice,0,0,0,0,0,0,0
2026-10-04T14:03:19Z,adservice,cartservice,0,0,0,0,0,0,0
2026-10-04T14:03:19Z,adservice,checkoutservice,0,0,0,0,0,0,0
2026-10-04T14:03:19Z,adservice,currencyservice,0,0,0,0,0,0,0
2026-10-04T14:03:19Z,adservice,emailservice,0,0,0,0,0,0,0
2026-10-04T14:03:19Z,adservice,frontend,0,0,0,0,0,0,0
2026-10-04T14:03:19Z,adservice,kubernetes,0,0,0,0,0,0,0
2026-10-04T14:03:19Z,adservice,paymentservice,0,0,0,0,0,0,0
2026-10-04T14:03:19Z,adservice,productcatalogservice,0,0,0,0,0,0,0
2026-10-04T14:03:19Z,adservice,recommendationservice,0,0,0,0,0,0,0
2026-10-04T14:03:19Z,adservice,redis-cart,0,0,0,0,0,0,0
2026-10-04T14:03:19Z,adservice,shippingservice,0,0,0,0,0,0,0
2026-10-04T14:03:19Z,cartservice,adservice,0,0,0,0,0,0,0
2026-10-04T14:03:19Z,cartservice,cartservice,0,0,0,0,0,0,0
2026-10-04T14:03:19Z,cartservice,checkoutservice,0,0,0,0,0,0,0
2026-10-04T14:03:19Z,cartservice,currencyservice,0,0,0,0,0,0,0
2026-10-04T14:03:19Z,cartservice,emailservice,0,0,0,0,0,0,0
2026-10-04T14:03:19Z,cartservice,frontend,0,0,0,0,0,0,0
2026-10-04T14:03:19Z,cartservice,kubernetes,0,0,0,0,0,0,0
2026-10-04T14:03:19Z,cartservice,paymentservice,0,0,0,0,0,0,0
2026-10-04T14:03:19Z,cartservice,productcatalogservice,0,0,0,0,0,0,0
2026-10-04T14:03:19Z,cartservice,recommendationservice,0,0,0,0,0,0,0
2026-10-04T14:03:19Z,cartservice,redis-cart,2,0,0,0,0,0,0
2026-10-04T14:03:19Z,cartservice,shippingservice,0,0,0,0,0,0,0
2026-10-04T14:03:19Z,checkoutservice,adservice,0,0,0,0,0,0,0
2026-10-04T14:03:19Z,checkoutservice,cartservice,4,4,0,0,0,0,0
2026-10-04T14:03:19Z,checkoutservice,checkoutservice,0,0,0,0,0,0,0
2026-10-04T14:03:19Z,checkoutservice,currencyservice,2,2,0,0,0,0,0
2026-10-04T14:03:19Z,checkoutservice,emailservice,2,2,0,0,0,0,0
2026-10-04T14:03:19Z,checkoutservice,frontend,0,0,0,0,0,0,0
2026-10-04T14:03:19Z,checkoutservice,kubernetes,0,0,0,0,0,0,0
2026-10-04T14:03:19Z,checkoutservice,paymentservice,2,2,0,0,0,0,0
2026-10-04T14:03:19Z,checkoutservice,productcatalogservice,0,0,0,0,0,0,0
2026-10-04T14:03:19Z,checkoutservice,recommendationservice,0,0,0,0,0,0,0
2026-10-04T14:03:19Z,checkoutservice,redis-cart,0,0,0,0,0,0,0
2026-10-04T14:03:19Z,checkoutservice,shippingservice,4,4,0,0,0,0,0
2026-10-04T14:03:19Z,currencyservice,adservice,0,0,0,0,0,0,0
2026-10-04T14:03:19Z,currencyservice,cartservice,0,0,0,0,0,0,0
2026-10-04T14:03:19Z,currencyservice,checkoutservice,0,0,0,0,0,0,0
2026-10-04T14:03:19Z,currencyservice,currencyservice,0,0,0,0,0,0,0
2026-10-04T14:03:19Z,currencyservice,emailservice,0,0,0,0,0,0,0
2026-10-04T14:03:19Z,currencyservice,frontend,0,0,0,0,0,0,0
2026-10-04T14:03:19Z,currencyservice,kubernetes,0,0,0,0,0,0,0
2026-10-04T14:03:19Z,currencyservice,paymentservice,0,0,0,0,0,0,0
2026-10-04T14:03:19Z,currencyservice,productcatalogservice,0,0,0,0,0,0,0
2026-10-04T14:03:19Z,currencyservice,recommendationservice,0,0,0,0,0,0,0
2026-10-04T14:03:19Z,currencyservice,redis-cart,0,0,0,0,0,0,0
2026-10-04T14:03:19Z,currencyservice,shippingservice,0,0,0,0,0,0,0
2026-10-04T14:03:19Z,emailservice,adservice,0,0,0,0,0,0,0
2026-10-04T14:03:19Z,emailservice,cartservice,0,0,0,0,0,0,0
2026-10-04T14:03:19Z,emailservice,checkoutservice,0,0,0,0,0,0,0
2026-10-04T14:03:19Z,emailservice,currencyservice,0,0,0,0,0,0,0
2026-10-04T14:03:19Z,emailservice,emailservice,0,0,0,0,0,0,0
2026-10-04T14:03:19Z,emailservice,frontend,0,0,0,0,0,0,0
2026-10-04T14:03:19Z,emailservice,kubernetes,0,0,0,0,0,0,0
2026-10-04T14:03:19Z,emailservice,paymentservice,0,0,0,0,0,0,0
2026-10-04T14:03:19Z,emailservice,productcatalogservice,0,0,0,0,0,0,0
2026-10-04T14:03:19Z,emailservice,recommendationservice,0,0,0,0,0,0,0
2026-10-04T14:03:19Z,emailservice,redis-cart,0,0,0,0,0,0,0
2026-10-04T14:03:19Z,emailservice,shippingservice,0,0,0,0,0,0,0
2026-10-04T14:03:19Z,frontend,adservice,773786,773784,0,0,0,2334061,773779
2026-10-04T14:03:19Z,frontend,cartservice,1730591,1730579,0,0,4,9624548,1730566
2026-10-04T14:03:19Z,frontend,checkoutservice,354813,173693,0,34332,146696,55608828,173690
2026-10-04T14:03:19Z,frontend,currencyservice,2749608,2749601,0,0,0,14590000,2749581
2026-10-04T14:03:19Z,frontend,emailservice,0,0,0,0,0,0,0
2026-10-04T14:03:19Z,frontend,frontend,0,0,0,0,0,0,0
2026-10-04T14:03:19Z,frontend,kubernetes,0,0,0,0,0,0,0
2026-10-04T14:03:19Z,frontend,paymentservice,0,0,0,0,0,0,0
2026-10-04T14:03:19Z,frontend,productcatalogservice,7676916,7676854,0,0,0,52315435,7676791
2026-10-04T14:03:19Z,frontend,recommendationservice,2524009,1524799,0,104145,892890,769956684,1524788
2026-10-04T14:03:19Z,frontend,redis-cart,0,0,0,0,0,0,0
2026-10-04T14:03:19Z,frontend,shippingservice,283793,283791,0,0,0,858243,283787
2026-10-04T14:03:19Z,paymentservice,adservice,0,0,0,0,0,0,0
2026-10-04T14:03:19Z,paymentservice,cartservice,0,0,0,0,0,0,0
2026-10-04T14:03:19Z,paymentservice,checkoutservice,0,0,0,0,0,0,0
2026-10-04T14:03:19Z,paymentservice,currencyservice,0,0,0,0,0,0,0
2026-10-04T14:03:19Z,paymentservice,emailservice,0,0,0,0,0,0,0
2026-10-04T14:03:19Z,paymentservice,frontend,0,0,0,0,0,0,0
2026-10-04T14:03:19Z,paymentservice,kubernetes,0,0,0,0,0,0,0
2026-10-04T14:03:19Z,paymentservice,paymentservice,0,0,0,0,0,0,0
2026-10-04T14:03:19Z,paymentservice,productcatalogservice,0,0,0,0,0,0,0
2026-10-04T14:03:19Z,paymentservice,recommendationservice,0,0,0,0,0,0,0
2026-10-04T14:03:19Z,paymentservice,redis-cart,0,0,0,0,0,0,0
2026-10-04T14:03:19Z,paymentservice,shippingservice,0,0,0,0,0,0,0
2026-10-04T14:03:19Z,productcatalogservice,adservice,0,0,0,0,0,0,0
2026-10-04T14:03:19Z,productcatalogservice,cartservice,0,0,0,0,0,0,0
2026-10-04T14:03:19Z,productcatalogservice,checkoutservice,0,0,0,0,0,0,0
2026-10-04T14:03:19Z,productcatalogservice,currencyservice,0,0,0,0,0,0,0
2026-10-04T14:03:19Z,productcatalogservice,emailservice,0,0,0,0,0,0,0
2026-10-04T14:03:19Z,productcatalogservice,frontend,0,0,0,0,0,0,0
2026-10-04T14:03:19Z,productcatalogservice,kubernetes,0,0,0,0,0,0,0
2026-10-04T14:03:19Z,productcatalogservice,paymentservice,0,0,0,0,0,0,0
2026-10-04T14:03:19Z,productcatalogservice,productcatalogservice,0,0,0,0,0,0,0
2026-10-04T14:03:19Z,productcatalogservice,recommendationservice,0,0,0,0,0,0,0
2026-10-04T14:03:19Z,productcatalogservice,redis-cart,0,0,0,0,0,0,0
2026-10-04T14:03:19Z,productcatalogservice,shippingservice,0,0,0,0,0,0,0
2026-10-04T14:03:19Z,recommendationservice,adservice,0,0,0,0,0,0,0
2026-10-04T14:03:19Z,recommendationservice,cartservice,0,0,0,0,0,0,0
2026-10-04T14:03:19Z,recommendationservice,checkoutservice,0,0,0,0,0,0,0
2026-10-04T14:03:19Z,recommendationservice,currencyservice,0,0,0,0,0,0,0
2026-10-04T14:03:19Z,recommendationservice,emailservice,0,0,0,0,0,0,0
2026-10-04T14:03:19Z,recommendationservice,frontend,0,0,0,0,0,0,0
2026-10-04T14:03:19Z,recommendationservice,kubernetes,0,0,0,0,0,0,0
2026-10-04T14:03:19Z,recommendationservice,paymentservice,0,0,0,0,0,0,0
2026-10-04T14:03:19Z,recommendationservice,productcatalogservice,13,13,0,0,0,0,0
2026-10-04T14:03:19Z,recommendationservice,recommendationservice,0,0,0,0,0,0,0
2026-10-04T14:03:19Z,recommendationservice,redis-cart,0,0,0,0,0,0,0
2026-10-04T14:03:19Z,recommendationservice,shippingservice,0,0,0,0,0,0,0
2026-10-04T14:03:19Z,redis-cart,adservice,0,0,0,0,0,0,0
2026-10-04T14:03:19Z,redis-cart,cartservice,0,0,0,0,0,0,0
2026-10-04T14:03:19Z,redis-cart,checkoutservice,0,0,0,0,0,0,0
2026-10-04T14:03:19Z,redis-cart,currencyservice,0,0,0,0,0,0,0
2026-10-04T14:03:19Z,redis-cart,emailservice,0,0,0,0,0,0,0
2026-10-04T14:03:19Z,redis-cart,frontend,0,0,0,0,0,0,0
2026-10-04T14:03:19Z,redis-cart,kubernetes,0,0,0,0,0,0,0
2026-10-04T14:03:19Z,redis-cart,paymentservice,0,0,0,0,0,0,0
2026-10-04T14:03:19Z,redis-cart,productcatalogservice,0,0,0,0,0,0,0
2026-10-04T14:03:19Z,redis-cart,recommendationservice,0,0,0,0,0,0,0
2026-10-04T14:03:19Z,redis-cart,redis-cart,0,0,0,0,0,0,0
2026-10-04T14:03:19Z,redis-cart,shippingservice,0,0,0,0,0,0,0
2026-10-04T14:03:19Z,shippingservice,adservice,0,0,0,0,0,0,0
2026-10-04T14:03:19Z,shippingservice,cartservice,0,0,0,0,0,0,0
2026-10-04T14:03:19Z,shippingservice,checkoutservice,0,0,0,0,0,0,0
2026-10-04T14:03:19Z,shippingservice,currencyservice,0,0,0,0,0,0,0
2026-10-04T14:03:19Z,shippingservice,emailservice,0,0,0,0,0,0,0
2026-10-04T14:03:19Z,shippingservice,frontend,0,0,0,0,0,0,0
2026-10-04T14:03:19Z,shippingservice,kubernetes,0,0,0,0,0,0,0
2026-10-04T14:03:19Z,shippingservice,paymentservice,0,0,0,0,0,0,0
2026-10-04T14:03:19Z,shippingservice,productcatalogservice,0,0,0,0,0,0,0
2026-10-04T14:03:19Z,shippingservice,recommendationservice,0,0,0,0,0,0,0
2026-10-04T14:03:19Z,shippingservice,redis-cart,0,0,0,0,0,0,0
2026-10-04T14:03:19Z,shippingservice,shippingservice,0,0,0,0,0,0,0
2026-10-04T14:03:20Z,adservice,adservice,0,0,0,0,0,0,0
2026-10-04T14:03:20Z,adservice,cartservice,0,0,0,0,0,0,0
2026-10-04T14:03:20Z,adservice,checkoutservice,0,0,0,0,0,0,0
2026-10-04T14:03:20Z,adservice,currencyservice,0,0,0,0,0,0,0
2026-10-04T14:03:20Z,adservice,emailservice,0,0,0,0,0,0,0
2026-10-04T14:03:20Z,adservice,frontend,0,0,0,0,0,0,0
2026-10-04T14:03:20Z,adservice,kubernetes,0,0,0,0,0,0,0
2026-10-04T14:03:20Z,adservice,paymentservice,0,0,0,0,0,0,0
2026-10-04T14:03:20Z,adservice,productcatalogservice,0,0,0,0,0,0,0
2026-10-04T14:03:20Z,adservice,recommendationservice,0,0,0,0,0,0,0
2026-10-04T14:03:20Z,adservice,redis-cart,0,0,0,0,0,0,0
2026-10-04T14:03:20Z,adservice,shippingservice,0,0,0,0,0,0,0
2026-10-04T14:03:20Z,cartservice,adservice,0,0,0,0,0,0,0
2026-10-04T14:03:20Z,cartservice,cartservice,0,0,0,0,0,0,0
2026-10-04T14:03:20Z,cartservice,checkoutservice,0,0,0,0,0,0,0
2026-10-04T14:03:20Z,cartservice,currencyservice,0,0,0,0,0,0,0
2026-10-04T14:03:20Z,cartservice,emailservice,0,0,0,0,0,0,0
2026-10-04T14:03:20Z,cartservice,frontend,0,0,0,0,0,0,0
2026-10-04T14:03:20Z,cartservice,kubernetes,0,0,0,0,0,0,0
2026-10-04T14:03:20Z,cartservice,paymentservice,0,0,0,0,0,0,0
2026-10-04T14:03:20Z,cartservice,productcatalogservice,0,0,0,0,0,0,0
2026-10-04T14:03:20Z,cartservice,recommendationservice,0,0,0,0,0,0,0
2026-10-04T14:03:20Z,cartservice,redis-cart,2,0,0,0,0,0,0
2026-10-04T14:03:20Z,cartservice,shippingservice,0,0,0,0,0,0,0
2026-10-04T14:03:20Z,checkoutservice,adservice,0,0,0,0,0,0,0
2026-10-04T14:03:20Z,checkoutservice,cartservice,12,12,0,0,0,0,0
2026-10-04T14:03:20Z,checkoutservice,checkoutservice,0,0,0,0,0,0,0
2026-10-04T14:03:20Z,checkoutservice,currencyservice,6,6,0,0,0,0,0
2026-10-04T14:03:20Z,checkoutservice,emailservice,6,6,0,0,0,0,0
2026-10-04T14:03:20Z,checkoutservice,frontend,0,0,0,0,0,0,0
2026-10-04T14:03:20Z,checkoutservice,kubernetes,0,0,0,0,0,0,0
2026-10-04T14:03:20Z,checkoutservice,paymentservice,6,6,0,0,0,0,0
2026-10-04T14:03:20Z,checkoutservice,productcatalogservice,0,0,0,0,0,0,0
2026-10-04T14:03:20Z,checkoutservice,recommendationservice,0,0,0,0,0,0,0
2026-10-04T14:03:20Z,checkoutservice,redis-cart,0,0,0,0,0,0,0
2026-10-04T14:03:20Z,checkoutservice,shippingservice,12,12,0,0,0,0,0
2026-10-04T14:03:20Z,currencyservice,adservice,0,0,0,0,0,0,0
2026-10-04T14:03:20Z,currencyservice,cartservice,0,0,0,0,0,0,0
2026-10-04T14:03:20Z,currencyservice,checkoutservice,0,0,0,0,0,0,0
2026-10-04T14:03:20Z,currencyservice,currencyservice,0,0,0,0,0,0,0
2026-10-04T14:03:20Z,currencyservice,emailservice,0,0,0,0,0,0,0
2026-10-04T14:03:20Z,currencyservice,frontend,0,0,0,0,0,0,0
2026-10-04T14:03:20Z,currencyservice,kubernetes,0,0,0,0,0,0,0
2026-10-04T14:03:20Z,currencyservice,paymentservice,0,0,0,0,0,0,0
2026-10-04T14:03:20Z,currencyservice,productcatalogservice,0,0,0,0,0,0,0
2026-10-04T14:03:20Z,currencyservice,recommendationservice,0,0,0,0,0,0,0
2026-10-04T14:03:20Z,currencyservice,redis-cart,0,0,0,0,0,0,0
2026-10-04T14:03:20Z,currencyservice,shippingservice,0,0,0,0,0,0,0
2026-10-04T14:03:20Z,emailservice,adservice,0,0,0,0,0,0,0
2026-10-04T14:03:20Z,emailservice,cartservice,0,0,0,0,0,0,0
2026-10-04T14:03:20Z,emailservice,checkoutservice,0,0,0,0,0,0,0
2026-10-04T14:03:20Z,emailservice,currencyservice,0,0,0,0,0,0,0
2026-10-04T14:03:20Z,emailservice,emailservice,0,0,0,0,0,0,0
2026-10-04T14:03:20Z,emailservice,frontend,0,0,0,0,0,0,0
2026-10-04T14:03:20Z,emailservice,kubernetes,0,0,0,0,0,0,0
2026-10-04T14:03:20Z,emailservice,paymentservice,0,0,0,0,0,0,0
2026-10-04T14:03:20Z,emailservice,productcatalogservice,0,0,0,0,0,0,0
2026-10-04T14:03:20Z,emailservice,recommendationservice,0,0,0,0,0,0,0
2026-10-04T14:03:20Z,emailservice,redis-cart,0,0,0,0,0,0,0
2026-10-04T14:03:20Z,emailservice,shippingservice,0,0,0,0,0,0,0
2026-10-04T14:03:20Z,frontend,adservice,773796,773794,0,0,0,2334061,773779
2026-10-04T14:03:20Z,frontend,cartservice,1730614,1730602,0,0,4,9624548,1730566
2026-10-04T14:03:20Z,frontend,checkoutservice,354817,173697,0,34332,146696,55608828,173690
2026-10-04T14:03:20Z,frontend,currencyservice,2749644,2749637,0,0,0,14590000,2749581
2026-10-04T14:03:20Z,frontend,emailservice,0,0,0,0,0,0,0
2026-10-04T14:03:20Z,frontend,frontend,0,0,0,0,0,0,0
2026-10-04T14:03:20Z,frontend,kubernetes,0,0,0,0,0,0,0
2026-10-04T14:03:20Z,frontend,paymentservice,0,0,0,0,0,0,0
2026-10-04T14:03:20Z,frontend,productcatalogservice,7677031,7676970,0,0,0,52315435,7676791
2026-10-04T14:03:20Z,frontend,recommendationservice,2524029,1524819,0,104145,892890,769956684,1524788
2026-10-04T14:03:20Z,frontend,redis-cart,0,0,0,0,0,0,0
2026-10-04T14:03:20Z,frontend,shippingservice,283799,283797,0,0,0,858243,283787
2026-10-04T14:03:20Z,paymentservice,adservice,0,0,0,0,0,0,0
2026-10-04T14:03:20Z,paymentservice,cartservice,0,0,0,0,0,0,0
2026-10-04T14:03:20Z,paymentservice,checkoutservice,0,0,0,0,0,0,0
2026-10-04T14:03:20Z,paymentservice,currencyservice,0,0,0,0,0,0,0
2026-10-04T14:03:20Z,paymentservice,emailservice,0,0,0,0,0,0,0
2026-10-04T14:03:20Z,paymentservice,frontend,0,0,0,0,0,0,0
2026-10-04T14:03:20Z,paymentservice,kubernetes,0,0,0,0,0,0,0
2026-10-04T14:03:20Z,paymentservice,paymentservice,0,0,0,0,0,0,0
2026-10-04T14:03:20Z,paymentservice,productcatalogservice,0,0,0,0,0,0,0
2026-10-04T14:03:20Z,paymentservice,recommendationservice,0,0,0,0,0,0,0
2026-10-04T14:03:20Z,paymentservice,redis-cart,0,0,0,0,0,0,0
2026-10-04T14:03:20Z,paymentservice,shippingservice,0,0,0,0,0,0,0
2026-10-04T14:03:20Z,productcatalogservice,adservice,0,0,0,0,0,0,0
2026-10-04T14:03:20Z,productcatalogservice,cartservice,0,0,0,0,0,0,0
2026-10-04T14:03:20Z,productcatalogservice,checkoutservice,0,0,0,0,0,0,0
2026-10-04T14:03:20Z,productcatalogservice,currencyservice,0,0,0,0,0,0,0
2026-10-04T14:03:20Z,productcatalogservice,emailservice,0,0,0,0,0,0,0
2026-10-04T14:03:20Z,productcatalogservice,frontend,0,0,0,0,0,0,0
2026-10-04T14:03:20Z,productcatalogservice,kubernetes,0,0,0,0,0,0,0
2026-10-04T14:03:20Z,productcatalogservice,paymentservice,0,0,0,0,0,0,0
2026-10-04T14:03:20Z,productcatalogservice,productcatalogservice,0,0,0,0,0,0,0
2026-10-04T14:03:20Z,productcatalogservice,recommendationservice,0,0,0,0,0,0,0
2026-10-04T14:03:20Z,productcatalogservice,redis-cart,0,0,0,0,0,0,0
2026-10-04T14:03:20Z,productcatalogservice,shippingservice,0,0,0,0,0,0,0
2026-10-04T14:03:20Z,recommendationservice,adservice,0,0,0,0,0,0,0
2026-10-04T14:03:20Z,recommendationservice,cartservice,0,0,0,0,0,0,0
2026-10-04T14:03:20Z,recommendationservice,checkoutservice,0,0,0,0,0,0,0
2026-10-04T14:03:20Z,recommendationservice,currencyservice,0,0,0,0,0,0,0
2026-10-04T14:03:20Z,recommendationservice,emailservice,0,0,0,0,0,0,0
2026-10-04T14:03:20Z,recommendationservice,frontend,0,0,0,0,0,0,0
2026-10-04T14:03:20Z,recommendationservice,kubernetes,0,0,0,0,0,0,0
2026-10-04T14:03:20Z,recommendationservice,paymentservice,0,0,0,0,0,0,0
2026-10-04T14:03:20Z,recommendationservice,productcatalogservice,33,33,0,0,0,39,15
2026-10-04T14:03:20Z,recommendationservice,recommendationservice,0,0,0,0,0,0,0
2026-10-04T14:03:20Z,recommendationservice,redis-cart,0,0,0,0,0,0,0
2026-10-04T14:03:20Z,recommendationservice,shippingservice,0,0,0,0,0,0,0
2026-10-04T14:03:20Z,redis-cart,adservice,0,0,0,0,0,0,0
2026-10-04T14:03:20Z,redis-cart,cartservice,0,0,0,0,0,0,0
2026-10-04T14:03:20Z,redis-cart,checkoutservice,0,0,0,0,0,0,0
2026-10-04T14:03:20Z,redis-cart,currencyservice,0,0,0,0,0,0,0
2026-10-04T14:03:20Z,redis-cart,emailservice,0,0,0,0,0,0,0
2026-10-04T14:03:20Z,redis-cart,frontend,0,0,0,0,0,0,0
2026-10-04T14:03:20Z,redis-cart,kubernetes,0,0,0,0,0,0,0
2026-10-04T14:03:20Z,redis-cart,paymentservice,0,0,0,0,0,0,0
2026-10-04T14:03:20Z,redis-cart,productcatalogservice,0,0,0,0,0,0,0
2026-10-04T14:03:20Z,redis-cart,recommendationservice,0,0,0,0,0,0,0
2026-10-04T14:03:20Z,redis-cart,redis-cart,0,0,0,0,0,0,0
2026-10-04T14:03:20Z,redis-cart,shippingservice,0,0,0,0,0,0,0
2026-10-04T14:03:20Z,shippingservice,adservice,0,0,0,0,0,0,0
2026-10-04T14:03:20Z,shippingservice,cartservice,0,0,0,0,0,0,0
2026-10-04T14:03:20Z,shippingservice,checkoutservice,0,0,0,0,0,0,0
2026-10-04T14:03:20Z,shippingservice,currencyservice,0,0,0,0,0,0,0
2026-10-04T14:03:20Z,shippingservice,emailservice,0,0,0,0,0,0,0
2026-10-04T14:03:20Z,shippingservice,frontend,0,0,0,0,0,0,0
2026-10-04T14:03:20Z,shippingservice,kubernetes,0,0,0,0,0,0,0
2026-10-04T14:03:20Z,shippingservice,paymentservice,0,0,0,0,0,0,0
2026-10-04T14:03:20Z,shippingservice,productcatalogservice,0,0,0,0,0,0,0
2026-10-04T14:03:20Z,shippingservice,recommendationservice,0,0,0,0,0,0,0
2026-10-04T14:03:20Z,shippingservice,redis-cart,0,0,0,0,0,0,0
2026-10-04T14:03:20Z,shippingservice,shippingservice,0,0,0,0,0,0,0
2026-10-04T14:03:21Z,adservice,adservice,0,0,0,0,0,0,0
2026-10-04T14:03:21Z,adservice,cartservice,0,0,0,0,0,0,0
2026-10-04T14:03:21Z,adservice,checkoutservice,0,0,0,0,0,0,0
2026-10-04T14:03:21Z,adservice,currencyservice,0,0,0,0,0,0,0
2026-10-04T14:03:21Z,adservice,emailservice,0,0,0,0,0,0,0
2026-10-04T14:03:21Z,adservice,frontend,0,0,0,0,0,0,0
2026-10-04T14:03:21Z,adservice,kubernetes,0,0,0,0,0,0,0
2026-10-04T14:03:21Z,adservice,paymentservice,0,0,0,0,0,0,0
2026-10-04T14:03:21Z,adservice,productcatalogservice,0,0,0,0,0,0,0
2026-10-04T14:03:21Z,adservice,recommendationservice,0,0,0,0,0,0,0
2026-10-04T14:03:21Z,adservice,redis-cart,0,0,0,0,0,0,0
2026-10-04T14:03:21Z,adservice,shippingservice,0,0,0,0,0,0,0
2026-10-04T14:03:21Z,cartservice,adservice,0,0,0,0,0,0,0
2026-10-04T14:03:21Z,cartservice,cartservice,0,0,0,0,0,0,0
2026-10-04T14:03:21Z,cartservice,checkoutservice,0,0,0,0,0,0,0
2026-10-04T14:03:21Z,cartservice,currencyservice,0,0,0,0,0,0,0
2026-10-04T14:03:21Z,cartservice,emailservice,0,0,0,0,0,0,0
2026-10-04T14:03:21Z,cartservice,frontend,0,0,0,0,0,0,0
2026-10-04T14:03:21Z,cartservice,kubernetes,0,0,0,0,0,0,0
2026-10-04T14:03:21Z,cartservice,paymentservice,0,0,0,0,0,0,0
2026-10-04T14:03:21Z,cartservice,productcatalogservice,0,0,0,0,0,0,0
2026-10-04T14:03:21Z,cartservice,recommendationservice,0,0,0,0,0,0,0
2026-10-04T14:03:21Z,cartservice,redis-cart,2,0,0,0,0,0,0
2026-10-04T14:03:21Z,cartservice,shippingservice,0,0,0,0,0,0,0
2026-10-04T14:03:21Z,checkoutservice,adservice,0,0,0,0,0,0,0
2026-10-04T14:03:21Z,checkoutservice,cartservice,24,24,0,0,0,0,0
2026-10-04T14:03:21Z,checkoutservice,checkoutservice,0,0,0,0,0,0,0
2026-10-04T14:03:21Z,checkoutservice,currencyservice,12,12,0,0,0,0,0
2026-10-04T14:03:21Z,checkoutservice,emailservice,12,12,0,0,0,0,0
2026-10-04T14:03:21Z,checkoutservice,frontend,0,0,0,0,0,0,0
2026-10-04T14:03:21Z,checkoutservice,kubernetes,0,0,0,0,0,0,0
2026-10-04T14:03:21Z,checkoutservice,paymentservice,12,12,0,0,0,0,0
2026-10-04T14:03:21Z,checkoutservice,productcatalogservice,0,0,0,0,0,0,0
2026-10-04T14:03:21Z,checkoutservice,recommendationservice,0,0,0,0,0,0,0
2026-10-04T14:03:21Z,checkoutservice,redis-cart,0,0,0,0,0,0,0
2026-10-04T14:03:21Z,checkoutservice,shippingservice,24,24,0,0,0,0,0
2026-10-04T14:03:21Z,currencyservice,adservice,0,0,0,0,0,0,0
2026-10-04T14:03:21Z,currencyservice,cartservice,0,0,0,0,0,0,0
2026-10-04T14:03:21Z,currencyservice,checkoutservice,0,0,0,0,0,0,0
2026-10-04T14:03:21Z,currencyservice,currencyservice,0,0,0,0,0,0,0
2026-10-04T14:03:21Z,currencyservice,emailservice,0,0,0,0,0,0,0
2026-10-04T14:03:21Z,currencyservice,frontend,0,0,0,0,0,0,0
2026-10-04T14:03:21Z,currencyservice,kubernetes,0,0,0,0,0,0,0
2026-10-04T14:03:21Z,currencyservice,paymentservice,0,0,0,0,0,0,0
2026-10-04T14:03:21Z,currencyservice,productcatalogservice,0,0,0,0,0,0,0
2026-10-04T14:03:21Z,currencyservice,recommendationservice,0,0,0,0,0,0,0
2026-10-04T14:03:21Z,currencyservice,redis-cart,0,0,0,0,0,0,0
2026-10-04T14:03:21Z,currencyservice,shippingservice,0,0,0,0,0,0,0
2026-10-04T14:03:21Z,emailservice,adservice,0,0,0,0,0,0,0
2026-10-04T14:03:21Z,emailservice,cartservice,0,0,0,0,0,0,0
2026-10-04T14:03:21Z,emailservice,checkoutservice,0,0,0,0,0,0,0
2026-10-04T14:03:21Z,emailservice,currencyservice,0,0,0,0,0,0,0
2026-10-04T14:03:21Z,emailservice,emailservice,0,0,0,0,0,0,0
2026-10-04T14:03:21Z,emailservice,frontend,0,0,0,0,0,0,0
2026-10-04T14:03:21Z,emailservice,kubernetes,0,0,0,0,0,0,0
2026-10-04T14:03:21Z,emailservice,paymentservice,0,0,0,0,0,0,0
2026-10-04T14:03:21Z,emailservice,productcatalogservice,0,0,0,0,0,0,0
2026-10-04T14:03:21Z,emailservice,recommendationservice,0,0,0,0,0,0,0
2026-10-04T14:03:21Z,emailservice,redis-cart,0,0,0,0,0,0,0
2026-10-04T14:03:21Z,emailservice,shippingservice,0,0,0,0,0,0,0
2026-10-04T14:03:21Z,frontend,adservice,773811,773809,0,0,0,2334061,773779
2026-10-04T14:03:21Z,frontend,cartservice,1730642,1730630,0,0,4,9624548,1730566
2026-10-04T14:03:21Z,frontend,checkoutservice,354824,173704,0,34332,146696,55608828,173690
2026-10-04T14:03:21Z,frontend,currencyservice,2749697,2749690,0,0,0,14590000,2749581
2026-10-04T14:03:21Z,frontend,emailservice,0,0,0,0,0,0,0
2026-10-04T14:03:21Z,frontend,frontend,0,0,0,0,0,0,0
2026-10-04T14:03:21Z,frontend,kubernetes,0,0,0,0,0,0,0
2026-10-04T14:03:21Z,frontend,paymentservice,0,0,0,0,0,0,0
2026-10-04T14:03:21Z,frontend,productcatalogservice,7677200,7677139,0,0,0,52315435,7676791
2026-10-04T14:03:21Z,frontend,recommendationservice,2524059,1524849,0,104145,892890,769956684,1524788
2026-10-04T14:03:21Z,frontend,redis-cart,0,0,0,0,0,0,0
2026-10-04T14:03:21Z,frontend,shippingservice,283807,283805,0,0,0,858243,283787
2026-10-04T14:03:21Z,paymentservice,adservice,0,0,0,0,0,0,0
2026-10-04T14:03:21Z,paymentservice,cartservice,0,0,0,0,0,0,0
2026-10-04T14:03:21Z,paymentservice,checkoutservice,0,0,0,0,0,0,0
2026-10-04T14:03:21Z,paymentservice,currencyservice,0,0,0,0,0,0,0
2026-10-04T14:03:21Z,paymentservice,emailservice,0,0,0,0,0,0,0
2026-10-04T14:03:21Z,paymentservice,frontend,0,0,0,0,0,0,0
2026-10-04T14:03:21Z,paymentservice,kubernetes,0,0,0,0,0,0,0
2026-10-04T14:03:21Z,paymentservice,paymentservice,0,0,0,0,0,0,0
2026-10-04T14:03:21Z,paymentservice,productcatalogservice,0,0,0,0,0,0,0
2026-10-04T14:03:21Z,paymentservice,recommendationservice,0,0,0,0,0,0,0
2026-10-04T14:03:21Z,paymentservice,redis-cart,0,0,0,0,0,0,0
2026-10-04T14:03:21Z,paymentservice,shippingservice,0,0,0,0,0,0,0
2026-10-04T14:03:21Z,productcatalogservice,adservice,0,0,0,0,0,0,0
2026-10-04T14:03:21Z,productcatalogservice,cartservice,0,0,0,0,0,0,0
2026-10-04T14:03:21Z,productcatalogservice,checkoutservice,0,0,0,0,0,0,0
2026-10-04T14:03:21Z,productcatalogservice,currencyservice,0,0,0,0,0,0,0
2026-10-04T14:03:21Z,productcatalogservice,emailservice,0,0,0,0,0,0,0
2026-10-04T14:03:21Z,productcatalogservice,frontend,0,0,0,0,0,0,0
2026-10-04T14:03:21Z,productcatalogservice,kubernetes,0,0,0,0,0,0,0
2026-10-04T14:03:21Z,productcatalogservice,paymentservice,0,0,0,0,0,0,0
2026-10-04T14:03:21Z,productcatalogservice,productcatalogservice,0,0,0,0,0,0,0
2026-10-04T14:03:21Z,productcatalogservice,recommendationservice,0,0,0,0,0,0,0
2026-10-04T14:03:21Z,productcatalogservice,redis-cart,0,0,0,0,0,0,0
2026-10-04T14:03:21Z,productcatalogservice,shippingservice,0,0,0,0,0,0,0
2026-10-04T14:03:21Z,recommendationservice,adservice,0,0,0,0,0,0,0
2026-10-04T14:03:21Z,recommendationservice,cartservice,0,0,0,0,0,0,0
2026-10-04T14:03:21Z,recommendationservice,checkoutservice,0,0,0,0,0,0,0
2026-10-04T14:03:21Z,recommendationservice,currencyservice,0,0,0,0,0,0,0
2026-10-04T14:03:21Z,recommendationservice,emailservice,0,0,0,0,0,0,0
2026-10-04T14:03:21Z,recommendationservice,frontend,0,0,0,0,0,0,0
2026-10-04T14:03:21Z,recommendationservice,kubernetes,0,0,0,0,0,0,0
2026-10-04T14:03:21Z,recommendationservice,paymentservice,0,0,0,0,0,0,0
2026-10-04T14:03:21Z,recommendationservice,productcatalogservice,62,62,0,0,0,39,15
2026-10-04T14:03:21Z,recommendationservice,recommendationservice,0,0,0,0,0,0,0
2026-10-04T14:03:21Z,recommendationservice,redis-cart,0,0,0,0,0,0,0
2026-10-04T14:03:21Z,recommendationservice,shippingservice,0,0,0,0,0,0,0
2026-10-04T14:03:21Z,redis-cart,adservice,0,0,0,0,0,0,0
2026-10-04T14:03:21Z,redis-cart,cartservice,0,0,0,0,0,0,0
2026-10-04T14:03:21Z,redis-cart,checkoutservice,0,0,0,0,0,0,0
2026-10-04T14:03:21Z,redis-cart,currencyservice,0,0,0,0,0,0,0
2026-10-04T14:03:21Z,redis-cart,emailservice,0,0,0,0,0,0,0
2026-10-04T14:03:21Z,redis-cart,frontend,0,0,0,0,0,0,0
2026-10-04T14:03:21Z,redis-cart,kubernetes,0,0,0,0,0,0,0
2026-10-04T14:03:21Z,redis-cart,paymentservice,0,0,0,0,0,0,0
2026-10-04T14:03:21Z,redis-cart,productcatalogservice,0,0,0,0,0,0,0
2026-10-04T14:03:21Z,redis-cart,recommendationservice,0,0,0,0,0,0,0
2026-10-04T14:03:21Z,redis-cart,redis-cart,0,0,0,0,0,0,0
2026-10-04T14:03:21Z,redis-cart,shippingservice,0,0,0,0,0,0,0
2026-10-04T14:03:21Z,shippingservice,adservice,0,0,0,0,0,0,0
2026-10-04T14:03:21Z,shippingservice,cartservice,0,0,0,0,0,0,0
2026-10-04T14:03:21Z,shippingservice,checkoutservice,0,0,0,0,0,0,0
2026-10-04T14:03:21Z,shippingservice,currencyservice,0,0,0,0,0,0,0
2026-10-04T14:03:21Z,shippingservice,emailservice,0,0,0,0,0,0,0
2026-10-04T14:03:21Z,shippingservice,frontend,0,0,0,0,0,0,0
2026-10-04T14:03:21Z,shippingservice,kubernetes,0,0,0,0,0,0,0
2026-10-04T14:03:21Z,shippingservice,paymentservice,0,0,0,0,0,0,0
2026-10-04T14:03:21Z,shippingservice,productcatalogservice,0,0,0,0,0,0,0
2026-10-04T14:03:21Z,shippingservice,recommendationservice,0,0,0,0,0,0,0
2026-10-04T14:03:21Z,shippingservice,redis-cart,0,0,0,0,0,0,0
2026-10-04T14:03:21Z,shippingservice,shippingservice,0,0,0,0,0,0,0
2026-10-04T14:03:22Z,adservice,adservice,0,0,0,0,0,0,0
2026-10-04T14:03:22Z,adservice,cartservice,0,0,0,0,0,0,0
2026-10-04T14:03:22Z,adservice,checkoutservice,0,0,0,0,0,0,0
2026-10-04T14:03:22Z,adservice,currencyservice,0,0,0,0,0,0,0
2026-10-04T14:03:22Z,adservice,emailservice,0,0,0,0,0,0,0
2026-10-04T14:03:22Z,adservice,frontend,0,0,0,0,0,0,0
2026-10-04T14:03:22Z,adservice,kubernetes,0,0,0,0,0,0,0
2026-10-04T14:03:22Z,adservice,paymentservice,0,0,0,0,0,0,0
2026-10-04T14:03:22Z,adservice,productcatalogservice,0,0,0,0,0,0,0
2026-10-04T14:03:22Z,adservice,recommendationservice,0,0,0,0,0,0,0
2026-10-04T14:03:22Z,adservice,redis-cart,0,0,0,0,0,0,0
2026-10-04T14:03:22Z,adservice,shippingservice,0,0,0,0,0,0,0
2026-10-04T14:03:22Z,cartservice,adservice,0,0,0,0,0,0,0
2026-10-04T14:03:22Z,cartservice,cartservice,0,0,0,0,0,0,0
2026-10-04T14:03:22Z,cartservice,checkoutservice,0,0,0,0,0,0,0
2026-10-04T14:03:22Z,cartservice,currencyservice,0,0,0,0,0,0,0
2026-10-04T14:03:22Z,cartservice,emailservice,0,0,0,0,0,0,0
2026-10-04T14:03:22Z,cartservice,frontend,0,0,0,0,0,0,0
2026-10-04T14:03:22Z,cartservice,kubernetes,0,0,0,0,0,0,0
2026-10-04T14:03:22Z,cartservice,paymentservice,0,0,0,0,0,0,0
2026-10-04T14:03:22Z,cartservice,productcatalogservice,0,0,0,0,0,0,0
2026-10-04T14:03:22Z,cartservice,recommendationservice,0,0,0,0,0,0,0
2026-10-04T14:03:22Z,cartservice,redis-cart,2,0,0,0,0,0,0
2026-10-04T14:03:22Z,cartservice,shippingservice,0,0,0,0,0,0,0
2026-10-04T14:03:22Z,checkoutservice,adservice,0,0,0,0,0,0,0
2026-10-04T14:03:22Z,checkoutservice,cartservice,40,40,0,0,0,72,28
2026-10-04T14:03:22Z,checkoutservice,checkoutservice,0,0,0,0,0,0,0
2026-10-04T14:03:22Z,checkoutservice,currencyservice,20,20,0,0,0,38,14
2026-10-04T14:03:22Z,checkoutservice,emailservice,20,20,0,0,0,58,14
2026-10-04T14:03:22Z,checkoutservice,frontend,0,0,0,0,0,0,0
2026-10-04T14:03:22Z,checkoutservice,kubernetes,0,0,0,0,0,0,0
2026-10-04T14:03:22Z,checkoutservice,paymentservice,20,20,0,0,0,48,14
2026-10-04T14:03:22Z,checkoutservice,productcatalogservice,0,0,0,0,0,0,0
2026-10-04T14:03:22Z,checkoutservice,recommendationservice,0,0,0,0,0,0,0
2026-10-04T14:03:22Z,checkoutservice,redis-cart,0,0,0,0,0,0,0
2026-10-04T14:03:22Z,checkoutservice,shippingservice,40,40,0,0,0,38,28
2026-10-04T14:03:22Z,currencyservice,adservice,0,0,0,0,0,0,0
2026-10-04T14:03:22Z,currencyservice,cartservice,0,0,0,0,0,0,0
2026-10-04T14:03:22Z,currencyservice,checkoutservice,0,0,0,0,0,0,0
2026-10-04T14:03:22Z,currencyservice,currencyservice,0,0,0,0,0,0,0
2026-10-04T14:03:22Z,currencyservice,emailservice,0,0,0,0,0,0,0
2026-10-04T14:03:22Z,currencyservice,frontend,0,0,0,0,0,0,0
2026-10-04T14:03:22Z,currencyservice,kubernetes,0,0,0,0,0,0,0
2026-10-04T14:03:22Z,currencyservice,paymentservice,0,0,0,0,0,0,0
2026-10-04T14:03:22Z,currencyservice,productcatalogservice,0,0,0,0,0,0,0
2026-10-04T14:03:22Z,currencyservice,recommendationservice,0,0,0,0,0,0,0
2026-10-04T14:03:22Z,currencyservice,redis-cart,0,0,0,0,0,0,0
2026-10-04T14:03:22Z,currencyservice,shippingservice,0,0,0,0,0,0,0
2026-10-04T14:03:22Z,emailservice,adservice,0,0,0,0,0,0,0
2026-10-04T14:03:22Z,emailservice,cartservice,0,0,0,0,0,0,0
2026-10-04T14:03:22Z,emailservice,checkoutservice,0,0,0,0,0,0,0
2026-10-04T14:03:22Z,emailservice,currencyservice,0,0,0,0,0,0,0
2026-10-04T14:03:22Z,emailservice,emailservice,0,0,0,0,0,0,0
2026-10-04T14:03:22Z,emailservice,frontend,0,0,0,0,0,0,0
2026-10-04T14:03:22Z,emailservice,kubernetes,0,0,0,0,0,0,0
2026-10-04T14:03:22Z,emailservice,paymentservice,0,0,0,0,0,0,0
2026-10-04T14:03:22Z,emailservice,productcatalogservice,0,0,0,0,0,0,0
2026-10-04T14:03:22Z,emailservice,recommendationservice,0,0,0,0,0,0,0
2026-10-04T14:03:22Z,emailservice,redis-cart,0,0,0,0,0,0,0
2026-10-04T14:03:22Z,emailservice,shippingservice,0,0,0,0,0,0,0
2026-10-04T14:03:22Z,frontend,adservice,773831,773829,0,0,0,2334061,773779
2026-10-04T14:03:22Z,frontend,cartservice,1730684,1730672,0,0,4,9624548,1730566
2026-10-04T14:03:22Z,frontend,checkoutservice,354833,173713,0,34332,146696,55608828,173690
2026-10-04T14:03:22Z,frontend,currencyservice,2749766,2749759,0,0,0,14590000,2749581
2026-10-04T14:03:22Z,frontend,emailservice,0,0,0,0,0,0,0
2026-10-04T14:03:22Z,frontend,frontend,0,0,0,0,0,0,0
2026-10-04T14:03:22Z,frontend,kubernetes,0,0,0,0,0,0,0
2026-10-04T14:03:22Z,frontend,paymentservice,0,0,0,0,0,0,0
2026-10-04T14:03:22Z,frontend,productcatalogservice,7677426,7677365,0,0,0,52315435,7676791
2026-10-04T14:03:22Z,frontend,recommendationservice,2524098,1524888,0,104145,892890,769956684,1524788
2026-10-04T14:03:22Z,frontend,redis-cart,0,0,0,0,0,0,0
2026-10-04T14:03:22Z,frontend,shippingservice,283817,283815,0,0,0,858243,283787
2026-10-04T14:03:22Z,paymentservice,adservice,0,0,0,0,0,0,0
2026-10-04T14:03:22Z,paymentservice,cartservice,0,0,0,0,0,0,0
2026-10-04T14:03:22Z,paymentservice,checkoutservice,0,0,0,0,0,0,0
2026-10-04T14:03:22Z,paymentservice,currencyservice,0,0,0,0,0,0,0
2026-10-04T14:03:22Z,paymentservice,emailservice,0,0,0,0,0,0,0
2026-10-04T14:03:22Z,paymentservice,frontend,0,0,0,0,0,0,0
2026-10-04T14:03:22Z,paymentservice,kubernetes,0,0,0,0,0,0,0
2026-10-04T14:03:22Z,paymentservice,paymentservice,0,0,0,0,0,0,0
2026-10-04T14:03:22Z,paymentservice,productcatalogservice,0,0,0,0,0,0,0
2026-10-04T14:03:22Z,paymentservice,recommendationservice,0,0,0,0,0,0,0
2026-10-04T14:03:22Z,paymentservice,redis-cart,0,0,0,0,0,0,0
2026-10-04T14:03:22Z,paymentservice,shippingservice,0,0,0,0,0,0,0
2026-10-04T14:03:22Z,productcatalogservice,adservice,0,0,0,0,0,0,0
2026-10-04T14:03:22Z,productcatalogservice,cartservice,0,0,0,0,0,0,0
2026-10-04T14:03:22Z,productcatalogservice,checkoutservice,0,0,0,0,0,0,0
2026-10-04T14:03:22Z,productcatalogservice,currencyservice,0,0,0,0,0,0,0
2026-10-04T14:03:22Z,productcatalogservice,emailservice,0,0,0,0,0,0,0
2026-10-04T14:03:22Z,productcatalogservice,frontend,0,0,0,0,0,0,0
2026-10-04T14:03:22Z,productcatalogservice,kubernetes,0,0,0,0,0,0,0
2026-10-04T14:03:22Z,productcatalogservice,paymentservice,0,0,0,0,0,0,0
2026-10-04T14:03:22Z,productcatalogservice,productcatalogservice,0,0,0,0,0,0,0
2026-10-04T14:03:22Z,productcatalogservice,recommendationservice,0,0,0,0,0,0,0
2026-10-04T14:03:22Z,productcatalogservice,redis-cart,0,0,0,0,0,0,0
2026-10-04T14:03:22Z,productcatalogservice,shippingservice,0,0,0,0,0,0,0
2026-10-04T14:03:22Z,recommendationservice,adservice,0,0,0,0,0,0,0
2026-10-04T14:03:22Z,recommendationservice,cartservice,0,0,0,0,0,0,0
2026-10-04T14:03:22Z,recommendationservice,checkoutservice,0,0,0,0,0,0,0
2026-10-04T14:03:22Z,recommendationservice,currencyservice,0,0,0,0,0,0,0
2026-10-04T14:03:22Z,recommendationservice,emailservice,0,0,0,0,0,0,0
2026-10-04T14:03:22Z,recommendationservice,frontend,0,0,0,0,0,0,0
2026-10-04T14:03:22Z,recommendationservice,kubernetes,0,0,0,0,0,0,0
2026-10-04T14:03:22Z,recommendationservice,paymentservice,0,0,0,0,0,0,0
2026-10-04T14:03:22Z,recommendationservice,productcatalogservice,100,100,0,0,0,39,15
2026-10-04T14:03:22Z,recommendationservice,recommendationservice,0,0,0,0,0,0,0
2026-10-04T14:03:22Z,recommendationservice,redis-cart,0,0,0,0,0,0,0
2026-10-04T14:03:22Z,recommendationservice,shippingservice,0,0,0,0,0,0,0
2026-10-04T14:03:22Z,redis-cart,adservice,0,0,0,0,0,0,0
2026-10-04T14:03:22Z,redis-cart,cartservice,0,0,0,0,0,0,0
2026-10-04T14:03:22Z,redis-cart,checkoutservice,0,0,0,0,0,0,0
2026-10-04T14:03:22Z,redis-cart,currencyservice,0,0,0,0,0,0,0
2026-10-04T14:03:22Z,redis-cart,emailservice,0,0,0,0,0,0,0
2026-10-04T14:03:22Z,redis-cart,frontend,0,0,0,0,0,0,0
2026-10-04T14:03:22Z,redis-cart,kubernetes,0,0,0,0,0,0,0
2026-10-04T14:03:22Z,redis-cart,paymentservice,0,0,0,0,0,0,0
2026-10-04T14:03:22Z,redis-cart,productcatalogservice,0,0,0,0,0,0,0
2026-10-04T14:03:22Z,redis-cart,recommendationservice,0,0,0,0,0,0,0
2026-10-04T14:03:22Z,redis-cart,redis-cart,0,0,0,0,0,0,0
2026-10-04T14:03:22Z,redis-cart,shippingservice,0,0,0,0,0,0,0
2026-10-04T14:03:22Z,shippingservice,adservice,0,0,0,0,0,0,0
2026-10-04T14:03:22Z,shippingservice,cartservice,0,0,0,0,0,0,0
2026-10-04T14:03:22Z,shippingservice,checkoutservice,0,0,0,0,0,0,0
2026-10-04T14:03:22Z,shippingservice,currencyservice,0,0,0,0,0,0,0
2026-10-04T14:03:22Z,shippingservice,emailservice,0,0,0,0,0,0,0
2026-10-04T14:03:22Z,shippingservice,frontend,0,0,0,0,0,0,0
2026-10-04T14:03:22Z,shippingservice,kubernetes,0,0,0,0,0,0,0
2026-10-04T14:03:22Z,shippingservice,paymentservice,0,0,0,0,0,0,0
2026-10-04T14:03:22Z,shippingservice,productcatalogservice,0,0,0,0,0,0,0
2026-10-04T14:03:22Z,shippingservice,recommendationservice,0,0,0,0,0,0,0
2026-10-04T14:03:22Z,shippingservice,redis-cart,0,0,0,0,0,0,0
2026-10-04T14:03:22Z,shippingservice,shippingservice,0,0,0,0,0,0,0
2026-10-04T14:03:23Z,adservice,adservice,0,0,0,0,0,0,0
2026-10-04T14:03:23Z,adservice,cartservice,0,0,0,0,0,0,0
2026-10-04T14:03:23Z,adservice,checkoutservice,0,0,0,0,0,0,0
2026-10-04T14:03:23Z,adservice,currencyservice,0,0,0,0,0,0,0
2026-10-04T14:03:23Z,adservice,emailservice,0,0,0,0,0,0,0
2026-10-04T14:03:23Z,adservice,frontend,0,0,0,0,0,0,0
2026-10-04T14:03:23Z,adservice,kubernetes,0,0,0,0,0,0,0
2026-10-04T14:03:23Z,adservice,paymentservice,0,0,0,0,0,0,0
2026-10-04T14:03:23Z,adservice,productcatalogservice,0,0,0,0,0,0,0
2026-10-04T14:03:23Z,adservice,recommendationservice,0,0,0,0,0,0,0
2026-10-04T14:03:23Z,adservice,redis-cart,0,0,0,0,0,0,0
2026-10-04T14:03:23Z,adservice,shippingservice,0,0,0,0,0,0,0
2026-10-04T14:03:23Z,cartservice,adservice,0,0,0,0,0,0,0
2026-10-04T14:03:23Z,cartservice,cartservice,0,0,0,0,0,0,0
2026-10-04T14:03:23Z,cartservice,checkoutservice,0,0,0,0,0,0,0
2026-10-04T14:03:23Z,cartservice,currencyservice,0,0,0,0,0,0,0
2026-10-04T14:03:23Z,cartservice,emailservice,0,0,0,0,0,0,0
2026-10-04T14:03:23Z,cartservice,frontend,0,0,0,0,0,0,0
2026-10-04T14:03:23Z,cartservice,kubernetes,0,0,0,0,0,0,0
2026-10-04T14:03:23Z,cartservice,paymentservice,0,0,0,0,0,0,0
2026-10-04T14:03:23Z,cartservice,productcatalogservice,0,0,0,0,0,0,0
2026-10-04T14:03:23Z,cartservice,recommendationservice,0,0,0,0,0,0,0
2026-10-04T14:03:23Z,cartservice,redis-cart,2,0,0,0,0,0,0
2026-10-04T14:03:23Z,cartservice,shippingservice,0,0,0,0,0,0,0
2026-10-04T14:03:23Z,checkoutservice,adservice,0,0,0,0,0,0,0
2026-10-04T14:03:23Z,checkoutservice,cartservice,64,64,0,0,0,72,28
2026-10-04T14:03:23Z,checkoutservice,checkoutservice,0,0,0,0,0,0,0
2026-10-04T14:03:23Z,checkoutservice,currencyservice,32,32,0,0,0,38,14
2026-10-04T14:03:23Z,checkoutservice,emailservice,32,32,0,0,0,58,14
2026-10-04T14:03:23Z,checkoutservice,frontend,0,0,0,0,0,0,0
2026-10-04T14:03:23Z,checkoutservice,kubernetes,0,0,0,0,0,0,0
2026-10-04T14:03:23Z,checkoutservice,paymentservice,32,32,0,0,0,48,14
2026-10-04T14:03:23Z,checkoutservice,productcatalogservice,0,0,0,0,0,0,0
2026-10-04T14:03:23Z,checkoutservice,recommendationservice,0,0,0,0,0,0,0
2026-10-04T14:03:23Z,checkoutservice,redis-cart,0,0,0,0,0,0,0
2026-10-04T14:03:23Z,checkoutservice,shippingservice,64,64,0,0,0,38,28
2026-10-04T14:03:23Z,currencyservice,adservice,0,0,0,0,0,0,0
2026-10-04T14:03:23Z,currencyservice,cartservice,0,0,0,0,0,0,0
2026-10-04T14:03:23Z,currencyservice,checkoutservice,0,0,0,0,0,0,0
2026-10-04T14:03:23Z,currencyservice,currencyservice,0,0,0,0,0,0,0
2026-10-04T14:03:23Z,currencyservice,emailservice,0,0,0,0,0,0,0
2026-10-04T14:03:23Z,currencyservice,frontend,0,0,0,0,0,0,0
2026-10-04T14:03:23Z,currencyservice,kubernetes,0,0,0,0,0,0,0
2026-10-04T14:03:23Z,currencyservice,paymentservice,0,0,0,0,0,0,0
2026-10-04T14:03:23Z,currencyservice,productcatalogservice,0,0,0,0,0,0,0
2026-10-04T14:03:23Z,currencyservice,recommendationservice,0,0,0,0,0,0,0
2026-10-04T14:03:23Z,currencyservice,redis-cart,0,0,0,0,0,0,0
2026-10-04T14:03:23Z,currencyservice,shippingservice,0,0,0,0,0,0,0
2026-10-04T14:03:23Z,emailservice,adservice,0,0,0,0,0,0,0
2026-10-04T14:03:23Z,emailservice,cartservice,0,0,0,0,0,0,0
2026-10-04T14:03:23Z,emailservice,checkoutservice,0,0,0,0,0,0,0
2026-10-04T14:03:23Z,emailservice,currencyservice,0,0,0,0,0,0,0
2026-10-04T14:03:23Z,emailservice,emailservice,0,0,0,0,0,0,0
2026-10-04T14:03:23Z,emailservice,frontend,0,0,0,0,0,0,0
2026-10-04T14:03:23Z,emailservice,kubernetes,0,0,0,0,0,0,0
2026-10-04T14:03:23Z,emailservice,paymentservice,0,0,0,0,0,0,0
2026-10-04T14:03:23Z,emailservice,productcatalogservice,0,0,0,0,0,0,0
2026-10-04T14:03:23Z,emailservice,recommendationservice,0,0,0,0,0,0,0
2026-10-04T14:03:23Z,emailservice,redis-cart,0,0,0,0,0,0,0
2026-10-04T14:03:23Z,emailservice,shippingservice,0,0,0,0,0,0,0
2026-10-04T14:03:23Z,frontend,adservice,773858,773856,0,0,0,2334114,773819
2026-10-04T14:03:23Z,frontend,cartservice,1730733,1730721,0,0,4,9624746,1730639
2026-10-04T14:03:23Z,frontend,checkoutservice,354846,173726,0,34332,146696,55609528,173706
2026-10-04T14:03:23Z,frontend,currencyservice,2749857,2749850,0,0,0,14590250,2749713
2026-10-04T14:03:23Z,frontend,emailservice,0,0,0,0,0,0,0
2026-10-04T14:03:23Z,frontend,frontend,0,0,0,0,0,0,0
2026-10-04T14:03:23Z,frontend,kubernetes,0,0,0,0,0,0,0
2026-10-04T14:03:23Z,frontend,paymentservice,0,0,0,0,0,0,0
2026-10-04T14:03:23Z,frontend,productcatalogservice,7677722,7677661,0,0,0,52315949,7677211
2026-10-04T14:03:23Z,frontend,recommendationservice,2524150,1524940,0,104145,892890,769957174,1524865
2026-10-04T14:03:23Z,frontend,redis-cart,0,0,0,0,0,0,0
2026-10-04T14:03:23Z,frontend,shippingservice,283829,283827,0,0,0,858263,283803
2026-10-04T14:03:23Z,paymentservice,adservice,0,0,0,0,0,0,0
2026-10-04T14:03:23Z,paymentservice,cartservice,0,0,0,0,0,0,0
2026-10-04T14:03:23Z,paymentservice,checkoutservice,0,0,0,0,0,0,0
2026-10-04T14:03:23Z,paymentservice,currencyservice,0,0,0,0,0,0,0
2026-10-04T14:03:23Z,paymentservice,emailservice,0,0,0,0,0,0,0
2026-10-04T14:03:23Z,paymentservice,frontend,0,0,0,0,0,0,0
2026-10-04T14:03:23Z,paymentservice,kubernetes,0,0,0,0,0,0,0
2026-10-04T14:03:23Z,paymentservice,paymentservice,0,0,0,0,0,0,0
2026-10-04T14:03:23Z,paymentservice,productcatalogservice,0,0,0,0,0,0,0
2026-10-04T14:03:23Z,paymentservice,recommendationservice,0,0,0,0,0,0,0
2026-10-04T14:03:23Z,paymentservice,redis-cart,0,0,0,0,0,0,0
2026-10-04T14:03:23Z,paymentservice,shippingservice,0,0,0,0,0,0,0
2026-10-04T14:03:23Z,productcatalogservice,adservice,0,0,0,0,0,0,0
2026-10-04T14:03:23Z,productcatalogservice,cartservice,0,0,0,0,0,0,0
2026-10-04T14:03:23Z,productcatalogservice,checkoutservice,0,0,0,0,0,0,0
2026-10-04T14:03:23Z,productcatalogservice,currencyservice,0,0,0,0,0,0,0
2026-10-04T14:03:23Z,productcatalogservice,emailservice,0,0,0,0,0,0,0
2026-10-04T14:03:23Z,productcatalogservice,frontend,0,0,0,0,0,0,0
2026-10-04T14:03:23Z,productcatalogservice,kubernetes,0,0,0,0,0,0,0
2026-10-04T14:03:23Z,productcatalogservice,paymentservice,0,0,0,0,0,0,0
2026-10-04T14:03:23Z,productcatalogservice,productcatalogservice,0,0,0,0,0,0,0
2026-10-04T14:03:23Z,productcatalogservice,recommendationservice,0,0,0,0,0,0,0
2026-10-04T14:03:23Z,productcatalogservice,redis-cart,0,0,0,0,0,0,0
2026-10-04T14:03:23Z,productcatalogservice,shippingservice,0,0,0,0,0,0,0
2026-10-04T14:03:23Z,recommendationservice,adservice,0,0,0,0,0,0,0
2026-10-04T14:03:23Z,recommendationservice,cartservice,0,0,0,0,0,0,0
2026-10-04T14:03:23Z,recommendationservice,checkoutservice,0,0,0,0,0,0,0
2026-10-04T14:03:23Z,recommendationservice,currencyservice,0,0,0,0,0,0,0
2026-10-04T14:03:23Z,recommendationservice,emailservice,0,0,0,0,0,0,0
2026-10-04T14:03:23Z,recommendationservice,frontend,0,0,0,0,0,0,0
2026-10-04T14:03:23Z,recommendationservice,kubernetes,0,0,0,0,0,0,0
2026-10-04T14:03:23Z,recommendationservice,paymentservice,0,0,0,0,0,0,0
2026-10-04T14:03:23Z,recommendationservice,productcatalogservice,151,151,0,0,0,39,15
2026-10-04T14:03:23Z,recommendationservice,recommendationservice,0,0,0,0,0,0,0
2026-10-04T14:03:23Z,recommendationservice,redis-cart,0,0,0,0,0,0,0
2026-10-04T14:03:23Z,recommendationservice,shippingservice,0,0,0,0,0,0,0
2026-10-04T14:03:23Z,redis-cart,adservice,0,0,0,0,0,0,0
2026-10-04T14:03:23Z,redis-cart,cartservice,0,0,0,0,0,0,0
2026-10-04T14:03:23Z,redis-cart,checkoutservice,0,0,0,0,0,0,0
2026-10-04T14:03:23Z,redis-cart,currencyservice,0,0,0,0,0,0,0
2026-10-04T14:03:23Z,redis-cart,emailservice,0,0,0,0,0,0,0
2026-10-04T14:03:23Z,redis-cart,frontend,0,0,0,0,0,0,0
2026-10-04T14:03:23Z,redis-cart,kubernetes,0,0,0,0,0,0,0
2026-10-04T14:03:23Z,redis-cart,paymentservice,0,0,0,0,0,0,0
2026-10-04T14:03:23Z,redis-cart,productcatalogservice,0,0,0,0,0,0,0
2026-10-04T14:03:23Z,redis-cart,recommendationservice,0,0,0,0,0,0,0
2026-10-04T14:03:23Z,redis-cart,redis-cart,0,0,0,0,0,0,0
2026-10-04T14:03:23Z,redis-cart,shippingservice,0,0,0,0,0,0,0
2026-10-04T14:03:23Z,shippingservice,adservice,0,0,0,0,0,0,0
2026-10-04T14:03:23Z,shippingservice,cartservice,0,0,0,0,0,0,0
2026-10-04T14:03:23Z,shippingservice,checkoutservice,0,0,0,0,0,0,0
2026-10-04T14:03:23Z,shippingservice,currencyservice,0,0,0,0,0,0,0
2026-10-04T14:03:23Z,shippingservice,emailservice,0,0,0,0,0,0,0
2026-10-04T14:03:23Z,shippingservice,frontend,0,0,0,0,0,0,0
2026-10-04T14:03:23Z,shippingservice,kubernetes,0,0,0,0,0,0,0
2026-10-04T14:03:23Z,shippingservice,paymentservice,0,0,0,0,0,0,0
2026-10-04T14:03:23Z,shippingservice,productcatalogservice,0,0,0,0,0,0,0
2026-10-04T14:03:23Z,shippingservice,recommendationservice,0,0,0,0,0,0,0
2026-10-04T14:03:23Z,shippingservice,redis-cart,0,0,0,0,0,0,0
2026-10-04T14:03:23Z,shippingservice,shippingservice,0,0,0,0,0,0,0
2026-10-04T14:03:24Z,adservice,adservice,0,0,0,0,0,0,0
2026-10-04T14:03:24Z,adservice,cartservice,0,0,0,0,0,0,0
2026-10-04T14:03:24Z,adservice,checkoutservice,0,0,0,0,0,0,0
2026-10-04T14:03:24Z,adservice,currencyservice,0,0,0,0,0,0,0
2026-10-04T14:03:24Z,adservice,emailservice,0,0,0,0,0,0,0
2026-10-04T14:03:24Z,adservice,frontend,0,0,0,0,0,0,0
2026-10-04T14:03:24Z,adservice,kubernetes,0,0,0,0,0,0,0
2026-10-04T14:03:24Z,adservice,paymentservice,0,0,0,0,0,0,0
2026-10-04T14:03:24Z,adservice,productcatalogservice,0,0,0,0,0,0,0
2026-10-04T14:03:24Z,adservice,recommendationservice,0,0,0,0,0,0,0
2026-10-04T14:03:24Z,adservice,redis-cart,0,0,0,0,0,0,0
2026-10-04T14:03:24Z,adservice,shippingservice,0,0,0,0,0,0,0
2026-10-04T14:03:24Z,cartservice,adservice,0,0,0,0,0,0,0
2026-10-04T14:03:24Z,cartservice,cartservice,0,0,0,0,0,0,0
2026-10-04T14:03:24Z,cartservice,checkoutservice,0,0,0,0,0,0,0
2026-10-04T14:03:24Z,cartservice,currencyservice,0,0,0,0,0,0,0
2026-10-04T14:03:24Z,cartservice,emailservice,0,0,0,0,0,0,0
2026-10-04T14:03:24Z,cartservice,frontend,0,0,0,0,0,0,0
2026-10-04T14:03:24Z,cartservice,kubernetes,0,0,0,0,0,0,0
2026-10-04T14:03:24Z,cartservice,paymentservice,0,0,0,0,0,0,0
2026-10-04T14:03:24Z,cartservice,productcatalogservice,0,0,0,0,0,0,0
2026-10-04T14:03:24Z,cartservice,recommendationservice,0,0,0,0,0,0,0
2026-10-04T14:03:24Z,cartservice,redis-cart,2,0,0,0,0,0,0
2026-10-04T14:03:24Z,cartservice,shippingservice,0,0,0,0,0,0,0
2026-10-04T14:03:24Z,checkoutservice,adservice,0,0,0,0,0,0,0
2026-10-04T14:03:24Z,checkoutservice,cartservice,92,92,0,0,0,72,28
2026-10-04T14:03:24Z,checkoutservice,checkoutservice,0,0,0,0,0,0,0
2026-10-04T14:03:24Z,checkoutservice,currencyservice,46,46,0,0,0,38,14
2026-10-04T14:03:24Z,checkoutservice,emailservice,46,46,0,0,0,58,14
2026-10-04T14:03:24Z,checkoutservice,frontend,0,0,0,0,0,0,0
2026-10-04T14:03:24Z,checkoutservice,kubernetes,0,0,0,0,0,0,0
2026-10-04T14:03:24Z,checkoutservice,paymentservice,46,46,0,0,0,48,14
2026-10-04T14:03:24Z,checkoutservice,productcatalogservice,0,0,0,0,0,0,0
2026-10-04T14:03:24Z,checkoutservice,recommendationservice,0,0,0,0,0,0,0
2026-10-04T14:03:24Z,checkoutservice,redis-cart,0,0,0,0,0,0,0
2026-10-04T14:03:24Z,checkoutservice,shippingservice,92,92,0,0,0,38,28
2026-10-04T14:03:24Z,currencyservice,adservice,0,0,0,0,0,0,0
2026-10-04T14:03:24Z,currencyservice,cartservice,0,0,0,0,0,0,0
2026-10-04T14:03:24Z,currencyservice,checkoutservice,0,0,0,0,0,0,0
2026-10-04T14:03:24Z,currencyservice,currencyservice,0,0,0,0,0,0,0
2026-10-04T14:03:24Z,currencyservice,emailservice,0,0,0,0,0,0,0
2026-10-04T14:03:24Z,currencyservice,frontend,0,0,0,0,0,0,0
2026-10-04T14:03:24Z,currencyservice,kubernetes,0,0,0,0,0,0,0
2026-10-04T14:03:24Z,currencyservice,paymentservice,0,0,0,0,0,0,0
2026-10-04T14:03:24Z,currencyservice,productcatalogservice,0,0,0,0,0,0,0
2026-10-04T14:03:24Z,currencyservice,recommendationservice,0,0,0,0,0,0,0
2026-10-04T14:03:24Z,currencyservice,redis-cart,0,0,0,0,0,0,0
2026-10-04T14:03:24Z,currencyservice,shippingservice,0,0,0,0,0,0,0
2026-10-04T14:03:24Z,emailservice,adservice,0,0,0,0,0,0,0
2026-10-04T14:03:24Z,emailservice,cartservice,0,0,0,0,0,0,0
2026-10-04T14:03:24Z,emailservice,checkoutservice,0,0,0,0,0,0,0
2026-10-04T14:03:24Z,emailservice,currencyservice,0,0,0,0,0,0,0
2026-10-04T14:03:24Z,emailservice,emailservice,0,0,0,0,0,0,0
2026-10-04T14:03:24Z,emailservice,frontend,0,0,0,0,0,0,0
2026-10-04T14:03:24Z,emailservice,kubernetes,0,0,0,0,0,0,0
2026-10-04T14:03:24Z,emailservice,paymentservice,0,0,0,0,0,0,0
2026-10-04T14:03:24Z,emailservice,productcatalogservice,0,0,0,0,0,0,0
2026-10-04T14:03:24Z,emailservice,recommendationservice,0,0,0,0,0,0,0
2026-10-04T14:03:24Z,emailservice,redis-cart,0,0,0,0,0,0,0
2026-10-04T14:03:24Z,emailservice,shippingservice,0,0,0,0,0,0,0
2026-10-04T14:03:24Z,frontend,adservice,773891,773889,0,0,0,2334166,773862
2026-10-04T14:03:24Z,frontend,cartservice,1730796,1730784,0,0,4,9624992,1730731
2026-10-04T14:03:24Z,frontend,checkoutservice,354860,173740,0,34332,146696,55610349,173727
2026-10-04T14:03:24Z,frontend,currencyservice,2749965,2749958,0,0,0,14590494,2749862
2026-10-04T14:03:24Z,frontend,emailservice,0,0,0,0,0,0,0
2026-10-04T14:03:24Z,frontend,frontend,0,0,0,0,0,0,0
2026-10-04T14:03:24Z,frontend,kubernetes,0,0,0,0,0,0,0
2026-10-04T14:03:24Z,frontend,paymentservice,0,0,0,0,0,0,0
2026-10-04T14:03:24Z,frontend,productcatalogservice,7678075,7678014,0,0,0,52316482,7677700
2026-10-04T14:03:24Z,frontend,recommendationservice,2524211,1525001,0,104145,892890,769957687,1524950
2026-10-04T14:03:24Z,frontend,redis-cart,0,0,0,0,0,0,0
2026-10-04T14:03:24Z,frontend,shippingservice,283843,283841,0,0,0,858289,283823
2026-10-04T14:03:24Z,paymentservice,adservice,0,0,0,0,0,0,0
2026-10-04T14:03:24Z,paymentservice,cartservice,0,0,0,0,0,0,0
2026-10-04T14:03:24Z,paymentservice,checkoutservice,0,0,0,0,0,0,0
2026-10-04T14:03:24Z,paymentservice,currencyservice,0,0,0,0,0,0,0
2026-10-04T14:03:24Z,paymentservice,emailservice,0,0,0,0,0,0,0
2026-10-04T14:03:24Z,paymentservice,frontend,0,0,0,0,0,0,0
2026-10-04T14:03:24Z,paymentservice,kubernetes,0,0,0,0,0,0,0
2026-10-04T14:03:24Z,paymentservice,paymentservice,0,0,0,0,0,0,0
2026-10-04T14:03:24Z,paymentservice,productcatalogservice,0,0,0,0,0,0,0
2026-10-04T14:03:24Z,paymentservice,recommendationservice,0,0,0,0,0,0,0
2026-10-04T14:03:24Z,paymentservice,redis-cart,0,0,0,0,0,0,0
2026-10-04T14:03:24Z,paymentservice,shippingservice,0,0,0,0,0,0,0
2026-10-04T14:03:24Z,productcatalogservice,adservice,0,0,0,0,0,0,0
2026-10-04T14:03:24Z,productcatalogservice,cartservice,0,0,0,0,0,0,0
2026-10-04T14:03:24Z,productcatalogservice,checkoutservice,0,0,0,0,0,0,0
2026-10-04T14:03:24Z,productcatalogservice,currencyservice,0,0,0,0,0,0,0
2026-10-04T14:03:24Z,productcatalogservice,emailservice,0,0,0,0,0,0,0
2026-10-04T14:03:24Z,productcatalogservice,frontend,0,0,0,0,0,0,0
2026-10-04T14:03:24Z,productcatalogservice,kubernetes,0,0,0,0,0,0,0
2026-10-04T14:03:24Z,productcatalogservice,paymentservice,0,0,0,0,0,0,0
2026-10-04T14:03:24Z,productcatalogservice,productcatalogservice,0,0,0,0,0,0,0
2026-10-04T14:03:24Z,productcatalogservice,recommendationservice,0,0,0,0,0,0,0
2026-10-04T14:03:24Z,productcatalogservice,redis-cart,0,0,0,0,0,0,0
2026-10-04T14:03:24Z,productcatalogservice,shippingservice,0,0,0,0,0,0,0
2026-10-04T14:03:24Z,recommendationservice,adservice,0,0,0,0,0,0,0
2026-10-04T14:03:24Z,recommendationservice,cartservice,0,0,0,0,0,0,0
2026-10-04T14:03:24Z,recommendationservice,checkoutservice,0,0,0,0,0,0,0
2026-10-04T14:03:24Z,recommendationservice,currencyservice,0,0,0,0,0,0,0
2026-10-04T14:03:24Z,recommendationservice,emailservice,0,0,0,0,0,0,0
2026-10-04T14:03:24Z,recommendationservice,frontend,0,0,0,0,0,0,0
2026-10-04T14:03:24Z,recommendationservice,kubernetes,0,0,0,0,0,0,0
2026-10-04T14:03:24Z,recommendationservice,paymentservice,0,0,0,0,0,0,0
2026-10-04T14:03:24Z,recommendationservice,productcatalogservice,207,207,0,0,0,39,15
2026-10-04T14:03:24Z,recommendationservice,recommendationservice,0,0,0,0,0,0,0
2026-10-04T14:03:24Z,recommendationservice,redis-cart,0,0,0,0,0,0,0
2026-10-04T14:03:24Z,recommendationservice,shippingservice,0,0,0,0,0,0,0
2026-10-04T14:03:24Z,redis-cart,adservice,0,0,0,0,0,0,0
2026-10-04T14:03:24Z,redis-cart,cartservice,0,0,0,0,0,0,0
2026-10-04T14:03:24Z,redis-cart,checkoutservice,0,0,0,0,0,0,0
2026-10-04T14:03:24Z,redis-cart,currencyservice,0,0,0,0,0,0,0
2026-10-04T14:03:24Z,redis-cart,emailservice,0,0,0,0,0,0,0
2026-10-04T14:03:24Z,redis-cart,frontend,0,0,0,0,0,0,0
2026-10-04T14:03:24Z,redis-cart,kubernetes,0,0,0,0,0,0,0
2026-10-04T14:03:24Z,redis-cart,paymentservice,0,0,0,0,0,0,0
2026-10-04T14:03:24Z,redis-cart,productcatalogservice,0,0,0,0,0,0,0
2026-10-04T14:03:24Z,redis-cart,recommendationservice,0,0,0,0,0,0,0
2026-10-04T14:03:24Z,redis-cart,redis-cart,0,0,0,0,0,0,0
2026-10-04T14:03:24Z,redis-cart,shippingservice,0,0,0,0,0,0,0
2026-10-04T14:03:24Z,shippingservice,adservice,0,0,0,0,0,0,0
2026-10-04T14:03:24Z,shippingservice,cartservice,0,0,0,0,0,0,0
2026-10-04T14:03:24Z,shippingservice,checkoutservice,0,0,0,0,0,0,0
2026-10-04T14:03:24Z,shippingservice,currencyservice,0,0,0,0,0,0,0
2026-10-04T14:03:24Z,shippingservice,emailservice,0,0,0,0,0,0,0
2026-10-04T14:03:24Z,shippingservice,frontend,0,0,0,0,0,0,0
2026-10-04T14:03:24Z,shippingservice,kubernetes,0,0,0,0,0,0,0
2026-10-04T14:03:24Z,shippingservice,paymentservice,0,0,0,0,0,0,0
2026-10-04T14:03:24Z,shippingservice,productcatalogservice,0,0,0,0,0,0,0
2026-10-04T14:03:24Z,shippingservice,recommendationservice,0,0,0,0,0,0,0
2026-10-04T14:03:24Z,shippingservice,redis-cart,0,0,0,0,0,0,0
2026-10-04T14:03:24Z,shippingservice,shippingservice,0,0,0,0,0,0,0
2026-10-04T14:03:25Z,adservice,adservice,0,0,0,0,0,0,0
2026-10-04T14:03:25Z,adservice,cartservice,0,0,0,0,0,0,0
2026-10-04T14:03:25Z,adservice,checkoutservice,0,0,0,0,0,0,0
2026-10-04T14:03:25Z,adservice,currencyservice,0,0,0,0,0,0,0
2026-10-04T14:03:25Z,adservice,emailservice,0,0,0,0,0,0,0
2026-10-04T14:03:25Z,adservice,frontend,0,0,0,0,0,0,0
2026-10-04T14:03:25Z,adservice,kubernetes,0,0,0,0,0,0,0
2026-10-04T14:03:25Z,adservice,paymentservice,0,0,0,0,0,0,0
2026-10-04T14:03:25Z,adservice,productcatalogservice,0,0,0,0,0,0,0
2026-10-04T14:03:25Z,adservice,recommendationservice,0,0,0,0,0,0,0
2026-10-04T14:03:25Z,adservice,redis-cart,0,0,0,0,0,0,0
2026-10-04T14:03:25Z,adservice,shippingservice,0,0,0,0,0,0,0
2026-10-04T14:03:25Z,cartservice,adservice,0,0,0,0,0,0,0
2026-10-04T14:03:25Z,cartservice,cartservice,0,0,0,0,0,0,0
2026-10-04T14:03:25Z,cartservice,checkoutservice,0,0,0,0,0,0,0
2026-10-04T14:03:25Z,cartservice,currencyservice,0,0,0,0,0,0,0
2026-10-04T14:03:25Z,cartservice,emailservice,0,0,0,0,0,0,0
2026-10-04T14:03:25Z,cartservice,frontend,0,0,0,0,0,0,0
2026-10-04T14:03:25Z,cartservice,kubernetes,0,0,0,0,0,0,0
2026-10-04T14:03:25Z,cartservice,paymentservice,0,0,0,0,0,0,0
2026-10-04T14:03:25Z,cartservice,productcatalogservice,0,0,0,0,0,0,0
2026-10-04T14:03:25Z,cartservice,recommendationservice,0,0,0,0,0,0,0
2026-10-04T14:03:25Z,cartservice,redis-cart,2,0,0,0,0,0,0
2026-10-04T14:03:25Z,cartservice,shippingservice,0,0,0,0,0,0,0
2026-10-04T14:03:25Z,checkoutservice,adservice,0,0,0,0,0,0,0
2026-10-04T14:03:25Z,checkoutservice,cartservice,124,124,0,0,0,72,28
2026-10-04T14:03:25Z,checkoutservice,checkoutservice,0,0,0,0,0,0,0
2026-10-04T14:03:25Z,checkoutservice,currencyservice,62,62,0,0,0,38,14
2026-10-04T14:03:25Z,checkoutservice,emailservice,62,62,0,0,0,58,14
2026-10-04T14:03:25Z,checkoutservice,frontend,0,0,0,0,0,0,0
2026-10-04T14:03:25Z,checkoutservice,kubernetes,0,0,0,0,0,0,0
2026-10-04T14:03:25Z,checkoutservice,paymentservice,62,62,0,0,0,48,14
2026-10-04T14:03:25Z,checkoutservice,productcatalogservice,0,0,0,0,0,0,0
2026-10-04T14:03:25Z,checkoutservice,recommendationservice,0,0,0,0,0,0,0
2026-10-04T14:03:25Z,checkoutservice,redis-cart,0,0,0,0,0,0,0
2026-10-04T14:03:25Z,checkoutservice,shippingservice,124,124,0,0,0,38,28
2026-10-04T14:03:25Z,currencyservice,adservice,0,0,0,0,0,0,0
2026-10-04T14:03:25Z,currencyservice,cartservice,0,0,0,0,0,0,0
2026-10-04T14:03:25Z,currencyservice,checkoutservice,0,0,0,0,0,0,0
2026-10-04T14:03:25Z,currencyservice,currencyservice,0,0,0,0,0,0,0
2026-10-04T14:03:25Z,currencyservice,emailservice,0,0,0,0,0,0,0
2026-10-04T14:03:25Z,currencyservice,frontend,0,0,0,0,0,0,0
2026-10-04T14:03:25Z,currencyservice,kubernetes,0,0,0,0,0,0,0
2026-10-04T14:03:25Z,currencyservice,paymentservice,0,0,0,0,0,0,0
2026-10-04T14:03:25Z,currencyservice,productcatalogservice,0,0,0,0,0,0,0
2026-10-04T14:03:25Z,currencyservice,recommendationservice,0,0,0,0,0,0,0
2026-10-04T14:03:25Z,currencyservice,redis-cart,0,0,0,0,0,0,0
2026-10-04T14:03:25Z,currencyservice,shippingservice,0,0,0,0,0,0,0
2026-10-04T14:03:25Z,emailservice,adservice,0,0,0,0,0,0,0
2026-10-04T14:03:25Z,emailservice,cartservice,0,0,0,0,0,0,0
2026-10-04T14:03:25Z,emailservice,checkoutservice,0,0,0,0,0,0,0
2026-10-04T14:03:25Z,emailservice,currencyservice,0,0,0,0,0,0,0
2026-10-04T14:03:25Z,emailservice,emailservice,0,0,0,0,0,0,0
2026-10-04T14:03:25Z,emailservice,frontend,0,0,0,0,0,0,0
2026-10-04T14:03:25Z,emailservice,kubernetes,0,0,0,0,0,0,0
2026-10-04T14:03:25Z,emailservice,paymentservice,0,0,0,0,0,0,0
2026-10-04T14:03:25Z,emailservice,productcatalogservice,0,0,0,0,0,0,0
2026-10-04T14:03:25Z,emailservice,recommendationservice,0,0,0,0,0,0,0
2026-10-04T14:03:25Z,emailservice,redis-cart,0,0,0,0,0,0,0
2026-10-04T14:03:25Z,emailservice,shippingservice,0,0,0,0,0,0,0
2026-10-04T14:03:25Z,frontend,adservice,773929,773927,0,0,0,2334166,773862
2026-10-04T14:03:25Z,frontend,cartservice,1730862,1730850,0,0,4,9624992,1730731
2026-10-04T14:03:25Z,frontend,checkoutservice,354876,173756,0,34332,146696,55610349,173727
2026-10-04T14:03:25Z,frontend,currencyservice,2750089,2750082,0,0,0,14590494,2749862
2026-10-04T14:03:25Z,frontend,emailservice,0,0,0,0,0,0,0
2026-10-04T14:03:25Z,frontend,frontend,0,0,0,0,0,0,0
2026-10-04T14:03:25Z,frontend,kubernetes,0,0,0,0,0,0,0
2026-10-04T14:03:25Z,frontend,paymentservice,0,0,0,0,0,0,0
2026-10-04T14:03:25Z,frontend,productcatalogservice,7678474,7678413,0,0,0,52316482,7677700
2026-10-04T14:03:25Z,frontend,recommendationservice,2524281,1525071,0,104145,892890,769957687,1524950
2026-10-04T14:03:25Z,frontend,redis-cart,0,0,0,0,0,0,0
2026-10-04T14:03:25Z,frontend,shippingservice,283859,283857,0,0,0,858289,283823
2026-10-04T14:03:25Z,paymentservice,adservice,0,0,0,0,0,0,0
2026-10-04T14:03:25Z,paymentservice,cartservice,0,0,0,0,0,0,0
2026-10-04T14:03:25Z,paymentservice,checkoutservice,0,0,0,0,0,0,0
2026-10-04T14:03:25Z,paymentservice,currencyservice,0,0,0,0,0,0,0
2026-10-04T14:03:25Z,paymentservice,emailservice,0,0,0,0,0,0,0
2026-10-04T14:03:25Z,paymentservice,frontend,0,0,0,0,0,0,0
2026-10-04T14:03:25Z,paymentservice,kubernetes,0,0,0,0,0,0,0
2026-10-04T14:03:25Z,paymentservice,paymentservice,0,0,0,0,0,0,0
2026-10-04T14:03:25Z,paymentservice,productcatalogservice,0,0,0,0,0,0,0
2026-10-04T14:03:25Z,paymentservice,recommendationservice,0,0,0,0,0,0,0
2026-10-04T14:03:25Z,paymentservice,redis-cart,0,0,0,0,0,0,0
2026-10-04T14:03:25Z,paymentservice,shippingservice,0,0,0,0,0,0,0
2026-10-04T14:03:25Z,productcatalogservice,adservice,0,0,0,0,0,0,0
2026-10-04T14:03:25Z,productcatalogservice,cartservice,0,0,0,0,0,0,0
2026-10-04T14:03:25Z,productcatalogservice,checkoutservice,0,0,0,0,0,0,0
2026-10-04T14:03:25Z,productcatalogservice,currencyservice,0,0,0,0,0,0,0
2026-10-04T14:03:25Z,productcatalogservice,emailservice,0,0,0,0,0,0,0
2026-10-04T14:03:25Z,productcatalogservice,frontend,0,0,0,0,0,0,0
2026-10-04T14:03:25Z,productcatalogservice,kubernetes,0,0,0,0,0,0,0
2026-10-04T14:03:25Z,productcatalogservice,paymentservice,0,0,0,0,0,0,0
2026-10-04T14:03:25Z,productcatalogservice,productcatalogservice,0,0,0,0,0,0,0
2026-10-04T14:03:25Z,productcatalogservice,recommendationservice,0,0,0,0,0,0,0
2026-10-04T14:03:25Z,productcatalogservice,redis-cart,0,0,0,0,0,0,0
2026-10-04T14:03:25Z,productcatalogservice,shippingservice,0,0,0,0,0,0,0
2026-10-04T14:03:25Z,recommendationservice,adservice,0,0,0,0,0,0,0
2026-10-04T14:03:25Z,recommendationservice,cartservice,0,0,0,0,0,0,0
2026-10-04T14:03:25Z,recommendationservice,checkoutservice,0,0,0,0,0,0,0
2026-10-04T14:03:25Z,recommendationservice,currencyservice,0,0,0,0,0,0,0
2026-10-04T14:03:25Z,recommendationservice,emailservice,0,0,0,0,0,0,0
2026-10-04T14:03:25Z,recommendationservice,frontend,0,0,0,0,0,0,0
2026-10-04T14:03:25Z,recommendationservice,kubernetes,0,0,0,0,0,0,0
2026-10-04T14:03:25Z,recommendationservice,paymentservice,0,0,0,0,0,0,0
2026-10-04T14:03:25Z,recommendationservice,productcatalogservice,274,274,0,0,0,319,237
2026-10-04T14:03:25Z,recommendationservice,recommendationservice,0,0,0,0,0,0,0
2026-10-04T14:03:25Z,recommendationservice,redis-cart,0,0,0,0,0,0,0
2026-10-04T14:03:25Z,recommendationservice,shippingservice,0,0,0,0,0,0,0
2026-10-04T14:03:25Z,redis-cart,adservice,0,0,0,0,0,0,0
2026-10-04T14:03:25Z,redis-cart,cartservice,0,0,0,0,0,0,0
2026-10-04T14:03:25Z,redis-cart,checkoutservice,0,0,0,0,0,0,0
2026-10-04T14:03:25Z,redis-cart,currencyservice,0,0,0,0,0,0,0
2026-10-04T14:03:25Z,redis-cart,emailservice,0,0,0,0,0,0,0
2026-10-04T14:03:25Z,redis-cart,frontend,0,0,0,0,0,0,0
2026-10-04T14:03:25Z,redis-cart,kubernetes,0,0,0,0,0,0,0
2026-10-04T14:03:25Z,redis-cart,paymentservice,0,0,0,0,0,0,0
2026-10-04T14:03:25Z,redis-cart,productcatalogservice,0,0,0,0,0,0,0
2026-10-04T14:03:25Z,redis-cart,recommendationservice,0,0,0,0,0,0,0
2026-10-04T14:03:25Z,redis-cart,redis-cart,0,0,0,0,0,0,0
2026-10-04T14:03:25Z,redis-cart,shippingservice,0,0,0,0,0,0,0
2026-10-04T14:03:25Z,shippingservice,adservice,0,0,0,0,0,0,0
2026-10-04T14:03:25Z,shippingservice,cartservice,0,0,0,0,0,0,0
2026-10-04T14:03:25Z,shippingservice,checkoutservice,0,0,0,0,0,0,0
2026-10-04T14:03:25Z,shippingservice,currencyservice,0,0,0,0,0,0,0
2026-10-04T14:03:25Z,shippingservice,emailservice,0,0,0,0,0,0,0
2026-10-04T14:03:25Z,shippingservice,frontend,0,0,0,0,0,0,0
2026-10-04T14:03:25Z,shippingservice,kubernetes,0,0,0,0,0,0,0
2026-10-04T14:03:25Z,shippingservice,paymentservice,0,0,0,0,0,0,0
2026-10-04T14:03:25Z,shippingservice,productcatalogservice,0,0,0,0,0,0,0
2026-10-04T14:03:25Z,shippingservice,recommendationservice,0,0,0,0,0,0,0
2026-10-04T14:03:25Z,shippingservice,redis-cart,0,0,0,0,0,0,0
2026-10-04T14:03:25Z,shippingservice,shippingservice,0,0,0,0,0,0,0
2026-10-04T14:03:26Z,adservice,adservice,0,0,0,0,0,0,0
2026-10-04T14:03:26Z,adservice,cartservice,0,0,0,0,0,0,0
2026-10-04T14:03:26Z,adservice,checkoutservice,0,0,0,0,0,0,0
2026-10-04T14:03:26Z,adservice,currencyservice,0,0,0,0,0,0,0
2026-10-04T14:03:26Z,adservice,emailservice,0,0,0,0,0,0,0
2026-10-04T14:03:26Z,adservice,frontend,0,0,0,0,0,0,0
2026-10-04T14:03:26Z,adservice,kubernetes,0,0,0,0,0,0,0
2026-10-04T14:03:26Z,adservice,paymentservice,0,0,0,0,0,0,0
2026-10-04T14:03:26Z,adservice,productcatalogservice,0,0,0,0,0,0,0
2026-10-04T14:03:26Z,adservice,recommendationservice,0,0,0,0,0,0,0
2026-10-04T14:03:26Z,adservice,redis-cart,0,0,0,0,0,0,0
2026-10-04T14:03:26Z,adservice,shippingservice,0,0,0,0,0,0,0
2026-10-04T14:03:26Z,cartservice,adservice,0,0,0,0,0,0,0
2026-10-04T14:03:26Z,cartservice,cartservice,0,0,0,0,0,0,0
2026-10-04T14:03:26Z,cartservice,checkoutservice,0,0,0,0,0,0,0
2026-10-04T14:03:26Z,cartservice,currencyservice,0,0,0,0,0,0,0
2026-10-04T14:03:26Z,cartservice,emailservice,0,0,0,0,0,0,0
2026-10-04T14:03:26Z,cartservice,frontend,0,0,0,0,0,0,0
2026-10-04T14:03:26Z,cartservice,kubernetes,0,0,0,0,0,0,0
2026-10-04T14:03:26Z,cartservice,paymentservice,0,0,0,0,0,0,0
2026-10-04T14:03:26Z,cartservice,productcatalogservice,0,0,0,0,0,0,0
2026-10-04T14:03:26Z,cartservice,recommendationservice,0,0,0,0,0,0,0
2026-10-04T14:03:26Z,cartservice,redis-cart,2,0,0,0,0,0,0
2026-10-04T14:03:26Z,cartservice,shippingservice,0,0,0,0,0,0,0
2026-10-04T14:03:26Z,checkoutservice,adservice,0,0,0,0,0,0,0
2026-10-04T14:03:26Z,checkoutservice,cartservice,160,160,0,0,0,72,28
2026-10-04T14:03:26Z,checkoutservice,checkoutservice,0,0,0,0,0,0,0
2026-10-04T14:03:26Z,checkoutservice,currencyservice,80,80,0,0,0,38,14
2026-10-04T14:03:26Z,checkoutservice,emailservice,80,80,0,0,0,58,14
2026-10-04T14:03:26Z,checkoutservice,frontend,0,0,0,0,0,0,0
2026-10-04T14:03:26Z,checkoutservice,kubernetes,0,0,0,0,0,0,0
2026-10-04T14:03:26Z,checkoutservice,paymentservice,80,80,0,0,0,48,14
2026-10-04T14:03:26Z,checkoutservice,productcatalogservice,0,0,0,0,0,0,0
2026-10-04T14:03:26Z,checkoutservice,recommendationservice,0,0,0,0,0,0,0
2026-10-04T14:03:26Z,checkoutservice,redis-cart,0,0,0,0,0,0,0
2026-10-04T14:03:26Z,checkoutservice,shippingservice,160,160,0,0,0,38,28
2026-10-04T14:03:26Z,currencyservice,adservice,0,0,0,0,0,0,0
2026-10-04T14:03:26Z,currencyservice,cartservice,0,0,0,0,0,0,0
2026-10-04T14:03:26Z,currencyservice,checkoutservice,0,0,0,0,0,0,0
2026-10-04T14:03:26Z,currencyservice,currencyservice,0,0,0,0,0,0,0
2026-10-04T14:03:26Z,currencyservice,emailservice,0,0,0,0,0,0,0
2026-10-04T14:03:26Z,currencyservice,frontend,0,0,0,0,0,0,0
2026-10-04T14:03:26Z,currencyservice,kubernetes,0,0,0,0,0,0,0
2026-10-04T14:03:26Z,currencyservice,paymentservice,0,0,0,0,0,0,0
2026-10-04T14:03:26Z,currencyservice,productcatalogservice,0,0,0,0,0,0,0
2026-10-04T14:03:26Z,currencyservice,recommendationservice,0,0,0,0,0,0,0
2026-10-04T14:03:26Z,currencyservice,redis-cart,0,0,0,0,0,0,0
2026-10-04T14:03:26Z,currencyservice,shippingservice,0,0,0,0,0,0,0
2026-10-04T14:03:26Z,emailservice,adservice,0,0,0,0,0,0,0
2026-10-04T14:03:26Z,emailservice,cartservice,0,0,0,0,0,0,0
2026-10-04T14:03:26Z,emailservice,checkoutservice,0,0,0,0,0,0,0
2026-10-04T14:03:26Z,emailservice,currencyservice,0,0,0,0,0,0,0
2026-10-04T14:03:26Z,emailservice,emailservice,0,0,0,0,0,0,0
2026-10-04T14:03:26Z,emailservice,frontend,0,0,0,0,0,0,0
2026-10-04T14:03:26Z,emailservice,kubernetes,0,0,0,0,0,0,0
2026-10-04T14:03:26Z,emailservice,paymentservice,0,0,0,0,0,0,0
2026-10-04T14:03:26Z,emailservice,productcatalogservice,0,0,0,0,0,0,0
2026-10-04T14:03:26Z,emailservice,recommendationservice,0,0,0,0,0,0,0
2026-10-04T14:03:26Z,emailservice,redis-cart,0,0,0,0,0,0,0
2026-10-04T14:03:26Z,emailservice,shippingservice,0,0,0,0,0,0,0
2026-10-04T14:03:26Z,frontend,adservice,773972,773970,0,0,0,2334166,773862
2026-10-04T14:03:26Z,frontend,cartservice,1730940,1730928,0,0,4,9624992,1730731
2026-10-04T14:03:26Z,frontend,checkoutservice,354895,173773,0,34332,146696,55610349,173727
2026-10-04T14:03:26Z,frontend,currencyservice,2750228,2750221,0,0,0,14590494,2749862
2026-10-04T14:03:26Z,frontend,emailservice,0,0,0,0,0,0,0
2026-10-04T14:03:26Z,frontend,frontend,0,0,0,0,0,0,0
2026-10-04T14:03:26Z,frontend,kubernetes,0,0,0,0,0,0,0
2026-10-04T14:03:26Z,frontend,paymentservice,0,0,0,0,0,0,0
2026-10-04T14:03:26Z,frontend,productcatalogservice,7678933,7678872,0,0,0,52316482,7677700
2026-10-04T14:03:26Z,frontend,recommendationservice,2524361,1525151,0,104145,892890,769957687,1524950
2026-10-04T14:03:26Z,frontend,redis-cart,0,0,0,0,0,0,0
2026-10-04T14:03:26Z,frontend,shippingservice,283877,283875,0,0,0,858289,283823
2026-10-04T14:03:26Z,paymentservice,adservice,0,0,0,0,0,0,0
2026-10-04T14:03:26Z,paymentservice,cartservice,0,0,0,0,0,0,0
2026-10-04T14:03:26Z,paymentservice,checkoutservice,0,0,0,0,0,0,0
2026-10-04T14:03:26Z,paymentservice,currencyservice,0,0,0,0,0,0,0
2026-10-04T14:03:26Z,paymentservice,emailservice,0,0,0,0,0,0,0
2026-10-04T14:03:26Z,paymentservice,frontend,0,0,0,0,0,0,0
2026-10-04T14:03:26Z,paymentservice,kubernetes,0,0,0,0,0,0,0
2026-10-04T14:03:26Z,paymentservice,paymentservice,0,0,0,0,0,0,0
2026-10-04T14:03:26Z,paymentservice,productcatalogservice,0,0,0,0,0,0,0
2026-10-04T14:03:26Z,paymentservice,recommendationservice,0,0,0,0,0,0,0
2026-10-04T14:03:26Z,paymentservice,redis-cart,0,0,0,0,0,0,0
2026-10-04T14:03:26Z,paymentservice,shippingservice,0,0,0,0,0,0,0
2026-10-04T14:03:26Z,productcatalogservice,adservice,0,0,0,0,0,0,0
2026-10-04T14:03:26Z,productcatalogservice,cartservice,0,0,0,0,0,0,0
2026-10-04T14:03:26Z,productcatalogservice,checkoutservice,0,0,0,0,0,0,0
2026-10-04T14:03:26Z,productcatalogservice,currencyservice,0,0,0,0,0,0,0
2026-10-04T14:03:26Z,productcatalogservice,emailservice,0,0,0,0,0,0,0
2026-10-04T14:03:26Z,productcatalogservice,frontend,0,0,0,0,0,0,0
2026-10-04T14:03:26Z,productcatalogservice,kubernetes,0,0,0,0,0,0,0
2026-10-04T14:03:26Z,productcatalogservice,paymentservice,0,0,0,0,0,0,0
2026-10-04T14:03:26Z,productcatalogservice,productcatalogservice,0,0,0,0,0,0,0
2026-10-04T14:03:26Z,productcatalogservice,recommendationservice,0,0,0,0,0,0,0
2026-10-04T14:03:26Z,productcatalogservice,redis-cart,0,0,0,0,0,0,0
2026-10-04T14:03:26Z,productcatalogservice,shippingservice,0,0,0,0,0,0,0
2026-10-04T14:03:26Z,recommendationservice,adservice,0,0,0,0,0,0,0
2026-10-04T14:03:26Z,recommendationservice,cartservice,0,0,0,0,0,0,0
2026-10-04T14:03:26Z,recommendationservice,checkoutservice,0,0,0,0,0,0,0
2026-10-04T14:03:26Z,recommendationservice,currencyservice,0,0,0,0,0,0,0
2026-10-04T14:03:26Z,recommendationservice,emailservice,0,0,0,0,0,0,0
2026-10-04T14:03:26Z,recommendationservice,frontend,0,0,0,0,0,0,0
2026-10-04T14:03:26Z,recommendationservice,kubernetes,0,0,0,0,0,0,0
2026-10-04T14:03:26Z,recommendationservice,paymentservice,0,0,0,0,0,0,0
2026-10-04T14:03:26Z,recommendationservice,productcatalogservice,350,350,0,0,0,319,237
2026-10-04T14:03:26Z,recommendationservice,recommendationservice,0,0,0,0,0,0,0
2026-10-04T14:03:26Z,recommendationservice,redis-cart,0,0,0,0,0,0,0
2026-10-04T14:03:26Z,recommendationservice,shippingservice,0,0,0,0,0,0,0
2026-10-04T14:03:26Z,redis-cart,adservice,0,0,0,0,0,0,0
2026-10-04T14:03:26Z,redis-cart,cartservice,0,0,0,0,0,0,0
2026-10-04T14:03:26Z,redis-cart,checkoutservice,0,0,0,0,0,0,0
2026-10-04T14:03:26Z,redis-cart,currencyservice,0,0,0,0,0,0,0
2026-10-04T14:03:26Z,redis-cart,emailservice,0,0,0,0,0,0,0
2026-10-04T14:03:26Z,redis-cart,frontend,0,0,0,0,0,0,0
2026-10-04T14:03:26Z,redis-cart,kubernetes,0,0,0,0,0,0,0
2026-10-04T14:03:26Z,redis-cart,paymentservice,0,0,0,0,0,0,0
2026-10-04T14:03:26Z,redis-cart,productcatalogservice,0,0,0,0,0,0,0
2026-10-04T14:03:26Z,redis-cart,recommendationservice,0,0,0,0,0,0,0
2026-10-04T14:03:26Z,redis-cart,redis-cart,0,0,0,0,0,0,0
2026-10-04T14:03:26Z,redis-cart,shippingservice,0,0,0,0,0,0,0
2026-10-04T14:03:26Z,shippingservice,adservice,0,0,0,0,0,0,0
2026-10-04T14:03:26Z,shippingservice,cartservice,0,0,0,0,0,0,0
2026-10-04T14:03:26Z,shippingservice,checkoutservice,0,0,0,0,0,0,0
2026-10-04T14:03:26Z,shippingservice,currencyservice,0,0,0,0,0,0,0
2026-10-04T14:03:26Z,shippingservice,emailservice,0,0,0,0,0,0,0
2026-10-04T14:03:26Z,shippingservice,frontend,0,0,0,0,0,0,0
2026-10-04T14:03:26Z,shippingservice,kubernetes,0,0,0,0,0,0,0
2026-10-04T14:03:26Z,shippingservice,paymentservice,0,0,0,0,0,0,0
2026-10-04T14:03:26Z,shippingservice,productcatalogservice,0,0,0,0,0,0,0
2026-10-04T14:03:26Z,shippingservice,recommendationservice,0,0,0,0,0,0,0
2026-10-04T14:03:26Z,shippingservice,redis-cart,0,0,0,0,0,0,0
2026-10-04T14:03:26Z,shippingservice,shippingservice,0,0,0,0,0,0,0
2026-10-04T14:03:27Z,adservice,adservice,0,0,0,0,0,0,0
2026-10-04T14:03:27Z,adservice,cartservice,0,0,0,0,0,0,0
2026-10-04T14:03:27Z,adservice,checkoutservice,0,0,0,0,0,0,0
2026-10-04T14:03:27Z,adservice,currencyservice,0,0,0,0,0,0,0
2026-10-04T14:03:27Z,adservice,emailservice,0,0,0,0,0,0,0
2026-10-04T14:03:27Z,adservice,frontend,0,0,0,0,0,0,0
2026-10-04T14:03:27Z,adservice,kubernetes,0,0,0,0,0,0,0
2026-10-04T14:03:27Z,adservice,paymentservice,0,0,0,0,0,0,0
2026-10-04T14:03:27Z,adservice,productcatalogservice,0,0,0,0,0,0,0
2026-10-04T14:03:27Z,adservice,recommendationservice,0,0,0,0,0,0,0
2026-10-04T14:03:27Z,adservice,redis-cart,0,0,0,0,0,0,0
2026-10-04T14:03:27Z,adservice,shippingservice,0,0,0,0,0,0,0
2026-10-04T14:03:27Z,cartservice,adservice,0,0,0,0,0,0,0
2026-10-04T14:03:27Z,cartservice,cartservice,0,0,0,0,0,0,0
2026-10-04T14:03:27Z,cartservice,checkoutservice,0,0,0,0,0,0,0
2026-10-04T14:03:27Z,cartservice,currencyservice,0,0,0,0,0,0,0
2026-10-04T14:03:27Z,cartservice,emailservice,0,0,0,0,0,0,0
2026-10-04T14:03:27Z,cartservice,frontend,0,0,0,0,0,0,0
2026-10-04T14:03:27Z,cartservice,kubernetes,0,0,0,0,0,0,0
2026-10-04T14:03:27Z,cartservice,paymentservice,0,0,0,0,0,0,0
2026-10-04T14:03:27Z,cartservice,productcatalogservice,0,0,0,0,0,0,0
2026-10-04T14:03:27Z,cartservice,recommendationservice,0,0,0,0,0,0,0
2026-10-04T14:03:27Z,cartservice,redis-cart,2,0,0,0,0,0,0
2026-10-04T14:03:27Z,cartservice,shippingservice,0,0,0,0,0,0,0
2026-10-04T14:03:27Z,checkoutservice,adservice,0,0,0,0,0,0,0
2026-10-04T14:03:27Z,checkoutservice,cartservice,200,200,0,0,0,408,172
2026-10-04T14:03:27Z,checkoutservice,checkoutservice,0,0,0,0,0,0,0
2026-10-04T14:03:27Z,checkoutservice,currencyservice,100,100,0,0,0,154,86
2026-10-04T14:03:27Z,checkoutservice,emailservice,100,100,0,0,0,370,86
2026-10-04T14:03:27Z,checkoutservice,frontend,0,0,0,0,0,0,0
2026-10-04T14:03:27Z,checkoutservice,kubernetes,0,0,0,0,0,0,0
2026-10-04T14:03:27Z,checkoutservice,paymentservice,100,100,0,0,0,183,86
2026-10-04T14:03:27Z,checkoutservice,productcatalogservice,0,0,0,0,0,0,0
2026-10-04T14:03:27Z,checkoutservice,recommendationservice,0,0,0,0,0,0,0
2026-10-04T14:03:27Z,checkoutservice,redis-cart,0,0,0,0,0,0,0
2026-10-04T14:03:27Z,checkoutservice,shippingservice,200,200,0,0,0,211,172
2026-10-04T14:03:27Z,currencyservice,adservice,0,0,0,0,0,0,0
2026-10-04T14:03:27Z,currencyservice,cartservice,0,0,0,0,0,0,0
2026-10-04T14:03:27Z,currencyservice,checkoutservice,0,0,0,0,0,0,0
2026-10-04T14:03:27Z,currencyservice,currencyservice,0,0,0,0,0,0,0
2026-10-04T14:03:27Z,currencyservice,emailservice,0,0,0,0,0,0,0
2026-10-04T14:03:27Z,currencyservice,frontend,0,0,0,0,0,0,0
2026-10-04T14:03:27Z,currencyservice,kubernetes,0,0,0,0,0,0,0
2026-10-04T14:03:27Z,currencyservice,paymentservice,0,0,0,0,0,0,0
2026-10-04T14:03:27Z,currencyservice,productcatalogservice,0,0,0,0,0,0,0
2026-10-04T14:03:27Z,currencyservice,recommendationservice,0,0,0,0,0,0,0
2026-10-04T14:03:27Z,currencyservice,redis-cart,0,0,0,0,0,0,0
2026-10-04T14:03:27Z,currencyservice,shippingservice,0,0,0,0,0,0,0
2026-10-04T14:03:27Z,emailservice,adservice,0,0,0,0,0,0,0
2026-10-04T14:03:27Z,emailservice,cartservice,0,0,0,0,0,0,0
2026-10-04T14:03:27Z,emailservice,checkoutservice,0,0,0,0,0,0,0
2026-10-04T14:03:27Z,emailservice,currencyservice,0,0,0,0,0,0,0
2026-10-04T14:03:27Z,emailservice,emailservice,0,0,0,0,0,0,0
2026-10-04T14:03:27Z,emailservice,frontend,0,0,0,0,0,0,0
2026-10-04T14:03:27Z,emailservice,kubernetes,0,0,0,0,0,0,0
2026-10-04T14:03:27Z,emailservice,paymentservice,0,0,0,0,0,0,0
2026-10-04T14:03:27Z,emailservice,productcatalogservice,0,0,0,0,0,0,0
2026-10-04T14:03:27Z,emailservice,recommendationservice,0,0,0,0,0,0,0
2026-10-04T14:03:27Z,emailservice,redis-cart,0,0,0,0,0,0,0
2026-10-04T14:03:27Z,emailservice,shippingservice,0,0,0,0,0,0,0
2026-10-04T14:03:27Z,frontend,adservice,774017,774015,0,0,0,2334166,773862
2026-10-04T14:03:27Z,frontend,cartservice,1731025,1731013,0,0,4,9624992,1730731
2026-10-04T14:03:27Z,frontend,checkoutservice,354917,173795,0,34332,146696,55610349,173727
2026-10-04T14:03:27Z,frontend,currencyservice,2750380,2750373,0,0,0,14590494,2749862
2026-10-04T14:03:27Z,frontend,emailservice,0,0,0,0,0,0,0
2026-10-04T14:03:27Z,frontend,frontend,0,0,0,0,0,0,0
2026-10-04T14:03:27Z,frontend,kubernetes,0,0,0,0,0,0,0
2026-10-04T14:03:27Z,frontend,paymentservice,0,0,0,0,0,0,0
2026-10-04T14:03:27Z,frontend,productcatalogservice,7679433,7679371,0,0,0,52316482,7677700
2026-10-04T14:03:27Z,frontend,recommendationservice,2524448,1525238,0,104145,892890,769957687,1524950
2026-10-04T14:03:27Z,frontend,redis-cart,0,0,0,0,0,0,0
2026-10-04T14:03:27Z,frontend,shippingservice,283897,283895,0,0,0,858289,283823
2026-10-04T14:03:27Z,paymentservice,adservice,0,0,0,0,0,0,0
2026-10-04T14:03:27Z,paymentservice,cartservice,0,0,0,0,0,0,0
2026-10-04T14:03:27Z,paymentservice,checkoutservice,0,0,0,0,0,0,0
2026-10-04T14:03:27Z,paymentservice,currencyservice,0,0,0,0,0,0,0
2026-10-04T14:03:27Z,paymentservice,emailservice,0,0,0,0,0,0,0
2026-10-04T14:03:27Z,paymentservice,frontend,0,0,0,0,0,0,0
2026-10-04T14:03:27Z,paymentservice,kubernetes,0,0,0,0,0,0,0
2026-10-04T14:03:27Z,paymentservice,paymentservice,0,0,0,0,0,0,0
2026-10-04T14:03:27Z,paymentservice,productcatalogservice,0,0,0,0,0,0,0
2026-10-04T14:03:27Z,paymentservice,recommendationservice,0,0,0,0,0,0,0
2026-10-04T14:03:27Z,paymentservice,redis-cart,0,0,0,0,0,0,0
2026-10-04T14:03:27Z,paymentservice,shippingservice,0,0,0,0,0,0,0
2026-10-04T14:03:27Z,productcatalogservice,adservice,0,0,0,0,0,0,0
2026-10-04T14:03:27Z,productcatalogservice,cartservice,0,0,0,0,0,0,0
2026-10-04T14:03:27Z,productcatalogservice,checkoutservice,0,0,0,0,0,0,0
2026-10-04T14:03:27Z,productcatalogservice,currencyservice,0,0,0,0,0,0,0
2026-10-04T14:03:27Z,productcatalogservice,emailservice,0,0,0,0,0,0,0
2026-10-04T14:03:27Z,productcatalogservice,frontend,0,0,0,0,0,0,0
2026-10-04T14:03:27Z,productcatalogservice,kubernetes,0,0,0,0,0,0,0
2026-10-04T14:03:27Z,productcatalogservice,paymentservice,0,0,0,0,0,0,0
2026-10-04T14:03:27Z,productcatalogservice,productcatalogservice,0,0,0,0,0,0,0
2026-10-04T14:03:27Z,productcatalogservice,recommendationservice,0,0,0,0,0,0,0
2026-10-04T14:03:27Z,productcatalogservice,redis-cart,0,0,0,0,0,0,0
2026-10-04T14:03:27Z,productcatalogservice,shippingservice,0,0,0,0,0,0,0
2026-10-04T14:03:27Z,recommendationservice,adservice,0,0,0,0,0,0,0
2026-10-04T14:03:27Z,recommendationservice,cartservice,0,0,0,0,0,0,0
2026-10-04T14:03:27Z,recommendationservice,checkoutservice,0,0,0,0,0,0,0
2026-10-04T14:03:27Z,recommendationservice,currencyservice,0,0,0,0,0,0,0
2026-10-04T14:03:27Z,recommendationservice,emailservice,0,0,0,0,0,0,0
2026-10-04T14:03:27Z,recommendationservice,frontend,0,0,0,0,0,0,0
2026-10-04T14:03:27Z,recommendationservice,kubernetes,0,0,0,0,0,0,0
2026-10-04T14:03:27Z,recommendationservice,paymentservice,0,0,0,0,0,0,0
2026-10-04T14:03:27Z,recommendationservice,productcatalogservice,440,440,0,0,0,319,237
2026-10-04T14:03:27Z,recommendationservice,recommendationservice,0,0,0,0,0,0,0
2026-10-04T14:03:27Z,recommendationservice,redis-cart,0,0,0,0,0,0,0
2026-10-04T14:03:27Z,recommendationservice,shippingservice,0,0,0,0,0,0,0
2026-10-04T14:03:27Z,redis-cart,adservice,0,0,0,0,0,0,0
2026-10-04T14:03:27Z,redis-cart,cartservice,0,0,0,0,0,0,0
2026-10-04T14:03:27Z,redis-cart,checkoutservice,0,0,0,0,0,0,0
2026-10-04T14:03:27Z,redis-cart,currencyservice,0,0,0,0,0,0,0
2026-10-04T14:03:27Z,redis-cart,emailservice,0,0,0,0,0,0,0
2026-10-04T14:03:27Z,redis-cart,frontend,0,0,0,0,0,0,0
2026-10-04T14:03:27Z,redis-cart,kubernetes,0,0,0,0,0,0,0
2026-10-04T14:03:27Z,redis-cart,paymentservice,0,0,0,0,0,0,0
2026-10-04T14:03:27Z,redis-cart,productcatalogservice,0,0,0,0,0,0,0
2026-10-04T14:03:27Z,redis-cart,recommendationservice,0,0,0,0,0,0,0
2026-10-04T14:03:27Z,redis-cart,redis-cart,0,0,0,0,0,0,0
2026-10-04T14:03:27Z,redis-cart,shippingservice,0,0,0,0,0,0,0
2026-10-04T14:03:27Z,shippingservice,adservice,0,0,0,0,0,0,0
2026-10-04T14:03:27Z,shippingservice,cartservice,0,0,0,0,0,0,0
2026-10-04T14:03:27Z,shippingservice,checkoutservice,0,0,0,0,0,0,0
2026-10-04T14:03:27Z,shippingservice,currencyservice,0,0,0,0,0,0,0
2026-10-04T14:03:27Z,shippingservice,emailservice,0,0,0,0,0,0,0
2026-10-04T14:03:27Z,shippingservice,frontend,0,0,0,0,0,0,0
2026-10-04T14:03:27Z,shippingservice,kubernetes,0,0,0,0,0,0,0
2026-10-04T14:03:27Z,shippingservice,paymentservice,0,0,0,0,0,0,0
2026-10-04T14:03:27Z,shippingservice,productcatalogservice,0,0,0,0,0,0,0
2026-10-04T14:03:27Z,shippingservice,recommendationservice,0,0,0,0,0,0,0
2026-10-04T14:03:27Z,shippingservice,redis-cart,0,0,0,0,0,0,0
2026-10-04T14:03:27Z,shippingservice,shippingservice,0,0,0,0,0,0,0
2026-10-04T14:03:28Z,adservice,adservice,0,0,0,0,0,0,0
2026-10-04T14:03:28Z,adservice,cartservice,0,0,0,0,0,0,0
2026-10-04T14:03:28Z,adservice,checkoutservice,0,0,0,0,0,0,0
2026-10-04T14:03:28Z,adservice,currencyservice,0,0,0,0,0,0,0
2026-10-04T14:03:28Z,adservice,emailservice,0,0,0,0,0,0,0
2026-10-04T14:03:28Z,adservice,frontend,0,0,0,0,0,0,0
2026-10-04T14:03:28Z,adservice,kubernetes,0,0,0,0,0,0,0
2026-10-04T14:03:28Z,adservice,paymentservice,0,0,0,0,0,0,0
2026-10-04T14:03:28Z,adservice,productcatalogservice,0,0,0,0,0,0,0
2026-10-04T14:03:28Z,adservice,recommendationservice,0,0,0,0,0,0,0
2026-10-04T14:03:28Z,adservice,redis-cart,0,0,0,0,0,0,0
2026-10-04T14:03:28Z,adservice,shippingservice,0,0,0,0,0,0,0
2026-10-04T14:03:28Z,cartservice,adservice,0,0,0,0,0,0,0
2026-10-04T14:03:28Z,cartservice,cartservice,0,0,0,0,0,0,0
2026-10-04T14:03:28Z,cartservice,checkoutservice,0,0,0,0,0,0,0
2026-10-04T14:03:28Z,cartservice,currencyservice,0,0,0,0,0,0,0
2026-10-04T14:03:28Z,cartservice,emailservice,0,0,0,0,0,0,0
2026-10-04T14:03:28Z,cartservice,frontend,0,0,0,0,0,0,0
2026-10-04T14:03:28Z,cartservice,kubernetes,0,0,0,0,0,0,0
2026-10-04T14:03:28Z,cartservice,paymentservice,0,0,0,0,0,0,0
2026-10-04T14:03:28Z,cartservice,productcatalogservice,0,0,0,0,0,0,0
2026-10-04T14:03:28Z,cartservice,recommendationservice,0,0,0,0,0,0,0
2026-10-04T14:03:28Z,cartservice,redis-cart,2,0,0,0,0,0,0
2026-10-04T14:03:28Z,cartservice,shippingservice,0,0,0,0,0,0,0
2026-10-04T14:03:28Z,checkoutservice,adservice,0,0,0,0,0,0,0
2026-10-04T14:03:28Z,checkoutservice,cartservice,246,246,0,0,0,408,172
2026-10-04T14:03:28Z,checkoutservice,checkoutservice,0,0,0,0,0,0,0
2026-10-04T14:03:28Z,checkoutservice,currencyservice,124,124,0,0,0,154,86
2026-10-04T14:03:28Z,checkoutservice,emailservice,122,122,0,0,0,370,86
2026-10-04T14:03:28Z,checkoutservice,frontend,0,0,0,0,0,0,0
2026-10-04T14:03:28Z,checkoutservice,kubernetes,0,0,0,0,0,0,0
2026-10-04T14:03:28Z,checkoutservice,paymentservice,124,124,0,0,0,183,86
2026-10-04T14:03:28Z,checkoutservice,productcatalogservice,0,0,0,0,0,0,0
2026-10-04T14:03:28Z,checkoutservice,recommendationservice,0,0,0,0,0,0,0
2026-10-04T14:03:28Z,checkoutservice,redis-cart,0,0,0,0,0,0,0
2026-10-04T14:03:28Z,checkoutservice,shippingservice,246,246,0,0,0,211,172
2026-10-04T14:03:28Z,currencyservice,adservice,0,0,0,0,0,0,0
2026-10-04T14:03:28Z,currencyservice,cartservice,0,0,0,0,0,0,0
2026-10-04T14:03:28Z,currencyservice,checkoutservice,0,0,0,0,0,0,0
2026-10-04T14:03:28Z,currencyservice,currencyservice,0,0,0,0,0,0,0
2026-10-04T14:03:28Z,currencyservice,emailservice,0,0,0,0,0,0,0
2026-10-04T14:03:28Z,currencyservice,frontend,0,0,0,0,0,0,0
2026-10-04T14:03:28Z,currencyservice,kubernetes,0,0,0,0,0,0,0
2026-10-04T14:03:28Z,currencyservice,paymentservice,0,0,0,0,0,0,0
2026-10-04T14:03:28Z,currencyservice,productcatalogservice,0,0,0,0,0,0,0
2026-10-04T14:03:28Z,currencyservice,recommendationservice,0,0,0,0,0,0,0
2026-10-04T14:03:28Z,currencyservice,redis-cart,0,0,0,0,0,0,0
2026-10-04T14:03:28Z,currencyservice,shippingservice,0,0,0,0,0,0,0
2026-10-04T14:03:28Z,emailservice,adservice,0,0,0,0,0,0,0
2026-10-04T14:03:28Z,emailservice,cartservice,0,0,0,0,0,0,0
2026-10-04T14:03:28Z,emailservice,checkoutservice,0,0,0,0,0,0,0
2026-10-04T14:03:28Z,emailservice,currencyservice,0,0,0,0,0,0,0
2026-10-04T14:03:28Z,emailservice,emailservice,0,0,0,0,0,0,0
2026-10-04T14:03:28Z,emailservice,frontend,0,0,0,0,0,0,0
2026-10-04T14:03:28Z,emailservice,kubernetes,0,0,0,0,0,0,0
2026-10-04T14:03:28Z,emailservice,paymentservice,0,0,0,0,0,0,0
2026-10-04T14:03:28Z,emailservice,productcatalogservice,0,0,0,0,0,0,0
2026-10-04T14:03:28Z,emailservice,recommendationservice,0,0,0,0,0,0,0
2026-10-04T14:03:28Z,emailservice,redis-cart,0,0,0,0,0,0,0
2026-10-04T14:03:28Z,emailservice,shippingservice,0,0,0,0,0,0,0
2026-10-04T14:03:28Z,frontend,adservice,774073,774071,0,0,0,2334348,774008
2026-10-04T14:03:28Z,frontend,cartservice,1731125,1731113,0,0,4,9625766,1731007
2026-10-04T14:03:28Z,frontend,checkoutservice,354939,173817,0,34332,146696,55612810,173788
2026-10-04T14:03:28Z,frontend,currencyservice,2750558,2750551,0,0,0,14591463,2750359
2026-10-04T14:03:28Z,frontend,emailservice,0,0,0,0,0,0,0
2026-10-04T14:03:28Z,frontend,frontend,0,0,0,0,0,0,0
2026-10-04T14:03:28Z,frontend,kubernetes,0,0,0,0,0,0,0
2026-10-04T14:03:28Z,frontend,paymentservice,0,0,0,0,0,0,0
2026-10-04T14:03:28Z,frontend,productcatalogservice,7680008,7679947,0,0,0,52318910,7679282
2026-10-04T14:03:28Z,frontend,recommendationservice,2524548,1525338,0,104145,892890,769960102,1525229
2026-10-04T14:03:28Z,frontend,redis-cart,0,0,0,0,0,0,0
2026-10-04T14:03:28Z,frontend,shippingservice,283919,283917,0,0,0,858389,283892
2026-10-04T14:03:28Z,paymentservice,adservice,0,0,0,0,0,0,0
2026-10-04T14:03:28Z,paymentservice,cartservice,0,0,0,0,0,0,0
2026-10-04T14:03:28Z,paymentservice,checkoutservice,0,0,0,0,0,0,0
2026-10-04T14:03:28Z,paymentservice,currencyservice,0,0,0,0,0,0,0
2026-10-04T14:03:28Z,paymentservice,emailservice,0,0,0,0,0,0,0
2026-10-04T14:03:28Z,paymentservice,frontend,0,0,0,0,0,0,0
2026-10-04T14:03:28Z,paymentservice,kubernetes,0,0,0,0,0,0,0
2026-10-04T14:03:28Z,paymentservice,paymentservice,0,0,0,0,0,0,0
2026-10-04T14:03:28Z,paymentservice,productcatalogservice,0,0,0,0,0,0,0
2026-10-04T14:03:28Z,paymentservice,recommendationservice,0,0,0,0,0,0,0
2026-10-04T14:03:28Z,paymentservice,redis-cart,0,0,0,0,0,0,0
2026-10-04T14:03:28Z,paymentservice,shippingservice,0,0,0,0,0,0,0
2026-10-04T14:03:28Z,productcatalogservice,adservice,0,0,0,0,0,0,0
2026-10-04T14:03:28Z,productcatalogservice,cartservice,0,0,0,0,0,0,0
2026-10-04T14:03:28Z,productcatalogservice,checkoutservice,0,0,0,0,0,0,0
2026-10-04T14:03:28Z,productcatalogservice,currencyservice,0,0,0,0,0,0,0
2026-10-04T14:03:28Z,productcatalogservice,emailservice,0,0,0,0,0,0,0
2026-10-04T14:03:28Z,productcatalogservice,frontend,0,0,0,0,0,0,0
2026-10-04T14:03:28Z,productcatalogservice,kubernetes,0,0,0,0,0,0,0
2026-10-04T14:03:28Z,productcatalogservice,paymentservice,0,0,0,0,0,0,0
2026-10-04T14:03:28Z,productcatalogservice,productcatalogservice,0,0,0,0,0,0,0
2026-10-04T14:03:28Z,productcatalogservice,recommendationservice,0,0,0,0,0,0,0
2026-10-04T14:03:28Z,productcatalogservice,redis-cart,0,0,0,0,0,0,0
2026-10-04T14:03:28Z,productcatalogservice,shippingservice,0,0,0,0,0,0,0
2026-10-04T14:03:28Z,recommendationservice,adservice,0,0,0,0,0,0,0
2026-10-04T14:03:28Z,recommendationservice,cartservice,0,0,0,0,0,0,0
2026-10-04T14:03:28Z,recommendationservice,checkoutservice,0,0,0,0,0,0,0
2026-10-04T14:03:28Z,recommendationservice,currencyservice,0,0,0,0,0,0,0
2026-10-04T14:03:28Z,recommendationservice,emailservice,0,0,0,0,0,0,0
2026-10-04T14:03:28Z,recommendationservice,frontend,0,0,0,0,0,0,0
2026-10-04T14:03:28Z,recommendationservice,kubernetes,0,0,0,0,0,0,0
2026-10-04T14:03:28Z,recommendationservice,paymentservice,0,0,0,0,0,0,0
2026-10-04T14:03:28Z,recommendationservice,productcatalogservice,541,541,0,0,0,319,237
2026-10-04T14:03:28Z,recommendationservice,recommendationservice,0,0,0,0,0,0,0
2026-10-04T14:03:28Z,recommendationservice,redis-cart,0,0,0,0,0,0,0
2026-10-04T14:03:28Z,recommendationservice,shippingservice,0,0,0,0,0,0,0
2026-10-04T14:03:28Z,redis-cart,adservice,0,0,0,0,0,0,0
2026-10-04T14:03:28Z,redis-cart,cartservice,0,0,0,0,0,0,0
2026-10-04T14:03:28Z,redis-cart,checkoutservice,0,0,0,0,0,0,0
2026-10-04T14:03:28Z,redis-cart,currencyservice,0,0,0,0,0,0,0
2026-10-04T14:03:28Z,redis-cart,emailservice,0,0,0,0,0,0,0
2026-10-04T14:03:28Z,redis-cart,frontend,0,0,0,0,0,0,0
2026-10-04T14:03:28Z,redis-cart,kubernetes,0,0,0,0,0,0,0
2026-10-04T14:03:28Z,redis-cart,paymentservice,0,0,0,0,0,0,0
2026-10-04T14:03:28Z,redis-cart,productcatalogservice,0,0,0,0,0,0,0
2026-10-04T14:03:28Z,redis-cart,recommendationservice,0,0,0,0,0,0,0
2026-10-04T14:03:28Z,redis-cart,redis-cart,0,0,0,0,0,0,0
2026-10-04T14:03:28Z,redis-cart,shippingservice,0,0,0,0,0,0,0
2026-10-04T14:03:28Z,shippingservice,adservice,0,0,0,0,0,0,0
2026-10-04T14:03:28Z,shippingservice,cartservice,0,0,0,0,0,0,0
2026-10-04T14:03:28Z,shippingservice,checkoutservice,0,0,0,0,0,0,0
2026-10-04T14:03:28Z,shippingservice,currencyservice,0,0,0,0,0,0,0
2026-10-04T14:03:28Z,shippingservice,emailservice,0,0,0,0,0,0,0
2026-10-04T14:03:28Z,shippingservice,frontend,0,0,0,0,0,0,0
2026-10-04T14:03:28Z,shippingservice,kubernetes,0,0,0,0,0,0,0
2026-10-04T14:03:28Z,shippingservice,paymentservice,0,0,0,0,0,0,0
2026-10-04T14:03:28Z,shippingservice,productcatalogservice,0,0,0,0,0,0,0
2026-10-04T14:03:28Z,shippingservice,recommendationservice,0,0,0,0,0,0,0
2026-10-04T14:03:28Z,shippingservice,redis-cart,0,0,0,0,0,0,0
2026-10-04T14:03:28Z,shippingservice,shippingservice,0,0,0,0,0,0,0
2026-10-04T14:03:29Z,adservice,adservice,0,0,0,0,0,0,0
2026-10-04T14:03:29Z,adservice,cartservice,0,0,0,0,0,0,0
2026-10-04T14:03:29Z,adservice,checkoutservice,0,0,0,0,0,0,0
2026-10-04T14:03:29Z,adservice,currencyservice,0,0,0,0,0,0,0
2026-10-04T14:03:29Z,adservice,emailservice,0,0,0,0,0,0,0
2026-10-04T14:03:29Z,adservice,frontend,0,0,0,0,0,0,0
2026-10-04T14:03:29Z,adservice,kubernetes,0,0,0,0,0,0,0
2026-10-04T14:03:29Z,adservice,paymentservice,0,0,0,0,0,0,0
2026-10-04T14:03:29Z,adservice,productcatalogservice,0,0,0,0,0,0,0
2026-10-04T14:03:29Z,adservice,recommendationservice,0,0,0,0,0,0,0
2026-10-04T14:03:29Z,adservice,redis-cart,0,0,0,0,0,0,0
2026-10-04T14:03:29Z,adservice,shippingservice,0,0,0,0,0,0,0
2026-10-04T14:03:29Z,cartservice,adservice,0,0,0,0,0,0,0
2026-10-04T14:03:29Z,cartservice,cartservice,0,0,0,0,0,0,0
2026-10-04T14:03:29Z,cartservice,checkoutservice,0,0,0,0,0,0,0
2026-10-04T14:03:29Z,cartservice,currencyservice,0,0,0,0,0,0,0
2026-10-04T14:03:29Z,cartservice,emailservice,0,0,0,0,0,0,0
2026-10-04T14:03:29Z,cartservice,frontend,0,0,0,0,0,0,0
2026-10-04T14:03:29Z,cartservice,kubernetes,0,0,0,0,0,0,0
2026-10-04T14:03:29Z,cartservice,paymentservice,0,0,0,0,0,0,0
2026-10-04T14:03:29Z,cartservice,productcatalogservice,0,0,0,0,0,0,0
2026-10-04T14:03:29Z,cartservice,recommendationservice,0,0,0,0,0,0,0
2026-10-04T14:03:29Z,cartservice,redis-cart,2,0,0,0,0,0,0
2026-10-04T14:03:29Z,cartservice,shippingservice,0,0,0,0,0,0,0
2026-10-04T14:03:29Z,checkoutservice,adservice,0,0,0,0,0,0,0
2026-10-04T14:03:29Z,checkoutservice,cartservice,300,300,0,0,0,408,172
2026-10-04T14:03:29Z,checkoutservice,checkoutservice,0,0,0,0,0,0,0
2026-10-04T14:03:29Z,checkoutservice,currencyservice,150,150,0,0,0,154,86
2026-10-04T14:03:29Z,checkoutservice,emailservice,150,150,0,0,0,370,86
2026-10-04T14:03:29Z,checkoutservice,frontend,0,0,0,0,0,0,0
2026-10-04T14:03:29Z,checkoutservice,kubernetes,0,0,0,0,0,0,0
2026-10-04T14:03:29Z,checkoutservice,paymentservice,150,150,0,0,0,183,86
2026-10-04T14:03:29Z,checkoutservice,productcatalogservice,0,0,0,0,0,0,0
2026-10-04T14:03:29Z,checkoutservice,recommendationservice,0,0,0,0,0,0,0
2026-10-04T14:03:29Z,checkoutservice,redis-cart,0,0,0,0,0,0,0
2026-10-04T14:03:29Z,checkoutservice,shippingservice,300,300,0,0,0,211,172
2026-10-04T14:03:29Z,currencyservice,adservice,0,0,0,0,0,0,0
2026-10-04T14:03:29Z,currencyservice,cartservice,0,0,0,0,0,0,0
2026-10-04T14:03:29Z,currencyservice,checkoutservice,0,0,0,0,0,0,0
2026-10-04T14:03:29Z,currencyservice,currencyservice,0,0,0,0,0,0,0
2026-10-04T14:03:29Z,currencyservice,emailservice,0,0,0,0,0,0,0
2026-10-04T14:03:29Z,currencyservice,frontend,0,0,0,0,0,0,0
2026-10-04T14:03:29Z,currencyservice,kubernetes,0,0,0,0,0,0,0
2026-10-04T14:03:29Z,currencyservice,paymentservice,0,0,0,0,0,0,0
2026-10-04T14:03:29Z,currencyservice,productcatalogservice,0,0,0,0,0,0,0
2026-10-04T14:03:29Z,currencyservice,recommendationservice,0,0,0,0,0,0,0
2026-10-04T14:03:29Z,currencyservice,redis-cart,0,0,0,0,0,0,0
2026-10-04T14:03:29Z,currencyservice,shippingservice,0,0,0,0,0,0,0
2026-10-04T14:03:29Z,emailservice,adservice,0,0,0,0,0,0,0
2026-10-04T14:03:29Z,emailservice,cartservice,0,0,0,0,0,0,0
2026-10-04T14:03:29Z,emailservice,checkoutservice,0,0,0,0,0,0,0
2026-10-04T14:03:29Z,emailservice,currencyservice,0,0,0,0,0,0,0
2026-10-04T14:03:29Z,emailservice,emailservice,0,0,0,0,0,0,0
2026-10-04T14:03:29Z,emailservice,frontend,0,0,0,0,0,0,0
2026-10-04T14:03:29Z,emailservice,kubernetes,0,0,0,0,0,0,0
2026-10-04T14:03:29Z,emailservice,paymentservice,0,0,0,0,0,0,0
2026-10-04T14:03:29Z,emailservice,productcatalogservice,0,0,0,0,0,0,0
2026-10-04T14:03:29Z,emailservice,recommendationservice,0,0,0,0,0,0,0
2026-10-04T14:03:29Z,emailservice,redis-cart,0,0,0,0,0,0,0
2026-10-04T14:03:29Z,emailservice,shippingservice,0,0,0,0,0,0,0
2026-10-04T14:03:29Z,frontend,adservice,774139,774137,0,0,0,2334439,774077
2026-10-04T14:03:29Z,frontend,cartservice,1731240,1731228,0,0,4,9626067,1731119
2026-10-04T14:03:29Z,frontend,checkoutservice,354967,173846,0,34332,146696,55614193,173823
2026-10-04T14:03:29Z,frontend,currencyservice,2750769,2750762,0,0,0,14591820,2750560
2026-10-04T14:03:29Z,frontend,emailservice,0,0,0,0,0,0,0
2026-10-04T14:03:29Z,frontend,frontend,0,0,0,0,0,0,0
2026-10-04T14:03:29Z,frontend,kubernetes,0,0,0,0,0,0,0
2026-10-04T14:03:29Z,frontend,paymentservice,0,0,0,0,0,0,0
2026-10-04T14:03:29Z,frontend,productcatalogservice,7680687,7680626,0,0,0,52319915,7679974
2026-10-04T14:03:29Z,frontend,recommendationservice,2524666,1525456,0,104145,892890,769960933,1525347
2026-10-04T14:03:29Z,frontend,redis-cart,0,0,0,0,0,0,0
2026-10-04T14:03:29Z,frontend,shippingservice,283943,283941,0,0,0,858409,283907
2026-10-04T14:03:29Z,paymentservice,adservice,0,0,0,0,0,0,0
2026-10-04T14:03:29Z,paymentservice,cartservice,0,0,0,0,0,0,0
2026-10-04T14:03:29Z,paymentservice,checkoutservice,0,0,0,0,0,0,0
2026-10-04T14:03:29Z,paymentservice,currencyservice,0,0,0,0,0,0,0
2026-10-04T14:03:29Z,paymentservice,emailservice,0,0,0,0,0,0,0
2026-10-04T14:03:29Z,paymentservice,frontend,0,0,0,0,0,0,0
2026-10-04T14:03:29Z,paymentservice,kubernetes,0,0,0,0,0,0,0
2026-10-04T14:03:29Z,paymentservice,paymentservice,0,0,0,0,0,0,0
2026-10-04T14:03:29Z,paymentservice,productcatalogservice,0,0,0,0,0,0,0
2026-10-04T14:03:29Z,paymentservice,recommendationservice,0,0,0,0,0,0,0
2026-10-04T14:03:29Z,paymentservice,redis-cart,0,0,0,0,0,0,0
2026-10-04T14:03:29Z,paymentservice,shippingservice,0,0,0,0,0,0,0
2026-10-04T14:03:29Z,productcatalogservice,adservice,0,0,0,0,0,0,0
2026-10-04T14:03:29Z,productcatalogservice,cartservice,0,0,0,0,0,0,0
2026-10-04T14:03:29Z,productcatalogservice,checkoutservice,0,0,0,0,0,0,0
2026-10-04T14:03:29Z,productcatalogservice,currencyservice,0,0,0,0,0,0,0
2026-10-04T14:03:29Z,productcatalogservice,emailservice,0,0,0,0,0,0,0
2026-10-04T14:03:29Z,productcatalogservice,frontend,0,0,0,0,0,0,0
2026-10-04T14:03:29Z,productcatalogservice,kubernetes,0,0,0,0,0,0,0
2026-10-04T14:03:29Z,productcatalogservice,paymentservice,0,0,0,0,0,0,0
2026-10-04T14:03:29Z,productcatalogservice,productcatalogservice,0,0,0,0,0,0,0
2026-10-04T14:03:29Z,productcatalogservice,recommendationservice,0,0,0,0,0,0,0
2026-10-04T14:03:29Z,productcatalogservice,redis-cart,0,0,0,0,0,0,0
2026-10-04T14:03:29Z,productcatalogservice,shippingservice,0,0,0,0,0,0,0
2026-10-04T14:03:29Z,recommendationservice,adservice,0,0,0,0,0,0,0
2026-10-04T14:03:29Z,recommendationservice,cartservice,0,0,0,0,0,0,0
2026-10-04T14:03:29Z,recommendationservice,checkoutservice,0,0,0,0,0,0,0
2026-10-04T14:03:29Z,recommendationservice,currencyservice,0,0,0,0,0,0,0
2026-10-04T14:03:29Z,recommendationservice,emailservice,0,0,0,0,0,0,0
2026-10-04T14:03:29Z,recommendationservice,frontend,0,0,0,0,0,0,0
2026-10-04T14:03:29Z,recommendationservice,kubernetes,0,0,0,0,0,0,0
2026-10-04T14:03:29Z,recommendationservice,paymentservice,0,0,0,0,0,0,0
2026-10-04T14:03:29Z,recommendationservice,productcatalogservice,651,651,0,0,0,319,237
2026-10-04T14:03:29Z,recommendationservice,recommendationservice,0,0,0,0,0,0,0
2026-10-04T14:03:29Z,recommendationservice,redis-cart,0,0,0,0,0,0,0
2026-10-04T14:03:29Z,recommendationservice,shippingservice,0,0,0,0,0,0,0
2026-10-04T14:03:29Z,redis-cart,adservice,0,0,0,0,0,0,0
2026-10-04T14:03:29Z,redis-cart,cartservice,0,0,0,0,0,0,0
2026-10-04T14:03:29Z,redis-cart,checkoutservice,0,0,0,0,0,0,0
2026-10-04T14:03:29Z,redis-cart,currencyservice,0,0,0,0,0,0,0
2026-10-04T14:03:29Z,redis-cart,emailservice,0,0,0,0,0,0,0
2026-10-04T14:03:29Z,redis-cart,frontend,0,0,0,0,0,0,0
2026-10-04T14:03:29Z,redis-cart,kubernetes,0,0,0,0,0,0,0
2026-10-04T14:03:29Z,redis-cart,paymentservice,0,0,0,0,0,0,0
2026-10-04T14:03:29Z,redis-cart,productcatalogservice,0,0,0,0,0,0,0
2026-10-04T14:03:29Z,redis-cart,recommendationservice,0,0,0,0,0,0,0
2026-10-04T14:03:29Z,redis-cart,redis-cart,0,0,0,0,0,0,0
2026-10-04T14:03:29Z,redis-cart,shippingservice,0,0,0,0,0,0,0
2026-10-04T14:03:29Z,shippingservice,adservice,0,0,0,0,0,0,0
2026-10-04T14:03:29Z,shippingservice,cartservice,0,0,0,0,0,0,0
2026-10-04T14:03:29Z,shippingservice,checkoutservice,0,0,0,0,0,0,0
2026-10-04T14:03:29Z,shippingservice,currencyservice,0,0,0,0,0,0,0
2026-10-04T14:03:29Z,shippingservice,emailservice,0,0,0,0,0,0,0
2026-10-04T14:03:29Z,shippingservice,frontend,0,0,0,0,0,0,0
2026-10-04T14:03:29Z,shippingservice,kubernetes,0,0,0,0,0,0,0
2026-10-04T14:03:29Z,shippingservice,paymentservice,0,0,0,0,0,0,0
2026-10-04T14:03:29Z,shippingservice,productcatalogservice,0,0,0,0,0,0,0
2026-10-04T14:03:29Z,shippingservice,recommendationservice,0,0,0,0,0,0,0
2026-10-04T14:03:29Z,shippingservice,redis-cart,0,0,0,0,0,0,0
2026-10-04T14:03:29Z,shippingservice,shippingservice,0,0,0,0,0,0,0
2026-10-04T14:03:30Z,adservice,adservice,0,0,0,0,0,0,0
2026-10-04T14:03:30Z,adservice,cartservice,0,0,0,0,0,0,0
2026-10-04T14:03:30Z,adservice,checkoutservice,0,0,0,0,0,0,0
2026-10-04T14:03:30Z,adservice,currencyservice,0,0,0,0,0,0,0
2026-10-04T14:03:30Z,adservice,emailservice,0,0,0,0,0,0,0
2026-10-04T14:03:30Z,adservice,frontend,0,0,0,0,0,0,0
2026-10-04T14:03:30Z,adservice,kubernetes,0,0,0,0,0,0,0
2026-10-04T14:03:30Z,adservice,paymentservice,0,0,0,0,0,0,0
2026-10-04T14:03:30Z,adservice,productcatalogservice,0,0,0,0,0,0,0
2026-10-04T14:03:30Z,adservice,recommendationservice,0,0,0,0,0,0,0
2026-10-04T14:03:30Z,adservice,redis-cart,0,0,0,0,0,0,0
2026-10-04T14:03:30Z,adservice,shippingservice,0,0,0,0,0,0,0
2026-10-04T14:03:30Z,cartservice,adservice,0,0,0,0,0,0,0
2026-10-04T14:03:30Z,cartservice,cartservice,0,0,0,0,0,0,0
2026-10-04T14:03:30Z,cartservice,checkoutservice,0,0,0,0,0,0,0
2026-10-04T14:03:30Z,cartservice,currencyservice,0,0,0,0,0,0,0
2026-10-04T14:03:30Z,cartservice,emailservice,0,0,0,0,0,0,0
2026-10-04T14:03:30Z,cartservice,frontend,0,0,0,0,0,0,0
2026-10-04T14:03:30Z,cartservice,kubernetes,0,0,0,0,0,0,0
2026-10-04T14:03:30Z,cartservice,paymentservice,0,0,0,0,0,0,0
2026-10-04T14:03:30Z,cartservice,productcatalogservice,0,0,0,0,0,0,0
2026-10-04T14:03:30Z,cartservice,recommendationservice,0,0,0,0,0,0,0
2026-10-04T14:03:30Z,cartservice,redis-cart,2,0,0,0,0,0,0
2026-10-04T14:03:30Z,cartservice,shippingservice,0,0,0,0,0,0,0
2026-10-04T14:03:30Z,checkoutservice,adservice,0,0,0,0,0,0,0
2026-10-04T14:03:30Z,checkoutservice,cartservice,356,356,0,0,0,408,172
2026-10-04T14:03:30Z,checkoutservice,checkoutservice,0,0,0,0,0,0,0
2026-10-04T14:03:30Z,checkoutservice,currencyservice,178,178,0,0,0,154,86
2026-10-04T14:03:30Z,checkoutservice,emailservice,178,178,0,0,0,370,86
2026-10-04T14:03:30Z,checkoutservice,frontend,0,0,0,0,0,0,0
2026-10-04T14:03:30Z,checkoutservice,kubernetes,0,0,0,0,0,0,0
2026-10-04T14:03:30Z,checkoutservice,paymentservice,178,178,0,0,0,183,86
2026-10-04T14:03:30Z,checkoutservice,productcatalogservice,0,0,0,0,0,0,0
2026-10-04T14:03:30Z,checkoutservice,recommendationservice,0,0,0,0,0,0,0
2026-10-04T14:03:30Z,checkoutservice,redis-cart,0,0,0,0,0,0,0
2026-10-04T14:03:30Z,checkoutservice,shippingservice,356,356,0,0,0,211,172
2026-10-04T14:03:30Z,currencyservice,adservice,0,0,0,0,0,0,0
2026-10-04T14:03:30Z,currencyservice,cartservice,0,0,0,0,0,0,0
2026-10-04T14:03:30Z,currencyservice,checkoutservice,0,0,0,0,0,0,0
2026-10-04T14:03:30Z,currencyservice,currencyservice,0,0,0,0,0,0,0
2026-10-04T14:03:30Z,currencyservice,emailservice,0,0,0,0,0,0,0
2026-10-04T14:03:30Z,currencyservice,frontend,0,0,0,0,0,0,0
2026-10-04T14:03:30Z,currencyservice,kubernetes,0,0,0,0,0,0,0
2026-10-04T14:03:30Z,currencyservice,paymentservice,0,0,0,0,0,0,0
2026-10-04T14:03:30Z,currencyservice,productcatalogservice,0,0,0,0,0,0,0
2026-10-04T14:03:30Z,currencyservice,recommendationservice,0,0,0,0,0,0,0
2026-10-04T14:03:30Z,currencyservice,redis-cart,0,0,0,0,0,0,0
2026-10-04T14:03:30Z,currencyservice,shippingservice,0,0,0,0,0,0,0
2026-10-04T14:03:30Z,emailservice,adservice,0,0,0,0,0,0,0
2026-10-04T14:03:30Z,emailservice,cartservice,0,0,0,0,0,0,0
2026-10-04T14:03:30Z,emailservice,checkoutservice,0,0,0,0,0,0,0
2026-10-04T14:03:30Z,emailservice,currencyservice,0,0,0,0,0,0,0
2026-10-04T14:03:30Z,emailservice,emailservice,0,0,0,0,0,0,0
2026-10-04T14:03:30Z,emailservice,frontend,0,0,0,0,0,0,0
2026-10-04T14:03:30Z,emailservice,kubernetes,0,0,0,0,0,0,0
2026-10-04T14:03:30Z,emailservice,paymentservice,0,0,0,0,0,0,0
2026-10-04T14:03:30Z,emailservice,productcatalogservice,0,0,0,0,0,0,0
2026-10-04T14:03:30Z,emailservice,recommendationservice,0,0,0,0,0,0,0
2026-10-04T14:03:30Z,emailservice,redis-cart,0,0,0,0,0,0,0
2026-10-04T14:03:30Z,emailservice,shippingservice,0,0,0,0,0,0,0
2026-10-04T14:03:30Z,frontend,adservice,774204,774202,0,0,0,2334439,774077
2026-10-04T14:03:30Z,frontend,cartservice,1731357,1731345,0,0,4,9626067,1731119
2026-10-04T14:03:30Z,frontend,checkoutservice,354996,173876,0,34332,146696,55614193,173823
2026-10-04T14:03:30Z,frontend,currencyservice,2750985,2750978,0,0,0,14591820,2750560
2026-10-04T14:03:30Z,frontend,emailservice,0,0,0,0,0,0,0
2026-10-04T14:03:30Z,frontend,frontend,0,0,0,0,0,0,0
2026-10-04T14:03:30Z,frontend,kubernetes,0,0,0,0,0,0,0
2026-10-04T14:03:30Z,frontend,paymentservice,0,0,0,0,0,0,0
2026-10-04T14:03:30Z,frontend,productcatalogservice,7681376,7681315,0,0,0,52319915,7679974
2026-10-04T14:03:30Z,frontend,recommendationservice,2524789,1525576,0,104145,892890,769960933,1525347
2026-10-04T14:03:30Z,frontend,redis-cart,0,0,0,0,0,0,0
2026-10-04T14:03:30Z,frontend,shippingservice,283969,283967,0,0,0,858409,283907
2026-10-04T14:03:30Z,paymentservice,adservice,0,0,0,0,0,0,0
2026-10-04T14:03:30Z,paymentservice,cartservice,0,0,0,0,0,0,0
2026-10-04T14:03:30Z,paymentservice,checkoutservice,0,0,0,0,0,0,0
2026-10-04T14:03:30Z,paymentservice,currencyservice,0,0,0,0,0,0,0
2026-10-04T14:03:30Z,paymentservice,emailservice,0,0,0,0,0,0,0
2026-10-04T14:03:30Z,paymentservice,frontend,0,0,0,0,0,0,0
2026-10-04T14:03:30Z,paymentservice,kubernetes,0,0,0,0,0,0,0
2026-10-04T14:03:30Z,paymentservice,paymentservice,0,0,0,0,0,0,0
2026-10-04T14:03:30Z,paymentservice,productcatalogservice,0,0,0,0,0,0,0
2026-10-04T14:03:30Z,paymentservice,recommendationservice,0,0,0,0,0,0,0
2026-10-04T14:03:30Z,paymentservice,redis-cart,0,0,0,0,0,0,0
2026-10-04T14:03:30Z,paymentservice,shippingservice,0,0,0,0,0,0,0
2026-10-04T14:03:30Z,productcatalogservice,adservice,0,0,0,0,0,0,0
2026-10-04T14:03:30Z,productcatalogservice,cartservice,0,0,0,0,0,0,0
2026-10-04T14:03:30Z,productcatalogservice,checkoutservice,0,0,0,0,0,0,0
2026-10-04T14:03:30Z,productcatalogservice,currencyservice,0,0,0,0,0,0,0
2026-10-04T14:03:30Z,productcatalogservice,emailservice,0,0,0,0,0,0,0
2026-10-04T14:03:30Z,productcatalogservice,frontend,0,0,0,0,0,0,0
2026-10-04T14:03:30Z,productcatalogservice,kubernetes,0,0,0,0,0,0,0
2026-10-04T14:03:30Z,productcatalogservice,paymentservice,0,0,0,0,0,0,0
2026-10-04T14:03:30Z,productcatalogservice,productcatalogservice,0,0,0,0,0,0,0
2026-10-04T14:03:30Z,productcatalogservice,recommendationservice,0,0,0,0,0,0,0
2026-10-04T14:03:30Z,productcatalogservice,redis-cart,0,0,0,0,0,0,0
2026-10-04T14:03:30Z,productcatalogservice,shippingservice,0,0,0,0,0,0,0
2026-10-04T14:03:30Z,recommendationservice,adservice,0,0,0,0,0,0,0
2026-10-04T14:03:30Z,recommendationservice,cartservice,0,0,0,0,0,0,0
2026-10-04T14:03:30Z,recommendationservice,checkoutservice,0,0,0,0,0,0,0
2026-10-04T14:03:30Z,recommendationservice,currencyservice,0,0,0,0,0,0,0
2026-10-04T14:03:30Z,recommendationservice,emailservice,0,0,0,0,0,0,0
2026-10-04T14:03:30Z,recommendationservice,frontend,0,0,0,0,0,0,0
2026-10-04T14:03:30Z,recommendationservice,kubernetes,0,0,0,0,0,0,0
2026-10-04T14:03:30Z,recommendationservice,paymentservice,0,0,0,0,0,0,0
2026-10-04T14:03:30Z,recommendationservice,productcatalogservice,770,770,0,0,0,1118,699
2026-10-04T14:03:30Z,recommendationservice,recommendationservice,0,0,0,0,0,0,0
2026-10-04T14:03:30Z,recommendationservice,redis-cart,0,0,0,0,0,0,0
2026-10-04T14:03:30Z,recommendationservice,shippingservice,0,0,0,0,0,0,0
2026-10-04T14:03:30Z,redis-cart,adservice,0,0,0,0,0,0,0
2026-10-04T14:03:30Z,redis-cart,cartservice,0,0,0,0,0,0,0
2026-10-04T14:03:30Z,redis-cart,checkoutservice,0,0,0,0,0,0,0
2026-10-04T14:03:30Z,redis-cart,currencyservice,0,0,0,0,0,0,0
2026-10-04T14:03:30Z,redis-cart,emailservice,0,0,0,0,0,0,0
2026-10-04T14:03:30Z,redis-cart,frontend,0,0,0,0,0,0,0
2026-10-04T14:03:30Z,redis-cart,kubernetes,0,0,0,0,0,0,0
2026-10-04T14:03:30Z,redis-cart,paymentservice,0,0,0,0,0,0,0
2026-10-04T14:03:30Z,redis-cart,productcatalogservice,0,0,0,0,0,0,0
2026-10-04T14:03:30Z,redis-cart,recommendationservice,0,0,0,0,0,0,0
2026-10-04T14:03:30Z,redis-cart,redis-cart,0,0,0,0,0,0,0
2026-10-04T14:03:30Z,redis-cart,shippingservice,0,0,0,0,0,0,0
2026-10-04T14:03:30Z,shippingservice,adservice,0,0,0,0,0,0,0
2026-10-04T14:03:30Z,shippingservice,cartservice,0,0,0,0,0,0,0
2026-10-04T14:03:30Z,shippingservice,checkoutservice,0,0,0,0,0,0,0
2026-10-04T14:03:30Z,shippingservice,currencyservice,0,0,0,0,0,0,0
2026-10-04T14:03:30Z,shippingservice,emailservice,0,0,0,0,0,0,0
2026-10-04T14:03:30Z,shippingservice,frontend,0,0,0,0,0,0,0
2026-10-04T14:03:30Z,shippingservice,kubernetes,0,0,0,0,0,0,0
2026-10-04T14:03:30Z,shippingservice,paymentservice,0,0,0,0,0,0,0
2026-10-04T14:03:30Z,shippingservice,productcatalogservice,0,0,0,0,0,0,0
2026-10-04T14:03:30Z,shippingservice,recommendationservice,0,0,0,0,0,0,0
2026-10-04T14:03:30Z,shippingservice,redis-cart,0,0,0,0,0,0,0
2026-10-04T14:03:30Z,shippingservice,shippingservice,0,0,0,0,0,0,0
2026-10-04T14:03:31Z,adservice,adservice,0,0,0,0,0,0,0
2026-10-04T14:03:31Z,adservice,cartservice,0,0,0,0,0,0,0
2026-10-04T14:03:31Z,adservice,checkoutservice,0,0,0,0,0,0,0
2026-10-04T14:03:31Z,adservice,currencyservice,0,0,0,0,0,0,0
2026-10-04T14:03:31Z,adservice,emailservice,0,0,0,0,0,0,0
2026-10-04T14:03:31Z,adservice,frontend,0,0,0,0,0,0,0
2026-10-04T14:03:31Z,adservice,kubernetes,0,0,0,0,0,0,0
2026-10-04T14:03:31Z,adservice,paymentservice,0,0,0,0,0,0,0
2026-10-04T14:03:31Z,adservice,productcatalogservice,0,0,0,0,0,0,0
2026-10-04T14:03:31Z,adservice,recommendationservice,0,0,0,0,0,0,0
2026-10-04T14:03:31Z,adservice,redis-cart,0,0,0,0,0,0,0
2026-10-04T14:03:31Z,adservice,shippingservice,0,0,0,0,0,0,0
2026-10-04T14:03:31Z,cartservice,adservice,0,0,0,0,0,0,0
2026-10-04T14:03:31Z,cartservice,cartservice,0,0,0,0,0,0,0
2026-10-04T14:03:31Z,cartservice,checkoutservice,0,0,0,0,0,0,0
2026-10-04T14:03:31Z,cartservice,currencyservice,0,0,0,0,0,0,0
2026-10-04T14:03:31Z,cartservice,emailservice,0,0,0,0,0,0,0
2026-10-04T14:03:31Z,cartservice,frontend,0,0,0,0,0,0,0
2026-10-04T14:03:31Z,cartservice,kubernetes,0,0,0,0,0,0,0
2026-10-04T14:03:31Z,cartservice,paymentservice,0,0,0,0,0,0,0
2026-10-04T14:03:31Z,cartservice,productcatalogservice,0,0,0,0,0,0,0
2026-10-04T14:03:31Z,cartservice,recommendationservice,0,0,0,0,0,0,0
2026-10-04T14:03:31Z,cartservice,redis-cart,2,0,0,0,0,0,0
2026-10-04T14:03:31Z,cartservice,shippingservice,0,0,0,0,0,0,0
2026-10-04T14:03:31Z,checkoutservice,adservice,0,0,0,0,0,0,0
2026-10-04T14:03:31Z,checkoutservice,cartservice,416,416,0,0,0,408,172
2026-10-04T14:03:31Z,checkoutservice,checkoutservice,0,0,0,0,0,0,0
2026-10-04T14:03:31Z,checkoutservice,currencyservice,208,208,0,0,0,154,86
2026-10-04T14:03:31Z,checkoutservice,emailservice,208,208,0,0,0,370,86
2026-10-04T14:03:31Z,checkoutservice,frontend,0,0,0,0,0,0,0
2026-10-04T14:03:31Z,checkoutservice,kubernetes,0,0,0,0,0,0,0
2026-10-04T14:03:31Z,checkoutservice,paymentservice,208,208,0,0,0,183,86
2026-10-04T14:03:31Z,checkoutservice,productcatalogservice,0,0,0,0,0,0,0
2026-10-04T14:03:31Z,checkoutservice,recommendationservice,0,0,0,0,0,0,0
2026-10-04T14:03:31Z,checkoutservice,redis-cart,0,0,0,0,0,0,0
2026-10-04T14:03:31Z,checkoutservice,shippingservice,416,416,0,0,0,211,172
2026-10-04T14:03:31Z,currencyservice,adservice,0,0,0,0,0,0,0
2026-10-04T14:03:31Z,currencyservice,cartservice,0,0,0,0,0,0,0
2026-10-04T14:03:31Z,currencyservice,checkoutservice,0,0,0,0,0,0,0
2026-10-04T14:03:31Z,currencyservice,currencyservice,0,0,0,0,0,0,0
2026-10-04T14:03:31Z,currencyservice,emailservice,0,0,0,0,0,0,0
2026-10-04T14:03:31Z,currencyservice,frontend,0,0,0,0,0,0,0
2026-10-04T14:03:31Z,currencyservice,kubernetes,0,0,0,0,0,0,0
2026-10-04T14:03:31Z,currencyservice,paymentservice,0,0,0,0,0,0,0
2026-10-04T14:03:31Z,currencyservice,productcatalogservice,0,0,0,0,0,0,0
2026-10-04T14:03:31Z,currencyservice,recommendationservice,0,0,0,0,0,0,0
2026-10-04T14:03:31Z,currencyservice,redis-cart,0,0,0,0,0,0,0
2026-10-04T14:03:31Z,currencyservice,shippingservice,0,0,0,0,0,0,0
2026-10-04T14:03:31Z,emailservice,adservice,0,0,0,0,0,0,0
2026-10-04T14:03:31Z,emailservice,cartservice,0,0,0,0,0,0,0
2026-10-04T14:03:31Z,emailservice,checkoutservice,0,0,0,0,0,0,0
2026-10-04T14:03:31Z,emailservice,currencyservice,0,0,0,0,0,0,0
2026-10-04T14:03:31Z,emailservice,emailservice,0,0,0,0,0,0,0
2026-10-04T14:03:31Z,emailservice,frontend,0,0,0,0,0,0,0
2026-10-04T14:03:31Z,emailservice,kubernetes,0,0,0,0,0,0,0
2026-10-04T14:03:31Z,emailservice,paymentservice,0,0,0,0,0,0,0
2026-10-04T14:03:31Z,emailservice,productcatalogservice,0,0,0,0,0,0,0
2026-10-04T14:03:31Z,emailservice,recommendationservice,0,0,0,0,0,0,0
2026-10-04T14:03:31Z,emailservice,redis-cart,0,0,0,0,0,0,0
2026-10-04T14:03:31Z,emailservice,shippingservice,0,0,0,0,0,0,0
2026-10-04T14:03:31Z,frontend,adservice,774267,774265,0,0,0,2334439,774077
2026-10-04T14:03:31Z,frontend,cartservice,1731468,1731456,0,0,4,9626067,1731119
2026-10-04T14:03:31Z,frontend,checkoutservice,355025,173902,0,34332,146696,55614193,173823
2026-10-04T14:03:31Z,frontend,currencyservice,2751187,2751179,0,0,0,14591820,2750560
2026-10-04T14:03:31Z,frontend,emailservice,0,0,0,0,0,0,0
2026-10-04T14:03:31Z,frontend,frontend,0,0,0,0,0,0,0
2026-10-04T14:03:31Z,frontend,kubernetes,0,0,0,0,0,0,0
2026-10-04T14:03:31Z,frontend,paymentservice,0,0,0,0,0,0,0
2026-10-04T14:03:31Z,frontend,productcatalogservice,7682058,7681996,0,0,0,52319915,7679974
2026-10-04T14:03:31Z,frontend,recommendationservice,2524906,1525696,0,104145,892890,769960933,1525347
2026-10-04T14:03:31Z,frontend,redis-cart,0,0,0,0,0,0,0
2026-10-04T14:03:31Z,frontend,shippingservice,283997,283995,0,0,0,858409,283907
2026-10-04T14:03:31Z,paymentservice,adservice,0,0,0,0,0,0,0
2026-10-04T14:03:31Z,paymentservice,cartservice,0,0,0,0,0,0,0
2026-10-04T14:03:31Z,paymentservice,checkoutservice,0,0,0,0,0,0,0
2026-10-04T14:03:31Z,paymentservice,currencyservice,0,0,0,0,0,0,0
2026-10-04T14:03:31Z,paymentservice,emailservice,0,0,0,0,0,0,0
2026-10-04T14:03:31Z,paymentservice,frontend,0,0,0,0,0,0,0
2026-10-04T14:03:31Z,paymentservice,kubernetes,0,0,0,0,0,0,0
2026-10-04T14:03:31Z,paymentservice,paymentservice,0,0,0,0,0,0,0
2026-10-04T14:03:31Z,paymentservice,productcatalogservice,0,0,0,0,0,0,0
2026-10-04T14:03:31Z,paymentservice,recommendationservice,0,0,0,0,0,0,0
2026-10-04T14:03:31Z,paymentservice,redis-cart,0,0,0,0,0,0,0
2026-10-04T14:03:31Z,paymentservice,shippingservice,0,0,0,0,0,0,0
2026-10-04T14:03:31Z,productcatalogservice,adservice,0,0,0,0,0,0,0
2026-10-04T14:03:31Z,productcatalogservice,cartservice,0,0,0,0,0,0,0
2026-10-04T14:03:31Z,productcatalogservice,checkoutservice,0,0,0,0,0,0,0
2026-10-04T14:03:31Z,productcatalogservice,currencyservice,0,0,0,0,0,0,0
2026-10-04T14:03:31Z,productcatalogservice,emailservice,0,0,0,0,0,0,0
2026-10-04T14:03:31Z,productcatalogservice,frontend,0,0,0,0,0,0,0
2026-10-04T14:03:31Z,productcatalogservice,kubernetes,0,0,0,0,0,0,0
2026-10-04T14:03:31Z,productcatalogservice,paymentservice,0,0,0,0,0,0,0
2026-10-04T14:03:31Z,productcatalogservice,productcatalogservice,0,0,0,0,0,0,0
2026-10-04T14:03:31Z,productcatalogservice,recommendationservice,0,0,0,0,0,0,0
2026-10-04T14:03:31Z,productcatalogservice,redis-cart,0,0,0,0,0,0,0
2026-10-04T14:03:31Z,productcatalogservice,shippingservice,0,0,0,0,0,0,0
2026-10-04T14:03:31Z,recommendationservice,adservice,0,0,0,0,0,0,0
2026-10-04T14:03:31Z,recommendationservice,cartservice,0,0,0,0,0,0,0
2026-10-04T14:03:31Z,recommendationservice,checkoutservice,0,0,0,0,0,0,0
2026-10-04T14:03:31Z,recommendationservice,currencyservice,0,0,0,0,0,0,0
2026-10-04T14:03:31Z,recommendationservice,emailservice,0,0,0,0,0,0,0
2026-10-04T14:03:31Z,recommendationservice,frontend,0,0,0,0,0,0,0
2026-10-04T14:03:31Z,recommendationservice,kubernetes,0,0,0,0,0,0,0
2026-10-04T14:03:31Z,recommendationservice,paymentservice,0,0,0,0,0,0,0
2026-10-04T14:03:31Z,recommendationservice,productcatalogservice,898,898,0,0,0,1118,699
2026-10-04T14:03:31Z,recommendationservice,recommendationservice,0,0,0,0,0,0,0
2026-10-04T14:03:31Z,recommendationservice,redis-cart,0,0,0,0,0,0,0
2026-10-04T14:03:31Z,recommendationservice,shippingservice,0,0,0,0,0,0,0
2026-10-04T14:03:31Z,redis-cart,adservice,0,0,0,0,0,0,0
2026-10-04T14:03:31Z,redis-cart,cartservice,0,0,0,0,0,0,0
2026-10-04T14:03:31Z,redis-cart,checkoutservice,0,0,0,0,0,0,0
2026-10-04T14:03:31Z,redis-cart,currencyservice,0,0,0,0,0,0,0
2026-10-04T14:03:31Z,redis-cart,emailservice,0,0,0,0,0,0,0
2026-10-04T14:03:31Z,redis-cart,frontend,0,0,0,0,0,0,0
2026-10-04T14:03:31Z,redis-cart,kubernetes,0,0,0,0,0,0,0
2026-10-04T14:03:31Z,redis-cart,paymentservice,0,0,0,0,0,0,0
2026-10-04T14:03:31Z,redis-cart,productcatalogservice,0,0,0,0,0,0,0
2026-10-04T14:03:31Z,redis-cart,recommendationservice,0,0,0,0,0,0,0
2026-10-04T14:03:31Z,redis-cart,redis-cart,0,0,0,0,0,0,0
2026-10-04T14:03:31Z,redis-cart,shippingservice,0,0,0,0,0,0,0
2026-10-04T14:03:31Z,shippingservice,adservice,0,0,0,0,0,0,0
2026-10-04T14:03:31Z,shippingservice,cartservice,0,0,0,0,0,0,0
2026-10-04T14:03:31Z,shippingservice,checkoutservice,0,0,0,0,0,0,0
2026-10-04T14:03:31Z,shippingservice,currencyservice,0,0,0,0,0,0,0
2026-10-04T14:03:31Z,shippingservice,emailservice,0,0,0,0,0,0,0
2026-10-04T14:03:31Z,shippingservice,frontend,0,0,0,0,0,0,0
2026-10-04T14:03:31Z,shippingservice,kubernetes,0,0,0,0,0,0,0
2026-10-04T14:03:31Z,shippingservice,paymentservice,0,0,0,0,0,0,0
2026-10-04T14:03:31Z,shippingservice,productcatalogservice,0,0,0,0,0,0,0
2026-10-04T14:03:31Z,shippingservice,recommendationservice,0,0,0,0,0,0,0
2026-10-04T14:03:31Z,shippingservice,redis-cart,0,0,0,0,0,0,0
2026-10-04T14:03:31Z,shippingservice,shippingservice,0,0,0,0,0,0,0
2026-10-04T14:03:32Z,adservice,adservice,0,0,0,0,0,0,0
2026-10-04T14:03:32Z,adservice,cartservice,0,0,0,0,0,0,0
2026-10-04T14:03:32Z,adservice,checkoutservice,0,0,0,0,0,0,0
2026-10-04T14:03:32Z,adservice,currencyservice,0,0,0,0,0,0,0
2026-10-04T14:03:32Z,adservice,emailservice,0,0,0,0,0,0,0
2026-10-04T14:03:32Z,adservice,frontend,0,0,0,0,0,0,0
2026-10-04T14:03:32Z,adservice,kubernetes,0,0,0,0,0,0,0
2026-10-04T14:03:32Z,adservice,paymentservice,0,0,0,0,0,0,0
2026-10-04T14:03:32Z,adservice,productcatalogservice,0,0,0,0,0,0,0
2026-10-04T14:03:32Z,adservice,recommendationservice,0,0,0,0,0,0,0
2026-10-04T14:03:32Z,adservice,redis-cart,0,0,0,0,0,0,0
2026-10-04T14:03:32Z,adservice,shippingservice,0,0,0,0,0,0,0
2026-10-04T14:03:32Z,cartservice,adservice,0,0,0,0,0,0,0
2026-10-04T14:03:32Z,cartservice,cartservice,0,0,0,0,0,0,0
2026-10-04T14:03:32Z,cartservice,checkoutservice,0,0,0,0,0,0,0
2026-10-04T14:03:32Z,cartservice,currencyservice,0,0,0,0,0,0,0
2026-10-04T14:03:32Z,cartservice,emailservice,0,0,0,0,0,0,0
2026-10-04T14:03:32Z,cartservice,frontend,0,0,0,0,0,0,0
2026-10-04T14:03:32Z,cartservice,kubernetes,0,0,0,0,0,0,0
2026-10-04T14:03:32Z,cartservice,paymentservice,0,0,0,0,0,0,0
2026-10-04T14:03:32Z,cartservice,productcatalogservice,0,0,0,0,0,0,0
2026-10-04T14:03:32Z,cartservice,recommendationservice,0,0,0,0,0,0,0
2026-10-04T14:03:32Z,cartservice,redis-cart,2,0,0,0,0,0,0
2026-10-04T14:03:32Z,cartservice,shippingservice,0,0,0,0,0,0,0
2026-10-04T14:03:32Z,checkoutservice,adservice,0,0,0,0,0,0,0
2026-10-04T14:03:32Z,checkoutservice,cartservice,480,480,0,0,0,1039,436
2026-10-04T14:03:32Z,checkoutservice,checkoutservice,0,0,0,0,0,0,0
2026-10-04T14:03:32Z,checkoutservice,currencyservice,240,240,0,0,0,399,218
2026-10-04T14:03:32Z,checkoutservice,emailservice,240,240,0,0,0,1029,218
2026-10-04T14:03:32Z,checkoutservice,frontend,0,0,0,0,0,0,0
2026-10-04T14:03:32Z,checkoutservice,kubernetes,0,0,0,0,0,0,0
2026-10-04T14:03:32Z,checkoutservice,paymentservice,240,240,0,0,0,591,218
2026-10-04T14:03:32Z,checkoutservice,productcatalogservice,0,0,0,0,0,0,0
2026-10-04T14:03:32Z,checkoutservice,recommendationservice,0,0,0,0,0,0,0
2026-10-04T14:03:32Z,checkoutservice,redis-cart,0,0,0,0,0,0,0
2026-10-04T14:03:32Z,checkoutservice,shippingservice,480,480,0,0,0,555,436
2026-10-04T14:03:32Z,currencyservice,adservice,0,0,0,0,0,0,0
2026-10-04T14:03:32Z,currencyservice,cartservice,0,0,0,0,0,0,0
2026-10-04T14:03:32Z,currencyservice,checkoutservice,0,0,0,0,0,0,0
2026-10-04T14:03:32Z,currencyservice,currencyservice,0,0,0,0,0,0,0
2026-10-04T14:03:32Z,currencyservice,emailservice,0,0,0,0,0,0,0
2026-10-04T14:03:32Z,currencyservice,frontend,0,0,0,0,0,0,0
2026-10-04T14:03:32Z,currencyservice,kubernetes,0,0,0,0,0,0,0
2026-10-04T14:03:32Z,currencyservice,paymentservice,0,0,0,0,0,0,0
2026-10-04T14:03:32Z,currencyservice,productcatalogservice,0,0,0,0,0,0,0
2026-10-04T14:03:32Z,currencyservice,recommendationservice,0,0,0,0,0,0,0
2026-10-04T14:03:32Z,currencyservice,redis-cart,0,0,0,0,0,0,0
2026-10-04T14:03:32Z,currencyservice,shippingservice,0,0,0,0,0,0,0
2026-10-04T14:03:32Z,emailservice,adservice,0,0,0,0,0,0,0
2026-10-04T14:03:32Z,emailservice,cartservice,0,0,0,0,0,0,0
2026-10-04T14:03:32Z,emailservice,checkoutservice,0,0,0,0,0,0,0
2026-10-04T14:03:32Z,emailservice,currencyservice,0,0,0,0,0,0,0
2026-10-04T14:03:32Z,emailservice,emailservice,0,0,0,0,0,0,0
2026-10-04T14:03:32Z,emailservice,frontend,0,0,0,0,0,0,0
2026-10-04T14:03:32Z,emailservice,kubernetes,0,0,0,0,0,0,0
2026-10-04T14:03:32Z,emailservice,paymentservice,0,0,0,0,0,0,0
2026-10-04T14:03:32Z,emailservice,productcatalogservice,0,0,0,0,0,0,0
2026-10-04T14:03:32Z,emailservice,recommendationservice,0,0,0,0,0,0,0
2026-10-04T14:03:32Z,emailservice,redis-cart,0,0,0,0,0,0,0
2026-10-04T14:03:32Z,emailservice,shippingservice,0,0,0,0,0,0,0
2026-10-04T14:03:32Z,frontend,adservice,774346,774344,0,0,0,2334439,774077
2026-10-04T14:03:32Z,frontend,cartservice,1731612,1731600,0,0,4,9626067,1731119
2026-10-04T14:03:32Z,frontend,checkoutservice,355060,173937,0,34332,146696,55614193,173823
2026-10-04T14:03:32Z,frontend,currencyservice,2751444,2751436,0,0,0,14591820,2750560
2026-10-04T14:03:32Z,frontend,emailservice,0,0,0,0,0,0,0
2026-10-04T14:03:32Z,frontend,frontend,0,0,0,0,0,0,0
2026-10-04T14:03:32Z,frontend,kubernetes,0,0,0,0,0,0,0
2026-10-04T14:03:32Z,frontend,paymentservice,0,0,0,0,0,0,0
2026-10-04T14:03:32Z,frontend,productcatalogservice,7682891,7682829,0,0,0,52319915,7679974
2026-10-04T14:03:32Z,frontend,recommendationservice,2525051,1525841,0,104145,892890,769960933,1525347
2026-10-04T14:03:32Z,frontend,redis-cart,0,0,0,0,0,0,0
2026-10-04T14:03:32Z,frontend,shippingservice,284027,284025,0,0,0,858409,283907
2026-10-04T14:03:32Z,paymentservice,adservice,0,0,0,0,0,0,0
2026-10-04T14:03:32Z,paymentservice,cartservice,0,0,0,0,0,0,0
2026-10-04T14:03:32Z,paymentservice,checkoutservice,0,0,0,0,0,0,0
2026-10-04T14:03:32Z,paymentservice,currencyservice,0,0,0,0,0,0,0
2026-10-04T14:03:32Z,paymentservice,emailservice,0,0,0,0,0,0,0
2026-10-04T14:03:32Z,paymentservice,frontend,0,0,0,0,0,0,0
2026-10-04T14:03:32Z,paymentservice,kubernetes,0,0,0,0,0,0,0
2026-10-04T14:03:32Z,paymentservice,paymentservice,0,0,0,0,0,0,0
2026-10-04T14:03:32Z,paymentservice,productcatalogservice,0,0,0,0,0,0,0
2026-10-04T14:03:32Z,paymentservice,recommendationservice,0,0,0,0,0,0,0
2026-10-04T14:03:32Z,paymentservice,redis-cart,0,0,0,0,0,0,0
2026-10-04T14:03:32Z,paymentservice,shippingservice,0,0,0,0,0,0,0
2026-10-04T14:03:32Z,productcatalogservice,adservice,0,0,0,0,0,0,0
2026-10-04T14:03:32Z,productcatalogservice,cartservice,0,0,0,0,0,0,0
2026-10-04T14:03:32Z,productcatalogservice,checkoutservice,0,0,0,0,0,0,0
2026-10-04T14:03:32Z,productcatalogservice,currencyservice,0,0,0,0,0,0,0
2026-10-04T14:03:32Z,productcatalogservice,emailservice,0,0,0,0,0,0,0
2026-10-04T14:03:32Z,productcatalogservice,frontend,0,0,0,0,0,0,0
2026-10-04T14:03:32Z,productcatalogservice,kubernetes,0,0,0,0,0,0,0
2026-10-04T14:03:32Z,productcatalogservice,paymentservice,0,0,0,0,0,0,0
2026-10-04T14:03:32Z,productcatalogservice,productcatalogservice,0,0,0,0,0,0,0
2026-10-04T14:03:32Z,productcatalogservice,recommendationservice,0,0,0,0,0,0,0
2026-10-04T14:03:32Z,productcatalogservice,redis-cart,0,0,0,0,0,0,0
2026-10-04T14:03:32Z,productcatalogservice,shippingservice,0,0,0,0,0,0,0
2026-10-04T14:03:32Z,recommendationservice,adservice,0,0,0,0,0,0,0
2026-10-04T14:03:32Z,recommendationservice,cartservice,0,0,0,0,0,0,0
2026-10-04T14:03:32Z,recommendationservice,checkoutservice,0,0,0,0,0,0,0
2026-10-04T14:03:32Z,recommendationservice,currencyservice,0,0,0,0,0,0,0
2026-10-04T14:03:32Z,recommendationservice,emailservice,0,0,0,0,0,0,0
2026-10-04T14:03:32Z,recommendationservice,frontend,0,0,0,0,0,0,0
2026-10-04T14:03:32Z,recommendationservice,kubernetes,0,0,0,0,0,0,0
2026-10-04T14:03:32Z,recommendationservice,paymentservice,0,0,0,0,0,0,0
2026-10-04T14:03:32Z,recommendationservice,productcatalogservice,1036,1036,0,0,0,1118,699
2026-10-04T14:03:32Z,recommendationservice,recommendationservice,0,0,0,0,0,0,0
2026-10-04T14:03:32Z,recommendationservice,redis-cart,0,0,0,0,0,0,0
2026-10-04T14:03:32Z,recommendationservice,shippingservice,0,0,0,0,0,0,0
2026-10-04T14:03:32Z,redis-cart,adservice,0,0,0,0,0,0,0
2026-10-04T14:03:32Z,redis-cart,cartservice,0,0,0,0,0,0,0
2026-10-04T14:03:32Z,redis-cart,checkoutservice,0,0,0,0,0,0,0
2026-10-04T14:03:32Z,redis-cart,currencyservice,0,0,0,0,0,0,0
2026-10-04T14:03:32Z,redis-cart,emailservice,0,0,0,0,0,0,0
2026-10-04T14:03:32Z,redis-cart,frontend,0,0,0,0,0,0,0
2026-10-04T14:03:32Z,redis-cart,kubernetes,0,0,0,0,0,0,0
2026-10-04T14:03:32Z,redis-cart,paymentservice,0,0,0,0,0,0,0
2026-10-04T14:03:32Z,redis-cart,productcatalogservice,0,0,0,0,0,0,0
2026-10-04T14:03:32Z,redis-cart,recommendationservice,0,0,0,0,0,0,0
2026-10-04T14:03:32Z,redis-cart,redis-cart,0,0,0,0,0,0,0
2026-10-04T14:03:32Z,redis-cart,shippingservice,0,0,0,0,0,0,0
2026-10-04T14:03:32Z,shippingservice,adservice,0,0,0,0,0,0,0
2026-10-04T14:03:32Z,shippingservice,cartservice,0,0,0,0,0,0,0
2026-10-04T14:03:32Z,shippingservice,checkoutservice,0,0,0,0,0,0,0
2026-10-04T14:03:32Z,shippingservice,currencyservice,0,0,0,0,0,0,0
2026-10-04T14:03:32Z,shippingservice,emailservice,0,0,0,0,0,0,0
2026-10-04T14:03:32Z,shippingservice,frontend,0,0,0,0,0,0,0
2026-10-04T14:03:32Z,shippingservice,kubernetes,0,0,0,0,0,0,0
2026-10-04T14:03:32Z,shippingservice,paymentservice,0,0,0,0,0,0,0
2026-10-04T14:03:32Z,shippingservice,productcatalogservice,0,0,0,0,0,0,0
2026-10-04T14:03:32Z,shippingservice,recommendationservice,0,0,0,0,0,0,0
2026-10-04T14:03:32Z,shippingservice,redis-cart,0,0,0,0,0,0,0
2026-10-04T14:03:32Z,shippingservice,shippingservice,0,0,0,0,0,0,0
2026-10-04T14:03:33Z,adservice,adservice,0,0,0,0,0,0,0
2026-10-04T14:03:33Z,adservice,cartservice,0,0,0,0,0,0,0
2026-10-04T14:03:33Z,adservice,checkoutservice,0,0,0,0,0,0,0
2026-10-04T14:03:33Z,adservice,currencyservice,0,0,0,0,0,0,0
2026-10-04T14:03:33Z,adservice,emailservice,0,0,0,0,0,0,0
2026-10-04T14:03:33Z,adservice,frontend,0,0,0,0,0,0,0
2026-10-04T14:03:33Z,adservice,kubernetes,0,0,0,0,0,0,0
2026-10-04T14:03:33Z,adservice,paymentservice,0,0,0,0,0,0,0
2026-10-04T14:03:33Z,adservice,productcatalogservice,0,0,0,0,0,0,0
2026-10-04T14:03:33Z,adservice,recommendationservice,0,0,0,0,0,0,0
2026-10-04T14:03:33Z,adservice,redis-cart,0,0,0,0,0,0,0
2026-10-04T14:03:33Z,adservice,shippingservice,0,0,0,0,0,0,0
2026-10-04T14:03:33Z,cartservice,adservice,0,0,0,0,0,0,0
2026-10-04T14:03:33Z,cartservice,cartservice,0,0,0,0,0,0,0
2026-10-04T14:03:33Z,cartservice,checkoutservice,0,0,0,0,0,0,0
2026-10-04T14:03:33Z,cartservice,currencyservice,0,0,0,0,0,0,0
2026-10-04T14:03:33Z,cartservice,emailservice,0,0,0,0,0,0,0
2026-10-04T14:03:33Z,cartservice,frontend,0,0,0,0,0,0,0
2026-10-04T14:03:33Z,cartservice,kubernetes,0,0,0,0,0,0,0
2026-10-04T14:03:33Z,cartservice,paymentservice,0,0,0,0,0,0,0
2026-10-04T14:03:33Z,cartservice,productcatalogservice,0,0,0,0,0,0,0
2026-10-04T14:03:33Z,cartservice,recommendationservice,0,0,0,0,0,0,0
2026-10-04T14:03:33Z,cartservice,redis-cart,2,0,0,0,0,0,0
2026-10-04T14:03:33Z,cartservice,shippingservice,0,0,0,0,0,0,0
2026-10-04T14:03:33Z,checkoutservice,adservice,0,0,0,0,0,0,0
2026-10-04T14:03:33Z,checkoutservice,cartservice,552,552,0,0,0,1039,436
2026-10-04T14:03:33Z,checkoutservice,checkoutservice,0,0,0,0,0,0,0
2026-10-04T14:03:33Z,checkoutservice,currencyservice,276,276,0,0,0,399,218
2026-10-04T14:03:33Z,checkoutservice,emailservice,276,276,0,0,0,1029,218
2026-10-04T14:03:33Z,checkoutservice,frontend,0,0,0,0,0,0,0
2026-10-04T14:03:33Z,checkoutservice,kubernetes,0,0,0,0,0,0,0
2026-10-04T14:03:33Z,checkoutservice,paymentservice,276,276,0,0,0,591,218
2026-10-04T14:03:33Z,checkoutservice,productcatalogservice,0,0,0,0,0,0,0
2026-10-04T14:03:33Z,checkoutservice,recommendationservice,0,0,0,0,0,0,0
2026-10-04T14:03:33Z,checkoutservice,redis-cart,0,0,0,0,0,0,0
2026-10-04T14:03:33Z,checkoutservice,shippingservice,552,552,0,0,0,555,436
2026-10-04T14:03:33Z,currencyservice,adservice,0,0,0,0,0,0,0
2026-10-04T14:03:33Z,currencyservice,cartservice,0,0,0,0,0,0,0
2026-10-04T14:03:33Z,currencyservice,checkoutservice,0,0,0,0,0,0,0
2026-10-04T14:03:33Z,currencyservice,currencyservice,0,0,0,0,0,0,0
2026-10-04T14:03:33Z,currencyservice,emailservice,0,0,0,0,0,0,0
2026-10-04T14:03:33Z,currencyservice,frontend,0,0,0,0,0,0,0
2026-10-04T14:03:33Z,currencyservice,kubernetes,0,0,0,0,0,0,0
2026-10-04T14:03:33Z,currencyservice,paymentservice,0,0,0,0,0,0,0
2026-10-04T14:03:33Z,currencyservice,productcatalogservice,0,0,0,0,0,0,0
2026-10-04T14:03:33Z,currencyservice,recommendationservice,0,0,0,0,0,0,0
2026-10-04T14:03:33Z,currencyservice,redis-cart,0,0,0,0,0,0,0
2026-10-04T14:03:33Z,currencyservice,shippingservice,0,0,0,0,0,0,0
2026-10-04T14:03:33Z,emailservice,adservice,0,0,0,0,0,0,0
2026-10-04T14:03:33Z,emailservice,cartservice,0,0,0,0,0,0,0
2026-10-04T14:03:33Z,emailservice,checkoutservice,0,0,0,0,0,0,0
2026-10-04T14:03:33Z,emailservice,currencyservice,0,0,0,0,0,0,0
2026-10-04T14:03:33Z,emailservice,emailservice,0,0,0,0,0,0,0
2026-10-04T14:03:33Z,emailservice,frontend,0,0,0,0,0,0,0
2026-10-04T14:03:33Z,emailservice,kubernetes,0,0,0,0,0,0,0
2026-10-04T14:03:33Z,emailservice,paymentservice,0,0,0,0,0,0,0
2026-10-04T14:03:33Z,emailservice,productcatalogservice,0,0,0,0,0,0,0
2026-10-04T14:03:33Z,emailservice,recommendationservice,0,0,0,0,0,0,0
2026-10-04T14:03:33Z,emailservice,redis-cart,0,0,0,0,0,0,0
2026-10-04T14:03:33Z,emailservice,shippingservice,0,0,0,0,0,0,0
2026-10-04T14:03:33Z,frontend,adservice,774427,774425,0,0,0,2334816,774340
2026-10-04T14:03:33Z,frontend,cartservice,1731754,1731740,0,0,4,9627474,1731598
2026-10-04T14:03:33Z,frontend,checkoutservice,355093,173973,0,34332,146696,55618781,173932
2026-10-04T14:03:33Z,frontend,currencyservice,2751704,2751697,0,0,0,14593787,2751422
2026-10-04T14:03:33Z,frontend,emailservice,0,0,0,0,0,0,0
2026-10-04T14:03:33Z,frontend,frontend,0,0,0,0,0,0,0
2026-10-04T14:03:33Z,frontend,kubernetes,0,0,0,0,0,0,0
2026-10-04T14:03:33Z,frontend,paymentservice,0,0,0,0,0,0,0
2026-10-04T14:03:33Z,frontend,productcatalogservice,7683727,7683666,0,0,0,52325123,7682746
2026-10-04T14:03:33Z,frontend,recommendationservice,2525196,1525986,0,104145,892890,769965451,1525828
2026-10-04T14:03:33Z,frontend,redis-cart,0,0,0,0,0,0,0
2026-10-04T14:03:33Z,frontend,shippingservice,284059,284057,0,0,0,858621,284019
2026-10-04T14:03:33Z,paymentservice,adservice,0,0,0,0,0,0,0
2026-10-04T14:03:33Z,paymentservice,cartservice,0,0,0,0,0,0,0
2026-10-04T14:03:33Z,paymentservice,checkoutservice,0,0,0,0,0,0,0
2026-10-04T14:03:33Z,paymentservice,currencyservice,0,0,0,0,0,0,0
2026-10-04T14:03:33Z,paymentservice,emailservice,0,0,0,0,0,0,0
2026-10-04T14:03:33Z,paymentservice,frontend,0,0,0,0,0,0,0
2026-10-04T14:03:33Z,paymentservice,kubernetes,0,0,0,0,0,0,0
2026-10-04T14:03:33Z,paymentservice,paymentservice,0,0,0,0,0,0,0
2026-10-04T14:03:33Z,paymentservice,productcatalogservice,0,0,0,0,0,0,0
2026-10-04T14:03:33Z,paymentservice,recommendationservice,0,0,0,0,0,0,0
2026-10-04T14:03:33Z,paymentservice,redis-cart,0,0,0,0,0,0,0
2026-10-04T14:03:33Z,paymentservice,shippingservice,0,0,0,0,0,0,0
2026-10-04T14:03:33Z,productcatalogservice,adservice,0,0,0,0,0,0,0
2026-10-04T14:03:33Z,productcatalogservice,cartservice,0,0,0,0,0,0,0
2026-10-04T14:03:33Z,productcatalogservice,checkoutservice,0,0,0,0,0,0,0
2026-10-04T14:03:33Z,productcatalogservice,currencyservice,0,0,0,0,0,0,0
2026-10-04T14:03:33Z,productcatalogservice,emailservice,0,0,0,0,0,0,0
2026-10-04T14:03:33Z,productcatalogservice,frontend,0,0,0,0,0,0,0
2026-10-04T14:03:33Z,productcatalogservice,kubernetes,0,0,0,0,0,0,0
2026-10-04T14:03:33Z,productcatalogservice,paymentservice,0,0,0,0,0,0,0
2026-10-04T14:03:33Z,productcatalogservice,productcatalogservice,0,0,0,0,0,0,0
2026-10-04T14:03:33Z,productcatalogservice,recommendationservice,0,0,0,0,0,0,0
2026-10-04T14:03:33Z,productcatalogservice,redis-cart,0,0,0,0,0,0,0
2026-10-04T14:03:33Z,productcatalogservice,shippingservice,0,0,0,0,0,0,0
2026-10-04T14:03:33Z,recommendationservice,adservice,0,0,0,0,0,0,0
2026-10-04T14:03:33Z,recommendationservice,cartservice,0,0,0,0,0,0,0
2026-10-04T14:03:33Z,recommendationservice,checkoutservice,0,0,0,0,0,0,0
2026-10-04T14:03:33Z,recommendationservice,currencyservice,0,0,0,0,0,0,0
2026-10-04T14:03:33Z,recommendationservice,emailservice,0,0,0,0,0,0,0
2026-10-04T14:03:33Z,recommendationservice,frontend,0,0,0,0,0,0,0
2026-10-04T14:03:33Z,recommendationservice,kubernetes,0,0,0,0,0,0,0
2026-10-04T14:03:33Z,recommendationservice,paymentservice,0,0,0,0,0,0,0
2026-10-04T14:03:33Z,recommendationservice,productcatalogservice,1187,1186,0,0,0,1118,699
2026-10-04T14:03:33Z,recommendationservice,recommendationservice,0,0,0,0,0,0,0
2026-10-04T14:03:33Z,recommendationservice,redis-cart,0,0,0,0,0,0,0
2026-10-04T14:03:33Z,recommendationservice,shippingservice,0,0,0,0,0,0,0
2026-10-04T14:03:33Z,redis-cart,adservice,0,0,0,0,0,0,0
2026-10-04T14:03:33Z,redis-cart,cartservice,0,0,0,0,0,0,0
2026-10-04T14:03:33Z,redis-cart,checkoutservice,0,0,0,0,0,0,0
2026-10-04T14:03:33Z,redis-cart,currencyservice,0,0,0,0,0,0,0
2026-10-04T14:03:33Z,redis-cart,emailservice,0,0,0,0,0,0,0
2026-10-04T14:03:33Z,redis-cart,frontend,0,0,0,0,0,0,0
2026-10-04T14:03:33Z,redis-cart,kubernetes,0,0,0,0,0,0,0
2026-10-04T14:03:33Z,redis-cart,paymentservice,0,0,0,0,0,0,0
2026-10-04T14:03:33Z,redis-cart,productcatalogservice,0,0,0,0,0,0,0
2026-10-04T14:03:33Z,redis-cart,recommendationservice,0,0,0,0,0,0,0
2026-10-04T14:03:33Z,redis-cart,redis-cart,0,0,0,0,0,0,0
2026-10-04T14:03:33Z,redis-cart,shippingservice,0,0,0,0,0,0,0
2026-10-04T14:03:33Z,shippingservice,adservice,0,0,0,0,0,0,0
2026-10-04T14:03:33Z,shippingservice,cartservice,0,0,0,0,0,0,0
2026-10-04T14:03:33Z,shippingservice,checkoutservice,0,0,0,0,0,0,0
2026-10-04T14:03:33Z,shippingservice,currencyservice,0,0,0,0,0,0,0
2026-10-04T14:03:33Z,shippingservice,emailservice,0,0,0,0,0,0,0
2026-10-04T14:03:33Z,shippingservice,frontend,0,0,0,0,0,0,0
2026-10-04T14:03:33Z,shippingservice,kubernetes,0,0,0,0,0,0,0
2026-10-04T14:03:33Z,shippingservice,paymentservice,0,0,0,0,0,0,0
2026-10-04T14:03:33Z,shippingservice,productcatalogservice,0,0,0,0,0,0,0
2026-10-04T14:03:33Z,shippingservice,recommendationservice,0,0,0,0,0,0,0
2026-10-04T14:03:33Z,shippingservice,redis-cart,0,0,0,0,0,0,0
2026-10-04T14:03:33Z,shippingservice,shippingservice,0,0,0,0,0,0,0
2026-10-04T14:03:34Z,adservice,adservice,0,0,0,0,0,0,0
2026-10-04T14:03:34Z,adservice,cartservice,0,0,0,0,0,0,0
2026-10-04T14:03:34Z,adservice,checkoutservice,0,0,0,0,0,0,0
2026-10-04T14:03:34Z,adservice,currencyservice,0,0,0,0,0,0,0
2026-10-04T14:03:34Z,adservice,emailservice,0,0,0,0,0,0,0
2026-10-04T14:03:34Z,adservice,frontend,0,0,0,0,0,0,0
2026-10-04T14:03:34Z,adservice,kubernetes,0,0,0,0,0,0,0
2026-10-04T14:03:34Z,adservice,paymentservice,0,0,0,0,0,0,0
2026-10-04T14:03:34Z,adservice,productcatalogservice,0,0,0,0,0,0,0
2026-10-04T14:03:34Z,adservice,recommendationservice,0,0,0,0,0,0,0
2026-10-04T14:03:34Z,adservice,redis-cart,0,0,0,0,0,0,0
2026-10-04T14:03:34Z,adservice,shippingservice,0,0,0,0,0,0,0
2026-10-04T14:03:34Z,cartservice,adservice,0,0,0,0,0,0,0
2026-10-04T14:03:34Z,cartservice,cartservice,0,0,0,0,0,0,0
2026-10-04T14:03:34Z,cartservice,checkoutservice,0,0,0,0,0,0,0
2026-10-04T14:03:34Z,cartservice,currencyservice,0,0,0,0,0,0,0
2026-10-04T14:03:34Z,cartservice,emailservice,0,0,0,0,0,0,0
2026-10-04T14:03:34Z,cartservice,frontend,0,0,0,0,0,0,0
2026-10-04T14:03:34Z,cartservice,kubernetes,0,0,0,0,0,0,0
2026-10-04T14:03:34Z,cartservice,paymentservice,0,0,0,0,0,0,0
2026-10-04T14:03:34Z,cartservice,productcatalogservice,0,0,0,0,0,0,0
2026-10-04T14:03:34Z,cartservice,recommendationservice,0,0,0,0,0,0,0
2026-10-04T14:03:34Z,cartservice,redis-cart,2,0,0,0,0,0,0
2026-10-04T14:03:34Z,cartservice,shippingservice,0,0,0,0,0,0,0
2026-10-04T14:03:34Z,checkoutservice,adservice,0,0,0,0,0,0,0
2026-10-04T14:03:34Z,checkoutservice,cartservice,628,628,0,0,0,1039,436
2026-10-04T14:03:34Z,checkoutservice,checkoutservice,0,0,0,0,0,0,0
2026-10-04T14:03:34Z,checkoutservice,currencyservice,314,314,0,0,0,399,218
2026-10-04T14:03:34Z,checkoutservice,emailservice,314,314,0,0,0,1029,218
2026-10-04T14:03:34Z,checkoutservice,frontend,0,0,0,0,0,0,0
2026-10-04T14:03:34Z,checkoutservice,kubernetes,0,0,0,0,0,0,0
2026-10-04T14:03:34Z,checkoutservice,paymentservice,314,314,0,0,0,591,218
2026-10-04T14:03:34Z,checkoutservice,productcatalogservice,0,0,0,0,0,0,0
2026-10-04T14:03:34Z,checkoutservice,recommendationservice,0,0,0,0,0,0,0
2026-10-04T14:03:34Z,checkoutservice,redis-cart,0,0,0,0,0,0,0
2026-10-04T14:03:34Z,checkoutservice,shippingservice,628,628,0,0,0,555,436
2026-10-04T14:03:34Z,currencyservice,adservice,0,0,0,0,0,0,0
2026-10-04T14:03:34Z,currencyservice,cartservice,0,0,0,0,0,0,0
2026-10-04T14:03:34Z,currencyservice,checkoutservice,0,0,0,0,0,0,0
2026-10-04T14:03:34Z,currencyservice,currencyservice,0,0,0,0,0,0,0
2026-10-04T14:03:34Z,currencyservice,emailservice,0,0,0,0,0,0,0
2026-10-04T14:03:34Z,currencyservice,frontend,0,0,0,0,0,0,0
2026-10-04T14:03:34Z,currencyservice,kubernetes,0,0,0,0,0,0,0
2026-10-04T14:03:34Z,currencyservice,paymentservice,0,0,0,0,0,0,0
2026-10-04T14:03:34Z,currencyservice,productcatalogservice,0,0,0,0,0,0,0
2026-10-04T14:03:34Z,currencyservice,recommendationservice,0,0,0,0,0,0,0
2026-10-04T14:03:34Z,currencyservice,redis-cart,0,0,0,0,0,0,0
2026-10-04T14:03:34Z,currencyservice,shippingservice,0,0,0,0,0,0,0
2026-10-04T14:03:34Z,emailservice,adservice,0,0,0,0,0,0,0
2026-10-04T14:03:34Z,emailservice,cartservice,0,0,0,0,0,0,0
2026-10-04T14:03:34Z,emailservice,checkoutservice,0,0,0,0,0,0,0
2026-10-04T14:03:34Z,emailservice,currencyservice,0,0,0,0,0,0,0
2026-10-04T14:03:34Z,emailservice,emailservice,0,0,0,0,0,0,0
2026-10-04T14:03:34Z,emailservice,frontend,0,0,0,0,0,0,0
2026-10-04T14:03:34Z,emailservice,kubernetes,0,0,0,0,0,0,0
2026-10-04T14:03:34Z,emailservice,paymentservice,0,0,0,0,0,0,0
2026-10-04T14:03:34Z,emailservice,productcatalogservice,0,0,0,0,0,0,0
2026-10-04T14:03:34Z,emailservice,recommendationservice,0,0,0,0,0,0,0
2026-10-04T14:03:34Z,emailservice,redis-cart,0,0,0,0,0,0,0
2026-10-04T14:03:34Z,emailservice,shippingservice,0,0,0,0,0,0,0
2026-10-04T14:03:34Z,frontend,adservice,774511,774508,0,0,0,2334944,774433
2026-10-04T14:03:34Z,frontend,cartservice,1731903,1731891,0,0,4,9627913,1731751
2026-10-04T14:03:34Z,frontend,checkoutservice,355133,174011,0,34332,146696,55620646,173979
2026-10-04T14:03:34Z,frontend,currencyservice,2751983,2751974,0,0,0,14594454,2751715
2026-10-04T14:03:34Z,frontend,emailservice,0,0,0,0,0,0,0
2026-10-04T14:03:34Z,frontend,frontend,0,0,0,0,0,0,0
2026-10-04T14:03:34Z,frontend,kubernetes,0,0,0,0,0,0,0
2026-10-04T14:03:34Z,frontend,paymentservice,0,0,0,0,0,0,0
2026-10-04T14:03:34Z,frontend,productcatalogservice,7684642,7684578,0,0,0,52327056,7683711
2026-10-04T14:03:34Z,frontend,recommendationservice,2525357,1526147,0,104145,892890,769966957,1525998
2026-10-04T14:03:34Z,frontend,redis-cart,0,0,0,0,0,0,0
2026-10-04T14:03:34Z,frontend,shippingservice,284093,284091,0,0,0,858675,284047
2026-10-04T14:03:34Z,paymentservice,adservice,0,0,0,0,0,0,0
2026-10-04T14:03:34Z,paymentservice,cartservice,0,0,0,0,0,0,0
2026-10-04T14:03:34Z,paymentservice,checkoutservice,0,0,0,0,0,0,0
2026-10-04T14:03:34Z,paymentservice,currencyservice,0,0,0,0,0,0,0
2026-10-04T14:03:34Z,paymentservice,emailservice,0,0,0,0,0,0,0
2026-10-04T14:03:34Z,paymentservice,frontend,0,0,0,0,0,0,0
2026-10-04T14:03:34Z,paymentservice,kubernetes,0,0,0,0,0,0,0
2026-10-04T14:03:34Z,paymentservice,paymentservice,0,0,0,0,0,0,0
2026-10-04T14:03:34Z,paymentservice,productcatalogservice,0,0,0,0,0,0,0
2026-10-04T14:03:34Z,paymentservice,recommendationservice,0,0,0,0,0,0,0
2026-10-04T14:03:34Z,paymentservice,redis-cart,0,0,0,0,0,0,0
2026-10-04T14:03:34Z,paymentservice,shippingservice,0,0,0,0,0,0,0
2026-10-04T14:03:34Z,productcatalogservice,adservice,0,0,0,0,0,0,0
2026-10-04T14:03:34Z,productcatalogservice,cartservice,0,0,0,0,0,0,0
2026-10-04T14:03:34Z,productcatalogservice,checkoutservice,0,0,0,0,0,0,0
2026-10-04T14:03:34Z,productcatalogservice,currencyservice,0,0,0,0,0,0,0
2026-10-04T14:03:34Z,productcatalogservice,emailservice,0,0,0,0,0,0,0
2026-10-04T14:03:34Z,productcatalogservice,frontend,0,0,0,0,0,0,0
2026-10-04T14:03:34Z,productcatalogservice,kubernetes,0,0,0,0,0,0,0
2026-10-04T14:03:34Z,productcatalogservice,paymentservice,0,0,0,0,0,0,0
2026-10-04T14:03:34Z,productcatalogservice,productcatalogservice,0,0,0,0,0,0,0
2026-10-04T14:03:34Z,productcatalogservice,recommendationservice,0,0,0,0,0,0,0
2026-10-04T14:03:34Z,productcatalogservice,redis-cart,0,0,0,0,0,0,0
2026-10-04T14:03:34Z,productcatalogservice,shippingservice,0,0,0,0,0,0,0
2026-10-04T14:03:34Z,recommendationservice,adservice,0,0,0,0,0,0,0
2026-10-04T14:03:34Z,recommendationservice,cartservice,0,0,0,0,0,0,0
2026-10-04T14:03:34Z,recommendationservice,checkoutservice,0,0,0,0,0,0,0
2026-10-04T14:03:34Z,recommendationservice,currencyservice,0,0,0,0,0,0,0
2026-10-04T14:03:34Z,recommendationservice,emailservice,0,0,0,0,0,0,0
2026-10-04T14:03:34Z,recommendationservice,frontend,0,0,0,0,0,0,0
2026-10-04T14:03:34Z,recommendationservice,kubernetes,0,0,0,0,0,0,0
2026-10-04T14:03:34Z,recommendationservice,paymentservice,0,0,0,0,0,0,0
2026-10-04T14:03:34Z,recommendationservice,productcatalogservice,1340,1340,0,0,0,1118,699
2026-10-04T14:03:34Z,recommendationservice,recommendationservice,0,0,0,0,0,0,0
2026-10-04T14:03:34Z,recommendationservice,redis-cart,0,0,0,0,0,0,0
2026-10-04T14:03:34Z,recommendationservice,shippingservice,0,0,0,0,0,0,0
2026-10-04T14:03:34Z,redis-cart,adservice,0,0,0,0,0,0,0
2026-10-04T14:03:34Z,redis-cart,cartservice,0,0,0,0,0,0,0
2026-10-04T14:03:34Z,redis-cart,checkoutservice,0,0,0,0,0,0,0
2026-10-04T14:03:34Z,redis-cart,currencyservice,0,0,0,0,0,0,0
2026-10-04T14:03:34Z,redis-cart,emailservice,0,0,0,0,0,0,0
2026-10-04T14:03:34Z,redis-cart,frontend,0,0,0,0,0,0,0
2026-10-04T14:03:34Z,redis-cart,kubernetes,0,0,0,0,0,0,0
2026-10-04T14:03:34Z,redis-cart,paymentservice,0,0,0,0,0,0,0
2026-10-04T14:03:34Z,redis-cart,productcatalogservice,0,0,0,0,0,0,0
2026-10-04T14:03:34Z,redis-cart,recommendationservice,0,0,0,0,0,0,0
2026-10-04T14:03:34Z,redis-cart,redis-cart,0,0,0,0,0,0,0
2026-10-04T14:03:34Z,redis-cart,shippingservice,0,0,0,0,0,0,0
2026-10-04T14:03:34Z,shippingservice,adservice,0,0,0,0,0,0,0
2026-10-04T14:03:34Z,shippingservice,cartservice,0,0,0,0,0,0,0
2026-10-04T14:03:34Z,shippingservice,checkoutservice,0,0,0,0,0,0,0
2026-10-04T14:03:34Z,shippingservice,currencyservice,0,0,0,0,0,0,0
2026-10-04T14:03:34Z,shippingservice,emailservice,0,0,0,0,0,0,0
2026-10-04T14:03:34Z,shippingservice,frontend,0,0,0,0,0,0,0
2026-10-04T14:03:34Z,shippingservice,kubernetes,0,0,0,0,0,0,0
2026-10-04T14:03:34Z,shippingservice,paymentservice,0,0,0,0,0,0,0
2026-10-04T14:03:34Z,shippingservice,productcatalogservice,0,0,0,0,0,0,0
2026-10-04T14:03:34Z,shippingservice,recommendationservice,0,0,0,0,0,0,0
2026-10-04T14:03:34Z,shippingservice,redis-cart,0,0,0,0,0,0,0
2026-10-04T14:03:34Z,shippingservice,shippingservice,0,0,0,0,0,0,0
2026-10-04T14:03:35Z,adservice,adservice,0,0,0,0,0,0,0
2026-10-04T14:03:35Z,adservice,cartservice,0,0,0,0,0,0,0
2026-10-04T14:03:35Z,adservice,checkoutservice,0,0,0,0,0,0,0
2026-10-04T14:03:35Z,adservice,currencyservice,0,0,0,0,0,0,0
2026-10-04T14:03:35Z,adservice,emailservice,0,0,0,0,0,0,0
2026-10-04T14:03:35Z,adservice,frontend,0,0,0,0,0,0,0
2026-10-04T14:03:35Z,adservice,kubernetes,0,0,0,0,0,0,0
2026-10-04T14:03:35Z,adservice,paymentservice,0,0,0,0,0,0,0
2026-10-04T14:03:35Z,adservice,productcatalogservice,0,0,0,0,0,0,0
2026-10-04T14:03:35Z,adservice,recommendationservice,0,0,0,0,0,0,0
2026-10-04T14:03:35Z,adservice,redis-cart,0,0,0,0,0,0,0
2026-10-04T14:03:35Z,adservice,shippingservice,0,0,0,0,0,0,0
2026-10-04T14:03:35Z,cartservice,adservice,0,0,0,0,0,0,0
2026-10-04T14:03:35Z,cartservice,cartservice,0,0,0,0,0,0,0
2026-10-04T14:03:35Z,cartservice,checkoutservice,0,0,0,0,0,0,0
2026-10-04T14:03:35Z,cartservice,currencyservice,0,0,0,0,0,0,0
2026-10-04T14:03:35Z,cartservice,emailservice,0,0,0,0,0,0,0
2026-10-04T14:03:35Z,cartservice,frontend,0,0,0,0,0,0,0
2026-10-04T14:03:35Z,cartservice,kubernetes,0,0,0,0,0,0,0
2026-10-04T14:03:35Z,cartservice,paymentservice,0,0,0,0,0,0,0
2026-10-04T14:03:35Z,cartservice,productcatalogservice,0,0,0,0,0,0,0
2026-10-04T14:03:35Z,cartservice,recommendationservice,0,0,0,0,0,0,0
2026-10-04T14:03:35Z,cartservice,redis-cart,2,0,0,0,0,0,0
2026-10-04T14:03:35Z,cartservice,shippingservice,0,0,0,0,0,0,0
2026-10-04T14:03:35Z,checkoutservice,adservice,0,0,0,0,0,0,0
2026-10-04T14:03:35Z,checkoutservice,cartservice,708,708,0,0,0,1039,436
2026-10-04T14:03:35Z,checkoutservice,checkoutservice,0,0,0,0,0,0,0
2026-10-04T14:03:35Z,checkoutservice,currencyservice,354,354,0,0,0,399,218
2026-10-04T14:03:35Z,checkoutservice,emailservice,353,353,0,0,0,1029,218
2026-10-04T14:03:35Z,checkoutservice,frontend,0,0,0,0,0,0,0
2026-10-04T14:03:35Z,checkoutservice,kubernetes,0,0,0,0,0,0,0
2026-10-04T14:03:35Z,checkoutservice,paymentservice,354,354,0,0,0,591,218
2026-10-04T14:03:35Z,checkoutservice,productcatalogservice,0,0,0,0,0,0,0
2026-10-04T14:03:35Z,checkoutservice,recommendationservice,0,0,0,0,0,0,0
2026-10-04T14:03:35Z,checkoutservice,redis-cart,0,0,0,0,0,0,0
2026-10-04T14:03:35Z,checkoutservice,shippingservice,708,708,0,0,0,555,436
2026-10-04T14:03:35Z,currencyservice,adservice,0,0,0,0,0,0,0
2026-10-04T14:03:35Z,currencyservice,cartservice,0,0,0,0,0,0,0
2026-10-04T14:03:35Z,currencyservice,checkoutservice,0,0,0,0,0,0,0
2026-10-04T14:03:35Z,currencyservice,currencyservice,0,0,0,0,0,0,0
2026-10-04T14:03:35Z,currencyservice,emailservice,0,0,0,0,0,0,0
2026-10-04T14:03:35Z,currencyservice,frontend,0,0,0,0,0,0,0
2026-10-04T14:03:35Z,currencyservice,kubernetes,0,0,0,0,0,0,0
2026-10-04T14:03:35Z,currencyservice,paymentservice,0,0,0,0,0,0,0
2026-10-04T14:03:35Z,currencyservice,productcatalogservice,0,0,0,0,0,0,0
2026-10-04T14:03:35Z,currencyservice,recommendationservice,0,0,0,0,0,0,0
2026-10-04T14:03:35Z,currencyservice,redis-cart,0,0,0,0,0,0,0
2026-10-04T14:03:35Z,currencyservice,shippingservice,0,0,0,0,0,0,0
2026-10-04T14:03:35Z,emailservice,adservice,0,0,0,0,0,0,0
2026-10-04T14:03:35Z,emailservice,cartservice,0,0,0,0,0,0,0
2026-10-04T14:03:35Z,emailservice,checkoutservice,0,0,0,0,0,0,0
2026-10-04T14:03:35Z,emailservice,currencyservice,0,0,0,0,0,0,0
2026-10-04T14:03:35Z,emailservice,emailservice,0,0,0,0,0,0,0
2026-10-04T14:03:35Z,emailservice,frontend,0,0,0,0,0,0,0
2026-10-04T14:03:35Z,emailservice,kubernetes,0,0,0,0,0,0,0
2026-10-04T14:03:35Z,emailservice,paymentservice,0,0,0,0,0,0,0
2026-10-04T14:03:35Z,emailservice,productcatalogservice,0,0,0,0,0,0,0
2026-10-04T14:03:35Z,emailservice,recommendationservice,0,0,0,0,0,0,0
2026-10-04T14:03:35Z,emailservice,redis-cart,0,0,0,0,0,0,0
2026-10-04T14:03:35Z,emailservice,shippingservice,0,0,0,0,0,0,0
2026-10-04T14:03:35Z,frontend,adservice,774608,774606,0,0,0,2334944,774433
2026-10-04T14:03:35Z,frontend,cartservice,1732074,1732062,0,0,4,9627913,1731751
2026-10-04T14:03:35Z,frontend,checkoutservice,355175,174049,0,34332,146696,55620646,173979
2026-10-04T14:03:35Z,frontend,currencyservice,2752291,2752282,0,0,0,14594454,2751715
2026-10-04T14:03:35Z,frontend,emailservice,0,0,0,0,0,0,0
2026-10-04T14:03:35Z,frontend,frontend,0,0,0,0,0,0,0
2026-10-04T14:03:35Z,frontend,kubernetes,0,0,0,0,0,0,0
2026-10-04T14:03:35Z,frontend,paymentservice,0,0,0,0,0,0,0
2026-10-04T14:03:35Z,frontend,productcatalogservice,7685653,7685588,0,0,0,52327056,7683711
2026-10-04T14:03:35Z,frontend,recommendationservice,2525533,1526323,0,104145,892890,769966957,1525998
2026-10-04T14:03:35Z,frontend,redis-cart,0,0,0,0,0,0,0
2026-10-04T14:03:35Z,frontend,shippingservice,284129,284127,0,0,0,858675,284047
2026-10-04T14:03:35Z,paymentservice,adservice,0,0,0,0,0,0,0
2026-10-04T14:03:35Z,paymentservice,cartservice,0,0,0,0,0,0,0
2026-10-04T14:03:35Z,paymentservice,checkoutservice,0,0,0,0,0,0,0
2026-10-04T14:03:35Z,paymentservice,currencyservice,0,0,0,0,0,0,0
2026-10-04T14:03:35Z,paymentservice,emailservice,0,0,0,0,0,0,0
2026-10-04T14:03:35Z,paymentservice,frontend,0,0,0,0,0,0,0
2026-10-04T14:03:35Z,paymentservice,kubernetes,0,0,0,0,0,0,0
2026-10-04T14:03:35Z,paymentservice,paymentservice,0,0,0,0,0,0,0
2026-10-04T14:03:35Z,paymentservice,productcatalogservice,0,0,0,0,0,0,0
2026-10-04T14:03:35Z,paymentservice,recommendationservice,0,0,0,0,0,0,0
2026-10-04T14:03:35Z,paymentservice,redis-cart,0,0,0,0,0,0,0
2026-10-04T14:03:35Z,paymentservice,shippingservice,0,0,0,0,0,0,0
2026-10-04T14:03:35Z,productcatalogservice,adservice,0,0,0,0,0,0,0
2026-10-04T14:03:35Z,productcatalogservice,cartservice,0,0,0,0,0,0,0
2026-10-04T14:03:35Z,productcatalogservice,checkoutservice,0,0,0,0,0,0,0
2026-10-04T14:03:35Z,productcatalogservice,currencyservice,0,0,0,0,0,0,0
2026-10-04T14:03:35Z,productcatalogservice,emailservice,0,0,0,0,0,0,0
2026-10-04T14:03:35Z,productcatalogservice,frontend,0,0,0,0,0,0,0
2026-10-04T14:03:35Z,productcatalogservice,kubernetes,0,0,0,0,0,0,0
2026-10-04T14:03:35Z,productcatalogservice,paymentservice,0,0,0,0,0,0,0
2026-10-04T14:03:35Z,productcatalogservice,productcatalogservice,0,0,0,0,0,0,0
2026-10-04T14:03:35Z,productcatalogservice,recommendationservice,0,0,0,0,0,0,0
2026-10-04T14:03:35Z,productcatalogservice,redis-cart,0,0,0,0,0,0,0
2026-10-04T14:03:35Z,productcatalogservice,shippingservice,0,0,0,0,0,0,0
2026-10-04T14:03:35Z,recommendationservice,adservice,0,0,0,0,0,0,0
2026-10-04T14:03:35Z,recommendationservice,cartservice,0,0,0,0,0,0,0
2026-10-04T14:03:35Z,recommendationservice,checkoutservice,0,0,0,0,0,0,0
2026-10-04T14:03:35Z,recommendationservice,currencyservice,0,0,0,0,0,0,0
2026-10-04T14:03:35Z,recommendationservice,emailservice,0,0,0,0,0,0,0
2026-10-04T14:03:35Z,recommendationservice,frontend,0,0,0,0,0,0,0
2026-10-04T14:03:35Z,recommendationservice,kubernetes,0,0,0,0,0,0,0
2026-10-04T14:03:35Z,recommendationservice,paymentservice,0,0,0,0,0,0,0
2026-10-04T14:03:35Z,recommendationservice,productcatalogservice,1508,1508,0,0,0,2654,1412
2026-10-04T14:03:35Z,recommendationservice,recommendationservice,0,0,0,0,0,0,0
2026-10-04T14:03:35Z,recommendationservice,redis-cart,0,0,0,0,0,0,0
2026-10-04T14:03:35Z,recommendationservice,shippingservice,0,0,0,0,0,0,0
2026-10-04T14:03:35Z,redis-cart,adservice,0,0,0,0,0,0,0
2026-10-04T14:03:35Z,redis-cart,cartservice,0,0,0,0,0,0,0
2026-10-04T14:03:35Z,redis-cart,checkoutservice,0,0,0,0,0,0,0
2026-10-04T14:03:35Z,redis-cart,currencyservice,0,0,0,0,0,0,0
2026-10-04T14:03:35Z,redis-cart,emailservice,0,0,0,0,0,0,0
2026-10-04T14:03:35Z,redis-cart,frontend,0,0,0,0,0,0,0
2026-10-04T14:03:35Z,redis-cart,kubernetes,0,0,0,0,0,0,0
2026-10-04T14:03:35Z,redis-cart,paymentservice,0,0,0,0,0,0,0
2026-10-04T14:03:35Z,redis-cart,productcatalogservice,0,0,0,0,0,0,0
2026-10-04T14:03:35Z,redis-cart,recommendationservice,0,0,0,0,0,0,0
2026-10-04T14:03:35Z,redis-cart,redis-cart,0,0,0,0,0,0,0
2026-10-04T14:03:35Z,redis-cart,shippingservice,0,0,0,0,0,0,0
2026-10-04T14:03:35Z,shippingservice,adservice,0,0,0,0,0,0,0
2026-10-04T14:03:35Z,shippingservice,cartservice,0,0,0,0,0,0,0
2026-10-04T14:03:35Z,shippingservice,checkoutservice,0,0,0,0,0,0,0
2026-10-04T14:03:35Z,shippingservice,currencyservice,0,0,0,0,0,0,0
2026-10-04T14:03:35Z,shippingservice,emailservice,0,0,0,0,0,0,0
2026-10-04T14:03:35Z,shippingservice,frontend,0,0,0,0,0,0,0
2026-10-04T14:03:35Z,shippingservice,kubernetes,0,0,0,0,0,0,0
2026-10-04T14:03:35Z,shippingservice,paymentservice,0,0,0,0,0,0,0
2026-10-04T14:03:35Z,shippingservice,productcatalogservice,0,0,0,0,0,0,0
2026-10-04T14:03:35Z,shippingservice,recommendationservice,0,0,0,0,0,0,0
2026-10-04T14:03:35Z,shippingservice,redis-cart,0,0,0,0,0,0,0
2026-10-04T14:03:35Z,shippingservice,shippingservice,0,0,0,0,0,0,0
2026-10-04T14:03:36Z,adservice,adservice,0,0,0,0,0,0,0
2026-10-04T14:03:36Z,adservice,cartservice,0,0,0,0,0,0,0
2026-10-04T14:03:36Z,adservice,checkoutservice,0,0,0,0,0,0,0
2026-10-04T14:03:36Z,adservice,currencyservice,0,0,0,0,0,0,0
2026-10-04T14:03:36Z,adservice,emailservice,0,0,0,0,0,0,0
2026-10-04T14:03:36Z,adservice,frontend,0,0,0,0,0,0,0
2026-10-04T14:03:36Z,adservice,kubernetes,0,0,0,0,0,0,0
2026-10-04T14:03:36Z,adservice,paymentservice,0,0,0,0,0,0,0
2026-10-04T14:03:36Z,adservice,productcatalogservice,0,0,0,0,0,0,0
2026-10-04T14:03:36Z,adservice,recommendationservice,0,0,0,0,0,0,0
2026-10-04T14:03:36Z,adservice,redis-cart,0,0,0,0,0,0,0
2026-10-04T14:03:36Z,adservice,shippingservice,0,0,0,0,0,0,0
2026-10-04T14:03:36Z,cartservice,adservice,0,0,0,0,0,0,0
2026-10-04T14:03:36Z,cartservice,cartservice,0,0,0,0,0,0,0
2026-10-04T14:03:36Z,cartservice,checkoutservice,0,0,0,0,0,0,0
2026-10-04T14:03:36Z,cartservice,currencyservice,0,0,0,0,0,0,0
2026-10-04T14:03:36Z,cartservice,emailservice,0,0,0,0,0,0,0
2026-10-04T14:03:36Z,cartservice,frontend,0,0,0,0,0,0,0
2026-10-04T14:03:36Z,cartservice,kubernetes,0,0,0,0,0,0,0
2026-10-04T14:03:36Z,cartservice,paymentservice,0,0,0,0,0,0,0
2026-10-04T14:03:36Z,cartservice,productcatalogservice,0,0,0,0,0,0,0
2026-10-04T14:03:36Z,cartservice,recommendationservice,0,0,0,0,0,0,0
2026-10-04T14:03:36Z,cartservice,redis-cart,2,0,0,0,0,0,0
2026-10-04T14:03:36Z,cartservice,shippingservice,0,0,0,0,0,0,0
2026-10-04T14:03:36Z,checkoutservice,adservice,0,0,0,0,0,0,0
2026-10-04T14:03:36Z,checkoutservice,cartservice,792,792,0,0,0,1039,436
2026-10-04T14:03:36Z,checkoutservice,checkoutservice,0,0,0,0,0,0,0
2026-10-04T14:03:36Z,checkoutservice,currencyservice,396,396,0,0,0,399,218
2026-10-04T14:03:36Z,checkoutservice,emailservice,396,396,0,0,0,1029,218
2026-10-04T14:03:36Z,checkoutservice,frontend,0,0,0,0,0,0,0
2026-10-04T14:03:36Z,checkoutservice,kubernetes,0,0,0,0,0,0,0
2026-10-04T14:03:36Z,checkoutservice,paymentservice,396,396,0,0,0,591,218
2026-10-04T14:03:36Z,checkoutservice,productcatalogservice,0,0,0,0,0,0,0
2026-10-04T14:03:36Z,checkoutservice,recommendationservice,0,0,0,0,0,0,0
2026-10-04T14:03:36Z,checkoutservice,redis-cart,0,0,0,0,0,0,0
2026-10-04T14:03:36Z,checkoutservice,shippingservice,792,792,0,0,0,555,436
2026-10-04T14:03:36Z,currencyservice,adservice,0,0,0,0,0,0,0
2026-10-04T14:03:36Z,currencyservice,cartservice,0,0,0,0,0,0,0
2026-10-04T14:03:36Z,currencyservice,checkoutservice,0,0,0,0,0,0,0
2026-10-04T14:03:36Z,currencyservice,currencyservice,0,0,0,0,0,0,0
2026-10-04T14:03:36Z,currencyservice,emailservice,0,0,0,0,0,0,0
2026-10-04T14:03:36Z,currencyservice,frontend,0,0,0,0,0,0,0
2026-10-04T14:03:36Z,currencyservice,kubernetes,0,0,0,0,0,0,0
2026-10-04T14:03:36Z,currencyservice,paymentservice,0,0,0,0,0,0,0
2026-10-04T14:03:36Z,currencyservice,productcatalogservice,0,0,0,0,0,0,0
2026-10-04T14:03:36Z,currencyservice,recommendationservice,0,0,0,0,0,0,0
2026-10-04T14:03:36Z,currencyservice,redis-cart,0,0,0,0,0,0,0
2026-10-04T14:03:36Z,currencyservice,shippingservice,0,0,0,0,0,0,0
2026-10-04T14:03:36Z,emailservice,adservice,0,0,0,0,0,0,0
2026-10-04T14:03:36Z,emailservice,cartservice,0,0,0,0,0,0,0
2026-10-04T14:03:36Z,emailservice,checkoutservice,0,0,0,0,0,0,0
2026-10-04T14:03:36Z,emailservice,currencyservice,0,0,0,0,0,0,0
2026-10-04T14:03:36Z,emailservice,emailservice,0,0,0,0,0,0,0
2026-10-04T14:03:36Z,emailservice,frontend,0,0,0,0,0,0,0
2026-10-04T14:03:36Z,emailservice,kubernetes,0,0,0,0,0,0,0
2026-10-04T14:03:36Z,emailservice,paymentservice,0,0,0,0,0,0,0
2026-10-04T14:03:36Z,emailservice,productcatalogservice,0,0,0,0,0,0,0
2026-10-04T14:03:36Z,emailservice,recommendationservice,0,0,0,0,0,0,0
2026-10-04T14:03:36Z,emailservice,redis-cart,0,0,0,0,0,0,0
2026-10-04T14:03:36Z,emailservice,shippingservice,0,0,0,0,0,0,0
2026-10-04T14:03:36Z,frontend,adservice,774710,774707,0,0,0,2334944,774433
2026-10-04T14:03:36Z,frontend,cartservice,1732247,1732234,0,0,4,9627913,1731751
2026-10-04T14:03:36Z,frontend,checkoutservice,355216,174093,0,34332,146696,55620646,173979
2026-10-04T14:03:36Z,frontend,currencyservice,2752607,2752599,0,0,0,14594454,2751715
2026-10-04T14:03:36Z,frontend,emailservice,0,0,0,0,0,0,0
2026-10-04T14:03:36Z,frontend,frontend,0,0,0,0,0,0,0
2026-10-04T14:03:36Z,frontend,kubernetes,0,0,0,0,0,0,0
2026-10-04T14:03:36Z,frontend,paymentservice,0,0,0,0,0,0,0
2026-10-04T14:03:36Z,frontend,productcatalogservice,7686680,7686618,0,0,0,52327056,7683711
2026-10-04T14:03:36Z,frontend,recommendationservice,2525713,1526502,0,104145,892890,769966957,1525998
2026-10-04T14:03:36Z,frontend,redis-cart,0,0,0,0,0,0,0
2026-10-04T14:03:36Z,frontend,shippingservice,284167,284165,0,0,0,858675,284047
2026-10-04T14:03:36Z,paymentservice,adservice,0,0,0,0,0,0,0
2026-10-04T14:03:36Z,paymentservice,cartservice,0,0,0,0,0,0,0
2026-10-04T14:03:36Z,paymentservice,checkoutservice,0,0,0,0,0,0,0
2026-10-04T14:03:36Z,paymentservice,currencyservice,0,0,0,0,0,0,0
2026-10-04T14:03:36Z,paymentservice,emailservice,0,0,0,0,0,0,0
2026-10-04T14:03:36Z,paymentservice,frontend,0,0,0,0,0,0,0
2026-10-04T14:03:36Z,paymentservice,kubernetes,0,0,0,0,0,0,0
2026-10-04T14:03:36Z,paymentservice,paymentservice,0,0,0,0,0,0,0
2026-10-04T14:03:36Z,paymentservice,productcatalogservice,0,0,0,0,0,0,0
2026-10-04T14:03:36Z,paymentservice,recommendationservice,0,0,0,0,0,0,0
2026-10-04T14:03:36Z,paymentservice,redis-cart,0,0,0,0,0,0,0
2026-10-04T14:03:36Z,paymentservice,shippingservice,0,0,0,0,0,0,0
2026-10-04T14:03:36Z,productcatalogservice,adservice,0,0,0,0,0,0,0
2026-10-04T14:03:36Z,productcatalogservice,cartservice,0,0,0,0,0,0,0
2026-10-04T14:03:36Z,productcatalogservice,checkoutservice,0,0,0,0,0,0,0
2026-10-04T14:03:36Z,productcatalogservice,currencyservice,0,0,0,0,0,0,0
2026-10-04T14:03:36Z,productcatalogservice,emailservice,0,0,0,0,0,0,0
2026-10-04T14:03:36Z,productcatalogservice,frontend,0,0,0,0,0,0,0
2026-10-04T14:03:36Z,productcatalogservice,kubernetes,0,0,0,0,0,0,0
2026-10-04T14:03:36Z,productcatalogservice,paymentservice,0,0,0,0,0,0,0
2026-10-04T14:03:36Z,productcatalogservice,productcatalogservice,0,0,0,0,0,0,0
2026-10-04T14:03:36Z,productcatalogservice,recommendationservice,0,0,0,0,0,0,0
2026-10-04T14:03:36Z,productcatalogservice,redis-cart,0,0,0,0,0,0,0
2026-10-04T14:03:36Z,productcatalogservice,shippingservice,0,0,0,0,0,0,0
2026-10-04T14:03:36Z,recommendationservice,adservice,0,0,0,0,0,0,0
2026-10-04T14:03:36Z,recommendationservice,cartservice,0,0,0,0,0,0,0
2026-10-04T14:03:36Z,recommendationservice,checkoutservice,0,0,0,0,0,0,0
2026-10-04T14:03:36Z,recommendationservice,currencyservice,0,0,0,0,0,0,0
2026-10-04T14:03:36Z,recommendationservice,emailservice,0,0,0,0,0,0,0
2026-10-04T14:03:36Z,recommendationservice,frontend,0,0,0,0,0,0,0
2026-10-04T14:03:36Z,recommendationservice,kubernetes,0,0,0,0,0,0,0
2026-10-04T14:03:36Z,recommendationservice,paymentservice,0,0,0,0,0,0,0
2026-10-04T14:03:36Z,recommendationservice,productcatalogservice,1681,1681,0,0,0,2654,1412
2026-10-04T14:03:36Z,recommendationservice,recommendationservice,0,0,0,0,0,0,0
2026-10-04T14:03:36Z,recommendationservice,redis-cart,0,0,0,0,0,0,0
2026-10-04T14:03:36Z,recommendationservice,shippingservice,0,0,0,0,0,0,0
2026-10-04T14:03:36Z,redis-cart,adservice,0,0,0,0,0,0,0
2026-10-04T14:03:36Z,redis-cart,cartservice,0,0,0,0,0,0,0
2026-10-04T14:03:36Z,redis-cart,checkoutservice,0,0,0,0,0,0,0
2026-10-04T14:03:36Z,redis-cart,currencyservice,0,0,0,0,0,0,0
2026-10-04T14:03:36Z,redis-cart,emailservice,0,0,0,0,0,0,0
2026-10-04T14:03:36Z,redis-cart,frontend,0,0,0,0,0,0,0
2026-10-04T14:03:36Z,redis-cart,kubernetes,0,0,0,0,0,0,0
2026-10-04T14:03:36Z,redis-cart,paymentservice,0,0,0,0,0,0,0
2026-10-04T14:03:36Z,redis-cart,productcatalogservice,0,0,0,0,0,0,0
2026-10-04T14:03:36Z,redis-cart,recommendationservice,0,0,0,0,0,0,0
2026-10-04T14:03:36Z,redis-cart,redis-cart,0,0,0,0,0,0,0
2026-10-04T14:03:36Z,redis-cart,shippingservice,0,0,0,0,0,0,0
2026-10-04T14:03:36Z,shippingservice,adservice,0,0,0,0,0,0,0
2026-10-04T14:03:36Z,shippingservice,cartservice,0,0,0,0,0,0,0
2026-10-04T14:03:36Z,shippingservice,checkoutservice,0,0,0,0,0,0,0
2026-10-04T14:03:36Z,shippingservice,currencyservice,0,0,0,0,0,0,0
2026-10-04T14:03:36Z,shippingservice,emailservice,0,0,0,0,0,0,0
2026-10-04T14:03:36Z,shippingservice,frontend,0,0,0,0,0,0,0
2026-10-04T14:03:36Z,shippingservice,kubernetes,0,0,0,0,0,0,0
2026-10-04T14:03:36Z,shippingservice,paymentservice,0,0,0,0,0,0,0
2026-10-04T14:03:36Z,shippingservice,productcatalogservice,0,0,0,0,0,0,0
2026-10-04T14:03:36Z,shippingservice,recommendationservice,0,0,0,0,0,0,0
2026-10-04T14:03:36Z,shippingservice,redis-cart,0,0,0,0,0,0,0
2026-10-04T14:03:36Z,shippingservice,shippingservice,0,0,0,0,0,0,0
2026-10-04T14:03:37Z,adservice,adservice,0,0,0,0,0,0,0
2026-10-04T14:03:37Z,adservice,cartservice,0,0,0,0,0,0,0
2026-10-04T14:03:37Z,adservice,checkoutservice,0,0,0,0,0,0,0
2026-10-04T14:03:37Z,adservice,currencyservice,0,0,0,0,0,0,0
2026-10-04T14:03:37Z,adservice,emailservice,0,0,0,0,0,0,0
2026-10-04T14:03:37Z,adservice,frontend,0,0,0,0,0,0,0
2026-10-04T14:03:37Z,adservice,kubernetes,0,0,0,0,0,0,0
2026-10-04T14:03:37Z,adservice,paymentservice,0,0,0,0,0,0,0
2026-10-04T14:03:37Z,adservice,productcatalogservice,0,0,0,0,0,0,0
2026-10-04T14:03:37Z,adservice,recommendationservice,0,0,0,0,0,0,0
2026-10-04T14:03:37Z,adservice,redis-cart,0,0,0,0,0,0,0
2026-10-04T14:03:37Z,adservice,shippingservice,0,0,0,0,0,0,0
2026-10-04T14:03:37Z,cartservice,adservice,0,0,0,0,0,0,0
2026-10-04T14:03:37Z,cartservice,cartservice,0,0,0,0,0,0,0
2026-10-04T14:03:37Z,cartservice,checkoutservice,0,0,0,0,0,0,0
2026-10-04T14:03:37Z,cartservice,currencyservice,0,0,0,0,0,0,0
2026-10-04T14:03:37Z,cartservice,emailservice,0,0,0,0,0,0,0
2026-10-04T14:03:37Z,cartservice,frontend,0,0,0,0,0,0,0
2026-10-04T14:03:37Z,cartservice,kubernetes,0,0,0,0,0,0,0
2026-10-04T14:03:37Z,cartservice,paymentservice,0,0,0,0,0,0,0
2026-10-04T14:03:37Z,cartservice,productcatalogservice,0,0,0,0,0,0,0
2026-10-04T14:03:37Z,cartservice,recommendationservice,0,0,0,0,0,0,0
2026-10-04T14:03:37Z,cartservice,redis-cart,2,0,0,0,0,0,0
2026-10-04T14:03:37Z,cartservice,shippingservice,0,0,0,0,0,0,0
2026-10-04T14:03:37Z,checkoutservice,adservice,0,0,0,0,0,0,0
2026-10-04T14:03:37Z,checkoutservice,cartservice,880,880,0,0,0,2099,820
2026-10-04T14:03:37Z,checkoutservice,checkoutservice,0,0,0,0,0,0,0
2026-10-04T14:03:37Z,checkoutservice,currencyservice,440,440,0,0,0,840,410
2026-10-04T14:03:37Z,checkoutservice,emailservice,440,439,0,0,0,3519,410
2026-10-04T14:03:37Z,checkoutservice,frontend,0,0,0,0,0,0,0
2026-10-04T14:03:37Z,checkoutservice,kubernetes,0,0,0,0,0,0,0
2026-10-04T14:03:37Z,checkoutservice,paymentservice,440,440,0,0,0,1029,410
2026-10-04T14:03:37Z,checkoutservice,productcatalogservice,0,0,0,0,0,0,0
2026-10-04T14:03:37Z,checkoutservice,recommendationservice,0,0,0,0,0,0,0
2026-10-04T14:03:37Z,checkoutservice,redis-cart,0,0,0,0,0,0,0
2026-10-04T14:03:37Z,checkoutservice,shippingservice,880,880,0,0,0,1105,820
2026-10-04T14:03:37Z,currencyservice,adservice,0,0,0,0,0,0,0
2026-10-04T14:03:37Z,currencyservice,cartservice,0,0,0,0,0,0,0
2026-10-04T14:03:37Z,currencyservice,checkoutservice,0,0,0,0,0,0,0
2026-10-04T14:03:37Z,currencyservice,currencyservice,0,0,0,0,0,0,0
2026-10-04T14:03:37Z,currencyservice,emailservice,0,0,0,0,0,0,0
2026-10-04T14:03:37Z,currencyservice,frontend,0,0,0,0,0,0,0
2026-10-04T14:03:37Z,currencyservice,kubernetes,0,0,0,0,0,0,0
2026-10-04T14:03:37Z,currencyservice,paymentservice,0,0,0,0,0,0,0
2026-10-04T14:03:37Z,currencyservice,productcatalogservice,0,0,0,0,0,0,0
2026-10-04T14:03:37Z,currencyservice,recommendationservice,0,0,0,0,0,0,0
2026-10-04T14:03:37Z,currencyservice,redis-cart,0,0,0,0,0,0,0
2026-10-04T14:03:37Z,currencyservice,shippingservice,0,0,0,0,0,0,0
2026-10-04T14:03:37Z,emailservice,adservice,0,0,0,0,0,0,0
2026-10-04T14:03:37Z,emailservice,cartservice,0,0,0,0,0,0,0
2026-10-04T14:03:37Z,emailservice,checkoutservice,0,0,0,0,0,0,0
2026-10-04T14:03:37Z,emailservice,currencyservice,0,0,0,0,0,0,0
2026-10-04T14:03:37Z,emailservice,emailservice,0,0,0,0,0,0,0
2026-10-04T14:03:37Z,emailservice,frontend,0,0,0,0,0,0,0
2026-10-04T14:03:37Z,emailservice,kubernetes,0,0,0,0,0,0,0
2026-10-04T14:03:37Z,emailservice,paymentservice,0,0,0,0,0,0,0
2026-10-04T14:03:37Z,emailservice,productcatalogservice,0,0,0,0,0,0,0
2026-10-04T14:03:37Z,emailservice,recommendationservice,0,0,0,0,0,0,0
2026-10-04T14:03:37Z,emailservice,redis-cart,0,0,0,0,0,0,0
2026-10-04T14:03:37Z,emailservice,shippingservice,0,0,0,0,0,0,0
2026-10-04T14:03:37Z,frontend,adservice,774805,774802,0,0,0,2334944,774433
2026-10-04T14:03:37Z,frontend,cartservice,1732421,1732409,0,0,4,9627913,1731751
2026-10-04T14:03:37Z,frontend,checkoutservice,355262,174139,0,34332,146696,55620646,173979
2026-10-04T14:03:37Z,frontend,currencyservice,2752930,2752920,0,0,0,14594454,2751715
2026-10-04T14:03:37Z,frontend,emailservice,0,0,0,0,0,0,0
2026-10-04T14:03:37Z,frontend,frontend,0,0,0,0,0,0,0
2026-10-04T14:03:37Z,frontend,kubernetes,0,0,0,0,0,0,0
2026-10-04T14:03:37Z,frontend,paymentservice,0,0,0,0,0,0,0
2026-10-04T14:03:37Z,frontend,productcatalogservice,7687715,7687652,0,0,0,52327056,7683711
2026-10-04T14:03:37Z,frontend,recommendationservice,2525893,1526682,0,104145,892890,769966957,1525998
2026-10-04T14:03:37Z,frontend,redis-cart,0,0,0,0,0,0,0
2026-10-04T14:03:37Z,frontend,shippingservice,284207,284205,0,0,0,858675,284047
2026-10-04T14:03:37Z,paymentservice,adservice,0,0,0,0,0,0,0
2026-10-04T14:03:37Z,paymentservice,cartservice,0,0,0,0,0,0,0
2026-10-04T14:03:37Z,paymentservice,checkoutservice,0,0,0,0,0,0,0
2026-10-04T14:03:37Z,paymentservice,currencyservice,0,0,0,0,0,0,0
2026-10-04T14:03:37Z,paymentservice,emailservice,0,0,0,0,0,0,0
2026-10-04T14:03:37Z,paymentservice,frontend,0,0,0,0,0,0,0
2026-10-04T14:03:37Z,paymentservice,kubernetes,0,0,0,0,0,0,0
2026-10-04T14:03:37Z,paymentservice,paymentservice,0,0,0,0,0,0,0
2026-10-04T14:03:37Z,paymentservice,productcatalogservice,0,0,0,0,0,0,0
2026-10-04T14:03:37Z,paymentservice,recommendationservice,0,0,0,0,0,0,0
2026-10-04T14:03:37Z,paymentservice,redis-cart,0,0,0,0,0,0,0
2026-10-04T14:03:37Z,paymentservice,shippingservice,0,0,0,0,0,0,0
2026-10-04T14:03:37Z,productcatalogservice,adservice,0,0,0,0,0,0,0
2026-10-04T14:03:37Z,productcatalogservice,cartservice,0,0,0,0,0,0,0
2026-10-04T14:03:37Z,productcatalogservice,checkoutservice,0,0,0,0,0,0,0
2026-10-04T14:03:37Z,productcatalogservice,currencyservice,0,0,0,0,0,0,0
2026-10-04T14:03:37Z,productcatalogservice,emailservice,0,0,0,0,0,0,0
2026-10-04T14:03:37Z,productcatalogservice,frontend,0,0,0,0,0,0,0
2026-10-04T14:03:37Z,productcatalogservice,kubernetes,0,0,0,0,0,0,0
2026-10-04T14:03:37Z,productcatalogservice,paymentservice,0,0,0,0,0,0,0
2026-10-04T14:03:37Z,productcatalogservice,productcatalogservice,0,0,0,0,0,0,0
2026-10-04T14:03:37Z,productcatalogservice,recommendationservice,0,0,0,0,0,0,0
2026-10-04T14:03:37Z,productcatalogservice,redis-cart,0,0,0,0,0,0,0
2026-10-04T14:03:37Z,productcatalogservice,shippingservice,0,0,0,0,0,0,0
2026-10-04T14:03:37Z,recommendationservice,adservice,0,0,0,0,0,0,0
2026-10-04T14:03:37Z,recommendationservice,cartservice,0,0,0,0,0,0,0
2026-10-04T14:03:37Z,recommendationservice,checkoutservice,0,0,0,0,0,0,0
2026-10-04T14:03:37Z,recommendationservice,currencyservice,0,0,0,0,0,0,0
2026-10-04T14:03:37Z,recommendationservice,emailservice,0,0,0,0,0,0,0
2026-10-04T14:03:37Z,recommendationservice,frontend,0,0,0,0,0,0,0
2026-10-04T14:03:37Z,recommendationservice,kubernetes,0,0,0,0,0,0,0
2026-10-04T14:03:37Z,recommendationservice,paymentservice,0,0,0,0,0,0,0
2026-10-04T14:03:37Z,recommendationservice,productcatalogservice,1870,1870,0,0,0,2654,1412
2026-10-04T14:03:37Z,recommendationservice,recommendationservice,0,0,0,0,0,0,0
2026-10-04T14:03:37Z,recommendationservice,redis-cart,0,0,0,0,0,0,0
2026-10-04T14:03:37Z,recommendationservice,shippingservice,0,0,0,0,0,0,0
2026-10-04T14:03:37Z,redis-cart,adservice,0,0,0,0,0,0,0
2026-10-04T14:03:37Z,redis-cart,cartservice,0,0,0,0,0,0,0
2026-10-04T14:03:37Z,redis-cart,checkoutservice,0,0,0,0,0,0,0
2026-10-04T14:03:37Z,redis-cart,currencyservice,0,0,0,0,0,0,0
2026-10-04T14:03:37Z,redis-cart,emailservice,0,0,0,0,0,0,0
2026-10-04T14:03:37Z,redis-cart,frontend,0,0,0,0,0,0,0
2026-10-04T14:03:37Z,redis-cart,kubernetes,0,0,0,0,0,0,0
2026-10-04T14:03:37Z,redis-cart,paymentservice,0,0,0,0,0,0,0
2026-10-04T14:03:37Z,redis-cart,productcatalogservice,0,0,0,0,0,0,0
2026-10-04T14:03:37Z,redis-cart,recommendationservice,0,0,0,0,0,0,0
2026-10-04T14:03:37Z,redis-cart,redis-cart,0,0,0,0,0,0,0
2026-10-04T14:03:37Z,redis-cart,shippingservice,0,0,0,0,0,0,0
2026-10-04T14:03:37Z,shippingservice,adservice,0,0,0,0,0,0,0
2026-10-04T14:03:37Z,shippingservice,cartservice,0,0,0,0,0,0,0
2026-10-04T14:03:37Z,shippingservice,checkoutservice,0,0,0,0,0,0,0
2026-10-04T14:03:37Z,shippingservice,currencyservice,0,0,0,0,0,0,0
2026-10-04T14:03:37Z,shippingservice,emailservice,0,0,0,0,0,0,0
2026-10-04T14:03:37Z,shippingservice,frontend,0,0,0,0,0,0,0
2026-10-04T14:03:37Z,shippingservice,kubernetes,0,0,0,0,0,0,0
2026-10-04T14:03:37Z,shippingservice,paymentservice,0,0,0,0,0,0,0
2026-10-04T14:03:37Z,shippingservice,productcatalogservice,0,0,0,0,0,0,0
2026-10-04T14:03:37Z,shippingservice,recommendationservice,0,0,0,0,0,0,0
2026-10-04T14:03:37Z,shippingservice,redis-cart,0,0,0,0,0,0,0
2026-10-04T14:03:37Z,shippingservice,shippingservice,0,0,0,0,0,0,0
2026-10-04T14:03:38Z,adservice,adservice,0,0,0,0,0,0,0
2026-10-04T14:03:38Z,adservice,cartservice,0,0,0,0,0,0,0
2026-10-04T14:03:38Z,adservice,checkoutservice,0,0,0,0,0,0,0
2026-10-04T14:03:38Z,adservice,currencyservice,0,0,0,0,0,0,0
2026-10-04T14:03:38Z,adservice,emailservice,0,0,0,0,0,0,0
2026-10-04T14:03:38Z,adservice,frontend,0,0,0,0,0,0,0
2026-10-04T14:03:38Z,adservice,kubernetes,0,0,0,0,0,0,0
2026-10-04T14:03:38Z,adservice,paymentservice,0,0,0,0,0,0,0
2026-10-04T14:03:38Z,adservice,productcatalogservice,0,0,0,0,0,0,0
2026-10-04T14:03:38Z,adservice,recommendationservice,0,0,0,0,0,0,0
2026-10-04T14:03:38Z,adservice,redis-cart,0,0,0,0,0,0,0
2026-10-04T14:03:38Z,adservice,shippingservice,0,0,0,0,0,0,0
2026-10-04T14:03:38Z,cartservice,adservice,0,0,0,0,0,0,0
2026-10-04T14:03:38Z,cartservice,cartservice,0,0,0,0,0,0,0
2026-10-04T14:03:38Z,cartservice,checkoutservice,0,0,0,0,0,0,0
2026-10-04T14:03:38Z,cartservice,currencyservice,0,0,0,0,0,0,0
2026-10-04T14:03:38Z,cartservice,emailservice,0,0,0,0,0,0,0
2026-10-04T14:03:38Z,cartservice,frontend,0,0,0,0,0,0,0
2026-10-04T14:03:38Z,cartservice,kubernetes,0,0,0,0,0,0,0
2026-10-04T14:03:38Z,cartservice,paymentservice,0,0,0,0,0,0,0
2026-10-04T14:03:38Z,cartservice,productcatalogservice,0,0,0,0,0,0,0
2026-10-04T14:03:38Z,cartservice,recommendationservice,0,0,0,0,0,0,0
2026-10-04T14:03:38Z,cartservice,redis-cart,2,0,0,0,0,0,0
2026-10-04T14:03:38Z,cartservice,shippingservice,0,0,0,0,0,0,0
2026-10-04T14:03:38Z,checkoutservice,adservice,0,0,0,0,0,0,0
2026-10-04T14:03:38Z,checkoutservice,cartservice,968,965,0,0,0,2099,820
2026-10-04T14:03:38Z,checkoutservice,checkoutservice,0,0,0,0,0,0,0
2026-10-04T14:03:38Z,checkoutservice,currencyservice,484,484,0,0,0,840,410
2026-10-04T14:03:38Z,checkoutservice,emailservice,481,481,0,0,0,3519,410
2026-10-04T14:03:38Z,checkoutservice,frontend,0,0,0,0,0,0,0
2026-10-04T14:03:38Z,checkoutservice,kubernetes,0,0,0,0,0,0,0
2026-10-04T14:03:38Z,checkoutservice,paymentservice,484,484,0,0,0,1029,410
2026-10-04T14:03:38Z,checkoutservice,productcatalogservice,0,0,0,0,0,0,0
2026-10-04T14:03:38Z,checkoutservice,recommendationservice,0,0,0,0,0,0,0
2026-10-04T14:03:38Z,checkoutservice,redis-cart,0,0,0,0,0,0,0
2026-10-04T14:03:38Z,checkoutservice,shippingservice,968,968,0,0,0,1105,820
2026-10-04T14:03:38Z,currencyservice,adservice,0,0,0,0,0,0,0
2026-10-04T14:03:38Z,currencyservice,cartservice,0,0,0,0,0,0,0
2026-10-04T14:03:38Z,currencyservice,checkoutservice,0,0,0,0,0,0,0
2026-10-04T14:03:38Z,currencyservice,currencyservice,0,0,0,0,0,0,0
2026-10-04T14:03:38Z,currencyservice,emailservice,0,0,0,0,0,0,0
2026-10-04T14:03:38Z,currencyservice,frontend,0,0,0,0,0,0,0
2026-10-04T14:03:38Z,currencyservice,kubernetes,0,0,0,0,0,0,0
2026-10-04T14:03:38Z,currencyservice,paymentservice,0,0,0,0,0,0,0
2026-10-04T14:03:38Z,currencyservice,productcatalogservice,0,0,0,0,0,0,0
2026-10-04T14:03:38Z,currencyservice,recommendationservice,0,0,0,0,0,0,0
2026-10-04T14:03:38Z,currencyservice,redis-cart,0,0,0,0,0,0,0
2026-10-04T14:03:38Z,currencyservice,shippingservice,0,0,0,0,0,0,0
2026-10-04T14:03:38Z,emailservice,adservice,0,0,0,0,0,0,0
2026-10-04T14:03:38Z,emailservice,cartservice,0,0,0,0,0,0,0
2026-10-04T14:03:38Z,emailservice,checkoutservice,0,0,0,0,0,0,0
2026-10-04T14:03:38Z,emailservice,currencyservice,0,0,0,0,0,0,0
2026-10-04T14:03:38Z,emailservice,emailservice,0,0,0,0,0,0,0
2026-10-04T14:03:38Z,emailservice,frontend,0,0,0,0,0,0,0
2026-10-04T14:03:38Z,emailservice,kubernetes,0,0,0,0,0,0,0
2026-10-04T14:03:38Z,emailservice,paymentservice,0,0,0,0,0,0,0
2026-10-04T14:03:38Z,emailservice,productcatalogservice,0,0,0,0,0,0,0
2026-10-04T14:03:38Z,emailservice,recommendationservice,0,0,0,0,0,0,0
2026-10-04T14:03:38Z,emailservice,redis-cart,0,0,0,0,0,0,0
2026-10-04T14:03:38Z,emailservice,shippingservice,0,0,0,0,0,0,0
2026-10-04T14:03:38Z,frontend,adservice,774922,774920,0,0,0,2335304,774661
2026-10-04T14:03:38Z,frontend,cartservice,1732629,1732617,0,0,4,9629252,1732165
2026-10-04T14:03:38Z,frontend,checkoutservice,355313,174188,0,34332,146696,55625969,174071
2026-10-04T14:03:38Z,frontend,currencyservice,2753303,2753296,0,0,0,14596373,2752462
2026-10-04T14:03:38Z,frontend,emailservice,0,0,0,0,0,0,0
2026-10-04T14:03:38Z,frontend,frontend,0,0,0,0,0,0,0
2026-10-04T14:03:38Z,frontend,kubernetes,0,0,0,0,0,0,0
2026-10-04T14:03:38Z,frontend,paymentservice,0,0,0,0,0,0,0
2026-10-04T14:03:38Z,frontend,productcatalogservice,7688928,7688865,0,0,0,52333451,7686130
2026-10-04T14:03:38Z,frontend,recommendationservice,2526109,1526892,0,104145,892890,769972127,1526418
2026-10-04T14:03:38Z,frontend,redis-cart,0,0,0,0,0,0,0
2026-10-04T14:03:38Z,frontend,shippingservice,284249,284247,0,0,0,858868,284147
2026-10-04T14:03:38Z,paymentservice,adservice,0,0,0,0,0,0,0
2026-10-04T14:03:38Z,paymentservice,cartservice,0,0,0,0,0,0,0
2026-10-04T14:03:38Z,paymentservice,checkoutservice,0,0,0,0,0,0,0
2026-10-04T14:03:38Z,paymentservice,currencyservice,0,0,0,0,0,0,0
2026-10-04T14:03:38Z,paymentservice,emailservice,0,0,0,0,0,0,0
2026-10-04T14:03:38Z,paymentservice,frontend,0,0,0,0,0,0,0
2026-10-04T14:03:38Z,paymentservice,kubernetes,0,0,0,0,0,0,0
2026-10-04T14:03:38Z,paymentservice,paymentservice,0,0,0,0,0,0,0
2026-10-04T14:03:38Z,paymentservice,productcatalogservice,0,0,0,0,0,0,0
2026-10-04T14:03:38Z,paymentservice,recommendationservice,0,0,0,0,0,0,0
2026-10-04T14:03:38Z,paymentservice,redis-cart,0,0,0,0,0,0,0
2026-10-04T14:03:38Z,paymentservice,shippingservice,0,0,0,0,0,0,0
2026-10-04T14:03:38Z,productcatalogservice,adservice,0,0,0,0,0,0,0
2026-10-04T14:03:38Z,productcatalogservice,cartservice,0,0,0,0,0,0,0
2026-10-04T14:03:38Z,productcatalogservice,checkoutservice,0,0,0,0,0,0,0
2026-10-04T14:03:38Z,productcatalogservice,currencyservice,0,0,0,0,0,0,0
2026-10-04T14:03:38Z,productcatalogservice,emailservice,0,0,0,0,0,0,0
2026-10-04T14:03:38Z,productcatalogservice,frontend,0,0,0,0,0,0,0
2026-10-04T14:03:38Z,productcatalogservice,kubernetes,0,0,0,0,0,0,0
2026-10-04T14:03:38Z,productcatalogservice,paymentservice,0,0,0,0,0,0,0
2026-10-04T14:03:38Z,productcatalogservice,productcatalogservice,0,0,0,0,0,0,0
2026-10-04T14:03:38Z,productcatalogservice,recommendationservice,0,0,0,0,0,0,0
2026-10-04T14:03:38Z,productcatalogservice,redis-cart,0,0,0,0,0,0,0
2026-10-04T14:03:38Z,productcatalogservice,shippingservice,0,0,0,0,0,0,0
2026-10-04T14:03:38Z,recommendationservice,adservice,0,0,0,0,0,0,0
2026-10-04T14:03:38Z,recommendationservice,cartservice,0,0,0,0,0,0,0
2026-10-04T14:03:38Z,recommendationservice,checkoutservice,0,0,0,0,0,0,0
2026-10-04T14:03:38Z,recommendationservice,currencyservice,0,0,0,0,0,0,0
2026-10-04T14:03:38Z,recommendationservice,emailservice,0,0,0,0,0,0,0
2026-10-04T14:03:38Z,recommendationservice,frontend,0,0,0,0,0,0,0
2026-10-04T14:03:38Z,recommendationservice,kubernetes,0,0,0,0,0,0,0
2026-10-04T14:03:38Z,recommendationservice,paymentservice,0,0,0,0,0,0,0
2026-10-04T14:03:38Z,recommendationservice,productcatalogservice,2070,2070,0,0,0,2654,1412
2026-10-04T14:03:38Z,recommendationservice,recommendationservice,0,0,0,0,0,0,0
2026-10-04T14:03:38Z,recommendationservice,redis-cart,0,0,0,0,0,0,0
2026-10-04T14:03:38Z,recommendationservice,shippingservice,0,0,0,0,0,0,0
2026-10-04T14:03:38Z,redis-cart,adservice,0,0,0,0,0,0,0
2026-10-04T14:03:38Z,redis-cart,cartservice,0,0,0,0,0,0,0
2026-10-04T14:03:38Z,redis-cart,checkoutservice,0,0,0,0,0,0,0
2026-10-04T14:03:38Z,redis-cart,currencyservice,0,0,0,0,0,0,0
2026-10-04T14:03:38Z,redis-cart,emailservice,0,0,0,0,0,0,0
2026-10-04T14:03:38Z,redis-cart,frontend,0,0,0,0,0,0,0
2026-10-04T14:03:38Z,redis-cart,kubernetes,0,0,0,0,0,0,0
2026-10-04T14:03:38Z,redis-cart,paymentservice,0,0,0,0,0,0,0
2026-10-04T14:03:38Z,redis-cart,productcatalogservice,0,0,0,0,0,0,0
2026-10-04T14:03:38Z,redis-cart,recommendationservice,0,0,0,0,0,0,0
2026-10-04T14:03:38Z,redis-cart,redis-cart,0,0,0,0,0,0,0
2026-10-04T14:03:38Z,redis-cart,shippingservice,0,0,0,0,0,0,0
2026-10-04T14:03:38Z,shippingservice,adservice,0,0,0,0,0,0,0
2026-10-04T14:03:38Z,shippingservice,cartservice,0,0,0,0,0,0,0
2026-10-04T14:03:38Z,shippingservice,checkoutservice,0,0,0,0,0,0,0
2026-10-04T14:03:38Z,shippingservice,currencyservice,0,0,0,0,0,0,0
2026-10-04T14:03:38Z,shippingservice,emailservice,0,0,0,0,0,0,0
2026-10-04T14:03:38Z,shippingservice,frontend,0,0,0,0,0,0,0
2026-10-04T14:03:38Z,shippingservice,kubernetes,0,0,0,0,0,0,0
2026-10-04T14:03:38Z,shippingservice,paymentservice,0,0,0,0,0,0,0
2026-10-04T14:03:38Z,shippingservice,productcatalogservice,0,0,0,0,0,0,0
2026-10-04T14:03:38Z,shippingservice,recommendationservice,0,0,0,0,0,0,0
2026-10-04T14:03:38Z,shippingservice,redis-cart,0,0,0,0,0,0,0
2026-10-04T14:03:38Z,shippingservice,shippingservice,0,0,0,0,0,0,0
2026-10-04T14:03:39Z,adservice,adservice,0,0,0,0,0,0,0
2026-10-04T14:03:39Z,adservice,cartservice,0,0,0,0,0,0,0
2026-10-04T14:03:39Z,adservice,checkoutservice,0,0,0,0,0,0,0
2026-10-04T14:03:39Z,adservice,currencyservice,0,0,0,0,0,0,0
2026-10-04T14:03:39Z,adservice,emailservice,0,0,0,0,0,0,0
2026-10-04T14:03:39Z,adservice,frontend,0,0,0,0,0,0,0
2026-10-04T14:03:39Z,adservice,kubernetes,0,0,0,0,0,0,0
2026-10-04T14:03:39Z,adservice,paymentservice,0,0,0,0,0,0,0
2026-10-04T14:03:39Z,adservice,productcatalogservice,0,0,0,0,0,0,0
2026-10-04T14:03:39Z,adservice,recommendationservice,0,0,0,0,0,0,0
2026-10-04T14:03:39Z,adservice,redis-cart,0,0,0,0,0,0,0
2026-10-04T14:03:39Z,adservice,shippingservice,0,0,0,0,0,0,0
2026-10-04T14:03:39Z,cartservice,adservice,0,0,0,0,0,0,0
2026-10-04T14:03:39Z,cartservice,cartservice,0,0,0,0,0,0,0
2026-10-04T14:03:39Z,cartservice,checkoutservice,0,0,0,0,0,0,0
2026-10-04T14:03:39Z,cartservice,currencyservice,0,0,0,0,0,0,0
2026-10-04T14:03:39Z,cartservice,emailservice,0,0,0,0,0,0,0
2026-10-04T14:03:39Z,cartservice,frontend,0,0,0,0,0,0,0
2026-10-04T14:03:39Z,cartservice,kubernetes,0,0,0,0,0,0,0
2026-10-04T14:03:39Z,cartservice,paymentservice,0,0,0,0,0,0,0
2026-10-04T14:03:39Z,cartservice,productcatalogservice,0,0,0,0,0,0,0
2026-10-04T14:03:39Z,cartservice,recommendationservice,0,0,0,0,0,0,0
2026-10-04T14:03:39Z,cartservice,redis-cart,2,0,0,0,0,0,0
2026-10-04T14:03:39Z,cartservice,shippingservice,0,0,0,0,0,0,0
2026-10-04T14:03:39Z,checkoutservice,adservice,0,0,0,0,0,0,0
2026-10-04T14:03:39Z,checkoutservice,cartservice,1068,1067,0,0,0,2099,820
2026-10-04T14:03:39Z,checkoutservice,checkoutservice,0,0,0,0,0,0,0
2026-10-04T14:03:39Z,checkoutservice,currencyservice,536,536,0,0,0,840,410
2026-10-04T14:03:39Z,checkoutservice,emailservice,531,531,0,0,0,3519,410
2026-10-04T14:03:39Z,checkoutservice,frontend,0,0,0,0,0,0,0
2026-10-04T14:03:39Z,checkoutservice,kubernetes,0,0,0,0,0,0,0
2026-10-04T14:03:39Z,checkoutservice,paymentservice,535,534,0,0,0,1029,410
2026-10-04T14:03:39Z,checkoutservice,productcatalogservice,0,0,0,0,0,0,0
2026-10-04T14:03:39Z,checkoutservice,recommendationservice,0,0,0,0,0,0,0
2026-10-04T14:03:39Z,checkoutservice,redis-cart,0,0,0,0,0,0,0
2026-10-04T14:03:39Z,checkoutservice,shippingservice,1070,1069,0,0,0,1105,820
2026-10-04T14:03:39Z,currencyservice,adservice,0,0,0,0,0,0,0
2026-10-04T14:03:39Z,currencyservice,cartservice,0,0,0,0,0,0,0
2026-10-04T14:03:39Z,currencyservice,checkoutservice,0,0,0,0,0,0,0
2026-10-04T14:03:39Z,currencyservice,currencyservice,0,0,0,0,0,0,0
2026-10-04T14:03:39Z,currencyservice,emailservice,0,0,0,0,0,0,0
2026-10-04T14:03:39Z,currencyservice,frontend,0,0,0,0,0,0,0
2026-10-04T14:03:39Z,currencyservice,kubernetes,0,0,0,0,0,0,0
2026-10-04T14:03:39Z,currencyservice,paymentservice,0,0,0,0,0,0,0
2026-10-04T14:03:39Z,currencyservice,productcatalogservice,0,0,0,0,0,0,0
2026-10-04T14:03:39Z,currencyservice,recommendationservice,0,0,0,0,0,0,0
2026-10-04T14:03:39Z,currencyservice,redis-cart,0,0,0,0,0,0,0
2026-10-04T14:03:39Z,currencyservice,shippingservice,0,0,0,0,0,0,0
2026-10-04T14:03:39Z,emailservice,adservice,0,0,0,0,0,0,0
2026-10-04T14:03:39Z,emailservice,cartservice,0,0,0,0,0,0,0
2026-10-04T14:03:39Z,emailservice,checkoutservice,0,0,0,0,0,0,0
2026-10-04T14:03:39Z,emailservice,currencyservice,0,0,0,0,0,0,0
2026-10-04T14:03:39Z,emailservice,emailservice,0,0,0,0,0,0,0
2026-10-04T14:03:39Z,emailservice,frontend,0,0,0,0,0,0,0
2026-10-04T14:03:39Z,emailservice,kubernetes,0,0,0,0,0,0,0
2026-10-04T14:03:39Z,emailservice,paymentservice,0,0,0,0,0,0,0
2026-10-04T14:03:39Z,emailservice,productcatalogservice,0,0,0,0,0,0,0
2026-10-04T14:03:39Z,emailservice,recommendationservice,0,0,0,0,0,0,0
2026-10-04T14:03:39Z,emailservice,redis-cart,0,0,0,0,0,0,0
2026-10-04T14:03:39Z,emailservice,shippingservice,0,0,0,0,0,0,0
2026-10-04T14:03:39Z,frontend,adservice,775028,775026,0,0,0,2335721,774914
2026-10-04T14:03:39Z,frontend,cartservice,1732818,1732805,0,0,4,9630708,1732602
2026-10-04T14:03:39Z,frontend,checkoutservice,355359,174236,0,34332,146696,55632486,174182
2026-10-04T14:03:39Z,frontend,currencyservice,2753653,2753645,0,0,0,14598299,2753257
2026-10-04T14:03:39Z,frontend,emailservice,0,0,0,0,0,0,0
2026-10-04T14:03:39Z,frontend,frontend,0,0,0,0,0,0,0
2026-10-04T14:03:39Z,frontend,kubernetes,0,0,0,0,0,0,0
2026-10-04T14:03:39Z,frontend,paymentservice,0,0,0,0,0,0,0
2026-10-04T14:03:39Z,frontend,productcatalogservice,7690081,7690018,0,0,0,52338958,7688747
2026-10-04T14:03:39Z,frontend,recommendationservice,2526305,1527095,0,104145,892890,769978108,1526871
2026-10-04T14:03:39Z,frontend,redis-cart,0,0,0,0,0,0,0
2026-10-04T14:03:39Z,frontend,shippingservice,284293,284291,0,0,0,859051,284239
2026-10-04T14:03:39Z,paymentservice,adservice,0,0,0,0,0,0,0
2026-10-04T14:03:39Z,paymentservice,cartservice,0,0,0,0,0,0,0
2026-10-04T14:03:39Z,paymentservice,checkoutservice,0,0,0,0,0,0,0
2026-10-04T14:03:39Z,paymentservice,currencyservice,0,0,0,0,0,0,0
2026-10-04T14:03:39Z,paymentservice,emailservice,0,0,0,0,0,0,0
2026-10-04T14:03:39Z,paymentservice,frontend,0,0,0,0,0,0,0
2026-10-04T14:03:39Z,paymentservice,kubernetes,0,0,0,0,0,0,0
2026-10-04T14:03:39Z,paymentservice,paymentservice,0,0,0,0,0,0,0
2026-10-04T14:03:39Z,paymentservice,productcatalogservice,0,0,0,0,0,0,0
2026-10-04T14:03:39Z,paymentservice,recommendationservice,0,0,0,0,0,0,0
2026-10-04T14:03:39Z,paymentservice,redis-cart,0,0,0,0,0,0,0
2026-10-04T14:03:39Z,paymentservice,shippingservice,0,0,0,0,0,0,0
2026-10-04T14:03:39Z,productcatalogservice,adservice,0,0,0,0,0,0,0
2026-10-04T14:03:39Z,productcatalogservice,cartservice,0,0,0,0,0,0,0
2026-10-04T14:03:39Z,productcatalogservice,checkoutservice,0,0,0,0,0,0,0
2026-10-04T14:03:39Z,productcatalogservice,currencyservice,0,0,0,0,0,0,0
2026-10-04T14:03:39Z,productcatalogservice,emailservice,0,0,0,0,0,0,0
2026-10-04T14:03:39Z,productcatalogservice,frontend,0,0,0,0,0,0,0
2026-10-04T14:03:39Z,productcatalogservice,kubernetes,0,0,0,0,0,0,0
2026-10-04T14:03:39Z,productcatalogservice,paymentservice,0,0,0,0,0,0,0
2026-10-04T14:03:39Z,productcatalogservice,productcatalogservice,0,0,0,0,0,0,0
2026-10-04T14:03:39Z,productcatalogservice,recommendationservice,0,0,0,0,0,0,0
2026-10-04T14:03:39Z,productcatalogservice,redis-cart,0,0,0,0,0,0,0
2026-10-04T14:03:39Z,productcatalogservice,shippingservice,0,0,0,0,0,0,0
2026-10-04T14:03:39Z,recommendationservice,adservice,0,0,0,0,0,0,0
2026-10-04T14:03:39Z,recommendationservice,cartservice,0,0,0,0,0,0,0
2026-10-04T14:03:39Z,recommendationservice,checkoutservice,0,0,0,0,0,0,0
2026-10-04T14:03:39Z,recommendationservice,currencyservice,0,0,0,0,0,0,0
2026-10-04T14:03:39Z,recommendationservice,emailservice,0,0,0,0,0,0,0
2026-10-04T14:03:39Z,recommendationservice,frontend,0,0,0,0,0,0,0
2026-10-04T14:03:39Z,recommendationservice,kubernetes,0,0,0,0,0,0,0
2026-10-04T14:03:39Z,recommendationservice,paymentservice,0,0,0,0,0,0,0
2026-10-04T14:03:39Z,recommendationservice,productcatalogservice,2279,2279,0,0,0,2654,1412
2026-10-04T14:03:39Z,recommendationservice,recommendationservice,0,0,0,0,0,0,0
2026-10-04T14:03:39Z,recommendationservice,redis-cart,0,0,0,0,0,0,0
2026-10-04T14:03:39Z,recommendationservice,shippingservice,0,0,0,0,0,0,0
2026-10-04T14:03:39Z,redis-cart,adservice,0,0,0,0,0,0,0
2026-10-04T14:03:39Z,redis-cart,cartservice,0,0,0,0,0,0,0
2026-10-04T14:03:39Z,redis-cart,checkoutservice,0,0,0,0,0,0,0
2026-10-04T14:03:39Z,redis-cart,currencyservice,0,0,0,0,0,0,0
2026-10-04T14:03:39Z,redis-cart,emailservice,0,0,0,0,0,0,0
2026-10-04T14:03:39Z,redis-cart,frontend,0,0,0,0,0,0,0
2026-10-04T14:03:39Z,redis-cart,kubernetes,0,0,0,0,0,0,0
2026-10-04T14:03:39Z,redis-cart,paymentservice,0,0,0,0,0,0,0
2026-10-04T14:03:39Z,redis-cart,productcatalogservice,0,0,0,0,0,0,0
2026-10-04T14:03:39Z,redis-cart,recommendationservice,0,0,0,0,0,0,0
2026-10-04T14:03:39Z,redis-cart,redis-cart,0,0,0,0,0,0,0
2026-10-04T14:03:39Z,redis-cart,shippingservice,0,0,0,0,0,0,0
2026-10-04T14:03:39Z,shippingservice,adservice,0,0,0,0,0,0,0
2026-10-04T14:03:39Z,shippingservice,cartservice,0,0,0,0,0,0,0
2026-10-04T14:03:39Z,shippingservice,checkoutservice,0,0,0,0,0,0,0
2026-10-04T14:03:39Z,shippingservice,currencyservice,0,0,0,0,0,0,0
2026-10-04T14:03:39Z,shippingservice,emailservice,0,0,0,0,0,0,0
2026-10-04T14:03:39Z,shippingservice,frontend,0,0,0,0,0,0,0
2026-10-04T14:03:39Z,shippingservice,kubernetes,0,0,0,0,0,0,0
2026-10-04T14:03:39Z,shippingservice,paymentservice,0,0,0,0,0,0,0
2026-10-04T14:03:39Z,shippingservice,productcatalogservice,0,0,0,0,0,0,0
2026-10-04T14:03:39Z,shippingservice,recommendationservice,0,0,0,0,0,0,0
2026-10-04T14:03:39Z,shippingservice,redis-cart,0,0,0,0,0,0,0
2026-10-04T14:03:39Z,shippingservice,shippingservice,0,0,0,0,0,0,0
2026-10-04T14:03:40Z,adservice,adservice,0,0,0,0,0,0,0
2026-10-04T14:03:40Z,adservice,cartservice,0,0,0,0,0,0,0
2026-10-04T14:03:40Z,adservice,checkoutservice,0,0,0,0,0,0,0
2026-10-04T14:03:40Z,adservice,currencyservice,0,0,0,0,0,0,0
2026-10-04T14:03:40Z,adservice,emailservice,0,0,0,0,0,0,0
2026-10-04T14:03:40Z,adservice,frontend,0,0,0,0,0,0,0
2026-10-04T14:03:40Z,adservice,kubernetes,0,0,0,0,0,0,0
2026-10-04T14:03:40Z,adservice,paymentservice,0,0,0,0,0,0,0
2026-10-04T14:03:40Z,adservice,productcatalogservice,0,0,0,0,0,0,0
2026-10-04T14:03:40Z,adservice,recommendationservice,0,0,0,0,0,0,0
2026-10-04T14:03:40Z,adservice,redis-cart,0,0,0,0,0,0,0
2026-10-04T14:03:40Z,adservice,shippingservice,0,0,0,0,0,0,0
2026-10-04T14:03:40Z,cartservice,adservice,0,0,0,0,0,0,0
2026-10-04T14:03:40Z,cartservice,cartservice,0,0,0,0,0,0,0
2026-10-04T14:03:40Z,cartservice,checkoutservice,0,0,0,0,0,0,0
2026-10-04T14:03:40Z,cartservice,currencyservice,0,0,0,0,0,0,0
2026-10-04T14:03:40Z,cartservice,emailservice,0,0,0,0,0,0,0
2026-10-04T14:03:40Z,cartservice,frontend,0,0,0,0,0,0,0
2026-10-04T14:03:40Z,cartservice,kubernetes,0,0,0,0,0,0,0
2026-10-04T14:03:40Z,cartservice,paymentservice,0,0,0,0,0,0,0
2026-10-04T14:03:40Z,cartservice,productcatalogservice,0,0,0,0,0,0,0
2026-10-04T14:03:40Z,cartservice,recommendationservice,0,0,0,0,0,0,0
2026-10-04T14:03:40Z,cartservice,redis-cart,2,0,0,0,0,0,0
2026-10-04T14:03:40Z,cartservice,shippingservice,0,0,0,0,0,0,0
2026-10-04T14:03:40Z,checkoutservice,adservice,0,0,0,0,0,0,0
2026-10-04T14:03:40Z,checkoutservice,cartservice,1176,1174,0,0,0,2099,820
2026-10-04T14:03:40Z,checkoutservice,checkoutservice,0,0,0,0,0,0,0
2026-10-04T14:03:40Z,checkoutservice,currencyservice,589,589,0,0,0,840,410
2026-10-04T14:03:40Z,checkoutservice,emailservice,584,583,0,0,0,3519,410
2026-10-04T14:03:40Z,checkoutservice,frontend,0,0,0,0,0,0,0
2026-10-04T14:03:40Z,checkoutservice,kubernetes,0,0,0,0,0,0,0
2026-10-04T14:03:40Z,checkoutservice,paymentservice,589,589,0,0,0,1029,410
2026-10-04T14:03:40Z,checkoutservice,productcatalogservice,0,0,0,0,0,0,0
2026-10-04T14:03:40Z,checkoutservice,recommendationservice,0,0,0,0,0,0,0
2026-10-04T14:03:40Z,checkoutservice,redis-cart,0,0,0,0,0,0,0
2026-10-04T14:03:40Z,checkoutservice,shippingservice,1178,1178,0,0,0,1105,820
2026-10-04T14:03:40Z,currencyservice,adservice,0,0,0,0,0,0,0
2026-10-04T14:03:40Z,currencyservice,cartservice,0,0,0,0,0,0,0
2026-10-04T14:03:40Z,currencyservice,checkoutservice,0,0,0,0,0,0,0
2026-10-04T14:03:40Z,currencyservice,currencyservice,0,0,0,0,0,0,0
2026-10-04T14:03:40Z,currencyservice,emailservice,0,0,0,0,0,0,0
2026-10-04T14:03:40Z,currencyservice,frontend,0,0,0,0,0,0,0
2026-10-04T14:03:40Z,currencyservice,kubernetes,0,0,0,0,0,0,0
2026-10-04T14:03:40Z,currencyservice,paymentservice,0,0,0,0,0,0,0
2026-10-04T14:03:40Z,currencyservice,productcatalogservice,0,0,0,0,0,0,0
2026-10-04T14:03:40Z,currencyservice,recommendationservice,0,0,0,0,0,0,0
2026-10-04T14:03:40Z,currencyservice,redis-cart,0,0,0,0,0,0,0
2026-10-04T14:03:40Z,currencyservice,shippingservice,0,0,0,0,0,0,0
2026-10-04T14:03:40Z,emailservice,adservice,0,0,0,0,0,0,0
2026-10-04T14:03:40Z,emailservice,cartservice,0,0,0,0,0,0,0
2026-10-04T14:03:40Z,emailservice,checkoutservice,0,0,0,0,0,0,0
2026-10-04T14:03:40Z,emailservice,currencyservice,0,0,0,0,0,0,0
2026-10-04T14:03:40Z,emailservice,emailservice,0,0,0,0,0,0,0
2026-10-04T14:03:40Z,emailservice,frontend,0,0,0,0,0,0,0
2026-10-04T14:03:40Z,emailservice,kubernetes,0,0,0,0,0,0,0
2026-10-04T14:03:40Z,emailservice,paymentservice,0,0,0,0,0,0,0
2026-10-04T14:03:40Z,emailservice,productcatalogservice,0,0,0,0,0,0,0
2026-10-04T14:03:40Z,emailservice,recommendationservice,0,0,0,0,0,0,0
2026-10-04T14:03:40Z,emailservice,redis-cart,0,0,0,0,0,0,0
2026-10-04T14:03:40Z,emailservice,shippingservice,0,0,0,0,0,0,0
2026-10-04T14:03:40Z,frontend,adservice,775147,775144,0,0,0,2335721,774914
2026-10-04T14:03:40Z,frontend,cartservice,1733027,1733013,0,0,4,9630708,1732602
2026-10-04T14:03:40Z,frontend,checkoutservice,355411,174289,0,34332,146696,55632486,174182
2026-10-04T14:03:40Z,frontend,currencyservice,2754031,2754023,0,0,0,14598299,2753257
2026-10-04T14:03:40Z,frontend,emailservice,0,0,0,0,0,0,0
2026-10-04T14:03:40Z,frontend,frontend,0,0,0,0,0,0,0
2026-10-04T14:03:40Z,frontend,kubernetes,0,0,0,0,0,0,0
2026-10-04T14:03:40Z,frontend,paymentservice,0,0,0,0,0,0,0
2026-10-04T14:03:40Z,frontend,productcatalogservice,7691303,7691238,0,0,0,52338958,7688747
2026-10-04T14:03:40Z,frontend,recommendationservice,2526519,1527308,0,104145,892890,769978108,1526871
2026-10-04T14:03:40Z,frontend,redis-cart,0,0,0,0,0,0,0
2026-10-04T14:03:40Z,frontend,shippingservice,284339,284337,0,0,0,859051,284239
2026-10-04T14:03:40Z,paymentservice,adservice,0,0,0,0,0,0,0
2026-10-04T14:03:40Z,paymentservice,cartservice,0,0,0,0,0,0,0
2026-10-04T14:03:40Z,paymentservice,checkoutservice,0,0,0,0,0,0,0
2026-10-04T14:03:40Z,paymentservice,currencyservice,0,0,0,0,0,0,0
2026-10-04T14:03:40Z,paymentservice,emailservice,0,0,0,0,0,0,0
2026-10-04T14:03:40Z,paymentservice,frontend,0,0,0,0,0,0,0
2026-10-04T14:03:40Z,paymentservice,kubernetes,0,0,0,0,0,0,0
2026-10-04T14:03:40Z,paymentservice,paymentservice,0,0,0,0,0,0,0
2026-10-04T14:03:40Z,paymentservice,productcatalogservice,0,0,0,0,0,0,0
2026-10-04T14:03:40Z,paymentservice,recommendationservice,0,0,0,0,0,0,0
2026-10-04T14:03:40Z,paymentservice,redis-cart,0,0,0,0,0,0,0
2026-10-04T14:03:40Z,paymentservice,shippingservice,0,0,0,0,0,0,0
2026-10-04T14:03:40Z,productcatalogservice,adservice,0,0,0,0,0,0,0
2026-10-04T14:03:40Z,productcatalogservice,cartservice,0,0,0,0,0,0,0
2026-10-04T14:03:40Z,productcatalogservice,checkoutservice,0,0,0,0,0,0,0
2026-10-04T14:03:40Z,productcatalogservice,currencyservice,0,0,0,0,0,0,0
2026-10-04T14:03:40Z,productcatalogservice,emailservice,0,0,0,0,0,0,0
2026-10-04T14:03:40Z,productcatalogservice,frontend,0,0,0,0,0,0,0
2026-10-04T14:03:40Z,productcatalogservice,kubernetes,0,0,0,0,0,0,0
2026-10-04T14:03:40Z,productcatalogservice,paymentservice,0,0,0,0,0,0,0
2026-10-04T14:03:40Z,productcatalogservice,productcatalogservice,0,0,0,0,0,0,0
2026-10-04T14:03:40Z,productcatalogservice,recommendationservice,0,0,0,0,0,0,0
2026-10-04T14:03:40Z,productcatalogservice,redis-cart,0,0,0,0,0,0,0
2026-10-04T14:03:40Z,productcatalogservice,shippingservice,0,0,0,0,0,0,0
2026-10-04T14:03:40Z,recommendationservice,adservice,0,0,0,0,0,0,0
2026-10-04T14:03:40Z,recommendationservice,cartservice,0,0,0,0,0,0,0
2026-10-04T14:03:40Z,recommendationservice,checkoutservice,0,0,0,0,0,0,0
2026-10-04T14:03:40Z,recommendationservice,currencyservice,0,0,0,0,0,0,0
2026-10-04T14:03:40Z,recommendationservice,emailservice,0,0,0,0,0,0,0
2026-10-04T14:03:40Z,recommendationservice,frontend,0,0,0,0,0,0,0
2026-10-04T14:03:40Z,recommendationservice,kubernetes,0,0,0,0,0,0,0
2026-10-04T14:03:40Z,recommendationservice,paymentservice,0,0,0,0,0,0,0
2026-10-04T14:03:40Z,recommendationservice,productcatalogservice,2499,2499,0,0,0,5185,2372
2026-10-04T14:03:40Z,recommendationservice,recommendationservice,0,0,0,0,0,0,0
2026-10-04T14:03:40Z,recommendationservice,redis-cart,0,0,0,0,0,0,0
2026-10-04T14:03:40Z,recommendationservice,shippingservice,0,0,0,0,0,0,0
2026-10-04T14:03:40Z,redis-cart,adservice,0,0,0,0,0,0,0
2026-10-04T14:03:40Z,redis-cart,cartservice,0,0,0,0,0,0,0
2026-10-04T14:03:40Z,redis-cart,checkoutservice,0,0,0,0,0,0,0
2026-10-04T14:03:40Z,redis-cart,currencyservice,0,0,0,0,0,0,0
2026-10-04T14:03:40Z,redis-cart,emailservice,0,0,0,0,0,0,0
2026-10-04T14:03:40Z,redis-cart,frontend,0,0,0,0,0,0,0
2026-10-04T14:03:40Z,redis-cart,kubernetes,0,0,0,0,0,0,0
2026-10-04T14:03:40Z,redis-cart,paymentservice,0,0,0,0,0,0,0
2026-10-04T14:03:40Z,redis-cart,productcatalogservice,0,0,0,0,0,0,0
2026-10-04T14:03:40Z,redis-cart,recommendationservice,0,0,0,0,0,0,0
2026-10-04T14:03:40Z,redis-cart,redis-cart,0,0,0,0,0,0,0
2026-10-04T14:03:40Z,redis-cart,shippingservice,0,0,0,0,0,0,0
2026-10-04T14:03:40Z,shippingservice,adservice,0,0,0,0,0,0,0
2026-10-04T14:03:40Z,shippingservice,cartservice,0,0,0,0,0,0,0
2026-10-04T14:03:40Z,shippingservice,checkoutservice,0,0,0,0,0,0,0
2026-10-04T14:03:40Z,shippingservice,currencyservice,0,0,0,0,0,0,0
2026-10-04T14:03:40Z,shippingservice,emailservice,0,0,0,0,0,0,0
2026-10-04T14:03:40Z,shippingservice,frontend,0,0,0,0,0,0,0
2026-10-04T14:03:40Z,shippingservice,kubernetes,0,0,0,0,0,0,0
2026-10-04T14:03:40Z,shippingservice,paymentservice,0,0,0,0,0,0,0
2026-10-04T14:03:40Z,shippingservice,productcatalogservice,0,0,0,0,0,0,0
2026-10-04T14:03:40Z,shippingservice,recommendationservice,0,0,0,0,0,0,0
2026-10-04T14:03:40Z,shippingservice,redis-cart,0,0,0,0,0,0,0
2026-10-04T14:03:40Z,shippingservice,shippingservice,0,0,0,0,0,0,0
2026-10-04T14:03:41Z,adservice,adservice,0,0,0,0,0,0,0
2026-10-04T14:03:41Z,adservice,cartservice,0,0,0,0,0,0,0
2026-10-04T14:03:41Z,adservice,checkoutservice,0,0,0,0,0,0,0
2026-10-04T14:03:41Z,adservice,currencyservice,0,0,0,0,0,0,0
2026-10-04T14:03:41Z,adservice,emailservice,0,0,0,0,0,0,0
2026-10-04T14:03:41Z,adservice,frontend,0,0,0,0,0,0,0
2026-10-04T14:03:41Z,adservice,kubernetes,0,0,0,0,0,0,0
2026-10-04T14:03:41Z,adservice,paymentservice,0,0,0,0,0,0,0
2026-10-04T14:03:41Z,adservice,productcatalogservice,0,0,0,0,0,0,0
2026-10-04T14:03:41Z,adservice,recommendationservice,0,0,0,0,0,0,0
2026-10-04T14:03:41Z,adservice,redis-cart,0,0,0,0,0,0,0
2026-10-04T14:03:41Z,adservice,shippingservice,0,0,0,0,0,0,0
2026-10-04T14:03:41Z,cartservice,adservice,0,0,0,0,0,0,0
2026-10-04T14:03:41Z,cartservice,cartservice,0,0,0,0,0,0,0
2026-10-04T14:03:41Z,cartservice,checkoutservice,0,0,0,0,0,0,0
2026-10-04T14:03:41Z,cartservice,currencyservice,0,0,0,0,0,0,0
2026-10-04T14:03:41Z,cartservice,emailservice,0,0,0,0,0,0,0
2026-10-04T14:03:41Z,cartservice,frontend,0,0,0,0,0,0,0
2026-10-04T14:03:41Z,cartservice,kubernetes,0,0,0,0,0,0,0
2026-10-04T14:03:41Z,cartservice,paymentservice,0,0,0,0,0,0,0
2026-10-04T14:03:41Z,cartservice,productcatalogservice,0,0,0,0,0,0,0
2026-10-04T14:03:41Z,cartservice,recommendationservice,0,0,0,0,0,0,0
2026-10-04T14:03:41Z,cartservice,redis-cart,2,0,0,0,0,0,0
2026-10-04T14:03:41Z,cartservice,shippingservice,0,0,0,0,0,0,0
2026-10-04T14:03:41Z,checkoutservice,adservice,0,0,0,0,0,0,0
2026-10-04T14:03:41Z,checkoutservice,cartservice,1285,1285,0,0,0,2099,820
2026-10-04T14:03:41Z,checkoutservice,checkoutservice,0,0,0,0,0,0,0
2026-10-04T14:03:41Z,checkoutservice,currencyservice,643,643,0,0,0,840,410
2026-10-04T14:03:41Z,checkoutservice,emailservice,642,642,0,0,0,3519,410
2026-10-04T14:03:41Z,checkoutservice,frontend,0,0,0,0,0,0,0
2026-10-04T14:03:41Z,checkoutservice,kubernetes,0,0,0,0,0,0,0
2026-10-04T14:03:41Z,checkoutservice,paymentservice,643,643,0,0,0,1029,410
2026-10-04T14:03:41Z,checkoutservice,productcatalogservice,0,0,0,0,0,0,0
2026-10-04T14:03:41Z,checkoutservice,recommendationservice,0,0,0,0,0,0,0
2026-10-04T14:03:41Z,checkoutservice,redis-cart,0,0,0,0,0,0,0
2026-10-04T14:03:41Z,checkoutservice,shippingservice,1285,1285,0,0,0,1105,820
2026-10-04T14:03:41Z,currencyservice,adservice,0,0,0,0,0,0,0
2026-10-04T14:03:41Z,currencyservice,cartservice,0,0,0,0,0,0,0
2026-10-04T14:03:41Z,currencyservice,checkoutservice,0,0,0,0,0,0,0
2026-10-04T14:03:41Z,currencyservice,currencyservice,0,0,0,0,0,0,0
2026-10-04T14:03:41Z,currencyservice,emailservice,0,0,0,0,0,0,0
2026-10-04T14:03:41Z,currencyservice,frontend,0,0,0,0,0,0,0
2026-10-04T14:03:41Z,currencyservice,kubernetes,0,0,0,0,0,0,0
2026-10-04T14:03:41Z,currencyservice,paymentservice,0,0,0,0,0,0,0
2026-10-04T14:03:41Z,currencyservice,productcatalogservice,0,0,0,0,0,0,0
2026-10-04T14:03:41Z,currencyservice,recommendationservice,0,0,0,0,0,0,0
2026-10-04T14:03:41Z,currencyservice,redis-cart,0,0,0,0,0,0,0
2026-10-04T14:03:41Z,currencyservice,shippingservice,0,0,0,0,0,0,0
2026-10-04T14:03:41Z,emailservice,adservice,0,0,0,0,0,0,0
2026-10-04T14:03:41Z,emailservice,cartservice,0,0,0,0,0,0,0
2026-10-04T14:03:41Z,emailservice,checkoutservice,0,0,0,0,0,0,0
2026-10-04T14:03:41Z,emailservice,currencyservice,0,0,0,0,0,0,0
2026-10-04T14:03:41Z,emailservice,emailservice,0,0,0,0,0,0,0
2026-10-04T14:03:41Z,emailservice,frontend,0,0,0,0,0,0,0
2026-10-04T14:03:41Z,emailservice,kubernetes,0,0,0,0,0,0,0
2026-10-04T14:03:41Z,emailservice,paymentservice,0,0,0,0,0,0,0
2026-10-04T14:03:41Z,emailservice,productcatalogservice,0,0,0,0,0,0,0
2026-10-04T14:03:41Z,emailservice,recommendationservice,0,0,0,0,0,0,0
2026-10-04T14:03:41Z,emailservice,redis-cart,0,0,0,0,0,0,0
2026-10-04T14:03:41Z,emailservice,shippingservice,0,0,0,0,0,0,0
2026-10-04T14:03:41Z,frontend,adservice,775282,775277,0,0,0,2335721,774914
2026-10-04T14:03:41Z,frontend,cartservice,1733249,1733237,0,0,4,9630708,1732602
2026-10-04T14:03:41Z,frontend,checkoutservice,355463,174341,0,34332,146696,55632486,174182
2026-10-04T14:03:41Z,frontend,currencyservice,2754442,2754435,0,0,0,14598299,2753257
2026-10-04T14:03:41Z,frontend,emailservice,0,0,0,0,0,0,0
2026-10-04T14:03:41Z,frontend,frontend,0,0,0,0,0,0,0
2026-10-04T14:03:41Z,frontend,kubernetes,0,0,0,0,0,0,0
2026-10-04T14:03:41Z,frontend,paymentservice,0,0,0,0,0,0,0
2026-10-04T14:03:41Z,frontend,productcatalogservice,7692645,7692581,0,0,0,52338958,7688747
2026-10-04T14:03:41Z,frontend,recommendationservice,2526754,1527542,0,104145,892890,769978108,1526871
2026-10-04T14:03:41Z,frontend,redis-cart,0,0,0,0,0,0,0
2026-10-04T14:03:41Z,frontend,shippingservice,284387,284385,0,0,0,859051,284239
2026-10-04T14:03:41Z,paymentservice,adservice,0,0,0,0,0,0,0
2026-10-04T14:03:41Z,paymentservice,cartservice,0,0,0,0,0,0,0
2026-10-04T14:03:41Z,paymentservice,checkoutservice,0,0,0,0,0,0,0
2026-10-04T14:03:41Z,paymentservice,currencyservice,0,0,0,0,0,0,0
2026-10-04T14:03:41Z,paymentservice,emailservice,0,0,0,0,0,0,0
2026-10-04T14:03:41Z,paymentservice,frontend,0,0,0,0,0,0,0
2026-10-04T14:03:41Z,paymentservice,kubernetes,0,0,0,0,0,0,0
2026-10-04T14:03:41Z,paymentservice,paymentservice,0,0,0,0,0,0,0
2026-10-04T14:03:41Z,paymentservice,productcatalogservice,0,0,0,0,0,0,0
2026-10-04T14:03:41Z,paymentservice,recommendationservice,0,0,0,0,0,0,0
2026-10-04T14:03:41Z,paymentservice,redis-cart,0,0,0,0,0,0,0
2026-10-04T14:03:41Z,paymentservice,shippingservice,0,0,0,0,0,0,0
2026-10-04T14:03:41Z,productcatalogservice,adservice,0,0,0,0,0,0,0
2026-10-04T14:03:41Z,productcatalogservice,cartservice,0,0,0,0,0,0,0
2026-10-04T14:03:41Z,productcatalogservice,checkoutservice,0,0,0,0,0,0,0
2026-10-04T14:03:41Z,productcatalogservice,currencyservice,0,0,0,0,0,0,0
2026-10-04T14:03:41Z,productcatalogservice,emailservice,0,0,0,0,0,0,0
2026-10-04T14:03:41Z,productcatalogservice,frontend,0,0,0,0,0,0,0
2026-10-04T14:03:41Z,productcatalogservice,kubernetes,0,0,0,0,0,0,0
2026-10-04T14:03:41Z,productcatalogservice,paymentservice,0,0,0,0,0,0,0
2026-10-04T14:03:41Z,productcatalogservice,productcatalogservice,0,0,0,0,0,0,0
2026-10-04T14:03:41Z,productcatalogservice,recommendationservice,0,0,0,0,0,0,0
2026-10-04T14:03:41Z,productcatalogservice,redis-cart,0,0,0,0,0,0,0
2026-10-04T14:03:41Z,productcatalogservice,shippingservice,0,0,0,0,0,0,0
2026-10-04T14:03:41Z,recommendationservice,adservice,0,0,0,0,0,0,0
2026-10-04T14:03:41Z,recommendationservice,cartservice,0,0,0,0,0,0,0
2026-10-04T14:03:41Z,recommendationservice,checkoutservice,0,0,0,0,0,0,0
2026-10-04T14:03:41Z,recommendationservice,currencyservice,0,0,0,0,0,0,0
2026-10-04T14:03:41Z,recommendationservice,emailservice,0,0,0,0,0,0,0
2026-10-04T14:03:41Z,recommendationservice,frontend,0,0,0,0,0,0,0
2026-10-04T14:03:41Z,recommendationservice,kubernetes,0,0,0,0,0,0,0
2026-10-04T14:03:41Z,recommendationservice,paymentservice,0,0,0,0,0,0,0
2026-10-04T14:03:41Z,recommendationservice,productcatalogservice,2724,2724,0,0,0,5185,2372
2026-10-04T14:03:41Z,recommendationservice,recommendationservice,0,0,0,0,0,0,0
2026-10-04T14:03:41Z,recommendationservice,redis-cart,0,0,0,0,0,0,0
2026-10-04T14:03:41Z,recommendationservice,shippingservice,0,0,0,0,0,0,0
2026-10-04T14:03:41Z,redis-cart,adservice,0,0,0,0,0,0,0
2026-10-04T14:03:41Z,redis-cart,cartservice,0,0,0,0,0,0,0
2026-10-04T14:03:41Z,redis-cart,checkoutservice,0,0,0,0,0,0,0
2026-10-04T14:03:41Z,redis-cart,currencyservice,0,0,0,0,0,0,0
2026-10-04T14:03:41Z,redis-cart,emailservice,0,0,0,0,0,0,0
2026-10-04T14:03:41Z,redis-cart,frontend,0,0,0,0,0,0,0
2026-10-04T14:03:41Z,redis-cart,kubernetes,0,0,0,0,0,0,0
2026-10-04T14:03:41Z,redis-cart,paymentservice,0,0,0,0,0,0,0
2026-10-04T14:03:41Z,redis-cart,productcatalogservice,0,0,0,0,0,0,0
2026-10-04T14:03:41Z,redis-cart,recommendationservice,0,0,0,0,0,0,0
2026-10-04T14:03:41Z,redis-cart,redis-cart,0,0,0,0,0,0,0
2026-10-04T14:03:41Z,redis-cart,shippingservice,0,0,0,0,0,0,0
2026-10-04T14:03:41Z,shippingservice,adservice,0,0,0,0,0,0,0
2026-10-04T14:03:41Z,shippingservice,cartservice,0,0,0,0,0,0,0
2026-10-04T14:03:41Z,shippingservice,checkoutservice,0,0,0,0,0,0,0
2026-10-04T14:03:41Z,shippingservice,currencyservice,0,0,0,0,0,0,0
2026-10-04T14:03:41Z,shippingservice,emailservice,0,0,0,0,0,0,0
2026-10-04T14:03:41Z,shippingservice,frontend,0,0,0,0,0,0,0
2026-10-04T14:03:41Z,shippingservice,kubernetes,0,0,0,0,0,0,0
2026-10-04T14:03:41Z,shippingservice,paymentservice,0,0,0,0,0,0,0
2026-10-04T14:03:41Z,shippingservice,productcatalogservice,0,0,0,0,0,0,0
2026-10-04T14:03:41Z,shippingservice,recommendationservice,0,0,0,0,0,0,0
2026-10-04T14:03:41Z,shippingservice,redis-cart,0,0,0,0,0,0,0
2026-10-04T14:03:41Z,shippingservice,shippingservice,0,0,0,0,0,0,0
2026-10-04T14:03:42Z,adservice,adservice,0,0,0,0,0,0,0
2026-10-04T14:03:42Z,adservice,cartservice,0,0,0,0,0,0,0
2026-10-04T14:03:42Z,adservice,checkoutservice,0,0,0,0,0,0,0
2026-10-04T14:03:42Z,adservice,currencyservice,0,0,0,0,0,0,0
2026-10-04T14:03:42Z,adservice,emailservice,0,0,0,0,0,0,0
2026-10-04T14:03:42Z,adservice,frontend,0,0,0,0,0,0,0
2026-10-04T14:03:42Z,adservice,kubernetes,0,0,0,0,0,0,0
2026-10-04T14:03:42Z,adservice,paymentservice,0,0,0,0,0,0,0
2026-10-04T14:03:42Z,adservice,productcatalogservice,0,0,0,0,0,0,0
2026-10-04T14:03:42Z,adservice,recommendationservice,0,0,0,0,0,0,0
2026-10-04T14:03:42Z,adservice,redis-cart,0,0,0,0,0,0,0
2026-10-04T14:03:42Z,adservice,shippingservice,0,0,0,0,0,0,0
2026-10-04T14:03:42Z,cartservice,adservice,0,0,0,0,0,0,0
2026-10-04T14:03:42Z,cartservice,cartservice,0,0,0,0,0,0,0
2026-10-04T14:03:42Z,cartservice,checkoutservice,0,0,0,0,0,0,0
2026-10-04T14:03:42Z,cartservice,currencyservice,0,0,0,0,0,0,0
2026-10-04T14:03:42Z,cartservice,emailservice,0,0,0,0,0,0,0
2026-10-04T14:03:42Z,cartservice,frontend,0,0,0,0,0,0,0
2026-10-04T14:03:42Z,cartservice,kubernetes,0,0,0,0,0,0,0
2026-10-04T14:03:42Z,cartservice,paymentservice,0,0,0,0,0,0,0
2026-10-04T14:03:42Z,cartservice,productcatalogservice,0,0,0,0,0,0,0
2026-10-04T14:03:42Z,cartservice,recommendationservice,0,0,0,0,0,0,0
2026-10-04T14:03:42Z,cartservice,redis-cart,2,0,0,0,0,0,0
2026-10-04T14:03:42Z,cartservice,shippingservice,0,0,0,0,0,0,0
2026-10-04T14:03:42Z,checkoutservice,adservice,0,0,0,0,0,0,0
2026-10-04T14:03:42Z,checkoutservice,cartservice,1398,1398,0,0,0,3624,1326
2026-10-04T14:03:42Z,checkoutservice,checkoutservice,0,0,0,0,0,0,0
2026-10-04T14:03:42Z,checkoutservice,currencyservice,699,699,0,0,0,1470,662
2026-10-04T14:03:42Z,checkoutservice,emailservice,699,698,0,0,0,6777,660
2026-10-04T14:03:42Z,checkoutservice,frontend,0,0,0,0,0,0,0
2026-10-04T14:03:42Z,checkoutservice,kubernetes,0,0,0,0,0,0,0
2026-10-04T14:03:42Z,checkoutservice,paymentservice,699,699,0,0,0,1938,662
2026-10-04T14:03:42Z,checkoutservice,productcatalogservice,0,0,0,0,0,0,0
2026-10-04T14:03:42Z,checkoutservice,recommendationservice,0,0,0,0,0,0,0
2026-10-04T14:03:42Z,checkoutservice,redis-cart,0,0,0,0,0,0,0
2026-10-04T14:03:42Z,checkoutservice,shippingservice,1398,1398,0,0,0,1898,1324
2026-10-04T14:03:42Z,currencyservice,adservice,0,0,0,0,0,0,0
2026-10-04T14:03:42Z,currencyservice,cartservice,0,0,0,0,0,0,0
2026-10-04T14:03:42Z,currencyservice,checkoutservice,0,0,0,0,0,0,0
2026-10-04T14:03:42Z,currencyservice,currencyservice,0,0,0,0,0,0,0
2026-10-04T14:03:42Z,currencyservice,emailservice,0,0,0,0,0,0,0
2026-10-04T14:03:42Z,currencyservice,frontend,0,0,0,0,0,0,0
2026-10-04T14:03:42Z,currencyservice,kubernetes,0,0,0,0,0,0,0
2026-10-04T14:03:42Z,currencyservice,paymentservice,0,0,0,0,0,0,0
2026-10-04T14:03:42Z,currencyservice,productcatalogservice,0,0,0,0,0,0,0
2026-10-04T14:03:42Z,currencyservice,recommendationservice,0,0,0,0,0,0,0
2026-10-04T14:03:42Z,currencyservice,redis-cart,0,0,0,0,0,0,0
2026-10-04T14:03:42Z,currencyservice,shippingservice,0,0,0,0,0,0,0
2026-10-04T14:03:42Z,emailservice,adservice,0,0,0,0,0,0,0
2026-10-04T14:03:42Z,emailservice,cartservice,0,0,0,0,0,0,0
2026-10-04T14:03:42Z,emailservice,checkoutservice,0,0,0,0,0,0,0
2026-10-04T14:03:42Z,emailservice,currencyservice,0,0,0,0,0,0,0
2026-10-04T14:03:42Z,emailservice,emailservice,0,0,0,0,0,0,0
2026-10-04T14:03:42Z,emailservice,frontend,0,0,0,0,0,0,0
2026-10-04T14:03:42Z,emailservice,kubernetes,0,0,0,0,0,0,0
2026-10-04T14:03:42Z,emailservice,paymentservice,0,0,0,0,0,0,0
2026-10-04T14:03:42Z,emailservice,productcatalogservice,0,0,0,0,0,0,0
2026-10-04T14:03:42Z,emailservice,recommendationservice,0,0,0,0,0,0,0
2026-10-04T14:03:42Z,emailservice,redis-cart,0,0,0,0,0,0,0
2026-10-04T14:03:42Z,emailservice,shippingservice,0,0,0,0,0,0,0
2026-10-04T14:03:42Z,frontend,adservice,775412,775410,0,0,0,2335721,774914
2026-10-04T14:03:42Z,frontend,cartservice,1733480,1733468,0,0,4,9630708,1732602
2026-10-04T14:03:42Z,frontend,checkoutservice,355525,174400,0,34332,146696,55632486,174182
2026-10-04T14:03:42Z,frontend,currencyservice,2754859,2754852,0,0,0,14598299,2753257
2026-10-04T14:03:42Z,frontend,emailservice,0,0,0,0,0,0,0
2026-10-04T14:03:42Z,frontend,frontend,0,0,0,0,0,0,0
2026-10-04T14:03:42Z,frontend,kubernetes,0,0,0,0,0,0,0
2026-10-04T14:03:42Z,frontend,paymentservice,0,0,0,0,0,0,0
2026-10-04T14:03:42Z,frontend,productcatalogservice,7694029,7693966,0,0,0,52338958,7688747
2026-10-04T14:03:42Z,frontend,recommendationservice,2526993,1527783,0,104145,892890,769978108,1526871
2026-10-04T14:03:42Z,frontend,redis-cart,0,0,0,0,0,0,0
2026-10-04T14:03:42Z,frontend,shippingservice,284437,284435,0,0,0,859051,284239
2026-10-04T14:03:42Z,paymentservice,adservice,0,0,0,0,0,0,0
2026-10-04T14:03:42Z,paymentservice,cartservice,0,0,0,0,0,0,0
2026-10-04T14:03:42Z,paymentservice,checkoutservice,0,0,0,0,0,0,0
2026-10-04T14:03:42Z,paymentservice,currencyservice,0,0,0,0,0,0,0
2026-10-04T14:03:42Z,paymentservice,emailservice,0,0,0,0,0,0,0
2026-10-04T14:03:42Z,paymentservice,frontend,0,0,0,0,0,0,0
2026-10-04T14:03:42Z,paymentservice,kubernetes,0,0,0,0,0,0,0
2026-10-04T14:03:42Z,paymentservice,paymentservice,0,0,0,0,0,0,0
2026-10-04T14:03:42Z,paymentservice,productcatalogservice,0,0,0,0,0,0,0
2026-10-04T14:03:42Z,paymentservice,recommendationservice,0,0,0,0,0,0,0
2026-10-04T14:03:42Z,paymentservice,redis-cart,0,0,0,0,0,0,0
2026-10-04T14:03:42Z,paymentservice,shippingservice,0,0,0,0,0,0,0
2026-10-04T14:03:42Z,productcatalogservice,adservice,0,0,0,0,0,0,0
2026-10-04T14:03:42Z,productcatalogservice,cartservice,0,0,0,0,0,0,0
2026-10-04T14:03:42Z,productcatalogservice,checkoutservice,0,0,0,0,0,0,0
2026-10-04T14:03:42Z,productcatalogservice,currencyservice,0,0,0,0,0,0,0
2026-10-04T14:03:42Z,productcatalogservice,emailservice,0,0,0,0,0,0,0
2026-10-04T14:03:42Z,productcatalogservice,frontend,0,0,0,0,0,0,0
2026-10-04T14:03:42Z,productcatalogservice,kubernetes,0,0,0,0,0,0,0
2026-10-04T14:03:42Z,productcatalogservice,paymentservice,0,0,0,0,0,0,0
2026-10-04T14:03:42Z,productcatalogservice,productcatalogservice,0,0,0,0,0,0,0
2026-10-04T14:03:42Z,productcatalogservice,recommendationservice,0,0,0,0,0,0,0
2026-10-04T14:03:42Z,productcatalogservice,redis-cart,0,0,0,0,0,0,0
2026-10-04T14:03:42Z,productcatalogservice,shippingservice,0,0,0,0,0,0,0
2026-10-04T14:03:42Z,recommendationservice,adservice,0,0,0,0,0,0,0
2026-10-04T14:03:42Z,recommendationservice,cartservice,0,0,0,0,0,0,0
2026-10-04T14:03:42Z,recommendationservice,checkoutservice,0,0,0,0,0,0,0
2026-10-04T14:03:42Z,recommendationservice,currencyservice,0,0,0,0,0,0,0
2026-10-04T14:03:42Z,recommendationservice,emailservice,0,0,0,0,0,0,0
2026-10-04T14:03:42Z,recommendationservice,frontend,0,0,0,0,0,0,0
2026-10-04T14:03:42Z,recommendationservice,kubernetes,0,0,0,0,0,0,0
2026-10-04T14:03:42Z,recommendationservice,paymentservice,0,0,0,0,0,0,0
2026-10-04T14:03:42Z,recommendationservice,productcatalogservice,2974,2971,0,0,0,5185,2372
2026-10-04T14:03:42Z,recommendationservice,recommendationservice,0,0,0,0,0,0,0
2026-10-04T14:03:42Z,recommendationservice,redis-cart,0,0,0,0,0,0,0
2026-10-04T14:03:42Z,recommendationservice,shippingservice,0,0,0,0,0,0,0
2026-10-04T14:03:42Z,redis-cart,adservice,0,0,0,0,0,0,0
2026-10-04T14:03:42Z,redis-cart,cartservice,0,0,0,0,0,0,0
2026-10-04T14:03:42Z,redis-cart,checkoutservice,0,0,0,0,0,0,0
2026-10-04T14:03:42Z,redis-cart,currencyservice,0,0,0,0,0,0,0
2026-10-04T14:03:42Z,redis-cart,emailservice,0,0,0,0,0,0,0
2026-10-04T14:03:42Z,redis-cart,frontend,0,0,0,0,0,0,0
2026-10-04T14:03:42Z,redis-cart,kubernetes,0,0,0,0,0,0,0
2026-10-04T14:03:42Z,redis-cart,paymentservice,0,0,0,0,0,0,0
2026-10-04T14:03:42Z,redis-cart,productcatalogservice,0,0,0,0,0,0,0
2026-10-04T14:03:42Z,redis-cart,recommendationservice,0,0,0,0,0,0,0
2026-10-04T14:03:42Z,redis-cart,redis-cart,0,0,0,0,0,0,0
2026-10-04T14:03:42Z,redis-cart,shippingservice,0,0,0,0,0,0,0
2026-10-04T14:03:42Z,shippingservice,adservice,0,0,0,0,0,0,0
2026-10-04T14:03:42Z,shippingservice,cartservice,0,0,0,0,0,0,0
2026-10-04T14:03:42Z,shippingservice,checkoutservice,0,0,0,0,0,0,0
2026-10-04T14:03:42Z,shippingservice,currencyservice,0,0,0,0,0,0,0
2026-10-04T14:03:42Z,shippingservice,emailservice,0,0,0,0,0,0,0
2026-10-04T14:03:42Z,shippingservice,frontend,0,0,0,0,0,0,0
2026-10-04T14:03:42Z,shippingservice,kubernetes,0,0,0,0,0,0,0
2026-10-04T14:03:42Z,shippingservice,paymentservice,0,0,0,0,0,0,0
2026-10-04T14:03:42Z,shippingservice,productcatalogservice,0,0,0,0,0,0,0
2026-10-04T14:03:42Z,shippingservice,recommendationservice,0,0,0,0,0,0,0
2026-10-04T14:03:42Z,shippingservice,redis-cart,0,0,0,0,0,0,0
2026-10-04T14:03:42Z,shippingservice,shippingservice,0,0,0,0,0,0,0
2026-10-04T14:03:43Z,adservice,adservice,0,0,0,0,0,0,0
2026-10-04T14:03:43Z,adservice,cartservice,0,0,0,0,0,0,0
2026-10-04T14:03:43Z,adservice,checkoutservice,0,0,0,0,0,0,0
2026-10-04T14:03:43Z,adservice,currencyservice,0,0,0,0,0,0,0
2026-10-04T14:03:43Z,adservice,emailservice,0,0,0,0,0,0,0
2026-10-04T14:03:43Z,adservice,frontend,0,0,0,0,0,0,0
2026-10-04T14:03:43Z,adservice,kubernetes,0,0,0,0,0,0,0
2026-10-04T14:03:43Z,adservice,paymentservice,0,0,0,0,0,0,0
2026-10-04T14:03:43Z,adservice,productcatalogservice,0,0,0,0,0,0,0
2026-10-04T14:03:43Z,adservice,recommendationservice,0,0,0,0,0,0,0
2026-10-04T14:03:43Z,adservice,redis-cart,0,0,0,0,0,0,0
2026-10-04T14:03:43Z,adservice,shippingservice,0,0,0,0,0,0,0
2026-10-04T14:03:43Z,cartservice,adservice,0,0,0,0,0,0,0
2026-10-04T14:03:43Z,cartservice,cartservice,0,0,0,0,0,0,0
2026-10-04T14:03:43Z,cartservice,checkoutservice,0,0,0,0,0,0,0
2026-10-04T14:03:43Z,cartservice,currencyservice,0,0,0,0,0,0,0
2026-10-04T14:03:43Z,cartservice,emailservice,0,0,0,0,0,0,0
2026-10-04T14:03:43Z,cartservice,frontend,0,0,0,0,0,0,0
2026-10-04T14:03:43Z,cartservice,kubernetes,0,0,0,0,0,0,0
2026-10-04T14:03:43Z,cartservice,paymentservice,0,0,0,0,0,0,0
2026-10-04T14:03:43Z,cartservice,productcatalogservice,0,0,0,0,0,0,0
2026-10-04T14:03:43Z,cartservice,recommendationservice,0,0,0,0,0,0,0
2026-10-04T14:03:43Z,cartservice,redis-cart,2,0,0,0,0,0,0
2026-10-04T14:03:43Z,cartservice,shippingservice,0,0,0,0,0,0,0
2026-10-04T14:03:43Z,checkoutservice,adservice,0,0,0,0,0,0,0
2026-10-04T14:03:43Z,checkoutservice,cartservice,1510,1508,0,0,0,3624,1326
2026-10-04T14:03:43Z,checkoutservice,checkoutservice,0,0,0,0,0,0,0
2026-10-04T14:03:43Z,checkoutservice,currencyservice,756,754,0,0,0,1470,662
2026-10-04T14:03:43Z,checkoutservice,emailservice,751,751,0,0,0,6777,660
2026-10-04T14:03:43Z,checkoutservice,frontend,0,0,0,0,0,0,0
2026-10-04T14:03:43Z,checkoutservice,kubernetes,0,0,0,0,0,0,0
2026-10-04T14:03:43Z,checkoutservice,paymentservice,752,751,0,0,0,1938,662
2026-10-04T14:03:43Z,checkoutservice,productcatalogservice,0,0,0,0,0,0,0
2026-10-04T14:03:43Z,checkoutservice,recommendationservice,0,0,0,0,0,0,0
2026-10-04T14:03:43Z,checkoutservice,redis-cart,0,0,0,0,0,0,0
2026-10-04T14:03:43Z,checkoutservice,shippingservice,1507,1507,0,0,0,1898,1324
2026-10-04T14:03:43Z,currencyservice,adservice,0,0,0,0,0,0,0
2026-10-04T14:03:43Z,currencyservice,cartservice,0,0,0,0,0,0,0
2026-10-04T14:03:43Z,currencyservice,checkoutservice,0,0,0,0,0,0,0
2026-10-04T14:03:43Z,currencyservice,currencyservice,0,0,0,0,0,0,0
2026-10-04T14:03:43Z,currencyservice,emailservice,0,0,0,0,0,0,0
2026-10-04T14:03:43Z,currencyservice,frontend,0,0,0,0,0,0,0
2026-10-04T14:03:43Z,currencyservice,kubernetes,0,0,0,0,0,0,0
2026-10-04T14:03:43Z,currencyservice,paymentservice,0,0,0,0,0,0,0
2026-10-04T14:03:43Z,currencyservice,productcatalogservice,0,0,0,0,0,0,0
2026-10-04T14:03:43Z,currencyservice,recommendationservice,0,0,0,0,0,0,0
2026-10-04T14:03:43Z,currencyservice,redis-cart,0,0,0,0,0,0,0
2026-10-04T14:03:43Z,currencyservice,shippingservice,0,0,0,0,0,0,0
2026-10-04T14:03:43Z,emailservice,adservice,0,0,0,0,0,0,0
2026-10-04T14:03:43Z,emailservice,cartservice,0,0,0,0,0,0,0
2026-10-04T14:03:43Z,emailservice,checkoutservice,0,0,0,0,0,0,0
2026-10-04T14:03:43Z,emailservice,currencyservice,0,0,0,0,0,0,0
2026-10-04T14:03:43Z,emailservice,emailservice,0,0,0,0,0,0,0
2026-10-04T14:03:43Z,emailservice,frontend,0,0,0,0,0,0,0
2026-10-04T14:03:43Z,emailservice,kubernetes,0,0,0,0,0,0,0
2026-10-04T14:03:43Z,emailservice,paymentservice,0,0,0,0,0,0,0
2026-10-04T14:03:43Z,emailservice,productcatalogservice,0,0,0,0,0,0,0
2026-10-04T14:03:43Z,emailservice,recommendationservice,0,0,0,0,0,0,0
2026-10-04T14:03:43Z,emailservice,redis-cart,0,0,0,0,0,0,0
2026-10-04T14:03:43Z,emailservice,shippingservice,0,0,0,0,0,0,0
2026-10-04T14:03:43Z,frontend,adservice,775538,775536,0,0,0,2336587,775388
2026-10-04T14:03:43Z,frontend,cartservice,1733703,1733690,0,0,4,9633684,1733437
2026-10-04T14:03:43Z,frontend,checkoutservice,355582,174456,0,34332,146696,55647708,174400
2026-10-04T14:03:43Z,frontend,currencyservice,2755271,2755263,0,0,0,14602711,2754796
2026-10-04T14:03:43Z,frontend,emailservice,0,0,0,0,0,0,0
2026-10-04T14:03:43Z,frontend,frontend,0,0,0,0,0,0,0
2026-10-04T14:03:43Z,frontend,kubernetes,0,0,0,0,0,0,0
2026-10-04T14:03:43Z,frontend,paymentservice,0,0,0,0,0,0,0
2026-10-04T14:03:43Z,frontend,productcatalogservice,7695375,7695313,0,0,0,52352762,7693768
2026-10-04T14:03:43Z,frontend,recommendationservice,2527228,1528017,0,104145,892890,769992524,1527748
2026-10-04T14:03:43Z,frontend,redis-cart,0,0,0,0,0,0,0
2026-10-04T14:03:43Z,frontend,shippingservice,284489,284487,0,0,0,859488,284424
2026-10-04T14:03:43Z,paymentservice,adservice,0,0,0,0,0,0,0
2026-10-04T14:03:43Z,paymentservice,cartservice,0,0,0,0,0,0,0
2026-10-04T14:03:43Z,paymentservice,checkoutservice,0,0,0,0,0,0,0
2026-10-04T14:03:43Z,paymentservice,currencyservice,0,0,0,0,0,0,0
2026-10-04T14:03:43Z,paymentservice,emailservice,0,0,0,0,0,0,0
2026-10-04T14:03:43Z,paymentservice,frontend,0,0,0,0,0,0,0
2026-10-04T14:03:43Z,paymentservice,kubernetes,0,0,0,0,0,0,0
2026-10-04T14:03:43Z,paymentservice,paymentservice,0,0,0,0,0,0,0
2026-10-04T14:03:43Z,paymentservice,productcatalogservice,0,0,0,0,0,0,0
2026-10-04T14:03:43Z,paymentservice,recommendationservice,0,0,0,0,0,0,0
2026-10-04T14:03:43Z,paymentservice,redis-cart,0,0,0,0,0,0,0
2026-10-04T14:03:43Z,paymentservice,shippingservice,0,0,0,0,0,0,0
2026-10-04T14:03:43Z,productcatalogservice,adservice,0,0,0,0,0,0,0
2026-10-04T14:03:43Z,productcatalogservice,cartservice,0,0,0,0,0,0,0
2026-10-04T14:03:43Z,productcatalogservice,checkoutservice,0,0,0,0,0,0,0
2026-10-04T14:03:43Z,productcatalogservice,currencyservice,0,0,0,0,0,0,0
2026-10-04T14:03:43Z,productcatalogservice,emailservice,0,0,0,0,0,0,0
2026-10-04T14:03:43Z,productcatalogservice,frontend,0,0,0,0,0,0,0
2026-10-04T14:03:43Z,productcatalogservice,kubernetes,0,0,0,0,0,0,0
2026-10-04T14:03:43Z,productcatalogservice,paymentservice,0,0,0,0,0,0,0
2026-10-04T14:03:43Z,productcatalogservice,productcatalogservice,0,0,0,0,0,0,0
2026-10-04T14:03:43Z,productcatalogservice,recommendationservice,0,0,0,0,0,0,0
2026-10-04T14:03:43Z,productcatalogservice,redis-cart,0,0,0,0,0,0,0
2026-10-04T14:03:43Z,productcatalogservice,shippingservice,0,0,0,0,0,0,0
2026-10-04T14:03:43Z,recommendationservice,adservice,0,0,0,0,0,0,0
2026-10-04T14:03:43Z,recommendationservice,cartservice,0,0,0,0,0,0,0
2026-10-04T14:03:43Z,recommendationservice,checkoutservice,0,0,0,0,0,0,0
2026-10-04T14:03:43Z,recommendationservice,currencyservice,0,0,0,0,0,0,0
2026-10-04T14:03:43Z,recommendationservice,emailservice,0,0,0,0,0,0,0
2026-10-04T14:03:43Z,recommendationservice,frontend,0,0,0,0,0,0,0
2026-10-04T14:03:43Z,recommendationservice,kubernetes,0,0,0,0,0,0,0
2026-10-04T14:03:43Z,recommendationservice,paymentservice,0,0,0,0,0,0,0
2026-10-04T14:03:43Z,recommendationservice,productcatalogservice,3209,3209,0,0,0,5185,2372
2026-10-04T14:03:43Z,recommendationservice,recommendationservice,0,0,0,0,0,0,0
2026-10-04T14:03:43Z,recommendationservice,redis-cart,0,0,0,0,0,0,0
2026-10-04T14:03:43Z,recommendationservice,shippingservice,0,0,0,0,0,0,0
2026-10-04T14:03:43Z,redis-cart,adservice,0,0,0,0,0,0,0
2026-10-04T14:03:43Z,redis-cart,cartservice,0,0,0,0,0,0,0
2026-10-04T14:03:43Z,redis-cart,checkoutservice,0,0,0,0,0,0,0
2026-10-04T14:03:43Z,redis-cart,currencyservice,0,0,0,0,0,0,0
2026-10-04T14:03:43Z,redis-cart,emailservice,0,0,0,0,0,0,0
2026-10-04T14:03:43Z,redis-cart,frontend,0,0,0,0,0,0,0
2026-10-04T14:03:43Z,redis-cart,kubernetes,0,0,0,0,0,0,0
2026-10-04T14:03:43Z,redis-cart,paymentservice,0,0,0,0,0,0,0
2026-10-04T14:03:43Z,redis-cart,productcatalogservice,0,0,0,0,0,0,0
2026-10-04T14:03:43Z,redis-cart,recommendationservice,0,0,0,0,0,0,0
2026-10-04T14:03:43Z,redis-cart,redis-cart,0,0,0,0,0,0,0
2026-10-04T14:03:43Z,redis-cart,shippingservice,0,0,0,0,0,0,0
2026-10-04T14:03:43Z,shippingservice,adservice,0,0,0,0,0,0,0
2026-10-04T14:03:43Z,shippingservice,cartservice,0,0,0,0,0,0,0
2026-10-04T14:03:43Z,shippingservice,checkoutservice,0,0,0,0,0,0,0
2026-10-04T14:03:43Z,shippingservice,currencyservice,0,0,0,0,0,0,0
2026-10-04T14:03:43Z,shippingservice,emailservice,0,0,0,0,0,0,0
2026-10-04T14:03:43Z,shippingservice,frontend,0,0,0,0,0,0,0
2026-10-04T14:03:43Z,shippingservice,kubernetes,0,0,0,0,0,0,0
2026-10-04T14:03:43Z,shippingservice,paymentservice,0,0,0,0,0,0,0
2026-10-04T14:03:43Z,shippingservice,productcatalogservice,0,0,0,0,0,0,0
2026-10-04T14:03:43Z,shippingservice,recommendationservice,0,0,0,0,0,0,0
2026-10-04T14:03:43Z,shippingservice,redis-cart,0,0,0,0,0,0,0
2026-10-04T14:03:43Z,shippingservice,shippingservice,0,0,0,0,0,0,0
2026-10-04T14:03:44Z,adservice,adservice,0,0,0,0,0,0,0
2026-10-04T14:03:44Z,adservice,cartservice,0,0,0,0,0,0,0
2026-10-04T14:03:44Z,adservice,checkoutservice,0,0,0,0,0,0,0
2026-10-04T14:03:44Z,adservice,currencyservice,0,0,0,0,0,0,0
2026-10-04T14:03:44Z,adservice,emailservice,0,0,0,0,0,0,0
2026-10-04T14:03:44Z,adservice,frontend,0,0,0,0,0,0,0
2026-10-04T14:03:44Z,adservice,kubernetes,0,0,0,0,0,0,0
2026-10-04T14:03:44Z,adservice,paymentservice,0,0,0,0,0,0,0
2026-10-04T14:03:44Z,adservice,productcatalogservice,0,0,0,0,0,0,0
2026-10-04T14:03:44Z,adservice,recommendationservice,0,0,0,0,0,0,0
2026-10-04T14:03:44Z,adservice,redis-cart,0,0,0,0,0,0,0
2026-10-04T14:03:44Z,adservice,shippingservice,0,0,0,0,0,0,0
2026-10-04T14:03:44Z,cartservice,adservice,0,0,0,0,0,0,0
2026-10-04T14:03:44Z,cartservice,cartservice,0,0,0,0,0,0,0
2026-10-04T14:03:44Z,cartservice,checkoutservice,0,0,0,0,0,0,0
2026-10-04T14:03:44Z,cartservice,currencyservice,0,0,0,0,0,0,0
2026-10-04T14:03:44Z,cartservice,emailservice,0,0,0,0,0,0,0
2026-10-04T14:03:44Z,cartservice,frontend,0,0,0,0,0,0,0
2026-10-04T14:03:44Z,cartservice,kubernetes,0,0,0,0,0,0,0
2026-10-04T14:03:44Z,cartservice,paymentservice,0,0,0,0,0,0,0
2026-10-04T14:03:44Z,cartservice,productcatalogservice,0,0,0,0,0,0,0
2026-10-04T14:03:44Z,cartservice,recommendationservice,0,0,0,0,0,0,0
2026-10-04T14:03:44Z,cartservice,redis-cart,2,0,0,0,0,0,0
2026-10-04T14:03:44Z,cartservice,shippingservice,0,0,0,0,0,0,0
2026-10-04T14:03:44Z,checkoutservice,adservice,0,0,0,0,0,0,0
2026-10-04T14:03:44Z,checkoutservice,cartservice,1638,1636,0,0,0,3624,1326
2026-10-04T14:03:44Z,checkoutservice,checkoutservice,0,0,0,0,0,0,0
2026-10-04T14:03:44Z,checkoutservice,currencyservice,821,821,0,0,0,1470,662
2026-10-04T14:03:44Z,checkoutservice,emailservice,813,813,0,0,0,6777,660
2026-10-04T14:03:44Z,checkoutservice,frontend,0,0,0,0,0,0,0
2026-10-04T14:03:44Z,checkoutservice,kubernetes,0,0,0,0,0,0,0
2026-10-04T14:03:44Z,checkoutservice,paymentservice,820,819,0,0,0,1938,662
2026-10-04T14:03:44Z,checkoutservice,productcatalogservice,0,0,0,0,0,0,0
2026-10-04T14:03:44Z,checkoutservice,recommendationservice,0,0,0,0,0,0,0
2026-10-04T14:03:44Z,checkoutservice,redis-cart,0,0,0,0,0,0,0
2026-10-04T14:03:44Z,checkoutservice,shippingservice,1638,1638,0,0,0,1898,1324
2026-10-04T14:03:44Z,currencyservice,adservice,0,0,0,0,0,0,0
2026-10-04T14:03:44Z,currencyservice,cartservice,0,0,0,0,0,0,0
2026-10-04T14:03:44Z,currencyservice,checkoutservice,0,0,0,0,0,0,0
2026-10-04T14:03:44Z,currencyservice,currencyservice,0,0,0,0,0,0,0
2026-10-04T14:03:44Z,currencyservice,emailservice,0,0,0,0,0,0,0
2026-10-04T14:03:44Z,currencyservice,frontend,0,0,0,0,0,0,0
2026-10-04T14:03:44Z,currencyservice,kubernetes,0,0,0,0,0,0,0
2026-10-04T14:03:44Z,currencyservice,paymentservice,0,0,0,0,0,0,0
2026-10-04T14:03:44Z,currencyservice,productcatalogservice,0,0,0,0,0,0,0
2026-10-04T14:03:44Z,currencyservice,recommendationservice,0,0,0,0,0,0,0
2026-10-04T14:03:44Z,currencyservice,redis-cart,0,0,0,0,0,0,0
2026-10-04T14:03:44Z,currencyservice,shippingservice,0,0,0,0,0,0,0
2026-10-04T14:03:44Z,emailservice,adservice,0,0,0,0,0,0,0
2026-10-04T14:03:44Z,emailservice,cartservice,0,0,0,0,0,0,0
2026-10-04T14:03:44Z,emailservice,checkoutservice,0,0,0,0,0,0,0
2026-10-04T14:03:44Z,emailservice,currencyservice,0,0,0,0,0,0,0
2026-10-04T14:03:44Z,emailservice,emailservice,0,0,0,0,0,0,0
2026-10-04T14:03:44Z,emailservice,frontend,0,0,0,0,0,0,0
2026-10-04T14:03:44Z,emailservice,kubernetes,0,0,0,0,0,0,0
2026-10-04T14:03:44Z,emailservice,paymentservice,0,0,0,0,0,0,0
2026-10-04T14:03:44Z,emailservice,productcatalogservice,0,0,0,0,0,0,0
2026-10-04T14:03:44Z,emailservice,recommendationservice,0,0,0,0,0,0,0
2026-10-04T14:03:44Z,emailservice,redis-cart,0,0,0,0,0,0,0
2026-10-04T14:03:44Z,emailservice,shippingservice,0,0,0,0,0,0,0
2026-10-04T14:03:44Z,frontend,adservice,775688,775686,0,0,0,2336866,775545
2026-10-04T14:03:44Z,frontend,cartservice,1733961,1733948,0,0,4,9634641,1733695
2026-10-04T14:03:44Z,frontend,checkoutservice,355645,174524,0,34332,146696,55651915,174457
2026-10-04T14:03:44Z,frontend,currencyservice,2755752,2755745,0,0,0,14604125,2755270
2026-10-04T14:03:44Z,frontend,emailservice,0,0,0,0,0,0,0
2026-10-04T14:03:44Z,frontend,frontend,0,0,0,0,0,0,0
2026-10-04T14:03:44Z,frontend,kubernetes,0,0,0,0,0,0,0
2026-10-04T14:03:44Z,frontend,paymentservice,0,0,0,0,0,0,0
2026-10-04T14:03:44Z,frontend,productcatalogservice,7696911,7696848,0,0,0,52357818,7695303
2026-10-04T14:03:44Z,frontend,recommendationservice,2527498,1528286,0,104145,892890,769997087,1528014
2026-10-04T14:03:44Z,frontend,redis-cart,0,0,0,0,0,0,0
2026-10-04T14:03:44Z,frontend,shippingservice,284543,284541,0,0,0,859618,284476
2026-10-04T14:03:44Z,paymentservice,adservice,0,0,0,0,0,0,0
2026-10-04T14:03:44Z,paymentservice,cartservice,0,0,0,0,0,0,0
2026-10-04T14:03:44Z,paymentservice,checkoutservice,0,0,0,0,0,0,0
2026-10-04T14:03:44Z,paymentservice,currencyservice,0,0,0,0,0,0,0
2026-10-04T14:03:44Z,paymentservice,emailservice,0,0,0,0,0,0,0
2026-10-04T14:03:44Z,paymentservice,frontend,0,0,0,0,0,0,0
2026-10-04T14:03:44Z,paymentservice,kubernetes,0,0,0,0,0,0,0
2026-10-04T14:03:44Z,paymentservice,paymentservice,0,0,0,0,0,0,0
2026-10-04T14:03:44Z,paymentservice,productcatalogservice,0,0,0,0,0,0,0
2026-10-04T14:03:44Z,paymentservice,recommendationservice,0,0,0,0,0,0,0
2026-10-04T14:03:44Z,paymentservice,redis-cart,0,0,0,0,0,0,0
2026-10-04T14:03:44Z,paymentservice,shippingservice,0,0,0,0,0,0,0
2026-10-04T14:03:44Z,productcatalogservice,adservice,0,0,0,0,0,0,0
2026-10-04T14:03:44Z,productcatalogservice,cartservice,0,0,0,0,0,0,0
2026-10-04T14:03:44Z,productcatalogservice,checkoutservice,0,0,0,0,0,0,0
2026-10-04T14:03:44Z,productcatalogservice,currencyservice,0,0,0,0,0,0,0
2026-10-04T14:03:44Z,productcatalogservice,emailservice,0,0,0,0,0,0,0
2026-10-04T14:03:44Z,productcatalogservice,frontend,0,0,0,0,0,0,0
2026-10-04T14:03:44Z,productcatalogservice,kubernetes,0,0,0,0,0,0,0
2026-10-04T14:03:44Z,productcatalogservice,paymentservice,0,0,0,0,0,0,0
2026-10-04T14:03:44Z,productcatalogservice,productcatalogservice,0,0,0,0,0,0,0
2026-10-04T14:03:44Z,productcatalogservice,recommendationservice,0,0,0,0,0,0,0
2026-10-04T14:03:44Z,productcatalogservice,redis-cart,0,0,0,0,0,0,0
2026-10-04T14:03:44Z,productcatalogservice,shippingservice,0,0,0,0,0,0,0
2026-10-04T14:03:44Z,recommendationservice,adservice,0,0,0,0,0,0,0
2026-10-04T14:03:44Z,recommendationservice,cartservice,0,0,0,0,0,0,0
2026-10-04T14:03:44Z,recommendationservice,checkoutservice,0,0,0,0,0,0,0
2026-10-04T14:03:44Z,recommendationservice,currencyservice,0,0,0,0,0,0,0
2026-10-04T14:03:44Z,recommendationservice,emailservice,0,0,0,0,0,0,0
2026-10-04T14:03:44Z,recommendationservice,frontend,0,0,0,0,0,0,0
2026-10-04T14:03:44Z,recommendationservice,kubernetes,0,0,0,0,0,0,0
2026-10-04T14:03:44Z,recommendationservice,paymentservice,0,0,0,0,0,0,0
2026-10-04T14:03:44Z,recommendationservice,productcatalogservice,3463,3463,0,0,0,5185,2372
2026-10-04T14:03:44Z,recommendationservice,recommendationservice,0,0,0,0,0,0,0
2026-10-04T14:03:44Z,recommendationservice,redis-cart,0,0,0,0,0,0,0
2026-10-04T14:03:44Z,recommendationservice,shippingservice,0,0,0,0,0,0,0
2026-10-04T14:03:44Z,redis-cart,adservice,0,0,0,0,0,0,0
2026-10-04T14:03:44Z,redis-cart,cartservice,0,0,0,0,0,0,0
2026-10-04T14:03:44Z,redis-cart,checkoutservice,0,0,0,0,0,0,0
2026-10-04T14:03:44Z,redis-cart,currencyservice,0,0,0,0,0,0,0
2026-10-04T14:03:44Z,redis-cart,emailservice,0,0,0,0,0,0,0
2026-10-04T14:03:44Z,redis-cart,frontend,0,0,0,0,0,0,0
2026-10-04T14:03:44Z,redis-cart,kubernetes,0,0,0,0,0,0,0
2026-10-04T14:03:44Z,redis-cart,paymentservice,0,0,0,0,0,0,0
2026-10-04T14:03:44Z,redis-cart,productcatalogservice,0,0,0,0,0,0,0
2026-10-04T14:03:44Z,redis-cart,recommendationservice,0,0,0,0,0,0,0
2026-10-04T14:03:44Z,redis-cart,redis-cart,0,0,0,0,0,0,0
2026-10-04T14:03:44Z,redis-cart,shippingservice,0,0,0,0,0,0,0
2026-10-04T14:03:44Z,shippingservice,adservice,0,0,0,0,0,0,0
2026-10-04T14:03:44Z,shippingservice,cartservice,0,0,0,0,0,0,0
2026-10-04T14:03:44Z,shippingservice,checkoutservice,0,0,0,0,0,0,0
2026-10-04T14:03:44Z,shippingservice,currencyservice,0,0,0,0,0,0,0
2026-10-04T14:03:44Z,shippingservice,emailservice,0,0,0,0,0,0,0
2026-10-04T14:03:44Z,shippingservice,frontend,0,0,0,0,0,0,0
2026-10-04T14:03:44Z,shippingservice,kubernetes,0,0,0,0,0,0,0
2026-10-04T14:03:44Z,shippingservice,paymentservice,0,0,0,0,0,0,0
2026-10-04T14:03:44Z,shippingservice,productcatalogservice,0,0,0,0,0,0,0
2026-10-04T14:03:44Z,shippingservice,recommendationservice,0,0,0,0,0,0,0
2026-10-04T14:03:44Z,shippingservice,redis-cart,0,0,0,0,0,0,0
2026-10-04T14:03:44Z,shippingservice,shippingservice,0,0,0,0,0,0,0
2026-10-04T14:03:45Z,adservice,adservice,0,0,0,0,0,0,0
2026-10-04T14:03:45Z,adservice,cartservice,0,0,0,0,0,0,0
2026-10-04T14:03:45Z,adservice,checkoutservice,0,0,0,0,0,0,0
2026-10-04T14:03:45Z,adservice,currencyservice,0,0,0,0,0,0,0
2026-10-04T14:03:45Z,adservice,emailservice,0,0,0,0,0,0,0
2026-10-04T14:03:45Z,adservice,frontend,0,0,0,0,0,0,0
2026-10-04T14:03:45Z,adservice,kubernetes,0,0,0,0,0,0,0
2026-10-04T14:03:45Z,adservice,paymentservice,0,0,0,0,0,0,0
2026-10-04T14:03:45Z,adservice,productcatalogservice,0,0,0,0,0,0,0
2026-10-04T14:03:45Z,adservice,recommendationservice,0,0,0,0,0,0,0
2026-10-04T14:03:45Z,adservice,redis-cart,0,0,0,0,0,0,0
2026-10-04T14:03:45Z,adservice,shippingservice,0,0,0,0,0,0,0
2026-10-04T14:03:45Z,cartservice,adservice,0,0,0,0,0,0,0
2026-10-04T14:03:45Z,cartservice,cartservice,0,0,0,0,0,0,0
2026-10-04T14:03:45Z,cartservice,checkoutservice,0,0,0,0,0,0,0
2026-10-04T14:03:45Z,cartservice,currencyservice,0,0,0,0,0,0,0
2026-10-04T14:03:45Z,cartservice,emailservice,0,0,0,0,0,0,0
2026-10-04T14:03:45Z,cartservice,frontend,0,0,0,0,0,0,0
2026-10-04T14:03:45Z,cartservice,kubernetes,0,0,0,0,0,0,0
2026-10-04T14:03:45Z,cartservice,paymentservice,0,0,0,0,0,0,0
2026-10-04T14:03:45Z,cartservice,productcatalogservice,0,0,0,0,0,0,0
2026-10-04T14:03:45Z,cartservice,recommendationservice,0,0,0,0,0,0,0
2026-10-04T14:03:45Z,cartservice,redis-cart,2,0,0,0,0,0,0
2026-10-04T14:03:45Z,cartservice,shippingservice,0,0,0,0,0,0,0
2026-10-04T14:03:45Z,checkoutservice,adservice,0,0,0,0,0,0,0
2026-10-04T14:03:45Z,checkoutservice,cartservice,1763,1762,0,0,0,3624,1326
2026-10-04T14:03:45Z,checkoutservice,checkoutservice,0,0,0,0,0,0,0
2026-10-04T14:03:45Z,checkoutservice,currencyservice,885,885,0,0,0,1470,662
2026-10-04T14:03:45Z,checkoutservice,emailservice,877,875,0,0,0,6777,660
2026-10-04T14:03:45Z,checkoutservice,frontend,0,0,0,0,0,0,0
2026-10-04T14:03:45Z,checkoutservice,kubernetes,0,0,0,0,0,0,0
2026-10-04T14:03:45Z,checkoutservice,paymentservice,885,884,0,0,0,1938,662
2026-10-04T14:03:45Z,checkoutservice,productcatalogservice,0,0,0,0,0,0,0
2026-10-04T14:03:45Z,checkoutservice,recommendationservice,0,0,0,0,0,0,0
2026-10-04T14:03:45Z,checkoutservice,redis-cart,0,0,0,0,0,0,0
2026-10-04T14:03:45Z,checkoutservice,shippingservice,1769,1764,0,0,0,1898,1324
2026-10-04T14:03:45Z,currencyservice,adservice,0,0,0,0,0,0,0
2026-10-04T14:03:45Z,currencyservice,cartservice,0,0,0,0,0,0,0
2026-10-04T14:03:45Z,currencyservice,checkoutservice,0,0,0,0,0,0,0
2026-10-04T14:03:45Z,currencyservice,currencyservice,0,0,0,0,0,0,0
2026-10-04T14:03:45Z,currencyservice,emailservice,0,0,0,0,0,0,0
2026-10-04T14:03:45Z,currencyservice,frontend,0,0,0,0,0,0,0
2026-10-04T14:03:45Z,currencyservice,kubernetes,0,0,0,0,0,0,0
2026-10-04T14:03:45Z,currencyservice,paymentservice,0,0,0,0,0,0,0
2026-10-04T14:03:45Z,currencyservice,productcatalogservice,0,0,0,0,0,0,0
2026-10-04T14:03:45Z,currencyservice,recommendationservice,0,0,0,0,0,0,0
2026-10-04T14:03:45Z,currencyservice,redis-cart,0,0,0,0,0,0,0
2026-10-04T14:03:45Z,currencyservice,shippingservice,0,0,0,0,0,0,0
2026-10-04T14:03:45Z,emailservice,adservice,0,0,0,0,0,0,0
2026-10-04T14:03:45Z,emailservice,cartservice,0,0,0,0,0,0,0
2026-10-04T14:03:45Z,emailservice,checkoutservice,0,0,0,0,0,0,0
2026-10-04T14:03:45Z,emailservice,currencyservice,0,0,0,0,0,0,0
2026-10-04T14:03:45Z,emailservice,emailservice,0,0,0,0,0,0,0
2026-10-04T14:03:45Z,emailservice,frontend,0,0,0,0,0,0,0
2026-10-04T14:03:45Z,emailservice,kubernetes,0,0,0,0,0,0,0
2026-10-04T14:03:45Z,emailservice,paymentservice,0,0,0,0,0,0,0
2026-10-04T14:03:45Z,emailservice,productcatalogservice,0,0,0,0,0,0,0
2026-10-04T14:03:45Z,emailservice,recommendationservice,0,0,0,0,0,0,0
2026-10-04T14:03:45Z,emailservice,redis-cart,0,0,0,0,0,0,0
2026-10-04T14:03:45Z,emailservice,shippingservice,0,0,0,0,0,0,0
2026-10-04T14:03:45Z,frontend,adservice,775839,775836,0,0,0,2336866,775545
2026-10-04T14:03:45Z,frontend,cartservice,1734232,1734217,0,0,4,9634641,1733695
2026-10-04T14:03:45Z,frontend,checkoutservice,355709,174584,0,34332,146696,55651915,174457
2026-10-04T14:03:45Z,frontend,currencyservice,2756234,2756225,0,0,0,14604125,2755270
2026-10-04T14:03:45Z,frontend,emailservice,0,0,0,0,0,0,0
2026-10-04T14:03:45Z,frontend,frontend,0,0,0,0,0,0,0
2026-10-04T14:03:45Z,frontend,kubernetes,0,0,0,0,0,0,0
2026-10-04T14:03:45Z,frontend,paymentservice,0,0,0,0,0,0,0
2026-10-04T14:03:45Z,frontend,productcatalogservice,7698487,7698423,0,0,0,52357818,7695303
2026-10-04T14:03:45Z,frontend,recommendationservice,2527769,1528557,0,104145,892890,769997087,1528014
2026-10-04T14:03:45Z,frontend,redis-cart,0,0,0,0,0,0,0
2026-10-04T14:03:45Z,frontend,shippingservice,284599,284597,0,0,0,859618,284476
2026-10-04T14:03:45Z,paymentservice,adservice,0,0,0,0,0,0,0
2026-10-04T14:03:45Z,paymentservice,cartservice,0,0,0,0,0,0,0
2026-10-04T14:03:45Z,paymentservice,checkoutservice,0,0,0,0,0,0,0
2026-10-04T14:03:45Z,paymentservice,currencyservice,0,0,0,0,0,0,0
2026-10-04T14:03:45Z,paymentservice,emailservice,0,0,0,0,0,0,0
2026-10-04T14:03:45Z,paymentservice,frontend,0,0,0,0,0,0,0
2026-10-04T14:03:45Z,paymentservice,kubernetes,0,0,0,0,0,0,0
2026-10-04T14:03:45Z,paymentservice,paymentservice,0,0,0,0,0,0,0
2026-10-04T14:03:45Z,paymentservice,productcatalogservice,0,0,0,0,0,0,0
2026-10-04T14:03:45Z,paymentservice,recommendationservice,0,0,0,0,0,0,0
2026-10-04T14:03:45Z,paymentservice,redis-cart,0,0,0,0,0,0,0
2026-10-04T14:03:45Z,paymentservice,shippingservice,0,0,0,0,0,0,0
2026-10-04T14:03:45Z,productcatalogservice,adservice,0,0,0,0,0,0,0
2026-10-04T14:03:45Z,productcatalogservice,cartservice,0,0,0,0,0,0,0
2026-10-04T14:03:45Z,productcatalogservice,checkoutservice,0,0,0,0,0,0,0
2026-10-04T14:03:45Z,productcatalogservice,currencyservice,0,0,0,0,0,0,0
2026-10-04T14:03:45Z,productcatalogservice,emailservice,0,0,0,0,0,0,0
2026-10-04T14:03:45Z,productcatalogservice,frontend,0,0,0,0,0,0,0
2026-10-04T14:03:45Z,productcatalogservice,kubernetes,0,0,0,0,0,0,0
2026-10-04T14:03:45Z,productcatalogservice,paymentservice,0,0,0,0,0,0,0
2026-10-04T14:03:45Z,productcatalogservice,productcatalogservice,0,0,0,0,0,0,0
2026-10-04T14:03:45Z,productcatalogservice,recommendationservice,0,0,0,0,0,0,0
2026-10-04T14:03:45Z,productcatalogservice,redis-cart,0,0,0,0,0,0,0
2026-10-04T14:03:45Z,productcatalogservice,shippingservice,0,0,0,0,0,0,0
2026-10-04T14:03:45Z,recommendationservice,adservice,0,0,0,0,0,0,0
2026-10-04T14:03:45Z,recommendationservice,cartservice,0,0,0,0,0,0,0
2026-10-04T14:03:45Z,recommendationservice,checkoutservice,0,0,0,0,0,0,0
2026-10-04T14:03:45Z,recommendationservice,currencyservice,0,0,0,0,0,0,0
2026-10-04T14:03:45Z,recommendationservice,emailservice,0,0,0,0,0,0,0
2026-10-04T14:03:45Z,recommendationservice,frontend,0,0,0,0,0,0,0
2026-10-04T14:03:45Z,recommendationservice,kubernetes,0,0,0,0,0,0,0
2026-10-04T14:03:45Z,recommendationservice,paymentservice,0,0,0,0,0,0,0
2026-10-04T14:03:45Z,recommendationservice,productcatalogservice,3736,3736,0,0,0,9171,3579
2026-10-04T14:03:45Z,recommendationservice,recommendationservice,0,0,0,0,0,0,0
2026-10-04T14:03:45Z,recommendationservice,redis-cart,0,0,0,0,0,0,0
2026-10-04T14:03:45Z,recommendationservice,shippingservice,0,0,0,0,0,0,0
2026-10-04T14:03:45Z,redis-cart,adservice,0,0,0,0,0,0,0
2026-10-04T14:03:45Z,redis-cart,cartservice,0,0,0,0,0,0,0
2026-10-04T14:03:45Z,redis-cart,checkoutservice,0,0,0,0,0,0,0
2026-10-04T14:03:45Z,redis-cart,currencyservice,0,0,0,0,0,0,0
2026-10-04T14:03:45Z,redis-cart,emailservice,0,0,0,0,0,0,0
2026-10-04T14:03:45Z,redis-cart,frontend,0,0,0,0,0,0,0
2026-10-04T14:03:45Z,redis-cart,kubernetes,0,0,0,0,0,0,0
2026-10-04T14:03:45Z,redis-cart,paymentservice,0,0,0,0,0,0,0
2026-10-04T14:03:45Z,redis-cart,productcatalogservice,0,0,0,0,0,0,0
2026-10-04T14:03:45Z,redis-cart,recommendationservice,0,0,0,0,0,0,0
2026-10-04T14:03:45Z,redis-cart,redis-cart,0,0,0,0,0,0,0
2026-10-04T14:03:45Z,redis-cart,shippingservice,0,0,0,0,0,0,0
2026-10-04T14:03:45Z,shippingservice,adservice,0,0,0,0,0,0,0
2026-10-04T14:03:45Z,shippingservice,cartservice,0,0,0,0,0,0,0
2026-10-04T14:03:45Z,shippingservice,checkoutservice,0,0,0,0,0,0,0
2026-10-04T14:03:45Z,shippingservice,currencyservice,0,0,0,0,0,0,0
2026-10-04T14:03:45Z,shippingservice,emailservice,0,0,0,0,0,0,0
2026-10-04T14:03:45Z,shippingservice,frontend,0,0,0,0,0,0,0
2026-10-04T14:03:45Z,shippingservice,kubernetes,0,0,0,0,0,0,0
2026-10-04T14:03:45Z,shippingservice,paymentservice,0,0,0,0,0,0,0
2026-10-04T14:03:45Z,shippingservice,productcatalogservice,0,0,0,0,0,0,0
2026-10-04T14:03:45Z,shippingservice,recommendationservice,0,0,0,0,0,0,0
2026-10-04T14:03:45Z,shippingservice,redis-cart,0,0,0,0,0,0,0
2026-10-04T14:03:45Z,shippingservice,shippingservice,0,0,0,0,0,0,0
2026-10-04T14:03:46Z,adservice,adservice,0,0,0,0,0,0,0
2026-10-04T14:03:46Z,adservice,cartservice,0,0,0,0,0,0,0
2026-10-04T14:03:46Z,adservice,checkoutservice,0,0,0,0,0,0,0
2026-10-04T14:03:46Z,adservice,currencyservice,0,0,0,0,0,0,0
2026-10-04T14:03:46Z,adservice,emailservice,0,0,0,0,0,0,0
2026-10-04T14:03:46Z,adservice,frontend,0,0,0,0,0,0,0
2026-10-04T14:03:46Z,adservice,kubernetes,0,0,0,0,0,0,0
2026-10-04T14:03:46Z,adservice,paymentservice,0,0,0,0,0,0,0
2026-10-04T14:03:46Z,adservice,productcatalogservice,0,0,0,0,0,0,0
2026-10-04T14:03:46Z,adservice,recommendationservice,0,0,0,0,0,0,0
2026-10-04T14:03:46Z,adservice,redis-cart,0,0,0,0,0,0,0
2026-10-04T14:03:46Z,adservice,shippingservice,0,0,0,0,0,0,0
2026-10-04T14:03:46Z,cartservice,adservice,0,0,0,0,0,0,0
2026-10-04T14:03:46Z,cartservice,cartservice,0,0,0,0,0,0,0
2026-10-04T14:03:46Z,cartservice,checkoutservice,0,0,0,0,0,0,0
2026-10-04T14:03:46Z,cartservice,currencyservice,0,0,0,0,0,0,0
2026-10-04T14:03:46Z,cartservice,emailservice,0,0,0,0,0,0,0
2026-10-04T14:03:46Z,cartservice,frontend,0,0,0,0,0,0,0
2026-10-04T14:03:46Z,cartservice,kubernetes,0,0,0,0,0,0,0
2026-10-04T14:03:46Z,cartservice,paymentservice,0,0,0,0,0,0,0
2026-10-04T14:03:46Z,cartservice,productcatalogservice,0,0,0,0,0,0,0
2026-10-04T14:03:46Z,cartservice,recommendationservice,0,0,0,0,0,0,0
2026-10-04T14:03:46Z,cartservice,redis-cart,2,0,0,0,0,0,0
2026-10-04T14:03:46Z,cartservice,shippingservice,0,0,0,0,0,0,0
2026-10-04T14:03:46Z,checkoutservice,adservice,0,0,0,0,0,0,0
2026-10-04T14:03:46Z,checkoutservice,cartservice,1901,1899,0,0,0,3624,1326
2026-10-04T14:03:46Z,checkoutservice,checkoutservice,0,0,0,0,0,0,0
2026-10-04T14:03:46Z,checkoutservice,currencyservice,951,951,0,0,0,1470,662
2026-10-04T14:03:46Z,checkoutservice,emailservice,948,944,0,0,0,6777,660
2026-10-04T14:03:46Z,checkoutservice,frontend,0,0,0,0,0,0,0
2026-10-04T14:03:46Z,checkoutservice,kubernetes,0,0,0,0,0,0,0
2026-10-04T14:03:46Z,checkoutservice,paymentservice,951,951,0,0,0,1938,662
2026-10-04T14:03:46Z,checkoutservice,productcatalogservice,0,0,0,0,0,0,0
2026-10-04T14:03:46Z,checkoutservice,recommendationservice,0,0,0,0,0,0,0
2026-10-04T14:03:46Z,checkoutservice,redis-cart,0,0,0,0,0,0,0
2026-10-04T14:03:46Z,checkoutservice,shippingservice,1902,1902,0,0,0,1898,1324
2026-10-04T14:03:46Z,currencyservice,adservice,0,0,0,0,0,0,0
2026-10-04T14:03:46Z,currencyservice,cartservice,0,0,0,0,0,0,0
2026-10-04T14:03:46Z,currencyservice,checkoutservice,0,0,0,0,0,0,0
2026-10-04T14:03:46Z,currencyservice,currencyservice,0,0,0,0,0,0,0
2026-10-04T14:03:46Z,currencyservice,emailservice,0,0,0,0,0,0,0
2026-10-04T14:03:46Z,currencyservice,frontend,0,0,0,0,0,0,0
2026-10-04T14:03:46Z,currencyservice,kubernetes,0,0,0,0,0,0,0
2026-10-04T14:03:46Z,currencyservice,paymentservice,0,0,0,0,0,0,0
2026-10-04T14:03:46Z,currencyservice,productcatalogservice,0,0,0,0,0,0,0
2026-10-04T14:03:46Z,currencyservice,recommendationservice,0,0,0,0,0,0,0
2026-10-04T14:03:46Z,currencyservice,redis-cart,0,0,0,0,0,0,0
2026-10-04T14:03:46Z,currencyservice,shippingservice,0,0,0,0,0,0,0
2026-10-04T14:03:46Z,emailservice,adservice,0,0,0,0,0,0,0
2026-10-04T14:03:46Z,emailservice,cartservice,0,0,0,0,0,0,0
2026-10-04T14:03:46Z,emailservice,checkoutservice,0,0,0,0,0,0,0
2026-10-04T14:03:46Z,emailservice,currencyservice,0,0,0,0,0,0,0
2026-10-04T14:03:46Z,emailservice,emailservice,0,0,0,0,0,0,0
2026-10-04T14:03:46Z,emailservice,frontend,0,0,0,0,0,0,0
2026-10-04T14:03:46Z,emailservice,kubernetes,0,0,0,0,0,0,0
2026-10-04T14:03:46Z,emailservice,paymentservice,0,0,0,0,0,0,0
2026-10-04T14:03:46Z,emailservice,productcatalogservice,0,0,0,0,0,0,0
2026-10-04T14:03:46Z,emailservice,recommendationservice,0,0,0,0,0,0,0
2026-10-04T14:03:46Z,emailservice,redis-cart,0,0,0,0,0,0,0
2026-10-04T14:03:46Z,emailservice,shippingservice,0,0,0,0,0,0,0
2026-10-04T14:03:46Z,frontend,adservice,775988,775984,0,0,0,2336866,775545
2026-10-04T14:03:46Z,frontend,cartservice,1734479,1734466,0,0,4,9634641,1733695
2026-10-04T14:03:46Z,frontend,checkoutservice,355770,174647,0,34332,146696,55651915,174457
2026-10-04T14:03:46Z,frontend,currencyservice,2756699,2756691,0,0,0,14604125,2755270
2026-10-04T14:03:46Z,frontend,emailservice,0,0,0,0,0,0,0
2026-10-04T14:03:46Z,frontend,frontend,0,0,0,0,0,0,0
2026-10-04T14:03:46Z,frontend,kubernetes,0,0,0,0,0,0,0
2026-10-04T14:03:46Z,frontend,paymentservice,0,0,0,0,0,0,0
2026-10-04T14:03:46Z,frontend,productcatalogservice,7700005,7699940,0,0,0,52357818,7695303
2026-10-04T14:03:46Z,frontend,recommendationservice,2528037,1528826,0,104145,892890,769997087,1528014
2026-10-04T14:03:46Z,frontend,redis-cart,0,0,0,0,0,0,0
2026-10-04T14:03:46Z,frontend,shippingservice,284657,284655,0,0,0,859618,284476
2026-10-04T14:03:46Z,paymentservice,adservice,0,0,0,0,0,0,0
2026-10-04T14:03:46Z,paymentservice,cartservice,0,0,0,0,0,0,0
2026-10-04T14:03:46Z,paymentservice,checkoutservice,0,0,0,0,0,0,0
2026-10-04T14:03:46Z,paymentservice,currencyservice,0,0,0,0,0,0,0
2026-10-04T14:03:46Z,paymentservice,emailservice,0,0,0,0,0,0,0
2026-10-04T14:03:46Z,paymentservice,frontend,0,0,0,0,0,0,0
2026-10-04T14:03:46Z,paymentservice,kubernetes,0,0,0,0,0,0,0
2026-10-04T14:03:46Z,paymentservice,paymentservice,0,0,0,0,0,0,0
2026-10-04T14:03:46Z,paymentservice,productcatalogservice,0,0,0,0,0,0,0
2026-10-04T14:03:46Z,paymentservice,recommendationservice,0,0,0,0,0,0,0
2026-10-04T14:03:46Z,paymentservice,redis-cart,0,0,0,0,0,0,0
2026-10-04T14:03:46Z,paymentservice,shippingservice,0,0,0,0,0,0,0
2026-10-04T14:03:46Z,productcatalogservice,adservice,0,0,0,0,0,0,0
2026-10-04T14:03:46Z,productcatalogservice,cartservice,0,0,0,0,0,0,0
2026-10-04T14:03:46Z,productcatalogservice,checkoutservice,0,0,0,0,0,0,0
2026-10-04T14:03:46Z,productcatalogservice,currencyservice,0,0,0,0,0,0,0
2026-10-04T14:03:46Z,productcatalogservice,emailservice,0,0,0,0,0,0,0
2026-10-04T14:03:46Z,productcatalogservice,frontend,0,0,0,0,0,0,0
2026-10-04T14:03:46Z,productcatalogservice,kubernetes,0,0,0,0,0,0,0
2026-10-04T14:03:46Z,productcatalogservice,paymentservice,0,0,0,0,0,0,0
2026-10-04T14:03:46Z,productcatalogservice,productcatalogservice,0,0,0,0,0,0,0
2026-10-04T14:03:46Z,productcatalogservice,recommendationservice,0,0,0,0,0,0,0
2026-10-04T14:03:46Z,productcatalogservice,redis-cart,0,0,0,0,0,0,0
2026-10-04T14:03:46Z,productcatalogservice,shippingservice,0,0,0,0,0,0,0
2026-10-04T14:03:46Z,recommendationservice,adservice,0,0,0,0,0,0,0
2026-10-04T14:03:46Z,recommendationservice,cartservice,0,0,0,0,0,0,0
2026-10-04T14:03:46Z,recommendationservice,checkoutservice,0,0,0,0,0,0,0
2026-10-04T14:03:46Z,recommendationservice,currencyservice,0,0,0,0,0,0,0
2026-10-04T14:03:46Z,recommendationservice,emailservice,0,0,0,0,0,0,0
2026-10-04T14:03:46Z,recommendationservice,frontend,0,0,0,0,0,0,0
2026-10-04T14:03:46Z,recommendationservice,kubernetes,0,0,0,0,0,0,0
2026-10-04T14:03:46Z,recommendationservice,paymentservice,0,0,0,0,0,0,0
2026-10-04T14:03:46Z,recommendationservice,productcatalogservice,3996,3996,0,0,0,9171,3579
2026-10-04T14:03:46Z,recommendationservice,recommendationservice,0,0,0,0,0,0,0
2026-10-04T14:03:46Z,recommendationservice,redis-cart,0,0,0,0,0,0,0
2026-10-04T14:03:46Z,recommendationservice,shippingservice,0,0,0,0,0,0,0
2026-10-04T14:03:46Z,redis-cart,adservice,0,0,0,0,0,0,0
2026-10-04T14:03:46Z,redis-cart,cartservice,0,0,0,0,0,0,0
2026-10-04T14:03:46Z,redis-cart,checkoutservice,0,0,0,0,0,0,0
2026-10-04T14:03:46Z,redis-cart,currencyservice,0,0,0,0,0,0,0
2026-10-04T14:03:46Z,redis-cart,emailservice,0,0,0,0,0,0,0
2026-10-04T14:03:46Z,redis-cart,frontend,0,0,0,0,0,0,0
2026-10-04T14:03:46Z,redis-cart,kubernetes,0,0,0,0,0,0,0
2026-10-04T14:03:46Z,redis-cart,paymentservice,0,0,0,0,0,0,0
2026-10-04T14:03:46Z,redis-cart,productcatalogservice,0,0,0,0,0,0,0
2026-10-04T14:03:46Z,redis-cart,recommendationservice,0,0,0,0,0,0,0
2026-10-04T14:03:46Z,redis-cart,redis-cart,0,0,0,0,0,0,0
2026-10-04T14:03:46Z,redis-cart,shippingservice,0,0,0,0,0,0,0
2026-10-04T14:03:46Z,shippingservice,adservice,0,0,0,0,0,0,0
2026-10-04T14:03:46Z,shippingservice,cartservice,0,0,0,0,0,0,0
2026-10-04T14:03:46Z,shippingservice,checkoutservice,0,0,0,0,0,0,0
2026-10-04T14:03:46Z,shippingservice,currencyservice,0,0,0,0,0,0,0
2026-10-04T14:03:46Z,shippingservice,emailservice,0,0,0,0,0,0,0
2026-10-04T14:03:46Z,shippingservice,frontend,0,0,0,0,0,0,0
2026-10-04T14:03:46Z,shippingservice,kubernetes,0,0,0,0,0,0,0
2026-10-04T14:03:46Z,shippingservice,paymentservice,0,0,0,0,0,0,0
2026-10-04T14:03:46Z,shippingservice,productcatalogservice,0,0,0,0,0,0,0
2026-10-04T14:03:46Z,shippingservice,recommendationservice,0,0,0,0,0,0,0
2026-10-04T14:03:46Z,shippingservice,redis-cart,0,0,0,0,0,0,0
2026-10-04T14:03:46Z,shippingservice,shippingservice,0,0,0,0,0,0,0
2026-10-04T14:03:47Z,adservice,adservice,0,0,0,0,0,0,0
2026-10-04T14:03:47Z,adservice,cartservice,0,0,0,0,0,0,0
2026-10-04T14:03:47Z,adservice,checkoutservice,0,0,0,0,0,0,0
2026-10-04T14:03:47Z,adservice,currencyservice,0,0,0,0,0,0,0
2026-10-04T14:03:47Z,adservice,emailservice,0,0,0,0,0,0,0
2026-10-04T14:03:47Z,adservice,frontend,0,0,0,0,0,0,0
2026-10-04T14:03:47Z,adservice,kubernetes,0,0,0,0,0,0,0
2026-10-04T14:03:47Z,adservice,paymentservice,0,0,0,0,0,0,0
2026-10-04T14:03:47Z,adservice,productcatalogservice,0,0,0,0,0,0,0
2026-10-04T14:03:47Z,adservice,recommendationservice,0,0,0,0,0,0,0
2026-10-04T14:03:47Z,adservice,redis-cart,0,0,0,0,0,0,0
2026-10-04T14:03:47Z,adservice,shippingservice,0,0,0,0,0,0,0
2026-10-04T14:03:47Z,cartservice,adservice,0,0,0,0,0,0,0
2026-10-04T14:03:47Z,cartservice,cartservice,0,0,0,0,0,0,0
2026-10-04T14:03:47Z,cartservice,checkoutservice,0,0,0,0,0,0,0
2026-10-04T14:03:47Z,cartservice,currencyservice,0,0,0,0,0,0,0
2026-10-04T14:03:47Z,cartservice,emailservice,0,0,0,0,0,0,0
2026-10-04T14:03:47Z,cartservice,frontend,0,0,0,0,0,0,0
2026-10-04T14:03:47Z,cartservice,kubernetes,0,0,0,0,0,0,0
2026-10-04T14:03:47Z,cartservice,paymentservice,0,0,0,0,0,0,0
2026-10-04T14:03:47Z,cartservice,productcatalogservice,0,0,0,0,0,0,0
2026-10-04T14:03:47Z,cartservice,recommendationservice,0,0,0,0,0,0,0
2026-10-04T14:03:47Z,cartservice,redis-cart,2,0,0,0,0,0,0
2026-10-04T14:03:47Z,cartservice,shippingservice,0,0,0,0,0,0,0
2026-10-04T14:03:47Z,checkoutservice,adservice,0,0,0,0,0,0,0
2026-10-04T14:03:47Z,checkoutservice,cartservice,2035,2031,0,0,0,5735,1948
2026-10-04T14:03:47Z,checkoutservice,checkoutservice,0,0,0,0,0,0,0
2026-10-04T14:03:47Z,checkoutservice,currencyservice,1019,1019,0,0,0,2353,974
2026-10-04T14:03:47Z,checkoutservice,emailservice,1012,1010,0,0,0,12396,971
2026-10-04T14:03:47Z,checkoutservice,frontend,0,0,0,0,0,0,0
2026-10-04T14:03:47Z,checkoutservice,kubernetes,0,0,0,0,0,0,0
2026-10-04T14:03:47Z,checkoutservice,paymentservice,1019,1019,0,0,0,2745,974
2026-10-04T14:03:47Z,checkoutservice,productcatalogservice,0,0,0,0,0,0,0
2026-10-04T14:03:47Z,checkoutservice,recommendationservice,0,0,0,0,0,0,0
2026-10-04T14:03:47Z,checkoutservice,redis-cart,0,0,0,0,0,0,0
2026-10-04T14:03:47Z,checkoutservice,shippingservice,2038,2035,0,0,0,2978,1948
2026-10-04T14:03:47Z,currencyservice,adservice,0,0,0,0,0,0,0
2026-10-04T14:03:47Z,currencyservice,cartservice,0,0,0,0,0,0,0
2026-10-04T14:03:47Z,currencyservice,checkoutservice,0,0,0,0,0,0,0
2026-10-04T14:03:47Z,currencyservice,currencyservice,0,0,0,0,0,0,0
2026-10-04T14:03:47Z,currencyservice,emailservice,0,0,0,0,0,0,0
2026-10-04T14:03:47Z,currencyservice,frontend,0,0,0,0,0,0,0
2026-10-04T14:03:47Z,currencyservice,kubernetes,0,0,0,0,0,0,0
2026-10-04T14:03:47Z,currencyservice,paymentservice,0,0,0,0,0,0,0
2026-10-04T14:03:47Z,currencyservice,productcatalogservice,0,0,0,0,0,0,0
2026-10-04T14:03:47Z,currencyservice,recommendationservice,0,0,0,0,0,0,0
2026-10-04T14:03:47Z,currencyservice,redis-cart,0,0,0,0,0,0,0
2026-10-04T14:03:47Z,currencyservice,shippingservice,0,0,0,0,0,0,0
2026-10-04T14:03:47Z,emailservice,adservice,0,0,0,0,0,0,0
2026-10-04T14:03:47Z,emailservice,cartservice,0,0,0,0,0,0,0
2026-10-04T14:03:47Z,emailservice,checkoutservice,0,0,0,0,0,0,0
2026-10-04T14:03:47Z,emailservice,currencyservice,0,0,0,0,0,0,0
2026-10-04T14:03:47Z,emailservice,emailservice,0,0,0,0,0,0,0
2026-10-04T14:03:47Z,emailservice,frontend,0,0,0,0,0,0,0
2026-10-04T14:03:47Z,emailservice,kubernetes,0,0,0,0,0,0,0
2026-10-04T14:03:47Z,emailservice,paymentservice,0,0,0,0,0,0,0
2026-10-04T14:03:47Z,emailservice,productcatalogservice,0,0,0,0,0,0,0
2026-10-04T14:03:47Z,emailservice,recommendationservice,0,0,0,0,0,0,0
2026-10-04T14:03:47Z,emailservice,redis-cart,0,0,0,0,0,0,0
2026-10-04T14:03:47Z,emailservice,shippingservice,0,0,0,0,0,0,0
2026-10-04T14:03:47Z,frontend,adservice,776161,776159,0,0,0,2336866,775545
2026-10-04T14:03:47Z,frontend,cartservice,1734777,1734763,0,0,4,9634641,1733695
2026-10-04T14:03:47Z,frontend,checkoutservice,355847,174723,0,34332,146696,55651915,174457
2026-10-04T14:03:47Z,frontend,currencyservice,2757250,2757239,0,0,0,14604125,2755270
2026-10-04T14:03:47Z,frontend,emailservice,0,0,0,0,0,0,0
2026-10-04T14:03:47Z,frontend,frontend,0,0,0,0,0,0,0
2026-10-04T14:03:47Z,frontend,kubernetes,0,0,0,0,0,0,0
2026-10-04T14:03:47Z,frontend,paymentservice,0,0,0,0,0,0,0
2026-10-04T14:03:47Z,frontend,productcatalogservice,7701799,7701734,0,0,0,52357818,7695303
2026-10-04T14:03:47Z,frontend,recommendationservice,2528349,1529137,0,104145,892890,769997087,1528014
2026-10-04T14:03:47Z,frontend,redis-cart,0,0,0,0,0,0,0
2026-10-04T14:03:47Z,frontend,shippingservice,284717,284715,0,0,0,859618,284476
2026-10-04T14:03:47Z,paymentservice,adservice,0,0,0,0,0,0,0
2026-10-04T14:03:47Z,paymentservice,cartservice,0,0,0,0,0,0,0
2026-10-04T14:03:47Z,paymentservice,checkoutservice,0,0,0,0,0,0,0
2026-10-04T14:03:47Z,paymentservice,currencyservice,0,0,0,0,0,0,0
2026-10-04T14:03:47Z,paymentservice,emailservice,0,0,0,0,0,0,0
2026-10-04T14:03:47Z,paymentservice,frontend,0,0,0,0,0,0,0
2026-10-04T14:03:47Z,paymentservice,kubernetes,0,0,0,0,0,0,0
2026-10-04T14:03:47Z,paymentservice,paymentservice,0,0,0,0,0,0,0
2026-10-04T14:03:47Z,paymentservice,productcatalogservice,0,0,0,0,0,0,0
2026-10-04T14:03:47Z,paymentservice,recommendationservice,0,0,0,0,0,0,0
2026-10-04T14:03:47Z,paymentservice,redis-cart,0,0,0,0,0,0,0
2026-10-04T14:03:47Z,paymentservice,shippingservice,0,0,0,0,0,0,0
2026-10-04T14:03:47Z,productcatalogservice,adservice,0,0,0,0,0,0,0
2026-10-04T14:03:47Z,productcatalogservice,cartservice,0,0,0,0,0,0,0
2026-10-04T14:03:47Z,productcatalogservice,checkoutservice,0,0,0,0,0,0,0
2026-10-04T14:03:47Z,productcatalogservice,currencyservice,0,0,0,0,0,0,0
2026-10-04T14:03:47Z,productcatalogservice,emailservice,0,0,0,0,0,0,0
2026-10-04T14:03:47Z,productcatalogservice,frontend,0,0,0,0,0,0,0
2026-10-04T14:03:47Z,productcatalogservice,kubernetes,0,0,0,0,0,0,0
2026-10-04T14:03:47Z,productcatalogservice,paymentservice,0,0,0,0,0,0,0
2026-10-04T14:03:47Z,productcatalogservice,productcatalogservice,0,0,0,0,0,0,0
2026-10-04T14:03:47Z,productcatalogservice,recommendationservice,0,0,0,0,0,0,0
2026-10-04T14:03:47Z,productcatalogservice,redis-cart,0,0,0,0,0,0,0
2026-10-04T14:03:47Z,productcatalogservice,shippingservice,0,0,0,0,0,0,0
2026-10-04T14:03:47Z,recommendationservice,adservice,0,0,0,0,0,0,0
2026-10-04T14:03:47Z,recommendationservice,cartservice,0,0,0,0,0,0,0
2026-10-04T14:03:47Z,recommendationservice,checkoutservice,0,0,0,0,0,0,0
2026-10-04T14:03:47Z,recommendationservice,currencyservice,0,0,0,0,0,0,0
2026-10-04T14:03:47Z,recommendationservice,emailservice,0,0,0,0,0,0,0
2026-10-04T14:03:47Z,recommendationservice,frontend,0,0,0,0,0,0,0
2026-10-04T14:03:47Z,recommendationservice,kubernetes,0,0,0,0,0,0,0
2026-10-04T14:03:47Z,recommendationservice,paymentservice,0,0,0,0,0,0,0
2026-10-04T14:03:47Z,recommendationservice,productcatalogservice,4286,4283,0,0,0,9171,3579
2026-10-04T14:03:47Z,recommendationservice,recommendationservice,0,0,0,0,0,0,0
2026-10-04T14:03:47Z,recommendationservice,redis-cart,0,0,0,0,0,0,0
2026-10-04T14:03:47Z,recommendationservice,shippingservice,0,0,0,0,0,0,0
2026-10-04T14:03:47Z,redis-cart,adservice,0,0,0,0,0,0,0
2026-10-04T14:03:47Z,redis-cart,cartservice,0,0,0,0,0,0,0
2026-10-04T14:03:47Z,redis-cart,checkoutservice,0,0,0,0,0,0,0
2026-10-04T14:03:47Z,redis-cart,currencyservice,0,0,0,0,0,0,0
2026-10-04T14:03:47Z,redis-cart,emailservice,0,0,0,0,0,0,0
2026-10-04T14:03:47Z,redis-cart,frontend,0,0,0,0,0,0,0
2026-10-04T14:03:47Z,redis-cart,kubernetes,0,0,0,0,0,0,0
2026-10-04T14:03:47Z,redis-cart,paymentservice,0,0,0,0,0,0,0
2026-10-04T14:03:47Z,redis-cart,productcatalogservice,0,0,0,0,0,0,0
2026-10-04T14:03:47Z,redis-cart,recommendationservice,0,0,0,0,0,0,0
2026-10-04T14:03:47Z,redis-cart,redis-cart,0,0,0,0,0,0,0
2026-10-04T14:03:47Z,redis-cart,shippingservice,0,0,0,0,0,0,0
2026-10-04T14:03:47Z,shippingservice,adservice,0,0,0,0,0,0,0
2026-10-04T14:03:47Z,shippingservice,cartservice,0,0,0,0,0,0,0
2026-10-04T14:03:47Z,shippingservice,checkoutservice,0,0,0,0,0,0,0
2026-10-04T14:03:47Z,shippingservice,currencyservice,0,0,0,0,0,0,0
2026-10-04T14:03:47Z,shippingservice,emailservice,0,0,0,0,0,0,0
2026-10-04T14:03:47Z,shippingservice,frontend,0,0,0,0,0,0,0
2026-10-04T14:03:47Z,shippingservice,kubernetes,0,0,0,0,0,0,0
2026-10-04T14:03:47Z,shippingservice,paymentservice,0,0,0,0,0,0,0
2026-10-04T14:03:47Z,shippingservice,productcatalogservice,0,0,0,0,0,0,0
2026-10-04T14:03:47Z,shippingservice,recommendationservice,0,0,0,0,0,0,0
2026-10-04T14:03:47Z,shippingservice,redis-cart,0,0,0,0,0,0,0
2026-10-04T14:03:47Z,shippingservice,shippingservice,0,0,0,0,0,0,0
2026-10-04T14:03:48Z,adservice,adservice,0,0,0,0,0,0,0
2026-10-04T14:03:48Z,adservice,cartservice,0,0,0,0,0,0,0
2026-10-04T14:03:48Z,adservice,checkoutservice,0,0,0,0,0,0,0
2026-10-04T14:03:48Z,adservice,currencyservice,0,0,0,0,0,0,0
2026-10-04T14:03:48Z,adservice,emailservice,0,0,0,0,0,0,0
2026-10-04T14:03:48Z,adservice,frontend,0,0,0,0,0,0,0
2026-10-04T14:03:48Z,adservice,kubernetes,0,0,0,0,0,0,0
2026-10-04T14:03:48Z,adservice,paymentservice,0,0,0,0,0,0,0
2026-10-04T14:03:48Z,adservice,productcatalogservice,0,0,0,0,0,0,0
2026-10-04T14:03:48Z,adservice,recommendationservice,0,0,0,0,0,0,0
2026-10-04T14:03:48Z,adservice,redis-cart,0,0,0,0,0,0,0
2026-10-04T14:03:48Z,adservice,shippingservice,0,0,0,0,0,0,0
2026-10-04T14:03:48Z,cartservice,adservice,0,0,0,0,0,0,0
2026-10-04T14:03:48Z,cartservice,cartservice,0,0,0,0,0,0,0
2026-10-04T14:03:48Z,cartservice,checkoutservice,0,0,0,0,0,0,0
2026-10-04T14:03:48Z,cartservice,currencyservice,0,0,0,0,0,0,0
2026-10-04T14:03:48Z,cartservice,emailservice,0,0,0,0,0,0,0
2026-10-04T14:03:48Z,cartservice,frontend,0,0,0,0,0,0,0
2026-10-04T14:03:48Z,cartservice,kubernetes,0,0,0,0,0,0,0
2026-10-04T14:03:48Z,cartservice,paymentservice,0,0,0,0,0,0,0
2026-10-04T14:03:48Z,cartservice,productcatalogservice,0,0,0,0,0,0,0
2026-10-04T14:03:48Z,cartservice,recommendationservice,0,0,0,0,0,0,0
2026-10-04T14:03:48Z,cartservice,redis-cart,2,0,0,0,0,0,0
2026-10-04T14:03:48Z,cartservice,shippingservice,0,0,0,0,0,0,0
2026-10-04T14:03:48Z,checkoutservice,adservice,0,0,0,0,0,0,0
2026-10-04T14:03:48Z,checkoutservice,cartservice,2158,2158,0,0,0,5735,1948
2026-10-04T14:03:48Z,checkoutservice,checkoutservice,0,0,0,0,0,0,0
2026-10-04T14:03:48Z,checkoutservice,currencyservice,1079,1079,0,0,0,2353,974
2026-10-04T14:03:48Z,checkoutservice,emailservice,1079,1079,0,0,0,12396,971
2026-10-04T14:03:48Z,checkoutservice,frontend,0,0,0,0,0,0,0
2026-10-04T14:03:48Z,checkoutservice,kubernetes,0,0,0,0,0,0,0
2026-10-04T14:03:48Z,checkoutservice,paymentservice,1079,1079,0,0,0,2745,974
2026-10-04T14:03:48Z,checkoutservice,productcatalogservice,0,0,0,0,0,0,0
2026-10-04T14:03:48Z,checkoutservice,recommendationservice,0,0,0,0,0,0,0
2026-10-04T14:03:48Z,checkoutservice,redis-cart,0,0,0,0,0,0,0
2026-10-04T14:03:48Z,checkoutservice,shippingservice,2158,2158,0,0,0,2978,1948
2026-10-04T14:03:48Z,currencyservice,adservice,0,0,0,0,0,0,0
2026-10-04T14:03:48Z,currencyservice,cartservice,0,0,0,0,0,0,0
2026-10-04T14:03:48Z,currencyservice,checkoutservice,0,0,0,0,0,0,0
2026-10-04T14:03:48Z,currencyservice,currencyservice,0,0,0,0,0,0,0
2026-10-04T14:03:48Z,currencyservice,emailservice,0,0,0,0,0,0,0
2026-10-04T14:03:48Z,currencyservice,frontend,0,0,0,0,0,0,0
2026-10-04T14:03:48Z,currencyservice,kubernetes,0,0,0,0,0,0,0
2026-10-04T14:03:48Z,currencyservice,paymentservice,0,0,0,0,0,0,0
2026-10-04T14:03:48Z,currencyservice,productcatalogservice,0,0,0,0,0,0,0
2026-10-04T14:03:48Z,currencyservice,recommendationservice,0,0,0,0,0,0,0
2026-10-04T14:03:48Z,currencyservice,redis-cart,0,0,0,0,0,0,0
2026-10-04T14:03:48Z,currencyservice,shippingservice,0,0,0,0,0,0,0
2026-10-04T14:03:48Z,emailservice,adservice,0,0,0,0,0,0,0
2026-10-04T14:03:48Z,emailservice,cartservice,0,0,0,0,0,0,0
2026-10-04T14:03:48Z,emailservice,checkoutservice,0,0,0,0,0,0,0
2026-10-04T14:03:48Z,emailservice,currencyservice,0,0,0,0,0,0,0
2026-10-04T14:03:48Z,emailservice,emailservice,0,0,0,0,0,0,0
2026-10-04T14:03:48Z,emailservice,frontend,0,0,0,0,0,0,0
2026-10-04T14:03:48Z,emailservice,kubernetes,0,0,0,0,0,0,0
2026-10-04T14:03:48Z,emailservice,paymentservice,0,0,0,0,0,0,0
2026-10-04T14:03:48Z,emailservice,productcatalogservice,0,0,0,0,0,0,0
2026-10-04T14:03:48Z,emailservice,recommendationservice,0,0,0,0,0,0,0
2026-10-04T14:03:48Z,emailservice,redis-cart,0,0,0,0,0,0,0
2026-10-04T14:03:48Z,emailservice,shippingservice,0,0,0,0,0,0,0
2026-10-04T14:03:48Z,frontend,adservice,776319,776317,0,0,0,2338061,776154
2026-10-04T14:03:48Z,frontend,cartservice,1735062,1735045,0,0,4,9638807,1734750
2026-10-04T14:03:48Z,frontend,checkoutservice,355916,174788,0,34332,146696,55673440,174709
2026-10-04T14:03:48Z,frontend,currencyservice,2757752,2757745,0,0,0,14610202,2757200
2026-10-04T14:03:48Z,frontend,emailservice,0,0,0,0,0,0,0
2026-10-04T14:03:48Z,frontend,frontend,0,0,0,0,0,0,0
2026-10-04T14:03:48Z,frontend,kubernetes,0,0,0,0,0,0,0
2026-10-04T14:03:48Z,frontend,paymentservice,0,0,0,0,0,0,0
2026-10-04T14:03:48Z,frontend,productcatalogservice,7703456,7703392,0,0,0,52377463,7701558
2026-10-04T14:03:48Z,frontend,recommendationservice,2528635,1529424,0,104145,892890,770018551,1529103
2026-10-04T14:03:48Z,frontend,redis-cart,0,0,0,0,0,0,0
2026-10-04T14:03:48Z,frontend,shippingservice,284779,284777,0,0,0,860144,284698
2026-10-04T14:03:48Z,paymentservice,adservice,0,0,0,0,0,0,0
2026-10-04T14:03:48Z,paymentservice,cartservice,0,0,0,0,0,0,0
2026-10-04T14:03:48Z,paymentservice,checkoutservice,0,0,0,0,0,0,0
2026-10-04T14:03:48Z,paymentservice,currencyservice,0,0,0,0,0,0,0
2026-10-04T14:03:48Z,paymentservice,emailservice,0,0,0,0,0,0,0
2026-10-04T14:03:48Z,paymentservice,frontend,0,0,0,0,0,0,0
2026-10-04T14:03:48Z,paymentservice,kubernetes,0,0,0,0,0,0,0
2026-10-04T14:03:48Z,paymentservice,paymentservice,0,0,0,0,0,0,0
2026-10-04T14:03:48Z,paymentservice,productcatalogservice,0,0,0,0,0,0,0
2026-10-04T14:03:48Z,paymentservice,recommendationservice,0,0,0,0,0,0,0
2026-10-04T14:03:48Z,paymentservice,redis-cart,0,0,0,0,0,0,0
2026-10-04T14:03:48Z,paymentservice,shippingservice,0,0,0,0,0,0,0
2026-10-04T14:03:48Z,productcatalogservice,adservice,0,0,0,0,0,0,0
2026-10-04T14:03:48Z,productcatalogservice,cartservice,0,0,0,0,0,0,0
2026-10-04T14:03:48Z,productcatalogservice,checkoutservice,0,0,0,0,0,0,0
2026-10-04T14:03:48Z,productcatalogservice,currencyservice,0,0,0,0,0,0,0
2026-10-04T14:03:48Z,productcatalogservice,emailservice,0,0,0,0,0,0,0
2026-10-04T14:03:48Z,productcatalogservice,frontend,0,0,0,0,0,0,0
2026-10-04T14:03:48Z,productcatalogservice,kubernetes,0,0,0,0,0,0,0
2026-10-04T14:03:48Z,productcatalogservice,paymentservice,0,0,0,0,0,0,0
2026-10-04T14:03:48Z,productcatalogservice,productcatalogservice,0,0,0,0,0,0,0
2026-10-04T14:03:48Z,productcatalogservice,recommendationservice,0,0,0,0,0,0,0
2026-10-04T14:03:48Z,productcatalogservice,redis-cart,0,0,0,0,0,0,0
2026-10-04T14:03:48Z,productcatalogservice,shippingservice,0,0,0,0,0,0,0
2026-10-04T14:03:48Z,recommendationservice,adservice,0,0,0,0,0,0,0
2026-10-04T14:03:48Z,recommendationservice,cartservice,0,0,0,0,0,0,0
2026-10-04T14:03:48Z,recommendationservice,checkoutservice,0,0,0,0,0,0,0
2026-10-04T14:03:48Z,recommendationservice,currencyservice,0,0,0,0,0,0,0
2026-10-04T14:03:48Z,recommendationservice,emailservice,0,0,0,0,0,0,0
2026-10-04T14:03:48Z,recommendationservice,frontend,0,0,0,0,0,0,0
2026-10-04T14:03:48Z,recommendationservice,kubernetes,0,0,0,0,0,0,0
2026-10-04T14:03:48Z,recommendationservice,paymentservice,0,0,0,0,0,0,0
2026-10-04T14:03:48Z,recommendationservice,productcatalogservice,4593,4587,0,0,0,9171,3579
2026-10-04T14:03:48Z,recommendationservice,recommendationservice,0,0,0,0,0,0,0
2026-10-04T14:03:48Z,recommendationservice,redis-cart,0,0,0,0,0,0,0
2026-10-04T14:03:48Z,recommendationservice,shippingservice,0,0,0,0,0,0,0
2026-10-04T14:03:48Z,redis-cart,adservice,0,0,0,0,0,0,0
2026-10-04T14:03:48Z,redis-cart,cartservice,0,0,0,0,0,0,0
2026-10-04T14:03:48Z,redis-cart,checkoutservice,0,0,0,0,0,0,0
2026-10-04T14:03:48Z,redis-cart,currencyservice,0,0,0,0,0,0,0
2026-10-04T14:03:48Z,redis-cart,emailservice,0,0,0,0,0,0,0
2026-10-04T14:03:48Z,redis-cart,frontend,0,0,0,0,0,0,0
2026-10-04T14:03:48Z,redis-cart,kubernetes,0,0,0,0,0,0,0
2026-10-04T14:03:48Z,redis-cart,paymentservice,0,0,0,0,0,0,0
2026-10-04T14:03:48Z,redis-cart,productcatalogservice,0,0,0,0,0,0,0
2026-10-04T14:03:48Z,redis-cart,recommendationservice,0,0,0,0,0,0,0
2026-10-04T14:03:48Z,redis-cart,redis-cart,0,0,0,0,0,0,0
2026-10-04T14:03:48Z,redis-cart,shippingservice,0,0,0,0,0,0,0
2026-10-04T14:03:48Z,shippingservice,adservice,0,0,0,0,0,0,0
2026-10-04T14:03:48Z,shippingservice,cartservice,0,0,0,0,0,0,0
2026-10-04T14:03:48Z,shippingservice,checkoutservice,0,0,0,0,0,0,0
2026-10-04T14:03:48Z,shippingservice,currencyservice,0,0,0,0,0,0,0
2026-10-04T14:03:48Z,shippingservice,emailservice,0,0,0,0,0,0,0
2026-10-04T14:03:48Z,shippingservice,frontend,0,0,0,0,0,0,0
2026-10-04T14:03:48Z,shippingservice,kubernetes,0,0,0,0,0,0,0
2026-10-04T14:03:48Z,shippingservice,paymentservice,0,0,0,0,0,0,0
2026-10-04T14:03:48Z,shippingservice,productcatalogservice,0,0,0,0,0,0,0
2026-10-04T14:03:48Z,shippingservice,recommendationservice,0,0,0,0,0,0,0
2026-10-04T14:03:48Z,shippingservice,redis-cart,0,0,0,0,0,0,0
2026-10-04T14:03:48Z,shippingservice,shippingservice,0,0,0,0,0,0,0
2026-10-04T14:03:49Z,adservice,adservice,0,0,0,0,0,0,0
2026-10-04T14:03:49Z,adservice,cartservice,0,0,0,0,0,0,0
2026-10-04T14:03:49Z,adservice,checkoutservice,0,0,0,0,0,0,0
2026-10-04T14:03:49Z,adservice,currencyservice,0,0,0,0,0,0,0
2026-10-04T14:03:49Z,adservice,emailservice,0,0,0,0,0,0,0
2026-10-04T14:03:49Z,adservice,frontend,0,0,0,0,0,0,0
2026-10-04T14:03:49Z,adservice,kubernetes,0,0,0,0,0,0,0
2026-10-04T14:03:49Z,adservice,paymentservice,0,0,0,0,0,0,0
2026-10-04T14:03:49Z,adservice,productcatalogservice,0,0,0,0,0,0,0
2026-10-04T14:03:49Z,adservice,recommendationservice,0,0,0,0,0,0,0
2026-10-04T14:03:49Z,adservice,redis-cart,0,0,0,0,0,0,0
2026-10-04T14:03:49Z,adservice,shippingservice,0,0,0,0,0,0,0
2026-10-04T14:03:49Z,cartservice,adservice,0,0,0,0,0,0,0
2026-10-04T14:03:49Z,cartservice,cartservice,0,0,0,0,0,0,0
2026-10-04T14:03:49Z,cartservice,checkoutservice,0,0,0,0,0,0,0
2026-10-04T14:03:49Z,cartservice,currencyservice,0,0,0,0,0,0,0
2026-10-04T14:03:49Z,cartservice,emailservice,0,0,0,0,0,0,0
2026-10-04T14:03:49Z,cartservice,frontend,0,0,0,0,0,0,0
2026-10-04T14:03:49Z,cartservice,kubernetes,0,0,0,0,0,0,0
2026-10-04T14:03:49Z,cartservice,paymentservice,0,0,0,0,0,0,0
2026-10-04T14:03:49Z,cartservice,productcatalogservice,0,0,0,0,0,0,0
2026-10-04T14:03:49Z,cartservice,recommendationservice,0,0,0,0,0,0,0
2026-10-04T14:03:49Z,cartservice,redis-cart,2,0,0,0,0,0,0
2026-10-04T14:03:49Z,cartservice,shippingservice,0,0,0,0,0,0,0
2026-10-04T14:03:49Z,checkoutservice,adservice,0,0,0,0,0,0,0
2026-10-04T14:03:49Z,checkoutservice,cartservice,2313,2311,0,0,0,5735,1948
2026-10-04T14:03:49Z,checkoutservice,checkoutservice,0,0,0,0,0,0,0
2026-10-04T14:03:49Z,checkoutservice,currencyservice,1154,1154,0,0,0,2353,974
2026-10-04T14:03:49Z,checkoutservice,emailservice,1154,1154,0,0,0,12396,971
2026-10-04T14:03:49Z,checkoutservice,frontend,0,0,0,0,0,0,0
2026-10-04T14:03:49Z,checkoutservice,kubernetes,0,0,0,0,0,0,0
2026-10-04T14:03:49Z,checkoutservice,paymentservice,1154,1154,0,0,0,2745,974
2026-10-04T14:03:49Z,checkoutservice,productcatalogservice,0,0,0,0,0,0,0
2026-10-04T14:03:49Z,checkoutservice,recommendationservice,0,0,0,0,0,0,0
2026-10-04T14:03:49Z,checkoutservice,redis-cart,0,0,0,0,0,0,0
2026-10-04T14:03:49Z,checkoutservice,shippingservice,2309,2308,0,0,0,2978,1948
2026-10-04T14:03:49Z,currencyservice,adservice,0,0,0,0,0,0,0
2026-10-04T14:03:49Z,currencyservice,cartservice,0,0,0,0,0,0,0
2026-10-04T14:03:49Z,currencyservice,checkoutservice,0,0,0,0,0,0,0
2026-10-04T14:03:49Z,currencyservice,currencyservice,0,0,0,0,0,0,0
2026-10-04T14:03:49Z,currencyservice,emailservice,0,0,0,0,0,0,0
2026-10-04T14:03:49Z,currencyservice,frontend,0,0,0,0,0,0,0
2026-10-04T14:03:49Z,currencyservice,kubernetes,0,0,0,0,0,0,0
2026-10-04T14:03:49Z,currencyservice,paymentservice,0,0,0,0,0,0,0
2026-10-04T14:03:49Z,currencyservice,productcatalogservice,0,0,0,0,0,0,0
2026-10-04T14:03:49Z,currencyservice,recommendationservice,0,0,0,0,0,0,0
2026-10-04T14:03:49Z,currencyservice,redis-cart,0,0,0,0,0,0,0
2026-10-04T14:03:49Z,currencyservice,shippingservice,0,0,0,0,0,0,0
2026-10-04T14:03:49Z,emailservice,adservice,0,0,0,0,0,0,0
2026-10-04T14:03:49Z,emailservice,cartservice,0,0,0,0,0,0,0
2026-10-04T14:03:49Z,emailservice,checkoutservice,0,0,0,0,0,0,0
2026-10-04T14:03:49Z,emailservice,currencyservice,0,0,0,0,0,0,0
2026-10-04T14:03:49Z,emailservice,emailservice,0,0,0,0,0,0,0
2026-10-04T14:03:49Z,emailservice,frontend,0,0,0,0,0,0,0
2026-10-04T14:03:49Z,emailservice,kubernetes,0,0,0,0,0,0,0
2026-10-04T14:03:49Z,emailservice,paymentservice,0,0,0,0,0,0,0
2026-10-04T14:03:49Z,emailservice,productcatalogservice,0,0,0,0,0,0,0
2026-10-04T14:03:49Z,emailservice,recommendationservice,0,0,0,0,0,0,0
2026-10-04T14:03:49Z,emailservice,redis-cart,0,0,0,0,0,0,0
2026-10-04T14:03:49Z,emailservice,shippingservice,0,0,0,0,0,0,0
2026-10-04T14:03:49Z,frontend,adservice,776475,776473,0,0,0,2338310,776298
2026-10-04T14:03:49Z,frontend,cartservice,1735341,1735329,0,0,4,9639803,1735011
2026-10-04T14:03:49Z,frontend,checkoutservice,355990,174860,0,34332,146696,55680718,174789
2026-10-04T14:03:49Z,frontend,currencyservice,2758278,2758268,0,0,0,14611861,2757697
2026-10-04T14:03:49Z,frontend,emailservice,0,0,0,0,0,0,0
2026-10-04T14:03:49Z,frontend,frontend,0,0,0,0,0,0,0
2026-10-04T14:03:49Z,frontend,kubernetes,0,0,0,0,0,0,0
2026-10-04T14:03:49Z,frontend,paymentservice,0,0,0,0,0,0,0
2026-10-04T14:03:49Z,frontend,productcatalogservice,7705151,7705082,0,0,0,52383990,7703190
2026-10-04T14:03:49Z,frontend,recommendationservice,2528938,1529723,0,104145,892890,770024300,1529391
2026-10-04T14:03:49Z,frontend,redis-cart,0,0,0,0,0,0,0
2026-10-04T14:03:49Z,frontend,shippingservice,284843,284841,0,0,0,860317,284762
2026-10-04T14:03:49Z,paymentservice,adservice,0,0,0,0,0,0,0
2026-10-04T14:03:49Z,paymentservice,cartservice,0,0,0,0,0,0,0
2026-10-04T14:03:49Z,paymentservice,checkoutservice,0,0,0,0,0,0,0
2026-10-04T14:03:49Z,paymentservice,currencyservice,0,0,0,0,0,0,0
2026-10-04T14:03:49Z,paymentservice,emailservice,0,0,0,0,0,0,0
2026-10-04T14:03:49Z,paymentservice,frontend,0,0,0,0,0,0,0
2026-10-04T14:03:49Z,paymentservice,kubernetes,0,0,0,0,0,0,0
2026-10-04T14:03:49Z,paymentservice,paymentservice,0,0,0,0,0,0,0
2026-10-04T14:03:49Z,paymentservice,productcatalogservice,0,0,0,0,0,0,0
2026-10-04T14:03:49Z,paymentservice,recommendationservice,0,0,0,0,0,0,0
2026-10-04T14:03:49Z,paymentservice,redis-cart,0,0,0,0,0,0,0
2026-10-04T14:03:49Z,paymentservice,shippingservice,0,0,0,0,0,0,0
2026-10-04T14:03:49Z,productcatalogservice,adservice,0,0,0,0,0,0,0
2026-10-04T14:03:49Z,productcatalogservice,cartservice,0,0,0,0,0,0,0
2026-10-04T14:03:49Z,productcatalogservice,checkoutservice,0,0,0,0,0,0,0
2026-10-04T14:03:49Z,productcatalogservice,currencyservice,0,0,0,0,0,0,0
2026-10-04T14:03:49Z,productcatalogservice,emailservice,0,0,0,0,0,0,0
2026-10-04T14:03:49Z,productcatalogservice,frontend,0,0,0,0,0,0,0
2026-10-04T14:03:49Z,productcatalogservice,kubernetes,0,0,0,0,0,0,0
2026-10-04T14:03:49Z,productcatalogservice,paymentservice,0,0,0,0,0,0,0
2026-10-04T14:03:49Z,productcatalogservice,productcatalogservice,0,0,0,0,0,0,0
2026-10-04T14:03:49Z,productcatalogservice,recommendationservice,0,0,0,0,0,0,0
2026-10-04T14:03:49Z,productcatalogservice,redis-cart,0,0,0,0,0,0,0
2026-10-04T14:03:49Z,productcatalogservice,shippingservice,0,0,0,0,0,0,0
2026-10-04T14:03:49Z,recommendationservice,adservice,0,0,0,0,0,0,0
2026-10-04T14:03:49Z,recommendationservice,cartservice,0,0,0,0,0,0,0
2026-10-04T14:03:49Z,recommendationservice,checkoutservice,0,0,0,0,0,0,0
2026-10-04T14:03:49Z,recommendationservice,currencyservice,0,0,0,0,0,0,0
2026-10-04T14:03:49Z,recommendationservice,emailservice,0,0,0,0,0,0,0
2026-10-04T14:03:49Z,recommendationservice,frontend,0,0,0,0,0,0,0
2026-10-04T14:03:49Z,recommendationservice,kubernetes,0,0,0,0,0,0,0
2026-10-04T14:03:49Z,recommendationservice,paymentservice,0,0,0,0,0,0,0
2026-10-04T14:03:49Z,recommendationservice,productcatalogservice,4904,4899,0,0,0,9171,3579
2026-10-04T14:03:49Z,recommendationservice,recommendationservice,0,0,0,0,0,0,0
2026-10-04T14:03:49Z,recommendationservice,redis-cart,0,0,0,0,0,0,0
2026-10-04T14:03:49Z,recommendationservice,shippingservice,0,0,0,0,0,0,0
2026-10-04T14:03:49Z,redis-cart,adservice,0,0,0,0,0,0,0
2026-10-04T14:03:49Z,redis-cart,cartservice,0,0,0,0,0,0,0
2026-10-04T14:03:49Z,redis-cart,checkoutservice,0,0,0,0,0,0,0
2026-10-04T14:03:49Z,redis-cart,currencyservice,0,0,0,0,0,0,0
2026-10-04T14:03:49Z,redis-cart,emailservice,0,0,0,0,0,0,0
2026-10-04T14:03:49Z,redis-cart,frontend,0,0,0,0,0,0,0
2026-10-04T14:03:49Z,redis-cart,kubernetes,0,0,0,0,0,0,0
2026-10-04T14:03:49Z,redis-cart,paymentservice,0,0,0,0,0,0,0
2026-10-04T14:03:49Z,redis-cart,productcatalogservice,0,0,0,0,0,0,0
2026-10-04T14:03:49Z,redis-cart,recommendationservice,0,0,0,0,0,0,0
2026-10-04T14:03:49Z,redis-cart,redis-cart,0,0,0,0,0,0,0
2026-10-04T14:03:49Z,redis-cart,shippingservice,0,0,0,0,0,0,0
2026-10-04T14:03:49Z,shippingservice,adservice,0,0,0,0,0,0,0
2026-10-04T14:03:49Z,shippingservice,cartservice,0,0,0,0,0,0,0
2026-10-04T14:03:49Z,shippingservice,checkoutservice,0,0,0,0,0,0,0
2026-10-04T14:03:49Z,shippingservice,currencyservice,0,0,0,0,0,0,0
2026-10-04T14:03:49Z,shippingservice,emailservice,0,0,0,0,0,0,0
2026-10-04T14:03:49Z,shippingservice,frontend,0,0,0,0,0,0,0
2026-10-04T14:03:49Z,shippingservice,kubernetes,0,0,0,0,0,0,0
2026-10-04T14:03:49Z,shippingservice,paymentservice,0,0,0,0,0,0,0
2026-10-04T14:03:49Z,shippingservice,productcatalogservice,0,0,0,0,0,0,0
2026-10-04T14:03:49Z,shippingservice,recommendationservice,0,0,0,0,0,0,0
2026-10-04T14:03:49Z,shippingservice,redis-cart,0,0,0,0,0,0,0
2026-10-04T14:03:49Z,shippingservice,shippingservice,0,0,0,0,0,0,0
2026-10-04T14:03:50Z,adservice,adservice,0,0,0,0,0,0,0
2026-10-04T14:03:50Z,adservice,cartservice,0,0,0,0,0,0,0
2026-10-04T14:03:50Z,adservice,checkoutservice,0,0,0,0,0,0,0
2026-10-04T14:03:50Z,adservice,currencyservice,0,0,0,0,0,0,0
2026-10-04T14:03:50Z,adservice,emailservice,0,0,0,0,0,0,0
2026-10-04T14:03:50Z,adservice,frontend,0,0,0,0,0,0,0
2026-10-04T14:03:50Z,adservice,kubernetes,0,0,0,0,0,0,0
2026-10-04T14:03:50Z,adservice,paymentservice,0,0,0,0,0,0,0
2026-10-04T14:03:50Z,adservice,productcatalogservice,0,0,0,0,0,0,0
2026-10-04T14:03:50Z,adservice,recommendationservice,0,0,0,0,0,0,0
2026-10-04T14:03:50Z,adservice,redis-cart,0,0,0,0,0,0,0
2026-10-04T14:03:50Z,adservice,shippingservice,0,0,0,0,0,0,0
2026-10-04T14:03:50Z,cartservice,adservice,0,0,0,0,0,0,0
2026-10-04T14:03:50Z,cartservice,cartservice,0,0,0,0,0,0,0
2026-10-04T14:03:50Z,cartservice,checkoutservice,0,0,0,0,0,0,0
2026-10-04T14:03:50Z,cartservice,currencyservice,0,0,0,0,0,0,0
2026-10-04T14:03:50Z,cartservice,emailservice,0,0,0,0,0,0,0
2026-10-04T14:03:50Z,cartservice,frontend,0,0,0,0,0,0,0
2026-10-04T14:03:50Z,cartservice,kubernetes,0,0,0,0,0,0,0
2026-10-04T14:03:50Z,cartservice,paymentservice,0,0,0,0,0,0,0
2026-10-04T14:03:50Z,cartservice,productcatalogservice,0,0,0,0,0,0,0
2026-10-04T14:03:50Z,cartservice,recommendationservice,0,0,0,0,0,0,0
2026-10-04T14:03:50Z,cartservice,redis-cart,2,0,0,0,0,0,0
2026-10-04T14:03:50Z,cartservice,shippingservice,0,0,0,0,0,0,0
2026-10-04T14:03:50Z,checkoutservice,adservice,0,0,0,0,0,0,0
2026-10-04T14:03:50Z,checkoutservice,cartservice,2456,2456,0,0,0,5735,1948
2026-10-04T14:03:50Z,checkoutservice,checkoutservice,0,0,0,0,0,0,0
2026-10-04T14:03:50Z,checkoutservice,currencyservice,1228,1228,0,0,0,2353,974
2026-10-04T14:03:50Z,checkoutservice,emailservice,1228,1227,0,0,0,12396,971
2026-10-04T14:03:50Z,checkoutservice,frontend,0,0,0,0,0,0,0
2026-10-04T14:03:50Z,checkoutservice,kubernetes,0,0,0,0,0,0,0
2026-10-04T14:03:50Z,checkoutservice,paymentservice,1228,1228,0,0,0,2745,974
2026-10-04T14:03:50Z,checkoutservice,productcatalogservice,0,0,0,0,0,0,0
2026-10-04T14:03:50Z,checkoutservice,recommendationservice,0,0,0,0,0,0,0
2026-10-04T14:03:50Z,checkoutservice,redis-cart,0,0,0,0,0,0,0
2026-10-04T14:03:50Z,checkoutservice,shippingservice,2456,2456,0,0,0,2978,1948
2026-10-04T14:03:50Z,currencyservice,adservice,0,0,0,0,0,0,0
2026-10-04T14:03:50Z,currencyservice,cartservice,0,0,0,0,0,0,0
2026-10-04T14:03:50Z,currencyservice,checkoutservice,0,0,0,0,0,0,0
2026-10-04T14:03:50Z,currencyservice,currencyservice,0,0,0,0,0,0,0
2026-10-04T14:03:50Z,currencyservice,emailservice,0,0,0,0,0,0,0
2026-10-04T14:03:50Z,currencyservice,frontend,0,0,0,0,0,0,0
2026-10-04T14:03:50Z,currencyservice,kubernetes,0,0,0,0,0,0,0
2026-10-04T14:03:50Z,currencyservice,paymentservice,0,0,0,0,0,0,0
2026-10-04T14:03:50Z,currencyservice,productcatalogservice,0,0,0,0,0,0,0
2026-10-04T14:03:50Z,currencyservice,recommendationservice,0,0,0,0,0,0,0
2026-10-04T14:03:50Z,currencyservice,redis-cart,0,0,0,0,0,0,0
2026-10-04T14:03:50Z,currencyservice,shippingservice,0,0,0,0,0,0,0
2026-10-04T14:03:50Z,emailservice,adservice,0,0,0,0,0,0,0
2026-10-04T14:03:50Z,emailservice,cartservice,0,0,0,0,0,0,0
2026-10-04T14:03:50Z,emailservice,checkoutservice,0,0,0,0,0,0,0
2026-10-04T14:03:50Z,emailservice,currencyservice,0,0,0,0,0,0,0
2026-10-04T14:03:50Z,emailservice,emailservice,0,0,0,0,0,0,0
2026-10-04T14:03:50Z,emailservice,frontend,0,0,0,0,0,0,0
2026-10-04T14:03:50Z,emailservice,kubernetes,0,0,0,0,0,0,0
2026-10-04T14:03:50Z,emailservice,paymentservice,0,0,0,0,0,0,0
2026-10-04T14:03:50Z,emailservice,productcatalogservice,0,0,0,0,0,0,0
2026-10-04T14:03:50Z,emailservice,recommendationservice,0,0,0,0,0,0,0
2026-10-04T14:03:50Z,emailservice,redis-cart,0,0,0,0,0,0,0
2026-10-04T14:03:50Z,emailservice,shippingservice,0,0,0,0,0,0,0
2026-10-04T14:03:50Z,frontend,adservice,776651,776649,0,0,0,2338310,776298
2026-10-04T14:03:50Z,frontend,cartservice,1735645,1735633,0,0,4,9639803,1735011
2026-10-04T14:03:50Z,frontend,checkoutservice,356063,174925,0,34332,146696,55680718,174789
2026-10-04T14:03:50Z,frontend,currencyservice,2758827,2758813,0,0,0,14611861,2757697
2026-10-04T14:03:50Z,frontend,emailservice,0,0,0,0,0,0,0
2026-10-04T14:03:50Z,frontend,frontend,0,0,0,0,0,0,0
2026-10-04T14:03:50Z,frontend,kubernetes,0,0,0,0,0,0,0
2026-10-04T14:03:50Z,frontend,paymentservice,0,0,0,0,0,0,0
2026-10-04T14:03:50Z,frontend,productcatalogservice,7706952,7706875,0,0,0,52383990,7703190
2026-10-04T14:03:50Z,frontend,recommendationservice,2529259,1530037,0,104145,892890,770024300,1529391
2026-10-04T14:03:50Z,frontend,redis-cart,0,0,0,0,0,0,0
2026-10-04T14:03:50Z,frontend,shippingservice,284904,284902,0,0,0,860317,284762
2026-10-04T14:03:50Z,paymentservice,adservice,0,0,0,0,0,0,0
2026-10-04T14:03:50Z,paymentservice,cartservice,0,0,0,0,0,0,0
2026-10-04T14:03:50Z,paymentservice,checkoutservice,0,0,0,0,0,0,0
2026-10-04T14:03:50Z,paymentservice,currencyservice,0,0,0,0,0,0,0
2026-10-04T14:03:50Z,paymentservice,emailservice,0,0,0,0,0,0,0
2026-10-04T14:03:50Z,paymentservice,frontend,0,0,0,0,0,0,0
2026-10-04T14:03:50Z,paymentservice,kubernetes,0,0,0,0,0,0,0
2026-10-04T14:03:50Z,paymentservice,paymentservice,0,0,0,0,0,0,0
2026-10-04T14:03:50Z,paymentservice,productcatalogservice,0,0,0,0,0,0,0
2026-10-04T14:03:50Z,paymentservice,recommendationservice,0,0,0,0,0,0,0
2026-10-04T14:03:50Z,paymentservice,redis-cart,0,0,0,0,0,0,0
2026-10-04T14:03:50Z,paymentservice,shippingservice,0,0,0,0,0,0,0
2026-10-04T14:03:50Z,productcatalogservice,adservice,0,0,0,0,0,0,0
2026-10-04T14:03:50Z,productcatalogservice,cartservice,0,0,0,0,0,0,0
2026-10-04T14:03:50Z,productcatalogservice,checkoutservice,0,0,0,0,0,0,0
2026-10-04T14:03:50Z,productcatalogservice,currencyservice,0,0,0,0,0,0,0
2026-10-04T14:03:50Z,productcatalogservice,emailservice,0,0,0,0,0,0,0
2026-10-04T14:03:50Z,productcatalogservice,frontend,0,0,0,0,0,0,0
2026-10-04T14:03:50Z,productcatalogservice,kubernetes,0,0,0,0,0,0,0
2026-10-04T14:03:50Z,productcatalogservice,paymentservice,0,0,0,0,0,0,0
2026-10-04T14:03:50Z,productcatalogservice,productcatalogservice,0,0,0,0,0,0,0
2026-10-04T14:03:50Z,productcatalogservice,recommendationservice,0,0,0,0,0,0,0
2026-10-04T14:03:50Z,productcatalogservice,redis-cart,0,0,0,0,0,0,0
2026-10-04T14:03:50Z,productcatalogservice,shippingservice,0,0,0,0,0,0,0
2026-10-04T14:03:50Z,recommendationservice,adservice,0,0,0,0,0,0,0
2026-10-04T14:03:50Z,recommendationservice,cartservice,0,0,0,0,0,0,0
2026-10-04T14:03:50Z,recommendationservice,checkoutservice,0,0,0,0,0,0,0
2026-10-04T14:03:50Z,recommendationservice,currencyservice,0,0,0,0,0,0,0
2026-10-04T14:03:50Z,recommendationservice,emailservice,0,0,0,0,0,0,0
2026-10-04T14:03:50Z,recommendationservice,frontend,0,0,0,0,0,0,0
2026-10-04T14:03:50Z,recommendationservice,kubernetes,0,0,0,0,0,0,0
2026-10-04T14:03:50Z,recommendationservice,paymentservice,0,0,0,0,0,0,0
2026-10-04T14:03:50Z,recommendationservice,productcatalogservice,5217,5213,0,0,0,14859,5028
2026-10-04T14:03:50Z,recommendationservice,recommendationservice,0,0,0,0,0,0,0
2026-10-04T14:03:50Z,recommendationservice,redis-cart,0,0,0,0,0,0,0
2026-10-04T14:03:50Z,recommendationservice,shippingservice,0,0,0,0,0,0,0
2026-10-04T14:03:50Z,redis-cart,adservice,0,0,0,0,0,0,0
2026-10-04T14:03:50Z,redis-cart,cartservice,0,0,0,0,0,0,0
2026-10-04T14:03:50Z,redis-cart,checkoutservice,0,0,0,0,0,0,0
2026-10-04T14:03:50Z,redis-cart,currencyservice,0,0,0,0,0,0,0
2026-10-04T14:03:50Z,redis-cart,emailservice,0,0,0,0,0,0,0
2026-10-04T14:03:50Z,redis-cart,frontend,0,0,0,0,0,0,0
2026-10-04T14:03:50Z,redis-cart,kubernetes,0,0,0,0,0,0,0
2026-10-04T14:03:50Z,redis-cart,paymentservice,0,0,0,0,0,0,0
2026-10-04T14:03:50Z,redis-cart,productcatalogservice,0,0,0,0,0,0,0
2026-10-04T14:03:50Z,redis-cart,recommendationservice,0,0,0,0,0,0,0
2026-10-04T14:03:50Z,redis-cart,redis-cart,0,0,0,0,0,0,0
2026-10-04T14:03:50Z,redis-cart,shippingservice,0,0,0,0,0,0,0
2026-10-04T14:03:50Z,shippingservice,adservice,0,0,0,0,0,0,0
2026-10-04T14:03:50Z,shippingservice,cartservice,0,0,0,0,0,0,0
2026-10-04T14:03:50Z,shippingservice,checkoutservice,0,0,0,0,0,0,0
2026-10-04T14:03:50Z,shippingservice,currencyservice,0,0,0,0,0,0,0
2026-10-04T14:03:50Z,shippingservice,emailservice,0,0,0,0,0,0,0
2026-10-04T14:03:50Z,shippingservice,frontend,0,0,0,0,0,0,0
2026-10-04T14:03:50Z,shippingservice,kubernetes,0,0,0,0,0,0,0
2026-10-04T14:03:50Z,shippingservice,paymentservice,0,0,0,0,0,0,0
2026-10-04T14:03:50Z,shippingservice,productcatalogservice,0,0,0,0,0,0,0
2026-10-04T14:03:50Z,shippingservice,recommendationservice,0,0,0,0,0,0,0
2026-10-04T14:03:50Z,shippingservice,redis-cart,0,0,0,0,0,0,0
2026-10-04T14:03:50Z,shippingservice,shippingservice,0,0,0,0,0,0,0
2026-10-04T14:03:51Z,adservice,adservice,0,0,0,0,0,0,0
2026-10-04T14:03:51Z,adservice,cartservice,0,0,0,0,0,0,0
2026-10-04T14:03:51Z,adservice,checkoutservice,0,0,0,0,0,0,0
2026-10-04T14:03:51Z,adservice,currencyservice,0,0,0,0,0,0,0
2026-10-04T14:03:51Z,adservice,emailservice,0,0,0,0,0,0,0
2026-10-04T14:03:51Z,adservice,frontend,0,0,0,0,0,0,0
2026-10-04T14:03:51Z,adservice,kubernetes,0,0,0,0,0,0,0
2026-10-04T14:03:51Z,adservice,paymentservice,0,0,0,0,0,0,0
2026-10-04T14:03:51Z,adservice,productcatalogservice,0,0,0,0,0,0,0
2026-10-04T14:03:51Z,adservice,recommendationservice,0,0,0,0,0,0,0
2026-10-04T14:03:51Z,adservice,redis-cart,0,0,0,0,0,0,0
2026-10-04T14:03:51Z,adservice,shippingservice,0,0,0,0,0,0,0
2026-10-04T14:03:51Z,cartservice,adservice,0,0,0,0,0,0,0
2026-10-04T14:03:51Z,cartservice,cartservice,0,0,0,0,0,0,0
2026-10-04T14:03:51Z,cartservice,checkoutservice,0,0,0,0,0,0,0
2026-10-04T14:03:51Z,cartservice,currencyservice,0,0,0,0,0,0,0
2026-10-04T14:03:51Z,cartservice,emailservice,0,0,0,0,0,0,0
2026-10-04T14:03:51Z,cartservice,frontend,0,0,0,0,0,0,0
2026-10-04T14:03:51Z,cartservice,kubernetes,0,0,0,0,0,0,0
2026-10-04T14:03:51Z,cartservice,paymentservice,0,0,0,0,0,0,0
2026-10-04T14:03:51Z,cartservice,productcatalogservice,0,0,0,0,0,0,0
2026-10-04T14:03:51Z,cartservice,recommendationservice,0,0,0,0,0,0,0
2026-10-04T14:03:51Z,cartservice,redis-cart,2,0,0,0,0,0,0
2026-10-04T14:03:51Z,cartservice,shippingservice,0,0,0,0,0,0,0
2026-10-04T14:03:51Z,checkoutservice,adservice,0,0,0,0,0,0,0
2026-10-04T14:03:51Z,checkoutservice,cartservice,2615,2614,0,0,0,5735,1948
2026-10-04T14:03:51Z,checkoutservice,checkoutservice,0,0,0,0,0,0,0
2026-10-04T14:03:51Z,checkoutservice,currencyservice,1307,1307,0,0,0,2353,974
2026-10-04T14:03:51Z,checkoutservice,emailservice,1307,1299,0,0,0,12396,971
2026-10-04T14:03:51Z,checkoutservice,frontend,0,0,0,0,0,0,0
2026-10-04T14:03:51Z,checkoutservice,kubernetes,0,0,0,0,0,0,0
2026-10-04T14:03:51Z,checkoutservice,paymentservice,1307,1307,0,0,0,2745,974
2026-10-04T14:03:51Z,checkoutservice,productcatalogservice,0,0,0,0,0,0,0
2026-10-04T14:03:51Z,checkoutservice,recommendationservice,0,0,0,0,0,0,0
2026-10-04T14:03:51Z,checkoutservice,redis-cart,0,0,0,0,0,0,0
2026-10-04T14:03:51Z,checkoutservice,shippingservice,2614,2614,0,0,0,2978,1948
2026-10-04T14:03:51Z,currencyservice,adservice,0,0,0,0,0,0,0
2026-10-04T14:03:51Z,currencyservice,cartservice,0,0,0,0,0,0,0
2026-10-04T14:03:51Z,currencyservice,checkoutservice,0,0,0,0,0,0,0
2026-10-04T14:03:51Z,currencyservice,currencyservice,0,0,0,0,0,0,0
2026-10-04T14:03:51Z,currencyservice,emailservice,0,0,0,0,0,0,0
2026-10-04T14:03:51Z,currencyservice,frontend,0,0,0,0,0,0,0
2026-10-04T14:03:51Z,currencyservice,kubernetes,0,0,0,0,0,0,0
2026-10-04T14:03:51Z,currencyservice,paymentservice,0,0,0,0,0,0,0
2026-10-04T14:03:51Z,currencyservice,productcatalogservice,0,0,0,0,0,0,0
2026-10-04T14:03:51Z,currencyservice,recommendationservice,0,0,0,0,0,0,0
2026-10-04T14:03:51Z,currencyservice,redis-cart,0,0,0,0,0,0,0
2026-10-04T14:03:51Z,currencyservice,shippingservice,0,0,0,0,0,0,0
2026-10-04T14:03:51Z,emailservice,adservice,0,0,0,0,0,0,0
2026-10-04T14:03:51Z,emailservice,cartservice,0,0,0,0,0,0,0
2026-10-04T14:03:51Z,emailservice,checkoutservice,0,0,0,0,0,0,0
2026-10-04T14:03:51Z,emailservice,currencyservice,0,0,0,0,0,0,0
2026-10-04T14:03:51Z,emailservice,emailservice,0,0,0,0,0,0,0
2026-10-04T14:03:51Z,emailservice,frontend,0,0,0,0,0,0,0
2026-10-04T14:03:51Z,emailservice,kubernetes,0,0,0,0,0,0,0
2026-10-04T14:03:51Z,emailservice,paymentservice,0,0,0,0,0,0,0
2026-10-04T14:03:51Z,emailservice,productcatalogservice,0,0,0,0,0,0,0
2026-10-04T14:03:51Z,emailservice,recommendationservice,0,0,0,0,0,0,0
2026-10-04T14:03:51Z,emailservice,redis-cart,0,0,0,0,0,0,0
2026-10-04T14:03:51Z,emailservice,shippingservice,0,0,0,0,0,0,0
2026-10-04T14:03:51Z,frontend,adservice,776842,776839,0,0,0,2338310,776298
2026-10-04T14:03:51Z,frontend,cartservice,1735972,1735958,0,0,4,9639803,1735011
2026-10-04T14:03:51Z,frontend,checkoutservice,356146,175007,0,34332,146696,55680718,174789
2026-10-04T14:03:51Z,frontend,currencyservice,2759429,2759422,0,0,0,14611861,2757697
2026-10-04T14:03:51Z,frontend,emailservice,0,0,0,0,0,0,0
2026-10-04T14:03:51Z,frontend,frontend,0,0,0,0,0,0,0
2026-10-04T14:03:51Z,frontend,kubernetes,0,0,0,0,0,0,0
2026-10-04T14:03:51Z,frontend,paymentservice,0,0,0,0,0,0,0
2026-10-04T14:03:51Z,frontend,productcatalogservice,7708928,7708859,0,0,0,52383990,7703190
2026-10-04T14:03:51Z,frontend,recommendationservice,2529599,1530379,0,104145,892890,770024300,1529391
2026-10-04T14:03:51Z,frontend,redis-cart,0,0,0,0,0,0,0
2026-10-04T14:03:51Z,frontend,shippingservice,284977,284975,0,0,0,860317,284762
2026-10-04T14:03:51Z,paymentservice,adservice,0,0,0,0,0,0,0
2026-10-04T14:03:51Z,paymentservice,cartservice,0,0,0,0,0,0,0
2026-10-04T14:03:51Z,paymentservice,checkoutservice,0,0,0,0,0,0,0
2026-10-04T14:03:51Z,paymentservice,currencyservice,0,0,0,0,0,0,0
2026-10-04T14:03:51Z,paymentservice,emailservice,0,0,0,0,0,0,0
2026-10-04T14:03:51Z,paymentservice,frontend,0,0,0,0,0,0,0
2026-10-04T14:03:51Z,paymentservice,kubernetes,0,0,0,0,0,0,0
2026-10-04T14:03:51Z,paymentservice,paymentservice,0,0,0,0,0,0,0
2026-10-04T14:03:51Z,paymentservice,productcatalogservice,0,0,0,0,0,0,0
2026-10-04T14:03:51Z,paymentservice,recommendationservice,0,0,0,0,0,0,0
2026-10-04T14:03:51Z,paymentservice,redis-cart,0,0,0,0,0,0,0
2026-10-04T14:03:51Z,paymentservice,shippingservice,0,0,0,0,0,0,0
2026-10-04T14:03:51Z,productcatalogservice,adservice,0,0,0,0,0,0,0
2026-10-04T14:03:51Z,productcatalogservice,cartservice,0,0,0,0,0,0,0
2026-10-04T14:03:51Z,productcatalogservice,checkoutservice,0,0,0,0,0,0,0
2026-10-04T14:03:51Z,productcatalogservice,currencyservice,0,0,0,0,0,0,0
2026-10-04T14:03:51Z,productcatalogservice,emailservice,0,0,0,0,0,0,0
2026-10-04T14:03:51Z,productcatalogservice,frontend,0,0,0,0,0,0,0
2026-10-04T14:03:51Z,productcatalogservice,kubernetes,0,0,0,0,0,0,0
2026-10-04T14:03:51Z,productcatalogservice,paymentservice,0,0,0,0,0,0,0
2026-10-04T14:03:51Z,productcatalogservice,productcatalogservice,0,0,0,0,0,0,0
2026-10-04T14:03:51Z,productcatalogservice,recommendationservice,0,0,0,0,0,0,0
2026-10-04T14:03:51Z,productcatalogservice,redis-cart,0,0,0,0,0,0,0
2026-10-04T14:03:51Z,productcatalogservice,shippingservice,0,0,0,0,0,0,0
2026-10-04T14:03:51Z,recommendationservice,adservice,0,0,0,0,0,0,0
2026-10-04T14:03:51Z,recommendationservice,cartservice,0,0,0,0,0,0,0
2026-10-04T14:03:51Z,recommendationservice,checkoutservice,0,0,0,0,0,0,0
2026-10-04T14:03:51Z,recommendationservice,currencyservice,0,0,0,0,0,0,0
2026-10-04T14:03:51Z,recommendationservice,emailservice,0,0,0,0,0,0,0
2026-10-04T14:03:51Z,recommendationservice,frontend,0,0,0,0,0,0,0
2026-10-04T14:03:51Z,recommendationservice,kubernetes,0,0,0,0,0,0,0
2026-10-04T14:03:51Z,recommendationservice,paymentservice,0,0,0,0,0,0,0
2026-10-04T14:03:51Z,recommendationservice,productcatalogservice,5542,5542,0,0,0,14859,5028
2026-10-04T14:03:51Z,recommendationservice,recommendationservice,0,0,0,0,0,0,0
2026-10-04T14:03:51Z,recommendationservice,redis-cart,0,0,0,0,0,0,0
2026-10-04T14:03:51Z,recommendationservice,shippingservice,0,0,0,0,0,0,0
2026-10-04T14:03:51Z,redis-cart,adservice,0,0,0,0,0,0,0
2026-10-04T14:03:51Z,redis-cart,cartservice,0,0,0,0,0,0,0
2026-10-04T14:03:51Z,redis-cart,checkoutservice,0,0,0,0,0,0,0
2026-10-04T14:03:51Z,redis-cart,currencyservice,0,0,0,0,0,0,0
2026-10-04T14:03:51Z,redis-cart,emailservice,0,0,0,0,0,0,0
2026-10-04T14:03:51Z,redis-cart,frontend,0,0,0,0,0,0,0
2026-10-04T14:03:51Z,redis-cart,kubernetes,0,0,0,0,0,0,0
2026-10-04T14:03:51Z,redis-cart,paymentservice,0,0,0,0,0,0,0
2026-10-04T14:03:51Z,redis-cart,productcatalogservice,0,0,0,0,0,0,0
2026-10-04T14:03:51Z,redis-cart,recommendationservice,0,0,0,0,0,0,0
2026-10-04T14:03:51Z,redis-cart,redis-cart,0,0,0,0,0,0,0
2026-10-04T14:03:51Z,redis-cart,shippingservice,0,0,0,0,0,0,0
2026-10-04T14:03:51Z,shippingservice,adservice,0,0,0,0,0,0,0
2026-10-04T14:03:51Z,shippingservice,cartservice,0,0,0,0,0,0,0
2026-10-04T14:03:51Z,shippingservice,checkoutservice,0,0,0,0,0,0,0
2026-10-04T14:03:51Z,shippingservice,currencyservice,0,0,0,0,0,0,0
2026-10-04T14:03:51Z,shippingservice,emailservice,0,0,0,0,0,0,0
2026-10-04T14:03:51Z,shippingservice,frontend,0,0,0,0,0,0,0
2026-10-04T14:03:51Z,shippingservice,kubernetes,0,0,0,0,0,0,0
2026-10-04T14:03:51Z,shippingservice,paymentservice,0,0,0,0,0,0,0
2026-10-04T14:03:51Z,shippingservice,productcatalogservice,0,0,0,0,0,0,0
2026-10-04T14:03:51Z,shippingservice,recommendationservice,0,0,0,0,0,0,0
2026-10-04T14:03:51Z,shippingservice,redis-cart,0,0,0,0,0,0,0
2026-10-04T14:03:51Z,shippingservice,shippingservice,0,0,0,0,0,0,0
2026-10-04T14:03:52Z,adservice,adservice,0,0,0,0,0,0,0
2026-10-04T14:03:52Z,adservice,cartservice,0,0,0,0,0,0,0
2026-10-04T14:03:52Z,adservice,checkoutservice,0,0,0,0,0,0,0
2026-10-04T14:03:52Z,adservice,currencyservice,0,0,0,0,0,0,0
2026-10-04T14:03:52Z,adservice,emailservice,0,0,0,0,0,0,0
2026-10-04T14:03:52Z,adservice,frontend,0,0,0,0,0,0,0
2026-10-04T14:03:52Z,adservice,kubernetes,0,0,0,0,0,0,0
2026-10-04T14:03:52Z,adservice,paymentservice,0,0,0,0,0,0,0
2026-10-04T14:03:52Z,adservice,productcatalogservice,0,0,0,0,0,0,0
2026-10-04T14:03:52Z,adservice,recommendationservice,0,0,0,0,0,0,0
2026-10-04T14:03:52Z,adservice,redis-cart,0,0,0,0,0,0,0
2026-10-04T14:03:52Z,adservice,shippingservice,0,0,0,0,0,0,0
2026-10-04T14:03:52Z,cartservice,adservice,0,0,0,0,0,0,0
2026-10-04T14:03:52Z,cartservice,cartservice,0,0,0,0,0,0,0
2026-10-04T14:03:52Z,cartservice,checkoutservice,0,0,0,0,0,0,0
2026-10-04T14:03:52Z,cartservice,currencyservice,0,0,0,0,0,0,0
2026-10-04T14:03:52Z,cartservice,emailservice,0,0,0,0,0,0,0
2026-10-04T14:03:52Z,cartservice,frontend,0,0,0,0,0,0,0
2026-10-04T14:03:52Z,cartservice,kubernetes,0,0,0,0,0,0,0
2026-10-04T14:03:52Z,cartservice,paymentservice,0,0,0,0,0,0,0
2026-10-04T14:03:52Z,cartservice,productcatalogservice,0,0,0,0,0,0,0
2026-10-04T14:03:52Z,cartservice,recommendationservice,0,0,0,0,0,0,0
2026-10-04T14:03:52Z,cartservice,redis-cart,2,0,0,0,0,0,0
2026-10-04T14:03:52Z,cartservice,shippingservice,0,0,0,0,0,0,0
2026-10-04T14:03:52Z,checkoutservice,adservice,0,0,0,0,0,0,0
2026-10-04T14:03:52Z,checkoutservice,cartservice,2776,2776,0,0,0,8533,2694
2026-10-04T14:03:52Z,checkoutservice,checkoutservice,0,0,0,0,0,0,0
2026-10-04T14:03:52Z,checkoutservice,currencyservice,1388,1388,0,0,0,3592,1346
2026-10-04T14:03:52Z,checkoutservice,emailservice,1388,1386,0,0,0,33728,1333
2026-10-04T14:03:52Z,checkoutservice,frontend,0,0,0,0,0,0,0
2026-10-04T14:03:52Z,checkoutservice,kubernetes,0,0,0,0,0,0,0
2026-10-04T14:03:52Z,checkoutservice,paymentservice,1388,1388,0,0,0,3838,1346
2026-10-04T14:03:52Z,checkoutservice,productcatalogservice,0,0,0,0,0,0,0
2026-10-04T14:03:52Z,checkoutservice,recommendationservice,0,0,0,0,0,0,0
2026-10-04T14:03:52Z,checkoutservice,redis-cart,0,0,0,0,0,0,0
2026-10-04T14:03:52Z,checkoutservice,shippingservice,2776,2776,0,0,0,4482,2692
2026-10-04T14:03:52Z,currencyservice,adservice,0,0,0,0,0,0,0
2026-10-04T14:03:52Z,currencyservice,cartservice,0,0,0,0,0,0,0
2026-10-04T14:03:52Z,currencyservice,checkoutservice,0,0,0,0,0,0,0
2026-10-04T14:03:52Z,currencyservice,currencyservice,0,0,0,0,0,0,0
2026-10-04T14:03:52Z,currencyservice,emailservice,0,0,0,0,0,0,0
2026-10-04T14:03:52Z,currencyservice,frontend,0,0,0,0,0,0,0
2026-10-04T14:03:52Z,currencyservice,kubernetes,0,0,0,0,0,0,0
2026-10-04T14:03:52Z,currencyservice,paymentservice,0,0,0,0,0,0,0
2026-10-04T14:03:52Z,currencyservice,productcatalogservice,0,0,0,0,0,0,0
2026-10-04T14:03:52Z,currencyservice,recommendationservice,0,0,0,0,0,0,0
2026-10-04T14:03:52Z,currencyservice,redis-cart,0,0,0,0,0,0,0
2026-10-04T14:03:52Z,currencyservice,shippingservice,0,0,0,0,0,0,0
2026-10-04T14:03:52Z,emailservice,adservice,0,0,0,0,0,0,0
2026-10-04T14:03:52Z,emailservice,cartservice,0,0,0,0,0,0,0
2026-10-04T14:03:52Z,emailservice,checkoutservice,0,0,0,0,0,0,0
2026-10-04T14:03:52Z,emailservice,currencyservice,0,0,0,0,0,0,0
2026-10-04T14:03:52Z,emailservice,emailservice,0,0,0,0,0,0,0
2026-10-04T14:03:52Z,emailservice,frontend,0,0,0,0,0,0,0
2026-10-04T14:03:52Z,emailservice,kubernetes,0,0,0,0,0,0,0
2026-10-04T14:03:52Z,emailservice,paymentservice,0,0,0,0,0,0,0
2026-10-04T14:03:52Z,emailservice,productcatalogservice,0,0,0,0,0,0,0
2026-10-04T14:03:52Z,emailservice,recommendationservice,0,0,0,0,0,0,0
2026-10-04T14:03:52Z,emailservice,redis-cart,0,0,0,0,0,0,0
2026-10-04T14:03:52Z,emailservice,shippingservice,0,0,0,0,0,0,0
2026-10-04T14:03:52Z,frontend,adservice,777012,777010,0,0,0,2338310,776298
2026-10-04T14:03:52Z,frontend,cartservice,1736281,1736269,0,0,4,9639803,1735011
2026-10-04T14:03:52Z,frontend,checkoutservice,356223,175094,0,34332,146696,55680718,174789
2026-10-04T14:03:52Z,frontend,currencyservice,2759996,2759987,0,0,0,14611861,2757697
2026-10-04T14:03:52Z,frontend,emailservice,0,0,0,0,0,0,0
2026-10-04T14:03:52Z,frontend,frontend,0,0,0,0,0,0,0
2026-10-04T14:03:52Z,frontend,kubernetes,0,0,0,0,0,0,0
2026-10-04T14:03:52Z,frontend,paymentservice,0,0,0,0,0,0,0
2026-10-04T14:03:52Z,frontend,productcatalogservice,7710752,7710679,0,0,0,52383990,7703190
2026-10-04T14:03:52Z,frontend,recommendationservice,2529918,1530700,0,104145,892890,770024300,1529391
2026-10-04T14:03:52Z,frontend,redis-cart,0,0,0,0,0,0,0
2026-10-04T14:03:52Z,frontend,shippingservice,285047,285045,0,0,0,860317,284762
2026-10-04T14:03:52Z,paymentservice,adservice,0,0,0,0,0,0,0
2026-10-04T14:03:52Z,paymentservice,cartservice,0,0,0,0,0,0,0
2026-10-04T14:03:52Z,paymentservice,checkoutservice,0,0,0,0,0,0,0
2026-10-04T14:03:52Z,paymentservice,currencyservice,0,0,0,0,0,0,0
2026-10-04T14:03:52Z,paymentservice,emailservice,0,0,0,0,0,0,0
2026-10-04T14:03:52Z,paymentservice,frontend,0,0,0,0,0,0,0
2026-10-04T14:03:52Z,paymentservice,kubernetes,0,0,0,0,0,0,0
2026-10-04T14:03:52Z,paymentservice,paymentservice,0,0,0,0,0,0,0
2026-10-04T14:03:52Z,paymentservice,productcatalogservice,0,0,0,0,0,0,0
2026-10-04T14:03:52Z,paymentservice,recommendationservice,0,0,0,0,0,0,0
2026-10-04T14:03:52Z,paymentservice,redis-cart,0,0,0,0,0,0,0
2026-10-04T14:03:52Z,paymentservice,shippingservice,0,0,0,0,0,0,0
2026-10-04T14:03:52Z,productcatalogservice,adservice,0,0,0,0,0,0,0
2026-10-04T14:03:52Z,productcatalogservice,cartservice,0,0,0,0,0,0,0
2026-10-04T14:03:52Z,productcatalogservice,checkoutservice,0,0,0,0,0,0,0
2026-10-04T14:03:52Z,productcatalogservice,currencyservice,0,0,0,0,0,0,0
2026-10-04T14:03:52Z,productcatalogservice,emailservice,0,0,0,0,0,0,0
2026-10-04T14:03:52Z,productcatalogservice,frontend,0,0,0,0,0,0,0
2026-10-04T14:03:52Z,productcatalogservice,kubernetes,0,0,0,0,0,0,0
2026-10-04T14:03:52Z,productcatalogservice,paymentservice,0,0,0,0,0,0,0
2026-10-04T14:03:52Z,productcatalogservice,productcatalogservice,0,0,0,0,0,0,0
2026-10-04T14:03:52Z,productcatalogservice,recommendationservice,0,0,0,0,0,0,0
2026-10-04T14:03:52Z,productcatalogservice,redis-cart,0,0,0,0,0,0,0
2026-10-04T14:03:52Z,productcatalogservice,shippingservice,0,0,0,0,0,0,0
2026-10-04T14:03:52Z,recommendationservice,adservice,0,0,0,0,0,0,0
2026-10-04T14:03:52Z,recommendationservice,cartservice,0,0,0,0,0,0,0
2026-10-04T14:03:52Z,recommendationservice,checkoutservice,0,0,0,0,0,0,0
2026-10-04T14:03:52Z,recommendationservice,currencyservice,0,0,0,0,0,0,0
2026-10-04T14:03:52Z,recommendationservice,emailservice,0,0,0,0,0,0,0
2026-10-04T14:03:52Z,recommendationservice,frontend,0,0,0,0,0,0,0
2026-10-04T14:03:52Z,recommendationservice,kubernetes,0,0,0,0,0,0,0
2026-10-04T14:03:52Z,recommendationservice,paymentservice,0,0,0,0,0,0,0
2026-10-04T14:03:52Z,recommendationservice,productcatalogservice,5877,5874,0,0,0,14859,5028
2026-10-04T14:03:52Z,recommendationservice,recommendationservice,0,0,0,0,0,0,0
2026-10-04T14:03:52Z,recommendationservice,redis-cart,0,0,0,0,0,0,0
2026-10-04T14:03:52Z,recommendationservice,shippingservice,0,0,0,0,0,0,0
2026-10-04T14:03:52Z,redis-cart,adservice,0,0,0,0,0,0,0
2026-10-04T14:03:52Z,redis-cart,cartservice,0,0,0,0,0,0,0
2026-10-04T14:03:52Z,redis-cart,checkoutservice,0,0,0,0,0,0,0
2026-10-04T14:03:52Z,redis-cart,currencyservice,0,0,0,0,0,0,0
2026-10-04T14:03:52Z,redis-cart,emailservice,0,0,0,0,0,0,0
2026-10-04T14:03:52Z,redis-cart,frontend,0,0,0,0,0,0,0
2026-10-04T14:03:52Z,redis-cart,kubernetes,0,0,0,0,0,0,0
2026-10-04T14:03:52Z,redis-cart,paymentservice,0,0,0,0,0,0,0
2026-10-04T14:03:52Z,redis-cart,productcatalogservice,0,0,0,0,0,0,0
2026-10-04T14:03:52Z,redis-cart,recommendationservice,0,0,0,0,0,0,0
2026-10-04T14:03:52Z,redis-cart,redis-cart,0,0,0,0,0,0,0
2026-10-04T14:03:52Z,redis-cart,shippingservice,0,0,0,0,0,0,0
2026-10-04T14:03:52Z,shippingservice,adservice,0,0,0,0,0,0,0
2026-10-04T14:03:52Z,shippingservice,cartservice,0,0,0,0,0,0,0
2026-10-04T14:03:52Z,shippingservice,checkoutservice,0,0,0,0,0,0,0
2026-10-04T14:03:52Z,shippingservice,currencyservice,0,0,0,0,0,0,0
2026-10-04T14:03:52Z,shippingservice,emailservice,0,0,0,0,0,0,0
2026-10-04T14:03:52Z,shippingservice,frontend,0,0,0,0,0,0,0
2026-10-04T14:03:52Z,shippingservice,kubernetes,0,0,0,0,0,0,0
2026-10-04T14:03:52Z,shippingservice,paymentservice,0,0,0,0,0,0,0
2026-10-04T14:03:52Z,shippingservice,productcatalogservice,0,0,0,0,0,0,0
2026-10-04T14:03:52Z,shippingservice,recommendationservice,0,0,0,0,0,0,0
2026-10-04T14:03:52Z,shippingservice,redis-cart,0,0,0,0,0,0,0
2026-10-04T14:03:52Z,shippingservice,shippingservice,0,0,0,0,0,0,0
2026-10-04T14:03:53Z,adservice,adservice,0,0,0,0,0,0,0
2026-10-04T14:03:53Z,adservice,cartservice,0,0,0,0,0,0,0
2026-10-04T14:03:53Z,adservice,checkoutservice,0,0,0,0,0,0,0
2026-10-04T14:03:53Z,adservice,currencyservice,0,0,0,0,0,0,0
2026-10-04T14:03:53Z,adservice,emailservice,0,0,0,0,0,0,0
2026-10-04T14:03:53Z,adservice,frontend,0,0,0,0,0,0,0
2026-10-04T14:03:53Z,adservice,kubernetes,0,0,0,0,0,0,0
2026-10-04T14:03:53Z,adservice,paymentservice,0,0,0,0,0,0,0
2026-10-04T14:03:53Z,adservice,productcatalogservice,0,0,0,0,0,0,0
2026-10-04T14:03:53Z,adservice,recommendationservice,0,0,0,0,0,0,0
2026-10-04T14:03:53Z,adservice,redis-cart,0,0,0,0,0,0,0
2026-10-04T14:03:53Z,adservice,shippingservice,0,0,0,0,0,0,0
2026-10-04T14:03:53Z,cartservice,adservice,0,0,0,0,0,0,0
2026-10-04T14:03:53Z,cartservice,cartservice,0,0,0,0,0,0,0
2026-10-04T14:03:53Z,cartservice,checkoutservice,0,0,0,0,0,0,0
2026-10-04T14:03:53Z,cartservice,currencyservice,0,0,0,0,0,0,0
2026-10-04T14:03:53Z,cartservice,emailservice,0,0,0,0,0,0,0
2026-10-04T14:03:53Z,cartservice,frontend,0,0,0,0,0,0,0
2026-10-04T14:03:53Z,cartservice,kubernetes,0,0,0,0,0,0,0
2026-10-04T14:03:53Z,cartservice,paymentservice,0,0,0,0,0,0,0
2026-10-04T14:03:53Z,cartservice,productcatalogservice,0,0,0,0,0,0,0
2026-10-04T14:03:53Z,cartservice,recommendationservice,0,0,0,0,0,0,0
2026-10-04T14:03:53Z,cartservice,redis-cart,2,0,0,0,0,0,0
2026-10-04T14:03:53Z,cartservice,shippingservice,0,0,0,0,0,0,0
2026-10-04T14:03:53Z,checkoutservice,adservice,0,0,0,0,0,0,0
2026-10-04T14:03:53Z,checkoutservice,cartservice,2938,2938,0,0,0,8533,2694
2026-10-04T14:03:53Z,checkoutservice,checkoutservice,0,0,0,0,0,0,0
2026-10-04T14:03:53Z,checkoutservice,currencyservice,1469,1469,0,0,0,3592,1346
2026-10-04T14:03:53Z,checkoutservice,emailservice,1469,1465,0,0,0,33728,1333
2026-10-04T14:03:53Z,checkoutservice,frontend,0,0,0,0,0,0,0
2026-10-04T14:03:53Z,checkoutservice,kubernetes,0,0,0,0,0,0,0
2026-10-04T14:03:53Z,checkoutservice,paymentservice,1469,1469,0,0,0,3838,1346
2026-10-04T14:03:53Z,checkoutservice,productcatalogservice,0,0,0,0,0,0,0
2026-10-04T14:03:53Z,checkoutservice,recommendationservice,0,0,0,0,0,0,0
2026-10-04T14:03:53Z,checkoutservice,redis-cart,0,0,0,0,0,0,0
2026-10-04T14:03:53Z,checkoutservice,shippingservice,2938,2938,0,0,0,4482,2692
2026-10-04T14:03:53Z,currencyservice,adservice,0,0,0,0,0,0,0
2026-10-04T14:03:53Z,currencyservice,cartservice,0,0,0,0,0,0,0
2026-10-04T14:03:53Z,currencyservice,checkoutservice,0,0,0,0,0,0,0
2026-10-04T14:03:53Z,currencyservice,currencyservice,0,0,0,0,0,0,0
2026-10-04T14:03:53Z,currencyservice,emailservice,0,0,0,0,0,0,0
2026-10-04T14:03:53Z,currencyservice,frontend,0,0,0,0,0,0,0
2026-10-04T14:03:53Z,currencyservice,kubernetes,0,0,0,0,0,0,0
2026-10-04T14:03:53Z,currencyservice,paymentservice,0,0,0,0,0,0,0
2026-10-04T14:03:53Z,currencyservice,productcatalogservice,0,0,0,0,0,0,0
2026-10-04T14:03:53Z,currencyservice,recommendationservice,0,0,0,0,0,0,0
2026-10-04T14:03:53Z,currencyservice,redis-cart,0,0,0,0,0,0,0
2026-10-04T14:03:53Z,currencyservice,shippingservice,0,0,0,0,0,0,0
2026-10-04T14:03:53Z,emailservice,adservice,0,0,0,0,0,0,0
2026-10-04T14:03:53Z,emailservice,cartservice,0,0,0,0,0,0,0
2026-10-04T14:03:53Z,emailservice,checkoutservice,0,0,0,0,0,0,0
2026-10-04T14:03:53Z,emailservice,currencyservice,0,0,0,0,0,0,0
2026-10-04T14:03:53Z,emailservice,emailservice,0,0,0,0,0,0,0
2026-10-04T14:03:53Z,emailservice,frontend,0,0,0,0,0,0,0
2026-10-04T14:03:53Z,emailservice,kubernetes,0,0,0,0,0,0,0
2026-10-04T14:03:53Z,emailservice,paymentservice,0,0,0,0,0,0,0
2026-10-04T14:03:53Z,emailservice,productcatalogservice,0,0,0,0,0,0,0
2026-10-04T14:03:53Z,emailservice,recommendationservice,0,0,0,0,0,0,0
2026-10-04T14:03:53Z,emailservice,redis-cart,0,0,0,0,0,0,0
2026-10-04T14:03:53Z,emailservice,shippingservice,0,0,0,0,0,0,0
2026-10-04T14:03:53Z,frontend,adservice,777186,777184,0,0,0,2339944,776975
2026-10-04T14:03:53Z,frontend,cartservice,1736610,1736596,0,0,4,9644818,1736190
2026-10-04T14:03:53Z,frontend,checkoutservice,356308,175176,0,34332,146696,55728540,175075
2026-10-04T14:03:53Z,frontend,currencyservice,2760591,2760582,0,0,0,14620869,2759851
2026-10-04T14:03:53Z,frontend,emailservice,0,0,0,0,0,0,0
2026-10-04T14:03:53Z,frontend,frontend,0,0,0,0,0,0,0
2026-10-04T14:03:53Z,frontend,kubernetes,0,0,0,0,0,0,0
2026-10-04T14:03:53Z,frontend,paymentservice,0,0,0,0,0,0,0
2026-10-04T14:03:53Z,frontend,productcatalogservice,7712684,7712608,0,0,0,52415613,7710286
2026-10-04T14:03:53Z,frontend,recommendationservice,2530256,1531034,0,104145,892890,770066764,1530627
2026-10-04T14:03:53Z,frontend,redis-cart,0,0,0,0,0,0,0
2026-10-04T14:03:53Z,frontend,shippingservice,285119,285117,0,0,0,861050,285030
2026-10-04T14:03:53Z,paymentservice,adservice,0,0,0,0,0,0,0
2026-10-04T14:03:53Z,paymentservice,cartservice,0,0,0,0,0,0,0
2026-10-04T14:03:53Z,paymentservice,checkoutservice,0,0,0,0,0,0,0
2026-10-04T14:03:53Z,paymentservice,currencyservice,0,0,0,0,0,0,0
2026-10-04T14:03:53Z,paymentservice,emailservice,0,0,0,0,0,0,0
2026-10-04T14:03:53Z,paymentservice,frontend,0,0,0,0,0,0,0
2026-10-04T14:03:53Z,paymentservice,kubernetes,0,0,0,0,0,0,0
2026-10-04T14:03:53Z,paymentservice,paymentservice,0,0,0,0,0,0,0
2026-10-04T14:03:53Z,paymentservice,productcatalogservice,0,0,0,0,0,0,0
2026-10-04T14:03:53Z,paymentservice,recommendationservice,0,0,0,0,0,0,0
2026-10-04T14:03:53Z,paymentservice,redis-cart,0,0,0,0,0,0,0
2026-10-04T14:03:53Z,paymentservice,shippingservice,0,0,0,0,0,0,0
2026-10-04T14:03:53Z,productcatalogservice,adservice,0,0,0,0,0,0,0
2026-10-04T14:03:53Z,productcatalogservice,cartservice,0,0,0,0,0,0,0
2026-10-04T14:03:53Z,productcatalogservice,checkoutservice,0,0,0,0,0,0,0
2026-10-04T14:03:53Z,productcatalogservice,currencyservice,0,0,0,0,0,0,0
2026-10-04T14:03:53Z,productcatalogservice,emailservice,0,0,0,0,0,0,0
2026-10-04T14:03:53Z,productcatalogservice,frontend,0,0,0,0,0,0,0
2026-10-04T14:03:53Z,productcatalogservice,kubernetes,0,0,0,0,0,0,0
2026-10-04T14:03:53Z,productcatalogservice,paymentservice,0,0,0,0,0,0,0
2026-10-04T14:03:53Z,productcatalogservice,productcatalogservice,0,0,0,0,0,0,0
2026-10-04T14:03:53Z,productcatalogservice,recommendationservice,0,0,0,0,0,0,0
2026-10-04T14:03:53Z,productcatalogservice,redis-cart,0,0,0,0,0,0,0
2026-10-04T14:03:53Z,productcatalogservice,shippingservice,0,0,0,0,0,0,0
2026-10-04T14:03:53Z,recommendationservice,adservice,0,0,0,0,0,0,0
2026-10-04T14:03:53Z,recommendationservice,cartservice,0,0,0,0,0,0,0
2026-10-04T14:03:53Z,recommendationservice,checkoutservice,0,0,0,0,0,0,0
2026-10-04T14:03:53Z,recommendationservice,currencyservice,0,0,0,0,0,0,0
2026-10-04T14:03:53Z,recommendationservice,emailservice,0,0,0,0,0,0,0
2026-10-04T14:03:53Z,recommendationservice,frontend,0,0,0,0,0,0,0
2026-10-04T14:03:53Z,recommendationservice,kubernetes,0,0,0,0,0,0,0
2026-10-04T14:03:53Z,recommendationservice,paymentservice,0,0,0,0,0,0,0
2026-10-04T14:03:53Z,recommendationservice,productcatalogservice,6228,6228,0,0,0,14859,5028
2026-10-04T14:03:53Z,recommendationservice,recommendationservice,0,0,0,0,0,0,0
2026-10-04T14:03:53Z,recommendationservice,redis-cart,0,0,0,0,0,0,0
2026-10-04T14:03:53Z,recommendationservice,shippingservice,0,0,0,0,0,0,0
2026-10-04T14:03:53Z,redis-cart,adservice,0,0,0,0,0,0,0
2026-10-04T14:03:53Z,redis-cart,cartservice,0,0,0,0,0,0,0
2026-10-04T14:03:53Z,redis-cart,checkoutservice,0,0,0,0,0,0,0
2026-10-04T14:03:53Z,redis-cart,currencyservice,0,0,0,0,0,0,0
2026-10-04T14:03:53Z,redis-cart,emailservice,0,0,0,0,0,0,0
2026-10-04T14:03:53Z,redis-cart,frontend,0,0,0,0,0,0,0
2026-10-04T14:03:53Z,redis-cart,kubernetes,0,0,0,0,0,0,0
2026-10-04T14:03:53Z,redis-cart,paymentservice,0,0,0,0,0,0,0
2026-10-04T14:03:53Z,redis-cart,productcatalogservice,0,0,0,0,0,0,0
2026-10-04T14:03:53Z,redis-cart,recommendationservice,0,0,0,0,0,0,0
2026-10-04T14:03:53Z,redis-cart,redis-cart,0,0,0,0,0,0,0
2026-10-04T14:03:53Z,redis-cart,shippingservice,0,0,0,0,0,0,0
2026-10-04T14:03:53Z,shippingservice,adservice,0,0,0,0,0,0,0
2026-10-04T14:03:53Z,shippingservice,cartservice,0,0,0,0,0,0,0
2026-10-04T14:03:53Z,shippingservice,checkoutservice,0,0,0,0,0,0,0
2026-10-04T14:03:53Z,shippingservice,currencyservice,0,0,0,0,0,0,0
2026-10-04T14:03:53Z,shippingservice,emailservice,0,0,0,0,0,0,0
2026-10-04T14:03:53Z,shippingservice,frontend,0,0,0,0,0,0,0
2026-10-04T14:03:53Z,shippingservice,kubernetes,0,0,0,0,0,0,0
2026-10-04T14:03:53Z,shippingservice,paymentservice,0,0,0,0,0,0,0
2026-10-04T14:03:53Z,shippingservice,productcatalogservice,0,0,0,0,0,0,0
2026-10-04T14:03:53Z,shippingservice,recommendationservice,0,0,0,0,0,0,0
2026-10-04T14:03:53Z,shippingservice,redis-cart,0,0,0,0,0,0,0
2026-10-04T14:03:53Z,shippingservice,shippingservice,0,0,0,0,0,0,0
2026-10-04T14:03:54Z,adservice,adservice,0,0,0,0,0,0,0
2026-10-04T14:03:54Z,adservice,cartservice,0,0,0,0,0,0,0
2026-10-04T14:03:54Z,adservice,checkoutservice,0,0,0,0,0,0,0
2026-10-04T14:03:54Z,adservice,currencyservice,0,0,0,0,0,0,0
2026-10-04T14:03:54Z,adservice,emailservice,0,0,0,0,0,0,0
2026-10-04T14:03:54Z,adservice,frontend,0,0,0,0,0,0,0
2026-10-04T14:03:54Z,adservice,kubernetes,0,0,0,0,0,0,0
2026-10-04T14:03:54Z,adservice,paymentservice,0,0,0,0,0,0,0
2026-10-04T14:03:54Z,adservice,productcatalogservice,0,0,0,0,0,0,0
2026-10-04T14:03:54Z,adservice,recommendationservice,0,0,0,0,0,0,0
2026-10-04T14:03:54Z,adservice,redis-cart,0,0,0,0,0,0,0
2026-10-04T14:03:54Z,adservice,shippingservice,0,0,0,0,0,0,0
2026-10-04T14:03:54Z,cartservice,adservice,0,0,0,0,0,0,0
2026-10-04T14:03:54Z,cartservice,cartservice,0,0,0,0,0,0,0
2026-10-04T14:03:54Z,cartservice,checkoutservice,0,0,0,0,0,0,0
2026-10-04T14:03:54Z,cartservice,currencyservice,0,0,0,0,0,0,0
2026-10-04T14:03:54Z,cartservice,emailservice,0,0,0,0,0,0,0
2026-10-04T14:03:54Z,cartservice,frontend,0,0,0,0,0,0,0
2026-10-04T14:03:54Z,cartservice,kubernetes,0,0,0,0,0,0,0
2026-10-04T14:03:54Z,cartservice,paymentservice,0,0,0,0,0,0,0
2026-10-04T14:03:54Z,cartservice,productcatalogservice,0,0,0,0,0,0,0
2026-10-04T14:03:54Z,cartservice,recommendationservice,0,0,0,0,0,0,0
2026-10-04T14:03:54Z,cartservice,redis-cart,2,0,0,0,0,0,0
2026-10-04T14:03:54Z,cartservice,shippingservice,0,0,0,0,0,0,0
2026-10-04T14:03:54Z,checkoutservice,adservice,0,0,0,0,0,0,0
2026-10-04T14:03:54Z,checkoutservice,cartservice,3115,3115,0,0,0,8533,2694
2026-10-04T14:03:54Z,checkoutservice,checkoutservice,0,0,0,0,0,0,0
2026-10-04T14:03:54Z,checkoutservice,currencyservice,1557,1557,0,0,0,3592,1346
2026-10-04T14:03:54Z,checkoutservice,emailservice,1555,1552,0,0,0,33728,1333
2026-10-04T14:03:54Z,checkoutservice,frontend,0,0,0,0,0,0,0
2026-10-04T14:03:54Z,checkoutservice,kubernetes,0,0,0,0,0,0,0
2026-10-04T14:03:54Z,checkoutservice,paymentservice,1555,1555,0,0,0,3838,1346
2026-10-04T14:03:54Z,checkoutservice,productcatalogservice,0,0,0,0,0,0,0
2026-10-04T14:03:54Z,checkoutservice,recommendationservice,0,0,0,0,0,0,0
2026-10-04T14:03:54Z,checkoutservice,redis-cart,0,0,0,0,0,0,0
2026-10-04T14:03:54Z,checkoutservice,shippingservice,3115,3115,0,0,0,4482,2692
2026-10-04T14:03:54Z,currencyservice,adservice,0,0,0,0,0,0,0
2026-10-04T14:03:54Z,currencyservice,cartservice,0,0,0,0,0,0,0
2026-10-04T14:03:54Z,currencyservice,checkoutservice,0,0,0,0,0,0,0
2026-10-04T14:03:54Z,currencyservice,currencyservice,0,0,0,0,0,0,0
2026-10-04T14:03:54Z,currencyservice,emailservice,0,0,0,0,0,0,0
2026-10-04T14:03:54Z,currencyservice,frontend,0,0,0,0,0,0,0
2026-10-04T14:03:54Z,currencyservice,kubernetes,0,0,0,0,0,0,0
2026-10-04T14:03:54Z,currencyservice,paymentservice,0,0,0,0,0,0,0
2026-10-04T14:03:54Z,currencyservice,productcatalogservice,0,0,0,0,0,0,0
2026-10-04T14:03:54Z,currencyservice,recommendationservice,0,0,0,0,0,0,0
2026-10-04T14:03:54Z,currencyservice,redis-cart,0,0,0,0,0,0,0
2026-10-04T14:03:54Z,currencyservice,shippingservice,0,0,0,0,0,0,0
2026-10-04T14:03:54Z,emailservice,adservice,0,0,0,0,0,0,0
2026-10-04T14:03:54Z,emailservice,cartservice,0,0,0,0,0,0,0
2026-10-04T14:03:54Z,emailservice,checkoutservice,0,0,0,0,0,0,0
2026-10-04T14:03:54Z,emailservice,currencyservice,0,0,0,0,0,0,0
2026-10-04T14:03:54Z,emailservice,emailservice,0,0,0,0,0,0,0
2026-10-04T14:03:54Z,emailservice,frontend,0,0,0,0,0,0,0
2026-10-04T14:03:54Z,emailservice,kubernetes,0,0,0,0,0,0,0
2026-10-04T14:03:54Z,emailservice,paymentservice,0,0,0,0,0,0,0
2026-10-04T14:03:54Z,emailservice,productcatalogservice,0,0,0,0,0,0,0
2026-10-04T14:03:54Z,emailservice,recommendationservice,0,0,0,0,0,0,0
2026-10-04T14:03:54Z,emailservice,redis-cart,0,0,0,0,0,0,0
2026-10-04T14:03:54Z,emailservice,shippingservice,0,0,0,0,0,0,0
2026-10-04T14:03:54Z,frontend,adservice,777407,777405,0,0,0,2340533,777239
2026-10-04T14:03:54Z,frontend,cartservice,1736969,1736956,0,0,4,9646785,1736622
2026-10-04T14:03:54Z,frontend,checkoutservice,356401,175259,0,34332,146696,55748622,175177
2026-10-04T14:03:54Z,frontend,currencyservice,2761256,2761249,0,0,0,14623816,2760626
2026-10-04T14:03:54Z,frontend,emailservice,0,0,0,0,0,0,0
2026-10-04T14:03:54Z,frontend,frontend,0,0,0,0,0,0,0
2026-10-04T14:03:54Z,frontend,kubernetes,0,0,0,0,0,0,0
2026-10-04T14:03:54Z,frontend,paymentservice,0,0,0,0,0,0,0
2026-10-04T14:03:54Z,frontend,productcatalogservice,7714903,7714825,0,0,0,52429512,7712865
2026-10-04T14:03:54Z,frontend,recommendationservice,2530644,1531421,0,104145,892890,770081595,1531071
2026-10-04T14:03:54Z,frontend,redis-cart,0,0,0,0,0,0,0
2026-10-04T14:03:54Z,frontend,shippingservice,285193,285191,0,0,0,861230,285102
2026-10-04T14:03:54Z,paymentservice,adservice,0,0,0,0,0,0,0
2026-10-04T14:03:54Z,paymentservice,cartservice,0,0,0,0,0,0,0
2026-10-04T14:03:54Z,paymentservice,checkoutservice,0,0,0,0,0,0,0
2026-10-04T14:03:54Z,paymentservice,currencyservice,0,0,0,0,0,0,0
2026-10-04T14:03:54Z,paymentservice,emailservice,0,0,0,0,0,0,0
2026-10-04T14:03:54Z,paymentservice,frontend,0,0,0,0,0,0,0
2026-10-04T14:03:54Z,paymentservice,kubernetes,0,0,0,0,0,0,0
2026-10-04T14:03:54Z,paymentservice,paymentservice,0,0,0,0,0,0,0
2026-10-04T14:03:54Z,paymentservice,productcatalogservice,0,0,0,0,0,0,0
2026-10-04T14:03:54Z,paymentservice,recommendationservice,0,0,0,0,0,0,0
2026-10-04T14:03:54Z,paymentservice,redis-cart,0,0,0,0,0,0,0
2026-10-04T14:03:54Z,paymentservice,shippingservice,0,0,0,0,0,0,0
2026-10-04T14:03:54Z,productcatalogservice,adservice,0,0,0,0,0,0,0
2026-10-04T14:03:54Z,productcatalogservice,cartservice,0,0,0,0,0,0,0
2026-10-04T14:03:54Z,productcatalogservice,checkoutservice,0,0,0,0,0,0,0
2026-10-04T14:03:54Z,productcatalogservice,currencyservice,0,0,0,0,0,0,0
2026-10-04T14:03:54Z,productcatalogservice,emailservice,0,0,0,0,0,0,0
2026-10-04T14:03:54Z,productcatalogservice,frontend,0,0,0,0,0,0,0
2026-10-04T14:03:54Z,productcatalogservice,kubernetes,0,0,0,0,0,0,0
2026-10-04T14:03:54Z,productcatalogservice,paymentservice,0,0,0,0,0,0,0
2026-10-04T14:03:54Z,productcatalogservice,productcatalogservice,0,0,0,0,0,0,0
2026-10-04T14:03:54Z,productcatalogservice,recommendationservice,0,0,0,0,0,0,0
2026-10-04T14:03:54Z,productcatalogservice,redis-cart,0,0,0,0,0,0,0
2026-10-04T14:03:54Z,productcatalogservice,shippingservice,0,0,0,0,0,0,0
2026-10-04T14:03:54Z,recommendationservice,adservice,0,0,0,0,0,0,0
2026-10-04T14:03:54Z,recommendationservice,cartservice,0,0,0,0,0,0,0
2026-10-04T14:03:54Z,recommendationservice,checkoutservice,0,0,0,0,0,0,0
2026-10-04T14:03:54Z,recommendationservice,currencyservice,0,0,0,0,0,0,0
2026-10-04T14:03:54Z,recommendationservice,emailservice,0,0,0,0,0,0,0
2026-10-04T14:03:54Z,recommendationservice,frontend,0,0,0,0,0,0,0
2026-10-04T14:03:54Z,recommendationservice,kubernetes,0,0,0,0,0,0,0
2026-10-04T14:03:54Z,recommendationservice,paymentservice,0,0,0,0,0,0,0
2026-10-04T14:03:54Z,recommendationservice,productcatalogservice,6586,6578,0,0,0,14859,5028
2026-10-04T14:03:54Z,recommendationservice,recommendationservice,0,0,0,0,0,0,0
2026-10-04T14:03:54Z,recommendationservice,redis-cart,0,0,0,0,0,0,0
2026-10-04T14:03:54Z,recommendationservice,shippingservice,0,0,0,0,0,0,0
2026-10-04T14:03:54Z,redis-cart,adservice,0,0,0,0,0,0,0
2026-10-04T14:03:54Z,redis-cart,cartservice,0,0,0,0,0,0,0
2026-10-04T14:03:54Z,redis-cart,checkoutservice,0,0,0,0,0,0,0
2026-10-04T14:03:54Z,redis-cart,currencyservice,0,0,0,0,0,0,0
2026-10-04T14:03:54Z,redis-cart,emailservice,0,0,0,0,0,0,0
2026-10-04T14:03:54Z,redis-cart,frontend,0,0,0,0,0,0,0
2026-10-04T14:03:54Z,redis-cart,kubernetes,0,0,0,0,0,0,0
2026-10-04T14:03:54Z,redis-cart,paymentservice,0,0,0,0,0,0,0
2026-10-04T14:03:54Z,redis-cart,productcatalogservice,0,0,0,0,0,0,0
2026-10-04T14:03:54Z,redis-cart,recommendationservice,0,0,0,0,0,0,0
2026-10-04T14:03:54Z,redis-cart,redis-cart,0,0,0,0,0,0,0
2026-10-04T14:03:54Z,redis-cart,shippingservice,0,0,0,0,0,0,0
2026-10-04T14:03:54Z,shippingservice,adservice,0,0,0,0,0,0,0
2026-10-04T14:03:54Z,shippingservice,cartservice,0,0,0,0,0,0,0
2026-10-04T14:03:54Z,shippingservice,checkoutservice,0,0,0,0,0,0,0
2026-10-04T14:03:54Z,shippingservice,currencyservice,0,0,0,0,0,0,0
2026-10-04T14:03:54Z,shippingservice,emailservice,0,0,0,0,0,0,0
2026-10-04T14:03:54Z,shippingservice,frontend,0,0,0,0,0,0,0
2026-10-04T14:03:54Z,shippingservice,kubernetes,0,0,0,0,0,0,0
2026-10-04T14:03:54Z,shippingservice,paymentservice,0,0,0,0,0,0,0
2026-10-04T14:03:54Z,shippingservice,productcatalogservice,0,0,0,0,0,0,0
2026-10-04T14:03:54Z,shippingservice,recommendationservice,0,0,0,0,0,0,0
2026-10-04T14:03:54Z,shippingservice,redis-cart,0,0,0,0,0,0,0
2026-10-04T14:03:54Z,shippingservice,shippingservice,0,0,0,0,0,0,0
2026-10-04T14:03:55Z,adservice,adservice,0,0,0,0,0,0,0
2026-10-04T14:03:55Z,adservice,cartservice,0,0,0,0,0,0,0
2026-10-04T14:03:55Z,adservice,checkoutservice,0,0,0,0,0,0,0
2026-10-04T14:03:55Z,adservice,currencyservice,0,0,0,0,0,0,0
2026-10-04T14:03:55Z,adservice,emailservice,0,0,0,0,0,0,0
2026-10-04T14:03:55Z,adservice,frontend,0,0,0,0,0,0,0
2026-10-04T14:03:55Z,adservice,kubernetes,0,0,0,0,0,0,0
2026-10-04T14:03:55Z,adservice,paymentservice,0,0,0,0,0,0,0
2026-10-04T14:03:55Z,adservice,productcatalogservice,0,0,0,0,0,0,0
2026-10-04T14:03:55Z,adservice,recommendationservice,0,0,0,0,0,0,0
2026-10-04T14:03:55Z,adservice,redis-cart,0,0,0,0,0,0,0
2026-10-04T14:03:55Z,adservice,shippingservice,0,0,0,0,0,0,0
2026-10-04T14:03:55Z,cartservice,adservice,0,0,0,0,0,0,0
2026-10-04T14:03:55Z,cartservice,cartservice,0,0,0,0,0,0,0
2026-10-04T14:03:55Z,cartservice,checkoutservice,0,0,0,0,0,0,0
2026-10-04T14:03:55Z,cartservice,currencyservice,0,0,0,0,0,0,0
2026-10-04T14:03:55Z,cartservice,emailservice,0,0,0,0,0,0,0
2026-10-04T14:03:55Z,cartservice,frontend,0,0,0,0,0,0,0
2026-10-04T14:03:55Z,cartservice,kubernetes,0,0,0,0,0,0,0
2026-10-04T14:03:55Z,cartservice,paymentservice,0,0,0,0,0,0,0
2026-10-04T14:03:55Z,cartservice,productcatalogservice,0,0,0,0,0,0,0
2026-10-04T14:03:55Z,cartservice,recommendationservice,0,0,0,0,0,0,0
2026-10-04T14:03:55Z,cartservice,redis-cart,2,0,0,0,0,0,0
2026-10-04T14:03:55Z,cartservice,shippingservice,0,0,0,0,0,0,0
2026-10-04T14:03:55Z,checkoutservice,adservice,0,0,0,0,0,0,0
2026-10-04T14:03:55Z,checkoutservice,cartservice,3288,3287,0,0,0,8533,2694
2026-10-04T14:03:55Z,checkoutservice,checkoutservice,0,0,0,0,0,0,0
2026-10-04T14:03:55Z,checkoutservice,currencyservice,1645,1644,0,0,0,3592,1346
2026-10-04T14:03:55Z,checkoutservice,emailservice,1639,1639,0,0,0,33728,1333
2026-10-04T14:03:55Z,checkoutservice,frontend,0,0,0,0,0,0,0
2026-10-04T14:03:55Z,checkoutservice,kubernetes,0,0,0,0,0,0,0
2026-10-04T14:03:55Z,checkoutservice,paymentservice,1644,1643,0,0,0,3838,1346
2026-10-04T14:03:55Z,checkoutservice,productcatalogservice,0,0,0,0,0,0,0
2026-10-04T14:03:55Z,checkoutservice,recommendationservice,0,0,0,0,0,0,0
2026-10-04T14:03:55Z,checkoutservice,redis-cart,0,0,0,0,0,0,0
2026-10-04T14:03:55Z,checkoutservice,shippingservice,3288,3288,0,0,0,4482,2692
2026-10-04T14:03:55Z,currencyservice,adservice,0,0,0,0,0,0,0
2026-10-04T14:03:55Z,currencyservice,cartservice,0,0,0,0,0,0,0
2026-10-04T14:03:55Z,currencyservice,checkoutservice,0,0,0,0,0,0,0
2026-10-04T14:03:55Z,currencyservice,currencyservice,0,0,0,0,0,0,0
2026-10-04T14:03:55Z,currencyservice,emailservice,0,0,0,0,0,0,0
2026-10-04T14:03:55Z,currencyservice,frontend,0,0,0,0,0,0,0
2026-10-04T14:03:55Z,currencyservice,kubernetes,0,0,0,0,0,0,0
2026-10-04T14:03:55Z,currencyservice,paymentservice,0,0,0,0,0,0,0
2026-10-04T14:03:55Z,currencyservice,productcatalogservice,0,0,0,0,0,0,0
2026-10-04T14:03:55Z,currencyservice,recommendationservice,0,0,0,0,0,0,0
2026-10-04T14:03:55Z,currencyservice,redis-cart,0,0,0,0,0,0,0
2026-10-04T14:03:55Z,currencyservice,shippingservice,0,0,0,0,0,0,0
2026-10-04T14:03:55Z,emailservice,adservice,0,0,0,0,0,0,0
2026-10-04T14:03:55Z,emailservice,cartservice,0,0,0,0,0,0,0
2026-10-04T14:03:55Z,emailservice,checkoutservice,0,0,0,0,0,0,0
2026-10-04T14:03:55Z,emailservice,currencyservice,0,0,0,0,0,0,0
2026-10-04T14:03:55Z,emailservice,emailservice,0,0,0,0,0,0,0
2026-10-04T14:03:55Z,emailservice,frontend,0,0,0,0,0,0,0
2026-10-04T14:03:55Z,emailservice,kubernetes,0,0,0,0,0,0,0
2026-10-04T14:03:55Z,emailservice,paymentservice,0,0,0,0,0,0,0
2026-10-04T14:03:55Z,emailservice,productcatalogservice,0,0,0,0,0,0,0
2026-10-04T14:03:55Z,emailservice,recommendationservice,0,0,0,0,0,0,0
2026-10-04T14:03:55Z,emailservice,redis-cart,0,0,0,0,0,0,0
2026-10-04T14:03:55Z,emailservice,shippingservice,0,0,0,0,0,0,0
2026-10-04T14:03:55Z,frontend,adservice,777614,777609,0,0,0,2340533,777239
2026-10-04T14:03:55Z,frontend,cartservice,1737320,1737306,0,0,4,9646785,1736622
2026-10-04T14:03:55Z,frontend,checkoutservice,356487,175342,0,34332,146696,55748622,175177
2026-10-04T14:03:55Z,frontend,currencyservice,2761897,2761886,0,0,0,14623816,2760626
2026-10-04T14:03:55Z,frontend,emailservice,0,0,0,0,0,0,0
2026-10-04T14:03:55Z,frontend,frontend,0,0,0,0,0,0,0
2026-10-04T14:03:55Z,frontend,kubernetes,0,0,0,0,0,0,0
2026-10-04T14:03:55Z,frontend,paymentservice,0,0,0,0,0,0,0
2026-10-04T14:03:55Z,frontend,productcatalogservice,7717013,7716941,0,0,0,52429512,7712865
2026-10-04T14:03:55Z,frontend,recommendationservice,2531004,1531788,0,104145,892890,770081595,1531071
2026-10-04T14:03:55Z,frontend,redis-cart,0,0,0,0,0,0,0
2026-10-04T14:03:55Z,frontend,shippingservice,285269,285267,0,0,0,861230,285102
2026-10-04T14:03:55Z,paymentservice,adservice,0,0,0,0,0,0,0
2026-10-04T14:03:55Z,paymentservice,cartservice,0,0,0,0,0,0,0
2026-10-04T14:03:55Z,paymentservice,checkoutservice,0,0,0,0,0,0,0
2026-10-04T14:03:55Z,paymentservice,currencyservice,0,0,0,0,0,0,0
2026-10-04T14:03:55Z,paymentservice,emailservice,0,0,0,0,0,0,0
2026-10-04T14:03:55Z,paymentservice,frontend,0,0,0,0,0,0,0
2026-10-04T14:03:55Z,paymentservice,kubernetes,0,0,0,0,0,0,0
2026-10-04T14:03:55Z,paymentservice,paymentservice,0,0,0,0,0,0,0
2026-10-04T14:03:55Z,paymentservice,productcatalogservice,0,0,0,0,0,0,0
2026-10-04T14:03:55Z,paymentservice,recommendationservice,0,0,0,0,0,0,0
2026-10-04T14:03:55Z,paymentservice,redis-cart,0,0,0,0,0,0,0
2026-10-04T14:03:55Z,paymentservice,shippingservice,0,0,0,0,0,0,0
2026-10-04T14:03:55Z,productcatalogservice,adservice,0,0,0,0,0,0,0
2026-10-04T14:03:55Z,productcatalogservice,cartservice,0,0,0,0,0,0,0
2026-10-04T14:03:55Z,productcatalogservice,checkoutservice,0,0,0,0,0,0,0
2026-10-04T14:03:55Z,productcatalogservice,currencyservice,0,0,0,0,0,0,0
2026-10-04T14:03:55Z,productcatalogservice,emailservice,0,0,0,0,0,0,0
2026-10-04T14:03:55Z,productcatalogservice,frontend,0,0,0,0,0,0,0
2026-10-04T14:03:55Z,productcatalogservice,kubernetes,0,0,0,0,0,0,0
2026-10-04T14:03:55Z,productcatalogservice,paymentservice,0,0,0,0,0,0,0
2026-10-04T14:03:55Z,productcatalogservice,productcatalogservice,0,0,0,0,0,0,0
2026-10-04T14:03:55Z,productcatalogservice,recommendationservice,0,0,0,0,0,0,0
2026-10-04T14:03:55Z,productcatalogservice,redis-cart,0,0,0,0,0,0,0
2026-10-04T14:03:55Z,productcatalogservice,shippingservice,0,0,0,0,0,0,0
2026-10-04T14:03:55Z,recommendationservice,adservice,0,0,0,0,0,0,0
2026-10-04T14:03:55Z,recommendationservice,cartservice,0,0,0,0,0,0,0
2026-10-04T14:03:55Z,recommendationservice,checkoutservice,0,0,0,0,0,0,0
2026-10-04T14:03:55Z,recommendationservice,currencyservice,0,0,0,0,0,0,0
2026-10-04T14:03:55Z,recommendationservice,emailservice,0,0,0,0,0,0,0
2026-10-04T14:03:55Z,recommendationservice,frontend,0,0,0,0,0,0,0
2026-10-04T14:03:55Z,recommendationservice,kubernetes,0,0,0,0,0,0,0
2026-10-04T14:03:55Z,recommendationservice,paymentservice,0,0,0,0,0,0,0
2026-10-04T14:03:55Z,recommendationservice,productcatalogservice,6945,6941,0,0,0,23339,6733
2026-10-04T14:03:55Z,recommendationservice,recommendationservice,0,0,0,0,0,0,0
2026-10-04T14:03:55Z,recommendationservice,redis-cart,0,0,0,0,0,0,0
2026-10-04T14:03:55Z,recommendationservice,shippingservice,0,0,0,0,0,0,0
2026-10-04T14:03:55Z,redis-cart,adservice,0,0,0,0,0,0,0
2026-10-04T14:03:55Z,redis-cart,cartservice,0,0,0,0,0,0,0
2026-10-04T14:03:55Z,redis-cart,checkoutservice,0,0,0,0,0,0,0
2026-10-04T14:03:55Z,redis-cart,currencyservice,0,0,0,0,0,0,0
2026-10-04T14:03:55Z,redis-cart,emailservice,0,0,0,0,0,0,0
2026-10-04T14:03:55Z,redis-cart,frontend,0,0,0,0,0,0,0
2026-10-04T14:03:55Z,redis-cart,kubernetes,0,0,0,0,0,0,0
2026-10-04T14:03:55Z,redis-cart,paymentservice,0,0,0,0,0,0,0
2026-10-04T14:03:55Z,redis-cart,productcatalogservice,0,0,0,0,0,0,0
2026-10-04T14:03:55Z,redis-cart,recommendationservice,0,0,0,0,0,0,0
2026-10-04T14:03:55Z,redis-cart,redis-cart,0,0,0,0,0,0,0
2026-10-04T14:03:55Z,redis-cart,shippingservice,0,0,0,0,0,0,0
2026-10-04T14:03:55Z,shippingservice,adservice,0,0,0,0,0,0,0
2026-10-04T14:03:55Z,shippingservice,cartservice,0,0,0,0,0,0,0
2026-10-04T14:03:55Z,shippingservice,checkoutservice,0,0,0,0,0,0,0
2026-10-04T14:03:55Z,shippingservice,currencyservice,0,0,0,0,0,0,0
2026-10-04T14:03:55Z,shippingservice,emailservice,0,0,0,0,0,0,0
2026-10-04T14:03:55Z,shippingservice,frontend,0,0,0,0,0,0,0
2026-10-04T14:03:55Z,shippingservice,kubernetes,0,0,0,0,0,0,0
2026-10-04T14:03:55Z,shippingservice,paymentservice,0,0,0,0,0,0,0
2026-10-04T14:03:55Z,shippingservice,productcatalogservice,0,0,0,0,0,0,0
2026-10-04T14:03:55Z,shippingservice,recommendationservice,0,0,0,0,0,0,0
2026-10-04T14:03:55Z,shippingservice,redis-cart,0,0,0,0,0,0,0
2026-10-04T14:03:55Z,shippingservice,shippingservice,0,0,0,0,0,0,0
2026-10-04T14:03:56Z,adservice,adservice,0,0,0,0,0,0,0
2026-10-04T14:03:56Z,adservice,cartservice,0,0,0,0,0,0,0
2026-10-04T14:03:56Z,adservice,checkoutservice,0,0,0,0,0,0,0
2026-10-04T14:03:56Z,adservice,currencyservice,0,0,0,0,0,0,0
2026-10-04T14:03:56Z,adservice,emailservice,0,0,0,0,0,0,0
2026-10-04T14:03:56Z,adservice,frontend,0,0,0,0,0,0,0
2026-10-04T14:03:56Z,adservice,kubernetes,0,0,0,0,0,0,0
2026-10-04T14:03:56Z,adservice,paymentservice,0,0,0,0,0,0,0
2026-10-04T14:03:56Z,adservice,productcatalogservice,0,0,0,0,0,0,0
2026-10-04T14:03:56Z,adservice,recommendationservice,0,0,0,0,0,0,0
2026-10-04T14:03:56Z,adservice,redis-cart,0,0,0,0,0,0,0
2026-10-04T14:03:56Z,adservice,shippingservice,0,0,0,0,0,0,0
2026-10-04T14:03:56Z,cartservice,adservice,0,0,0,0,0,0,0
2026-10-04T14:03:56Z,cartservice,cartservice,0,0,0,0,0,0,0
2026-10-04T14:03:56Z,cartservice,checkoutservice,0,0,0,0,0,0,0
2026-10-04T14:03:56Z,cartservice,currencyservice,0,0,0,0,0,0,0
2026-10-04T14:03:56Z,cartservice,emailservice,0,0,0,0,0,0,0
2026-10-04T14:03:56Z,cartservice,frontend,0,0,0,0,0,0,0
2026-10-04T14:03:56Z,cartservice,kubernetes,0,0,0,0,0,0,0
2026-10-04T14:03:56Z,cartservice,paymentservice,0,0,0,0,0,0,0
2026-10-04T14:03:56Z,cartservice,productcatalogservice,0,0,0,0,0,0,0
2026-10-04T14:03:56Z,cartservice,recommendationservice,0,0,0,0,0,0,0
2026-10-04T14:03:56Z,cartservice,redis-cart,2,0,0,0,0,0,0
2026-10-04T14:03:56Z,cartservice,shippingservice,0,0,0,0,0,0,0
2026-10-04T14:03:56Z,checkoutservice,adservice,0,0,0,0,0,0,0
2026-10-04T14:03:56Z,checkoutservice,cartservice,3467,3465,0,0,0,8533,2694
2026-10-04T14:03:56Z,checkoutservice,checkoutservice,0,0,0,0,0,0,0
2026-10-04T14:03:56Z,checkoutservice,currencyservice,1733,1733,0,0,0,3592,1346
2026-10-04T14:03:56Z,checkoutservice,emailservice,1732,1721,0,0,0,33728,1333
2026-10-04T14:03:56Z,checkoutservice,frontend,0,0,0,0,0,0,0
2026-10-04T14:03:56Z,checkoutservice,kubernetes,0,0,0,0,0,0,0
2026-10-04T14:03:56Z,checkoutservice,paymentservice,1733,1733,0,0,0,3838,1346
2026-10-04T14:03:56Z,checkoutservice,productcatalogservice,0,0,0,0,0,0,0
2026-10-04T14:03:56Z,checkoutservice,recommendationservice,0,0,0,0,0,0,0
2026-10-04T14:03:56Z,checkoutservice,redis-cart,0,0,0,0,0,0,0
2026-10-04T14:03:56Z,checkoutservice,shippingservice,3466,3466,0,0,0,4482,2692
2026-10-04T14:03:56Z,currencyservice,adservice,0,0,0,0,0,0,0
2026-10-04T14:03:56Z,currencyservice,cartservice,0,0,0,0,0,0,0
2026-10-04T14:03:56Z,currencyservice,checkoutservice,0,0,0,0,0,0,0
2026-10-04T14:03:56Z,currencyservice,currencyservice,0,0,0,0,0,0,0
2026-10-04T14:03:56Z,currencyservice,emailservice,0,0,0,0,0,0,0
2026-10-04T14:03:56Z,currencyservice,frontend,0,0,0,0,0,0,0
2026-10-04T14:03:56Z,currencyservice,kubernetes,0,0,0,0,0,0,0
2026-10-04T14:03:56Z,currencyservice,paymentservice,0,0,0,0,0,0,0
2026-10-04T14:03:56Z,currencyservice,productcatalogservice,0,0,0,0,0,0,0
2026-10-04T14:03:56Z,currencyservice,recommendationservice,0,0,0,0,0,0,0
2026-10-04T14:03:56Z,currencyservice,redis-cart,0,0,0,0,0,0,0
2026-10-04T14:03:56Z,currencyservice,shippingservice,0,0,0,0,0,0,0
2026-10-04T14:03:56Z,emailservice,adservice,0,0,0,0,0,0,0
2026-10-04T14:03:56Z,emailservice,cartservice,0,0,0,0,0,0,0
2026-10-04T14:03:56Z,emailservice,checkoutservice,0,0,0,0,0,0,0
2026-10-04T14:03:56Z,emailservice,currencyservice,0,0,0,0,0,0,0
2026-10-04T14:03:56Z,emailservice,emailservice,0,0,0,0,0,0,0
2026-10-04T14:03:56Z,emailservice,frontend,0,0,0,0,0,0,0
2026-10-04T14:03:56Z,emailservice,kubernetes,0,0,0,0,0,0,0
2026-10-04T14:03:56Z,emailservice,paymentservice,0,0,0,0,0,0,0
2026-10-04T14:03:56Z,emailservice,productcatalogservice,0,0,0,0,0,0,0
2026-10-04T14:03:56Z,emailservice,recommendationservice,0,0,0,0,0,0,0
2026-10-04T14:03:56Z,emailservice,redis-cart,0,0,0,0,0,0,0
2026-10-04T14:03:56Z,emailservice,shippingservice,0,0,0,0,0,0,0
2026-10-04T14:03:56Z,frontend,adservice,777793,777791,0,0,0,2340533,777239
2026-10-04T14:03:56Z,frontend,cartservice,1737663,1737646,0,0,4,9646785,1736622
2026-10-04T14:03:56Z,frontend,checkoutservice,356568,175434,0,34332,146696,55748622,175177
2026-10-04T14:03:56Z,frontend,currencyservice,2762527,2762515,0,0,0,14623816,2760626
2026-10-04T14:03:56Z,frontend,emailservice,0,0,0,0,0,0,0
2026-10-04T14:03:56Z,frontend,frontend,0,0,0,0,0,0,0
2026-10-04T14:03:56Z,frontend,kubernetes,0,0,0,0,0,0,0
2026-10-04T14:03:56Z,frontend,paymentservice,0,0,0,0,0,0,0
2026-10-04T14:03:56Z,frontend,productcatalogservice,7718968,7718886,0,0,0,52429512,7712865
2026-10-04T14:03:56Z,frontend,recommendationservice,2531354,1532134,0,104145,892890,770081595,1531071
2026-10-04T14:03:56Z,frontend,redis-cart,0,0,0,0,0,0,0
2026-10-04T14:03:56Z,frontend,shippingservice,285344,285342,0,0,0,861230,285102
2026-10-04T14:03:56Z,paymentservice,adservice,0,0,0,0,0,0,0
2026-10-04T14:03:56Z,paymentservice,cartservice,0,0,0,0,0,0,0
2026-10-04T14:03:56Z,paymentservice,checkoutservice,0,0,0,0,0,0,0
2026-10-04T14:03:56Z,paymentservice,currencyservice,0,0,0,0,0,0,0
2026-10-04T14:03:56Z,paymentservice,emailservice,0,0,0,0,0,0,0
2026-10-04T14:03:56Z,paymentservice,frontend,0,0,0,0,0,0,0
2026-10-04T14:03:56Z,paymentservice,kubernetes,0,0,0,0,0,0,0
2026-10-04T14:03:56Z,paymentservice,paymentservice,0,0,0,0,0,0,0
2026-10-04T14:03:56Z,paymentservice,productcatalogservice,0,0,0,0,0,0,0
2026-10-04T14:03:56Z,paymentservice,recommendationservice,0,0,0,0,0,0,0
2026-10-04T14:03:56Z,paymentservice,redis-cart,0,0,0,0,0,0,0
2026-10-04T14:03:56Z,paymentservice,shippingservice,0,0,0,0,0,0,0
2026-10-04T14:03:56Z,productcatalogservice,adservice,0,0,0,0,0,0,0
2026-10-04T14:03:56Z,productcatalogservice,cartservice,0,0,0,0,0,0,0
2026-10-04T14:03:56Z,productcatalogservice,checkoutservice,0,0,0,0,0,0,0
2026-10-04T14:03:56Z,productcatalogservice,currencyservice,0,0,0,0,0,0,0
2026-10-04T14:03:56Z,productcatalogservice,emailservice,0,0,0,0,0,0,0
2026-10-04T14:03:56Z,productcatalogservice,frontend,0,0,0,0,0,0,0
2026-10-04T14:03:56Z,productcatalogservice,kubernetes,0,0,0,0,0,0,0
2026-10-04T14:03:56Z,productcatalogservice,paymentservice,0,0,0,0,0,0,0
2026-10-04T14:03:56Z,productcatalogservice,productcatalogservice,0,0,0,0,0,0,0
2026-10-04T14:03:56Z,productcatalogservice,recommendationservice,0,0,0,0,0,0,0
2026-10-04T14:03:56Z,productcatalogservice,redis-cart,0,0,0,0,0,0,0
2026-10-04T14:03:56Z,productcatalogservice,shippingservice,0,0,0,0,0,0,0
2026-10-04T14:03:56Z,recommendationservice,adservice,0,0,0,0,0,0,0
2026-10-04T14:03:56Z,recommendationservice,cartservice,0,0,0,0,0,0,0
2026-10-04T14:03:56Z,recommendationservice,checkoutservice,0,0,0,0,0,0,0
2026-10-04T14:03:56Z,recommendationservice,currencyservice,0,0,0,0,0,0,0
2026-10-04T14:03:56Z,recommendationservice,emailservice,0,0,0,0,0,0,0
2026-10-04T14:03:56Z,recommendationservice,frontend,0,0,0,0,0,0,0
2026-10-04T14:03:56Z,recommendationservice,kubernetes,0,0,0,0,0,0,0
2026-10-04T14:03:56Z,recommendationservice,paymentservice,0,0,0,0,0,0,0
2026-10-04T14:03:56Z,recommendationservice,productcatalogservice,7301,7301,0,0,0,23339,6733
2026-10-04T14:03:56Z,recommendationservice,recommendationservice,0,0,0,0,0,0,0
2026-10-04T14:03:56Z,recommendationservice,redis-cart,0,0,0,0,0,0,0
2026-10-04T14:03:56Z,recommendationservice,shippingservice,0,0,0,0,0,0,0
2026-10-04T14:03:56Z,redis-cart,adservice,0,0,0,0,0,0,0
2026-10-04T14:03:56Z,redis-cart,cartservice,0,0,0,0,0,0,0
2026-10-04T14:03:56Z,redis-cart,checkoutservice,0,0,0,0,0,0,0
2026-10-04T14:03:56Z,redis-cart,currencyservice,0,0,0,0,0,0,0
2026-10-04T14:03:56Z,redis-cart,emailservice,0,0,0,0,0,0,0
2026-10-04T14:03:56Z,redis-cart,frontend,0,0,0,0,0,0,0
2026-10-04T14:03:56Z,redis-cart,kubernetes,0,0,0,0,0,0,0
2026-10-04T14:03:56Z,redis-cart,paymentservice,0,0,0,0,0,0,0
2026-10-04T14:03:56Z,redis-cart,productcatalogservice,0,0,0,0,0,0,0
2026-10-04T14:03:56Z,redis-cart,recommendationservice,0,0,0,0,0,0,0
2026-10-04T14:03:56Z,redis-cart,redis-cart,0,0,0,0,0,0,0
2026-10-04T14:03:56Z,redis-cart,shippingservice,0,0,0,0,0,0,0
2026-10-04T14:03:56Z,shippingservice,adservice,0,0,0,0,0,0,0
2026-10-04T14:03:56Z,shippingservice,cartservice,0,0,0,0,0,0,0
2026-10-04T14:03:56Z,shippingservice,checkoutservice,0,0,0,0,0,0,0
2026-10-04T14:03:56Z,shippingservice,currencyservice,0,0,0,0,0,0,0
2026-10-04T14:03:56Z,shippingservice,emailservice,0,0,0,0,0,0,0
2026-10-04T14:03:56Z,shippingservice,frontend,0,0,0,0,0,0,0
2026-10-04T14:03:56Z,shippingservice,kubernetes,0,0,0,0,0,0,0
2026-10-04T14:03:56Z,shippingservice,paymentservice,0,0,0,0,0,0,0
2026-10-04T14:03:56Z,shippingservice,productcatalogservice,0,0,0,0,0,0,0
2026-10-04T14:03:56Z,shippingservice,recommendationservice,0,0,0,0,0,0,0
2026-10-04T14:03:56Z,shippingservice,redis-cart,0,0,0,0,0,0,0
2026-10-04T14:03:56Z,shippingservice,shippingservice,0,0,0,0,0,0,0
2026-10-04T14:03:57Z,adservice,adservice,0,0,0,0,0,0,0
2026-10-04T14:03:57Z,adservice,cartservice,0,0,0,0,0,0,0
2026-10-04T14:03:57Z,adservice,checkoutservice,0,0,0,0,0,0,0
2026-10-04T14:03:57Z,adservice,currencyservice,0,0,0,0,0,0,0
2026-10-04T14:03:57Z,adservice,emailservice,0,0,0,0,0,0,0
2026-10-04T14:03:57Z,adservice,frontend,0,0,0,0,0,0,0
2026-10-04T14:03:57Z,adservice,kubernetes,0,0,0,0,0,0,0
2026-10-04T14:03:57Z,adservice,paymentservice,0,0,0,0,0,0,0
2026-10-04T14:03:57Z,adservice,productcatalogservice,0,0,0,0,0,0,0
2026-10-04T14:03:57Z,adservice,recommendationservice,0,0,0,0,0,0,0
2026-10-04T14:03:57Z,adservice,redis-cart,0,0,0,0,0,0,0
2026-10-04T14:03:57Z,adservice,shippingservice,0,0,0,0,0,0,0
2026-10-04T14:03:57Z,cartservice,adservice,0,0,0,0,0,0,0
2026-10-04T14:03:57Z,cartservice,cartservice,0,0,0,0,0,0,0
2026-10-04T14:03:57Z,cartservice,checkoutservice,0,0,0,0,0,0,0
2026-10-04T14:03:57Z,cartservice,currencyservice,0,0,0,0,0,0,0
2026-10-04T14:03:57Z,cartservice,emailservice,0,0,0,0,0,0,0
2026-10-04T14:03:57Z,cartservice,frontend,0,0,0,0,0,0,0
2026-10-04T14:03:57Z,cartservice,kubernetes,0,0,0,0,0,0,0
2026-10-04T14:03:57Z,cartservice,paymentservice,0,0,0,0,0,0,0
2026-10-04T14:03:57Z,cartservice,productcatalogservice,0,0,0,0,0,0,0
2026-10-04T14:03:57Z,cartservice,recommendationservice,0,0,0,0,0,0,0
2026-10-04T14:03:57Z,cartservice,redis-cart,2,0,0,0,0,0,0
2026-10-04T14:03:57Z,cartservice,shippingservice,0,0,0,0,0,0,0
2026-10-04T14:03:57Z,checkoutservice,adservice,0,0,0,0,0,0,0
2026-10-04T14:03:57Z,checkoutservice,cartservice,3649,3649,0,0,0,12801,3550
2026-10-04T14:03:57Z,checkoutservice,checkoutservice,0,0,0,0,0,0,0
2026-10-04T14:03:57Z,checkoutservice,currencyservice,1826,1826,0,0,0,5649,1776
2026-10-04T14:03:57Z,checkoutservice,emailservice,1823,1813,0,0,0,71377,1763
2026-10-04T14:03:57Z,checkoutservice,frontend,0,0,0,0,0,0,0
2026-10-04T14:03:57Z,checkoutservice,kubernetes,0,0,0,0,0,0,0
2026-10-04T14:03:57Z,checkoutservice,paymentservice,1825,1823,0,0,0,5504,1775
2026-10-04T14:03:57Z,checkoutservice,productcatalogservice,0,0,0,0,0,0,0
2026-10-04T14:03:57Z,checkoutservice,recommendationservice,0,0,0,0,0,0,0
2026-10-04T14:03:57Z,checkoutservice,redis-cart,0,0,0,0,0,0,0
2026-10-04T14:03:57Z,checkoutservice,shippingservice,3649,3649,0,0,0,6631,3553
2026-10-04T14:03:57Z,currencyservice,adservice,0,0,0,0,0,0,0
2026-10-04T14:03:57Z,currencyservice,cartservice,0,0,0,0,0,0,0
2026-10-04T14:03:57Z,currencyservice,checkoutservice,0,0,0,0,0,0,0
2026-10-04T14:03:57Z,currencyservice,currencyservice,0,0,0,0,0,0,0
2026-10-04T14:03:57Z,currencyservice,emailservice,0,0,0,0,0,0,0
2026-10-04T14:03:57Z,currencyservice,frontend,0,0,0,0,0,0,0
2026-10-04T14:03:57Z,currencyservice,kubernetes,0,0,0,0,0,0,0
2026-10-04T14:03:57Z,currencyservice,paymentservice,0,0,0,0,0,0,0
2026-10-04T14:03:57Z,currencyservice,productcatalogservice,0,0,0,0,0,0,0
2026-10-04T14:03:57Z,currencyservice,recommendationservice,0,0,0,0,0,0,0
2026-10-04T14:03:57Z,currencyservice,redis-cart,0,0,0,0,0,0,0
2026-10-04T14:03:57Z,currencyservice,shippingservice,0,0,0,0,0,0,0
2026-10-04T14:03:57Z,emailservice,adservice,0,0,0,0,0,0,0
2026-10-04T14:03:57Z,emailservice,cartservice,0,0,0,0,0,0,0
2026-10-04T14:03:57Z,emailservice,checkoutservice,0,0,0,0,0,0,0
2026-10-04T14:03:57Z,emailservice,currencyservice,0,0,0,0,0,0,0
2026-10-04T14:03:57Z,emailservice,emailservice,0,0,0,0,0,0,0
2026-10-04T14:03:57Z,emailservice,frontend,0,0,0,0,0,0,0
2026-10-04T14:03:57Z,emailservice,kubernetes,0,0,0,0,0,0,0
2026-10-04T14:03:57Z,emailservice,paymentservice,0,0,0,0,0,0,0
2026-10-04T14:03:57Z,emailservice,productcatalogservice,0,0,0,0,0,0,0
2026-10-04T14:03:57Z,emailservice,recommendationservice,0,0,0,0,0,0,0
2026-10-04T14:03:57Z,emailservice,redis-cart,0,0,0,0,0,0,0
2026-10-04T14:03:57Z,emailservice,shippingservice,0,0,0,0,0,0,0
2026-10-04T14:03:57Z,frontend,adservice,778006,778003,0,0,0,2340533,777239
2026-10-04T14:03:57Z,frontend,cartservice,1738023,1738011,0,0,4,9646785,1736622
2026-10-04T14:03:57Z,frontend,checkoutservice,356661,175525,0,34332,146696,55748622,175177
2026-10-04T14:03:57Z,frontend,currencyservice,2763190,2763180,0,0,0,14623816,2760626
2026-10-04T14:03:57Z,frontend,emailservice,0,0,0,0,0,0,0
2026-10-04T14:03:57Z,frontend,frontend,0,0,0,0,0,0,0
2026-10-04T14:03:57Z,frontend,kubernetes,0,0,0,0,0,0,0
2026-10-04T14:03:57Z,frontend,paymentservice,0,0,0,0,0,0,0
2026-10-04T14:03:57Z,frontend,productcatalogservice,7721166,7721084,0,0,0,52429512,7712865
2026-10-04T14:03:57Z,frontend,recommendationservice,2531744,1532517,0,104145,892890,770081595,1531071
2026-10-04T14:03:57Z,frontend,redis-cart,0,0,0,0,0,0,0
2026-10-04T14:03:57Z,frontend,shippingservice,285419,285417,0,0,0,861230,285102
2026-10-04T14:03:57Z,paymentservice,adservice,0,0,0,0,0,0,0
2026-10-04T14:03:57Z,paymentservice,cartservice,0,0,0,0,0,0,0
2026-10-04T14:03:57Z,paymentservice,checkoutservice,0,0,0,0,0,0,0
2026-10-04T14:03:57Z,paymentservice,currencyservice,0,0,0,0,0,0,0
2026-10-04T14:03:57Z,paymentservice,emailservice,0,0,0,0,0,0,0
2026-10-04T14:03:57Z,paymentservice,frontend,0,0,0,0,0,0,0
2026-10-04T14:03:57Z,paymentservice,kubernetes,0,0,0,0,0,0,0
2026-10-04T14:03:57Z,paymentservice,paymentservice,0,0,0,0,0,0,0
2026-10-04T14:03:57Z,paymentservice,productcatalogservice,0,0,0,0,0,0,0
2026-10-04T14:03:57Z,paymentservice,recommendationservice,0,0,0,0,0,0,0
2026-10-04T14:03:57Z,paymentservice,redis-cart,0,0,0,0,0,0,0
2026-10-04T14:03:57Z,paymentservice,shippingservice,0,0,0,0,0,0,0
2026-10-04T14:03:57Z,productcatalogservice,adservice,0,0,0,0,0,0,0
2026-10-04T14:03:57Z,productcatalogservice,cartservice,0,0,0,0,0,0,0
2026-10-04T14:03:57Z,productcatalogservice,checkoutservice,0,0,0,0,0,0,0
2026-10-04T14:03:57Z,productcatalogservice,currencyservice,0,0,0,0,0,0,0
2026-10-04T14:03:57Z,productcatalogservice,emailservice,0,0,0,0,0,0,0
2026-10-04T14:03:57Z,productcatalogservice,frontend,0,0,0,0,0,0,0
2026-10-04T14:03:57Z,productcatalogservice,kubernetes,0,0,0,0,0,0,0
2026-10-04T14:03:57Z,productcatalogservice,paymentservice,0,0,0,0,0,0,0
2026-10-04T14:03:57Z,productcatalogservice,productcatalogservice,0,0,0,0,0,0,0
2026-10-04T14:03:57Z,productcatalogservice,recommendationservice,0,0,0,0,0,0,0
2026-10-04T14:03:57Z,productcatalogservice,redis-cart,0,0,0,0,0,0,0
2026-10-04T14:03:57Z,productcatalogservice,shippingservice,0,0,0,0,0,0,0
2026-10-04T14:03:57Z,recommendationservice,adservice,0,0,0,0,0,0,0
2026-10-04T14:03:57Z,recommendationservice,cartservice,0,0,0,0,0,0,0
2026-10-04T14:03:57Z,recommendationservice,checkoutservice,0,0,0,0,0,0,0
2026-10-04T14:03:57Z,recommendationservice,currencyservice,0,0,0,0,0,0,0
2026-10-04T14:03:57Z,recommendationservice,emailservice,0,0,0,0,0,0,0
2026-10-04T14:03:57Z,recommendationservice,frontend,0,0,0,0,0,0,0
2026-10-04T14:03:57Z,recommendationservice,kubernetes,0,0,0,0,0,0,0
2026-10-04T14:03:57Z,recommendationservice,paymentservice,0,0,0,0,0,0,0
2026-10-04T14:03:57Z,recommendationservice,productcatalogservice,7670,7668,0,0,0,23339,6733
2026-10-04T14:03:57Z,recommendationservice,recommendationservice,0,0,0,0,0,0,0
2026-10-04T14:03:57Z,recommendationservice,redis-cart,0,0,0,0,0,0,0
2026-10-04T14:03:57Z,recommendationservice,shippingservice,0,0,0,0,0,0,0
2026-10-04T14:03:57Z,redis-cart,adservice,0,0,0,0,0,0,0
2026-10-04T14:03:57Z,redis-cart,cartservice,0,0,0,0,0,0,0
2026-10-04T14:03:57Z,redis-cart,checkoutservice,0,0,0,0,0,0,0
2026-10-04T14:03:57Z,redis-cart,currencyservice,0,0,0,0,0,0,0
2026-10-04T14:03:57Z,redis-cart,emailservice,0,0,0,0,0,0,0
2026-10-04T14:03:57Z,redis-cart,frontend,0,0,0,0,0,0,0
2026-10-04T14:03:57Z,redis-cart,kubernetes,0,0,0,0,0,0,0
2026-10-04T14:03:57Z,redis-cart,paymentservice,0,0,0,0,0,0,0
2026-10-04T14:03:57Z,redis-cart,productcatalogservice,0,0,0,0,0,0,0
2026-10-04T14:03:57Z,redis-cart,recommendationservice,0,0,0,0,0,0,0
2026-10-04T14:03:57Z,redis-cart,redis-cart,0,0,0,0,0,0,0
2026-10-04T14:03:57Z,redis-cart,shippingservice,0,0,0,0,0,0,0
2026-10-04T14:03:57Z,shippingservice,adservice,0,0,0,0,0,0,0
2026-10-04T14:03:57Z,shippingservice,cartservice,0,0,0,0,0,0,0
2026-10-04T14:03:57Z,shippingservice,checkoutservice,0,0,0,0,0,0,0
2026-10-04T14:03:57Z,shippingservice,currencyservice,0,0,0,0,0,0,0
2026-10-04T14:03:57Z,shippingservice,emailservice,0,0,0,0,0,0,0
2026-10-04T14:03:57Z,shippingservice,frontend,0,0,0,0,0,0,0
2026-10-04T14:03:57Z,shippingservice,kubernetes,0,0,0,0,0,0,0
2026-10-04T14:03:57Z,shippingservice,paymentservice,0,0,0,0,0,0,0
2026-10-04T14:03:57Z,shippingservice,productcatalogservice,0,0,0,0,0,0,0
2026-10-04T14:03:57Z,shippingservice,recommendationservice,0,0,0,0,0,0,0
2026-10-04T14:03:57Z,shippingservice,redis-cart,0,0,0,0,0,0,0
2026-10-04T14:03:57Z,shippingservice,shippingservice,0,0,0,0,0,0,0
2026-10-04T14:03:58Z,adservice,adservice,0,0,0,0,0,0,0
2026-10-04T14:03:58Z,adservice,cartservice,0,0,0,0,0,0,0
2026-10-04T14:03:58Z,adservice,checkoutservice,0,0,0,0,0,0,0
2026-10-04T14:03:58Z,adservice,currencyservice,0,0,0,0,0,0,0
2026-10-04T14:03:58Z,adservice,emailservice,0,0,0,0,0,0,0
2026-10-04T14:03:58Z,adservice,frontend,0,0,0,0,0,0,0
2026-10-04T14:03:58Z,adservice,kubernetes,0,0,0,0,0,0,0
2026-10-04T14:03:58Z,adservice,paymentservice,0,0,0,0,0,0,0
2026-10-04T14:03:58Z,adservice,productcatalogservice,0,0,0,0,0,0,0
2026-10-04T14:03:58Z,adservice,recommendationservice,0,0,0,0,0,0,0
2026-10-04T14:03:58Z,adservice,redis-cart,0,0,0,0,0,0,0
2026-10-04T14:03:58Z,adservice,shippingservice,0,0,0,0,0,0,0
2026-10-04T14:03:58Z,cartservice,adservice,0,0,0,0,0,0,0
2026-10-04T14:03:58Z,cartservice,cartservice,0,0,0,0,0,0,0
2026-10-04T14:03:58Z,cartservice,checkoutservice,0,0,0,0,0,0,0
2026-10-04T14:03:58Z,cartservice,currencyservice,0,0,0,0,0,0,0
2026-10-04T14:03:58Z,cartservice,emailservice,0,0,0,0,0,0,0
2026-10-04T14:03:58Z,cartservice,frontend,0,0,0,0,0,0,0
2026-10-04T14:03:58Z,cartservice,kubernetes,0,0,0,0,0,0,0
2026-10-04T14:03:58Z,cartservice,paymentservice,0,0,0,0,0,0,0
2026-10-04T14:03:58Z,cartservice,productcatalogservice,0,0,0,0,0,0,0
2026-10-04T14:03:58Z,cartservice,recommendationservice,0,0,0,0,0,0,0
2026-10-04T14:03:58Z,cartservice,redis-cart,2,0,0,0,0,0,0
2026-10-04T14:03:58Z,cartservice,shippingservice,0,0,0,0,0,0,0
2026-10-04T14:03:58Z,checkoutservice,adservice,0,0,0,0,0,0,0
2026-10-04T14:03:58Z,checkoutservice,cartservice,3838,3837,0,0,0,12801,3550
2026-10-04T14:03:58Z,checkoutservice,checkoutservice,0,0,0,0,0,0,0
2026-10-04T14:03:58Z,checkoutservice,currencyservice,1919,1919,0,0,0,5649,1776
2026-10-04T14:03:58Z,checkoutservice,emailservice,1918,1912,0,0,0,71377,1763
2026-10-04T14:03:58Z,checkoutservice,frontend,0,0,0,0,0,0,0
2026-10-04T14:03:58Z,checkoutservice,kubernetes,0,0,0,0,0,0,0
2026-10-04T14:03:58Z,checkoutservice,paymentservice,1919,1919,0,0,0,5504,1775
2026-10-04T14:03:58Z,checkoutservice,productcatalogservice,0,0,0,0,0,0,0
2026-10-04T14:03:58Z,checkoutservice,recommendationservice,0,0,0,0,0,0,0
2026-10-04T14:03:58Z,checkoutservice,redis-cart,0,0,0,0,0,0,0
2026-10-04T14:03:58Z,checkoutservice,shippingservice,3838,3838,0,0,0,6631,3553
2026-10-04T14:03:58Z,currencyservice,adservice,0,0,0,0,0,0,0
2026-10-04T14:03:58Z,currencyservice,cartservice,0,0,0,0,0,0,0
2026-10-04T14:03:58Z,currencyservice,checkoutservice,0,0,0,0,0,0,0
2026-10-04T14:03:58Z,currencyservice,currencyservice,0,0,0,0,0,0,0
2026-10-04T14:03:58Z,currencyservice,emailservice,0,0,0,0,0,0,0
2026-10-04T14:03:58Z,currencyservice,frontend,0,0,0,0,0,0,0
2026-10-04T14:03:58Z,currencyservice,kubernetes,0,0,0,0,0,0,0
2026-10-04T14:03:58Z,currencyservice,paymentservice,0,0,0,0,0,0,0
2026-10-04T14:03:58Z,currencyservice,productcatalogservice,0,0,0,0,0,0,0
2026-10-04T14:03:58Z,currencyservice,recommendationservice,0,0,0,0,0,0,0
2026-10-04T14:03:58Z,currencyservice,redis-cart,0,0,0,0,0,0,0
2026-10-04T14:03:58Z,currencyservice,shippingservice,0,0,0,0,0,0,0
2026-10-04T14:03:58Z,emailservice,adservice,0,0,0,0,0,0,0
2026-10-04T14:03:58Z,emailservice,cartservice,0,0,0,0,0,0,0
2026-10-04T14:03:58Z,emailservice,checkoutservice,0,0,0,0,0,0,0
2026-10-04T14:03:58Z,emailservice,currencyservice,0,0,0,0,0,0,0
2026-10-04T14:03:58Z,emailservice,emailservice,0,0,0,0,0,0,0
2026-10-04T14:03:58Z,emailservice,frontend,0,0,0,0,0,0,0
2026-10-04T14:03:58Z,emailservice,kubernetes,0,0,0,0,0,0,0
2026-10-04T14:03:58Z,emailservice,paymentservice,0,0,0,0,0,0,0
2026-10-04T14:03:58Z,emailservice,productcatalogservice,0,0,0,0,0,0,0
2026-10-04T14:03:58Z,emailservice,recommendationservice,0,0,0,0,0,0,0
2026-10-04T14:03:58Z,emailservice,redis-cart,0,0,0,0,0,0,0
2026-10-04T14:03:58Z,emailservice,shippingservice,0,0,0,0,0,0,0
2026-10-04T14:03:58Z,frontend,adservice,778227,778225,0,0,0,2342584,777968
2026-10-04T14:03:58Z,frontend,cartservice,1738407,1738394,0,0,4,9653450,1737940
2026-10-04T14:03:58Z,frontend,checkoutservice,356755,175614,0,34332,146696,55817608,175506
2026-10-04T14:03:58Z,frontend,currencyservice,2763894,2763884,0,0,0,14635607,2763044
2026-10-04T14:03:58Z,frontend,emailservice,0,0,0,0,0,0,0
2026-10-04T14:03:58Z,frontend,frontend,0,0,0,0,0,0,0
2026-10-04T14:03:58Z,frontend,kubernetes,0,0,0,0,0,0,0
2026-10-04T14:03:58Z,frontend,paymentservice,0,0,0,0,0,0,0
2026-10-04T14:03:58Z,frontend,productcatalogservice,7723496,7723412,0,0,0,52469959,7720658
2026-10-04T14:03:58Z,frontend,recommendationservice,2532141,1532920,0,104145,892890,770140625,1532437
2026-10-04T14:03:58Z,frontend,redis-cart,0,0,0,0,0,0,0
2026-10-04T14:03:58Z,frontend,shippingservice,285509,285507,0,0,0,862022,285391
2026-10-04T14:03:58Z,paymentservice,adservice,0,0,0,0,0,0,0
2026-10-04T14:03:58Z,paymentservice,cartservice,0,0,0,0,0,0,0
2026-10-04T14:03:58Z,paymentservice,checkoutservice,0,0,0,0,0,0,0
2026-10-04T14:03:58Z,paymentservice,currencyservice,0,0,0,0,0,0,0
2026-10-04T14:03:58Z,paymentservice,emailservice,0,0,0,0,0,0,0
2026-10-04T14:03:58Z,paymentservice,frontend,0,0,0,0,0,0,0
2026-10-04T14:03:58Z,paymentservice,kubernetes,0,0,0,0,0,0,0
2026-10-04T14:03:58Z,paymentservice,paymentservice,0,0,0,0,0,0,0
2026-10-04T14:03:58Z,paymentservice,productcatalogservice,0,0,0,0,0,0,0
2026-10-04T14:03:58Z,paymentservice,recommendationservice,0,0,0,0,0,0,0
2026-10-04T14:03:58Z,paymentservice,redis-cart,0,0,0,0,0,0,0
2026-10-04T14:03:58Z,paymentservice,shippingservice,0,0,0,0,0,0,0
2026-10-04T14:03:58Z,productcatalogservice,adservice,0,0,0,0,0,0,0
2026-10-04T14:03:58Z,productcatalogservice,cartservice,0,0,0,0,0,0,0
2026-10-04T14:03:58Z,productcatalogservice,checkoutservice,0,0,0,0,0,0,0
2026-10-04T14:03:58Z,productcatalogservice,currencyservice,0,0,0,0,0,0,0
2026-10-04T14:03:58Z,productcatalogservice,emailservice,0,0,0,0,0,0,0
2026-10-04T14:03:58Z,productcatalogservice,frontend,0,0,0,0,0,0,0
2026-10-04T14:03:58Z,productcatalogservice,kubernetes,0,0,0,0,0,0,0
2026-10-04T14:03:58Z,productcatalogservice,paymentservice,0,0,0,0,0,0,0
2026-10-04T14:03:58Z,productcatalogservice,productcatalogservice,0,0,0,0,0,0,0
2026-10-04T14:03:58Z,productcatalogservice,recommendationservice,0,0,0,0,0,0,0
2026-10-04T14:03:58Z,productcatalogservice,redis-cart,0,0,0,0,0,0,0
2026-10-04T14:03:58Z,productcatalogservice,shippingservice,0,0,0,0,0,0,0
2026-10-04T14:03:58Z,recommendationservice,adservice,0,0,0,0,0,0,0
2026-10-04T14:03:58Z,recommendationservice,cartservice,0,0,0,0,0,0,0
2026-10-04T14:03:58Z,recommendationservice,checkoutservice,0,0,0,0,0,0,0
2026-10-04T14:03:58Z,recommendationservice,currencyservice,0,0,0,0,0,0,0
2026-10-04T14:03:58Z,recommendationservice,emailservice,0,0,0,0,0,0,0
2026-10-04T14:03:58Z,recommendationservice,frontend,0,0,0,0,0,0,0
2026-10-04T14:03:58Z,recommendationservice,kubernetes,0,0,0,0,0,0,0
2026-10-04T14:03:58Z,recommendationservice,paymentservice,0,0,0,0,0,0,0
2026-10-04T14:03:58Z,recommendationservice,productcatalogservice,8046,8045,0,0,0,23339,6733
2026-10-04T14:03:58Z,recommendationservice,recommendationservice,0,0,0,0,0,0,0
2026-10-04T14:03:58Z,recommendationservice,redis-cart,0,0,0,0,0,0,0
2026-10-04T14:03:58Z,recommendationservice,shippingservice,0,0,0,0,0,0,0
2026-10-04T14:03:58Z,redis-cart,adservice,0,0,0,0,0,0,0
2026-10-04T14:03:58Z,redis-cart,cartservice,0,0,0,0,0,0,0
2026-10-04T14:03:58Z,redis-cart,checkoutservice,0,0,0,0,0,0,0
2026-10-04T14:03:58Z,redis-cart,currencyservice,0,0,0,0,0,0,0
2026-10-04T14:03:58Z,redis-cart,emailservice,0,0,0,0,0,0,0
2026-10-04T14:03:58Z,redis-cart,frontend,0,0,0,0,0,0,0
2026-10-04T14:03:58Z,redis-cart,kubernetes,0,0,0,0,0,0,0
2026-10-04T14:03:58Z,redis-cart,paymentservice,0,0,0,0,0,0,0
2026-10-04T14:03:58Z,redis-cart,productcatalogservice,0,0,0,0,0,0,0
2026-10-04T14:03:58Z,redis-cart,recommendationservice,0,0,0,0,0,0,0
2026-10-04T14:03:58Z,redis-cart,redis-cart,0,0,0,0,0,0,0
2026-10-04T14:03:58Z,redis-cart,shippingservice,0,0,0,0,0,0,0
2026-10-04T14:03:58Z,shippingservice,adservice,0,0,0,0,0,0,0
2026-10-04T14:03:58Z,shippingservice,cartservice,0,0,0,0,0,0,0
2026-10-04T14:03:58Z,shippingservice,checkoutservice,0,0,0,0,0,0,0
2026-10-04T14:03:58Z,shippingservice,currencyservice,0,0,0,0,0,0,0
2026-10-04T14:03:58Z,shippingservice,emailservice,0,0,0,0,0,0,0
2026-10-04T14:03:58Z,shippingservice,frontend,0,0,0,0,0,0,0
2026-10-04T14:03:58Z,shippingservice,kubernetes,0,0,0,0,0,0,0
2026-10-04T14:03:58Z,shippingservice,paymentservice,0,0,0,0,0,0,0
2026-10-04T14:03:58Z,shippingservice,productcatalogservice,0,0,0,0,0,0,0
2026-10-04T14:03:58Z,shippingservice,recommendationservice,0,0,0,0,0,0,0
2026-10-04T14:03:58Z,shippingservice,redis-cart,0,0,0,0,0,0,0
2026-10-04T14:03:58Z,shippingservice,shippingservice,0,0,0,0,0,0,0
2026-10-04T14:03:59Z,adservice,adservice,0,0,0,0,0,0,0
2026-10-04T14:03:59Z,adservice,cartservice,0,0,0,0,0,0,0
2026-10-04T14:03:59Z,adservice,checkoutservice,0,0,0,0,0,0,0
2026-10-04T14:03:59Z,adservice,currencyservice,0,0,0,0,0,0,0
2026-10-04T14:03:59Z,adservice,emailservice,0,0,0,0,0,0,0
2026-10-04T14:03:59Z,adservice,frontend,0,0,0,0,0,0,0
2026-10-04T14:03:59Z,adservice,kubernetes,0,0,0,0,0,0,0
2026-10-04T14:03:59Z,adservice,paymentservice,0,0,0,0,0,0,0
2026-10-04T14:03:59Z,adservice,productcatalogservice,0,0,0,0,0,0,0
2026-10-04T14:03:59Z,adservice,recommendationservice,0,0,0,0,0,0,0
2026-10-04T14:03:59Z,adservice,redis-cart,0,0,0,0,0,0,0
2026-10-04T14:03:59Z,adservice,shippingservice,0,0,0,0,0,0,0
2026-10-04T14:03:59Z,cartservice,adservice,0,0,0,0,0,0,0
2026-10-04T14:03:59Z,cartservice,cartservice,0,0,0,0,0,0,0
2026-10-04T14:03:59Z,cartservice,checkoutservice,0,0,0,0,0,0,0
2026-10-04T14:03:59Z,cartservice,currencyservice,0,0,0,0,0,0,0
2026-10-04T14:03:59Z,cartservice,emailservice,0,0,0,0,0,0,0
2026-10-04T14:03:59Z,cartservice,frontend,0,0,0,0,0,0,0
2026-10-04T14:03:59Z,cartservice,kubernetes,0,0,0,0,0,0,0
2026-10-04T14:03:59Z,cartservice,paymentservice,0,0,0,0,0,0,0
2026-10-04T14:03:59Z,cartservice,productcatalogservice,0,0,0,0,0,0,0
2026-10-04T14:03:59Z,cartservice,recommendationservice,0,0,0,0,0,0,0
2026-10-04T14:03:59Z,cartservice,redis-cart,2,0,0,0,0,0,0
2026-10-04T14:03:59Z,cartservice,shippingservice,0,0,0,0,0,0,0
2026-10-04T14:03:59Z,checkoutservice,adservice,0,0,0,0,0,0,0
2026-10-04T14:03:59Z,checkoutservice,cartservice,4000,4000,0,0,0,12801,3550
2026-10-04T14:03:59Z,checkoutservice,checkoutservice,0,0,0,0,0,0,0
2026-10-04T14:03:59Z,checkoutservice,currencyservice,2000,2000,0,0,0,5649,1776
2026-10-04T14:03:59Z,checkoutservice,emailservice,2000,1997,0,0,0,71377,1763
2026-10-04T14:03:59Z,checkoutservice,frontend,0,0,0,0,0,0,0
2026-10-04T14:03:59Z,checkoutservice,kubernetes,0,0,0,0,0,0,0
2026-10-04T14:03:59Z,checkoutservice,paymentservice,2000,2000,0,0,0,5504,1775
2026-10-04T14:03:59Z,checkoutservice,productcatalogservice,0,0,0,0,0,0,0
2026-10-04T14:03:59Z,checkoutservice,recommendationservice,0,0,0,0,0,0,0
2026-10-04T14:03:59Z,checkoutservice,redis-cart,0,0,0,0,0,0,0
2026-10-04T14:03:59Z,checkoutservice,shippingservice,4000,4000,0,0,0,6631,3553
2026-10-04T14:03:59Z,currencyservice,adservice,0,0,0,0,0,0,0
2026-10-04T14:03:59Z,currencyservice,cartservice,0,0,0,0,0,0,0
2026-10-04T14:03:59Z,currencyservice,checkoutservice,0,0,0,0,0,0,0
2026-10-04T14:03:59Z,currencyservice,currencyservice,0,0,0,0,0,0,0
2026-10-04T14:03:59Z,currencyservice,emailservice,0,0,0,0,0,0,0
2026-10-04T14:03:59Z,currencyservice,frontend,0,0,0,0,0,0,0
2026-10-04T14:03:59Z,currencyservice,kubernetes,0,0,0,0,0,0,0
2026-10-04T14:03:59Z,currencyservice,paymentservice,0,0,0,0,0,0,0
2026-10-04T14:03:59Z,currencyservice,productcatalogservice,0,0,0,0,0,0,0
2026-10-04T14:03:59Z,currencyservice,recommendationservice,0,0,0,0,0,0,0
2026-10-04T14:03:59Z,currencyservice,redis-cart,0,0,0,0,0,0,0
2026-10-04T14:03:59Z,currencyservice,shippingservice,0,0,0,0,0,0,0
2026-10-04T14:03:59Z,emailservice,adservice,0,0,0,0,0,0,0
2026-10-04T14:03:59Z,emailservice,cartservice,0,0,0,0,0,0,0
2026-10-04T14:03:59Z,emailservice,checkoutservice,0,0,0,0,0,0,0
2026-10-04T14:03:59Z,emailservice,currencyservice,0,0,0,0,0,0,0
2026-10-04T14:03:59Z,emailservice,emailservice,0,0,0,0,0,0,0
2026-10-04T14:03:59Z,emailservice,frontend,0,0,0,0,0,0,0
2026-10-04T14:03:59Z,emailservice,kubernetes,0,0,0,0,0,0,0
2026-10-04T14:03:59Z,emailservice,paymentservice,0,0,0,0,0,0,0
2026-10-04T14:03:59Z,emailservice,productcatalogservice,0,0,0,0,0,0,0
2026-10-04T14:03:59Z,emailservice,recommendationservice,0,0,0,0,0,0,0
2026-10-04T14:03:59Z,emailservice,redis-cart,0,0,0,0,0,0,0
2026-10-04T14:03:59Z,emailservice,shippingservice,0,0,0,0,0,0,0
2026-10-04T14:03:59Z,frontend,adservice,778431,778429,0,0,0,2343273,778229
2026-10-04T14:03:59Z,frontend,cartservice,1738810,1738794,0,0,4,9655902,1738387
2026-10-04T14:03:59Z,frontend,checkoutservice,356847,175702,0,34332,146696,55840940,175616
2026-10-04T14:03:59Z,frontend,currencyservice,2764620,2764612,0,0,0,14639818,2763871
2026-10-04T14:03:59Z,frontend,emailservice,0,0,0,0,0,0,0
2026-10-04T14:03:59Z,frontend,frontend,0,0,0,0,0,0,0
2026-10-04T14:03:59Z,frontend,kubernetes,0,0,0,0,0,0,0
2026-10-04T14:03:59Z,frontend,paymentservice,0,0,0,0,0,0,0
2026-10-04T14:03:59Z,frontend,productcatalogservice,7725659,7725586,0,0,0,52487283,7723329
2026-10-04T14:03:59Z,frontend,recommendationservice,2532565,1533291,0,104145,892890,770160518,1532902
2026-10-04T14:03:59Z,frontend,redis-cart,0,0,0,0,0,0,0
2026-10-04T14:03:59Z,frontend,shippingservice,285593,285591,0,0,0,862320,285490
2026-10-04T14:03:59Z,paymentservice,adservice,0,0,0,0,0,0,0
2026-10-04T14:03:59Z,paymentservice,cartservice,0,0,0,0,0,0,0
2026-10-04T14:03:59Z,paymentservice,checkoutservice,0,0,0,0,0,0,0
2026-10-04T14:03:59Z,paymentservice,currencyservice,0,0,0,0,0,0,0
2026-10-04T14:03:59Z,paymentservice,emailservice,0,0,0,0,0,0,0
2026-10-04T14:03:59Z,paymentservice,frontend,0,0,0,0,0,0,0
2026-10-04T14:03:59Z,paymentservice,kubernetes,0,0,0,0,0,0,0
2026-10-04T14:03:59Z,paymentservice,paymentservice,0,0,0,0,0,0,0
2026-10-04T14:03:59Z,paymentservice,productcatalogservice,0,0,0,0,0,0,0
2026-10-04T14:03:59Z,paymentservice,recommendationservice,0,0,0,0,0,0,0
2026-10-04T14:03:59Z,paymentservice,redis-cart,0,0,0,0,0,0,0
2026-10-04T14:03:59Z,paymentservice,shippingservice,0,0,0,0,0,0,0
2026-10-04T14:03:59Z,productcatalogservice,adservice,0,0,0,0,0,0,0
2026-10-04T14:03:59Z,productcatalogservice,cartservice,0,0,0,0,0,0,0
2026-10-04T14:03:59Z,productcatalogservice,checkoutservice,0,0,0,0,0,0,0
2026-10-04T14:03:59Z,productcatalogservice,currencyservice,0,0,0,0,0,0,0
2026-10-04T14:03:59Z,productcatalogservice,emailservice,0,0,0,0,0,0,0
2026-10-04T14:03:59Z,productcatalogservice,frontend,0,0,0,0,0,0,0
2026-10-04T14:03:59Z,productcatalogservice,kubernetes,0,0,0,0,0,0,0
2026-10-04T14:03:59Z,productcatalogservice,paymentservice,0,0,0,0,0,0,0
2026-10-04T14:03:59Z,productcatalogservice,productcatalogservice,0,0,0,0,0,0,0
2026-10-04T14:03:59Z,productcatalogservice,recommendationservice,0,0,0,0,0,0,0
2026-10-04T14:03:59Z,productcatalogservice,redis-cart,0,0,0,0,0,0,0
2026-10-04T14:03:59Z,productcatalogservice,shippingservice,0,0,0,0,0,0,0
2026-10-04T14:03:59Z,recommendationservice,adservice,0,0,0,0,0,0,0
2026-10-04T14:03:59Z,recommendationservice,cartservice,0,0,0,0,0,0,0
2026-10-04T14:03:59Z,recommendationservice,checkoutservice,0,0,0,0,0,0,0
2026-10-04T14:03:59Z,recommendationservice,currencyservice,0,0,0,0,0,0,0
2026-10-04T14:03:59Z,recommendationservice,emailservice,0,0,0,0,0,0,0
2026-10-04T14:03:59Z,recommendationservice,frontend,0,0,0,0,0,0,0
2026-10-04T14:03:59Z,recommendationservice,kubernetes,0,0,0,0,0,0,0
2026-10-04T14:03:59Z,recommendationservice,paymentservice,0,0,0,0,0,0,0
2026-10-04T14:03:59Z,recommendationservice,productcatalogservice,8443,8441,0,0,0,23339,6733
2026-10-04T14:03:59Z,recommendationservice,recommendationservice,0,0,0,0,0,0,0
2026-10-04T14:03:59Z,recommendationservice,redis-cart,0,0,0,0,0,0,0
2026-10-04T14:03:59Z,recommendationservice,shippingservice,0,0,0,0,0,0,0
2026-10-04T14:03:59Z,redis-cart,adservice,0,0,0,0,0,0,0
2026-10-04T14:03:59Z,redis-cart,cartservice,0,0,0,0,0,0,0
2026-10-04T14:03:59Z,redis-cart,checkoutservice,0,0,0,0,0,0,0
2026-10-04T14:03:59Z,redis-cart,currencyservice,0,0,0,0,0,0,0
2026-10-04T14:03:59Z,redis-cart,emailservice,0,0,0,0,0,0,0
2026-10-04T14:03:59Z,redis-cart,frontend,0,0,0,0,0,0,0
2026-10-04T14:03:59Z,redis-cart,kubernetes,0,0,0,0,0,0,0
2026-10-04T14:03:59Z,redis-cart,paymentservice,0,0,0,0,0,0,0
2026-10-04T14:03:59Z,redis-cart,productcatalogservice,0,0,0,0,0,0,0
2026-10-04T14:03:59Z,redis-cart,recommendationservice,0,0,0,0,0,0,0
2026-10-04T14:03:59Z,redis-cart,redis-cart,0,0,0,0,0,0,0
2026-10-04T14:03:59Z,redis-cart,shippingservice,0,0,0,0,0,0,0
2026-10-04T14:03:59Z,shippingservice,adservice,0,0,0,0,0,0,0
2026-10-04T14:03:59Z,shippingservice,cartservice,0,0,0,0,0,0,0
2026-10-04T14:03:59Z,shippingservice,checkoutservice,0,0,0,0,0,0,0
2026-10-04T14:03:59Z,shippingservice,currencyservice,0,0,0,0,0,0,0
2026-10-04T14:03:59Z,shippingservice,emailservice,0,0,0,0,0,0,0
2026-10-04T14:03:59Z,shippingservice,frontend,0,0,0,0,0,0,0
2026-10-04T14:03:59Z,shippingservice,kubernetes,0,0,0,0,0,0,0
2026-10-04T14:03:59Z,shippingservice,paymentservice,0,0,0,0,0,0,0
2026-10-04T14:03:59Z,shippingservice,productcatalogservice,0,0,0,0,0,0,0
2026-10-04T14:03:59Z,shippingservice,recommendationservice,0,0,0,0,0,0,0
2026-10-04T14:03:59Z,shippingservice,redis-cart,0,0,0,0,0,0,0
2026-10-04T14:03:59Z,shippingservice,shippingservice,0,0,0,0,0,0,0
2026-10-04T14:04:00Z,adservice,adservice,0,0,0,0,0,0,0
2026-10-04T14:04:00Z,adservice,cartservice,0,0,0,0,0,0,0
2026-10-04T14:04:00Z,adservice,checkoutservice,0,0,0,0,0,0,0
2026-10-04T14:04:00Z,adservice,currencyservice,0,0,0,0,0,0,0
2026-10-04T14:04:00Z,adservice,emailservice,0,0,0,0,0,0,0
2026-10-04T14:04:00Z,adservice,frontend,0,0,0,0,0,0,0
2026-10-04T14:04:00Z,adservice,kubernetes,0,0,0,0,0,0,0
2026-10-04T14:04:00Z,adservice,paymentservice,0,0,0,0,0,0,0
2026-10-04T14:04:00Z,adservice,productcatalogservice,0,0,0,0,0,0,0
2026-10-04T14:04:00Z,adservice,recommendationservice,0,0,0,0,0,0,0
2026-10-04T14:04:00Z,adservice,redis-cart,0,0,0,0,0,0,0
2026-10-04T14:04:00Z,adservice,shippingservice,0,0,0,0,0,0,0
2026-10-04T14:04:00Z,cartservice,adservice,0,0,0,0,0,0,0
2026-10-04T14:04:00Z,cartservice,cartservice,0,0,0,0,0,0,0
2026-10-04T14:04:00Z,cartservice,checkoutservice,0,0,0,0,0,0,0
2026-10-04T14:04:00Z,cartservice,currencyservice,0,0,0,0,0,0,0
2026-10-04T14:04:00Z,cartservice,emailservice,0,0,0,0,0,0,0
2026-10-04T14:04:00Z,cartservice,frontend,0,0,0,0,0,0,0
2026-10-04T14:04:00Z,cartservice,kubernetes,0,0,0,0,0,0,0
2026-10-04T14:04:00Z,cartservice,paymentservice,0,0,0,0,0,0,0
2026-10-04T14:04:00Z,cartservice,productcatalogservice,0,0,0,0,0,0,0
2026-10-04T14:04:00Z,cartservice,recommendationservice,0,0,0,0,0,0,0
2026-10-04T14:04:00Z,cartservice,redis-cart,2,0,0,0,0,0,0
2026-10-04T14:04:00Z,cartservice,shippingservice,0,0,0,0,0,0,0
2026-10-04T14:04:00Z,checkoutservice,adservice,0,0,0,0,0,0,0
2026-10-04T14:04:00Z,checkoutservice,cartservice,4221,4221,0,0,0,12801,3550
2026-10-04T14:04:00Z,checkoutservice,checkoutservice,0,0,0,0,0,0,0
2026-10-04T14:04:00Z,checkoutservice,currencyservice,2112,2112,0,0,0,5649,1776
2026-10-04T14:04:00Z,checkoutservice,emailservice,2108,2088,0,0,0,71377,1763
2026-10-04T14:04:00Z,checkoutservice,frontend,0,0,0,0,0,0,0
2026-10-04T14:04:00Z,checkoutservice,kubernetes,0,0,0,0,0,0,0
2026-10-04T14:04:00Z,checkoutservice,paymentservice,2111,2111,0,0,0,5504,1775
2026-10-04T14:04:00Z,checkoutservice,productcatalogservice,0,0,0,0,0,0,0
2026-10-04T14:04:00Z,checkoutservice,recommendationservice,0,0,0,0,0,0,0
2026-10-04T14:04:00Z,checkoutservice,redis-cart,0,0,0,0,0,0,0
2026-10-04T14:04:00Z,checkoutservice,shippingservice,4223,4222,0,0,0,6631,3553
2026-10-04T14:04:00Z,currencyservice,adservice,0,0,0,0,0,0,0
2026-10-04T14:04:00Z,currencyservice,cartservice,0,0,0,0,0,0,0
2026-10-04T14:04:00Z,currencyservice,checkoutservice,0,0,0,0,0,0,0
2026-10-04T14:04:00Z,currencyservice,currencyservice,0,0,0,0,0,0,0
2026-10-04T14:04:00Z,currencyservice,emailservice,0,0,0,0,0,0,0
2026-10-04T14:04:00Z,currencyservice,frontend,0,0,0,0,0,0,0
2026-10-04T14:04:00Z,currencyservice,kubernetes,0,0,0,0,0,0,0
2026-10-04T14:04:00Z,currencyservice,paymentservice,0,0,0,0,0,0,0
2026-10-04T14:04:00Z,currencyservice,productcatalogservice,0,0,0,0,0,0,0
2026-10-04T14:04:00Z,currencyservice,recommendationservice,0,0,0,0,0,0,0
2026-10-04T14:04:00Z,currencyservice,redis-cart,0,0,0,0,0,0,0
2026-10-04T14:04:00Z,currencyservice,shippingservice,0,0,0,0,0,0,0
2026-10-04T14:04:00Z,emailservice,adservice,0,0,0,0,0,0,0
2026-10-04T14:04:00Z,emailservice,cartservice,0,0,0,0,0,0,0
2026-10-04T14:04:00Z,emailservice,checkoutservice,0,0,0,0,0,0,0
2026-10-04T14:04:00Z,emailservice,currencyservice,0,0,0,0,0,0,0
2026-10-04T14:04:00Z,emailservice,emailservice,0,0,0,0,0,0,0
2026-10-04T14:04:00Z,emailservice,frontend,0,0,0,0,0,0,0
2026-10-04T14:04:00Z,emailservice,kubernetes,0,0,0,0,0,0,0
2026-10-04T14:04:00Z,emailservice,paymentservice,0,0,0,0,0,0,0
2026-10-04T14:04:00Z,emailservice,productcatalogservice,0,0,0,0,0,0,0
2026-10-04T14:04:00Z,emailservice,recommendationservice,0,0,0,0,0,0,0
2026-10-04T14:04:00Z,emailservice,redis-cart,0,0,0,0,0,0,0
2026-10-04T14:04:00Z,emailservice,shippingservice,0,0,0,0,0,0,0
2026-10-04T14:04:00Z,frontend,adservice,778665,778663,0,0,0,2343273,778229
2026-10-04T14:04:00Z,frontend,cartservice,1739209,1739194,0,0,4,9655902,1738387
2026-10-04T14:04:00Z,frontend,checkoutservice,356952,175791,0,34332,146699,55840940,175616
2026-10-04T14:04:00Z,frontend,currencyservice,2765322,2765310,0,0,0,14639818,2763871
2026-10-04T14:04:00Z,frontend,emailservice,0,0,0,0,0,0,0
2026-10-04T14:04:00Z,frontend,frontend,0,0,0,0,0,0,0
2026-10-04T14:04:00Z,frontend,kubernetes,0,0,0,0,0,0,0
2026-10-04T14:04:00Z,frontend,paymentservice,0,0,0,0,0,0,0
2026-10-04T14:04:00Z,frontend,productcatalogservice,7728056,7727964,0,0,0,52487283,7723329
2026-10-04T14:04:00Z,frontend,recommendationservice,2532976,1533712,0,104145,892890,770160518,1532902
2026-10-04T14:04:00Z,frontend,redis-cart,0,0,0,0,0,0,0
2026-10-04T14:04:00Z,frontend,shippingservice,285661,285655,0,0,0,862320,285490
2026-10-04T14:04:00Z,paymentservice,adservice,0,0,0,0,0,0,0
2026-10-04T14:04:00Z,paymentservice,cartservice,0,0,0,0,0,0,0
2026-10-04T14:04:00Z,paymentservice,checkoutservice,0,0,0,0,0,0,0
2026-10-04T14:04:00Z,paymentservice,currencyservice,0,0,0,0,0,0,0
2026-10-04T14:04:00Z,paymentservice,emailservice,0,0,0,0,0,0,0
2026-10-04T14:04:00Z,paymentservice,frontend,0,0,0,0,0,0,0
2026-10-04T14:04:00Z,paymentservice,kubernetes,0,0,0,0,0,0,0
2026-10-04T14:04:00Z,paymentservice,paymentservice,0,0,0,0,0,0,0
2026-10-04T14:04:00Z,paymentservice,productcatalogservice,0,0,0,0,0,0,0
2026-10-04T14:04:00Z,paymentservice,recommendationservice,0,0,0,0,0,0,0
2026-10-04T14:04:00Z,paymentservice,redis-cart,0,0,0,0,0,0,0
2026-10-04T14:04:00Z,paymentservice,shippingservice,0,0,0,0,0,0,0
2026-10-04T14:04:00Z,productcatalogservice,adservice,0,0,0,0,0,0,0
2026-10-04T14:04:00Z,productcatalogservice,cartservice,0,0,0,0,0,0,0
2026-10-04T14:04:00Z,productcatalogservice,checkoutservice,0,0,0,0,0,0,0
2026-10-04T14:04:00Z,productcatalogservice,currencyservice,0,0,0,0,0,0,0
2026-10-04T14:04:00Z,productcatalogservice,emailservice,0,0,0,0,0,0,0
2026-10-04T14:04:00Z,productcatalogservice,frontend,0,0,0,0,0,0,0
2026-10-04T14:04:00Z,productcatalogservice,kubernetes,0,0,0,0,0,0,0
2026-10-04T14:04:00Z,productcatalogservice,paymentservice,0,0,0,0,0,0,0
2026-10-04T14:04:00Z,productcatalogservice,productcatalogservice,0,0,0,0,0,0,0
2026-10-04T14:04:00Z,productcatalogservice,recommendationservice,0,0,0,0,0,0,0
2026-10-04T14:04:00Z,productcatalogservice,redis-cart,0,0,0,0,0,0,0
2026-10-04T14:04:00Z,productcatalogservice,shippingservice,0,0,0,0,0,0,0
2026-10-04T14:04:00Z,recommendationservice,adservice,0,0,0,0,0,0,0
2026-10-04T14:04:00Z,recommendationservice,cartservice,0,0,0,0,0,0,0
2026-10-04T14:04:00Z,recommendationservice,checkoutservice,0,0,0,0,0,0,0
2026-10-04T14:04:00Z,recommendationservice,currencyservice,0,0,0,0,0,0,0
2026-10-04T14:04:00Z,recommendationservice,emailservice,0,0,0,0,0,0,0
2026-10-04T14:04:00Z,recommendationservice,frontend,0,0,0,0,0,0,0
2026-10-04T14:04:00Z,recommendationservice,kubernetes,0,0,0,0,0,0,0
2026-10-04T14:04:00Z,recommendationservice,paymentservice,0,0,0,0,0,0,0
2026-10-04T14:04:00Z,recommendationservice,productcatalogservice,8865,8860,0,0,0,35736,8675
2026-10-04T14:04:00Z,recommendationservice,recommendationservice,0,0,0,0,0,0,0
2026-10-04T14:04:00Z,recommendationservice,redis-cart,0,0,0,0,0,0,0
2026-10-04T14:04:00Z,recommendationservice,shippingservice,0,0,0,0,0,0,0
2026-10-04T14:04:00Z,redis-cart,adservice,0,0,0,0,0,0,0
2026-10-04T14:04:00Z,redis-cart,cartservice,0,0,0,0,0,0,0
2026-10-04T14:04:00Z,redis-cart,checkoutservice,0,0,0,0,0,0,0
2026-10-04T14:04:00Z,redis-cart,currencyservice,0,0,0,0,0,0,0
2026-10-04T14:04:00Z,redis-cart,emailservice,0,0,0,0,0,0,0
2026-10-04T14:04:00Z,redis-cart,frontend,0,0,0,0,0,0,0
2026-10-04T14:04:00Z,redis-cart,kubernetes,0,0,0,0,0,0,0
2026-10-04T14:04:00Z,redis-cart,paymentservice,0,0,0,0,0,0,0
2026-10-04T14:04:00Z,redis-cart,productcatalogservice,0,0,0,0,0,0,0
2026-10-04T14:04:00Z,redis-cart,recommendationservice,0,0,0,0,0,0,0
2026-10-04T14:04:00Z,redis-cart,redis-cart,0,0,0,0,0,0,0
2026-10-04T14:04:00Z,redis-cart,shippingservice,0,0,0,0,0,0,0
2026-10-04T14:04:00Z,shippingservice,adservice,0,0,0,0,0,0,0
2026-10-04T14:04:00Z,shippingservice,cartservice,0,0,0,0,0,0,0
2026-10-04T14:04:00Z,shippingservice,checkoutservice,0,0,0,0,0,0,0
2026-10-04T14:04:00Z,shippingservice,currencyservice,0,0,0,0,0,0,0
2026-10-04T14:04:00Z,shippingservice,emailservice,0,0,0,0,0,0,0
2026-10-04T14:04:00Z,shippingservice,frontend,0,0,0,0,0,0,0
2026-10-04T14:04:00Z,shippingservice,kubernetes,0,0,0,0,0,0,0
2026-10-04T14:04:00Z,shippingservice,paymentservice,0,0,0,0,0,0,0
2026-10-04T14:04:00Z,shippingservice,productcatalogservice,0,0,0,0,0,0,0
2026-10-04T14:04:00Z,shippingservice,recommendationservice,0,0,0,0,0,0,0
2026-10-04T14:04:00Z,shippingservice,redis-cart,0,0,0,0,0,0,0
2026-10-04T14:04:00Z,shippingservice,shippingservice,0,0,0,0,0,0,0
2026-10-04T14:04:01Z,adservice,adservice,0,0,0,0,0,0,0
2026-10-04T14:04:01Z,adservice,cartservice,0,0,0,0,0,0,0
2026-10-04T14:04:01Z,adservice,checkoutservice,0,0,0,0,0,0,0
2026-10-04T14:04:01Z,adservice,currencyservice,0,0,0,0,0,0,0
2026-10-04T14:04:01Z,adservice,emailservice,0,0,0,0,0,0,0
2026-10-04T14:04:01Z,adservice,frontend,0,0,0,0,0,0,0
2026-10-04T14:04:01Z,adservice,kubernetes,0,0,0,0,0,0,0
2026-10-04T14:04:01Z,adservice,paymentservice,0,0,0,0,0,0,0
2026-10-04T14:04:01Z,adservice,productcatalogservice,0,0,0,0,0,0,0
2026-10-04T14:04:01Z,adservice,recommendationservice,0,0,0,0,0,0,0
2026-10-04T14:04:01Z,adservice,redis-cart,0,0,0,0,0,0,0
2026-10-04T14:04:01Z,adservice,shippingservice,0,0,0,0,0,0,0
2026-10-04T14:04:01Z,cartservice,adservice,0,0,0,0,0,0,0
2026-10-04T14:04:01Z,cartservice,cartservice,0,0,0,0,0,0,0
2026-10-04T14:04:01Z,cartservice,checkoutservice,0,0,0,0,0,0,0
2026-10-04T14:04:01Z,cartservice,currencyservice,0,0,0,0,0,0,0
2026-10-04T14:04:01Z,cartservice,emailservice,0,0,0,0,0,0,0
2026-10-04T14:04:01Z,cartservice,frontend,0,0,0,0,0,0,0
2026-10-04T14:04:01Z,cartservice,kubernetes,0,0,0,0,0,0,0
2026-10-04T14:04:01Z,cartservice,paymentservice,0,0,0,0,0,0,0
2026-10-04T14:04:01Z,cartservice,productcatalogservice,0,0,0,0,0,0,0
2026-10-04T14:04:01Z,cartservice,recommendationservice,0,0,0,0,0,0,0
2026-10-04T14:04:01Z,cartservice,redis-cart,2,0,0,0,0,0,0
2026-10-04T14:04:01Z,cartservice,shippingservice,0,0,0,0,0,0,0
2026-10-04T14:04:01Z,checkoutservice,adservice,0,0,0,0,0,0,0
2026-10-04T14:04:01Z,checkoutservice,cartservice,4448,4443,0,0,0,12801,3550
2026-10-04T14:04:01Z,checkoutservice,checkoutservice,0,0,0,0,0,0,0
2026-10-04T14:04:01Z,checkoutservice,currencyservice,2229,2223,0,0,0,5649,1776
2026-10-04T14:04:01Z,checkoutservice,emailservice,2206,2143,0,6,0,71377,1763
2026-10-04T14:04:01Z,checkoutservice,frontend,0,0,0,0,0,0,0
2026-10-04T14:04:01Z,checkoutservice,kubernetes,0,0,0,0,0,0,0
2026-10-04T14:04:01Z,checkoutservice,paymentservice,2218,2218,0,0,0,5504,1775
2026-10-04T14:04:01Z,checkoutservice,productcatalogservice,0,0,0,0,0,0,0
2026-10-04T14:04:01Z,checkoutservice,recommendationservice,0,0,0,0,0,0,0
2026-10-04T14:04:01Z,checkoutservice,redis-cart,0,0,0,0,0,0,0
2026-10-04T14:04:01Z,checkoutservice,shippingservice,4448,4446,0,0,0,6631,3553
2026-10-04T14:04:01Z,currencyservice,adservice,0,0,0,0,0,0,0
2026-10-04T14:04:01Z,currencyservice,cartservice,0,0,0,0,0,0,0
2026-10-04T14:04:01Z,currencyservice,checkoutservice,0,0,0,0,0,0,0
2026-10-04T14:04:01Z,currencyservice,currencyservice,0,0,0,0,0,0,0
2026-10-04T14:04:01Z,currencyservice,emailservice,0,0,0,0,0,0,0
2026-10-04T14:04:01Z,currencyservice,frontend,0,0,0,0,0,0,0
2026-10-04T14:04:01Z,currencyservice,kubernetes,0,0,0,0,0,0,0
2026-10-04T14:04:01Z,currencyservice,paymentservice,0,0,0,0,0,0,0
2026-10-04T14:04:01Z,currencyservice,productcatalogservice,0,0,0,0,0,0,0
2026-10-04T14:04:01Z,currencyservice,recommendationservice,0,0,0,0,0,0,0
2026-10-04T14:04:01Z,currencyservice,redis-cart,0,0,0,0,0,0,0
2026-10-04T14:04:01Z,currencyservice,shippingservice,0,0,0,0,0,0,0
2026-10-04T14:04:01Z,emailservice,adservice,0,0,0,0,0,0,0
2026-10-04T14:04:01Z,emailservice,cartservice,0,0,0,0,0,0,0
2026-10-04T14:04:01Z,emailservice,checkoutservice,0,0,0,0,0,0,0
2026-10-04T14:04:01Z,emailservice,currencyservice,0,0,0,0,0,0,0
2026-10-04T14:04:01Z,emailservice,emailservice,0,0,0,0,0,0,0
2026-10-04T14:04:01Z,emailservice,frontend,0,0,0,0,0,0,0
2026-10-04T14:04:01Z,emailservice,kubernetes,0,0,0,0,0,0,0
2026-10-04T14:04:01Z,emailservice,paymentservice,0,0,0,0,0,0,0
2026-10-04T14:04:01Z,emailservice,productcatalogservice,0,0,0,0,0,0,0
2026-10-04T14:04:01Z,emailservice,recommendationservice,0,0,0,0,0,0,0
2026-10-04T14:04:01Z,emailservice,redis-cart,0,0,0,0,0,0,0
2026-10-04T14:04:01Z,emailservice,shippingservice,0,0,0,0,0,0,0
2026-10-04T14:04:01Z,frontend,adservice,778910,778907,0,0,0,2343273,778229
2026-10-04T14:04:01Z,frontend,cartservice,1739619,1739604,0,0,4,9655902,1738387
2026-10-04T14:04:01Z,frontend,checkoutservice,357093,175839,0,34332,146746,55840940,175616
2026-10-04T14:04:01Z,frontend,currencyservice,2766037,2766023,0,0,0,14639818,2763871
2026-10-04T14:04:01Z,frontend,emailservice,0,0,0,0,0,0,0
2026-10-04T14:04:01Z,frontend,frontend,0,0,0,0,0,0,0
2026-10-04T14:04:01Z,frontend,kubernetes,0,0,0,0,0,0,0
2026-10-04T14:04:01Z,frontend,paymentservice,0,0,0,0,0,0,0
2026-10-04T14:04:01Z,frontend,productcatalogservice,7730521,7730437,0,0,0,52487283,7723329
2026-10-04T14:04:01Z,frontend,recommendationservice,2533397,1534140,0,104145,892890,770160518,1532902
2026-10-04T14:04:01Z,frontend,redis-cart,0,0,0,0,0,0,0
2026-10-04T14:04:01Z,frontend,shippingservice,285756,285754,0,0,0,862320,285490
2026-10-04T14:04:01Z,paymentservice,adservice,0,0,0,0,0,0,0
2026-10-04T14:04:01Z,paymentservice,cartservice,0,0,0,0,0,0,0
2026-10-04T14:04:01Z,paymentservice,checkoutservice,0,0,0,0,0,0,0
2026-10-04T14:04:01Z,paymentservice,currencyservice,0,0,0,0,0,0,0
2026-10-04T14:04:01Z,paymentservice,emailservice,0,0,0,0,0,0,0
2026-10-04T14:04:01Z,paymentservice,frontend,0,0,0,0,0,0,0
2026-10-04T14:04:01Z,paymentservice,kubernetes,0,0,0,0,0,0,0
2026-10-04T14:04:01Z,paymentservice,paymentservice,0,0,0,0,0,0,0
2026-10-04T14:04:01Z,paymentservice,productcatalogservice,0,0,0,0,0,0,0
2026-10-04T14:04:01Z,paymentservice,recommendationservice,0,0,0,0,0,0,0
2026-10-04T14:04:01Z,paymentservice,redis-cart,0,0,0,0,0,0,0
2026-10-04T14:04:01Z,paymentservice,shippingservice,0,0,0,0,0,0,0
2026-10-04T14:04:01Z,productcatalogservice,adservice,0,0,0,0,0,0,0
2026-10-04T14:04:01Z,productcatalogservice,cartservice,0,0,0,0,0,0,0
2026-10-04T14:04:01Z,productcatalogservice,checkoutservice,0,0,0,0,0,0,0
2026-10-04T14:04:01Z,productcatalogservice,currencyservice,0,0,0,0,0,0,0
2026-10-04T14:04:01Z,productcatalogservice,emailservice,0,0,0,0,0,0,0
2026-10-04T14:04:01Z,productcatalogservice,frontend,0,0,0,0,0,0,0
2026-10-04T14:04:01Z,productcatalogservice,kubernetes,0,0,0,0,0,0,0
2026-10-04T14:04:01Z,productcatalogservice,paymentservice,0,0,0,0,0,0,0
2026-10-04T14:04:01Z,productcatalogservice,productcatalogservice,0,0,0,0,0,0,0
2026-10-04T14:04:01Z,productcatalogservice,recommendationservice,0,0,0,0,0,0,0
2026-10-04T14:04:01Z,productcatalogservice,redis-cart,0,0,0,0,0,0,0
2026-10-04T14:04:01Z,productcatalogservice,shippingservice,0,0,0,0,0,0,0
2026-10-04T14:04:01Z,recommendationservice,adservice,0,0,0,0,0,0,0
2026-10-04T14:04:01Z,recommendationservice,cartservice,0,0,0,0,0,0,0
2026-10-04T14:04:01Z,recommendationservice,checkoutservice,0,0,0,0,0,0,0
2026-10-04T14:04:01Z,recommendationservice,currencyservice,0,0,0,0,0,0,0
2026-10-04T14:04:01Z,recommendationservice,emailservice,0,0,0,0,0,0,0
2026-10-04T14:04:01Z,recommendationservice,frontend,0,0,0,0,0,0,0
2026-10-04T14:04:01Z,recommendationservice,kubernetes,0,0,0,0,0,0,0
2026-10-04T14:04:01Z,recommendationservice,paymentservice,0,0,0,0,0,0,0
2026-10-04T14:04:01Z,recommendationservice,productcatalogservice,9271,9269,0,0,0,35736,8675
2026-10-04T14:04:01Z,recommendationservice,recommendationservice,0,0,0,0,0,0,0
2026-10-04T14:04:01Z,recommendationservice,redis-cart,0,0,0,0,0,0,0
2026-10-04T14:04:01Z,recommendationservice,shippingservice,0,0,0,0,0,0,0
2026-10-04T14:04:01Z,redis-cart,adservice,0,0,0,0,0,0,0
2026-10-04T14:04:01Z,redis-cart,cartservice,0,0,0,0,0,0,0
2026-10-04T14:04:01Z,redis-cart,checkoutservice,0,0,0,0,0,0,0
2026-10-04T14:04:01Z,redis-cart,currencyservice,0,0,0,0,0,0,0
2026-10-04T14:04:01Z,redis-cart,emailservice,0,0,0,0,0,0,0
2026-10-04T14:04:01Z,redis-cart,frontend,0,0,0,0,0,0,0
2026-10-04T14:04:01Z,redis-cart,kubernetes,0,0,0,0,0,0,0
2026-10-04T14:04:01Z,redis-cart,paymentservice,0,0,0,0,0,0,0
2026-10-04T14:04:01Z,redis-cart,productcatalogservice,0,0,0,0,0,0,0
2026-10-04T14:04:01Z,redis-cart,recommendationservice,0,0,0,0,0,0,0
2026-10-04T14:04:01Z,redis-cart,redis-cart,0,0,0,0,0,0,0
2026-10-04T14:04:01Z,redis-cart,shippingservice,0,0,0,0,0,0,0
2026-10-04T14:04:01Z,shippingservice,adservice,0,0,0,0,0,0,0
2026-10-04T14:04:01Z,shippingservice,cartservice,0,0,0,0,0,0,0
2026-10-04T14:04:01Z,shippingservice,checkoutservice,0,0,0,0,0,0,0
2026-10-04T14:04:01Z,shippingservice,currencyservice,0,0,0,0,0,0,0
2026-10-04T14:04:01Z,shippingservice,emailservice,0,0,0,0,0,0,0
2026-10-04T14:04:01Z,shippingservice,frontend,0,0,0,0,0,0,0
2026-10-04T14:04:01Z,shippingservice,kubernetes,0,0,0,0,0,0,0
2026-10-04T14:04:01Z,shippingservice,paymentservice,0,0,0,0,0,0,0
2026-10-04T14:04:01Z,shippingservice,productcatalogservice,0,0,0,0,0,0,0
2026-10-04T14:04:01Z,shippingservice,recommendationservice,0,0,0,0,0,0,0
2026-10-04T14:04:01Z,shippingservice,redis-cart,0,0,0,0,0,0,0
2026-10-04T14:04:01Z,shippingservice,shippingservice,0,0,0,0,0,0,0
2026-10-04T14:04:02Z,adservice,adservice,0,0,0,0,0,0,0
2026-10-04T14:04:02Z,adservice,cartservice,0,0,0,0,0,0,0
2026-10-04T14:04:02Z,adservice,checkoutservice,0,0,0,0,0,0,0
2026-10-04T14:04:02Z,adservice,currencyservice,0,0,0,0,0,0,0
2026-10-04T14:04:02Z,adservice,emailservice,0,0,0,0,0,0,0
2026-10-04T14:04:02Z,adservice,frontend,0,0,0,0,0,0,0
2026-10-04T14:04:02Z,adservice,kubernetes,0,0,0,0,0,0,0
2026-10-04T14:04:02Z,adservice,paymentservice,0,0,0,0,0,0,0
2026-10-04T14:04:02Z,adservice,productcatalogservice,0,0,0,0,0,0,0
2026-10-04T14:04:02Z,adservice,recommendationservice,0,0,0,0,0,0,0
2026-10-04T14:04:02Z,adservice,redis-cart,0,0,0,0,0,0,0
2026-10-04T14:04:02Z,adservice,shippingservice,0,0,0,0,0,0,0
2026-10-04T14:04:02Z,cartservice,adservice,0,0,0,0,0,0,0
2026-10-04T14:04:02Z,cartservice,cartservice,0,0,0,0,0,0,0
2026-10-04T14:04:02Z,cartservice,checkoutservice,0,0,0,0,0,0,0
2026-10-04T14:04:02Z,cartservice,currencyservice,0,0,0,0,0,0,0
2026-10-04T14:04:02Z,cartservice,emailservice,0,0,0,0,0,0,0
2026-10-04T14:04:02Z,cartservice,frontend,0,0,0,0,0,0,0
2026-10-04T14:04:02Z,cartservice,kubernetes,0,0,0,0,0,0,0
2026-10-04T14:04:02Z,cartservice,paymentservice,0,0,0,0,0,0,0
2026-10-04T14:04:02Z,cartservice,productcatalogservice,0,0,0,0,0,0,0
2026-10-04T14:04:02Z,cartservice,recommendationservice,0,0,0,0,0,0,0
2026-10-04T14:04:02Z,cartservice,redis-cart,2,0,0,0,0,0,0
2026-10-04T14:04:02Z,cartservice,shippingservice,0,0,0,0,0,0,0
2026-10-04T14:04:02Z,checkoutservice,adservice,0,0,0,0,0,0,0
2026-10-04T14:04:02Z,checkoutservice,cartservice,4709,4706,0,2,0,20262,4549
2026-10-04T14:04:02Z,checkoutservice,checkoutservice,0,0,0,0,0,0,0
2026-10-04T14:04:02Z,checkoutservice,currencyservice,2390,2379,0,0,0,9487,2290
2026-10-04T14:04:02Z,checkoutservice,emailservice,2269,2165,0,34,0,110247,2155
2026-10-04T14:04:02Z,checkoutservice,frontend,0,0,0,0,0,0,0
2026-10-04T14:04:02Z,checkoutservice,kubernetes,0,0,0,0,0,0,0
2026-10-04T14:04:02Z,checkoutservice,paymentservice,2364,2364,0,0,0,8748,2282
2026-10-04T14:04:02Z,checkoutservice,productcatalogservice,0,0,0,0,0,0,0
2026-10-04T14:04:02Z,checkoutservice,recommendationservice,0,0,0,0,0,0,0
2026-10-04T14:04:02Z,checkoutservice,redis-cart,0,0,0,0,0,0,0
2026-10-04T14:04:02Z,checkoutservice,shippingservice,4735,4735,0,0,0,10842,4557
2026-10-04T14:04:02Z,currencyservice,adservice,0,0,0,0,0,0,0
2026-10-04T14:04:02Z,currencyservice,cartservice,0,0,0,0,0,0,0
2026-10-04T14:04:02Z,currencyservice,checkoutservice,0,0,0,0,0,0,0
2026-10-04T14:04:02Z,currencyservice,currencyservice,0,0,0,0,0,0,0
2026-10-04T14:04:02Z,currencyservice,emailservice,0,0,0,0,0,0,0
2026-10-04T14:04:02Z,currencyservice,frontend,0,0,0,0,0,0,0
2026-10-04T14:04:02Z,currencyservice,kubernetes,0,0,0,0,0,0,0
2026-10-04T14:04:02Z,currencyservice,paymentservice,0,0,0,0,0,0,0
2026-10-04T14:04:02Z,currencyservice,productcatalogservice,0,0,0,0,0,0,0
2026-10-04T14:04:02Z,currencyservice,recommendationservice,0,0,0,0,0,0,0
2026-10-04T14:04:02Z,currencyservice,redis-cart,0,0,0,0,0,0,0
2026-10-04T14:04:02Z,currencyservice,shippingservice,0,0,0,0,0,0,0
2026-10-04T14:04:02Z,emailservice,adservice,0,0,0,0,0,0,0
2026-10-04T14:04:02Z,emailservice,cartservice,0,0,0,0,0,0,0
2026-10-04T14:04:02Z,emailservice,checkoutservice,0,0,0,0,0,0,0
2026-10-04T14:04:02Z,emailservice,currencyservice,0,0,0,0,0,0,0
2026-10-04T14:04:02Z,emailservice,emailservice,0,0,0,0,0,0,0
2026-10-04T14:04:02Z,emailservice,frontend,0,0,0,0,0,0,0
2026-10-04T14:04:02Z,emailservice,kubernetes,0,0,0,0,0,0,0
2026-10-04T14:04:02Z,emailservice,paymentservice,0,0,0,0,0,0,0
2026-10-04T14:04:02Z,emailservice,productcatalogservice,0,0,0,0,0,0,0
2026-10-04T14:04:02Z,emailservice,recommendationservice,0,0,0,0,0,0,0
2026-10-04T14:04:02Z,emailservice,redis-cart,0,0,0,0,0,0,0
2026-10-04T14:04:02Z,emailservice,shippingservice,0,0,0,0,0,0,0
2026-10-04T14:04:02Z,frontend,adservice,779157,779154,0,0,0,2343273,778229
2026-10-04T14:04:02Z,frontend,cartservice,1740024,1740011,0,0,4,9655902,1738387
2026-10-04T14:04:02Z,frontend,checkoutservice,357277,175868,0,34332,146893,55840940,175616
2026-10-04T14:04:02Z,frontend,currencyservice,2766673,2766664,0,0,0,14639818,2763871
2026-10-04T14:04:02Z,frontend,emailservice,0,0,0,0,0,0,0
2026-10-04T14:04:02Z,frontend,frontend,0,0,0,0,0,0,0
2026-10-04T14:04:02Z,frontend,kubernetes,0,0,0,0,0,0,0
2026-10-04T14:04:02Z,frontend,paymentservice,0,0,0,0,0,0,0
2026-10-04T14:04:02Z,frontend,productcatalogservice,7732721,7732633,0,0,0,52487283,7723329
2026-10-04T14:04:02Z,frontend,recommendationservice,2533750,1534521,0,104145,892890,770160518,1532902
2026-10-04T14:04:02Z,frontend,redis-cart,0,0,0,0,0,0,0
2026-10-04T14:04:02Z,frontend,shippingservice,285848,285842,0,0,0,862320,285490
2026-10-04T14:04:02Z,paymentservice,adservice,0,0,0,0,0,0,0
2026-10-04T14:04:02Z,paymentservice,cartservice,0,0,0,0,0,0,0
2026-10-04T14:04:02Z,paymentservice,checkoutservice,0,0,0,0,0,0,0
2026-10-04T14:04:02Z,paymentservice,currencyservice,0,0,0,0,0,0,0
2026-10-04T14:04:02Z,paymentservice,emailservice,0,0,0,0,0,0,0
2026-10-04T14:04:02Z,paymentservice,frontend,0,0,0,0,0,0,0
2026-10-04T14:04:02Z,paymentservice,kubernetes,0,0,0,0,0,0,0
2026-10-04T14:04:02Z,paymentservice,paymentservice,0,0,0,0,0,0,0
2026-10-04T14:04:02Z,paymentservice,productcatalogservice,0,0,0,0,0,0,0
2026-10-04T14:04:02Z,paymentservice,recommendationservice,0,0,0,0,0,0,0
2026-10-04T14:04:02Z,paymentservice,redis-cart,0,0,0,0,0,0,0
2026-10-04T14:04:02Z,paymentservice,shippingservice,0,0,0,0,0,0,0
2026-10-04T14:04:02Z,productcatalogservice,adservice,0,0,0,0,0,0,0
2026-10-04T14:04:02Z,productcatalogservice,cartservice,0,0,0,0,0,0,0
2026-10-04T14:04:02Z,productcatalogservice,checkoutservice,0,0,0,0,0,0,0
2026-10-04T14:04:02Z,productcatalogservice,currencyservice,0,0,0,0,0,0,0
2026-10-04T14:04:02Z,productcatalogservice,emailservice,0,0,0,0,0,0,0
2026-10-04T14:04:02Z,productcatalogservice,frontend,0,0,0,0,0,0,0
2026-10-04T14:04:02Z,productcatalogservice,kubernetes,0,0,0,0,0,0,0
2026-10-04T14:04:02Z,productcatalogservice,paymentservice,0,0,0,0,0,0,0
2026-10-04T14:04:02Z,productcatalogservice,productcatalogservice,0,0,0,0,0,0,0
2026-10-04T14:04:02Z,productcatalogservice,recommendationservice,0,0,0,0,0,0,0
2026-10-04T14:04:02Z,productcatalogservice,redis-cart,0,0,0,0,0,0,0
2026-10-04T14:04:02Z,productcatalogservice,shippingservice,0,0,0,0,0,0,0
2026-10-04T14:04:02Z,recommendationservice,adservice,0,0,0,0,0,0,0
2026-10-04T14:04:02Z,recommendationservice,cartservice,0,0,0,0,0,0,0
2026-10-04T14:04:02Z,recommendationservice,checkoutservice,0,0,0,0,0,0,0
2026-10-04T14:04:02Z,recommendationservice,currencyservice,0,0,0,0,0,0,0
2026-10-04T14:04:02Z,recommendationservice,emailservice,0,0,0,0,0,0,0
2026-10-04T14:04:02Z,recommendationservice,frontend,0,0,0,0,0,0,0
2026-10-04T14:04:02Z,recommendationservice,kubernetes,0,0,0,0,0,0,0
2026-10-04T14:04:02Z,recommendationservice,paymentservice,0,0,0,0,0,0,0
2026-10-04T14:04:02Z,recommendationservice,productcatalogservice,9680,9678,0,0,0,35736,8675
2026-10-04T14:04:02Z,recommendationservice,recommendationservice,0,0,0,0,0,0,0
2026-10-04T14:04:02Z,recommendationservice,redis-cart,0,0,0,0,0,0,0
2026-10-04T14:04:02Z,recommendationservice,shippingservice,0,0,0,0,0,0,0
2026-10-04T14:04:02Z,redis-cart,adservice,0,0,0,0,0,0,0
2026-10-04T14:04:02Z,redis-cart,cartservice,0,0,0,0,0,0,0
2026-10-04T14:04:02Z,redis-cart,checkoutservice,0,0,0,0,0,0,0
2026-10-04T14:04:02Z,redis-cart,currencyservice,0,0,0,0,0,0,0
2026-10-04T14:04:02Z,redis-cart,emailservice,0,0,0,0,0,0,0
2026-10-04T14:04:02Z,redis-cart,frontend,0,0,0,0,0,0,0
2026-10-04T14:04:02Z,redis-cart,kubernetes,0,0,0,0,0,0,0
2026-10-04T14:04:02Z,redis-cart,paymentservice,0,0,0,0,0,0,0
2026-10-04T14:04:02Z,redis-cart,productcatalogservice,0,0,0,0,0,0,0
2026-10-04T14:04:02Z,redis-cart,recommendationservice,0,0,0,0,0,0,0
2026-10-04T14:04:02Z,redis-cart,redis-cart,0,0,0,0,0,0,0
2026-10-04T14:04:02Z,redis-cart,shippingservice,0,0,0,0,0,0,0
2026-10-04T14:04:02Z,shippingservice,adservice,0,0,0,0,0,0,0
2026-10-04T14:04:02Z,shippingservice,cartservice,0,0,0,0,0,0,0
2026-10-04T14:04:02Z,shippingservice,checkoutservice,0,0,0,0,0,0,0
2026-10-04T14:04:02Z,shippingservice,currencyservice,0,0,0,0,0,0,0
2026-10-04T14:04:02Z,shippingservice,emailservice,0,0,0,0,0,0,0
2026-10-04T14:04:02Z,shippingservice,frontend,0,0,0,0,0,0,0
2026-10-04T14:04:02Z,shippingservice,kubernetes,0,0,0,0,0,0,0
2026-10-04T14:04:02Z,shippingservice,paymentservice,0,0,0,0,0,0,0
2026-10-04T14:04:02Z,shippingservice,productcatalogservice,0,0,0,0,0,0,0
2026-10-04T14:04:02Z,shippingservice,recommendationservice,0,0,0,0,0,0,0
2026-10-04T14:04:02Z,shippingservice,redis-cart,0,0,0,0,0,0,0
2026-10-04T14:04:02Z,shippingservice,shippingservice,0,0,0,0,0,0,0
2026-10-04T14:04:03Z,adservice,adservice,0,0,0,0,0,0,0
2026-10-04T14:04:03Z,adservice,cartservice,0,0,0,0,0,0,0
2026-10-04T14:04:03Z,adservice,checkoutservice,0,0,0,0,0,0,0
2026-10-04T14:04:03Z,adservice,currencyservice,0,0,0,0,0,0,0
2026-10-04T14:04:03Z,adservice,emailservice,0,0,0,0,0,0,0
2026-10-04T14:04:03Z,adservice,frontend,0,0,0,0,0,0,0
2026-10-04T14:04:03Z,adservice,kubernetes,0,0,0,0,0,0,0
2026-10-04T14:04:03Z,adservice,paymentservice,0,0,0,0,0,0,0
2026-10-04T14:04:03Z,adservice,productcatalogservice,0,0,0,0,0,0,0
2026-10-04T14:04:03Z,adservice,recommendationservice,0,0,0,0,0,0,0
2026-10-04T14:04:03Z,adservice,redis-cart,0,0,0,0,0,0,0
2026-10-04T14:04:03Z,adservice,shippingservice,0,0,0,0,0,0,0
2026-10-04T14:04:03Z,cartservice,adservice,0,0,0,0,0,0,0
2026-10-04T14:04:03Z,cartservice,cartservice,0,0,0,0,0,0,0
2026-10-04T14:04:03Z,cartservice,checkoutservice,0,0,0,0,0,0,0
2026-10-04T14:04:03Z,cartservice,currencyservice,0,0,0,0,0,0,0
2026-10-04T14:04:03Z,cartservice,emailservice,0,0,0,0,0,0,0
2026-10-04T14:04:03Z,cartservice,frontend,0,0,0,0,0,0,0
2026-10-04T14:04:03Z,cartservice,kubernetes,0,0,0,0,0,0,0
2026-10-04T14:04:03Z,cartservice,paymentservice,0,0,0,0,0,0,0
2026-10-04T14:04:03Z,cartservice,productcatalogservice,0,0,0,0,0,0,0
2026-10-04T14:04:03Z,cartservice,recommendationservice,0,0,0,0,0,0,0
2026-10-04T14:04:03Z,cartservice,redis-cart,2,0,0,0,0,0,0
2026-10-04T14:04:03Z,cartservice,shippingservice,0,0,0,0,0,0,0
2026-10-04T14:04:03Z,checkoutservice,adservice,0,0,0,0,0,0,0
2026-10-04T14:04:03Z,checkoutservice,cartservice,4930,4915,0,5,0,20262,4549
2026-10-04T14:04:03Z,checkoutservice,checkoutservice,0,0,0,0,0,0,0
2026-10-04T14:04:03Z,checkoutservice,currencyservice,2550,2543,0,0,0,9487,2290
2026-10-04T14:04:03Z,checkoutservice,emailservice,2271,2166,0,34,0,110247,2155
2026-10-04T14:04:03Z,checkoutservice,frontend,0,0,0,0,0,0,0
2026-10-04T14:04:03Z,checkoutservice,kubernetes,0,0,0,0,0,0,0
2026-10-04T14:04:03Z,checkoutservice,paymentservice,2528,2525,0,0,0,8748,2282
2026-10-04T14:04:03Z,checkoutservice,productcatalogservice,0,0,0,0,0,0,0
2026-10-04T14:04:03Z,checkoutservice,recommendationservice,0,0,0,0,0,0,0
2026-10-04T14:04:03Z,checkoutservice,redis-cart,0,0,0,0,0,0,0
2026-10-04T14:04:03Z,checkoutservice,shippingservice,5042,5025,0,2,0,10842,4557
2026-10-04T14:04:03Z,currencyservice,adservice,0,0,0,0,0,0,0
2026-10-04T14:04:03Z,currencyservice,cartservice,0,0,0,0,0,0,0
2026-10-04T14:04:03Z,currencyservice,checkoutservice,0,0,0,0,0,0,0
2026-10-04T14:04:03Z,currencyservice,currencyservice,0,0,0,0,0,0,0
2026-10-04T14:04:03Z,currencyservice,emailservice,0,0,0,0,0,0,0
2026-10-04T14:04:03Z,currencyservice,frontend,0,0,0,0,0,0,0
2026-10-04T14:04:03Z,currencyservice,kubernetes,0,0,0,0,0,0,0
2026-10-04T14:04:03Z,currencyservice,paymentservice,0,0,0,0,0,0,0
2026-10-04T14:04:03Z,currencyservice,productcatalogservice,0,0,0,0,0,0,0
2026-10-04T14:04:03Z,currencyservice,recommendationservice,0,0,0,0,0,0,0
2026-10-04T14:04:03Z,currencyservice,redis-cart,0,0,0,0,0,0,0
2026-10-04T14:04:03Z,currencyservice,shippingservice,0,0,0,0,0,0,0
2026-10-04T14:04:03Z,emailservice,adservice,0,0,0,0,0,0,0
2026-10-04T14:04:03Z,emailservice,cartservice,0,0,0,0,0,0,0
2026-10-04T14:04:03Z,emailservice,checkoutservice,0,0,0,0,0,0,0
2026-10-04T14:04:03Z,emailservice,currencyservice,0,0,0,0,0,0,0
2026-10-04T14:04:03Z,emailservice,emailservice,0,0,0,0,0,0,0
2026-10-04T14:04:03Z,emailservice,frontend,0,0,0,0,0,0,0
2026-10-04T14:04:03Z,emailservice,kubernetes,0,0,0,0,0,0,0
2026-10-04T14:04:03Z,emailservice,paymentservice,0,0,0,0,0,0,0
2026-10-04T14:04:03Z,emailservice,productcatalogservice,0,0,0,0,0,0,0
2026-10-04T14:04:03Z,emailservice,recommendationservice,0,0,0,0,0,0,0
2026-10-04T14:04:03Z,emailservice,redis-cart,0,0,0,0,0,0,0
2026-10-04T14:04:03Z,emailservice,shippingservice,0,0,0,0,0,0,0
2026-10-04T14:04:03Z,frontend,adservice,779398,779396,0,0,0,2345720,779091
2026-10-04T14:04:03Z,frontend,cartservice,1740463,1740451,0,0,4,9664972,1739898
2026-10-04T14:04:03Z,frontend,checkoutservice,357457,175901,0,34378,147004,55944581,175844
2026-10-04T14:04:03Z,frontend,currencyservice,2767364,2767356,0,0,0,14654023,2766447
2026-10-04T14:04:03Z,frontend,emailservice,0,0,0,0,0,0,0
2026-10-04T14:04:03Z,frontend,frontend,0,0,0,0,0,0,0
2026-10-04T14:04:03Z,frontend,kubernetes,0,0,0,0,0,0,0
2026-10-04T14:04:03Z,frontend,paymentservice,0,0,0,0,0,0,0
2026-10-04T14:04:03Z,frontend,productcatalogservice,7735009,7734926,0,0,0,52546167,7731941
2026-10-04T14:04:03Z,frontend,recommendationservice,2534170,1534907,0,104145,892890,770296215,1534393
2026-10-04T14:04:03Z,frontend,redis-cart,0,0,0,0,0,0,0
2026-10-04T14:04:03Z,frontend,shippingservice,285927,285923,0,0,0,863216,285811
2026-10-04T14:04:03Z,paymentservice,adservice,0,0,0,0,0,0,0
2026-10-04T14:04:03Z,paymentservice,cartservice,0,0,0,0,0,0,0
2026-10-04T14:04:03Z,paymentservice,checkoutservice,0,0,0,0,0,0,0
2026-10-04T14:04:03Z,paymentservice,currencyservice,0,0,0,0,0,0,0
2026-10-04T14:04:03Z,paymentservice,emailservice,0,0,0,0,0,0,0
2026-10-04T14:04:03Z,paymentservice,frontend,0,0,0,0,0,0,0
2026-10-04T14:04:03Z,paymentservice,kubernetes,0,0,0,0,0,0,0
2026-10-04T14:04:03Z,paymentservice,paymentservice,0,0,0,0,0,0,0
2026-10-04T14:04:03Z,paymentservice,productcatalogservice,0,0,0,0,0,0,0
2026-10-04T14:04:03Z,paymentservice,recommendationservice,0,0,0,0,0,0,0
2026-10-04T14:04:03Z,paymentservice,redis-cart,0,0,0,0,0,0,0
2026-10-04T14:04:03Z,paymentservice,shippingservice,0,0,0,0,0,0,0
2026-10-04T14:04:03Z,productcatalogservice,adservice,0,0,0,0,0,0,0
2026-10-04T14:04:03Z,productcatalogservice,cartservice,0,0,0,0,0,0,0
2026-10-04T14:04:03Z,productcatalogservice,checkoutservice,0,0,0,0,0,0,0
2026-10-04T14:04:03Z,productcatalogservice,currencyservice,0,0,0,0,0,0,0
2026-10-04T14:04:03Z,productcatalogservice,emailservice,0,0,0,0,0,0,0
2026-10-04T14:04:03Z,productcatalogservice,frontend,0,0,0,0,0,0,0
2026-10-04T14:04:03Z,productcatalogservice,kubernetes,0,0,0,0,0,0,0
2026-10-04T14:04:03Z,productcatalogservice,paymentservice,0,0,0,0,0,0,0
2026-10-04T14:04:03Z,productcatalogservice,productcatalogservice,0,0,0,0,0,0,0
2026-10-04T14:04:03Z,productcatalogservice,recommendationservice,0,0,0,0,0,0,0
2026-10-04T14:04:03Z,productcatalogservice,redis-cart,0,0,0,0,0,0,0
2026-10-04T14:04:03Z,productcatalogservice,shippingservice,0,0,0,0,0,0,0
2026-10-04T14:04:03Z,recommendationservice,adservice,0,0,0,0,0,0,0
2026-10-04T14:04:03Z,recommendationservice,cartservice,0,0,0,0,0,0,0
2026-10-04T14:04:03Z,recommendationservice,checkoutservice,0,0,0,0,0,0,0
2026-10-04T14:04:03Z,recommendationservice,currencyservice,0,0,0,0,0,0,0
2026-10-04T14:04:03Z,recommendationservice,emailservice,0,0,0,0,0,0,0
2026-10-04T14:04:03Z,recommendationservice,frontend,0,0,0,0,0,0,0
2026-10-04T14:04:03Z,recommendationservice,kubernetes,0,0,0,0,0,0,0
2026-10-04T14:04:03Z,recommendationservice,paymentservice,0,0,0,0,0,0,0
2026-10-04T14:04:03Z,recommendationservice,productcatalogservice,10036,10033,0,0,0,35736,8675
2026-10-04T14:04:03Z,recommendationservice,recommendationservice,0,0,0,0,0,0,0
2026-10-04T14:04:03Z,recommendationservice,redis-cart,0,0,0,0,0,0,0
2026-10-04T14:04:03Z,recommendationservice,shippingservice,0,0,0,0,0,0,0
2026-10-04T14:04:03Z,redis-cart,adservice,0,0,0,0,0,0,0
2026-10-04T14:04:03Z,redis-cart,cartservice,0,0,0,0,0,0,0
2026-10-04T14:04:03Z,redis-cart,checkoutservice,0,0,0,0,0,0,0
2026-10-04T14:04:03Z,redis-cart,currencyservice,0,0,0,0,0,0,0
2026-10-04T14:04:03Z,redis-cart,emailservice,0,0,0,0,0,0,0
2026-10-04T14:04:03Z,redis-cart,frontend,0,0,0,0,0,0,0
2026-10-04T14:04:03Z,redis-cart,kubernetes,0,0,0,0,0,0,0
2026-10-04T14:04:03Z,redis-cart,paymentservice,0,0,0,0,0,0,0
2026-10-04T14:04:03Z,redis-cart,productcatalogservice,0,0,0,0,0,0,0
2026-10-04T14:04:03Z,redis-cart,recommendationservice,0,0,0,0,0,0,0
2026-10-04T14:04:03Z,redis-cart,redis-cart,0,0,0,0,0,0,0
2026-10-04T14:04:03Z,redis-cart,shippingservice,0,0,0,0,0,0,0
2026-10-04T14:04:03Z,shippingservice,adservice,0,0,0,0,0,0,0
2026-10-04T14:04:03Z,shippingservice,cartservice,0,0,0,0,0,0,0
2026-10-04T14:04:03Z,shippingservice,checkoutservice,0,0,0,0,0,0,0
2026-10-04T14:04:03Z,shippingservice,currencyservice,0,0,0,0,0,0,0
2026-10-04T14:04:03Z,shippingservice,emailservice,0,0,0,0,0,0,0
2026-10-04T14:04:03Z,shippingservice,frontend,0,0,0,0,0,0,0
2026-10-04T14:04:03Z,shippingservice,kubernetes,0,0,0,0,0,0,0
2026-10-04T14:04:03Z,shippingservice,paymentservice,0,0,0,0,0,0,0
2026-10-04T14:04:03Z,shippingservice,productcatalogservice,0,0,0,0,0,0,0
2026-10-04T14:04:03Z,shippingservice,recommendationservice,0,0,0,0,0,0,0
2026-10-04T14:04:03Z,shippingservice,redis-cart,0,0,0,0,0,0,0
2026-10-04T14:04:03Z,shippingservice,shippingservice,0,0,0,0,0,0,0
2026-10-04T14:04:04Z,adservice,adservice,0,0,0,0,0,0,0
2026-10-04T14:04:04Z,adservice,cartservice,0,0,0,0,0,0,0
2026-10-04T14:04:04Z,adservice,checkoutservice,0,0,0,0,0,0,0
2026-10-04T14:04:04Z,adservice,currencyservice,0,0,0,0,0,0,0
2026-10-04T14:04:04Z,adservice,emailservice,0,0,0,0,0,0,0
2026-10-04T14:04:04Z,adservice,frontend,0,0,0,0,0,0,0
2026-10-04T14:04:04Z,adservice,kubernetes,0,0,0,0,0,0,0
2026-10-04T14:04:04Z,adservice,paymentservice,0,0,0,0,0,0,0
2026-10-04T14:04:04Z,adservice,productcatalogservice,0,0,0,0,0,0,0
2026-10-04T14:04:04Z,adservice,recommendationservice,0,0,0,0,0,0,0
2026-10-04T14:04:04Z,adservice,redis-cart,0,0,0,0,0,0,0
2026-10-04T14:04:04Z,adservice,shippingservice,0,0,0,0,0,0,0
2026-10-04T14:04:04Z,cartservice,adservice,0,0,0,0,0,0,0
2026-10-04T14:04:04Z,cartservice,cartservice,0,0,0,0,0,0,0
2026-10-04T14:04:04Z,cartservice,checkoutservice,0,0,0,0,0,0,0
2026-10-04T14:04:04Z,cartservice,currencyservice,0,0,0,0,0,0,0
2026-10-04T14:04:04Z,cartservice,emailservice,0,0,0,0,0,0,0
2026-10-04T14:04:04Z,cartservice,frontend,0,0,0,0,0,0,0
2026-10-04T14:04:04Z,cartservice,kubernetes,0,0,0,0,0,0,0
2026-10-04T14:04:04Z,cartservice,paymentservice,0,0,0,0,0,0,0
2026-10-04T14:04:04Z,cartservice,productcatalogservice,0,0,0,0,0,0,0
2026-10-04T14:04:04Z,cartservice,recommendationservice,0,0,0,0,0,0,0
2026-10-04T14:04:04Z,cartservice,redis-cart,2,0,0,0,0,0,0
2026-10-04T14:04:04Z,cartservice,shippingservice,0,0,0,0,0,0,0
2026-10-04T14:04:04Z,checkoutservice,adservice,0,0,0,0,0,0,0
2026-10-04T14:04:04Z,checkoutservice,cartservice,5177,5153,0,5,0,20262,4549
2026-10-04T14:04:04Z,checkoutservice,checkoutservice,0,0,0,0,0,0,0
2026-10-04T14:04:04Z,checkoutservice,currencyservice,2737,2731,0,0,0,9487,2290
2026-10-04T14:04:04Z,checkoutservice,emailservice,2288,2178,0,35,0,110247,2155
2026-10-04T14:04:04Z,checkoutservice,frontend,0,0,0,0,0,0,0
2026-10-04T14:04:04Z,checkoutservice,kubernetes,0,0,0,0,0,0,0
2026-10-04T14:04:04Z,checkoutservice,paymentservice,2714,2704,0,1,0,8748,2282
2026-10-04T14:04:04Z,checkoutservice,productcatalogservice,0,0,0,0,0,0,0
2026-10-04T14:04:04Z,checkoutservice,recommendationservice,0,0,0,0,0,0,0
2026-10-04T14:04:04Z,checkoutservice,redis-cart,0,0,0,0,0,0,0
2026-10-04T14:04:04Z,checkoutservice,shippingservice,5364,5337,0,2,0,10842,4557
2026-10-04T14:04:04Z,currencyservice,adservice,0,0,0,0,0,0,0
2026-10-04T14:04:04Z,currencyservice,cartservice,0,0,0,0,0,0,0
2026-10-04T14:04:04Z,currencyservice,checkoutservice,0,0,0,0,0,0,0
2026-10-04T14:04:04Z,currencyservice,currencyservice,0,0,0,0,0,0,0
2026-10-04T14:04:04Z,currencyservice,emailservice,0,0,0,0,0,0,0
2026-10-04T14:04:04Z,currencyservice,frontend,0,0,0,0,0,0,0
2026-10-04T14:04:04Z,currencyservice,kubernetes,0,0,0,0,0,0,0
2026-10-04T14:04:04Z,currencyservice,paymentservice,0,0,0,0,0,0,0
2026-10-04T14:04:04Z,currencyservice,productcatalogservice,0,0,0,0,0,0,0
2026-10-04T14:04:04Z,currencyservice,recommendationservice,0,0,0,0,0,0,0
2026-10-04T14:04:04Z,currencyservice,redis-cart,0,0,0,0,0,0,0
2026-10-04T14:04:04Z,currencyservice,shippingservice,0,0,0,0,0,0,0
2026-10-04T14:04:04Z,emailservice,adservice,0,0,0,0,0,0,0
2026-10-04T14:04:04Z,emailservice,cartservice,0,0,0,0,0,0,0
2026-10-04T14:04:04Z,emailservice,checkoutservice,0,0,0,0,0,0,0
2026-10-04T14:04:04Z,emailservice,currencyservice,0,0,0,0,0,0,0
2026-10-04T14:04:04Z,emailservice,emailservice,0,0,0,0,0,0,0
2026-10-04T14:04:04Z,emailservice,frontend,0,0,0,0,0,0,0
2026-10-04T14:04:04Z,emailservice,kubernetes,0,0,0,0,0,0,0
2026-10-04T14:04:04Z,emailservice,paymentservice,0,0,0,0,0,0,0
2026-10-04T14:04:04Z,emailservice,productcatalogservice,0,0,0,0,0,0,0
2026-10-04T14:04:04Z,emailservice,recommendationservice,0,0,0,0,0,0,0
2026-10-04T14:04:04Z,emailservice,redis-cart,0,0,0,0,0,0,0
2026-10-04T14:04:04Z,emailservice,shippingservice,0,0,0,0,0,0,0
2026-10-04T14:04:04Z,frontend,adservice,779642,779638,0,0,0,2346615,779404
2026-10-04T14:04:04Z,frontend,cartservice,1740891,1740875,0,0,4,9668568,1740428
2026-10-04T14:04:04Z,frontend,checkoutservice,357648,175912,0,34400,147149,55971531,175893
2026-10-04T14:04:04Z,frontend,currencyservice,2768059,2768048,0,0,0,14659487,2767332
2026-10-04T14:04:04Z,frontend,emailservice,0,0,0,0,0,0,0
2026-10-04T14:04:04Z,frontend,frontend,0,0,0,0,0,0,0
2026-10-04T14:04:04Z,frontend,kubernetes,0,0,0,0,0,0,0
2026-10-04T14:04:04Z,frontend,paymentservice,0,0,0,0,0,0,0
2026-10-04T14:04:04Z,frontend,productcatalogservice,7737305,7737223,0,0,0,52574600,7734943
2026-10-04T14:04:04Z,frontend,recommendationservice,2534560,1535301,0,104145,892890,770349402,1534912
2026-10-04T14:04:04Z,frontend,redis-cart,0,0,0,0,0,0,0
2026-10-04T14:04:04Z,frontend,shippingservice,286032,286030,0,0,0,863721,285919
2026-10-04T14:04:04Z,paymentservice,adservice,0,0,0,0,0,0,0
2026-10-04T14:04:04Z,paymentservice,cartservice,0,0,0,0,0,0,0
2026-10-04T14:04:04Z,paymentservice,checkoutservice,0,0,0,0,0,0,0
2026-10-04T14:04:04Z,paymentservice,currencyservice,0,0,0,0,0,0,0
2026-10-04T14:04:04Z,paymentservice,emailservice,0,0,0,0,0,0,0
2026-10-04T14:04:04Z,paymentservice,frontend,0,0,0,0,0,0,0
2026-10-04T14:04:04Z,paymentservice,kubernetes,0,0,0,0,0,0,0
2026-10-04T14:04:04Z,paymentservice,paymentservice,0,0,0,0,0,0,0
2026-10-04T14:04:04Z,paymentservice,productcatalogservice,0,0,0,0,0,0,0
2026-10-04T14:04:04Z,paymentservice,recommendationservice,0,0,0,0,0,0,0
2026-10-04T14:04:04Z,paymentservice,redis-cart,0,0,0,0,0,0,0
2026-10-04T14:04:04Z,paymentservice,shippingservice,0,0,0,0,0,0,0
2026-10-04T14:04:04Z,productcatalogservice,adservice,0,0,0,0,0,0,0
2026-10-04T14:04:04Z,productcatalogservice,cartservice,0,0,0,0,0,0,0
2026-10-04T14:04:04Z,productcatalogservice,checkoutservice,0,0,0,0,0,0,0
2026-10-04T14:04:04Z,productcatalogservice,currencyservice,0,0,0,0,0,0,0
2026-10-04T14:04:04Z,productcatalogservice,emailservice,0,0,0,0,0,0,0
2026-10-04T14:04:04Z,productcatalogservice,frontend,0,0,0,0,0,0,0
2026-10-04T14:04:04Z,productcatalogservice,kubernetes,0,0,0,0,0,0,0
2026-10-04T14:04:04Z,productcatalogservice,paymentservice,0,0,0,0,0,0,0
2026-10-04T14:04:04Z,productcatalogservice,productcatalogservice,0,0,0,0,0,0,0
2026-10-04T14:04:04Z,productcatalogservice,recommendationservice,0,0,0,0,0,0,0
2026-10-04T14:04:04Z,productcatalogservice,redis-cart,0,0,0,0,0,0,0
2026-10-04T14:04:04Z,productcatalogservice,shippingservice,0,0,0,0,0,0,0
2026-10-04T14:04:04Z,recommendationservice,adservice,0,0,0,0,0,0,0
2026-10-04T14:04:04Z,recommendationservice,cartservice,0,0,0,0,0,0,0
2026-10-04T14:04:04Z,recommendationservice,checkoutservice,0,0,0,0,0,0,0
2026-10-04T14:04:04Z,recommendationservice,currencyservice,0,0,0,0,0,0,0
2026-10-04T14:04:04Z,recommendationservice,emailservice,0,0,0,0,0,0,0
2026-10-04T14:04:04Z,recommendationservice,frontend,0,0,0,0,0,0,0
2026-10-04T14:04:04Z,recommendationservice,kubernetes,0,0,0,0,0,0,0
2026-10-04T14:04:04Z,recommendationservice,paymentservice,0,0,0,0,0,0,0
2026-10-04T14:04:04Z,recommendationservice,productcatalogservice,10456,10454,0,0,0,35736,8675
2026-10-04T14:04:04Z,recommendationservice,recommendationservice,0,0,0,0,0,0,0
2026-10-04T14:04:04Z,recommendationservice,redis-cart,0,0,0,0,0,0,0
2026-10-04T14:04:04Z,recommendationservice,shippingservice,0,0,0,0,0,0,0
2026-10-04T14:04:04Z,redis-cart,adservice,0,0,0,0,0,0,0
2026-10-04T14:04:04Z,redis-cart,cartservice,0,0,0,0,0,0,0
2026-10-04T14:04:04Z,redis-cart,checkoutservice,0,0,0,0,0,0,0
2026-10-04T14:04:04Z,redis-cart,currencyservice,0,0,0,0,0,0,0
2026-10-04T14:04:04Z,redis-cart,emailservice,0,0,0,0,0,0,0
2026-10-04T14:04:04Z,redis-cart,frontend,0,0,0,0,0,0,0
2026-10-04T14:04:04Z,redis-cart,kubernetes,0,0,0,0,0,0,0
2026-10-04T14:04:04Z,redis-cart,paymentservice,0,0,0,0,0,0,0
2026-10-04T14:04:04Z,redis-cart,productcatalogservice,0,0,0,0,0,0,0
2026-10-04T14:04:04Z,redis-cart,recommendationservice,0,0,0,0,0,0,0
2026-10-04T14:04:04Z,redis-cart,redis-cart,0,0,0,0,0,0,0
2026-10-04T14:04:04Z,redis-cart,shippingservice,0,0,0,0,0,0,0
2026-10-04T14:04:04Z,shippingservice,adservice,0,0,0,0,0,0,0
2026-10-04T14:04:04Z,shippingservice,cartservice,0,0,0,0,0,0,0
2026-10-04T14:04:04Z,shippingservice,checkoutservice,0,0,0,0,0,0,0
2026-10-04T14:04:04Z,shippingservice,currencyservice,0,0,0,0,0,0,0
2026-10-04T14:04:04Z,shippingservice,emailservice,0,0,0,0,0,0,0
2026-10-04T14:04:04Z,shippingservice,frontend,0,0,0,0,0,0,0
2026-10-04T14:04:04Z,shippingservice,kubernetes,0,0,0,0,0,0,0
2026-10-04T14:04:04Z,shippingservice,paymentservice,0,0,0,0,0,0,0
2026-10-04T14:04:04Z,shippingservice,productcatalogservice,0,0,0,0,0,0,0
2026-10-04T14:04:04Z,shippingservice,recommendationservice,0,0,0,0,0,0,0
2026-10-04T14:04:04Z,shippingservice,redis-cart,0,0,0,0,0,0,0
2026-10-04T14:04:04Z,shippingservice,shippingservice,0,0,0,0,0,0,0
2026-10-04T14:04:05Z,adservice,adservice,0,0,0,0,0,0,0
2026-10-04T14:04:05Z,adservice,cartservice,0,0,0,0,0,0,0
2026-10-04T14:04:05Z,adservice,checkoutservice,0,0,0,0,0,0,0
2026-10-04T14:04:05Z,adservice,currencyservice,0,0,0,0,0,0,0
2026-10-04T14:04:05Z,adservice,emailservice,0,0,0,0,0,0,0
2026-10-04T14:04:05Z,adservice,frontend,0,0,0,0,0,0,0
2026-10-04T14:04:05Z,adservice,kubernetes,0,0,0,0,0,0,0
2026-10-04T14:04:05Z,adservice,paymentservice,0,0,0,0,0,0,0
2026-10-04T14:04:05Z,adservice,productcatalogservice,0,0,0,0,0,0,0
2026-10-04T14:04:05Z,adservice,recommendationservice,0,0,0,0,0,0,0
2026-10-04T14:04:05Z,adservice,redis-cart,0,0,0,0,0,0,0
2026-10-04T14:04:05Z,adservice,shippingservice,0,0,0,0,0,0,0
2026-10-04T14:04:05Z,cartservice,adservice,0,0,0,0,0,0,0
2026-10-04T14:04:05Z,cartservice,cartservice,0,0,0,0,0,0,0
2026-10-04T14:04:05Z,cartservice,checkoutservice,0,0,0,0,0,0,0
2026-10-04T14:04:05Z,cartservice,currencyservice,0,0,0,0,0,0,0
2026-10-04T14:04:05Z,cartservice,emailservice,0,0,0,0,0,0,0
2026-10-04T14:04:05Z,cartservice,frontend,0,0,0,0,0,0,0
2026-10-04T14:04:05Z,cartservice,kubernetes,0,0,0,0,0,0,0
2026-10-04T14:04:05Z,cartservice,paymentservice,0,0,0,0,0,0,0
2026-10-04T14:04:05Z,cartservice,productcatalogservice,0,0,0,0,0,0,0
2026-10-04T14:04:05Z,cartservice,recommendationservice,0,0,0,0,0,0,0
2026-10-04T14:04:05Z,cartservice,redis-cart,2,0,0,0,0,0,0
2026-10-04T14:04:05Z,cartservice,shippingservice,0,0,0,0,0,0,0
2026-10-04T14:04:05Z,checkoutservice,adservice,0,0,0,0,0,0,0
2026-10-04T14:04:05Z,checkoutservice,cartservice,5401,5368,0,9,0,20262,4549
2026-10-04T14:04:05Z,checkoutservice,checkoutservice,0,0,0,0,0,0,0
2026-10-04T14:04:05Z,checkoutservice,currencyservice,2933,2933,0,0,0,9487,2290
2026-10-04T14:04:05Z,checkoutservice,emailservice,2295,2183,0,35,0,110247,2155
2026-10-04T14:04:05Z,checkoutservice,frontend,0,0,0,0,0,0,0
2026-10-04T14:04:05Z,checkoutservice,kubernetes,0,0,0,0,0,0,0
2026-10-04T14:04:05Z,checkoutservice,paymentservice,2913,2901,0,1,0,8748,2282
2026-10-04T14:04:05Z,checkoutservice,productcatalogservice,0,0,0,0,0,0,0
2026-10-04T14:04:05Z,checkoutservice,recommendationservice,0,0,0,0,0,0,0
2026-10-04T14:04:05Z,checkoutservice,redis-cart,0,0,0,0,0,0,0
2026-10-04T14:04:05Z,checkoutservice,shippingservice,5690,5648,0,3,0,10842,4557
2026-10-04T14:04:05Z,currencyservice,adservice,0,0,0,0,0,0,0
2026-10-04T14:04:05Z,currencyservice,cartservice,0,0,0,0,0,0,0
2026-10-04T14:04:05Z,currencyservice,checkoutservice,0,0,0,0,0,0,0
2026-10-04T14:04:05Z,currencyservice,currencyservice,0,0,0,0,0,0,0
2026-10-04T14:04:05Z,currencyservice,emailservice,0,0,0,0,0,0,0
2026-10-04T14:04:05Z,currencyservice,frontend,0,0,0,0,0,0,0
2026-10-04T14:04:05Z,currencyservice,kubernetes,0,0,0,0,0,0,0
2026-10-04T14:04:05Z,currencyservice,paymentservice,0,0,0,0,0,0,0
2026-10-04T14:04:05Z,currencyservice,productcatalogservice,0,0,0,0,0,0,0
2026-10-04T14:04:05Z,currencyservice,recommendationservice,0,0,0,0,0,0,0
2026-10-04T14:04:05Z,currencyservice,redis-cart,0,0,0,0,0,0,0
2026-10-04T14:04:05Z,currencyservice,shippingservice,0,0,0,0,0,0,0
2026-10-04T14:04:05Z,emailservice,adservice,0,0,0,0,0,0,0
2026-10-04T14:04:05Z,emailservice,cartservice,0,0,0,0,0,0,0
2026-10-04T14:04:05Z,emailservice,checkoutservice,0,0,0,0,0,0,0
2026-10-04T14:04:05Z,emailservice,currencyservice,0,0,0,0,0,0,0
2026-10-04T14:04:05Z,emailservice,emailservice,0,0,0,0,0,0,0
2026-10-04T14:04:05Z,emailservice,frontend,0,0,0,0,0,0,0
2026-10-04T14:04:05Z,emailservice,kubernetes,0,0,0,0,0,0,0
2026-10-04T14:04:05Z,emailservice,paymentservice,0,0,0,0,0,0,0
2026-10-04T14:04:05Z,emailservice,productcatalogservice,0,0,0,0,0,0,0
2026-10-04T14:04:05Z,emailservice,recommendationservice,0,0,0,0,0,0,0
2026-10-04T14:04:05Z,emailservice,redis-cart,0,0,0,0,0,0,0
2026-10-04T14:04:05Z,emailservice,shippingservice,0,0,0,0,0,0,0
2026-10-04T14:04:05Z,frontend,adservice,779907,779905,0,0,0,2346615,779404
2026-10-04T14:04:05Z,frontend,cartservice,1741331,1741313,0,0,4,9668568,1740428
2026-10-04T14:04:05Z,frontend,checkoutservice,357840,175927,0,34447,147288,55971531,175893
2026-10-04T14:04:05Z,frontend,currencyservice,2768751,2768738,0,0,0,14659487,2767332
2026-10-04T14:04:05Z,frontend,emailservice,0,0,0,0,0,0,0
2026-10-04T14:04:05Z,frontend,frontend,0,0,0,0,0,0,0
2026-10-04T14:04:05Z,frontend,kubernetes,0,0,0,0,0,0,0
2026-10-04T14:04:05Z,frontend,paymentservice,0,0,0,0,0,0,0
2026-10-04T14:04:05Z,frontend,productcatalogservice,7739737,7739643,0,0,0,52574600,7734943
2026-10-04T14:04:05Z,frontend,recommendationservice,2534966,1535721,0,104145,892890,770349402,1534912
2026-10-04T14:04:05Z,frontend,redis-cart,0,0,0,0,0,0,0
2026-10-04T14:04:05Z,frontend,shippingservice,286124,286122,0,0,0,863721,285919
2026-10-04T14:04:05Z,paymentservice,adservice,0,0,0,0,0,0,0
2026-10-04T14:04:05Z,paymentservice,cartservice,0,0,0,0,0,0,0
2026-10-04T14:04:05Z,paymentservice,checkoutservice,0,0,0,0,0,0,0
2026-10-04T14:04:05Z,paymentservice,currencyservice,0,0,0,0,0,0,0
2026-10-04T14:04:05Z,paymentservice,emailservice,0,0,0,0,0,0,0
2026-10-04T14:04:05Z,paymentservice,frontend,0,0,0,0,0,0,0
2026-10-04T14:04:05Z,paymentservice,kubernetes,0,0,0,0,0,0,0
2026-10-04T14:04:05Z,paymentservice,paymentservice,0,0,0,0,0,0,0
2026-10-04T14:04:05Z,paymentservice,productcatalogservice,0,0,0,0,0,0,0
2026-10-04T14:04:05Z,paymentservice,recommendationservice,0,0,0,0,0,0,0
2026-10-04T14:04:05Z,paymentservice,redis-cart,0,0,0,0,0,0,0
2026-10-04T14:04:05Z,paymentservice,shippingservice,0,0,0,0,0,0,0
2026-10-04T14:04:05Z,productcatalogservice,adservice,0,0,0,0,0,0,0
2026-10-04T14:04:05Z,productcatalogservice,cartservice,0,0,0,0,0,0,0
2026-10-04T14:04:05Z,productcatalogservice,checkoutservice,0,0,0,0,0,0,0
2026-10-04T14:04:05Z,productcatalogservice,currencyservice,0,0,0,0,0,0,0
2026-10-04T14:04:05Z,productcatalogservice,emailservice,0,0,0,0,0,0,0
2026-10-04T14:04:05Z,productcatalogservice,frontend,0,0,0,0,0,0,0
2026-10-04T14:04:05Z,productcatalogservice,kubernetes,0,0,0,0,0,0,0
2026-10-04T14:04:05Z,productcatalogservice,paymentservice,0,0,0,0,0,0,0
2026-10-04T14:04:05Z,productcatalogservice,productcatalogservice,0,0,0,0,0,0,0
2026-10-04T14:04:05Z,productcatalogservice,recommendationservice,0,0,0,0,0,0,0
2026-10-04T14:04:05Z,productcatalogservice,redis-cart,0,0,0,0,0,0,0
2026-10-04T14:04:05Z,productcatalogservice,shippingservice,0,0,0,0,0,0,0
2026-10-04T14:04:05Z,recommendationservice,adservice,0,0,0,0,0,0,0
2026-10-04T14:04:05Z,recommendationservice,cartservice,0,0,0,0,0,0,0
2026-10-04T14:04:05Z,recommendationservice,checkoutservice,0,0,0,0,0,0,0
2026-10-04T14:04:05Z,recommendationservice,currencyservice,0,0,0,0,0,0,0
2026-10-04T14:04:05Z,recommendationservice,emailservice,0,0,0,0,0,0,0
2026-10-04T14:04:05Z,recommendationservice,frontend,0,0,0,0,0,0,0
2026-10-04T14:04:05Z,recommendationservice,kubernetes,0,0,0,0,0,0,0
2026-10-04T14:04:05Z,recommendationservice,paymentservice,0,0,0,0,0,0,0
2026-10-04T14:04:05Z,recommendationservice,productcatalogservice,10883,10873,0,0,0,53343,10671
2026-10-04T14:04:05Z,recommendationservice,recommendationservice,0,0,0,0,0,0,0
2026-10-04T14:04:05Z,recommendationservice,redis-cart,0,0,0,0,0,0,0
2026-10-04T14:04:05Z,recommendationservice,shippingservice,0,0,0,0,0,0,0
2026-10-04T14:04:05Z,redis-cart,adservice,0,0,0,0,0,0,0
2026-10-04T14:04:05Z,redis-cart,cartservice,0,0,0,0,0,0,0
2026-10-04T14:04:05Z,redis-cart,checkoutservice,0,0,0,0,0,0,0
2026-10-04T14:04:05Z,redis-cart,currencyservice,0,0,0,0,0,0,0
2026-10-04T14:04:05Z,redis-cart,emailservice,0,0,0,0,0,0,0
2026-10-04T14:04:05Z,redis-cart,frontend,0,0,0,0,0,0,0
2026-10-04T14:04:05Z,redis-cart,kubernetes,0,0,0,0,0,0,0
2026-10-04T14:04:05Z,redis-cart,paymentservice,0,0,0,0,0,0,0
2026-10-04T14:04:05Z,redis-cart,productcatalogservice,0,0,0,0,0,0,0
2026-10-04T14:04:05Z,redis-cart,recommendationservice,0,0,0,0,0,0,0
2026-10-04T14:04:05Z,redis-cart,redis-cart,0,0,0,0,0,0,0
2026-10-04T14:04:05Z,redis-cart,shippingservice,0,0,0,0,0,0,0
2026-10-04T14:04:05Z,shippingservice,adservice,0,0,0,0,0,0,0
2026-10-04T14:04:05Z,shippingservice,cartservice,0,0,0,0,0,0,0
2026-10-04T14:04:05Z,shippingservice,checkoutservice,0,0,0,0,0,0,0
2026-10-04T14:04:05Z,shippingservice,currencyservice,0,0,0,0,0,0,0
2026-10-04T14:04:05Z,shippingservice,emailservice,0,0,0,0,0,0,0
2026-10-04T14:04:05Z,shippingservice,frontend,0,0,0,0,0,0,0
2026-10-04T14:04:05Z,shippingservice,kubernetes,0,0,0,0,0,0,0
2026-10-04T14:04:05Z,shippingservice,paymentservice,0,0,0,0,0,0,0
2026-10-04T14:04:05Z,shippingservice,productcatalogservice,0,0,0,0,0,0,0
2026-10-04T14:04:05Z,shippingservice,recommendationservice,0,0,0,0,0,0,0
2026-10-04T14:04:05Z,shippingservice,redis-cart,0,0,0,0,0,0,0
2026-10-04T14:04:05Z,shippingservice,shippingservice,0,0,0,0,0,0,0
2026-10-04T14:04:06Z,adservice,adservice,0,0,0,0,0,0,0
2026-10-04T14:04:06Z,adservice,cartservice,0,0,0,0,0,0,0
2026-10-04T14:04:06Z,adservice,checkoutservice,0,0,0,0,0,0,0
2026-10-04T14:04:06Z,adservice,currencyservice,0,0,0,0,0,0,0
2026-10-04T14:04:06Z,adservice,emailservice,0,0,0,0,0,0,0
2026-10-04T14:04:06Z,adservice,frontend,0,0,0,0,0,0,0
2026-10-04T14:04:06Z,adservice,kubernetes,0,0,0,0,0,0,0
2026-10-04T14:04:06Z,adservice,paymentservice,0,0,0,0,0,0,0
2026-10-04T14:04:06Z,adservice,productcatalogservice,0,0,0,0,0,0,0
2026-10-04T14:04:06Z,adservice,recommendationservice,0,0,0,0,0,0,0
2026-10-04T14:04:06Z,adservice,redis-cart,0,0,0,0,0,0,0
2026-10-04T14:04:06Z,adservice,shippingservice,0,0,0,0,0,0,0
2026-10-04T14:04:06Z,cartservice,adservice,0,0,0,0,0,0,0
2026-10-04T14:04:06Z,cartservice,cartservice,0,0,0,0,0,0,0
2026-10-04T14:04:06Z,cartservice,checkoutservice,0,0,0,0,0,0,0
2026-10-04T14:04:06Z,cartservice,currencyservice,0,0,0,0,0,0,0
2026-10-04T14:04:06Z,cartservice,emailservice,0,0,0,0,0,0,0
2026-10-04T14:04:06Z,cartservice,frontend,0,0,0,0,0,0,0
2026-10-04T14:04:06Z,cartservice,kubernetes,0,0,0,0,0,0,0
2026-10-04T14:04:06Z,cartservice,paymentservice,0,0,0,0,0,0,0
2026-10-04T14:04:06Z,cartservice,productcatalogservice,0,0,0,0,0,0,0
2026-10-04T14:04:06Z,cartservice,recommendationservice,0,0,0,0,0,0,0
2026-10-04T14:04:06Z,cartservice,redis-cart,2,0,0,0,0,0,0
2026-10-04T14:04:06Z,cartservice,shippingservice,0,0,0,0,0,0,0
2026-10-04T14:04:06Z,checkoutservice,adservice,0,0,0,0,0,0,0
2026-10-04T14:04:06Z,checkoutservice,cartservice,5646,5601,0,11,0,20262,4549
2026-10-04T14:04:06Z,checkoutservice,checkoutservice,0,0,0,0,0,0,0
2026-10-04T14:04:06Z,checkoutservice,currencyservice,3147,3136,0,0,0,9487,2290
2026-10-04T14:04:06Z,checkoutservice,emailservice,2302,2186,0,36,0,110247,2155
2026-10-04T14:04:06Z,checkoutservice,frontend,0,0,0,0,0,0,0
2026-10-04T14:04:06Z,checkoutservice,kubernetes,0,0,0,0,0,0,0
2026-10-04T14:04:06Z,checkoutservice,paymentservice,3109,3079,0,1,0,8748,2282
2026-10-04T14:04:06Z,checkoutservice,productcatalogservice,0,0,0,0,0,0,0
2026-10-04T14:04:06Z,checkoutservice,recommendationservice,0,0,0,0,0,0,0
2026-10-04T14:04:06Z,checkoutservice,redis-cart,0,0,0,0,0,0,0
2026-10-04T14:04:06Z,checkoutservice,shippingservice,6030,5951,0,4,0,10842,4557
2026-10-04T14:04:06Z,currencyservice,adservice,0,0,0,0,0,0,0
2026-10-04T14:04:06Z,currencyservice,cartservice,0,0,0,0,0,0,0
2026-10-04T14:04:06Z,currencyservice,checkoutservice,0,0,0,0,0,0,0
2026-10-04T14:04:06Z,currencyservice,currencyservice,0,0,0,0,0,0,0
2026-10-04T14:04:06Z,currencyservice,emailservice,0,0,0,0,0,0,0
2026-10-04T14:04:06Z,currencyservice,frontend,0,0,0,0,0,0,0
2026-10-04T14:04:06Z,currencyservice,kubernetes,0,0,0,0,0,0,0
2026-10-04T14:04:06Z,currencyservice,paymentservice,0,0,0,0,0,0,0
2026-10-04T14:04:06Z,currencyservice,productcatalogservice,0,0,0,0,0,0,0
2026-10-04T14:04:06Z,currencyservice,recommendationservice,0,0,0,0,0,0,0
2026-10-04T14:04:06Z,currencyservice,redis-cart,0,0,0,0,0,0,0
2026-10-04T14:04:06Z,currencyservice,shippingservice,0,0,0,0,0,0,0
2026-10-04T14:04:06Z,emailservice,adservice,0,0,0,0,0,0,0
2026-10-04T14:04:06Z,emailservice,cartservice,0,0,0,0,0,0,0
2026-10-04T14:04:06Z,emailservice,checkoutservice,0,0,0,0,0,0,0
2026-10-04T14:04:06Z,emailservice,currencyservice,0,0,0,0,0,0,0
2026-10-04T14:04:06Z,emailservice,emailservice,0,0,0,0,0,0,0
2026-10-04T14:04:06Z,emailservice,frontend,0,0,0,0,0,0,0
2026-10-04T14:04:06Z,emailservice,kubernetes,0,0,0,0,0,0,0
2026-10-04T14:04:06Z,emailservice,paymentservice,0,0,0,0,0,0,0
2026-10-04T14:04:06Z,emailservice,productcatalogservice,0,0,0,0,0,0,0
2026-10-04T14:04:06Z,emailservice,recommendationservice,0,0,0,0,0,0,0
2026-10-04T14:04:06Z,emailservice,redis-cart,0,0,0,0,0,0,0
2026-10-04T14:04:06Z,emailservice,shippingservice,0,0,0,0,0,0,0
2026-10-04T14:04:06Z,frontend,adservice,780153,780151,0,0,0,2346615,779404
2026-10-04T14:04:06Z,frontend,cartservice,1741774,1741762,0,0,4,9668568,1740428
2026-10-04T14:04:06Z,frontend,checkoutservice,358046,175949,0,34478,147420,55971531,175893
2026-10-04T14:04:06Z,frontend,currencyservice,2769456,2769448,0,0,0,14659487,2767332
2026-10-04T14:04:06Z,frontend,emailservice,0,0,0,0,0,0,0
2026-10-04T14:04:06Z,frontend,frontend,0,0,0,0,0,0,0
2026-10-04T14:04:06Z,frontend,kubernetes,0,0,0,0,0,0,0
2026-10-04T14:04:06Z,frontend,paymentservice,0,0,0,0,0,0,0
2026-10-04T14:04:06Z,frontend,productcatalogservice,7742117,7742045,0,0,0,52574600,7734943
2026-10-04T14:04:06Z,frontend,recommendationservice,2535382,1536128,0,104145,892890,770349402,1534912
2026-10-04T14:04:06Z,frontend,redis-cart,0,0,0,0,0,0,0
2026-10-04T14:04:06Z,frontend,shippingservice,286220,286218,0,0,0,863721,285919
2026-10-04T14:04:06Z,paymentservice,adservice,0,0,0,0,0,0,0
2026-10-04T14:04:06Z,paymentservice,cartservice,0,0,0,0,0,0,0
2026-10-04T14:04:06Z,paymentservice,checkoutservice,0,0,0,0,0,0,0
2026-10-04T14:04:06Z,paymentservice,currencyservice,0,0,0,0,0,0,0
2026-10-04T14:04:06Z,paymentservice,emailservice,0,0,0,0,0,0,0
2026-10-04T14:04:06Z,paymentservice,frontend,0,0,0,0,0,0,0
2026-10-04T14:04:06Z,paymentservice,kubernetes,0,0,0,0,0,0,0
2026-10-04T14:04:06Z,paymentservice,paymentservice,0,0,0,0,0,0,0
2026-10-04T14:04:06Z,paymentservice,productcatalogservice,0,0,0,0,0,0,0
2026-10-04T14:04:06Z,paymentservice,recommendationservice,0,0,0,0,0,0,0
2026-10-04T14:04:06Z,paymentservice,redis-cart,0,0,0,0,0,0,0
2026-10-04T14:04:06Z,paymentservice,shippingservice,0,0,0,0,0,0,0
2026-10-04T14:04:06Z,productcatalogservice,adservice,0,0,0,0,0,0,0
2026-10-04T14:04:06Z,productcatalogservice,cartservice,0,0,0,0,0,0,0
2026-10-04T14:04:06Z,productcatalogservice,checkoutservice,0,0,0,0,0,0,0
2026-10-04T14:04:06Z,productcatalogservice,currencyservice,0,0,0,0,0,0,0
2026-10-04T14:04:06Z,productcatalogservice,emailservice,0,0,0,0,0,0,0
2026-10-04T14:04:06Z,productcatalogservice,frontend,0,0,0,0,0,0,0
2026-10-04T14:04:06Z,productcatalogservice,kubernetes,0,0,0,0,0,0,0
2026-10-04T14:04:06Z,productcatalogservice,paymentservice,0,0,0,0,0,0,0
2026-10-04T14:04:06Z,productcatalogservice,productcatalogservice,0,0,0,0,0,0,0
2026-10-04T14:04:06Z,productcatalogservice,recommendationservice,0,0,0,0,0,0,0
2026-10-04T14:04:06Z,productcatalogservice,redis-cart,0,0,0,0,0,0,0
2026-10-04T14:04:06Z,productcatalogservice,shippingservice,0,0,0,0,0,0,0
2026-10-04T14:04:06Z,recommendationservice,adservice,0,0,0,0,0,0,0
2026-10-04T14:04:06Z,recommendationservice,cartservice,0,0,0,0,0,0,0
2026-10-04T14:04:06Z,recommendationservice,checkoutservice,0,0,0,0,0,0,0
2026-10-04T14:04:06Z,recommendationservice,currencyservice,0,0,0,0,0,0,0
2026-10-04T14:04:06Z,recommendationservice,emailservice,0,0,0,0,0,0,0
2026-10-04T14:04:06Z,recommendationservice,frontend,0,0,0,0,0,0,0
2026-10-04T14:04:06Z,recommendationservice,kubernetes,0,0,0,0,0,0,0
2026-10-04T14:04:06Z,recommendationservice,paymentservice,0,0,0,0,0,0,0
2026-10-04T14:04:06Z,recommendationservice,productcatalogservice,11280,11275,0,0,0,53343,10671
2026-10-04T14:04:06Z,recommendationservice,recommendationservice,0,0,0,0,0,0,0
2026-10-04T14:04:06Z,recommendationservice,redis-cart,0,0,0,0,0,0,0
2026-10-04T14:04:06Z,recommendationservice,shippingservice,0,0,0,0,0,0,0
2026-10-04T14:04:06Z,redis-cart,adservice,0,0,0,0,0,0,0
2026-10-04T14:04:06Z,redis-cart,cartservice,0,0,0,0,0,0,0
2026-10-04T14:04:06Z,redis-cart,checkoutservice,0,0,0,0,0,0,0
2026-10-04T14:04:06Z,redis-cart,currencyservice,0,0,0,0,0,0,0
2026-10-04T14:04:06Z,redis-cart,emailservice,0,0,0,0,0,0,0
2026-10-04T14:04:06Z,redis-cart,frontend,0,0,0,0,0,0,0
2026-10-04T14:04:06Z,redis-cart,kubernetes,0,0,0,0,0,0,0
2026-10-04T14:04:06Z,redis-cart,paymentservice,0,0,0,0,0,0,0
2026-10-04T14:04:06Z,redis-cart,productcatalogservice,0,0,0,0,0,0,0
2026-10-04T14:04:06Z,redis-cart,recommendationservice,0,0,0,0,0,0,0
2026-10-04T14:04:06Z,redis-cart,redis-cart,0,0,0,0,0,0,0
2026-10-04T14:04:06Z,redis-cart,shippingservice,0,0,0,0,0,0,0
2026-10-04T14:04:06Z,shippingservice,adservice,0,0,0,0,0,0,0
2026-10-04T14:04:06Z,shippingservice,cartservice,0,0,0,0,0,0,0
2026-10-04T14:04:06Z,shippingservice,checkoutservice,0,0,0,0,0,0,0
2026-10-04T14:04:06Z,shippingservice,currencyservice,0,0,0,0,0,0,0
2026-10-04T14:04:06Z,shippingservice,emailservice,0,0,0,0,0,0,0
2026-10-04T14:04:06Z,shippingservice,frontend,0,0,0,0,0,0,0
2026-10-04T14:04:06Z,shippingservice,kubernetes,0,0,0,0,0,0,0
2026-10-04T14:04:06Z,shippingservice,paymentservice,0,0,0,0,0,0,0
2026-10-04T14:04:06Z,shippingservice,productcatalogservice,0,0,0,0,0,0,0
2026-10-04T14:04:06Z,shippingservice,recommendationservice,0,0,0,0,0,0,0
2026-10-04T14:04:06Z,shippingservice,redis-cart,0,0,0,0,0,0,0
2026-10-04T14:04:06Z,shippingservice,shippingservice,0,0,0,0,0,0,0
2026-10-04T14:04:07Z,adservice,adservice,0,0,0,0,0,0,0
2026-10-04T14:04:07Z,adservice,cartservice,0,0,0,0,0,0,0
2026-10-04T14:04:07Z,adservice,checkoutservice,0,0,0,0,0,0,0
2026-10-04T14:04:07Z,adservice,currencyservice,0,0,0,0,0,0,0
2026-10-04T14:04:07Z,adservice,emailservice,0,0,0,0,0,0,0
2026-10-04T14:04:07Z,adservice,frontend,0,0,0,0,0,0,0
2026-10-04T14:04:07Z,adservice,kubernetes,0,0,0,0,0,0,0
2026-10-04T14:04:07Z,adservice,paymentservice,0,0,0,0,0,0,0
2026-10-04T14:04:07Z,adservice,productcatalogservice,0,0,0,0,0,0,0
2026-10-04T14:04:07Z,adservice,recommendationservice,0,0,0,0,0,0,0
2026-10-04T14:04:07Z,adservice,redis-cart,0,0,0,0,0,0,0
2026-10-04T14:04:07Z,adservice,shippingservice,0,0,0,0,0,0,0
2026-10-04T14:04:07Z,cartservice,adservice,0,0,0,0,0,0,0
2026-10-04T14:04:07Z,cartservice,cartservice,0,0,0,0,0,0,0
2026-10-04T14:04:07Z,cartservice,checkoutservice,0,0,0,0,0,0,0
2026-10-04T14:04:07Z,cartservice,currencyservice,0,0,0,0,0,0,0
2026-10-04T14:04:07Z,cartservice,emailservice,0,0,0,0,0,0,0
2026-10-04T14:04:07Z,cartservice,frontend,0,0,0,0,0,0,0
2026-10-04T14:04:07Z,cartservice,kubernetes,0,0,0,0,0,0,0
2026-10-04T14:04:07Z,cartservice,paymentservice,0,0,0,0,0,0,0
2026-10-04T14:04:07Z,cartservice,productcatalogservice,0,0,0,0,0,0,0
2026-10-04T14:04:07Z,cartservice,recommendationservice,0,0,0,0,0,0,0
2026-10-04T14:04:07Z,cartservice,redis-cart,2,0,0,0,0,0,0
2026-10-04T14:04:07Z,cartservice,shippingservice,0,0,0,0,0,0,0
2026-10-04T14:04:07Z,checkoutservice,adservice,0,0,0,0,0,0,0
2026-10-04T14:04:07Z,checkoutservice,cartservice,5897,5833,0,16,0,40436,5704
2026-10-04T14:04:07Z,checkoutservice,checkoutservice,0,0,0,0,0,0,0
2026-10-04T14:04:07Z,checkoutservice,currencyservice,3321,3321,0,0,0,25270,3222
2026-10-04T14:04:07Z,checkoutservice,emailservice,2310,2192,0,36,0,111200,2189
2026-10-04T14:04:07Z,checkoutservice,frontend,0,0,0,0,0,0,0
2026-10-04T14:04:07Z,checkoutservice,kubernetes,0,0,0,0,0,0,0
2026-10-04T14:04:07Z,checkoutservice,paymentservice,3284,3261,0,1,0,25988,3151
2026-10-04T14:04:07Z,checkoutservice,productcatalogservice,0,0,0,0,0,0,0
2026-10-04T14:04:07Z,checkoutservice,recommendationservice,0,0,0,0,0,0,0
2026-10-04T14:04:07Z,checkoutservice,redis-cart,0,0,0,0,0,0,0
2026-10-04T14:04:07Z,checkoutservice,shippingservice,6352,6263,0,6,0,30621,6084
2026-10-04T14:04:07Z,currencyservice,adservice,0,0,0,0,0,0,0
2026-10-04T14:04:07Z,currencyservice,cartservice,0,0,0,0,0,0,0
2026-10-04T14:04:07Z,currencyservice,checkoutservice,0,0,0,0,0,0,0
2026-10-04T14:04:07Z,currencyservice,currencyservice,0,0,0,0,0,0,0
2026-10-04T14:04:07Z,currencyservice,emailservice,0,0,0,0,0,0,0
2026-10-04T14:04:07Z,currencyservice,frontend,0,0,0,0,0,0,0
2026-10-04T14:04:07Z,currencyservice,kubernetes,0,0,0,0,0,0,0
2026-10-04T14:04:07Z,currencyservice,paymentservice,0,0,0,0,0,0,0
2026-10-04T14:04:07Z,currencyservice,productcatalogservice,0,0,0,0,0,0,0
2026-10-04T14:04:07Z,currencyservice,recommendationservice,0,0,0,0,0,0,0
2026-10-04T14:04:07Z,currencyservice,redis-cart,0,0,0,0,0,0,0
2026-10-04T14:04:07Z,currencyservice,shippingservice,0,0,0,0,0,0,0
2026-10-04T14:04:07Z,emailservice,adservice,0,0,0,0,0,0,0
2026-10-04T14:04:07Z,emailservice,cartservice,0,0,0,0,0,0,0
2026-10-04T14:04:07Z,emailservice,checkoutservice,0,0,0,0,0,0,0
2026-10-04T14:04:07Z,emailservice,currencyservice,0,0,0,0,0,0,0
2026-10-04T14:04:07Z,emailservice,emailservice,0,0,0,0,0,0,0
2026-10-04T14:04:07Z,emailservice,frontend,0,0,0,0,0,0,0
2026-10-04T14:04:07Z,emailservice,kubernetes,0,0,0,0,0,0,0
2026-10-04T14:04:07Z,emailservice,paymentservice,0,0,0,0,0,0,0
2026-10-04T14:04:07Z,emailservice,productcatalogservice,0,0,0,0,0,0,0
2026-10-04T14:04:07Z,emailservice,recommendationservice,0,0,0,0,0,0,0
2026-10-04T14:04:07Z,emailservice,redis-cart,0,0,0,0,0,0,0
2026-10-04T14:04:07Z,emailservice,shippingservice,0,0,0,0,0,0,0
2026-10-04T14:04:07Z,frontend,adservice,780426,780424,0,0,0,2346615,779404
2026-10-04T14:04:07Z,frontend,cartservice,1742256,1742244,0,0,4,9668568,1740428
2026-10-04T14:04:07Z,frontend,checkoutservice,358255,175977,0,34507,147581,55971531,175893
2026-10-04T14:04:07Z,frontend,currencyservice,2770236,2770225,0,0,0,14659487,2767332
2026-10-04T14:04:07Z,frontend,emailservice,0,0,0,0,0,0,0
2026-10-04T14:04:07Z,frontend,frontend,0,0,0,0,0,0,0
2026-10-04T14:04:07Z,frontend,kubernetes,0,0,0,0,0,0,0
2026-10-04T14:04:07Z,frontend,paymentservice,0,0,0,0,0,0,0
2026-10-04T14:04:07Z,frontend,productcatalogservice,7744692,7744596,0,0,0,52574600,7734943
2026-10-04T14:04:07Z,frontend,recommendationservice,2535816,1536569,0,104145,892890,770349402,1534912
2026-10-04T14:04:07Z,frontend,redis-cart,0,0,0,0,0,0,0
2026-10-04T14:04:07Z,frontend,shippingservice,286327,286325,0,0,0,863721,285919
2026-10-04T14:04:07Z,paymentservice,adservice,0,0,0,0,0,0,0
2026-10-04T14:04:07Z,paymentservice,cartservice,0,0,0,0,0,0,0
2026-10-04T14:04:07Z,paymentservice,checkoutservice,0,0,0,0,0,0,0
2026-10-04T14:04:07Z,paymentservice,currencyservice,0,0,0,0,0,0,0
2026-10-04T14:04:07Z,paymentservice,emailservice,0,0,0,0,0,0,0
2026-10-04T14:04:07Z,paymentservice,frontend,0,0,0,0,0,0,0
2026-10-04T14:04:07Z,paymentservice,kubernetes,0,0,0,0,0,0,0
2026-10-04T14:04:07Z,paymentservice,paymentservice,0,0,0,0,0,0,0
2026-10-04T14:04:07Z,paymentservice,productcatalogservice,0,0,0,0,0,0,0
2026-10-04T14:04:07Z,paymentservice,recommendationservice,0,0,0,0,0,0,0
2026-10-04T14:04:07Z,paymentservice,redis-cart,0,0,0,0,0,0,0
2026-10-04T14:04:07Z,paymentservice,shippingservice,0,0,0,0,0,0,0
2026-10-04T14:04:07Z,productcatalogservice,adservice,0,0,0,0,0,0,0
2026-10-04T14:04:07Z,productcatalogservice,cartservice,0,0,0,0,0,0,0
2026-10-04T14:04:07Z,productcatalogservice,checkoutservice,0,0,0,0,0,0,0
2026-10-04T14:04:07Z,productcatalogservice,currencyservice,0,0,0,0,0,0,0
2026-10-04T14:04:07Z,productcatalogservice,emailservice,0,0,0,0,0,0,0
2026-10-04T14:04:07Z,productcatalogservice,frontend,0,0,0,0,0,0,0
2026-10-04T14:04:07Z,productcatalogservice,kubernetes,0,0,0,0,0,0,0
2026-10-04T14:04:07Z,productcatalogservice,paymentservice,0,0,0,0,0,0,0
2026-10-04T14:04:07Z,productcatalogservice,productcatalogservice,0,0,0,0,0,0,0
2026-10-04T14:04:07Z,productcatalogservice,recommendationservice,0,0,0,0,0,0,0
2026-10-04T14:04:07Z,productcatalogservice,redis-cart,0,0,0,0,0,0,0
2026-10-04T14:04:07Z,productcatalogservice,shippingservice,0,0,0,0,0,0,0
2026-10-04T14:04:07Z,recommendationservice,adservice,0,0,0,0,0,0,0
2026-10-04T14:04:07Z,recommendationservice,cartservice,0,0,0,0,0,0,0
2026-10-04T14:04:07Z,recommendationservice,checkoutservice,0,0,0,0,0,0,0
2026-10-04T14:04:07Z,recommendationservice,currencyservice,0,0,0,0,0,0,0
2026-10-04T14:04:07Z,recommendationservice,emailservice,0,0,0,0,0,0,0
2026-10-04T14:04:07Z,recommendationservice,frontend,0,0,0,0,0,0,0
2026-10-04T14:04:07Z,recommendationservice,kubernetes,0,0,0,0,0,0,0
2026-10-04T14:04:07Z,recommendationservice,paymentservice,0,0,0,0,0,0,0
2026-10-04T14:04:07Z,recommendationservice,productcatalogservice,11709,11709,0,0,0,53343,10671
2026-10-04T14:04:07Z,recommendationservice,recommendationservice,0,0,0,0,0,0,0
2026-10-04T14:04:07Z,recommendationservice,redis-cart,0,0,0,0,0,0,0
2026-10-04T14:04:07Z,recommendationservice,shippingservice,0,0,0,0,0,0,0
2026-10-04T14:04:07Z,redis-cart,adservice,0,0,0,0,0,0,0
2026-10-04T14:04:07Z,redis-cart,cartservice,0,0,0,0,0,0,0
2026-10-04T14:04:07Z,redis-cart,checkoutservice,0,0,0,0,0,0,0
2026-10-04T14:04:07Z,redis-cart,currencyservice,0,0,0,0,0,0,0
2026-10-04T14:04:07Z,redis-cart,emailservice,0,0,0,0,0,0,0
2026-10-04T14:04:07Z,redis-cart,frontend,0,0,0,0,0,0,0
2026-10-04T14:04:07Z,redis-cart,kubernetes,0,0,0,0,0,0,0
2026-10-04T14:04:07Z,redis-cart,paymentservice,0,0,0,0,0,0,0
2026-10-04T14:04:07Z,redis-cart,productcatalogservice,0,0,0,0,0,0,0
2026-10-04T14:04:07Z,redis-cart,recommendationservice,0,0,0,0,0,0,0
2026-10-04T14:04:07Z,redis-cart,redis-cart,0,0,0,0,0,0,0
2026-10-04T14:04:07Z,redis-cart,shippingservice,0,0,0,0,0,0,0
2026-10-04T14:04:07Z,shippingservice,adservice,0,0,0,0,0,0,0
2026-10-04T14:04:07Z,shippingservice,cartservice,0,0,0,0,0,0,0
2026-10-04T14:04:07Z,shippingservice,checkoutservice,0,0,0,0,0,0,0
2026-10-04T14:04:07Z,shippingservice,currencyservice,0,0,0,0,0,0,0
2026-10-04T14:04:07Z,shippingservice,emailservice,0,0,0,0,0,0,0
2026-10-04T14:04:07Z,shippingservice,frontend,0,0,0,0,0,0,0
2026-10-04T14:04:07Z,shippingservice,kubernetes,0,0,0,0,0,0,0
2026-10-04T14:04:07Z,shippingservice,paymentservice,0,0,0,0,0,0,0
2026-10-04T14:04:07Z,shippingservice,productcatalogservice,0,0,0,0,0,0,0
2026-10-04T14:04:07Z,shippingservice,recommendationservice,0,0,0,0,0,0,0
2026-10-04T14:04:07Z,shippingservice,redis-cart,0,0,0,0,0,0,0
2026-10-04T14:04:07Z,shippingservice,shippingservice,0,0,0,0,0,0,0
2026-10-04T14:04:08Z,adservice,adservice,0,0,0,0,0,0,0
2026-10-04T14:04:08Z,adservice,cartservice,0,0,0,0,0,0,0
2026-10-04T14:04:08Z,adservice,checkoutservice,0,0,0,0,0,0,0
2026-10-04T14:04:08Z,adservice,currencyservice,0,0,0,0,0,0,0
2026-10-04T14:04:08Z,adservice,emailservice,0,0,0,0,0,0,0
2026-10-04T14:04:08Z,adservice,frontend,0,0,0,0,0,0,0
2026-10-04T14:04:08Z,adservice,kubernetes,0,0,0,0,0,0,0
2026-10-04T14:04:08Z,adservice,paymentservice,0,0,0,0,0,0,0
2026-10-04T14:04:08Z,adservice,productcatalogservice,0,0,0,0,0,0,0
2026-10-04T14:04:08Z,adservice,recommendationservice,0,0,0,0,0,0,0
2026-10-04T14:04:08Z,adservice,redis-cart,0,0,0,0,0,0,0
2026-10-04T14:04:08Z,adservice,shippingservice,0,0,0,0,0,0,0
2026-10-04T14:04:08Z,cartservice,adservice,0,0,0,0,0,0,0
2026-10-04T14:04:08Z,cartservice,cartservice,0,0,0,0,0,0,0
2026-10-04T14:04:08Z,cartservice,checkoutservice,0,0,0,0,0,0,0
2026-10-04T14:04:08Z,cartservice,currencyservice,0,0,0,0,0,0,0
2026-10-04T14:04:08Z,cartservice,emailservice,0,0,0,0,0,0,0
2026-10-04T14:04:08Z,cartservice,frontend,0,0,0,0,0,0,0
2026-10-04T14:04:08Z,cartservice,kubernetes,0,0,0,0,0,0,0
2026-10-04T14:04:08Z,cartservice,paymentservice,0,0,0,0,0,0,0
2026-10-04T14:04:08Z,cartservice,productcatalogservice,0,0,0,0,0,0,0
2026-10-04T14:04:08Z,cartservice,recommendationservice,0,0,0,0,0,0,0
2026-10-04T14:04:08Z,cartservice,redis-cart,2,0,0,0,0,0,0
2026-10-04T14:04:08Z,cartservice,shippingservice,0,0,0,0,0,0,0
2026-10-04T14:04:08Z,checkoutservice,adservice,0,0,0,0,0,0,0
2026-10-04T14:04:08Z,checkoutservice,cartservice,6115,6038,0,16,0,40436,5704
2026-10-04T14:04:08Z,checkoutservice,checkoutservice,0,0,0,0,0,0,0
2026-10-04T14:04:08Z,checkoutservice,currencyservice,3539,3534,0,0,0,25270,3222
2026-10-04T14:04:08Z,checkoutservice,emailservice,2311,2192,0,36,0,111200,2189
2026-10-04T14:04:08Z,checkoutservice,frontend,0,0,0,0,0,0,0
2026-10-04T14:04:08Z,checkoutservice,kubernetes,0,0,0,0,0,0,0
2026-10-04T14:04:08Z,checkoutservice,paymentservice,3481,3417,0,9,0,25988,3151
2026-10-04T14:04:08Z,checkoutservice,productcatalogservice,0,0,0,0,0,0,0
2026-10-04T14:04:08Z,checkoutservice,recommendationservice,0,0,0,0,0,0,0
2026-10-04T14:04:08Z,checkoutservice,redis-cart,0,0,0,0,0,0,0
2026-10-04T14:04:08Z,checkoutservice,shippingservice,6644,6542,0,7,0,30621,6084
2026-10-04T14:04:08Z,currencyservice,adservice,0,0,0,0,0,0,0
2026-10-04T14:04:08Z,currencyservice,cartservice,0,0,0,0,0,0,0
2026-10-04T14:04:08Z,currencyservice,checkoutservice,0,0,0,0,0,0,0
2026-10-04T14:04:08Z,currencyservice,currencyservice,0,0,0,0,0,0,0
2026-10-04T14:04:08Z,currencyservice,emailservice,0,0,0,0,0,0,0
2026-10-04T14:04:08Z,currencyservice,frontend,0,0,0,0,0,0,0
2026-10-04T14:04:08Z,currencyservice,kubernetes,0,0,0,0,0,0,0
2026-10-04T14:04:08Z,currencyservice,paymentservice,0,0,0,0,0,0,0
2026-10-04T14:04:08Z,currencyservice,productcatalogservice,0,0,0,0,0,0,0
2026-10-04T14:04:08Z,currencyservice,recommendationservice,0,0,0,0,0,0,0
2026-10-04T14:04:08Z,currencyservice,redis-cart,0,0,0,0,0,0,0
2026-10-04T14:04:08Z,currencyservice,shippingservice,0,0,0,0,0,0,0
2026-10-04T14:04:08Z,emailservice,adservice,0,0,0,0,0,0,0
2026-10-04T14:04:08Z,emailservice,cartservice,0,0,0,0,0,0,0
2026-10-04T14:04:08Z,emailservice,checkoutservice,0,0,0,0,0,0,0
2026-10-04T14:04:08Z,emailservice,currencyservice,0,0,0,0,0,0,0
2026-10-04T14:04:08Z,emailservice,emailservice,0,0,0,0,0,0,0
2026-10-04T14:04:08Z,emailservice,frontend,0,0,0,0,0,0,0
2026-10-04T14:04:08Z,emailservice,kubernetes,0,0,0,0,0,0,0
2026-10-04T14:04:08Z,emailservice,paymentservice,0,0,0,0,0,0,0
2026-10-04T14:04:08Z,emailservice,productcatalogservice,0,0,0,0,0,0,0
2026-10-04T14:04:08Z,emailservice,recommendationservice,0,0,0,0,0,0,0
2026-10-04T14:04:08Z,emailservice,redis-cart,0,0,0,0,0,0,0
2026-10-04T14:04:08Z,emailservice,shippingservice,0,0,0,0,0,0,0
2026-10-04T14:04:08Z,frontend,adservice,780708,780704,0,0,0,2349978,780381
2026-10-04T14:04:08Z,frontend,cartservice,1742722,1742707,0,0,4,9679274,1742116
2026-10-04T14:04:08Z,frontend,checkoutservice,358451,175997,0,34552,147707,56053731,175956
2026-10-04T14:04:08Z,frontend,currencyservice,2770966,2770954,0,0,0,14678333,2770014
2026-10-04T14:04:08Z,frontend,emailservice,0,0,0,0,0,0,0
2026-10-04T14:04:08Z,frontend,frontend,0,0,0,0,0,0,0
2026-10-04T14:04:08Z,frontend,kubernetes,0,0,0,0,0,0,0
2026-10-04T14:04:08Z,frontend,paymentservice,0,0,0,0,0,0,0
2026-10-04T14:04:08Z,frontend,productcatalogservice,7747258,7747174,0,0,0,52641811,7743998
2026-10-04T14:04:08Z,frontend,recommendationservice,2536249,1537003,0,104145,892890,770470261,1536462
2026-10-04T14:04:08Z,frontend,redis-cart,0,0,0,0,0,0,0
2026-10-04T14:04:08Z,frontend,shippingservice,286425,286423,0,0,0,865074,286285
2026-10-04T14:04:08Z,paymentservice,adservice,0,0,0,0,0,0,0
2026-10-04T14:04:08Z,paymentservice,cartservice,0,0,0,0,0,0,0
2026-10-04T14:04:08Z,paymentservice,checkoutservice,0,0,0,0,0,0,0
2026-10-04T14:04:08Z,paymentservice,currencyservice,0,0,0,0,0,0,0
2026-10-04T14:04:08Z,paymentservice,emailservice,0,0,0,0,0,0,0
2026-10-04T14:04:08Z,paymentservice,frontend,0,0,0,0,0,0,0
2026-10-04T14:04:08Z,paymentservice,kubernetes,0,0,0,0,0,0,0
2026-10-04T14:04:08Z,paymentservice,paymentservice,0,0,0,0,0,0,0
2026-10-04T14:04:08Z,paymentservice,productcatalogservice,0,0,0,0,0,0,0
2026-10-04T14:04:08Z,paymentservice,recommendationservice,0,0,0,0,0,0,0
2026-10-04T14:04:08Z,paymentservice,redis-cart,0,0,0,0,0,0,0
2026-10-04T14:04:08Z,paymentservice,shippingservice,0,0,0,0,0,0,0
2026-10-04T14:04:08Z,productcatalogservice,adservice,0,0,0,0,0,0,0
2026-10-04T14:04:08Z,productcatalogservice,cartservice,0,0,0,0,0,0,0
2026-10-04T14:04:08Z,productcatalogservice,checkoutservice,0,0,0,0,0,0,0
2026-10-04T14:04:08Z,productcatalogservice,currencyservice,0,0,0,0,0,0,0
2026-10-04T14:04:08Z,productcatalogservice,emailservice,0,0,0,0,0,0,0
2026-10-04T14:04:08Z,productcatalogservice,frontend,0,0,0,0,0,0,0
2026-10-04T14:04:08Z,productcatalogservice,kubernetes,0,0,0,0,0,0,0
2026-10-04T14:04:08Z,productcatalogservice,paymentservice,0,0,0,0,0,0,0
2026-10-04T14:04:08Z,productcatalogservice,productcatalogservice,0,0,0,0,0,0,0
2026-10-04T14:04:08Z,productcatalogservice,recommendationservice,0,0,0,0,0,0,0
2026-10-04T14:04:08Z,productcatalogservice,redis-cart,0,0,0,0,0,0,0
2026-10-04T14:04:08Z,productcatalogservice,shippingservice,0,0,0,0,0,0,0
2026-10-04T14:04:08Z,recommendationservice,adservice,0,0,0,0,0,0,0
2026-10-04T14:04:08Z,recommendationservice,cartservice,0,0,0,0,0,0,0
2026-10-04T14:04:08Z,recommendationservice,checkoutservice,0,0,0,0,0,0,0
2026-10-04T14:04:08Z,recommendationservice,currencyservice,0,0,0,0,0,0,0
2026-10-04T14:04:08Z,recommendationservice,emailservice,0,0,0,0,0,0,0
2026-10-04T14:04:08Z,recommendationservice,frontend,0,0,0,0,0,0,0
2026-10-04T14:04:08Z,recommendationservice,kubernetes,0,0,0,0,0,0,0
2026-10-04T14:04:08Z,recommendationservice,paymentservice,0,0,0,0,0,0,0
2026-10-04T14:04:08Z,recommendationservice,productcatalogservice,12146,12143,0,0,0,53343,10671
2026-10-04T14:04:08Z,recommendationservice,recommendationservice,0,0,0,0,0,0,0
2026-10-04T14:04:08Z,recommendationservice,redis-cart,0,0,0,0,0,0,0
2026-10-04T14:04:08Z,recommendationservice,shippingservice,0,0,0,0,0,0,0
2026-10-04T14:04:08Z,redis-cart,adservice,0,0,0,0,0,0,0
2026-10-04T14:04:08Z,redis-cart,cartservice,0,0,0,0,0,0,0
2026-10-04T14:04:08Z,redis-cart,checkoutservice,0,0,0,0,0,0,0
2026-10-04T14:04:08Z,redis-cart,currencyservice,0,0,0,0,0,0,0
2026-10-04T14:04:08Z,redis-cart,emailservice,0,0,0,0,0,0,0
2026-10-04T14:04:08Z,redis-cart,frontend,0,0,0,0,0,0,0
2026-10-04T14:04:08Z,redis-cart,kubernetes,0,0,0,0,0,0,0
2026-10-04T14:04:08Z,redis-cart,paymentservice,0,0,0,0,0,0,0
2026-10-04T14:04:08Z,redis-cart,productcatalogservice,0,0,0,0,0,0,0
2026-10-04T14:04:08Z,redis-cart,recommendationservice,0,0,0,0,0,0,0
2026-10-04T14:04:08Z,redis-cart,redis-cart,0,0,0,0,0,0,0
2026-10-04T14:04:08Z,redis-cart,shippingservice,0,0,0,0,0,0,0
2026-10-04T14:04:08Z,shippingservice,adservice,0,0,0,0,0,0,0
2026-10-04T14:04:08Z,shippingservice,cartservice,0,0,0,0,0,0,0
2026-10-04T14:04:08Z,shippingservice,checkoutservice,0,0,0,0,0,0,0
2026-10-04T14:04:08Z,shippingservice,currencyservice,0,0,0,0,0,0,0
2026-10-04T14:04:08Z,shippingservice,emailservice,0,0,0,0,0,0,0
2026-10-04T14:04:08Z,shippingservice,frontend,0,0,0,0,0,0,0
2026-10-04T14:04:08Z,shippingservice,kubernetes,0,0,0,0,0,0,0
2026-10-04T14:04:08Z,shippingservice,paymentservice,0,0,0,0,0,0,0
2026-10-04T14:04:08Z,shippingservice,productcatalogservice,0,0,0,0,0,0,0
2026-10-04T14:04:08Z,shippingservice,recommendationservice,0,0,0,0,0,0,0
2026-10-04T14:04:08Z,shippingservice,redis-cart,0,0,0,0,0,0,0
2026-10-04T14:04:08Z,shippingservice,shippingservice,0,0,0,0,0,0,0
2026-10-04T14:04:09Z,adservice,adservice,0,0,0,0,0,0,0
2026-10-04T14:04:09Z,adservice,cartservice,0,0,0,0,0,0,0
2026-10-04T14:04:09Z,adservice,checkoutservice,0,0,0,0,0,0,0
2026-10-04T14:04:09Z,adservice,currencyservice,0,0,0,0,0,0,0
2026-10-04T14:04:09Z,adservice,emailservice,0,0,0,0,0,0,0
2026-10-04T14:04:09Z,adservice,frontend,0,0,0,0,0,0,0
2026-10-04T14:04:09Z,adservice,kubernetes,0,0,0,0,0,0,0
2026-10-04T14:04:09Z,adservice,paymentservice,0,0,0,0,0,0,0
2026-10-04T14:04:09Z,adservice,productcatalogservice,0,0,0,0,0,0,0
2026-10-04T14:04:09Z,adservice,recommendationservice,0,0,0,0,0,0,0
2026-10-04T14:04:09Z,adservice,redis-cart,0,0,0,0,0,0,0
2026-10-04T14:04:09Z,adservice,shippingservice,0,0,0,0,0,0,0
2026-10-04T14:04:09Z,cartservice,adservice,0,0,0,0,0,0,0
2026-10-04T14:04:09Z,cartservice,cartservice,0,0,0,0,0,0,0
2026-10-04T14:04:09Z,cartservice,checkoutservice,0,0,0,0,0,0,0
2026-10-04T14:04:09Z,cartservice,currencyservice,0,0,0,0,0,0,0
2026-10-04T14:04:09Z,cartservice,emailservice,0,0,0,0,0,0,0
2026-10-04T14:04:09Z,cartservice,frontend,0,0,0,0,0,0,0
2026-10-04T14:04:09Z,cartservice,kubernetes,0,0,0,0,0,0,0
2026-10-04T14:04:09Z,cartservice,paymentservice,0,0,0,0,0,0,0
2026-10-04T14:04:09Z,cartservice,productcatalogservice,0,0,0,0,0,0,0
2026-10-04T14:04:09Z,cartservice,recommendationservice,0,0,0,0,0,0,0
2026-10-04T14:04:09Z,cartservice,redis-cart,2,0,0,0,0,0,0
2026-10-04T14:04:09Z,cartservice,shippingservice,0,0,0,0,0,0,0
2026-10-04T14:04:09Z,checkoutservice,adservice,0,0,0,0,0,0,0
2026-10-04T14:04:09Z,checkoutservice,cartservice,6337,6252,0,17,0,40436,5704
2026-10-04T14:04:09Z,checkoutservice,checkoutservice,0,0,0,0,0,0,0
2026-10-04T14:04:09Z,checkoutservice,currencyservice,3758,3745,0,0,0,25270,3222
2026-10-04T14:04:09Z,checkoutservice,emailservice,2311,2192,0,36,0,111200,2189
2026-10-04T14:04:09Z,checkoutservice,frontend,0,0,0,0,0,0,0
2026-10-04T14:04:09Z,checkoutservice,kubernetes,0,0,0,0,0,0,0
2026-10-04T14:04:09Z,checkoutservice,paymentservice,3669,3578,0,10,0,25988,3151
2026-10-04T14:04:09Z,checkoutservice,productcatalogservice,0,0,0,0,0,0,0
2026-10-04T14:04:09Z,checkoutservice,recommendationservice,0,0,0,0,0,0,0
2026-10-04T14:04:09Z,checkoutservice,redis-cart,0,0,0,0,0,0,0
2026-10-04T14:04:09Z,checkoutservice,shippingservice,6933,6803,0,7,0,30621,6084
2026-10-04T14:04:09Z,currencyservice,adservice,0,0,0,0,0,0,0
2026-10-04T14:04:09Z,currencyservice,cartservice,0,0,0,0,0,0,0
2026-10-04T14:04:09Z,currencyservice,checkoutservice,0,0,0,0,0,0,0
2026-10-04T14:04:09Z,currencyservice,currencyservice,0,0,0,0,0,0,0
2026-10-04T14:04:09Z,currencyservice,emailservice,0,0,0,0,0,0,0
2026-10-04T14:04:09Z,currencyservice,frontend,0,0,0,0,0,0,0
2026-10-04T14:04:09Z,currencyservice,kubernetes,0,0,0,0,0,0,0
2026-10-04T14:04:09Z,currencyservice,paymentservice,0,0,0,0,0,0,0
2026-10-04T14:04:09Z,currencyservice,productcatalogservice,0,0,0,0,0,0,0
2026-10-04T14:04:09Z,currencyservice,recommendationservice,0,0,0,0,0,0,0
2026-10-04T14:04:09Z,currencyservice,redis-cart,0,0,0,0,0,0,0
2026-10-04T14:04:09Z,currencyservice,shippingservice,0,0,0,0,0,0,0
2026-10-04T14:04:09Z,emailservice,adservice,0,0,0,0,0,0,0
2026-10-04T14:04:09Z,emailservice,cartservice,0,0,0,0,0,0,0
2026-10-04T14:04:09Z,emailservice,checkoutservice,0,0,0,0,0,0,0
2026-10-04T14:04:09Z,emailservice,currencyservice,0,0,0,0,0,0,0
2026-10-04T14:04:09Z,emailservice,emailservice,0,0,0,0,0,0,0
2026-10-04T14:04:09Z,emailservice,frontend,0,0,0,0,0,0,0
2026-10-04T14:04:09Z,emailservice,kubernetes,0,0,0,0,0,0,0
2026-10-04T14:04:09Z,emailservice,paymentservice,0,0,0,0,0,0,0
2026-10-04T14:04:09Z,emailservice,productcatalogservice,0,0,0,0,0,0,0
2026-10-04T14:04:09Z,emailservice,recommendationservice,0,0,0,0,0,0,0
2026-10-04T14:04:09Z,emailservice,redis-cart,0,0,0,0,0,0,0
2026-10-04T14:04:09Z,emailservice,shippingservice,0,0,0,0,0,0,0
2026-10-04T14:04:09Z,frontend,adservice,780977,780975,0,0,0,2351132,780713
2026-10-04T14:04:09Z,frontend,cartservice,1743202,1743190,0,0,4,9683288,1742694
2026-10-04T14:04:09Z,frontend,checkoutservice,358656,176025,0,34583,147856,56105586,175996
2026-10-04T14:04:09Z,frontend,currencyservice,2771739,2771723,0,0,0,14685091,2770940
2026-10-04T14:04:09Z,frontend,emailservice,0,0,0,0,0,0,0
2026-10-04T14:04:09Z,frontend,frontend,0,0,0,0,0,0,0
2026-10-04T14:04:09Z,frontend,kubernetes,0,0,0,0,0,0,0
2026-10-04T14:04:09Z,frontend,paymentservice,0,0,0,0,0,0,0
2026-10-04T14:04:09Z,frontend,productcatalogservice,7749731,7749638,0,0,0,52672967,7747173
2026-10-04T14:04:09Z,frontend,recommendationservice,2536707,1537434,0,104145,892890,770511519,1537011
2026-10-04T14:04:09Z,frontend,redis-cart,0,0,0,0,0,0,0
2026-10-04T14:04:09Z,frontend,shippingservice,286516,286514,0,0,0,865573,286414
2026-10-04T14:04:09Z,paymentservice,adservice,0,0,0,0,0,0,0
2026-10-04T14:04:09Z,paymentservice,cartservice,0,0,0,0,0,0,0
2026-10-04T14:04:09Z,paymentservice,checkoutservice,0,0,0,0,0,0,0
2026-10-04T14:04:09Z,paymentservice,currencyservice,0,0,0,0,0,0,0
2026-10-04T14:04:09Z,paymentservice,emailservice,0,0,0,0,0,0,0
2026-10-04T14:04:09Z,paymentservice,frontend,0,0,0,0,0,0,0
2026-10-04T14:04:09Z,paymentservice,kubernetes,0,0,0,0,0,0,0
2026-10-04T14:04:09Z,paymentservice,paymentservice,0,0,0,0,0,0,0
2026-10-04T14:04:09Z,paymentservice,productcatalogservice,0,0,0,0,0,0,0
2026-10-04T14:04:09Z,paymentservice,recommendationservice,0,0,0,0,0,0,0
2026-10-04T14:04:09Z,paymentservice,redis-cart,0,0,0,0,0,0,0
2026-10-04T14:04:09Z,paymentservice,shippingservice,0,0,0,0,0,0,0
2026-10-04T14:04:09Z,productcatalogservice,adservice,0,0,0,0,0,0,0
2026-10-04T14:04:09Z,productcatalogservice,cartservice,0,0,0,0,0,0,0
2026-10-04T14:04:09Z,productcatalogservice,checkoutservice,0,0,0,0,0,0,0
2026-10-04T14:04:09Z,productcatalogservice,currencyservice,0,0,0,0,0,0,0
2026-10-04T14:04:09Z,productcatalogservice,emailservice,0,0,0,0,0,0,0
2026-10-04T14:04:09Z,productcatalogservice,frontend,0,0,0,0,0,0,0
2026-10-04T14:04:09Z,productcatalogservice,kubernetes,0,0,0,0,0,0,0
2026-10-04T14:04:09Z,productcatalogservice,paymentservice,0,0,0,0,0,0,0
2026-10-04T14:04:09Z,productcatalogservice,productcatalogservice,0,0,0,0,0,0,0
2026-10-04T14:04:09Z,productcatalogservice,recommendationservice,0,0,0,0,0,0,0
2026-10-04T14:04:09Z,productcatalogservice,redis-cart,0,0,0,0,0,0,0
2026-10-04T14:04:09Z,productcatalogservice,shippingservice,0,0,0,0,0,0,0
2026-10-04T14:04:09Z,recommendationservice,adservice,0,0,0,0,0,0,0
2026-10-04T14:04:09Z,recommendationservice,cartservice,0,0,0,0,0,0,0
2026-10-04T14:04:09Z,recommendationservice,checkoutservice,0,0,0,0,0,0,0
2026-10-04T14:04:09Z,recommendationservice,currencyservice,0,0,0,0,0,0,0
2026-10-04T14:04:09Z,recommendationservice,emailservice,0,0,0,0,0,0,0
2026-10-04T14:04:09Z,recommendationservice,frontend,0,0,0,0,0,0,0
2026-10-04T14:04:09Z,recommendationservice,kubernetes,0,0,0,0,0,0,0
2026-10-04T14:04:09Z,recommendationservice,paymentservice,0,0,0,0,0,0,0
2026-10-04T14:04:09Z,recommendationservice,productcatalogservice,12571,12569,0,0,0,53343,10671
2026-10-04T14:04:09Z,recommendationservice,recommendationservice,0,0,0,0,0,0,0
2026-10-04T14:04:09Z,recommendationservice,redis-cart,0,0,0,0,0,0,0
2026-10-04T14:04:09Z,recommendationservice,shippingservice,0,0,0,0,0,0,0
2026-10-04T14:04:09Z,redis-cart,adservice,0,0,0,0,0,0,0
2026-10-04T14:04:09Z,redis-cart,cartservice,0,0,0,0,0,0,0
2026-10-04T14:04:09Z,redis-cart,checkoutservice,0,0,0,0,0,0,0
2026-10-04T14:04:09Z,redis-cart,currencyservice,0,0,0,0,0,0,0
2026-10-04T14:04:09Z,redis-cart,emailservice,0,0,0,0,0,0,0
2026-10-04T14:04:09Z,redis-cart,frontend,0,0,0,0,0,0,0
2026-10-04T14:04:09Z,redis-cart,kubernetes,0,0,0,0,0,0,0
2026-10-04T14:04:09Z,redis-cart,paymentservice,0,0,0,0,0,0,0
2026-10-04T14:04:09Z,redis-cart,productcatalogservice,0,0,0,0,0,0,0
2026-10-04T14:04:09Z,redis-cart,recommendationservice,0,0,0,0,0,0,0
2026-10-04T14:04:09Z,redis-cart,redis-cart,0,0,0,0,0,0,0
2026-10-04T14:04:09Z,redis-cart,shippingservice,0,0,0,0,0,0,0
2026-10-04T14:04:09Z,shippingservice,adservice,0,0,0,0,0,0,0
2026-10-04T14:04:09Z,shippingservice,cartservice,0,0,0,0,0,0,0
2026-10-04T14:04:09Z,shippingservice,checkoutservice,0,0,0,0,0,0,0
2026-10-04T14:04:09Z,shippingservice,currencyservice,0,0,0,0,0,0,0
2026-10-04T14:04:09Z,shippingservice,emailservice,0,0,0,0,0,0,0
2026-10-04T14:04:09Z,shippingservice,frontend,0,0,0,0,0,0,0
2026-10-04T14:04:09Z,shippingservice,kubernetes,0,0,0,0,0,0,0
2026-10-04T14:04:09Z,shippingservice,paymentservice,0,0,0,0,0,0,0
2026-10-04T14:04:09Z,shippingservice,productcatalogservice,0,0,0,0,0,0,0
2026-10-04T14:04:09Z,shippingservice,recommendationservice,0,0,0,0,0,0,0
2026-10-04T14:04:09Z,shippingservice,redis-cart,0,0,0,0,0,0,0
2026-10-04T14:04:09Z,shippingservice,shippingservice,0,0,0,0,0,0,0
2026-10-04T14:04:10Z,adservice,adservice,0,0,0,0,0,0,0
2026-10-04T14:04:10Z,adservice,cartservice,0,0,0,0,0,0,0
2026-10-04T14:04:10Z,adservice,checkoutservice,0,0,0,0,0,0,0
2026-10-04T14:04:10Z,adservice,currencyservice,0,0,0,0,0,0,0
2026-10-04T14:04:10Z,adservice,emailservice,0,0,0,0,0,0,0
2026-10-04T14:04:10Z,adservice,frontend,0,0,0,0,0,0,0
2026-10-04T14:04:10Z,adservice,kubernetes,0,0,0,0,0,0,0
2026-10-04T14:04:10Z,adservice,paymentservice,0,0,0,0,0,0,0
2026-10-04T14:04:10Z,adservice,productcatalogservice,0,0,0,0,0,0,0
2026-10-04T14:04:10Z,adservice,recommendationservice,0,0,0,0,0,0,0
2026-10-04T14:04:10Z,adservice,redis-cart,0,0,0,0,0,0,0
2026-10-04T14:04:10Z,adservice,shippingservice,0,0,0,0,0,0,0
2026-10-04T14:04:10Z,cartservice,adservice,0,0,0,0,0,0,0
2026-10-04T14:04:10Z,cartservice,cartservice,0,0,0,0,0,0,0
2026-10-04T14:04:10Z,cartservice,checkoutservice,0,0,0,0,0,0,0
2026-10-04T14:04:10Z,cartservice,currencyservice,0,0,0,0,0,0,0
2026-10-04T14:04:10Z,cartservice,emailservice,0,0,0,0,0,0,0
2026-10-04T14:04:10Z,cartservice,frontend,0,0,0,0,0,0,0
2026-10-04T14:04:10Z,cartservice,kubernetes,0,0,0,0,0,0,0
2026-10-04T14:04:10Z,cartservice,paymentservice,0,0,0,0,0,0,0
2026-10-04T14:04:10Z,cartservice,productcatalogservice,0,0,0,0,0,0,0
2026-10-04T14:04:10Z,cartservice,recommendationservice,0,0,0,0,0,0,0
2026-10-04T14:04:10Z,cartservice,redis-cart,2,0,0,0,0,0,0
2026-10-04T14:04:10Z,cartservice,shippingservice,0,0,0,0,0,0,0
2026-10-04T14:04:10Z,checkoutservice,adservice,0,0,0,0,0,0,0
2026-10-04T14:04:10Z,checkoutservice,cartservice,6557,6475,0,17,0,40436,5704
2026-10-04T14:04:10Z,checkoutservice,checkoutservice,0,0,0,0,0,0,0
2026-10-04T14:04:10Z,checkoutservice,currencyservice,3955,3951,0,0,0,25270,3222
2026-10-04T14:04:10Z,checkoutservice,emailservice,2311,2192,0,36,0,111200,2189
2026-10-04T14:04:10Z,checkoutservice,frontend,0,0,0,0,0,0,0
2026-10-04T14:04:10Z,checkoutservice,kubernetes,0,0,0,0,0,0,0
2026-10-04T14:04:10Z,checkoutservice,paymentservice,3844,3747,0,13,0,25988,3151
2026-10-04T14:04:10Z,checkoutservice,productcatalogservice,0,0,0,0,0,0,0
2026-10-04T14:04:10Z,checkoutservice,recommendationservice,0,0,0,0,0,0,0
2026-10-04T14:04:10Z,checkoutservice,redis-cart,0,0,0,0,0,0,0
2026-10-04T14:04:10Z,checkoutservice,shippingservice,7221,7078,0,9,0,30621,6084
2026-10-04T14:04:10Z,currencyservice,adservice,0,0,0,0,0,0,0
2026-10-04T14:04:10Z,currencyservice,cartservice,0,0,0,0,0,0,0
2026-10-04T14:04:10Z,currencyservice,checkoutservice,0,0,0,0,0,0,0
2026-10-04T14:04:10Z,currencyservice,currencyservice,0,0,0,0,0,0,0
2026-10-04T14:04:10Z,currencyservice,emailservice,0,0,0,0,0,0,0
2026-10-04T14:04:10Z,currencyservice,frontend,0,0,0,0,0,0,0
2026-10-04T14:04:10Z,currencyservice,kubernetes,0,0,0,0,0,0,0
2026-10-04T14:04:10Z,currencyservice,paymentservice,0,0,0,0,0,0,0
2026-10-04T14:04:10Z,currencyservice,productcatalogservice,0,0,0,0,0,0,0
2026-10-04T14:04:10Z,currencyservice,recommendationservice,0,0,0,0,0,0,0
2026-10-04T14:04:10Z,currencyservice,redis-cart,0,0,0,0,0,0,0
2026-10-04T14:04:10Z,currencyservice,shippingservice,0,0,0,0,0,0,0
2026-10-04T14:04:10Z,emailservice,adservice,0,0,0,0,0,0,0
2026-10-04T14:04:10Z,emailservice,cartservice,0,0,0,0,0,0,0
2026-10-04T14:04:10Z,emailservice,checkoutservice,0,0,0,0,0,0,0
2026-10-04T14:04:10Z,emailservice,currencyservice,0,0,0,0,0,0,0
2026-10-04T14:04:10Z,emailservice,emailservice,0,0,0,0,0,0,0
2026-10-04T14:04:10Z,emailservice,frontend,0,0,0,0,0,0,0
2026-10-04T14:04:10Z,emailservice,kubernetes,0,0,0,0,0,0,0
2026-10-04T14:04:10Z,emailservice,paymentservice,0,0,0,0,0,0,0
2026-10-04T14:04:10Z,emailservice,productcatalogservice,0,0,0,0,0,0,0
2026-10-04T14:04:10Z,emailservice,recommendationservice,0,0,0,0,0,0,0
2026-10-04T14:04:10Z,emailservice,redis-cart,0,0,0,0,0,0,0
2026-10-04T14:04:10Z,emailservice,shippingservice,0,0,0,0,0,0,0
2026-10-04T14:04:10Z,frontend,adservice,781270,781264,0,0,0,2351132,780713
2026-10-04T14:04:10Z,frontend,cartservice,1743694,1743674,0,0,4,9683288,1742694
2026-10-04T14:04:10Z,frontend,checkoutservice,358880,176046,0,34625,148010,56105586,175996
2026-10-04T14:04:10Z,frontend,currencyservice,2772525,2772518,0,0,0,14685091,2770940
2026-10-04T14:04:10Z,frontend,emailservice,0,0,0,0,0,0,0
2026-10-04T14:04:10Z,frontend,frontend,0,0,0,0,0,0,0
2026-10-04T14:04:10Z,frontend,kubernetes,0,0,0,0,0,0,0
2026-10-04T14:04:10Z,frontend,paymentservice,0,0,0,0,0,0,0
2026-10-04T14:04:10Z,frontend,productcatalogservice,7752452,7752370,0,0,0,52672967,7747173
2026-10-04T14:04:10Z,frontend,recommendationservice,2537156,1537898,0,104145,892890,770511519,1537011
2026-10-04T14:04:10Z,frontend,redis-cart,0,0,0,0,0,0,0
2026-10-04T14:04:10Z,frontend,shippingservice,286631,286629,0,0,0,865573,286414
2026-10-04T14:04:10Z,paymentservice,adservice,0,0,0,0,0,0,0
2026-10-04T14:04:10Z,paymentservice,cartservice,0,0,0,0,0,0,0
2026-10-04T14:04:10Z,paymentservice,checkoutservice,0,0,0,0,0,0,0
2026-10-04T14:04:10Z,paymentservice,currencyservice,0,0,0,0,0,0,0
2026-10-04T14:04:10Z,paymentservice,emailservice,0,0,0,0,0,0,0
2026-10-04T14:04:10Z,paymentservice,frontend,0,0,0,0,0,0,0
2026-10-04T14:04:10Z,paymentservice,kubernetes,0,0,0,0,0,0,0
2026-10-04T14:04:10Z,paymentservice,paymentservice,0,0,0,0,0,0,0
2026-10-04T14:04:10Z,paymentservice,productcatalogservice,0,0,0,0,0,0,0
2026-10-04T14:04:10Z,paymentservice,recommendationservice,0,0,0,0,0,0,0
2026-10-04T14:04:10Z,paymentservice,redis-cart,0,0,0,0,0,0,0
2026-10-04T14:04:10Z,paymentservice,shippingservice,0,0,0,0,0,0,0
2026-10-04T14:04:10Z,productcatalogservice,adservice,0,0,0,0,0,0,0
2026-10-04T14:04:10Z,productcatalogservice,cartservice,0,0,0,0,0,0,0
2026-10-04T14:04:10Z,productcatalogservice,checkoutservice,0,0,0,0,0,0,0
2026-10-04T14:04:10Z,productcatalogservice,currencyservice,0,0,0,0,0,0,0
2026-10-04T14:04:10Z,productcatalogservice,emailservice,0,0,0,0,0,0,0
2026-10-04T14:04:10Z,productcatalogservice,frontend,0,0,0,0,0,0,0
2026-10-04T14:04:10Z,productcatalogservice,kubernetes,0,0,0,0,0,0,0
2026-10-04T14:04:10Z,productcatalogservice,paymentservice,0,0,0,0,0,0,0
2026-10-04T14:04:10Z,productcatalogservice,productcatalogservice,0,0,0,0,0,0,0
2026-10-04T14:04:10Z,productcatalogservice,recommendationservice,0,0,0,0,0,0,0
2026-10-04T14:04:10Z,productcatalogservice,redis-cart,0,0,0,0,0,0,0
2026-10-04T14:04:10Z,productcatalogservice,shippingservice,0,0,0,0,0,0,0
2026-10-04T14:04:10Z,recommendationservice,adservice,0,0,0,0,0,0,0
2026-10-04T14:04:10Z,recommendationservice,cartservice,0,0,0,0,0,0,0
2026-10-04T14:04:10Z,recommendationservice,checkoutservice,0,0,0,0,0,0,0
2026-10-04T14:04:10Z,recommendationservice,currencyservice,0,0,0,0,0,0,0
2026-10-04T14:04:10Z,recommendationservice,emailservice,0,0,0,0,0,0,0
2026-10-04T14:04:10Z,recommendationservice,frontend,0,0,0,0,0,0,0
2026-10-04T14:04:10Z,recommendationservice,kubernetes,0,0,0,0,0,0,0
2026-10-04T14:04:10Z,recommendationservice,paymentservice,0,0,0,0,0,0,0
2026-10-04T14:04:10Z,recommendationservice,productcatalogservice,13014,13008,0,0,0,71202,12822
2026-10-04T14:04:10Z,recommendationservice,recommendationservice,0,0,0,0,0,0,0
2026-10-04T14:04:10Z,recommendationservice,redis-cart,0,0,0,0,0,0,0
2026-10-04T14:04:10Z,recommendationservice,shippingservice,0,0,0,0,0,0,0
2026-10-04T14:04:10Z,redis-cart,adservice,0,0,0,0,0,0,0
2026-10-04T14:04:10Z,redis-cart,cartservice,0,0,0,0,0,0,0
2026-10-04T14:04:10Z,redis-cart,checkoutservice,0,0,0,0,0,0,0
2026-10-04T14:04:10Z,redis-cart,currencyservice,0,0,0,0,0,0,0
2026-10-04T14:04:10Z,redis-cart,emailservice,0,0,0,0,0,0,0
2026-10-04T14:04:10Z,redis-cart,frontend,0,0,0,0,0,0,0
2026-10-04T14:04:10Z,redis-cart,kubernetes,0,0,0,0,0,0,0
2026-10-04T14:04:10Z,redis-cart,paymentservice,0,0,0,0,0,0,0
2026-10-04T14:04:10Z,redis-cart,productcatalogservice,0,0,0,0,0,0,0
2026-10-04T14:04:10Z,redis-cart,recommendationservice,0,0,0,0,0,0,0
2026-10-04T14:04:10Z,redis-cart,redis-cart,0,0,0,0,0,0,0
2026-10-04T14:04:10Z,redis-cart,shippingservice,0,0,0,0,0,0,0
2026-10-04T14:04:10Z,shippingservice,adservice,0,0,0,0,0,0,0
2026-10-04T14:04:10Z,shippingservice,cartservice,0,0,0,0,0,0,0
2026-10-04T14:04:10Z,shippingservice,checkoutservice,0,0,0,0,0,0,0
2026-10-04T14:04:10Z,shippingservice,currencyservice,0,0,0,0,0,0,0
2026-10-04T14:04:10Z,shippingservice,emailservice,0,0,0,0,0,0,0
2026-10-04T14:04:10Z,shippingservice,frontend,0,0,0,0,0,0,0
2026-10-04T14:04:10Z,shippingservice,kubernetes,0,0,0,0,0,0,0
2026-10-04T14:04:10Z,shippingservice,paymentservice,0,0,0,0,0,0,0
2026-10-04T14:04:10Z,shippingservice,productcatalogservice,0,0,0,0,0,0,0
2026-10-04T14:04:10Z,shippingservice,recommendationservice,0,0,0,0,0,0,0
2026-10-04T14:04:10Z,shippingservice,redis-cart,0,0,0,0,0,0,0
2026-10-04T14:04:10Z,shippingservice,shippingservice,0,0,0,0,0,0,0
2026-10-04T14:04:11Z,adservice,adservice,0,0,0,0,0,0,0
2026-10-04T14:04:11Z,adservice,cartservice,0,0,0,0,0,0,0
2026-10-04T14:04:11Z,adservice,checkoutservice,0,0,0,0,0,0,0
2026-10-04T14:04:11Z,adservice,currencyservice,0,0,0,0,0,0,0
2026-10-04T14:04:11Z,adservice,emailservice,0,0,0,0,0,0,0
2026-10-04T14:04:11Z,adservice,frontend,0,0,0,0,0,0,0
2026-10-04T14:04:11Z,adservice,kubernetes,0,0,0,0,0,0,0
2026-10-04T14:04:11Z,adservice,paymentservice,0,0,0,0,0,0,0
2026-10-04T14:04:11Z,adservice,productcatalogservice,0,0,0,0,0,0,0
2026-10-04T14:04:11Z,adservice,recommendationservice,0,0,0,0,0,0,0
2026-10-04T14:04:11Z,adservice,redis-cart,0,0,0,0,0,0,0
2026-10-04T14:04:11Z,adservice,shippingservice,0,0,0,0,0,0,0
2026-10-04T14:04:11Z,cartservice,adservice,0,0,0,0,0,0,0
2026-10-04T14:04:11Z,cartservice,cartservice,0,0,0,0,0,0,0
2026-10-04T14:04:11Z,cartservice,checkoutservice,0,0,0,0,0,0,0
2026-10-04T14:04:11Z,cartservice,currencyservice,0,0,0,0,0,0,0
2026-10-04T14:04:11Z,cartservice,emailservice,0,0,0,0,0,0,0
2026-10-04T14:04:11Z,cartservice,frontend,0,0,0,0,0,0,0
2026-10-04T14:04:11Z,cartservice,kubernetes,0,0,0,0,0,0,0
2026-10-04T14:04:11Z,cartservice,paymentservice,0,0,0,0,0,0,0
2026-10-04T14:04:11Z,cartservice,productcatalogservice,0,0,0,0,0,0,0
2026-10-04T14:04:11Z,cartservice,recommendationservice,0,0,0,0,0,0,0
2026-10-04T14:04:11Z,cartservice,redis-cart,2,0,0,0,0,0,0
2026-10-04T14:04:11Z,cartservice,shippingservice,0,0,0,0,0,0,0
2026-10-04T14:04:11Z,checkoutservice,adservice,0,0,0,0,0,0,0
2026-10-04T14:04:11Z,checkoutservice,cartservice,6818,6713,0,20,0,40436,5704
2026-10-04T14:04:11Z,checkoutservice,checkoutservice,0,0,0,0,0,0,0
2026-10-04T14:04:11Z,checkoutservice,currencyservice,4138,4138,0,0,0,25270,3222
2026-10-04T14:04:11Z,checkoutservice,emailservice,2320,2197,0,37,0,111200,2189
2026-10-04T14:04:11Z,checkoutservice,frontend,0,0,0,0,0,0,0
2026-10-04T14:04:11Z,checkoutservice,kubernetes,0,0,0,0,0,0,0
2026-10-04T14:04:11Z,checkoutservice,paymentservice,4013,3921,0,13,0,25988,3151
2026-10-04T14:04:11Z,checkoutservice,productcatalogservice,0,0,0,0,0,0,0
2026-10-04T14:04:11Z,checkoutservice,recommendationservice,0,0,0,0,0,0,0
2026-10-04T14:04:11Z,checkoutservice,redis-cart,0,0,0,0,0,0,0
2026-10-04T14:04:11Z,checkoutservice,shippingservice,7519,7366,0,10,0,30621,6084
2026-10-04T14:04:11Z,currencyservice,adservice,0,0,0,0,0,0,0
2026-10-04T14:04:11Z,currencyservice,cartservice,0,0,0,0,0,0,0
2026-10-04T14:04:11Z,currencyservice,checkoutservice,0,0,0,0,0,0,0
2026-10-04T14:04:11Z,currencyservice,currencyservice,0,0,0,0,0,0,0
2026-10-04T14:04:11Z,currencyservice,emailservice,0,0,0,0,0,0,0
2026-10-04T14:04:11Z,currencyservice,frontend,0,0,0,0,0,0,0
2026-10-04T14:04:11Z,currencyservice,kubernetes,0,0,0,0,0,0,0
2026-10-04T14:04:11Z,currencyservice,paymentservice,0,0,0,0,0,0,0
2026-10-04T14:04:11Z,currencyservice,productcatalogservice,0,0,0,0,0,0,0
2026-10-04T14:04:11Z,currencyservice,recommendationservice,0,0,0,0,0,0,0
2026-10-04T14:04:11Z,currencyservice,redis-cart,0,0,0,0,0,0,0
2026-10-04T14:04:11Z,currencyservice,shippingservice,0,0,0,0,0,0,0
2026-10-04T14:04:11Z,emailservice,adservice,0,0,0,0,0,0,0
2026-10-04T14:04:11Z,emailservice,cartservice,0,0,0,0,0,0,0
2026-10-04T14:04:11Z,emailservice,checkoutservice,0,0,0,0,0,0,0
2026-10-04T14:04:11Z,emailservice,currencyservice,0,0,0,0,0,0,0
2026-10-04T14:04:11Z,emailservice,emailservice,0,0,0,0,0,0,0
2026-10-04T14:04:11Z,emailservice,frontend,0,0,0,0,0,0,0
2026-10-04T14:04:11Z,emailservice,kubernetes,0,0,0,0,0,0,0
2026-10-04T14:04:11Z,emailservice,paymentservice,0,0,0,0,0,0,0
2026-10-04T14:04:11Z,emailservice,productcatalogservice,0,0,0,0,0,0,0
2026-10-04T14:04:11Z,emailservice,recommendationservice,0,0,0,0,0,0,0
2026-10-04T14:04:11Z,emailservice,redis-cart,0,0,0,0,0,0,0
2026-10-04T14:04:11Z,emailservice,shippingservice,0,0,0,0,0,0,0
2026-10-04T14:04:11Z,frontend,adservice,781535,781529,0,0,0,2351132,780713
2026-10-04T14:04:11Z,frontend,cartservice,1744158,1744138,0,0,4,9683288,1742694
2026-10-04T14:04:11Z,frontend,checkoutservice,359072,176072,0,34659,148150,56105586,175996
2026-10-04T14:04:11Z,frontend,currencyservice,2773257,2773245,0,0,0,14685091,2770940
2026-10-04T14:04:11Z,frontend,emailservice,0,0,0,0,0,0,0
2026-10-04T14:04:11Z,frontend,frontend,0,0,0,0,0,0,0
2026-10-04T14:04:11Z,frontend,kubernetes,0,0,0,0,0,0,0
2026-10-04T14:04:11Z,frontend,paymentservice,0,0,0,0,0,0,0
2026-10-04T14:04:11Z,frontend,productcatalogservice,7754932,7754832,0,0,0,52672967,7747173
2026-10-04T14:04:11Z,frontend,recommendationservice,2537582,1538323,0,104145,892890,770511519,1537011
2026-10-04T14:04:11Z,frontend,redis-cart,0,0,0,0,0,0,0
2026-10-04T14:04:11Z,frontend,shippingservice,286726,286724,0,0,0,865573,286414
2026-10-04T14:04:11Z,paymentservice,adservice,0,0,0,0,0,0,0
2026-10-04T14:04:11Z,paymentservice,cartservice,0,0,0,0,0,0,0
2026-10-04T14:04:11Z,paymentservice,checkoutservice,0,0,0,0,0,0,0
2026-10-04T14:04:11Z,paymentservice,currencyservice,0,0,0,0,0,0,0
2026-10-04T14:04:11Z,paymentservice,emailservice,0,0,0,0,0,0,0
2026-10-04T14:04:11Z,paymentservice,frontend,0,0,0,0,0,0,0
2026-10-04T14:04:11Z,paymentservice,kubernetes,0,0,0,0,0,0,0
2026-10-04T14:04:11Z,paymentservice,paymentservice,0,0,0,0,0,0,0
2026-10-04T14:04:11Z,paymentservice,productcatalogservice,0,0,0,0,0,0,0
2026-10-04T14:04:11Z,paymentservice,recommendationservice,0,0,0,0,0,0,0
2026-10-04T14:04:11Z,paymentservice,redis-cart,0,0,0,0,0,0,0
2026-10-04T14:04:11Z,paymentservice,shippingservice,0,0,0,0,0,0,0
2026-10-04T14:04:11Z,productcatalogservice,adservice,0,0,0,0,0,0,0
2026-10-04T14:04:11Z,productcatalogservice,cartservice,0,0,0,0,0,0,0
2026-10-04T14:04:11Z,productcatalogservice,checkoutservice,0,0,0,0,0,0,0
2026-10-04T14:04:11Z,productcatalogservice,currencyservice,0,0,0,0,0,0,0
2026-10-04T14:04:11Z,productcatalogservice,emailservice,0,0,0,0,0,0,0
2026-10-04T14:04:11Z,productcatalogservice,frontend,0,0,0,0,0,0,0
2026-10-04T14:04:11Z,productcatalogservice,kubernetes,0,0,0,0,0,0,0
2026-10-04T14:04:11Z,productcatalogservice,paymentservice,0,0,0,0,0,0,0
2026-10-04T14:04:11Z,productcatalogservice,productcatalogservice,0,0,0,0,0,0,0
2026-10-04T14:04:11Z,productcatalogservice,recommendationservice,0,0,0,0,0,0,0
2026-10-04T14:04:11Z,productcatalogservice,redis-cart,0,0,0,0,0,0,0
2026-10-04T14:04:11Z,productcatalogservice,shippingservice,0,0,0,0,0,0,0
2026-10-04T14:04:11Z,recommendationservice,adservice,0,0,0,0,0,0,0
2026-10-04T14:04:11Z,recommendationservice,cartservice,0,0,0,0,0,0,0
2026-10-04T14:04:11Z,recommendationservice,checkoutservice,0,0,0,0,0,0,0
2026-10-04T14:04:11Z,recommendationservice,currencyservice,0,0,0,0,0,0,0
2026-10-04T14:04:11Z,recommendationservice,emailservice,0,0,0,0,0,0,0
2026-10-04T14:04:11Z,recommendationservice,frontend,0,0,0,0,0,0,0
2026-10-04T14:04:11Z,recommendationservice,kubernetes,0,0,0,0,0,0,0
2026-10-04T14:04:11Z,recommendationservice,paymentservice,0,0,0,0,0,0,0
2026-10-04T14:04:11Z,recommendationservice,productcatalogservice,13437,13429,0,0,0,71202,12822
2026-10-04T14:04:11Z,recommendationservice,recommendationservice,0,0,0,0,0,0,0
2026-10-04T14:04:11Z,recommendationservice,redis-cart,0,0,0,0,0,0,0
2026-10-04T14:04:11Z,recommendationservice,shippingservice,0,0,0,0,0,0,0
2026-10-04T14:04:11Z,redis-cart,adservice,0,0,0,0,0,0,0
2026-10-04T14:04:11Z,redis-cart,cartservice,0,0,0,0,0,0,0
2026-10-04T14:04:11Z,redis-cart,checkoutservice,0,0,0,0,0,0,0
2026-10-04T14:04:11Z,redis-cart,currencyservice,0,0,0,0,0,0,0
2026-10-04T14:04:11Z,redis-cart,emailservice,0,0,0,0,0,0,0
2026-10-04T14:04:11Z,redis-cart,frontend,0,0,0,0,0,0,0
2026-10-04T14:04:11Z,redis-cart,kubernetes,0,0,0,0,0,0,0
2026-10-04T14:04:11Z,redis-cart,paymentservice,0,0,0,0,0,0,0
2026-10-04T14:04:11Z,redis-cart,productcatalogservice,0,0,0,0,0,0,0
2026-10-04T14:04:11Z,redis-cart,recommendationservice,0,0,0,0,0,0,0
2026-10-04T14:04:11Z,redis-cart,redis-cart,0,0,0,0,0,0,0
2026-10-04T14:04:11Z,redis-cart,shippingservice,0,0,0,0,0,0,0
2026-10-04T14:04:11Z,shippingservice,adservice,0,0,0,0,0,0,0
2026-10-04T14:04:11Z,shippingservice,cartservice,0,0,0,0,0,0,0
2026-10-04T14:04:11Z,shippingservice,checkoutservice,0,0,0,0,0,0,0
2026-10-04T14:04:11Z,shippingservice,currencyservice,0,0,0,0,0,0,0
2026-10-04T14:04:11Z,shippingservice,emailservice,0,0,0,0,0,0,0
2026-10-04T14:04:11Z,shippingservice,frontend,0,0,0,0,0,0,0
2026-10-04T14:04:11Z,shippingservice,kubernetes,0,0,0,0,0,0,0
2026-10-04T14:04:11Z,shippingservice,paymentservice,0,0,0,0,0,0,0
2026-10-04T14:04:11Z,shippingservice,productcatalogservice,0,0,0,0,0,0,0
2026-10-04T14:04:11Z,shippingservice,recommendationservice,0,0,0,0,0,0,0
2026-10-04T14:04:11Z,shippingservice,redis-cart,0,0,0,0,0,0,0
2026-10-04T14:04:11Z,shippingservice,shippingservice,0,0,0,0,0,0,0
2026-10-04T14:04:12Z,adservice,adservice,0,0,0,0,0,0,0
2026-10-04T14:04:12Z,adservice,cartservice,0,0,0,0,0,0,0
2026-10-04T14:04:12Z,adservice,checkoutservice,0,0,0,0,0,0,0
2026-10-04T14:04:12Z,adservice,currencyservice,0,0,0,0,0,0,0
2026-10-04T14:04:12Z,adservice,emailservice,0,0,0,0,0,0,0
2026-10-04T14:04:12Z,adservice,frontend,0,0,0,0,0,0,0
2026-10-04T14:04:12Z,adservice,kubernetes,0,0,0,0,0,0,0
2026-10-04T14:04:12Z,adservice,paymentservice,0,0,0,0,0,0,0
2026-10-04T14:04:12Z,adservice,productcatalogservice,0,0,0,0,0,0,0
2026-10-04T14:04:12Z,adservice,recommendationservice,0,0,0,0,0,0,0
2026-10-04T14:04:12Z,adservice,redis-cart,0,0,0,0,0,0,0
2026-10-04T14:04:12Z,adservice,shippingservice,0,0,0,0,0,0,0
2026-10-04T14:04:12Z,cartservice,adservice,0,0,0,0,0,0,0
2026-10-04T14:04:12Z,cartservice,cartservice,0,0,0,0,0,0,0
2026-10-04T14:04:12Z,cartservice,checkoutservice,0,0,0,0,0,0,0
2026-10-04T14:04:12Z,cartservice,currencyservice,0,0,0,0,0,0,0
2026-10-04T14:04:12Z,cartservice,emailservice,0,0,0,0,0,0,0
2026-10-04T14:04:12Z,cartservice,frontend,0,0,0,0,0,0,0
2026-10-04T14:04:12Z,cartservice,kubernetes,0,0,0,0,0,0,0
2026-10-04T14:04:12Z,cartservice,paymentservice,0,0,0,0,0,0,0
2026-10-04T14:04:12Z,cartservice,productcatalogservice,0,0,0,0,0,0,0
2026-10-04T14:04:12Z,cartservice,recommendationservice,0,0,0,0,0,0,0
2026-10-04T14:04:12Z,cartservice,redis-cart,2,0,0,0,0,0,0
2026-10-04T14:04:12Z,cartservice,shippingservice,0,0,0,0,0,0,0
2026-10-04T14:04:12Z,checkoutservice,adservice,0,0,0,0,0,0,0
2026-10-04T14:04:12Z,checkoutservice,cartservice,7045,6930,0,21,0,57764,6803
2026-10-04T14:04:12Z,checkoutservice,checkoutservice,0,0,0,0,0,0,0
2026-10-04T14:04:12Z,checkoutservice,currencyservice,4353,4343,0,0,0,43071,4238
2026-10-04T14:04:12Z,checkoutservice,emailservice,2322,2198,0,37,0,111350,2198
2026-10-04T14:04:12Z,checkoutservice,frontend,0,0,0,0,0,0,0
2026-10-04T14:04:12Z,checkoutservice,kubernetes,0,0,0,0,0,0,0
2026-10-04T14:04:12Z,checkoutservice,paymentservice,4201,4088,0,13,0,46871,4002
2026-10-04T14:04:12Z,checkoutservice,productcatalogservice,0,0,0,0,0,0,0
2026-10-04T14:04:12Z,checkoutservice,recommendationservice,0,0,0,0,0,0,0
2026-10-04T14:04:12Z,checkoutservice,redis-cart,0,0,0,0,0,0,0
2026-10-04T14:04:12Z,checkoutservice,shippingservice,7816,7651,0,10,0,47746,7502
2026-10-04T14:04:12Z,currencyservice,adservice,0,0,0,0,0,0,0
2026-10-04T14:04:12Z,currencyservice,cartservice,0,0,0,0,0,0,0
2026-10-04T14:04:12Z,currencyservice,checkoutservice,0,0,0,0,0,0,0
2026-10-04T14:04:12Z,currencyservice,currencyservice,0,0,0,0,0,0,0
2026-10-04T14:04:12Z,currencyservice,emailservice,0,0,0,0,0,0,0
2026-10-04T14:04:12Z,currencyservice,frontend,0,0,0,0,0,0,0
2026-10-04T14:04:12Z,currencyservice,kubernetes,0,0,0,0,0,0,0
2026-10-04T14:04:12Z,currencyservice,paymentservice,0,0,0,0,0,0,0
2026-10-04T14:04:12Z,currencyservice,productcatalogservice,0,0,0,0,0,0,0
2026-10-04T14:04:12Z,currencyservice,recommendationservice,0,0,0,0,0,0,0
2026-10-04T14:04:12Z,currencyservice,redis-cart,0,0,0,0,0,0,0
2026-10-04T14:04:12Z,currencyservice,shippingservice,0,0,0,0,0,0,0
2026-10-04T14:04:12Z,emailservice,adservice,0,0,0,0,0,0,0
2026-10-04T14:04:12Z,emailservice,cartservice,0,0,0,0,0,0,0
2026-10-04T14:04:12Z,emailservice,checkoutservice,0,0,0,0,0,0,0
2026-10-04T14:04:12Z,emailservice,currencyservice,0,0,0,0,0,0,0
2026-10-04T14:04:12Z,emailservice,emailservice,0,0,0,0,0,0,0
2026-10-04T14:04:12Z,emailservice,frontend,0,0,0,0,0,0,0
2026-10-04T14:04:12Z,emailservice,kubernetes,0,0,0,0,0,0,0
2026-10-04T14:04:12Z,emailservice,paymentservice,0,0,0,0,0,0,0
2026-10-04T14:04:12Z,emailservice,productcatalogservice,0,0,0,0,0,0,0
2026-10-04T14:04:12Z,emailservice,recommendationservice,0,0,0,0,0,0,0
2026-10-04T14:04:12Z,emailservice,redis-cart,0,0,0,0,0,0,0
2026-10-04T14:04:12Z,emailservice,shippingservice,0,0,0,0,0,0,0
2026-10-04T14:04:12Z,frontend,adservice,781810,781807,0,0,0,2351132,780713
2026-10-04T14:04:12Z,frontend,cartservice,1744604,1744586,0,0,4,9683288,1742694
2026-10-04T14:04:12Z,frontend,checkoutservice,359277,176105,0,34690,148287,56105586,175996
2026-10-04T14:04:12Z,frontend,currencyservice,2773978,2773963,0,0,0,14685091,2770940
2026-10-04T14:04:12Z,frontend,emailservice,0,0,0,0,0,0,0
2026-10-04T14:04:12Z,frontend,frontend,0,0,0,0,0,0,0
2026-10-04T14:04:12Z,frontend,kubernetes,0,0,0,0,0,0,0
2026-10-04T14:04:12Z,frontend,paymentservice,0,0,0,0,0,0,0
2026-10-04T14:04:12Z,frontend,productcatalogservice,7757451,7757368,0,0,0,52672967,7747173
2026-10-04T14:04:12Z,frontend,recommendationservice,2538003,1538752,0,104145,892890,770511519,1537011
2026-10-04T14:04:12Z,frontend,redis-cart,0,0,0,0,0,0,0
2026-10-04T14:04:12Z,frontend,shippingservice,286824,286817,0,0,0,865573,286414
2026-10-04T14:04:12Z,paymentservice,adservice,0,0,0,0,0,0,0
2026-10-04T14:04:12Z,paymentservice,cartservice,0,0,0,0,0,0,0
2026-10-04T14:04:12Z,paymentservice,checkoutservice,0,0,0,0,0,0,0
2026-10-04T14:04:12Z,paymentservice,currencyservice,0,0,0,0,0,0,0
2026-10-04T14:04:12Z,paymentservice,emailservice,0,0,0,0,0,0,0
2026-10-04T14:04:12Z,paymentservice,frontend,0,0,0,0,0,0,0
2026-10-04T14:04:12Z,paymentservice,kubernetes,0,0,0,0,0,0,0
2026-10-04T14:04:12Z,paymentservice,paymentservice,0,0,0,0,0,0,0
2026-10-04T14:04:12Z,paymentservice,productcatalogservice,0,0,0,0,0,0,0
2026-10-04T14:04:12Z,paymentservice,recommendationservice,0,0,0,0,0,0,0
2026-10-04T14:04:12Z,paymentservice,redis-cart,0,0,0,0,0,0,0
2026-10-04T14:04:12Z,paymentservice,shippingservice,0,0,0,0,0,0,0
2026-10-04T14:04:12Z,productcatalogservice,adservice,0,0,0,0,0,0,0
2026-10-04T14:04:12Z,productcatalogservice,cartservice,0,0,0,0,0,0,0
2026-10-04T14:04:12Z,productcatalogservice,checkoutservice,0,0,0,0,0,0,0
2026-10-04T14:04:12Z,productcatalogservice,currencyservice,0,0,0,0,0,0,0
2026-10-04T14:04:12Z,productcatalogservice,emailservice,0,0,0,0,0,0,0
2026-10-04T14:04:12Z,productcatalogservice,frontend,0,0,0,0,0,0,0
2026-10-04T14:04:12Z,productcatalogservice,kubernetes,0,0,0,0,0,0,0
2026-10-04T14:04:12Z,productcatalogservice,paymentservice,0,0,0,0,0,0,0
2026-10-04T14:04:12Z,productcatalogservice,productcatalogservice,0,0,0,0,0,0,0
2026-10-04T14:04:12Z,productcatalogservice,recommendationservice,0,0,0,0,0,0,0
2026-10-04T14:04:12Z,productcatalogservice,redis-cart,0,0,0,0,0,0,0
2026-10-04T14:04:12Z,productcatalogservice,shippingservice,0,0,0,0,0,0,0
2026-10-04T14:04:12Z,recommendationservice,adservice,0,0,0,0,0,0,0
2026-10-04T14:04:12Z,recommendationservice,cartservice,0,0,0,0,0,0,0
2026-10-04T14:04:12Z,recommendationservice,checkoutservice,0,0,0,0,0,0,0
2026-10-04T14:04:12Z,recommendationservice,currencyservice,0,0,0,0,0,0,0
2026-10-04T14:04:12Z,recommendationservice,emailservice,0,0,0,0,0,0,0
2026-10-04T14:04:12Z,recommendationservice,frontend,0,0,0,0,0,0,0
2026-10-04T14:04:12Z,recommendationservice,kubernetes,0,0,0,0,0,0,0
2026-10-04T14:04:12Z,recommendationservice,paymentservice,0,0,0,0,0,0,0
2026-10-04T14:04:12Z,recommendationservice,productcatalogservice,13885,13875,0,0,0,71202,12822
2026-10-04T14:04:12Z,recommendationservice,recommendationservice,0,0,0,0,0,0,0
2026-10-04T14:04:12Z,recommendationservice,redis-cart,0,0,0,0,0,0,0
2026-10-04T14:04:12Z,recommendationservice,shippingservice,0,0,0,0,0,0,0
2026-10-04T14:04:12Z,redis-cart,adservice,0,0,0,0,0,0,0
2026-10-04T14:04:12Z,redis-cart,cartservice,0,0,0,0,0,0,0
2026-10-04T14:04:12Z,redis-cart,checkoutservice,0,0,0,0,0,0,0
2026-10-04T14:04:12Z,redis-cart,currencyservice,0,0,0,0,0,0,0
2026-10-04T14:04:12Z,redis-cart,emailservice,0,0,0,0,0,0,0
2026-10-04T14:04:12Z,redis-cart,frontend,0,0,0,0,0,0,0
2026-10-04T14:04:12Z,redis-cart,kubernetes,0,0,0,0,0,0,0
2026-10-04T14:04:12Z,redis-cart,paymentservice,0,0,0,0,0,0,0
2026-10-04T14:04:12Z,redis-cart,productcatalogservice,0,0,0,0,0,0,0
2026-10-04T14:04:12Z,redis-cart,recommendationservice,0,0,0,0,0,0,0
2026-10-04T14:04:12Z,redis-cart,redis-cart,0,0,0,0,0,0,0
2026-10-04T14:04:12Z,redis-cart,shippingservice,0,0,0,0,0,0,0
2026-10-04T14:04:12Z,shippingservice,adservice,0,0,0,0,0,0,0
2026-10-04T14:04:12Z,shippingservice,cartservice,0,0,0,0,0,0,0
2026-10-04T14:04:12Z,shippingservice,checkoutservice,0,0,0,0,0,0,0
2026-10-04T14:04:12Z,shippingservice,currencyservice,0,0,0,0,0,0,0
2026-10-04T14:04:12Z,shippingservice,emailservice,0,0,0,0,0,0,0
2026-10-04T14:04:12Z,shippingservice,frontend,0,0,0,0,0,0,0
2026-10-04T14:04:12Z,shippingservice,kubernetes,0,0,0,0,0,0,0
2026-10-04T14:04:12Z,shippingservice,paymentservice,0,0,0,0,0,0,0
2026-10-04T14:04:12Z,shippingservice,productcatalogservice,0,0,0,0,0,0,0
2026-10-04T14:04:12Z,shippingservice,recommendationservice,0,0,0,0,0,0,0
2026-10-04T14:04:12Z,shippingservice,redis-cart,0,0,0,0,0,0,0
2026-10-04T14:04:12Z,shippingservice,shippingservice,0,0,0,0,0,0,0
2026-10-04T14:04:13Z,adservice,adservice,0,0,0,0,0,0,0
2026-10-04T14:04:13Z,adservice,cartservice,0,0,0,0,0,0,0
2026-10-04T14:04:13Z,adservice,checkoutservice,0,0,0,0,0,0,0
2026-10-04T14:04:13Z,adservice,currencyservice,0,0,0,0,0,0,0
2026-10-04T14:04:13Z,adservice,emailservice,0,0,0,0,0,0,0
2026-10-04T14:04:13Z,adservice,frontend,0,0,0,0,0,0,0
2026-10-04T14:04:13Z,adservice,kubernetes,0,0,0,0,0,0,0
2026-10-04T14:04:13Z,adservice,paymentservice,0,0,0,0,0,0,0
2026-10-04T14:04:13Z,adservice,productcatalogservice,0,0,0,0,0,0,0
2026-10-04T14:04:13Z,adservice,recommendationservice,0,0,0,0,0,0,0
2026-10-04T14:04:13Z,adservice,redis-cart,0,0,0,0,0,0,0
2026-10-04T14:04:13Z,adservice,shippingservice,0,0,0,0,0,0,0
2026-10-04T14:04:13Z,cartservice,adservice,0,0,0,0,0,0,0
2026-10-04T14:04:13Z,cartservice,cartservice,0,0,0,0,0,0,0
2026-10-04T14:04:13Z,cartservice,checkoutservice,0,0,0,0,0,0,0
2026-10-04T14:04:13Z,cartservice,currencyservice,0,0,0,0,0,0,0
2026-10-04T14:04:13Z,cartservice,emailservice,0,0,0,0,0,0,0
2026-10-04T14:04:13Z,cartservice,frontend,0,0,0,0,0,0,0
2026-10-04T14:04:13Z,cartservice,kubernetes,0,0,0,0,0,0,0
2026-10-04T14:04:13Z,cartservice,paymentservice,0,0,0,0,0,0,0
2026-10-04T14:04:13Z,cartservice,productcatalogservice,0,0,0,0,0,0,0
2026-10-04T14:04:13Z,cartservice,recommendationservice,0,0,0,0,0,0,0
2026-10-04T14:04:13Z,cartservice,redis-cart,2,0,0,0,0,0,0
2026-10-04T14:04:13Z,cartservice,shippingservice,0,0,0,0,0,0,0
2026-10-04T14:04:13Z,checkoutservice,adservice,0,0,0,0,0,0,0
2026-10-04T14:04:13Z,checkoutservice,cartservice,7276,7148,0,21,0,57764,6803
2026-10-04T14:04:13Z,checkoutservice,checkoutservice,0,0,0,0,0,0,0
2026-10-04T14:04:13Z,checkoutservice,currencyservice,4566,4563,0,0,0,43071,4238
2026-10-04T14:04:13Z,checkoutservice,emailservice,2322,2198,0,37,0,111350,2198
2026-10-04T14:04:13Z,checkoutservice,frontend,0,0,0,0,0,0,0
2026-10-04T14:04:13Z,checkoutservice,kubernetes,0,0,0,0,0,0,0
2026-10-04T14:04:13Z,checkoutservice,paymentservice,4416,4285,0,14,0,46871,4002
2026-10-04T14:04:13Z,checkoutservice,productcatalogservice,0,0,0,0,0,0,0
2026-10-04T14:04:13Z,checkoutservice,recommendationservice,0,0,0,0,0,0,0
2026-10-04T14:04:13Z,checkoutservice,redis-cart,0,0,0,0,0,0,0
2026-10-04T14:04:13Z,checkoutservice,shippingservice,8140,7957,0,11,0,47746,7502
2026-10-04T14:04:13Z,currencyservice,adservice,0,0,0,0,0,0,0
2026-10-04T14:04:13Z,currencyservice,cartservice,0,0,0,0,0,0,0
2026-10-04T14:04:13Z,currencyservice,checkoutservice,0,0,0,0,0,0,0
2026-10-04T14:04:13Z,currencyservice,currencyservice,0,0,0,0,0,0,0
2026-10-04T14:04:13Z,currencyservice,emailservice,0,0,0,0,0,0,0
2026-10-04T14:04:13Z,currencyservice,frontend,0,0,0,0,0,0,0
2026-10-04T14:04:13Z,currencyservice,kubernetes,0,0,0,0,0,0,0
2026-10-04T14:04:13Z,currencyservice,paymentservice,0,0,0,0,0,0,0
2026-10-04T14:04:13Z,currencyservice,productcatalogservice,0,0,0,0,0,0,0
2026-10-04T14:04:13Z,currencyservice,recommendationservice,0,0,0,0,0,0,0
2026-10-04T14:04:13Z,currencyservice,redis-cart,0,0,0,0,0,0,0
2026-10-04T14:04:13Z,currencyservice,shippingservice,0,0,0,0,0,0,0
2026-10-04T14:04:13Z,emailservice,adservice,0,0,0,0,0,0,0
2026-10-04T14:04:13Z,emailservice,cartservice,0,0,0,0,0,0,0
2026-10-04T14:04:13Z,emailservice,checkoutservice,0,0,0,0,0,0,0
2026-10-04T14:04:13Z,emailservice,currencyservice,0,0,0,0,0,0,0
2026-10-04T14:04:13Z,emailservice,emailservice,0,0,0,0,0,0,0
2026-10-04T14:04:13Z,emailservice,frontend,0,0,0,0,0,0,0
2026-10-04T14:04:13Z,emailservice,kubernetes,0,0,0,0,0,0,0
2026-10-04T14:04:13Z,emailservice,paymentservice,0,0,0,0,0,0,0
2026-10-04T14:04:13Z,emailservice,productcatalogservice,0,0,0,0,0,0,0
2026-10-04T14:04:13Z,emailservice,recommendationservice,0,0,0,0,0,0,0
2026-10-04T14:04:13Z,emailservice,redis-cart,0,0,0,0,0,0,0
2026-10-04T14:04:13Z,emailservice,shippingservice,0,0,0,0,0,0,0
2026-10-04T14:04:13Z,frontend,adservice,782079,782076,0,0,0,2354727,781755
2026-10-04T14:04:13Z,frontend,cartservice,1745072,1745058,0,0,4,9694674,1744485
2026-10-04T14:04:13Z,frontend,checkoutservice,359489,176130,0,34725,148437,56216991,176090
2026-10-04T14:04:13Z,frontend,currencyservice,2774728,2774720,0,0,0,14703017,2773789
2026-10-04T14:04:13Z,frontend,emailservice,0,0,0,0,0,0,0
2026-10-04T14:04:13Z,frontend,frontend,0,0,0,0,0,0,0
2026-10-04T14:04:13Z,frontend,kubernetes,0,0,0,0,0,0,0
2026-10-04T14:04:13Z,frontend,paymentservice,0,0,0,0,0,0,0
2026-10-04T14:04:13Z,frontend,productcatalogservice,7759968,7759891,0,0,0,52749595,7756721
2026-10-04T14:04:13Z,frontend,recommendationservice,2538446,1539192,0,104145,892890,770682237,1538639
2026-10-04T14:04:13Z,frontend,redis-cart,0,0,0,0,0,0,0
2026-10-04T14:04:13Z,frontend,shippingservice,286917,286915,0,0,0,867020,286787
2026-10-04T14:04:13Z,paymentservice,adservice,0,0,0,0,0,0,0
2026-10-04T14:04:13Z,paymentservice,cartservice,0,0,0,0,0,0,0
2026-10-04T14:04:13Z,paymentservice,checkoutservice,0,0,0,0,0,0,0
2026-10-04T14:04:13Z,paymentservice,currencyservice,0,0,0,0,0,0,0
2026-10-04T14:04:13Z,paymentservice,emailservice,0,0,0,0,0,0,0
2026-10-04T14:04:13Z,paymentservice,frontend,0,0,0,0,0,0,0
2026-10-04T14:04:13Z,paymentservice,kubernetes,0,0,0,0,0,0,0
2026-10-04T14:04:13Z,paymentservice,paymentservice,0,0,0,0,0,0,0
2026-10-04T14:04:13Z,paymentservice,productcatalogservice,0,0,0,0,0,0,0
2026-10-04T14:04:13Z,paymentservice,recommendationservice,0,0,0,0,0,0,0
2026-10-04T14:04:13Z,paymentservice,redis-cart,0,0,0,0,0,0,0
2026-10-04T14:04:13Z,paymentservice,shippingservice,0,0,0,0,0,0,0
2026-10-04T14:04:13Z,productcatalogservice,adservice,0,0,0,0,0,0,0
2026-10-04T14:04:13Z,productcatalogservice,cartservice,0,0,0,0,0,0,0
2026-10-04T14:04:13Z,productcatalogservice,checkoutservice,0,0,0,0,0,0,0
2026-10-04T14:04:13Z,productcatalogservice,currencyservice,0,0,0,0,0,0,0
2026-10-04T14:04:13Z,productcatalogservice,emailservice,0,0,0,0,0,0,0
2026-10-04T14:04:13Z,productcatalogservice,frontend,0,0,0,0,0,0,0
2026-10-04T14:04:13Z,productcatalogservice,kubernetes,0,0,0,0,0,0,0
2026-10-04T14:04:13Z,productcatalogservice,paymentservice,0,0,0,0,0,0,0
2026-10-04T14:04:13Z,productcatalogservice,productcatalogservice,0,0,0,0,0,0,0
2026-10-04T14:04:13Z,productcatalogservice,recommendationservice,0,0,0,0,0,0,0
2026-10-04T14:04:13Z,productcatalogservice,redis-cart,0,0,0,0,0,0,0
2026-10-04T14:04:13Z,productcatalogservice,shippingservice,0,0,0,0,0,0,0
2026-10-04T14:04:13Z,recommendationservice,adservice,0,0,0,0,0,0,0
2026-10-04T14:04:13Z,recommendationservice,cartservice,0,0,0,0,0,0,0
2026-10-04T14:04:13Z,recommendationservice,checkoutservice,0,0,0,0,0,0,0
2026-10-04T14:04:13Z,recommendationservice,currencyservice,0,0,0,0,0,0,0
2026-10-04T14:04:13Z,recommendationservice,emailservice,0,0,0,0,0,0,0
2026-10-04T14:04:13Z,recommendationservice,frontend,0,0,0,0,0,0,0
2026-10-04T14:04:13Z,recommendationservice,kubernetes,0,0,0,0,0,0,0
2026-10-04T14:04:13Z,recommendationservice,paymentservice,0,0,0,0,0,0,0
2026-10-04T14:04:13Z,recommendationservice,productcatalogservice,14308,14306,0,0,0,71202,12822
2026-10-04T14:04:13Z,recommendationservice,recommendationservice,0,0,0,0,0,0,0
2026-10-04T14:04:13Z,recommendationservice,redis-cart,0,0,0,0,0,0,0
2026-10-04T14:04:13Z,recommendationservice,shippingservice,0,0,0,0,0,0,0
2026-10-04T14:04:13Z,redis-cart,adservice,0,0,0,0,0,0,0
2026-10-04T14:04:13Z,redis-cart,cartservice,0,0,0,0,0,0,0
2026-10-04T14:04:13Z,redis-cart,checkoutservice,0,0,0,0,0,0,0
2026-10-04T14:04:13Z,redis-cart,currencyservice,0,0,0,0,0,0,0
2026-10-04T14:04:13Z,redis-cart,emailservice,0,0,0,0,0,0,0
2026-10-04T14:04:13Z,redis-cart,frontend,0,0,0,0,0,0,0
2026-10-04T14:04:13Z,redis-cart,kubernetes,0,0,0,0,0,0,0
2026-10-04T14:04:13Z,redis-cart,paymentservice,0,0,0,0,0,0,0
2026-10-04T14:04:13Z,redis-cart,productcatalogservice,0,0,0,0,0,0,0
2026-10-04T14:04:13Z,redis-cart,recommendationservice,0,0,0,0,0,0,0
2026-10-04T14:04:13Z,redis-cart,redis-cart,0,0,0,0,0,0,0
2026-10-04T14:04:13Z,redis-cart,shippingservice,0,0,0,0,0,0,0
2026-10-04T14:04:13Z,shippingservice,adservice,0,0,0,0,0,0,0
2026-10-04T14:04:13Z,shippingservice,cartservice,0,0,0,0,0,0,0
2026-10-04T14:04:13Z,shippingservice,checkoutservice,0,0,0,0,0,0,0
2026-10-04T14:04:13Z,shippingservice,currencyservice,0,0,0,0,0,0,0
2026-10-04T14:04:13Z,shippingservice,emailservice,0,0,0,0,0,0,0
2026-10-04T14:04:13Z,shippingservice,frontend,0,0,0,0,0,0,0
2026-10-04T14:04:13Z,shippingservice,kubernetes,0,0,0,0,0,0,0
2026-10-04T14:04:13Z,shippingservice,paymentservice,0,0,0,0,0,0,0
2026-10-04T14:04:13Z,shippingservice,productcatalogservice,0,0,0,0,0,0,0
2026-10-04T14:04:13Z,shippingservice,recommendationservice,0,0,0,0,0,0,0
2026-10-04T14:04:13Z,shippingservice,redis-cart,0,0,0,0,0,0,0
2026-10-04T14:04:13Z,shippingservice,shippingservice,0,0,0,0,0,0,0
2026-10-04T14:04:14Z,adservice,adservice,0,0,0,0,0,0,0
2026-10-04T14:04:14Z,adservice,cartservice,0,0,0,0,0,0,0
2026-10-04T14:04:14Z,adservice,checkoutservice,0,0,0,0,0,0,0
2026-10-04T14:04:14Z,adservice,currencyservice,0,0,0,0,0,0,0
2026-10-04T14:04:14Z,adservice,emailservice,0,0,0,0,0,0,0
2026-10-04T14:04:14Z,adservice,frontend,0,0,0,0,0,0,0
2026-10-04T14:04:14Z,adservice,kubernetes,0,0,0,0,0,0,0
2026-10-04T14:04:14Z,adservice,paymentservice,0,0,0,0,0,0,0
2026-10-04T14:04:14Z,adservice,productcatalogservice,0,0,0,0,0,0,0
2026-10-04T14:04:14Z,adservice,recommendationservice,0,0,0,0,0,0,0
2026-10-04T14:04:14Z,adservice,redis-cart,0,0,0,0,0,0,0
2026-10-04T14:04:14Z,adservice,shippingservice,0,0,0,0,0,0,0
2026-10-04T14:04:14Z,cartservice,adservice,0,0,0,0,0,0,0
2026-10-04T14:04:14Z,cartservice,cartservice,0,0,0,0,0,0,0
2026-10-04T14:04:14Z,cartservice,checkoutservice,0,0,0,0,0,0,0
2026-10-04T14:04:14Z,cartservice,currencyservice,0,0,0,0,0,0,0
2026-10-04T14:04:14Z,cartservice,emailservice,0,0,0,0,0,0,0
2026-10-04T14:04:14Z,cartservice,frontend,0,0,0,0,0,0,0
2026-10-04T14:04:14Z,cartservice,kubernetes,0,0,0,0,0,0,0
2026-10-04T14:04:14Z,cartservice,paymentservice,0,0,0,0,0,0,0
2026-10-04T14:04:14Z,cartservice,productcatalogservice,0,0,0,0,0,0,0
2026-10-04T14:04:14Z,cartservice,recommendationservice,0,0,0,0,0,0,0
2026-10-04T14:04:14Z,cartservice,redis-cart,2,0,0,0,0,0,0
2026-10-04T14:04:14Z,cartservice,shippingservice,0,0,0,0,0,0,0
2026-10-04T14:04:14Z,checkoutservice,adservice,0,0,0,0,0,0,0
2026-10-04T14:04:14Z,checkoutservice,cartservice,7498,7365,0,21,0,57764,6803
2026-10-04T14:04:14Z,checkoutservice,checkoutservice,0,0,0,0,0,0,0
2026-10-04T14:04:14Z,checkoutservice,currencyservice,4782,4773,0,0,0,43071,4238
2026-10-04T14:04:14Z,checkoutservice,emailservice,2323,2198,0,37,0,111350,2198
2026-10-04T14:04:14Z,checkoutservice,frontend,0,0,0,0,0,0,0
2026-10-04T14:04:14Z,checkoutservice,kubernetes,0,0,0,0,0,0,0
2026-10-04T14:04:14Z,checkoutservice,paymentservice,4613,4474,0,14,0,46871,4002
2026-10-04T14:04:14Z,checkoutservice,productcatalogservice,0,0,0,0,0,0,0
2026-10-04T14:04:14Z,checkoutservice,recommendationservice,0,0,0,0,0,0,0
2026-10-04T14:04:14Z,checkoutservice,redis-cart,0,0,0,0,0,0,0
2026-10-04T14:04:14Z,checkoutservice,shippingservice,8448,8244,0,13,0,47746,7502
2026-10-04T14:04:14Z,currencyservice,adservice,0,0,0,0,0,0,0
2026-10-04T14:04:14Z,currencyservice,cartservice,0,0,0,0,0,0,0
2026-10-04T14:04:14Z,currencyservice,checkoutservice,0,0,0,0,0,0,0
2026-10-04T14:04:14Z,currencyservice,currencyservice,0,0,0,0,0,0,0
2026-10-04T14:04:14Z,currencyservice,emailservice,0,0,0,0,0,0,0
2026-10-04T14:04:14Z,currencyservice,frontend,0,0,0,0,0,0,0
2026-10-04T14:04:14Z,currencyservice,kubernetes,0,0,0,0,0,0,0
2026-10-04T14:04:14Z,currencyservice,paymentservice,0,0,0,0,0,0,0
2026-10-04T14:04:14Z,currencyservice,productcatalogservice,0,0,0,0,0,0,0
2026-10-04T14:04:14Z,currencyservice,recommendationservice,0,0,0,0,0,0,0
2026-10-04T14:04:14Z,currencyservice,redis-cart,0,0,0,0,0,0,0
2026-10-04T14:04:14Z,currencyservice,shippingservice,0,0,0,0,0,0,0
2026-10-04T14:04:14Z,emailservice,adservice,0,0,0,0,0,0,0
2026-10-04T14:04:14Z,emailservice,cartservice,0,0,0,0,0,0,0
2026-10-04T14:04:14Z,emailservice,checkoutservice,0,0,0,0,0,0,0
2026-10-04T14:04:14Z,emailservice,currencyservice,0,0,0,0,0,0,0
2026-10-04T14:04:14Z,emailservice,emailservice,0,0,0,0,0,0,0
2026-10-04T14:04:14Z,emailservice,frontend,0,0,0,0,0,0,0
2026-10-04T14:04:14Z,emailservice,kubernetes,0,0,0,0,0,0,0
2026-10-04T14:04:14Z,emailservice,paymentservice,0,0,0,0,0,0,0
2026-10-04T14:04:14Z,emailservice,productcatalogservice,0,0,0,0,0,0,0
2026-10-04T14:04:14Z,emailservice,recommendationservice,0,0,0,0,0,0,0
2026-10-04T14:04:14Z,emailservice,redis-cart,0,0,0,0,0,0,0
2026-10-04T14:04:14Z,emailservice,shippingservice,0,0,0,0,0,0,0
2026-10-04T14:04:14Z,frontend,adservice,782339,782337,0,0,0,2355705,782106
2026-10-04T14:04:14Z,frontend,cartservice,1745528,1745509,0,0,4,9698723,1745073
2026-10-04T14:04:14Z,frontend,checkoutservice,359692,176153,0,34761,148578,56278516,176131
2026-10-04T14:04:14Z,frontend,currencyservice,2775437,2775424,0,0,0,14709197,2774747
2026-10-04T14:04:14Z,frontend,emailservice,0,0,0,0,0,0,0
2026-10-04T14:04:14Z,frontend,frontend,0,0,0,0,0,0,0
2026-10-04T14:04:14Z,frontend,kubernetes,0,0,0,0,0,0,0
2026-10-04T14:04:14Z,frontend,paymentservice,0,0,0,0,0,0,0
2026-10-04T14:04:14Z,frontend,productcatalogservice,7762422,7762330,0,0,0,52782895,7759999
2026-10-04T14:04:14Z,frontend,recommendationservice,2538864,1539611,0,104145,892890,770741097,1539203
2026-10-04T14:04:14Z,frontend,redis-cart,0,0,0,0,0,0,0
2026-10-04T14:04:14Z,frontend,shippingservice,287017,287015,0,0,0,867657,286911
2026-10-04T14:04:14Z,paymentservice,adservice,0,0,0,0,0,0,0
2026-10-04T14:04:14Z,paymentservice,cartservice,0,0,0,0,0,0,0
2026-10-04T14:04:14Z,paymentservice,checkoutservice,0,0,0,0,0,0,0
2026-10-04T14:04:14Z,paymentservice,currencyservice,0,0,0,0,0,0,0
2026-10-04T14:04:14Z,paymentservice,emailservice,0,0,0,0,0,0,0
2026-10-04T14:04:14Z,paymentservice,frontend,0,0,0,0,0,0,0
2026-10-04T14:04:14Z,paymentservice,kubernetes,0,0,0,0,0,0,0
2026-10-04T14:04:14Z,paymentservice,paymentservice,0,0,0,0,0,0,0
2026-10-04T14:04:14Z,paymentservice,productcatalogservice,0,0,0,0,0,0,0
2026-10-04T14:04:14Z,paymentservice,recommendationservice,0,0,0,0,0,0,0
2026-10-04T14:04:14Z,paymentservice,redis-cart,0,0,0,0,0,0,0
2026-10-04T14:04:14Z,paymentservice,shippingservice,0,0,0,0,0,0,0
2026-10-04T14:04:14Z,productcatalogservice,adservice,0,0,0,0,0,0,0
2026-10-04T14:04:14Z,productcatalogservice,cartservice,0,0,0,0,0,0,0
2026-10-04T14:04:14Z,productcatalogservice,checkoutservice,0,0,0,0,0,0,0
2026-10-04T14:04:14Z,productcatalogservice,currencyservice,0,0,0,0,0,0,0
2026-10-04T14:04:14Z,productcatalogservice,emailservice,0,0,0,0,0,0,0
2026-10-04T14:04:14Z,productcatalogservice,frontend,0,0,0,0,0,0,0
2026-10-04T14:04:14Z,productcatalogservice,kubernetes,0,0,0,0,0,0,0
2026-10-04T14:04:14Z,productcatalogservice,paymentservice,0,0,0,0,0,0,0
2026-10-04T14:04:14Z,productcatalogservice,productcatalogservice,0,0,0,0,0,0,0
2026-10-04T14:04:14Z,productcatalogservice,recommendationservice,0,0,0,0,0,0,0
2026-10-04T14:04:14Z,productcatalogservice,redis-cart,0,0,0,0,0,0,0
2026-10-04T14:04:14Z,productcatalogservice,shippingservice,0,0,0,0,0,0,0
2026-10-04T14:04:14Z,recommendationservice,adservice,0,0,0,0,0,0,0
2026-10-04T14:04:14Z,recommendationservice,cartservice,0,0,0,0,0,0,0
2026-10-04T14:04:14Z,recommendationservice,checkoutservice,0,0,0,0,0,0,0
2026-10-04T14:04:14Z,recommendationservice,currencyservice,0,0,0,0,0,0,0
2026-10-04T14:04:14Z,recommendationservice,emailservice,0,0,0,0,0,0,0
2026-10-04T14:04:14Z,recommendationservice,frontend,0,0,0,0,0,0,0
2026-10-04T14:04:14Z,recommendationservice,kubernetes,0,0,0,0,0,0,0
2026-10-04T14:04:14Z,recommendationservice,paymentservice,0,0,0,0,0,0,0
2026-10-04T14:04:14Z,recommendationservice,productcatalogservice,14763,14756,0,0,0,71202,12822
2026-10-04T14:04:14Z,recommendationservice,recommendationservice,0,0,0,0,0,0,0
2026-10-04T14:04:14Z,recommendationservice,redis-cart,0,0,0,0,0,0,0
2026-10-04T14:04:14Z,recommendationservice,shippingservice,0,0,0,0,0,0,0
2026-10-04T14:04:14Z,redis-cart,adservice,0,0,0,0,0,0,0
2026-10-04T14:04:14Z,redis-cart,cartservice,0,0,0,0,0,0,0
2026-10-04T14:04:14Z,redis-cart,checkoutservice,0,0,0,0,0,0,0
2026-10-04T14:04:14Z,redis-cart,currencyservice,0,0,0,0,0,0,0
2026-10-04T14:04:14Z,redis-cart,emailservice,0,0,0,0,0,0,0
2026-10-04T14:04:14Z,redis-cart,frontend,0,0,0,0,0,0,0
2026-10-04T14:04:14Z,redis-cart,kubernetes,0,0,0,0,0,0,0
2026-10-04T14:04:14Z,redis-cart,paymentservice,0,0,0,0,0,0,0
2026-10-04T14:04:14Z,redis-cart,productcatalogservice,0,0,0,0,0,0,0
2026-10-04T14:04:14Z,redis-cart,recommendationservice,0,0,0,0,0,0,0
2026-10-04T14:04:14Z,redis-cart,redis-cart,0,0,0,0,0,0,0
2026-10-04T14:04:14Z,redis-cart,shippingservice,0,0,0,0,0,0,0
2026-10-04T14:04:14Z,shippingservice,adservice,0,0,0,0,0,0,0
2026-10-04T14:04:14Z,shippingservice,cartservice,0,0,0,0,0,0,0
2026-10-04T14:04:14Z,shippingservice,checkoutservice,0,0,0,0,0,0,0
2026-10-04T14:04:14Z,shippingservice,currencyservice,0,0,0,0,0,0,0
2026-10-04T14:04:14Z,shippingservice,emailservice,0,0,0,0,0,0,0
2026-10-04T14:04:14Z,shippingservice,frontend,0,0,0,0,0,0,0
2026-10-04T14:04:14Z,shippingservice,kubernetes,0,0,0,0,0,0,0
2026-10-04T14:04:14Z,shippingservice,paymentservice,0,0,0,0,0,0,0
2026-10-04T14:04:14Z,shippingservice,productcatalogservice,0,0,0,0,0,0,0
2026-10-04T14:04:14Z,shippingservice,recommendationservice,0,0,0,0,0,0,0
2026-10-04T14:04:14Z,shippingservice,redis-cart,0,0,0,0,0,0,0
2026-10-04T14:04:14Z,shippingservice,shippingservice,0,0,0,0,0,0,0
2026-10-04T14:04:15Z,adservice,adservice,0,0,0,0,0,0,0
2026-10-04T14:04:15Z,adservice,cartservice,0,0,0,0,0,0,0
2026-10-04T14:04:15Z,adservice,checkoutservice,0,0,0,0,0,0,0
2026-10-04T14:04:15Z,adservice,currencyservice,0,0,0,0,0,0,0
2026-10-04T14:04:15Z,adservice,emailservice,0,0,0,0,0,0,0
2026-10-04T14:04:15Z,adservice,frontend,0,0,0,0,0,0,0
2026-10-04T14:04:15Z,adservice,kubernetes,0,0,0,0,0,0,0
2026-10-04T14:04:15Z,adservice,paymentservice,0,0,0,0,0,0,0
2026-10-04T14:04:15Z,adservice,productcatalogservice,0,0,0,0,0,0,0
2026-10-04T14:04:15Z,adservice,recommendationservice,0,0,0,0,0,0,0
2026-10-04T14:04:15Z,adservice,redis-cart,0,0,0,0,0,0,0
2026-10-04T14:04:15Z,adservice,shippingservice,0,0,0,0,0,0,0
2026-10-04T14:04:15Z,cartservice,adservice,0,0,0,0,0,0,0
2026-10-04T14:04:15Z,cartservice,cartservice,0,0,0,0,0,0,0
2026-10-04T14:04:15Z,cartservice,checkoutservice,0,0,0,0,0,0,0
2026-10-04T14:04:15Z,cartservice,currencyservice,0,0,0,0,0,0,0
2026-10-04T14:04:15Z,cartservice,emailservice,0,0,0,0,0,0,0
2026-10-04T14:04:15Z,cartservice,frontend,0,0,0,0,0,0,0
2026-10-04T14:04:15Z,cartservice,kubernetes,0,0,0,0,0,0,0
2026-10-04T14:04:15Z,cartservice,paymentservice,0,0,0,0,0,0,0
2026-10-04T14:04:15Z,cartservice,productcatalogservice,0,0,0,0,0,0,0
2026-10-04T14:04:15Z,cartservice,recommendationservice,0,0,0,0,0,0,0
2026-10-04T14:04:15Z,cartservice,redis-cart,2,0,0,0,0,0,0
2026-10-04T14:04:15Z,cartservice,shippingservice,0,0,0,0,0,0,0
2026-10-04T14:04:15Z,checkoutservice,adservice,0,0,0,0,0,0,0
2026-10-04T14:04:15Z,checkoutservice,cartservice,7713,7572,0,22,0,57764,6803
2026-10-04T14:04:15Z,checkoutservice,checkoutservice,0,0,0,0,0,0,0
2026-10-04T14:04:15Z,checkoutservice,currencyservice,4974,4949,0,0,0,43071,4238
2026-10-04T14:04:15Z,checkoutservice,emailservice,2323,2198,0,37,0,111350,2198
2026-10-04T14:04:15Z,checkoutservice,frontend,0,0,0,0,0,0,0
2026-10-04T14:04:15Z,checkoutservice,kubernetes,0,0,0,0,0,0,0
2026-10-04T14:04:15Z,checkoutservice,paymentservice,4767,4628,0,14,0,46871,4002
2026-10-04T14:04:15Z,checkoutservice,productcatalogservice,0,0,0,0,0,0,0
2026-10-04T14:04:15Z,checkoutservice,recommendationservice,0,0,0,0,0,0,0
2026-10-04T14:04:15Z,checkoutservice,redis-cart,0,0,0,0,0,0,0
2026-10-04T14:04:15Z,checkoutservice,shippingservice,8699,8500,0,13,0,47746,7502
2026-10-04T14:04:15Z,currencyservice,adservice,0,0,0,0,0,0,0
2026-10-04T14:04:15Z,currencyservice,cartservice,0,0,0,0,0,0,0
2026-10-04T14:04:15Z,currencyservice,checkoutservice,0,0,0,0,0,0,0
2026-10-04T14:04:15Z,currencyservice,currencyservice,0,0,0,0,0,0,0
2026-10-04T14:04:15Z,currencyservice,emailservice,0,0,0,0,0,0,0
2026-10-04T14:04:15Z,currencyservice,frontend,0,0,0,0,0,0,0
2026-10-04T14:04:15Z,currencyservice,kubernetes,0,0,0,0,0,0,0
2026-10-04T14:04:15Z,currencyservice,paymentservice,0,0,0,0,0,0,0
2026-10-04T14:04:15Z,currencyservice,productcatalogservice,0,0,0,0,0,0,0
2026-10-04T14:04:15Z,currencyservice,recommendationservice,0,0,0,0,0,0,0
2026-10-04T14:04:15Z,currencyservice,redis-cart,0,0,0,0,0,0,0
2026-10-04T14:04:15Z,currencyservice,shippingservice,0,0,0,0,0,0,0
2026-10-04T14:04:15Z,emailservice,adservice,0,0,0,0,0,0,0
2026-10-04T14:04:15Z,emailservice,cartservice,0,0,0,0,0,0,0
2026-10-04T14:04:15Z,emailservice,checkoutservice,0,0,0,0,0,0,0
2026-10-04T14:04:15Z,emailservice,currencyservice,0,0,0,0,0,0,0
2026-10-04T14:04:15Z,emailservice,emailservice,0,0,0,0,0,0,0
2026-10-04T14:04:15Z,emailservice,frontend,0,0,0,0,0,0,0
2026-10-04T14:04:15Z,emailservice,kubernetes,0,0,0,0,0,0,0
2026-10-04T14:04:15Z,emailservice,paymentservice,0,0,0,0,0,0,0
2026-10-04T14:04:15Z,emailservice,productcatalogservice,0,0,0,0,0,0,0
2026-10-04T14:04:15Z,emailservice,recommendationservice,0,0,0,0,0,0,0
2026-10-04T14:04:15Z,emailservice,redis-cart,0,0,0,0,0,0,0
2026-10-04T14:04:15Z,emailservice,shippingservice,0,0,0,0,0,0,0
2026-10-04T14:04:15Z,frontend,adservice,782615,782613,0,0,0,2355705,782106
2026-10-04T14:04:15Z,frontend,cartservice,1746012,1745994,0,0,4,9698723,1745073
2026-10-04T14:04:15Z,frontend,checkoutservice,359909,176181,0,34801,148731,56278516,176131
2026-10-04T14:04:15Z,frontend,currencyservice,2776221,2776202,0,0,0,14709197,2774747
2026-10-04T14:04:15Z,frontend,emailservice,0,0,0,0,0,0,0
2026-10-04T14:04:15Z,frontend,frontend,0,0,0,0,0,0,0
2026-10-04T14:04:15Z,frontend,kubernetes,0,0,0,0,0,0,0
2026-10-04T14:04:15Z,frontend,paymentservice,0,0,0,0,0,0,0
2026-10-04T14:04:15Z,frontend,productcatalogservice,7764970,7764884,0,0,0,52782895,7759999
2026-10-04T14:04:15Z,frontend,recommendationservice,2539316,1540039,0,104145,892890,770741097,1539203
2026-10-04T14:04:15Z,frontend,redis-cart,0,0,0,0,0,0,0
2026-10-04T14:04:15Z,frontend,shippingservice,287117,287115,0,0,0,867657,286911
2026-10-04T14:04:15Z,paymentservice,adservice,0,0,0,0,0,0,0
2026-10-04T14:04:15Z,paymentservice,cartservice,0,0,0,0,0,0,0
2026-10-04T14:04:15Z,paymentservice,checkoutservice,0,0,0,0,0,0,0
2026-10-04T14:04:15Z,paymentservice,currencyservice,0,0,0,0,0,0,0
2026-10-04T14:04:15Z,paymentservice,emailservice,0,0,0,0,0,0,0
2026-10-04T14:04:15Z,paymentservice,frontend,0,0,0,0,0,0,0
2026-10-04T14:04:15Z,paymentservice,kubernetes,0,0,0,0,0,0,0
2026-10-04T14:04:15Z,paymentservice,paymentservice,0,0,0,0,0,0,0
2026-10-04T14:04:15Z,paymentservice,productcatalogservice,0,0,0,0,0,0,0
2026-10-04T14:04:15Z,paymentservice,recommendationservice,0,0,0,0,0,0,0
2026-10-04T14:04:15Z,paymentservice,redis-cart,0,0,0,0,0,0,0
2026-10-04T14:04:15Z,paymentservice,shippingservice,0,0,0,0,0,0,0
2026-10-04T14:04:15Z,productcatalogservice,adservice,0,0,0,0,0,0,0
2026-10-04T14:04:15Z,productcatalogservice,cartservice,0,0,0,0,0,0,0
2026-10-04T14:04:15Z,productcatalogservice,checkoutservice,0,0,0,0,0,0,0
2026-10-04T14:04:15Z,productcatalogservice,currencyservice,0,0,0,0,0,0,0
2026-10-04T14:04:15Z,productcatalogservice,emailservice,0,0,0,0,0,0,0
2026-10-04T14:04:15Z,productcatalogservice,frontend,0,0,0,0,0,0,0
2026-10-04T14:04:15Z,productcatalogservice,kubernetes,0,0,0,0,0,0,0
2026-10-04T14:04:15Z,productcatalogservice,paymentservice,0,0,0,0,0,0,0
2026-10-04T14:04:15Z,productcatalogservice,productcatalogservice,0,0,0,0,0,0,0
2026-10-04T14:04:15Z,productcatalogservice,recommendationservice,0,0,0,0,0,0,0
2026-10-04T14:04:15Z,productcatalogservice,redis-cart,0,0,0,0,0,0,0
2026-10-04T14:04:15Z,productcatalogservice,shippingservice,0,0,0,0,0,0,0
2026-10-04T14:04:15Z,recommendationservice,adservice,0,0,0,0,0,0,0
2026-10-04T14:04:15Z,recommendationservice,cartservice,0,0,0,0,0,0,0
2026-10-04T14:04:15Z,recommendationservice,checkoutservice,0,0,0,0,0,0,0
2026-10-04T14:04:15Z,recommendationservice,currencyservice,0,0,0,0,0,0,0
2026-10-04T14:04:15Z,recommendationservice,emailservice,0,0,0,0,0,0,0
2026-10-04T14:04:15Z,recommendationservice,frontend,0,0,0,0,0,0,0
2026-10-04T14:04:15Z,recommendationservice,kubernetes,0,0,0,0,0,0,0
2026-10-04T14:04:15Z,recommendationservice,paymentservice,0,0,0,0,0,0,0
2026-10-04T14:04:15Z,recommendationservice,productcatalogservice,15190,15180,0,0,0,91241,15016
2026-10-04T14:04:15Z,recommendationservice,recommendationservice,0,0,0,0,0,0,0
2026-10-04T14:04:15Z,recommendationservice,redis-cart,0,0,0,0,0,0,0
2026-10-04T14:04:15Z,recommendationservice,shippingservice,0,0,0,0,0,0,0
2026-10-04T14:04:15Z,redis-cart,adservice,0,0,0,0,0,0,0
2026-10-04T14:04:15Z,redis-cart,cartservice,0,0,0,0,0,0,0
2026-10-04T14:04:15Z,redis-cart,checkoutservice,0,0,0,0,0,0,0
2026-10-04T14:04:15Z,redis-cart,currencyservice,0,0,0,0,0,0,0
2026-10-04T14:04:15Z,redis-cart,emailservice,0,0,0,0,0,0,0
2026-10-04T14:04:15Z,redis-cart,frontend,0,0,0,0,0,0,0
2026-10-04T14:04:15Z,redis-cart,kubernetes,0,0,0,0,0,0,0
2026-10-04T14:04:15Z,redis-cart,paymentservice,0,0,0,0,0,0,0
2026-10-04T14:04:15Z,redis-cart,productcatalogservice,0,0,0,0,0,0,0
2026-10-04T14:04:15Z,redis-cart,recommendationservice,0,0,0,0,0,0,0
2026-10-04T14:04:15Z,redis-cart,redis-cart,0,0,0,0,0,0,0
2026-10-04T14:04:15Z,redis-cart,shippingservice,0,0,0,0,0,0,0
2026-10-04T14:04:15Z,shippingservice,adservice,0,0,0,0,0,0,0
2026-10-04T14:04:15Z,shippingservice,cartservice,0,0,0,0,0,0,0
2026-10-04T14:04:15Z,shippingservice,checkoutservice,0,0,0,0,0,0,0
2026-10-04T14:04:15Z,shippingservice,currencyservice,0,0,0,0,0,0,0
2026-10-04T14:04:15Z,shippingservice,emailservice,0,0,0,0,0,0,0
2026-10-04T14:04:15Z,shippingservice,frontend,0,0,0,0,0,0,0
2026-10-04T14:04:15Z,shippingservice,kubernetes,0,0,0,0,0,0,0
2026-10-04T14:04:15Z,shippingservice,paymentservice,0,0,0,0,0,0,0
2026-10-04T14:04:15Z,shippingservice,productcatalogservice,0,0,0,0,0,0,0
2026-10-04T14:04:15Z,shippingservice,recommendationservice,0,0,0,0,0,0,0
2026-10-04T14:04:15Z,shippingservice,redis-cart,0,0,0,0,0,0,0
2026-10-04T14:04:15Z,shippingservice,shippingservice,0,0,0,0,0,0,0
2026-10-04T14:04:16Z,adservice,adservice,0,0,0,0,0,0,0
2026-10-04T14:04:16Z,adservice,cartservice,0,0,0,0,0,0,0
2026-10-04T14:04:16Z,adservice,checkoutservice,0,0,0,0,0,0,0
2026-10-04T14:04:16Z,adservice,currencyservice,0,0,0,0,0,0,0
2026-10-04T14:04:16Z,adservice,emailservice,0,0,0,0,0,0,0
2026-10-04T14:04:16Z,adservice,frontend,0,0,0,0,0,0,0
2026-10-04T14:04:16Z,adservice,kubernetes,0,0,0,0,0,0,0
2026-10-04T14:04:16Z,adservice,paymentservice,0,0,0,0,0,0,0
2026-10-04T14:04:16Z,adservice,productcatalogservice,0,0,0,0,0,0,0
2026-10-04T14:04:16Z,adservice,recommendationservice,0,0,0,0,0,0,0
2026-10-04T14:04:16Z,adservice,redis-cart,0,0,0,0,0,0,0
2026-10-04T14:04:16Z,adservice,shippingservice,0,0,0,0,0,0,0
2026-10-04T14:04:16Z,cartservice,adservice,0,0,0,0,0,0,0
2026-10-04T14:04:16Z,cartservice,cartservice,0,0,0,0,0,0,0
2026-10-04T14:04:16Z,cartservice,checkoutservice,0,0,0,0,0,0,0
2026-10-04T14:04:16Z,cartservice,currencyservice,0,0,0,0,0,0,0
2026-10-04T14:04:16Z,cartservice,emailservice,0,0,0,0,0,0,0
2026-10-04T14:04:16Z,cartservice,frontend,0,0,0,0,0,0,0
2026-10-04T14:04:16Z,cartservice,kubernetes,0,0,0,0,0,0,0
2026-10-04T14:04:16Z,cartservice,paymentservice,0,0,0,0,0,0,0
2026-10-04T14:04:16Z,cartservice,productcatalogservice,0,0,0,0,0,0,0
2026-10-04T14:04:16Z,cartservice,recommendationservice,0,0,0,0,0,0,0
2026-10-04T14:04:16Z,cartservice,redis-cart,2,0,0,0,0,0,0
2026-10-04T14:04:16Z,cartservice,shippingservice,0,0,0,0,0,0,0
2026-10-04T14:04:16Z,checkoutservice,adservice,0,0,0,0,0,0,0
2026-10-04T14:04:16Z,checkoutservice,cartservice,7928,7799,0,22,0,57764,6803
2026-10-04T14:04:16Z,checkoutservice,checkoutservice,0,0,0,0,0,0,0
2026-10-04T14:04:16Z,checkoutservice,currencyservice,5185,5185,0,0,0,43071,4238
2026-10-04T14:04:16Z,checkoutservice,emailservice,2323,2198,0,37,0,111350,2198
2026-10-04T14:04:16Z,checkoutservice,frontend,0,0,0,0,0,0,0
2026-10-04T14:04:16Z,checkoutservice,kubernetes,0,0,0,0,0,0,0
2026-10-04T14:04:16Z,checkoutservice,paymentservice,4925,4771,0,14,0,46871,4002
2026-10-04T14:04:16Z,checkoutservice,productcatalogservice,0,0,0,0,0,0,0
2026-10-04T14:04:16Z,checkoutservice,recommendationservice,0,0,0,0,0,0,0
2026-10-04T14:04:16Z,checkoutservice,redis-cart,0,0,0,0,0,0,0
2026-10-04T14:04:16Z,checkoutservice,shippingservice,8977,8765,0,14,0,47746,7502
2026-10-04T14:04:16Z,currencyservice,adservice,0,0,0,0,0,0,0
2026-10-04T14:04:16Z,currencyservice,cartservice,0,0,0,0,0,0,0
2026-10-04T14:04:16Z,currencyservice,checkoutservice,0,0,0,0,0,0,0
2026-10-04T14:04:16Z,currencyservice,currencyservice,0,0,0,0,0,0,0
2026-10-04T14:04:16Z,currencyservice,emailservice,0,0,0,0,0,0,0
2026-10-04T14:04:16Z,currencyservice,frontend,0,0,0,0,0,0,0
2026-10-04T14:04:16Z,currencyservice,kubernetes,0,0,0,0,0,0,0
2026-10-04T14:04:16Z,currencyservice,paymentservice,0,0,0,0,0,0,0
2026-10-04T14:04:16Z,currencyservice,productcatalogservice,0,0,0,0,0,0,0
2026-10-04T14:04:16Z,currencyservice,recommendationservice,0,0,0,0,0,0,0
2026-10-04T14:04:16Z,currencyservice,redis-cart,0,0,0,0,0,0,0
2026-10-04T14:04:16Z,currencyservice,shippingservice,0,0,0,0,0,0,0
2026-10-04T14:04:16Z,emailservice,adservice,0,0,0,0,0,0,0
2026-10-04T14:04:16Z,emailservice,cartservice,0,0,0,0,0,0,0
2026-10-04T14:04:16Z,emailservice,checkoutservice,0,0,0,0,0,0,0
2026-10-04T14:04:16Z,emailservice,currencyservice,0,0,0,0,0,0,0
2026-10-04T14:04:16Z,emailservice,emailservice,0,0,0,0,0,0,0
2026-10-04T14:04:16Z,emailservice,frontend,0,0,0,0,0,0,0
2026-10-04T14:04:16Z,emailservice,kubernetes,0,0,0,0,0,0,0
2026-10-04T14:04:16Z,emailservice,paymentservice,0,0,0,0,0,0,0
2026-10-04T14:04:16Z,emailservice,productcatalogservice,0,0,0,0,0,0,0
2026-10-04T14:04:16Z,emailservice,recommendationservice,0,0,0,0,0,0,0
2026-10-04T14:04:16Z,emailservice,redis-cart,0,0,0,0,0,0,0
2026-10-04T14:04:16Z,emailservice,shippingservice,0,0,0,0,0,0,0
2026-10-04T14:04:16Z,frontend,adservice,782890,782888,0,0,0,2355705,782106
2026-10-04T14:04:16Z,frontend,cartservice,1746478,1746464,0,0,4,9698723,1745073
2026-10-04T14:04:16Z,frontend,checkoutservice,360096,176200,0,34840,148864,56278516,176131
2026-10-04T14:04:16Z,frontend,currencyservice,2776971,2776949,0,0,0,14709197,2774747
2026-10-04T14:04:16Z,frontend,emailservice,0,0,0,0,0,0,0
2026-10-04T14:04:16Z,frontend,frontend,0,0,0,0,0,0,0
2026-10-04T14:04:16Z,frontend,kubernetes,0,0,0,0,0,0,0
2026-10-04T14:04:16Z,frontend,paymentservice,0,0,0,0,0,0,0
2026-10-04T14:04:16Z,frontend,productcatalogservice,7767517,7767424,0,0,0,52782895,7759999
2026-10-04T14:04:16Z,frontend,recommendationservice,2539751,1540480,0,104145,892890,770741097,1539203
2026-10-04T14:04:16Z,frontend,redis-cart,0,0,0,0,0,0,0
2026-10-04T14:04:16Z,frontend,shippingservice,287222,287220,0,0,0,867657,286911
2026-10-04T14:04:16Z,paymentservice,adservice,0,0,0,0,0,0,0
2026-10-04T14:04:16Z,paymentservice,cartservice,0,0,0,0,0,0,0
2026-10-04T14:04:16Z,paymentservice,checkoutservice,0,0,0,0,0,0,0
2026-10-04T14:04:16Z,paymentservice,currencyservice,0,0,0,0,0,0,0
2026-10-04T14:04:16Z,paymentservice,emailservice,0,0,0,0,0,0,0
2026-10-04T14:04:16Z,paymentservice,frontend,0,0,0,0,0,0,0
2026-10-04T14:04:16Z,paymentservice,kubernetes,0,0,0,0,0,0,0
2026-10-04T14:04:16Z,paymentservice,paymentservice,0,0,0,0,0,0,0
2026-10-04T14:04:16Z,paymentservice,productcatalogservice,0,0,0,0,0,0,0
2026-10-04T14:04:16Z,paymentservice,recommendationservice,0,0,0,0,0,0,0
2026-10-04T14:04:16Z,paymentservice,redis-cart,0,0,0,0,0,0,0
2026-10-04T14:04:16Z,paymentservice,shippingservice,0,0,0,0,0,0,0
2026-10-04T14:04:16Z,productcatalogservice,adservice,0,0,0,0,0,0,0
2026-10-04T14:04:16Z,productcatalogservice,cartservice,0,0,0,0,0,0,0
2026-10-04T14:04:16Z,productcatalogservice,checkoutservice,0,0,0,0,0,0,0
2026-10-04T14:04:16Z,productcatalogservice,currencyservice,0,0,0,0,0,0,0
2026-10-04T14:04:16Z,productcatalogservice,emailservice,0,0,0,0,0,0,0
2026-10-04T14:04:16Z,productcatalogservice,frontend,0,0,0,0,0,0,0
2026-10-04T14:04:16Z,productcatalogservice,kubernetes,0,0,0,0,0,0,0
2026-10-04T14:04:16Z,productcatalogservice,paymentservice,0,0,0,0,0,0,0
2026-10-04T14:04:16Z,productcatalogservice,productcatalogservice,0,0,0,0,0,0,0
2026-10-04T14:04:16Z,productcatalogservice,recommendationservice,0,0,0,0,0,0,0
2026-10-04T14:04:16Z,productcatalogservice,redis-cart,0,0,0,0,0,0,0
2026-10-04T14:04:16Z,productcatalogservice,shippingservice,0,0,0,0,0,0,0
2026-10-04T14:04:16Z,recommendationservice,adservice,0,0,0,0,0,0,0
2026-10-04T14:04:16Z,recommendationservice,cartservice,0,0,0,0,0,0,0
2026-10-04T14:04:16Z,recommendationservice,checkoutservice,0,0,0,0,0,0,0
2026-10-04T14:04:16Z,recommendationservice,currencyservice,0,0,0,0,0,0,0
2026-10-04T14:04:16Z,recommendationservice,emailservice,0,0,0,0,0,0,0
2026-10-04T14:04:16Z,recommendationservice,frontend,0,0,0,0,0,0,0
2026-10-04T14:04:16Z,recommendationservice,kubernetes,0,0,0,0,0,0,0
2026-10-04T14:04:16Z,recommendationservice,paymentservice,0,0,0,0,0,0,0
2026-10-04T14:04:16Z,recommendationservice,productcatalogservice,15620,15620,0,0,0,91241,15016
2026-10-04T14:04:16Z,recommendationservice,recommendationservice,0,0,0,0,0,0,0
2026-10-04T14:04:16Z,recommendationservice,redis-cart,0,0,0,0,0,0,0
2026-10-04T14:04:16Z,recommendationservice,shippingservice,0,0,0,0,0,0,0
2026-10-04T14:04:16Z,redis-cart,adservice,0,0,0,0,0,0,0
2026-10-04T14:04:16Z,redis-cart,cartservice,0,0,0,0,0,0,0
2026-10-04T14:04:16Z,redis-cart,checkoutservice,0,0,0,0,0,0,0
2026-10-04T14:04:16Z,redis-cart,currencyservice,0,0,0,0,0,0,0
2026-10-04T14:04:16Z,redis-cart,emailservice,0,0,0,0,0,0,0
2026-10-04T14:04:16Z,redis-cart,frontend,0,0,0,0,0,0,0
2026-10-04T14:04:16Z,redis-cart,kubernetes,0,0,0,0,0,0,0
2026-10-04T14:04:16Z,redis-cart,paymentservice,0,0,0,0,0,0,0
2026-10-04T14:04:16Z,redis-cart,productcatalogservice,0,0,0,0,0,0,0
2026-10-04T14:04:16Z,redis-cart,recommendationservice,0,0,0,0,0,0,0
2026-10-04T14:04:16Z,redis-cart,redis-cart,0,0,0,0,0,0,0
2026-10-04T14:04:16Z,redis-cart,shippingservice,0,0,0,0,0,0,0
2026-10-04T14:04:16Z,shippingservice,adservice,0,0,0,0,0,0,0
2026-10-04T14:04:16Z,shippingservice,cartservice,0,0,0,0,0,0,0
2026-10-04T14:04:16Z,shippingservice,checkoutservice,0,0,0,0,0,0,0
2026-10-04T14:04:16Z,shippingservice,currencyservice,0,0,0,0,0,0,0
2026-10-04T14:04:16Z,shippingservice,emailservice,0,0,0,0,0,0,0
2026-10-04T14:04:16Z,shippingservice,frontend,0,0,0,0,0,0,0
2026-10-04T14:04:16Z,shippingservice,kubernetes,0,0,0,0,0,0,0
2026-10-04T14:04:16Z,shippingservice,paymentservice,0,0,0,0,0,0,0
2026-10-04T14:04:16Z,shippingservice,productcatalogservice,0,0,0,0,0,0,0
2026-10-04T14:04:16Z,shippingservice,recommendationservice,0,0,0,0,0,0,0
2026-10-04T14:04:16Z,shippingservice,redis-cart,0,0,0,0,0,0,0
2026-10-04T14:04:16Z,shippingservice,shippingservice,0,0,0,0,0,0,0
2026-10-04T14:04:17Z,adservice,adservice,0,0,0,0,0,0,0
2026-10-04T14:04:17Z,adservice,cartservice,0,0,0,0,0,0,0
2026-10-04T14:04:17Z,adservice,checkoutservice,0,0,0,0,0,0,0
2026-10-04T14:04:17Z,adservice,currencyservice,0,0,0,0,0,0,0
2026-10-04T14:04:17Z,adservice,emailservice,0,0,0,0,0,0,0
2026-10-04T14:04:17Z,adservice,frontend,0,0,0,0,0,0,0
2026-10-04T14:04:17Z,adservice,kubernetes,0,0,0,0,0,0,0
2026-10-04T14:04:17Z,adservice,paymentservice,0,0,0,0,0,0,0
2026-10-04T14:04:17Z,adservice,productcatalogservice,0,0,0,0,0,0,0
2026-10-04T14:04:17Z,adservice,recommendationservice,0,0,0,0,0,0,0
2026-10-04T14:04:17Z,adservice,redis-cart,0,0,0,0,0,0,0
2026-10-04T14:04:17Z,adservice,shippingservice,0,0,0,0,0,0,0
2026-10-04T14:04:17Z,cartservice,adservice,0,0,0,0,0,0,0
2026-10-04T14:04:17Z,cartservice,cartservice,0,0,0,0,0,0,0
2026-10-04T14:04:17Z,cartservice,checkoutservice,0,0,0,0,0,0,0
2026-10-04T14:04:17Z,cartservice,currencyservice,0,0,0,0,0,0,0
2026-10-04T14:04:17Z,cartservice,emailservice,0,0,0,0,0,0,0
2026-10-04T14:04:17Z,cartservice,frontend,0,0,0,0,0,0,0
2026-10-04T14:04:17Z,cartservice,kubernetes,0,0,0,0,0,0,0
2026-10-04T14:04:17Z,cartservice,paymentservice,0,0,0,0,0,0,0
2026-10-04T14:04:17Z,cartservice,productcatalogservice,0,0,0,0,0,0,0
2026-10-04T14:04:17Z,cartservice,recommendationservice,0,0,0,0,0,0,0
2026-10-04T14:04:17Z,cartservice,redis-cart,2,0,0,0,0,0,0
2026-10-04T14:04:17Z,cartservice,shippingservice,0,0,0,0,0,0,0
2026-10-04T14:04:17Z,checkoutservice,adservice,0,0,0,0,0,0,0
2026-10-04T14:04:17Z,checkoutservice,cartservice,8186,8022,0,24,0,77882,7893
2026-10-04T14:04:17Z,checkoutservice,checkoutservice,0,0,0,0,0,0,0
2026-10-04T14:04:17Z,checkoutservice,currencyservice,5389,5388,0,0,0,62782,5264
2026-10-04T14:04:17Z,checkoutservice,emailservice,2335,2205,0,37,0,111350,2198
2026-10-04T14:04:17Z,checkoutservice,frontend,0,0,0,0,0,0,0
2026-10-04T14:04:17Z,checkoutservice,kubernetes,0,0,0,0,0,0,0
2026-10-04T14:04:17Z,checkoutservice,paymentservice,5131,4975,0,14,0,60282,4850
2026-10-04T14:04:17Z,checkoutservice,productcatalogservice,0,0,0,0,0,0,0
2026-10-04T14:04:17Z,checkoutservice,recommendationservice,0,0,0,0,0,0,0
2026-10-04T14:04:17Z,checkoutservice,redis-cart,0,0,0,0,0,0,0
2026-10-04T14:04:17Z,checkoutservice,shippingservice,9298,9072,0,14,0,65124,8894
2026-10-04T14:04:17Z,currencyservice,adservice,0,0,0,0,0,0,0
2026-10-04T14:04:17Z,currencyservice,cartservice,0,0,0,0,0,0,0
2026-10-04T14:04:17Z,currencyservice,checkoutservice,0,0,0,0,0,0,0
2026-10-04T14:04:17Z,currencyservice,currencyservice,0,0,0,0,0,0,0
2026-10-04T14:04:17Z,currencyservice,emailservice,0,0,0,0,0,0,0
2026-10-04T14:04:17Z,currencyservice,frontend,0,0,0,0,0,0,0
2026-10-04T14:04:17Z,currencyservice,kubernetes,0,0,0,0,0,0,0
2026-10-04T14:04:17Z,currencyservice,paymentservice,0,0,0,0,0,0,0
2026-10-04T14:04:17Z,currencyservice,productcatalogservice,0,0,0,0,0,0,0
2026-10-04T14:04:17Z,currencyservice,recommendationservice,0,0,0,0,0,0,0
2026-10-04T14:04:17Z,currencyservice,redis-cart,0,0,0,0,0,0,0
2026-10-04T14:04:17Z,currencyservice,shippingservice,0,0,0,0,0,0,0
2026-10-04T14:04:17Z,emailservice,adservice,0,0,0,0,0,0,0
2026-10-04T14:04:17Z,emailservice,cartservice,0,0,0,0,0,0,0
2026-10-04T14:04:17Z,emailservice,checkoutservice,0,0,0,0,0,0,0
2026-10-04T14:04:17Z,emailservice,currencyservice,0,0,0,0,0,0,0
2026-10-04T14:04:17Z,emailservice,emailservice,0,0,0,0,0,0,0
2026-10-04T14:04:17Z,emailservice,frontend,0,0,0,0,0,0,0
2026-10-04T14:04:17Z,emailservice,kubernetes,0,0,0,0,0,0,0
2026-10-04T14:04:17Z,emailservice,paymentservice,0,0,0,0,0,0,0
2026-10-04T14:04:17Z,emailservice,productcatalogservice,0,0,0,0,0,0,0
2026-10-04T14:04:17Z,emailservice,recommendationservice,0,0,0,0,0,0,0
2026-10-04T14:04:17Z,emailservice,redis-cart,0,0,0,0,0,0,0
2026-10-04T14:04:17Z,emailservice,shippingservice,0,0,0,0,0,0,0
2026-10-04T14:04:17Z,frontend,adservice,783161,783159,0,0,0,2355705,782106
2026-10-04T14:04:17Z,frontend,cartservice,1746950,1746935,0,0,4,9698723,1745073
2026-10-04T14:04:17Z,frontend,checkoutservice,360297,176223,0,34878,149007,56278516,176131
2026-10-04T14:04:17Z,frontend,currencyservice,2777719,2777711,0,0,0,14709197,2774747
2026-10-04T14:04:17Z,frontend,emailservice,0,0,0,0,0,0,0
2026-10-04T14:04:17Z,frontend,frontend,0,0,0,0,0,0,0
2026-10-04T14:04:17Z,frontend,kubernetes,0,0,0,0,0,0,0
2026-10-04T14:04:17Z,frontend,paymentservice,0,0,0,0,0,0,0
2026-10-04T14:04:17Z,frontend,productcatalogservice,7769975,7769896,0,0,0,52782895,7759999
2026-10-04T14:04:17Z,frontend,recommendationservice,2540189,1540891,0,104145,892890,770741097,1539203
2026-10-04T14:04:17Z,frontend,redis-cart,0,0,0,0,0,0,0
2026-10-04T14:04:17Z,frontend,shippingservice,287316,287314,0,0,0,867657,286911
2026-10-04T14:04:17Z,paymentservice,adservice,0,0,0,0,0,0,0
2026-10-04T14:04:17Z,paymentservice,cartservice,0,0,0,0,0,0,0
2026-10-04T14:04:17Z,paymentservice,checkoutservice,0,0,0,0,0,0,0
2026-10-04T14:04:17Z,paymentservice,currencyservice,0,0,0,0,0,0,0
2026-10-04T14:04:17Z,paymentservice,emailservice,0,0,0,0,0,0,0
2026-10-04T14:04:17Z,paymentservice,frontend,0,0,0,0,0,0,0
2026-10-04T14:04:17Z,paymentservice,kubernetes,0,0,0,0,0,0,0
2026-10-04T14:04:17Z,paymentservice,paymentservice,0,0,0,0,0,0,0
2026-10-04T14:04:17Z,paymentservice,productcatalogservice,0,0,0,0,0,0,0
2026-10-04T14:04:17Z,paymentservice,recommendationservice,0,0,0,0,0,0,0
2026-10-04T14:04:17Z,paymentservice,redis-cart,0,0,0,0,0,0,0
2026-10-04T14:04:17Z,paymentservice,shippingservice,0,0,0,0,0,0,0
2026-10-04T14:04:17Z,productcatalogservice,adservice,0,0,0,0,0,0,0
2026-10-04T14:04:17Z,productcatalogservice,cartservice,0,0,0,0,0,0,0
2026-10-04T14:04:17Z,productcatalogservice,checkoutservice,0,0,0,0,0,0,0
2026-10-04T14:04:17Z,productcatalogservice,currencyservice,0,0,0,0,0,0,0
2026-10-04T14:04:17Z,productcatalogservice,emailservice,0,0,0,0,0,0,0
2026-10-04T14:04:17Z,productcatalogservice,frontend,0,0,0,0,0,0,0
2026-10-04T14:04:17Z,productcatalogservice,kubernetes,0,0,0,0,0,0,0
2026-10-04T14:04:17Z,productcatalogservice,paymentservice,0,0,0,0,0,0,0
2026-10-04T14:04:17Z,productcatalogservice,productcatalogservice,0,0,0,0,0,0,0
2026-10-04T14:04:17Z,productcatalogservice,recommendationservice,0,0,0,0,0,0,0
2026-10-04T14:04:17Z,productcatalogservice,redis-cart,0,0,0,0,0,0,0
2026-10-04T14:04:17Z,productcatalogservice,shippingservice,0,0,0,0,0,0,0
2026-10-04T14:04:17Z,recommendationservice,adservice,0,0,0,0,0,0,0
2026-10-04T14:04:17Z,recommendationservice,cartservice,0,0,0,0,0,0,0
2026-10-04T14:04:17Z,recommendationservice,checkoutservice,0,0,0,0,0,0,0
2026-10-04T14:04:17Z,recommendationservice,currencyservice,0,0,0,0,0,0,0
2026-10-04T14:04:17Z,recommendationservice,emailservice,0,0,0,0,0,0,0
2026-10-04T14:04:17Z,recommendationservice,frontend,0,0,0,0,0,0,0
2026-10-04T14:04:17Z,recommendationservice,kubernetes,0,0,0,0,0,0,0
2026-10-04T14:04:17Z,recommendationservice,paymentservice,0,0,0,0,0,0,0
2026-10-04T14:04:17Z,recommendationservice,productcatalogservice,16031,16031,0,0,0,91241,15016
2026-10-04T14:04:17Z,recommendationservice,recommendationservice,0,0,0,0,0,0,0
2026-10-04T14:04:17Z,recommendationservice,redis-cart,0,0,0,0,0,0,0
2026-10-04T14:04:17Z,recommendationservice,shippingservice,0,0,0,0,0,0,0
2026-10-04T14:04:17Z,redis-cart,adservice,0,0,0,0,0,0,0
2026-10-04T14:04:17Z,redis-cart,cartservice,0,0,0,0,0,0,0
2026-10-04T14:04:17Z,redis-cart,checkoutservice,0,0,0,0,0,0,0
2026-10-04T14:04:17Z,redis-cart,currencyservice,0,0,0,0,0,0,0
2026-10-04T14:04:17Z,redis-cart,emailservice,0,0,0,0,0,0,0
2026-10-04T14:04:17Z,redis-cart,frontend,0,0,0,0,0,0,0
2026-10-04T14:04:17Z,redis-cart,kubernetes,0,0,0,0,0,0,0
2026-10-04T14:04:17Z,redis-cart,paymentservice,0,0,0,0,0,0,0
2026-10-04T14:04:17Z,redis-cart,productcatalogservice,0,0,0,0,0,0,0
2026-10-04T14:04:17Z,redis-cart,recommendationservice,0,0,0,0,0,0,0
2026-10-04T14:04:17Z,redis-cart,redis-cart,0,0,0,0,0,0,0
2026-10-04T14:04:17Z,redis-cart,shippingservice,0,0,0,0,0,0,0
2026-10-04T14:04:17Z,shippingservice,adservice,0,0,0,0,0,0,0
2026-10-04T14:04:17Z,shippingservice,cartservice,0,0,0,0,0,0,0
2026-10-04T14:04:17Z,shippingservice,checkoutservice,0,0,0,0,0,0,0
2026-10-04T14:04:17Z,shippingservice,currencyservice,0,0,0,0,0,0,0
2026-10-04T14:04:17Z,shippingservice,emailservice,0,0,0,0,0,0,0
2026-10-04T14:04:17Z,shippingservice,frontend,0,0,0,0,0,0,0
2026-10-04T14:04:17Z,shippingservice,kubernetes,0,0,0,0,0,0,0
2026-10-04T14:04:17Z,shippingservice,paymentservice,0,0,0,0,0,0,0
2026-10-04T14:04:17Z,shippingservice,productcatalogservice,0,0,0,0,0,0,0
2026-10-04T14:04:17Z,shippingservice,recommendationservice,0,0,0,0,0,0,0
2026-10-04T14:04:17Z,shippingservice,redis-cart,0,0,0,0,0,0,0
2026-10-04T14:04:17Z,shippingservice,shippingservice,0,0,0,0,0,0,0
2026-10-04T14:04:18Z,adservice,adservice,0,0,0,0,0,0,0
2026-10-04T14:04:18Z,adservice,cartservice,0,0,0,0,0,0,0
2026-10-04T14:04:18Z,adservice,checkoutservice,0,0,0,0,0,0,0
2026-10-04T14:04:18Z,adservice,currencyservice,0,0,0,0,0,0,0
2026-10-04T14:04:18Z,adservice,emailservice,0,0,0,0,0,0,0
2026-10-04T14:04:18Z,adservice,frontend,0,0,0,0,0,0,0
2026-10-04T14:04:18Z,adservice,kubernetes,0,0,0,0,0,0,0
2026-10-04T14:04:18Z,adservice,paymentservice,0,0,0,0,0,0,0
2026-10-04T14:04:18Z,adservice,productcatalogservice,0,0,0,0,0,0,0
2026-10-04T14:04:18Z,adservice,recommendationservice,0,0,0,0,0,0,0
2026-10-04T14:04:18Z,adservice,redis-cart,0,0,0,0,0,0,0
2026-10-04T14:04:18Z,adservice,shippingservice,0,0,0,0,0,0,0
2026-10-04T14:04:18Z,cartservice,adservice,0,0,0,0,0,0,0
2026-10-04T14:04:18Z,cartservice,cartservice,0,0,0,0,0,0,0
2026-10-04T14:04:18Z,cartservice,checkoutservice,0,0,0,0,0,0,0
2026-10-04T14:04:18Z,cartservice,currencyservice,0,0,0,0,0,0,0
2026-10-04T14:04:18Z,cartservice,emailservice,0,0,0,0,0,0,0
2026-10-04T14:04:18Z,cartservice,frontend,0,0,0,0,0,0,0
2026-10-04T14:04:18Z,cartservice,kubernetes,0,0,0,0,0,0,0
2026-10-04T14:04:18Z,cartservice,paymentservice,0,0,0,0,0,0,0
2026-10-04T14:04:18Z,cartservice,productcatalogservice,0,0,0,0,0,0,0
2026-10-04T14:04:18Z,cartservice,recommendationservice,0,0,0,0,0,0,0
2026-10-04T14:04:18Z,cartservice,redis-cart,2,0,0,0,0,0,0
2026-10-04T14:04:18Z,cartservice,shippingservice,0,0,0,0,0,0,0
2026-10-04T14:04:18Z,checkoutservice,adservice,0,0,0,0,0,0,0
2026-10-04T14:04:18Z,checkoutservice,cartservice,8395,8239,0,25,0,77882,7893
2026-10-04T14:04:18Z,checkoutservice,checkoutservice,0,0,0,0,0,0,0
2026-10-04T14:04:18Z,checkoutservice,currencyservice,5575,5573,0,0,0,62782,5264
2026-10-04T14:04:18Z,checkoutservice,emailservice,2339,2208,0,37,0,111350,2198
2026-10-04T14:04:18Z,checkoutservice,frontend,0,0,0,0,0,0,0
2026-10-04T14:04:18Z,checkoutservice,kubernetes,0,0,0,0,0,0,0
2026-10-04T14:04:18Z,checkoutservice,paymentservice,5291,5127,0,14,0,60282,4850
2026-10-04T14:04:18Z,checkoutservice,productcatalogservice,0,0,0,0,0,0,0
2026-10-04T14:04:18Z,checkoutservice,recommendationservice,0,0,0,0,0,0,0
2026-10-04T14:04:18Z,checkoutservice,redis-cart,0,0,0,0,0,0,0
2026-10-04T14:04:18Z,checkoutservice,shippingservice,9578,9347,0,16,0,65124,8894
2026-10-04T14:04:18Z,currencyservice,adservice,0,0,0,0,0,0,0
2026-10-04T14:04:18Z,currencyservice,cartservice,0,0,0,0,0,0,0
2026-10-04T14:04:18Z,currencyservice,checkoutservice,0,0,0,0,0,0,0
2026-10-04T14:04:18Z,currencyservice,currencyservice,0,0,0,0,0,0,0
2026-10-04T14:04:18Z,currencyservice,emailservice,0,0,0,0,0,0,0
2026-10-04T14:04:18Z,currencyservice,frontend,0,0,0,0,0,0,0
2026-10-04T14:04:18Z,currencyservice,kubernetes,0,0,0,0,0,0,0
2026-10-04T14:04:18Z,currencyservice,paymentservice,0,0,0,0,0,0,0
2026-10-04T14:04:18Z,currencyservice,productcatalogservice,0,0,0,0,0,0,0
2026-10-04T14:04:18Z,currencyservice,recommendationservice,0,0,0,0,0,0,0
2026-10-04T14:04:18Z,currencyservice,redis-cart,0,0,0,0,0,0,0
2026-10-04T14:04:18Z,currencyservice,shippingservice,0,0,0,0,0,0,0
2026-10-04T14:04:18Z,emailservice,adservice,0,0,0,0,0,0,0
2026-10-04T14:04:18Z,emailservice,cartservice,0,0,0,0,0,0,0
2026-10-04T14:04:18Z,emailservice,checkoutservice,0,0,0,0,0,0,0
2026-10-04T14:04:18Z,emailservice,currencyservice,0,0,0,0,0,0,0
2026-10-04T14:04:18Z,emailservice,emailservice,0,0,0,0,0,0,0
2026-10-04T14:04:18Z,emailservice,frontend,0,0,0,0,0,0,0
2026-10-04T14:04:18Z,emailservice,kubernetes,0,0,0,0,0,0,0
2026-10-04T14:04:18Z,emailservice,paymentservice,0,0,0,0,0,0,0
2026-10-04T14:04:18Z,emailservice,productcatalogservice,0,0,0,0,0,0,0
2026-10-04T14:04:18Z,emailservice,recommendationservice,0,0,0,0,0,0,0
2026-10-04T14:04:18Z,emailservice,redis-cart,0,0,0,0,0,0,0
2026-10-04T14:04:18Z,emailservice,shippingservice,0,0,0,0,0,0,0
2026-10-04T14:04:18Z,frontend,adservice,783434,783432,0,0,0,2358435,783067
2026-10-04T14:04:18Z,frontend,cartservice,1747433,1747420,0,0,4,9708825,1746758
2026-10-04T14:04:18Z,frontend,checkoutservice,360495,176252,0,34906,149146,56397661,176229
2026-10-04T14:04:18Z,frontend,currencyservice,2778504,2778488,0,0,0,14724119,2777404
2026-10-04T14:04:18Z,frontend,emailservice,0,0,0,0,0,0,0
2026-10-04T14:04:18Z,frontend,frontend,0,0,0,0,0,0,0
2026-10-04T14:04:18Z,frontend,kubernetes,0,0,0,0,0,0,0
2026-10-04T14:04:18Z,frontend,paymentservice,0,0,0,0,0,0,0
2026-10-04T14:04:18Z,frontend,productcatalogservice,7772575,7772484,0,0,0,52852926,7769000
2026-10-04T14:04:18Z,frontend,recommendationservice,2540628,1541340,0,104145,892890,770959116,1540742
2026-10-04T14:04:18Z,frontend,redis-cart,0,0,0,0,0,0,0
2026-10-04T14:04:18Z,frontend,shippingservice,287424,287420,0,0,0,868860,287261
2026-10-04T14:04:18Z,paymentservice,adservice,0,0,0,0,0,0,0
2026-10-04T14:04:18Z,paymentservice,cartservice,0,0,0,0,0,0,0
2026-10-04T14:04:18Z,paymentservice,checkoutservice,0,0,0,0,0,0,0
2026-10-04T14:04:18Z,paymentservice,currencyservice,0,0,0,0,0,0,0
2026-10-04T14:04:18Z,paymentservice,emailservice,0,0,0,0,0,0,0
2026-10-04T14:04:18Z,paymentservice,frontend,0,0,0,0,0,0,0
2026-10-04T14:04:18Z,paymentservice,kubernetes,0,0,0,0,0,0,0
2026-10-04T14:04:18Z,paymentservice,paymentservice,0,0,0,0,0,0,0
2026-10-04T14:04:18Z,paymentservice,productcatalogservice,0,0,0,0,0,0,0
2026-10-04T14:04:18Z,paymentservice,recommendationservice,0,0,0,0,0,0,0
2026-10-04T14:04:18Z,paymentservice,redis-cart,0,0,0,0,0,0,0
2026-10-04T14:04:18Z,paymentservice,shippingservice,0,0,0,0,0,0,0
2026-10-04T14:04:18Z,productcatalogservice,adservice,0,0,0,0,0,0,0
2026-10-04T14:04:18Z,productcatalogservice,cartservice,0,0,0,0,0,0,0
2026-10-04T14:04:18Z,productcatalogservice,checkoutservice,0,0,0,0,0,0,0
2026-10-04T14:04:18Z,productcatalogservice,currencyservice,0,0,0,0,0,0,0
2026-10-04T14:04:18Z,productcatalogservice,emailservice,0,0,0,0,0,0,0
2026-10-04T14:04:18Z,productcatalogservice,frontend,0,0,0,0,0,0,0
2026-10-04T14:04:18Z,productcatalogservice,kubernetes,0,0,0,0,0,0,0
2026-10-04T14:04:18Z,productcatalogservice,paymentservice,0,0,0,0,0,0,0
2026-10-04T14:04:18Z,productcatalogservice,productcatalogservice,0,0,0,0,0,0,0
2026-10-04T14:04:18Z,productcatalogservice,recommendationservice,0,0,0,0,0,0,0
2026-10-04T14:04:18Z,productcatalogservice,redis-cart,0,0,0,0,0,0,0
2026-10-04T14:04:18Z,productcatalogservice,shippingservice,0,0,0,0,0,0,0
2026-10-04T14:04:18Z,recommendationservice,adservice,0,0,0,0,0,0,0
2026-10-04T14:04:18Z,recommendationservice,cartservice,0,0,0,0,0,0,0
2026-10-04T14:04:18Z,recommendationservice,checkoutservice,0,0,0,0,0,0,0
2026-10-04T14:04:18Z,recommendationservice,currencyservice,0,0,0,0,0,0,0
2026-10-04T14:04:18Z,recommendationservice,emailservice,0,0,0,0,0,0,0
2026-10-04T14:04:18Z,recommendationservice,frontend,0,0,0,0,0,0,0
2026-10-04T14:04:18Z,recommendationservice,kubernetes,0,0,0,0,0,0,0
2026-10-04T14:04:18Z,recommendationservice,paymentservice,0,0,0,0,0,0,0
2026-10-04T14:04:18Z,recommendationservice,productcatalogservice,16474,16472,0,0,0,91241,15016
2026-10-04T14:04:18Z,recommendationservice,recommendationservice,0,0,0,0,0,0,0
2026-10-04T14:04:18Z,recommendationservice,redis-cart,0,0,0,0,0,0,0
2026-10-04T14:04:18Z,recommendationservice,shippingservice,0,0,0,0,0,0,0
2026-10-04T14:04:18Z,redis-cart,adservice,0,0,0,0,0,0,0
2026-10-04T14:04:18Z,redis-cart,cartservice,0,0,0,0,0,0,0
2026-10-04T14:04:18Z,redis-cart,checkoutservice,0,0,0,0,0,0,0
2026-10-04T14:04:18Z,redis-cart,currencyservice,0,0,0,0,0,0,0
2026-10-04T14:04:18Z,redis-cart,emailservice,0,0,0,0,0,0,0
2026-10-04T14:04:18Z,redis-cart,frontend,0,0,0,0,0,0,0
2026-10-04T14:04:18Z,redis-cart,kubernetes,0,0,0,0,0,0,0
2026-10-04T14:04:18Z,redis-cart,paymentservice,0,0,0,0,0,0,0
2026-10-04T14:04:18Z,redis-cart,productcatalogservice,0,0,0,0,0,0,0
2026-10-04T14:04:18Z,redis-cart,recommendationservice,0,0,0,0,0,0,0
2026-10-04T14:04:18Z,redis-cart,redis-cart,0,0,0,0,0,0,0
2026-10-04T14:04:18Z,redis-cart,shippingservice,0,0,0,0,0,0,0
2026-10-04T14:04:18Z,shippingservice,adservice,0,0,0,0,0,0,0
2026-10-04T14:04:18Z,shippingservice,cartservice,0,0,0,0,0,0,0
2026-10-04T14:04:18Z,shippingservice,checkoutservice,0,0,0,0,0,0,0
2026-10-04T14:04:18Z,shippingservice,currencyservice,0,0,0,0,0,0,0
2026-10-04T14:04:18Z,shippingservice,emailservice,0,0,0,0,0,0,0
2026-10-04T14:04:18Z,shippingservice,frontend,0,0,0,0,0,0,0
2026-10-04T14:04:18Z,shippingservice,kubernetes,0,0,0,0,0,0,0
2026-10-04T14:04:18Z,shippingservice,paymentservice,0,0,0,0,0,0,0
2026-10-04T14:04:18Z,shippingservice,productcatalogservice,0,0,0,0,0,0,0
2026-10-04T14:04:18Z,shippingservice,recommendationservice,0,0,0,0,0,0,0
2026-10-04T14:04:18Z,shippingservice,redis-cart,0,0,0,0,0,0,0
2026-10-04T14:04:18Z,shippingservice,shippingservice,0,0,0,0,0,0,0
2026-10-04T14:04:19Z,adservice,adservice,0,0,0,0,0,0,0
2026-10-04T14:04:19Z,adservice,cartservice,0,0,0,0,0,0,0
2026-10-04T14:04:19Z,adservice,checkoutservice,0,0,0,0,0,0,0
2026-10-04T14:04:19Z,adservice,currencyservice,0,0,0,0,0,0,0
2026-10-04T14:04:19Z,adservice,emailservice,0,0,0,0,0,0,0
2026-10-04T14:04:19Z,adservice,frontend,0,0,0,0,0,0,0
2026-10-04T14:04:19Z,adservice,kubernetes,0,0,0,0,0,0,0
2026-10-04T14:04:19Z,adservice,paymentservice,0,0,0,0,0,0,0
2026-10-04T14:04:19Z,adservice,productcatalogservice,0,0,0,0,0,0,0
2026-10-04T14:04:19Z,adservice,recommendationservice,0,0,0,0,0,0,0
2026-10-04T14:04:19Z,adservice,redis-cart,0,0,0,0,0,0,0
2026-10-04T14:04:19Z,adservice,shippingservice,0,0,0,0,0,0,0
2026-10-04T14:04:19Z,cartservice,adservice,0,0,0,0,0,0,0
2026-10-04T14:04:19Z,cartservice,cartservice,0,0,0,0,0,0,0
2026-10-04T14:04:19Z,cartservice,checkoutservice,0,0,0,0,0,0,0
2026-10-04T14:04:19Z,cartservice,currencyservice,0,0,0,0,0,0,0
2026-10-04T14:04:19Z,cartservice,emailservice,0,0,0,0,0,0,0
2026-10-04T14:04:19Z,cartservice,frontend,0,0,0,0,0,0,0
2026-10-04T14:04:19Z,cartservice,kubernetes,0,0,0,0,0,0,0
2026-10-04T14:04:19Z,cartservice,paymentservice,0,0,0,0,0,0,0
2026-10-04T14:04:19Z,cartservice,productcatalogservice,0,0,0,0,0,0,0
2026-10-04T14:04:19Z,cartservice,recommendationservice,0,0,0,0,0,0,0
2026-10-04T14:04:19Z,cartservice,redis-cart,2,0,0,0,0,0,0
2026-10-04T14:04:19Z,cartservice,shippingservice,0,0,0,0,0,0,0
2026-10-04T14:04:19Z,checkoutservice,adservice,0,0,0,0,0,0,0
2026-10-04T14:04:19Z,checkoutservice,cartservice,8627,8441,0,25,0,77882,7893
2026-10-04T14:04:19Z,checkoutservice,checkoutservice,0,0,0,0,0,0,0
2026-10-04T14:04:19Z,checkoutservice,currencyservice,5787,5770,0,0,0,62782,5264
2026-10-04T14:04:19Z,checkoutservice,emailservice,2343,2212,0,37,0,111350,2198
2026-10-04T14:04:19Z,checkoutservice,frontend,0,0,0,0,0,0,0
2026-10-04T14:04:19Z,checkoutservice,kubernetes,0,0,0,0,0,0,0
2026-10-04T14:04:19Z,checkoutservice,paymentservice,5444,5267,0,15,0,60282,4850
2026-10-04T14:04:19Z,checkoutservice,productcatalogservice,0,0,0,0,0,0,0
2026-10-04T14:04:19Z,checkoutservice,recommendationservice,0,0,0,0,0,0,0
2026-10-04T14:04:19Z,checkoutservice,redis-cart,0,0,0,0,0,0,0
2026-10-04T14:04:19Z,checkoutservice,shippingservice,9875,9632,0,16,0,65124,8894
2026-10-04T14:04:19Z,currencyservice,adservice,0,0,0,0,0,0,0
2026-10-04T14:04:19Z,currencyservice,cartservice,0,0,0,0,0,0,0
2026-10-04T14:04:19Z,currencyservice,checkoutservice,0,0,0,0,0,0,0
2026-10-04T14:04:19Z,currencyservice,currencyservice,0,0,0,0,0,0,0
2026-10-04T14:04:19Z,currencyservice,emailservice,0,0,0,0,0,0,0
2026-10-04T14:04:19Z,currencyservice,frontend,0,0,0,0,0,0,0
2026-10-04T14:04:19Z,currencyservice,kubernetes,0,0,0,0,0,0,0
2026-10-04T14:04:19Z,currencyservice,paymentservice,0,0,0,0,0,0,0
2026-10-04T14:04:19Z,currencyservice,productcatalogservice,0,0,0,0,0,0,0
2026-10-04T14:04:19Z,currencyservice,recommendationservice,0,0,0,0,0,0,0
2026-10-04T14:04:19Z,currencyservice,redis-cart,0,0,0,0,0,0,0
2026-10-04T14:04:19Z,currencyservice,shippingservice,0,0,0,0,0,0,0
2026-10-04T14:04:19Z,emailservice,adservice,0,0,0,0,0,0,0
2026-10-04T14:04:19Z,emailservice,cartservice,0,0,0,0,0,0,0
2026-10-04T14:04:19Z,emailservice,checkoutservice,0,0,0,0,0,0,0
2026-10-04T14:04:19Z,emailservice,currencyservice,0,0,0,0,0,0,0
2026-10-04T14:04:19Z,emailservice,emailservice,0,0,0,0,0,0,0
2026-10-04T14:04:19Z,emailservice,frontend,0,0,0,0,0,0,0
2026-10-04T14:04:19Z,emailservice,kubernetes,0,0,0,0,0,0,0
2026-10-04T14:04:19Z,emailservice,paymentservice,0,0,0,0,0,0,0
2026-10-04T14:04:19Z,emailservice,productcatalogservice,0,0,0,0,0,0,0
2026-10-04T14:04:19Z,emailservice,recommendationservice,0,0,0,0,0,0,0
2026-10-04T14:04:19Z,emailservice,redis-cart,0,0,0,0,0,0,0
2026-10-04T14:04:19Z,emailservice,shippingservice,0,0,0,0,0,0,0
2026-10-04T14:04:19Z,frontend,adservice,783722,783718,0,0,0,2359611,783446
2026-10-04T14:04:19Z,frontend,cartservice,1747910,1747897,0,0,4,9713544,1747403
2026-10-04T14:04:19Z,frontend,checkoutservice,360705,176272,0,34942,149298,56429391,176253
2026-10-04T14:04:19Z,frontend,currencyservice,2779258,2779251,0,0,0,14730716,2778444
2026-10-04T14:04:19Z,frontend,emailservice,0,0,0,0,0,0,0
2026-10-04T14:04:19Z,frontend,frontend,0,0,0,0,0,0,0
2026-10-04T14:04:19Z,frontend,kubernetes,0,0,0,0,0,0,0
2026-10-04T14:04:19Z,frontend,paymentservice,0,0,0,0,0,0,0
2026-10-04T14:04:19Z,frontend,productcatalogservice,7775184,7775085,0,0,0,52890121,7772482
2026-10-04T14:04:19Z,frontend,recommendationservice,2541070,1541792,0,104145,892890,771046368,1541339
2026-10-04T14:04:19Z,frontend,redis-cart,0,0,0,0,0,0,0
2026-10-04T14:04:19Z,frontend,shippingservice,287522,287518,0,0,0,869489,287402
2026-10-04T14:04:19Z,paymentservice,adservice,0,0,0,0,0,0,0
2026-10-04T14:04:19Z,paymentservice,cartservice,0,0,0,0,0,0,0
2026-10-04T14:04:19Z,paymentservice,checkoutservice,0,0,0,0,0,0,0
2026-10-04T14:04:19Z,paymentservice,currencyservice,0,0,0,0,0,0,0
2026-10-04T14:04:19Z,paymentservice,emailservice,0,0,0,0,0,0,0
2026-10-04T14:04:19Z,paymentservice,frontend,0,0,0,0,0,0,0
2026-10-04T14:04:19Z,paymentservice,kubernetes,0,0,0,0,0,0,0
2026-10-04T14:04:19Z,paymentservice,paymentservice,0,0,0,0,0,0,0
2026-10-04T14:04:19Z,paymentservice,productcatalogservice,0,0,0,0,0,0,0
2026-10-04T14:04:19Z,paymentservice,recommendationservice,0,0,0,0,0,0,0
2026-10-04T14:04:19Z,paymentservice,redis-cart,0,0,0,0,0,0,0
2026-10-04T14:04:19Z,paymentservice,shippingservice,0,0,0,0,0,0,0
2026-10-04T14:04:19Z,productcatalogservice,adservice,0,0,0,0,0,0,0
2026-10-04T14:04:19Z,productcatalogservice,cartservice,0,0,0,0,0,0,0
2026-10-04T14:04:19Z,productcatalogservice,checkoutservice,0,0,0,0,0,0,0
2026-10-04T14:04:19Z,productcatalogservice,currencyservice,0,0,0,0,0,0,0
2026-10-04T14:04:19Z,productcatalogservice,emailservice,0,0,0,0,0,0,0
2026-10-04T14:04:19Z,productcatalogservice,frontend,0,0,0,0,0,0,0
2026-10-04T14:04:19Z,productcatalogservice,kubernetes,0,0,0,0,0,0,0
2026-10-04T14:04:19Z,productcatalogservice,paymentservice,0,0,0,0,0,0,0
2026-10-04T14:04:19Z,productcatalogservice,productcatalogservice,0,0,0,0,0,0,0
2026-10-04T14:04:19Z,productcatalogservice,recommendationservice,0,0,0,0,0,0,0
2026-10-04T14:04:19Z,productcatalogservice,redis-cart,0,0,0,0,0,0,0
2026-10-04T14:04:19Z,productcatalogservice,shippingservice,0,0,0,0,0,0,0
2026-10-04T14:04:19Z,recommendationservice,adservice,0,0,0,0,0,0,0
2026-10-04T14:04:19Z,recommendationservice,cartservice,0,0,0,0,0,0,0
2026-10-04T14:04:19Z,recommendationservice,checkoutservice,0,0,0,0,0,0,0
2026-10-04T14:04:19Z,recommendationservice,currencyservice,0,0,0,0,0,0,0
2026-10-04T14:04:19Z,recommendationservice,emailservice,0,0,0,0,0,0,0
2026-10-04T14:04:19Z,recommendationservice,frontend,0,0,0,0,0,0,0
2026-10-04T14:04:19Z,recommendationservice,kubernetes,0,0,0,0,0,0,0
2026-10-04T14:04:19Z,recommendationservice,paymentservice,0,0,0,0,0,0,0
2026-10-04T14:04:19Z,recommendationservice,productcatalogservice,16912,16910,0,0,0,91241,15016
2026-10-04T14:04:19Z,recommendationservice,recommendationservice,0,0,0,0,0,0,0
2026-10-04T14:04:19Z,recommendationservice,redis-cart,0,0,0,0,0,0,0
2026-10-04T14:04:19Z,recommendationservice,shippingservice,0,0,0,0,0,0,0
2026-10-04T14:04:19Z,redis-cart,adservice,0,0,0,0,0,0,0
2026-10-04T14:04:19Z,redis-cart,cartservice,0,0,0,0,0,0,0
2026-10-04T14:04:19Z,redis-cart,checkoutservice,0,0,0,0,0,0,0
2026-10-04T14:04:19Z,redis-cart,currencyservice,0,0,0,0,0,0,0
2026-10-04T14:04:19Z,redis-cart,emailservice,0,0,0,0,0,0,0
2026-10-04T14:04:19Z,redis-cart,frontend,0,0,0,0,0,0,0
2026-10-04T14:04:19Z,redis-cart,kubernetes,0,0,0,0,0,0,0
2026-10-04T14:04:19Z,redis-cart,paymentservice,0,0,0,0,0,0,0
2026-10-04T14:04:19Z,redis-cart,productcatalogservice,0,0,0,0,0,0,0
2026-10-04T14:04:19Z,redis-cart,recommendationservice,0,0,0,0,0,0,0
2026-10-04T14:04:19Z,redis-cart,redis-cart,0,0,0,0,0,0,0
2026-10-04T14:04:19Z,redis-cart,shippingservice,0,0,0,0,0,0,0
2026-10-04T14:04:19Z,shippingservice,adservice,0,0,0,0,0,0,0
2026-10-04T14:04:19Z,shippingservice,cartservice,0,0,0,0,0,0,0
2026-10-04T14:04:19Z,shippingservice,checkoutservice,0,0,0,0,0,0,0
2026-10-04T14:04:19Z,shippingservice,currencyservice,0,0,0,0,0,0,0
2026-10-04T14:04:19Z,shippingservice,emailservice,0,0,0,0,0,0,0
2026-10-04T14:04:19Z,shippingservice,frontend,0,0,0,0,0,0,0
2026-10-04T14:04:19Z,shippingservice,kubernetes,0,0,0,0,0,0,0
2026-10-04T14:04:19Z,shippingservice,paymentservice,0,0,0,0,0,0,0
2026-10-04T14:04:19Z,shippingservice,productcatalogservice,0,0,0,0,0,0,0
2026-10-04T14:04:19Z,shippingservice,recommendationservice,0,0,0,0,0,0,0
2026-10-04T14:04:19Z,shippingservice,redis-cart,0,0,0,0,0,0,0
2026-10-04T14:04:19Z,shippingservice,shippingservice,0,0,0,0,0,0,0
2026-10-04T14:04:20Z,adservice,adservice,0,0,0,0,0,0,0
2026-10-04T14:04:20Z,adservice,cartservice,0,0,0,0,0,0,0
2026-10-04T14:04:20Z,adservice,checkoutservice,0,0,0,0,0,0,0
2026-10-04T14:04:20Z,adservice,currencyservice,0,0,0,0,0,0,0
2026-10-04T14:04:20Z,adservice,emailservice,0,0,0,0,0,0,0
2026-10-04T14:04:20Z,adservice,frontend,0,0,0,0,0,0,0
2026-10-04T14:04:20Z,adservice,kubernetes,0,0,0,0,0,0,0
2026-10-04T14:04:20Z,adservice,paymentservice,0,0,0,0,0,0,0
2026-10-04T14:04:20Z,adservice,productcatalogservice,0,0,0,0,0,0,0
2026-10-04T14:04:20Z,adservice,recommendationservice,0,0,0,0,0,0,0
2026-10-04T14:04:20Z,adservice,redis-cart,0,0,0,0,0,0,0
2026-10-04T14:04:20Z,adservice,shippingservice,0,0,0,0,0,0,0
2026-10-04T14:04:20Z,cartservice,adservice,0,0,0,0,0,0,0
2026-10-04T14:04:20Z,cartservice,cartservice,0,0,0,0,0,0,0
2026-10-04T14:04:20Z,cartservice,checkoutservice,0,0,0,0,0,0,0
2026-10-04T14:04:20Z,cartservice,currencyservice,0,0,0,0,0,0,0
2026-10-04T14:04:20Z,cartservice,emailservice,0,0,0,0,0,0,0
2026-10-04T14:04:20Z,cartservice,frontend,0,0,0,0,0,0,0
2026-10-04T14:04:20Z,cartservice,kubernetes,0,0,0,0,0,0,0
2026-10-04T14:04:20Z,cartservice,paymentservice,0,0,0,0,0,0,0
2026-10-04T14:04:20Z,cartservice,productcatalogservice,0,0,0,0,0,0,0
2026-10-04T14:04:20Z,cartservice,recommendationservice,0,0,0,0,0,0,0
2026-10-04T14:04:20Z,cartservice,redis-cart,2,0,0,0,0,0,0
2026-10-04T14:04:20Z,cartservice,shippingservice,0,0,0,0,0,0,0
2026-10-04T14:04:20Z,checkoutservice,adservice,0,0,0,0,0,0,0
2026-10-04T14:04:20Z,checkoutservice,cartservice,8850,8672,0,25,0,77882,7893
2026-10-04T14:04:20Z,checkoutservice,checkoutservice,0,0,0,0,0,0,0
2026-10-04T14:04:20Z,checkoutservice,currencyservice,6007,5986,0,0,0,62782,5264
2026-10-04T14:04:20Z,checkoutservice,emailservice,2343,2212,0,37,0,111350,2198
2026-10-04T14:04:20Z,checkoutservice,frontend,0,0,0,0,0,0,0
2026-10-04T14:04:20Z,checkoutservice,kubernetes,0,0,0,0,0,0,0
2026-10-04T14:04:20Z,checkoutservice,paymentservice,5648,5458,0,16,0,60282,4850
2026-10-04T14:04:20Z,checkoutservice,productcatalogservice,0,0,0,0,0,0,0
2026-10-04T14:04:20Z,checkoutservice,recommendationservice,0,0,0,0,0,0,0
2026-10-04T14:04:20Z,checkoutservice,redis-cart,0,0,0,0,0,0,0
2026-10-04T14:04:20Z,checkoutservice,shippingservice,10174,9905,0,18,0,65124,8894
2026-10-04T14:04:20Z,currencyservice,adservice,0,0,0,0,0,0,0
2026-10-04T14:04:20Z,currencyservice,cartservice,0,0,0,0,0,0,0
2026-10-04T14:04:20Z,currencyservice,checkoutservice,0,0,0,0,0,0,0
2026-10-04T14:04:20Z,currencyservice,currencyservice,0,0,0,0,0,0,0
2026-10-04T14:04:20Z,currencyservice,emailservice,0,0,0,0,0,0,0
2026-10-04T14:04:20Z,currencyservice,frontend,0,0,0,0,0,0,0
2026-10-04T14:04:20Z,currencyservice,kubernetes,0,0,0,0,0,0,0
2026-10-04T14:04:20Z,currencyservice,paymentservice,0,0,0,0,0,0,0
2026-10-04T14:04:20Z,currencyservice,productcatalogservice,0,0,0,0,0,0,0
2026-10-04T14:04:20Z,currencyservice,recommendationservice,0,0,0,0,0,0,0
2026-10-04T14:04:20Z,currencyservice,redis-cart,0,0,0,0,0,0,0
2026-10-04T14:04:20Z,currencyservice,shippingservice,0,0,0,0,0,0,0
2026-10-04T14:04:20Z,emailservice,adservice,0,0,0,0,0,0,0
2026-10-04T14:04:20Z,emailservice,cartservice,0,0,0,0,0,0,0
2026-10-04T14:04:20Z,emailservice,checkoutservice,0,0,0,0,0,0,0
2026-10-04T14:04:20Z,emailservice,currencyservice,0,0,0,0,0,0,0
2026-10-04T14:04:20Z,emailservice,emailservice,0,0,0,0,0,0,0
2026-10-04T14:04:20Z,emailservice,frontend,0,0,0,0,0,0,0
2026-10-04T14:04:20Z,emailservice,kubernetes,0,0,0,0,0,0,0
2026-10-04T14:04:20Z,emailservice,paymentservice,0,0,0,0,0,0,0
2026-10-04T14:04:20Z,emailservice,productcatalogservice,0,0,0,0,0,0,0
2026-10-04T14:04:20Z,emailservice,recommendationservice,0,0,0,0,0,0,0
2026-10-04T14:04:20Z,emailservice,redis-cart,0,0,0,0,0,0,0
2026-10-04T14:04:20Z,emailservice,shippingservice,0,0,0,0,0,0,0
2026-10-04T14:04:20Z,frontend,adservice,784001,783998,0,0,0,2359611,783446
2026-10-04T14:04:20Z,frontend,cartservice,1748385,1748370,0,0,4,9713544,1747403
2026-10-04T14:04:20Z,frontend,checkoutservice,360910,176299,0,34984,149443,56429391,176253
2026-10-04T14:04:20Z,frontend,currencyservice,2780021,2780010,0,0,0,14730716,2778444
2026-10-04T14:04:20Z,frontend,emailservice,0,0,0,0,0,0,0
2026-10-04T14:04:20Z,frontend,frontend,0,0,0,0,0,0,0
2026-10-04T14:04:20Z,frontend,kubernetes,0,0,0,0,0,0,0
2026-10-04T14:04:20Z,frontend,paymentservice,0,0,0,0,0,0,0
2026-10-04T14:04:20Z,frontend,productcatalogservice,7777686,7777614,0,0,0,52890121,7772482
2026-10-04T14:04:20Z,frontend,recommendationservice,2541513,1542211,0,104145,892890,771046368,1541339
2026-10-04T14:04:20Z,frontend,redis-cart,0,0,0,0,0,0,0
2026-10-04T14:04:20Z,frontend,shippingservice,287618,287616,0,0,0,869489,287402
2026-10-04T14:04:20Z,paymentservice,adservice,0,0,0,0,0,0,0
2026-10-04T14:04:20Z,paymentservice,cartservice,0,0,0,0,0,0,0
2026-10-04T14:04:20Z,paymentservice,checkoutservice,0,0,0,0,0,0,0
2026-10-04T14:04:20Z,paymentservice,currencyservice,0,0,0,0,0,0,0
2026-10-04T14:04:20Z,paymentservice,emailservice,0,0,0,0,0,0,0
2026-10-04T14:04:20Z,paymentservice,frontend,0,0,0,0,0,0,0
2026-10-04T14:04:20Z,paymentservice,kubernetes,0,0,0,0,0,0,0
2026-10-04T14:04:20Z,paymentservice,paymentservice,0,0,0,0,0,0,0
2026-10-04T14:04:20Z,paymentservice,productcatalogservice,0,0,0,0,0,0,0
2026-10-04T14:04:20Z,paymentservice,recommendationservice,0,0,0,0,0,0,0
2026-10-04T14:04:20Z,paymentservice,redis-cart,0,0,0,0,0,0,0
2026-10-04T14:04:20Z,paymentservice,shippingservice,0,0,0,0,0,0,0
2026-10-04T14:04:20Z,productcatalogservice,adservice,0,0,0,0,0,0,0
2026-10-04T14:04:20Z,productcatalogservice,cartservice,0,0,0,0,0,0,0
2026-10-04T14:04:20Z,productcatalogservice,checkoutservice,0,0,0,0,0,0,0
2026-10-04T14:04:20Z,productcatalogservice,currencyservice,0,0,0,0,0,0,0
2026-10-04T14:04:20Z,productcatalogservice,emailservice,0,0,0,0,0,0,0
2026-10-04T14:04:20Z,productcatalogservice,frontend,0,0,0,0,0,0,0
2026-10-04T14:04:20Z,productcatalogservice,kubernetes,0,0,0,0,0,0,0
2026-10-04T14:04:20Z,productcatalogservice,paymentservice,0,0,0,0,0,0,0
2026-10-04T14:04:20Z,productcatalogservice,productcatalogservice,0,0,0,0,0,0,0
2026-10-04T14:04:20Z,productcatalogservice,recommendationservice,0,0,0,0,0,0,0
2026-10-04T14:04:20Z,productcatalogservice,redis-cart,0,0,0,0,0,0,0
2026-10-04T14:04:20Z,productcatalogservice,shippingservice,0,0,0,0,0,0,0
2026-10-04T14:04:20Z,recommendationservice,adservice,0,0,0,0,0,0,0
2026-10-04T14:04:20Z,recommendationservice,cartservice,0,0,0,0,0,0,0
2026-10-04T14:04:20Z,recommendationservice,checkoutservice,0,0,0,0,0,0,0
2026-10-04T14:04:20Z,recommendationservice,currencyservice,0,0,0,0,0,0,0
2026-10-04T14:04:20Z,recommendationservice,emailservice,0,0,0,0,0,0,0
2026-10-04T14:04:20Z,recommendationservice,frontend,0,0,0,0,0,0,0
2026-10-04T14:04:20Z,recommendationservice,kubernetes,0,0,0,0,0,0,0
2026-10-04T14:04:20Z,recommendationservice,paymentservice,0,0,0,0,0,0,0
2026-10-04T14:04:20Z,recommendationservice,productcatalogservice,17335,17335,0,0,0,111679,17159
2026-10-04T14:04:20Z,recommendationservice,recommendationservice,0,0,0,0,0,0,0
2026-10-04T14:04:20Z,recommendationservice,redis-cart,0,0,0,0,0,0,0
2026-10-04T14:04:20Z,recommendationservice,shippingservice,0,0,0,0,0,0,0
2026-10-04T14:04:20Z,redis-cart,adservice,0,0,0,0,0,0,0
2026-10-04T14:04:20Z,redis-cart,cartservice,0,0,0,0,0,0,0
2026-10-04T14:04:20Z,redis-cart,checkoutservice,0,0,0,0,0,0,0
2026-10-04T14:04:20Z,redis-cart,currencyservice,0,0,0,0,0,0,0
2026-10-04T14:04:20Z,redis-cart,emailservice,0,0,0,0,0,0,0
2026-10-04T14:04:20Z,redis-cart,frontend,0,0,0,0,0,0,0
2026-10-04T14:04:20Z,redis-cart,kubernetes,0,0,0,0,0,0,0
2026-10-04T14:04:20Z,redis-cart,paymentservice,0,0,0,0,0,0,0
2026-10-04T14:04:20Z,redis-cart,productcatalogservice,0,0,0,0,0,0,0
2026-10-04T14:04:20Z,redis-cart,recommendationservice,0,0,0,0,0,0,0
2026-10-04T14:04:20Z,redis-cart,redis-cart,0,0,0,0,0,0,0
2026-10-04T14:04:20Z,redis-cart,shippingservice,0,0,0,0,0,0,0
2026-10-04T14:04:20Z,shippingservice,adservice,0,0,0,0,0,0,0
2026-10-04T14:04:20Z,shippingservice,cartservice,0,0,0,0,0,0,0
2026-10-04T14:04:20Z,shippingservice,checkoutservice,0,0,0,0,0,0,0
2026-10-04T14:04:20Z,shippingservice,currencyservice,0,0,0,0,0,0,0
2026-10-04T14:04:20Z,shippingservice,emailservice,0,0,0,0,0,0,0
2026-10-04T14:04:20Z,shippingservice,frontend,0,0,0,0,0,0,0
2026-10-04T14:04:20Z,shippingservice,kubernetes,0,0,0,0,0,0,0
2026-10-04T14:04:20Z,shippingservice,paymentservice,0,0,0,0,0,0,0
2026-10-04T14:04:20Z,shippingservice,productcatalogservice,0,0,0,0,0,0,0
2026-10-04T14:04:20Z,shippingservice,recommendationservice,0,0,0,0,0,0,0
2026-10-04T14:04:20Z,shippingservice,redis-cart,0,0,0,0,0,0,0
2026-10-04T14:04:20Z,shippingservice,shippingservice,0,0,0,0,0,0,0
2026-10-04T14:04:21Z,adservice,adservice,0,0,0,0,0,0,0
2026-10-04T14:04:21Z,adservice,cartservice,0,0,0,0,0,0,0
2026-10-04T14:04:21Z,adservice,checkoutservice,0,0,0,0,0,0,0
2026-10-04T14:04:21Z,adservice,currencyservice,0,0,0,0,0,0,0
2026-10-04T14:04:21Z,adservice,emailservice,0,0,0,0,0,0,0
2026-10-04T14:04:21Z,adservice,frontend,0,0,0,0,0,0,0
2026-10-04T14:04:21Z,adservice,kubernetes,0,0,0,0,0,0,0
2026-10-04T14:04:21Z,adservice,paymentservice,0,0,0,0,0,0,0
2026-10-04T14:04:21Z,adservice,productcatalogservice,0,0,0,0,0,0,0
2026-10-04T14:04:21Z,adservice,recommendationservice,0,0,0,0,0,0,0
2026-10-04T14:04:21Z,adservice,redis-cart,0,0,0,0,0,0,0
2026-10-04T14:04:21Z,adservice,shippingservice,0,0,0,0,0,0,0
2026-10-04T14:04:21Z,cartservice,adservice,0,0,0,0,0,0,0
2026-10-04T14:04:21Z,cartservice,cartservice,0,0,0,0,0,0,0
2026-10-04T14:04:21Z,cartservice,checkoutservice,0,0,0,0,0,0,0
2026-10-04T14:04:21Z,cartservice,currencyservice,0,0,0,0,0,0,0
2026-10-04T14:04:21Z,cartservice,emailservice,0,0,0,0,0,0,0
2026-10-04T14:04:21Z,cartservice,frontend,0,0,0,0,0,0,0
2026-10-04T14:04:21Z,cartservice,kubernetes,0,0,0,0,0,0,0
2026-10-04T14:04:21Z,cartservice,paymentservice,0,0,0,0,0,0,0
2026-10-04T14:04:21Z,cartservice,productcatalogservice,0,0,0,0,0,0,0
2026-10-04T14:04:21Z,cartservice,recommendationservice,0,0,0,0,0,0,0
2026-10-04T14:04:21Z,cartservice,redis-cart,2,0,0,0,0,0,0
2026-10-04T14:04:21Z,cartservice,shippingservice,0,0,0,0,0,0,0
2026-10-04T14:04:21Z,checkoutservice,adservice,0,0,0,0,0,0,0
2026-10-04T14:04:21Z,checkoutservice,cartservice,9100,8919,0,27,0,77882,7893
2026-10-04T14:04:21Z,checkoutservice,checkoutservice,0,0,0,0,0,0,0
2026-10-04T14:04:21Z,checkoutservice,currencyservice,6176,6164,0,0,0,62782,5264
2026-10-04T14:04:21Z,checkoutservice,emailservice,2366,2227,0,37,0,111350,2198
2026-10-04T14:04:21Z,checkoutservice,frontend,0,0,0,0,0,0,0
2026-10-04T14:04:21Z,checkoutservice,kubernetes,0,0,0,0,0,0,0
2026-10-04T14:04:21Z,checkoutservice,paymentservice,5830,5624,0,17,0,60282,4850
2026-10-04T14:04:21Z,checkoutservice,productcatalogservice,0,0,0,0,0,0,0
2026-10-04T14:04:21Z,checkoutservice,recommendationservice,0,0,0,0,0,0,0
2026-10-04T14:04:21Z,checkoutservice,redis-cart,0,0,0,0,0,0,0
2026-10-04T14:04:21Z,checkoutservice,shippingservice,10464,10198,0,20,0,65124,8894
2026-10-04T14:04:21Z,currencyservice,adservice,0,0,0,0,0,0,0
2026-10-04T14:04:21Z,currencyservice,cartservice,0,0,0,0,0,0,0
2026-10-04T14:04:21Z,currencyservice,checkoutservice,0,0,0,0,0,0,0
2026-10-04T14:04:21Z,currencyservice,currencyservice,0,0,0,0,0,0,0
2026-10-04T14:04:21Z,currencyservice,emailservice,0,0,0,0,0,0,0
2026-10-04T14:04:21Z,currencyservice,frontend,0,0,0,0,0,0,0
2026-10-04T14:04:21Z,currencyservice,kubernetes,0,0,0,0,0,0,0
2026-10-04T14:04:21Z,currencyservice,paymentservice,0,0,0,0,0,0,0
2026-10-04T14:04:21Z,currencyservice,productcatalogservice,0,0,0,0,0,0,0
2026-10-04T14:04:21Z,currencyservice,recommendationservice,0,0,0,0,0,0,0
2026-10-04T14:04:21Z,currencyservice,redis-cart,0,0,0,0,0,0,0
2026-10-04T14:04:21Z,currencyservice,shippingservice,0,0,0,0,0,0,0
2026-10-04T14:04:21Z,emailservice,adservice,0,0,0,0,0,0,0
2026-10-04T14:04:21Z,emailservice,cartservice,0,0,0,0,0,0,0
2026-10-04T14:04:21Z,emailservice,checkoutservice,0,0,0,0,0,0,0
2026-10-04T14:04:21Z,emailservice,currencyservice,0,0,0,0,0,0,0
2026-10-04T14:04:21Z,emailservice,emailservice,0,0,0,0,0,0,0
2026-10-04T14:04:21Z,emailservice,frontend,0,0,0,0,0,0,0
2026-10-04T14:04:21Z,emailservice,kubernetes,0,0,0,0,0,0,0
2026-10-04T14:04:21Z,emailservice,paymentservice,0,0,0,0,0,0,0
2026-10-04T14:04:21Z,emailservice,productcatalogservice,0,0,0,0,0,0,0
2026-10-04T14:04:21Z,emailservice,recommendationservice,0,0,0,0,0,0,0
2026-10-04T14:04:21Z,emailservice,redis-cart,0,0,0,0,0,0,0
2026-10-04T14:04:21Z,emailservice,shippingservice,0,0,0,0,0,0,0
2026-10-04T14:04:21Z,frontend,adservice,784258,784255,0,0,0,2359611,783446
2026-10-04T14:04:21Z,frontend,cartservice,1748836,1748823,0,0,4,9713544,1747403
2026-10-04T14:04:21Z,frontend,checkoutservice,361098,176322,0,35019,149565,56429391,176253
2026-10-04T14:04:21Z,frontend,currencyservice,2780750,2780735,0,0,0,14730716,2778444
2026-10-04T14:04:21Z,frontend,emailservice,0,0,0,0,0,0,0
2026-10-04T14:04:21Z,frontend,frontend,0,0,0,0,0,0,0
2026-10-04T14:04:21Z,frontend,kubernetes,0,0,0,0,0,0,0
2026-10-04T14:04:21Z,frontend,paymentservice,0,0,0,0,0,0,0
2026-10-04T14:04:21Z,frontend,productcatalogservice,7780133,7780059,0,0,0,52890121,7772482
2026-10-04T14:04:21Z,frontend,recommendationservice,2541932,1542627,0,104145,892890,771046368,1541339
2026-10-04T14:04:21Z,frontend,redis-cart,0,0,0,0,0,0,0
2026-10-04T14:04:21Z,frontend,shippingservice,287720,287715,0,0,0,869489,287402
2026-10-04T14:04:21Z,paymentservice,adservice,0,0,0,0,0,0,0
2026-10-04T14:04:21Z,paymentservice,cartservice,0,0,0,0,0,0,0
2026-10-04T14:04:21Z,paymentservice,checkoutservice,0,0,0,0,0,0,0
2026-10-04T14:04:21Z,paymentservice,currencyservice,0,0,0,0,0,0,0
2026-10-04T14:04:21Z,paymentservice,emailservice,0,0,0,0,0,0,0
2026-10-04T14:04:21Z,paymentservice,frontend,0,0,0,0,0,0,0
2026-10-04T14:04:21Z,paymentservice,kubernetes,0,0,0,0,0,0,0
2026-10-04T14:04:21Z,paymentservice,paymentservice,0,0,0,0,0,0,0
2026-10-04T14:04:21Z,paymentservice,productcatalogservice,0,0,0,0,0,0,0
2026-10-04T14:04:21Z,paymentservice,recommendationservice,0,0,0,0,0,0,0
2026-10-04T14:04:21Z,paymentservice,redis-cart,0,0,0,0,0,0,0
2026-10-04T14:04:21Z,paymentservice,shippingservice,0,0,0,0,0,0,0
2026-10-04T14:04:21Z,productcatalogservice,adservice,0,0,0,0,0,0,0
2026-10-04T14:04:21Z,productcatalogservice,cartservice,0,0,0,0,0,0,0
2026-10-04T14:04:21Z,productcatalogservice,checkoutservice,0,0,0,0,0,0,0
2026-10-04T14:04:21Z,productcatalogservice,currencyservice,0,0,0,0,0,0,0
2026-10-04T14:04:21Z,productcatalogservice,emailservice,0,0,0,0,0,0,0
2026-10-04T14:04:21Z,productcatalogservice,frontend,0,0,0,0,0,0,0
2026-10-04T14:04:21Z,productcatalogservice,kubernetes,0,0,0,0,0,0,0
2026-10-04T14:04:21Z,productcatalogservice,paymentservice,0,0,0,0,0,0,0
2026-10-04T14:04:21Z,productcatalogservice,productcatalogservice,0,0,0,0,0,0,0
2026-10-04T14:04:21Z,productcatalogservice,recommendationservice,0,0,0,0,0,0,0
2026-10-04T14:04:21Z,productcatalogservice,redis-cart,0,0,0,0,0,0,0
2026-10-04T14:04:21Z,productcatalogservice,shippingservice,0,0,0,0,0,0,0
2026-10-04T14:04:21Z,recommendationservice,adservice,0,0,0,0,0,0,0
2026-10-04T14:04:21Z,recommendationservice,cartservice,0,0,0,0,0,0,0
2026-10-04T14:04:21Z,recommendationservice,checkoutservice,0,0,0,0,0,0,0
2026-10-04T14:04:21Z,recommendationservice,currencyservice,0,0,0,0,0,0,0
2026-10-04T14:04:21Z,recommendationservice,emailservice,0,0,0,0,0,0,0
2026-10-04T14:04:21Z,recommendationservice,frontend,0,0,0,0,0,0,0
2026-10-04T14:04:21Z,recommendationservice,kubernetes,0,0,0,0,0,0,0
2026-10-04T14:04:21Z,recommendationservice,paymentservice,0,0,0,0,0,0,0
2026-10-04T14:04:21Z,recommendationservice,productcatalogservice,17765,17765,0,0,0,111679,17159
2026-10-04T14:04:21Z,recommendationservice,recommendationservice,0,0,0,0,0,0,0
2026-10-04T14:04:21Z,recommendationservice,redis-cart,0,0,0,0,0,0,0
2026-10-04T14:04:21Z,recommendationservice,shippingservice,0,0,0,0,0,0,0
2026-10-04T14:04:21Z,redis-cart,adservice,0,0,0,0,0,0,0
2026-10-04T14:04:21Z,redis-cart,cartservice,0,0,0,0,0,0,0
2026-10-04T14:04:21Z,redis-cart,checkoutservice,0,0,0,0,0,0,0
2026-10-04T14:04:21Z,redis-cart,currencyservice,0,0,0,0,0,0,0
2026-10-04T14:04:21Z,redis-cart,emailservice,0,0,0,0,0,0,0
2026-10-04T14:04:21Z,redis-cart,frontend,0,0,0,0,0,0,0
2026-10-04T14:04:21Z,redis-cart,kubernetes,0,0,0,0,0,0,0
2026-10-04T14:04:21Z,redis-cart,paymentservice,0,0,0,0,0,0,0
2026-10-04T14:04:21Z,redis-cart,productcatalogservice,0,0,0,0,0,0,0
2026-10-04T14:04:21Z,redis-cart,recommendationservice,0,0,0,0,0,0,0
2026-10-04T14:04:21Z,redis-cart,redis-cart,0,0,0,0,0,0,0
2026-10-04T14:04:21Z,redis-cart,shippingservice,0,0,0,0,0,0,0
2026-10-04T14:04:21Z,shippingservice,adservice,0,0,0,0,0,0,0
2026-10-04T14:04:21Z,shippingservice,cartservice,0,0,0,0,0,0,0
2026-10-04T14:04:21Z,shippingservice,checkoutservice,0,0,0,0,0,0,0
2026-10-04T14:04:21Z,shippingservice,currencyservice,0,0,0,0,0,0,0
2026-10-04T14:04:21Z,shippingservice,emailservice,0,0,0,0,0,0,0
2026-10-04T14:04:21Z,shippingservice,frontend,0,0,0,0,0,0,0
2026-10-04T14:04:21Z,shippingservice,kubernetes,0,0,0,0,0,0,0
2026-10-04T14:04:21Z,shippingservice,paymentservice,0,0,0,0,0,0,0
2026-10-04T14:04:21Z,shippingservice,productcatalogservice,0,0,0,0,0,0,0
2026-10-04T14:04:21Z,shippingservice,recommendationservice,0,0,0,0,0,0,0
2026-10-04T14:04:21Z,shippingservice,redis-cart,0,0,0,0,0,0,0
2026-10-04T14:04:21Z,shippingservice,shippingservice,0,0,0,0,0,0,0
2026-10-04T14:04:22Z,adservice,adservice,0,0,0,0,0,0,0
2026-10-04T14:04:22Z,adservice,cartservice,0,0,0,0,0,0,0
2026-10-04T14:04:22Z,adservice,checkoutservice,0,0,0,0,0,0,0
2026-10-04T14:04:22Z,adservice,currencyservice,0,0,0,0,0,0,0
2026-10-04T14:04:22Z,adservice,emailservice,0,0,0,0,0,0,0
2026-10-04T14:04:22Z,adservice,frontend,0,0,0,0,0,0,0
2026-10-04T14:04:22Z,adservice,kubernetes,0,0,0,0,0,0,0
2026-10-04T14:04:22Z,adservice,paymentservice,0,0,0,0,0,0,0
2026-10-04T14:04:22Z,adservice,productcatalogservice,0,0,0,0,0,0,0
2026-10-04T14:04:22Z,adservice,recommendationservice,0,0,0,0,0,0,0
2026-10-04T14:04:22Z,adservice,redis-cart,0,0,0,0,0,0,0
2026-10-04T14:04:22Z,adservice,shippingservice,0,0,0,0,0,0,0
2026-10-04T14:04:22Z,cartservice,adservice,0,0,0,0,0,0,0
2026-10-04T14:04:22Z,cartservice,cartservice,0,0,0,0,0,0,0
2026-10-04T14:04:22Z,cartservice,checkoutservice,0,0,0,0,0,0,0
2026-10-04T14:04:22Z,cartservice,currencyservice,0,0,0,0,0,0,0
2026-10-04T14:04:22Z,cartservice,emailservice,0,0,0,0,0,0,0
2026-10-04T14:04:22Z,cartservice,frontend,0,0,0,0,0,0,0
2026-10-04T14:04:22Z,cartservice,kubernetes,0,0,0,0,0,0,0
2026-10-04T14:04:22Z,cartservice,paymentservice,0,0,0,0,0,0,0
2026-10-04T14:04:22Z,cartservice,productcatalogservice,0,0,0,0,0,0,0
2026-10-04T14:04:22Z,cartservice,recommendationservice,0,0,0,0,0,0,0
2026-10-04T14:04:22Z,cartservice,redis-cart,2,0,0,0,0,0,0
2026-10-04T14:04:22Z,cartservice,shippingservice,0,0,0,0,0,0,0
2026-10-04T14:04:22Z,checkoutservice,adservice,0,0,0,0,0,0,0
2026-10-04T14:04:22Z,checkoutservice,cartservice,9322,9136,0,27,0,96069,9008
2026-10-04T14:04:22Z,checkoutservice,checkoutservice,0,0,0,0,0,0,0
2026-10-04T14:04:22Z,checkoutservice,currencyservice,6389,6389,0,0,0,80052,6274
2026-10-04T14:04:22Z,checkoutservice,emailservice,2366,2227,0,37,0,111680,2227
2026-10-04T14:04:22Z,checkoutservice,frontend,0,0,0,0,0,0,0
2026-10-04T14:04:22Z,checkoutservice,kubernetes,0,0,0,0,0,0,0
2026-10-04T14:04:22Z,checkoutservice,paymentservice,6025,5812,0,18,0,82581,5693
2026-10-04T14:04:22Z,checkoutservice,productcatalogservice,0,0,0,0,0,0,0
2026-10-04T14:04:22Z,checkoutservice,recommendationservice,0,0,0,0,0,0,0
2026-10-04T14:04:22Z,checkoutservice,redis-cart,0,0,0,0,0,0,0
2026-10-04T14:04:22Z,checkoutservice,shippingservice,10767,10482,0,21,0,82031,10314
2026-10-04T14:04:22Z,currencyservice,adservice,0,0,0,0,0,0,0
2026-10-04T14:04:22Z,currencyservice,cartservice,0,0,0,0,0,0,0
2026-10-04T14:04:22Z,currencyservice,checkoutservice,0,0,0,0,0,0,0
2026-10-04T14:04:22Z,currencyservice,currencyservice,0,0,0,0,0,0,0
2026-10-04T14:04:22Z,currencyservice,emailservice,0,0,0,0,0,0,0
2026-10-04T14:04:22Z,currencyservice,frontend,0,0,0,0,0,0,0
2026-10-04T14:04:22Z,currencyservice,kubernetes,0,0,0,0,0,0,0
2026-10-04T14:04:22Z,currencyservice,paymentservice,0,0,0,0,0,0,0
2026-10-04T14:04:22Z,currencyservice,productcatalogservice,0,0,0,0,0,0,0
2026-10-04T14:04:22Z,currencyservice,recommendationservice,0,0,0,0,0,0,0
2026-10-04T14:04:22Z,currencyservice,redis-cart,0,0,0,0,0,0,0
2026-10-04T14:04:22Z,currencyservice,shippingservice,0,0,0,0,0,0,0
2026-10-04T14:04:22Z,emailservice,adservice,0,0,0,0,0,0,0
2026-10-04T14:04:22Z,emailservice,cartservice,0,0,0,0,0,0,0
2026-10-04T14:04:22Z,emailservice,checkoutservice,0,0,0,0,0,0,0
2026-10-04T14:04:22Z,emailservice,currencyservice,0,0,0,0,0,0,0
2026-10-04T14:04:22Z,emailservice,emailservice,0,0,0,0,0,0,0
2026-10-04T14:04:22Z,emailservice,frontend,0,0,0,0,0,0,0
2026-10-04T14:04:22Z,emailservice,kubernetes,0,0,0,0,0,0,0
2026-10-04T14:04:22Z,emailservice,paymentservice,0,0,0,0,0,0,0
2026-10-04T14:04:22Z,emailservice,productcatalogservice,0,0,0,0,0,0,0
2026-10-04T14:04:22Z,emailservice,recommendationservice,0,0,0,0,0,0,0
2026-10-04T14:04:22Z,emailservice,redis-cart,0,0,0,0,0,0,0
2026-10-04T14:04:22Z,emailservice,shippingservice,0,0,0,0,0,0,0
2026-10-04T14:04:22Z,frontend,adservice,784544,784539,0,0,0,2359611,783446
2026-10-04T14:04:22Z,frontend,cartservice,1749331,1749316,0,0,4,9713544,1747403
2026-10-04T14:04:22Z,frontend,checkoutservice,361301,176348,0,35051,149712,56429391,176253
2026-10-04T14:04:22Z,frontend,currencyservice,2781530,2781521,0,0,0,14730716,2778444
2026-10-04T14:04:22Z,frontend,emailservice,0,0,0,0,0,0,0
2026-10-04T14:04:22Z,frontend,frontend,0,0,0,0,0,0,0
2026-10-04T14:04:22Z,frontend,kubernetes,0,0,0,0,0,0,0
2026-10-04T14:04:22Z,frontend,paymentservice,0,0,0,0,0,0,0
2026-10-04T14:04:22Z,frontend,productcatalogservice,7782772,7782678,0,0,0,52890121,7772482
2026-10-04T14:04:22Z,frontend,recommendationservice,2542387,1543090,0,104145,892890,771046368,1541339
2026-10-04T14:04:22Z,frontend,redis-cart,0,0,0,0,0,0,0
2026-10-04T14:04:22Z,frontend,shippingservice,287816,287813,0,0,0,869489,287402
2026-10-04T14:04:22Z,paymentservice,adservice,0,0,0,0,0,0,0
2026-10-04T14:04:22Z,paymentservice,cartservice,0,0,0,0,0,0,0
2026-10-04T14:04:22Z,paymentservice,checkoutservice,0,0,0,0,0,0,0
2026-10-04T14:04:22Z,paymentservice,currencyservice,0,0,0,0,0,0,0
2026-10-04T14:04:22Z,paymentservice,emailservice,0,0,0,0,0,0,0
2026-10-04T14:04:22Z,paymentservice,frontend,0,0,0,0,0,0,0
2026-10-04T14:04:22Z,paymentservice,kubernetes,0,0,0,0,0,0,0
2026-10-04T14:04:22Z,paymentservice,paymentservice,0,0,0,0,0,0,0
2026-10-04T14:04:22Z,paymentservice,productcatalogservice,0,0,0,0,0,0,0
2026-10-04T14:04:22Z,paymentservice,recommendationservice,0,0,0,0,0,0,0
2026-10-04T14:04:22Z,paymentservice,redis-cart,0,0,0,0,0,0,0
2026-10-04T14:04:22Z,paymentservice,shippingservice,0,0,0,0,0,0,0
2026-10-04T14:04:22Z,productcatalogservice,adservice,0,0,0,0,0,0,0
2026-10-04T14:04:22Z,productcatalogservice,cartservice,0,0,0,0,0,0,0
2026-10-04T14:04:22Z,productcatalogservice,checkoutservice,0,0,0,0,0,0,0
2026-10-04T14:04:22Z,productcatalogservice,currencyservice,0,0,0,0,0,0,0
2026-10-04T14:04:22Z,productcatalogservice,emailservice,0,0,0,0,0,0,0
2026-10-04T14:04:22Z,productcatalogservice,frontend,0,0,0,0,0,0,0
2026-10-04T14:04:22Z,productcatalogservice,kubernetes,0,0,0,0,0,0,0
2026-10-04T14:04:22Z,productcatalogservice,paymentservice,0,0,0,0,0,0,0
2026-10-04T14:04:22Z,productcatalogservice,productcatalogservice,0,0,0,0,0,0,0
2026-10-04T14:04:22Z,productcatalogservice,recommendationservice,0,0,0,0,0,0,0
2026-10-04T14:04:22Z,productcatalogservice,redis-cart,0,0,0,0,0,0,0
2026-10-04T14:04:22Z,productcatalogservice,shippingservice,0,0,0,0,0,0,0
2026-10-04T14:04:22Z,recommendationservice,adservice,0,0,0,0,0,0,0
2026-10-04T14:04:22Z,recommendationservice,cartservice,0,0,0,0,0,0,0
2026-10-04T14:04:22Z,recommendationservice,checkoutservice,0,0,0,0,0,0,0
2026-10-04T14:04:22Z,recommendationservice,currencyservice,0,0,0,0,0,0,0
2026-10-04T14:04:22Z,recommendationservice,emailservice,0,0,0,0,0,0,0
2026-10-04T14:04:22Z,recommendationservice,frontend,0,0,0,0,0,0,0
2026-10-04T14:04:22Z,recommendationservice,kubernetes,0,0,0,0,0,0,0
2026-10-04T14:04:22Z,recommendationservice,paymentservice,0,0,0,0,0,0,0
2026-10-04T14:04:22Z,recommendationservice,productcatalogservice,18207,18207,0,0,0,111679,17159
2026-10-04T14:04:22Z,recommendationservice,recommendationservice,0,0,0,0,0,0,0
2026-10-04T14:04:22Z,recommendationservice,redis-cart,0,0,0,0,0,0,0
2026-10-04T14:04:22Z,recommendationservice,shippingservice,0,0,0,0,0,0,0
2026-10-04T14:04:22Z,redis-cart,adservice,0,0,0,0,0,0,0
2026-10-04T14:04:22Z,redis-cart,cartservice,0,0,0,0,0,0,0
2026-10-04T14:04:22Z,redis-cart,checkoutservice,0,0,0,0,0,0,0
2026-10-04T14:04:22Z,redis-cart,currencyservice,0,0,0,0,0,0,0
2026-10-04T14:04:22Z,redis-cart,emailservice,0,0,0,0,0,0,0
2026-10-04T14:04:22Z,redis-cart,frontend,0,0,0,0,0,0,0
2026-10-04T14:04:22Z,redis-cart,kubernetes,0,0,0,0,0,0,0
2026-10-04T14:04:22Z,redis-cart,paymentservice,0,0,0,0,0,0,0
2026-10-04T14:04:22Z,redis-cart,productcatalogservice,0,0,0,0,0,0,0
2026-10-04T14:04:22Z,redis-cart,recommendationservice,0,0,0,0,0,0,0
2026-10-04T14:04:22Z,redis-cart,redis-cart,0,0,0,0,0,0,0
2026-10-04T14:04:22Z,redis-cart,shippingservice,0,0,0,0,0,0,0
2026-10-04T14:04:22Z,shippingservice,adservice,0,0,0,0,0,0,0
2026-10-04T14:04:22Z,shippingservice,cartservice,0,0,0,0,0,0,0
2026-10-04T14:04:22Z,shippingservice,checkoutservice,0,0,0,0,0,0,0
2026-10-04T14:04:22Z,shippingservice,currencyservice,0,0,0,0,0,0,0
2026-10-04T14:04:22Z,shippingservice,emailservice,0,0,0,0,0,0,0
2026-10-04T14:04:22Z,shippingservice,frontend,0,0,0,0,0,0,0
2026-10-04T14:04:22Z,shippingservice,kubernetes,0,0,0,0,0,0,0
2026-10-04T14:04:22Z,shippingservice,paymentservice,0,0,0,0,0,0,0
2026-10-04T14:04:22Z,shippingservice,productcatalogservice,0,0,0,0,0,0,0
2026-10-04T14:04:22Z,shippingservice,recommendationservice,0,0,0,0,0,0,0
2026-10-04T14:04:22Z,shippingservice,redis-cart,0,0,0,0,0,0,0
2026-10-04T14:04:22Z,shippingservice,shippingservice,0,0,0,0,0,0,0
2026-10-04T14:04:23Z,adservice,adservice,0,0,0,0,0,0,0
2026-10-04T14:04:23Z,adservice,cartservice,0,0,0,0,0,0,0
2026-10-04T14:04:23Z,adservice,checkoutservice,0,0,0,0,0,0,0
2026-10-04T14:04:23Z,adservice,currencyservice,0,0,0,0,0,0,0
2026-10-04T14:04:23Z,adservice,emailservice,0,0,0,0,0,0,0
2026-10-04T14:04:23Z,adservice,frontend,0,0,0,0,0,0,0
2026-10-04T14:04:23Z,adservice,kubernetes,0,0,0,0,0,0,0
2026-10-04T14:04:23Z,adservice,paymentservice,0,0,0,0,0,0,0
2026-10-04T14:04:23Z,adservice,productcatalogservice,0,0,0,0,0,0,0
2026-10-04T14:04:23Z,adservice,recommendationservice,0,0,0,0,0,0,0
2026-10-04T14:04:23Z,adservice,redis-cart,0,0,0,0,0,0,0
2026-10-04T14:04:23Z,adservice,shippingservice,0,0,0,0,0,0,0
2026-10-04T14:04:23Z,cartservice,adservice,0,0,0,0,0,0,0
2026-10-04T14:04:23Z,cartservice,cartservice,0,0,0,0,0,0,0
2026-10-04T14:04:23Z,cartservice,checkoutservice,0,0,0,0,0,0,0
2026-10-04T14:04:23Z,cartservice,currencyservice,0,0,0,0,0,0,0
2026-10-04T14:04:23Z,cartservice,emailservice,0,0,0,0,0,0,0
2026-10-04T14:04:23Z,cartservice,frontend,0,0,0,0,0,0,0
2026-10-04T14:04:23Z,cartservice,kubernetes,0,0,0,0,0,0,0
2026-10-04T14:04:23Z,cartservice,paymentservice,0,0,0,0,0,0,0
2026-10-04T14:04:23Z,cartservice,productcatalogservice,0,0,0,0,0,0,0
2026-10-04T14:04:23Z,cartservice,recommendationservice,0,0,0,0,0,0,0
2026-10-04T14:04:23Z,cartservice,redis-cart,2,0,0,0,0,0,0
2026-10-04T14:04:23Z,cartservice,shippingservice,0,0,0,0,0,0,0
2026-10-04T14:04:23Z,checkoutservice,adservice,0,0,0,0,0,0,0
2026-10-04T14:04:23Z,checkoutservice,cartservice,9540,9345,0,28,0,96069,9008
2026-10-04T14:04:23Z,checkoutservice,checkoutservice,0,0,0,0,0,0,0
2026-10-04T14:04:23Z,checkoutservice,currencyservice,6570,6570,0,0,0,80052,6274
2026-10-04T14:04:23Z,checkoutservice,emailservice,2369,2230,0,37,0,111680,2227
2026-10-04T14:04:23Z,checkoutservice,frontend,0,0,0,0,0,0,0
2026-10-04T14:04:23Z,checkoutservice,kubernetes,0,0,0,0,0,0,0
2026-10-04T14:04:23Z,checkoutservice,paymentservice,6203,5980,0,18,0,82581,5693
2026-10-04T14:04:23Z,checkoutservice,productcatalogservice,0,0,0,0,0,0,0
2026-10-04T14:04:23Z,checkoutservice,recommendationservice,0,0,0,0,0,0,0
2026-10-04T14:04:23Z,checkoutservice,redis-cart,0,0,0,0,0,0,0
2026-10-04T14:04:23Z,checkoutservice,shippingservice,11043,10745,0,21,0,82031,10314
2026-10-04T14:04:23Z,currencyservice,adservice,0,0,0,0,0,0,0
2026-10-04T14:04:23Z,currencyservice,cartservice,0,0,0,0,0,0,0
2026-10-04T14:04:23Z,currencyservice,checkoutservice,0,0,0,0,0,0,0
2026-10-04T14:04:23Z,currencyservice,currencyservice,0,0,0,0,0,0,0
2026-10-04T14:04:23Z,currencyservice,emailservice,0,0,0,0,0,0,0
2026-10-04T14:04:23Z,currencyservice,frontend,0,0,0,0,0,0,0
2026-10-04T14:04:23Z,currencyservice,kubernetes,0,0,0,0,0,0,0
2026-10-04T14:04:23Z,currencyservice,paymentservice,0,0,0,0,0,0,0
2026-10-04T14:04:23Z,currencyservice,productcatalogservice,0,0,0,0,0,0,0
2026-10-04T14:04:23Z,currencyservice,recommendationservice,0,0,0,0,0,0,0
2026-10-04T14:04:23Z,currencyservice,redis-cart,0,0,0,0,0,0,0
2026-10-04T14:04:23Z,currencyservice,shippingservice,0,0,0,0,0,0,0
2026-10-04T14:04:23Z,emailservice,adservice,0,0,0,0,0,0,0
2026-10-04T14:04:23Z,emailservice,cartservice,0,0,0,0,0,0,0
2026-10-04T14:04:23Z,emailservice,checkoutservice,0,0,0,0,0,0,0
2026-10-04T14:04:23Z,emailservice,currencyservice,0,0,0,0,0,0,0
2026-10-04T14:04:23Z,emailservice,emailservice,0,0,0,0,0,0,0
2026-10-04T14:04:23Z,emailservice,frontend,0,0,0,0,0,0,0
2026-10-04T14:04:23Z,emailservice,kubernetes,0,0,0,0,0,0,0
2026-10-04T14:04:23Z,emailservice,paymentservice,0,0,0,0,0,0,0
2026-10-04T14:04:23Z,emailservice,productcatalogservice,0,0,0,0,0,0,0
2026-10-04T14:04:23Z,emailservice,recommendationservice,0,0,0,0,0,0,0
2026-10-04T14:04:23Z,emailservice,redis-cart,0,0,0,0,0,0,0
2026-10-04T14:04:23Z,emailservice,shippingservice,0,0,0,0,0,0,0
2026-10-04T14:04:23Z,frontend,adservice,784824,784820,0,0,0,2363207,784501
2026-10-04T14:04:23Z,frontend,cartservice,1749791,1749778,0,0,4,9725440,1749194
2026-10-04T14:04:23Z,frontend,checkoutservice,361495,176377,0,35085,149842,56525696,176337
2026-10-04T14:04:23Z,frontend,currencyservice,2782276,2782269,0,0,0,14748411,2781339
2026-10-04T14:04:23Z,frontend,emailservice,0,0,0,0,0,0,0
2026-10-04T14:04:23Z,frontend,frontend,0,0,0,0,0,0,0
2026-10-04T14:04:23Z,frontend,kubernetes,0,0,0,0,0,0,0
2026-10-04T14:04:23Z,frontend,paymentservice,0,0,0,0,0,0,0
2026-10-04T14:04:23Z,frontend,productcatalogservice,7785356,7785266,0,0,0,52968397,7782152
2026-10-04T14:04:23Z,frontend,recommendationservice,2542821,1543535,0,104145,892890,771337974,1543003
2026-10-04T14:04:23Z,frontend,redis-cart,0,0,0,0,0,0,0
2026-10-04T14:04:23Z,frontend,shippingservice,287920,287918,0,0,0,870801,287788
2026-10-04T14:04:23Z,paymentservice,adservice,0,0,0,0,0,0,0
2026-10-04T14:04:23Z,paymentservice,cartservice,0,0,0,0,0,0,0
2026-10-04T14:04:23Z,paymentservice,checkoutservice,0,0,0,0,0,0,0
2026-10-04T14:04:23Z,paymentservice,currencyservice,0,0,0,0,0,0,0
2026-10-04T14:04:23Z,paymentservice,emailservice,0,0,0,0,0,0,0
2026-10-04T14:04:23Z,paymentservice,frontend,0,0,0,0,0,0,0
2026-10-04T14:04:23Z,paymentservice,kubernetes,0,0,0,0,0,0,0
2026-10-04T14:04:23Z,paymentservice,paymentservice,0,0,0,0,0,0,0
2026-10-04T14:04:23Z,paymentservice,productcatalogservice,0,0,0,0,0,0,0
2026-10-04T14:04:23Z,paymentservice,recommendationservice,0,0,0,0,0,0,0
2026-10-04T14:04:23Z,paymentservice,redis-cart,0,0,0,0,0,0,0
2026-10-04T14:04:23Z,paymentservice,shippingservice,0,0,0,0,0,0,0
2026-10-04T14:04:23Z,productcatalogservice,adservice,0,0,0,0,0,0,0
2026-10-04T14:04:23Z,productcatalogservice,cartservice,0,0,0,0,0,0,0
2026-10-04T14:04:23Z,productcatalogservice,checkoutservice,0,0,0,0,0,0,0
2026-10-04T14:04:23Z,productcatalogservice,currencyservice,0,0,0,0,0,0,0
2026-10-04T14:04:23Z,productcatalogservice,emailservice,0,0,0,0,0,0,0
2026-10-04T14:04:23Z,productcatalogservice,frontend,0,0,0,0,0,0,0
2026-10-04T14:04:23Z,productcatalogservice,kubernetes,0,0,0,0,0,0,0
2026-10-04T14:04:23Z,productcatalogservice,paymentservice,0,0,0,0,0,0,0
2026-10-04T14:04:23Z,productcatalogservice,productcatalogservice,0,0,0,0,0,0,0
2026-10-04T14:04:23Z,productcatalogservice,recommendationservice,0,0,0,0,0,0,0
2026-10-04T14:04:23Z,productcatalogservice,redis-cart,0,0,0,0,0,0,0
2026-10-04T14:04:23Z,productcatalogservice,shippingservice,0,0,0,0,0,0,0
2026-10-04T14:04:23Z,recommendationservice,adservice,0,0,0,0,0,0,0
2026-10-04T14:04:23Z,recommendationservice,cartservice,0,0,0,0,0,0,0
2026-10-04T14:04:23Z,recommendationservice,checkoutservice,0,0,0,0,0,0,0
2026-10-04T14:04:23Z,recommendationservice,currencyservice,0,0,0,0,0,0,0
2026-10-04T14:04:23Z,recommendationservice,emailservice,0,0,0,0,0,0,0
2026-10-04T14:04:23Z,recommendationservice,frontend,0,0,0,0,0,0,0
2026-10-04T14:04:23Z,recommendationservice,kubernetes,0,0,0,0,0,0,0
2026-10-04T14:04:23Z,recommendationservice,paymentservice,0,0,0,0,0,0,0
2026-10-04T14:04:23Z,recommendationservice,productcatalogservice,18665,18660,0,0,0,111679,17159
2026-10-04T14:04:23Z,recommendationservice,recommendationservice,0,0,0,0,0,0,0
2026-10-04T14:04:23Z,recommendationservice,redis-cart,0,0,0,0,0,0,0
2026-10-04T14:04:23Z,recommendationservice,shippingservice,0,0,0,0,0,0,0
2026-10-04T14:04:23Z,redis-cart,adservice,0,0,0,0,0,0,0
2026-10-04T14:04:23Z,redis-cart,cartservice,0,0,0,0,0,0,0
2026-10-04T14:04:23Z,redis-cart,checkoutservice,0,0,0,0,0,0,0
2026-10-04T14:04:23Z,redis-cart,currencyservice,0,0,0,0,0,0,0
2026-10-04T14:04:23Z,redis-cart,emailservice,0,0,0,0,0,0,0
2026-10-04T14:04:23Z,redis-cart,frontend,0,0,0,0,0,0,0
2026-10-04T14:04:23Z,redis-cart,kubernetes,0,0,0,0,0,0,0
2026-10-04T14:04:23Z,redis-cart,paymentservice,0,0,0,0,0,0,0
2026-10-04T14:04:23Z,redis-cart,productcatalogservice,0,0,0,0,0,0,0
2026-10-04T14:04:23Z,redis-cart,recommendationservice,0,0,0,0,0,0,0
2026-10-04T14:04:23Z,redis-cart,redis-cart,0,0,0,0,0,0,0
2026-10-04T14:04:23Z,redis-cart,shippingservice,0,0,0,0,0,0,0
2026-10-04T14:04:23Z,shippingservice,adservice,0,0,0,0,0,0,0
2026-10-04T14:04:23Z,shippingservice,cartservice,0,0,0,0,0,0,0
2026-10-04T14:04:23Z,shippingservice,checkoutservice,0,0,0,0,0,0,0
2026-10-04T14:04:23Z,shippingservice,currencyservice,0,0,0,0,0,0,0
2026-10-04T14:04:23Z,shippingservice,emailservice,0,0,0,0,0,0,0
2026-10-04T14:04:23Z,shippingservice,frontend,0,0,0,0,0,0,0
2026-10-04T14:04:23Z,shippingservice,kubernetes,0,0,0,0,0,0,0
2026-10-04T14:04:23Z,shippingservice,paymentservice,0,0,0,0,0,0,0
2026-10-04T14:04:23Z,shippingservice,productcatalogservice,0,0,0,0,0,0,0
2026-10-04T14:04:23Z,shippingservice,recommendationservice,0,0,0,0,0,0,0
2026-10-04T14:04:23Z,shippingservice,redis-cart,0,0,0,0,0,0,0
2026-10-04T14:04:23Z,shippingservice,shippingservice,0,0,0,0,0,0,0
2026-10-04T14:04:24Z,adservice,adservice,0,0,0,0,0,0,0
2026-10-04T14:04:24Z,adservice,cartservice,0,0,0,0,0,0,0
2026-10-04T14:04:24Z,adservice,checkoutservice,0,0,0,0,0,0,0
2026-10-04T14:04:24Z,adservice,currencyservice,0,0,0,0,0,0,0
2026-10-04T14:04:24Z,adservice,emailservice,0,0,0,0,0,0,0
2026-10-04T14:04:24Z,adservice,frontend,0,0,0,0,0,0,0
2026-10-04T14:04:24Z,adservice,kubernetes,0,0,0,0,0,0,0
2026-10-04T14:04:24Z,adservice,paymentservice,0,0,0,0,0,0,0
2026-10-04T14:04:24Z,adservice,productcatalogservice,0,0,0,0,0,0,0
2026-10-04T14:04:24Z,adservice,recommendationservice,0,0,0,0,0,0,0
2026-10-04T14:04:24Z,adservice,redis-cart,0,0,0,0,0,0,0
2026-10-04T14:04:24Z,adservice,shippingservice,0,0,0,0,0,0,0
2026-10-04T14:04:24Z,cartservice,adservice,0,0,0,0,0,0,0
2026-10-04T14:04:24Z,cartservice,cartservice,0,0,0,0,0,0,0
2026-10-04T14:04:24Z,cartservice,checkoutservice,0,0,0,0,0,0,0
2026-10-04T14:04:24Z,cartservice,currencyservice,0,0,0,0,0,0,0
2026-10-04T14:04:24Z,cartservice,emailservice,0,0,0,0,0,0,0
2026-10-04T14:04:24Z,cartservice,frontend,0,0,0,0,0,0,0
2026-10-04T14:04:24Z,cartservice,kubernetes,0,0,0,0,0,0,0
2026-10-04T14:04:24Z,cartservice,paymentservice,0,0,0,0,0,0,0
2026-10-04T14:04:24Z,cartservice,productcatalogservice,0,0,0,0,0,0,0
2026-10-04T14:04:24Z,cartservice,recommendationservice,0,0,0,0,0,0,0
2026-10-04T14:04:24Z,cartservice,redis-cart,2,0,0,0,0,0,0
2026-10-04T14:04:24Z,cartservice,shippingservice,0,0,0,0,0,0,0
2026-10-04T14:04:24Z,checkoutservice,adservice,0,0,0,0,0,0,0
2026-10-04T14:04:24Z,checkoutservice,cartservice,9783,9550,0,30,0,96069,9008
2026-10-04T14:04:24Z,checkoutservice,checkoutservice,0,0,0,0,0,0,0
2026-10-04T14:04:24Z,checkoutservice,currencyservice,6781,6781,0,0,0,80052,6274
2026-10-04T14:04:24Z,checkoutservice,emailservice,2370,2230,0,38,0,111680,2227
2026-10-04T14:04:24Z,checkoutservice,frontend,0,0,0,0,0,0,0
2026-10-04T14:04:24Z,checkoutservice,kubernetes,0,0,0,0,0,0,0
2026-10-04T14:04:24Z,checkoutservice,paymentservice,6406,6173,0,19,0,82581,5693
2026-10-04T14:04:24Z,checkoutservice,productcatalogservice,0,0,0,0,0,0,0
2026-10-04T14:04:24Z,checkoutservice,recommendationservice,0,0,0,0,0,0,0
2026-10-04T14:04:24Z,checkoutservice,redis-cart,0,0,0,0,0,0,0
2026-10-04T14:04:24Z,checkoutservice,shippingservice,11364,11044,0,22,0,82031,10314
2026-10-04T14:04:24Z,currencyservice,adservice,0,0,0,0,0,0,0
2026-10-04T14:04:24Z,currencyservice,cartservice,0,0,0,0,0,0,0
2026-10-04T14:04:24Z,currencyservice,checkoutservice,0,0,0,0,0,0,0
2026-10-04T14:04:24Z,currencyservice,currencyservice,0,0,0,0,0,0,0
2026-10-04T14:04:24Z,currencyservice,emailservice,0,0,0,0,0,0,0
2026-10-04T14:04:24Z,currencyservice,frontend,0,0,0,0,0,0,0
2026-10-04T14:04:24Z,currencyservice,kubernetes,0,0,0,0,0,0,0
2026-10-04T14:04:24Z,currencyservice,paymentservice,0,0,0,0,0,0,0
2026-10-04T14:04:24Z,currencyservice,productcatalogservice,0,0,0,0,0,0,0
2026-10-04T14:04:24Z,currencyservice,recommendationservice,0,0,0,0,0,0,0
2026-10-04T14:04:24Z,currencyservice,redis-cart,0,0,0,0,0,0,0
2026-10-04T14:04:24Z,currencyservice,shippingservice,0,0,0,0,0,0,0
2026-10-04T14:04:24Z,emailservice,adservice,0,0,0,0,0,0,0
2026-10-04T14:04:24Z,emailservice,cartservice,0,0,0,0,0,0,0
2026-10-04T14:04:24Z,emailservice,checkoutservice,0,0,0,0,0,0,0
2026-10-04T14:04:24Z,emailservice,currencyservice,0,0,0,0,0,0,0
2026-10-04T14:04:24Z,emailservice,emailservice,0,0,0,0,0,0,0
2026-10-04T14:04:24Z,emailservice,frontend,0,0,0,0,0,0,0
2026-10-04T14:04:24Z,emailservice,kubernetes,0,0,0,0,0,0,0
2026-10-04T14:04:24Z,emailservice,paymentservice,0,0,0,0,0,0,0
2026-10-04T14:04:24Z,emailservice,productcatalogservice,0,0,0,0,0,0,0
2026-10-04T14:04:24Z,emailservice,recommendationservice,0,0,0,0,0,0,0
2026-10-04T14:04:24Z,emailservice,redis-cart,0,0,0,0,0,0,0
2026-10-04T14:04:24Z,emailservice,shippingservice,0,0,0,0,0,0,0
2026-10-04T14:04:24Z,frontend,adservice,785106,785103,0,0,0,2364251,784823
2026-10-04T14:04:24Z,frontend,cartservice,1750247,1750230,0,0,4,9729308,1749748
2026-10-04T14:04:24Z,frontend,checkoutservice,361703,176399,0,35123,149986,56570896,176372
2026-10-04T14:04:24Z,frontend,currencyservice,2783000,2782989,0,0,0,14753975,2782213
2026-10-04T14:04:24Z,frontend,emailservice,0,0,0,0,0,0,0
2026-10-04T14:04:24Z,frontend,frontend,0,0,0,0,0,0,0
2026-10-04T14:04:24Z,frontend,kubernetes,0,0,0,0,0,0,0
2026-10-04T14:04:24Z,frontend,paymentservice,0,0,0,0,0,0,0
2026-10-04T14:04:24Z,frontend,productcatalogservice,7787930,7787851,0,0,0,53000906,7785212
2026-10-04T14:04:24Z,frontend,recommendationservice,2543239,1543974,0,104145,892890,771429676,1543529
2026-10-04T14:04:24Z,frontend,redis-cart,0,0,0,0,0,0,0
2026-10-04T14:04:24Z,frontend,shippingservice,288024,288020,0,0,0,871183,287903
2026-10-04T14:04:24Z,paymentservice,adservice,0,0,0,0,0,0,0
2026-10-04T14:04:24Z,paymentservice,cartservice,0,0,0,0,0,0,0
2026-10-04T14:04:24Z,paymentservice,checkoutservice,0,0,0,0,0,0,0
2026-10-04T14:04:24Z,paymentservice,currencyservice,0,0,0,0,0,0,0
2026-10-04T14:04:24Z,paymentservice,emailservice,0,0,0,0,0,0,0
2026-10-04T14:04:24Z,paymentservice,frontend,0,0,0,0,0,0,0
2026-10-04T14:04:24Z,paymentservice,kubernetes,0,0,0,0,0,0,0
2026-10-04T14:04:24Z,paymentservice,paymentservice,0,0,0,0,0,0,0
2026-10-04T14:04:24Z,paymentservice,productcatalogservice,0,0,0,0,0,0,0
2026-10-04T14:04:24Z,paymentservice,recommendationservice,0,0,0,0,0,0,0
2026-10-04T14:04:24Z,paymentservice,redis-cart,0,0,0,0,0,0,0
2026-10-04T14:04:24Z,paymentservice,shippingservice,0,0,0,0,0,0,0
2026-10-04T14:04:24Z,productcatalogservice,adservice,0,0,0,0,0,0,0
2026-10-04T14:04:24Z,productcatalogservice,cartservice,0,0,0,0,0,0,0
2026-10-04T14:04:24Z,productcatalogservice,checkoutservice,0,0,0,0,0,0,0
2026-10-04T14:04:24Z,productcatalogservice,currencyservice,0,0,0,0,0,0,0
2026-10-04T14:04:24Z,productcatalogservice,emailservice,0,0,0,0,0,0,0
2026-10-04T14:04:24Z,productcatalogservice,frontend,0,0,0,0,0,0,0
2026-10-04T14:04:24Z,productcatalogservice,kubernetes,0,0,0,0,0,0,0
2026-10-04T14:04:24Z,productcatalogservice,paymentservice,0,0,0,0,0,0,0
2026-10-04T14:04:24Z,productcatalogservice,productcatalogservice,0,0,0,0,0,0,0
2026-10-04T14:04:24Z,productcatalogservice,recommendationservice,0,0,0,0,0,0,0
2026-10-04T14:04:24Z,productcatalogservice,redis-cart,0,0,0,0,0,0,0
2026-10-04T14:04:24Z,productcatalogservice,shippingservice,0,0,0,0,0,0,0
2026-10-04T14:04:24Z,recommendationservice,adservice,0,0,0,0,0,0,0
2026-10-04T14:04:24Z,recommendationservice,cartservice,0,0,0,0,0,0,0
2026-10-04T14:04:24Z,recommendationservice,checkoutservice,0,0,0,0,0,0,0
2026-10-04T14:04:24Z,recommendationservice,currencyservice,0,0,0,0,0,0,0
2026-10-04T14:04:24Z,recommendationservice,emailservice,0,0,0,0,0,0,0
2026-10-04T14:04:24Z,recommendationservice,frontend,0,0,0,0,0,0,0
2026-10-04T14:04:24Z,recommendationservice,kubernetes,0,0,0,0,0,0,0
2026-10-04T14:04:24Z,recommendationservice,paymentservice,0,0,0,0,0,0,0
2026-10-04T14:04:24Z,recommendationservice,productcatalogservice,19096,19090,0,0,0,111679,17159
2026-10-04T14:04:24Z,recommendationservice,recommendationservice,0,0,0,0,0,0,0
2026-10-04T14:04:24Z,recommendationservice,redis-cart,0,0,0,0,0,0,0
2026-10-04T14:04:24Z,recommendationservice,shippingservice,0,0,0,0,0,0,0
2026-10-04T14:04:24Z,redis-cart,adservice,0,0,0,0,0,0,0
2026-10-04T14:04:24Z,redis-cart,cartservice,0,0,0,0,0,0,0
2026-10-04T14:04:24Z,redis-cart,checkoutservice,0,0,0,0,0,0,0
2026-10-04T14:04:24Z,redis-cart,currencyservice,0,0,0,0,0,0,0
2026-10-04T14:04:24Z,redis-cart,emailservice,0,0,0,0,0,0,0
2026-10-04T14:04:24Z,redis-cart,frontend,0,0,0,0,0,0,0
2026-10-04T14:04:24Z,redis-cart,kubernetes,0,0,0,0,0,0,0
2026-10-04T14:04:24Z,redis-cart,paymentservice,0,0,0,0,0,0,0
2026-10-04T14:04:24Z,redis-cart,productcatalogservice,0,0,0,0,0,0,0
2026-10-04T14:04:24Z,redis-cart,recommendationservice,0,0,0,0,0,0,0
2026-10-04T14:04:24Z,redis-cart,redis-cart,0,0,0,0,0,0,0
2026-10-04T14:04:24Z,redis-cart,shippingservice,0,0,0,0,0,0,0
2026-10-04T14:04:24Z,shippingservice,adservice,0,0,0,0,0,0,0
2026-10-04T14:04:24Z,shippingservice,cartservice,0,0,0,0,0,0,0
2026-10-04T14:04:24Z,shippingservice,checkoutservice,0,0,0,0,0,0,0
2026-10-04T14:04:24Z,shippingservice,currencyservice,0,0,0,0,0,0,0
2026-10-04T14:04:24Z,shippingservice,emailservice,0,0,0,0,0,0,0
2026-10-04T14:04:24Z,shippingservice,frontend,0,0,0,0,0,0,0
2026-10-04T14:04:24Z,shippingservice,kubernetes,0,0,0,0,0,0,0
2026-10-04T14:04:24Z,shippingservice,paymentservice,0,0,0,0,0,0,0
2026-10-04T14:04:24Z,shippingservice,productcatalogservice,0,0,0,0,0,0,0
2026-10-04T14:04:24Z,shippingservice,recommendationservice,0,0,0,0,0,0,0
2026-10-04T14:04:24Z,shippingservice,redis-cart,0,0,0,0,0,0,0
2026-10-04T14:04:24Z,shippingservice,shippingservice,0,0,0,0,0,0,0
2026-10-04T14:04:25Z,adservice,adservice,0,0,0,0,0,0,0
2026-10-04T14:04:25Z,adservice,cartservice,0,0,0,0,0,0,0
2026-10-04T14:04:25Z,adservice,checkoutservice,0,0,0,0,0,0,0
2026-10-04T14:04:25Z,adservice,currencyservice,0,0,0,0,0,0,0
2026-10-04T14:04:25Z,adservice,emailservice,0,0,0,0,0,0,0
2026-10-04T14:04:25Z,adservice,frontend,0,0,0,0,0,0,0
2026-10-04T14:04:25Z,adservice,kubernetes,0,0,0,0,0,0,0
2026-10-04T14:04:25Z,adservice,paymentservice,0,0,0,0,0,0,0
2026-10-04T14:04:25Z,adservice,productcatalogservice,0,0,0,0,0,0,0
2026-10-04T14:04:25Z,adservice,recommendationservice,0,0,0,0,0,0,0
2026-10-04T14:04:25Z,adservice,redis-cart,0,0,0,0,0,0,0
2026-10-04T14:04:25Z,adservice,shippingservice,0,0,0,0,0,0,0
2026-10-04T14:04:25Z,cartservice,adservice,0,0,0,0,0,0,0
2026-10-04T14:04:25Z,cartservice,cartservice,0,0,0,0,0,0,0
2026-10-04T14:04:25Z,cartservice,checkoutservice,0,0,0,0,0,0,0
2026-10-04T14:04:25Z,cartservice,currencyservice,0,0,0,0,0,0,0
2026-10-04T14:04:25Z,cartservice,emailservice,0,0,0,0,0,0,0
2026-10-04T14:04:25Z,cartservice,frontend,0,0,0,0,0,0,0
2026-10-04T14:04:25Z,cartservice,kubernetes,0,0,0,0,0,0,0
2026-10-04T14:04:25Z,cartservice,paymentservice,0,0,0,0,0,0,0
2026-10-04T14:04:25Z,cartservice,productcatalogservice,0,0,0,0,0,0,0
2026-10-04T14:04:25Z,cartservice,recommendationservice,0,0,0,0,0,0,0
2026-10-04T14:04:25Z,cartservice,redis-cart,2,0,0,0,0,0,0
2026-10-04T14:04:25Z,cartservice,shippingservice,0,0,0,0,0,0,0
2026-10-04T14:04:25Z,checkoutservice,adservice,0,0,0,0,0,0,0
2026-10-04T14:04:25Z,checkoutservice,cartservice,9989,9777,0,31,0,96069,9008
2026-10-04T14:04:25Z,checkoutservice,checkoutservice,0,0,0,0,0,0,0
2026-10-04T14:04:25Z,checkoutservice,currencyservice,6975,6975,0,0,0,80052,6274
2026-10-04T14:04:25Z,checkoutservice,emailservice,2370,2230,0,38,0,111680,2227
2026-10-04T14:04:25Z,checkoutservice,frontend,0,0,0,0,0,0,0
2026-10-04T14:04:25Z,checkoutservice,kubernetes,0,0,0,0,0,0,0
2026-10-04T14:04:25Z,checkoutservice,paymentservice,6575,6327,0,20,0,82581,5693
2026-10-04T14:04:25Z,checkoutservice,productcatalogservice,0,0,0,0,0,0,0
2026-10-04T14:04:25Z,checkoutservice,recommendationservice,0,0,0,0,0,0,0
2026-10-04T14:04:25Z,checkoutservice,redis-cart,0,0,0,0,0,0,0
2026-10-04T14:04:25Z,checkoutservice,shippingservice,11626,11286,0,23,0,82031,10314
2026-10-04T14:04:25Z,currencyservice,adservice,0,0,0,0,0,0,0
2026-10-04T14:04:25Z,currencyservice,cartservice,0,0,0,0,0,0,0
2026-10-04T14:04:25Z,currencyservice,checkoutservice,0,0,0,0,0,0,0
2026-10-04T14:04:25Z,currencyservice,currencyservice,0,0,0,0,0,0,0
2026-10-04T14:04:25Z,currencyservice,emailservice,0,0,0,0,0,0,0
2026-10-04T14:04:25Z,currencyservice,frontend,0,0,0,0,0,0,0
2026-10-04T14:04:25Z,currencyservice,kubernetes,0,0,0,0,0,0,0
2026-10-04T14:04:25Z,currencyservice,paymentservice,0,0,0,0,0,0,0
2026-10-04T14:04:25Z,currencyservice,productcatalogservice,0,0,0,0,0,0,0
2026-10-04T14:04:25Z,currencyservice,recommendationservice,0,0,0,0,0,0,0
2026-10-04T14:04:25Z,currencyservice,redis-cart,0,0,0,0,0,0,0
2026-10-04T14:04:25Z,currencyservice,shippingservice,0,0,0,0,0,0,0
2026-10-04T14:04:25Z,emailservice,adservice,0,0,0,0,0,0,0
2026-10-04T14:04:25Z,emailservice,cartservice,0,0,0,0,0,0,0
2026-10-04T14:04:25Z,emailservice,checkoutservice,0,0,0,0,0,0,0
2026-10-04T14:04:25Z,emailservice,currencyservice,0,0,0,0,0,0,0
2026-10-04T14:04:25Z,emailservice,emailservice,0,0,0,0,0,0,0
2026-10-04T14:04:25Z,emailservice,frontend,0,0,0,0,0,0,0
2026-10-04T14:04:25Z,emailservice,kubernetes,0,0,0,0,0,0,0
2026-10-04T14:04:25Z,emailservice,paymentservice,0,0,0,0,0,0,0
2026-10-04T14:04:25Z,emailservice,productcatalogservice,0,0,0,0,0,0,0
2026-10-04T14:04:25Z,emailservice,recommendationservice,0,0,0,0,0,0,0
2026-10-04T14:04:25Z,emailservice,redis-cart,0,0,0,0,0,0,0
2026-10-04T14:04:25Z,emailservice,shippingservice,0,0,0,0,0,0,0
2026-10-04T14:04:25Z,frontend,adservice,785395,785393,0,0,0,2364251,784823
2026-10-04T14:04:25Z,frontend,cartservice,1750745,1750726,0,0,4,9729308,1749748
2026-10-04T14:04:25Z,frontend,checkoutservice,361920,176421,0,35158,150145,56570896,176372
2026-10-04T14:04:25Z,frontend,currencyservice,2783778,2783763,0,0,0,14753975,2782213
2026-10-04T14:04:25Z,frontend,emailservice,0,0,0,0,0,0,0
2026-10-04T14:04:25Z,frontend,frontend,0,0,0,0,0,0,0
2026-10-04T14:04:25Z,frontend,kubernetes,0,0,0,0,0,0,0
2026-10-04T14:04:25Z,frontend,paymentservice,0,0,0,0,0,0,0
2026-10-04T14:04:25Z,frontend,productcatalogservice,7790592,7790512,0,0,0,53000906,7785212
2026-10-04T14:04:25Z,frontend,recommendationservice,2543681,1544432,0,104145,892890,771429676,1543529
2026-10-04T14:04:25Z,frontend,redis-cart,0,0,0,0,0,0,0
2026-10-04T14:04:25Z,frontend,shippingservice,288120,288118,0,0,0,871183,287903
2026-10-04T14:04:25Z,paymentservice,adservice,0,0,0,0,0,0,0
2026-10-04T14:04:25Z,paymentservice,cartservice,0,0,0,0,0,0,0
2026-10-04T14:04:25Z,paymentservice,checkoutservice,0,0,0,0,0,0,0
2026-10-04T14:04:25Z,paymentservice,currencyservice,0,0,0,0,0,0,0
2026-10-04T14:04:25Z,paymentservice,emailservice,0,0,0,0,0,0,0
2026-10-04T14:04:25Z,paymentservice,frontend,0,0,0,0,0,0,0
2026-10-04T14:04:25Z,paymentservice,kubernetes,0,0,0,0,0,0,0
2026-10-04T14:04:25Z,paymentservice,paymentservice,0,0,0,0,0,0,0
2026-10-04T14:04:25Z,paymentservice,productcatalogservice,0,0,0,0,0,0,0
2026-10-04T14:04:25Z,paymentservice,recommendationservice,0,0,0,0,0,0,0
2026-10-04T14:04:25Z,paymentservice,redis-cart,0,0,0,0,0,0,0
2026-10-04T14:04:25Z,paymentservice,shippingservice,0,0,0,0,0,0,0
2026-10-04T14:04:25Z,productcatalogservice,adservice,0,0,0,0,0,0,0
2026-10-04T14:04:25Z,productcatalogservice,cartservice,0,0,0,0,0,0,0
2026-10-04T14:04:25Z,productcatalogservice,checkoutservice,0,0,0,0,0,0,0
2026-10-04T14:04:25Z,productcatalogservice,currencyservice,0,0,0,0,0,0,0
2026-10-04T14:04:25Z,productcatalogservice,emailservice,0,0,0,0,0,0,0
2026-10-04T14:04:25Z,productcatalogservice,frontend,0,0,0,0,0,0,0
2026-10-04T14:04:25Z,productcatalogservice,kubernetes,0,0,0,0,0,0,0
2026-10-04T14:04:25Z,productcatalogservice,paymentservice,0,0,0,0,0,0,0
2026-10-04T14:04:25Z,productcatalogservice,productcatalogservice,0,0,0,0,0,0,0
2026-10-04T14:04:25Z,productcatalogservice,recommendationservice,0,0,0,0,0,0,0
2026-10-04T14:04:25Z,productcatalogservice,redis-cart,0,0,0,0,0,0,0
2026-10-04T14:04:25Z,productcatalogservice,shippingservice,0,0,0,0,0,0,0
2026-10-04T14:04:25Z,recommendationservice,adservice,0,0,0,0,0,0,0
2026-10-04T14:04:25Z,recommendationservice,cartservice,0,0,0,0,0,0,0
2026-10-04T14:04:25Z,recommendationservice,checkoutservice,0,0,0,0,0,0,0
2026-10-04T14:04:25Z,recommendationservice,currencyservice,0,0,0,0,0,0,0
2026-10-04T14:04:25Z,recommendationservice,emailservice,0,0,0,0,0,0,0
2026-10-04T14:04:25Z,recommendationservice,frontend,0,0,0,0,0,0,0
2026-10-04T14:04:25Z,recommendationservice,kubernetes,0,0,0,0,0,0,0
2026-10-04T14:04:25Z,recommendationservice,paymentservice,0,0,0,0,0,0,0
2026-10-04T14:04:25Z,recommendationservice,productcatalogservice,19545,19535,0,0,0,133074,19359
2026-10-04T14:04:25Z,recommendationservice,recommendationservice,0,0,0,0,0,0,0
2026-10-04T14:04:25Z,recommendationservice,redis-cart,0,0,0,0,0,0,0
2026-10-04T14:04:25Z,recommendationservice,shippingservice,0,0,0,0,0,0,0
2026-10-04T14:04:25Z,redis-cart,adservice,0,0,0,0,0,0,0
2026-10-04T14:04:25Z,redis-cart,cartservice,0,0,0,0,0,0,0
2026-10-04T14:04:25Z,redis-cart,checkoutservice,0,0,0,0,0,0,0
2026-10-04T14:04:25Z,redis-cart,currencyservice,0,0,0,0,0,0,0
2026-10-04T14:04:25Z,redis-cart,emailservice,0,0,0,0,0,0,0
2026-10-04T14:04:25Z,redis-cart,frontend,0,0,0,0,0,0,0
2026-10-04T14:04:25Z,redis-cart,kubernetes,0,0,0,0,0,0,0
2026-10-04T14:04:25Z,redis-cart,paymentservice,0,0,0,0,0,0,0
2026-10-04T14:04:25Z,redis-cart,productcatalogservice,0,0,0,0,0,0,0
2026-10-04T14:04:25Z,redis-cart,recommendationservice,0,0,0,0,0,0,0
2026-10-04T14:04:25Z,redis-cart,redis-cart,0,0,0,0,0,0,0
2026-10-04T14:04:25Z,redis-cart,shippingservice,0,0,0,0,0,0,0
2026-10-04T14:04:25Z,shippingservice,adservice,0,0,0,0,0,0,0
2026-10-04T14:04:25Z,shippingservice,cartservice,0,0,0,0,0,0,0
2026-10-04T14:04:25Z,shippingservice,checkoutservice,0,0,0,0,0,0,0
2026-10-04T14:04:25Z,shippingservice,currencyservice,0,0,0,0,0,0,0
2026-10-04T14:04:25Z,shippingservice,emailservice,0,0,0,0,0,0,0
2026-10-04T14:04:25Z,shippingservice,frontend,0,0,0,0,0,0,0
2026-10-04T14:04:25Z,shippingservice,kubernetes,0,0,0,0,0,0,0
2026-10-04T14:04:25Z,shippingservice,paymentservice,0,0,0,0,0,0,0
2026-10-04T14:04:25Z,shippingservice,productcatalogservice,0,0,0,0,0,0,0
2026-10-04T14:04:25Z,shippingservice,recommendationservice,0,0,0,0,0,0,0
2026-10-04T14:04:25Z,shippingservice,redis-cart,0,0,0,0,0,0,0
2026-10-04T14:04:25Z,shippingservice,shippingservice,0,0,0,0,0,0,0
2026-10-04T14:04:26Z,adservice,adservice,0,0,0,0,0,0,0
2026-10-04T14:04:26Z,adservice,cartservice,0,0,0,0,0,0,0
2026-10-04T14:04:26Z,adservice,checkoutservice,0,0,0,0,0,0,0
2026-10-04T14:04:26Z,adservice,currencyservice,0,0,0,0,0,0,0
2026-10-04T14:04:26Z,adservice,emailservice,0,0,0,0,0,0,0
2026-10-04T14:04:26Z,adservice,frontend,0,0,0,0,0,0,0
2026-10-04T14:04:26Z,adservice,kubernetes,0,0,0,0,0,0,0
2026-10-04T14:04:26Z,adservice,paymentservice,0,0,0,0,0,0,0
2026-10-04T14:04:26Z,adservice,productcatalogservice,0,0,0,0,0,0,0
2026-10-04T14:04:26Z,adservice,recommendationservice,0,0,0,0,0,0,0
2026-10-04T14:04:26Z,adservice,redis-cart,0,0,0,0,0,0,0
2026-10-04T14:04:26Z,adservice,shippingservice,0,0,0,0,0,0,0
2026-10-04T14:04:26Z,cartservice,adservice,0,0,0,0,0,0,0
2026-10-04T14:04:26Z,cartservice,cartservice,0,0,0,0,0,0,0
2026-10-04T14:04:26Z,cartservice,checkoutservice,0,0,0,0,0,0,0
2026-10-04T14:04:26Z,cartservice,currencyservice,0,0,0,0,0,0,0
2026-10-04T14:04:26Z,cartservice,emailservice,0,0,0,0,0,0,0
2026-10-04T14:04:26Z,cartservice,frontend,0,0,0,0,0,0,0
2026-10-04T14:04:26Z,cartservice,kubernetes,0,0,0,0,0,0,0
2026-10-04T14:04:26Z,cartservice,paymentservice,0,0,0,0,0,0,0
2026-10-04T14:04:26Z,cartservice,productcatalogservice,0,0,0,0,0,0,0
2026-10-04T14:04:26Z,cartservice,recommendationservice,0,0,0,0,0,0,0
2026-10-04T14:04:26Z,cartservice,redis-cart,2,0,0,0,0,0,0
2026-10-04T14:04:26Z,cartservice,shippingservice,0,0,0,0,0,0,0
2026-10-04T14:04:26Z,checkoutservice,adservice,0,0,0,0,0,0,0
2026-10-04T14:04:26Z,checkoutservice,cartservice,10219,9991,0,33,0,96069,9008
2026-10-04T14:04:26Z,checkoutservice,checkoutservice,0,0,0,0,0,0,0
2026-10-04T14:04:26Z,checkoutservice,currencyservice,7185,7167,0,0,0,80052,6274
2026-10-04T14:04:26Z,checkoutservice,emailservice,2371,2230,0,38,0,111680,2227
2026-10-04T14:04:26Z,checkoutservice,frontend,0,0,0,0,0,0,0
2026-10-04T14:04:26Z,checkoutservice,kubernetes,0,0,0,0,0,0,0
2026-10-04T14:04:26Z,checkoutservice,paymentservice,6737,6475,0,20,0,82581,5693
2026-10-04T14:04:26Z,checkoutservice,productcatalogservice,0,0,0,0,0,0,0
2026-10-04T14:04:26Z,checkoutservice,recommendationservice,0,0,0,0,0,0,0
2026-10-04T14:04:26Z,checkoutservice,redis-cart,0,0,0,0,0,0,0
2026-10-04T14:04:26Z,checkoutservice,shippingservice,11920,11552,0,25,0,82031,10314
2026-10-04T14:04:26Z,currencyservice,adservice,0,0,0,0,0,0,0
2026-10-04T14:04:26Z,currencyservice,cartservice,0,0,0,0,0,0,0
2026-10-04T14:04:26Z,currencyservice,checkoutservice,0,0,0,0,0,0,0
2026-10-04T14:04:26Z,currencyservice,currencyservice,0,0,0,0,0,0,0
2026-10-04T14:04:26Z,currencyservice,emailservice,0,0,0,0,0,0,0
2026-10-04T14:04:26Z,currencyservice,frontend,0,0,0,0,0,0,0
2026-10-04T14:04:26Z,currencyservice,kubernetes,0,0,0,0,0,0,0
2026-10-04T14:04:26Z,currencyservice,paymentservice,0,0,0,0,0,0,0
2026-10-04T14:04:26Z,currencyservice,productcatalogservice,0,0,0,0,0,0,0
2026-10-04T14:04:26Z,currencyservice,recommendationservice,0,0,0,0,0,0,0
2026-10-04T14:04:26Z,currencyservice,redis-cart,0,0,0,0,0,0,0
2026-10-04T14:04:26Z,currencyservice,shippingservice,0,0,0,0,0,0,0
2026-10-04T14:04:26Z,emailservice,adservice,0,0,0,0,0,0,0
2026-10-04T14:04:26Z,emailservice,cartservice,0,0,0,0,0,0,0
2026-10-04T14:04:26Z,emailservice,checkoutservice,0,0,0,0,0,0,0
2026-10-04T14:04:26Z,emailservice,currencyservice,0,0,0,0,0,0,0
2026-10-04T14:04:26Z,emailservice,emailservice,0,0,0,0,0,0,0
2026-10-04T14:04:26Z,emailservice,frontend,0,0,0,0,0,0,0
2026-10-04T14:04:26Z,emailservice,kubernetes,0,0,0,0,0,0,0
2026-10-04T14:04:26Z,emailservice,paymentservice,0,0,0,0,0,0,0
2026-10-04T14:04:26Z,emailservice,productcatalogservice,0,0,0,0,0,0,0
2026-10-04T14:04:26Z,emailservice,recommendationservice,0,0,0,0,0,0,0
2026-10-04T14:04:26Z,emailservice,redis-cart,0,0,0,0,0,0,0
2026-10-04T14:04:26Z,emailservice,shippingservice,0,0,0,0,0,0,0
2026-10-04T14:04:26Z,frontend,adservice,785647,785642,0,0,0,2364251,784823
2026-10-04T14:04:26Z,frontend,cartservice,1751174,1751162,0,0,4,9729308,1749748
2026-10-04T14:04:26Z,frontend,checkoutservice,362108,176445,0,35190,150273,56570896,176372
2026-10-04T14:04:26Z,frontend,currencyservice,2784490,2784477,0,0,0,14753975,2782213
2026-10-04T14:04:26Z,frontend,emailservice,0,0,0,0,0,0,0
2026-10-04T14:04:26Z,frontend,frontend,0,0,0,0,0,0,0
2026-10-04T14:04:26Z,frontend,kubernetes,0,0,0,0,0,0,0
2026-10-04T14:04:26Z,frontend,paymentservice,0,0,0,0,0,0,0
2026-10-04T14:04:26Z,frontend,productcatalogservice,7792933,7792848,0,0,0,53000906,7785212
2026-10-04T14:04:26Z,frontend,recommendationservice,2544102,1544827,0,104145,892890,771429676,1543529
2026-10-04T14:04:26Z,frontend,redis-cart,0,0,0,0,0,0,0
2026-10-04T14:04:26Z,frontend,shippingservice,288222,288220,0,0,0,871183,287903
2026-10-04T14:04:26Z,paymentservice,adservice,0,0,0,0,0,0,0
2026-10-04T14:04:26Z,paymentservice,cartservice,0,0,0,0,0,0,0
2026-10-04T14:04:26Z,paymentservice,checkoutservice,0,0,0,0,0,0,0
2026-10-04T14:04:26Z,paymentservice,currencyservice,0,0,0,0,0,0,0
2026-10-04T14:04:26Z,paymentservice,emailservice,0,0,0,0,0,0,0
2026-10-04T14:04:26Z,paymentservice,frontend,0,0,0,0,0,0,0
2026-10-04T14:04:26Z,paymentservice,kubernetes,0,0,0,0,0,0,0
2026-10-04T14:04:26Z,paymentservice,paymentservice,0,0,0,0,0,0,0
2026-10-04T14:04:26Z,paymentservice,productcatalogservice,0,0,0,0,0,0,0
2026-10-04T14:04:26Z,paymentservice,recommendationservice,0,0,0,0,0,0,0
2026-10-04T14:04:26Z,paymentservice,redis-cart,0,0,0,0,0,0,0
2026-10-04T14:04:26Z,paymentservice,shippingservice,0,0,0,0,0,0,0
2026-10-04T14:04:26Z,productcatalogservice,adservice,0,0,0,0,0,0,0
2026-10-04T14:04:26Z,productcatalogservice,cartservice,0,0,0,0,0,0,0
2026-10-04T14:04:26Z,productcatalogservice,checkoutservice,0,0,0,0,0,0,0
2026-10-04T14:04:26Z,productcatalogservice,currencyservice,0,0,0,0,0,0,0
2026-10-04T14:04:26Z,productcatalogservice,emailservice,0,0,0,0,0,0,0
2026-10-04T14:04:26Z,productcatalogservice,frontend,0,0,0,0,0,0,0
2026-10-04T14:04:26Z,productcatalogservice,kubernetes,0,0,0,0,0,0,0
2026-10-04T14:04:26Z,productcatalogservice,paymentservice,0,0,0,0,0,0,0
2026-10-04T14:04:26Z,productcatalogservice,productcatalogservice,0,0,0,0,0,0,0
2026-10-04T14:04:26Z,productcatalogservice,recommendationservice,0,0,0,0,0,0,0
2026-10-04T14:04:26Z,productcatalogservice,redis-cart,0,0,0,0,0,0,0
2026-10-04T14:04:26Z,productcatalogservice,shippingservice,0,0,0,0,0,0,0
2026-10-04T14:04:26Z,recommendationservice,adservice,0,0,0,0,0,0,0
2026-10-04T14:04:26Z,recommendationservice,cartservice,0,0,0,0,0,0,0
2026-10-04T14:04:26Z,recommendationservice,checkoutservice,0,0,0,0,0,0,0
2026-10-04T14:04:26Z,recommendationservice,currencyservice,0,0,0,0,0,0,0
2026-10-04T14:04:26Z,recommendationservice,emailservice,0,0,0,0,0,0,0
2026-10-04T14:04:26Z,recommendationservice,frontend,0,0,0,0,0,0,0
2026-10-04T14:04:26Z,recommendationservice,kubernetes,0,0,0,0,0,0,0
2026-10-04T14:04:26Z,recommendationservice,paymentservice,0,0,0,0,0,0,0
2026-10-04T14:04:26Z,recommendationservice,productcatalogservice,19962,19958,0,0,0,133074,19359
2026-10-04T14:04:26Z,recommendationservice,recommendationservice,0,0,0,0,0,0,0
2026-10-04T14:04:26Z,recommendationservice,redis-cart,0,0,0,0,0,0,0
2026-10-04T14:04:26Z,recommendationservice,shippingservice,0,0,0,0,0,0,0
2026-10-04T14:04:26Z,redis-cart,adservice,0,0,0,0,0,0,0
2026-10-04T14:04:26Z,redis-cart,cartservice,0,0,0,0,0,0,0
2026-10-04T14:04:26Z,redis-cart,checkoutservice,0,0,0,0,0,0,0
2026-10-04T14:04:26Z,redis-cart,currencyservice,0,0,0,0,0,0,0
2026-10-04T14:04:26Z,redis-cart,emailservice,0,0,0,0,0,0,0
2026-10-04T14:04:26Z,redis-cart,frontend,0,0,0,0,0,0,0
2026-10-04T14:04:26Z,redis-cart,kubernetes,0,0,0,0,0,0,0
2026-10-04T14:04:26Z,redis-cart,paymentservice,0,0,0,0,0,0,0
2026-10-04T14:04:26Z,redis-cart,productcatalogservice,0,0,0,0,0,0,0
2026-10-04T14:04:26Z,redis-cart,recommendationservice,0,0,0,0,0,0,0
2026-10-04T14:04:26Z,redis-cart,redis-cart,0,0,0,0,0,0,0
2026-10-04T14:04:26Z,redis-cart,shippingservice,0,0,0,0,0,0,0
2026-10-04T14:04:26Z,shippingservice,adservice,0,0,0,0,0,0,0
2026-10-04T14:04:26Z,shippingservice,cartservice,0,0,0,0,0,0,0
2026-10-04T14:04:26Z,shippingservice,checkoutservice,0,0,0,0,0,0,0
2026-10-04T14:04:26Z,shippingservice,currencyservice,0,0,0,0,0,0,0
2026-10-04T14:04:26Z,shippingservice,emailservice,0,0,0,0,0,0,0
2026-10-04T14:04:26Z,shippingservice,frontend,0,0,0,0,0,0,0
2026-10-04T14:04:26Z,shippingservice,kubernetes,0,0,0,0,0,0,0
2026-10-04T14:04:26Z,shippingservice,paymentservice,0,0,0,0,0,0,0
2026-10-04T14:04:26Z,shippingservice,productcatalogservice,0,0,0,0,0,0,0
2026-10-04T14:04:26Z,shippingservice,recommendationservice,0,0,0,0,0,0,0
2026-10-04T14:04:26Z,shippingservice,redis-cart,0,0,0,0,0,0,0
2026-10-04T14:04:26Z,shippingservice,shippingservice,0,0,0,0,0,0,0
2026-10-04T14:04:27Z,adservice,adservice,0,0,0,0,0,0,0
2026-10-04T14:04:27Z,adservice,cartservice,0,0,0,0,0,0,0
2026-10-04T14:04:27Z,adservice,checkoutservice,0,0,0,0,0,0,0
2026-10-04T14:04:27Z,adservice,currencyservice,0,0,0,0,0,0,0
2026-10-04T14:04:27Z,adservice,emailservice,0,0,0,0,0,0,0
2026-10-04T14:04:27Z,adservice,frontend,0,0,0,0,0,0,0
2026-10-04T14:04:27Z,adservice,kubernetes,0,0,0,0,0,0,0
2026-10-04T14:04:27Z,adservice,paymentservice,0,0,0,0,0,0,0
2026-10-04T14:04:27Z,adservice,productcatalogservice,0,0,0,0,0,0,0
2026-10-04T14:04:27Z,adservice,recommendationservice,0,0,0,0,0,0,0
2026-10-04T14:04:27Z,adservice,redis-cart,0,0,0,0,0,0,0
2026-10-04T14:04:27Z,adservice,shippingservice,0,0,0,0,0,0,0
2026-10-04T14:04:27Z,cartservice,adservice,0,0,0,0,0,0,0
2026-10-04T14:04:27Z,cartservice,cartservice,0,0,0,0,0,0,0
2026-10-04T14:04:27Z,cartservice,checkoutservice,0,0,0,0,0,0,0
2026-10-04T14:04:27Z,cartservice,currencyservice,0,0,0,0,0,0,0
2026-10-04T14:04:27Z,cartservice,emailservice,0,0,0,0,0,0,0
2026-10-04T14:04:27Z,cartservice,frontend,0,0,0,0,0,0,0
2026-10-04T14:04:27Z,cartservice,kubernetes,0,0,0,0,0,0,0
2026-10-04T14:04:27Z,cartservice,paymentservice,0,0,0,0,0,0,0
2026-10-04T14:04:27Z,cartservice,productcatalogservice,0,0,0,0,0,0,0
2026-10-04T14:04:27Z,cartservice,recommendationservice,0,0,0,0,0,0,0
2026-10-04T14:04:27Z,cartservice,redis-cart,2,0,0,0,0,0,0
2026-10-04T14:04:27Z,cartservice,shippingservice,0,0,0,0,0,0,0
2026-10-04T14:04:27Z,checkoutservice,adservice,0,0,0,0,0,0,0
2026-10-04T14:04:27Z,checkoutservice,cartservice,10429,10207,0,33,0,115141,10089
2026-10-04T14:04:27Z,checkoutservice,checkoutservice,0,0,0,0,0,0,0
2026-10-04T14:04:27Z,checkoutservice,currencyservice,7381,7381,0,0,0,97467,7272
2026-10-04T14:04:27Z,checkoutservice,emailservice,2372,2230,0,38,0,111717,2230
2026-10-04T14:04:27Z,checkoutservice,frontend,0,0,0,0,0,0,0
2026-10-04T14:04:27Z,checkoutservice,kubernetes,0,0,0,0,0,0,0
2026-10-04T14:04:27Z,checkoutservice,paymentservice,6923,6652,0,20,0,96475,6533
2026-10-04T14:04:27Z,checkoutservice,productcatalogservice,0,0,0,0,0,0,0
2026-10-04T14:04:27Z,checkoutservice,recommendationservice,0,0,0,0,0,0,0
2026-10-04T14:04:27Z,checkoutservice,redis-cart,0,0,0,0,0,0,0
2026-10-04T14:04:27Z,checkoutservice,shippingservice,12214,11860,0,25,0,98961,11690
2026-10-04T14:04:27Z,currencyservice,adservice,0,0,0,0,0,0,0
2026-10-04T14:04:27Z,currencyservice,cartservice,0,0,0,0,0,0,0
2026-10-04T14:04:27Z,currencyservice,checkoutservice,0,0,0,0,0,0,0
2026-10-04T14:04:27Z,currencyservice,currencyservice,0,0,0,0,0,0,0
2026-10-04T14:04:27Z,currencyservice,emailservice,0,0,0,0,0,0,0
2026-10-04T14:04:27Z,currencyservice,frontend,0,0,0,0,0,0,0
2026-10-04T14:04:27Z,currencyservice,kubernetes,0,0,0,0,0,0,0
2026-10-04T14:04:27Z,currencyservice,paymentservice,0,0,0,0,0,0,0
2026-10-04T14:04:27Z,currencyservice,productcatalogservice,0,0,0,0,0,0,0
2026-10-04T14:04:27Z,currencyservice,recommendationservice,0,0,0,0,0,0,0
2026-10-04T14:04:27Z,currencyservice,redis-cart,0,0,0,0,0,0,0
2026-10-04T14:04:27Z,currencyservice,shippingservice,0,0,0,0,0,0,0
2026-10-04T14:04:27Z,emailservice,adservice,0,0,0,0,0,0,0
2026-10-04T14:04:27Z,emailservice,cartservice,0,0,0,0,0,0,0
2026-10-04T14:04:27Z,emailservice,checkoutservice,0,0,0,0,0,0,0
2026-10-04T14:04:27Z,emailservice,currencyservice,0,0,0,0,0,0,0
2026-10-04T14:04:27Z,emailservice,emailservice,0,0,0,0,0,0,0
2026-10-04T14:04:27Z,emailservice,frontend,0,0,0,0,0,0,0
2026-10-04T14:04:27Z,emailservice,kubernetes,0,0,0,0,0,0,0
2026-10-04T14:04:27Z,emailservice,paymentservice,0,0,0,0,0,0,0
2026-10-04T14:04:27Z,emailservice,productcatalogservice,0,0,0,0,0,0,0
2026-10-04T14:04:27Z,emailservice,recommendationservice,0,0,0,0,0,0,0
2026-10-04T14:04:27Z,emailservice,redis-cart,0,0,0,0,0,0,0
2026-10-04T14:04:27Z,emailservice,shippingservice,0,0,0,0,0,0,0
2026-10-04T14:04:27Z,frontend,adservice,785913,785911,0,0,0,2364251,784823
2026-10-04T14:04:27Z,frontend,cartservice,1751663,1751648,0,0,4,9729308,1749748
2026-10-04T14:04:27Z,frontend,checkoutservice,362322,176475,0,35224,150421,56570896,176372
2026-10-04T14:04:27Z,frontend,currencyservice,2785249,2785239,0,0,0,14753975,2782213
2026-10-04T14:04:27Z,frontend,emailservice,0,0,0,0,0,0,0
2026-10-04T14:04:27Z,frontend,frontend,0,0,0,0,0,0,0
2026-10-04T14:04:27Z,frontend,kubernetes,0,0,0,0,0,0,0
2026-10-04T14:04:27Z,frontend,paymentservice,0,0,0,0,0,0,0
2026-10-04T14:04:27Z,frontend,productcatalogservice,7795440,7795346,0,0,0,53000906,7785212
2026-10-04T14:04:27Z,frontend,recommendationservice,2544550,1545257,0,104145,892890,771429676,1543529
2026-10-04T14:04:27Z,frontend,redis-cart,0,0,0,0,0,0,0
2026-10-04T14:04:27Z,frontend,shippingservice,288314,288312,0,0,0,871183,287903
2026-10-04T14:04:27Z,paymentservice,adservice,0,0,0,0,0,0,0
2026-10-04T14:04:27Z,paymentservice,cartservice,0,0,0,0,0,0,0
2026-10-04T14:04:27Z,paymentservice,checkoutservice,0,0,0,0,0,0,0
2026-10-04T14:04:27Z,paymentservice,currencyservice,0,0,0,0,0,0,0
2026-10-04T14:04:27Z,paymentservice,emailservice,0,0,0,0,0,0,0
2026-10-04T14:04:27Z,paymentservice,frontend,0,0,0,0,0,0,0
2026-10-04T14:04:27Z,paymentservice,kubernetes,0,0,0,0,0,0,0
2026-10-04T14:04:27Z,paymentservice,paymentservice,0,0,0,0,0,0,0
2026-10-04T14:04:27Z,paymentservice,productcatalogservice,0,0,0,0,0,0,0
2026-10-04T14:04:27Z,paymentservice,recommendationservice,0,0,0,0,0,0,0
2026-10-04T14:04:27Z,paymentservice,redis-cart,0,0,0,0,0,0,0
2026-10-04T14:04:27Z,paymentservice,shippingservice,0,0,0,0,0,0,0
2026-10-04T14:04:27Z,productcatalogservice,adservice,0,0,0,0,0,0,0
2026-10-04T14:04:27Z,productcatalogservice,cartservice,0,0,0,0,0,0,0
2026-10-04T14:04:27Z,productcatalogservice,checkoutservice,0,0,0,0,0,0,0
2026-10-04T14:04:27Z,productcatalogservice,currencyservice,0,0,0,0,0,0,0
2026-10-04T14:04:27Z,productcatalogservice,emailservice,0,0,0,0,0,0,0
2026-10-04T14:04:27Z,productcatalogservice,frontend,0,0,0,0,0,0,0
2026-10-04T14:04:27Z,productcatalogservice,kubernetes,0,0,0,0,0,0,0
2026-10-04T14:04:27Z,productcatalogservice,paymentservice,0,0,0,0,0,0,0
2026-10-04T14:04:27Z,productcatalogservice,productcatalogservice,0,0,0,0,0,0,0
2026-10-04T14:04:27Z,productcatalogservice,recommendationservice,0,0,0,0,0,0,0
2026-10-04T14:04:27Z,productcatalogservice,redis-cart,0,0,0,0,0,0,0
2026-10-04T14:04:27Z,productcatalogservice,shippingservice,0,0,0,0,0,0,0
2026-10-04T14:04:27Z,recommendationservice,adservice,0,0,0,0,0,0,0
2026-10-04T14:04:27Z,recommendationservice,cartservice,0,0,0,0,0,0,0
2026-10-04T14:04:27Z,recommendationservice,checkoutservice,0,0,0,0,0,0,0
2026-10-04T14:04:27Z,recommendationservice,currencyservice,0,0,0,0,0,0,0
2026-10-04T14:04:27Z,recommendationservice,emailservice,0,0,0,0,0,0,0
2026-10-04T14:04:27Z,recommendationservice,frontend,0,0,0,0,0,0,0
2026-10-04T14:04:27Z,recommendationservice,kubernetes,0,0,0,0,0,0,0
2026-10-04T14:04:27Z,recommendationservice,paymentservice,0,0,0,0,0,0,0
2026-10-04T14:04:27Z,recommendationservice,productcatalogservice,20389,20385,0,0,0,133074,19359
2026-10-04T14:04:27Z,recommendationservice,recommendationservice,0,0,0,0,0,0,0
2026-10-04T14:04:27Z,recommendationservice,redis-cart,0,0,0,0,0,0,0
2026-10-04T14:04:27Z,recommendationservice,shippingservice,0,0,0,0,0,0,0
2026-10-04T14:04:27Z,redis-cart,adservice,0,0,0,0,0,0,0
2026-10-04T14:04:27Z,redis-cart,cartservice,0,0,0,0,0,0,0
2026-10-04T14:04:27Z,redis-cart,checkoutservice,0,0,0,0,0,0,0
2026-10-04T14:04:27Z,redis-cart,currencyservice,0,0,0,0,0,0,0
2026-10-04T14:04:27Z,redis-cart,emailservice,0,0,0,0,0,0,0
2026-10-04T14:04:27Z,redis-cart,frontend,0,0,0,0,0,0,0
2026-10-04T14:04:27Z,redis-cart,kubernetes,0,0,0,0,0,0,0
2026-10-04T14:04:27Z,redis-cart,paymentservice,0,0,0,0,0,0,0
2026-10-04T14:04:27Z,redis-cart,productcatalogservice,0,0,0,0,0,0,0
2026-10-04T14:04:27Z,redis-cart,recommendationservice,0,0,0,0,0,0,0
2026-10-04T14:04:27Z,redis-cart,redis-cart,0,0,0,0,0,0,0
2026-10-04T14:04:27Z,redis-cart,shippingservice,0,0,0,0,0,0,0
2026-10-04T14:04:27Z,shippingservice,adservice,0,0,0,0,0,0,0
2026-10-04T14:04:27Z,shippingservice,cartservice,0,0,0,0,0,0,0
2026-10-04T14:04:27Z,shippingservice,checkoutservice,0,0,0,0,0,0,0
2026-10-04T14:04:27Z,shippingservice,currencyservice,0,0,0,0,0,0,0
2026-10-04T14:04:27Z,shippingservice,emailservice,0,0,0,0,0,0,0
2026-10-04T14:04:27Z,shippingservice,frontend,0,0,0,0,0,0,0
2026-10-04T14:04:27Z,shippingservice,kubernetes,0,0,0,0,0,0,0
2026-10-04T14:04:27Z,shippingservice,paymentservice,0,0,0,0,0,0,0
2026-10-04T14:04:27Z,shippingservice,productcatalogservice,0,0,0,0,0,0,0
2026-10-04T14:04:27Z,shippingservice,recommendationservice,0,0,0,0,0,0,0
2026-10-04T14:04:27Z,shippingservice,redis-cart,0,0,0,0,0,0,0
2026-10-04T14:04:27Z,shippingservice,shippingservice,0,0,0,0,0,0,0
2026-10-04T14:04:28Z,adservice,adservice,0,0,0,0,0,0,0
2026-10-04T14:04:28Z,adservice,cartservice,0,0,0,0,0,0,0
2026-10-04T14:04:28Z,adservice,checkoutservice,0,0,0,0,0,0,0
2026-10-04T14:04:28Z,adservice,currencyservice,0,0,0,0,0,0,0
2026-10-04T14:04:28Z,adservice,emailservice,0,0,0,0,0,0,0
2026-10-04T14:04:28Z,adservice,frontend,0,0,0,0,0,0,0
2026-10-04T14:04:28Z,adservice,kubernetes,0,0,0,0,0,0,0
2026-10-04T14:04:28Z,adservice,paymentservice,0,0,0,0,0,0,0
2026-10-04T14:04:28Z,adservice,productcatalogservice,0,0,0,0,0,0,0
2026-10-04T14:04:28Z,adservice,recommendationservice,0,0,0,0,0,0,0
2026-10-04T14:04:28Z,adservice,redis-cart,0,0,0,0,0,0,0
2026-10-04T14:04:28Z,adservice,shippingservice,0,0,0,0,0,0,0
2026-10-04T14:04:28Z,cartservice,adservice,0,0,0,0,0,0,0
2026-10-04T14:04:28Z,cartservice,cartservice,0,0,0,0,0,0,0
2026-10-04T14:04:28Z,cartservice,checkoutservice,0,0,0,0,0,0,0
2026-10-04T14:04:28Z,cartservice,currencyservice,0,0,0,0,0,0,0
2026-10-04T14:04:28Z,cartservice,emailservice,0,0,0,0,0,0,0
2026-10-04T14:04:28Z,cartservice,frontend,0,0,0,0,0,0,0
2026-10-04T14:04:28Z,cartservice,kubernetes,0,0,0,0,0,0,0
2026-10-04T14:04:28Z,cartservice,paymentservice,0,0,0,0,0,0,0
2026-10-04T14:04:28Z,cartservice,productcatalogservice,0,0,0,0,0,0,0
2026-10-04T14:04:28Z,cartservice,recommendationservice,0,0,0,0,0,0,0
2026-10-04T14:04:28Z,cartservice,redis-cart,2,0,0,0,0,0,0
2026-10-04T14:04:28Z,cartservice,shippingservice,0,0,0,0,0,0,0
2026-10-04T14:04:28Z,checkoutservice,adservice,0,0,0,0,0,0,0
2026-10-04T14:04:28Z,checkoutservice,cartservice,10639,10407,0,33,0,115141,10089
2026-10-04T14:04:28Z,checkoutservice,checkoutservice,0,0,0,0,0,0,0
2026-10-04T14:04:28Z,checkoutservice,currencyservice,7579,7579,0,0,0,97467,7272
2026-10-04T14:04:28Z,checkoutservice,emailservice,2373,2231,0,38,0,111717,2230
2026-10-04T14:04:28Z,checkoutservice,frontend,0,0,0,0,0,0,0
2026-10-04T14:04:28Z,checkoutservice,kubernetes,0,0,0,0,0,0,0
2026-10-04T14:04:28Z,checkoutservice,paymentservice,7102,6809,0,23,0,96475,6533
2026-10-04T14:04:28Z,checkoutservice,productcatalogservice,0,0,0,0,0,0,0
2026-10-04T14:04:28Z,checkoutservice,recommendationservice,0,0,0,0,0,0,0
2026-10-04T14:04:28Z,checkoutservice,redis-cart,0,0,0,0,0,0,0
2026-10-04T14:04:28Z,checkoutservice,shippingservice,12502,12129,0,28,0,98961,11690
2026-10-04T14:04:28Z,currencyservice,adservice,0,0,0,0,0,0,0
2026-10-04T14:04:28Z,currencyservice,cartservice,0,0,0,0,0,0,0
2026-10-04T14:04:28Z,currencyservice,checkoutservice,0,0,0,0,0,0,0
2026-10-04T14:04:28Z,currencyservice,currencyservice,0,0,0,0,0,0,0
2026-10-04T14:04:28Z,currencyservice,emailservice,0,0,0,0,0,0,0
2026-10-04T14:04:28Z,currencyservice,frontend,0,0,0,0,0,0,0
2026-10-04T14:04:28Z,currencyservice,kubernetes,0,0,0,0,0,0,0
2026-10-04T14:04:28Z,currencyservice,paymentservice,0,0,0,0,0,0,0
2026-10-04T14:04:28Z,currencyservice,productcatalogservice,0,0,0,0,0,0,0
2026-10-04T14:04:28Z,currencyservice,recommendationservice,0,0,0,0,0,0,0
2026-10-04T14:04:28Z,currencyservice,redis-cart,0,0,0,0,0,0,0
2026-10-04T14:04:28Z,currencyservice,shippingservice,0,0,0,0,0,0,0
2026-10-04T14:04:28Z,emailservice,adservice,0,0,0,0,0,0,0
2026-10-04T14:04:28Z,emailservice,cartservice,0,0,0,0,0,0,0
2026-10-04T14:04:28Z,emailservice,checkoutservice,0,0,0,0,0,0,0
2026-10-04T14:04:28Z,emailservice,currencyservice,0,0,0,0,0,0,0
2026-10-04T14:04:28Z,emailservice,emailservice,0,0,0,0,0,0,0
2026-10-04T14:04:28Z,emailservice,frontend,0,0,0,0,0,0,0
2026-10-04T14:04:28Z,emailservice,kubernetes,0,0,0,0,0,0,0
2026-10-04T14:04:28Z,emailservice,paymentservice,0,0,0,0,0,0,0
2026-10-04T14:04:28Z,emailservice,productcatalogservice,0,0,0,0,0,0,0
2026-10-04T14:04:28Z,emailservice,recommendationservice,0,0,0,0,0,0,0
2026-10-04T14:04:28Z,emailservice,redis-cart,0,0,0,0,0,0,0
2026-10-04T14:04:28Z,emailservice,shippingservice,0,0,0,0,0,0,0
2026-10-04T14:04:28Z,frontend,adservice,786201,786193,0,0,0,2367630,785880
2026-10-04T14:04:28Z,frontend,cartservice,1752133,1752121,0,0,4,9741459,1751520
2026-10-04T14:04:28Z,frontend,checkoutservice,362507,176507,0,35257,150556,56695951,176470
2026-10-04T14:04:28Z,frontend,currencyservice,2786004,2785991,0,0,0,14770691,2785042
2026-10-04T14:04:28Z,frontend,emailservice,0,0,0,0,0,0,0
2026-10-04T14:04:28Z,frontend,frontend,0,0,0,0,0,0,0
2026-10-04T14:04:28Z,frontend,kubernetes,0,0,0,0,0,0,0
2026-10-04T14:04:28Z,frontend,paymentservice,0,0,0,0,0,0,0
2026-10-04T14:04:28Z,frontend,productcatalogservice,7798015,7797934,0,0,0,53078273,7794836
2026-10-04T14:04:28Z,frontend,recommendationservice,2544984,1545701,0,104145,892890,771653301,1545172
2026-10-04T14:04:28Z,frontend,redis-cart,0,0,0,0,0,0,0
2026-10-04T14:04:28Z,frontend,shippingservice,288416,288414,0,0,0,872412,288270
2026-10-04T14:04:28Z,paymentservice,adservice,0,0,0,0,0,0,0
2026-10-04T14:04:28Z,paymentservice,cartservice,0,0,0,0,0,0,0
2026-10-04T14:04:28Z,paymentservice,checkoutservice,0,0,0,0,0,0,0
2026-10-04T14:04:28Z,paymentservice,currencyservice,0,0,0,0,0,0,0
2026-10-04T14:04:28Z,paymentservice,emailservice,0,0,0,0,0,0,0
2026-10-04T14:04:28Z,paymentservice,frontend,0,0,0,0,0,0,0
2026-10-04T14:04:28Z,paymentservice,kubernetes,0,0,0,0,0,0,0
2026-10-04T14:04:28Z,paymentservice,paymentservice,0,0,0,0,0,0,0
2026-10-04T14:04:28Z,paymentservice,productcatalogservice,0,0,0,0,0,0,0
2026-10-04T14:04:28Z,paymentservice,recommendationservice,0,0,0,0,0,0,0
2026-10-04T14:04:28Z,paymentservice,redis-cart,0,0,0,0,0,0,0
2026-10-04T14:04:28Z,paymentservice,shippingservice,0,0,0,0,0,0,0
2026-10-04T14:04:28Z,productcatalogservice,adservice,0,0,0,0,0,0,0
2026-10-04T14:04:28Z,productcatalogservice,cartservice,0,0,0,0,0,0,0
2026-10-04T14:04:28Z,productcatalogservice,checkoutservice,0,0,0,0,0,0,0
2026-10-04T14:04:28Z,productcatalogservice,currencyservice,0,0,0,0,0,0,0
2026-10-04T14:04:28Z,productcatalogservice,emailservice,0,0,0,0,0,0,0
2026-10-04T14:04:28Z,productcatalogservice,frontend,0,0,0,0,0,0,0
2026-10-04T14:04:28Z,productcatalogservice,kubernetes,0,0,0,0,0,0,0
2026-10-04T14:04:28Z,productcatalogservice,paymentservice,0,0,0,0,0,0,0
2026-10-04T14:04:28Z,productcatalogservice,productcatalogservice,0,0,0,0,0,0,0
2026-10-04T14:04:28Z,productcatalogservice,recommendationservice,0,0,0,0,0,0,0
2026-10-04T14:04:28Z,productcatalogservice,redis-cart,0,0,0,0,0,0,0
2026-10-04T14:04:28Z,productcatalogservice,shippingservice,0,0,0,0,0,0,0
2026-10-04T14:04:28Z,recommendationservice,adservice,0,0,0,0,0,0,0
2026-10-04T14:04:28Z,recommendationservice,cartservice,0,0,0,0,0,0,0
2026-10-04T14:04:28Z,recommendationservice,checkoutservice,0,0,0,0,0,0,0
2026-10-04T14:04:28Z,recommendationservice,currencyservice,0,0,0,0,0,0,0
2026-10-04T14:04:28Z,recommendationservice,emailservice,0,0,0,0,0,0,0
2026-10-04T14:04:28Z,recommendationservice,frontend,0,0,0,0,0,0,0
2026-10-04T14:04:28Z,recommendationservice,kubernetes,0,0,0,0,0,0,0
2026-10-04T14:04:28Z,recommendationservice,paymentservice,0,0,0,0,0,0,0
2026-10-04T14:04:28Z,recommendationservice,productcatalogservice,20827,20817,0,0,0,133074,19359
2026-10-04T14:04:28Z,recommendationservice,recommendationservice,0,0,0,0,0,0,0
2026-10-04T14:04:28Z,recommendationservice,redis-cart,0,0,0,0,0,0,0
2026-10-04T14:04:28Z,recommendationservice,shippingservice,0,0,0,0,0,0,0
2026-10-04T14:04:28Z,redis-cart,adservice,0,0,0,0,0,0,0
2026-10-04T14:04:28Z,redis-cart,cartservice,0,0,0,0,0,0,0
2026-10-04T14:04:28Z,redis-cart,checkoutservice,0,0,0,0,0,0,0
2026-10-04T14:04:28Z,redis-cart,currencyservice,0,0,0,0,0,0,0
2026-10-04T14:04:28Z,redis-cart,emailservice,0,0,0,0,0,0,0
2026-10-04T14:04:28Z,redis-cart,frontend,0,0,0,0,0,0,0
2026-10-04T14:04:28Z,redis-cart,kubernetes,0,0,0,0,0,0,0
2026-10-04T14:04:28Z,redis-cart,paymentservice,0,0,0,0,0,0,0
2026-10-04T14:04:28Z,redis-cart,productcatalogservice,0,0,0,0,0,0,0
2026-10-04T14:04:28Z,redis-cart,recommendationservice,0,0,0,0,0,0,0
2026-10-04T14:04:28Z,redis-cart,redis-cart,0,0,0,0,0,0,0
2026-10-04T14:04:28Z,redis-cart,shippingservice,0,0,0,0,0,0,0
2026-10-04T14:04:28Z,shippingservice,adservice,0,0,0,0,0,0,0
2026-10-04T14:04:28Z,shippingservice,cartservice,0,0,0,0,0,0,0
2026-10-04T14:04:28Z,shippingservice,checkoutservice,0,0,0,0,0,0,0
2026-10-04T14:04:28Z,shippingservice,currencyservice,0,0,0,0,0,0,0
2026-10-04T14:04:28Z,shippingservice,emailservice,0,0,0,0,0,0,0
2026-10-04T14:04:28Z,shippingservice,frontend,0,0,0,0,0,0,0
2026-10-04T14:04:28Z,shippingservice,kubernetes,0,0,0,0,0,0,0
2026-10-04T14:04:28Z,shippingservice,paymentservice,0,0,0,0,0,0,0
2026-10-04T14:04:28Z,shippingservice,productcatalogservice,0,0,0,0,0,0,0
2026-10-04T14:04:28Z,shippingservice,recommendationservice,0,0,0,0,0,0,0
2026-10-04T14:04:28Z,shippingservice,redis-cart,0,0,0,0,0,0,0
2026-10-04T14:04:28Z,shippingservice,shippingservice,0,0,0,0,0,0,0
2026-10-04T14:04:29Z,adservice,adservice,0,0,0,0,0,0,0
2026-10-04T14:04:29Z,adservice,cartservice,0,0,0,0,0,0,0
2026-10-04T14:04:29Z,adservice,checkoutservice,0,0,0,0,0,0,0
2026-10-04T14:04:29Z,adservice,currencyservice,0,0,0,0,0,0,0
2026-10-04T14:04:29Z,adservice,emailservice,0,0,0,0,0,0,0
2026-10-04T14:04:29Z,adservice,frontend,0,0,0,0,0,0,0
2026-10-04T14:04:29Z,adservice,kubernetes,0,0,0,0,0,0,0
2026-10-04T14:04:29Z,adservice,paymentservice,0,0,0,0,0,0,0
2026-10-04T14:04:29Z,adservice,productcatalogservice,0,0,0,0,0,0,0
2026-10-04T14:04:29Z,adservice,recommendationservice,0,0,0,0,0,0,0
2026-10-04T14:04:29Z,adservice,redis-cart,0,0,0,0,0,0,0
2026-10-04T14:04:29Z,adservice,shippingservice,0,0,0,0,0,0,0
2026-10-04T14:04:29Z,cartservice,adservice,0,0,0,0,0,0,0
2026-10-04T14:04:29Z,cartservice,cartservice,0,0,0,0,0,0,0
2026-10-04T14:04:29Z,cartservice,checkoutservice,0,0,0,0,0,0,0
2026-10-04T14:04:29Z,cartservice,currencyservice,0,0,0,0,0,0,0
2026-10-04T14:04:29Z,cartservice,emailservice,0,0,0,0,0,0,0
2026-10-04T14:04:29Z,cartservice,frontend,0,0,0,0,0,0,0
2026-10-04T14:04:29Z,cartservice,kubernetes,0,0,0,0,0,0,0
2026-10-04T14:04:29Z,cartservice,paymentservice,0,0,0,0,0,0,0
2026-10-04T14:04:29Z,cartservice,productcatalogservice,0,0,0,0,0,0,0
2026-10-04T14:04:29Z,cartservice,recommendationservice,0,0,0,0,0,0,0
2026-10-04T14:04:29Z,cartservice,redis-cart,2,0,0,0,0,0,0
2026-10-04T14:04:29Z,cartservice,shippingservice,0,0,0,0,0,0,0
2026-10-04T14:04:29Z,checkoutservice,adservice,0,0,0,0,0,0,0
2026-10-04T14:04:29Z,checkoutservice,cartservice,10874,10628,0,36,0,115141,10089
2026-10-04T14:04:29Z,checkoutservice,checkoutservice,0,0,0,0,0,0,0
2026-10-04T14:04:29Z,checkoutservice,currencyservice,7782,7782,0,0,0,97467,7272
2026-10-04T14:04:29Z,checkoutservice,emailservice,2374,2232,0,38,0,111717,2230
2026-10-04T14:04:29Z,checkoutservice,frontend,0,0,0,0,0,0,0
2026-10-04T14:04:29Z,checkoutservice,kubernetes,0,0,0,0,0,0,0
2026-10-04T14:04:29Z,checkoutservice,paymentservice,7285,6974,0,23,0,96475,6533
2026-10-04T14:04:29Z,checkoutservice,productcatalogservice,0,0,0,0,0,0,0
2026-10-04T14:04:29Z,checkoutservice,recommendationservice,0,0,0,0,0,0,0
2026-10-04T14:04:29Z,checkoutservice,redis-cart,0,0,0,0,0,0,0
2026-10-04T14:04:29Z,checkoutservice,shippingservice,12798,12404,0,28,0,98961,11690
2026-10-04T14:04:29Z,currencyservice,adservice,0,0,0,0,0,0,0
2026-10-04T14:04:29Z,currencyservice,cartservice,0,0,0,0,0,0,0
2026-10-04T14:04:29Z,currencyservice,checkoutservice,0,0,0,0,0,0,0
2026-10-04T14:04:29Z,currencyservice,currencyservice,0,0,0,0,0,0,0
2026-10-04T14:04:29Z,currencyservice,emailservice,0,0,0,0,0,0,0
2026-10-04T14:04:29Z,currencyservice,frontend,0,0,0,0,0,0,0
2026-10-04T14:04:29Z,currencyservice,kubernetes,0,0,0,0,0,0,0
2026-10-04T14:04:29Z,currencyservice,paymentservice,0,0,0,0,0,0,0
2026-10-04T14:04:29Z,currencyservice,productcatalogservice,0,0,0,0,0,0,0
2026-10-04T14:04:29Z,currencyservice,recommendationservice,0,0,0,0,0,0,0
2026-10-04T14:04:29Z,currencyservice,redis-cart,0,0,0,0,0,0,0
2026-10-04T14:04:29Z,currencyservice,shippingservice,0,0,0,0,0,0,0
2026-10-04T14:04:29Z,emailservice,adservice,0,0,0,0,0,0,0
2026-10-04T14:04:29Z,emailservice,cartservice,0,0,0,0,0,0,0
2026-10-04T14:04:29Z,emailservice,checkoutservice,0,0,0,0,0,0,0
2026-10-04T14:04:29Z,emailservice,currencyservice,0,0,0,0,0,0,0
2026-10-04T14:04:29Z,emailservice,emailservice,0,0,0,0,0,0,0
2026-10-04T14:04:29Z,emailservice,frontend,0,0,0,0,0,0,0
2026-10-04T14:04:29Z,emailservice,kubernetes,0,0,0,0,0,0,0
2026-10-04T14:04:29Z,emailservice,paymentservice,0,0,0,0,0,0,0
2026-10-04T14:04:29Z,emailservice,productcatalogservice,0,0,0,0,0,0,0
2026-10-04T14:04:29Z,emailservice,recommendationservice,0,0,0,0,0,0,0
2026-10-04T14:04:29Z,emailservice,redis-cart,0,0,0,0,0,0,0
2026-10-04T14:04:29Z,emailservice,shippingservice,0,0,0,0,0,0,0
2026-10-04T14:04:29Z,frontend,adservice,786461,786458,0,0,0,2368651,786200
2026-10-04T14:04:29Z,frontend,cartservice,1752591,1752577,0,0,4,9745618,1752105
2026-10-04T14:04:29Z,frontend,checkoutservice,362695,176535,0,35293,150676,56742086,176501
2026-10-04T14:04:29Z,frontend,currencyservice,2786726,2786710,0,0,0,14776940,2785965
2026-10-04T14:04:29Z,frontend,emailservice,0,0,0,0,0,0,0
2026-10-04T14:04:29Z,frontend,frontend,0,0,0,0,0,0,0
2026-10-04T14:04:29Z,frontend,kubernetes,0,0,0,0,0,0,0
2026-10-04T14:04:29Z,frontend,paymentservice,0,0,0,0,0,0,0
2026-10-04T14:04:29Z,frontend,productcatalogservice,7800511,7800432,0,0,0,53111980,7797937
2026-10-04T14:04:29Z,frontend,recommendationservice,2545411,1546130,0,104145,892890,771727258,1545703
2026-10-04T14:04:29Z,frontend,redis-cart,0,0,0,0,0,0,0
2026-10-04T14:04:29Z,frontend,shippingservice,288518,288513,0,0,0,872970,288411
2026-10-04T14:04:29Z,paymentservice,adservice,0,0,0,0,0,0,0
2026-10-04T14:04:29Z,paymentservice,cartservice,0,0,0,0,0,0,0
2026-10-04T14:04:29Z,paymentservice,checkoutservice,0,0,0,0,0,0,0
2026-10-04T14:04:29Z,paymentservice,currencyservice,0,0,0,0,0,0,0
2026-10-04T14:04:29Z,paymentservice,emailservice,0,0,0,0,0,0,0
2026-10-04T14:04:29Z,paymentservice,frontend,0,0,0,0,0,0,0
2026-10-04T14:04:29Z,paymentservice,kubernetes,0,0,0,0,0,0,0
2026-10-04T14:04:29Z,paymentservice,paymentservice,0,0,0,0,0,0,0
2026-10-04T14:04:29Z,paymentservice,productcatalogservice,0,0,0,0,0,0,0
2026-10-04T14:04:29Z,paymentservice,recommendationservice,0,0,0,0,0,0,0
2026-10-04T14:04:29Z,paymentservice,redis-cart,0,0,0,0,0,0,0
2026-10-04T14:04:29Z,paymentservice,shippingservice,0,0,0,0,0,0,0
2026-10-04T14:04:29Z,productcatalogservice,adservice,0,0,0,0,0,0,0
2026-10-04T14:04:29Z,productcatalogservice,cartservice,0,0,0,0,0,0,0
2026-10-04T14:04:29Z,productcatalogservice,checkoutservice,0,0,0,0,0,0,0
2026-10-04T14:04:29Z,productcatalogservice,currencyservice,0,0,0,0,0,0,0
2026-10-04T14:04:29Z,productcatalogservice,emailservice,0,0,0,0,0,0,0
2026-10-04T14:04:29Z,productcatalogservice,frontend,0,0,0,0,0,0,0
2026-10-04T14:04:29Z,productcatalogservice,kubernetes,0,0,0,0,0,0,0
2026-10-04T14:04:29Z,productcatalogservice,paymentservice,0,0,0,0,0,0,0
2026-10-04T14:04:29Z,productcatalogservice,productcatalogservice,0,0,0,0,0,0,0
2026-10-04T14:04:29Z,productcatalogservice,recommendationservice,0,0,0,0,0,0,0
2026-10-04T14:04:29Z,productcatalogservice,redis-cart,0,0,0,0,0,0,0
2026-10-04T14:04:29Z,productcatalogservice,shippingservice,0,0,0,0,0,0,0
2026-10-04T14:04:29Z,recommendationservice,adservice,0,0,0,0,0,0,0
2026-10-04T14:04:29Z,recommendationservice,cartservice,0,0,0,0,0,0,0
2026-10-04T14:04:29Z,recommendationservice,checkoutservice,0,0,0,0,0,0,0
2026-10-04T14:04:29Z,recommendationservice,currencyservice,0,0,0,0,0,0,0
2026-10-04T14:04:29Z,recommendationservice,emailservice,0,0,0,0,0,0,0
2026-10-04T14:04:29Z,recommendationservice,frontend,0,0,0,0,0,0,0
2026-10-04T14:04:29Z,recommendationservice,kubernetes,0,0,0,0,0,0,0
2026-10-04T14:04:29Z,recommendationservice,paymentservice,0,0,0,0,0,0,0
2026-10-04T14:04:29Z,recommendationservice,productcatalogservice,21268,21264,0,0,0,133074,19359
2026-10-04T14:04:29Z,recommendationservice,recommendationservice,0,0,0,0,0,0,0
2026-10-04T14:04:29Z,recommendationservice,redis-cart,0,0,0,0,0,0,0
2026-10-04T14:04:29Z,recommendationservice,shippingservice,0,0,0,0,0,0,0
2026-10-04T14:04:29Z,redis-cart,adservice,0,0,0,0,0,0,0
2026-10-04T14:04:29Z,redis-cart,cartservice,0,0,0,0,0,0,0
2026-10-04T14:04:29Z,redis-cart,checkoutservice,0,0,0,0,0,0,0
2026-10-04T14:04:29Z,redis-cart,currencyservice,0,0,0,0,0,0,0
2026-10-04T14:04:29Z,redis-cart,emailservice,0,0,0,0,0,0,0
2026-10-04T14:04:29Z,redis-cart,frontend,0,0,0,0,0,0,0
2026-10-04T14:04:29Z,redis-cart,kubernetes,0,0,0,0,0,0,0
2026-10-04T14:04:29Z,redis-cart,paymentservice,0,0,0,0,0,0,0
2026-10-04T14:04:29Z,redis-cart,productcatalogservice,0,0,0,0,0,0,0
2026-10-04T14:04:29Z,redis-cart,recommendationservice,0,0,0,0,0,0,0
2026-10-04T14:04:29Z,redis-cart,redis-cart,0,0,0,0,0,0,0
2026-10-04T14:04:29Z,redis-cart,shippingservice,0,0,0,0,0,0,0
2026-10-04T14:04:29Z,shippingservice,adservice,0,0,0,0,0,0,0
2026-10-04T14:04:29Z,shippingservice,cartservice,0,0,0,0,0,0,0
2026-10-04T14:04:29Z,shippingservice,checkoutservice,0,0,0,0,0,0,0
2026-10-04T14:04:29Z,shippingservice,currencyservice,0,0,0,0,0,0,0
2026-10-04T14:04:29Z,shippingservice,emailservice,0,0,0,0,0,0,0
2026-10-04T14:04:29Z,shippingservice,frontend,0,0,0,0,0,0,0
2026-10-04T14:04:29Z,shippingservice,kubernetes,0,0,0,0,0,0,0
2026-10-04T14:04:29Z,shippingservice,paymentservice,0,0,0,0,0,0,0
2026-10-04T14:04:29Z,shippingservice,productcatalogservice,0,0,0,0,0,0,0
2026-10-04T14:04:29Z,shippingservice,recommendationservice,0,0,0,0,0,0,0
2026-10-04T14:04:29Z,shippingservice,redis-cart,0,0,0,0,0,0,0
2026-10-04T14:04:29Z,shippingservice,shippingservice,0,0,0,0,0,0,0
2026-10-04T14:04:30Z,adservice,adservice,0,0,0,0,0,0,0
2026-10-04T14:04:30Z,adservice,cartservice,0,0,0,0,0,0,0
2026-10-04T14:04:30Z,adservice,checkoutservice,0,0,0,0,0,0,0
2026-10-04T14:04:30Z,adservice,currencyservice,0,0,0,0,0,0,0
2026-10-04T14:04:30Z,adservice,emailservice,0,0,0,0,0,0,0
2026-10-04T14:04:30Z,adservice,frontend,0,0,0,0,0,0,0
2026-10-04T14:04:30Z,adservice,kubernetes,0,0,0,0,0,0,0
2026-10-04T14:04:30Z,adservice,paymentservice,0,0,0,0,0,0,0
2026-10-04T14:04:30Z,adservice,productcatalogservice,0,0,0,0,0,0,0
2026-10-04T14:04:30Z,adservice,recommendationservice,0,0,0,0,0,0,0
2026-10-04T14:04:30Z,adservice,redis-cart,0,0,0,0,0,0,0
2026-10-04T14:04:30Z,adservice,shippingservice,0,0,0,0,0,0,0
2026-10-04T14:04:30Z,cartservice,adservice,0,0,0,0,0,0,0
2026-10-04T14:04:30Z,cartservice,cartservice,0,0,0,0,0,0,0
2026-10-04T14:04:30Z,cartservice,checkoutservice,0,0,0,0,0,0,0
2026-10-04T14:04:30Z,cartservice,currencyservice,0,0,0,0,0,0,0
2026-10-04T14:04:30Z,cartservice,emailservice,0,0,0,0,0,0,0
2026-10-04T14:04:30Z,cartservice,frontend,0,0,0,0,0,0,0
2026-10-04T14:04:30Z,cartservice,kubernetes,0,0,0,0,0,0,0
2026-10-04T14:04:30Z,cartservice,paymentservice,0,0,0,0,0,0,0
2026-10-04T14:04:30Z,cartservice,productcatalogservice,0,0,0,0,0,0,0
2026-10-04T14:04:30Z,cartservice,recommendationservice,0,0,0,0,0,0,0
2026-10-04T14:04:30Z,cartservice,redis-cart,2,0,0,0,0,0,0
2026-10-04T14:04:30Z,cartservice,shippingservice,0,0,0,0,0,0,0
2026-10-04T14:04:30Z,checkoutservice,adservice,0,0,0,0,0,0,0
2026-10-04T14:04:30Z,checkoutservice,cartservice,11098,10837,0,37,0,115141,10089
2026-10-04T14:04:30Z,checkoutservice,checkoutservice,0,0,0,0,0,0,0
2026-10-04T14:04:30Z,checkoutservice,currencyservice,7998,7989,0,0,0,97467,7272
2026-10-04T14:04:30Z,checkoutservice,emailservice,2375,2232,0,38,0,111717,2230
2026-10-04T14:04:30Z,checkoutservice,frontend,0,0,0,0,0,0,0
2026-10-04T14:04:30Z,checkoutservice,kubernetes,0,0,0,0,0,0,0
2026-10-04T14:04:30Z,checkoutservice,paymentservice,7476,7145,0,25,0,96475,6533
2026-10-04T14:04:30Z,checkoutservice,productcatalogservice,0,0,0,0,0,0,0
2026-10-04T14:04:30Z,checkoutservice,recommendationservice,0,0,0,0,0,0,0
2026-10-04T14:04:30Z,checkoutservice,redis-cart,0,0,0,0,0,0,0
2026-10-04T14:04:30Z,checkoutservice,shippingservice,13098,12685,0,30,0,98961,11690
2026-10-04T14:04:30Z,currencyservice,adservice,0,0,0,0,0,0,0
2026-10-04T14:04:30Z,currencyservice,cartservice,0,0,0,0,0,0,0
2026-10-04T14:04:30Z,currencyservice,checkoutservice,0,0,0,0,0,0,0
2026-10-04T14:04:30Z,currencyservice,currencyservice,0,0,0,0,0,0,0
2026-10-04T14:04:30Z,currencyservice,emailservice,0,0,0,0,0,0,0
2026-10-04T14:04:30Z,currencyservice,frontend,0,0,0,0,0,0,0
2026-10-04T14:04:30Z,currencyservice,kubernetes,0,0,0,0,0,0,0
2026-10-04T14:04:30Z,currencyservice,paymentservice,0,0,0,0,0,0,0
2026-10-04T14:04:30Z,currencyservice,productcatalogservice,0,0,0,0,0,0,0
2026-10-04T14:04:30Z,currencyservice,recommendationservice,0,0,0,0,0,0,0
2026-10-04T14:04:30Z,currencyservice,redis-cart,0,0,0,0,0,0,0
2026-10-04T14:04:30Z,currencyservice,shippingservice,0,0,0,0,0,0,0
2026-10-04T14:04:30Z,emailservice,adservice,0,0,0,0,0,0,0
2026-10-04T14:04:30Z,emailservice,cartservice,0,0,0,0,0,0,0
2026-10-04T14:04:30Z,emailservice,checkoutservice,0,0,0,0,0,0,0
2026-10-04T14:04:30Z,emailservice,currencyservice,0,0,0,0,0,0,0
2026-10-04T14:04:30Z,emailservice,emailservice,0,0,0,0,0,0,0
2026-10-04T14:04:30Z,emailservice,frontend,0,0,0,0,0,0,0
2026-10-04T14:04:30Z,emailservice,kubernetes,0,0,0,0,0,0,0
2026-10-04T14:04:30Z,emailservice,paymentservice,0,0,0,0,0,0,0
2026-10-04T14:04:30Z,emailservice,productcatalogservice,0,0,0,0,0,0,0
2026-10-04T14:04:30Z,emailservice,recommendationservice,0,0,0,0,0,0,0
2026-10-04T14:04:30Z,emailservice,redis-cart,0,0,0,0,0,0,0
2026-10-04T14:04:30Z,emailservice,shippingservice,0,0,0,0,0,0,0
2026-10-04T14:04:30Z,frontend,adservice,786750,786747,0,0,0,2368651,786200
2026-10-04T14:04:30Z,frontend,cartservice,1753059,1753041,0,0,4,9745618,1752105
2026-10-04T14:04:30Z,frontend,checkoutservice,362914,176559,0,35322,150835,56742086,176501
2026-10-04T14:04:30Z,frontend,currencyservice,2787494,2787480,0,0,0,14776940,2785965
2026-10-04T14:04:30Z,frontend,emailservice,0,0,0,0,0,0,0
2026-10-04T14:04:30Z,frontend,frontend,0,0,0,0,0,0,0
2026-10-04T14:04:30Z,frontend,kubernetes,0,0,0,0,0,0,0
2026-10-04T14:04:30Z,frontend,paymentservice,0,0,0,0,0,0,0
2026-10-04T14:04:30Z,frontend,productcatalogservice,7803176,7803091,0,0,0,53111980,7797937
2026-10-04T14:04:30Z,frontend,recommendationservice,2545841,1546585,0,104145,892890,771727258,1545703
2026-10-04T14:04:30Z,frontend,redis-cart,0,0,0,0,0,0,0
2026-10-04T14:04:30Z,frontend,shippingservice,288629,288627,0,0,0,872970,288411
2026-10-04T14:04:30Z,paymentservice,adservice,0,0,0,0,0,0,0
2026-10-04T14:04:30Z,paymentservice,cartservice,0,0,0,0,0,0,0
2026-10-04T14:04:30Z,paymentservice,checkoutservice,0,0,0,0,0,0,0
2026-10-04T14:04:30Z,paymentservice,currencyservice,0,0,0,0,0,0,0
2026-10-04T14:04:30Z,paymentservice,emailservice,0,0,0,0,0,0,0
2026-10-04T14:04:30Z,paymentservice,frontend,0,0,0,0,0,0,0
2026-10-04T14:04:30Z,paymentservice,kubernetes,0,0,0,0,0,0,0
2026-10-04T14:04:30Z,paymentservice,paymentservice,0,0,0,0,0,0,0
2026-10-04T14:04:30Z,paymentservice,productcatalogservice,0,0,0,0,0,0,0
2026-10-04T14:04:30Z,paymentservice,recommendationservice,0,0,0,0,0,0,0
2026-10-04T14:04:30Z,paymentservice,redis-cart,0,0,0,0,0,0,0
2026-10-04T14:04:30Z,paymentservice,shippingservice,0,0,0,0,0,0,0
2026-10-04T14:04:30Z,productcatalogservice,adservice,0,0,0,0,0,0,0
2026-10-04T14:04:30Z,productcatalogservice,cartservice,0,0,0,0,0,0,0
2026-10-04T14:04:30Z,productcatalogservice,checkoutservice,0,0,0,0,0,0,0
2026-10-04T14:04:30Z,productcatalogservice,currencyservice,0,0,0,0,0,0,0
2026-10-04T14:04:30Z,productcatalogservice,emailservice,0,0,0,0,0,0,0
2026-10-04T14:04:30Z,productcatalogservice,frontend,0,0,0,0,0,0,0
2026-10-04T14:04:30Z,productcatalogservice,kubernetes,0,0,0,0,0,0,0
2026-10-04T14:04:30Z,productcatalogservice,paymentservice,0,0,0,0,0,0,0
2026-10-04T14:04:30Z,productcatalogservice,productcatalogservice,0,0,0,0,0,0,0
2026-10-04T14:04:30Z,productcatalogservice,recommendationservice,0,0,0,0,0,0,0
2026-10-04T14:04:30Z,productcatalogservice,redis-cart,0,0,0,0,0,0,0
2026-10-04T14:04:30Z,productcatalogservice,shippingservice,0,0,0,0,0,0,0
2026-10-04T14:04:30Z,recommendationservice,adservice,0,0,0,0,0,0,0
2026-10-04T14:04:30Z,recommendationservice,cartservice,0,0,0,0,0,0,0
2026-10-04T14:04:30Z,recommendationservice,checkoutservice,0,0,0,0,0,0,0
2026-10-04T14:04:30Z,recommendationservice,currencyservice,0,0,0,0,0,0,0
2026-10-04T14:04:30Z,recommendationservice,emailservice,0,0,0,0,0,0,0
2026-10-04T14:04:30Z,recommendationservice,frontend,0,0,0,0,0,0,0
2026-10-04T14:04:30Z,recommendationservice,kubernetes,0,0,0,0,0,0,0
2026-10-04T14:04:30Z,recommendationservice,paymentservice,0,0,0,0,0,0,0
2026-10-04T14:04:30Z,recommendationservice,productcatalogservice,21719,21719,0,0,0,154248,21540
2026-10-04T14:04:30Z,recommendationservice,recommendationservice,0,0,0,0,0,0,0
2026-10-04T14:04:30Z,recommendationservice,redis-cart,0,0,0,0,0,0,0
2026-10-04T14:04:30Z,recommendationservice,shippingservice,0,0,0,0,0,0,0
2026-10-04T14:04:30Z,redis-cart,adservice,0,0,0,0,0,0,0
2026-10-04T14:04:30Z,redis-cart,cartservice,0,0,0,0,0,0,0
2026-10-04T14:04:30Z,redis-cart,checkoutservice,0,0,0,0,0,0,0
2026-10-04T14:04:30Z,redis-cart,currencyservice,0,0,0,0,0,0,0
2026-10-04T14:04:30Z,redis-cart,emailservice,0,0,0,0,0,0,0
2026-10-04T14:04:30Z,redis-cart,frontend,0,0,0,0,0,0,0
2026-10-04T14:04:30Z,redis-cart,kubernetes,0,0,0,0,0,0,0
2026-10-04T14:04:30Z,redis-cart,paymentservice,0,0,0,0,0,0,0
2026-10-04T14:04:30Z,redis-cart,productcatalogservice,0,0,0,0,0,0,0
2026-10-04T14:04:30Z,redis-cart,recommendationservice,0,0,0,0,0,0,0
2026-10-04T14:04:30Z,redis-cart,redis-cart,0,0,0,0,0,0,0
2026-10-04T14:04:30Z,redis-cart,shippingservice,0,0,0,0,0,0,0
2026-10-04T14:04:30Z,shippingservice,adservice,0,0,0,0,0,0,0
2026-10-04T14:04:30Z,shippingservice,cartservice,0,0,0,0,0,0,0
2026-10-04T14:04:30Z,shippingservice,checkoutservice,0,0,0,0,0,0,0
2026-10-04T14:04:30Z,shippingservice,currencyservice,0,0,0,0,0,0,0
2026-10-04T14:04:30Z,shippingservice,emailservice,0,0,0,0,0,0,0
2026-10-04T14:04:30Z,shippingservice,frontend,0,0,0,0,0,0,0
2026-10-04T14:04:30Z,shippingservice,kubernetes,0,0,0,0,0,0,0
2026-10-04T14:04:30Z,shippingservice,paymentservice,0,0,0,0,0,0,0
2026-10-04T14:04:30Z,shippingservice,productcatalogservice,0,0,0,0,0,0,0
2026-10-04T14:04:30Z,shippingservice,recommendationservice,0,0,0,0,0,0,0
2026-10-04T14:04:30Z,shippingservice,redis-cart,0,0,0,0,0,0,0
2026-10-04T14:04:30Z,shippingservice,shippingservice,0,0,0,0,0,0,0
2026-10-04T14:04:31Z,adservice,adservice,0,0,0,0,0,0,0
2026-10-04T14:04:31Z,adservice,cartservice,0,0,0,0,0,0,0
2026-10-04T14:04:31Z,adservice,checkoutservice,0,0,0,0,0,0,0
2026-10-04T14:04:31Z,adservice,currencyservice,0,0,0,0,0,0,0
2026-10-04T14:04:31Z,adservice,emailservice,0,0,0,0,0,0,0
2026-10-04T14:04:31Z,adservice,frontend,0,0,0,0,0,0,0
2026-10-04T14:04:31Z,adservice,kubernetes,0,0,0,0,0,0,0
2026-10-04T14:04:31Z,adservice,paymentservice,0,0,0,0,0,0,0
2026-10-04T14:04:31Z,adservice,productcatalogservice,0,0,0,0,0,0,0
2026-10-04T14:04:31Z,adservice,recommendationservice,0,0,0,0,0,0,0
2026-10-04T14:04:31Z,adservice,redis-cart,0,0,0,0,0,0,0
2026-10-04T14:04:31Z,adservice,shippingservice,0,0,0,0,0,0,0
2026-10-04T14:04:31Z,cartservice,adservice,0,0,0,0,0,0,0
2026-10-04T14:04:31Z,cartservice,cartservice,0,0,0,0,0,0,0
2026-10-04T14:04:31Z,cartservice,checkoutservice,0,0,0,0,0,0,0
2026-10-04T14:04:31Z,cartservice,currencyservice,0,0,0,0,0,0,0
2026-10-04T14:04:31Z,cartservice,emailservice,0,0,0,0,0,0,0
2026-10-04T14:04:31Z,cartservice,frontend,0,0,0,0,0,0,0
2026-10-04T14:04:31Z,cartservice,kubernetes,0,0,0,0,0,0,0
2026-10-04T14:04:31Z,cartservice,paymentservice,0,0,0,0,0,0,0
2026-10-04T14:04:31Z,cartservice,productcatalogservice,0,0,0,0,0,0,0
2026-10-04T14:04:31Z,cartservice,recommendationservice,0,0,0,0,0,0,0
2026-10-04T14:04:31Z,cartservice,redis-cart,2,0,0,0,0,0,0
2026-10-04T14:04:31Z,cartservice,shippingservice,0,0,0,0,0,0,0
2026-10-04T14:04:31Z,checkoutservice,adservice,0,0,0,0,0,0,0
2026-10-04T14:04:31Z,checkoutservice,cartservice,11316,11051,0,39,0,115141,10089
2026-10-04T14:04:31Z,checkoutservice,checkoutservice,0,0,0,0,0,0,0
2026-10-04T14:04:31Z,checkoutservice,currencyservice,8189,8183,0,0,0,97467,7272
2026-10-04T14:04:31Z,checkoutservice,emailservice,2379,2233,0,38,0,111717,2230
2026-10-04T14:04:31Z,checkoutservice,frontend,0,0,0,0,0,0,0
2026-10-04T14:04:31Z,checkoutservice,kubernetes,0,0,0,0,0,0,0
2026-10-04T14:04:31Z,checkoutservice,paymentservice,7629,7289,0,27,0,96475,6533
2026-10-04T14:04:31Z,checkoutservice,productcatalogservice,0,0,0,0,0,0,0
2026-10-04T14:04:31Z,checkoutservice,recommendationservice,0,0,0,0,0,0,0
2026-10-04T14:04:31Z,checkoutservice,redis-cart,0,0,0,0,0,0,0
2026-10-04T14:04:31Z,checkoutservice,shippingservice,13366,12943,0,33,0,98961,11690
2026-10-04T14:04:31Z,currencyservice,adservice,0,0,0,0,0,0,0
2026-10-04T14:04:31Z,currencyservice,cartservice,0,0,0,0,0,0,0
2026-10-04T14:04:31Z,currencyservice,checkoutservice,0,0,0,0,0,0,0
2026-10-04T14:04:31Z,currencyservice,currencyservice,0,0,0,0,0,0,0
2026-10-04T14:04:31Z,currencyservice,emailservice,0,0,0,0,0,0,0
2026-10-04T14:04:31Z,currencyservice,frontend,0,0,0,0,0,0,0
2026-10-04T14:04:31Z,currencyservice,kubernetes,0,0,0,0,0,0,0
2026-10-04T14:04:31Z,currencyservice,paymentservice,0,0,0,0,0,0,0
2026-10-04T14:04:31Z,currencyservice,productcatalogservice,0,0,0,0,0,0,0
2026-10-04T14:04:31Z,currencyservice,recommendationservice,0,0,0,0,0,0,0
2026-10-04T14:04:31Z,currencyservice,redis-cart,0,0,0,0,0,0,0
2026-10-04T14:04:31Z,currencyservice,shippingservice,0,0,0,0,0,0,0
2026-10-04T14:04:31Z,emailservice,adservice,0,0,0,0,0,0,0
2026-10-04T14:04:31Z,emailservice,cartservice,0,0,0,0,0,0,0
2026-10-04T14:04:31Z,emailservice,checkoutservice,0,0,0,0,0,0,0
2026-10-04T14:04:31Z,emailservice,currencyservice,0,0,0,0,0,0,0
2026-10-04T14:04:31Z,emailservice,emailservice,0,0,0,0,0,0,0
2026-10-04T14:04:31Z,emailservice,frontend,0,0,0,0,0,0,0
2026-10-04T14:04:31Z,emailservice,kubernetes,0,0,0,0,0,0,0
2026-10-04T14:04:31Z,emailservice,paymentservice,0,0,0,0,0,0,0
2026-10-04T14:04:31Z,emailservice,productcatalogservice,0,0,0,0,0,0,0
2026-10-04T14:04:31Z,emailservice,recommendationservice,0,0,0,0,0,0,0
2026-10-04T14:04:31Z,emailservice,redis-cart,0,0,0,0,0,0,0
2026-10-04T14:04:31Z,emailservice,shippingservice,0,0,0,0,0,0,0
2026-10-04T14:04:31Z,frontend,adservice,787022,787020,0,0,0,2368651,786200
2026-10-04T14:04:31Z,frontend,cartservice,1753527,1753511,0,0,4,9745618,1752105
2026-10-04T14:04:31Z,frontend,checkoutservice,363122,176584,0,35364,150977,56742086,176501
2026-10-04T14:04:31Z,frontend,currencyservice,2788244,2788224,0,0,0,14776940,2785965
2026-10-04T14:04:31Z,frontend,emailservice,0,0,0,0,0,0,0
2026-10-04T14:04:31Z,frontend,frontend,0,0,0,0,0,0,0
2026-10-04T14:04:31Z,frontend,kubernetes,0,0,0,0,0,0,0
2026-10-04T14:04:31Z,frontend,paymentservice,0,0,0,0,0,0,0
2026-10-04T14:04:31Z,frontend,productcatalogservice,7805701,7805618,0,0,0,53111980,7797937
2026-10-04T14:04:31Z,frontend,recommendationservice,2546282,1547018,0,104145,892890,771727258,1545703
2026-10-04T14:04:31Z,frontend,redis-cart,0,0,0,0,0,0,0
2026-10-04T14:04:31Z,frontend,shippingservice,288726,288722,0,0,0,872970,288411
2026-10-04T14:04:31Z,paymentservice,adservice,0,0,0,0,0,0,0
2026-10-04T14:04:31Z,paymentservice,cartservice,0,0,0,0,0,0,0
2026-10-04T14:04:31Z,paymentservice,checkoutservice,0,0,0,0,0,0,0
2026-10-04T14:04:31Z,paymentservice,currencyservice,0,0,0,0,0,0,0
2026-10-04T14:04:31Z,paymentservice,emailservice,0,0,0,0,0,0,0
2026-10-04T14:04:31Z,paymentservice,frontend,0,0,0,0,0,0,0
2026-10-04T14:04:31Z,paymentservice,kubernetes,0,0,0,0,0,0,0
2026-10-04T14:04:31Z,paymentservice,paymentservice,0,0,0,0,0,0,0
2026-10-04T14:04:31Z,paymentservice,productcatalogservice,0,0,0,0,0,0,0
2026-10-04T14:04:31Z,paymentservice,recommendationservice,0,0,0,0,0,0,0
2026-10-04T14:04:31Z,paymentservice,redis-cart,0,0,0,0,0,0,0
2026-10-04T14:04:31Z,paymentservice,shippingservice,0,0,0,0,0,0,0
2026-10-04T14:04:31Z,productcatalogservice,adservice,0,0,0,0,0,0,0
2026-10-04T14:04:31Z,productcatalogservice,cartservice,0,0,0,0,0,0,0
2026-10-04T14:04:31Z,productcatalogservice,checkoutservice,0,0,0,0,0,0,0
2026-10-04T14:04:31Z,productcatalogservice,currencyservice,0,0,0,0,0,0,0
2026-10-04T14:04:31Z,productcatalogservice,emailservice,0,0,0,0,0,0,0
2026-10-04T14:04:31Z,productcatalogservice,frontend,0,0,0,0,0,0,0
2026-10-04T14:04:31Z,productcatalogservice,kubernetes,0,0,0,0,0,0,0
2026-10-04T14:04:31Z,productcatalogservice,paymentservice,0,0,0,0,0,0,0
2026-10-04T14:04:31Z,productcatalogservice,productcatalogservice,0,0,0,0,0,0,0
2026-10-04T14:04:31Z,productcatalogservice,recommendationservice,0,0,0,0,0,0,0
2026-10-04T14:04:31Z,productcatalogservice,redis-cart,0,0,0,0,0,0,0
2026-10-04T14:04:31Z,productcatalogservice,shippingservice,0,0,0,0,0,0,0
2026-10-04T14:04:31Z,recommendationservice,adservice,0,0,0,0,0,0,0
2026-10-04T14:04:31Z,recommendationservice,cartservice,0,0,0,0,0,0,0
2026-10-04T14:04:31Z,recommendationservice,checkoutservice,0,0,0,0,0,0,0
2026-10-04T14:04:31Z,recommendationservice,currencyservice,0,0,0,0,0,0,0
2026-10-04T14:04:31Z,recommendationservice,emailservice,0,0,0,0,0,0,0
2026-10-04T14:04:31Z,recommendationservice,frontend,0,0,0,0,0,0,0
2026-10-04T14:04:31Z,recommendationservice,kubernetes,0,0,0,0,0,0,0
2026-10-04T14:04:31Z,recommendationservice,paymentservice,0,0,0,0,0,0,0
2026-10-04T14:04:31Z,recommendationservice,productcatalogservice,22149,22148,0,0,0,154248,21540
2026-10-04T14:04:31Z,recommendationservice,recommendationservice,0,0,0,0,0,0,0
2026-10-04T14:04:31Z,recommendationservice,redis-cart,0,0,0,0,0,0,0
2026-10-04T14:04:31Z,recommendationservice,shippingservice,0,0,0,0,0,0,0
2026-10-04T14:04:31Z,redis-cart,adservice,0,0,0,0,0,0,0
2026-10-04T14:04:31Z,redis-cart,cartservice,0,0,0,0,0,0,0
2026-10-04T14:04:31Z,redis-cart,checkoutservice,0,0,0,0,0,0,0
2026-10-04T14:04:31Z,redis-cart,currencyservice,0,0,0,0,0,0,0
2026-10-04T14:04:31Z,redis-cart,emailservice,0,0,0,0,0,0,0
2026-10-04T14:04:31Z,redis-cart,frontend,0,0,0,0,0,0,0
2026-10-04T14:04:31Z,redis-cart,kubernetes,0,0,0,0,0,0,0
2026-10-04T14:04:31Z,redis-cart,paymentservice,0,0,0,0,0,0,0
2026-10-04T14:04:31Z,redis-cart,productcatalogservice,0,0,0,0,0,0,0
2026-10-04T14:04:31Z,redis-cart,recommendationservice,0,0,0,0,0,0,0
2026-10-04T14:04:31Z,redis-cart,redis-cart,0,0,0,0,0,0,0
2026-10-04T14:04:31Z,redis-cart,shippingservice,0,0,0,0,0,0,0
2026-10-04T14:04:31Z,shippingservice,adservice,0,0,0,0,0,0,0
2026-10-04T14:04:31Z,shippingservice,cartservice,0,0,0,0,0,0,0
2026-10-04T14:04:31Z,shippingservice,checkoutservice,0,0,0,0,0,0,0
2026-10-04T14:04:31Z,shippingservice,currencyservice,0,0,0,0,0,0,0
2026-10-04T14:04:31Z,shippingservice,emailservice,0,0,0,0,0,0,0
2026-10-04T14:04:31Z,shippingservice,frontend,0,0,0,0,0,0,0
2026-10-04T14:04:31Z,shippingservice,kubernetes,0,0,0,0,0,0,0
2026-10-04T14:04:31Z,shippingservice,paymentservice,0,0,0,0,0,0,0
2026-10-04T14:04:31Z,shippingservice,productcatalogservice,0,0,0,0,0,0,0
2026-10-04T14:04:31Z,shippingservice,recommendationservice,0,0,0,0,0,0,0
2026-10-04T14:04:31Z,shippingservice,redis-cart,0,0,0,0,0,0,0
2026-10-04T14:04:31Z,shippingservice,shippingservice,0,0,0,0,0,0,0
2026-10-04T14:04:32Z,adservice,adservice,0,0,0,0,0,0,0
2026-10-04T14:04:32Z,adservice,cartservice,0,0,0,0,0,0,0
2026-10-04T14:04:32Z,adservice,checkoutservice,0,0,0,0,0,0,0
2026-10-04T14:04:32Z,adservice,currencyservice,0,0,0,0,0,0,0
2026-10-04T14:04:32Z,adservice,emailservice,0,0,0,0,0,0,0
2026-10-04T14:04:32Z,adservice,frontend,0,0,0,0,0,0,0
2026-10-04T14:04:32Z,adservice,kubernetes,0,0,0,0,0,0,0
2026-10-04T14:04:32Z,adservice,paymentservice,0,0,0,0,0,0,0
2026-10-04T14:04:32Z,adservice,productcatalogservice,0,0,0,0,0,0,0
2026-10-04T14:04:32Z,adservice,recommendationservice,0,0,0,0,0,0,0
2026-10-04T14:04:32Z,adservice,redis-cart,0,0,0,0,0,0,0
2026-10-04T14:04:32Z,adservice,shippingservice,0,0,0,0,0,0,0
2026-10-04T14:04:32Z,cartservice,adservice,0,0,0,0,0,0,0
2026-10-04T14:04:32Z,cartservice,cartservice,0,0,0,0,0,0,0
2026-10-04T14:04:32Z,cartservice,checkoutservice,0,0,0,0,0,0,0
2026-10-04T14:04:32Z,cartservice,currencyservice,0,0,0,0,0,0,0
2026-10-04T14:04:32Z,cartservice,emailservice,0,0,0,0,0,0,0
2026-10-04T14:04:32Z,cartservice,frontend,0,0,0,0,0,0,0
2026-10-04T14:04:32Z,cartservice,kubernetes,0,0,0,0,0,0,0
2026-10-04T14:04:32Z,cartservice,paymentservice,0,0,0,0,0,0,0
2026-10-04T14:04:32Z,cartservice,productcatalogservice,0,0,0,0,0,0,0
2026-10-04T14:04:32Z,cartservice,recommendationservice,0,0,0,0,0,0,0
2026-10-04T14:04:32Z,cartservice,redis-cart,2,0,0,0,0,0,0
2026-10-04T14:04:32Z,cartservice,shippingservice,0,0,0,0,0,0,0
2026-10-04T14:04:32Z,checkoutservice,adservice,0,0,0,0,0,0,0
2026-10-04T14:04:32Z,checkoutservice,cartservice,11528,11261,0,39,0,131714,11132
2026-10-04T14:04:32Z,checkoutservice,checkoutservice,0,0,0,0,0,0,0
2026-10-04T14:04:32Z,checkoutservice,currencyservice,8401,8401,0,0,0,115470,8273
2026-10-04T14:04:32Z,checkoutservice,emailservice,2379,2233,0,38,0,111739,2233
2026-10-04T14:04:32Z,checkoutservice,frontend,0,0,0,0,0,0,0
2026-10-04T14:04:32Z,checkoutservice,kubernetes,0,0,0,0,0,0,0
2026-10-04T14:04:32Z,checkoutservice,paymentservice,7798,7443,0,29,0,110854,7322
2026-10-04T14:04:32Z,checkoutservice,productcatalogservice,0,0,0,0,0,0,0
2026-10-04T14:04:32Z,checkoutservice,recommendationservice,0,0,0,0,0,0,0
2026-10-04T14:04:32Z,checkoutservice,redis-cart,0,0,0,0,0,0,0
2026-10-04T14:04:32Z,checkoutservice,shippingservice,13650,13210,0,35,0,113962,13038
2026-10-04T14:04:32Z,currencyservice,adservice,0,0,0,0,0,0,0
2026-10-04T14:04:32Z,currencyservice,cartservice,0,0,0,0,0,0,0
2026-10-04T14:04:32Z,currencyservice,checkoutservice,0,0,0,0,0,0,0
2026-10-04T14:04:32Z,currencyservice,currencyservice,0,0,0,0,0,0,0
2026-10-04T14:04:32Z,currencyservice,emailservice,0,0,0,0,0,0,0
2026-10-04T14:04:32Z,currencyservice,frontend,0,0,0,0,0,0,0
2026-10-04T14:04:32Z,currencyservice,kubernetes,0,0,0,0,0,0,0
2026-10-04T14:04:32Z,currencyservice,paymentservice,0,0,0,0,0,0,0
2026-10-04T14:04:32Z,currencyservice,productcatalogservice,0,0,0,0,0,0,0
2026-10-04T14:04:32Z,currencyservice,recommendationservice,0,0,0,0,0,0,0
2026-10-04T14:04:32Z,currencyservice,redis-cart,0,0,0,0,0,0,0
2026-10-04T14:04:32Z,currencyservice,shippingservice,0,0,0,0,0,0,0
2026-10-04T14:04:32Z,emailservice,adservice,0,0,0,0,0,0,0
2026-10-04T14:04:32Z,emailservice,cartservice,0,0,0,0,0,0,0
2026-10-04T14:04:32Z,emailservice,checkoutservice,0,0,0,0,0,0,0
2026-10-04T14:04:32Z,emailservice,currencyservice,0,0,0,0,0,0,0
2026-10-04T14:04:32Z,emailservice,emailservice,0,0,0,0,0,0,0
2026-10-04T14:04:32Z,emailservice,frontend,0,0,0,0,0,0,0
2026-10-04T14:04:32Z,emailservice,kubernetes,0,0,0,0,0,0,0
2026-10-04T14:04:32Z,emailservice,paymentservice,0,0,0,0,0,0,0
2026-10-04T14:04:32Z,emailservice,productcatalogservice,0,0,0,0,0,0,0
2026-10-04T14:04:32Z,emailservice,recommendationservice,0,0,0,0,0,0,0
2026-10-04T14:04:32Z,emailservice,redis-cart,0,0,0,0,0,0,0
2026-10-04T14:04:32Z,emailservice,shippingservice,0,0,0,0,0,0,0
2026-10-04T14:04:32Z,frontend,adservice,787300,787298,0,0,0,2368651,786200
2026-10-04T14:04:32Z,frontend,cartservice,1754041,1754026,0,0,4,9745618,1752105
2026-10-04T14:04:32Z,frontend,checkoutservice,363314,176626,0,35398,151117,56742086,176501
2026-10-04T14:04:32Z,frontend,currencyservice,2789043,2789027,0,0,0,14776940,2785965
2026-10-04T14:04:32Z,frontend,emailservice,0,0,0,0,0,0,0
2026-10-04T14:04:32Z,frontend,frontend,0,0,0,0,0,0,0
2026-10-04T14:04:32Z,frontend,kubernetes,0,0,0,0,0,0,0
2026-10-04T14:04:32Z,frontend,paymentservice,0,0,0,0,0,0,0
2026-10-04T14:04:32Z,frontend,productcatalogservice,7808257,7808170,0,0,0,53111980,7797937
2026-10-04T14:04:32Z,frontend,recommendationservice,2546751,1547450,0,104145,892890,771727258,1545703
2026-10-04T14:04:32Z,frontend,redis-cart,0,0,0,0,0,0,0
2026-10-04T14:04:32Z,frontend,shippingservice,288821,288819,0,0,0,872970,288411
2026-10-04T14:04:32Z,paymentservice,adservice,0,0,0,0,0,0,0
2026-10-04T14:04:32Z,paymentservice,cartservice,0,0,0,0,0,0,0
2026-10-04T14:04:32Z,paymentservice,checkoutservice,0,0,0,0,0,0,0
2026-10-04T14:04:32Z,paymentservice,currencyservice,0,0,0,0,0,0,0
2026-10-04T14:04:32Z,paymentservice,emailservice,0,0,0,0,0,0,0
2026-10-04T14:04:32Z,paymentservice,frontend,0,0,0,0,0,0,0
2026-10-04T14:04:32Z,paymentservice,kubernetes,0,0,0,0,0,0,0
2026-10-04T14:04:32Z,paymentservice,paymentservice,0,0,0,0,0,0,0
2026-10-04T14:04:32Z,paymentservice,productcatalogservice,0,0,0,0,0,0,0
2026-10-04T14:04:32Z,paymentservice,recommendationservice,0,0,0,0,0,0,0
2026-10-04T14:04:32Z,paymentservice,redis-cart,0,0,0,0,0,0,0
2026-10-04T14:04:32Z,paymentservice,shippingservice,0,0,0,0,0,0,0
2026-10-04T14:04:32Z,productcatalogservice,adservice,0,0,0,0,0,0,0
2026-10-04T14:04:32Z,productcatalogservice,cartservice,0,0,0,0,0,0,0
2026-10-04T14:04:32Z,productcatalogservice,checkoutservice,0,0,0,0,0,0,0
2026-10-04T14:04:32Z,productcatalogservice,currencyservice,0,0,0,0,0,0,0
2026-10-04T14:04:32Z,productcatalogservice,emailservice,0,0,0,0,0,0,0
2026-10-04T14:04:32Z,productcatalogservice,frontend,0,0,0,0,0,0,0
2026-10-04T14:04:32Z,productcatalogservice,kubernetes,0,0,0,0,0,0,0
2026-10-04T14:04:32Z,productcatalogservice,paymentservice,0,0,0,0,0,0,0
2026-10-04T14:04:32Z,productcatalogservice,productcatalogservice,0,0,0,0,0,0,0
2026-10-04T14:04:32Z,productcatalogservice,recommendationservice,0,0,0,0,0,0,0
2026-10-04T14:04:32Z,productcatalogservice,redis-cart,0,0,0,0,0,0,0
2026-10-04T14:04:32Z,productcatalogservice,shippingservice,0,0,0,0,0,0,0
2026-10-04T14:04:32Z,recommendationservice,adservice,0,0,0,0,0,0,0
2026-10-04T14:04:32Z,recommendationservice,cartservice,0,0,0,0,0,0,0
2026-10-04T14:04:32Z,recommendationservice,checkoutservice,0,0,0,0,0,0,0
2026-10-04T14:04:32Z,recommendationservice,currencyservice,0,0,0,0,0,0,0
2026-10-04T14:04:32Z,recommendationservice,emailservice,0,0,0,0,0,0,0
2026-10-04T14:04:32Z,recommendationservice,frontend,0,0,0,0,0,0,0
2026-10-04T14:04:32Z,recommendationservice,kubernetes,0,0,0,0,0,0,0
2026-10-04T14:04:32Z,recommendationservice,paymentservice,0,0,0,0,0,0,0
2026-10-04T14:04:32Z,recommendationservice,productcatalogservice,22572,22562,0,0,0,154248,21540
2026-10-04T14:04:32Z,recommendationservice,recommendationservice,0,0,0,0,0,0,0
2026-10-04T14:04:32Z,recommendationservice,redis-cart,0,0,0,0,0,0,0
2026-10-04T14:04:32Z,recommendationservice,shippingservice,0,0,0,0,0,0,0
2026-10-04T14:04:32Z,redis-cart,adservice,0,0,0,0,0,0,0
2026-10-04T14:04:32Z,redis-cart,cartservice,0,0,0,0,0,0,0
2026-10-04T14:04:32Z,redis-cart,checkoutservice,0,0,0,0,0,0,0
2026-10-04T14:04:32Z,redis-cart,currencyservice,0,0,0,0,0,0,0
2026-10-04T14:04:32Z,redis-cart,emailservice,0,0,0,0,0,0,0
2026-10-04T14:04:32Z,redis-cart,frontend,0,0,0,0,0,0,0
2026-10-04T14:04:32Z,redis-cart,kubernetes,0,0,0,0,0,0,0
2026-10-04T14:04:32Z,redis-cart,paymentservice,0,0,0,0,0,0,0
2026-10-04T14:04:32Z,redis-cart,productcatalogservice,0,0,0,0,0,0,0
2026-10-04T14:04:32Z,redis-cart,recommendationservice,0,0,0,0,0,0,0
2026-10-04T14:04:32Z,redis-cart,redis-cart,0,0,0,0,0,0,0
2026-10-04T14:04:32Z,redis-cart,shippingservice,0,0,0,0,0,0,0
2026-10-04T14:04:32Z,shippingservice,adservice,0,0,0,0,0,0,0
2026-10-04T14:04:32Z,shippingservice,cartservice,0,0,0,0,0,0,0
2026-10-04T14:04:32Z,shippingservice,checkoutservice,0,0,0,0,0,0,0
2026-10-04T14:04:32Z,shippingservice,currencyservice,0,0,0,0,0,0,0
2026-10-04T14:04:32Z,shippingservice,emailservice,0,0,0,0,0,0,0
2026-10-04T14:04:32Z,shippingservice,frontend,0,0,0,0,0,0,0
2026-10-04T14:04:32Z,shippingservice,kubernetes,0,0,0,0,0,0,0
2026-10-04T14:04:32Z,shippingservice,paymentservice,0,0,0,0,0,0,0
2026-10-04T14:04:32Z,shippingservice,productcatalogservice,0,0,0,0,0,0,0
2026-10-04T14:04:32Z,shippingservice,recommendationservice,0,0,0,0,0,0,0
2026-10-04T14:04:32Z,shippingservice,redis-cart,0,0,0,0,0,0,0
2026-10-04T14:04:32Z,shippingservice,shippingservice,0,0,0,0,0,0,0
2026-10-04T14:04:33Z,adservice,adservice,0,0,0,0,0,0,0
2026-10-04T14:04:33Z,adservice,cartservice,0,0,0,0,0,0,0
2026-10-04T14:04:33Z,adservice,checkoutservice,0,0,0,0,0,0,0
2026-10-04T14:04:33Z,adservice,currencyservice,0,0,0,0,0,0,0
2026-10-04T14:04:33Z,adservice,emailservice,0,0,0,0,0,0,0
2026-10-04T14:04:33Z,adservice,frontend,0,0,0,0,0,0,0
2026-10-04T14:04:33Z,adservice,kubernetes,0,0,0,0,0,0,0
2026-10-04T14:04:33Z,adservice,paymentservice,0,0,0,0,0,0,0
2026-10-04T14:04:33Z,adservice,productcatalogservice,0,0,0,0,0,0,0
2026-10-04T14:04:33Z,adservice,recommendationservice,0,0,0,0,0,0,0
2026-10-04T14:04:33Z,adservice,redis-cart,0,0,0,0,0,0,0
2026-10-04T14:04:33Z,adservice,shippingservice,0,0,0,0,0,0,0
2026-10-04T14:04:33Z,cartservice,adservice,0,0,0,0,0,0,0
2026-10-04T14:04:33Z,cartservice,cartservice,0,0,0,0,0,0,0
2026-10-04T14:04:33Z,cartservice,checkoutservice,0,0,0,0,0,0,0
2026-10-04T14:04:33Z,cartservice,currencyservice,0,0,0,0,0,0,0
2026-10-04T14:04:33Z,cartservice,emailservice,0,0,0,0,0,0,0
2026-10-04T14:04:33Z,cartservice,frontend,0,0,0,0,0,0,0
2026-10-04T14:04:33Z,cartservice,kubernetes,0,0,0,0,0,0,0
2026-10-04T14:04:33Z,cartservice,paymentservice,0,0,0,0,0,0,0
2026-10-04T14:04:33Z,cartservice,productcatalogservice,0,0,0,0,0,0,0
2026-10-04T14:04:33Z,cartservice,recommendationservice,0,0,0,0,0,0,0
2026-10-04T14:04:33Z,cartservice,redis-cart,2,0,0,0,0,0,0
2026-10-04T14:04:33Z,cartservice,shippingservice,0,0,0,0,0,0,0
2026-10-04T14:04:33Z,checkoutservice,adservice,0,0,0,0,0,0,0
2026-10-04T14:04:33Z,checkoutservice,cartservice,11757,11482,0,41,0,131714,11132
2026-10-04T14:04:33Z,checkoutservice,checkoutservice,0,0,0,0,0,0,0
2026-10-04T14:04:33Z,checkoutservice,currencyservice,8604,8598,0,0,0,115470,8273
2026-10-04T14:04:33Z,checkoutservice,emailservice,2388,2239,0,38,0,111739,2233
2026-10-04T14:04:33Z,checkoutservice,frontend,0,0,0,0,0,0,0
2026-10-04T14:04:33Z,checkoutservice,kubernetes,0,0,0,0,0,0,0
2026-10-04T14:04:33Z,checkoutservice,paymentservice,7988,7623,0,32,0,110854,7322
2026-10-04T14:04:33Z,checkoutservice,productcatalogservice,0,0,0,0,0,0,0
2026-10-04T14:04:33Z,checkoutservice,recommendationservice,0,0,0,0,0,0,0
2026-10-04T14:04:33Z,checkoutservice,redis-cart,0,0,0,0,0,0,0
2026-10-04T14:04:33Z,checkoutservice,shippingservice,13949,13495,0,38,0,113962,13038
2026-10-04T14:04:33Z,currencyservice,adservice,0,0,0,0,0,0,0
2026-10-04T14:04:33Z,currencyservice,cartservice,0,0,0,0,0,0,0
2026-10-04T14:04:33Z,currencyservice,checkoutservice,0,0,0,0,0,0,0
2026-10-04T14:04:33Z,currencyservice,currencyservice,0,0,0,0,0,0,0
2026-10-04T14:04:33Z,currencyservice,emailservice,0,0,0,0,0,0,0
2026-10-04T14:04:33Z,currencyservice,frontend,0,0,0,0,0,0,0
2026-10-04T14:04:33Z,currencyservice,kubernetes,0,0,0,0,0,0,0
2026-10-04T14:04:33Z,currencyservice,paymentservice,0,0,0,0,0,0,0
2026-10-04T14:04:33Z,currencyservice,productcatalogservice,0,0,0,0,0,0,0
2026-10-04T14:04:33Z,currencyservice,recommendationservice,0,0,0,0,0,0,0
2026-10-04T14:04:33Z,currencyservice,redis-cart,0,0,0,0,0,0,0
2026-10-04T14:04:33Z,currencyservice,shippingservice,0,0,0,0,0,0,0
2026-10-04T14:04:33Z,emailservice,adservice,0,0,0,0,0,0,0
2026-10-04T14:04:33Z,emailservice,cartservice,0,0,0,0,0,0,0
2026-10-04T14:04:33Z,emailservice,checkoutservice,0,0,0,0,0,0,0
2026-10-04T14:04:33Z,emailservice,currencyservice,0,0,0,0,0,0,0
2026-10-04T14:04:33Z,emailservice,emailservice,0,0,0,0,0,0,0
2026-10-04T14:04:33Z,emailservice,frontend,0,0,0,0,0,0,0
2026-10-04T14:04:33Z,emailservice,kubernetes,0,0,0,0,0,0,0
2026-10-04T14:04:33Z,emailservice,paymentservice,0,0,0,0,0,0,0
2026-10-04T14:04:33Z,emailservice,productcatalogservice,0,0,0,0,0,0,0
2026-10-04T14:04:33Z,emailservice,recommendationservice,0,0,0,0,0,0,0
2026-10-04T14:04:33Z,emailservice,redis-cart,0,0,0,0,0,0,0
2026-10-04T14:04:33Z,emailservice,shippingservice,0,0,0,0,0,0,0
2026-10-04T14:04:33Z,frontend,adservice,787555,787553,0,0,0,2372174,787228
2026-10-04T14:04:33Z,frontend,cartservice,1754478,1754465,0,0,4,9756577,1753889
2026-10-04T14:04:33Z,frontend,checkoutservice,363500,176647,0,35426,151235,56860891,176602
2026-10-04T14:04:33Z,frontend,currencyservice,2789739,2789723,0,0,0,14795476,2788790
2026-10-04T14:04:33Z,frontend,emailservice,0,0,0,0,0,0,0
2026-10-04T14:04:33Z,frontend,frontend,0,0,0,0,0,0,0
2026-10-04T14:04:33Z,frontend,kubernetes,0,0,0,0,0,0,0
2026-10-04T14:04:33Z,frontend,paymentservice,0,0,0,0,0,0,0
2026-10-04T14:04:33Z,frontend,productcatalogservice,7810668,7810570,0,0,0,53188892,7807388
2026-10-04T14:04:33Z,frontend,recommendationservice,2547161,1547871,0,104145,892890,771976839,1547312
2026-10-04T14:04:33Z,frontend,redis-cart,0,0,0,0,0,0,0
2026-10-04T14:04:33Z,frontend,shippingservice,288911,288909,0,0,0,874210,288778
2026-10-04T14:04:33Z,paymentservice,adservice,0,0,0,0,0,0,0
2026-10-04T14:04:33Z,paymentservice,cartservice,0,0,0,0,0,0,0
2026-10-04T14:04:33Z,paymentservice,checkoutservice,0,0,0,0,0,0,0
2026-10-04T14:04:33Z,paymentservice,currencyservice,0,0,0,0,0,0,0
2026-10-04T14:04:33Z,paymentservice,emailservice,0,0,0,0,0,0,0
2026-10-04T14:04:33Z,paymentservice,frontend,0,0,0,0,0,0,0
2026-10-04T14:04:33Z,paymentservice,kubernetes,0,0,0,0,0,0,0
2026-10-04T14:04:33Z,paymentservice,paymentservice,0,0,0,0,0,0,0
2026-10-04T14:04:33Z,paymentservice,productcatalogservice,0,0,0,0,0,0,0
2026-10-04T14:04:33Z,paymentservice,recommendationservice,0,0,0,0,0,0,0
2026-10-04T14:04:33Z,paymentservice,redis-cart,0,0,0,0,0,0,0
2026-10-04T14:04:33Z,paymentservice,shippingservice,0,0,0,0,0,0,0
2026-10-04T14:04:33Z,productcatalogservice,adservice,0,0,0,0,0,0,0
2026-10-04T14:04:33Z,productcatalogservice,cartservice,0,0,0,0,0,0,0
2026-10-04T14:04:33Z,productcatalogservice,checkoutservice,0,0,0,0,0,0,0
2026-10-04T14:04:33Z,productcatalogservice,currencyservice,0,0,0,0,0,0,0
2026-10-04T14:04:33Z,productcatalogservice,emailservice,0,0,0,0,0,0,0
2026-10-04T14:04:33Z,productcatalogservice,frontend,0,0,0,0,0,0,0
2026-10-04T14:04:33Z,productcatalogservice,kubernetes,0,0,0,0,0,0,0
2026-10-04T14:04:33Z,productcatalogservice,paymentservice,0,0,0,0,0,0,0
2026-10-04T14:04:33Z,productcatalogservice,productcatalogservice,0,0,0,0,0,0,0
2026-10-04T14:04:33Z,productcatalogservice,recommendationservice,0,0,0,0,0,0,0
2026-10-04T14:04:33Z,productcatalogservice,redis-cart,0,0,0,0,0,0,0
2026-10-04T14:04:33Z,productcatalogservice,shippingservice,0,0,0,0,0,0,0
2026-10-04T14:04:33Z,recommendationservice,adservice,0,0,0,0,0,0,0
2026-10-04T14:04:33Z,recommendationservice,cartservice,0,0,0,0,0,0,0
2026-10-04T14:04:33Z,recommendationservice,checkoutservice,0,0,0,0,0,0,0
2026-10-04T14:04:33Z,recommendationservice,currencyservice,0,0,0,0,0,0,0
2026-10-04T14:04:33Z,recommendationservice,emailservice,0,0,0,0,0,0,0
2026-10-04T14:04:33Z,recommendationservice,frontend,0,0,0,0,0,0,0
2026-10-04T14:04:33Z,recommendationservice,kubernetes,0,0,0,0,0,0,0
2026-10-04T14:04:33Z,recommendationservice,paymentservice,0,0,0,0,0,0,0
2026-10-04T14:04:33Z,recommendationservice,productcatalogservice,22986,22985,0,0,0,154248,21540
2026-10-04T14:04:33Z,recommendationservice,recommendationservice,0,0,0,0,0,0,0
2026-10-04T14:04:33Z,recommendationservice,redis-cart,0,0,0,0,0,0,0
2026-10-04T14:04:33Z,recommendationservice,shippingservice,0,0,0,0,0,0,0
2026-10-04T14:04:33Z,redis-cart,adservice,0,0,0,0,0,0,0
2026-10-04T14:04:33Z,redis-cart,cartservice,0,0,0,0,0,0,0
2026-10-04T14:04:33Z,redis-cart,checkoutservice,0,0,0,0,0,0,0
2026-10-04T14:04:33Z,redis-cart,currencyservice,0,0,0,0,0,0,0
2026-10-04T14:04:33Z,redis-cart,emailservice,0,0,0,0,0,0,0
2026-10-04T14:04:33Z,redis-cart,frontend,0,0,0,0,0,0,0
2026-10-04T14:04:33Z,redis-cart,kubernetes,0,0,0,0,0,0,0
2026-10-04T14:04:33Z,redis-cart,paymentservice,0,0,0,0,0,0,0
2026-10-04T14:04:33Z,redis-cart,productcatalogservice,0,0,0,0,0,0,0
2026-10-04T14:04:33Z,redis-cart,recommendationservice,0,0,0,0,0,0,0
2026-10-04T14:04:33Z,redis-cart,redis-cart,0,0,0,0,0,0,0
2026-10-04T14:04:33Z,redis-cart,shippingservice,0,0,0,0,0,0,0
2026-10-04T14:04:33Z,shippingservice,adservice,0,0,0,0,0,0,0
2026-10-04T14:04:33Z,shippingservice,cartservice,0,0,0,0,0,0,0
2026-10-04T14:04:33Z,shippingservice,checkoutservice,0,0,0,0,0,0,0
2026-10-04T14:04:33Z,shippingservice,currencyservice,0,0,0,0,0,0,0
2026-10-04T14:04:33Z,shippingservice,emailservice,0,0,0,0,0,0,0
2026-10-04T14:04:33Z,shippingservice,frontend,0,0,0,0,0,0,0
2026-10-04T14:04:33Z,shippingservice,kubernetes,0,0,0,0,0,0,0
2026-10-04T14:04:33Z,shippingservice,paymentservice,0,0,0,0,0,0,0
2026-10-04T14:04:33Z,shippingservice,productcatalogservice,0,0,0,0,0,0,0
2026-10-04T14:04:33Z,shippingservice,recommendationservice,0,0,0,0,0,0,0
2026-10-04T14:04:33Z,shippingservice,redis-cart,0,0,0,0,0,0,0
2026-10-04T14:04:33Z,shippingservice,shippingservice,0,0,0,0,0,0,0
2026-10-04T14:04:34Z,adservice,adservice,0,0,0,0,0,0,0
2026-10-04T14:04:34Z,adservice,cartservice,0,0,0,0,0,0,0
2026-10-04T14:04:34Z,adservice,checkoutservice,0,0,0,0,0,0,0
2026-10-04T14:04:34Z,adservice,currencyservice,0,0,0,0,0,0,0
2026-10-04T14:04:34Z,adservice,emailservice,0,0,0,0,0,0,0
2026-10-04T14:04:34Z,adservice,frontend,0,0,0,0,0,0,0
2026-10-04T14:04:34Z,adservice,kubernetes,0,0,0,0,0,0,0
2026-10-04T14:04:34Z,adservice,paymentservice,0,0,0,0,0,0,0
2026-10-04T14:04:34Z,adservice,productcatalogservice,0,0,0,0,0,0,0
2026-10-04T14:04:34Z,adservice,recommendationservice,0,0,0,0,0,0,0
2026-10-04T14:04:34Z,adservice,redis-cart,0,0,0,0,0,0,0
2026-10-04T14:04:34Z,adservice,shippingservice,0,0,0,0,0,0,0
2026-10-04T14:04:34Z,cartservice,adservice,0,0,0,0,0,0,0
2026-10-04T14:04:34Z,cartservice,cartservice,0,0,0,0,0,0,0
2026-10-04T14:04:34Z,cartservice,checkoutservice,0,0,0,0,0,0,0
2026-10-04T14:04:34Z,cartservice,currencyservice,0,0,0,0,0,0,0
2026-10-04T14:04:34Z,cartservice,emailservice,0,0,0,0,0,0,0
2026-10-04T14:04:34Z,cartservice,frontend,0,0,0,0,0,0,0
2026-10-04T14:04:34Z,cartservice,kubernetes,0,0,0,0,0,0,0
2026-10-04T14:04:34Z,cartservice,paymentservice,0,0,0,0,0,0,0
2026-10-04T14:04:34Z,cartservice,productcatalogservice,0,0,0,0,0,0,0
2026-10-04T14:04:34Z,cartservice,recommendationservice,0,0,0,0,0,0,0
2026-10-04T14:04:34Z,cartservice,redis-cart,2,0,0,0,0,0,0
2026-10-04T14:04:34Z,cartservice,shippingservice,0,0,0,0,0,0,0
2026-10-04T14:04:34Z,checkoutservice,adservice,0,0,0,0,0,0,0
2026-10-04T14:04:34Z,checkoutservice,cartservice,11958,11680,0,42,0,131714,11132
2026-10-04T14:04:34Z,checkoutservice,checkoutservice,0,0,0,0,0,0,0
2026-10-04T14:04:34Z,checkoutservice,currencyservice,8779,8779,0,0,0,115470,8273
2026-10-04T14:04:34Z,checkoutservice,emailservice,2389,2240,0,38,0,111739,2233
2026-10-04T14:04:34Z,checkoutservice,frontend,0,0,0,0,0,0,0
2026-10-04T14:04:34Z,checkoutservice,kubernetes,0,0,0,0,0,0,0
2026-10-04T14:04:34Z,checkoutservice,paymentservice,8173,7795,0,35,0,110854,7322
2026-10-04T14:04:34Z,checkoutservice,productcatalogservice,0,0,0,0,0,0,0
2026-10-04T14:04:34Z,checkoutservice,recommendationservice,0,0,0,0,0,0,0
2026-10-04T14:04:34Z,checkoutservice,redis-cart,0,0,0,0,0,0,0
2026-10-04T14:04:34Z,checkoutservice,shippingservice,14209,13736,0,39,0,113962,13038
2026-10-04T14:04:34Z,currencyservice,adservice,0,0,0,0,0,0,0
2026-10-04T14:04:34Z,currencyservice,cartservice,0,0,0,0,0,0,0
2026-10-04T14:04:34Z,currencyservice,checkoutservice,0,0,0,0,0,0,0
2026-10-04T14:04:34Z,currencyservice,currencyservice,0,0,0,0,0,0,0
2026-10-04T14:04:34Z,currencyservice,emailservice,0,0,0,0,0,0,0
2026-10-04T14:04:34Z,currencyservice,frontend,0,0,0,0,0,0,0
2026-10-04T14:04:34Z,currencyservice,kubernetes,0,0,0,0,0,0,0
2026-10-04T14:04:34Z,currencyservice,paymentservice,0,0,0,0,0,0,0
2026-10-04T14:04:34Z,currencyservice,productcatalogservice,0,0,0,0,0,0,0
2026-10-04T14:04:34Z,currencyservice,recommendationservice,0,0,0,0,0,0,0
2026-10-04T14:04:34Z,currencyservice,redis-cart,0,0,0,0,0,0,0
2026-10-04T14:04:34Z,currencyservice,shippingservice,0,0,0,0,0,0,0
2026-10-04T14:04:34Z,emailservice,adservice,0,0,0,0,0,0,0
2026-10-04T14:04:34Z,emailservice,cartservice,0,0,0,0,0,0,0
2026-10-04T14:04:34Z,emailservice,checkoutservice,0,0,0,0,0,0,0
2026-10-04T14:04:34Z,emailservice,currencyservice,0,0,0,0,0,0,0
2026-10-04T14:04:34Z,emailservice,emailservice,0,0,0,0,0,0,0
2026-10-04T14:04:34Z,emailservice,frontend,0,0,0,0,0,0,0
2026-10-04T14:04:34Z,emailservice,kubernetes,0,0,0,0,0,0,0
2026-10-04T14:04:34Z,emailservice,paymentservice,0,0,0,0,0,0,0
2026-10-04T14:04:34Z,emailservice,productcatalogservice,0,0,0,0,0,0,0
2026-10-04T14:04:34Z,emailservice,recommendationservice,0,0,0,0,0,0,0
2026-10-04T14:04:34Z,emailservice,redis-cart,0,0,0,0,0,0,0
2026-10-04T14:04:34Z,emailservice,shippingservice,0,0,0,0,0,0,0
2026-10-04T14:04:34Z,frontend,adservice,787831,787829,0,0,0,2373229,787567
2026-10-04T14:04:34Z,frontend,cartservice,1754961,1754948,0,0,4,9760333,1754468
2026-10-04T14:04:34Z,frontend,checkoutservice,363701,176662,0,35456,151396,56913221,176644
2026-10-04T14:04:34Z,frontend,currencyservice,2790511,2790501,0,0,0,14801381,2789741
2026-10-04T14:04:34Z,frontend,emailservice,0,0,0,0,0,0,0
2026-10-04T14:04:34Z,frontend,frontend,0,0,0,0,0,0,0
2026-10-04T14:04:34Z,frontend,kubernetes,0,0,0,0,0,0,0
2026-10-04T14:04:34Z,frontend,paymentservice,0,0,0,0,0,0,0
2026-10-04T14:04:34Z,frontend,productcatalogservice,7813185,7813094,0,0,0,53221724,7810623
2026-10-04T14:04:34Z,frontend,recommendationservice,2547591,1548291,0,104145,892890,772068256,1547872
2026-10-04T14:04:34Z,frontend,redis-cart,0,0,0,0,0,0,0
2026-10-04T14:04:34Z,frontend,shippingservice,289021,289019,0,0,0,874813,288907
2026-10-04T14:04:34Z,paymentservice,adservice,0,0,0,0,0,0,0
2026-10-04T14:04:34Z,paymentservice,cartservice,0,0,0,0,0,0,0
2026-10-04T14:04:34Z,paymentservice,checkoutservice,0,0,0,0,0,0,0
2026-10-04T14:04:34Z,paymentservice,currencyservice,0,0,0,0,0,0,0
2026-10-04T14:04:34Z,paymentservice,emailservice,0,0,0,0,0,0,0
2026-10-04T14:04:34Z,paymentservice,frontend,0,0,0,0,0,0,0
2026-10-04T14:04:34Z,paymentservice,kubernetes,0,0,0,0,0,0,0
2026-10-04T14:04:34Z,paymentservice,paymentservice,0,0,0,0,0,0,0
2026-10-04T14:04:34Z,paymentservice,productcatalogservice,0,0,0,0,0,0,0
2026-10-04T14:04:34Z,paymentservice,recommendationservice,0,0,0,0,0,0,0
2026-10-04T14:04:34Z,paymentservice,redis-cart,0,0,0,0,0,0,0
2026-10-04T14:04:34Z,paymentservice,shippingservice,0,0,0,0,0,0,0
2026-10-04T14:04:34Z,productcatalogservice,adservice,0,0,0,0,0,0,0
2026-10-04T14:04:34Z,productcatalogservice,cartservice,0,0,0,0,0,0,0
2026-10-04T14:04:34Z,productcatalogservice,checkoutservice,0,0,0,0,0,0,0
2026-10-04T14:04:34Z,productcatalogservice,currencyservice,0,0,0,0,0,0,0
2026-10-04T14:04:34Z,productcatalogservice,emailservice,0,0,0,0,0,0,0
2026-10-04T14:04:34Z,productcatalogservice,frontend,0,0,0,0,0,0,0
2026-10-04T14:04:34Z,productcatalogservice,kubernetes,0,0,0,0,0,0,0
2026-10-04T14:04:34Z,productcatalogservice,paymentservice,0,0,0,0,0,0,0
2026-10-04T14:04:34Z,productcatalogservice,productcatalogservice,0,0,0,0,0,0,0
2026-10-04T14:04:34Z,productcatalogservice,recommendationservice,0,0,0,0,0,0,0
2026-10-04T14:04:34Z,productcatalogservice,redis-cart,0,0,0,0,0,0,0
2026-10-04T14:04:34Z,productcatalogservice,shippingservice,0,0,0,0,0,0,0
2026-10-04T14:04:34Z,recommendationservice,adservice,0,0,0,0,0,0,0
2026-10-04T14:04:34Z,recommendationservice,cartservice,0,0,0,0,0,0,0
2026-10-04T14:04:34Z,recommendationservice,checkoutservice,0,0,0,0,0,0,0
2026-10-04T14:04:34Z,recommendationservice,currencyservice,0,0,0,0,0,0,0
2026-10-04T14:04:34Z,recommendationservice,emailservice,0,0,0,0,0,0,0
2026-10-04T14:04:34Z,recommendationservice,frontend,0,0,0,0,0,0,0
2026-10-04T14:04:34Z,recommendationservice,kubernetes,0,0,0,0,0,0,0
2026-10-04T14:04:34Z,recommendationservice,paymentservice,0,0,0,0,0,0,0
2026-10-04T14:04:34Z,recommendationservice,productcatalogservice,23430,23420,0,0,0,154248,21540
2026-10-04T14:04:34Z,recommendationservice,recommendationservice,0,0,0,0,0,0,0
2026-10-04T14:04:34Z,recommendationservice,redis-cart,0,0,0,0,0,0,0
2026-10-04T14:04:34Z,recommendationservice,shippingservice,0,0,0,0,0,0,0
2026-10-04T14:04:34Z,redis-cart,adservice,0,0,0,0,0,0,0
2026-10-04T14:04:34Z,redis-cart,cartservice,0,0,0,0,0,0,0
2026-10-04T14:04:34Z,redis-cart,checkoutservice,0,0,0,0,0,0,0
2026-10-04T14:04:34Z,redis-cart,currencyservice,0,0,0,0,0,0,0
2026-10-04T14:04:34Z,redis-cart,emailservice,0,0,0,0,0,0,0
2026-10-04T14:04:34Z,redis-cart,frontend,0,0,0,0,0,0,0
2026-10-04T14:04:34Z,redis-cart,kubernetes,0,0,0,0,0,0,0
2026-10-04T14:04:34Z,redis-cart,paymentservice,0,0,0,0,0,0,0
2026-10-04T14:04:34Z,redis-cart,productcatalogservice,0,0,0,0,0,0,0
2026-10-04T14:04:34Z,redis-cart,recommendationservice,0,0,0,0,0,0,0
2026-10-04T14:04:34Z,redis-cart,redis-cart,0,0,0,0,0,0,0
2026-10-04T14:04:34Z,redis-cart,shippingservice,0,0,0,0,0,0,0
2026-10-04T14:04:34Z,shippingservice,adservice,0,0,0,0,0,0,0
2026-10-04T14:04:34Z,shippingservice,cartservice,0,0,0,0,0,0,0
2026-10-04T14:04:34Z,shippingservice,checkoutservice,0,0,0,0,0,0,0
2026-10-04T14:04:34Z,shippingservice,currencyservice,0,0,0,0,0,0,0
2026-10-04T14:04:34Z,shippingservice,emailservice,0,0,0,0,0,0,0
2026-10-04T14:04:34Z,shippingservice,frontend,0,0,0,0,0,0,0
2026-10-04T14:04:34Z,shippingservice,kubernetes,0,0,0,0,0,0,0
2026-10-04T14:04:34Z,shippingservice,paymentservice,0,0,0,0,0,0,0
2026-10-04T14:04:34Z,shippingservice,productcatalogservice,0,0,0,0,0,0,0
2026-10-04T14:04:34Z,shippingservice,recommendationservice,0,0,0,0,0,0,0
2026-10-04T14:04:34Z,shippingservice,redis-cart,0,0,0,0,0,0,0
2026-10-04T14:04:34Z,shippingservice,shippingservice,0,0,0,0,0,0,0
2026-10-04T14:04:35Z,adservice,adservice,0,0,0,0,0,0,0
2026-10-04T14:04:35Z,adservice,cartservice,0,0,0,0,0,0,0
2026-10-04T14:04:35Z,adservice,checkoutservice,0,0,0,0,0,0,0
2026-10-04T14:04:35Z,adservice,currencyservice,0,0,0,0,0,0,0
2026-10-04T14:04:35Z,adservice,emailservice,0,0,0,0,0,0,0
2026-10-04T14:04:35Z,adservice,frontend,0,0,0,0,0,0,0
2026-10-04T14:04:35Z,adservice,kubernetes,0,0,0,0,0,0,0
2026-10-04T14:04:35Z,adservice,paymentservice,0,0,0,0,0,0,0
2026-10-04T14:04:35Z,adservice,productcatalogservice,0,0,0,0,0,0,0
2026-10-04T14:04:35Z,adservice,recommendationservice,0,0,0,0,0,0,0
2026-10-04T14:04:35Z,adservice,redis-cart,0,0,0,0,0,0,0
2026-10-04T14:04:35Z,adservice,shippingservice,0,0,0,0,0,0,0
2026-10-04T14:04:35Z,cartservice,adservice,0,0,0,0,0,0,0
2026-10-04T14:04:35Z,cartservice,cartservice,0,0,0,0,0,0,0
2026-10-04T14:04:35Z,cartservice,checkoutservice,0,0,0,0,0,0,0
2026-10-04T14:04:35Z,cartservice,currencyservice,0,0,0,0,0,0,0
2026-10-04T14:04:35Z,cartservice,emailservice,0,0,0,0,0,0,0
2026-10-04T14:04:35Z,cartservice,frontend,0,0,0,0,0,0,0
2026-10-04T14:04:35Z,cartservice,kubernetes,0,0,0,0,0,0,0
2026-10-04T14:04:35Z,cartservice,paymentservice,0,0,0,0,0,0,0
2026-10-04T14:04:35Z,cartservice,productcatalogservice,0,0,0,0,0,0,0
2026-10-04T14:04:35Z,cartservice,recommendationservice,0,0,0,0,0,0,0
2026-10-04T14:04:35Z,cartservice,redis-cart,2,0,0,0,0,0,0
2026-10-04T14:04:35Z,cartservice,shippingservice,0,0,0,0,0,0,0
2026-10-04T14:04:35Z,checkoutservice,adservice,0,0,0,0,0,0,0
2026-10-04T14:04:35Z,checkoutservice,cartservice,12183,11883,0,42,0,131714,11132
2026-10-04T14:04:35Z,checkoutservice,checkoutservice,0,0,0,0,0,0,0
2026-10-04T14:04:35Z,checkoutservice,currencyservice,8985,8977,0,0,0,115470,8273
2026-10-04T14:04:35Z,checkoutservice,emailservice,2389,2240,0,38,0,111739,2233
2026-10-04T14:04:35Z,checkoutservice,frontend,0,0,0,0,0,0,0
2026-10-04T14:04:35Z,checkoutservice,kubernetes,0,0,0,0,0,0,0
2026-10-04T14:04:35Z,checkoutservice,paymentservice,8339,7945,0,36,0,110854,7322
2026-10-04T14:04:35Z,checkoutservice,productcatalogservice,0,0,0,0,0,0,0
2026-10-04T14:04:35Z,checkoutservice,recommendationservice,0,0,0,0,0,0,0
2026-10-04T14:04:35Z,checkoutservice,redis-cart,0,0,0,0,0,0,0
2026-10-04T14:04:35Z,checkoutservice,shippingservice,14498,14000,0,40,0,113962,13038
2026-10-04T14:04:35Z,currencyservice,adservice,0,0,0,0,0,0,0
2026-10-04T14:04:35Z,currencyservice,cartservice,0,0,0,0,0,0,0
2026-10-04T14:04:35Z,currencyservice,checkoutservice,0,0,0,0,0,0,0
2026-10-04T14:04:35Z,currencyservice,currencyservice,0,0,0,0,0,0,0
2026-10-04T14:04:35Z,currencyservice,emailservice,0,0,0,0,0,0,0
2026-10-04T14:04:35Z,currencyservice,frontend,0,0,0,0,0,0,0
2026-10-04T14:04:35Z,currencyservice,kubernetes,0,0,0,0,0,0,0
2026-10-04T14:04:35Z,currencyservice,paymentservice,0,0,0,0,0,0,0
2026-10-04T14:04:35Z,currencyservice,productcatalogservice,0,0,0,0,0,0,0
2026-10-04T14:04:35Z,currencyservice,recommendationservice,0,0,0,0,0,0,0
2026-10-04T14:04:35Z,currencyservice,redis-cart,0,0,0,0,0,0,0
2026-10-04T14:04:35Z,currencyservice,shippingservice,0,0,0,0,0,0,0
2026-10-04T14:04:35Z,emailservice,adservice,0,0,0,0,0,0,0
2026-10-04T14:04:35Z,emailservice,cartservice,0,0,0,0,0,0,0
2026-10-04T14:04:35Z,emailservice,checkoutservice,0,0,0,0,0,0,0
2026-10-04T14:04:35Z,emailservice,currencyservice,0,0,0,0,0,0,0
2026-10-04T14:04:35Z,emailservice,emailservice,0,0,0,0,0,0,0
2026-10-04T14:04:35Z,emailservice,frontend,0,0,0,0,0,0,0
2026-10-04T14:04:35Z,emailservice,kubernetes,0,0,0,0,0,0,0
2026-10-04T14:04:35Z,emailservice,paymentservice,0,0,0,0,0,0,0
2026-10-04T14:04:35Z,emailservice,productcatalogservice,0,0,0,0,0,0,0
2026-10-04T14:04:35Z,emailservice,recommendationservice,0,0,0,0,0,0,0
2026-10-04T14:04:35Z,emailservice,redis-cart,0,0,0,0,0,0,0
2026-10-04T14:04:35Z,emailservice,shippingservice,0,0,0,0,0,0,0
2026-10-04T14:04:35Z,frontend,adservice,788137,788131,0,0,0,2373229,787567
2026-10-04T14:04:35Z,frontend,cartservice,1755438,1755424,0,0,4,9760333,1754468
2026-10-04T14:04:35Z,frontend,checkoutservice,363918,176682,0,35506,151536,56913221,176644
2026-10-04T14:04:35Z,frontend,currencyservice,2791296,2791282,0,0,0,14801381,2789741
2026-10-04T14:04:35Z,frontend,emailservice,0,0,0,0,0,0,0
2026-10-04T14:04:35Z,frontend,frontend,0,0,0,0,0,0,0
2026-10-04T14:04:35Z,frontend,kubernetes,0,0,0,0,0,0,0
2026-10-04T14:04:35Z,frontend,paymentservice,0,0,0,0,0,0,0
2026-10-04T14:04:35Z,frontend,productcatalogservice,7816002,7815915,0,0,0,53221724,7810623
2026-10-04T14:04:35Z,frontend,recommendationservice,2548050,1548779,0,104145,892890,772068256,1547872
2026-10-04T14:04:35Z,frontend,redis-cart,0,0,0,0,0,0,0
2026-10-04T14:04:35Z,frontend,shippingservice,289129,289127,0,0,0,874813,288907
2026-10-04T14:04:35Z,paymentservice,adservice,0,0,0,0,0,0,0
2026-10-04T14:04:35Z,paymentservice,cartservice,0,0,0,0,0,0,0
2026-10-04T14:04:35Z,paymentservice,checkoutservice,0,0,0,0,0,0,0
2026-10-04T14:04:35Z,paymentservice,currencyservice,0,0,0,0,0,0,0
2026-10-04T14:04:35Z,paymentservice,emailservice,0,0,0,0,0,0,0
2026-10-04T14:04:35Z,paymentservice,frontend,0,0,0,0,0,0,0
2026-10-04T14:04:35Z,paymentservice,kubernetes,0,0,0,0,0,0,0
2026-10-04T14:04:35Z,paymentservice,paymentservice,0,0,0,0,0,0,0
2026-10-04T14:04:35Z,paymentservice,productcatalogservice,0,0,0,0,0,0,0
2026-10-04T14:04:35Z,paymentservice,recommendationservice,0,0,0,0,0,0,0
2026-10-04T14:04:35Z,paymentservice,redis-cart,0,0,0,0,0,0,0
2026-10-04T14:04:35Z,paymentservice,shippingservice,0,0,0,0,0,0,0
2026-10-04T14:04:35Z,productcatalogservice,adservice,0,0,0,0,0,0,0
2026-10-04T14:04:35Z,productcatalogservice,cartservice,0,0,0,0,0,0,0
2026-10-04T14:04:35Z,productcatalogservice,checkoutservice,0,0,0,0,0,0,0
2026-10-04T14:04:35Z,productcatalogservice,currencyservice,0,0,0,0,0,0,0
2026-10-04T14:04:35Z,productcatalogservice,emailservice,0,0,0,0,0,0,0
2026-10-04T14:04:35Z,productcatalogservice,frontend,0,0,0,0,0,0,0
2026-10-04T14:04:35Z,productcatalogservice,kubernetes,0,0,0,0,0,0,0
2026-10-04T14:04:35Z,productcatalogservice,paymentservice,0,0,0,0,0,0,0
2026-10-04T14:04:35Z,productcatalogservice,productcatalogservice,0,0,0,0,0,0,0
2026-10-04T14:04:35Z,productcatalogservice,recommendationservice,0,0,0,0,0,0,0
2026-10-04T14:04:35Z,productcatalogservice,redis-cart,0,0,0,0,0,0,0
2026-10-04T14:04:35Z,productcatalogservice,shippingservice,0,0,0,0,0,0,0
2026-10-04T14:04:35Z,recommendationservice,adservice,0,0,0,0,0,0,0
2026-10-04T14:04:35Z,recommendationservice,cartservice,0,0,0,0,0,0,0
2026-10-04T14:04:35Z,recommendationservice,checkoutservice,0,0,0,0,0,0,0
2026-10-04T14:04:35Z,recommendationservice,currencyservice,0,0,0,0,0,0,0
2026-10-04T14:04:35Z,recommendationservice,emailservice,0,0,0,0,0,0,0
2026-10-04T14:04:35Z,recommendationservice,frontend,0,0,0,0,0,0,0
2026-10-04T14:04:35Z,recommendationservice,kubernetes,0,0,0,0,0,0,0
2026-10-04T14:04:35Z,recommendationservice,paymentservice,0,0,0,0,0,0,0
2026-10-04T14:04:35Z,recommendationservice,productcatalogservice,23902,23892,0,0,0,174210,23696
2026-10-04T14:04:35Z,recommendationservice,recommendationservice,0,0,0,0,0,0,0
2026-10-04T14:04:35Z,recommendationservice,redis-cart,0,0,0,0,0,0,0
2026-10-04T14:04:35Z,recommendationservice,shippingservice,0,0,0,0,0,0,0
2026-10-04T14:04:35Z,redis-cart,adservice,0,0,0,0,0,0,0
2026-10-04T14:04:35Z,redis-cart,cartservice,0,0,0,0,0,0,0
2026-10-04T14:04:35Z,redis-cart,checkoutservice,0,0,0,0,0,0,0
2026-10-04T14:04:35Z,redis-cart,currencyservice,0,0,0,0,0,0,0
2026-10-04T14:04:35Z,redis-cart,emailservice,0,0,0,0,0,0,0
2026-10-04T14:04:35Z,redis-cart,frontend,0,0,0,0,0,0,0
2026-10-04T14:04:35Z,redis-cart,kubernetes,0,0,0,0,0,0,0
2026-10-04T14:04:35Z,redis-cart,paymentservice,0,0,0,0,0,0,0
2026-10-04T14:04:35Z,redis-cart,productcatalogservice,0,0,0,0,0,0,0
2026-10-04T14:04:35Z,redis-cart,recommendationservice,0,0,0,0,0,0,0
2026-10-04T14:04:35Z,redis-cart,redis-cart,0,0,0,0,0,0,0
2026-10-04T14:04:35Z,redis-cart,shippingservice,0,0,0,0,0,0,0
2026-10-04T14:04:35Z,shippingservice,adservice,0,0,0,0,0,0,0
2026-10-04T14:04:35Z,shippingservice,cartservice,0,0,0,0,0,0,0
2026-10-04T14:04:35Z,shippingservice,checkoutservice,0,0,0,0,0,0,0
2026-10-04T14:04:35Z,shippingservice,currencyservice,0,0,0,0,0,0,0
2026-10-04T14:04:35Z,shippingservice,emailservice,0,0,0,0,0,0,0
2026-10-04T14:04:35Z,shippingservice,frontend,0,0,0,0,0,0,0
2026-10-04T14:04:35Z,shippingservice,kubernetes,0,0,0,0,0,0,0
2026-10-04T14:04:35Z,shippingservice,paymentservice,0,0,0,0,0,0,0
2026-10-04T14:04:35Z,shippingservice,productcatalogservice,0,0,0,0,0,0,0
2026-10-04T14:04:35Z,shippingservice,recommendationservice,0,0,0,0,0,0,0
2026-10-04T14:04:35Z,shippingservice,redis-cart,0,0,0,0,0,0,0
2026-10-04T14:04:35Z,shippingservice,shippingservice,0,0,0,0,0,0,0
2026-10-04T14:04:36Z,adservice,adservice,0,0,0,0,0,0,0
2026-10-04T14:04:36Z,adservice,cartservice,0,0,0,0,0,0,0
2026-10-04T14:04:36Z,adservice,checkoutservice,0,0,0,0,0,0,0
2026-10-04T14:04:36Z,adservice,currencyservice,0,0,0,0,0,0,0
2026-10-04T14:04:36Z,adservice,emailservice,0,0,0,0,0,0,0
2026-10-04T14:04:36Z,adservice,frontend,0,0,0,0,0,0,0
2026-10-04T14:04:36Z,adservice,kubernetes,0,0,0,0,0,0,0
2026-10-04T14:04:36Z,adservice,paymentservice,0,0,0,0,0,0,0
2026-10-04T14:04:36Z,adservice,productcatalogservice,0,0,0,0,0,0,0
2026-10-04T14:04:36Z,adservice,recommendationservice,0,0,0,0,0,0,0
2026-10-04T14:04:36Z,adservice,redis-cart,0,0,0,0,0,0,0
2026-10-04T14:04:36Z,adservice,shippingservice,0,0,0,0,0,0,0
2026-10-04T14:04:36Z,cartservice,adservice,0,0,0,0,0,0,0
2026-10-04T14:04:36Z,cartservice,cartservice,0,0,0,0,0,0,0
2026-10-04T14:04:36Z,cartservice,checkoutservice,0,0,0,0,0,0,0
2026-10-04T14:04:36Z,cartservice,currencyservice,0,0,0,0,0,0,0
2026-10-04T14:04:36Z,cartservice,emailservice,0,0,0,0,0,0,0
2026-10-04T14:04:36Z,cartservice,frontend,0,0,0,0,0,0,0
2026-10-04T14:04:36Z,cartservice,kubernetes,0,0,0,0,0,0,0
2026-10-04T14:04:36Z,cartservice,paymentservice,0,0,0,0,0,0,0
2026-10-04T14:04:36Z,cartservice,productcatalogservice,0,0,0,0,0,0,0
2026-10-04T14:04:36Z,cartservice,recommendationservice,0,0,0,0,0,0,0
2026-10-04T14:04:36Z,cartservice,redis-cart,2,0,0,0,0,0,0
2026-10-04T14:04:36Z,cartservice,shippingservice,0,0,0,0,0,0,0
2026-10-04T14:04:36Z,checkoutservice,adservice,0,0,0,0,0,0,0
2026-10-04T14:04:36Z,checkoutservice,cartservice,12402,12111,0,43,0,131714,11132
2026-10-04T14:04:36Z,checkoutservice,checkoutservice,0,0,0,0,0,0,0
2026-10-04T14:04:36Z,checkoutservice,currencyservice,9176,9176,0,0,0,115470,8273
2026-10-04T14:04:36Z,checkoutservice,emailservice,2391,2242,0,38,0,111739,2233
2026-10-04T14:04:36Z,checkoutservice,frontend,0,0,0,0,0,0,0
2026-10-04T14:04:36Z,checkoutservice,kubernetes,0,0,0,0,0,0,0
2026-10-04T14:04:36Z,checkoutservice,paymentservice,8511,8116,0,36,0,110854,7322
2026-10-04T14:04:36Z,checkoutservice,productcatalogservice,0,0,0,0,0,0,0
2026-10-04T14:04:36Z,checkoutservice,recommendationservice,0,0,0,0,0,0,0
2026-10-04T14:04:36Z,checkoutservice,redis-cart,0,0,0,0,0,0,0
2026-10-04T14:04:36Z,checkoutservice,shippingservice,14785,14276,0,40,0,113962,13038
2026-10-04T14:04:36Z,currencyservice,adservice,0,0,0,0,0,0,0
2026-10-04T14:04:36Z,currencyservice,cartservice,0,0,0,0,0,0,0
2026-10-04T14:04:36Z,currencyservice,checkoutservice,0,0,0,0,0,0,0
2026-10-04T14:04:36Z,currencyservice,currencyservice,0,0,0,0,0,0,0
2026-10-04T14:04:36Z,currencyservice,emailservice,0,0,0,0,0,0,0
2026-10-04T14:04:36Z,currencyservice,frontend,0,0,0,0,0,0,0
2026-10-04T14:04:36Z,currencyservice,kubernetes,0,0,0,0,0,0,0
2026-10-04T14:04:36Z,currencyservice,paymentservice,0,0,0,0,0,0,0
2026-10-04T14:04:36Z,currencyservice,productcatalogservice,0,0,0,0,0,0,0
2026-10-04T14:04:36Z,currencyservice,recommendationservice,0,0,0,0,0,0,0
2026-10-04T14:04:36Z,currencyservice,redis-cart,0,0,0,0,0,0,0
2026-10-04T14:04:36Z,currencyservice,shippingservice,0,0,0,0,0,0,0
2026-10-04T14:04:36Z,emailservice,adservice,0,0,0,0,0,0,0
2026-10-04T14:04:36Z,emailservice,cartservice,0,0,0,0,0,0,0
2026-10-04T14:04:36Z,emailservice,checkoutservice,0,0,0,0,0,0,0
2026-10-04T14:04:36Z,emailservice,currencyservice,0,0,0,0,0,0,0
2026-10-04T14:04:36Z,emailservice,emailservice,0,0,0,0,0,0,0
2026-10-04T14:04:36Z,emailservice,frontend,0,0,0,0,0,0,0
2026-10-04T14:04:36Z,emailservice,kubernetes,0,0,0,0,0,0,0
2026-10-04T14:04:36Z,emailservice,paymentservice,0,0,0,0,0,0,0
2026-10-04T14:04:36Z,emailservice,productcatalogservice,0,0,0,0,0,0,0
2026-10-04T14:04:36Z,emailservice,recommendationservice,0,0,0,0,0,0,0
2026-10-04T14:04:36Z,emailservice,redis-cart,0,0,0,0,0,0,0
2026-10-04T14:04:36Z,emailservice,shippingservice,0,0,0,0,0,0,0
2026-10-04T14:04:36Z,frontend,adservice,788402,788400,0,0,0,2373229,787567
2026-10-04T14:04:36Z,frontend,cartservice,1755897,1755883,0,0,4,9760333,1754468
2026-10-04T14:04:36Z,frontend,checkoutservice,364119,176707,0,35533,151684,56913221,176644
2026-10-04T14:04:36Z,frontend,currencyservice,2792018,2792009,0,0,0,14801381,2789741
2026-10-04T14:04:36Z,frontend,emailservice,0,0,0,0,0,0,0
2026-10-04T14:04:36Z,frontend,frontend,0,0,0,0,0,0,0
2026-10-04T14:04:36Z,frontend,kubernetes,0,0,0,0,0,0,0
2026-10-04T14:04:36Z,frontend,paymentservice,0,0,0,0,0,0,0
2026-10-04T14:04:36Z,frontend,productcatalogservice,7818460,7818363,0,0,0,53221724,7810623
2026-10-04T14:04:36Z,frontend,recommendationservice,2548465,1549204,0,104145,892890,772068256,1547872
2026-10-04T14:04:36Z,frontend,redis-cart,0,0,0,0,0,0,0
2026-10-04T14:04:36Z,frontend,shippingservice,289225,289223,0,0,0,874813,288907
2026-10-04T14:04:36Z,paymentservice,adservice,0,0,0,0,0,0,0
2026-10-04T14:04:36Z,paymentservice,cartservice,0,0,0,0,0,0,0
2026-10-04T14:04:36Z,paymentservice,checkoutservice,0,0,0,0,0,0,0
2026-10-04T14:04:36Z,paymentservice,currencyservice,0,0,0,0,0,0,0
2026-10-04T14:04:36Z,paymentservice,emailservice,0,0,0,0,0,0,0
2026-10-04T14:04:36Z,paymentservice,frontend,0,0,0,0,0,0,0
2026-10-04T14:04:36Z,paymentservice,kubernetes,0,0,0,0,0,0,0
2026-10-04T14:04:36Z,paymentservice,paymentservice,0,0,0,0,0,0,0
2026-10-04T14:04:36Z,paymentservice,productcatalogservice,0,0,0,0,0,0,0
2026-10-04T14:04:36Z,paymentservice,recommendationservice,0,0,0,0,0,0,0
2026-10-04T14:04:36Z,paymentservice,redis-cart,0,0,0,0,0,0,0
2026-10-04T14:04:36Z,paymentservice,shippingservice,0,0,0,0,0,0,0
2026-10-04T14:04:36Z,productcatalogservice,adservice,0,0,0,0,0,0,0
2026-10-04T14:04:36Z,productcatalogservice,cartservice,0,0,0,0,0,0,0
2026-10-04T14:04:36Z,productcatalogservice,checkoutservice,0,0,0,0,0,0,0
2026-10-04T14:04:36Z,productcatalogservice,currencyservice,0,0,0,0,0,0,0
2026-10-04T14:04:36Z,productcatalogservice,emailservice,0,0,0,0,0,0,0
2026-10-04T14:04:36Z,productcatalogservice,frontend,0,0,0,0,0,0,0
2026-10-04T14:04:36Z,productcatalogservice,kubernetes,0,0,0,0,0,0,0
2026-10-04T14:04:36Z,productcatalogservice,paymentservice,0,0,0,0,0,0,0
2026-10-04T14:04:36Z,productcatalogservice,productcatalogservice,0,0,0,0,0,0,0
2026-10-04T14:04:36Z,productcatalogservice,recommendationservice,0,0,0,0,0,0,0
2026-10-04T14:04:36Z,productcatalogservice,redis-cart,0,0,0,0,0,0,0
2026-10-04T14:04:36Z,productcatalogservice,shippingservice,0,0,0,0,0,0,0
2026-10-04T14:04:36Z,recommendationservice,adservice,0,0,0,0,0,0,0
2026-10-04T14:04:36Z,recommendationservice,cartservice,0,0,0,0,0,0,0
2026-10-04T14:04:36Z,recommendationservice,checkoutservice,0,0,0,0,0,0,0
2026-10-04T14:04:36Z,recommendationservice,currencyservice,0,0,0,0,0,0,0
2026-10-04T14:04:36Z,recommendationservice,emailservice,0,0,0,0,0,0,0
2026-10-04T14:04:36Z,recommendationservice,frontend,0,0,0,0,0,0,0
2026-10-04T14:04:36Z,recommendationservice,kubernetes,0,0,0,0,0,0,0
2026-10-04T14:04:36Z,recommendationservice,paymentservice,0,0,0,0,0,0,0
2026-10-04T14:04:36Z,recommendationservice,productcatalogservice,24342,24335,0,0,0,174210,23696
2026-10-04T14:04:36Z,recommendationservice,recommendationservice,0,0,0,0,0,0,0
2026-10-04T14:04:36Z,recommendationservice,redis-cart,0,0,0,0,0,0,0
2026-10-04T14:04:36Z,recommendationservice,shippingservice,0,0,0,0,0,0,0
2026-10-04T14:04:36Z,redis-cart,adservice,0,0,0,0,0,0,0
2026-10-04T14:04:36Z,redis-cart,cartservice,0,0,0,0,0,0,0
2026-10-04T14:04:36Z,redis-cart,checkoutservice,0,0,0,0,0,0,0
2026-10-04T14:04:36Z,redis-cart,currencyservice,0,0,0,0,0,0,0
2026-10-04T14:04:36Z,redis-cart,emailservice,0,0,0,0,0,0,0
2026-10-04T14:04:36Z,redis-cart,frontend,0,0,0,0,0,0,0
2026-10-04T14:04:36Z,redis-cart,kubernetes,0,0,0,0,0,0,0
2026-10-04T14:04:36Z,redis-cart,paymentservice,0,0,0,0,0,0,0
2026-10-04T14:04:36Z,redis-cart,productcatalogservice,0,0,0,0,0,0,0
2026-10-04T14:04:36Z,redis-cart,recommendationservice,0,0,0,0,0,0,0
2026-10-04T14:04:36Z,redis-cart,redis-cart,0,0,0,0,0,0,0
2026-10-04T14:04:36Z,redis-cart,shippingservice,0,0,0,0,0,0,0
2026-10-04T14:04:36Z,shippingservice,adservice,0,0,0,0,0,0,0
2026-10-04T14:04:36Z,shippingservice,cartservice,0,0,0,0,0,0,0
2026-10-04T14:04:36Z,shippingservice,checkoutservice,0,0,0,0,0,0,0
2026-10-04T14:04:36Z,shippingservice,currencyservice,0,0,0,0,0,0,0
2026-10-04T14:04:36Z,shippingservice,emailservice,0,0,0,0,0,0,0
2026-10-04T14:04:36Z,shippingservice,frontend,0,0,0,0,0,0,0
2026-10-04T14:04:36Z,shippingservice,kubernetes,0,0,0,0,0,0,0
2026-10-04T14:04:36Z,shippingservice,paymentservice,0,0,0,0,0,0,0
2026-10-04T14:04:36Z,shippingservice,productcatalogservice,0,0,0,0,0,0,0
2026-10-04T14:04:36Z,shippingservice,recommendationservice,0,0,0,0,0,0,0
2026-10-04T14:04:36Z,shippingservice,redis-cart,0,0,0,0,0,0,0
2026-10-04T14:04:36Z,shippingservice,shippingservice,0,0,0,0,0,0,0
2026-10-04T14:04:37Z,adservice,adservice,0,0,0,0,0,0,0
2026-10-04T14:04:37Z,adservice,cartservice,0,0,0,0,0,0,0
2026-10-04T14:04:37Z,adservice,checkoutservice,0,0,0,0,0,0,0
2026-10-04T14:04:37Z,adservice,currencyservice,0,0,0,0,0,0,0
2026-10-04T14:04:37Z,adservice,emailservice,0,0,0,0,0,0,0
2026-10-04T14:04:37Z,adservice,frontend,0,0,0,0,0,0,0
2026-10-04T14:04:37Z,adservice,kubernetes,0,0,0,0,0,0,0
2026-10-04T14:04:37Z,adservice,paymentservice,0,0,0,0,0,0,0
2026-10-04T14:04:37Z,adservice,productcatalogservice,0,0,0,0,0,0,0
2026-10-04T14:04:37Z,adservice,recommendationservice,0,0,0,0,0,0,0
2026-10-04T14:04:37Z,adservice,redis-cart,0,0,0,0,0,0,0
2026-10-04T14:04:37Z,adservice,shippingservice,0,0,0,0,0,0,0
2026-10-04T14:04:37Z,cartservice,adservice,0,0,0,0,0,0,0
2026-10-04T14:04:37Z,cartservice,cartservice,0,0,0,0,0,0,0
2026-10-04T14:04:37Z,cartservice,checkoutservice,0,0,0,0,0,0,0
2026-10-04T14:04:37Z,cartservice,currencyservice,0,0,0,0,0,0,0
2026-10-04T14:04:37Z,cartservice,emailservice,0,0,0,0,0,0,0
2026-10-04T14:04:37Z,cartservice,frontend,0,0,0,0,0,0,0
2026-10-04T14:04:37Z,cartservice,kubernetes,0,0,0,0,0,0,0
2026-10-04T14:04:37Z,cartservice,paymentservice,0,0,0,0,0,0,0
2026-10-04T14:04:37Z,cartservice,productcatalogservice,0,0,0,0,0,0,0
2026-10-04T14:04:37Z,cartservice,recommendationservice,0,0,0,0,0,0,0
2026-10-04T14:04:37Z,cartservice,redis-cart,2,0,0,0,0,0,0
2026-10-04T14:04:37Z,cartservice,shippingservice,0,0,0,0,0,0,0
2026-10-04T14:04:37Z,checkoutservice,adservice,0,0,0,0,0,0,0
2026-10-04T14:04:37Z,checkoutservice,cartservice,12633,12322,0,46,0,148672,12197
2026-10-04T14:04:37Z,checkoutservice,checkoutservice,0,0,0,0,0,0,0
2026-10-04T14:04:37Z,checkoutservice,currencyservice,9388,9372,0,0,0,132406,9268
2026-10-04T14:04:37Z,checkoutservice,emailservice,2392,2243,0,38,0,111843,2243
2026-10-04T14:04:37Z,checkoutservice,frontend,0,0,0,0,0,0,0
2026-10-04T14:04:37Z,checkoutservice,kubernetes,0,0,0,0,0,0,0
2026-10-04T14:04:37Z,checkoutservice,paymentservice,8695,8282,0,37,0,124399,8155
2026-10-04T14:04:37Z,checkoutservice,productcatalogservice,0,0,0,0,0,0,0
2026-10-04T14:04:37Z,checkoutservice,recommendationservice,0,0,0,0,0,0,0
2026-10-04T14:04:37Z,checkoutservice,redis-cart,0,0,0,0,0,0,0
2026-10-04T14:04:37Z,checkoutservice,shippingservice,15076,14540,0,41,0,130004,14381
2026-10-04T14:04:37Z,currencyservice,adservice,0,0,0,0,0,0,0
2026-10-04T14:04:37Z,currencyservice,cartservice,0,0,0,0,0,0,0
2026-10-04T14:04:37Z,currencyservice,checkoutservice,0,0,0,0,0,0,0
2026-10-04T14:04:37Z,currencyservice,currencyservice,0,0,0,0,0,0,0
2026-10-04T14:04:37Z,currencyservice,emailservice,0,0,0,0,0,0,0
2026-10-04T14:04:37Z,currencyservice,frontend,0,0,0,0,0,0,0
2026-10-04T14:04:37Z,currencyservice,kubernetes,0,0,0,0,0,0,0
2026-10-04T14:04:37Z,currencyservice,paymentservice,0,0,0,0,0,0,0
2026-10-04T14:04:37Z,currencyservice,productcatalogservice,0,0,0,0,0,0,0
2026-10-04T14:04:37Z,currencyservice,recommendationservice,0,0,0,0,0,0,0
2026-10-04T14:04:37Z,currencyservice,redis-cart,0,0,0,0,0,0,0
2026-10-04T14:04:37Z,currencyservice,shippingservice,0,0,0,0,0,0,0
2026-10-04T14:04:37Z,emailservice,adservice,0,0,0,0,0,0,0
2026-10-04T14:04:37Z,emailservice,cartservice,0,0,0,0,0,0,0
2026-10-04T14:04:37Z,emailservice,checkoutservice,0,0,0,0,0,0,0
2026-10-04T14:04:37Z,emailservice,currencyservice,0,0,0,0,0,0,0
2026-10-04T14:04:37Z,emailservice,emailservice,0,0,0,0,0,0,0
2026-10-04T14:04:37Z,emailservice,frontend,0,0,0,0,0,0,0
2026-10-04T14:04:37Z,emailservice,kubernetes,0,0,0,0,0,0,0
2026-10-04T14:04:37Z,emailservice,paymentservice,0,0,0,0,0,0,0
2026-10-04T14:04:37Z,emailservice,productcatalogservice,0,0,0,0,0,0,0
2026-10-04T14:04:37Z,emailservice,recommendationservice,0,0,0,0,0,0,0
2026-10-04T14:04:37Z,emailservice,redis-cart,0,0,0,0,0,0,0
2026-10-04T14:04:37Z,emailservice,shippingservice,0,0,0,0,0,0,0
2026-10-04T14:04:37Z,frontend,adservice,788673,788665,0,0,0,2373229,787567
2026-10-04T14:04:37Z,frontend,cartservice,1756353,1756341,0,0,4,9760333,1754468
2026-10-04T14:04:37Z,frontend,checkoutservice,364321,176735,0,35574,151827,56913221,176644
2026-10-04T14:04:37Z,frontend,currencyservice,2792745,2792731,0,0,0,14801381,2789741
2026-10-04T14:04:37Z,frontend,emailservice,0,0,0,0,0,0,0
2026-10-04T14:04:37Z,frontend,frontend,0,0,0,0,0,0,0
2026-10-04T14:04:37Z,frontend,kubernetes,0,0,0,0,0,0,0
2026-10-04T14:04:37Z,frontend,paymentservice,0,0,0,0,0,0,0
2026-10-04T14:04:37Z,frontend,productcatalogservice,7820920,7820826,0,0,0,53221724,7810623
2026-10-04T14:04:37Z,frontend,recommendationservice,2548891,1549622,0,104145,892890,772068256,1547872
2026-10-04T14:04:37Z,frontend,redis-cart,0,0,0,0,0,0,0
2026-10-04T14:04:37Z,frontend,shippingservice,289322,289319,0,0,0,874813,288907
2026-10-04T14:04:37Z,paymentservice,adservice,0,0,0,0,0,0,0
2026-10-04T14:04:37Z,paymentservice,cartservice,0,0,0,0,0,0,0
2026-10-04T14:04:37Z,paymentservice,checkoutservice,0,0,0,0,0,0,0
2026-10-04T14:04:37Z,paymentservice,currencyservice,0,0,0,0,0,0,0
2026-10-04T14:04:37Z,paymentservice,emailservice,0,0,0,0,0,0,0
2026-10-04T14:04:37Z,paymentservice,frontend,0,0,0,0,0,0,0
2026-10-04T14:04:37Z,paymentservice,kubernetes,0,0,0,0,0,0,0
2026-10-04T14:04:37Z,paymentservice,paymentservice,0,0,0,0,0,0,0
2026-10-04T14:04:37Z,paymentservice,productcatalogservice,0,0,0,0,0,0,0
2026-10-04T14:04:37Z,paymentservice,recommendationservice,0,0,0,0,0,0,0
2026-10-04T14:04:37Z,paymentservice,redis-cart,0,0,0,0,0,0,0
2026-10-04T14:04:37Z,paymentservice,shippingservice,0,0,0,0,0,0,0
2026-10-04T14:04:37Z,productcatalogservice,adservice,0,0,0,0,0,0,0
2026-10-04T14:04:37Z,productcatalogservice,cartservice,0,0,0,0,0,0,0
2026-10-04T14:04:37Z,productcatalogservice,checkoutservice,0,0,0,0,0,0,0
2026-10-04T14:04:37Z,productcatalogservice,currencyservice,0,0,0,0,0,0,0
2026-10-04T14:04:37Z,productcatalogservice,emailservice,0,0,0,0,0,0,0
2026-10-04T14:04:37Z,productcatalogservice,frontend,0,0,0,0,0,0,0
2026-10-04T14:04:37Z,productcatalogservice,kubernetes,0,0,0,0,0,0,0
2026-10-04T14:04:37Z,productcatalogservice,paymentservice,0,0,0,0,0,0,0
2026-10-04T14:04:37Z,productcatalogservice,productcatalogservice,0,0,0,0,0,0,0
2026-10-04T14:04:37Z,productcatalogservice,recommendationservice,0,0,0,0,0,0,0
2026-10-04T14:04:37Z,productcatalogservice,redis-cart,0,0,0,0,0,0,0
2026-10-04T14:04:37Z,productcatalogservice,shippingservice,0,0,0,0,0,0,0
2026-10-04T14:04:37Z,recommendationservice,adservice,0,0,0,0,0,0,0
2026-10-04T14:04:37Z,recommendationservice,cartservice,0,0,0,0,0,0,0
2026-10-04T14:04:37Z,recommendationservice,checkoutservice,0,0,0,0,0,0,0
2026-10-04T14:04:37Z,recommendationservice,currencyservice,0,0,0,0,0,0,0
2026-10-04T14:04:37Z,recommendationservice,emailservice,0,0,0,0,0,0,0
2026-10-04T14:04:37Z,recommendationservice,frontend,0,0,0,0,0,0,0
2026-10-04T14:04:37Z,recommendationservice,kubernetes,0,0,0,0,0,0,0
2026-10-04T14:04:37Z,recommendationservice,paymentservice,0,0,0,0,0,0,0
2026-10-04T14:04:37Z,recommendationservice,productcatalogservice,24774,24772,0,0,0,174210,23696
2026-10-04T14:04:37Z,recommendationservice,recommendationservice,0,0,0,0,0,0,0
2026-10-04T14:04:37Z,recommendationservice,redis-cart,0,0,0,0,0,0,0
2026-10-04T14:04:37Z,recommendationservice,shippingservice,0,0,0,0,0,0,0
2026-10-04T14:04:37Z,redis-cart,adservice,0,0,0,0,0,0,0
2026-10-04T14:04:37Z,redis-cart,cartservice,0,0,0,0,0,0,0
2026-10-04T14:04:37Z,redis-cart,checkoutservice,0,0,0,0,0,0,0
2026-10-04T14:04:37Z,redis-cart,currencyservice,0,0,0,0,0,0,0
2026-10-04T14:04:37Z,redis-cart,emailservice,0,0,0,0,0,0,0
2026-10-04T14:04:37Z,redis-cart,frontend,0,0,0,0,0,0,0
2026-10-04T14:04:37Z,redis-cart,kubernetes,0,0,0,0,0,0,0
2026-10-04T14:04:37Z,redis-cart,paymentservice,0,0,0,0,0,0,0
2026-10-04T14:04:37Z,redis-cart,productcatalogservice,0,0,0,0,0,0,0
2026-10-04T14:04:37Z,redis-cart,recommendationservice,0,0,0,0,0,0,0
2026-10-04T14:04:37Z,redis-cart,redis-cart,0,0,0,0,0,0,0
2026-10-04T14:04:37Z,redis-cart,shippingservice,0,0,0,0,0,0,0
2026-10-04T14:04:37Z,shippingservice,adservice,0,0,0,0,0,0,0
2026-10-04T14:04:37Z,shippingservice,cartservice,0,0,0,0,0,0,0
2026-10-04T14:04:37Z,shippingservice,checkoutservice,0,0,0,0,0,0,0
2026-10-04T14:04:37Z,shippingservice,currencyservice,0,0,0,0,0,0,0
2026-10-04T14:04:37Z,shippingservice,emailservice,0,0,0,0,0,0,0
2026-10-04T14:04:37Z,shippingservice,frontend,0,0,0,0,0,0,0
2026-10-04T14:04:37Z,shippingservice,kubernetes,0,0,0,0,0,0,0
2026-10-04T14:04:37Z,shippingservice,paymentservice,0,0,0,0,0,0,0
2026-10-04T14:04:37Z,shippingservice,productcatalogservice,0,0,0,0,0,0,0
2026-10-04T14:04:37Z,shippingservice,recommendationservice,0,0,0,0,0,0,0
2026-10-04T14:04:37Z,shippingservice,redis-cart,0,0,0,0,0,0,0
2026-10-04T14:04:37Z,shippingservice,shippingservice,0,0,0,0,0,0,0
2026-10-04T14:04:38Z,adservice,adservice,0,0,0,0,0,0,0
2026-10-04T14:04:38Z,adservice,cartservice,0,0,0,0,0,0,0
2026-10-04T14:04:38Z,adservice,checkoutservice,0,0,0,0,0,0,0
2026-10-04T14:04:38Z,adservice,currencyservice,0,0,0,0,0,0,0
2026-10-04T14:04:38Z,adservice,emailservice,0,0,0,0,0,0,0
2026-10-04T14:04:38Z,adservice,frontend,0,0,0,0,0,0,0
2026-10-04T14:04:38Z,adservice,kubernetes,0,0,0,0,0,0,0
2026-10-04T14:04:38Z,adservice,paymentservice,0,0,0,0,0,0,0
2026-10-04T14:04:38Z,adservice,productcatalogservice,0,0,0,0,0,0,0
2026-10-04T14:04:38Z,adservice,recommendationservice,0,0,0,0,0,0,0
2026-10-04T14:04:38Z,adservice,redis-cart,0,0,0,0,0,0,0
2026-10-04T14:04:38Z,adservice,shippingservice,0,0,0,0,0,0,0
2026-10-04T14:04:38Z,cartservice,adservice,0,0,0,0,0,0,0
2026-10-04T14:04:38Z,cartservice,cartservice,0,0,0,0,0,0,0
2026-10-04T14:04:38Z,cartservice,checkoutservice,0,0,0,0,0,0,0
2026-10-04T14:04:38Z,cartservice,currencyservice,0,0,0,0,0,0,0
2026-10-04T14:04:38Z,cartservice,emailservice,0,0,0,0,0,0,0
2026-10-04T14:04:38Z,cartservice,frontend,0,0,0,0,0,0,0
2026-10-04T14:04:38Z,cartservice,kubernetes,0,0,0,0,0,0,0
2026-10-04T14:04:38Z,cartservice,paymentservice,0,0,0,0,0,0,0
2026-10-04T14:04:38Z,cartservice,productcatalogservice,0,0,0,0,0,0,0
2026-10-04T14:04:38Z,cartservice,recommendationservice,0,0,0,0,0,0,0
2026-10-04T14:04:38Z,cartservice,redis-cart,2,0,0,0,0,0,0
2026-10-04T14:04:38Z,cartservice,shippingservice,0,0,0,0,0,0,0
2026-10-04T14:04:38Z,checkoutservice,adservice,0,0,0,0,0,0,0
2026-10-04T14:04:38Z,checkoutservice,cartservice,12862,12552,0,47,0,148672,12197
2026-10-04T14:04:38Z,checkoutservice,checkoutservice,0,0,0,0,0,0,0
2026-10-04T14:04:38Z,checkoutservice,currencyservice,9593,9590,0,0,0,132406,9268
2026-10-04T14:04:38Z,checkoutservice,emailservice,2392,2243,0,38,0,111843,2243
2026-10-04T14:04:38Z,checkoutservice,frontend,0,0,0,0,0,0,0
2026-10-04T14:04:38Z,checkoutservice,kubernetes,0,0,0,0,0,0,0
2026-10-04T14:04:38Z,checkoutservice,paymentservice,8886,8453,0,38,0,124399,8155
2026-10-04T14:04:38Z,checkoutservice,productcatalogservice,0,0,0,0,0,0,0
2026-10-04T14:04:38Z,checkoutservice,recommendationservice,0,0,0,0,0,0,0
2026-10-04T14:04:38Z,checkoutservice,redis-cart,0,0,0,0,0,0,0
2026-10-04T14:04:38Z,checkoutservice,shippingservice,15387,14824,0,42,0,130004,14381
2026-10-04T14:04:38Z,currencyservice,adservice,0,0,0,0,0,0,0
2026-10-04T14:04:38Z,currencyservice,cartservice,0,0,0,0,0,0,0
2026-10-04T14:04:38Z,currencyservice,checkoutservice,0,0,0,0,0,0,0
2026-10-04T14:04:38Z,currencyservice,currencyservice,0,0,0,0,0,0,0
2026-10-04T14:04:38Z,currencyservice,emailservice,0,0,0,0,0,0,0
2026-10-04T14:04:38Z,currencyservice,frontend,0,0,0,0,0,0,0
2026-10-04T14:04:38Z,currencyservice,kubernetes,0,0,0,0,0,0,0
2026-10-04T14:04:38Z,currencyservice,paymentservice,0,0,0,0,0,0,0
2026-10-04T14:04:38Z,currencyservice,productcatalogservice,0,0,0,0,0,0,0
2026-10-04T14:04:38Z,currencyservice,recommendationservice,0,0,0,0,0,0,0
2026-10-04T14:04:38Z,currencyservice,redis-cart,0,0,0,0,0,0,0
2026-10-04T14:04:38Z,currencyservice,shippingservice,0,0,0,0,0,0,0
2026-10-04T14:04:38Z,emailservice,adservice,0,0,0,0,0,0,0
2026-10-04T14:04:38Z,emailservice,cartservice,0,0,0,0,0,0,0
2026-10-04T14:04:38Z,emailservice,checkoutservice,0,0,0,0,0,0,0
2026-10-04T14:04:38Z,emailservice,currencyservice,0,0,0,0,0,0,0
2026-10-04T14:04:38Z,emailservice,emailservice,0,0,0,0,0,0,0
2026-10-04T14:04:38Z,emailservice,frontend,0,0,0,0,0,0,0
2026-10-04T14:04:38Z,emailservice,kubernetes,0,0,0,0,0,0,0
2026-10-04T14:04:38Z,emailservice,paymentservice,0,0,0,0,0,0,0
2026-10-04T14:04:38Z,emailservice,productcatalogservice,0,0,0,0,0,0,0
2026-10-04T14:04:38Z,emailservice,recommendationservice,0,0,0,0,0,0,0
2026-10-04T14:04:38Z,emailservice,redis-cart,0,0,0,0,0,0,0
2026-10-04T14:04:38Z,emailservice,shippingservice,0,0,0,0,0,0,0
2026-10-04T14:04:38Z,frontend,adservice,788941,788939,0,0,0,2376464,788630
2026-10-04T14:04:38Z,frontend,cartservice,1756815,1756802,0,0,4,9770083,1756235
2026-10-04T14:04:38Z,frontend,checkoutservice,364529,176755,0,35602,151974,57004456,176714
2026-10-04T14:04:38Z,frontend,currencyservice,2793482,2793470,0,0,0,14817985,2792573
2026-10-04T14:04:38Z,frontend,emailservice,0,0,0,0,0,0,0
2026-10-04T14:04:38Z,frontend,frontend,0,0,0,0,0,0,0
2026-10-04T14:04:38Z,frontend,kubernetes,0,0,0,0,0,0,0
2026-10-04T14:04:38Z,frontend,paymentservice,0,0,0,0,0,0,0
2026-10-04T14:04:38Z,frontend,productcatalogservice,7823420,7823321,0,0,0,53294852,7820280
2026-10-04T14:04:38Z,frontend,recommendationservice,2549320,1550052,0,104145,892890,772312356,1549523
2026-10-04T14:04:38Z,frontend,redis-cart,0,0,0,0,0,0,0
2026-10-04T14:04:38Z,frontend,shippingservice,289420,289417,0,0,0,876040,289286
2026-10-04T14:04:38Z,paymentservice,adservice,0,0,0,0,0,0,0
2026-10-04T14:04:38Z,paymentservice,cartservice,0,0,0,0,0,0,0
2026-10-04T14:04:38Z,paymentservice,checkoutservice,0,0,0,0,0,0,0
2026-10-04T14:04:38Z,paymentservice,currencyservice,0,0,0,0,0,0,0
2026-10-04T14:04:38Z,paymentservice,emailservice,0,0,0,0,0,0,0
2026-10-04T14:04:38Z,paymentservice,frontend,0,0,0,0,0,0,0
2026-10-04T14:04:38Z,paymentservice,kubernetes,0,0,0,0,0,0,0
2026-10-04T14:04:38Z,paymentservice,paymentservice,0,0,0,0,0,0,0
2026-10-04T14:04:38Z,paymentservice,productcatalogservice,0,0,0,0,0,0,0
2026-10-04T14:04:38Z,paymentservice,recommendationservice,0,0,0,0,0,0,0
2026-10-04T14:04:38Z,paymentservice,redis-cart,0,0,0,0,0,0,0
2026-10-04T14:04:38Z,paymentservice,shippingservice,0,0,0,0,0,0,0
2026-10-04T14:04:38Z,productcatalogservice,adservice,0,0,0,0,0,0,0
2026-10-04T14:04:38Z,productcatalogservice,cartservice,0,0,0,0,0,0,0
2026-10-04T14:04:38Z,productcatalogservice,checkoutservice,0,0,0,0,0,0,0
2026-10-04T14:04:38Z,productcatalogservice,currencyservice,0,0,0,0,0,0,0
2026-10-04T14:04:38Z,productcatalogservice,emailservice,0,0,0,0,0,0,0
2026-10-04T14:04:38Z,productcatalogservice,frontend,0,0,0,0,0,0,0
2026-10-04T14:04:38Z,productcatalogservice,kubernetes,0,0,0,0,0,0,0
2026-10-04T14:04:38Z,productcatalogservice,paymentservice,0,0,0,0,0,0,0
2026-10-04T14:04:38Z,productcatalogservice,productcatalogservice,0,0,0,0,0,0,0
2026-10-04T14:04:38Z,productcatalogservice,recommendationservice,0,0,0,0,0,0,0
2026-10-04T14:04:38Z,productcatalogservice,redis-cart,0,0,0,0,0,0,0
2026-10-04T14:04:38Z,productcatalogservice,shippingservice,0,0,0,0,0,0,0
2026-10-04T14:04:38Z,recommendationservice,adservice,0,0,0,0,0,0,0
2026-10-04T14:04:38Z,recommendationservice,cartservice,0,0,0,0,0,0,0
2026-10-04T14:04:38Z,recommendationservice,checkoutservice,0,0,0,0,0,0,0
2026-10-04T14:04:38Z,recommendationservice,currencyservice,0,0,0,0,0,0,0
2026-10-04T14:04:38Z,recommendationservice,emailservice,0,0,0,0,0,0,0
2026-10-04T14:04:38Z,recommendationservice,frontend,0,0,0,0,0,0,0
2026-10-04T14:04:38Z,recommendationservice,kubernetes,0,0,0,0,0,0,0
2026-10-04T14:04:38Z,recommendationservice,paymentservice,0,0,0,0,0,0,0
2026-10-04T14:04:38Z,recommendationservice,productcatalogservice,25204,25194,0,0,0,174210,23696
2026-10-04T14:04:38Z,recommendationservice,recommendationservice,0,0,0,0,0,0,0
2026-10-04T14:04:38Z,recommendationservice,redis-cart,0,0,0,0,0,0,0
2026-10-04T14:04:38Z,recommendationservice,shippingservice,0,0,0,0,0,0,0
2026-10-04T14:04:38Z,redis-cart,adservice,0,0,0,0,0,0,0
2026-10-04T14:04:38Z,redis-cart,cartservice,0,0,0,0,0,0,0
2026-10-04T14:04:38Z,redis-cart,checkoutservice,0,0,0,0,0,0,0
2026-10-04T14:04:38Z,redis-cart,currencyservice,0,0,0,0,0,0,0
2026-10-04T14:04:38Z,redis-cart,emailservice,0,0,0,0,0,0,0
2026-10-04T14:04:38Z,redis-cart,frontend,0,0,0,0,0,0,0
2026-10-04T14:04:38Z,redis-cart,kubernetes,0,0,0,0,0,0,0
2026-10-04T14:04:38Z,redis-cart,paymentservice,0,0,0,0,0,0,0
2026-10-04T14:04:38Z,redis-cart,productcatalogservice,0,0,0,0,0,0,0
2026-10-04T14:04:38Z,redis-cart,recommendationservice,0,0,0,0,0,0,0
2026-10-04T14:04:38Z,redis-cart,redis-cart,0,0,0,0,0,0,0
2026-10-04T14:04:38Z,redis-cart,shippingservice,0,0,0,0,0,0,0
2026-10-04T14:04:38Z,shippingservice,adservice,0,0,0,0,0,0,0
2026-10-04T14:04:38Z,shippingservice,cartservice,0,0,0,0,0,0,0
2026-10-04T14:04:38Z,shippingservice,checkoutservice,0,0,0,0,0,0,0
2026-10-04T14:04:38Z,shippingservice,currencyservice,0,0,0,0,0,0,0
2026-10-04T14:04:38Z,shippingservice,emailservice,0,0,0,0,0,0,0
2026-10-04T14:04:38Z,shippingservice,frontend,0,0,0,0,0,0,0
2026-10-04T14:04:38Z,shippingservice,kubernetes,0,0,0,0,0,0,0
2026-10-04T14:04:38Z,shippingservice,paymentservice,0,0,0,0,0,0,0
2026-10-04T14:04:38Z,shippingservice,productcatalogservice,0,0,0,0,0,0,0
2026-10-04T14:04:38Z,shippingservice,recommendationservice,0,0,0,0,0,0,0
2026-10-04T14:04:38Z,shippingservice,redis-cart,0,0,0,0,0,0,0
2026-10-04T14:04:38Z,shippingservice,shippingservice,0,0,0,0,0,0,0
2026-10-04T14:04:39Z,adservice,adservice,0,0,0,0,0,0,0
2026-10-04T14:04:39Z,adservice,cartservice,0,0,0,0,0,0,0
2026-10-04T14:04:39Z,adservice,checkoutservice,0,0,0,0,0,0,0
2026-10-04T14:04:39Z,adservice,currencyservice,0,0,0,0,0,0,0
2026-10-04T14:04:39Z,adservice,emailservice,0,0,0,0,0,0,0
2026-10-04T14:04:39Z,adservice,frontend,0,0,0,0,0,0,0
2026-10-04T14:04:39Z,adservice,kubernetes,0,0,0,0,0,0,0
2026-10-04T14:04:39Z,adservice,paymentservice,0,0,0,0,0,0,0
2026-10-04T14:04:39Z,adservice,productcatalogservice,0,0,0,0,0,0,0
2026-10-04T14:04:39Z,adservice,recommendationservice,0,0,0,0,0,0,0
2026-10-04T14:04:39Z,adservice,redis-cart,0,0,0,0,0,0,0
2026-10-04T14:04:39Z,adservice,shippingservice,0,0,0,0,0,0,0
2026-10-04T14:04:39Z,cartservice,adservice,0,0,0,0,0,0,0
2026-10-04T14:04:39Z,cartservice,cartservice,0,0,0,0,0,0,0
2026-10-04T14:04:39Z,cartservice,checkoutservice,0,0,0,0,0,0,0
2026-10-04T14:04:39Z,cartservice,currencyservice,0,0,0,0,0,0,0
2026-10-04T14:04:39Z,cartservice,emailservice,0,0,0,0,0,0,0
2026-10-04T14:04:39Z,cartservice,frontend,0,0,0,0,0,0,0
2026-10-04T14:04:39Z,cartservice,kubernetes,0,0,0,0,0,0,0
2026-10-04T14:04:39Z,cartservice,paymentservice,0,0,0,0,0,0,0
2026-10-04T14:04:39Z,cartservice,productcatalogservice,0,0,0,0,0,0,0
2026-10-04T14:04:39Z,cartservice,recommendationservice,0,0,0,0,0,0,0
2026-10-04T14:04:39Z,cartservice,redis-cart,2,0,0,0,0,0,0
2026-10-04T14:04:39Z,cartservice,shippingservice,0,0,0,0,0,0,0
2026-10-04T14:04:39Z,checkoutservice,adservice,0,0,0,0,0,0,0
2026-10-04T14:04:39Z,checkoutservice,cartservice,13079,12770,0,48,0,148672,12197
2026-10-04T14:04:39Z,checkoutservice,checkoutservice,0,0,0,0,0,0,0
2026-10-04T14:04:39Z,checkoutservice,currencyservice,9809,9799,0,0,0,132406,9268
2026-10-04T14:04:39Z,checkoutservice,emailservice,2392,2243,0,38,0,111843,2243
2026-10-04T14:04:39Z,checkoutservice,frontend,0,0,0,0,0,0,0
2026-10-04T14:04:39Z,checkoutservice,kubernetes,0,0,0,0,0,0,0
2026-10-04T14:04:39Z,checkoutservice,paymentservice,9067,8626,0,39,0,124399,8155
2026-10-04T14:04:39Z,checkoutservice,productcatalogservice,0,0,0,0,0,0,0
2026-10-04T14:04:39Z,checkoutservice,recommendationservice,0,0,0,0,0,0,0
2026-10-04T14:04:39Z,checkoutservice,redis-cart,0,0,0,0,0,0,0
2026-10-04T14:04:39Z,checkoutservice,shippingservice,15675,15099,0,47,0,130004,14381
2026-10-04T14:04:39Z,currencyservice,adservice,0,0,0,0,0,0,0
2026-10-04T14:04:39Z,currencyservice,cartservice,0,0,0,0,0,0,0
2026-10-04T14:04:39Z,currencyservice,checkoutservice,0,0,0,0,0,0,0
2026-10-04T14:04:39Z,currencyservice,currencyservice,0,0,0,0,0,0,0
2026-10-04T14:04:39Z,currencyservice,emailservice,0,0,0,0,0,0,0
2026-10-04T14:04:39Z,currencyservice,frontend,0,0,0,0,0,0,0
2026-10-04T14:04:39Z,currencyservice,kubernetes,0,0,0,0,0,0,0
2026-10-04T14:04:39Z,currencyservice,paymentservice,0,0,0,0,0,0,0
2026-10-04T14:04:39Z,currencyservice,productcatalogservice,0,0,0,0,0,0,0
2026-10-04T14:04:39Z,currencyservice,recommendationservice,0,0,0,0,0,0,0
2026-10-04T14:04:39Z,currencyservice,redis-cart,0,0,0,0,0,0,0
2026-10-04T14:04:39Z,currencyservice,shippingservice,0,0,0,0,0,0,0
2026-10-04T14:04:39Z,emailservice,adservice,0,0,0,0,0,0,0
2026-10-04T14:04:39Z,emailservice,cartservice,0,0,0,0,0,0,0
2026-10-04T14:04:39Z,emailservice,checkoutservice,0,0,0,0,0,0,0
2026-10-04T14:04:39Z,emailservice,currencyservice,0,0,0,0,0,0,0
2026-10-04T14:04:39Z,emailservice,emailservice,0,0,0,0,0,0,0
2026-10-04T14:04:39Z,emailservice,frontend,0,0,0,0,0,0,0
2026-10-04T14:04:39Z,emailservice,kubernetes,0,0,0,0,0,0,0
2026-10-04T14:04:39Z,emailservice,paymentservice,0,0,0,0,0,0,0
2026-10-04T14:04:39Z,emailservice,productcatalogservice,0,0,0,0,0,0,0
2026-10-04T14:04:39Z,emailservice,recommendationservice,0,0,0,0,0,0,0
2026-10-04T14:04:39Z,emailservice,redis-cart,0,0,0,0,0,0,0
2026-10-04T14:04:39Z,emailservice,shippingservice,0,0,0,0,0,0,0
2026-10-04T14:04:39Z,frontend,adservice,789219,789217,0,0,0,2377432,788965
2026-10-04T14:04:39Z,frontend,cartservice,1757292,1757278,0,0,4,9773598,1756810
2026-10-04T14:04:39Z,frontend,checkoutservice,364732,176776,0,35645,152117,57054276,176750
2026-10-04T14:04:39Z,frontend,currencyservice,2794235,2794218,0,0,0,14823360,2793470
2026-10-04T14:04:39Z,frontend,emailservice,0,0,0,0,0,0,0
2026-10-04T14:04:39Z,frontend,frontend,0,0,0,0,0,0,0
2026-10-04T14:04:39Z,frontend,kubernetes,0,0,0,0,0,0,0
2026-10-04T14:04:39Z,frontend,paymentservice,0,0,0,0,0,0,0
2026-10-04T14:04:39Z,frontend,productcatalogservice,7825948,7825857,0,0,0,53326362,7823394
2026-10-04T14:04:39Z,frontend,recommendationservice,2549754,1550482,0,104145,892890,772384740,1550054
2026-10-04T14:04:39Z,frontend,redis-cart,0,0,0,0,0,0,0
2026-10-04T14:04:39Z,frontend,shippingservice,289514,289512,0,0,0,876528,289406
2026-10-04T14:04:39Z,paymentservice,adservice,0,0,0,0,0,0,0
2026-10-04T14:04:39Z,paymentservice,cartservice,0,0,0,0,0,0,0
2026-10-04T14:04:39Z,paymentservice,checkoutservice,0,0,0,0,0,0,0
2026-10-04T14:04:39Z,paymentservice,currencyservice,0,0,0,0,0,0,0
2026-10-04T14:04:39Z,paymentservice,emailservice,0,0,0,0,0,0,0
2026-10-04T14:04:39Z,paymentservice,frontend,0,0,0,0,0,0,0
2026-10-04T14:04:39Z,paymentservice,kubernetes,0,0,0,0,0,0,0
2026-10-04T14:04:39Z,paymentservice,paymentservice,0,0,0,0,0,0,0
2026-10-04T14:04:39Z,paymentservice,productcatalogservice,0,0,0,0,0,0,0
2026-10-04T14:04:39Z,paymentservice,recommendationservice,0,0,0,0,0,0,0
2026-10-04T14:04:39Z,paymentservice,redis-cart,0,0,0,0,0,0,0
2026-10-04T14:04:39Z,paymentservice,shippingservice,0,0,0,0,0,0,0
2026-10-04T14:04:39Z,productcatalogservice,adservice,0,0,0,0,0,0,0
2026-10-04T14:04:39Z,productcatalogservice,cartservice,0,0,0,0,0,0,0
2026-10-04T14:04:39Z,productcatalogservice,checkoutservice,0,0,0,0,0,0,0
2026-10-04T14:04:39Z,productcatalogservice,currencyservice,0,0,0,0,0,0,0
2026-10-04T14:04:39Z,productcatalogservice,emailservice,0,0,0,0,0,0,0
2026-10-04T14:04:39Z,productcatalogservice,frontend,0,0,0,0,0,0,0
2026-10-04T14:04:39Z,productcatalogservice,kubernetes,0,0,0,0,0,0,0
2026-10-04T14:04:39Z,productcatalogservice,paymentservice,0,0,0,0,0,0,0
2026-10-04T14:04:39Z,productcatalogservice,productcatalogservice,0,0,0,0,0,0,0
2026-10-04T14:04:39Z,productcatalogservice,recommendationservice,0,0,0,0,0,0,0
2026-10-04T14:04:39Z,productcatalogservice,redis-cart,0,0,0,0,0,0,0
2026-10-04T14:04:39Z,productcatalogservice,shippingservice,0,0,0,0,0,0,0
2026-10-04T14:04:39Z,recommendationservice,adservice,0,0,0,0,0,0,0
2026-10-04T14:04:39Z,recommendationservice,cartservice,0,0,0,0,0,0,0
2026-10-04T14:04:39Z,recommendationservice,checkoutservice,0,0,0,0,0,0,0
2026-10-04T14:04:39Z,recommendationservice,currencyservice,0,0,0,0,0,0,0
2026-10-04T14:04:39Z,recommendationservice,emailservice,0,0,0,0,0,0,0
2026-10-04T14:04:39Z,recommendationservice,frontend,0,0,0,0,0,0,0
2026-10-04T14:04:39Z,recommendationservice,kubernetes,0,0,0,0,0,0,0
2026-10-04T14:04:39Z,recommendationservice,paymentservice,0,0,0,0,0,0,0
2026-10-04T14:04:39Z,recommendationservice,productcatalogservice,25634,25632,0,0,0,174210,23696
2026-10-04T14:04:39Z,recommendationservice,recommendationservice,0,0,0,0,0,0,0
2026-10-04T14:04:39Z,recommendationservice,redis-cart,0,0,0,0,0,0,0
2026-10-04T14:04:39Z,recommendationservice,shippingservice,0,0,0,0,0,0,0
2026-10-04T14:04:39Z,redis-cart,adservice,0,0,0,0,0,0,0
2026-10-04T14:04:39Z,redis-cart,cartservice,0,0,0,0,0,0,0
2026-10-04T14:04:39Z,redis-cart,checkoutservice,0,0,0,0,0,0,0
2026-10-04T14:04:39Z,redis-cart,currencyservice,0,0,0,0,0,0,0
2026-10-04T14:04:39Z,redis-cart,emailservice,0,0,0,0,0,0,0
2026-10-04T14:04:39Z,redis-cart,frontend,0,0,0,0,0,0,0
2026-10-04T14:04:39Z,redis-cart,kubernetes,0,0,0,0,0,0,0
2026-10-04T14:04:39Z,redis-cart,paymentservice,0,0,0,0,0,0,0
2026-10-04T14:04:39Z,redis-cart,productcatalogservice,0,0,0,0,0,0,0
2026-10-04T14:04:39Z,redis-cart,recommendationservice,0,0,0,0,0,0,0
2026-10-04T14:04:39Z,redis-cart,redis-cart,0,0,0,0,0,0,0
2026-10-04T14:04:39Z,redis-cart,shippingservice,0,0,0,0,0,0,0
2026-10-04T14:04:39Z,shippingservice,adservice,0,0,0,0,0,0,0
2026-10-04T14:04:39Z,shippingservice,cartservice,0,0,0,0,0,0,0
2026-10-04T14:04:39Z,shippingservice,checkoutservice,0,0,0,0,0,0,0
2026-10-04T14:04:39Z,shippingservice,currencyservice,0,0,0,0,0,0,0
2026-10-04T14:04:39Z,shippingservice,emailservice,0,0,0,0,0,0,0
2026-10-04T14:04:39Z,shippingservice,frontend,0,0,0,0,0,0,0
2026-10-04T14:04:39Z,shippingservice,kubernetes,0,0,0,0,0,0,0
2026-10-04T14:04:39Z,shippingservice,paymentservice,0,0,0,0,0,0,0
2026-10-04T14:04:39Z,shippingservice,productcatalogservice,0,0,0,0,0,0,0
2026-10-04T14:04:39Z,shippingservice,recommendationservice,0,0,0,0,0,0,0
2026-10-04T14:04:39Z,shippingservice,redis-cart,0,0,0,0,0,0,0
2026-10-04T14:04:39Z,shippingservice,shippingservice,0,0,0,0,0,0,0
2026-10-04T14:04:40Z,adservice,adservice,0,0,0,0,0,0,0
2026-10-04T14:04:40Z,adservice,cartservice,0,0,0,0,0,0,0
2026-10-04T14:04:40Z,adservice,checkoutservice,0,0,0,0,0,0,0
2026-10-04T14:04:40Z,adservice,currencyservice,0,0,0,0,0,0,0
2026-10-04T14:04:40Z,adservice,emailservice,0,0,0,0,0,0,0
2026-10-04T14:04:40Z,adservice,frontend,0,0,0,0,0,0,0
2026-10-04T14:04:40Z,adservice,kubernetes,0,0,0,0,0,0,0
2026-10-04T14:04:40Z,adservice,paymentservice,0,0,0,0,0,0,0
2026-10-04T14:04:40Z,adservice,productcatalogservice,0,0,0,0,0,0,0
2026-10-04T14:04:40Z,adservice,recommendationservice,0,0,0,0,0,0,0
2026-10-04T14:04:40Z,adservice,redis-cart,0,0,0,0,0,0,0
2026-10-04T14:04:40Z,adservice,shippingservice,0,0,0,0,0,0,0
2026-10-04T14:04:40Z,cartservice,adservice,0,0,0,0,0,0,0
2026-10-04T14:04:40Z,cartservice,cartservice,0,0,0,0,0,0,0
2026-10-04T14:04:40Z,cartservice,checkoutservice,0,0,0,0,0,0,0
2026-10-04T14:04:40Z,cartservice,currencyservice,0,0,0,0,0,0,0
2026-10-04T14:04:40Z,cartservice,emailservice,0,0,0,0,0,0,0
2026-10-04T14:04:40Z,cartservice,frontend,0,0,0,0,0,0,0
2026-10-04T14:04:40Z,cartservice,kubernetes,0,0,0,0,0,0,0
2026-10-04T14:04:40Z,cartservice,paymentservice,0,0,0,0,0,0,0
2026-10-04T14:04:40Z,cartservice,productcatalogservice,0,0,0,0,0,0,0
2026-10-04T14:04:40Z,cartservice,recommendationservice,0,0,0,0,0,0,0
2026-10-04T14:04:40Z,cartservice,redis-cart,2,0,0,0,0,0,0
2026-10-04T14:04:40Z,cartservice,shippingservice,0,0,0,0,0,0,0
2026-10-04T14:04:40Z,checkoutservice,adservice,0,0,0,0,0,0,0
2026-10-04T14:04:40Z,checkoutservice,cartservice,13293,12972,0,51,0,148672,12197
2026-10-04T14:04:40Z,checkoutservice,checkoutservice,0,0,0,0,0,0,0
2026-10-04T14:04:40Z,checkoutservice,currencyservice,9994,9994,0,0,0,132406,9268
2026-10-04T14:04:40Z,checkoutservice,emailservice,2393,2243,0,38,0,111843,2243
2026-10-04T14:04:40Z,checkoutservice,frontend,0,0,0,0,0,0,0
2026-10-04T14:04:40Z,checkoutservice,kubernetes,0,0,0,0,0,0,0
2026-10-04T14:04:40Z,checkoutservice,paymentservice,9219,8768,0,43,0,124399,8155
2026-10-04T14:04:40Z,checkoutservice,productcatalogservice,0,0,0,0,0,0,0
2026-10-04T14:04:40Z,checkoutservice,recommendationservice,0,0,0,0,0,0,0
2026-10-04T14:04:40Z,checkoutservice,redis-cart,0,0,0,0,0,0,0
2026-10-04T14:04:40Z,checkoutservice,shippingservice,15940,15344,0,50,0,130004,14381
2026-10-04T14:04:40Z,currencyservice,adservice,0,0,0,0,0,0,0
2026-10-04T14:04:40Z,currencyservice,cartservice,0,0,0,0,0,0,0
2026-10-04T14:04:40Z,currencyservice,checkoutservice,0,0,0,0,0,0,0
2026-10-04T14:04:40Z,currencyservice,currencyservice,0,0,0,0,0,0,0
2026-10-04T14:04:40Z,currencyservice,emailservice,0,0,0,0,0,0,0
2026-10-04T14:04:40Z,currencyservice,frontend,0,0,0,0,0,0,0
2026-10-04T14:04:40Z,currencyservice,kubernetes,0,0,0,0,0,0,0
2026-10-04T14:04:40Z,currencyservice,paymentservice,0,0,0,0,0,0,0
2026-10-04T14:04:40Z,currencyservice,productcatalogservice,0,0,0,0,0,0,0
2026-10-04T14:04:40Z,currencyservice,recommendationservice,0,0,0,0,0,0,0
2026-10-04T14:04:40Z,currencyservice,redis-cart,0,0,0,0,0,0,0
2026-10-04T14:04:40Z,currencyservice,shippingservice,0,0,0,0,0,0,0
2026-10-04T14:04:40Z,emailservice,adservice,0,0,0,0,0,0,0
2026-10-04T14:04:40Z,emailservice,cartservice,0,0,0,0,0,0,0
2026-10-04T14:04:40Z,emailservice,checkoutservice,0,0,0,0,0,0,0
2026-10-04T14:04:40Z,emailservice,currencyservice,0,0,0,0,0,0,0
2026-10-04T14:04:40Z,emailservice,emailservice,0,0,0,0,0,0,0
2026-10-04T14:04:40Z,emailservice,frontend,0,0,0,0,0,0,0
2026-10-04T14:04:40Z,emailservice,kubernetes,0,0,0,0,0,0,0
2026-10-04T14:04:40Z,emailservice,paymentservice,0,0,0,0,0,0,0
2026-10-04T14:04:40Z,emailservice,productcatalogservice,0,0,0,0,0,0,0
2026-10-04T14:04:40Z,emailservice,recommendationservice,0,0,0,0,0,0,0
2026-10-04T14:04:40Z,emailservice,redis-cart,0,0,0,0,0,0,0
2026-10-04T14:04:40Z,emailservice,shippingservice,0,0,0,0,0,0,0
2026-10-04T14:04:40Z,frontend,adservice,789502,789500,0,0,0,2377432,788965
2026-10-04T14:04:40Z,frontend,cartservice,1757793,1757779,0,0,4,9773598,1756810
2026-10-04T14:04:40Z,frontend,checkoutservice,364935,176804,0,35682,152263,57054276,176750
2026-10-04T14:04:40Z,frontend,currencyservice,2795040,2795026,0,0,0,14823360,2793470
2026-10-04T14:04:40Z,frontend,emailservice,0,0,0,0,0,0,0
2026-10-04T14:04:40Z,frontend,frontend,0,0,0,0,0,0,0
2026-10-04T14:04:40Z,frontend,kubernetes,0,0,0,0,0,0,0
2026-10-04T14:04:40Z,frontend,paymentservice,0,0,0,0,0,0,0
2026-10-04T14:04:40Z,frontend,productcatalogservice,7828610,7828518,0,0,0,53326362,7823394
2026-10-04T14:04:40Z,frontend,recommendationservice,2550221,1550939,0,104145,892890,772384740,1550054
2026-10-04T14:04:40Z,frontend,redis-cart,0,0,0,0,0,0,0
2026-10-04T14:04:40Z,frontend,shippingservice,289623,289621,0,0,0,876528,289406
2026-10-04T14:04:40Z,paymentservice,adservice,0,0,0,0,0,0,0
2026-10-04T14:04:40Z,paymentservice,cartservice,0,0,0,0,0,0,0
2026-10-04T14:04:40Z,paymentservice,checkoutservice,0,0,0,0,0,0,0
2026-10-04T14:04:40Z,paymentservice,currencyservice,0,0,0,0,0,0,0
2026-10-04T14:04:40Z,paymentservice,emailservice,0,0,0,0,0,0,0
2026-10-04T14:04:40Z,paymentservice,frontend,0,0,0,0,0,0,0
2026-10-04T14:04:40Z,paymentservice,kubernetes,0,0,0,0,0,0,0
2026-10-04T14:04:40Z,paymentservice,paymentservice,0,0,0,0,0,0,0
2026-10-04T14:04:40Z,paymentservice,productcatalogservice,0,0,0,0,0,0,0
2026-10-04T14:04:40Z,paymentservice,recommendationservice,0,0,0,0,0,0,0
2026-10-04T14:04:40Z,paymentservice,redis-cart,0,0,0,0,0,0,0
2026-10-04T14:04:40Z,paymentservice,shippingservice,0,0,0,0,0,0,0
2026-10-04T14:04:40Z,productcatalogservice,adservice,0,0,0,0,0,0,0
2026-10-04T14:04:40Z,productcatalogservice,cartservice,0,0,0,0,0,0,0
2026-10-04T14:04:40Z,productcatalogservice,checkoutservice,0,0,0,0,0,0,0
2026-10-04T14:04:40Z,productcatalogservice,currencyservice,0,0,0,0,0,0,0
2026-10-04T14:04:40Z,productcatalogservice,emailservice,0,0,0,0,0,0,0
2026-10-04T14:04:40Z,productcatalogservice,frontend,0,0,0,0,0,0,0
2026-10-04T14:04:40Z,productcatalogservice,kubernetes,0,0,0,0,0,0,0
2026-10-04T14:04:40Z,productcatalogservice,paymentservice,0,0,0,0,0,0,0
2026-10-04T14:04:40Z,productcatalogservice,productcatalogservice,0,0,0,0,0,0,0
2026-10-04T14:04:40Z,productcatalogservice,recommendationservice,0,0,0,0,0,0,0
2026-10-04T14:04:40Z,productcatalogservice,redis-cart,0,0,0,0,0,0,0
2026-10-04T14:04:40Z,productcatalogservice,shippingservice,0,0,0,0,0,0,0
2026-10-04T14:04:40Z,recommendationservice,adservice,0,0,0,0,0,0,0
2026-10-04T14:04:40Z,recommendationservice,cartservice,0,0,0,0,0,0,0
2026-10-04T14:04:40Z,recommendationservice,checkoutservice,0,0,0,0,0,0,0
2026-10-04T14:04:40Z,recommendationservice,currencyservice,0,0,0,0,0,0,0
2026-10-04T14:04:40Z,recommendationservice,emailservice,0,0,0,0,0,0,0
2026-10-04T14:04:40Z,recommendationservice,frontend,0,0,0,0,0,0,0
2026-10-04T14:04:40Z,recommendationservice,kubernetes,0,0,0,0,0,0,0
2026-10-04T14:04:40Z,recommendationservice,paymentservice,0,0,0,0,0,0,0
2026-10-04T14:04:40Z,recommendationservice,productcatalogservice,26051,26049,0,0,0,194205,25885
2026-10-04T14:04:40Z,recommendationservice,recommendationservice,0,0,0,0,0,0,0
2026-10-04T14:04:40Z,recommendationservice,redis-cart,0,0,0,0,0,0,0
2026-10-04T14:04:40Z,recommendationservice,shippingservice,0,0,0,0,0,0,0
2026-10-04T14:04:40Z,redis-cart,adservice,0,0,0,0,0,0,0
2026-10-04T14:04:40Z,redis-cart,cartservice,0,0,0,0,0,0,0
2026-10-04T14:04:40Z,redis-cart,checkoutservice,0,0,0,0,0,0,0
2026-10-04T14:04:40Z,redis-cart,currencyservice,0,0,0,0,0,0,0
2026-10-04T14:04:40Z,redis-cart,emailservice,0,0,0,0,0,0,0
2026-10-04T14:04:40Z,redis-cart,frontend,0,0,0,0,0,0,0
2026-10-04T14:04:40Z,redis-cart,kubernetes,0,0,0,0,0,0,0
2026-10-04T14:04:40Z,redis-cart,paymentservice,0,0,0,0,0,0,0
2026-10-04T14:04:40Z,redis-cart,productcatalogservice,0,0,0,0,0,0,0
2026-10-04T14:04:40Z,redis-cart,recommendationservice,0,0,0,0,0,0,0
2026-10-04T14:04:40Z,redis-cart,redis-cart,0,0,0,0,0,0,0
2026-10-04T14:04:40Z,redis-cart,shippingservice,0,0,0,0,0,0,0
2026-10-04T14:04:40Z,shippingservice,adservice,0,0,0,0,0,0,0
2026-10-04T14:04:40Z,shippingservice,cartservice,0,0,0,0,0,0,0
2026-10-04T14:04:40Z,shippingservice,checkoutservice,0,0,0,0,0,0,0
2026-10-04T14:04:40Z,shippingservice,currencyservice,0,0,0,0,0,0,0
2026-10-04T14:04:40Z,shippingservice,emailservice,0,0,0,0,0,0,0
2026-10-04T14:04:40Z,shippingservice,frontend,0,0,0,0,0,0,0
2026-10-04T14:04:40Z,shippingservice,kubernetes,0,0,0,0,0,0,0
2026-10-04T14:04:40Z,shippingservice,paymentservice,0,0,0,0,0,0,0
2026-10-04T14:04:40Z,shippingservice,productcatalogservice,0,0,0,0,0,0,0
2026-10-04T14:04:40Z,shippingservice,recommendationservice,0,0,0,0,0,0,0
2026-10-04T14:04:40Z,shippingservice,redis-cart,0,0,0,0,0,0,0
2026-10-04T14:04:40Z,shippingservice,shippingservice,0,0,0,0,0,0,0
2026-10-04T14:04:41Z,adservice,adservice,0,0,0,0,0,0,0
2026-10-04T14:04:41Z,adservice,cartservice,0,0,0,0,0,0,0
2026-10-04T14:04:41Z,adservice,checkoutservice,0,0,0,0,0,0,0
2026-10-04T14:04:41Z,adservice,currencyservice,0,0,0,0,0,0,0
2026-10-04T14:04:41Z,adservice,emailservice,0,0,0,0,0,0,0
2026-10-04T14:04:41Z,adservice,frontend,0,0,0,0,0,0,0
2026-10-04T14:04:41Z,adservice,kubernetes,0,0,0,0,0,0,0
2026-10-04T14:04:41Z,adservice,paymentservice,0,0,0,0,0,0,0
2026-10-04T14:04:41Z,adservice,productcatalogservice,0,0,0,0,0,0,0
2026-10-04T14:04:41Z,adservice,recommendationservice,0,0,0,0,0,0,0
2026-10-04T14:04:41Z,adservice,redis-cart,0,0,0,0,0,0,0
2026-10-04T14:04:41Z,adservice,shippingservice,0,0,0,0,0,0,0
2026-10-04T14:04:41Z,cartservice,adservice,0,0,0,0,0,0,0
2026-10-04T14:04:41Z,cartservice,cartservice,0,0,0,0,0,0,0
2026-10-04T14:04:41Z,cartservice,checkoutservice,0,0,0,0,0,0,0
2026-10-04T14:04:41Z,cartservice,currencyservice,0,0,0,0,0,0,0
2026-10-04T14:04:41Z,cartservice,emailservice,0,0,0,0,0,0,0
2026-10-04T14:04:41Z,cartservice,frontend,0,0,0,0,0,0,0
2026-10-04T14:04:41Z,cartservice,kubernetes,0,0,0,0,0,0,0
2026-10-04T14:04:41Z,cartservice,paymentservice,0,0,0,0,0,0,0
2026-10-04T14:04:41Z,cartservice,productcatalogservice,0,0,0,0,0,0,0
2026-10-04T14:04:41Z,cartservice,recommendationservice,0,0,0,0,0,0,0
2026-10-04T14:04:41Z,cartservice,redis-cart,2,0,0,0,0,0,0
2026-10-04T14:04:41Z,cartservice,shippingservice,0,0,0,0,0,0,0
2026-10-04T14:04:41Z,checkoutservice,adservice,0,0,0,0,0,0,0
2026-10-04T14:04:41Z,checkoutservice,cartservice,13504,13174,0,51,0,148672,12197
2026-10-04T14:04:41Z,checkoutservice,checkoutservice,0,0,0,0,0,0,0
2026-10-04T14:04:41Z,checkoutservice,currencyservice,10110,10099,0,0,0,132406,9268
2026-10-04T14:04:41Z,checkoutservice,emailservice,2393,2243,0,38,0,111843,2243
2026-10-04T14:04:41Z,checkoutservice,frontend,0,0,0,0,0,0,0
2026-10-04T14:04:41Z,checkoutservice,kubernetes,0,0,0,0,0,0,0
2026-10-04T14:04:41Z,checkoutservice,paymentservice,9237,8778,0,45,0,124399,8155
2026-10-04T14:04:41Z,checkoutservice,productcatalogservice,0,0,0,0,0,0,0
2026-10-04T14:04:41Z,checkoutservice,recommendationservice,0,0,0,0,0,0,0
2026-10-04T14:04:41Z,checkoutservice,redis-cart,0,0,0,0,0,0,0
2026-10-04T14:04:41Z,checkoutservice,shippingservice,16086,15475,0,52,0,130004,14381
2026-10-04T14:04:41Z,currencyservice,adservice,0,0,0,0,0,0,0
2026-10-04T14:04:41Z,currencyservice,cartservice,0,0,0,0,0,0,0
2026-10-04T14:04:41Z,currencyservice,checkoutservice,0,0,0,0,0,0,0
2026-10-04T14:04:41Z,currencyservice,currencyservice,0,0,0,0,0,0,0
2026-10-04T14:04:41Z,currencyservice,emailservice,0,0,0,0,0,0,0
2026-10-04T14:04:41Z,currencyservice,frontend,0,0,0,0,0,0,0
2026-10-04T14:04:41Z,currencyservice,kubernetes,0,0,0,0,0,0,0
2026-10-04T14:04:41Z,currencyservice,paymentservice,0,0,0,0,0,0,0
2026-10-04T14:04:41Z,currencyservice,productcatalogservice,0,0,0,0,0,0,0
2026-10-04T14:04:41Z,currencyservice,recommendationservice,0,0,0,0,0,0,0
2026-10-04T14:04:41Z,currencyservice,redis-cart,0,0,0,0,0,0,0
2026-10-04T14:04:41Z,currencyservice,shippingservice,0,0,0,0,0,0,0
2026-10-04T14:04:41Z,emailservice,adservice,0,0,0,0,0,0,0
2026-10-04T14:04:41Z,emailservice,cartservice,0,0,0,0,0,0,0
2026-10-04T14:04:41Z,emailservice,checkoutservice,0,0,0,0,0,0,0
2026-10-04T14:04:41Z,emailservice,currencyservice,0,0,0,0,0,0,0
2026-10-04T14:04:41Z,emailservice,emailservice,0,0,0,0,0,0,0
2026-10-04T14:04:41Z,emailservice,frontend,0,0,0,0,0,0,0
2026-10-04T14:04:41Z,emailservice,kubernetes,0,0,0,0,0,0,0
2026-10-04T14:04:41Z,emailservice,paymentservice,0,0,0,0,0,0,0
2026-10-04T14:04:41Z,emailservice,productcatalogservice,0,0,0,0,0,0,0
2026-10-04T14:04:41Z,emailservice,recommendationservice,0,0,0,0,0,0,0
2026-10-04T14:04:41Z,emailservice,redis-cart,0,0,0,0,0,0,0
2026-10-04T14:04:41Z,emailservice,shippingservice,0,0,0,0,0,0,0
2026-10-04T14:04:41Z,frontend,adservice,789785,789781,0,0,0,2377432,788965
2026-10-04T14:04:41Z,frontend,cartservice,1758245,1758232,0,0,4,9773598,1756810
2026-10-04T14:04:41Z,frontend,checkoutservice,365136,176836,0,35713,152399,57054276,176750
2026-10-04T14:04:41Z,frontend,currencyservice,2795777,2795757,0,0,0,14823360,2793470
2026-10-04T14:04:41Z,frontend,emailservice,0,0,0,0,0,0,0
2026-10-04T14:04:41Z,frontend,frontend,0,0,0,0,0,0,0
2026-10-04T14:04:41Z,frontend,kubernetes,0,0,0,0,0,0,0
2026-10-04T14:04:41Z,frontend,paymentservice,0,0,0,0,0,0,0
2026-10-04T14:04:41Z,frontend,productcatalogservice,7831173,7831084,0,0,0,53326362,7823394
2026-10-04T14:04:41Z,frontend,recommendationservice,2550649,1551385,0,104145,892890,772384740,1550054
2026-10-04T14:04:41Z,frontend,redis-cart,0,0,0,0,0,0,0
2026-10-04T14:04:41Z,frontend,shippingservice,289726,289724,0,0,0,876528,289406
2026-10-04T14:04:41Z,paymentservice,adservice,0,0,0,0,0,0,0
2026-10-04T14:04:41Z,paymentservice,cartservice,0,0,0,0,0,0,0
2026-10-04T14:04:41Z,paymentservice,checkoutservice,0,0,0,0,0,0,0
2026-10-04T14:04:41Z,paymentservice,currencyservice,0,0,0,0,0,0,0
2026-10-04T14:04:41Z,paymentservice,emailservice,0,0,0,0,0,0,0
2026-10-04T14:04:41Z,paymentservice,frontend,0,0,0,0,0,0,0
2026-10-04T14:04:41Z,paymentservice,kubernetes,0,0,0,0,0,0,0
2026-10-04T14:04:41Z,paymentservice,paymentservice,0,0,0,0,0,0,0
2026-10-04T14:04:41Z,paymentservice,productcatalogservice,0,0,0,0,0,0,0
2026-10-04T14:04:41Z,paymentservice,recommendationservice,0,0,0,0,0,0,0
2026-10-04T14:04:41Z,paymentservice,redis-cart,0,0,0,0,0,0,0
2026-10-04T14:04:41Z,paymentservice,shippingservice,0,0,0,0,0,0,0
2026-10-04T14:04:41Z,productcatalogservice,adservice,0,0,0,0,0,0,0
2026-10-04T14:04:41Z,productcatalogservice,cartservice,0,0,0,0,0,0,0
2026-10-04T14:04:41Z,productcatalogservice,checkoutservice,0,0,0,0,0,0,0
2026-10-04T14:04:41Z,productcatalogservice,currencyservice,0,0,0,0,0,0,0
2026-10-04T14:04:41Z,productcatalogservice,emailservice,0,0,0,0,0,0,0
2026-10-04T14:04:41Z,productcatalogservice,frontend,0,0,0,0,0,0,0
2026-10-04T14:04:41Z,productcatalogservice,kubernetes,0,0,0,0,0,0,0
2026-10-04T14:04:41Z,productcatalogservice,paymentservice,0,0,0,0,0,0,0
2026-10-04T14:04:41Z,productcatalogservice,productcatalogservice,0,0,0,0,0,0,0
2026-10-04T14:04:41Z,productcatalogservice,recommendationservice,0,0,0,0,0,0,0
2026-10-04T14:04:41Z,productcatalogservice,redis-cart,0,0,0,0,0,0,0
2026-10-04T14:04:41Z,productcatalogservice,shippingservice,0,0,0,0,0,0,0
2026-10-04T14:04:41Z,recommendationservice,adservice,0,0,0,0,0,0,0
2026-10-04T14:04:41Z,recommendationservice,cartservice,0,0,0,0,0,0,0
2026-10-04T14:04:41Z,recommendationservice,checkoutservice,0,0,0,0,0,0,0
2026-10-04T14:04:41Z,recommendationservice,currencyservice,0,0,0,0,0,0,0
2026-10-04T14:04:41Z,recommendationservice,emailservice,0,0,0,0,0,0,0
2026-10-04T14:04:41Z,recommendationservice,frontend,0,0,0,0,0,0,0
2026-10-04T14:04:41Z,recommendationservice,kubernetes,0,0,0,0,0,0,0
2026-10-04T14:04:41Z,recommendationservice,paymentservice,0,0,0,0,0,0,0
2026-10-04T14:04:41Z,recommendationservice,productcatalogservice,26499,26498,0,0,0,194205,25885
2026-10-04T14:04:41Z,recommendationservice,recommendationservice,0,0,0,0,0,0,0
2026-10-04T14:04:41Z,recommendationservice,redis-cart,0,0,0,0,0,0,0
2026-10-04T14:04:41Z,recommendationservice,shippingservice,0,0,0,0,0,0,0
2026-10-04T14:04:41Z,redis-cart,adservice,0,0,0,0,0,0,0
2026-10-04T14:04:41Z,redis-cart,cartservice,0,0,0,0,0,0,0
2026-10-04T14:04:41Z,redis-cart,checkoutservice,0,0,0,0,0,0,0
2026-10-04T14:04:41Z,redis-cart,currencyservice,0,0,0,0,0,0,0
2026-10-04T14:04:41Z,redis-cart,emailservice,0,0,0,0,0,0,0
2026-10-04T14:04:41Z,redis-cart,frontend,0,0,0,0,0,0,0
2026-10-04T14:04:41Z,redis-cart,kubernetes,0,0,0,0,0,0,0
2026-10-04T14:04:41Z,redis-cart,paymentservice,0,0,0,0,0,0,0
2026-10-04T14:04:41Z,redis-cart,productcatalogservice,0,0,0,0,0,0,0
2026-10-04T14:04:41Z,redis-cart,recommendationservice,0,0,0,0,0,0,0
2026-10-04T14:04:41Z,redis-cart,redis-cart,0,0,0,0,0,0,0
2026-10-04T14:04:41Z,redis-cart,shippingservice,0,0,0,0,0,0,0
2026-10-04T14:04:41Z,shippingservice,adservice,0,0,0,0,0,0,0
2026-10-04T14:04:41Z,shippingservice,cartservice,0,0,0,0,0,0,0
2026-10-04T14:04:41Z,shippingservice,checkoutservice,0,0,0,0,0,0,0
2026-10-04T14:04:41Z,shippingservice,currencyservice,0,0,0,0,0,0,0
2026-10-04T14:04:41Z,shippingservice,emailservice,0,0,0,0,0,0,0
2026-10-04T14:04:41Z,shippingservice,frontend,0,0,0,0,0,0,0
2026-10-04T14:04:41Z,shippingservice,kubernetes,0,0,0,0,0,0,0
2026-10-04T14:04:41Z,shippingservice,paymentservice,0,0,0,0,0,0,0
2026-10-04T14:04:41Z,shippingservice,productcatalogservice,0,0,0,0,0,0,0
2026-10-04T14:04:41Z,shippingservice,recommendationservice,0,0,0,0,0,0,0
2026-10-04T14:04:41Z,shippingservice,redis-cart,0,0,0,0,0,0,0
2026-10-04T14:04:41Z,shippingservice,shippingservice,0,0,0,0,0,0,0
2026-10-04T14:04:42Z,adservice,adservice,0,0,0,0,0,0,0
2026-10-04T14:04:42Z,adservice,cartservice,0,0,0,0,0,0,0
2026-10-04T14:04:42Z,adservice,checkoutservice,0,0,0,0,0,0,0
2026-10-04T14:04:42Z,adservice,currencyservice,0,0,0,0,0,0,0
2026-10-04T14:04:42Z,adservice,emailservice,0,0,0,0,0,0,0
2026-10-04T14:04:42Z,adservice,frontend,0,0,0,0,0,0,0
2026-10-04T14:04:42Z,adservice,kubernetes,0,0,0,0,0,0,0
2026-10-04T14:04:42Z,adservice,paymentservice,0,0,0,0,0,0,0
2026-10-04T14:04:42Z,adservice,productcatalogservice,0,0,0,0,0,0,0
2026-10-04T14:04:42Z,adservice,recommendationservice,0,0,0,0,0,0,0
2026-10-04T14:04:42Z,adservice,redis-cart,0,0,0,0,0,0,0
2026-10-04T14:04:42Z,adservice,shippingservice,0,0,0,0,0,0,0
2026-10-04T14:04:42Z,cartservice,adservice,0,0,0,0,0,0,0
2026-10-04T14:04:42Z,cartservice,cartservice,0,0,0,0,0,0,0
2026-10-04T14:04:42Z,cartservice,checkoutservice,0,0,0,0,0,0,0
2026-10-04T14:04:42Z,cartservice,currencyservice,0,0,0,0,0,0,0
2026-10-04T14:04:42Z,cartservice,emailservice,0,0,0,0,0,0,0
2026-10-04T14:04:42Z,cartservice,frontend,0,0,0,0,0,0,0
2026-10-04T14:04:42Z,cartservice,kubernetes,0,0,0,0,0,0,0
2026-10-04T14:04:42Z,cartservice,paymentservice,0,0,0,0,0,0,0
2026-10-04T14:04:42Z,cartservice,productcatalogservice,0,0,0,0,0,0,0
2026-10-04T14:04:42Z,cartservice,recommendationservice,0,0,0,0,0,0,0
2026-10-04T14:04:42Z,cartservice,redis-cart,2,0,0,0,0,0,0
2026-10-04T14:04:42Z,cartservice,shippingservice,0,0,0,0,0,0,0
2026-10-04T14:04:42Z,checkoutservice,adservice,0,0,0,0,0,0,0
2026-10-04T14:04:42Z,checkoutservice,cartservice,13635,13314,0,51,0,166057,13242
2026-10-04T14:04:42Z,checkoutservice,checkoutservice,0,0,0,0,0,0,0
2026-10-04T14:04:42Z,checkoutservice,currencyservice,10206,10206,0,0,0,148842,10193
2026-10-04T14:04:42Z,checkoutservice,emailservice,2393,2243,0,38,0,111843,2243
2026-10-04T14:04:42Z,checkoutservice,frontend,0,0,0,0,0,0,0
2026-10-04T14:04:42Z,checkoutservice,kubernetes,0,0,0,0,0,0,0
2026-10-04T14:04:42Z,checkoutservice,paymentservice,9257,8788,0,45,0,137479,8758
2026-10-04T14:04:42Z,checkoutservice,productcatalogservice,0,0,0,0,0,0,0
2026-10-04T14:04:42Z,checkoutservice,recommendationservice,0,0,0,0,0,0,0
2026-10-04T14:04:42Z,checkoutservice,redis-cart,0,0,0,0,0,0,0
2026-10-04T14:04:42Z,checkoutservice,shippingservice,16178,15570,0,52,0,143962,15550
2026-10-04T14:04:42Z,currencyservice,adservice,0,0,0,0,0,0,0
2026-10-04T14:04:42Z,currencyservice,cartservice,0,0,0,0,0,0,0
2026-10-04T14:04:42Z,currencyservice,checkoutservice,0,0,0,0,0,0,0
2026-10-04T14:04:42Z,currencyservice,currencyservice,0,0,0,0,0,0,0
2026-10-04T14:04:42Z,currencyservice,emailservice,0,0,0,0,0,0,0
2026-10-04T14:04:42Z,currencyservice,frontend,0,0,0,0,0,0,0
2026-10-04T14:04:42Z,currencyservice,kubernetes,0,0,0,0,0,0,0
2026-10-04T14:04:42Z,currencyservice,paymentservice,0,0,0,0,0,0,0
2026-10-04T14:04:42Z,currencyservice,productcatalogservice,0,0,0,0,0,0,0
2026-10-04T14:04:42Z,currencyservice,recommendationservice,0,0,0,0,0,0,0
2026-10-04T14:04:42Z,currencyservice,redis-cart,0,0,0,0,0,0,0
2026-10-04T14:04:42Z,currencyservice,shippingservice,0,0,0,0,0,0,0
2026-10-04T14:04:42Z,emailservice,adservice,0,0,0,0,0,0,0
2026-10-04T14:04:42Z,emailservice,cartservice,0,0,0,0,0,0,0
2026-10-04T14:04:42Z,emailservice,checkoutservice,0,0,0,0,0,0,0
2026-10-04T14:04:42Z,emailservice,currencyservice,0,0,0,0,0,0,0
2026-10-04T14:04:42Z,emailservice,emailservice,0,0,0,0,0,0,0
2026-10-04T14:04:42Z,emailservice,frontend,0,0,0,0,0,0,0
2026-10-04T14:04:42Z,emailservice,kubernetes,0,0,0,0,0,0,0
2026-10-04T14:04:42Z,emailservice,paymentservice,0,0,0,0,0,0,0
2026-10-04T14:04:42Z,emailservice,productcatalogservice,0,0,0,0,0,0,0
2026-10-04T14:04:42Z,emailservice,recommendationservice,0,0,0,0,0,0,0
2026-10-04T14:04:42Z,emailservice,redis-cart,0,0,0,0,0,0,0
2026-10-04T14:04:42Z,emailservice,shippingservice,0,0,0,0,0,0,0
2026-10-04T14:04:42Z,frontend,adservice,790077,790074,0,0,0,2377432,788965
2026-10-04T14:04:42Z,frontend,cartservice,1758736,1758723,0,0,4,9773598,1756810
2026-10-04T14:04:42Z,frontend,checkoutservice,365338,176880,0,35736,152533,57054276,176750
2026-10-04T14:04:42Z,frontend,currencyservice,2796563,2796548,0,0,0,14823360,2793470
2026-10-04T14:04:42Z,frontend,emailservice,0,0,0,0,0,0,0
2026-10-04T14:04:42Z,frontend,frontend,0,0,0,0,0,0,0
2026-10-04T14:04:42Z,frontend,kubernetes,0,0,0,0,0,0,0
2026-10-04T14:04:42Z,frontend,paymentservice,0,0,0,0,0,0,0
2026-10-04T14:04:42Z,frontend,productcatalogservice,7833891,7833798,0,0,0,53326362,7823394
2026-10-04T14:04:42Z,frontend,recommendationservice,2551104,1551849,0,104145,892890,772384740,1550054
2026-10-04T14:04:42Z,frontend,redis-cart,0,0,0,0,0,0,0
2026-10-04T14:04:42Z,frontend,shippingservice,289833,289831,0,0,0,876528,289406
2026-10-04T14:04:42Z,paymentservice,adservice,0,0,0,0,0,0,0
2026-10-04T14:04:42Z,paymentservice,cartservice,0,0,0,0,0,0,0
2026-10-04T14:04:42Z,paymentservice,checkoutservice,0,0,0,0,0,0,0
2026-10-04T14:04:42Z,paymentservice,currencyservice,0,0,0,0,0,0,0
2026-10-04T14:04:42Z,paymentservice,emailservice,0,0,0,0,0,0,0
2026-10-04T14:04:42Z,paymentservice,frontend,0,0,0,0,0,0,0
2026-10-04T14:04:42Z,paymentservice,kubernetes,0,0,0,0,0,0,0
2026-10-04T14:04:42Z,paymentservice,paymentservice,0,0,0,0,0,0,0
2026-10-04T14:04:42Z,paymentservice,productcatalogservice,0,0,0,0,0,0,0
2026-10-04T14:04:42Z,paymentservice,recommendationservice,0,0,0,0,0,0,0
2026-10-04T14:04:42Z,paymentservice,redis-cart,0,0,0,0,0,0,0
2026-10-04T14:04:42Z,paymentservice,shippingservice,0,0,0,0,0,0,0
2026-10-04T14:04:42Z,productcatalogservice,adservice,0,0,0,0,0,0,0
2026-10-04T14:04:42Z,productcatalogservice,cartservice,0,0,0,0,0,0,0
2026-10-04T14:04:42Z,productcatalogservice,checkoutservice,0,0,0,0,0,0,0
2026-10-04T14:04:42Z,productcatalogservice,currencyservice,0,0,0,0,0,0,0
2026-10-04T14:04:42Z,productcatalogservice,emailservice,0,0,0,0,0,0,0
2026-10-04T14:04:42Z,productcatalogservice,frontend,0,0,0,0,0,0,0
2026-10-04T14:04:42Z,productcatalogservice,kubernetes,0,0,0,0,0,0,0
2026-10-04T14:04:42Z,productcatalogservice,paymentservice,0,0,0,0,0,0,0
2026-10-04T14:04:42Z,productcatalogservice,productcatalogservice,0,0,0,0,0,0,0
2026-10-04T14:04:42Z,productcatalogservice,recommendationservice,0,0,0,0,0,0,0
2026-10-04T14:04:42Z,productcatalogservice,redis-cart,0,0,0,0,0,0,0
2026-10-04T14:04:42Z,productcatalogservice,shippingservice,0,0,0,0,0,0,0
2026-10-04T14:04:42Z,recommendationservice,adservice,0,0,0,0,0,0,0
2026-10-04T14:04:42Z,recommendationservice,cartservice,0,0,0,0,0,0,0
2026-10-04T14:04:42Z,recommendationservice,checkoutservice,0,0,0,0,0,0,0
2026-10-04T14:04:42Z,recommendationservice,currencyservice,0,0,0,0,0,0,0
2026-10-04T14:04:42Z,recommendationservice,emailservice,0,0,0,0,0,0,0
2026-10-04T14:04:42Z,recommendationservice,frontend,0,0,0,0,0,0,0
2026-10-04T14:04:42Z,recommendationservice,kubernetes,0,0,0,0,0,0,0
2026-10-04T14:04:42Z,recommendationservice,paymentservice,0,0,0,0,0,0,0
2026-10-04T14:04:42Z,recommendationservice,productcatalogservice,26956,26956,0,0,0,194205,25885
2026-10-04T14:04:42Z,recommendationservice,recommendationservice,0,0,0,0,0,0,0
2026-10-04T14:04:42Z,recommendationservice,redis-cart,0,0,0,0,0,0,0
2026-10-04T14:04:42Z,recommendationservice,shippingservice,0,0,0,0,0,0,0
2026-10-04T14:04:42Z,redis-cart,adservice,0,0,0,0,0,0,0
2026-10-04T14:04:42Z,redis-cart,cartservice,0,0,0,0,0,0,0
2026-10-04T14:04:42Z,redis-cart,checkoutservice,0,0,0,0,0,0,0
2026-10-04T14:04:42Z,redis-cart,currencyservice,0,0,0,0,0,0,0
2026-10-04T14:04:42Z,redis-cart,emailservice,0,0,0,0,0,0,0
2026-10-04T14:04:42Z,redis-cart,frontend,0,0,0,0,0,0,0
2026-10-04T14:04:42Z,redis-cart,kubernetes,0,0,0,0,0,0,0
2026-10-04T14:04:42Z,redis-cart,paymentservice,0,0,0,0,0,0,0
2026-10-04T14:04:42Z,redis-cart,productcatalogservice,0,0,0,0,0,0,0
2026-10-04T14:04:42Z,redis-cart,recommendationservice,0,0,0,0,0,0,0
2026-10-04T14:04:42Z,redis-cart,redis-cart,0,0,0,0,0,0,0
2026-10-04T14:04:42Z,redis-cart,shippingservice,0,0,0,0,0,0,0
2026-10-04T14:04:42Z,shippingservice,adservice,0,0,0,0,0,0,0
2026-10-04T14:04:42Z,shippingservice,cartservice,0,0,0,0,0,0,0
2026-10-04T14:04:42Z,shippingservice,checkoutservice,0,0,0,0,0,0,0
2026-10-04T14:04:42Z,shippingservice,currencyservice,0,0,0,0,0,0,0
2026-10-04T14:04:42Z,shippingservice,emailservice,0,0,0,0,0,0,0
2026-10-04T14:04:42Z,shippingservice,frontend,0,0,0,0,0,0,0
2026-10-04T14:04:42Z,shippingservice,kubernetes,0,0,0,0,0,0,0
2026-10-04T14:04:42Z,shippingservice,paymentservice,0,0,0,0,0,0,0
2026-10-04T14:04:42Z,shippingservice,productcatalogservice,0,0,0,0,0,0,0
2026-10-04T14:04:42Z,shippingservice,recommendationservice,0,0,0,0,0,0,0
2026-10-04T14:04:42Z,shippingservice,redis-cart,0,0,0,0,0,0,0
2026-10-04T14:04:42Z,shippingservice,shippingservice,0,0,0,0,0,0,0
2026-10-04T14:04:43Z,adservice,adservice,0,0,0,0,0,0,0
2026-10-04T14:04:43Z,adservice,cartservice,0,0,0,0,0,0,0
2026-10-04T14:04:43Z,adservice,checkoutservice,0,0,0,0,0,0,0
2026-10-04T14:04:43Z,adservice,currencyservice,0,0,0,0,0,0,0
2026-10-04T14:04:43Z,adservice,emailservice,0,0,0,0,0,0,0
2026-10-04T14:04:43Z,adservice,frontend,0,0,0,0,0,0,0
2026-10-04T14:04:43Z,adservice,kubernetes,0,0,0,0,0,0,0
2026-10-04T14:04:43Z,adservice,paymentservice,0,0,0,0,0,0,0
2026-10-04T14:04:43Z,adservice,productcatalogservice,0,0,0,0,0,0,0
2026-10-04T14:04:43Z,adservice,recommendationservice,0,0,0,0,0,0,0
2026-10-04T14:04:43Z,adservice,redis-cart,0,0,0,0,0,0,0
2026-10-04T14:04:43Z,adservice,shippingservice,0,0,0,0,0,0,0
2026-10-04T14:04:43Z,cartservice,adservice,0,0,0,0,0,0,0
2026-10-04T14:04:43Z,cartservice,cartservice,0,0,0,0,0,0,0
2026-10-04T14:04:43Z,cartservice,checkoutservice,0,0,0,0,0,0,0
2026-10-04T14:04:43Z,cartservice,currencyservice,0,0,0,0,0,0,0
2026-10-04T14:04:43Z,cartservice,emailservice,0,0,0,0,0,0,0
2026-10-04T14:04:43Z,cartservice,frontend,0,0,0,0,0,0,0
2026-10-04T14:04:43Z,cartservice,kubernetes,0,0,0,0,0,0,0
2026-10-04T14:04:43Z,cartservice,paymentservice,0,0,0,0,0,0,0
2026-10-04T14:04:43Z,cartservice,productcatalogservice,0,0,0,0,0,0,0
2026-10-04T14:04:43Z,cartservice,recommendationservice,0,0,0,0,0,0,0
2026-10-04T14:04:43Z,cartservice,redis-cart,2,0,0,0,0,0,0
2026-10-04T14:04:43Z,cartservice,shippingservice,0,0,0,0,0,0,0
2026-10-04T14:04:43Z,checkoutservice,adservice,0,0,0,0,0,0,0
2026-10-04T14:04:43Z,checkoutservice,cartservice,13883,13554,0,52,0,166057,13242
2026-10-04T14:04:43Z,checkoutservice,checkoutservice,0,0,0,0,0,0,0
2026-10-04T14:04:43Z,checkoutservice,currencyservice,10229,10229,0,0,0,148842,10193
2026-10-04T14:04:43Z,checkoutservice,emailservice,2393,2243,0,38,0,111843,2243
2026-10-04T14:04:43Z,checkoutservice,frontend,0,0,0,0,0,0,0
2026-10-04T14:04:43Z,checkoutservice,kubernetes,0,0,0,0,0,0,0
2026-10-04T14:04:43Z,checkoutservice,paymentservice,9258,8788,0,45,0,137479,8758
2026-10-04T14:04:43Z,checkoutservice,productcatalogservice,0,0,0,0,0,0,0
2026-10-04T14:04:43Z,checkoutservice,recommendationservice,0,0,0,0,0,0,0
2026-10-04T14:04:43Z,checkoutservice,redis-cart,0,0,0,0,0,0,0
2026-10-04T14:04:43Z,checkoutservice,shippingservice,16275,15656,0,53,0,143962,15550
2026-10-04T14:04:43Z,currencyservice,adservice,0,0,0,0,0,0,0
2026-10-04T14:04:43Z,currencyservice,cartservice,0,0,0,0,0,0,0
2026-10-04T14:04:43Z,currencyservice,checkoutservice,0,0,0,0,0,0,0
2026-10-04T14:04:43Z,currencyservice,currencyservice,0,0,0,0,0,0,0
2026-10-04T14:04:43Z,currencyservice,emailservice,0,0,0,0,0,0,0
2026-10-04T14:04:43Z,currencyservice,frontend,0,0,0,0,0,0,0
2026-10-04T14:04:43Z,currencyservice,kubernetes,0,0,0,0,0,0,0
2026-10-04T14:04:43Z,currencyservice,paymentservice,0,0,0,0,0,0,0
2026-10-04T14:04:43Z,currencyservice,productcatalogservice,0,0,0,0,0,0,0
2026-10-04T14:04:43Z,currencyservice,recommendationservice,0,0,0,0,0,0,0
2026-10-04T14:04:43Z,currencyservice,redis-cart,0,0,0,0,0,0,0
2026-10-04T14:04:43Z,currencyservice,shippingservice,0,0,0,0,0,0,0
2026-10-04T14:04:43Z,emailservice,adservice,0,0,0,0,0,0,0
2026-10-04T14:04:43Z,emailservice,cartservice,0,0,0,0,0,0,0
2026-10-04T14:04:43Z,emailservice,checkoutservice,0,0,0,0,0,0,0
2026-10-04T14:04:43Z,emailservice,currencyservice,0,0,0,0,0,0,0
2026-10-04T14:04:43Z,emailservice,emailservice,0,0,0,0,0,0,0
2026-10-04T14:04:43Z,emailservice,frontend,0,0,0,0,0,0,0
2026-10-04T14:04:43Z,emailservice,kubernetes,0,0,0,0,0,0,0
2026-10-04T14:04:43Z,emailservice,paymentservice,0,0,0,0,0,0,0
2026-10-04T14:04:43Z,emailservice,productcatalogservice,0,0,0,0,0,0,0
2026-10-04T14:04:43Z,emailservice,recommendationservice,0,0,0,0,0,0,0
2026-10-04T14:04:43Z,emailservice,redis-cart,0,0,0,0,0,0,0
2026-10-04T14:04:43Z,emailservice,shippingservice,0,0,0,0,0,0,0
2026-10-04T14:04:43Z,frontend,adservice,790343,790339,0,0,0,2380738,790011
2026-10-04T14:04:43Z,frontend,cartservice,1759194,1759181,0,0,4,9783633,1758569
2026-10-04T14:04:43Z,frontend,checkoutservice,365545,176909,0,35763,152673,57214606,176872
2026-10-04T14:04:43Z,frontend,currencyservice,2797278,2797268,0,0,0,14839661,2796310
2026-10-04T14:04:43Z,frontend,emailservice,0,0,0,0,0,0,0
2026-10-04T14:04:43Z,frontend,frontend,0,0,0,0,0,0,0
2026-10-04T14:04:43Z,frontend,kubernetes,0,0,0,0,0,0,0
2026-10-04T14:04:43Z,frontend,paymentservice,0,0,0,0,0,0,0
2026-10-04T14:04:43Z,frontend,productcatalogservice,7836363,7836279,0,0,0,53394455,7833101
2026-10-04T14:04:43Z,frontend,recommendationservice,2551523,1552272,0,104145,892890,772584687,1551729
2026-10-04T14:04:43Z,frontend,redis-cart,0,0,0,0,0,0,0
2026-10-04T14:04:43Z,frontend,shippingservice,289929,289926,0,0,0,877756,289788
2026-10-04T14:04:43Z,paymentservice,adservice,0,0,0,0,0,0,0
2026-10-04T14:04:43Z,paymentservice,cartservice,0,0,0,0,0,0,0
2026-10-04T14:04:43Z,paymentservice,checkoutservice,0,0,0,0,0,0,0
2026-10-04T14:04:43Z,paymentservice,currencyservice,0,0,0,0,0,0,0
2026-10-04T14:04:43Z,paymentservice,emailservice,0,0,0,0,0,0,0
2026-10-04T14:04:43Z,paymentservice,frontend,0,0,0,0,0,0,0
2026-10-04T14:04:43Z,paymentservice,kubernetes,0,0,0,0,0,0,0
2026-10-04T14:04:43Z,paymentservice,paymentservice,0,0,0,0,0,0,0
2026-10-04T14:04:43Z,paymentservice,productcatalogservice,0,0,0,0,0,0,0
2026-10-04T14:04:43Z,paymentservice,recommendationservice,0,0,0,0,0,0,0
2026-10-04T14:04:43Z,paymentservice,redis-cart,0,0,0,0,0,0,0
2026-10-04T14:04:43Z,paymentservice,shippingservice,0,0,0,0,0,0,0
2026-10-04T14:04:43Z,productcatalogservice,adservice,0,0,0,0,0,0,0
2026-10-04T14:04:43Z,productcatalogservice,cartservice,0,0,0,0,0,0,0
2026-10-04T14:04:43Z,productcatalogservice,checkoutservice,0,0,0,0,0,0,0
2026-10-04T14:04:43Z,productcatalogservice,currencyservice,0,0,0,0,0,0,0
2026-10-04T14:04:43Z,productcatalogservice,emailservice,0,0,0,0,0,0,0
2026-10-04T14:04:43Z,productcatalogservice,frontend,0,0,0,0,0,0,0
2026-10-04T14:04:43Z,productcatalogservice,kubernetes,0,0,0,0,0,0,0
2026-10-04T14:04:43Z,productcatalogservice,paymentservice,0,0,0,0,0,0,0
2026-10-04T14:04:43Z,productcatalogservice,productcatalogservice,0,0,0,0,0,0,0
2026-10-04T14:04:43Z,productcatalogservice,recommendationservice,0,0,0,0,0,0,0
2026-10-04T14:04:43Z,productcatalogservice,redis-cart,0,0,0,0,0,0,0
2026-10-04T14:04:43Z,productcatalogservice,shippingservice,0,0,0,0,0,0,0
2026-10-04T14:04:43Z,recommendationservice,adservice,0,0,0,0,0,0,0
2026-10-04T14:04:43Z,recommendationservice,cartservice,0,0,0,0,0,0,0
2026-10-04T14:04:43Z,recommendationservice,checkoutservice,0,0,0,0,0,0,0
2026-10-04T14:04:43Z,recommendationservice,currencyservice,0,0,0,0,0,0,0
2026-10-04T14:04:43Z,recommendationservice,emailservice,0,0,0,0,0,0,0
2026-10-04T14:04:43Z,recommendationservice,frontend,0,0,0,0,0,0,0
2026-10-04T14:04:43Z,recommendationservice,kubernetes,0,0,0,0,0,0,0
2026-10-04T14:04:43Z,recommendationservice,paymentservice,0,0,0,0,0,0,0
2026-10-04T14:04:43Z,recommendationservice,productcatalogservice,27396,27391,0,0,0,194205,25885
2026-10-04T14:04:43Z,recommendationservice,recommendationservice,0,0,0,0,0,0,0
2026-10-04T14:04:43Z,recommendationservice,redis-cart,0,0,0,0,0,0,0
2026-10-04T14:04:43Z,recommendationservice,shippingservice,0,0,0,0,0,0,0
2026-10-04T14:04:43Z,redis-cart,adservice,0,0,0,0,0,0,0
2026-10-04T14:04:43Z,redis-cart,cartservice,0,0,0,0,0,0,0
2026-10-04T14:04:43Z,redis-cart,checkoutservice,0,0,0,0,0,0,0
2026-10-04T14:04:43Z,redis-cart,currencyservice,0,0,0,0,0,0,0
2026-10-04T14:04:43Z,redis-cart,emailservice,0,0,0,0,0,0,0
2026-10-04T14:04:43Z,redis-cart,frontend,0,0,0,0,0,0,0
2026-10-04T14:04:43Z,redis-cart,kubernetes,0,0,0,0,0,0,0
2026-10-04T14:04:43Z,redis-cart,paymentservice,0,0,0,0,0,0,0
2026-10-04T14:04:43Z,redis-cart,productcatalogservice,0,0,0,0,0,0,0
2026-10-04T14:04:43Z,redis-cart,recommendationservice,0,0,0,0,0,0,0
2026-10-04T14:04:43Z,redis-cart,redis-cart,0,0,0,0,0,0,0
2026-10-04T14:04:43Z,redis-cart,shippingservice,0,0,0,0,0,0,0
2026-10-04T14:04:43Z,shippingservice,adservice,0,0,0,0,0,0,0
2026-10-04T14:04:43Z,shippingservice,cartservice,0,0,0,0,0,0,0
2026-10-04T14:04:43Z,shippingservice,checkoutservice,0,0,0,0,0,0,0
2026-10-04T14:04:43Z,shippingservice,currencyservice,0,0,0,0,0,0,0
2026-10-04T14:04:43Z,shippingservice,emailservice,0,0,0,0,0,0,0
2026-10-04T14:04:43Z,shippingservice,frontend,0,0,0,0,0,0,0
2026-10-04T14:04:43Z,shippingservice,kubernetes,0,0,0,0,0,0,0
2026-10-04T14:04:43Z,shippingservice,paymentservice,0,0,0,0,0,0,0
2026-10-04T14:04:43Z,shippingservice,productcatalogservice,0,0,0,0,0,0,0
2026-10-04T14:04:43Z,shippingservice,recommendationservice,0,0,0,0,0,0,0
2026-10-04T14:04:43Z,shippingservice,redis-cart,0,0,0,0,0,0,0
2026-10-04T14:04:43Z,shippingservice,shippingservice,0,0,0,0,0,0,0
2026-10-04T14:04:44Z,adservice,adservice,0,0,0,0,0,0,0
2026-10-04T14:04:44Z,adservice,cartservice,0,0,0,0,0,0,0
2026-10-04T14:04:44Z,adservice,checkoutservice,0,0,0,0,0,0,0
2026-10-04T14:04:44Z,adservice,currencyservice,0,0,0,0,0,0,0
2026-10-04T14:04:44Z,adservice,emailservice,0,0,0,0,0,0,0
2026-10-04T14:04:44Z,adservice,frontend,0,0,0,0,0,0,0
2026-10-04T14:04:44Z,adservice,kubernetes,0,0,0,0,0,0,0
2026-10-04T14:04:44Z,adservice,paymentservice,0,0,0,0,0,0,0
2026-10-04T14:04:44Z,adservice,productcatalogservice,0,0,0,0,0,0,0
2026-10-04T14:04:44Z,adservice,recommendationservice,0,0,0,0,0,0,0
2026-10-04T14:04:44Z,adservice,redis-cart,0,0,0,0,0,0,0
2026-10-04T14:04:44Z,adservice,shippingservice,0,0,0,0,0,0,0
2026-10-04T14:04:44Z,cartservice,adservice,0,0,0,0,0,0,0
2026-10-04T14:04:44Z,cartservice,cartservice,0,0,0,0,0,0,0
2026-10-04T14:04:44Z,cartservice,checkoutservice,0,0,0,0,0,0,0
2026-10-04T14:04:44Z,cartservice,currencyservice,0,0,0,0,0,0,0
2026-10-04T14:04:44Z,cartservice,emailservice,0,0,0,0,0,0,0
2026-10-04T14:04:44Z,cartservice,frontend,0,0,0,0,0,0,0
2026-10-04T14:04:44Z,cartservice,kubernetes,0,0,0,0,0,0,0
2026-10-04T14:04:44Z,cartservice,paymentservice,0,0,0,0,0,0,0
2026-10-04T14:04:44Z,cartservice,productcatalogservice,0,0,0,0,0,0,0
2026-10-04T14:04:44Z,cartservice,recommendationservice,0,0,0,0,0,0,0
2026-10-04T14:04:44Z,cartservice,redis-cart,2,0,0,0,0,0,0
2026-10-04T14:04:44Z,cartservice,shippingservice,0,0,0,0,0,0,0
2026-10-04T14:04:44Z,checkoutservice,adservice,0,0,0,0,0,0,0
2026-10-04T14:04:44Z,checkoutservice,cartservice,14043,13714,0,52,0,166057,13242
2026-10-04T14:04:44Z,checkoutservice,checkoutservice,0,0,0,0,0,0,0
2026-10-04T14:04:44Z,checkoutservice,currencyservice,10372,10372,0,0,0,148842,10193
2026-10-04T14:04:44Z,checkoutservice,emailservice,2393,2243,0,38,0,111843,2243
2026-10-04T14:04:44Z,checkoutservice,frontend,0,0,0,0,0,0,0
2026-10-04T14:04:44Z,checkoutservice,kubernetes,0,0,0,0,0,0,0
2026-10-04T14:04:44Z,checkoutservice,paymentservice,9281,8797,0,46,0,137479,8758
2026-10-04T14:04:44Z,checkoutservice,productcatalogservice,0,0,0,0,0,0,0
2026-10-04T14:04:44Z,checkoutservice,recommendationservice,0,0,0,0,0,0,0
2026-10-04T14:04:44Z,checkoutservice,redis-cart,0,0,0,0,0,0,0
2026-10-04T14:04:44Z,checkoutservice,shippingservice,16405,15784,0,54,0,143962,15550
2026-10-04T14:04:44Z,currencyservice,adservice,0,0,0,0,0,0,0
2026-10-04T14:04:44Z,currencyservice,cartservice,0,0,0,0,0,0,0
2026-10-04T14:04:44Z,currencyservice,checkoutservice,0,0,0,0,0,0,0
2026-10-04T14:04:44Z,currencyservice,currencyservice,0,0,0,0,0,0,0
2026-10-04T14:04:44Z,currencyservice,emailservice,0,0,0,0,0,0,0
2026-10-04T14:04:44Z,currencyservice,frontend,0,0,0,0,0,0,0
2026-10-04T14:04:44Z,currencyservice,kubernetes,0,0,0,0,0,0,0
2026-10-04T14:04:44Z,currencyservice,paymentservice,0,0,0,0,0,0,0
2026-10-04T14:04:44Z,currencyservice,productcatalogservice,0,0,0,0,0,0,0
2026-10-04T14:04:44Z,currencyservice,recommendationservice,0,0,0,0,0,0,0
2026-10-04T14:04:44Z,currencyservice,redis-cart,0,0,0,0,0,0,0
2026-10-04T14:04:44Z,currencyservice,shippingservice,0,0,0,0,0,0,0
2026-10-04T14:04:44Z,emailservice,adservice,0,0,0,0,0,0,0
2026-10-04T14:04:44Z,emailservice,cartservice,0,0,0,0,0,0,0
2026-10-04T14:04:44Z,emailservice,checkoutservice,0,0,0,0,0,0,0
2026-10-04T14:04:44Z,emailservice,currencyservice,0,0,0,0,0,0,0
2026-10-04T14:04:44Z,emailservice,emailservice,0,0,0,0,0,0,0
2026-10-04T14:04:44Z,emailservice,frontend,0,0,0,0,0,0,0
2026-10-04T14:04:44Z,emailservice,kubernetes,0,0,0,0,0,0,0
2026-10-04T14:04:44Z,emailservice,paymentservice,0,0,0,0,0,0,0
2026-10-04T14:04:44Z,emailservice,productcatalogservice,0,0,0,0,0,0,0
2026-10-04T14:04:44Z,emailservice,recommendationservice,0,0,0,0,0,0,0
2026-10-04T14:04:44Z,emailservice,redis-cart,0,0,0,0,0,0,0
2026-10-04T14:04:44Z,emailservice,shippingservice,0,0,0,0,0,0,0
2026-10-04T14:04:44Z,frontend,adservice,790644,790640,0,0,0,2381748,790364
2026-10-04T14:04:44Z,frontend,cartservice,1759677,1759662,0,0,4,9787348,1759164
2026-10-04T14:04:44Z,frontend,checkoutservice,365760,176952,0,35795,152819,57262211,176908
2026-10-04T14:04:44Z,frontend,currencyservice,2798054,2798044,0,0,0,14845149,2797249
2026-10-04T14:04:44Z,frontend,emailservice,0,0,0,0,0,0,0
2026-10-04T14:04:44Z,frontend,frontend,0,0,0,0,0,0,0
2026-10-04T14:04:44Z,frontend,kubernetes,0,0,0,0,0,0,0
2026-10-04T14:04:44Z,frontend,paymentservice,0,0,0,0,0,0,0
2026-10-04T14:04:44Z,frontend,productcatalogservice,7839071,7838990,0,0,0,53424424,7836330
2026-10-04T14:04:44Z,frontend,recommendationservice,2551988,1552734,0,104145,892890,772651511,1552282
2026-10-04T14:04:44Z,frontend,redis-cart,0,0,0,0,0,0,0
2026-10-04T14:04:44Z,frontend,shippingservice,290026,290024,0,0,0,878292,289910
2026-10-04T14:04:44Z,paymentservice,adservice,0,0,0,0,0,0,0
2026-10-04T14:04:44Z,paymentservice,cartservice,0,0,0,0,0,0,0
2026-10-04T14:04:44Z,paymentservice,checkoutservice,0,0,0,0,0,0,0
2026-10-04T14:04:44Z,paymentservice,currencyservice,0,0,0,0,0,0,0
2026-10-04T14:04:44Z,paymentservice,emailservice,0,0,0,0,0,0,0
2026-10-04T14:04:44Z,paymentservice,frontend,0,0,0,0,0,0,0
2026-10-04T14:04:44Z,paymentservice,kubernetes,0,0,0,0,0,0,0
2026-10-04T14:04:44Z,paymentservice,paymentservice,0,0,0,0,0,0,0
2026-10-04T14:04:44Z,paymentservice,productcatalogservice,0,0,0,0,0,0,0
2026-10-04T14:04:44Z,paymentservice,recommendationservice,0,0,0,0,0,0,0
2026-10-04T14:04:44Z,paymentservice,redis-cart,0,0,0,0,0,0,0
2026-10-04T14:04:44Z,paymentservice,shippingservice,0,0,0,0,0,0,0
2026-10-04T14:04:44Z,productcatalogservice,adservice,0,0,0,0,0,0,0
2026-10-04T14:04:44Z,productcatalogservice,cartservice,0,0,0,0,0,0,0
2026-10-04T14:04:44Z,productcatalogservice,checkoutservice,0,0,0,0,0,0,0
2026-10-04T14:04:44Z,productcatalogservice,currencyservice,0,0,0,0,0,0,0
2026-10-04T14:04:44Z,productcatalogservice,emailservice,0,0,0,0,0,0,0
2026-10-04T14:04:44Z,productcatalogservice,frontend,0,0,0,0,0,0,0
2026-10-04T14:04:44Z,productcatalogservice,kubernetes,0,0,0,0,0,0,0
2026-10-04T14:04:44Z,productcatalogservice,paymentservice,0,0,0,0,0,0,0
2026-10-04T14:04:44Z,productcatalogservice,productcatalogservice,0,0,0,0,0,0,0
2026-10-04T14:04:44Z,productcatalogservice,recommendationservice,0,0,0,0,0,0,0
2026-10-04T14:04:44Z,productcatalogservice,redis-cart,0,0,0,0,0,0,0
2026-10-04T14:04:44Z,productcatalogservice,shippingservice,0,0,0,0,0,0,0
2026-10-04T14:04:44Z,recommendationservice,adservice,0,0,0,0,0,0,0
2026-10-04T14:04:44Z,recommendationservice,cartservice,0,0,0,0,0,0,0
2026-10-04T14:04:44Z,recommendationservice,checkoutservice,0,0,0,0,0,0,0
2026-10-04T14:04:44Z,recommendationservice,currencyservice,0,0,0,0,0,0,0
2026-10-04T14:04:44Z,recommendationservice,emailservice,0,0,0,0,0,0,0
2026-10-04T14:04:44Z,recommendationservice,frontend,0,0,0,0,0,0,0
2026-10-04T14:04:44Z,recommendationservice,kubernetes,0,0,0,0,0,0,0
2026-10-04T14:04:44Z,recommendationservice,paymentservice,0,0,0,0,0,0,0
2026-10-04T14:04:44Z,recommendationservice,productcatalogservice,27844,27844,0,0,0,194205,25885
2026-10-04T14:04:44Z,recommendationservice,recommendationservice,0,0,0,0,0,0,0
2026-10-04T14:04:44Z,recommendationservice,redis-cart,0,0,0,0,0,0,0
2026-10-04T14:04:44Z,recommendationservice,shippingservice,0,0,0,0,0,0,0
2026-10-04T14:04:44Z,redis-cart,adservice,0,0,0,0,0,0,0
2026-10-04T14:04:44Z,redis-cart,cartservice,0,0,0,0,0,0,0
2026-10-04T14:04:44Z,redis-cart,checkoutservice,0,0,0,0,0,0,0
2026-10-04T14:04:44Z,redis-cart,currencyservice,0,0,0,0,0,0,0
2026-10-04T14:04:44Z,redis-cart,emailservice,0,0,0,0,0,0,0
2026-10-04T14:04:44Z,redis-cart,frontend,0,0,0,0,0,0,0
2026-10-04T14:04:44Z,redis-cart,kubernetes,0,0,0,0,0,0,0
2026-10-04T14:04:44Z,redis-cart,paymentservice,0,0,0,0,0,0,0
2026-10-04T14:04:44Z,redis-cart,productcatalogservice,0,0,0,0,0,0,0
2026-10-04T14:04:44Z,redis-cart,recommendationservice,0,0,0,0,0,0,0
2026-10-04T14:04:44Z,redis-cart,redis-cart,0,0,0,0,0,0,0
2026-10-04T14:04:44Z,redis-cart,shippingservice,0,0,0,0,0,0,0
2026-10-04T14:04:44Z,shippingservice,adservice,0,0,0,0,0,0,0
2026-10-04T14:04:44Z,shippingservice,cartservice,0,0,0,0,0,0,0
2026-10-04T14:04:44Z,shippingservice,checkoutservice,0,0,0,0,0,0,0
2026-10-04T14:04:44Z,shippingservice,currencyservice,0,0,0,0,0,0,0
2026-10-04T14:04:44Z,shippingservice,emailservice,0,0,0,0,0,0,0
2026-10-04T14:04:44Z,shippingservice,frontend,0,0,0,0,0,0,0
2026-10-04T14:04:44Z,shippingservice,kubernetes,0,0,0,0,0,0,0
2026-10-04T14:04:44Z,shippingservice,paymentservice,0,0,0,0,0,0,0
2026-10-04T14:04:44Z,shippingservice,productcatalogservice,0,0,0,0,0,0,0
2026-10-04T14:04:44Z,shippingservice,recommendationservice,0,0,0,0,0,0,0
2026-10-04T14:04:44Z,shippingservice,redis-cart,0,0,0,0,0,0,0
2026-10-04T14:04:44Z,shippingservice,shippingservice,0,0,0,0,0,0,0
2026-10-04T14:04:45Z,adservice,adservice,0,0,0,0,0,0,0
2026-10-04T14:04:45Z,adservice,cartservice,0,0,0,0,0,0,0
2026-10-04T14:04:45Z,adservice,checkoutservice,0,0,0,0,0,0,0
2026-10-04T14:04:45Z,adservice,currencyservice,0,0,0,0,0,0,0
2026-10-04T14:04:45Z,adservice,emailservice,0,0,0,0,0,0,0
2026-10-04T14:04:45Z,adservice,frontend,0,0,0,0,0,0,0
2026-10-04T14:04:45Z,adservice,kubernetes,0,0,0,0,0,0,0
2026-10-04T14:04:45Z,adservice,paymentservice,0,0,0,0,0,0,0
2026-10-04T14:04:45Z,adservice,productcatalogservice,0,0,0,0,0,0,0
2026-10-04T14:04:45Z,adservice,recommendationservice,0,0,0,0,0,0,0
2026-10-04T14:04:45Z,adservice,redis-cart,0,0,0,0,0,0,0
2026-10-04T14:04:45Z,adservice,shippingservice,0,0,0,0,0,0,0
2026-10-04T14:04:45Z,cartservice,adservice,0,0,0,0,0,0,0
2026-10-04T14:04:45Z,cartservice,cartservice,0,0,0,0,0,0,0
2026-10-04T14:04:45Z,cartservice,checkoutservice,0,0,0,0,0,0,0
2026-10-04T14:04:45Z,cartservice,currencyservice,0,0,0,0,0,0,0
2026-10-04T14:04:45Z,cartservice,emailservice,0,0,0,0,0,0,0
2026-10-04T14:04:45Z,cartservice,frontend,0,0,0,0,0,0,0
2026-10-04T14:04:45Z,cartservice,kubernetes,0,0,0,0,0,0,0
2026-10-04T14:04:45Z,cartservice,paymentservice,0,0,0,0,0,0,0
2026-10-04T14:04:45Z,cartservice,productcatalogservice,0,0,0,0,0,0,0
2026-10-04T14:04:45Z,cartservice,recommendationservice,0,0,0,0,0,0,0
2026-10-04T14:04:45Z,cartservice,redis-cart,2,0,0,0,0,0,0
2026-10-04T14:04:45Z,cartservice,shippingservice,0,0,0,0,0,0,0
2026-10-04T14:04:45Z,checkoutservice,adservice,0,0,0,0,0,0,0
2026-10-04T14:04:45Z,checkoutservice,cartservice,14294,13964,0,52,0,166057,13242
2026-10-04T14:04:45Z,checkoutservice,checkoutservice,0,0,0,0,0,0,0
2026-10-04T14:04:45Z,checkoutservice,currencyservice,10413,10411,0,0,0,148842,10193
2026-10-04T14:04:45Z,checkoutservice,emailservice,2393,2243,0,38,0,111843,2243
2026-10-04T14:04:45Z,checkoutservice,frontend,0,0,0,0,0,0,0
2026-10-04T14:04:45Z,checkoutservice,kubernetes,0,0,0,0,0,0,0
2026-10-04T14:04:45Z,checkoutservice,paymentservice,9285,8800,0,46,0,137479,8758
2026-10-04T14:04:45Z,checkoutservice,productcatalogservice,0,0,0,0,0,0,0
2026-10-04T14:04:45Z,checkoutservice,recommendationservice,0,0,0,0,0,0,0
2026-10-04T14:04:45Z,checkoutservice,redis-cart,0,0,0,0,0,0,0
2026-10-04T14:04:45Z,checkoutservice,shippingservice,16523,15893,0,55,0,143962,15550
2026-10-04T14:04:45Z,currencyservice,adservice,0,0,0,0,0,0,0
2026-10-04T14:04:45Z,currencyservice,cartservice,0,0,0,0,0,0,0
2026-10-04T14:04:45Z,currencyservice,checkoutservice,0,0,0,0,0,0,0
2026-10-04T14:04:45Z,currencyservice,currencyservice,0,0,0,0,0,0,0
2026-10-04T14:04:45Z,currencyservice,emailservice,0,0,0,0,0,0,0
2026-10-04T14:04:45Z,currencyservice,frontend,0,0,0,0,0,0,0
2026-10-04T14:04:45Z,currencyservice,kubernetes,0,0,0,0,0,0,0
2026-10-04T14:04:45Z,currencyservice,paymentservice,0,0,0,0,0,0,0
2026-10-04T14:04:45Z,currencyservice,productcatalogservice,0,0,0,0,0,0,0
2026-10-04T14:04:45Z,currencyservice,recommendationservice,0,0,0,0,0,0,0
2026-10-04T14:04:45Z,currencyservice,redis-cart,0,0,0,0,0,0,0
2026-10-04T14:04:45Z,currencyservice,shippingservice,0,0,0,0,0,0,0
2026-10-04T14:04:45Z,emailservice,adservice,0,0,0,0,0,0,0
2026-10-04T14:04:45Z,emailservice,cartservice,0,0,0,0,0,0,0
2026-10-04T14:04:45Z,emailservice,checkoutservice,0,0,0,0,0,0,0
2026-10-04T14:04:45Z,emailservice,currencyservice,0,0,0,0,0,0,0
2026-10-04T14:04:45Z,emailservice,emailservice,0,0,0,0,0,0,0
2026-10-04T14:04:45Z,emailservice,frontend,0,0,0,0,0,0,0
2026-10-04T14:04:45Z,emailservice,kubernetes,0,0,0,0,0,0,0
2026-10-04T14:04:45Z,emailservice,paymentservice,0,0,0,0,0,0,0
2026-10-04T14:04:45Z,emailservice,productcatalogservice,0,0,0,0,0,0,0
2026-10-04T14:04:45Z,emailservice,recommendationservice,0,0,0,0,0,0,0
2026-10-04T14:04:45Z,emailservice,redis-cart,0,0,0,0,0,0,0
2026-10-04T14:04:45Z,emailservice,shippingservice,0,0,0,0,0,0,0
2026-10-04T14:04:45Z,frontend,adservice,790881,790876,0,0,0,2381748,790364
2026-10-04T14:04:45Z,frontend,cartservice,1760135,1760120,0,0,4,9787348,1759164
2026-10-04T14:04:45Z,frontend,checkoutservice,365961,176988,0,35827,152959,57262211,176908
2026-10-04T14:04:45Z,frontend,currencyservice,2798782,2798773,0,0,0,14845149,2797249
2026-10-04T14:04:45Z,frontend,emailservice,0,0,0,0,0,0,0
2026-10-04T14:04:45Z,frontend,frontend,0,0,0,0,0,0,0
2026-10-04T14:04:45Z,frontend,kubernetes,0,0,0,0,0,0,0
2026-10-04T14:04:45Z,frontend,paymentservice,0,0,0,0,0,0,0
2026-10-04T14:04:45Z,frontend,productcatalogservice,7841418,7841340,0,0,0,53424424,7836330
2026-10-04T14:04:45Z,frontend,recommendationservice,2552421,1553134,0,104145,892890,772651511,1552282
2026-10-04T14:04:45Z,frontend,redis-cart,0,0,0,0,0,0,0
2026-10-04T14:04:45Z,frontend,shippingservice,290124,290122,0,0,0,878292,289910
2026-10-04T14:04:45Z,paymentservice,adservice,0,0,0,0,0,0,0
2026-10-04T14:04:45Z,paymentservice,cartservice,0,0,0,0,0,0,0
2026-10-04T14:04:45Z,paymentservice,checkoutservice,0,0,0,0,0,0,0
2026-10-04T14:04:45Z,paymentservice,currencyservice,0,0,0,0,0,0,0
2026-10-04T14:04:45Z,paymentservice,emailservice,0,0,0,0,0,0,0
2026-10-04T14:04:45Z,paymentservice,frontend,0,0,0,0,0,0,0
2026-10-04T14:04:45Z,paymentservice,kubernetes,0,0,0,0,0,0,0
2026-10-04T14:04:45Z,paymentservice,paymentservice,0,0,0,0,0,0,0
2026-10-04T14:04:45Z,paymentservice,productcatalogservice,0,0,0,0,0,0,0
2026-10-04T14:04:45Z,paymentservice,recommendationservice,0,0,0,0,0,0,0
2026-10-04T14:04:45Z,paymentservice,redis-cart,0,0,0,0,0,0,0
2026-10-04T14:04:45Z,paymentservice,shippingservice,0,0,0,0,0,0,0
2026-10-04T14:04:45Z,productcatalogservice,adservice,0,0,0,0,0,0,0
2026-10-04T14:04:45Z,productcatalogservice,cartservice,0,0,0,0,0,0,0
2026-10-04T14:04:45Z,productcatalogservice,checkoutservice,0,0,0,0,0,0,0
2026-10-04T14:04:45Z,productcatalogservice,currencyservice,0,0,0,0,0,0,0
2026-10-04T14:04:45Z,productcatalogservice,emailservice,0,0,0,0,0,0,0
2026-10-04T14:04:45Z,productcatalogservice,frontend,0,0,0,0,0,0,0
2026-10-04T14:04:45Z,productcatalogservice,kubernetes,0,0,0,0,0,0,0
2026-10-04T14:04:45Z,productcatalogservice,paymentservice,0,0,0,0,0,0,0
2026-10-04T14:04:45Z,productcatalogservice,productcatalogservice,0,0,0,0,0,0,0
2026-10-04T14:04:45Z,productcatalogservice,recommendationservice,0,0,0,0,0,0,0
2026-10-04T14:04:45Z,productcatalogservice,redis-cart,0,0,0,0,0,0,0
2026-10-04T14:04:45Z,productcatalogservice,shippingservice,0,0,0,0,0,0,0
2026-10-04T14:04:45Z,recommendationservice,adservice,0,0,0,0,0,0,0
2026-10-04T14:04:45Z,recommendationservice,cartservice,0,0,0,0,0,0,0
2026-10-04T14:04:45Z,recommendationservice,checkoutservice,0,0,0,0,0,0,0
2026-10-04T14:04:45Z,recommendationservice,currencyservice,0,0,0,0,0,0,0
2026-10-04T14:04:45Z,recommendationservice,emailservice,0,0,0,0,0,0,0
2026-10-04T14:04:45Z,recommendationservice,frontend,0,0,0,0,0,0,0
2026-10-04T14:04:45Z,recommendationservice,kubernetes,0,0,0,0,0,0,0
2026-10-04T14:04:45Z,recommendationservice,paymentservice,0,0,0,0,0,0,0
2026-10-04T14:04:45Z,recommendationservice,productcatalogservice,28261,28254,0,0,0,211610,28106
2026-10-04T14:04:45Z,recommendationservice,recommendationservice,0,0,0,0,0,0,0
2026-10-04T14:04:45Z,recommendationservice,redis-cart,0,0,0,0,0,0,0
2026-10-04T14:04:45Z,recommendationservice,shippingservice,0,0,0,0,0,0,0
2026-10-04T14:04:45Z,redis-cart,adservice,0,0,0,0,0,0,0
2026-10-04T14:04:45Z,redis-cart,cartservice,0,0,0,0,0,0,0
2026-10-04T14:04:45Z,redis-cart,checkoutservice,0,0,0,0,0,0,0
2026-10-04T14:04:45Z,redis-cart,currencyservice,0,0,0,0,0,0,0
2026-10-04T14:04:45Z,redis-cart,emailservice,0,0,0,0,0,0,0
2026-10-04T14:04:45Z,redis-cart,frontend,0,0,0,0,0,0,0
2026-10-04T14:04:45Z,redis-cart,kubernetes,0,0,0,0,0,0,0
2026-10-04T14:04:45Z,redis-cart,paymentservice,0,0,0,0,0,0,0
2026-10-04T14:04:45Z,redis-cart,productcatalogservice,0,0,0,0,0,0,0
2026-10-04T14:04:45Z,redis-cart,recommendationservice,0,0,0,0,0,0,0
2026-10-04T14:04:45Z,redis-cart,redis-cart,0,0,0,0,0,0,0
2026-10-04T14:04:45Z,redis-cart,shippingservice,0,0,0,0,0,0,0
2026-10-04T14:04:45Z,shippingservice,adservice,0,0,0,0,0,0,0
2026-10-04T14:04:45Z,shippingservice,cartservice,0,0,0,0,0,0,0
2026-10-04T14:04:45Z,shippingservice,checkoutservice,0,0,0,0,0,0,0
2026-10-04T14:04:45Z,shippingservice,currencyservice,0,0,0,0,0,0,0
2026-10-04T14:04:45Z,shippingservice,emailservice,0,0,0,0,0,0,0
2026-10-04T14:04:45Z,shippingservice,frontend,0,0,0,0,0,0,0
2026-10-04T14:04:45Z,shippingservice,kubernetes,0,0,0,0,0,0,0
2026-10-04T14:04:45Z,shippingservice,paymentservice,0,0,0,0,0,0,0
2026-10-04T14:04:45Z,shippingservice,productcatalogservice,0,0,0,0,0,0,0
2026-10-04T14:04:45Z,shippingservice,recommendationservice,0,0,0,0,0,0,0
2026-10-04T14:04:45Z,shippingservice,redis-cart,0,0,0,0,0,0,0
2026-10-04T14:04:45Z,shippingservice,shippingservice,0,0,0,0,0,0,0
2026-10-04T14:04:46Z,adservice,adservice,0,0,0,0,0,0,0
2026-10-04T14:04:46Z,adservice,cartservice,0,0,0,0,0,0,0
2026-10-04T14:04:46Z,adservice,checkoutservice,0,0,0,0,0,0,0
2026-10-04T14:04:46Z,adservice,currencyservice,0,0,0,0,0,0,0
2026-10-04T14:04:46Z,adservice,emailservice,0,0,0,0,0,0,0
2026-10-04T14:04:46Z,adservice,frontend,0,0,0,0,0,0,0
2026-10-04T14:04:46Z,adservice,kubernetes,0,0,0,0,0,0,0
2026-10-04T14:04:46Z,adservice,paymentservice,0,0,0,0,0,0,0
2026-10-04T14:04:46Z,adservice,productcatalogservice,0,0,0,0,0,0,0
2026-10-04T14:04:46Z,adservice,recommendationservice,0,0,0,0,0,0,0
2026-10-04T14:04:46Z,adservice,redis-cart,0,0,0,0,0,0,0
2026-10-04T14:04:46Z,adservice,shippingservice,0,0,0,0,0,0,0
2026-10-04T14:04:46Z,cartservice,adservice,0,0,0,0,0,0,0
2026-10-04T14:04:46Z,cartservice,cartservice,0,0,0,0,0,0,0
2026-10-04T14:04:46Z,cartservice,checkoutservice,0,0,0,0,0,0,0
2026-10-04T14:04:46Z,cartservice,currencyservice,0,0,0,0,0,0,0
2026-10-04T14:04:46Z,cartservice,emailservice,0,0,0,0,0,0,0
2026-10-04T14:04:46Z,cartservice,frontend,0,0,0,0,0,0,0
2026-10-04T14:04:46Z,cartservice,kubernetes,0,0,0,0,0,0,0
2026-10-04T14:04:46Z,cartservice,paymentservice,0,0,0,0,0,0,0
2026-10-04T14:04:46Z,cartservice,productcatalogservice,0,0,0,0,0,0,0
2026-10-04T14:04:46Z,cartservice,recommendationservice,0,0,0,0,0,0,0
2026-10-04T14:04:46Z,cartservice,redis-cart,2,0,0,0,0,0,0
2026-10-04T14:04:46Z,cartservice,shippingservice,0,0,0,0,0,0,0
2026-10-04T14:04:46Z,checkoutservice,adservice,0,0,0,0,0,0,0
2026-10-04T14:04:46Z,checkoutservice,cartservice,14439,14110,0,52,0,166057,13242
2026-10-04T14:04:46Z,checkoutservice,checkoutservice,0,0,0,0,0,0,0
2026-10-04T14:04:46Z,checkoutservice,currencyservice,10541,10541,0,0,0,148842,10193
2026-10-04T14:04:46Z,checkoutservice,emailservice,2393,2243,0,38,0,111843,2243
2026-10-04T14:04:46Z,checkoutservice,frontend,0,0,0,0,0,0,0
2026-10-04T14:04:46Z,checkoutservice,kubernetes,0,0,0,0,0,0,0
2026-10-04T14:04:46Z,checkoutservice,paymentservice,9307,8813,0,48,0,137479,8758
2026-10-04T14:04:46Z,checkoutservice,productcatalogservice,0,0,0,0,0,0,0
2026-10-04T14:04:46Z,checkoutservice,recommendationservice,0,0,0,0,0,0,0
2026-10-04T14:04:46Z,checkoutservice,redis-cart,0,0,0,0,0,0,0
2026-10-04T14:04:46Z,checkoutservice,shippingservice,16629,15995,0,56,0,143962,15550
2026-10-04T14:04:46Z,currencyservice,adservice,0,0,0,0,0,0,0
2026-10-04T14:04:46Z,currencyservice,cartservice,0,0,0,0,0,0,0
2026-10-04T14:04:46Z,currencyservice,checkoutservice,0,0,0,0,0,0,0
2026-10-04T14:04:46Z,currencyservice,currencyservice,0,0,0,0,0,0,0
2026-10-04T14:04:46Z,currencyservice,emailservice,0,0,0,0,0,0,0
2026-10-04T14:04:46Z,currencyservice,frontend,0,0,0,0,0,0,0
2026-10-04T14:04:46Z,currencyservice,kubernetes,0,0,0,0,0,0,0
2026-10-04T14:04:46Z,currencyservice,paymentservice,0,0,0,0,0,0,0
2026-10-04T14:04:46Z,currencyservice,productcatalogservice,0,0,0,0,0,0,0
2026-10-04T14:04:46Z,currencyservice,recommendationservice,0,0,0,0,0,0,0
2026-10-04T14:04:46Z,currencyservice,redis-cart,0,0,0,0,0,0,0
2026-10-04T14:04:46Z,currencyservice,shippingservice,0,0,0,0,0,0,0
2026-10-04T14:04:46Z,emailservice,adservice,0,0,0,0,0,0,0
2026-10-04T14:04:46Z,emailservice,cartservice,0,0,0,0,0,0,0
2026-10-04T14:04:46Z,emailservice,checkoutservice,0,0,0,0,0,0,0
2026-10-04T14:04:46Z,emailservice,currencyservice,0,0,0,0,0,0,0
2026-10-04T14:04:46Z,emailservice,emailservice,0,0,0,0,0,0,0
2026-10-04T14:04:46Z,emailservice,frontend,0,0,0,0,0,0,0
2026-10-04T14:04:46Z,emailservice,kubernetes,0,0,0,0,0,0,0
2026-10-04T14:04:46Z,emailservice,paymentservice,0,0,0,0,0,0,0
2026-10-04T14:04:46Z,emailservice,productcatalogservice,0,0,0,0,0,0,0
2026-10-04T14:04:46Z,emailservice,recommendationservice,0,0,0,0,0,0,0
2026-10-04T14:04:46Z,emailservice,redis-cart,0,0,0,0,0,0,0
2026-10-04T14:04:46Z,emailservice,shippingservice,0,0,0,0,0,0,0
2026-10-04T14:04:46Z,frontend,adservice,791139,791137,0,0,0,2381748,790364
2026-10-04T14:04:46Z,frontend,cartservice,1760575,1760560,0,0,4,9787348,1759164
2026-10-04T14:04:46Z,frontend,checkoutservice,366150,177025,0,35853,153078,57262211,176908
2026-10-04T14:04:46Z,frontend,currencyservice,2799471,2799463,0,0,0,14845149,2797249
2026-10-04T14:04:46Z,frontend,emailservice,0,0,0,0,0,0,0
2026-10-04T14:04:46Z,frontend,frontend,0,0,0,0,0,0,0
2026-10-04T14:04:46Z,frontend,kubernetes,0,0,0,0,0,0,0
2026-10-04T14:04:46Z,frontend,paymentservice,0,0,0,0,0,0,0
2026-10-04T14:04:46Z,frontend,productcatalogservice,7843849,7843774,0,0,0,53424424,7836330
2026-10-04T14:04:46Z,frontend,recommendationservice,2552836,1553554,0,104145,892890,772651511,1552282
2026-10-04T14:04:46Z,frontend,redis-cart,0,0,0,0,0,0,0
2026-10-04T14:04:46Z,frontend,shippingservice,290212,290207,0,0,0,878292,289910
2026-10-04T14:04:46Z,paymentservice,adservice,0,0,0,0,0,0,0
2026-10-04T14:04:46Z,paymentservice,cartservice,0,0,0,0,0,0,0
2026-10-04T14:04:46Z,paymentservice,checkoutservice,0,0,0,0,0,0,0
2026-10-04T14:04:46Z,paymentservice,currencyservice,0,0,0,0,0,0,0
2026-10-04T14:04:46Z,paymentservice,emailservice,0,0,0,0,0,0,0
2026-10-04T14:04:46Z,paymentservice,frontend,0,0,0,0,0,0,0
2026-10-04T14:04:46Z,paymentservice,kubernetes,0,0,0,0,0,0,0
2026-10-04T14:04:46Z,paymentservice,paymentservice,0,0,0,0,0,0,0
2026-10-04T14:04:46Z,paymentservice,productcatalogservice,0,0,0,0,0,0,0
2026-10-04T14:04:46Z,paymentservice,recommendationservice,0,0,0,0,0,0,0
2026-10-04T14:04:46Z,paymentservice,redis-cart,0,0,0,0,0,0,0
2026-10-04T14:04:46Z,paymentservice,shippingservice,0,0,0,0,0,0,0
2026-10-04T14:04:46Z,productcatalogservice,adservice,0,0,0,0,0,0,0
2026-10-04T14:04:46Z,productcatalogservice,cartservice,0,0,0,0,0,0,0
2026-10-04T14:04:46Z,productcatalogservice,checkoutservice,0,0,0,0,0,0,0
2026-10-04T14:04:46Z,productcatalogservice,currencyservice,0,0,0,0,0,0,0
2026-10-04T14:04:46Z,productcatalogservice,emailservice,0,0,0,0,0,0,0
2026-10-04T14:04:46Z,productcatalogservice,frontend,0,0,0,0,0,0,0
2026-10-04T14:04:46Z,productcatalogservice,kubernetes,0,0,0,0,0,0,0
2026-10-04T14:04:46Z,productcatalogservice,paymentservice,0,0,0,0,0,0,0
2026-10-04T14:04:46Z,productcatalogservice,productcatalogservice,0,0,0,0,0,0,0
2026-10-04T14:04:46Z,productcatalogservice,recommendationservice,0,0,0,0,0,0,0
2026-10-04T14:04:46Z,productcatalogservice,redis-cart,0,0,0,0,0,0,0
2026-10-04T14:04:46Z,productcatalogservice,shippingservice,0,0,0,0,0,0,0
2026-10-04T14:04:46Z,recommendationservice,adservice,0,0,0,0,0,0,0
2026-10-04T14:04:46Z,recommendationservice,cartservice,0,0,0,0,0,0,0
2026-10-04T14:04:46Z,recommendationservice,checkoutservice,0,0,0,0,0,0,0
2026-10-04T14:04:46Z,recommendationservice,currencyservice,0,0,0,0,0,0,0
2026-10-04T14:04:46Z,recommendationservice,emailservice,0,0,0,0,0,0,0
2026-10-04T14:04:46Z,recommendationservice,frontend,0,0,0,0,0,0,0
2026-10-04T14:04:46Z,recommendationservice,kubernetes,0,0,0,0,0,0,0
2026-10-04T14:04:46Z,recommendationservice,paymentservice,0,0,0,0,0,0,0
2026-10-04T14:04:46Z,recommendationservice,productcatalogservice,28711,28704,0,0,0,211610,28106
2026-10-04T14:04:46Z,recommendationservice,recommendationservice,0,0,0,0,0,0,0
2026-10-04T14:04:46Z,recommendationservice,redis-cart,0,0,0,0,0,0,0
2026-10-04T14:04:46Z,recommendationservice,shippingservice,0,0,0,0,0,0,0
2026-10-04T14:04:46Z,redis-cart,adservice,0,0,0,0,0,0,0
2026-10-04T14:04:46Z,redis-cart,cartservice,0,0,0,0,0,0,0
2026-10-04T14:04:46Z,redis-cart,checkoutservice,0,0,0,0,0,0,0
2026-10-04T14:04:46Z,redis-cart,currencyservice,0,0,0,0,0,0,0
2026-10-04T14:04:46Z,redis-cart,emailservice,0,0,0,0,0,0,0
2026-10-04T14:04:46Z,redis-cart,frontend,0,0,0,0,0,0,0
2026-10-04T14:04:46Z,redis-cart,kubernetes,0,0,0,0,0,0,0
2026-10-04T14:04:46Z,redis-cart,paymentservice,0,0,0,0,0,0,0
2026-10-04T14:04:46Z,redis-cart,productcatalogservice,0,0,0,0,0,0,0
2026-10-04T14:04:46Z,redis-cart,recommendationservice,0,0,0,0,0,0,0
2026-10-04T14:04:46Z,redis-cart,redis-cart,0,0,0,0,0,0,0
2026-10-04T14:04:46Z,redis-cart,shippingservice,0,0,0,0,0,0,0
2026-10-04T14:04:46Z,shippingservice,adservice,0,0,0,0,0,0,0
2026-10-04T14:04:46Z,shippingservice,cartservice,0,0,0,0,0,0,0
2026-10-04T14:04:46Z,shippingservice,checkoutservice,0,0,0,0,0,0,0
2026-10-04T14:04:46Z,shippingservice,currencyservice,0,0,0,0,0,0,0
2026-10-04T14:04:46Z,shippingservice,emailservice,0,0,0,0,0,0,0
2026-10-04T14:04:46Z,shippingservice,frontend,0,0,0,0,0,0,0
2026-10-04T14:04:46Z,shippingservice,kubernetes,0,0,0,0,0,0,0
2026-10-04T14:04:46Z,shippingservice,paymentservice,0,0,0,0,0,0,0
2026-10-04T14:04:46Z,shippingservice,productcatalogservice,0,0,0,0,0,0,0
2026-10-04T14:04:46Z,shippingservice,recommendationservice,0,0,0,0,0,0,0
2026-10-04T14:04:46Z,shippingservice,redis-cart,0,0,0,0,0,0,0
2026-10-04T14:04:46Z,shippingservice,shippingservice,0,0,0,0,0,0,0
2026-10-04T14:04:47Z,adservice,adservice,0,0,0,0,0,0,0
2026-10-04T14:04:47Z,adservice,cartservice,0,0,0,0,0,0,0
2026-10-04T14:04:47Z,adservice,checkoutservice,0,0,0,0,0,0,0
2026-10-04T14:04:47Z,adservice,currencyservice,0,0,0,0,0,0,0
2026-10-04T14:04:47Z,adservice,emailservice,0,0,0,0,0,0,0
2026-10-04T14:04:47Z,adservice,frontend,0,0,0,0,0,0,0
2026-10-04T14:04:47Z,adservice,kubernetes,0,0,0,0,0,0,0
2026-10-04T14:04:47Z,adservice,paymentservice,0,0,0,0,0,0,0
2026-10-04T14:04:47Z,adservice,productcatalogservice,0,0,0,0,0,0,0
2026-10-04T14:04:47Z,adservice,recommendationservice,0,0,0,0,0,0,0
2026-10-04T14:04:47Z,adservice,redis-cart,0,0,0,0,0,0,0
2026-10-04T14:04:47Z,adservice,shippingservice,0,0,0,0,0,0,0
2026-10-04T14:04:47Z,cartservice,adservice,0,0,0,0,0,0,0
2026-10-04T14:04:47Z,cartservice,cartservice,0,0,0,0,0,0,0
2026-10-04T14:04:47Z,cartservice,checkoutservice,0,0,0,0,0,0,0
2026-10-04T14:04:47Z,cartservice,currencyservice,0,0,0,0,0,0,0
2026-10-04T14:04:47Z,cartservice,emailservice,0,0,0,0,0,0,0
2026-10-04T14:04:47Z,cartservice,frontend,0,0,0,0,0,0,0
2026-10-04T14:04:47Z,cartservice,kubernetes,0,0,0,0,0,0,0
2026-10-04T14:04:47Z,cartservice,paymentservice,0,0,0,0,0,0,0
2026-10-04T14:04:47Z,cartservice,productcatalogservice,0,0,0,0,0,0,0
2026-10-04T14:04:47Z,cartservice,recommendationservice,0,0,0,0,0,0,0
2026-10-04T14:04:47Z,cartservice,redis-cart,2,0,0,0,0,0,0
2026-10-04T14:04:47Z,cartservice,shippingservice,0,0,0,0,0,0,0
2026-10-04T14:04:47Z,checkoutservice,adservice,0,0,0,0,0,0,0
2026-10-04T14:04:47Z,checkoutservice,cartservice,14663,14326,0,52,0,181388,14161
2026-10-04T14:04:47Z,checkoutservice,checkoutservice,0,0,0,0,0,0,0
2026-10-04T14:04:47Z,checkoutservice,currencyservice,10563,10563,0,0,0,154696,10544
2026-10-04T14:04:47Z,checkoutservice,emailservice,2393,2243,0,38,0,111843,2243
2026-10-04T14:04:47Z,checkoutservice,frontend,0,0,0,0,0,0,0
2026-10-04T14:04:47Z,checkoutservice,kubernetes,0,0,0,0,0,0,0
2026-10-04T14:04:47Z,checkoutservice,paymentservice,9307,8813,0,48,0,137732,8783
2026-10-04T14:04:47Z,checkoutservice,productcatalogservice,0,0,0,0,0,0,0
2026-10-04T14:04:47Z,checkoutservice,recommendationservice,0,0,0,0,0,0,0
2026-10-04T14:04:47Z,checkoutservice,redis-cart,0,0,0,0,0,0,0
2026-10-04T14:04:47Z,checkoutservice,shippingservice,16691,16052,0,56,0,148787,15998
2026-10-04T14:04:47Z,currencyservice,adservice,0,0,0,0,0,0,0
2026-10-04T14:04:47Z,currencyservice,cartservice,0,0,0,0,0,0,0
2026-10-04T14:04:47Z,currencyservice,checkoutservice,0,0,0,0,0,0,0
2026-10-04T14:04:47Z,currencyservice,currencyservice,0,0,0,0,0,0,0
2026-10-04T14:04:47Z,currencyservice,emailservice,0,0,0,0,0,0,0
2026-10-04T14:04:47Z,currencyservice,frontend,0,0,0,0,0,0,0
2026-10-04T14:04:47Z,currencyservice,kubernetes,0,0,0,0,0,0,0
2026-10-04T14:04:47Z,currencyservice,paymentservice,0,0,0,0,0,0,0
2026-10-04T14:04:47Z,currencyservice,productcatalogservice,0,0,0,0,0,0,0
2026-10-04T14:04:47Z,currencyservice,recommendationservice,0,0,0,0,0,0,0
2026-10-04T14:04:47Z,currencyservice,redis-cart,0,0,0,0,0,0,0
2026-10-04T14:04:47Z,currencyservice,shippingservice,0,0,0,0,0,0,0
2026-10-04T14:04:47Z,emailservice,adservice,0,0,0,0,0,0,0
2026-10-04T14:04:47Z,emailservice,cartservice,0,0,0,0,0,0,0
2026-10-04T14:04:47Z,emailservice,checkoutservice,0,0,0,0,0,0,0
2026-10-04T14:04:47Z,emailservice,currencyservice,0,0,0,0,0,0,0
2026-10-04T14:04:47Z,emailservice,emailservice,0,0,0,0,0,0,0
2026-10-04T14:04:47Z,emailservice,frontend,0,0,0,0,0,0,0
2026-10-04T14:04:47Z,emailservice,kubernetes,0,0,0,0,0,0,0
2026-10-04T14:04:47Z,emailservice,paymentservice,0,0,0,0,0,0,0
2026-10-04T14:04:47Z,emailservice,productcatalogservice,0,0,0,0,0,0,0
2026-10-04T14:04:47Z,emailservice,recommendationservice,0,0,0,0,0,0,0
2026-10-04T14:04:47Z,emailservice,redis-cart,0,0,0,0,0,0,0
2026-10-04T14:04:47Z,emailservice,shippingservice,0,0,0,0,0,0,0
2026-10-04T14:04:47Z,frontend,adservice,791437,791432,0,0,0,2381748,790364
2026-10-04T14:04:47Z,frontend,cartservice,1761074,1761057,0,0,4,9787348,1759164
2026-10-04T14:04:47Z,frontend,checkoutservice,366366,177060,0,35880,153228,57262211,176908
2026-10-04T14:04:47Z,frontend,currencyservice,2800272,2800265,0,0,0,14845149,2797249
2026-10-04T14:04:47Z,frontend,emailservice,0,0,0,0,0,0,0
2026-10-04T14:04:47Z,frontend,frontend,0,0,0,0,0,0,0
2026-10-04T14:04:47Z,frontend,kubernetes,0,0,0,0,0,0,0
2026-10-04T14:04:47Z,frontend,paymentservice,0,0,0,0,0,0,0
2026-10-04T14:04:47Z,frontend,productcatalogservice,7846603,7846515,0,0,0,53424424,7836330
2026-10-04T14:04:47Z,frontend,recommendationservice,2553291,1554027,0,104145,892890,772651511,1552282
2026-10-04T14:04:47Z,frontend,redis-cart,0,0,0,0,0,0,0
2026-10-04T14:04:47Z,frontend,shippingservice,290323,290321,0,0,0,878292,289910
2026-10-04T14:04:47Z,paymentservice,adservice,0,0,0,0,0,0,0
2026-10-04T14:04:47Z,paymentservice,cartservice,0,0,0,0,0,0,0
2026-10-04T14:04:47Z,paymentservice,checkoutservice,0,0,0,0,0,0,0
2026-10-04T14:04:47Z,paymentservice,currencyservice,0,0,0,0,0,0,0
2026-10-04T14:04:47Z,paymentservice,emailservice,0,0,0,0,0,0,0
2026-10-04T14:04:47Z,paymentservice,frontend,0,0,0,0,0,0,0
2026-10-04T14:04:47Z,paymentservice,kubernetes,0,0,0,0,0,0,0
2026-10-04T14:04:47Z,paymentservice,paymentservice,0,0,0,0,0,0,0
2026-10-04T14:04:47Z,paymentservice,productcatalogservice,0,0,0,0,0,0,0
2026-10-04T14:04:47Z,paymentservice,recommendationservice,0,0,0,0,0,0,0
2026-10-04T14:04:47Z,paymentservice,redis-cart,0,0,0,0,0,0,0
2026-10-04T14:04:47Z,paymentservice,shippingservice,0,0,0,0,0,0,0
2026-10-04T14:04:47Z,productcatalogservice,adservice,0,0,0,0,0,0,0
2026-10-04T14:04:47Z,productcatalogservice,cartservice,0,0,0,0,0,0,0
2026-10-04T14:04:47Z,productcatalogservice,checkoutservice,0,0,0,0,0,0,0
2026-10-04T14:04:47Z,productcatalogservice,currencyservice,0,0,0,0,0,0,0
2026-10-04T14:04:47Z,productcatalogservice,emailservice,0,0,0,0,0,0,0
2026-10-04T14:04:47Z,productcatalogservice,frontend,0,0,0,0,0,0,0
2026-10-04T14:04:47Z,productcatalogservice,kubernetes,0,0,0,0,0,0,0
2026-10-04T14:04:47Z,productcatalogservice,paymentservice,0,0,0,0,0,0,0
2026-10-04T14:04:47Z,productcatalogservice,productcatalogservice,0,0,0,0,0,0,0
2026-10-04T14:04:47Z,productcatalogservice,recommendationservice,0,0,0,0,0,0,0
2026-10-04T14:04:47Z,productcatalogservice,redis-cart,0,0,0,0,0,0,0
2026-10-04T14:04:47Z,productcatalogservice,shippingservice,0,0,0,0,0,0,0
2026-10-04T14:04:47Z,recommendationservice,adservice,0,0,0,0,0,0,0
2026-10-04T14:04:47Z,recommendationservice,cartservice,0,0,0,0,0,0,0
2026-10-04T14:04:47Z,recommendationservice,checkoutservice,0,0,0,0,0,0,0
2026-10-04T14:04:47Z,recommendationservice,currencyservice,0,0,0,0,0,0,0
2026-10-04T14:04:47Z,recommendationservice,emailservice,0,0,0,0,0,0,0
2026-10-04T14:04:47Z,recommendationservice,frontend,0,0,0,0,0,0,0
2026-10-04T14:04:47Z,recommendationservice,kubernetes,0,0,0,0,0,0,0
2026-10-04T14:04:47Z,recommendationservice,paymentservice,0,0,0,0,0,0,0
2026-10-04T14:04:47Z,recommendationservice,productcatalogservice,29153,29150,0,0,0,211610,28106
2026-10-04T14:04:47Z,recommendationservice,recommendationservice,0,0,0,0,0,0,0
2026-10-04T14:04:47Z,recommendationservice,redis-cart,0,0,0,0,0,0,0
2026-10-04T14:04:47Z,recommendationservice,shippingservice,0,0,0,0,0,0,0
2026-10-04T14:04:47Z,redis-cart,adservice,0,0,0,0,0,0,0
2026-10-04T14:04:47Z,redis-cart,cartservice,0,0,0,0,0,0,0
2026-10-04T14:04:47Z,redis-cart,checkoutservice,0,0,0,0,0,0,0
2026-10-04T14:04:47Z,redis-cart,currencyservice,0,0,0,0,0,0,0
2026-10-04T14:04:47Z,redis-cart,emailservice,0,0,0,0,0,0,0
2026-10-04T14:04:47Z,redis-cart,frontend,0,0,0,0,0,0,0
2026-10-04T14:04:47Z,redis-cart,kubernetes,0,0,0,0,0,0,0
2026-10-04T14:04:47Z,redis-cart,paymentservice,0,0,0,0,0,0,0
2026-10-04T14:04:47Z,redis-cart,productcatalogservice,0,0,0,0,0,0,0
2026-10-04T14:04:47Z,redis-cart,recommendationservice,0,0,0,0,0,0,0
2026-10-04T14:04:47Z,redis-cart,redis-cart,0,0,0,0,0,0,0
2026-10-04T14:04:47Z,redis-cart,shippingservice,0,0,0,0,0,0,0
2026-10-04T14:04:47Z,shippingservice,adservice,0,0,0,0,0,0,0
2026-10-04T14:04:47Z,shippingservice,cartservice,0,0,0,0,0,0,0
2026-10-04T14:04:47Z,shippingservice,checkoutservice,0,0,0,0,0,0,0
2026-10-04T14:04:47Z,shippingservice,currencyservice,0,0,0,0,0,0,0
2026-10-04T14:04:47Z,shippingservice,emailservice,0,0,0,0,0,0,0
2026-10-04T14:04:47Z,shippingservice,frontend,0,0,0,0,0,0,0
2026-10-04T14:04:47Z,shippingservice,kubernetes,0,0,0,0,0,0,0
2026-10-04T14:04:47Z,shippingservice,paymentservice,0,0,0,0,0,0,0
2026-10-04T14:04:47Z,shippingservice,productcatalogservice,0,0,0,0,0,0,0
2026-10-04T14:04:47Z,shippingservice,recommendationservice,0,0,0,0,0,0,0
2026-10-04T14:04:47Z,shippingservice,redis-cart,0,0,0,0,0,0,0
2026-10-04T14:04:47Z,shippingservice,shippingservice,0,0,0,0,0,0,0
2026-10-04T14:04:48Z,adservice,adservice,0,0,0,0,0,0,0
2026-10-04T14:04:48Z,adservice,cartservice,0,0,0,0,0,0,0
2026-10-04T14:04:48Z,adservice,checkoutservice,0,0,0,0,0,0,0
2026-10-04T14:04:48Z,adservice,currencyservice,0,0,0,0,0,0,0
2026-10-04T14:04:48Z,adservice,emailservice,0,0,0,0,0,0,0
2026-10-04T14:04:48Z,adservice,frontend,0,0,0,0,0,0,0
2026-10-04T14:04:48Z,adservice,kubernetes,0,0,0,0,0,0,0
2026-10-04T14:04:48Z,adservice,paymentservice,0,0,0,0,0,0,0
2026-10-04T14:04:48Z,adservice,productcatalogservice,0,0,0,0,0,0,0
2026-10-04T14:04:48Z,adservice,recommendationservice,0,0,0,0,0,0,0
2026-10-04T14:04:48Z,adservice,redis-cart,0,0,0,0,0,0,0
2026-10-04T14:04:48Z,adservice,shippingservice,0,0,0,0,0,0,0
2026-10-04T14:04:48Z,cartservice,adservice,0,0,0,0,0,0,0
2026-10-04T14:04:48Z,cartservice,cartservice,0,0,0,0,0,0,0
2026-10-04T14:04:48Z,cartservice,checkoutservice,0,0,0,0,0,0,0
2026-10-04T14:04:48Z,cartservice,currencyservice,0,0,0,0,0,0,0
2026-10-04T14:04:48Z,cartservice,emailservice,0,0,0,0,0,0,0
2026-10-04T14:04:48Z,cartservice,frontend,0,0,0,0,0,0,0
2026-10-04T14:04:48Z,cartservice,kubernetes,0,0,0,0,0,0,0
2026-10-04T14:04:48Z,cartservice,paymentservice,0,0,0,0,0,0,0
2026-10-04T14:04:48Z,cartservice,productcatalogservice,0,0,0,0,0,0,0
2026-10-04T14:04:48Z,cartservice,recommendationservice,0,0,0,0,0,0,0
2026-10-04T14:04:48Z,cartservice,redis-cart,2,0,0,0,0,0,0
2026-10-04T14:04:48Z,cartservice,shippingservice,0,0,0,0,0,0,0
2026-10-04T14:04:48Z,checkoutservice,adservice,0,0,0,0,0,0,0
2026-10-04T14:04:48Z,checkoutservice,cartservice,14834,14497,0,52,0,181388,14161
2026-10-04T14:04:48Z,checkoutservice,checkoutservice,0,0,0,0,0,0,0
2026-10-04T14:04:48Z,checkoutservice,currencyservice,10637,10629,0,0,0,154696,10544
2026-10-04T14:04:48Z,checkoutservice,emailservice,2393,2243,0,38,0,111843,2243
2026-10-04T14:04:48Z,checkoutservice,frontend,0,0,0,0,0,0,0
2026-10-04T14:04:48Z,checkoutservice,kubernetes,0,0,0,0,0,0,0
2026-10-04T14:04:48Z,checkoutservice,paymentservice,9308,8813,0,48,0,137732,8783
2026-10-04T14:04:48Z,checkoutservice,productcatalogservice,0,0,0,0,0,0,0
2026-10-04T14:04:48Z,checkoutservice,recommendationservice,0,0,0,0,0,0,0
2026-10-04T14:04:48Z,checkoutservice,redis-cart,0,0,0,0,0,0,0
2026-10-04T14:04:48Z,checkoutservice,shippingservice,16809,16154,0,56,0,148787,15998
2026-10-04T14:04:48Z,currencyservice,adservice,0,0,0,0,0,0,0
2026-10-04T14:04:48Z,currencyservice,cartservice,0,0,0,0,0,0,0
2026-10-04T14:04:48Z,currencyservice,checkoutservice,0,0,0,0,0,0,0
2026-10-04T14:04:48Z,currencyservice,currencyservice,0,0,0,0,0,0,0
2026-10-04T14:04:48Z,currencyservice,emailservice,0,0,0,0,0,0,0
2026-10-04T14:04:48Z,currencyservice,frontend,0,0,0,0,0,0,0
2026-10-04T14:04:48Z,currencyservice,kubernetes,0,0,0,0,0,0,0
2026-10-04T14:04:48Z,currencyservice,paymentservice,0,0,0,0,0,0,0
2026-10-04T14:04:48Z,currencyservice,productcatalogservice,0,0,0,0,0,0,0
2026-10-04T14:04:48Z,currencyservice,recommendationservice,0,0,0,0,0,0,0
2026-10-04T14:04:48Z,currencyservice,redis-cart,0,0,0,0,0,0,0
2026-10-04T14:04:48Z,currencyservice,shippingservice,0,0,0,0,0,0,0
2026-10-04T14:04:48Z,emailservice,adservice,0,0,0,0,0,0,0
2026-10-04T14:04:48Z,emailservice,cartservice,0,0,0,0,0,0,0
2026-10-04T14:04:48Z,emailservice,checkoutservice,0,0,0,0,0,0,0
2026-10-04T14:04:48Z,emailservice,currencyservice,0,0,0,0,0,0,0
2026-10-04T14:04:48Z,emailservice,emailservice,0,0,0,0,0,0,0
2026-10-04T14:04:48Z,emailservice,frontend,0,0,0,0,0,0,0
2026-10-04T14:04:48Z,emailservice,kubernetes,0,0,0,0,0,0,0
2026-10-04T14:04:48Z,emailservice,paymentservice,0,0,0,0,0,0,0
2026-10-04T14:04:48Z,emailservice,productcatalogservice,0,0,0,0,0,0,0
2026-10-04T14:04:48Z,emailservice,recommendationservice,0,0,0,0,0,0,0
2026-10-04T14:04:48Z,emailservice,redis-cart,0,0,0,0,0,0,0
2026-10-04T14:04:48Z,emailservice,shippingservice,0,0,0,0,0,0,0
2026-10-04T14:04:48Z,frontend,adservice,791680,791678,0,0,0,2385106,791417
2026-10-04T14:04:48Z,frontend,cartservice,1761533,1761518,0,0,4,9797758,1760988
2026-10-04T14:04:48Z,frontend,checkoutservice,366554,177087,0,35922,153356,57420361,177042
2026-10-04T14:04:48Z,frontend,currencyservice,2801011,2800999,0,0,0,14860023,2800123
2026-10-04T14:04:48Z,frontend,emailservice,0,0,0,0,0,0,0
2026-10-04T14:04:48Z,frontend,frontend,0,0,0,0,0,0,0
2026-10-04T14:04:48Z,frontend,kubernetes,0,0,0,0,0,0,0
2026-10-04T14:04:48Z,frontend,paymentservice,0,0,0,0,0,0,0
2026-10-04T14:04:48Z,frontend,productcatalogservice,7848968,7848892,0,0,0,53490803,7846006
2026-10-04T14:04:48Z,frontend,recommendationservice,2553725,1554427,0,104145,892890,772825254,1553924
2026-10-04T14:04:48Z,frontend,redis-cart,0,0,0,0,0,0,0
2026-10-04T14:04:48Z,frontend,shippingservice,290423,290415,0,0,0,879406,290273
2026-10-04T14:04:48Z,paymentservice,adservice,0,0,0,0,0,0,0
2026-10-04T14:04:48Z,paymentservice,cartservice,0,0,0,0,0,0,0
2026-10-04T14:04:48Z,paymentservice,checkoutservice,0,0,0,0,0,0,0
2026-10-04T14:04:48Z,paymentservice,currencyservice,0,0,0,0,0,0,0
2026-10-04T14:04:48Z,paymentservice,emailservice,0,0,0,0,0,0,0
2026-10-04T14:04:48Z,paymentservice,frontend,0,0,0,0,0,0,0
2026-10-04T14:04:48Z,paymentservice,kubernetes,0,0,0,0,0,0,0
2026-10-04T14:04:48Z,paymentservice,paymentservice,0,0,0,0,0,0,0
2026-10-04T14:04:48Z,paymentservice,productcatalogservice,0,0,0,0,0,0,0
2026-10-04T14:04:48Z,paymentservice,recommendationservice,0,0,0,0,0,0,0
2026-10-04T14:04:48Z,paymentservice,redis-cart,0,0,0,0,0,0,0
2026-10-04T14:04:48Z,paymentservice,shippingservice,0,0,0,0,0,0,0
2026-10-04T14:04:48Z,productcatalogservice,adservice,0,0,0,0,0,0,0
2026-10-04T14:04:48Z,productcatalogservice,cartservice,0,0,0,0,0,0,0
2026-10-04T14:04:48Z,productcatalogservice,checkoutservice,0,0,0,0,0,0,0
2026-10-04T14:04:48Z,productcatalogservice,currencyservice,0,0,0,0,0,0,0
2026-10-04T14:04:48Z,productcatalogservice,emailservice,0,0,0,0,0,0,0
2026-10-04T14:04:48Z,productcatalogservice,frontend,0,0,0,0,0,0,0
2026-10-04T14:04:48Z,productcatalogservice,kubernetes,0,0,0,0,0,0,0
2026-10-04T14:04:48Z,productcatalogservice,paymentservice,0,0,0,0,0,0,0
2026-10-04T14:04:48Z,productcatalogservice,productcatalogservice,0,0,0,0,0,0,0
2026-10-04T14:04:48Z,productcatalogservice,recommendationservice,0,0,0,0,0,0,0
2026-10-04T14:04:48Z,productcatalogservice,redis-cart,0,0,0,0,0,0,0
2026-10-04T14:04:48Z,productcatalogservice,shippingservice,0,0,0,0,0,0,0
2026-10-04T14:04:48Z,recommendationservice,adservice,0,0,0,0,0,0,0
2026-10-04T14:04:48Z,recommendationservice,cartservice,0,0,0,0,0,0,0
2026-10-04T14:04:48Z,recommendationservice,checkoutservice,0,0,0,0,0,0,0
2026-10-04T14:04:48Z,recommendationservice,currencyservice,0,0,0,0,0,0,0
2026-10-04T14:04:48Z,recommendationservice,emailservice,0,0,0,0,0,0,0
2026-10-04T14:04:48Z,recommendationservice,frontend,0,0,0,0,0,0,0
2026-10-04T14:04:48Z,recommendationservice,kubernetes,0,0,0,0,0,0,0
2026-10-04T14:04:48Z,recommendationservice,paymentservice,0,0,0,0,0,0,0
2026-10-04T14:04:48Z,recommendationservice,productcatalogservice,29572,29562,0,0,0,211610,28106
2026-10-04T14:04:48Z,recommendationservice,recommendationservice,0,0,0,0,0,0,0
2026-10-04T14:04:48Z,recommendationservice,redis-cart,0,0,0,0,0,0,0
2026-10-04T14:04:48Z,recommendationservice,shippingservice,0,0,0,0,0,0,0
2026-10-04T14:04:48Z,redis-cart,adservice,0,0,0,0,0,0,0
2026-10-04T14:04:48Z,redis-cart,cartservice,0,0,0,0,0,0,0
2026-10-04T14:04:48Z,redis-cart,checkoutservice,0,0,0,0,0,0,0
2026-10-04T14:04:48Z,redis-cart,currencyservice,0,0,0,0,0,0,0
2026-10-04T14:04:48Z,redis-cart,emailservice,0,0,0,0,0,0,0
2026-10-04T14:04:48Z,redis-cart,frontend,0,0,0,0,0,0,0
2026-10-04T14:04:48Z,redis-cart,kubernetes,0,0,0,0,0,0,0
2026-10-04T14:04:48Z,redis-cart,paymentservice,0,0,0,0,0,0,0
2026-10-04T14:04:48Z,redis-cart,productcatalogservice,0,0,0,0,0,0,0
2026-10-04T14:04:48Z,redis-cart,recommendationservice,0,0,0,0,0,0,0
2026-10-04T14:04:48Z,redis-cart,redis-cart,0,0,0,0,0,0,0
2026-10-04T14:04:48Z,redis-cart,shippingservice,0,0,0,0,0,0,0
2026-10-04T14:04:48Z,shippingservice,adservice,0,0,0,0,0,0,0
2026-10-04T14:04:48Z,shippingservice,cartservice,0,0,0,0,0,0,0
2026-10-04T14:04:48Z,shippingservice,checkoutservice,0,0,0,0,0,0,0
2026-10-04T14:04:48Z,shippingservice,currencyservice,0,0,0,0,0,0,0
2026-10-04T14:04:48Z,shippingservice,emailservice,0,0,0,0,0,0,0
2026-10-04T14:04:48Z,shippingservice,frontend,0,0,0,0,0,0,0
2026-10-04T14:04:48Z,shippingservice,kubernetes,0,0,0,0,0,0,0
2026-10-04T14:04:48Z,shippingservice,paymentservice,0,0,0,0,0,0,0
2026-10-04T14:04:48Z,shippingservice,productcatalogservice,0,0,0,0,0,0,0
2026-10-04T14:04:48Z,shippingservice,recommendationservice,0,0,0,0,0,0,0
2026-10-04T14:04:48Z,shippingservice,redis-cart,0,0,0,0,0,0,0
2026-10-04T14:04:48Z,shippingservice,shippingservice,0,0,0,0,0,0,0
2026-10-04T14:04:49Z,adservice,adservice,0,0,0,0,0,0,0
2026-10-04T14:04:49Z,adservice,cartservice,0,0,0,0,0,0,0
2026-10-04T14:04:49Z,adservice,checkoutservice,0,0,0,0,0,0,0
2026-10-04T14:04:49Z,adservice,currencyservice,0,0,0,0,0,0,0
2026-10-04T14:04:49Z,adservice,emailservice,0,0,0,0,0,0,0
2026-10-04T14:04:49Z,adservice,frontend,0,0,0,0,0,0,0
2026-10-04T14:04:49Z,adservice,kubernetes,0,0,0,0,0,0,0
2026-10-04T14:04:49Z,adservice,paymentservice,0,0,0,0,0,0,0
2026-10-04T14:04:49Z,adservice,productcatalogservice,0,0,0,0,0,0,0
2026-10-04T14:04:49Z,adservice,recommendationservice,0,0,0,0,0,0,0
2026-10-04T14:04:49Z,adservice,redis-cart,0,0,0,0,0,0,0
2026-10-04T14:04:49Z,adservice,shippingservice,0,0,0,0,0,0,0
2026-10-04T14:04:49Z,cartservice,adservice,0,0,0,0,0,0,0
2026-10-04T14:04:49Z,cartservice,cartservice,0,0,0,0,0,0,0
2026-10-04T14:04:49Z,cartservice,checkoutservice,0,0,0,0,0,0,0
2026-10-04T14:04:49Z,cartservice,currencyservice,0,0,0,0,0,0,0
2026-10-04T14:04:49Z,cartservice,emailservice,0,0,0,0,0,0,0
2026-10-04T14:04:49Z,cartservice,frontend,0,0,0,0,0,0,0
2026-10-04T14:04:49Z,cartservice,kubernetes,0,0,0,0,0,0,0
2026-10-04T14:04:49Z,cartservice,paymentservice,0,0,0,0,0,0,0
2026-10-04T14:04:49Z,cartservice,productcatalogservice,0,0,0,0,0,0,0
2026-10-04T14:04:49Z,cartservice,recommendationservice,0,0,0,0,0,0,0
2026-10-04T14:04:49Z,cartservice,redis-cart,2,0,0,0,0,0,0
2026-10-04T14:04:49Z,cartservice,shippingservice,0,0,0,0,0,0,0
2026-10-04T14:04:49Z,checkoutservice,adservice,0,0,0,0,0,0,0
2026-10-04T14:04:49Z,checkoutservice,cartservice,15071,14720,0,52,0,181388,14161
2026-10-04T14:04:49Z,checkoutservice,checkoutservice,0,0,0,0,0,0,0
2026-10-04T14:04:49Z,checkoutservice,currencyservice,10714,10677,0,0,0,154696,10544
2026-10-04T14:04:49Z,checkoutservice,emailservice,2393,2243,0,38,0,111843,2243
2026-10-04T14:04:49Z,checkoutservice,frontend,0,0,0,0,0,0,0
2026-10-04T14:04:49Z,checkoutservice,kubernetes,0,0,0,0,0,0,0
2026-10-04T14:04:49Z,checkoutservice,paymentservice,9317,8815,0,48,0,137732,8783
2026-10-04T14:04:49Z,checkoutservice,productcatalogservice,0,0,0,0,0,0,0
2026-10-04T14:04:49Z,checkoutservice,recommendationservice,0,0,0,0,0,0,0
2026-10-04T14:04:49Z,checkoutservice,redis-cart,0,0,0,0,0,0,0
2026-10-04T14:04:49Z,checkoutservice,shippingservice,16938,16265,0,56,0,148787,15998
2026-10-04T14:04:49Z,currencyservice,adservice,0,0,0,0,0,0,0
2026-10-04T14:04:49Z,currencyservice,cartservice,0,0,0,0,0,0,0
2026-10-04T14:04:49Z,currencyservice,checkoutservice,0,0,0,0,0,0,0
2026-10-04T14:04:49Z,currencyservice,currencyservice,0,0,0,0,0,0,0
2026-10-04T14:04:49Z,currencyservice,emailservice,0,0,0,0,0,0,0
2026-10-04T14:04:49Z,currencyservice,frontend,0,0,0,0,0,0,0
2026-10-04T14:04:49Z,currencyservice,kubernetes,0,0,0,0,0,0,0
2026-10-04T14:04:49Z,currencyservice,paymentservice,0,0,0,0,0,0,0
2026-10-04T14:04:49Z,currencyservice,productcatalogservice,0,0,0,0,0,0,0
2026-10-04T14:04:49Z,currencyservice,recommendationservice,0,0,0,0,0,0,0
2026-10-04T14:04:49Z,currencyservice,redis-cart,0,0,0,0,0,0,0
2026-10-04T14:04:49Z,currencyservice,shippingservice,0,0,0,0,0,0,0
2026-10-04T14:04:49Z,emailservice,adservice,0,0,0,0,0,0,0
2026-10-04T14:04:49Z,emailservice,cartservice,0,0,0,0,0,0,0
2026-10-04T14:04:49Z,emailservice,checkoutservice,0,0,0,0,0,0,0
2026-10-04T14:04:49Z,emailservice,currencyservice,0,0,0,0,0,0,0
2026-10-04T14:04:49Z,emailservice,emailservice,0,0,0,0,0,0,0
2026-10-04T14:04:49Z,emailservice,frontend,0,0,0,0,0,0,0
2026-10-04T14:04:49Z,emailservice,kubernetes,0,0,0,0,0,0,0
2026-10-04T14:04:49Z,emailservice,paymentservice,0,0,0,0,0,0,0
2026-10-04T14:04:49Z,emailservice,productcatalogservice,0,0,0,0,0,0,0
2026-10-04T14:04:49Z,emailservice,recommendationservice,0,0,0,0,0,0,0
2026-10-04T14:04:49Z,emailservice,redis-cart,0,0,0,0,0,0,0
2026-10-04T14:04:49Z,emailservice,shippingservice,0,0,0,0,0,0,0
2026-10-04T14:04:49Z,frontend,adservice,791957,791953,0,0,0,2385963,791715
2026-10-04T14:04:49Z,frontend,cartservice,1762003,1761990,0,0,4,9801030,1761519
2026-10-04T14:04:49Z,frontend,checkoutservice,366758,177118,0,35952,153492,57477691,177086
2026-10-04T14:04:49Z,frontend,currencyservice,2801762,2801751,0,0,0,14864323,2800979
2026-10-04T14:04:49Z,frontend,emailservice,0,0,0,0,0,0,0
2026-10-04T14:04:49Z,frontend,frontend,0,0,0,0,0,0,0
2026-10-04T14:04:49Z,frontend,kubernetes,0,0,0,0,0,0,0
2026-10-04T14:04:49Z,frontend,paymentservice,0,0,0,0,0,0,0
2026-10-04T14:04:49Z,frontend,productcatalogservice,7851588,7851496,0,0,0,53519501,7848991
2026-10-04T14:04:49Z,frontend,recommendationservice,2554168,1554878,0,104145,892890,772890510,1554441
2026-10-04T14:04:49Z,frontend,redis-cart,0,0,0,0,0,0,0
2026-10-04T14:04:49Z,frontend,shippingservice,290521,290516,0,0,0,879836,290399
2026-10-04T14:04:49Z,paymentservice,adservice,0,0,0,0,0,0,0
2026-10-04T14:04:49Z,paymentservice,cartservice,0,0,0,0,0,0,0
2026-10-04T14:04:49Z,paymentservice,checkoutservice,0,0,0,0,0,0,0
2026-10-04T14:04:49Z,paymentservice,currencyservice,0,0,0,0,0,0,0
2026-10-04T14:04:49Z,paymentservice,emailservice,0,0,0,0,0,0,0
2026-10-04T14:04:49Z,paymentservice,frontend,0,0,0,0,0,0,0
2026-10-04T14:04:49Z,paymentservice,kubernetes,0,0,0,0,0,0,0
2026-10-04T14:04:49Z,paymentservice,paymentservice,0,0,0,0,0,0,0
2026-10-04T14:04:49Z,paymentservice,productcatalogservice,0,0,0,0,0,0,0
2026-10-04T14:04:49Z,paymentservice,recommendationservice,0,0,0,0,0,0,0
2026-10-04T14:04:49Z,paymentservice,redis-cart,0,0,0,0,0,0,0
2026-10-04T14:04:49Z,paymentservice,shippingservice,0,0,0,0,0,0,0
2026-10-04T14:04:49Z,productcatalogservice,adservice,0,0,0,0,0,0,0
2026-10-04T14:04:49Z,productcatalogservice,cartservice,0,0,0,0,0,0,0
2026-10-04T14:04:49Z,productcatalogservice,checkoutservice,0,0,0,0,0,0,0
2026-10-04T14:04:49Z,productcatalogservice,currencyservice,0,0,0,0,0,0,0
2026-10-04T14:04:49Z,productcatalogservice,emailservice,0,0,0,0,0,0,0
2026-10-04T14:04:49Z,productcatalogservice,frontend,0,0,0,0,0,0,0
2026-10-04T14:04:49Z,productcatalogservice,kubernetes,0,0,0,0,0,0,0
2026-10-04T14:04:49Z,productcatalogservice,paymentservice,0,0,0,0,0,0,0
2026-10-04T14:04:49Z,productcatalogservice,productcatalogservice,0,0,0,0,0,0,0
2026-10-04T14:04:49Z,productcatalogservice,recommendationservice,0,0,0,0,0,0,0
2026-10-04T14:04:49Z,productcatalogservice,redis-cart,0,0,0,0,0,0,0
2026-10-04T14:04:49Z,productcatalogservice,shippingservice,0,0,0,0,0,0,0
2026-10-04T14:04:49Z,recommendationservice,adservice,0,0,0,0,0,0,0
2026-10-04T14:04:49Z,recommendationservice,cartservice,0,0,0,0,0,0,0
2026-10-04T14:04:49Z,recommendationservice,checkoutservice,0,0,0,0,0,0,0
2026-10-04T14:04:49Z,recommendationservice,currencyservice,0,0,0,0,0,0,0
2026-10-04T14:04:49Z,recommendationservice,emailservice,0,0,0,0,0,0,0
2026-10-04T14:04:49Z,recommendationservice,frontend,0,0,0,0,0,0,0
2026-10-04T14:04:49Z,recommendationservice,kubernetes,0,0,0,0,0,0,0
2026-10-04T14:04:49Z,recommendationservice,paymentservice,0,0,0,0,0,0,0
2026-10-04T14:04:49Z,recommendationservice,productcatalogservice,30004,29994,0,0,0,211610,28106
2026-10-04T14:04:49Z,recommendationservice,recommendationservice,0,0,0,0,0,0,0
2026-10-04T14:04:49Z,recommendationservice,redis-cart,0,0,0,0,0,0,0
2026-10-04T14:04:49Z,recommendationservice,shippingservice,0,0,0,0,0,0,0
2026-10-04T14:04:49Z,redis-cart,adservice,0,0,0,0,0,0,0
2026-10-04T14:04:49Z,redis-cart,cartservice,0,0,0,0,0,0,0
2026-10-04T14:04:49Z,redis-cart,checkoutservice,0,0,0,0,0,0,0
2026-10-04T14:04:49Z,redis-cart,currencyservice,0,0,0,0,0,0,0
2026-10-04T14:04:49Z,redis-cart,emailservice,0,0,0,0,0,0,0
2026-10-04T14:04:49Z,redis-cart,frontend,0,0,0,0,0,0,0
2026-10-04T14:04:49Z,redis-cart,kubernetes,0,0,0,0,0,0,0
2026-10-04T14:04:49Z,redis-cart,paymentservice,0,0,0,0,0,0,0
2026-10-04T14:04:49Z,redis-cart,productcatalogservice,0,0,0,0,0,0,0
2026-10-04T14:04:49Z,redis-cart,recommendationservice,0,0,0,0,0,0,0
2026-10-04T14:04:49Z,redis-cart,redis-cart,0,0,0,0,0,0,0
2026-10-04T14:04:49Z,redis-cart,shippingservice,0,0,0,0,0,0,0
2026-10-04T14:04:49Z,shippingservice,adservice,0,0,0,0,0,0,0
2026-10-04T14:04:49Z,shippingservice,cartservice,0,0,0,0,0,0,0
2026-10-04T14:04:49Z,shippingservice,checkoutservice,0,0,0,0,0,0,0
2026-10-04T14:04:49Z,shippingservice,currencyservice,0,0,0,0,0,0,0
2026-10-04T14:04:49Z,shippingservice,emailservice,0,0,0,0,0,0,0
2026-10-04T14:04:49Z,shippingservice,frontend,0,0,0,0,0,0,0
2026-10-04T14:04:49Z,shippingservice,kubernetes,0,0,0,0,0,0,0
2026-10-04T14:04:49Z,shippingservice,paymentservice,0,0,0,0,0,0,0
2026-10-04T14:04:49Z,shippingservice,productcatalogservice,0,0,0,0,0,0,0
2026-10-04T14:04:49Z,shippingservice,recommendationservice,0,0,0,0,0,0,0
2026-10-04T14:04:49Z,shippingservice,redis-cart,0,0,0,0,0,0,0
2026-10-04T14:04:49Z,shippingservice,shippingservice,0,0,0,0,0,0,0
2026-10-04T14:04:50Z,adservice,adservice,0,0,0,0,0,0,0
2026-10-04T14:04:50Z,adservice,cartservice,0,0,0,0,0,0,0
2026-10-04T14:04:50Z,adservice,checkoutservice,0,0,0,0,0,0,0
2026-10-04T14:04:50Z,adservice,currencyservice,0,0,0,0,0,0,0
2026-10-04T14:04:50Z,adservice,emailservice,0,0,0,0,0,0,0
2026-10-04T14:04:50Z,adservice,frontend,0,0,0,0,0,0,0
2026-10-04T14:04:50Z,adservice,kubernetes,0,0,0,0,0,0,0
2026-10-04T14:04:50Z,adservice,paymentservice,0,0,0,0,0,0,0
2026-10-04T14:04:50Z,adservice,productcatalogservice,0,0,0,0,0,0,0
2026-10-04T14:04:50Z,adservice,recommendationservice,0,0,0,0,0,0,0
2026-10-04T14:04:50Z,adservice,redis-cart,0,0,0,0,0,0,0
2026-10-04T14:04:50Z,adservice,shippingservice,0,0,0,0,0,0,0
2026-10-04T14:04:50Z,cartservice,adservice,0,0,0,0,0,0,0
2026-10-04T14:04:50Z,cartservice,cartservice,0,0,0,0,0,0,0
2026-10-04T14:04:50Z,cartservice,checkoutservice,0,0,0,0,0,0,0
2026-10-04T14:04:50Z,cartservice,currencyservice,0,0,0,0,0,0,0
2026-10-04T14:04:50Z,cartservice,emailservice,0,0,0,0,0,0,0
2026-10-04T14:04:50Z,cartservice,frontend,0,0,0,0,0,0,0
2026-10-04T14:04:50Z,cartservice,kubernetes,0,0,0,0,0,0,0
2026-10-04T14:04:50Z,cartservice,paymentservice,0,0,0,0,0,0,0
2026-10-04T14:04:50Z,cartservice,productcatalogservice,0,0,0,0,0,0,0
2026-10-04T14:04:50Z,cartservice,recommendationservice,0,0,0,0,0,0,0
2026-10-04T14:04:50Z,cartservice,redis-cart,2,0,0,0,0,0,0
2026-10-04T14:04:50Z,cartservice,shippingservice,0,0,0,0,0,0,0
2026-10-04T14:04:50Z,checkoutservice,adservice,0,0,0,0,0,0,0
2026-10-04T14:04:50Z,checkoutservice,cartservice,15210,14871,0,52,0,181388,14161
2026-10-04T14:04:50Z,checkoutservice,checkoutservice,0,0,0,0,0,0,0
2026-10-04T14:04:50Z,checkoutservice,currencyservice,10810,10810,0,0,0,154696,10544
2026-10-04T14:04:50Z,checkoutservice,emailservice,2393,2243,0,38,0,111843,2243
2026-10-04T14:04:50Z,checkoutservice,frontend,0,0,0,0,0,0,0
2026-10-04T14:04:50Z,checkoutservice,kubernetes,0,0,0,0,0,0,0
2026-10-04T14:04:50Z,checkoutservice,paymentservice,9393,8891,0,48,0,137732,8783
2026-10-04T14:04:50Z,checkoutservice,productcatalogservice,0,0,0,0,0,0,0
2026-10-04T14:04:50Z,checkoutservice,recommendationservice,0,0,0,0,0,0,0
2026-10-04T14:04:50Z,checkoutservice,redis-cart,0,0,0,0,0,0,0
2026-10-04T14:04:50Z,checkoutservice,shippingservice,17056,16390,0,57,0,148787,15998
2026-10-04T14:04:50Z,currencyservice,adservice,0,0,0,0,0,0,0
2026-10-04T14:04:50Z,currencyservice,cartservice,0,0,0,0,0,0,0
2026-10-04T14:04:50Z,currencyservice,checkoutservice,0,0,0,0,0,0,0
2026-10-04T14:04:50Z,currencyservice,currencyservice,0,0,0,0,0,0,0
2026-10-04T14:04:50Z,currencyservice,emailservice,0,0,0,0,0,0,0
2026-10-04T14:04:50Z,currencyservice,frontend,0,0,0,0,0,0,0
2026-10-04T14:04:50Z,currencyservice,kubernetes,0,0,0,0,0,0,0
2026-10-04T14:04:50Z,currencyservice,paymentservice,0,0,0,0,0,0,0
2026-10-04T14:04:50Z,currencyservice,productcatalogservice,0,0,0,0,0,0,0
2026-10-04T14:04:50Z,currencyservice,recommendationservice,0,0,0,0,0,0,0
2026-10-04T14:04:50Z,currencyservice,redis-cart,0,0,0,0,0,0,0
2026-10-04T14:04:50Z,currencyservice,shippingservice,0,0,0,0,0,0,0
2026-10-04T14:04:50Z,emailservice,adservice,0,0,0,0,0,0,0
2026-10-04T14:04:50Z,emailservice,cartservice,0,0,0,0,0,0,0
2026-10-04T14:04:50Z,emailservice,checkoutservice,0,0,0,0,0,0,0
2026-10-04T14:04:50Z,emailservice,currencyservice,0,0,0,0,0,0,0
2026-10-04T14:04:50Z,emailservice,emailservice,0,0,0,0,0,0,0
2026-10-04T14:04:50Z,emailservice,frontend,0,0,0,0,0,0,0
2026-10-04T14:04:50Z,emailservice,kubernetes,0,0,0,0,0,0,0
2026-10-04T14:04:50Z,emailservice,paymentservice,0,0,0,0,0,0,0
2026-10-04T14:04:50Z,emailservice,productcatalogservice,0,0,0,0,0,0,0
2026-10-04T14:04:50Z,emailservice,recommendationservice,0,0,0,0,0,0,0
2026-10-04T14:04:50Z,emailservice,redis-cart,0,0,0,0,0,0,0
2026-10-04T14:04:50Z,emailservice,shippingservice,0,0,0,0,0,0,0
2026-10-04T14:04:50Z,frontend,adservice,792255,792252,0,0,0,2385963,791715
2026-10-04T14:04:50Z,frontend,cartservice,1762478,1762460,0,0,4,9801030,1761519
2026-10-04T14:04:50Z,frontend,checkoutservice,366972,177152,0,35980,153647,57477691,177086
2026-10-04T14:04:50Z,frontend,currencyservice,2802521,2802509,0,0,0,14864323,2800979
2026-10-04T14:04:50Z,frontend,emailservice,0,0,0,0,0,0,0
2026-10-04T14:04:50Z,frontend,frontend,0,0,0,0,0,0,0
2026-10-04T14:04:50Z,frontend,kubernetes,0,0,0,0,0,0,0
2026-10-04T14:04:50Z,frontend,paymentservice,0,0,0,0,0,0,0
2026-10-04T14:04:50Z,frontend,productcatalogservice,7854240,7854150,0,0,0,53519501,7848991
2026-10-04T14:04:50Z,frontend,recommendationservice,2554606,1555340,0,104145,892890,772890510,1554441
2026-10-04T14:04:50Z,frontend,redis-cart,0,0,0,0,0,0,0
2026-10-04T14:04:50Z,frontend,shippingservice,290625,290623,0,0,0,879836,290399
2026-10-04T14:04:50Z,paymentservice,adservice,0,0,0,0,0,0,0
2026-10-04T14:04:50Z,paymentservice,cartservice,0,0,0,0,0,0,0
2026-10-04T14:04:50Z,paymentservice,checkoutservice,0,0,0,0,0,0,0
2026-10-04T14:04:50Z,paymentservice,currencyservice,0,0,0,0,0,0,0
2026-10-04T14:04:50Z,paymentservice,emailservice,0,0,0,0,0,0,0
2026-10-04T14:04:50Z,paymentservice,frontend,0,0,0,0,0,0,0
2026-10-04T14:04:50Z,paymentservice,kubernetes,0,0,0,0,0,0,0
2026-10-04T14:04:50Z,paymentservice,paymentservice,0,0,0,0,0,0,0
2026-10-04T14:04:50Z,paymentservice,productcatalogservice,0,0,0,0,0,0,0
2026-10-04T14:04:50Z,paymentservice,recommendationservice,0,0,0,0,0,0,0
2026-10-04T14:04:50Z,paymentservice,redis-cart,0,0,0,0,0,0,0
2026-10-04T14:04:50Z,paymentservice,shippingservice,0,0,0,0,0,0,0
2026-10-04T14:04:50Z,productcatalogservice,adservice,0,0,0,0,0,0,0
2026-10-04T14:04:50Z,productcatalogservice,cartservice,0,0,0,0,0,0,0
2026-10-04T14:04:50Z,productcatalogservice,checkoutservice,0,0,0,0,0,0,0
2026-10-04T14:04:50Z,productcatalogservice,currencyservice,0,0,0,0,0,0,0
2026-10-04T14:04:50Z,productcatalogservice,emailservice,0,0,0,0,0,0,0
2026-10-04T14:04:50Z,productcatalogservice,frontend,0,0,0,0,0,0,0
2026-10-04T14:04:50Z,productcatalogservice,kubernetes,0,0,0,0,0,0,0
2026-10-04T14:04:50Z,productcatalogservice,paymentservice,0,0,0,0,0,0,0
2026-10-04T14:04:50Z,productcatalogservice,productcatalogservice,0,0,0,0,0,0,0
2026-10-04T14:04:50Z,productcatalogservice,recommendationservice,0,0,0,0,0,0,0
2026-10-04T14:04:50Z,productcatalogservice,redis-cart,0,0,0,0,0,0,0
2026-10-04T14:04:50Z,productcatalogservice,shippingservice,0,0,0,0,0,0,0
2026-10-04T14:04:50Z,recommendationservice,adservice,0,0,0,0,0,0,0
2026-10-04T14:04:50Z,recommendationservice,cartservice,0,0,0,0,0,0,0
2026-10-04T14:04:50Z,recommendationservice,checkoutservice,0,0,0,0,0,0,0
2026-10-04T14:04:50Z,recommendationservice,currencyservice,0,0,0,0,0,0,0
2026-10-04T14:04:50Z,recommendationservice,emailservice,0,0,0,0,0,0,0
2026-10-04T14:04:50Z,recommendationservice,frontend,0,0,0,0,0,0,0
2026-10-04T14:04:50Z,recommendationservice,kubernetes,0,0,0,0,0,0,0
2026-10-04T14:04:50Z,recommendationservice,paymentservice,0,0,0,0,0,0,0
2026-10-04T14:04:50Z,recommendationservice,productcatalogservice,30462,30452,0,0,0,230884,30270
2026-10-04T14:04:50Z,recommendationservice,recommendationservice,0,0,0,0,0,0,0
2026-10-04T14:04:50Z,recommendationservice,redis-cart,0,0,0,0,0,0,0
2026-10-04T14:04:50Z,recommendationservice,shippingservice,0,0,0,0,0,0,0
2026-10-04T14:04:50Z,redis-cart,adservice,0,0,0,0,0,0,0
2026-10-04T14:04:50Z,redis-cart,cartservice,0,0,0,0,0,0,0
2026-10-04T14:04:50Z,redis-cart,checkoutservice,0,0,0,0,0,0,0
2026-10-04T14:04:50Z,redis-cart,currencyservice,0,0,0,0,0,0,0
2026-10-04T14:04:50Z,redis-cart,emailservice,0,0,0,0,0,0,0
2026-10-04T14:04:50Z,redis-cart,frontend,0,0,0,0,0,0,0
2026-10-04T14:04:50Z,redis-cart,kubernetes,0,0,0,0,0,0,0
2026-10-04T14:04:50Z,redis-cart,paymentservice,0,0,0,0,0,0,0
2026-10-04T14:04:50Z,redis-cart,productcatalogservice,0,0,0,0,0,0,0
2026-10-04T14:04:50Z,redis-cart,recommendationservice,0,0,0,0,0,0,0
2026-10-04T14:04:50Z,redis-cart,redis-cart,0,0,0,0,0,0,0
2026-10-04T14:04:50Z,redis-cart,shippingservice,0,0,0,0,0,0,0
2026-10-04T14:04:50Z,shippingservice,adservice,0,0,0,0,0,0,0
2026-10-04T14:04:50Z,shippingservice,cartservice,0,0,0,0,0,0,0
2026-10-04T14:04:50Z,shippingservice,checkoutservice,0,0,0,0,0,0,0
2026-10-04T14:04:50Z,shippingservice,currencyservice,0,0,0,0,0,0,0
2026-10-04T14:04:50Z,shippingservice,emailservice,0,0,0,0,0,0,0
2026-10-04T14:04:50Z,shippingservice,frontend,0,0,0,0,0,0,0
2026-10-04T14:04:50Z,shippingservice,kubernetes,0,0,0,0,0,0,0
2026-10-04T14:04:50Z,shippingservice,paymentservice,0,0,0,0,0,0,0
2026-10-04T14:04:50Z,shippingservice,productcatalogservice,0,0,0,0,0,0,0
2026-10-04T14:04:50Z,shippingservice,recommendationservice,0,0,0,0,0,0,0
2026-10-04T14:04:50Z,shippingservice,redis-cart,0,0,0,0,0,0,0
2026-10-04T14:04:50Z,shippingservice,shippingservice,0,0,0,0,0,0,0
2026-10-04T14:04:51Z,adservice,adservice,0,0,0,0,0,0,0
2026-10-04T14:04:51Z,adservice,cartservice,0,0,0,0,0,0,0
2026-10-04T14:04:51Z,adservice,checkoutservice,0,0,0,0,0,0,0
2026-10-04T14:04:51Z,adservice,currencyservice,0,0,0,0,0,0,0
2026-10-04T14:04:51Z,adservice,emailservice,0,0,0,0,0,0,0
2026-10-04T14:04:51Z,adservice,frontend,0,0,0,0,0,0,0
2026-10-04T14:04:51Z,adservice,kubernetes,0,0,0,0,0,0,0
2026-10-04T14:04:51Z,adservice,paymentservice,0,0,0,0,0,0,0
2026-10-04T14:04:51Z,adservice,productcatalogservice,0,0,0,0,0,0,0
2026-10-04T14:04:51Z,adservice,recommendationservice,0,0,0,0,0,0,0
2026-10-04T14:04:51Z,adservice,redis-cart,0,0,0,0,0,0,0
2026-10-04T14:04:51Z,adservice,shippingservice,0,0,0,0,0,0,0
2026-10-04T14:04:51Z,cartservice,adservice,0,0,0,0,0,0,0
2026-10-04T14:04:51Z,cartservice,cartservice,0,0,0,0,0,0,0
2026-10-04T14:04:51Z,cartservice,checkoutservice,0,0,0,0,0,0,0
2026-10-04T14:04:51Z,cartservice,currencyservice,0,0,0,0,0,0,0
2026-10-04T14:04:51Z,cartservice,emailservice,0,0,0,0,0,0,0
2026-10-04T14:04:51Z,cartservice,frontend,0,0,0,0,0,0,0
2026-10-04T14:04:51Z,cartservice,kubernetes,0,0,0,0,0,0,0
2026-10-04T14:04:51Z,cartservice,paymentservice,0,0,0,0,0,0,0
2026-10-04T14:04:51Z,cartservice,productcatalogservice,0,0,0,0,0,0,0
2026-10-04T14:04:51Z,cartservice,recommendationservice,0,0,0,0,0,0,0
2026-10-04T14:04:51Z,cartservice,redis-cart,2,0,0,0,0,0,0
2026-10-04T14:04:51Z,cartservice,shippingservice,0,0,0,0,0,0,0
2026-10-04T14:04:51Z,checkoutservice,adservice,0,0,0,0,0,0,0
2026-10-04T14:04:51Z,checkoutservice,cartservice,15457,15084,0,52,0,181388,14161
2026-10-04T14:04:51Z,checkoutservice,checkoutservice,0,0,0,0,0,0,0
2026-10-04T14:04:51Z,checkoutservice,currencyservice,10837,10832,0,0,0,154696,10544
2026-10-04T14:04:51Z,checkoutservice,emailservice,2393,2243,0,38,0,111843,2243
2026-10-04T14:04:51Z,checkoutservice,frontend,0,0,0,0,0,0,0
2026-10-04T14:04:51Z,checkoutservice,kubernetes,0,0,0,0,0,0,0
2026-10-04T14:04:51Z,checkoutservice,paymentservice,9393,8891,0,48,0,137732,8783
2026-10-04T14:04:51Z,checkoutservice,productcatalogservice,0,0,0,0,0,0,0
2026-10-04T14:04:51Z,checkoutservice,recommendationservice,0,0,0,0,0,0,0
2026-10-04T14:04:51Z,checkoutservice,redis-cart,0,0,0,0,0,0,0
2026-10-04T14:04:51Z,checkoutservice,shippingservice,17121,16441,0,57,0,148787,15998
2026-10-04T14:04:51Z,currencyservice,adservice,0,0,0,0,0,0,0
2026-10-04T14:04:51Z,currencyservice,cartservice,0,0,0,0,0,0,0
2026-10-04T14:04:51Z,currencyservice,checkoutservice,0,0,0,0,0,0,0
2026-10-04T14:04:51Z,currencyservice,currencyservice,0,0,0,0,0,0,0
2026-10-04T14:04:51Z,currencyservice,emailservice,0,0,0,0,0,0,0
2026-10-04T14:04:51Z,currencyservice,frontend,0,0,0,0,0,0,0
2026-10-04T14:04:51Z,currencyservice,kubernetes,0,0,0,0,0,0,0
2026-10-04T14:04:51Z,currencyservice,paymentservice,0,0,0,0,0,0,0
2026-10-04T14:04:51Z,currencyservice,productcatalogservice,0,0,0,0,0,0,0
2026-10-04T14:04:51Z,currencyservice,recommendationservice,0,0,0,0,0,0,0
2026-10-04T14:04:51Z,currencyservice,redis-cart,0,0,0,0,0,0,0
2026-10-04T14:04:51Z,currencyservice,shippingservice,0,0,0,0,0,0,0
2026-10-04T14:04:51Z,emailservice,adservice,0,0,0,0,0,0,0
2026-10-04T14:04:51Z,emailservice,cartservice,0,0,0,0,0,0,0
2026-10-04T14:04:51Z,emailservice,checkoutservice,0,0,0,0,0,0,0
2026-10-04T14:04:51Z,emailservice,currencyservice,0,0,0,0,0,0,0
2026-10-04T14:04:51Z,emailservice,emailservice,0,0,0,0,0,0,0
2026-10-04T14:04:51Z,emailservice,frontend,0,0,0,0,0,0,0
2026-10-04T14:04:51Z,emailservice,kubernetes,0,0,0,0,0,0,0
2026-10-04T14:04:51Z,emailservice,paymentservice,0,0,0,0,0,0,0
2026-10-04T14:04:51Z,emailservice,productcatalogservice,0,0,0,0,0,0,0
2026-10-04T14:04:51Z,emailservice,recommendationservice,0,0,0,0,0,0,0
2026-10-04T14:04:51Z,emailservice,redis-cart,0,0,0,0,0,0,0
2026-10-04T14:04:51Z,emailservice,shippingservice,0,0,0,0,0,0,0
2026-10-04T14:04:51Z,frontend,adservice,792524,792521,0,0,0,2385963,791715
2026-10-04T14:04:51Z,frontend,cartservice,1762938,1762919,0,0,4,9801030,1761519
2026-10-04T14:04:51Z,frontend,checkoutservice,367158,177190,0,36010,153771,57477691,177086
2026-10-04T14:04:51Z,frontend,currencyservice,2803254,2803241,0,0,0,14864323,2800979
2026-10-04T14:04:51Z,frontend,emailservice,0,0,0,0,0,0,0
2026-10-04T14:04:51Z,frontend,frontend,0,0,0,0,0,0,0
2026-10-04T14:04:51Z,frontend,kubernetes,0,0,0,0,0,0,0
2026-10-04T14:04:51Z,frontend,paymentservice,0,0,0,0,0,0,0
2026-10-04T14:04:51Z,frontend,productcatalogservice,7856754,7856668,0,0,0,53519501,7848991
2026-10-04T14:04:51Z,frontend,recommendationservice,2555038,1555768,0,104145,892890,772890510,1554441
2026-10-04T14:04:51Z,frontend,redis-cart,0,0,0,0,0,0,0
2026-10-04T14:04:51Z,frontend,shippingservice,290725,290723,0,0,0,879836,290399
2026-10-04T14:04:51Z,paymentservice,adservice,0,0,0,0,0,0,0
2026-10-04T14:04:51Z,paymentservice,cartservice,0,0,0,0,0,0,0
2026-10-04T14:04:51Z,paymentservice,checkoutservice,0,0,0,0,0,0,0
2026-10-04T14:04:51Z,paymentservice,currencyservice,0,0,0,0,0,0,0
2026-10-04T14:04:51Z,paymentservice,emailservice,0,0,0,0,0,0,0
2026-10-04T14:04:51Z,paymentservice,frontend,0,0,0,0,0,0,0
2026-10-04T14:04:51Z,paymentservice,kubernetes,0,0,0,0,0,0,0
2026-10-04T14:04:51Z,paymentservice,paymentservice,0,0,0,0,0,0,0
2026-10-04T14:04:51Z,paymentservice,productcatalogservice,0,0,0,0,0,0,0
2026-10-04T14:04:51Z,paymentservice,recommendationservice,0,0,0,0,0,0,0
2026-10-04T14:04:51Z,paymentservice,redis-cart,0,0,0,0,0,0,0
2026-10-04T14:04:51Z,paymentservice,shippingservice,0,0,0,0,0,0,0
2026-10-04T14:04:51Z,productcatalogservice,adservice,0,0,0,0,0,0,0
2026-10-04T14:04:51Z,productcatalogservice,cartservice,0,0,0,0,0,0,0
2026-10-04T14:04:51Z,productcatalogservice,checkoutservice,0,0,0,0,0,0,0
2026-10-04T14:04:51Z,productcatalogservice,currencyservice,0,0,0,0,0,0,0
2026-10-04T14:04:51Z,productcatalogservice,emailservice,0,0,0,0,0,0,0
2026-10-04T14:04:51Z,productcatalogservice,frontend,0,0,0,0,0,0,0
2026-10-04T14:04:51Z,productcatalogservice,kubernetes,0,0,0,0,0,0,0
2026-10-04T14:04:51Z,productcatalogservice,paymentservice,0,0,0,0,0,0,0
2026-10-04T14:04:51Z,productcatalogservice,productcatalogservice,0,0,0,0,0,0,0
2026-10-04T14:04:51Z,productcatalogservice,recommendationservice,0,0,0,0,0,0,0
2026-10-04T14:04:51Z,productcatalogservice,redis-cart,0,0,0,0,0,0,0
2026-10-04T14:04:51Z,productcatalogservice,shippingservice,0,0,0,0,0,0,0
2026-10-04T14:04:51Z,recommendationservice,adservice,0,0,0,0,0,0,0
2026-10-04T14:04:51Z,recommendationservice,cartservice,0,0,0,0,0,0,0
2026-10-04T14:04:51Z,recommendationservice,checkoutservice,0,0,0,0,0,0,0
2026-10-04T14:04:51Z,recommendationservice,currencyservice,0,0,0,0,0,0,0
2026-10-04T14:04:51Z,recommendationservice,emailservice,0,0,0,0,0,0,0
2026-10-04T14:04:51Z,recommendationservice,frontend,0,0,0,0,0,0,0
2026-10-04T14:04:51Z,recommendationservice,kubernetes,0,0,0,0,0,0,0
2026-10-04T14:04:51Z,recommendationservice,paymentservice,0,0,0,0,0,0,0
2026-10-04T14:04:51Z,recommendationservice,productcatalogservice,30910,30900,0,0,0,230884,30270
2026-10-04T14:04:51Z,recommendationservice,recommendationservice,0,0,0,0,0,0,0
2026-10-04T14:04:51Z,recommendationservice,redis-cart,0,0,0,0,0,0,0
2026-10-04T14:04:51Z,recommendationservice,shippingservice,0,0,0,0,0,0,0
2026-10-04T14:04:51Z,redis-cart,adservice,0,0,0,0,0,0,0
2026-10-04T14:04:51Z,redis-cart,cartservice,0,0,0,0,0,0,0
2026-10-04T14:04:51Z,redis-cart,checkoutservice,0,0,0,0,0,0,0
2026-10-04T14:04:51Z,redis-cart,currencyservice,0,0,0,0,0,0,0
2026-10-04T14:04:51Z,redis-cart,emailservice,0,0,0,0,0,0,0
2026-10-04T14:04:51Z,redis-cart,frontend,0,0,0,0,0,0,0
2026-10-04T14:04:51Z,redis-cart,kubernetes,0,0,0,0,0,0,0
2026-10-04T14:04:51Z,redis-cart,paymentservice,0,0,0,0,0,0,0
2026-10-04T14:04:51Z,redis-cart,productcatalogservice,0,0,0,0,0,0,0
2026-10-04T14:04:51Z,redis-cart,recommendationservice,0,0,0,0,0,0,0
2026-10-04T14:04:51Z,redis-cart,redis-cart,0,0,0,0,0,0,0
2026-10-04T14:04:51Z,redis-cart,shippingservice,0,0,0,0,0,0,0
2026-10-04T14:04:51Z,shippingservice,adservice,0,0,0,0,0,0,0
2026-10-04T14:04:51Z,shippingservice,cartservice,0,0,0,0,0,0,0
2026-10-04T14:04:51Z,shippingservice,checkoutservice,0,0,0,0,0,0,0
2026-10-04T14:04:51Z,shippingservice,currencyservice,0,0,0,0,0,0,0
2026-10-04T14:04:51Z,shippingservice,emailservice,0,0,0,0,0,0,0
2026-10-04T14:04:51Z,shippingservice,frontend,0,0,0,0,0,0,0
2026-10-04T14:04:51Z,shippingservice,kubernetes,0,0,0,0,0,0,0
2026-10-04T14:04:51Z,shippingservice,paymentservice,0,0,0,0,0,0,0
2026-10-04T14:04:51Z,shippingservice,productcatalogservice,0,0,0,0,0,0,0
2026-10-04T14:04:51Z,shippingservice,recommendationservice,0,0,0,0,0,0,0
2026-10-04T14:04:51Z,shippingservice,redis-cart,0,0,0,0,0,0,0
2026-10-04T14:04:51Z,shippingservice,shippingservice,0,0,0,0,0,0,0
2026-10-04T14:04:52Z,adservice,adservice,0,0,0,0,0,0,0
2026-10-04T14:04:52Z,adservice,cartservice,0,0,0,0,0,0,0
2026-10-04T14:04:52Z,adservice,checkoutservice,0,0,0,0,0,0,0
2026-10-04T14:04:52Z,adservice,currencyservice,0,0,0,0,0,0,0
2026-10-04T14:04:52Z,adservice,emailservice,0,0,0,0,0,0,0
2026-10-04T14:04:52Z,adservice,frontend,0,0,0,0,0,0,0
2026-10-04T14:04:52Z,adservice,kubernetes,0,0,0,0,0,0,0
2026-10-04T14:04:52Z,adservice,paymentservice,0,0,0,0,0,0,0
2026-10-04T14:04:52Z,adservice,productcatalogservice,0,0,0,0,0,0,0
2026-10-04T14:04:52Z,adservice,recommendationservice,0,0,0,0,0,0,0
2026-10-04T14:04:52Z,adservice,redis-cart,0,0,0,0,0,0,0
2026-10-04T14:04:52Z,adservice,shippingservice,0,0,0,0,0,0,0
2026-10-04T14:04:52Z,cartservice,adservice,0,0,0,0,0,0,0
2026-10-04T14:04:52Z,cartservice,cartservice,0,0,0,0,0,0,0
2026-10-04T14:04:52Z,cartservice,checkoutservice,0,0,0,0,0,0,0
2026-10-04T14:04:52Z,cartservice,currencyservice,0,0,0,0,0,0,0
2026-10-04T14:04:52Z,cartservice,emailservice,0,0,0,0,0,0,0
2026-10-04T14:04:52Z,cartservice,frontend,0,0,0,0,0,0,0
2026-10-04T14:04:52Z,cartservice,kubernetes,0,0,0,0,0,0,0
2026-10-04T14:04:52Z,cartservice,paymentservice,0,0,0,0,0,0,0
2026-10-04T14:04:52Z,cartservice,productcatalogservice,0,0,0,0,0,0,0
2026-10-04T14:04:52Z,cartservice,recommendationservice,0,0,0,0,0,0,0
2026-10-04T14:04:52Z,cartservice,redis-cart,2,0,0,0,0,0,0
2026-10-04T14:04:52Z,cartservice,shippingservice,0,0,0,0,0,0,0
2026-10-04T14:04:52Z,checkoutservice,adservice,0,0,0,0,0,0,0
2026-10-04T14:04:52Z,checkoutservice,cartservice,15628,15288,0,52,0,198182,15180
2026-10-04T14:04:52Z,checkoutservice,checkoutservice,0,0,0,0,0,0,0
2026-10-04T14:04:52Z,checkoutservice,currencyservice,10974,10974,0,0,0,161767,10922
2026-10-04T14:04:52Z,checkoutservice,emailservice,2393,2243,0,38,0,111843,2243
2026-10-04T14:04:52Z,checkoutservice,frontend,0,0,0,0,0,0,0
2026-10-04T14:04:52Z,checkoutservice,kubernetes,0,0,0,0,0,0,0
2026-10-04T14:04:52Z,checkoutservice,paymentservice,9447,8935,0,50,0,139405,8897
2026-10-04T14:04:52Z,checkoutservice,productcatalogservice,0,0,0,0,0,0,0
2026-10-04T14:04:52Z,checkoutservice,recommendationservice,0,0,0,0,0,0,0
2026-10-04T14:04:52Z,checkoutservice,redis-cart,0,0,0,0,0,0,0
2026-10-04T14:04:52Z,checkoutservice,shippingservice,17285,16594,0,57,0,154671,16537
2026-10-04T14:04:52Z,currencyservice,adservice,0,0,0,0,0,0,0
2026-10-04T14:04:52Z,currencyservice,cartservice,0,0,0,0,0,0,0
2026-10-04T14:04:52Z,currencyservice,checkoutservice,0,0,0,0,0,0,0
2026-10-04T14:04:52Z,currencyservice,currencyservice,0,0,0,0,0,0,0
2026-10-04T14:04:52Z,currencyservice,emailservice,0,0,0,0,0,0,0
2026-10-04T14:04:52Z,currencyservice,frontend,0,0,0,0,0,0,0
2026-10-04T14:04:52Z,currencyservice,kubernetes,0,0,0,0,0,0,0
2026-10-04T14:04:52Z,currencyservice,paymentservice,0,0,0,0,0,0,0
2026-10-04T14:04:52Z,currencyservice,productcatalogservice,0,0,0,0,0,0,0
2026-10-04T14:04:52Z,currencyservice,recommendationservice,0,0,0,0,0,0,0
2026-10-04T14:04:52Z,currencyservice,redis-cart,0,0,0,0,0,0,0
2026-10-04T14:04:52Z,currencyservice,shippingservice,0,0,0,0,0,0,0
2026-10-04T14:04:52Z,emailservice,adservice,0,0,0,0,0,0,0
2026-10-04T14:04:52Z,emailservice,cartservice,0,0,0,0,0,0,0
2026-10-04T14:04:52Z,emailservice,checkoutservice,0,0,0,0,0,0,0
2026-10-04T14:04:52Z,emailservice,currencyservice,0,0,0,0,0,0,0
2026-10-04T14:04:52Z,emailservice,emailservice,0,0,0,0,0,0,0
2026-10-04T14:04:52Z,emailservice,frontend,0,0,0,0,0,0,0
2026-10-04T14:04:52Z,emailservice,kubernetes,0,0,0,0,0,0,0
2026-10-04T14:04:52Z,emailservice,paymentservice,0,0,0,0,0,0,0
2026-10-04T14:04:52Z,emailservice,productcatalogservice,0,0,0,0,0,0,0
2026-10-04T14:04:52Z,emailservice,recommendationservice,0,0,0,0,0,0,0
2026-10-04T14:04:52Z,emailservice,redis-cart,0,0,0,0,0,0,0
2026-10-04T14:04:52Z,emailservice,shippingservice,0,0,0,0,0,0,0
2026-10-04T14:04:52Z,frontend,adservice,792818,792814,0,0,0,2385963,791715
2026-10-04T14:04:52Z,frontend,cartservice,1763413,1763400,0,0,4,9801030,1761519
2026-10-04T14:04:52Z,frontend,checkoutservice,367366,177223,0,36034,153917,57477691,177086
2026-10-04T14:04:52Z,frontend,currencyservice,2804021,2804009,0,0,0,14864323,2800979
2026-10-04T14:04:52Z,frontend,emailservice,0,0,0,0,0,0,0
2026-10-04T14:04:52Z,frontend,frontend,0,0,0,0,0,0,0
2026-10-04T14:04:52Z,frontend,kubernetes,0,0,0,0,0,0,0
2026-10-04T14:04:52Z,frontend,paymentservice,0,0,0,0,0,0,0
2026-10-04T14:04:52Z,frontend,productcatalogservice,7859425,7859334,0,0,0,53519501,7848991
2026-10-04T14:04:52Z,frontend,recommendationservice,2555485,1556228,0,104145,892890,772890510,1554441
2026-10-04T14:04:52Z,frontend,redis-cart,0,0,0,0,0,0,0
2026-10-04T14:04:52Z,frontend,shippingservice,290824,290822,0,0,0,879836,290399
2026-10-04T14:04:52Z,paymentservice,adservice,0,0,0,0,0,0,0
2026-10-04T14:04:52Z,paymentservice,cartservice,0,0,0,0,0,0,0
2026-10-04T14:04:52Z,paymentservice,checkoutservice,0,0,0,0,0,0,0
2026-10-04T14:04:52Z,paymentservice,currencyservice,0,0,0,0,0,0,0
2026-10-04T14:04:52Z,paymentservice,emailservice,0,0,0,0,0,0,0
2026-10-04T14:04:52Z,paymentservice,frontend,0,0,0,0,0,0,0
2026-10-04T14:04:52Z,paymentservice,kubernetes,0,0,0,0,0,0,0
2026-10-04T14:04:52Z,paymentservice,paymentservice,0,0,0,0,0,0,0
2026-10-04T14:04:52Z,paymentservice,productcatalogservice,0,0,0,0,0,0,0
2026-10-04T14:04:52Z,paymentservice,recommendationservice,0,0,0,0,0,0,0
2026-10-04T14:04:52Z,paymentservice,redis-cart,0,0,0,0,0,0,0
2026-10-04T14:04:52Z,paymentservice,shippingservice,0,0,0,0,0,0,0
2026-10-04T14:04:52Z,productcatalogservice,adservice,0,0,0,0,0,0,0
2026-10-04T14:04:52Z,productcatalogservice,cartservice,0,0,0,0,0,0,0
2026-10-04T14:04:52Z,productcatalogservice,checkoutservice,0,0,0,0,0,0,0
2026-10-04T14:04:52Z,productcatalogservice,currencyservice,0,0,0,0,0,0,0
2026-10-04T14:04:52Z,productcatalogservice,emailservice,0,0,0,0,0,0,0
2026-10-04T14:04:52Z,productcatalogservice,frontend,0,0,0,0,0,0,0
2026-10-04T14:04:52Z,productcatalogservice,kubernetes,0,0,0,0,0,0,0
2026-10-04T14:04:52Z,productcatalogservice,paymentservice,0,0,0,0,0,0,0
2026-10-04T14:04:52Z,productcatalogservice,productcatalogservice,0,0,0,0,0,0,0
2026-10-04T14:04:52Z,productcatalogservice,recommendationservice,0,0,0,0,0,0,0
2026-10-04T14:04:52Z,productcatalogservice,redis-cart,0,0,0,0,0,0,0
2026-10-04T14:04:52Z,productcatalogservice,shippingservice,0,0,0,0,0,0,0
2026-10-04T14:04:52Z,recommendationservice,adservice,0,0,0,0,0,0,0
2026-10-04T14:04:52Z,recommendationservice,cartservice,0,0,0,0,0,0,0
2026-10-04T14:04:52Z,recommendationservice,checkoutservice,0,0,0,0,0,0,0
2026-10-04T14:04:52Z,recommendationservice,currencyservice,0,0,0,0,0,0,0
2026-10-04T14:04:52Z,recommendationservice,emailservice,0,0,0,0,0,0,0
2026-10-04T14:04:52Z,recommendationservice,frontend,0,0,0,0,0,0,0
2026-10-04T14:04:52Z,recommendationservice,kubernetes,0,0,0,0,0,0,0
2026-10-04T14:04:52Z,recommendationservice,paymentservice,0,0,0,0,0,0,0
2026-10-04T14:04:52Z,recommendationservice,productcatalogservice,31341,31339,0,0,0,230884,30270
2026-10-04T14:04:52Z,recommendationservice,recommendationservice,0,0,0,0,0,0,0
2026-10-04T14:04:52Z,recommendationservice,redis-cart,0,0,0,0,0,0,0
2026-10-04T14:04:52Z,recommendationservice,shippingservice,0,0,0,0,0,0,0
2026-10-04T14:04:52Z,redis-cart,adservice,0,0,0,0,0,0,0
2026-10-04T14:04:52Z,redis-cart,cartservice,0,0,0,0,0,0,0
2026-10-04T14:04:52Z,redis-cart,checkoutservice,0,0,0,0,0,0,0
2026-10-04T14:04:52Z,redis-cart,currencyservice,0,0,0,0,0,0,0
2026-10-04T14:04:52Z,redis-cart,emailservice,0,0,0,0,0,0,0
2026-10-04T14:04:52Z,redis-cart,frontend,0,0,0,0,0,0,0
2026-10-04T14:04:52Z,redis-cart,kubernetes,0,0,0,0,0,0,0
2026-10-04T14:04:52Z,redis-cart,paymentservice,0,0,0,0,0,0,0
2026-10-04T14:04:52Z,redis-cart,productcatalogservice,0,0,0,0,0,0,0
2026-10-04T14:04:52Z,redis-cart,recommendationservice,0,0,0,0,0,0,0
2026-10-04T14:04:52Z,redis-cart,redis-cart,0,0,0,0,0,0,0
2026-10-04T14:04:52Z,redis-cart,shippingservice,0,0,0,0,0,0,0
2026-10-04T14:04:52Z,shippingservice,adservice,0,0,0,0,0,0,0
2026-10-04T14:04:52Z,shippingservice,cartservice,0,0,0,0,0,0,0
2026-10-04T14:04:52Z,shippingservice,checkoutservice,0,0,0,0,0,0,0
2026-10-04T14:04:52Z,shippingservice,currencyservice,0,0,0,0,0,0,0
2026-10-04T14:04:52Z,shippingservice,emailservice,0,0,0,0,0,0,0
2026-10-04T14:04:52Z,shippingservice,frontend,0,0,0,0,0,0,0
2026-10-04T14:04:52Z,shippingservice,kubernetes,0,0,0,0,0,0,0
2026-10-04T14:04:52Z,shippingservice,paymentservice,0,0,0,0,0,0,0
2026-10-04T14:04:52Z,shippingservice,productcatalogservice,0,0,0,0,0,0,0
2026-10-04T14:04:52Z,shippingservice,recommendationservice,0,0,0,0,0,0,0
2026-10-04T14:04:52Z,shippingservice,redis-cart,0,0,0,0,0,0,0
2026-10-04T14:04:52Z,shippingservice,shippingservice,0,0,0,0,0,0,0
2026-10-04T14:04:53Z,adservice,adservice,0,0,0,0,0,0,0
2026-10-04T14:04:53Z,adservice,cartservice,0,0,0,0,0,0,0
2026-10-04T14:04:53Z,adservice,checkoutservice,0,0,0,0,0,0,0
2026-10-04T14:04:53Z,adservice,currencyservice,0,0,0,0,0,0,0
2026-10-04T14:04:53Z,adservice,emailservice,0,0,0,0,0,0,0
2026-10-04T14:04:53Z,adservice,frontend,0,0,0,0,0,0,0
2026-10-04T14:04:53Z,adservice,kubernetes,0,0,0,0,0,0,0
2026-10-04T14:04:53Z,adservice,paymentservice,0,0,0,0,0,0,0
2026-10-04T14:04:53Z,adservice,productcatalogservice,0,0,0,0,0,0,0
2026-10-04T14:04:53Z,adservice,recommendationservice,0,0,0,0,0,0,0
2026-10-04T14:04:53Z,adservice,redis-cart,0,0,0,0,0,0,0
2026-10-04T14:04:53Z,adservice,shippingservice,0,0,0,0,0,0,0
2026-10-04T14:04:53Z,cartservice,adservice,0,0,0,0,0,0,0
2026-10-04T14:04:53Z,cartservice,cartservice,0,0,0,0,0,0,0
2026-10-04T14:04:53Z,cartservice,checkoutservice,0,0,0,0,0,0,0
2026-10-04T14:04:53Z,cartservice,currencyservice,0,0,0,0,0,0,0
2026-10-04T14:04:53Z,cartservice,emailservice,0,0,0,0,0,0,0
2026-10-04T14:04:53Z,cartservice,frontend,0,0,0,0,0,0,0
2026-10-04T14:04:53Z,cartservice,kubernetes,0,0,0,0,0,0,0
2026-10-04T14:04:53Z,cartservice,paymentservice,0,0,0,0,0,0,0
2026-10-04T14:04:53Z,cartservice,productcatalogservice,0,0,0,0,0,0,0
2026-10-04T14:04:53Z,cartservice,recommendationservice,0,0,0,0,0,0,0
2026-10-04T14:04:53Z,cartservice,redis-cart,2,0,0,0,0,0,0
2026-10-04T14:04:53Z,cartservice,shippingservice,0,0,0,0,0,0,0
2026-10-04T14:04:53Z,checkoutservice,adservice,0,0,0,0,0,0,0
2026-10-04T14:04:53Z,checkoutservice,cartservice,15863,15489,0,52,0,198182,15180
2026-10-04T14:04:53Z,checkoutservice,checkoutservice,0,0,0,0,0,0,0
2026-10-04T14:04:53Z,checkoutservice,currencyservice,11036,11024,0,0,0,161767,10922
2026-10-04T14:04:53Z,checkoutservice,emailservice,2393,2243,0,38,0,111843,2243
2026-10-04T14:04:53Z,checkoutservice,frontend,0,0,0,0,0,0,0
2026-10-04T14:04:53Z,checkoutservice,kubernetes,0,0,0,0,0,0,0
2026-10-04T14:04:53Z,checkoutservice,paymentservice,9447,8935,0,50,0,139405,8897
2026-10-04T14:04:53Z,checkoutservice,productcatalogservice,0,0,0,0,0,0,0
2026-10-04T14:04:53Z,checkoutservice,recommendationservice,0,0,0,0,0,0,0
2026-10-04T14:04:53Z,checkoutservice,redis-cart,0,0,0,0,0,0,0
2026-10-04T14:04:53Z,checkoutservice,shippingservice,17412,16671,0,58,0,154671,16537
2026-10-04T14:04:53Z,currencyservice,adservice,0,0,0,0,0,0,0
2026-10-04T14:04:53Z,currencyservice,cartservice,0,0,0,0,0,0,0
2026-10-04T14:04:53Z,currencyservice,checkoutservice,0,0,0,0,0,0,0
2026-10-04T14:04:53Z,currencyservice,currencyservice,0,0,0,0,0,0,0
2026-10-04T14:04:53Z,currencyservice,emailservice,0,0,0,0,0,0,0
2026-10-04T14:04:53Z,currencyservice,frontend,0,0,0,0,0,0,0
2026-10-04T14:04:53Z,currencyservice,kubernetes,0,0,0,0,0,0,0
2026-10-04T14:04:53Z,currencyservice,paymentservice,0,0,0,0,0,0,0
2026-10-04T14:04:53Z,currencyservice,productcatalogservice,0,0,0,0,0,0,0
2026-10-04T14:04:53Z,currencyservice,recommendationservice,0,0,0,0,0,0,0
2026-10-04T14:04:53Z,currencyservice,redis-cart,0,0,0,0,0,0,0
2026-10-04T14:04:53Z,currencyservice,shippingservice,0,0,0,0,0,0,0
2026-10-04T14:04:53Z,emailservice,adservice,0,0,0,0,0,0,0
2026-10-04T14:04:53Z,emailservice,cartservice,0,0,0,0,0,0,0
2026-10-04T14:04:53Z,emailservice,checkoutservice,0,0,0,0,0,0,0
2026-10-04T14:04:53Z,emailservice,currencyservice,0,0,0,0,0,0,0
2026-10-04T14:04:53Z,emailservice,emailservice,0,0,0,0,0,0,0
2026-10-04T14:04:53Z,emailservice,frontend,0,0,0,0,0,0,0
2026-10-04T14:04:53Z,emailservice,kubernetes,0,0,0,0,0,0,0
2026-10-04T14:04:53Z,emailservice,paymentservice,0,0,0,0,0,0,0
2026-10-04T14:04:53Z,emailservice,productcatalogservice,0,0,0,0,0,0,0
2026-10-04T14:04:53Z,emailservice,recommendationservice,0,0,0,0,0,0,0
2026-10-04T14:04:53Z,emailservice,redis-cart,0,0,0,0,0,0,0
2026-10-04T14:04:53Z,emailservice,shippingservice,0,0,0,0,0,0,0
2026-10-04T14:04:53Z,frontend,adservice,793078,793075,0,0,0,2389082,792764
2026-10-04T14:04:53Z,frontend,cartservice,1763881,1763865,0,0,4,9811298,1763305
2026-10-04T14:04:53Z,frontend,checkoutservice,367581,177252,0,36065,154058,57629796,177208
2026-10-04T14:04:53Z,frontend,currencyservice,2804751,2804735,0,0,0,14879988,2803837
2026-10-04T14:04:53Z,frontend,emailservice,0,0,0,0,0,0,0
2026-10-04T14:04:53Z,frontend,frontend,0,0,0,0,0,0,0
2026-10-04T14:04:53Z,frontend,kubernetes,0,0,0,0,0,0,0
2026-10-04T14:04:53Z,frontend,paymentservice,0,0,0,0,0,0,0
2026-10-04T14:04:53Z,frontend,productcatalogservice,7861924,7861838,0,0,0,53590925,7858813
2026-10-04T14:04:53Z,frontend,recommendationservice,2555915,1556651,0,104145,892890,773118325,1556140
2026-10-04T14:04:53Z,frontend,redis-cart,0,0,0,0,0,0,0
2026-10-04T14:04:53Z,frontend,shippingservice,290926,290921,0,0,0,881060,290798
2026-10-04T14:04:53Z,paymentservice,adservice,0,0,0,0,0,0,0
2026-10-04T14:04:53Z,paymentservice,cartservice,0,0,0,0,0,0,0
2026-10-04T14:04:53Z,paymentservice,checkoutservice,0,0,0,0,0,0,0
2026-10-04T14:04:53Z,paymentservice,currencyservice,0,0,0,0,0,0,0
2026-10-04T14:04:53Z,paymentservice,emailservice,0,0,0,0,0,0,0
2026-10-04T14:04:53Z,paymentservice,frontend,0,0,0,0,0,0,0
2026-10-04T14:04:53Z,paymentservice,kubernetes,0,0,0,0,0,0,0
2026-10-04T14:04:53Z,paymentservice,paymentservice,0,0,0,0,0,0,0
2026-10-04T14:04:53Z,paymentservice,productcatalogservice,0,0,0,0,0,0,0
2026-10-04T14:04:53Z,paymentservice,recommendationservice,0,0,0,0,0,0,0
2026-10-04T14:04:53Z,paymentservice,redis-cart,0,0,0,0,0,0,0
2026-10-04T14:04:53Z,paymentservice,shippingservice,0,0,0,0,0,0,0
2026-10-04T14:04:53Z,productcatalogservice,adservice,0,0,0,0,0,0,0
2026-10-04T14:04:53Z,productcatalogservice,cartservice,0,0,0,0,0,0,0
2026-10-04T14:04:53Z,productcatalogservice,checkoutservice,0,0,0,0,0,0,0
2026-10-04T14:04:53Z,productcatalogservice,currencyservice,0,0,0,0,0,0,0
2026-10-04T14:04:53Z,productcatalogservice,emailservice,0,0,0,0,0,0,0
2026-10-04T14:04:53Z,productcatalogservice,frontend,0,0,0,0,0,0,0
2026-10-04T14:04:53Z,productcatalogservice,kubernetes,0,0,0,0,0,0,0
2026-10-04T14:04:53Z,productcatalogservice,paymentservice,0,0,0,0,0,0,0
2026-10-04T14:04:53Z,productcatalogservice,productcatalogservice,0,0,0,0,0,0,0
2026-10-04T14:04:53Z,productcatalogservice,recommendationservice,0,0,0,0,0,0,0
2026-10-04T14:04:53Z,productcatalogservice,redis-cart,0,0,0,0,0,0,0
2026-10-04T14:04:53Z,productcatalogservice,shippingservice,0,0,0,0,0,0,0
2026-10-04T14:04:53Z,recommendationservice,adservice,0,0,0,0,0,0,0
2026-10-04T14:04:53Z,recommendationservice,cartservice,0,0,0,0,0,0,0
2026-10-04T14:04:53Z,recommendationservice,checkoutservice,0,0,0,0,0,0,0
2026-10-04T14:04:53Z,recommendationservice,currencyservice,0,0,0,0,0,0,0
2026-10-04T14:04:53Z,recommendationservice,emailservice,0,0,0,0,0,0,0
2026-10-04T14:04:53Z,recommendationservice,frontend,0,0,0,0,0,0,0
2026-10-04T14:04:53Z,recommendationservice,kubernetes,0,0,0,0,0,0,0
2026-10-04T14:04:53Z,recommendationservice,paymentservice,0,0,0,0,0,0,0
2026-10-04T14:04:53Z,recommendationservice,productcatalogservice,31790,31790,0,0,0,230884,30270
2026-10-04T14:04:53Z,recommendationservice,recommendationservice,0,0,0,0,0,0,0
2026-10-04T14:04:53Z,recommendationservice,redis-cart,0,0,0,0,0,0,0
2026-10-04T14:04:53Z,recommendationservice,shippingservice,0,0,0,0,0,0,0
2026-10-04T14:04:53Z,redis-cart,adservice,0,0,0,0,0,0,0
2026-10-04T14:04:53Z,redis-cart,cartservice,0,0,0,0,0,0,0
2026-10-04T14:04:53Z,redis-cart,checkoutservice,0,0,0,0,0,0,0
2026-10-04T14:04:53Z,redis-cart,currencyservice,0,0,0,0,0,0,0
2026-10-04T14:04:53Z,redis-cart,emailservice,0,0,0,0,0,0,0
2026-10-04T14:04:53Z,redis-cart,frontend,0,0,0,0,0,0,0
2026-10-04T14:04:53Z,redis-cart,kubernetes,0,0,0,0,0,0,0
2026-10-04T14:04:53Z,redis-cart,paymentservice,0,0,0,0,0,0,0
2026-10-04T14:04:53Z,redis-cart,productcatalogservice,0,0,0,0,0,0,0
2026-10-04T14:04:53Z,redis-cart,recommendationservice,0,0,0,0,0,0,0
2026-10-04T14:04:53Z,redis-cart,redis-cart,0,0,0,0,0,0,0
2026-10-04T14:04:53Z,redis-cart,shippingservice,0,0,0,0,0,0,0
2026-10-04T14:04:53Z,shippingservice,adservice,0,0,0,0,0,0,0
2026-10-04T14:04:53Z,shippingservice,cartservice,0,0,0,0,0,0,0
2026-10-04T14:04:53Z,shippingservice,checkoutservice,0,0,0,0,0,0,0
2026-10-04T14:04:53Z,shippingservice,currencyservice,0,0,0,0,0,0,0
2026-10-04T14:04:53Z,shippingservice,emailservice,0,0,0,0,0,0,0
2026-10-04T14:04:53Z,shippingservice,frontend,0,0,0,0,0,0,0
2026-10-04T14:04:53Z,shippingservice,kubernetes,0,0,0,0,0,0,0
2026-10-04T14:04:53Z,shippingservice,paymentservice,0,0,0,0,0,0,0
2026-10-04T14:04:53Z,shippingservice,productcatalogservice,0,0,0,0,0,0,0
2026-10-04T14:04:53Z,shippingservice,recommendationservice,0,0,0,0,0,0,0
2026-10-04T14:04:53Z,shippingservice,redis-cart,0,0,0,0,0,0,0
2026-10-04T14:04:53Z,shippingservice,shippingservice,0,0,0,0,0,0,0
2026-10-04T14:04:54Z,adservice,adservice,0,0,0,0,0,0,0
2026-10-04T14:04:54Z,adservice,cartservice,0,0,0,0,0,0,0
2026-10-04T14:04:54Z,adservice,checkoutservice,0,0,0,0,0,0,0
2026-10-04T14:04:54Z,adservice,currencyservice,0,0,0,0,0,0,0
2026-10-04T14:04:54Z,adservice,emailservice,0,0,0,0,0,0,0
2026-10-04T14:04:54Z,adservice,frontend,0,0,0,0,0,0,0
2026-10-04T14:04:54Z,adservice,kubernetes,0,0,0,0,0,0,0
2026-10-04T14:04:54Z,adservice,paymentservice,0,0,0,0,0,0,0
2026-10-04T14:04:54Z,adservice,productcatalogservice,0,0,0,0,0,0,0
2026-10-04T14:04:54Z,adservice,recommendationservice,0,0,0,0,0,0,0
2026-10-04T14:04:54Z,adservice,redis-cart,0,0,0,0,0,0,0
2026-10-04T14:04:54Z,adservice,shippingservice,0,0,0,0,0,0,0
2026-10-04T14:04:54Z,cartservice,adservice,0,0,0,0,0,0,0
2026-10-04T14:04:54Z,cartservice,cartservice,0,0,0,0,0,0,0
2026-10-04T14:04:54Z,cartservice,checkoutservice,0,0,0,0,0,0,0
2026-10-04T14:04:54Z,cartservice,currencyservice,0,0,0,0,0,0,0
2026-10-04T14:04:54Z,cartservice,emailservice,0,0,0,0,0,0,0
2026-10-04T14:04:54Z,cartservice,frontend,0,0,0,0,0,0,0
2026-10-04T14:04:54Z,cartservice,kubernetes,0,0,0,0,0,0,0
2026-10-04T14:04:54Z,cartservice,paymentservice,0,0,0,0,0,0,0
2026-10-04T14:04:54Z,cartservice,productcatalogservice,0,0,0,0,0,0,0
2026-10-04T14:04:54Z,cartservice,recommendationservice,0,0,0,0,0,0,0
2026-10-04T14:04:54Z,cartservice,redis-cart,2,0,0,0,0,0,0
2026-10-04T14:04:54Z,cartservice,shippingservice,0,0,0,0,0,0,0
2026-10-04T14:04:54Z,checkoutservice,adservice,0,0,0,0,0,0,0
2026-10-04T14:04:54Z,checkoutservice,cartservice,16067,15713,0,52,0,198182,15180
2026-10-04T14:04:54Z,checkoutservice,checkoutservice,0,0,0,0,0,0,0
2026-10-04T14:04:54Z,checkoutservice,currencyservice,11261,11261,0,0,0,161767,10922
2026-10-04T14:04:54Z,checkoutservice,emailservice,2393,2243,0,38,0,111843,2243
2026-10-04T14:04:54Z,checkoutservice,frontend,0,0,0,0,0,0,0
2026-10-04T14:04:54Z,checkoutservice,kubernetes,0,0,0,0,0,0,0
2026-10-04T14:04:54Z,checkoutservice,paymentservice,9527,9000,0,50,0,139405,8897
2026-10-04T14:04:54Z,checkoutservice,productcatalogservice,0,0,0,0,0,0,0
2026-10-04T14:04:54Z,checkoutservice,recommendationservice,0,0,0,0,0,0,0
2026-10-04T14:04:54Z,checkoutservice,redis-cart,0,0,0,0,0,0,0
2026-10-04T14:04:54Z,checkoutservice,shippingservice,17626,16914,0,58,0,154671,16537
2026-10-04T14:04:54Z,currencyservice,adservice,0,0,0,0,0,0,0
2026-10-04T14:04:54Z,currencyservice,cartservice,0,0,0,0,0,0,0
2026-10-04T14:04:54Z,currencyservice,checkoutservice,0,0,0,0,0,0,0
2026-10-04T14:04:54Z,currencyservice,currencyservice,0,0,0,0,0,0,0
2026-10-04T14:04:54Z,currencyservice,emailservice,0,0,0,0,0,0,0
2026-10-04T14:04:54Z,currencyservice,frontend,0,0,0,0,0,0,0
2026-10-04T14:04:54Z,currencyservice,kubernetes,0,0,0,0,0,0,0
2026-10-04T14:04:54Z,currencyservice,paymentservice,0,0,0,0,0,0,0
2026-10-04T14:04:54Z,currencyservice,productcatalogservice,0,0,0,0,0,0,0
2026-10-04T14:04:54Z,currencyservice,recommendationservice,0,0,0,0,0,0,0
2026-10-04T14:04:54Z,currencyservice,redis-cart,0,0,0,0,0,0,0
2026-10-04T14:04:54Z,currencyservice,shippingservice,0,0,0,0,0,0,0
2026-10-04T14:04:54Z,emailservice,adservice,0,0,0,0,0,0,0
2026-10-04T14:04:54Z,emailservice,cartservice,0,0,0,0,0,0,0
2026-10-04T14:04:54Z,emailservice,checkoutservice,0,0,0,0,0,0,0
2026-10-04T14:04:54Z,emailservice,currencyservice,0,0,0,0,0,0,0
2026-10-04T14:04:54Z,emailservice,emailservice,0,0,0,0,0,0,0
2026-10-04T14:04:54Z,emailservice,frontend,0,0,0,0,0,0,0
2026-10-04T14:04:54Z,emailservice,kubernetes,0,0,0,0,0,0,0
2026-10-04T14:04:54Z,emailservice,paymentservice,0,0,0,0,0,0,0
2026-10-04T14:04:54Z,emailservice,productcatalogservice,0,0,0,0,0,0,0
2026-10-04T14:04:54Z,emailservice,recommendationservice,0,0,0,0,0,0,0
2026-10-04T14:04:54Z,emailservice,redis-cart,0,0,0,0,0,0,0
2026-10-04T14:04:54Z,emailservice,shippingservice,0,0,0,0,0,0,0
2026-10-04T14:04:54Z,frontend,adservice,793364,793362,0,0,0,2390076,793109
2026-10-04T14:04:54Z,frontend,cartservice,1764358,1764344,0,0,4,9814854,1763878
2026-10-04T14:04:54Z,frontend,checkoutservice,367780,177290,0,36096,154207,57696131,177255
2026-10-04T14:04:54Z,frontend,currencyservice,2805513,2805505,0,0,0,14885385,2804758
2026-10-04T14:04:54Z,frontend,emailservice,0,0,0,0,0,0,0
2026-10-04T14:04:54Z,frontend,frontend,0,0,0,0,0,0,0
2026-10-04T14:04:54Z,frontend,kubernetes,0,0,0,0,0,0,0
2026-10-04T14:04:54Z,frontend,paymentservice,0,0,0,0,0,0,0
2026-10-04T14:04:54Z,frontend,productcatalogservice,7864452,7864354,0,0,0,53620726,7861940
2026-10-04T14:04:54Z,frontend,recommendationservice,2556360,1557092,0,104145,892890,773185458,1556673
2026-10-04T14:04:54Z,frontend,redis-cart,0,0,0,0,0,0,0
2026-10-04T14:04:54Z,frontend,shippingservice,291016,291014,0,0,0,881601,290913
2026-10-04T14:04:54Z,paymentservice,adservice,0,0,0,0,0,0,0
2026-10-04T14:04:54Z,paymentservice,cartservice,0,0,0,0,0,0,0
2026-10-04T14:04:54Z,paymentservice,checkoutservice,0,0,0,0,0,0,0
2026-10-04T14:04:54Z,paymentservice,currencyservice,0,0,0,0,0,0,0
2026-10-04T14:04:54Z,paymentservice,emailservice,0,0,0,0,0,0,0
2026-10-04T14:04:54Z,paymentservice,frontend,0,0,0,0,0,0,0
2026-10-04T14:04:54Z,paymentservice,kubernetes,0,0,0,0,0,0,0
2026-10-04T14:04:54Z,paymentservice,paymentservice,0,0,0,0,0,0,0
2026-10-04T14:04:54Z,paymentservice,productcatalogservice,0,0,0,0,0,0,0
2026-10-04T14:04:54Z,paymentservice,recommendationservice,0,0,0,0,0,0,0
2026-10-04T14:04:54Z,paymentservice,redis-cart,0,0,0,0,0,0,0
2026-10-04T14:04:54Z,paymentservice,shippingservice,0,0,0,0,0,0,0
2026-10-04T14:04:54Z,productcatalogservice,adservice,0,0,0,0,0,0,0
2026-10-04T14:04:54Z,productcatalogservice,cartservice,0,0,0,0,0,0,0
2026-10-04T14:04:54Z,productcatalogservice,checkoutservice,0,0,0,0,0,0,0
2026-10-04T14:04:54Z,productcatalogservice,currencyservice,0,0,0,0,0,0,0
2026-10-04T14:04:54Z,productcatalogservice,emailservice,0,0,0,0,0,0,0
2026-10-04T14:04:54Z,productcatalogservice,frontend,0,0,0,0,0,0,0
2026-10-04T14:04:54Z,productcatalogservice,kubernetes,0,0,0,0,0,0,0
2026-10-04T14:04:54Z,productcatalogservice,paymentservice,0,0,0,0,0,0,0
2026-10-04T14:04:54Z,productcatalogservice,productcatalogservice,0,0,0,0,0,0,0
2026-10-04T14:04:54Z,productcatalogservice,recommendationservice,0,0,0,0,0,0,0
2026-10-04T14:04:54Z,productcatalogservice,redis-cart,0,0,0,0,0,0,0
2026-10-04T14:04:54Z,productcatalogservice,shippingservice,0,0,0,0,0,0,0
2026-10-04T14:04:54Z,recommendationservice,adservice,0,0,0,0,0,0,0
2026-10-04T14:04:54Z,recommendationservice,cartservice,0,0,0,0,0,0,0
2026-10-04T14:04:54Z,recommendationservice,checkoutservice,0,0,0,0,0,0,0
2026-10-04T14:04:54Z,recommendationservice,currencyservice,0,0,0,0,0,0,0
2026-10-04T14:04:54Z,recommendationservice,emailservice,0,0,0,0,0,0,0
2026-10-04T14:04:54Z,recommendationservice,frontend,0,0,0,0,0,0,0
2026-10-04T14:04:54Z,recommendationservice,kubernetes,0,0,0,0,0,0,0
2026-10-04T14:04:54Z,recommendationservice,paymentservice,0,0,0,0,0,0,0
2026-10-04T14:04:54Z,recommendationservice,productcatalogservice,32222,32218,0,0,0,230884,30270
2026-10-04T14:04:54Z,recommendationservice,recommendationservice,0,0,0,0,0,0,0
2026-10-04T14:04:54Z,recommendationservice,redis-cart,0,0,0,0,0,0,0
2026-10-04T14:04:54Z,recommendationservice,shippingservice,0,0,0,0,0,0,0
2026-10-04T14:04:54Z,redis-cart,adservice,0,0,0,0,0,0,0
2026-10-04T14:04:54Z,redis-cart,cartservice,0,0,0,0,0,0,0
2026-10-04T14:04:54Z,redis-cart,checkoutservice,0,0,0,0,0,0,0
2026-10-04T14:04:54Z,redis-cart,currencyservice,0,0,0,0,0,0,0
2026-10-04T14:04:54Z,redis-cart,emailservice,0,0,0,0,0,0,0
2026-10-04T14:04:54Z,redis-cart,frontend,0,0,0,0,0,0,0
2026-10-04T14:04:54Z,redis-cart,kubernetes,0,0,0,0,0,0,0
2026-10-04T14:04:54Z,redis-cart,paymentservice,0,0,0,0,0,0,0
2026-10-04T14:04:54Z,redis-cart,productcatalogservice,0,0,0,0,0,0,0
2026-10-04T14:04:54Z,redis-cart,recommendationservice,0,0,0,0,0,0,0
2026-10-04T14:04:54Z,redis-cart,redis-cart,0,0,0,0,0,0,0
2026-10-04T14:04:54Z,redis-cart,shippingservice,0,0,0,0,0,0,0
2026-10-04T14:04:54Z,shippingservice,adservice,0,0,0,0,0,0,0
2026-10-04T14:04:54Z,shippingservice,cartservice,0,0,0,0,0,0,0
2026-10-04T14:04:54Z,shippingservice,checkoutservice,0,0,0,0,0,0,0
2026-10-04T14:04:54Z,shippingservice,currencyservice,0,0,0,0,0,0,0
2026-10-04T14:04:54Z,shippingservice,emailservice,0,0,0,0,0,0,0
2026-10-04T14:04:54Z,shippingservice,frontend,0,0,0,0,0,0,0
2026-10-04T14:04:54Z,shippingservice,kubernetes,0,0,0,0,0,0,0
2026-10-04T14:04:54Z,shippingservice,paymentservice,0,0,0,0,0,0,0
2026-10-04T14:04:54Z,shippingservice,productcatalogservice,0,0,0,0,0,0,0
2026-10-04T14:04:54Z,shippingservice,recommendationservice,0,0,0,0,0,0,0
2026-10-04T14:04:54Z,shippingservice,redis-cart,0,0,0,0,0,0,0
2026-10-04T14:04:54Z,shippingservice,shippingservice,0,0,0,0,0,0,0
2026-10-04T14:04:55Z,adservice,adservice,0,0,0,0,0,0,0
2026-10-04T14:04:55Z,adservice,cartservice,0,0,0,0,0,0,0
2026-10-04T14:04:55Z,adservice,checkoutservice,0,0,0,0,0,0,0
2026-10-04T14:04:55Z,adservice,currencyservice,0,0,0,0,0,0,0
2026-10-04T14:04:55Z,adservice,emailservice,0,0,0,0,0,0,0
2026-10-04T14:04:55Z,adservice,frontend,0,0,0,0,0,0,0
2026-10-04T14:04:55Z,adservice,kubernetes,0,0,0,0,0,0,0
2026-10-04T14:04:55Z,adservice,paymentservice,0,0,0,0,0,0,0
2026-10-04T14:04:55Z,adservice,productcatalogservice,0,0,0,0,0,0,0
2026-10-04T14:04:55Z,adservice,recommendationservice,0,0,0,0,0,0,0
2026-10-04T14:04:55Z,adservice,redis-cart,0,0,0,0,0,0,0
2026-10-04T14:04:55Z,adservice,shippingservice,0,0,0,0,0,0,0
2026-10-04T14:04:55Z,cartservice,adservice,0,0,0,0,0,0,0
2026-10-04T14:04:55Z,cartservice,cartservice,0,0,0,0,0,0,0
2026-10-04T14:04:55Z,cartservice,checkoutservice,0,0,0,0,0,0,0
2026-10-04T14:04:55Z,cartservice,currencyservice,0,0,0,0,0,0,0
2026-10-04T14:04:55Z,cartservice,emailservice,0,0,0,0,0,0,0
2026-10-04T14:04:55Z,cartservice,frontend,0,0,0,0,0,0,0
2026-10-04T14:04:55Z,cartservice,kubernetes,0,0,0,0,0,0,0
2026-10-04T14:04:55Z,cartservice,paymentservice,0,0,0,0,0,0,0
2026-10-04T14:04:55Z,cartservice,productcatalogservice,0,0,0,0,0,0,0
2026-10-04T14:04:55Z,cartservice,recommendationservice,0,0,0,0,0,0,0
2026-10-04T14:04:55Z,cartservice,redis-cart,2,0,0,0,0,0,0
2026-10-04T14:04:55Z,cartservice,shippingservice,0,0,0,0,0,0,0
2026-10-04T14:04:55Z,checkoutservice,adservice,0,0,0,0,0,0,0
2026-10-04T14:04:55Z,checkoutservice,cartservice,16238,15892,0,52,0,198182,15180
2026-10-04T14:04:55Z,checkoutservice,checkoutservice,0,0,0,0,0,0,0
2026-10-04T14:04:55Z,checkoutservice,currencyservice,11331,11331,0,0,0,161767,10922
2026-10-04T14:04:55Z,checkoutservice,emailservice,2393,2243,0,38,0,111843,2243
2026-10-04T14:04:55Z,checkoutservice,frontend,0,0,0,0,0,0,0
2026-10-04T14:04:55Z,checkoutservice,kubernetes,0,0,0,0,0,0,0
2026-10-04T14:04:55Z,checkoutservice,paymentservice,9539,9009,0,50,0,139405,8897
2026-10-04T14:04:55Z,checkoutservice,productcatalogservice,0,0,0,0,0,0,0
2026-10-04T14:04:55Z,checkoutservice,recommendationservice,0,0,0,0,0,0,0
2026-10-04T14:04:55Z,checkoutservice,redis-cart,0,0,0,0,0,0,0
2026-10-04T14:04:55Z,checkoutservice,shippingservice,17750,17034,0,58,0,154671,16537
2026-10-04T14:04:55Z,currencyservice,adservice,0,0,0,0,0,0,0
2026-10-04T14:04:55Z,currencyservice,cartservice,0,0,0,0,0,0,0
2026-10-04T14:04:55Z,currencyservice,checkoutservice,0,0,0,0,0,0,0
2026-10-04T14:04:55Z,currencyservice,currencyservice,0,0,0,0,0,0,0
2026-10-04T14:04:55Z,currencyservice,emailservice,0,0,0,0,0,0,0
2026-10-04T14:04:55Z,currencyservice,frontend,0,0,0,0,0,0,0
2026-10-04T14:04:55Z,currencyservice,kubernetes,0,0,0,0,0,0,0
2026-10-04T14:04:55Z,currencyservice,paymentservice,0,0,0,0,0,0,0
2026-10-04T14:04:55Z,currencyservice,productcatalogservice,0,0,0,0,0,0,0
2026-10-04T14:04:55Z,currencyservice,recommendationservice,0,0,0,0,0,0,0
2026-10-04T14:04:55Z,currencyservice,redis-cart,0,0,0,0,0,0,0
2026-10-04T14:04:55Z,currencyservice,shippingservice,0,0,0,0,0,0,0
2026-10-04T14:04:55Z,emailservice,adservice,0,0,0,0,0,0,0
2026-10-04T14:04:55Z,emailservice,cartservice,0,0,0,0,0,0,0
2026-10-04T14:04:55Z,emailservice,checkoutservice,0,0,0,0,0,0,0
2026-10-04T14:04:55Z,emailservice,currencyservice,0,0,0,0,0,0,0
2026-10-04T14:04:55Z,emailservice,emailservice,0,0,0,0,0,0,0
2026-10-04T14:04:55Z,emailservice,frontend,0,0,0,0,0,0,0
2026-10-04T14:04:55Z,emailservice,kubernetes,0,0,0,0,0,0,0
2026-10-04T14:04:55Z,emailservice,paymentservice,0,0,0,0,0,0,0
2026-10-04T14:04:55Z,emailservice,productcatalogservice,0,0,0,0,0,0,0
2026-10-04T14:04:55Z,emailservice,recommendationservice,0,0,0,0,0,0,0
2026-10-04T14:04:55Z,emailservice,redis-cart,0,0,0,0,0,0,0
2026-10-04T14:04:55Z,emailservice,shippingservice,0,0,0,0,0,0,0
2026-10-04T14:04:55Z,frontend,adservice,793636,793634,0,0,0,2390076,793109
2026-10-04T14:04:55Z,frontend,cartservice,1764827,1764810,0,0,4,9814854,1763878
2026-10-04T14:04:55Z,frontend,checkoutservice,367991,177326,0,36138,154336,57696131,177255
2026-10-04T14:04:55Z,frontend,currencyservice,2806271,2806261,0,0,0,14885385,2804758
2026-10-04T14:04:55Z,frontend,emailservice,0,0,0,0,0,0,0
2026-10-04T14:04:55Z,frontend,frontend,0,0,0,0,0,0,0
2026-10-04T14:04:55Z,frontend,kubernetes,0,0,0,0,0,0,0
2026-10-04T14:04:55Z,frontend,paymentservice,0,0,0,0,0,0,0
2026-10-04T14:04:55Z,frontend,productcatalogservice,7867092,7866995,0,0,0,53620726,7861940
2026-10-04T14:04:55Z,frontend,recommendationservice,2556813,1557547,0,104145,892890,773185458,1556673
2026-10-04T14:04:55Z,frontend,redis-cart,0,0,0,0,0,0,0
2026-10-04T14:04:55Z,frontend,shippingservice,291120,291118,0,0,0,881601,290913
2026-10-04T14:04:55Z,paymentservice,adservice,0,0,0,0,0,0,0
2026-10-04T14:04:55Z,paymentservice,cartservice,0,0,0,0,0,0,0
2026-10-04T14:04:55Z,paymentservice,checkoutservice,0,0,0,0,0,0,0
2026-10-04T14:04:55Z,paymentservice,currencyservice,0,0,0,0,0,0,0
2026-10-04T14:04:55Z,paymentservice,emailservice,0,0,0,0,0,0,0
2026-10-04T14:04:55Z,paymentservice,frontend,0,0,0,0,0,0,0
2026-10-04T14:04:55Z,paymentservice,kubernetes,0,0,0,0,0,0,0
2026-10-04T14:04:55Z,paymentservice,paymentservice,0,0,0,0,0,0,0
2026-10-04T14:04:55Z,paymentservice,productcatalogservice,0,0,0,0,0,0,0
2026-10-04T14:04:55Z,paymentservice,recommendationservice,0,0,0,0,0,0,0
2026-10-04T14:04:55Z,paymentservice,redis-cart,0,0,0,0,0,0,0
2026-10-04T14:04:55Z,paymentservice,shippingservice,0,0,0,0,0,0,0
2026-10-04T14:04:55Z,productcatalogservice,adservice,0,0,0,0,0,0,0
2026-10-04T14:04:55Z,productcatalogservice,cartservice,0,0,0,0,0,0,0
2026-10-04T14:04:55Z,productcatalogservice,checkoutservice,0,0,0,0,0,0,0
2026-10-04T14:04:55Z,productcatalogservice,currencyservice,0,0,0,0,0,0,0
2026-10-04T14:04:55Z,productcatalogservice,emailservice,0,0,0,0,0,0,0
2026-10-04T14:04:55Z,productcatalogservice,frontend,0,0,0,0,0,0,0
2026-10-04T14:04:55Z,productcatalogservice,kubernetes,0,0,0,0,0,0,0
2026-10-04T14:04:55Z,productcatalogservice,paymentservice,0,0,0,0,0,0,0
2026-10-04T14:04:55Z,productcatalogservice,productcatalogservice,0,0,0,0,0,0,0
2026-10-04T14:04:55Z,productcatalogservice,recommendationservice,0,0,0,0,0,0,0
2026-10-04T14:04:55Z,productcatalogservice,redis-cart,0,0,0,0,0,0,0
2026-10-04T14:04:55Z,productcatalogservice,shippingservice,0,0,0,0,0,0,0
2026-10-04T14:04:55Z,recommendationservice,adservice,0,0,0,0,0,0,0
2026-10-04T14:04:55Z,recommendationservice,cartservice,0,0,0,0,0,0,0
2026-10-04T14:04:55Z,recommendationservice,checkoutservice,0,0,0,0,0,0,0
2026-10-04T14:04:55Z,recommendationservice,currencyservice,0,0,0,0,0,0,0
2026-10-04T14:04:55Z,recommendationservice,emailservice,0,0,0,0,0,0,0
2026-10-04T14:04:55Z,recommendationservice,frontend,0,0,0,0,0,0,0
2026-10-04T14:04:55Z,recommendationservice,kubernetes,0,0,0,0,0,0,0
2026-10-04T14:04:55Z,recommendationservice,paymentservice,0,0,0,0,0,0,0
2026-10-04T14:04:55Z,recommendationservice,productcatalogservice,32676,32666,0,0,0,249223,32501
2026-10-04T14:04:55Z,recommendationservice,recommendationservice,0,0,0,0,0,0,0
2026-10-04T14:04:55Z,recommendationservice,redis-cart,0,0,0,0,0,0,0
2026-10-04T14:04:55Z,recommendationservice,shippingservice,0,0,0,0,0,0,0
2026-10-04T14:04:55Z,redis-cart,adservice,0,0,0,0,0,0,0
2026-10-04T14:04:55Z,redis-cart,cartservice,0,0,0,0,0,0,0
2026-10-04T14:04:55Z,redis-cart,checkoutservice,0,0,0,0,0,0,0
2026-10-04T14:04:55Z,redis-cart,currencyservice,0,0,0,0,0,0,0
2026-10-04T14:04:55Z,redis-cart,emailservice,0,0,0,0,0,0,0
2026-10-04T14:04:55Z,redis-cart,frontend,0,0,0,0,0,0,0
2026-10-04T14:04:55Z,redis-cart,kubernetes,0,0,0,0,0,0,0
2026-10-04T14:04:55Z,redis-cart,paymentservice,0,0,0,0,0,0,0
2026-10-04T14:04:55Z,redis-cart,productcatalogservice,0,0,0,0,0,0,0
2026-10-04T14:04:55Z,redis-cart,recommendationservice,0,0,0,0,0,0,0
2026-10-04T14:04:55Z,redis-cart,redis-cart,0,0,0,0,0,0,0
2026-10-04T14:04:55Z,redis-cart,shippingservice,0,0,0,0,0,0,0
2026-10-04T14:04:55Z,shippingservice,adservice,0,0,0,0,0,0,0
2026-10-04T14:04:55Z,shippingservice,cartservice,0,0,0,0,0,0,0
2026-10-04T14:04:55Z,shippingservice,checkoutservice,0,0,0,0,0,0,0
2026-10-04T14:04:55Z,shippingservice,currencyservice,0,0,0,0,0,0,0
2026-10-04T14:04:55Z,shippingservice,emailservice,0,0,0,0,0,0,0
2026-10-04T14:04:55Z,shippingservice,frontend,0,0,0,0,0,0,0
2026-10-04T14:04:55Z,shippingservice,kubernetes,0,0,0,0,0,0,0
2026-10-04T14:04:55Z,shippingservice,paymentservice,0,0,0,0,0,0,0
2026-10-04T14:04:55Z,shippingservice,productcatalogservice,0,0,0,0,0,0,0
2026-10-04T14:04:55Z,shippingservice,recommendationservice,0,0,0,0,0,0,0
2026-10-04T14:04:55Z,shippingservice,redis-cart,0,0,0,0,0,0,0
2026-10-04T14:04:55Z,shippingservice,shippingservice,0,0,0,0,0,0,0
2026-10-04T14:04:56Z,adservice,adservice,0,0,0,0,0,0,0
2026-10-04T14:04:56Z,adservice,cartservice,0,0,0,0,0,0,0
2026-10-04T14:04:56Z,adservice,checkoutservice,0,0,0,0,0,0,0
2026-10-04T14:04:56Z,adservice,currencyservice,0,0,0,0,0,0,0
2026-10-04T14:04:56Z,adservice,emailservice,0,0,0,0,0,0,0
2026-10-04T14:04:56Z,adservice,frontend,0,0,0,0,0,0,0
2026-10-04T14:04:56Z,adservice,kubernetes,0,0,0,0,0,0,0
2026-10-04T14:04:56Z,adservice,paymentservice,0,0,0,0,0,0,0
2026-10-04T14:04:56Z,adservice,productcatalogservice,0,0,0,0,0,0,0
2026-10-04T14:04:56Z,adservice,recommendationservice,0,0,0,0,0,0,0
2026-10-04T14:04:56Z,adservice,redis-cart,0,0,0,0,0,0,0
2026-10-04T14:04:56Z,adservice,shippingservice,0,0,0,0,0,0,0
2026-10-04T14:04:56Z,cartservice,adservice,0,0,0,0,0,0,0
2026-10-04T14:04:56Z,cartservice,cartservice,0,0,0,0,0,0,0
2026-10-04T14:04:56Z,cartservice,checkoutservice,0,0,0,0,0,0,0
2026-10-04T14:04:56Z,cartservice,currencyservice,0,0,0,0,0,0,0
2026-10-04T14:04:56Z,cartservice,emailservice,0,0,0,0,0,0,0
2026-10-04T14:04:56Z,cartservice,frontend,0,0,0,0,0,0,0
2026-10-04T14:04:56Z,cartservice,kubernetes,0,0,0,0,0,0,0
2026-10-04T14:04:56Z,cartservice,paymentservice,0,0,0,0,0,0,0
2026-10-04T14:04:56Z,cartservice,productcatalogservice,0,0,0,0,0,0,0
2026-10-04T14:04:56Z,cartservice,recommendationservice,0,0,0,0,0,0,0
2026-10-04T14:04:56Z,cartservice,redis-cart,2,0,0,0,0,0,0
2026-10-04T14:04:56Z,cartservice,shippingservice,0,0,0,0,0,0,0
2026-10-04T14:04:56Z,checkoutservice,adservice,0,0,0,0,0,0,0
2026-10-04T14:04:56Z,checkoutservice,cartservice,16443,16086,0,52,0,198182,15180
2026-10-04T14:04:56Z,checkoutservice,checkoutservice,0,0,0,0,0,0,0
2026-10-04T14:04:56Z,checkoutservice,currencyservice,11566,11566,0,0,0,161767,10922
2026-10-04T14:04:56Z,checkoutservice,emailservice,2393,2243,0,38,0,111843,2243
2026-10-04T14:04:56Z,checkoutservice,frontend,0,0,0,0,0,0,0
2026-10-04T14:04:56Z,checkoutservice,kubernetes,0,0,0,0,0,0,0
2026-10-04T14:04:56Z,checkoutservice,paymentservice,9604,9058,0,50,0,139405,8897
2026-10-04T14:04:56Z,checkoutservice,productcatalogservice,0,0,0,0,0,0,0
2026-10-04T14:04:56Z,checkoutservice,recommendationservice,0,0,0,0,0,0,0
2026-10-04T14:04:56Z,checkoutservice,redis-cart,0,0,0,0,0,0,0
2026-10-04T14:04:56Z,checkoutservice,shippingservice,17976,17250,0,58,0,154671,16537
2026-10-04T14:04:56Z,currencyservice,adservice,0,0,0,0,0,0,0
2026-10-04T14:04:56Z,currencyservice,cartservice,0,0,0,0,0,0,0
2026-10-04T14:04:56Z,currencyservice,checkoutservice,0,0,0,0,0,0,0
2026-10-04T14:04:56Z,currencyservice,currencyservice,0,0,0,0,0,0,0
2026-10-04T14:04:56Z,currencyservice,emailservice,0,0,0,0,0,0,0
2026-10-04T14:04:56Z,currencyservice,frontend,0,0,0,0,0,0,0
2026-10-04T14:04:56Z,currencyservice,kubernetes,0,0,0,0,0,0,0
2026-10-04T14:04:56Z,currencyservice,paymentservice,0,0,0,0,0,0,0
2026-10-04T14:04:56Z,currencyservice,productcatalogservice,0,0,0,0,0,0,0
2026-10-04T14:04:56Z,currencyservice,recommendationservice,0,0,0,0,0,0,0
2026-10-04T14:04:56Z,currencyservice,redis-cart,0,0,0,0,0,0,0
2026-10-04T14:04:56Z,currencyservice,shippingservice,0,0,0,0,0,0,0
2026-10-04T14:04:56Z,emailservice,adservice,0,0,0,0,0,0,0
2026-10-04T14:04:56Z,emailservice,cartservice,0,0,0,0,0,0,0
2026-10-04T14:04:56Z,emailservice,checkoutservice,0,0,0,0,0,0,0
2026-10-04T14:04:56Z,emailservice,currencyservice,0,0,0,0,0,0,0
2026-10-04T14:04:56Z,emailservice,emailservice,0,0,0,0,0,0,0
2026-10-04T14:04:56Z,emailservice,frontend,0,0,0,0,0,0,0
2026-10-04T14:04:56Z,emailservice,kubernetes,0,0,0,0,0,0,0
2026-10-04T14:04:56Z,emailservice,paymentservice,0,0,0,0,0,0,0
2026-10-04T14:04:56Z,emailservice,productcatalogservice,0,0,0,0,0,0,0
2026-10-04T14:04:56Z,emailservice,recommendationservice,0,0,0,0,0,0,0
2026-10-04T14:04:56Z,emailservice,redis-cart,0,0,0,0,0,0,0
2026-10-04T14:04:56Z,emailservice,shippingservice,0,0,0,0,0,0,0
2026-10-04T14:04:56Z,frontend,adservice,793892,793888,0,0,0,2390076,793109
2026-10-04T14:04:56Z,frontend,cartservice,1765275,1765260,0,0,4,9814854,1763878
2026-10-04T14:04:56Z,frontend,checkoutservice,368189,177356,0,36155,154481,57696131,177255
2026-10-04T14:04:56Z,frontend,currencyservice,2806983,2806970,0,0,0,14885385,2804758
2026-10-04T14:04:56Z,frontend,emailservice,0,0,0,0,0,0,0
2026-10-04T14:04:56Z,frontend,frontend,0,0,0,0,0,0,0
2026-10-04T14:04:56Z,frontend,kubernetes,0,0,0,0,0,0,0
2026-10-04T14:04:56Z,frontend,paymentservice,0,0,0,0,0,0,0
2026-10-04T14:04:56Z,frontend,productcatalogservice,7869489,7869401,0,0,0,53620726,7861940
2026-10-04T14:04:56Z,frontend,recommendationservice,2557220,1557950,0,104145,892890,773185458,1556673
2026-10-04T14:04:56Z,frontend,redis-cart,0,0,0,0,0,0,0
2026-10-04T14:04:56Z,frontend,shippingservice,291219,291217,0,0,0,881601,290913
2026-10-04T14:04:56Z,paymentservice,adservice,0,0,0,0,0,0,0
2026-10-04T14:04:56Z,paymentservice,cartservice,0,0,0,0,0,0,0
2026-10-04T14:04:56Z,paymentservice,checkoutservice,0,0,0,0,0,0,0
2026-10-04T14:04:56Z,paymentservice,currencyservice,0,0,0,0,0,0,0
2026-10-04T14:04:56Z,paymentservice,emailservice,0,0,0,0,0,0,0
2026-10-04T14:04:56Z,paymentservice,frontend,0,0,0,0,0,0,0
2026-10-04T14:04:56Z,paymentservice,kubernetes,0,0,0,0,0,0,0
2026-10-04T14:04:56Z,paymentservice,paymentservice,0,0,0,0,0,0,0
2026-10-04T14:04:56Z,paymentservice,productcatalogservice,0,0,0,0,0,0,0
2026-10-04T14:04:56Z,paymentservice,recommendationservice,0,0,0,0,0,0,0
2026-10-04T14:04:56Z,paymentservice,redis-cart,0,0,0,0,0,0,0
2026-10-04T14:04:56Z,paymentservice,shippingservice,0,0,0,0,0,0,0
2026-10-04T14:04:56Z,productcatalogservice,adservice,0,0,0,0,0,0,0
2026-10-04T14:04:56Z,productcatalogservice,cartservice,0,0,0,0,0,0,0
2026-10-04T14:04:56Z,productcatalogservice,checkoutservice,0,0,0,0,0,0,0
2026-10-04T14:04:56Z,productcatalogservice,currencyservice,0,0,0,0,0,0,0
2026-10-04T14:04:56Z,productcatalogservice,emailservice,0,0,0,0,0,0,0
2026-10-04T14:04:56Z,productcatalogservice,frontend,0,0,0,0,0,0,0
2026-10-04T14:04:56Z,productcatalogservice,kubernetes,0,0,0,0,0,0,0
2026-10-04T14:04:56Z,productcatalogservice,paymentservice,0,0,0,0,0,0,0
2026-10-04T14:04:56Z,productcatalogservice,productcatalogservice,0,0,0,0,0,0,0
2026-10-04T14:04:56Z,productcatalogservice,recommendationservice,0,0,0,0,0,0,0
2026-10-04T14:04:56Z,productcatalogservice,redis-cart,0,0,0,0,0,0,0
2026-10-04T14:04:56Z,productcatalogservice,shippingservice,0,0,0,0,0,0,0
2026-10-04T14:04:56Z,recommendationservice,adservice,0,0,0,0,0,0,0
2026-10-04T14:04:56Z,recommendationservice,cartservice,0,0,0,0,0,0,0
2026-10-04T14:04:56Z,recommendationservice,checkoutservice,0,0,0,0,0,0,0
2026-10-04T14:04:56Z,recommendationservice,currencyservice,0,0,0,0,0,0,0
2026-10-04T14:04:56Z,recommendationservice,emailservice,0,0,0,0,0,0,0
2026-10-04T14:04:56Z,recommendationservice,frontend,0,0,0,0,0,0,0
2026-10-04T14:04:56Z,recommendationservice,kubernetes,0,0,0,0,0,0,0
2026-10-04T14:04:56Z,recommendationservice,paymentservice,0,0,0,0,0,0,0
2026-10-04T14:04:56Z,recommendationservice,productcatalogservice,33094,33094,0,0,0,249223,32501
2026-10-04T14:04:56Z,recommendationservice,recommendationservice,0,0,0,0,0,0,0
2026-10-04T14:04:56Z,recommendationservice,redis-cart,0,0,0,0,0,0,0
2026-10-04T14:04:56Z,recommendationservice,shippingservice,0,0,0,0,0,0,0
2026-10-04T14:04:56Z,redis-cart,adservice,0,0,0,0,0,0,0
2026-10-04T14:04:56Z,redis-cart,cartservice,0,0,0,0,0,0,0
2026-10-04T14:04:56Z,redis-cart,checkoutservice,0,0,0,0,0,0,0
2026-10-04T14:04:56Z,redis-cart,currencyservice,0,0,0,0,0,0,0
2026-10-04T14:04:56Z,redis-cart,emailservice,0,0,0,0,0,0,0
2026-10-04T14:04:56Z,redis-cart,frontend,0,0,0,0,0,0,0
2026-10-04T14:04:56Z,redis-cart,kubernetes,0,0,0,0,0,0,0
2026-10-04T14:04:56Z,redis-cart,paymentservice,0,0,0,0,0,0,0
2026-10-04T14:04:56Z,redis-cart,productcatalogservice,0,0,0,0,0,0,0
2026-10-04T14:04:56Z,redis-cart,recommendationservice,0,0,0,0,0,0,0
2026-10-04T14:04:56Z,redis-cart,redis-cart,0,0,0,0,0,0,0
2026-10-04T14:04:56Z,redis-cart,shippingservice,0,0,0,0,0,0,0
2026-10-04T14:04:56Z,shippingservice,adservice,0,0,0,0,0,0,0
2026-10-04T14:04:56Z,shippingservice,cartservice,0,0,0,0,0,0,0
2026-10-04T14:04:56Z,shippingservice,checkoutservice,0,0,0,0,0,0,0
2026-10-04T14:04:56Z,shippingservice,currencyservice,0,0,0,0,0,0,0
2026-10-04T14:04:56Z,shippingservice,emailservice,0,0,0,0,0,0,0
2026-10-04T14:04:56Z,shippingservice,frontend,0,0,0,0,0,0,0
2026-10-04T14:04:56Z,shippingservice,kubernetes,0,0,0,0,0,0,0
2026-10-04T14:04:56Z,shippingservice,paymentservice,0,0,0,0,0,0,0
2026-10-04T14:04:56Z,shippingservice,productcatalogservice,0,0,0,0,0,0,0
2026-10-04T14:04:56Z,shippingservice,recommendationservice,0,0,0,0,0,0,0
2026-10-04T14:04:56Z,shippingservice,redis-cart,0,0,0,0,0,0,0
2026-10-04T14:04:56Z,shippingservice,shippingservice,0,0,0,0,0,0,0
2026-10-04T14:04:57Z,adservice,adservice,0,0,0,0,0,0,0
2026-10-04T14:04:57Z,adservice,cartservice,0,0,0,0,0,0,0
2026-10-04T14:04:57Z,adservice,checkoutservice,0,0,0,0,0,0,0
2026-10-04T14:04:57Z,adservice,currencyservice,0,0,0,0,0,0,0
2026-10-04T14:04:57Z,adservice,emailservice,0,0,0,0,0,0,0
2026-10-04T14:04:57Z,adservice,frontend,0,0,0,0,0,0,0
2026-10-04T14:04:57Z,adservice,kubernetes,0,0,0,0,0,0,0
2026-10-04T14:04:57Z,adservice,paymentservice,0,0,0,0,0,0,0
2026-10-04T14:04:57Z,adservice,productcatalogservice,0,0,0,0,0,0,0
2026-10-04T14:04:57Z,adservice,recommendationservice,0,0,0,0,0,0,0
2026-10-04T14:04:57Z,adservice,redis-cart,0,0,0,0,0,0,0
2026-10-04T14:04:57Z,adservice,shippingservice,0,0,0,0,0,0,0
2026-10-04T14:04:57Z,cartservice,adservice,0,0,0,0,0,0,0
2026-10-04T14:04:57Z,cartservice,cartservice,0,0,0,0,0,0,0
2026-10-04T14:04:57Z,cartservice,checkoutservice,0,0,0,0,0,0,0
2026-10-04T14:04:57Z,cartservice,currencyservice,0,0,0,0,0,0,0
2026-10-04T14:04:57Z,cartservice,emailservice,0,0,0,0,0,0,0
2026-10-04T14:04:57Z,cartservice,frontend,0,0,0,0,0,0,0
2026-10-04T14:04:57Z,cartservice,kubernetes,0,0,0,0,0,0,0
2026-10-04T14:04:57Z,cartservice,paymentservice,0,0,0,0,0,0,0
2026-10-04T14:04:57Z,cartservice,productcatalogservice,0,0,0,0,0,0,0
2026-10-04T14:04:57Z,cartservice,recommendationservice,0,0,0,0,0,0,0
2026-10-04T14:04:57Z,cartservice,redis-cart,2,0,0,0,0,0,0
2026-10-04T14:04:57Z,cartservice,shippingservice,0,0,0,0,0,0,0
2026-10-04T14:04:57Z,checkoutservice,adservice,0,0,0,0,0,0,0
2026-10-04T14:04:57Z,checkoutservice,cartservice,16595,16247,0,52,0,216158,16184
2026-10-04T14:04:57Z,checkoutservice,checkoutservice,0,0,0,0,0,0,0
2026-10-04T14:04:57Z,checkoutservice,currencyservice,11650,11650,0,0,0,174442,11626
2026-10-04T14:04:57Z,checkoutservice,emailservice,2393,2243,0,38,0,111843,2243
2026-10-04T14:04:57Z,checkoutservice,frontend,0,0,0,0,0,0,0
2026-10-04T14:04:57Z,checkoutservice,kubernetes,0,0,0,0,0,0,0
2026-10-04T14:04:57Z,checkoutservice,paymentservice,9615,9063,0,51,0,141232,9033
2026-10-04T14:04:57Z,checkoutservice,productcatalogservice,0,0,0,0,0,0,0
2026-10-04T14:04:57Z,checkoutservice,recommendationservice,0,0,0,0,0,0,0
2026-10-04T14:04:57Z,checkoutservice,redis-cart,0,0,0,0,0,0,0
2026-10-04T14:04:57Z,checkoutservice,shippingservice,18038,17313,0,58,0,163528,17300
2026-10-04T14:04:57Z,currencyservice,adservice,0,0,0,0,0,0,0
2026-10-04T14:04:57Z,currencyservice,cartservice,0,0,0,0,0,0,0
2026-10-04T14:04:57Z,currencyservice,checkoutservice,0,0,0,0,0,0,0
2026-10-04T14:04:57Z,currencyservice,currencyservice,0,0,0,0,0,0,0
2026-10-04T14:04:57Z,currencyservice,emailservice,0,0,0,0,0,0,0
2026-10-04T14:04:57Z,currencyservice,frontend,0,0,0,0,0,0,0
2026-10-04T14:04:57Z,currencyservice,kubernetes,0,0,0,0,0,0,0
2026-10-04T14:04:57Z,currencyservice,paymentservice,0,0,0,0,0,0,0
2026-10-04T14:04:57Z,currencyservice,productcatalogservice,0,0,0,0,0,0,0
2026-10-04T14:04:57Z,currencyservice,recommendationservice,0,0,0,0,0,0,0
2026-10-04T14:04:57Z,currencyservice,redis-cart,0,0,0,0,0,0,0
2026-10-04T14:04:57Z,currencyservice,shippingservice,0,0,0,0,0,0,0
2026-10-04T14:04:57Z,emailservice,adservice,0,0,0,0,0,0,0
2026-10-04T14:04:57Z,emailservice,cartservice,0,0,0,0,0,0,0
2026-10-04T14:04:57Z,emailservice,checkoutservice,0,0,0,0,0,0,0
2026-10-04T14:04:57Z,emailservice,currencyservice,0,0,0,0,0,0,0
2026-10-04T14:04:57Z,emailservice,emailservice,0,0,0,0,0,0,0
2026-10-04T14:04:57Z,emailservice,frontend,0,0,0,0,0,0,0
2026-10-04T14:04:57Z,emailservice,kubernetes,0,0,0,0,0,0,0
2026-10-04T14:04:57Z,emailservice,paymentservice,0,0,0,0,0,0,0
2026-10-04T14:04:57Z,emailservice,productcatalogservice,0,0,0,0,0,0,0
2026-10-04T14:04:57Z,emailservice,recommendationservice,0,0,0,0,0,0,0
2026-10-04T14:04:57Z,emailservice,redis-cart,0,0,0,0,0,0,0
2026-10-04T14:04:57Z,emailservice,shippingservice,0,0,0,0,0,0,0
2026-10-04T14:04:57Z,frontend,adservice,794170,794167,0,0,0,2390076,793109
2026-10-04T14:04:57Z,frontend,cartservice,1765757,1765742,0,0,4,9814854,1763878
2026-10-04T14:04:57Z,frontend,checkoutservice,368396,177390,0,36197,154616,57696131,177255
2026-10-04T14:04:57Z,frontend,currencyservice,2807759,2807752,0,0,0,14885385,2804758
2026-10-04T14:04:57Z,frontend,emailservice,0,0,0,0,0,0,0
2026-10-04T14:04:57Z,frontend,frontend,0,0,0,0,0,0,0
2026-10-04T14:04:57Z,frontend,kubernetes,0,0,0,0,0,0,0
2026-10-04T14:04:57Z,frontend,paymentservice,0,0,0,0,0,0,0
2026-10-04T14:04:57Z,frontend,productcatalogservice,7872106,7872026,0,0,0,53620726,7861940
2026-10-04T14:04:57Z,frontend,recommendationservice,2557684,1558401,0,104145,892890,773185458,1556673
2026-10-04T14:04:57Z,frontend,redis-cart,0,0,0,0,0,0,0
2026-10-04T14:04:57Z,frontend,shippingservice,291324,291321,0,0,0,881601,290913
2026-10-04T14:04:57Z,paymentservice,adservice,0,0,0,0,0,0,0
2026-10-04T14:04:57Z,paymentservice,cartservice,0,0,0,0,0,0,0
2026-10-04T14:04:57Z,paymentservice,checkoutservice,0,0,0,0,0,0,0
2026-10-04T14:04:57Z,paymentservice,currencyservice,0,0,0,0,0,0,0
2026-10-04T14:04:57Z,paymentservice,emailservice,0,0,0,0,0,0,0
2026-10-04T14:04:57Z,paymentservice,frontend,0,0,0,0,0,0,0
2026-10-04T14:04:57Z,paymentservice,kubernetes,0,0,0,0,0,0,0
2026-10-04T14:04:57Z,paymentservice,paymentservice,0,0,0,0,0,0,0
2026-10-04T14:04:57Z,paymentservice,productcatalogservice,0,0,0,0,0,0,0
2026-10-04T14:04:57Z,paymentservice,recommendationservice,0,0,0,0,0,0,0
2026-10-04T14:04:57Z,paymentservice,redis-cart,0,0,0,0,0,0,0
2026-10-04T14:04:57Z,paymentservice,shippingservice,0,0,0,0,0,0,0
2026-10-04T14:04:57Z,productcatalogservice,adservice,0,0,0,0,0,0,0
2026-10-04T14:04:57Z,productcatalogservice,cartservice,0,0,0,0,0,0,0
2026-10-04T14:04:57Z,productcatalogservice,checkoutservice,0,0,0,0,0,0,0
2026-10-04T14:04:57Z,productcatalogservice,currencyservice,0,0,0,0,0,0,0
2026-10-04T14:04:57Z,productcatalogservice,emailservice,0,0,0,0,0,0,0
2026-10-04T14:04:57Z,productcatalogservice,frontend,0,0,0,0,0,0,0
2026-10-04T14:04:57Z,productcatalogservice,kubernetes,0,0,0,0,0,0,0
2026-10-04T14:04:57Z,productcatalogservice,paymentservice,0,0,0,0,0,0,0
2026-10-04T14:04:57Z,productcatalogservice,productcatalogservice,0,0,0,0,0,0,0
2026-10-04T14:04:57Z,productcatalogservice,recommendationservice,0,0,0,0,0,0,0
2026-10-04T14:04:57Z,productcatalogservice,redis-cart,0,0,0,0,0,0,0
2026-10-04T14:04:57Z,productcatalogservice,shippingservice,0,0,0,0,0,0,0
2026-10-04T14:04:57Z,recommendationservice,adservice,0,0,0,0,0,0,0
2026-10-04T14:04:57Z,recommendationservice,cartservice,0,0,0,0,0,0,0
2026-10-04T14:04:57Z,recommendationservice,checkoutservice,0,0,0,0,0,0,0
2026-10-04T14:04:57Z,recommendationservice,currencyservice,0,0,0,0,0,0,0
2026-10-04T14:04:57Z,recommendationservice,emailservice,0,0,0,0,0,0,0
2026-10-04T14:04:57Z,recommendationservice,frontend,0,0,0,0,0,0,0
2026-10-04T14:04:57Z,recommendationservice,kubernetes,0,0,0,0,0,0,0
2026-10-04T14:04:57Z,recommendationservice,paymentservice,0,0,0,0,0,0,0
2026-10-04T14:04:57Z,recommendationservice,productcatalogservice,33540,33530,0,0,0,249223,32501
2026-10-04T14:04:57Z,recommendationservice,recommendationservice,0,0,0,0,0,0,0
2026-10-04T14:04:57Z,recommendationservice,redis-cart,0,0,0,0,0,0,0
2026-10-04T14:04:57Z,recommendationservice,shippingservice,0,0,0,0,0,0,0
2026-10-04T14:04:57Z,redis-cart,adservice,0,0,0,0,0,0,0
2026-10-04T14:04:57Z,redis-cart,cartservice,0,0,0,0,0,0,0
2026-10-04T14:04:57Z,redis-cart,checkoutservice,0,0,0,0,0,0,0
2026-10-04T14:04:57Z,redis-cart,currencyservice,0,0,0,0,0,0,0
2026-10-04T14:04:57Z,redis-cart,emailservice,0,0,0,0,0,0,0
2026-10-04T14:04:57Z,redis-cart,frontend,0,0,0,0,0,0,0
2026-10-04T14:04:57Z,redis-cart,kubernetes,0,0,0,0,0,0,0
2026-10-04T14:04:57Z,redis-cart,paymentservice,0,0,0,0,0,0,0
2026-10-04T14:04:57Z,redis-cart,productcatalogservice,0,0,0,0,0,0,0
2026-10-04T14:04:57Z,redis-cart,recommendationservice,0,0,0,0,0,0,0
2026-10-04T14:04:57Z,redis-cart,redis-cart,0,0,0,0,0,0,0
2026-10-04T14:04:57Z,redis-cart,shippingservice,0,0,0,0,0,0,0
2026-10-04T14:04:57Z,shippingservice,adservice,0,0,0,0,0,0,0
2026-10-04T14:04:57Z,shippingservice,cartservice,0,0,0,0,0,0,0
2026-10-04T14:04:57Z,shippingservice,checkoutservice,0,0,0,0,0,0,0
2026-10-04T14:04:57Z,shippingservice,currencyservice,0,0,0,0,0,0,0
2026-10-04T14:04:57Z,shippingservice,emailservice,0,0,0,0,0,0,0
2026-10-04T14:04:57Z,shippingservice,frontend,0,0,0,0,0,0,0
2026-10-04T14:04:57Z,shippingservice,kubernetes,0,0,0,0,0,0,0
2026-10-04T14:04:57Z,shippingservice,paymentservice,0,0,0,0,0,0,0
2026-10-04T14:04:57Z,shippingservice,productcatalogservice,0,0,0,0,0,0,0
2026-10-04T14:04:57Z,shippingservice,recommendationservice,0,0,0,0,0,0,0
2026-10-04T14:04:57Z,shippingservice,redis-cart,0,0,0,0,0,0,0
2026-10-04T14:04:57Z,shippingservice,shippingservice,0,0,0,0,0,0,0
2026-10-04T14:04:58Z,adservice,adservice,0,0,0,0,0,0,0
2026-10-04T14:04:58Z,adservice,cartservice,0,0,0,0,0,0,0
2026-10-04T14:04:58Z,adservice,checkoutservice,0,0,0,0,0,0,0
2026-10-04T14:04:58Z,adservice,currencyservice,0,0,0,0,0,0,0
2026-10-04T14:04:58Z,adservice,emailservice,0,0,0,0,0,0,0
2026-10-04T14:04:58Z,adservice,frontend,0,0,0,0,0,0,0
2026-10-04T14:04:58Z,adservice,kubernetes,0,0,0,0,0,0,0
2026-10-04T14:04:58Z,adservice,paymentservice,0,0,0,0,0,0,0
2026-10-04T14:04:58Z,adservice,productcatalogservice,0,0,0,0,0,0,0
2026-10-04T14:04:58Z,adservice,recommendationservice,0,0,0,0,0,0,0
2026-10-04T14:04:58Z,adservice,redis-cart,0,0,0,0,0,0,0
2026-10-04T14:04:58Z,adservice,shippingservice,0,0,0,0,0,0,0
2026-10-04T14:04:58Z,cartservice,adservice,0,0,0,0,0,0,0
2026-10-04T14:04:58Z,cartservice,cartservice,0,0,0,0,0,0,0
2026-10-04T14:04:58Z,cartservice,checkoutservice,0,0,0,0,0,0,0
2026-10-04T14:04:58Z,cartservice,currencyservice,0,0,0,0,0,0,0
2026-10-04T14:04:58Z,cartservice,emailservice,0,0,0,0,0,0,0
2026-10-04T14:04:58Z,cartservice,frontend,0,0,0,0,0,0,0
2026-10-04T14:04:58Z,cartservice,kubernetes,0,0,0,0,0,0,0
2026-10-04T14:04:58Z,cartservice,paymentservice,0,0,0,0,0,0,0
2026-10-04T14:04:58Z,cartservice,productcatalogservice,0,0,0,0,0,0,0
2026-10-04T14:04:58Z,cartservice,recommendationservice,0,0,0,0,0,0,0
2026-10-04T14:04:58Z,cartservice,redis-cart,2,0,0,0,0,0,0
2026-10-04T14:04:58Z,cartservice,shippingservice,0,0,0,0,0,0,0
2026-10-04T14:04:58Z,checkoutservice,adservice,0,0,0,0,0,0,0
2026-10-04T14:04:58Z,checkoutservice,cartservice,16868,16519,0,52,0,216158,16184
2026-10-04T14:04:58Z,checkoutservice,checkoutservice,0,0,0,0,0,0,0
2026-10-04T14:04:58Z,checkoutservice,currencyservice,11871,11850,0,0,0,174442,11626
2026-10-04T14:04:58Z,checkoutservice,emailservice,2393,2243,0,38,0,111843,2243
2026-10-04T14:04:58Z,checkoutservice,frontend,0,0,0,0,0,0,0
2026-10-04T14:04:58Z,checkoutservice,kubernetes,0,0,0,0,0,0,0
2026-10-04T14:04:58Z,checkoutservice,paymentservice,9704,9143,0,51,0,141232,9033
2026-10-04T14:04:58Z,checkoutservice,productcatalogservice,0,0,0,0,0,0,0
2026-10-04T14:04:58Z,checkoutservice,recommendationservice,0,0,0,0,0,0,0
2026-10-04T14:04:58Z,checkoutservice,redis-cart,0,0,0,0,0,0,0
2026-10-04T14:04:58Z,checkoutservice,shippingservice,18312,17568,0,58,0,163528,17300
2026-10-04T14:04:58Z,currencyservice,adservice,0,0,0,0,0,0,0
2026-10-04T14:04:58Z,currencyservice,cartservice,0,0,0,0,0,0,0
2026-10-04T14:04:58Z,currencyservice,checkoutservice,0,0,0,0,0,0,0
2026-10-04T14:04:58Z,currencyservice,currencyservice,0,0,0,0,0,0,0
2026-10-04T14:04:58Z,currencyservice,emailservice,0,0,0,0,0,0,0
2026-10-04T14:04:58Z,currencyservice,frontend,0,0,0,0,0,0,0
2026-10-04T14:04:58Z,currencyservice,kubernetes,0,0,0,0,0,0,0
2026-10-04T14:04:58Z,currencyservice,paymentservice,0,0,0,0,0,0,0
2026-10-04T14:04:58Z,currencyservice,productcatalogservice,0,0,0,0,0,0,0
2026-10-04T14:04:58Z,currencyservice,recommendationservice,0,0,0,0,0,0,0
2026-10-04T14:04:58Z,currencyservice,redis-cart,0,0,0,0,0,0,0
2026-10-04T14:04:58Z,currencyservice,shippingservice,0,0,0,0,0,0,0
2026-10-04T14:04:58Z,emailservice,adservice,0,0,0,0,0,0,0
2026-10-04T14:04:58Z,emailservice,cartservice,0,0,0,0,0,0,0
2026-10-04T14:04:58Z,emailservice,checkoutservice,0,0,0,0,0,0,0
2026-10-04T14:04:58Z,emailservice,currencyservice,0,0,0,0,0,0,0
2026-10-04T14:04:58Z,emailservice,emailservice,0,0,0,0,0,0,0
2026-10-04T14:04:58Z,emailservice,frontend,0,0,0,0,0,0,0
2026-10-04T14:04:58Z,emailservice,kubernetes,0,0,0,0,0,0,0
2026-10-04T14:04:58Z,emailservice,paymentservice,0,0,0,0,0,0,0
2026-10-04T14:04:58Z,emailservice,productcatalogservice,0,0,0,0,0,0,0
2026-10-04T14:04:58Z,emailservice,recommendationservice,0,0,0,0,0,0,0
2026-10-04T14:04:58Z,emailservice,redis-cart,0,0,0,0,0,0,0
2026-10-04T14:04:58Z,emailservice,shippingservice,0,0,0,0,0,0,0
2026-10-04T14:04:58Z,frontend,adservice,794449,794447,0,0,0,2393059,794106
2026-10-04T14:04:58Z,frontend,cartservice,1766212,1766199,0,0,4,9824696,1765564
2026-10-04T14:04:58Z,frontend,checkoutservice,368589,177417,0,36232,154751,57849446,177386
2026-10-04T14:04:58Z,frontend,currencyservice,2808494,2808481,0,0,0,14899766,2807454
2026-10-04T14:04:58Z,frontend,emailservice,0,0,0,0,0,0,0
2026-10-04T14:04:58Z,frontend,frontend,0,0,0,0,0,0,0
2026-10-04T14:04:58Z,frontend,kubernetes,0,0,0,0,0,0,0
2026-10-04T14:04:58Z,frontend,paymentservice,0,0,0,0,0,0,0
2026-10-04T14:04:58Z,frontend,productcatalogservice,7874674,7874593,0,0,0,53683647,7871225
2026-10-04T14:04:58Z,frontend,recommendationservice,2558110,1558840,0,104145,892890,773375987,1558264
2026-10-04T14:04:58Z,frontend,redis-cart,0,0,0,0,0,0,0
2026-10-04T14:04:58Z,frontend,shippingservice,291424,291420,0,0,0,882712,291264
2026-10-04T14:04:58Z,paymentservice,adservice,0,0,0,0,0,0,0
2026-10-04T14:04:58Z,paymentservice,cartservice,0,0,0,0,0,0,0
2026-10-04T14:04:58Z,paymentservice,checkoutservice,0,0,0,0,0,0,0
2026-10-04T14:04:58Z,paymentservice,currencyservice,0,0,0,0,0,0,0
2026-10-04T14:04:58Z,paymentservice,emailservice,0,0,0,0,0,0,0
2026-10-04T14:04:58Z,paymentservice,frontend,0,0,0,0,0,0,0
2026-10-04T14:04:58Z,paymentservice,kubernetes,0,0,0,0,0,0,0
2026-10-04T14:04:58Z,paymentservice,paymentservice,0,0,0,0,0,0,0
2026-10-04T14:04:58Z,paymentservice,productcatalogservice,0,0,0,0,0,0,0
2026-10-04T14:04:58Z,paymentservice,recommendationservice,0,0,0,0,0,0,0
2026-10-04T14:04:58Z,paymentservice,redis-cart,0,0,0,0,0,0,0
2026-10-04T14:04:58Z,paymentservice,shippingservice,0,0,0,0,0,0,0
2026-10-04T14:04:58Z,productcatalogservice,adservice,0,0,0,0,0,0,0
2026-10-04T14:04:58Z,productcatalogservice,cartservice,0,0,0,0,0,0,0
2026-10-04T14:04:58Z,productcatalogservice,checkoutservice,0,0,0,0,0,0,0
2026-10-04T14:04:58Z,productcatalogservice,currencyservice,0,0,0,0,0,0,0
2026-10-04T14:04:58Z,productcatalogservice,emailservice,0,0,0,0,0,0,0
2026-10-04T14:04:58Z,productcatalogservice,frontend,0,0,0,0,0,0,0
2026-10-04T14:04:58Z,productcatalogservice,kubernetes,0,0,0,0,0,0,0
2026-10-04T14:04:58Z,productcatalogservice,paymentservice,0,0,0,0,0,0,0
2026-10-04T14:04:58Z,productcatalogservice,productcatalogservice,0,0,0,0,0,0,0
2026-10-04T14:04:58Z,productcatalogservice,recommendationservice,0,0,0,0,0,0,0
2026-10-04T14:04:58Z,productcatalogservice,redis-cart,0,0,0,0,0,0,0
2026-10-04T14:04:58Z,productcatalogservice,shippingservice,0,0,0,0,0,0,0
2026-10-04T14:04:58Z,recommendationservice,adservice,0,0,0,0,0,0,0
2026-10-04T14:04:58Z,recommendationservice,cartservice,0,0,0,0,0,0,0
2026-10-04T14:04:58Z,recommendationservice,checkoutservice,0,0,0,0,0,0,0
2026-10-04T14:04:58Z,recommendationservice,currencyservice,0,0,0,0,0,0,0
2026-10-04T14:04:58Z,recommendationservice,emailservice,0,0,0,0,0,0,0
2026-10-04T14:04:58Z,recommendationservice,frontend,0,0,0,0,0,0,0
2026-10-04T14:04:58Z,recommendationservice,kubernetes,0,0,0,0,0,0,0
2026-10-04T14:04:58Z,recommendationservice,paymentservice,0,0,0,0,0,0,0
2026-10-04T14:04:58Z,recommendationservice,productcatalogservice,33979,33969,0,0,0,249223,32501
2026-10-04T14:04:58Z,recommendationservice,recommendationservice,0,0,0,0,0,0,0
2026-10-04T14:04:58Z,recommendationservice,redis-cart,0,0,0,0,0,0,0
2026-10-04T14:04:58Z,recommendationservice,shippingservice,0,0,0,0,0,0,0
2026-10-04T14:04:58Z,redis-cart,adservice,0,0,0,0,0,0,0
2026-10-04T14:04:58Z,redis-cart,cartservice,0,0,0,0,0,0,0
2026-10-04T14:04:58Z,redis-cart,checkoutservice,0,0,0,0,0,0,0
2026-10-04T14:04:58Z,redis-cart,currencyservice,0,0,0,0,0,0,0
2026-10-04T14:04:58Z,redis-cart,emailservice,0,0,0,0,0,0,0
2026-10-04T14:04:58Z,redis-cart,frontend,0,0,0,0,0,0,0
2026-10-04T14:04:58Z,redis-cart,kubernetes,0,0,0,0,0,0,0
2026-10-04T14:04:58Z,redis-cart,paymentservice,0,0,0,0,0,0,0
2026-10-04T14:04:58Z,redis-cart,productcatalogservice,0,0,0,0,0,0,0
2026-10-04T14:04:58Z,redis-cart,recommendationservice,0,0,0,0,0,0,0
2026-10-04T14:04:58Z,redis-cart,redis-cart,0,0,0,0,0,0,0
2026-10-04T14:04:58Z,redis-cart,shippingservice,0,0,0,0,0,0,0
2026-10-04T14:04:58Z,shippingservice,adservice,0,0,0,0,0,0,0
2026-10-04T14:04:58Z,shippingservice,cartservice,0,0,0,0,0,0,0
2026-10-04T14:04:58Z,shippingservice,checkoutservice,0,0,0,0,0,0,0
2026-10-04T14:04:58Z,shippingservice,currencyservice,0,0,0,0,0,0,0
2026-10-04T14:04:58Z,shippingservice,emailservice,0,0,0,0,0,0,0
2026-10-04T14:04:58Z,shippingservice,frontend,0,0,0,0,0,0,0
2026-10-04T14:04:58Z,shippingservice,kubernetes,0,0,0,0,0,0,0
2026-10-04T14:04:58Z,shippingservice,paymentservice,0,0,0,0,0,0,0
2026-10-04T14:04:58Z,shippingservice,productcatalogservice,0,0,0,0,0,0,0
2026-10-04T14:04:58Z,shippingservice,recommendationservice,0,0,0,0,0,0,0
2026-10-04T14:04:58Z,shippingservice,redis-cart,0,0,0,0,0,0,0
2026-10-04T14:04:58Z,shippingservice,shippingservice,0,0,0,0,0,0,0
2026-10-04T14:04:59Z,adservice,adservice,0,0,0,0,0,0,0
2026-10-04T14:04:59Z,adservice,cartservice,0,0,0,0,0,0,0
2026-10-04T14:04:59Z,adservice,checkoutservice,0,0,0,0,0,0,0
2026-10-04T14:04:59Z,adservice,currencyservice,0,0,0,0,0,0,0
2026-10-04T14:04:59Z,adservice,emailservice,0,0,0,0,0,0,0
2026-10-04T14:04:59Z,adservice,frontend,0,0,0,0,0,0,0
2026-10-04T14:04:59Z,adservice,kubernetes,0,0,0,0,0,0,0
2026-10-04T14:04:59Z,adservice,paymentservice,0,0,0,0,0,0,0
2026-10-04T14:04:59Z,adservice,productcatalogservice,0,0,0,0,0,0,0
2026-10-04T14:04:59Z,adservice,recommendationservice,0,0,0,0,0,0,0
2026-10-04T14:04:59Z,adservice,redis-cart,0,0,0,0,0,0,0
2026-10-04T14:04:59Z,adservice,shippingservice,0,0,0,0,0,0,0
2026-10-04T14:04:59Z,cartservice,adservice,0,0,0,0,0,0,0
2026-10-04T14:04:59Z,cartservice,cartservice,0,0,0,0,0,0,0
2026-10-04T14:04:59Z,cartservice,checkoutservice,0,0,0,0,0,0,0
2026-10-04T14:04:59Z,cartservice,currencyservice,0,0,0,0,0,0,0
2026-10-04T14:04:59Z,cartservice,emailservice,0,0,0,0,0,0,0
2026-10-04T14:04:59Z,cartservice,frontend,0,0,0,0,0,0,0
2026-10-04T14:04:59Z,cartservice,kubernetes,0,0,0,0,0,0,0
2026-10-04T14:04:59Z,cartservice,paymentservice,0,0,0,0,0,0,0
2026-10-04T14:04:59Z,cartservice,productcatalogservice,0,0,0,0,0,0,0
2026-10-04T14:04:59Z,cartservice,recommendationservice,0,0,0,0,0,0,0
2026-10-04T14:04:59Z,cartservice,redis-cart,2,0,0,0,0,0,0
2026-10-04T14:04:59Z,cartservice,shippingservice,0,0,0,0,0,0,0
2026-10-04T14:04:59Z,checkoutservice,adservice,0,0,0,0,0,0,0
2026-10-04T14:04:59Z,checkoutservice,cartservice,17055,16622,0,52,0,216158,16184
2026-10-04T14:04:59Z,checkoutservice,checkoutservice,0,0,0,0,0,0,0
2026-10-04T14:04:59Z,checkoutservice,currencyservice,11958,11958,0,0,0,174442,11626
2026-10-04T14:04:59Z,checkoutservice,emailservice,2393,2243,0,38,0,111843,2243
2026-10-04T14:04:59Z,checkoutservice,frontend,0,0,0,0,0,0,0
2026-10-04T14:04:59Z,checkoutservice,kubernetes,0,0,0,0,0,0,0
2026-10-04T14:04:59Z,checkoutservice,paymentservice,9738,9165,0,52,0,141232,9033
2026-10-04T14:04:59Z,checkoutservice,productcatalogservice,0,0,0,0,0,0,0
2026-10-04T14:04:59Z,checkoutservice,recommendationservice,0,0,0,0,0,0,0
2026-10-04T14:04:59Z,checkoutservice,redis-cart,0,0,0,0,0,0,0
2026-10-04T14:04:59Z,checkoutservice,shippingservice,18403,17664,0,58,0,163528,17300
2026-10-04T14:04:59Z,currencyservice,adservice,0,0,0,0,0,0,0
2026-10-04T14:04:59Z,currencyservice,cartservice,0,0,0,0,0,0,0
2026-10-04T14:04:59Z,currencyservice,checkoutservice,0,0,0,0,0,0,0
2026-10-04T14:04:59Z,currencyservice,currencyservice,0,0,0,0,0,0,0
2026-10-04T14:04:59Z,currencyservice,emailservice,0,0,0,0,0,0,0
2026-10-04T14:04:59Z,currencyservice,frontend,0,0,0,0,0,0,0
2026-10-04T14:04:59Z,currencyservice,kubernetes,0,0,0,0,0,0,0
2026-10-04T14:04:59Z,currencyservice,paymentservice,0,0,0,0,0,0,0
2026-10-04T14:04:59Z,currencyservice,productcatalogservice,0,0,0,0,0,0,0
2026-10-04T14:04:59Z,currencyservice,recommendationservice,0,0,0,0,0,0,0
2026-10-04T14:04:59Z,currencyservice,redis-cart,0,0,0,0,0,0,0
2026-10-04T14:04:59Z,currencyservice,shippingservice,0,0,0,0,0,0,0
2026-10-04T14:04:59Z,emailservice,adservice,0,0,0,0,0,0,0
2026-10-04T14:04:59Z,emailservice,cartservice,0,0,0,0,0,0,0
2026-10-04T14:04:59Z,emailservice,checkoutservice,0,0,0,0,0,0,0
2026-10-04T14:04:59Z,emailservice,currencyservice,0,0,0,0,0,0,0
2026-10-04T14:04:59Z,emailservice,emailservice,0,0,0,0,0,0,0
2026-10-04T14:04:59Z,emailservice,frontend,0,0,0,0,0,0,0
2026-10-04T14:04:59Z,emailservice,kubernetes,0,0,0,0,0,0,0
2026-10-04T14:04:59Z,emailservice,paymentservice,0,0,0,0,0,0,0
2026-10-04T14:04:59Z,emailservice,productcatalogservice,0,0,0,0,0,0,0
2026-10-04T14:04:59Z,emailservice,recommendationservice,0,0,0,0,0,0,0
2026-10-04T14:04:59Z,emailservice,redis-cart,0,0,0,0,0,0,0
2026-10-04T14:04:59Z,emailservice,shippingservice,0,0,0,0,0,0,0
2026-10-04T14:04:59Z,frontend,adservice,794715,794712,0,0,0,2394188,794494
2026-10-04T14:04:59Z,frontend,cartservice,1766688,1766668,0,0,4,9829012,1766241
2026-10-04T14:04:59Z,frontend,checkoutservice,368802,177442,0,36267,154894,57886286,177418
2026-10-04T14:04:59Z,frontend,currencyservice,2809227,2809216,0,0,0,14905712,2808524
2026-10-04T14:04:59Z,frontend,emailservice,0,0,0,0,0,0,0
2026-10-04T14:04:59Z,frontend,frontend,0,0,0,0,0,0,0
2026-10-04T14:04:59Z,frontend,kubernetes,0,0,0,0,0,0,0
2026-10-04T14:04:59Z,frontend,paymentservice,0,0,0,0,0,0,0
2026-10-04T14:04:59Z,frontend,productcatalogservice,7877193,7877106,0,0,0,53717055,7874797
2026-10-04T14:04:59Z,frontend,recommendationservice,2558539,1559273,0,104145,892890,773448780,1558877
2026-10-04T14:04:59Z,frontend,redis-cart,0,0,0,0,0,0,0
2026-10-04T14:04:59Z,frontend,shippingservice,291521,291519,0,0,0,883201,291407
2026-10-04T14:04:59Z,paymentservice,adservice,0,0,0,0,0,0,0
2026-10-04T14:04:59Z,paymentservice,cartservice,0,0,0,0,0,0,0
2026-10-04T14:04:59Z,paymentservice,checkoutservice,0,0,0,0,0,0,0
2026-10-04T14:04:59Z,paymentservice,currencyservice,0,0,0,0,0,0,0
2026-10-04T14:04:59Z,paymentservice,emailservice,0,0,0,0,0,0,0
2026-10-04T14:04:59Z,paymentservice,frontend,0,0,0,0,0,0,0
2026-10-04T14:04:59Z,paymentservice,kubernetes,0,0,0,0,0,0,0
2026-10-04T14:04:59Z,paymentservice,paymentservice,0,0,0,0,0,0,0
2026-10-04T14:04:59Z,paymentservice,productcatalogservice,0,0,0,0,0,0,0
2026-10-04T14:04:59Z,paymentservice,recommendationservice,0,0,0,0,0,0,0
2026-10-04T14:04:59Z,paymentservice,redis-cart,0,0,0,0,0,0,0
2026-10-04T14:04:59Z,paymentservice,shippingservice,0,0,0,0,0,0,0
2026-10-04T14:04:59Z,productcatalogservice,adservice,0,0,0,0,0,0,0
2026-10-04T14:04:59Z,productcatalogservice,cartservice,0,0,0,0,0,0,0
2026-10-04T14:04:59Z,productcatalogservice,checkoutservice,0,0,0,0,0,0,0
2026-10-04T14:04:59Z,productcatalogservice,currencyservice,0,0,0,0,0,0,0
2026-10-04T14:04:59Z,productcatalogservice,emailservice,0,0,0,0,0,0,0
2026-10-04T14:04:59Z,productcatalogservice,frontend,0,0,0,0,0,0,0
2026-10-04T14:04:59Z,productcatalogservice,kubernetes,0,0,0,0,0,0,0
2026-10-04T14:04:59Z,productcatalogservice,paymentservice,0,0,0,0,0,0,0
2026-10-04T14:04:59Z,productcatalogservice,productcatalogservice,0,0,0,0,0,0,0
2026-10-04T14:04:59Z,productcatalogservice,recommendationservice,0,0,0,0,0,0,0
2026-10-04T14:04:59Z,productcatalogservice,redis-cart,0,0,0,0,0,0,0
2026-10-04T14:04:59Z,productcatalogservice,shippingservice,0,0,0,0,0,0,0
2026-10-04T14:04:59Z,recommendationservice,adservice,0,0,0,0,0,0,0
2026-10-04T14:04:59Z,recommendationservice,cartservice,0,0,0,0,0,0,0
2026-10-04T14:04:59Z,recommendationservice,checkoutservice,0,0,0,0,0,0,0
2026-10-04T14:04:59Z,recommendationservice,currencyservice,0,0,0,0,0,0,0
2026-10-04T14:04:59Z,recommendationservice,emailservice,0,0,0,0,0,0,0
2026-10-04T14:04:59Z,recommendationservice,frontend,0,0,0,0,0,0,0
2026-10-04T14:04:59Z,recommendationservice,kubernetes,0,0,0,0,0,0,0
2026-10-04T14:04:59Z,recommendationservice,paymentservice,0,0,0,0,0,0,0
2026-10-04T14:04:59Z,recommendationservice,productcatalogservice,34447,34438,0,0,0,249223,32501
2026-10-04T14:04:59Z,recommendationservice,recommendationservice,0,0,0,0,0,0,0
2026-10-04T14:04:59Z,recommendationservice,redis-cart,0,0,0,0,0,0,0
2026-10-04T14:04:59Z,recommendationservice,shippingservice,0,0,0,0,0,0,0
2026-10-04T14:04:59Z,redis-cart,adservice,0,0,0,0,0,0,0
2026-10-04T14:04:59Z,redis-cart,cartservice,0,0,0,0,0,0,0
2026-10-04T14:04:59Z,redis-cart,checkoutservice,0,0,0,0,0,0,0
2026-10-04T14:04:59Z,redis-cart,currencyservice,0,0,0,0,0,0,0
2026-10-04T14:04:59Z,redis-cart,emailservice,0,0,0,0,0,0,0
2026-10-04T14:04:59Z,redis-cart,frontend,0,0,0,0,0,0,0
2026-10-04T14:04:59Z,redis-cart,kubernetes,0,0,0,0,0,0,0
2026-10-04T14:04:59Z,redis-cart,paymentservice,0,0,0,0,0,0,0
2026-10-04T14:04:59Z,redis-cart,productcatalogservice,0,0,0,0,0,0,0
2026-10-04T14:04:59Z,redis-cart,recommendationservice,0,0,0,0,0,0,0
2026-10-04T14:04:59Z,redis-cart,redis-cart,0,0,0,0,0,0,0
2026-10-04T14:04:59Z,redis-cart,shippingservice,0,0,0,0,0,0,0
2026-10-04T14:04:59Z,shippingservice,adservice,0,0,0,0,0,0,0
2026-10-04T14:04:59Z,shippingservice,cartservice,0,0,0,0,0,0,0
2026-10-04T14:04:59Z,shippingservice,checkoutservice,0,0,0,0,0,0,0
2026-10-04T14:04:59Z,shippingservice,currencyservice,0,0,0,0,0,0,0
2026-10-04T14:04:59Z,shippingservice,emailservice,0,0,0,0,0,0,0
2026-10-04T14:04:59Z,shippingservice,frontend,0,0,0,0,0,0,0
2026-10-04T14:04:59Z,shippingservice,kubernetes,0,0,0,0,0,0,0
2026-10-04T14:04:59Z,shippingservice,paymentservice,0,0,0,0,0,0,0
2026-10-04T14:04:59Z,shippingservice,productcatalogservice,0,0,0,0,0,0,0
2026-10-04T14:04:59Z,shippingservice,recommendationservice,0,0,0,0,0,0,0
2026-10-04T14:04:59Z,shippingservice,redis-cart,0,0,0,0,0,0,0
2026-10-04T14:04:59Z,shippingservice,shippingservice,0,0,0,0,0,0,0
2026-10-04T14:05:00Z,adservice,adservice,0,0,0,0,0,0,0
2026-10-04T14:05:00Z,adservice,cartservice,0,0,0,0,0,0,0
2026-10-04T14:05:00Z,adservice,checkoutservice,0,0,0,0,0,0,0
2026-10-04T14:05:00Z,adservice,currencyservice,0,0,0,0,0,0,0
2026-10-04T14:05:00Z,adservice,emailservice,0,0,0,0,0,0,0
2026-10-04T14:05:00Z,adservice,frontend,0,0,0,0,0,0,0
2026-10-04T14:05:00Z,adservice,kubernetes,0,0,0,0,0,0,0
2026-10-04T14:05:00Z,adservice,paymentservice,0,0,0,0,0,0,0
2026-10-04T14:05:00Z,adservice,productcatalogservice,0,0,0,0,0,0,0
2026-10-04T14:05:00Z,adservice,recommendationservice,0,0,0,0,0,0,0
2026-10-04T14:05:00Z,adservice,redis-cart,0,0,0,0,0,0,0
2026-10-04T14:05:00Z,adservice,shippingservice,0,0,0,0,0,0,0
2026-10-04T14:05:00Z,cartservice,adservice,0,0,0,0,0,0,0
2026-10-04T14:05:00Z,cartservice,cartservice,0,0,0,0,0,0,0
2026-10-04T14:05:00Z,cartservice,checkoutservice,0,0,0,0,0,0,0
2026-10-04T14:05:00Z,cartservice,currencyservice,0,0,0,0,0,0,0
2026-10-04T14:05:00Z,cartservice,emailservice,0,0,0,0,0,0,0
2026-10-04T14:05:00Z,cartservice,frontend,0,0,0,0,0,0,0
2026-10-04T14:05:00Z,cartservice,kubernetes,0,0,0,0,0,0,0
2026-10-04T14:05:00Z,cartservice,paymentservice,0,0,0,0,0,0,0
2026-10-04T14:05:00Z,cartservice,productcatalogservice,0,0,0,0,0,0,0
2026-10-04T14:05:00Z,cartservice,recommendationservice,0,0,0,0,0,0,0
2026-10-04T14:05:00Z,cartservice,redis-cart,2,0,0,0,0,0,0
2026-10-04T14:05:00Z,cartservice,shippingservice,0,0,0,0,0,0,0
2026-10-04T14:05:00Z,checkoutservice,adservice,0,0,0,0,0,0,0
2026-10-04T14:05:00Z,checkoutservice,cartservice,17268,16904,0,52,0,216158,16184
2026-10-04T14:05:00Z,checkoutservice,checkoutservice,0,0,0,0,0,0,0
2026-10-04T14:05:00Z,checkoutservice,currencyservice,12171,12164,0,0,0,174442,11626
2026-10-04T14:05:00Z,checkoutservice,emailservice,2393,2243,0,38,0,111843,2243
2026-10-04T14:05:00Z,checkoutservice,frontend,0,0,0,0,0,0,0
2026-10-04T14:05:00Z,checkoutservice,kubernetes,0,0,0,0,0,0,0
2026-10-04T14:05:00Z,checkoutservice,paymentservice,9871,9285,0,52,0,141232,9033
2026-10-04T14:05:00Z,checkoutservice,productcatalogservice,0,0,0,0,0,0,0
2026-10-04T14:05:00Z,checkoutservice,recommendationservice,0,0,0,0,0,0,0
2026-10-04T14:05:00Z,checkoutservice,redis-cart,0,0,0,0,0,0,0
2026-10-04T14:05:00Z,checkoutservice,shippingservice,18694,17944,0,58,0,163528,17300
2026-10-04T14:05:00Z,currencyservice,adservice,0,0,0,0,0,0,0
2026-10-04T14:05:00Z,currencyservice,cartservice,0,0,0,0,0,0,0
2026-10-04T14:05:00Z,currencyservice,checkoutservice,0,0,0,0,0,0,0
2026-10-04T14:05:00Z,currencyservice,currencyservice,0,0,0,0,0,0,0
2026-10-04T14:05:00Z,currencyservice,emailservice,0,0,0,0,0,0,0
2026-10-04T14:05:00Z,currencyservice,frontend,0,0,0,0,0,0,0
2026-10-04T14:05:00Z,currencyservice,kubernetes,0,0,0,0,0,0,0
2026-10-04T14:05:00Z,currencyservice,paymentservice,0,0,0,0,0,0,0
2026-10-04T14:05:00Z,currencyservice,productcatalogservice,0,0,0,0,0,0,0
2026-10-04T14:05:00Z,currencyservice,recommendationservice,0,0,0,0,0,0,0
2026-10-04T14:05:00Z,currencyservice,redis-cart,0,0,0,0,0,0,0
2026-10-04T14:05:00Z,currencyservice,shippingservice,0,0,0,0,0,0,0
2026-10-04T14:05:00Z,emailservice,adservice,0,0,0,0,0,0,0
2026-10-04T14:05:00Z,emailservice,cartservice,0,0,0,0,0,0,0
2026-10-04T14:05:00Z,emailservice,checkoutservice,0,0,0,0,0,0,0
2026-10-04T14:05:00Z,emailservice,currencyservice,0,0,0,0,0,0,0
2026-10-04T14:05:00Z,emailservice,emailservice,0,0,0,0,0,0,0
2026-10-04T14:05:00Z,emailservice,frontend,0,0,0,0,0,0,0
2026-10-04T14:05:00Z,emailservice,kubernetes,0,0,0,0,0,0,0
2026-10-04T14:05:00Z,emailservice,paymentservice,0,0,0,0,0,0,0
2026-10-04T14:05:00Z,emailservice,productcatalogservice,0,0,0,0,0,0,0
2026-10-04T14:05:00Z,emailservice,recommendationservice,0,0,0,0,0,0,0
2026-10-04T14:05:00Z,emailservice,redis-cart,0,0,0,0,0,0,0
2026-10-04T14:05:00Z,emailservice,shippingservice,0,0,0,0,0,0,0
2026-10-04T14:05:00Z,frontend,adservice,795006,795003,0,0,0,2394188,794494
2026-10-04T14:05:00Z,frontend,cartservice,1767163,1767149,0,0,4,9829012,1766241
2026-10-04T14:05:00Z,frontend,checkoutservice,369000,177469,0,36296,155041,57886286,177418
2026-10-04T14:05:00Z,frontend,currencyservice,2810000,2809986,0,0,0,14905712,2808524
2026-10-04T14:05:00Z,frontend,emailservice,0,0,0,0,0,0,0
2026-10-04T14:05:00Z,frontend,frontend,0,0,0,0,0,0,0
2026-10-04T14:05:00Z,frontend,kubernetes,0,0,0,0,0,0,0
2026-10-04T14:05:00Z,frontend,paymentservice,0,0,0,0,0,0,0
2026-10-04T14:05:00Z,frontend,productcatalogservice,7879787,7879690,0,0,0,53717055,7874797
2026-10-04T14:05:00Z,frontend,recommendationservice,2558980,1559724,0,104145,892890,773448780,1558877
2026-10-04T14:05:00Z,frontend,redis-cart,0,0,0,0,0,0,0
2026-10-04T14:05:00Z,frontend,shippingservice,291619,291617,0,0,0,883201,291407
2026-10-04T14:05:00Z,paymentservice,adservice,0,0,0,0,0,0,0
2026-10-04T14:05:00Z,paymentservice,cartservice,0,0,0,0,0,0,0
2026-10-04T14:05:00Z,paymentservice,checkoutservice,0,0,0,0,0,0,0
2026-10-04T14:05:00Z,paymentservice,currencyservice,0,0,0,0,0,0,0
2026-10-04T14:05:00Z,paymentservice,emailservice,0,0,0,0,0,0,0
2026-10-04T14:05:00Z,paymentservice,frontend,0,0,0,0,0,0,0
2026-10-04T14:05:00Z,paymentservice,kubernetes,0,0,0,0,0,0,0
2026-10-04T14:05:00Z,paymentservice,paymentservice,0,0,0,0,0,0,0
2026-10-04T14:05:00Z,paymentservice,productcatalogservice,0,0,0,0,0,0,0
2026-10-04T14:05:00Z,paymentservice,recommendationservice,0,0,0,0,0,0,0
2026-10-04T14:05:00Z,paymentservice,redis-cart,0,0,0,0,0,0,0
2026-10-04T14:05:00Z,paymentservice,shippingservice,0,0,0,0,0,0,0
2026-10-04T14:05:00Z,productcatalogservice,adservice,0,0,0,0,0,0,0
2026-10-04T14:05:00Z,productcatalogservice,cartservice,0,0,0,0,0,0,0
2026-10-04T14:05:00Z,productcatalogservice,checkoutservice,0,0,0,0,0,0,0
2026-10-04T14:05:00Z,productcatalogservice,currencyservice,0,0,0,0,0,0,0
2026-10-04T14:05:00Z,productcatalogservice,emailservice,0,0,0,0,0,0,0
2026-10-04T14:05:00Z,productcatalogservice,frontend,0,0,0,0,0,0,0
2026-10-04T14:05:00Z,productcatalogservice,kubernetes,0,0,0,0,0,0,0
2026-10-04T14:05:00Z,productcatalogservice,paymentservice,0,0,0,0,0,0,0
2026-10-04T14:05:00Z,productcatalogservice,productcatalogservice,0,0,0,0,0,0,0
2026-10-04T14:05:00Z,productcatalogservice,recommendationservice,0,0,0,0,0,0,0
2026-10-04T14:05:00Z,productcatalogservice,redis-cart,0,0,0,0,0,0,0
2026-10-04T14:05:00Z,productcatalogservice,shippingservice,0,0,0,0,0,0,0
2026-10-04T14:05:00Z,recommendationservice,adservice,0,0,0,0,0,0,0
2026-10-04T14:05:00Z,recommendationservice,cartservice,0,0,0,0,0,0,0
2026-10-04T14:05:00Z,recommendationservice,checkoutservice,0,0,0,0,0,0,0
2026-10-04T14:05:00Z,recommendationservice,currencyservice,0,0,0,0,0,0,0
2026-10-04T14:05:00Z,recommendationservice,emailservice,0,0,0,0,0,0,0
2026-10-04T14:05:00Z,recommendationservice,frontend,0,0,0,0,0,0,0
2026-10-04T14:05:00Z,recommendationservice,kubernetes,0,0,0,0,0,0,0
2026-10-04T14:05:00Z,recommendationservice,paymentservice,0,0,0,0,0,0,0
2026-10-04T14:05:00Z,recommendationservice,productcatalogservice,34849,34841,0,0,0,268899,34685
2026-10-04T14:05:00Z,recommendationservice,recommendationservice,0,0,0,0,0,0,0
2026-10-04T14:05:00Z,recommendationservice,redis-cart,0,0,0,0,0,0,0
2026-10-04T14:05:00Z,recommendationservice,shippingservice,0,0,0,0,0,0,0
2026-10-04T14:05:00Z,redis-cart,adservice,0,0,0,0,0,0,0
2026-10-04T14:05:00Z,redis-cart,cartservice,0,0,0,0,0,0,0
2026-10-04T14:05:00Z,redis-cart,checkoutservice,0,0,0,0,0,0,0
2026-10-04T14:05:00Z,redis-cart,currencyservice,0,0,0,0,0,0,0
2026-10-04T14:05:00Z,redis-cart,emailservice,0,0,0,0,0,0,0
2026-10-04T14:05:00Z,redis-cart,frontend,0,0,0,0,0,0,0
2026-10-04T14:05:00Z,redis-cart,kubernetes,0,0,0,0,0,0,0
2026-10-04T14:05:00Z,redis-cart,paymentservice,0,0,0,0,0,0,0
2026-10-04T14:05:00Z,redis-cart,productcatalogservice,0,0,0,0,0,0,0
2026-10-04T14:05:00Z,redis-cart,recommendationservice,0,0,0,0,0,0,0
2026-10-04T14:05:00Z,redis-cart,redis-cart,0,0,0,0,0,0,0
2026-10-04T14:05:00Z,redis-cart,shippingservice,0,0,0,0,0,0,0
2026-10-04T14:05:00Z,shippingservice,adservice,0,0,0,0,0,0,0
2026-10-04T14:05:00Z,shippingservice,cartservice,0,0,0,0,0,0,0
2026-10-04T14:05:00Z,shippingservice,checkoutservice,0,0,0,0,0,0,0
2026-10-04T14:05:00Z,shippingservice,currencyservice,0,0,0,0,0,0,0
2026-10-04T14:05:00Z,shippingservice,emailservice,0,0,0,0,0,0,0
2026-10-04T14:05:00Z,shippingservice,frontend,0,0,0,0,0,0,0
2026-10-04T14:05:00Z,shippingservice,kubernetes,0,0,0,0,0,0,0
2026-10-04T14:05:00Z,shippingservice,paymentservice,0,0,0,0,0,0,0
2026-10-04T14:05:00Z,shippingservice,productcatalogservice,0,0,0,0,0,0,0
2026-10-04T14:05:00Z,shippingservice,recommendationservice,0,0,0,0,0,0,0
2026-10-04T14:05:00Z,shippingservice,redis-cart,0,0,0,0,0,0,0
2026-10-04T14:05:00Z,shippingservice,shippingservice,0,0,0,0,0,0,0
2026-10-04T14:05:01Z,adservice,adservice,0,0,0,0,0,0,0
2026-10-04T14:05:01Z,adservice,cartservice,0,0,0,0,0,0,0
2026-10-04T14:05:01Z,adservice,checkoutservice,0,0,0,0,0,0,0
2026-10-04T14:05:01Z,adservice,currencyservice,0,0,0,0,0,0,0
2026-10-04T14:05:01Z,adservice,emailservice,0,0,0,0,0,0,0
2026-10-04T14:05:01Z,adservice,frontend,0,0,0,0,0,0,0
2026-10-04T14:05:01Z,adservice,kubernetes,0,0,0,0,0,0,0
2026-10-04T14:05:01Z,adservice,paymentservice,0,0,0,0,0,0,0
2026-10-04T14:05:01Z,adservice,productcatalogservice,0,0,0,0,0,0,0
2026-10-04T14:05:01Z,adservice,recommendationservice,0,0,0,0,0,0,0
2026-10-04T14:05:01Z,adservice,redis-cart,0,0,0,0,0,0,0
2026-10-04T14:05:01Z,adservice,shippingservice,0,0,0,0,0,0,0
2026-10-04T14:05:01Z,cartservice,adservice,0,0,0,0,0,0,0
2026-10-04T14:05:01Z,cartservice,cartservice,0,0,0,0,0,0,0
2026-10-04T14:05:01Z,cartservice,checkoutservice,0,0,0,0,0,0,0
2026-10-04T14:05:01Z,cartservice,currencyservice,0,0,0,0,0,0,0
2026-10-04T14:05:01Z,cartservice,emailservice,0,0,0,0,0,0,0
2026-10-04T14:05:01Z,cartservice,frontend,0,0,0,0,0,0,0
2026-10-04T14:05:01Z,cartservice,kubernetes,0,0,0,0,0,0,0
2026-10-04T14:05:01Z,cartservice,paymentservice,0,0,0,0,0,0,0
2026-10-04T14:05:01Z,cartservice,productcatalogservice,0,0,0,0,0,0,0
2026-10-04T14:05:01Z,cartservice,recommendationservice,0,0,0,0,0,0,0
2026-10-04T14:05:01Z,cartservice,redis-cart,2,0,0,0,0,0,0
2026-10-04T14:05:01Z,cartservice,shippingservice,0,0,0,0,0,0,0
2026-10-04T14:05:01Z,checkoutservice,adservice,0,0,0,0,0,0,0
2026-10-04T14:05:01Z,checkoutservice,cartservice,17407,17053,0,52,0,216158,16184
2026-10-04T14:05:01Z,checkoutservice,checkoutservice,0,0,0,0,0,0,0
2026-10-04T14:05:01Z,checkoutservice,currencyservice,12236,12236,0,0,0,174442,11626
2026-10-04T14:05:01Z,checkoutservice,emailservice,2393,2243,0,38,0,111843,2243
2026-10-04T14:05:01Z,checkoutservice,frontend,0,0,0,0,0,0,0
2026-10-04T14:05:01Z,checkoutservice,kubernetes,0,0,0,0,0,0,0
2026-10-04T14:05:01Z,checkoutservice,paymentservice,9874,9291,0,52,0,141232,9033
2026-10-04T14:05:01Z,checkoutservice,productcatalogservice,0,0,0,0,0,0,0
2026-10-04T14:05:01Z,checkoutservice,recommendationservice,0,0,0,0,0,0,0
2026-10-04T14:05:01Z,checkoutservice,redis-cart,0,0,0,0,0,0,0
2026-10-04T14:05:01Z,checkoutservice,shippingservice,18777,18016,0,60,0,163528,17300
2026-10-04T14:05:01Z,currencyservice,adservice,0,0,0,0,0,0,0
2026-10-04T14:05:01Z,currencyservice,cartservice,0,0,0,0,0,0,0
2026-10-04T14:05:01Z,currencyservice,checkoutservice,0,0,0,0,0,0,0
2026-10-04T14:05:01Z,currencyservice,currencyservice,0,0,0,0,0,0,0
2026-10-04T14:05:01Z,currencyservice,emailservice,0,0,0,0,0,0,0
2026-10-04T14:05:01Z,currencyservice,frontend,0,0,0,0,0,0,0
2026-10-04T14:05:01Z,currencyservice,kubernetes,0,0,0,0,0,0,0
2026-10-04T14:05:01Z,currencyservice,paymentservice,0,0,0,0,0,0,0
2026-10-04T14:05:01Z,currencyservice,productcatalogservice,0,0,0,0,0,0,0
2026-10-04T14:05:01Z,currencyservice,recommendationservice,0,0,0,0,0,0,0
2026-10-04T14:05:01Z,currencyservice,redis-cart,0,0,0,0,0,0,0
2026-10-04T14:05:01Z,currencyservice,shippingservice,0,0,0,0,0,0,0
2026-10-04T14:05:01Z,emailservice,adservice,0,0,0,0,0,0,0
2026-10-04T14:05:01Z,emailservice,cartservice,0,0,0,0,0,0,0
2026-10-04T14:05:01Z,emailservice,checkoutservice,0,0,0,0,0,0,0
2026-10-04T14:05:01Z,emailservice,currencyservice,0,0,0,0,0,0,0
2026-10-04T14:05:01Z,emailservice,emailservice,0,0,0,0,0,0,0
2026-10-04T14:05:01Z,emailservice,frontend,0,0,0,0,0,0,0
2026-10-04T14:05:01Z,emailservice,kubernetes,0,0,0,0,0,0,0
2026-10-04T14:05:01Z,emailservice,paymentservice,0,0,0,0,0,0,0
2026-10-04T14:05:01Z,emailservice,productcatalogservice,0,0,0,0,0,0,0
2026-10-04T14:05:01Z,emailservice,recommendationservice,0,0,0,0,0,0,0
2026-10-04T14:05:01Z,emailservice,redis-cart,0,0,0,0,0,0,0
2026-10-04T14:05:01Z,emailservice,shippingservice,0,0,0,0,0,0,0
2026-10-04T14:05:01Z,frontend,adservice,795285,795281,0,0,0,2394188,794494
2026-10-04T14:05:01Z,frontend,cartservice,1767645,1767631,0,0,4,9829012,1766241
2026-10-04T14:05:01Z,frontend,checkoutservice,369204,177502,0,36339,155168,57886286,177418
2026-10-04T14:05:01Z,frontend,currencyservice,2810766,2810757,0,0,0,14905712,2808524
2026-10-04T14:05:01Z,frontend,emailservice,0,0,0,0,0,0,0
2026-10-04T14:05:01Z,frontend,frontend,0,0,0,0,0,0,0
2026-10-04T14:05:01Z,frontend,kubernetes,0,0,0,0,0,0,0
2026-10-04T14:05:01Z,frontend,paymentservice,0,0,0,0,0,0,0
2026-10-04T14:05:01Z,frontend,productcatalogservice,7882470,7882382,0,0,0,53717055,7874797
2026-10-04T14:05:01Z,frontend,recommendationservice,2559436,1560183,0,104145,892890,773448780,1558877
2026-10-04T14:05:01Z,frontend,redis-cart,0,0,0,0,0,0,0
2026-10-04T14:05:01Z,frontend,shippingservice,291726,291724,0,0,0,883201,291407
2026-10-04T14:05:01Z,paymentservice,adservice,0,0,0,0,0,0,0
2026-10-04T14:05:01Z,paymentservice,cartservice,0,0,0,0,0,0,0
2026-10-04T14:05:01Z,paymentservice,checkoutservice,0,0,0,0,0,0,0
2026-10-04T14:05:01Z,paymentservice,currencyservice,0,0,0,0,0,0,0
2026-10-04T14:05:01Z,paymentservice,emailservice,0,0,0,0,0,0,0
2026-10-04T14:05:01Z,paymentservice,frontend,0,0,0,0,0,0,0
2026-10-04T14:05:01Z,paymentservice,kubernetes,0,0,0,0,0,0,0
2026-10-04T14:05:01Z,paymentservice,paymentservice,0,0,0,0,0,0,0
2026-10-04T14:05:01Z,paymentservice,productcatalogservice,0,0,0,0,0,0,0
2026-10-04T14:05:01Z,paymentservice,recommendationservice,0,0,0,0,0,0,0
2026-10-04T14:05:01Z,paymentservice,redis-cart,0,0,0,0,0,0,0
2026-10-04T14:05:01Z,paymentservice,shippingservice,0,0,0,0,0,0,0
2026-10-04T14:05:01Z,productcatalogservice,adservice,0,0,0,0,0,0,0
2026-10-04T14:05:01Z,productcatalogservice,cartservice,0,0,0,0,0,0,0
2026-10-04T14:05:01Z,productcatalogservice,checkoutservice,0,0,0,0,0,0,0
2026-10-04T14:05:01Z,productcatalogservice,currencyservice,0,0,0,0,0,0,0
2026-10-04T14:05:01Z,productcatalogservice,emailservice,0,0,0,0,0,0,0
2026-10-04T14:05:01Z,productcatalogservice,frontend,0,0,0,0,0,0,0
2026-10-04T14:05:01Z,productcatalogservice,kubernetes,0,0,0,0,0,0,0
2026-10-04T14:05:01Z,productcatalogservice,paymentservice,0,0,0,0,0,0,0
2026-10-04T14:05:01Z,productcatalogservice,productcatalogservice,0,0,0,0,0,0,0
2026-10-04T14:05:01Z,productcatalogservice,recommendationservice,0,0,0,0,0,0,0
2026-10-04T14:05:01Z,productcatalogservice,redis-cart,0,0,0,0,0,0,0
2026-10-04T14:05:01Z,productcatalogservice,shippingservice,0,0,0,0,0,0,0
2026-10-04T14:05:01Z,recommendationservice,adservice,0,0,0,0,0,0,0
2026-10-04T14:05:01Z,recommendationservice,cartservice,0,0,0,0,0,0,0
2026-10-04T14:05:01Z,recommendationservice,checkoutservice,0,0,0,0,0,0,0
2026-10-04T14:05:01Z,recommendationservice,currencyservice,0,0,0,0,0,0,0
2026-10-04T14:05:01Z,recommendationservice,emailservice,0,0,0,0,0,0,0
2026-10-04T14:05:01Z,recommendationservice,frontend,0,0,0,0,0,0,0
2026-10-04T14:05:01Z,recommendationservice,kubernetes,0,0,0,0,0,0,0
2026-10-04T14:05:01Z,recommendationservice,paymentservice,0,0,0,0,0,0,0
2026-10-04T14:05:01Z,recommendationservice,productcatalogservice,35298,35295,0,0,0,268899,34685
2026-10-04T14:05:01Z,recommendationservice,recommendationservice,0,0,0,0,0,0,0
2026-10-04T14:05:01Z,recommendationservice,redis-cart,0,0,0,0,0,0,0
2026-10-04T14:05:01Z,recommendationservice,shippingservice,0,0,0,0,0,0,0
2026-10-04T14:05:01Z,redis-cart,adservice,0,0,0,0,0,0,0
2026-10-04T14:05:01Z,redis-cart,cartservice,0,0,0,0,0,0,0
2026-10-04T14:05:01Z,redis-cart,checkoutservice,0,0,0,0,0,0,0
2026-10-04T14:05:01Z,redis-cart,currencyservice,0,0,0,0,0,0,0
2026-10-04T14:05:01Z,redis-cart,emailservice,0,0,0,0,0,0,0
2026-10-04T14:05:01Z,redis-cart,frontend,0,0,0,0,0,0,0
2026-10-04T14:05:01Z,redis-cart,kubernetes,0,0,0,0,0,0,0
2026-10-04T14:05:01Z,redis-cart,paymentservice,0,0,0,0,0,0,0
2026-10-04T14:05:01Z,redis-cart,productcatalogservice,0,0,0,0,0,0,0
2026-10-04T14:05:01Z,redis-cart,recommendationservice,0,0,0,0,0,0,0
2026-10-04T14:05:01Z,redis-cart,redis-cart,0,0,0,0,0,0,0
2026-10-04T14:05:01Z,redis-cart,shippingservice,0,0,0,0,0,0,0
2026-10-04T14:05:01Z,shippingservice,adservice,0,0,0,0,0,0,0
2026-10-04T14:05:01Z,shippingservice,cartservice,0,0,0,0,0,0,0
2026-10-04T14:05:01Z,shippingservice,checkoutservice,0,0,0,0,0,0,0
2026-10-04T14:05:01Z,shippingservice,currencyservice,0,0,0,0,0,0,0
2026-10-04T14:05:01Z,shippingservice,emailservice,0,0,0,0,0,0,0
2026-10-04T14:05:01Z,shippingservice,frontend,0,0,0,0,0,0,0
2026-10-04T14:05:01Z,shippingservice,kubernetes,0,0,0,0,0,0,0
2026-10-04T14:05:01Z,shippingservice,paymentservice,0,0,0,0,0,0,0
2026-10-04T14:05:01Z,shippingservice,productcatalogservice,0,0,0,0,0,0,0
2026-10-04T14:05:01Z,shippingservice,recommendationservice,0,0,0,0,0,0,0
2026-10-04T14:05:01Z,shippingservice,redis-cart,0,0,0,0,0,0,0
2026-10-04T14:05:01Z,shippingservice,shippingservice,0,0,0,0,0,0,0
2026-10-04T14:05:02Z,adservice,adservice,0,0,0,0,0,0,0
2026-10-04T14:05:02Z,adservice,cartservice,0,0,0,0,0,0,0
2026-10-04T14:05:02Z,adservice,checkoutservice,0,0,0,0,0,0,0
2026-10-04T14:05:02Z,adservice,currencyservice,0,0,0,0,0,0,0
2026-10-04T14:05:02Z,adservice,emailservice,0,0,0,0,0,0,0
2026-10-04T14:05:02Z,adservice,frontend,0,0,0,0,0,0,0
2026-10-04T14:05:02Z,adservice,kubernetes,0,0,0,0,0,0,0
2026-10-04T14:05:02Z,adservice,paymentservice,0,0,0,0,0,0,0
2026-10-04T14:05:02Z,adservice,productcatalogservice,0,0,0,0,0,0,0
2026-10-04T14:05:02Z,adservice,recommendationservice,0,0,0,0,0,0,0
2026-10-04T14:05:02Z,adservice,redis-cart,0,0,0,0,0,0,0
2026-10-04T14:05:02Z,adservice,shippingservice,0,0,0,0,0,0,0
2026-10-04T14:05:02Z,cartservice,adservice,0,0,0,0,0,0,0
2026-10-04T14:05:02Z,cartservice,cartservice,0,0,0,0,0,0,0
2026-10-04T14:05:02Z,cartservice,checkoutservice,0,0,0,0,0,0,0
2026-10-04T14:05:02Z,cartservice,currencyservice,0,0,0,0,0,0,0
2026-10-04T14:05:02Z,cartservice,emailservice,0,0,0,0,0,0,0
2026-10-04T14:05:02Z,cartservice,frontend,0,0,0,0,0,0,0
2026-10-04T14:05:02Z,cartservice,kubernetes,0,0,0,0,0,0,0
2026-10-04T14:05:02Z,cartservice,paymentservice,0,0,0,0,0,0,0
2026-10-04T14:05:02Z,cartservice,productcatalogservice,0,0,0,0,0,0,0
2026-10-04T14:05:02Z,cartservice,recommendationservice,0,0,0,0,0,0,0
2026-10-04T14:05:02Z,cartservice,redis-cart,2,0,0,0,0,0,0
2026-10-04T14:05:02Z,cartservice,shippingservice,0,0,0,0,0,0,0
2026-10-04T14:05:02Z,checkoutservice,adservice,0,0,0,0,0,0,0
2026-10-04T14:05:02Z,checkoutservice,cartservice,17643,17288,0,52,0,234137,17173
2026-10-04T14:05:02Z,checkoutservice,checkoutservice,0,0,0,0,0,0,0
2026-10-04T14:05:02Z,checkoutservice,currencyservice,12396,12396,0,0,0,184073,12250
2026-10-04T14:05:02Z,checkoutservice,emailservice,2393,2243,0,38,0,111843,2243
2026-10-04T14:05:02Z,checkoutservice,frontend,0,0,0,0,0,0,0
2026-10-04T14:05:02Z,checkoutservice,kubernetes,0,0,0,0,0,0,0
2026-10-04T14:05:02Z,checkoutservice,paymentservice,9957,9370,0,54,0,144357,9260
2026-10-04T14:05:02Z,checkoutservice,productcatalogservice,0,0,0,0,0,0,0
2026-10-04T14:05:02Z,checkoutservice,recommendationservice,0,0,0,0,0,0,0
2026-10-04T14:05:02Z,checkoutservice,redis-cart,0,0,0,0,0,0,0
2026-10-04T14:05:02Z,checkoutservice,shippingservice,18997,18226,0,61,0,172615,18093
2026-10-04T14:05:02Z,currencyservice,adservice,0,0,0,0,0,0,0
2026-10-04T14:05:02Z,currencyservice,cartservice,0,0,0,0,0,0,0
2026-10-04T14:05:02Z,currencyservice,checkoutservice,0,0,0,0,0,0,0
2026-10-04T14:05:02Z,currencyservice,currencyservice,0,0,0,0,0,0,0
2026-10-04T14:05:02Z,currencyservice,emailservice,0,0,0,0,0,0,0
2026-10-04T14:05:02Z,currencyservice,frontend,0,0,0,0,0,0,0
2026-10-04T14:05:02Z,currencyservice,kubernetes,0,0,0,0,0,0,0
2026-10-04T14:05:02Z,currencyservice,paymentservice,0,0,0,0,0,0,0
2026-10-04T14:05:02Z,currencyservice,productcatalogservice,0,0,0,0,0,0,0
2026-10-04T14:05:02Z,currencyservice,recommendationservice,0,0,0,0,0,0,0
2026-10-04T14:05:02Z,currencyservice,redis-cart,0,0,0,0,0,0,0
2026-10-04T14:05:02Z,currencyservice,shippingservice,0,0,0,0,0,0,0
2026-10-04T14:05:02Z,emailservice,adservice,0,0,0,0,0,0,0
2026-10-04T14:05:02Z,emailservice,cartservice,0,0,0,0,0,0,0
2026-10-04T14:05:02Z,emailservice,checkoutservice,0,0,0,0,0,0,0
2026-10-04T14:05:02Z,emailservice,currencyservice,0,0,0,0,0,0,0
2026-10-04T14:05:02Z,emailservice,emailservice,0,0,0,0,0,0,0
2026-10-04T14:05:02Z,emailservice,frontend,0,0,0,0,0,0,0
2026-10-04T14:05:02Z,emailservice,kubernetes,0,0,0,0,0,0,0
2026-10-04T14:05:02Z,emailservice,paymentservice,0,0,0,0,0,0,0
2026-10-04T14:05:02Z,emailservice,productcatalogservice,0,0,0,0,0,0,0
2026-10-04T14:05:02Z,emailservice,recommendationservice,0,0,0,0,0,0,0
2026-10-04T14:05:02Z,emailservice,redis-cart,0,0,0,0,0,0,0
2026-10-04T14:05:02Z,emailservice,shippingservice,0,0,0,0,0,0,0
2026-10-04T14:05:02Z,frontend,adservice,795554,795552,0,0,0,2394188,794494
2026-10-04T14:05:02Z,frontend,cartservice,1768108,1768092,0,0,4,9829012,1766241
2026-10-04T14:05:02Z,frontend,checkoutservice,369404,177530,0,36368,155315,57886286,177418
2026-10-04T14:05:02Z,frontend,currencyservice,2811517,2811507,0,0,0,14905712,2808524
2026-10-04T14:05:02Z,frontend,emailservice,0,0,0,0,0,0,0
2026-10-04T14:05:02Z,frontend,frontend,0,0,0,0,0,0,0
2026-10-04T14:05:02Z,frontend,kubernetes,0,0,0,0,0,0,0
2026-10-04T14:05:02Z,frontend,paymentservice,0,0,0,0,0,0,0
2026-10-04T14:05:02Z,frontend,productcatalogservice,7884928,7884841,0,0,0,53717055,7874797
2026-10-04T14:05:02Z,frontend,recommendationservice,2559873,1560597,0,104145,892890,773448780,1558877
2026-10-04T14:05:02Z,frontend,redis-cart,0,0,0,0,0,0,0
2026-10-04T14:05:02Z,frontend,shippingservice,291825,291823,0,0,0,883201,291407
2026-10-04T14:05:02Z,paymentservice,adservice,0,0,0,0,0,0,0
2026-10-04T14:05:02Z,paymentservice,cartservice,0,0,0,0,0,0,0
2026-10-04T14:05:02Z,paymentservice,checkoutservice,0,0,0,0,0,0,0
2026-10-04T14:05:02Z,paymentservice,currencyservice,0,0,0,0,0,0,0
2026-10-04T14:05:02Z,paymentservice,emailservice,0,0,0,0,0,0,0
2026-10-04T14:05:02Z,paymentservice,frontend,0,0,0,0,0,0,0
2026-10-04T14:05:02Z,paymentservice,kubernetes,0,0,0,0,0,0,0
2026-10-04T14:05:02Z,paymentservice,paymentservice,0,0,0,0,0,0,0
2026-10-04T14:05:02Z,paymentservice,productcatalogservice,0,0,0,0,0,0,0
2026-10-04T14:05:02Z,paymentservice,recommendationservice,0,0,0,0,0,0,0
2026-10-04T14:05:02Z,paymentservice,redis-cart,0,0,0,0,0,0,0
2026-10-04T14:05:02Z,paymentservice,shippingservice,0,0,0,0,0,0,0
2026-10-04T14:05:02Z,productcatalogservice,adservice,0,0,0,0,0,0,0
2026-10-04T14:05:02Z,productcatalogservice,cartservice,0,0,0,0,0,0,0
2026-10-04T14:05:02Z,productcatalogservice,checkoutservice,0,0,0,0,0,0,0
2026-10-04T14:05:02Z,productcatalogservice,currencyservice,0,0,0,0,0,0,0
2026-10-04T14:05:02Z,productcatalogservice,emailservice,0,0,0,0,0,0,0
2026-10-04T14:05:02Z,productcatalogservice,frontend,0,0,0,0,0,0,0
2026-10-04T14:05:02Z,productcatalogservice,kubernetes,0,0,0,0,0,0,0
2026-10-04T14:05:02Z,productcatalogservice,paymentservice,0,0,0,0,0,0,0
2026-10-04T14:05:02Z,productcatalogservice,productcatalogservice,0,0,0,0,0,0,0
2026-10-04T14:05:02Z,productcatalogservice,recommendationservice,0,0,0,0,0,0,0
2026-10-04T14:05:02Z,productcatalogservice,redis-cart,0,0,0,0,0,0,0
2026-10-04T14:05:02Z,productcatalogservice,shippingservice,0,0,0,0,0,0,0
2026-10-04T14:05:02Z,recommendationservice,adservice,0,0,0,0,0,0,0
2026-10-04T14:05:02Z,recommendationservice,cartservice,0,0,0,0,0,0,0
2026-10-04T14:05:02Z,recommendationservice,checkoutservice,0,0,0,0,0,0,0
2026-10-04T14:05:02Z,recommendationservice,currencyservice,0,0,0,0,0,0,0
2026-10-04T14:05:02Z,recommendationservice,emailservice,0,0,0,0,0,0,0
2026-10-04T14:05:02Z,recommendationservice,frontend,0,0,0,0,0,0,0
2026-10-04T14:05:02Z,recommendationservice,kubernetes,0,0,0,0,0,0,0
2026-10-04T14:05:02Z,recommendationservice,paymentservice,0,0,0,0,0,0,0
2026-10-04T14:05:02Z,recommendationservice,productcatalogservice,35734,35732,0,0,0,268899,34685
2026-10-04T14:05:02Z,recommendationservice,recommendationservice,0,0,0,0,0,0,0
2026-10-04T14:05:02Z,recommendationservice,redis-cart,0,0,0,0,0,0,0
2026-10-04T14:05:02Z,recommendationservice,shippingservice,0,0,0,0,0,0,0
2026-10-04T14:05:02Z,redis-cart,adservice,0,0,0,0,0,0,0
2026-10-04T14:05:02Z,redis-cart,cartservice,0,0,0,0,0,0,0
2026-10-04T14:05:02Z,redis-cart,checkoutservice,0,0,0,0,0,0,0
2026-10-04T14:05:02Z,redis-cart,currencyservice,0,0,0,0,0,0,0
2026-10-04T14:05:02Z,redis-cart,emailservice,0,0,0,0,0,0,0
2026-10-04T14:05:02Z,redis-cart,frontend,0,0,0,0,0,0,0
2026-10-04T14:05:02Z,redis-cart,kubernetes,0,0,0,0,0,0,0
2026-10-04T14:05:02Z,redis-cart,paymentservice,0,0,0,0,0,0,0
2026-10-04T14:05:02Z,redis-cart,productcatalogservice,0,0,0,0,0,0,0
2026-10-04T14:05:02Z,redis-cart,recommendationservice,0,0,0,0,0,0,0
2026-10-04T14:05:02Z,redis-cart,redis-cart,0,0,0,0,0,0,0
2026-10-04T14:05:02Z,redis-cart,shippingservice,0,0,0,0,0,0,0
2026-10-04T14:05:02Z,shippingservice,adservice,0,0,0,0,0,0,0
2026-10-04T14:05:02Z,shippingservice,cartservice,0,0,0,0,0,0,0
2026-10-04T14:05:02Z,shippingservice,checkoutservice,0,0,0,0,0,0,0
2026-10-04T14:05:02Z,shippingservice,currencyservice,0,0,0,0,0,0,0
2026-10-04T14:05:02Z,shippingservice,emailservice,0,0,0,0,0,0,0
2026-10-04T14:05:02Z,shippingservice,frontend,0,0,0,0,0,0,0
2026-10-04T14:05:02Z,shippingservice,kubernetes,0,0,0,0,0,0,0
2026-10-04T14:05:02Z,shippingservice,paymentservice,0,0,0,0,0,0,0
2026-10-04T14:05:02Z,shippingservice,productcatalogservice,0,0,0,0,0,0,0
2026-10-04T14:05:02Z,shippingservice,recommendationservice,0,0,0,0,0,0,0
2026-10-04T14:05:02Z,shippingservice,redis-cart,0,0,0,0,0,0,0
2026-10-04T14:05:02Z,shippingservice,shippingservice,0,0,0,0,0,0,0
2026-10-04T14:05:03Z,adservice,adservice,0,0,0,0,0,0,0
2026-10-04T14:05:03Z,adservice,cartservice,0,0,0,0,0,0,0
2026-10-04T14:05:03Z,adservice,checkoutservice,0,0,0,0,0,0,0
2026-10-04T14:05:03Z,adservice,currencyservice,0,0,0,0,0,0,0
2026-10-04T14:05:03Z,adservice,emailservice,0,0,0,0,0,0,0
2026-10-04T14:05:03Z,adservice,frontend,0,0,0,0,0,0,0
2026-10-04T14:05:03Z,adservice,kubernetes,0,0,0,0,0,0,0
2026-10-04T14:05:03Z,adservice,paymentservice,0,0,0,0,0,0,0
2026-10-04T14:05:03Z,adservice,productcatalogservice,0,0,0,0,0,0,0
2026-10-04T14:05:03Z,adservice,recommendationservice,0,0,0,0,0,0,0
2026-10-04T14:05:03Z,adservice,redis-cart,0,0,0,0,0,0,0
2026-10-04T14:05:03Z,adservice,shippingservice,0,0,0,0,0,0,0
2026-10-04T14:05:03Z,cartservice,adservice,0,0,0,0,0,0,0
2026-10-04T14:05:03Z,cartservice,cartservice,0,0,0,0,0,0,0
2026-10-04T14:05:03Z,cartservice,checkoutservice,0,0,0,0,0,0,0
2026-10-04T14:05:03Z,cartservice,currencyservice,0,0,0,0,0,0,0
2026-10-04T14:05:03Z,cartservice,emailservice,0,0,0,0,0,0,0
2026-10-04T14:05:03Z,cartservice,frontend,0,0,0,0,0,0,0
2026-10-04T14:05:03Z,cartservice,kubernetes,0,0,0,0,0,0,0
2026-10-04T14:05:03Z,cartservice,paymentservice,0,0,0,0,0,0,0
2026-10-04T14:05:03Z,cartservice,productcatalogservice,0,0,0,0,0,0,0
2026-10-04T14:05:03Z,cartservice,recommendationservice,0,0,0,0,0,0,0
2026-10-04T14:05:03Z,cartservice,redis-cart,2,0,0,0,0,0,0
2026-10-04T14:05:03Z,cartservice,shippingservice,0,0,0,0,0,0,0
2026-10-04T14:05:03Z,checkoutservice,adservice,0,0,0,0,0,0,0
2026-10-04T14:05:03Z,checkoutservice,cartservice,17852,17497,0,52,0,234137,17173
2026-10-04T14:05:03Z,checkoutservice,checkoutservice,0,0,0,0,0,0,0
2026-10-04T14:05:03Z,checkoutservice,currencyservice,12553,12553,0,0,0,184073,12250
2026-10-04T14:05:03Z,checkoutservice,emailservice,2393,2243,0,38,0,111843,2243
2026-10-04T14:05:03Z,checkoutservice,frontend,0,0,0,0,0,0,0
2026-10-04T14:05:03Z,checkoutservice,kubernetes,0,0,0,0,0,0,0
2026-10-04T14:05:03Z,checkoutservice,paymentservice,10024,9425,0,55,0,144357,9260
2026-10-04T14:05:03Z,checkoutservice,productcatalogservice,0,0,0,0,0,0,0
2026-10-04T14:05:03Z,checkoutservice,recommendationservice,0,0,0,0,0,0,0
2026-10-04T14:05:03Z,checkoutservice,redis-cart,0,0,0,0,0,0,0
2026-10-04T14:05:03Z,checkoutservice,shippingservice,19163,18389,0,61,0,172615,18093
2026-10-04T14:05:03Z,currencyservice,adservice,0,0,0,0,0,0,0
2026-10-04T14:05:03Z,currencyservice,cartservice,0,0,0,0,0,0,0
2026-10-04T14:05:03Z,currencyservice,checkoutservice,0,0,0,0,0,0,0
2026-10-04T14:05:03Z,currencyservice,currencyservice,0,0,0,0,0,0,0
2026-10-04T14:05:03Z,currencyservice,emailservice,0,0,0,0,0,0,0
2026-10-04T14:05:03Z,currencyservice,frontend,0,0,0,0,0,0,0
2026-10-04T14:05:03Z,currencyservice,kubernetes,0,0,0,0,0,0,0
2026-10-04T14:05:03Z,currencyservice,paymentservice,0,0,0,0,0,0,0
2026-10-04T14:05:03Z,currencyservice,productcatalogservice,0,0,0,0,0,0,0
2026-10-04T14:05:03Z,currencyservice,recommendationservice,0,0,0,0,0,0,0
2026-10-04T14:05:03Z,currencyservice,redis-cart,0,0,0,0,0,0,0
2026-10-04T14:05:03Z,currencyservice,shippingservice,0,0,0,0,0,0,0
2026-10-04T14:05:03Z,emailservice,adservice,0,0,0,0,0,0,0
2026-10-04T14:05:03Z,emailservice,cartservice,0,0,0,0,0,0,0
2026-10-04T14:05:03Z,emailservice,checkoutservice,0,0,0,0,0,0,0
2026-10-04T14:05:03Z,emailservice,currencyservice,0,0,0,0,0,0,0
2026-10-04T14:05:03Z,emailservice,emailservice,0,0,0,0,0,0,0
2026-10-04T14:05:03Z,emailservice,frontend,0,0,0,0,0,0,0
2026-10-04T14:05:03Z,emailservice,kubernetes,0,0,0,0,0,0,0
2026-10-04T14:05:03Z,emailservice,paymentservice,0,0,0,0,0,0,0
2026-10-04T14:05:03Z,emailservice,productcatalogservice,0,0,0,0,0,0,0
2026-10-04T14:05:03Z,emailservice,recommendationservice,0,0,0,0,0,0,0
2026-10-04T14:05:03Z,emailservice,redis-cart,0,0,0,0,0,0,0
2026-10-04T14:05:03Z,emailservice,shippingservice,0,0,0,0,0,0,0
2026-10-04T14:05:03Z,frontend,adservice,795839,795836,0,0,0,2397366,795517
2026-10-04T14:05:03Z,frontend,cartservice,1768577,1768565,0,0,4,9839205,1767993
2026-10-04T14:05:03Z,frontend,checkoutservice,369615,177553,0,36405,155461,58010051,177521
2026-10-04T14:05:03Z,frontend,currencyservice,2812264,2812251,0,0,0,14921305,2811315
2026-10-04T14:05:03Z,frontend,emailservice,0,0,0,0,0,0,0
2026-10-04T14:05:03Z,frontend,frontend,0,0,0,0,0,0,0
2026-10-04T14:05:03Z,frontend,kubernetes,0,0,0,0,0,0,0
2026-10-04T14:05:03Z,frontend,paymentservice,0,0,0,0,0,0,0
2026-10-04T14:05:03Z,frontend,productcatalogservice,7887558,7887470,0,0,0,53788265,7884320
2026-10-04T14:05:03Z,frontend,recommendationservice,2560299,1561057,0,104145,892890,773619065,1560514
2026-10-04T14:05:03Z,frontend,redis-cart,0,0,0,0,0,0,0
2026-10-04T14:05:03Z,frontend,shippingservice,291929,291927,0,0,0,884383,291779
2026-10-04T14:05:03Z,paymentservice,adservice,0,0,0,0,0,0,0
2026-10-04T14:05:03Z,paymentservice,cartservice,0,0,0,0,0,0,0
2026-10-04T14:05:03Z,paymentservice,checkoutservice,0,0,0,0,0,0,0
2026-10-04T14:05:03Z,paymentservice,currencyservice,0,0,0,0,0,0,0
2026-10-04T14:05:03Z,paymentservice,emailservice,0,0,0,0,0,0,0
2026-10-04T14:05:03Z,paymentservice,frontend,0,0,0,0,0,0,0
2026-10-04T14:05:03Z,paymentservice,kubernetes,0,0,0,0,0,0,0
2026-10-04T14:05:03Z,paymentservice,paymentservice,0,0,0,0,0,0,0
2026-10-04T14:05:03Z,paymentservice,productcatalogservice,0,0,0,0,0,0,0
2026-10-04T14:05:03Z,paymentservice,recommendationservice,0,0,0,0,0,0,0
2026-10-04T14:05:03Z,paymentservice,redis-cart,0,0,0,0,0,0,0
2026-10-04T14:05:03Z,paymentservice,shippingservice,0,0,0,0,0,0,0
2026-10-04T14:05:03Z,productcatalogservice,adservice,0,0,0,0,0,0,0
2026-10-04T14:05:03Z,productcatalogservice,cartservice,0,0,0,0,0,0,0
2026-10-04T14:05:03Z,productcatalogservice,checkoutservice,0,0,0,0,0,0,0
2026-10-04T14:05:03Z,productcatalogservice,currencyservice,0,0,0,0,0,0,0
2026-10-04T14:05:03Z,productcatalogservice,emailservice,0,0,0,0,0,0,0
2026-10-04T14:05:03Z,productcatalogservice,frontend,0,0,0,0,0,0,0
2026-10-04T14:05:03Z,productcatalogservice,kubernetes,0,0,0,0,0,0,0
2026-10-04T14:05:03Z,productcatalogservice,paymentservice,0,0,0,0,0,0,0
2026-10-04T14:05:03Z,productcatalogservice,productcatalogservice,0,0,0,0,0,0,0
2026-10-04T14:05:03Z,productcatalogservice,recommendationservice,0,0,0,0,0,0,0
2026-10-04T14:05:03Z,productcatalogservice,redis-cart,0,0,0,0,0,0,0
2026-10-04T14:05:03Z,productcatalogservice,shippingservice,0,0,0,0,0,0,0
2026-10-04T14:05:03Z,recommendationservice,adservice,0,0,0,0,0,0,0
2026-10-04T14:05:03Z,recommendationservice,cartservice,0,0,0,0,0,0,0
2026-10-04T14:05:03Z,recommendationservice,checkoutservice,0,0,0,0,0,0,0
2026-10-04T14:05:03Z,recommendationservice,currencyservice,0,0,0,0,0,0,0
2026-10-04T14:05:03Z,recommendationservice,emailservice,0,0,0,0,0,0,0
2026-10-04T14:05:03Z,recommendationservice,frontend,0,0,0,0,0,0,0
2026-10-04T14:05:03Z,recommendationservice,kubernetes,0,0,0,0,0,0,0
2026-10-04T14:05:03Z,recommendationservice,paymentservice,0,0,0,0,0,0,0
2026-10-04T14:05:03Z,recommendationservice,productcatalogservice,36191,36191,0,0,0,268899,34685
2026-10-04T14:05:03Z,recommendationservice,recommendationservice,0,0,0,0,0,0,0
2026-10-04T14:05:03Z,recommendationservice,redis-cart,0,0,0,0,0,0,0
2026-10-04T14:05:03Z,recommendationservice,shippingservice,0,0,0,0,0,0,0
2026-10-04T14:05:03Z,redis-cart,adservice,0,0,0,0,0,0,0
2026-10-04T14:05:03Z,redis-cart,cartservice,0,0,0,0,0,0,0
2026-10-04T14:05:03Z,redis-cart,checkoutservice,0,0,0,0,0,0,0
2026-10-04T14:05:03Z,redis-cart,currencyservice,0,0,0,0,0,0,0
2026-10-04T14:05:03Z,redis-cart,emailservice,0,0,0,0,0,0,0
2026-10-04T14:05:03Z,redis-cart,frontend,0,0,0,0,0,0,0
2026-10-04T14:05:03Z,redis-cart,kubernetes,0,0,0,0,0,0,0
2026-10-04T14:05:03Z,redis-cart,paymentservice,0,0,0,0,0,0,0
2026-10-04T14:05:03Z,redis-cart,productcatalogservice,0,0,0,0,0,0,0
2026-10-04T14:05:03Z,redis-cart,recommendationservice,0,0,0,0,0,0,0
2026-10-04T14:05:03Z,redis-cart,redis-cart,0,0,0,0,0,0,0
2026-10-04T14:05:03Z,redis-cart,shippingservice,0,0,0,0,0,0,0
2026-10-04T14:05:03Z,shippingservice,adservice,0,0,0,0,0,0,0
2026-10-04T14:05:03Z,shippingservice,cartservice,0,0,0,0,0,0,0
2026-10-04T14:05:03Z,shippingservice,checkoutservice,0,0,0,0,0,0,0
2026-10-04T14:05:03Z,shippingservice,currencyservice,0,0,0,0,0,0,0
2026-10-04T14:05:03Z,shippingservice,emailservice,0,0,0,0,0,0,0
2026-10-04T14:05:03Z,shippingservice,frontend,0,0,0,0,0,0,0
2026-10-04T14:05:03Z,shippingservice,kubernetes,0,0,0,0,0,0,0
2026-10-04T14:05:03Z,shippingservice,paymentservice,0,0,0,0,0,0,0
2026-10-04T14:05:03Z,shippingservice,productcatalogservice,0,0,0,0,0,0,0
2026-10-04T14:05:03Z,shippingservice,recommendationservice,0,0,0,0,0,0,0
2026-10-04T14:05:03Z,shippingservice,redis-cart,0,0,0,0,0,0,0
2026-10-04T14:05:03Z,shippingservice,shippingservice,0,0,0,0,0,0,0
2026-10-04T14:05:04Z,adservice,adservice,0,0,0,0,0,0,0
2026-10-04T14:05:04Z,adservice,cartservice,0,0,0,0,0,0,0
2026-10-04T14:05:04Z,adservice,checkoutservice,0,0,0,0,0,0,0
2026-10-04T14:05:04Z,adservice,currencyservice,0,0,0,0,0,0,0
2026-10-04T14:05:04Z,adservice,emailservice,0,0,0,0,0,0,0
2026-10-04T14:05:04Z,adservice,frontend,0,0,0,0,0,0,0
2026-10-04T14:05:04Z,adservice,kubernetes,0,0,0,0,0,0,0
2026-10-04T14:05:04Z,adservice,paymentservice,0,0,0,0,0,0,0
2026-10-04T14:05:04Z,adservice,productcatalogservice,0,0,0,0,0,0,0
2026-10-04T14:05:04Z,adservice,recommendationservice,0,0,0,0,0,0,0
2026-10-04T14:05:04Z,adservice,redis-cart,0,0,0,0,0,0,0
2026-10-04T14:05:04Z,adservice,shippingservice,0,0,0,0,0,0,0
2026-10-04T14:05:04Z,cartservice,adservice,0,0,0,0,0,0,0
2026-10-04T14:05:04Z,cartservice,cartservice,0,0,0,0,0,0,0
2026-10-04T14:05:04Z,cartservice,checkoutservice,0,0,0,0,0,0,0
2026-10-04T14:05:04Z,cartservice,currencyservice,0,0,0,0,0,0,0
2026-10-04T14:05:04Z,cartservice,emailservice,0,0,0,0,0,0,0
2026-10-04T14:05:04Z,cartservice,frontend,0,0,0,0,0,0,0
2026-10-04T14:05:04Z,cartservice,kubernetes,0,0,0,0,0,0,0
2026-10-04T14:05:04Z,cartservice,paymentservice,0,0,0,0,0,0,0
2026-10-04T14:05:04Z,cartservice,productcatalogservice,0,0,0,0,0,0,0
2026-10-04T14:05:04Z,cartservice,recommendationservice,0,0,0,0,0,0,0
2026-10-04T14:05:04Z,cartservice,redis-cart,2,0,0,0,0,0,0
2026-10-04T14:05:04Z,cartservice,shippingservice,0,0,0,0,0,0,0
2026-10-04T14:05:04Z,checkoutservice,adservice,0,0,0,0,0,0,0
2026-10-04T14:05:04Z,checkoutservice,cartservice,18086,17731,0,52,0,234137,17173
2026-10-04T14:05:04Z,checkoutservice,checkoutservice,0,0,0,0,0,0,0
2026-10-04T14:05:04Z,checkoutservice,currencyservice,12775,12775,0,0,0,184073,12250
2026-10-04T14:05:04Z,checkoutservice,emailservice,2394,2244,0,38,0,111843,2243
2026-10-04T14:05:04Z,checkoutservice,frontend,0,0,0,0,0,0,0
2026-10-04T14:05:04Z,checkoutservice,kubernetes,0,0,0,0,0,0,0
2026-10-04T14:05:04Z,checkoutservice,paymentservice,10109,9505,0,56,0,144357,9260
2026-10-04T14:05:04Z,checkoutservice,productcatalogservice,0,0,0,0,0,0,0
2026-10-04T14:05:04Z,checkoutservice,recommendationservice,0,0,0,0,0,0,0
2026-10-04T14:05:04Z,checkoutservice,redis-cart,0,0,0,0,0,0,0
2026-10-04T14:05:04Z,checkoutservice,shippingservice,19436,18654,0,62,0,172615,18093
2026-10-04T14:05:04Z,currencyservice,adservice,0,0,0,0,0,0,0
2026-10-04T14:05:04Z,currencyservice,cartservice,0,0,0,0,0,0,0
2026-10-04T14:05:04Z,currencyservice,checkoutservice,0,0,0,0,0,0,0
2026-10-04T14:05:04Z,currencyservice,currencyservice,0,0,0,0,0,0,0
2026-10-04T14:05:04Z,currencyservice,emailservice,0,0,0,0,0,0,0
2026-10-04T14:05:04Z,currencyservice,frontend,0,0,0,0,0,0,0
2026-10-04T14:05:04Z,currencyservice,kubernetes,0,0,0,0,0,0,0
2026-10-04T14:05:04Z,currencyservice,paymentservice,0,0,0,0,0,0,0
2026-10-04T14:05:04Z,currencyservice,productcatalogservice,0,0,0,0,0,0,0
2026-10-04T14:05:04Z,currencyservice,recommendationservice,0,0,0,0,0,0,0
2026-10-04T14:05:04Z,currencyservice,redis-cart,0,0,0,0,0,0,0
2026-10-04T14:05:04Z,currencyservice,shippingservice,0,0,0,0,0,0,0
2026-10-04T14:05:04Z,emailservice,adservice,0,0,0,0,0,0,0
2026-10-04T14:05:04Z,emailservice,cartservice,0,0,0,0,0,0,0
2026-10-04T14:05:04Z,emailservice,checkoutservice,0,0,0,0,0,0,0
2026-10-04T14:05:04Z,emailservice,currencyservice,0,0,0,0,0,0,0
2026-10-04T14:05:04Z,emailservice,emailservice,0,0,0,0,0,0,0
2026-10-04T14:05:04Z,emailservice,frontend,0,0,0,0,0,0,0
2026-10-04T14:05:04Z,emailservice,kubernetes,0,0,0,0,0,0,0
2026-10-04T14:05:04Z,emailservice,paymentservice,0,0,0,0,0,0,0
2026-10-04T14:05:04Z,emailservice,productcatalogservice,0,0,0,0,0,0,0
2026-10-04T14:05:04Z,emailservice,recommendationservice,0,0,0,0,0,0,0
2026-10-04T14:05:04Z,emailservice,redis-cart,0,0,0,0,0,0,0
2026-10-04T14:05:04Z,emailservice,shippingservice,0,0,0,0,0,0,0
2026-10-04T14:05:04Z,frontend,adservice,796115,796113,0,0,0,2398363,795870
2026-10-04T14:05:04Z,frontend,cartservice,1769060,1769047,0,0,4,9843209,1768585
2026-10-04T14:05:04Z,frontend,checkoutservice,369827,177582,0,36440,155609,58045721,177550
2026-10-04T14:05:04Z,frontend,currencyservice,2813023,2813014,0,0,0,14926661,2812275
2026-10-04T14:05:04Z,frontend,emailservice,0,0,0,0,0,0,0
2026-10-04T14:05:04Z,frontend,frontend,0,0,0,0,0,0,0
2026-10-04T14:05:04Z,frontend,kubernetes,0,0,0,0,0,0,0
2026-10-04T14:05:04Z,frontend,paymentservice,0,0,0,0,0,0,0
2026-10-04T14:05:04Z,frontend,productcatalogservice,7890091,7890009,0,0,0,53820670,7887611
2026-10-04T14:05:04Z,frontend,recommendationservice,2560750,1561482,0,104145,892890,773675547,1561078
2026-10-04T14:05:04Z,frontend,redis-cart,0,0,0,0,0,0,0
2026-10-04T14:05:04Z,frontend,shippingservice,292026,292024,0,0,0,884909,291910
2026-10-04T14:05:04Z,paymentservice,adservice,0,0,0,0,0,0,0
2026-10-04T14:05:04Z,paymentservice,cartservice,0,0,0,0,0,0,0
2026-10-04T14:05:04Z,paymentservice,checkoutservice,0,0,0,0,0,0,0
2026-10-04T14:05:04Z,paymentservice,currencyservice,0,0,0,0,0,0,0
2026-10-04T14:05:04Z,paymentservice,emailservice,0,0,0,0,0,0,0
2026-10-04T14:05:04Z,paymentservice,frontend,0,0,0,0,0,0,0
2026-10-04T14:05:04Z,paymentservice,kubernetes,0,0,0,0,0,0,0
2026-10-04T14:05:04Z,paymentservice,paymentservice,0,0,0,0,0,0,0
2026-10-04T14:05:04Z,paymentservice,productcatalogservice,0,0,0,0,0,0,0
2026-10-04T14:05:04Z,paymentservice,recommendationservice,0,0,0,0,0,0,0
2026-10-04T14:05:04Z,paymentservice,redis-cart,0,0,0,0,0,0,0
2026-10-04T14:05:04Z,paymentservice,shippingservice,0,0,0,0,0,0,0
2026-10-04T14:05:04Z,productcatalogservice,adservice,0,0,0,0,0,0,0
2026-10-04T14:05:04Z,productcatalogservice,cartservice,0,0,0,0,0,0,0
2026-10-04T14:05:04Z,productcatalogservice,checkoutservice,0,0,0,0,0,0,0
2026-10-04T14:05:04Z,productcatalogservice,currencyservice,0,0,0,0,0,0,0
2026-10-04T14:05:04Z,productcatalogservice,emailservice,0,0,0,0,0,0,0
2026-10-04T14:05:04Z,productcatalogservice,frontend,0,0,0,0,0,0,0
2026-10-04T14:05:04Z,productcatalogservice,kubernetes,0,0,0,0,0,0,0
2026-10-04T14:05:04Z,productcatalogservice,paymentservice,0,0,0,0,0,0,0
2026-10-04T14:05:04Z,productcatalogservice,productcatalogservice,0,0,0,0,0,0,0
2026-10-04T14:05:04Z,productcatalogservice,recommendationservice,0,0,0,0,0,0,0
2026-10-04T14:05:04Z,productcatalogservice,redis-cart,0,0,0,0,0,0,0
2026-10-04T14:05:04Z,productcatalogservice,shippingservice,0,0,0,0,0,0,0
2026-10-04T14:05:04Z,recommendationservice,adservice,0,0,0,0,0,0,0
2026-10-04T14:05:04Z,recommendationservice,cartservice,0,0,0,0,0,0,0
2026-10-04T14:05:04Z,recommendationservice,checkoutservice,0,0,0,0,0,0,0
2026-10-04T14:05:04Z,recommendationservice,currencyservice,0,0,0,0,0,0,0
2026-10-04T14:05:04Z,recommendationservice,emailservice,0,0,0,0,0,0,0
2026-10-04T14:05:04Z,recommendationservice,frontend,0,0,0,0,0,0,0
2026-10-04T14:05:04Z,recommendationservice,kubernetes,0,0,0,0,0,0,0
2026-10-04T14:05:04Z,recommendationservice,paymentservice,0,0,0,0,0,0,0
2026-10-04T14:05:04Z,recommendationservice,productcatalogservice,36619,36610,0,0,0,268899,34685
2026-10-04T14:05:04Z,recommendationservice,recommendationservice,0,0,0,0,0,0,0
2026-10-04T14:05:04Z,recommendationservice,redis-cart,0,0,0,0,0,0,0
2026-10-04T14:05:04Z,recommendationservice,shippingservice,0,0,0,0,0,0,0
2026-10-04T14:05:04Z,redis-cart,adservice,0,0,0,0,0,0,0
2026-10-04T14:05:04Z,redis-cart,cartservice,0,0,0,0,0,0,0
2026-10-04T14:05:04Z,redis-cart,checkoutservice,0,0,0,0,0,0,0
2026-10-04T14:05:04Z,redis-cart,currencyservice,0,0,0,0,0,0,0
2026-10-04T14:05:04Z,redis-cart,emailservice,0,0,0,0,0,0,0
2026-10-04T14:05:04Z,redis-cart,frontend,0,0,0,0,0,0,0
2026-10-04T14:05:04Z,redis-cart,kubernetes,0,0,0,0,0,0,0
2026-10-04T14:05:04Z,redis-cart,paymentservice,0,0,0,0,0,0,0
2026-10-04T14:05:04Z,redis-cart,productcatalogservice,0,0,0,0,0,0,0
2026-10-04T14:05:04Z,redis-cart,recommendationservice,0,0,0,0,0,0,0
2026-10-04T14:05:04Z,redis-cart,redis-cart,0,0,0,0,0,0,0
2026-10-04T14:05:04Z,redis-cart,shippingservice,0,0,0,0,0,0,0
2026-10-04T14:05:04Z,shippingservice,adservice,0,0,0,0,0,0,0
2026-10-04T14:05:04Z,shippingservice,cartservice,0,0,0,0,0,0,0
2026-10-04T14:05:04Z,shippingservice,checkoutservice,0,0,0,0,0,0,0
2026-10-04T14:05:04Z,shippingservice,currencyservice,0,0,0,0,0,0,0
2026-10-04T14:05:04Z,shippingservice,emailservice,0,0,0,0,0,0,0
2026-10-04T14:05:04Z,shippingservice,frontend,0,0,0,0,0,0,0
2026-10-04T14:05:04Z,shippingservice,kubernetes,0,0,0,0,0,0,0
2026-10-04T14:05:04Z,shippingservice,paymentservice,0,0,0,0,0,0,0
2026-10-04T14:05:04Z,shippingservice,productcatalogservice,0,0,0,0,0,0,0
2026-10-04T14:05:04Z,shippingservice,recommendationservice,0,0,0,0,0,0,0
2026-10-04T14:05:04Z,shippingservice,redis-cart,0,0,0,0,0,0,0
2026-10-04T14:05:04Z,shippingservice,shippingservice,0,0,0,0,0,0,0
2026-10-04T14:05:05Z,adservice,adservice,0,0,0,0,0,0,0
2026-10-04T14:05:05Z,adservice,cartservice,0,0,0,0,0,0,0
2026-10-04T14:05:05Z,adservice,checkoutservice,0,0,0,0,0,0,0
2026-10-04T14:05:05Z,adservice,currencyservice,0,0,0,0,0,0,0
2026-10-04T14:05:05Z,adservice,emailservice,0,0,0,0,0,0,0
2026-10-04T14:05:05Z,adservice,frontend,0,0,0,0,0,0,0
2026-10-04T14:05:05Z,adservice,kubernetes,0,0,0,0,0,0,0
2026-10-04T14:05:05Z,adservice,paymentservice,0,0,0,0,0,0,0
2026-10-04T14:05:05Z,adservice,productcatalogservice,0,0,0,0,0,0,0
2026-10-04T14:05:05Z,adservice,recommendationservice,0,0,0,0,0,0,0
2026-10-04T14:05:05Z,adservice,redis-cart,0,0,0,0,0,0,0
2026-10-04T14:05:05Z,adservice,shippingservice,0,0,0,0,0,0,0
2026-10-04T14:05:05Z,cartservice,adservice,0,0,0,0,0,0,0
2026-10-04T14:05:05Z,cartservice,cartservice,0,0,0,0,0,0,0
2026-10-04T14:05:05Z,cartservice,checkoutservice,0,0,0,0,0,0,0
2026-10-04T14:05:05Z,cartservice,currencyservice,0,0,0,0,0,0,0
2026-10-04T14:05:05Z,cartservice,emailservice,0,0,0,0,0,0,0
2026-10-04T14:05:05Z,cartservice,frontend,0,0,0,0,0,0,0
2026-10-04T14:05:05Z,cartservice,kubernetes,0,0,0,0,0,0,0
2026-10-04T14:05:05Z,cartservice,paymentservice,0,0,0,0,0,0,0
2026-10-04T14:05:05Z,cartservice,productcatalogservice,0,0,0,0,0,0,0
2026-10-04T14:05:05Z,cartservice,recommendationservice,0,0,0,0,0,0,0
2026-10-04T14:05:05Z,cartservice,redis-cart,2,0,0,0,0,0,0
2026-10-04T14:05:05Z,cartservice,shippingservice,0,0,0,0,0,0,0
2026-10-04T14:05:05Z,checkoutservice,adservice,0,0,0,0,0,0,0
2026-10-04T14:05:05Z,checkoutservice,cartservice,18298,17926,0,52,0,234137,17173
2026-10-04T14:05:05Z,checkoutservice,checkoutservice,0,0,0,0,0,0,0
2026-10-04T14:05:05Z,checkoutservice,currencyservice,12941,12920,0,0,0,184073,12250
2026-10-04T14:05:05Z,checkoutservice,emailservice,2395,2244,0,38,0,111843,2243
2026-10-04T14:05:05Z,checkoutservice,frontend,0,0,0,0,0,0,0
2026-10-04T14:05:05Z,checkoutservice,kubernetes,0,0,0,0,0,0,0
2026-10-04T14:05:05Z,checkoutservice,paymentservice,10169,9539,0,62,0,144357,9260
2026-10-04T14:05:05Z,checkoutservice,productcatalogservice,0,0,0,0,0,0,0
2026-10-04T14:05:05Z,checkoutservice,recommendationservice,0,0,0,0,0,0,0
2026-10-04T14:05:05Z,checkoutservice,redis-cart,0,0,0,0,0,0,0
2026-10-04T14:05:05Z,checkoutservice,shippingservice,19644,18847,0,62,0,172615,18093
2026-10-04T14:05:05Z,currencyservice,adservice,0,0,0,0,0,0,0
2026-10-04T14:05:05Z,currencyservice,cartservice,0,0,0,0,0,0,0
2026-10-04T14:05:05Z,currencyservice,checkoutservice,0,0,0,0,0,0,0
2026-10-04T14:05:05Z,currencyservice,currencyservice,0,0,0,0,0,0,0
2026-10-04T14:05:05Z,currencyservice,emailservice,0,0,0,0,0,0,0
2026-10-04T14:05:05Z,currencyservice,frontend,0,0,0,0,0,0,0
2026-10-04T14:05:05Z,currencyservice,kubernetes,0,0,0,0,0,0,0
2026-10-04T14:05:05Z,currencyservice,paymentservice,0,0,0,0,0,0,0
2026-10-04T14:05:05Z,currencyservice,productcatalogservice,0,0,0,0,0,0,0
2026-10-04T14:05:05Z,currencyservice,recommendationservice,0,0,0,0,0,0,0
2026-10-04T14:05:05Z,currencyservice,redis-cart,0,0,0,0,0,0,0
2026-10-04T14:05:05Z,currencyservice,shippingservice,0,0,0,0,0,0,0
2026-10-04T14:05:05Z,emailservice,adservice,0,0,0,0,0,0,0
2026-10-04T14:05:05Z,emailservice,cartservice,0,0,0,0,0,0,0
2026-10-04T14:05:05Z,emailservice,checkoutservice,0,0,0,0,0,0,0
2026-10-04T14:05:05Z,emailservice,currencyservice,0,0,0,0,0,0,0
2026-10-04T14:05:05Z,emailservice,emailservice,0,0,0,0,0,0,0
2026-10-04T14:05:05Z,emailservice,frontend,0,0,0,0,0,0,0
2026-10-04T14:05:05Z,emailservice,kubernetes,0,0,0,0,0,0,0
2026-10-04T14:05:05Z,emailservice,paymentservice,0,0,0,0,0,0,0
2026-10-04T14:05:05Z,emailservice,productcatalogservice,0,0,0,0,0,0,0
2026-10-04T14:05:05Z,emailservice,recommendationservice,0,0,0,0,0,0,0
2026-10-04T14:05:05Z,emailservice,redis-cart,0,0,0,0,0,0,0
2026-10-04T14:05:05Z,emailservice,shippingservice,0,0,0,0,0,0,0
2026-10-04T14:05:05Z,frontend,adservice,796384,796382,0,0,0,2398363,795870
2026-10-04T14:05:05Z,frontend,cartservice,1769524,1769512,0,0,4,9843209,1768585
2026-10-04T14:05:05Z,frontend,checkoutservice,370028,177612,0,36475,155747,58045721,177550
2026-10-04T14:05:05Z,frontend,currencyservice,2813767,2813752,0,0,0,14926661,2812275
2026-10-04T14:05:05Z,frontend,emailservice,0,0,0,0,0,0,0
2026-10-04T14:05:05Z,frontend,frontend,0,0,0,0,0,0,0
2026-10-04T14:05:05Z,frontend,kubernetes,0,0,0,0,0,0,0
2026-10-04T14:05:05Z,frontend,paymentservice,0,0,0,0,0,0,0
2026-10-04T14:05:05Z,frontend,productcatalogservice,7892630,7892535,0,0,0,53820670,7887611
2026-10-04T14:05:05Z,frontend,recommendationservice,2561184,1561924,0,104145,892890,773675547,1561078
2026-10-04T14:05:05Z,frontend,redis-cart,0,0,0,0,0,0,0
2026-10-04T14:05:05Z,frontend,shippingservice,292123,292120,0,0,0,884909,291910
2026-10-04T14:05:05Z,paymentservice,adservice,0,0,0,0,0,0,0
2026-10-04T14:05:05Z,paymentservice,cartservice,0,0,0,0,0,0,0
2026-10-04T14:05:05Z,paymentservice,checkoutservice,0,0,0,0,0,0,0
2026-10-04T14:05:05Z,paymentservice,currencyservice,0,0,0,0,0,0,0
2026-10-04T14:05:05Z,paymentservice,emailservice,0,0,0,0,0,0,0
2026-10-04T14:05:05Z,paymentservice,frontend,0,0,0,0,0,0,0
2026-10-04T14:05:05Z,paymentservice,kubernetes,0,0,0,0,0,0,0
2026-10-04T14:05:05Z,paymentservice,paymentservice,0,0,0,0,0,0,0
2026-10-04T14:05:05Z,paymentservice,productcatalogservice,0,0,0,0,0,0,0
2026-10-04T14:05:05Z,paymentservice,recommendationservice,0,0,0,0,0,0,0
2026-10-04T14:05:05Z,paymentservice,redis-cart,0,0,0,0,0,0,0
2026-10-04T14:05:05Z,paymentservice,shippingservice,0,0,0,0,0,0,0
2026-10-04T14:05:05Z,productcatalogservice,adservice,0,0,0,0,0,0,0
2026-10-04T14:05:05Z,productcatalogservice,cartservice,0,0,0,0,0,0,0
2026-10-04T14:05:05Z,productcatalogservice,checkoutservice,0,0,0,0,0,0,0
2026-10-04T14:05:05Z,productcatalogservice,currencyservice,0,0,0,0,0,0,0
2026-10-04T14:05:05Z,productcatalogservice,emailservice,0,0,0,0,0,0,0
2026-10-04T14:05:05Z,productcatalogservice,frontend,0,0,0,0,0,0,0
2026-10-04T14:05:05Z,productcatalogservice,kubernetes,0,0,0,0,0,0,0
2026-10-04T14:05:05Z,productcatalogservice,paymentservice,0,0,0,0,0,0,0
2026-10-04T14:05:05Z,productcatalogservice,productcatalogservice,0,0,0,0,0,0,0
2026-10-04T14:05:05Z,productcatalogservice,recommendationservice,0,0,0,0,0,0,0
2026-10-04T14:05:05Z,productcatalogservice,redis-cart,0,0,0,0,0,0,0
2026-10-04T14:05:05Z,productcatalogservice,shippingservice,0,0,0,0,0,0,0
2026-10-04T14:05:05Z,recommendationservice,adservice,0,0,0,0,0,0,0
2026-10-04T14:05:05Z,recommendationservice,cartservice,0,0,0,0,0,0,0
2026-10-04T14:05:05Z,recommendationservice,checkoutservice,0,0,0,0,0,0,0
2026-10-04T14:05:05Z,recommendationservice,currencyservice,0,0,0,0,0,0,0
2026-10-04T14:05:05Z,recommendationservice,emailservice,0,0,0,0,0,0,0
2026-10-04T14:05:05Z,recommendationservice,frontend,0,0,0,0,0,0,0
2026-10-04T14:05:05Z,recommendationservice,kubernetes,0,0,0,0,0,0,0
2026-10-04T14:05:05Z,recommendationservice,paymentservice,0,0,0,0,0,0,0
2026-10-04T14:05:05Z,recommendationservice,productcatalogservice,37056,37051,0,0,0,288551,36882
2026-10-04T14:05:05Z,recommendationservice,recommendationservice,0,0,0,0,0,0,0
2026-10-04T14:05:05Z,recommendationservice,redis-cart,0,0,0,0,0,0,0
2026-10-04T14:05:05Z,recommendationservice,shippingservice,0,0,0,0,0,0,0
2026-10-04T14:05:05Z,redis-cart,adservice,0,0,0,0,0,0,0
2026-10-04T14:05:05Z,redis-cart,cartservice,0,0,0,0,0,0,0
2026-10-04T14:05:05Z,redis-cart,checkoutservice,0,0,0,0,0,0,0
2026-10-04T14:05:05Z,redis-cart,currencyservice,0,0,0,0,0,0,0
2026-10-04T14:05:05Z,redis-cart,emailservice,0,0,0,0,0,0,0
2026-10-04T14:05:05Z,redis-cart,frontend,0,0,0,0,0,0,0
2026-10-04T14:05:05Z,redis-cart,kubernetes,0,0,0,0,0,0,0
2026-10-04T14:05:05Z,redis-cart,paymentservice,0,0,0,0,0,0,0
2026-10-04T14:05:05Z,redis-cart,productcatalogservice,0,0,0,0,0,0,0
2026-10-04T14:05:05Z,redis-cart,recommendationservice,0,0,0,0,0,0,0
2026-10-04T14:05:05Z,redis-cart,redis-cart,0,0,0,0,0,0,0
2026-10-04T14:05:05Z,redis-cart,shippingservice,0,0,0,0,0,0,0
2026-10-04T14:05:05Z,shippingservice,adservice,0,0,0,0,0,0,0
2026-10-04T14:05:05Z,shippingservice,cartservice,0,0,0,0,0,0,0
2026-10-04T14:05:05Z,shippingservice,checkoutservice,0,0,0,0,0,0,0
2026-10-04T14:05:05Z,shippingservice,currencyservice,0,0,0,0,0,0,0
2026-10-04T14:05:05Z,shippingservice,emailservice,0,0,0,0,0,0,0
2026-10-04T14:05:05Z,shippingservice,frontend,0,0,0,0,0,0,0
2026-10-04T14:05:05Z,shippingservice,kubernetes,0,0,0,0,0,0,0
2026-10-04T14:05:05Z,shippingservice,paymentservice,0,0,0,0,0,0,0
2026-10-04T14:05:05Z,shippingservice,productcatalogservice,0,0,0,0,0,0,0
2026-10-04T14:05:05Z,shippingservice,recommendationservice,0,0,0,0,0,0,0
2026-10-04T14:05:05Z,shippingservice,redis-cart,0,0,0,0,0,0,0
2026-10-04T14:05:05Z,shippingservice,shippingservice,0,0,0,0,0,0,0
2026-10-04T14:05:06Z,adservice,adservice,0,0,0,0,0,0,0
2026-10-04T14:05:06Z,adservice,cartservice,0,0,0,0,0,0,0
2026-10-04T14:05:06Z,adservice,checkoutservice,0,0,0,0,0,0,0
2026-10-04T14:05:06Z,adservice,currencyservice,0,0,0,0,0,0,0
2026-10-04T14:05:06Z,adservice,emailservice,0,0,0,0,0,0,0
2026-10-04T14:05:06Z,adservice,frontend,0,0,0,0,0,0,0
2026-10-04T14:05:06Z,adservice,kubernetes,0,0,0,0,0,0,0
2026-10-04T14:05:06Z,adservice,paymentservice,0,0,0,0,0,0,0
2026-10-04T14:05:06Z,adservice,productcatalogservice,0,0,0,0,0,0,0
2026-10-04T14:05:06Z,adservice,recommendationservice,0,0,0,0,0,0,0
2026-10-04T14:05:06Z,adservice,redis-cart,0,0,0,0,0,0,0
2026-10-04T14:05:06Z,adservice,shippingservice,0,0,0,0,0,0,0
2026-10-04T14:05:06Z,cartservice,adservice,0,0,0,0,0,0,0
2026-10-04T14:05:06Z,cartservice,cartservice,0,0,0,0,0,0,0
2026-10-04T14:05:06Z,cartservice,checkoutservice,0,0,0,0,0,0,0
2026-10-04T14:05:06Z,cartservice,currencyservice,0,0,0,0,0,0,0
2026-10-04T14:05:06Z,cartservice,emailservice,0,0,0,0,0,0,0
2026-10-04T14:05:06Z,cartservice,frontend,0,0,0,0,0,0,0
2026-10-04T14:05:06Z,cartservice,kubernetes,0,0,0,0,0,0,0
2026-10-04T14:05:06Z,cartservice,paymentservice,0,0,0,0,0,0,0
2026-10-04T14:05:06Z,cartservice,productcatalogservice,0,0,0,0,0,0,0
2026-10-04T14:05:06Z,cartservice,recommendationservice,0,0,0,0,0,0,0
2026-10-04T14:05:06Z,cartservice,redis-cart,2,0,0,0,0,0,0
2026-10-04T14:05:06Z,cartservice,shippingservice,0,0,0,0,0,0,0
2026-10-04T14:05:06Z,checkoutservice,adservice,0,0,0,0,0,0,0
2026-10-04T14:05:06Z,checkoutservice,cartservice,18517,18147,0,52,0,234137,17173
2026-10-04T14:05:06Z,checkoutservice,checkoutservice,0,0,0,0,0,0,0
2026-10-04T14:05:06Z,checkoutservice,currencyservice,13175,13171,0,0,0,184073,12250
2026-10-04T14:05:06Z,checkoutservice,emailservice,2396,2245,0,38,0,111843,2243
2026-10-04T14:05:06Z,checkoutservice,frontend,0,0,0,0,0,0,0
2026-10-04T14:05:06Z,checkoutservice,kubernetes,0,0,0,0,0,0,0
2026-10-04T14:05:06Z,checkoutservice,paymentservice,10335,9684,0,62,0,144357,9260
2026-10-04T14:05:06Z,checkoutservice,productcatalogservice,0,0,0,0,0,0,0
2026-10-04T14:05:06Z,checkoutservice,recommendationservice,0,0,0,0,0,0,0
2026-10-04T14:05:06Z,checkoutservice,redis-cart,0,0,0,0,0,0,0
2026-10-04T14:05:06Z,checkoutservice,shippingservice,19904,19111,0,62,0,172615,18093
2026-10-04T14:05:06Z,currencyservice,adservice,0,0,0,0,0,0,0
2026-10-04T14:05:06Z,currencyservice,cartservice,0,0,0,0,0,0,0
2026-10-04T14:05:06Z,currencyservice,checkoutservice,0,0,0,0,0,0,0
2026-10-04T14:05:06Z,currencyservice,currencyservice,0,0,0,0,0,0,0
2026-10-04T14:05:06Z,currencyservice,emailservice,0,0,0,0,0,0,0
2026-10-04T14:05:06Z,currencyservice,frontend,0,0,0,0,0,0,0
2026-10-04T14:05:06Z,currencyservice,kubernetes,0,0,0,0,0,0,0
2026-10-04T14:05:06Z,currencyservice,paymentservice,0,0,0,0,0,0,0
2026-10-04T14:05:06Z,currencyservice,productcatalogservice,0,0,0,0,0,0,0
2026-10-04T14:05:06Z,currencyservice,recommendationservice,0,0,0,0,0,0,0
2026-10-04T14:05:06Z,currencyservice,redis-cart,0,0,0,0,0,0,0
2026-10-04T14:05:06Z,currencyservice,shippingservice,0,0,0,0,0,0,0
2026-10-04T14:05:06Z,emailservice,adservice,0,0,0,0,0,0,0
2026-10-04T14:05:06Z,emailservice,cartservice,0,0,0,0,0,0,0
2026-10-04T14:05:06Z,emailservice,checkoutservice,0,0,0,0,0,0,0
2026-10-04T14:05:06Z,emailservice,currencyservice,0,0,0,0,0,0,0
2026-10-04T14:05:06Z,emailservice,emailservice,0,0,0,0,0,0,0
2026-10-04T14:05:06Z,emailservice,frontend,0,0,0,0,0,0,0
2026-10-04T14:05:06Z,emailservice,kubernetes,0,0,0,0,0,0,0
2026-10-04T14:05:06Z,emailservice,paymentservice,0,0,0,0,0,0,0
2026-10-04T14:05:06Z,emailservice,productcatalogservice,0,0,0,0,0,0,0
2026-10-04T14:05:06Z,emailservice,recommendationservice,0,0,0,0,0,0,0
2026-10-04T14:05:06Z,emailservice,redis-cart,0,0,0,0,0,0,0
2026-10-04T14:05:06Z,emailservice,shippingservice,0,0,0,0,0,0,0
2026-10-04T14:05:06Z,frontend,adservice,796652,796647,0,0,0,2398363,795870
2026-10-04T14:05:06Z,frontend,cartservice,1769968,1769956,0,0,4,9843209,1768585
2026-10-04T14:05:06Z,frontend,checkoutservice,370243,177639,0,36502,155897,58045721,177550
2026-10-04T14:05:06Z,frontend,currencyservice,2814476,2814467,0,0,0,14926661,2812275
2026-10-04T14:05:06Z,frontend,emailservice,0,0,0,0,0,0,0
2026-10-04T14:05:06Z,frontend,frontend,0,0,0,0,0,0,0
2026-10-04T14:05:06Z,frontend,kubernetes,0,0,0,0,0,0,0
2026-10-04T14:05:06Z,frontend,paymentservice,0,0,0,0,0,0,0
2026-10-04T14:05:06Z,frontend,productcatalogservice,7895145,7895048,0,0,0,53820670,7887611
2026-10-04T14:05:06Z,frontend,recommendationservice,2561600,1562355,0,104145,892890,773675547,1561078
2026-10-04T14:05:06Z,frontend,redis-cart,0,0,0,0,0,0,0
2026-10-04T14:05:06Z,frontend,shippingservice,292224,292218,0,0,0,884909,291910
2026-10-04T14:05:06Z,paymentservice,adservice,0,0,0,0,0,0,0
2026-10-04T14:05:06Z,paymentservice,cartservice,0,0,0,0,0,0,0
2026-10-04T14:05:06Z,paymentservice,checkoutservice,0,0,0,0,0,0,0
2026-10-04T14:05:06Z,paymentservice,currencyservice,0,0,0,0,0,0,0
2026-10-04T14:05:06Z,paymentservice,emailservice,0,0,0,0,0,0,0
2026-10-04T14:05:06Z,paymentservice,frontend,0,0,0,0,0,0,0
2026-10-04T14:05:06Z,paymentservice,kubernetes,0,0,0,0,0,0,0
2026-10-04T14:05:06Z,paymentservice,paymentservice,0,0,0,0,0,0,0
2026-10-04T14:05:06Z,paymentservice,productcatalogservice,0,0,0,0,0,0,0
2026-10-04T14:05:06Z,paymentservice,recommendationservice,0,0,0,0,0,0,0
2026-10-04T14:05:06Z,paymentservice,redis-cart,0,0,0,0,0,0,0
2026-10-04T14:05:06Z,paymentservice,shippingservice,0,0,0,0,0,0,0
2026-10-04T14:05:06Z,productcatalogservice,adservice,0,0,0,0,0,0,0
2026-10-04T14:05:06Z,productcatalogservice,cartservice,0,0,0,0,0,0,0
2026-10-04T14:05:06Z,productcatalogservice,checkoutservice,0,0,0,0,0,0,0
2026-10-04T14:05:06Z,productcatalogservice,currencyservice,0,0,0,0,0,0,0
2026-10-04T14:05:06Z,productcatalogservice,emailservice,0,0,0,0,0,0,0
2026-10-04T14:05:06Z,productcatalogservice,frontend,0,0,0,0,0,0,0
2026-10-04T14:05:06Z,productcatalogservice,kubernetes,0,0,0,0,0,0,0
2026-10-04T14:05:06Z,productcatalogservice,paymentservice,0,0,0,0,0,0,0
2026-10-04T14:05:06Z,productcatalogservice,productcatalogservice,0,0,0,0,0,0,0
2026-10-04T14:05:06Z,productcatalogservice,recommendationservice,0,0,0,0,0,0,0
2026-10-04T14:05:06Z,productcatalogservice,redis-cart,0,0,0,0,0,0,0
2026-10-04T14:05:06Z,productcatalogservice,shippingservice,0,0,0,0,0,0,0
2026-10-04T14:05:06Z,recommendationservice,adservice,0,0,0,0,0,0,0
2026-10-04T14:05:06Z,recommendationservice,cartservice,0,0,0,0,0,0,0
2026-10-04T14:05:06Z,recommendationservice,checkoutservice,0,0,0,0,0,0,0
2026-10-04T14:05:06Z,recommendationservice,currencyservice,0,0,0,0,0,0,0
2026-10-04T14:05:06Z,recommendationservice,emailservice,0,0,0,0,0,0,0
2026-10-04T14:05:06Z,recommendationservice,frontend,0,0,0,0,0,0,0
2026-10-04T14:05:06Z,recommendationservice,kubernetes,0,0,0,0,0,0,0
2026-10-04T14:05:06Z,recommendationservice,paymentservice,0,0,0,0,0,0,0
2026-10-04T14:05:06Z,recommendationservice,productcatalogservice,37493,37491,0,0,0,288551,36882
2026-10-04T14:05:06Z,recommendationservice,recommendationservice,0,0,0,0,0,0,0
2026-10-04T14:05:06Z,recommendationservice,redis-cart,0,0,0,0,0,0,0
2026-10-04T14:05:06Z,recommendationservice,shippingservice,0,0,0,0,0,0,0
2026-10-04T14:05:06Z,redis-cart,adservice,0,0,0,0,0,0,0
2026-10-04T14:05:06Z,redis-cart,cartservice,0,0,0,0,0,0,0
2026-10-04T14:05:06Z,redis-cart,checkoutservice,0,0,0,0,0,0,0
2026-10-04T14:05:06Z,redis-cart,currencyservice,0,0,0,0,0,0,0
2026-10-04T14:05:06Z,redis-cart,emailservice,0,0,0,0,0,0,0
2026-10-04T14:05:06Z,redis-cart,frontend,0,0,0,0,0,0,0
2026-10-04T14:05:06Z,redis-cart,kubernetes,0,0,0,0,0,0,0
2026-10-04T14:05:06Z,redis-cart,paymentservice,0,0,0,0,0,0,0
2026-10-04T14:05:06Z,redis-cart,productcatalogservice,0,0,0,0,0,0,0
2026-10-04T14:05:06Z,redis-cart,recommendationservice,0,0,0,0,0,0,0
2026-10-04T14:05:06Z,redis-cart,redis-cart,0,0,0,0,0,0,0
2026-10-04T14:05:06Z,redis-cart,shippingservice,0,0,0,0,0,0,0
2026-10-04T14:05:06Z,shippingservice,adservice,0,0,0,0,0,0,0
2026-10-04T14:05:06Z,shippingservice,cartservice,0,0,0,0,0,0,0
2026-10-04T14:05:06Z,shippingservice,checkoutservice,0,0,0,0,0,0,0
2026-10-04T14:05:06Z,shippingservice,currencyservice,0,0,0,0,0,0,0
2026-10-04T14:05:06Z,shippingservice,emailservice,0,0,0,0,0,0,0
2026-10-04T14:05:06Z,shippingservice,frontend,0,0,0,0,0,0,0
2026-10-04T14:05:06Z,shippingservice,kubernetes,0,0,0,0,0,0,0
2026-10-04T14:05:06Z,shippingservice,paymentservice,0,0,0,0,0,0,0
2026-10-04T14:05:06Z,shippingservice,productcatalogservice,0,0,0,0,0,0,0
2026-10-04T14:05:06Z,shippingservice,recommendationservice,0,0,0,0,0,0,0
2026-10-04T14:05:06Z,shippingservice,redis-cart,0,0,0,0,0,0,0
2026-10-04T14:05:06Z,shippingservice,shippingservice,0,0,0,0,0,0,0
2026-10-04T14:05:07Z,adservice,adservice,0,0,0,0,0,0,0
2026-10-04T14:05:07Z,adservice,cartservice,0,0,0,0,0,0,0
2026-10-04T14:05:07Z,adservice,checkoutservice,0,0,0,0,0,0,0
2026-10-04T14:05:07Z,adservice,currencyservice,0,0,0,0,0,0,0
2026-10-04T14:05:07Z,adservice,emailservice,0,0,0,0,0,0,0
2026-10-04T14:05:07Z,adservice,frontend,0,0,0,0,0,0,0
2026-10-04T14:05:07Z,adservice,kubernetes,0,0,0,0,0,0,0
2026-10-04T14:05:07Z,adservice,paymentservice,0,0,0,0,0,0,0
2026-10-04T14:05:07Z,adservice,productcatalogservice,0,0,0,0,0,0,0
2026-10-04T14:05:07Z,adservice,recommendationservice,0,0,0,0,0,0,0
2026-10-04T14:05:07Z,adservice,redis-cart,0,0,0,0,0,0,0
2026-10-04T14:05:07Z,adservice,shippingservice,0,0,0,0,0,0,0
2026-10-04T14:05:07Z,cartservice,adservice,0,0,0,0,0,0,0
2026-10-04T14:05:07Z,cartservice,cartservice,0,0,0,0,0,0,0
2026-10-04T14:05:07Z,cartservice,checkoutservice,0,0,0,0,0,0,0
2026-10-04T14:05:07Z,cartservice,currencyservice,0,0,0,0,0,0,0
2026-10-04T14:05:07Z,cartservice,emailservice,0,0,0,0,0,0,0
2026-10-04T14:05:07Z,cartservice,frontend,0,0,0,0,0,0,0
2026-10-04T14:05:07Z,cartservice,kubernetes,0,0,0,0,0,0,0
2026-10-04T14:05:07Z,cartservice,paymentservice,0,0,0,0,0,0,0
2026-10-04T14:05:07Z,cartservice,productcatalogservice,0,0,0,0,0,0,0
2026-10-04T14:05:07Z,cartservice,recommendationservice,0,0,0,0,0,0,0
2026-10-04T14:05:07Z,cartservice,redis-cart,2,0,0,0,0,0,0
2026-10-04T14:05:07Z,cartservice,shippingservice,0,0,0,0,0,0,0
2026-10-04T14:05:07Z,checkoutservice,adservice,0,0,0,0,0,0,0
2026-10-04T14:05:07Z,checkoutservice,cartservice,18729,18359,0,52,0,252398,18250
2026-10-04T14:05:07Z,checkoutservice,checkoutservice,0,0,0,0,0,0,0
2026-10-04T14:05:07Z,checkoutservice,currencyservice,13375,13373,0,0,0,201453,13265
2026-10-04T14:05:07Z,checkoutservice,emailservice,2396,2245,0,38,0,111852,2245
2026-10-04T14:05:07Z,checkoutservice,frontend,0,0,0,0,0,0,0
2026-10-04T14:05:07Z,checkoutservice,kubernetes,0,0,0,0,0,0,0
2026-10-04T14:05:07Z,checkoutservice,paymentservice,10506,9847,0,62,0,153492,9731
2026-10-04T14:05:07Z,checkoutservice,productcatalogservice,0,0,0,0,0,0,0
2026-10-04T14:05:07Z,checkoutservice,recommendationservice,0,0,0,0,0,0,0
2026-10-04T14:05:07Z,checkoutservice,redis-cart,0,0,0,0,0,0,0
2026-10-04T14:05:07Z,checkoutservice,shippingservice,20184,19372,0,63,0,184874,19228
2026-10-04T14:05:07Z,currencyservice,adservice,0,0,0,0,0,0,0
2026-10-04T14:05:07Z,currencyservice,cartservice,0,0,0,0,0,0,0
2026-10-04T14:05:07Z,currencyservice,checkoutservice,0,0,0,0,0,0,0
2026-10-04T14:05:07Z,currencyservice,currencyservice,0,0,0,0,0,0,0
2026-10-04T14:05:07Z,currencyservice,emailservice,0,0,0,0,0,0,0
2026-10-04T14:05:07Z,currencyservice,frontend,0,0,0,0,0,0,0
2026-10-04T14:05:07Z,currencyservice,kubernetes,0,0,0,0,0,0,0
2026-10-04T14:05:07Z,currencyservice,paymentservice,0,0,0,0,0,0,0
2026-10-04T14:05:07Z,currencyservice,productcatalogservice,0,0,0,0,0,0,0
2026-10-04T14:05:07Z,currencyservice,recommendationservice,0,0,0,0,0,0,0
2026-10-04T14:05:07Z,currencyservice,redis-cart,0,0,0,0,0,0,0
2026-10-04T14:05:07Z,currencyservice,shippingservice,0,0,0,0,0,0,0
2026-10-04T14:05:07Z,emailservice,adservice,0,0,0,0,0,0,0
2026-10-04T14:05:07Z,emailservice,cartservice,0,0,0,0,0,0,0
2026-10-04T14:05:07Z,emailservice,checkoutservice,0,0,0,0,0,0,0
2026-10-04T14:05:07Z,emailservice,currencyservice,0,0,0,0,0,0,0
2026-10-04T14:05:07Z,emailservice,emailservice,0,0,0,0,0,0,0
2026-10-04T14:05:07Z,emailservice,frontend,0,0,0,0,0,0,0
2026-10-04T14:05:07Z,emailservice,kubernetes,0,0,0,0,0,0,0
2026-10-04T14:05:07Z,emailservice,paymentservice,0,0,0,0,0,0,0
2026-10-04T14:05:07Z,emailservice,productcatalogservice,0,0,0,0,0,0,0
2026-10-04T14:05:07Z,emailservice,recommendationservice,0,0,0,0,0,0,0
2026-10-04T14:05:07Z,emailservice,redis-cart,0,0,0,0,0,0,0
2026-10-04T14:05:07Z,emailservice,shippingservice,0,0,0,0,0,0,0
2026-10-04T14:05:07Z,frontend,adservice,796922,796920,0,0,0,2398363,795870
2026-10-04T14:05:07Z,frontend,cartservice,1770466,1770450,0,0,4,9843209,1768585
2026-10-04T14:05:07Z,frontend,checkoutservice,370439,177660,0,36545,156047,58045721,177550
2026-10-04T14:05:07Z,frontend,currencyservice,2815270,2815243,0,0,0,14926661,2812275
2026-10-04T14:05:07Z,frontend,emailservice,0,0,0,0,0,0,0
2026-10-04T14:05:07Z,frontend,frontend,0,0,0,0,0,0,0
2026-10-04T14:05:07Z,frontend,kubernetes,0,0,0,0,0,0,0
2026-10-04T14:05:07Z,frontend,paymentservice,0,0,0,0,0,0,0
2026-10-04T14:05:07Z,frontend,productcatalogservice,7897659,7897578,0,0,0,53820670,7887611
2026-10-04T14:05:07Z,frontend,recommendationservice,2562039,1562778,0,104145,892890,773675547,1561078
2026-10-04T14:05:07Z,frontend,redis-cart,0,0,0,0,0,0,0
2026-10-04T14:05:07Z,frontend,shippingservice,292328,292325,0,0,0,884909,291910
2026-10-04T14:05:07Z,paymentservice,adservice,0,0,0,0,0,0,0
2026-10-04T14:05:07Z,paymentservice,cartservice,0,0,0,0,0,0,0
2026-10-04T14:05:07Z,paymentservice,checkoutservice,0,0,0,0,0,0,0
2026-10-04T14:05:07Z,paymentservice,currencyservice,0,0,0,0,0,0,0
2026-10-04T14:05:07Z,paymentservice,emailservice,0,0,0,0,0,0,0
2026-10-04T14:05:07Z,paymentservice,frontend,0,0,0,0,0,0,0
2026-10-04T14:05:07Z,paymentservice,kubernetes,0,0,0,0,0,0,0
2026-10-04T14:05:07Z,paymentservice,paymentservice,0,0,0,0,0,0,0
2026-10-04T14:05:07Z,paymentservice,productcatalogservice,0,0,0,0,0,0,0
2026-10-04T14:05:07Z,paymentservice,recommendationservice,0,0,0,0,0,0,0
2026-10-04T14:05:07Z,paymentservice,redis-cart,0,0,0,0,0,0,0
2026-10-04T14:05:07Z,paymentservice,shippingservice,0,0,0,0,0,0,0
2026-10-04T14:05:07Z,productcatalogservice,adservice,0,0,0,0,0,0,0
2026-10-04T14:05:07Z,productcatalogservice,cartservice,0,0,0,0,0,0,0
2026-10-04T14:05:07Z,productcatalogservice,checkoutservice,0,0,0,0,0,0,0
2026-10-04T14:05:07Z,productcatalogservice,currencyservice,0,0,0,0,0,0,0
2026-10-04T14:05:07Z,productcatalogservice,emailservice,0,0,0,0,0,0,0
2026-10-04T14:05:07Z,productcatalogservice,frontend,0,0,0,0,0,0,0
2026-10-04T14:05:07Z,productcatalogservice,kubernetes,0,0,0,0,0,0,0
2026-10-04T14:05:07Z,productcatalogservice,paymentservice,0,0,0,0,0,0,0
2026-10-04T14:05:07Z,productcatalogservice,productcatalogservice,0,0,0,0,0,0,0
2026-10-04T14:05:07Z,productcatalogservice,recommendationservice,0,0,0,0,0,0,0
2026-10-04T14:05:07Z,productcatalogservice,redis-cart,0,0,0,0,0,0,0
2026-10-04T14:05:07Z,productcatalogservice,shippingservice,0,0,0,0,0,0,0
2026-10-04T14:05:07Z,recommendationservice,adservice,0,0,0,0,0,0,0
2026-10-04T14:05:07Z,recommendationservice,cartservice,0,0,0,0,0,0,0
2026-10-04T14:05:07Z,recommendationservice,checkoutservice,0,0,0,0,0,0,0
2026-10-04T14:05:07Z,recommendationservice,currencyservice,0,0,0,0,0,0,0
2026-10-04T14:05:07Z,recommendationservice,emailservice,0,0,0,0,0,0,0
2026-10-04T14:05:07Z,recommendationservice,frontend,0,0,0,0,0,0,0
2026-10-04T14:05:07Z,recommendationservice,kubernetes,0,0,0,0,0,0,0
2026-10-04T14:05:07Z,recommendationservice,paymentservice,0,0,0,0,0,0,0
2026-10-04T14:05:07Z,recommendationservice,productcatalogservice,37940,37939,0,0,0,288551,36882
2026-10-04T14:05:07Z,recommendationservice,recommendationservice,0,0,0,0,0,0,0
2026-10-04T14:05:07Z,recommendationservice,redis-cart,0,0,0,0,0,0,0
2026-10-04T14:05:07Z,recommendationservice,shippingservice,0,0,0,0,0,0,0
2026-10-04T14:05:07Z,redis-cart,adservice,0,0,0,0,0,0,0
2026-10-04T14:05:07Z,redis-cart,cartservice,0,0,0,0,0,0,0
2026-10-04T14:05:07Z,redis-cart,checkoutservice,0,0,0,0,0,0,0
2026-10-04T14:05:07Z,redis-cart,currencyservice,0,0,0,0,0,0,0
2026-10-04T14:05:07Z,redis-cart,emailservice,0,0,0,0,0,0,0
2026-10-04T14:05:07Z,redis-cart,frontend,0,0,0,0,0,0,0
2026-10-04T14:05:07Z,redis-cart,kubernetes,0,0,0,0,0,0,0
2026-10-04T14:05:07Z,redis-cart,paymentservice,0,0,0,0,0,0,0
2026-10-04T14:05:07Z,redis-cart,productcatalogservice,0,0,0,0,0,0,0
2026-10-04T14:05:07Z,redis-cart,recommendationservice,0,0,0,0,0,0,0
2026-10-04T14:05:07Z,redis-cart,redis-cart,0,0,0,0,0,0,0
2026-10-04T14:05:07Z,redis-cart,shippingservice,0,0,0,0,0,0,0
2026-10-04T14:05:07Z,shippingservice,adservice,0,0,0,0,0,0,0
2026-10-04T14:05:07Z,shippingservice,cartservice,0,0,0,0,0,0,0
2026-10-04T14:05:07Z,shippingservice,checkoutservice,0,0,0,0,0,0,0
2026-10-04T14:05:07Z,shippingservice,currencyservice,0,0,0,0,0,0,0
2026-10-04T14:05:07Z,shippingservice,emailservice,0,0,0,0,0,0,0
2026-10-04T14:05:07Z,shippingservice,frontend,0,0,0,0,0,0,0
2026-10-04T14:05:07Z,shippingservice,kubernetes,0,0,0,0,0,0,0
2026-10-04T14:05:07Z,shippingservice,paymentservice,0,0,0,0,0,0,0
2026-10-04T14:05:07Z,shippingservice,productcatalogservice,0,0,0,0,0,0,0
2026-10-04T14:05:07Z,shippingservice,recommendationservice,0,0,0,0,0,0,0
2026-10-04T14:05:07Z,shippingservice,redis-cart,0,0,0,0,0,0,0
2026-10-04T14:05:07Z,shippingservice,shippingservice,0,0,0,0,0,0,0
2026-10-04T14:05:08Z,adservice,adservice,0,0,0,0,0,0,0
2026-10-04T14:05:08Z,adservice,cartservice,0,0,0,0,0,0,0
2026-10-04T14:05:08Z,adservice,checkoutservice,0,0,0,0,0,0,0
2026-10-04T14:05:08Z,adservice,currencyservice,0,0,0,0,0,0,0
2026-10-04T14:05:08Z,adservice,emailservice,0,0,0,0,0,0,0
2026-10-04T14:05:08Z,adservice,frontend,0,0,0,0,0,0,0
2026-10-04T14:05:08Z,adservice,kubernetes,0,0,0,0,0,0,0
2026-10-04T14:05:08Z,adservice,paymentservice,0,0,0,0,0,0,0
2026-10-04T14:05:08Z,adservice,productcatalogservice,0,0,0,0,0,0,0
2026-10-04T14:05:08Z,adservice,recommendationservice,0,0,0,0,0,0,0
2026-10-04T14:05:08Z,adservice,redis-cart,0,0,0,0,0,0,0
2026-10-04T14:05:08Z,adservice,shippingservice,0,0,0,0,0,0,0
2026-10-04T14:05:08Z,cartservice,adservice,0,0,0,0,0,0,0
2026-10-04T14:05:08Z,cartservice,cartservice,0,0,0,0,0,0,0
2026-10-04T14:05:08Z,cartservice,checkoutservice,0,0,0,0,0,0,0
2026-10-04T14:05:08Z,cartservice,currencyservice,0,0,0,0,0,0,0
2026-10-04T14:05:08Z,cartservice,emailservice,0,0,0,0,0,0,0
2026-10-04T14:05:08Z,cartservice,frontend,0,0,0,0,0,0,0
2026-10-04T14:05:08Z,cartservice,kubernetes,0,0,0,0,0,0,0
2026-10-04T14:05:08Z,cartservice,paymentservice,0,0,0,0,0,0,0
2026-10-04T14:05:08Z,cartservice,productcatalogservice,0,0,0,0,0,0,0
2026-10-04T14:05:08Z,cartservice,recommendationservice,0,0,0,0,0,0,0
2026-10-04T14:05:08Z,cartservice,redis-cart,2,0,0,0,0,0,0
2026-10-04T14:05:08Z,cartservice,shippingservice,0,0,0,0,0,0,0
2026-10-04T14:05:08Z,checkoutservice,adservice,0,0,0,0,0,0,0
2026-10-04T14:05:08Z,checkoutservice,cartservice,18952,18575,0,52,0,252398,18250
2026-10-04T14:05:08Z,checkoutservice,checkoutservice,0,0,0,0,0,0,0
2026-10-04T14:05:08Z,checkoutservice,currencyservice,13580,13576,0,0,0,201453,13265
2026-10-04T14:05:08Z,checkoutservice,emailservice,2398,2247,0,38,0,111852,2245
2026-10-04T14:05:08Z,checkoutservice,frontend,0,0,0,0,0,0,0
2026-10-04T14:05:08Z,checkoutservice,kubernetes,0,0,0,0,0,0,0
2026-10-04T14:05:08Z,checkoutservice,paymentservice,10669,9993,0,63,0,153492,9731
2026-10-04T14:05:08Z,checkoutservice,productcatalogservice,0,0,0,0,0,0,0
2026-10-04T14:05:08Z,checkoutservice,recommendationservice,0,0,0,0,0,0,0
2026-10-04T14:05:08Z,checkoutservice,redis-cart,0,0,0,0,0,0,0
2026-10-04T14:05:08Z,checkoutservice,shippingservice,20446,19616,0,65,0,184874,19228
2026-10-04T14:05:08Z,currencyservice,adservice,0,0,0,0,0,0,0
2026-10-04T14:05:08Z,currencyservice,cartservice,0,0,0,0,0,0,0
2026-10-04T14:05:08Z,currencyservice,checkoutservice,0,0,0,0,0,0,0
2026-10-04T14:05:08Z,currencyservice,currencyservice,0,0,0,0,0,0,0
2026-10-04T14:05:08Z,currencyservice,emailservice,0,0,0,0,0,0,0
2026-10-04T14:05:08Z,currencyservice,frontend,0,0,0,0,0,0,0
2026-10-04T14:05:08Z,currencyservice,kubernetes,0,0,0,0,0,0,0
2026-10-04T14:05:08Z,currencyservice,paymentservice,0,0,0,0,0,0,0
2026-10-04T14:05:08Z,currencyservice,productcatalogservice,0,0,0,0,0,0,0
2026-10-04T14:05:08Z,currencyservice,recommendationservice,0,0,0,0,0,0,0
2026-10-04T14:05:08Z,currencyservice,redis-cart,0,0,0,0,0,0,0
2026-10-04T14:05:08Z,currencyservice,shippingservice,0,0,0,0,0,0,0
2026-10-04T14:05:08Z,emailservice,adservice,0,0,0,0,0,0,0
2026-10-04T14:05:08Z,emailservice,cartservice,0,0,0,0,0,0,0
2026-10-04T14:05:08Z,emailservice,checkoutservice,0,0,0,0,0,0,0
2026-10-04T14:05:08Z,emailservice,currencyservice,0,0,0,0,0,0,0
2026-10-04T14:05:08Z,emailservice,emailservice,0,0,0,0,0,0,0
2026-10-04T14:05:08Z,emailservice,frontend,0,0,0,0,0,0,0
2026-10-04T14:05:08Z,emailservice,kubernetes,0,0,0,0,0,0,0
2026-10-04T14:05:08Z,emailservice,paymentservice,0,0,0,0,0,0,0
2026-10-04T14:05:08Z,emailservice,productcatalogservice,0,0,0,0,0,0,0
2026-10-04T14:05:08Z,emailservice,recommendationservice,0,0,0,0,0,0,0
2026-10-04T14:05:08Z,emailservice,redis-cart,0,0,0,0,0,0,0
2026-10-04T14:05:08Z,emailservice,shippingservice,0,0,0,0,0,0,0
2026-10-04T14:05:08Z,frontend,adservice,797186,797181,0,0,0,2399268,796163
2026-10-04T14:05:08Z,frontend,cartservice,1770914,1770901,0,0,4,9846260,1769094
2026-10-04T14:05:08Z,frontend,checkoutservice,370642,177686,0,36581,156178,58086751,177582
2026-10-04T14:05:08Z,frontend,currencyservice,2815986,2815969,0,0,0,14932142,2813100
2026-10-04T14:05:08Z,frontend,emailservice,0,0,0,0,0,0,0
2026-10-04T14:05:08Z,frontend,frontend,0,0,0,0,0,0,0
2026-10-04T14:05:08Z,frontend,kubernetes,0,0,0,0,0,0,0
2026-10-04T14:05:08Z,frontend,paymentservice,0,0,0,0,0,0,0
2026-10-04T14:05:08Z,frontend,productcatalogservice,7900084,7900006,0,0,0,53845810,7890369
2026-10-04T14:05:08Z,frontend,recommendationservice,2562470,1563192,0,104145,892890,773721692,1561547
2026-10-04T14:05:08Z,frontend,redis-cart,0,0,0,0,0,0,0
2026-10-04T14:05:08Z,frontend,shippingservice,292422,292420,0,0,0,885287,292030
2026-10-04T14:05:08Z,paymentservice,adservice,0,0,0,0,0,0,0
2026-10-04T14:05:08Z,paymentservice,cartservice,0,0,0,0,0,0,0
2026-10-04T14:05:08Z,paymentservice,checkoutservice,0,0,0,0,0,0,0
2026-10-04T14:05:08Z,paymentservice,currencyservice,0,0,0,0,0,0,0
2026-10-04T14:05:08Z,paymentservice,emailservice,0,0,0,0,0,0,0
2026-10-04T14:05:08Z,paymentservice,frontend,0,0,0,0,0,0,0
2026-10-04T14:05:08Z,paymentservice,kubernetes,0,0,0,0,0,0,0
2026-10-04T14:05:08Z,paymentservice,paymentservice,0,0,0,0,0,0,0
2026-10-04T14:05:08Z,paymentservice,productcatalogservice,0,0,0,0,0,0,0
2026-10-04T14:05:08Z,paymentservice,recommendationservice,0,0,0,0,0,0,0
2026-10-04T14:05:08Z,paymentservice,redis-cart,0,0,0,0,0,0,0
2026-10-04T14:05:08Z,paymentservice,shippingservice,0,0,0,0,0,0,0
2026-10-04T14:05:08Z,productcatalogservice,adservice,0,0,0,0,0,0,0
2026-10-04T14:05:08Z,productcatalogservice,cartservice,0,0,0,0,0,0,0
2026-10-04T14:05:08Z,productcatalogservice,checkoutservice,0,0,0,0,0,0,0
2026-10-04T14:05:08Z,productcatalogservice,currencyservice,0,0,0,0,0,0,0
2026-10-04T14:05:08Z,productcatalogservice,emailservice,0,0,0,0,0,0,0
2026-10-04T14:05:08Z,productcatalogservice,frontend,0,0,0,0,0,0,0
2026-10-04T14:05:08Z,productcatalogservice,kubernetes,0,0,0,0,0,0,0
2026-10-04T14:05:08Z,productcatalogservice,paymentservice,0,0,0,0,0,0,0
2026-10-04T14:05:08Z,productcatalogservice,productcatalogservice,0,0,0,0,0,0,0
2026-10-04T14:05:08Z,productcatalogservice,recommendationservice,0,0,0,0,0,0,0
2026-10-04T14:05:08Z,productcatalogservice,redis-cart,0,0,0,0,0,0,0
2026-10-04T14:05:08Z,productcatalogservice,shippingservice,0,0,0,0,0,0,0
2026-10-04T14:05:08Z,recommendationservice,adservice,0,0,0,0,0,0,0
2026-10-04T14:05:08Z,recommendationservice,cartservice,0,0,0,0,0,0,0
2026-10-04T14:05:08Z,recommendationservice,checkoutservice,0,0,0,0,0,0,0
2026-10-04T14:05:08Z,recommendationservice,currencyservice,0,0,0,0,0,0,0
2026-10-04T14:05:08Z,recommendationservice,emailservice,0,0,0,0,0,0,0
2026-10-04T14:05:08Z,recommendationservice,frontend,0,0,0,0,0,0,0
2026-10-04T14:05:08Z,recommendationservice,kubernetes,0,0,0,0,0,0,0
2026-10-04T14:05:08Z,recommendationservice,paymentservice,0,0,0,0,0,0,0
2026-10-04T14:05:08Z,recommendationservice,productcatalogservice,38344,38344,0,0,0,288551,36882
2026-10-04T14:05:08Z,recommendationservice,recommendationservice,0,0,0,0,0,0,0
2026-10-04T14:05:08Z,recommendationservice,redis-cart,0,0,0,0,0,0,0
2026-10-04T14:05:08Z,recommendationservice,shippingservice,0,0,0,0,0,0,0
2026-10-04T14:05:08Z,redis-cart,adservice,0,0,0,0,0,0,0
2026-10-04T14:05:08Z,redis-cart,cartservice,0,0,0,0,0,0,0
2026-10-04T14:05:08Z,redis-cart,checkoutservice,0,0,0,0,0,0,0
2026-10-04T14:05:08Z,redis-cart,currencyservice,0,0,0,0,0,0,0
2026-10-04T14:05:08Z,redis-cart,emailservice,0,0,0,0,0,0,0
2026-10-04T14:05:08Z,redis-cart,frontend,0,0,0,0,0,0,0
2026-10-04T14:05:08Z,redis-cart,kubernetes,0,0,0,0,0,0,0
2026-10-04T14:05:08Z,redis-cart,paymentservice,0,0,0,0,0,0,0
2026-10-04T14:05:08Z,redis-cart,productcatalogservice,0,0,0,0,0,0,0
2026-10-04T14:05:08Z,redis-cart,recommendationservice,0,0,0,0,0,0,0
2026-10-04T14:05:08Z,redis-cart,redis-cart,0,0,0,0,0,0,0
2026-10-04T14:05:08Z,redis-cart,shippingservice,0,0,0,0,0,0,0
2026-10-04T14:05:08Z,shippingservice,adservice,0,0,0,0,0,0,0
2026-10-04T14:05:08Z,shippingservice,cartservice,0,0,0,0,0,0,0
2026-10-04T14:05:08Z,shippingservice,checkoutservice,0,0,0,0,0,0,0
2026-10-04T14:05:08Z,shippingservice,currencyservice,0,0,0,0,0,0,0
2026-10-04T14:05:08Z,shippingservice,emailservice,0,0,0,0,0,0,0
2026-10-04T14:05:08Z,shippingservice,frontend,0,0,0,0,0,0,0
2026-10-04T14:05:08Z,shippingservice,kubernetes,0,0,0,0,0,0,0
2026-10-04T14:05:08Z,shippingservice,paymentservice,0,0,0,0,0,0,0
2026-10-04T14:05:08Z,shippingservice,productcatalogservice,0,0,0,0,0,0,0
2026-10-04T14:05:08Z,shippingservice,recommendationservice,0,0,0,0,0,0,0
2026-10-04T14:05:08Z,shippingservice,redis-cart,0,0,0,0,0,0,0
2026-10-04T14:05:08Z,shippingservice,shippingservice,0,0,0,0,0,0,0
2026-10-04T14:05:09Z,adservice,adservice,0,0,0,0,0,0,0
2026-10-04T14:05:09Z,adservice,cartservice,0,0,0,0,0,0,0
2026-10-04T14:05:09Z,adservice,checkoutservice,0,0,0,0,0,0,0
2026-10-04T14:05:09Z,adservice,currencyservice,0,0,0,0,0,0,0
2026-10-04T14:05:09Z,adservice,emailservice,0,0,0,0,0,0,0
2026-10-04T14:05:09Z,adservice,frontend,0,0,0,0,0,0,0
2026-10-04T14:05:09Z,adservice,kubernetes,0,0,0,0,0,0,0
2026-10-04T14:05:09Z,adservice,paymentservice,0,0,0,0,0,0,0
2026-10-04T14:05:09Z,adservice,productcatalogservice,0,0,0,0,0,0,0
2026-10-04T14:05:09Z,adservice,recommendationservice,0,0,0,0,0,0,0
2026-10-04T14:05:09Z,adservice,redis-cart,0,0,0,0,0,0,0
2026-10-04T14:05:09Z,adservice,shippingservice,0,0,0,0,0,0,0
2026-10-04T14:05:09Z,cartservice,adservice,0,0,0,0,0,0,0
2026-10-04T14:05:09Z,cartservice,cartservice,0,0,0,0,0,0,0
2026-10-04T14:05:09Z,cartservice,checkoutservice,0,0,0,0,0,0,0
2026-10-04T14:05:09Z,cartservice,currencyservice,0,0,0,0,0,0,0
2026-10-04T14:05:09Z,cartservice,emailservice,0,0,0,0,0,0,0
2026-10-04T14:05:09Z,cartservice,frontend,0,0,0,0,0,0,0
2026-10-04T14:05:09Z,cartservice,kubernetes,0,0,0,0,0,0,0
2026-10-04T14:05:09Z,cartservice,paymentservice,0,0,0,0,0,0,0
2026-10-04T14:05:09Z,cartservice,productcatalogservice,0,0,0,0,0,0,0
2026-10-04T14:05:09Z,cartservice,recommendationservice,0,0,0,0,0,0,0
2026-10-04T14:05:09Z,cartservice,redis-cart,2,0,0,0,0,0,0
2026-10-04T14:05:09Z,cartservice,shippingservice,0,0,0,0,0,0,0
2026-10-04T14:05:09Z,checkoutservice,adservice,0,0,0,0,0,0,0
2026-10-04T14:05:09Z,checkoutservice,cartservice,19184,18793,0,52,0,252398,18250
2026-10-04T14:05:09Z,checkoutservice,checkoutservice,0,0,0,0,0,0,0
2026-10-04T14:05:09Z,checkoutservice,currencyservice,13796,13783,0,0,0,201453,13265
2026-10-04T14:05:09Z,checkoutservice,emailservice,2398,2247,0,38,0,111852,2245
2026-10-04T14:05:09Z,checkoutservice,frontend,0,0,0,0,0,0,0
2026-10-04T14:05:09Z,checkoutservice,kubernetes,0,0,0,0,0,0,0
2026-10-04T14:05:09Z,checkoutservice,paymentservice,10846,10136,0,63,0,153492,9731
2026-10-04T14:05:09Z,checkoutservice,productcatalogservice,0,0,0,0,0,0,0
2026-10-04T14:05:09Z,checkoutservice,recommendationservice,0,0,0,0,0,0,0
2026-10-04T14:05:09Z,checkoutservice,redis-cart,0,0,0,0,0,0,0
2026-10-04T14:05:09Z,checkoutservice,shippingservice,20745,19884,0,65,0,184874,19228
2026-10-04T14:05:09Z,currencyservice,adservice,0,0,0,0,0,0,0
2026-10-04T14:05:09Z,currencyservice,cartservice,0,0,0,0,0,0,0
2026-10-04T14:05:09Z,currencyservice,checkoutservice,0,0,0,0,0,0,0
2026-10-04T14:05:09Z,currencyservice,currencyservice,0,0,0,0,0,0,0
2026-10-04T14:05:09Z,currencyservice,emailservice,0,0,0,0,0,0,0
2026-10-04T14:05:09Z,currencyservice,frontend,0,0,0,0,0,0,0
2026-10-04T14:05:09Z,currencyservice,kubernetes,0,0,0,0,0,0,0
2026-10-04T14:05:09Z,currencyservice,paymentservice,0,0,0,0,0,0,0
2026-10-04T14:05:09Z,currencyservice,productcatalogservice,0,0,0,0,0,0,0
2026-10-04T14:05:09Z,currencyservice,recommendationservice,0,0,0,0,0,0,0
2026-10-04T14:05:09Z,currencyservice,redis-cart,0,0,0,0,0,0,0
2026-10-04T14:05:09Z,currencyservice,shippingservice,0,0,0,0,0,0,0
2026-10-04T14:05:09Z,emailservice,adservice,0,0,0,0,0,0,0
2026-10-04T14:05:09Z,emailservice,cartservice,0,0,0,0,0,0,0
2026-10-04T14:05:09Z,emailservice,checkoutservice,0,0,0,0,0,0,0
2026-10-04T14:05:09Z,emailservice,currencyservice,0,0,0,0,0,0,0
2026-10-04T14:05:09Z,emailservice,emailservice,0,0,0,0,0,0,0
2026-10-04T14:05:09Z,emailservice,frontend,0,0,0,0,0,0,0
2026-10-04T14:05:09Z,emailservice,kubernetes,0,0,0,0,0,0,0
2026-10-04T14:05:09Z,emailservice,paymentservice,0,0,0,0,0,0,0
2026-10-04T14:05:09Z,emailservice,productcatalogservice,0,0,0,0,0,0,0
2026-10-04T14:05:09Z,emailservice,recommendationservice,0,0,0,0,0,0,0
2026-10-04T14:05:09Z,emailservice,redis-cart,0,0,0,0,0,0,0
2026-10-04T14:05:09Z,emailservice,shippingservice,0,0,0,0,0,0,0
2026-10-04T14:05:09Z,frontend,adservice,797468,797465,0,0,0,2402650,797213
2026-10-04T14:05:09Z,frontend,cartservice,1771403,1771388,0,0,4,9857406,1770914
2026-10-04T14:05:09Z,frontend,checkoutservice,370854,177708,0,36613,156337,58220741,177684
2026-10-04T14:05:09Z,frontend,currencyservice,2816766,2816757,0,0,0,14949535,2815980
2026-10-04T14:05:09Z,frontend,emailservice,0,0,0,0,0,0,0
2026-10-04T14:05:09Z,frontend,frontend,0,0,0,0,0,0,0
2026-10-04T14:05:09Z,frontend,kubernetes,0,0,0,0,0,0,0
2026-10-04T14:05:09Z,frontend,paymentservice,0,0,0,0,0,0,0
2026-10-04T14:05:09Z,frontend,productcatalogservice,7902699,7902618,0,0,0,53919674,7900163
2026-10-04T14:05:09Z,frontend,recommendationservice,2562919,1563642,0,104145,892890,773901987,1563218
2026-10-04T14:05:09Z,frontend,redis-cart,0,0,0,0,0,0,0
2026-10-04T14:05:09Z,frontend,shippingservice,292528,292524,0,0,0,886664,292408
2026-10-04T14:05:09Z,paymentservice,adservice,0,0,0,0,0,0,0
2026-10-04T14:05:09Z,paymentservice,cartservice,0,0,0,0,0,0,0
2026-10-04T14:05:09Z,paymentservice,checkoutservice,0,0,0,0,0,0,0
2026-10-04T14:05:09Z,paymentservice,currencyservice,0,0,0,0,0,0,0
2026-10-04T14:05:09Z,paymentservice,emailservice,0,0,0,0,0,0,0
2026-10-04T14:05:09Z,paymentservice,frontend,0,0,0,0,0,0,0
2026-10-04T14:05:09Z,paymentservice,kubernetes,0,0,0,0,0,0,0
2026-10-04T14:05:09Z,paymentservice,paymentservice,0,0,0,0,0,0,0
2026-10-04T14:05:09Z,paymentservice,productcatalogservice,0,0,0,0,0,0,0
2026-10-04T14:05:09Z,paymentservice,recommendationservice,0,0,0,0,0,0,0
2026-10-04T14:05:09Z,paymentservice,redis-cart,0,0,0,0,0,0,0
2026-10-04T14:05:09Z,paymentservice,shippingservice,0,0,0,0,0,0,0
2026-10-04T14:05:09Z,productcatalogservice,adservice,0,0,0,0,0,0,0
2026-10-04T14:05:09Z,productcatalogservice,cartservice,0,0,0,0,0,0,0
2026-10-04T14:05:09Z,productcatalogservice,checkoutservice,0,0,0,0,0,0,0
2026-10-04T14:05:09Z,productcatalogservice,currencyservice,0,0,0,0,0,0,0
2026-10-04T14:05:09Z,productcatalogservice,emailservice,0,0,0,0,0,0,0
2026-10-04T14:05:09Z,productcatalogservice,frontend,0,0,0,0,0,0,0
2026-10-04T14:05:09Z,productcatalogservice,kubernetes,0,0,0,0,0,0,0
2026-10-04T14:05:09Z,productcatalogservice,paymentservice,0,0,0,0,0,0,0
2026-10-04T14:05:09Z,productcatalogservice,productcatalogservice,0,0,0,0,0,0,0
2026-10-04T14:05:09Z,productcatalogservice,recommendationservice,0,0,0,0,0,0,0
2026-10-04T14:05:09Z,productcatalogservice,redis-cart,0,0,0,0,0,0,0
2026-10-04T14:05:09Z,productcatalogservice,shippingservice,0,0,0,0,0,0,0
2026-10-04T14:05:09Z,recommendationservice,adservice,0,0,0,0,0,0,0
2026-10-04T14:05:09Z,recommendationservice,cartservice,0,0,0,0,0,0,0
2026-10-04T14:05:09Z,recommendationservice,checkoutservice,0,0,0,0,0,0,0
2026-10-04T14:05:09Z,recommendationservice,currencyservice,0,0,0,0,0,0,0
2026-10-04T14:05:09Z,recommendationservice,emailservice,0,0,0,0,0,0,0
2026-10-04T14:05:09Z,recommendationservice,frontend,0,0,0,0,0,0,0
2026-10-04T14:05:09Z,recommendationservice,kubernetes,0,0,0,0,0,0,0
2026-10-04T14:05:09Z,recommendationservice,paymentservice,0,0,0,0,0,0,0
2026-10-04T14:05:09Z,recommendationservice,productcatalogservice,38789,38788,0,0,0,288551,36882
2026-10-04T14:05:09Z,recommendationservice,recommendationservice,0,0,0,0,0,0,0
2026-10-04T14:05:09Z,recommendationservice,redis-cart,0,0,0,0,0,0,0
2026-10-04T14:05:09Z,recommendationservice,shippingservice,0,0,0,0,0,0,0
2026-10-04T14:05:09Z,redis-cart,adservice,0,0,0,0,0,0,0
2026-10-04T14:05:09Z,redis-cart,cartservice,0,0,0,0,0,0,0
2026-10-04T14:05:09Z,redis-cart,checkoutservice,0,0,0,0,0,0,0
2026-10-04T14:05:09Z,redis-cart,currencyservice,0,0,0,0,0,0,0
2026-10-04T14:05:09Z,redis-cart,emailservice,0,0,0,0,0,0,0
2026-10-04T14:05:09Z,redis-cart,frontend,0,0,0,0,0,0,0
2026-10-04T14:05:09Z,redis-cart,kubernetes,0,0,0,0,0,0,0
2026-10-04T14:05:09Z,redis-cart,paymentservice,0,0,0,0,0,0,0
2026-10-04T14:05:09Z,redis-cart,productcatalogservice,0,0,0,0,0,0,0
2026-10-04T14:05:09Z,redis-cart,recommendationservice,0,0,0,0,0,0,0
2026-10-04T14:05:09Z,redis-cart,redis-cart,0,0,0,0,0,0,0
2026-10-04T14:05:09Z,redis-cart,shippingservice,0,0,0,0,0,0,0
2026-10-04T14:05:09Z,shippingservice,adservice,0,0,0,0,0,0,0
2026-10-04T14:05:09Z,shippingservice,cartservice,0,0,0,0,0,0,0
2026-10-04T14:05:09Z,shippingservice,checkoutservice,0,0,0,0,0,0,0
2026-10-04T14:05:09Z,shippingservice,currencyservice,0,0,0,0,0,0,0
2026-10-04T14:05:09Z,shippingservice,emailservice,0,0,0,0,0,0,0
2026-10-04T14:05:09Z,shippingservice,frontend,0,0,0,0,0,0,0
2026-10-04T14:05:09Z,shippingservice,kubernetes,0,0,0,0,0,0,0
2026-10-04T14:05:09Z,shippingservice,paymentservice,0,0,0,0,0,0,0
2026-10-04T14:05:09Z,shippingservice,productcatalogservice,0,0,0,0,0,0,0
2026-10-04T14:05:09Z,shippingservice,recommendationservice,0,0,0,0,0,0,0
2026-10-04T14:05:09Z,shippingservice,redis-cart,0,0,0,0,0,0,0
2026-10-04T14:05:09Z,shippingservice,shippingservice,0,0,0,0,0,0,0
2026-10-04T14:05:10Z,adservice,adservice,0,0,0,0,0,0,0
2026-10-04T14:05:10Z,adservice,cartservice,0,0,0,0,0,0,0
2026-10-04T14:05:10Z,adservice,checkoutservice,0,0,0,0,0,0,0
2026-10-04T14:05:10Z,adservice,currencyservice,0,0,0,0,0,0,0
2026-10-04T14:05:10Z,adservice,emailservice,0,0,0,0,0,0,0
2026-10-04T14:05:10Z,adservice,frontend,0,0,0,0,0,0,0
2026-10-04T14:05:10Z,adservice,kubernetes,0,0,0,0,0,0,0
2026-10-04T14:05:10Z,adservice,paymentservice,0,0,0,0,0,0,0
2026-10-04T14:05:10Z,adservice,productcatalogservice,0,0,0,0,0,0,0
2026-10-04T14:05:10Z,adservice,recommendationservice,0,0,0,0,0,0,0
2026-10-04T14:05:10Z,adservice,redis-cart,0,0,0,0,0,0,0
2026-10-04T14:05:10Z,adservice,shippingservice,0,0,0,0,0,0,0
2026-10-04T14:05:10Z,cartservice,adservice,0,0,0,0,0,0,0
2026-10-04T14:05:10Z,cartservice,cartservice,0,0,0,0,0,0,0
2026-10-04T14:05:10Z,cartservice,checkoutservice,0,0,0,0,0,0,0
2026-10-04T14:05:10Z,cartservice,currencyservice,0,0,0,0,0,0,0
2026-10-04T14:05:10Z,cartservice,emailservice,0,0,0,0,0,0,0
2026-10-04T14:05:10Z,cartservice,frontend,0,0,0,0,0,0,0
2026-10-04T14:05:10Z,cartservice,kubernetes,0,0,0,0,0,0,0
2026-10-04T14:05:10Z,cartservice,paymentservice,0,0,0,0,0,0,0
2026-10-04T14:05:10Z,cartservice,productcatalogservice,0,0,0,0,0,0,0
2026-10-04T14:05:10Z,cartservice,recommendationservice,0,0,0,0,0,0,0
2026-10-04T14:05:10Z,cartservice,redis-cart,2,0,0,0,0,0,0
2026-10-04T14:05:10Z,cartservice,shippingservice,0,0,0,0,0,0,0
2026-10-04T14:05:10Z,checkoutservice,adservice,0,0,0,0,0,0,0
2026-10-04T14:05:10Z,checkoutservice,cartservice,19388,19008,0,52,0,252398,18250
2026-10-04T14:05:10Z,checkoutservice,checkoutservice,0,0,0,0,0,0,0
2026-10-04T14:05:10Z,checkoutservice,currencyservice,14010,13978,0,0,0,201453,13265
2026-10-04T14:05:10Z,checkoutservice,emailservice,2398,2247,0,38,0,111852,2245
2026-10-04T14:05:10Z,checkoutservice,frontend,0,0,0,0,0,0,0
2026-10-04T14:05:10Z,checkoutservice,kubernetes,0,0,0,0,0,0,0
2026-10-04T14:05:10Z,checkoutservice,paymentservice,11012,10300,0,63,0,153492,9731
2026-10-04T14:05:10Z,checkoutservice,productcatalogservice,0,0,0,0,0,0,0
2026-10-04T14:05:10Z,checkoutservice,recommendationservice,0,0,0,0,0,0,0
2026-10-04T14:05:10Z,checkoutservice,redis-cart,0,0,0,0,0,0,0
2026-10-04T14:05:10Z,checkoutservice,shippingservice,21017,20149,0,65,0,184874,19228
2026-10-04T14:05:10Z,currencyservice,adservice,0,0,0,0,0,0,0
2026-10-04T14:05:10Z,currencyservice,cartservice,0,0,0,0,0,0,0
2026-10-04T14:05:10Z,currencyservice,checkoutservice,0,0,0,0,0,0,0
2026-10-04T14:05:10Z,currencyservice,currencyservice,0,0,0,0,0,0,0
2026-10-04T14:05:10Z,currencyservice,emailservice,0,0,0,0,0,0,0
2026-10-04T14:05:10Z,currencyservice,frontend,0,0,0,0,0,0,0
2026-10-04T14:05:10Z,currencyservice,kubernetes,0,0,0,0,0,0,0
2026-10-04T14:05:10Z,currencyservice,paymentservice,0,0,0,0,0,0,0
2026-10-04T14:05:10Z,currencyservice,productcatalogservice,0,0,0,0,0,0,0
2026-10-04T14:05:10Z,currencyservice,recommendationservice,0,0,0,0,0,0,0
2026-10-04T14:05:10Z,currencyservice,redis-cart,0,0,0,0,0,0,0
2026-10-04T14:05:10Z,currencyservice,shippingservice,0,0,0,0,0,0,0
2026-10-04T14:05:10Z,emailservice,adservice,0,0,0,0,0,0,0
2026-10-04T14:05:10Z,emailservice,cartservice,0,0,0,0,0,0,0
2026-10-04T14:05:10Z,emailservice,checkoutservice,0,0,0,0,0,0,0
2026-10-04T14:05:10Z,emailservice,currencyservice,0,0,0,0,0,0,0
2026-10-04T14:05:10Z,emailservice,emailservice,0,0,0,0,0,0,0
2026-10-04T14:05:10Z,emailservice,frontend,0,0,0,0,0,0,0
2026-10-04T14:05:10Z,emailservice,kubernetes,0,0,0,0,0,0,0
2026-10-04T14:05:10Z,emailservice,paymentservice,0,0,0,0,0,0,0
2026-10-04T14:05:10Z,emailservice,productcatalogservice,0,0,0,0,0,0,0
2026-10-04T14:05:10Z,emailservice,recommendationservice,0,0,0,0,0,0,0
2026-10-04T14:05:10Z,emailservice,redis-cart,0,0,0,0,0,0,0
2026-10-04T14:05:10Z,emailservice,shippingservice,0,0,0,0,0,0,0
2026-10-04T14:05:10Z,frontend,adservice,797746,797744,0,0,0,2402650,797213
2026-10-04T14:05:10Z,frontend,cartservice,1771861,1771849,0,0,4,9857406,1770914
2026-10-04T14:05:10Z,frontend,checkoutservice,371049,177739,0,36657,156464,58220741,177684
2026-10-04T14:05:10Z,frontend,currencyservice,2817499,2817487,0,0,0,14949535,2815980
2026-10-04T14:05:10Z,frontend,emailservice,0,0,0,0,0,0,0
2026-10-04T14:05:10Z,frontend,frontend,0,0,0,0,0,0,0
2026-10-04T14:05:10Z,frontend,kubernetes,0,0,0,0,0,0,0
2026-10-04T14:05:10Z,frontend,paymentservice,0,0,0,0,0,0,0
2026-10-04T14:05:10Z,frontend,productcatalogservice,7905257,7905177,0,0,0,53919674,7900163
2026-10-04T14:05:10Z,frontend,recommendationservice,2563363,1564079,0,104145,892890,773901987,1563218
2026-10-04T14:05:10Z,frontend,redis-cart,0,0,0,0,0,0,0
2026-10-04T14:05:10Z,frontend,shippingservice,292622,292620,0,0,0,886664,292408
2026-10-04T14:05:10Z,paymentservice,adservice,0,0,0,0,0,0,0
2026-10-04T14:05:10Z,paymentservice,cartservice,0,0,0,0,0,0,0
2026-10-04T14:05:10Z,paymentservice,checkoutservice,0,0,0,0,0,0,0
2026-10-04T14:05:10Z,paymentservice,currencyservice,0,0,0,0,0,0,0
2026-10-04T14:05:10Z,paymentservice,emailservice,0,0,0,0,0,0,0
2026-10-04T14:05:10Z,paymentservice,frontend,0,0,0,0,0,0,0
2026-10-04T14:05:10Z,paymentservice,kubernetes,0,0,0,0,0,0,0
2026-10-04T14:05:10Z,paymentservice,paymentservice,0,0,0,0,0,0,0
2026-10-04T14:05:10Z,paymentservice,productcatalogservice,0,0,0,0,0,0,0
2026-10-04T14:05:10Z,paymentservice,recommendationservice,0,0,0,0,0,0,0
2026-10-04T14:05:10Z,paymentservice,redis-cart,0,0,0,0,0,0,0
2026-10-04T14:05:10Z,paymentservice,shippingservice,0,0,0,0,0,0,0
2026-10-04T14:05:10Z,productcatalogservice,adservice,0,0,0,0,0,0,0
2026-10-04T14:05:10Z,productcatalogservice,cartservice,0,0,0,0,0,0,0
2026-10-04T14:05:10Z,productcatalogservice,checkoutservice,0,0,0,0,0,0,0
2026-10-04T14:05:10Z,productcatalogservice,currencyservice,0,0,0,0,0,0,0
2026-10-04T14:05:10Z,productcatalogservice,emailservice,0,0,0,0,0,0,0
2026-10-04T14:05:10Z,productcatalogservice,frontend,0,0,0,0,0,0,0
2026-10-04T14:05:10Z,productcatalogservice,kubernetes,0,0,0,0,0,0,0
2026-10-04T14:05:10Z,productcatalogservice,paymentservice,0,0,0,0,0,0,0
2026-10-04T14:05:10Z,productcatalogservice,productcatalogservice,0,0,0,0,0,0,0
2026-10-04T14:05:10Z,productcatalogservice,recommendationservice,0,0,0,0,0,0,0
2026-10-04T14:05:10Z,productcatalogservice,redis-cart,0,0,0,0,0,0,0
2026-10-04T14:05:10Z,productcatalogservice,shippingservice,0,0,0,0,0,0,0
2026-10-04T14:05:10Z,recommendationservice,adservice,0,0,0,0,0,0,0
2026-10-04T14:05:10Z,recommendationservice,cartservice,0,0,0,0,0,0,0
2026-10-04T14:05:10Z,recommendationservice,checkoutservice,0,0,0,0,0,0,0
2026-10-04T14:05:10Z,recommendationservice,currencyservice,0,0,0,0,0,0,0
2026-10-04T14:05:10Z,recommendationservice,emailservice,0,0,0,0,0,0,0
2026-10-04T14:05:10Z,recommendationservice,frontend,0,0,0,0,0,0,0
2026-10-04T14:05:10Z,recommendationservice,kubernetes,0,0,0,0,0,0,0
2026-10-04T14:05:10Z,recommendationservice,paymentservice,0,0,0,0,0,0,0
2026-10-04T14:05:10Z,recommendationservice,productcatalogservice,39247,39243,0,0,0,308607,39047
2026-10-04T14:05:10Z,recommendationservice,recommendationservice,0,0,0,0,0,0,0
2026-10-04T14:05:10Z,recommendationservice,redis-cart,0,0,0,0,0,0,0
2026-10-04T14:05:10Z,recommendationservice,shippingservice,0,0,0,0,0,0,0
2026-10-04T14:05:10Z,redis-cart,adservice,0,0,0,0,0,0,0
2026-10-04T14:05:10Z,redis-cart,cartservice,0,0,0,0,0,0,0
2026-10-04T14:05:10Z,redis-cart,checkoutservice,0,0,0,0,0,0,0
2026-10-04T14:05:10Z,redis-cart,currencyservice,0,0,0,0,0,0,0
2026-10-04T14:05:10Z,redis-cart,emailservice,0,0,0,0,0,0,0
2026-10-04T14:05:10Z,redis-cart,frontend,0,0,0,0,0,0,0
2026-10-04T14:05:10Z,redis-cart,kubernetes,0,0,0,0,0,0,0
2026-10-04T14:05:10Z,redis-cart,paymentservice,0,0,0,0,0,0,0
2026-10-04T14:05:10Z,redis-cart,productcatalogservice,0,0,0,0,0,0,0
2026-10-04T14:05:10Z,redis-cart,recommendationservice,0,0,0,0,0,0,0
2026-10-04T14:05:10Z,redis-cart,redis-cart,0,0,0,0,0,0,0
2026-10-04T14:05:10Z,redis-cart,shippingservice,0,0,0,0,0,0,0
2026-10-04T14:05:10Z,shippingservice,adservice,0,0,0,0,0,0,0
2026-10-04T14:05:10Z,shippingservice,cartservice,0,0,0,0,0,0,0
2026-10-04T14:05:10Z,shippingservice,checkoutservice,0,0,0,0,0,0,0
2026-10-04T14:05:10Z,shippingservice,currencyservice,0,0,0,0,0,0,0
2026-10-04T14:05:10Z,shippingservice,emailservice,0,0,0,0,0,0,0
2026-10-04T14:05:10Z,shippingservice,frontend,0,0,0,0,0,0,0
2026-10-04T14:05:10Z,shippingservice,kubernetes,0,0,0,0,0,0,0
2026-10-04T14:05:10Z,shippingservice,paymentservice,0,0,0,0,0,0,0
2026-10-04T14:05:10Z,shippingservice,productcatalogservice,0,0,0,0,0,0,0
2026-10-04T14:05:10Z,shippingservice,recommendationservice,0,0,0,0,0,0,0
2026-10-04T14:05:10Z,shippingservice,redis-cart,0,0,0,0,0,0,0
2026-10-04T14:05:10Z,shippingservice,shippingservice,0,0,0,0,0,0,0
2026-10-04T14:05:11Z,adservice,adservice,0,0,0,0,0,0,0
2026-10-04T14:05:11Z,adservice,cartservice,0,0,0,0,0,0,0
2026-10-04T14:05:11Z,adservice,checkoutservice,0,0,0,0,0,0,0
2026-10-04T14:05:11Z,adservice,currencyservice,0,0,0,0,0,0,0
2026-10-04T14:05:11Z,adservice,emailservice,0,0,0,0,0,0,0
2026-10-04T14:05:11Z,adservice,frontend,0,0,0,0,0,0,0
2026-10-04T14:05:11Z,adservice,kubernetes,0,0,0,0,0,0,0
2026-10-04T14:05:11Z,adservice,paymentservice,0,0,0,0,0,0,0
2026-10-04T14:05:11Z,adservice,productcatalogservice,0,0,0,0,0,0,0
2026-10-04T14:05:11Z,adservice,recommendationservice,0,0,0,0,0,0,0
2026-10-04T14:05:11Z,adservice,redis-cart,0,0,0,0,0,0,0
2026-10-04T14:05:11Z,adservice,shippingservice,0,0,0,0,0,0,0
2026-10-04T14:05:11Z,cartservice,adservice,0,0,0,0,0,0,0
2026-10-04T14:05:11Z,cartservice,cartservice,0,0,0,0,0,0,0
2026-10-04T14:05:11Z,cartservice,checkoutservice,0,0,0,0,0,0,0
2026-10-04T14:05:11Z,cartservice,currencyservice,0,0,0,0,0,0,0
2026-10-04T14:05:11Z,cartservice,emailservice,0,0,0,0,0,0,0
2026-10-04T14:05:11Z,cartservice,frontend,0,0,0,0,0,0,0
2026-10-04T14:05:11Z,cartservice,kubernetes,0,0,0,0,0,0,0
2026-10-04T14:05:11Z,cartservice,paymentservice,0,0,0,0,0,0,0
2026-10-04T14:05:11Z,cartservice,productcatalogservice,0,0,0,0,0,0,0
2026-10-04T14:05:11Z,cartservice,recommendationservice,0,0,0,0,0,0,0
2026-10-04T14:05:11Z,cartservice,redis-cart,2,0,0,0,0,0,0
2026-10-04T14:05:11Z,cartservice,shippingservice,0,0,0,0,0,0,0
2026-10-04T14:05:11Z,checkoutservice,adservice,0,0,0,0,0,0,0
2026-10-04T14:05:11Z,checkoutservice,cartservice,19598,19215,0,52,0,252398,18250
2026-10-04T14:05:11Z,checkoutservice,checkoutservice,0,0,0,0,0,0,0
2026-10-04T14:05:11Z,checkoutservice,currencyservice,14182,14182,0,0,0,201453,13265
2026-10-04T14:05:11Z,checkoutservice,emailservice,2400,2247,0,39,0,111852,2245
2026-10-04T14:05:11Z,checkoutservice,frontend,0,0,0,0,0,0,0
2026-10-04T14:05:11Z,checkoutservice,kubernetes,0,0,0,0,0,0,0
2026-10-04T14:05:11Z,checkoutservice,paymentservice,11174,10455,0,64,0,153492,9731
2026-10-04T14:05:11Z,checkoutservice,productcatalogservice,0,0,0,0,0,0,0
2026-10-04T14:05:11Z,checkoutservice,recommendationservice,0,0,0,0,0,0,0
2026-10-04T14:05:11Z,checkoutservice,redis-cart,0,0,0,0,0,0,0
2026-10-04T14:05:11Z,checkoutservice,shippingservice,21274,20402,0,65,0,184874,19228
2026-10-04T14:05:11Z,currencyservice,adservice,0,0,0,0,0,0,0
2026-10-04T14:05:11Z,currencyservice,cartservice,0,0,0,0,0,0,0
2026-10-04T14:05:11Z,currencyservice,checkoutservice,0,0,0,0,0,0,0
2026-10-04T14:05:11Z,currencyservice,currencyservice,0,0,0,0,0,0,0
2026-10-04T14:05:11Z,currencyservice,emailservice,0,0,0,0,0,0,0
2026-10-04T14:05:11Z,currencyservice,frontend,0,0,0,0,0,0,0
2026-10-04T14:05:11Z,currencyservice,kubernetes,0,0,0,0,0,0,0
2026-10-04T14:05:11Z,currencyservice,paymentservice,0,0,0,0,0,0,0
2026-10-04T14:05:11Z,currencyservice,productcatalogservice,0,0,0,0,0,0,0
2026-10-04T14:05:11Z,currencyservice,recommendationservice,0,0,0,0,0,0,0
2026-10-04T14:05:11Z,currencyservice,redis-cart,0,0,0,0,0,0,0
2026-10-04T14:05:11Z,currencyservice,shippingservice,0,0,0,0,0,0,0
2026-10-04T14:05:11Z,emailservice,adservice,0,0,0,0,0,0,0
2026-10-04T14:05:11Z,emailservice,cartservice,0,0,0,0,0,0,0
2026-10-04T14:05:11Z,emailservice,checkoutservice,0,0,0,0,0,0,0
2026-10-04T14:05:11Z,emailservice,currencyservice,0,0,0,0,0,0,0
2026-10-04T14:05:11Z,emailservice,emailservice,0,0,0,0,0,0,0
2026-10-04T14:05:11Z,emailservice,frontend,0,0,0,0,0,0,0
2026-10-04T14:05:11Z,emailservice,kubernetes,0,0,0,0,0,0,0
2026-10-04T14:05:11Z,emailservice,paymentservice,0,0,0,0,0,0,0
2026-10-04T14:05:11Z,emailservice,productcatalogservice,0,0,0,0,0,0,0
2026-10-04T14:05:11Z,emailservice,recommendationservice,0,0,0,0,0,0,0
2026-10-04T14:05:11Z,emailservice,redis-cart,0,0,0,0,0,0,0
2026-10-04T14:05:11Z,emailservice,shippingservice,0,0,0,0,0,0,0
2026-10-04T14:05:11Z,frontend,adservice,798006,798001,0,0,0,2402650,797213
2026-10-04T14:05:11Z,frontend,cartservice,1772350,1772331,0,0,4,9857406,1770914
2026-10-04T14:05:11Z,frontend,checkoutservice,371248,177767,0,36683,156607,58220741,177684
2026-10-04T14:05:11Z,frontend,currencyservice,2818251,2818238,0,0,0,14949535,2815980
2026-10-04T14:05:11Z,frontend,emailservice,0,0,0,0,0,0,0
2026-10-04T14:05:11Z,frontend,frontend,0,0,0,0,0,0,0
2026-10-04T14:05:11Z,frontend,kubernetes,0,0,0,0,0,0,0
2026-10-04T14:05:11Z,frontend,paymentservice,0,0,0,0,0,0,0
2026-10-04T14:05:11Z,frontend,productcatalogservice,7907627,7907552,0,0,0,53919674,7900163
2026-10-04T14:05:11Z,frontend,recommendationservice,2563793,1564478,0,104145,892890,773901987,1563218
2026-10-04T14:05:11Z,frontend,redis-cart,0,0,0,0,0,0,0
2026-10-04T14:05:11Z,frontend,shippingservice,292712,292709,0,0,0,886664,292408
2026-10-04T14:05:11Z,paymentservice,adservice,0,0,0,0,0,0,0
2026-10-04T14:05:11Z,paymentservice,cartservice,0,0,0,0,0,0,0
2026-10-04T14:05:11Z,paymentservice,checkoutservice,0,0,0,0,0,0,0
2026-10-04T14:05:11Z,paymentservice,currencyservice,0,0,0,0,0,0,0
2026-10-04T14:05:11Z,paymentservice,emailservice,0,0,0,0,0,0,0
2026-10-04T14:05:11Z,paymentservice,frontend,0,0,0,0,0,0,0
2026-10-04T14:05:11Z,paymentservice,kubernetes,0,0,0,0,0,0,0
2026-10-04T14:05:11Z,paymentservice,paymentservice,0,0,0,0,0,0,0
2026-10-04T14:05:11Z,paymentservice,productcatalogservice,0,0,0,0,0,0,0
2026-10-04T14:05:11Z,paymentservice,recommendationservice,0,0,0,0,0,0,0
2026-10-04T14:05:11Z,paymentservice,redis-cart,0,0,0,0,0,0,0
2026-10-04T14:05:11Z,paymentservice,shippingservice,0,0,0,0,0,0,0
2026-10-04T14:05:11Z,productcatalogservice,adservice,0,0,0,0,0,0,0
2026-10-04T14:05:11Z,productcatalogservice,cartservice,0,0,0,0,0,0,0
2026-10-04T14:05:11Z,productcatalogservice,checkoutservice,0,0,0,0,0,0,0
2026-10-04T14:05:11Z,productcatalogservice,currencyservice,0,0,0,0,0,0,0
2026-10-04T14:05:11Z,productcatalogservice,emailservice,0,0,0,0,0,0,0
2026-10-04T14:05:11Z,productcatalogservice,frontend,0,0,0,0,0,0,0
2026-10-04T14:05:11Z,productcatalogservice,kubernetes,0,0,0,0,0,0,0
2026-10-04T14:05:11Z,productcatalogservice,paymentservice,0,0,0,0,0,0,0
2026-10-04T14:05:11Z,productcatalogservice,productcatalogservice,0,0,0,0,0,0,0
2026-10-04T14:05:11Z,productcatalogservice,recommendationservice,0,0,0,0,0,0,0
2026-10-04T14:05:11Z,productcatalogservice,redis-cart,0,0,0,0,0,0,0
2026-10-04T14:05:11Z,productcatalogservice,shippingservice,0,0,0,0,0,0,0
2026-10-04T14:05:11Z,recommendationservice,adservice,0,0,0,0,0,0,0
2026-10-04T14:05:11Z,recommendationservice,cartservice,0,0,0,0,0,0,0
2026-10-04T14:05:11Z,recommendationservice,checkoutservice,0,0,0,0,0,0,0
2026-10-04T14:05:11Z,recommendationservice,currencyservice,0,0,0,0,0,0,0
2026-10-04T14:05:11Z,recommendationservice,emailservice,0,0,0,0,0,0,0
2026-10-04T14:05:11Z,recommendationservice,frontend,0,0,0,0,0,0,0
2026-10-04T14:05:11Z,recommendationservice,kubernetes,0,0,0,0,0,0,0
2026-10-04T14:05:11Z,recommendationservice,paymentservice,0,0,0,0,0,0,0
2026-10-04T14:05:11Z,recommendationservice,productcatalogservice,39623,39623,0,0,0,308607,39047
2026-10-04T14:05:11Z,recommendationservice,recommendationservice,0,0,0,0,0,0,0
2026-10-04T14:05:11Z,recommendationservice,redis-cart,0,0,0,0,0,0,0
2026-10-04T14:05:11Z,recommendationservice,shippingservice,0,0,0,0,0,0,0
2026-10-04T14:05:11Z,redis-cart,adservice,0,0,0,0,0,0,0
2026-10-04T14:05:11Z,redis-cart,cartservice,0,0,0,0,0,0,0
2026-10-04T14:05:11Z,redis-cart,checkoutservice,0,0,0,0,0,0,0
2026-10-04T14:05:11Z,redis-cart,currencyservice,0,0,0,0,0,0,0
2026-10-04T14:05:11Z,redis-cart,emailservice,0,0,0,0,0,0,0
2026-10-04T14:05:11Z,redis-cart,frontend,0,0,0,0,0,0,0
2026-10-04T14:05:11Z,redis-cart,kubernetes,0,0,0,0,0,0,0
2026-10-04T14:05:11Z,redis-cart,paymentservice,0,0,0,0,0,0,0
2026-10-04T14:05:11Z,redis-cart,productcatalogservice,0,0,0,0,0,0,0
2026-10-04T14:05:11Z,redis-cart,recommendationservice,0,0,0,0,0,0,0
2026-10-04T14:05:11Z,redis-cart,redis-cart,0,0,0,0,0,0,0
2026-10-04T14:05:11Z,redis-cart,shippingservice,0,0,0,0,0,0,0
2026-10-04T14:05:11Z,shippingservice,adservice,0,0,0,0,0,0,0
2026-10-04T14:05:11Z,shippingservice,cartservice,0,0,0,0,0,0,0
2026-10-04T14:05:11Z,shippingservice,checkoutservice,0,0,0,0,0,0,0
2026-10-04T14:05:11Z,shippingservice,currencyservice,0,0,0,0,0,0,0
2026-10-04T14:05:11Z,shippingservice,emailservice,0,0,0,0,0,0,0
2026-10-04T14:05:11Z,shippingservice,frontend,0,0,0,0,0,0,0
2026-10-04T14:05:11Z,shippingservice,kubernetes,0,0,0,0,0,0,0
2026-10-04T14:05:11Z,shippingservice,paymentservice,0,0,0,0,0,0,0
2026-10-04T14:05:11Z,shippingservice,productcatalogservice,0,0,0,0,0,0,0
2026-10-04T14:05:11Z,shippingservice,recommendationservice,0,0,0,0,0,0,0
2026-10-04T14:05:11Z,shippingservice,redis-cart,0,0,0,0,0,0,0
2026-10-04T14:05:11Z,shippingservice,shippingservice,0,0,0,0,0,0,0
2026-10-04T14:05:12Z,adservice,adservice,0,0,0,0,0,0,0
2026-10-04T14:05:12Z,adservice,cartservice,0,0,0,0,0,0,0
2026-10-04T14:05:12Z,adservice,checkoutservice,0,0,0,0,0,0,0
2026-10-04T14:05:12Z,adservice,currencyservice,0,0,0,0,0,0,0
2026-10-04T14:05:12Z,adservice,emailservice,0,0,0,0,0,0,0
2026-10-04T14:05:12Z,adservice,frontend,0,0,0,0,0,0,0
2026-10-04T14:05:12Z,adservice,kubernetes,0,0,0,0,0,0,0
2026-10-04T14:05:12Z,adservice,paymentservice,0,0,0,0,0,0,0
2026-10-04T14:05:12Z,adservice,productcatalogservice,0,0,0,0,0,0,0
2026-10-04T14:05:12Z,adservice,recommendationservice,0,0,0,0,0,0,0
2026-10-04T14:05:12Z,adservice,redis-cart,0,0,0,0,0,0,0
2026-10-04T14:05:12Z,adservice,shippingservice,0,0,0,0,0,0,0
2026-10-04T14:05:12Z,cartservice,adservice,0,0,0,0,0,0,0
2026-10-04T14:05:12Z,cartservice,cartservice,0,0,0,0,0,0,0
2026-10-04T14:05:12Z,cartservice,checkoutservice,0,0,0,0,0,0,0
2026-10-04T14:05:12Z,cartservice,currencyservice,0,0,0,0,0,0,0
2026-10-04T14:05:12Z,cartservice,emailservice,0,0,0,0,0,0,0
2026-10-04T14:05:12Z,cartservice,frontend,0,0,0,0,0,0,0
2026-10-04T14:05:12Z,cartservice,kubernetes,0,0,0,0,0,0,0
2026-10-04T14:05:12Z,cartservice,paymentservice,0,0,0,0,0,0,0
2026-10-04T14:05:12Z,cartservice,productcatalogservice,0,0,0,0,0,0,0
2026-10-04T14:05:12Z,cartservice,recommendationservice,0,0,0,0,0,0,0
2026-10-04T14:05:12Z,cartservice,redis-cart,2,0,0,0,0,0,0
2026-10-04T14:05:12Z,cartservice,shippingservice,0,0,0,0,0,0,0
2026-10-04T14:05:12Z,checkoutservice,adservice,0,0,0,0,0,0,0
2026-10-04T14:05:12Z,checkoutservice,cartservice,19808,19421,0,52,0,270130,19314
2026-10-04T14:05:12Z,checkoutservice,checkoutservice,0,0,0,0,0,0,0
2026-10-04T14:05:12Z,checkoutservice,currencyservice,14392,14382,0,0,0,220575,14275
2026-10-04T14:05:12Z,checkoutservice,emailservice,2400,2247,0,39,0,111877,2247
2026-10-04T14:05:12Z,checkoutservice,frontend,0,0,0,0,0,0,0
2026-10-04T14:05:12Z,checkoutservice,kubernetes,0,0,0,0,0,0,0
2026-10-04T14:05:12Z,checkoutservice,paymentservice,11344,10612,0,64,0,167494,10480
2026-10-04T14:05:12Z,checkoutservice,productcatalogservice,0,0,0,0,0,0,0
2026-10-04T14:05:12Z,checkoutservice,recommendationservice,0,0,0,0,0,0,0
2026-10-04T14:05:12Z,checkoutservice,redis-cart,0,0,0,0,0,0,0
2026-10-04T14:05:12Z,checkoutservice,shippingservice,21544,20654,0,68,0,199432,20514
2026-10-04T14:05:12Z,currencyservice,adservice,0,0,0,0,0,0,0
2026-10-04T14:05:12Z,currencyservice,cartservice,0,0,0,0,0,0,0
2026-10-04T14:05:12Z,currencyservice,checkoutservice,0,0,0,0,0,0,0
2026-10-04T14:05:12Z,currencyservice,currencyservice,0,0,0,0,0,0,0
2026-10-04T14:05:12Z,currencyservice,emailservice,0,0,0,0,0,0,0
2026-10-04T14:05:12Z,currencyservice,frontend,0,0,0,0,0,0,0
2026-10-04T14:05:12Z,currencyservice,kubernetes,0,0,0,0,0,0,0
2026-10-04T14:05:12Z,currencyservice,paymentservice,0,0,0,0,0,0,0
2026-10-04T14:05:12Z,currencyservice,productcatalogservice,0,0,0,0,0,0,0
2026-10-04T14:05:12Z,currencyservice,recommendationservice,0,0,0,0,0,0,0
2026-10-04T14:05:12Z,currencyservice,redis-cart,0,0,0,0,0,0,0
2026-10-04T14:05:12Z,currencyservice,shippingservice,0,0,0,0,0,0,0
2026-10-04T14:05:12Z,emailservice,adservice,0,0,0,0,0,0,0
2026-10-04T14:05:12Z,emailservice,cartservice,0,0,0,0,0,0,0
2026-10-04T14:05:12Z,emailservice,checkoutservice,0,0,0,0,0,0,0
2026-10-04T14:05:12Z,emailservice,currencyservice,0,0,0,0,0,0,0
2026-10-04T14:05:12Z,emailservice,emailservice,0,0,0,0,0,0,0
2026-10-04T14:05:12Z,emailservice,frontend,0,0,0,0,0,0,0
2026-10-04T14:05:12Z,emailservice,kubernetes,0,0,0,0,0,0,0
2026-10-04T14:05:12Z,emailservice,paymentservice,0,0,0,0,0,0,0
2026-10-04T14:05:12Z,emailservice,productcatalogservice,0,0,0,0,0,0,0
2026-10-04T14:05:12Z,emailservice,recommendationservice,0,0,0,0,0,0,0
2026-10-04T14:05:12Z,emailservice,redis-cart,0,0,0,0,0,0,0
2026-10-04T14:05:12Z,emailservice,shippingservice,0,0,0,0,0,0,0
2026-10-04T14:05:12Z,frontend,adservice,798275,798269,0,0,0,2402650,797213
2026-10-04T14:05:12Z,frontend,cartservice,1772811,1772798,0,0,4,9857406,1770914
2026-10-04T14:05:12Z,frontend,checkoutservice,371462,177792,0,36717,156762,58220741,177684
2026-10-04T14:05:12Z,frontend,currencyservice,2819016,2818997,0,0,0,14949535,2815980
2026-10-04T14:05:12Z,frontend,emailservice,0,0,0,0,0,0,0
2026-10-04T14:05:12Z,frontend,frontend,0,0,0,0,0,0,0
2026-10-04T14:05:12Z,frontend,kubernetes,0,0,0,0,0,0,0
2026-10-04T14:05:12Z,frontend,paymentservice,0,0,0,0,0,0,0
2026-10-04T14:05:12Z,frontend,productcatalogservice,7910244,7910148,0,0,0,53919674,7900163
2026-10-04T14:05:12Z,frontend,recommendationservice,2564229,1564934,0,104145,892890,773901987,1563218
2026-10-04T14:05:12Z,frontend,redis-cart,0,0,0,0,0,0,0
2026-10-04T14:05:12Z,frontend,shippingservice,292822,292820,0,0,0,886664,292408
2026-10-04T14:05:12Z,paymentservice,adservice,0,0,0,0,0,0,0
2026-10-04T14:05:12Z,paymentservice,cartservice,0,0,0,0,0,0,0
2026-10-04T14:05:12Z,paymentservice,checkoutservice,0,0,0,0,0,0,0
2026-10-04T14:05:12Z,paymentservice,currencyservice,0,0,0,0,0,0,0
2026-10-04T14:05:12Z,paymentservice,emailservice,0,0,0,0,0,0,0
2026-10-04T14:05:12Z,paymentservice,frontend,0,0,0,0,0,0,0
2026-10-04T14:05:12Z,paymentservice,kubernetes,0,0,0,0,0,0,0
2026-10-04T14:05:12Z,paymentservice,paymentservice,0,0,0,0,0,0,0
2026-10-04T14:05:12Z,paymentservice,productcatalogservice,0,0,0,0,0,0,0
2026-10-04T14:05:12Z,paymentservice,recommendationservice,0,0,0,0,0,0,0
2026-10-04T14:05:12Z,paymentservice,redis-cart,0,0,0,0,0,0,0
2026-10-04T14:05:12Z,paymentservice,shippingservice,0,0,0,0,0,0,0
2026-10-04T14:05:12Z,productcatalogservice,adservice,0,0,0,0,0,0,0
2026-10-04T14:05:12Z,productcatalogservice,cartservice,0,0,0,0,0,0,0
2026-10-04T14:05:12Z,productcatalogservice,checkoutservice,0,0,0,0,0,0,0
2026-10-04T14:05:12Z,productcatalogservice,currencyservice,0,0,0,0,0,0,0
2026-10-04T14:05:12Z,productcatalogservice,emailservice,0,0,0,0,0,0,0
2026-10-04T14:05:12Z,productcatalogservice,frontend,0,0,0,0,0,0,0
2026-10-04T14:05:12Z,productcatalogservice,kubernetes,0,0,0,0,0,0,0
2026-10-04T14:05:12Z,productcatalogservice,paymentservice,0,0,0,0,0,0,0
2026-10-04T14:05:12Z,productcatalogservice,productcatalogservice,0,0,0,0,0,0,0
2026-10-04T14:05:12Z,productcatalogservice,recommendationservice,0,0,0,0,0,0,0
2026-10-04T14:05:12Z,productcatalogservice,redis-cart,0,0,0,0,0,0,0
2026-10-04T14:05:12Z,productcatalogservice,shippingservice,0,0,0,0,0,0,0
2026-10-04T14:05:12Z,recommendationservice,adservice,0,0,0,0,0,0,0
2026-10-04T14:05:12Z,recommendationservice,cartservice,0,0,0,0,0,0,0
2026-10-04T14:05:12Z,recommendationservice,checkoutservice,0,0,0,0,0,0,0
2026-10-04T14:05:12Z,recommendationservice,currencyservice,0,0,0,0,0,0,0
2026-10-04T14:05:12Z,recommendationservice,emailservice,0,0,0,0,0,0,0
2026-10-04T14:05:12Z,recommendationservice,frontend,0,0,0,0,0,0,0
2026-10-04T14:05:12Z,recommendationservice,kubernetes,0,0,0,0,0,0,0
2026-10-04T14:05:12Z,recommendationservice,paymentservice,0,0,0,0,0,0,0
2026-10-04T14:05:12Z,recommendationservice,productcatalogservice,40068,40059,0,0,0,308607,39047
2026-10-04T14:05:12Z,recommendationservice,recommendationservice,0,0,0,0,0,0,0
2026-10-04T14:05:12Z,recommendationservice,redis-cart,0,0,0,0,0,0,0
2026-10-04T14:05:12Z,recommendationservice,shippingservice,0,0,0,0,0,0,0
2026-10-04T14:05:12Z,redis-cart,adservice,0,0,0,0,0,0,0
2026-10-04T14:05:12Z,redis-cart,cartservice,0,0,0,0,0,0,0
2026-10-04T14:05:12Z,redis-cart,checkoutservice,0,0,0,0,0,0,0
2026-10-04T14:05:12Z,redis-cart,currencyservice,0,0,0,0,0,0,0
2026-10-04T14:05:12Z,redis-cart,emailservice,0,0,0,0,0,0,0
2026-10-04T14:05:12Z,redis-cart,frontend,0,0,0,0,0,0,0
2026-10-04T14:05:12Z,redis-cart,kubernetes,0,0,0,0,0,0,0
2026-10-04T14:05:12Z,redis-cart,paymentservice,0,0,0,0,0,0,0
2026-10-04T14:05:12Z,redis-cart,productcatalogservice,0,0,0,0,0,0,0
2026-10-04T14:05:12Z,redis-cart,recommendationservice,0,0,0,0,0,0,0
2026-10-04T14:05:12Z,redis-cart,redis-cart,0,0,0,0,0,0,0
2026-10-04T14:05:12Z,redis-cart,shippingservice,0,0,0,0,0,0,0
2026-10-04T14:05:12Z,shippingservice,adservice,0,0,0,0,0,0,0
2026-10-04T14:05:12Z,shippingservice,cartservice,0,0,0,0,0,0,0
2026-10-04T14:05:12Z,shippingservice,checkoutservice,0,0,0,0,0,0,0
2026-10-04T14:05:12Z,shippingservice,currencyservice,0,0,0,0,0,0,0
2026-10-04T14:05:12Z,shippingservice,emailservice,0,0,0,0,0,0,0
2026-10-04T14:05:12Z,shippingservice,frontend,0,0,0,0,0,0,0
2026-10-04T14:05:12Z,shippingservice,kubernetes,0,0,0,0,0,0,0
2026-10-04T14:05:12Z,shippingservice,paymentservice,0,0,0,0,0,0,0
2026-10-04T14:05:12Z,shippingservice,productcatalogservice,0,0,0,0,0,0,0
2026-10-04T14:05:12Z,shippingservice,recommendationservice,0,0,0,0,0,0,0
2026-10-04T14:05:12Z,shippingservice,redis-cart,0,0,0,0,0,0,0
2026-10-04T14:05:12Z,shippingservice,shippingservice,0,0,0,0,0,0,0
2026-10-04T14:05:13Z,adservice,adservice,0,0,0,0,0,0,0
2026-10-04T14:05:13Z,adservice,cartservice,0,0,0,0,0,0,0
2026-10-04T14:05:13Z,adservice,checkoutservice,0,0,0,0,0,0,0
2026-10-04T14:05:13Z,adservice,currencyservice,0,0,0,0,0,0,0
2026-10-04T14:05:13Z,adservice,emailservice,0,0,0,0,0,0,0
2026-10-04T14:05:13Z,adservice,frontend,0,0,0,0,0,0,0
2026-10-04T14:05:13Z,adservice,kubernetes,0,0,0,0,0,0,0
2026-10-04T14:05:13Z,adservice,paymentservice,0,0,0,0,0,0,0
2026-10-04T14:05:13Z,adservice,productcatalogservice,0,0,0,0,0,0,0
2026-10-04T14:05:13Z,adservice,recommendationservice,0,0,0,0,0,0,0
2026-10-04T14:05:13Z,adservice,redis-cart,0,0,0,0,0,0,0
2026-10-04T14:05:13Z,adservice,shippingservice,0,0,0,0,0,0,0
2026-10-04T14:05:13Z,cartservice,adservice,0,0,0,0,0,0,0
2026-10-04T14:05:13Z,cartservice,cartservice,0,0,0,0,0,0,0
2026-10-04T14:05:13Z,cartservice,checkoutservice,0,0,0,0,0,0,0
2026-10-04T14:05:13Z,cartservice,currencyservice,0,0,0,0,0,0,0
2026-10-04T14:05:13Z,cartservice,emailservice,0,0,0,0,0,0,0
2026-10-04T14:05:13Z,cartservice,frontend,0,0,0,0,0,0,0
2026-10-04T14:05:13Z,cartservice,kubernetes,0,0,0,0,0,0,0
2026-10-04T14:05:13Z,cartservice,paymentservice,0,0,0,0,0,0,0
2026-10-04T14:05:13Z,cartservice,productcatalogservice,0,0,0,0,0,0,0
2026-10-04T14:05:13Z,cartservice,recommendationservice,0,0,0,0,0,0,0
2026-10-04T14:05:13Z,cartservice,redis-cart,2,0,0,0,0,0,0
2026-10-04T14:05:13Z,cartservice,shippingservice,0,0,0,0,0,0,0
2026-10-04T14:05:13Z,checkoutservice,adservice,0,0,0,0,0,0,0
2026-10-04T14:05:13Z,checkoutservice,cartservice,20022,19620,0,52,0,270130,19314
2026-10-04T14:05:13Z,checkoutservice,checkoutservice,0,0,0,0,0,0,0
2026-10-04T14:05:13Z,checkoutservice,currencyservice,14581,14574,0,0,0,220575,14275
2026-10-04T14:05:13Z,checkoutservice,emailservice,2400,2247,0,39,0,111877,2247
2026-10-04T14:05:13Z,checkoutservice,frontend,0,0,0,0,0,0,0
2026-10-04T14:05:13Z,checkoutservice,kubernetes,0,0,0,0,0,0,0
2026-10-04T14:05:13Z,checkoutservice,paymentservice,11546,10803,0,65,0,167494,10480
2026-10-04T14:05:13Z,checkoutservice,productcatalogservice,0,0,0,0,0,0,0
2026-10-04T14:05:13Z,checkoutservice,recommendationservice,0,0,0,0,0,0,0
2026-10-04T14:05:13Z,checkoutservice,redis-cart,0,0,0,0,0,0,0
2026-10-04T14:05:13Z,checkoutservice,shippingservice,21847,20917,0,68,0,199432,20514
2026-10-04T14:05:13Z,currencyservice,adservice,0,0,0,0,0,0,0
2026-10-04T14:05:13Z,currencyservice,cartservice,0,0,0,0,0,0,0
2026-10-04T14:05:13Z,currencyservice,checkoutservice,0,0,0,0,0,0,0
2026-10-04T14:05:13Z,currencyservice,currencyservice,0,0,0,0,0,0,0
2026-10-04T14:05:13Z,currencyservice,emailservice,0,0,0,0,0,0,0
2026-10-04T14:05:13Z,currencyservice,frontend,0,0,0,0,0,0,0
2026-10-04T14:05:13Z,currencyservice,kubernetes,0,0,0,0,0,0,0
2026-10-04T14:05:13Z,currencyservice,paymentservice,0,0,0,0,0,0,0
2026-10-04T14:05:13Z,currencyservice,productcatalogservice,0,0,0,0,0,0,0
2026-10-04T14:05:13Z,currencyservice,recommendationservice,0,0,0,0,0,0,0
2026-10-04T14:05:13Z,currencyservice,redis-cart,0,0,0,0,0,0,0
2026-10-04T14:05:13Z,currencyservice,shippingservice,0,0,0,0,0,0,0
2026-10-04T14:05:13Z,emailservice,adservice,0,0,0,0,0,0,0
2026-10-04T14:05:13Z,emailservice,cartservice,0,0,0,0,0,0,0
2026-10-04T14:05:13Z,emailservice,checkoutservice,0,0,0,0,0,0,0
2026-10-04T14:05:13Z,emailservice,currencyservice,0,0,0,0,0,0,0
2026-10-04T14:05:13Z,emailservice,emailservice,0,0,0,0,0,0,0
2026-10-04T14:05:13Z,emailservice,frontend,0,0,0,0,0,0,0
2026-10-04T14:05:13Z,emailservice,kubernetes,0,0,0,0,0,0,0
2026-10-04T14:05:13Z,emailservice,paymentservice,0,0,0,0,0,0,0
2026-10-04T14:05:13Z,emailservice,productcatalogservice,0,0,0,0,0,0,0
2026-10-04T14:05:13Z,emailservice,recommendationservice,0,0,0,0,0,0,0
2026-10-04T14:05:13Z,emailservice,redis-cart,0,0,0,0,0,0,0
2026-10-04T14:05:13Z,emailservice,shippingservice,0,0,0,0,0,0,0
2026-10-04T14:05:13Z,frontend,adservice,798535,798531,0,0,0,2406015,798224
2026-10-04T14:05:13Z,frontend,cartservice,1773286,1773273,0,0,4,9868692,1772706
2026-10-04T14:05:13Z,frontend,checkoutservice,371654,177830,0,36752,156888,58343541,177786
2026-10-04T14:05:13Z,frontend,currencyservice,2819753,2819741,0,0,0,14968797,2818822
2026-10-04T14:05:13Z,frontend,emailservice,0,0,0,0,0,0,0
2026-10-04T14:05:13Z,frontend,frontend,0,0,0,0,0,0,0
2026-10-04T14:05:13Z,frontend,kubernetes,0,0,0,0,0,0,0
2026-10-04T14:05:13Z,frontend,paymentservice,0,0,0,0,0,0,0
2026-10-04T14:05:13Z,frontend,productcatalogservice,7912669,7912583,0,0,0,53996992,7909591
2026-10-04T14:05:13Z,frontend,recommendationservice,2564675,1565343,0,104145,892890,774163910,1564828
2026-10-04T14:05:13Z,frontend,redis-cart,0,0,0,0,0,0,0
2026-10-04T14:05:13Z,frontend,shippingservice,292908,292904,0,0,0,887962,292786
2026-10-04T14:05:13Z,paymentservice,adservice,0,0,0,0,0,0,0
2026-10-04T14:05:13Z,paymentservice,cartservice,0,0,0,0,0,0,0
2026-10-04T14:05:13Z,paymentservice,checkoutservice,0,0,0,0,0,0,0
2026-10-04T14:05:13Z,paymentservice,currencyservice,0,0,0,0,0,0,0
2026-10-04T14:05:13Z,paymentservice,emailservice,0,0,0,0,0,0,0
2026-10-04T14:05:13Z,paymentservice,frontend,0,0,0,0,0,0,0
2026-10-04T14:05:13Z,paymentservice,kubernetes,0,0,0,0,0,0,0
2026-10-04T14:05:13Z,paymentservice,paymentservice,0,0,0,0,0,0,0
2026-10-04T14:05:13Z,paymentservice,productcatalogservice,0,0,0,0,0,0,0
2026-10-04T14:05:13Z,paymentservice,recommendationservice,0,0,0,0,0,0,0
2026-10-04T14:05:13Z,paymentservice,redis-cart,0,0,0,0,0,0,0
2026-10-04T14:05:13Z,paymentservice,shippingservice,0,0,0,0,0,0,0
2026-10-04T14:05:13Z,productcatalogservice,adservice,0,0,0,0,0,0,0
2026-10-04T14:05:13Z,productcatalogservice,cartservice,0,0,0,0,0,0,0
2026-10-04T14:05:13Z,productcatalogservice,checkoutservice,0,0,0,0,0,0,0
2026-10-04T14:05:13Z,productcatalogservice,currencyservice,0,0,0,0,0,0,0
2026-10-04T14:05:13Z,productcatalogservice,emailservice,0,0,0,0,0,0,0
2026-10-04T14:05:13Z,productcatalogservice,frontend,0,0,0,0,0,0,0
2026-10-04T14:05:13Z,productcatalogservice,kubernetes,0,0,0,0,0,0,0
2026-10-04T14:05:13Z,productcatalogservice,paymentservice,0,0,0,0,0,0,0
2026-10-04T14:05:13Z,productcatalogservice,productcatalogservice,0,0,0,0,0,0,0
2026-10-04T14:05:13Z,productcatalogservice,recommendationservice,0,0,0,0,0,0,0
2026-10-04T14:05:13Z,productcatalogservice,redis-cart,0,0,0,0,0,0,0
2026-10-04T14:05:13Z,productcatalogservice,shippingservice,0,0,0,0,0,0,0
2026-10-04T14:05:13Z,recommendationservice,adservice,0,0,0,0,0,0,0
2026-10-04T14:05:13Z,recommendationservice,cartservice,0,0,0,0,0,0,0
2026-10-04T14:05:13Z,recommendationservice,checkoutservice,0,0,0,0,0,0,0
2026-10-04T14:05:13Z,recommendationservice,currencyservice,0,0,0,0,0,0,0
2026-10-04T14:05:13Z,recommendationservice,emailservice,0,0,0,0,0,0,0
2026-10-04T14:05:13Z,recommendationservice,frontend,0,0,0,0,0,0,0
2026-10-04T14:05:13Z,recommendationservice,kubernetes,0,0,0,0,0,0,0
2026-10-04T14:05:13Z,recommendationservice,paymentservice,0,0,0,0,0,0,0
2026-10-04T14:05:13Z,recommendationservice,productcatalogservice,40476,40474,0,0,0,308607,39047
2026-10-04T14:05:13Z,recommendationservice,recommendationservice,0,0,0,0,0,0,0
2026-10-04T14:05:13Z,recommendationservice,redis-cart,0,0,0,0,0,0,0
2026-10-04T14:05:13Z,recommendationservice,shippingservice,0,0,0,0,0,0,0
2026-10-04T14:05:13Z,redis-cart,adservice,0,0,0,0,0,0,0
2026-10-04T14:05:13Z,redis-cart,cartservice,0,0,0,0,0,0,0
2026-10-04T14:05:13Z,redis-cart,checkoutservice,0,0,0,0,0,0,0
2026-10-04T14:05:13Z,redis-cart,currencyservice,0,0,0,0,0,0,0
2026-10-04T14:05:13Z,redis-cart,emailservice,0,0,0,0,0,0,0
2026-10-04T14:05:13Z,redis-cart,frontend,0,0,0,0,0,0,0
2026-10-04T14:05:13Z,redis-cart,kubernetes,0,0,0,0,0,0,0
2026-10-04T14:05:13Z,redis-cart,paymentservice,0,0,0,0,0,0,0
2026-10-04T14:05:13Z,redis-cart,productcatalogservice,0,0,0,0,0,0,0
2026-10-04T14:05:13Z,redis-cart,recommendationservice,0,0,0,0,0,0,0
2026-10-04T14:05:13Z,redis-cart,redis-cart,0,0,0,0,0,0,0
2026-10-04T14:05:13Z,redis-cart,shippingservice,0,0,0,0,0,0,0
2026-10-04T14:05:13Z,shippingservice,adservice,0,0,0,0,0,0,0
2026-10-04T14:05:13Z,shippingservice,cartservice,0,0,0,0,0,0,0
2026-10-04T14:05:13Z,shippingservice,checkoutservice,0,0,0,0,0,0,0
2026-10-04T14:05:13Z,shippingservice,currencyservice,0,0,0,0,0,0,0
2026-10-04T14:05:13Z,shippingservice,emailservice,0,0,0,0,0,0,0
2026-10-04T14:05:13Z,shippingservice,frontend,0,0,0,0,0,0,0
2026-10-04T14:05:13Z,shippingservice,kubernetes,0,0,0,0,0,0,0
2026-10-04T14:05:13Z,shippingservice,paymentservice,0,0,0,0,0,0,0
2026-10-04T14:05:13Z,shippingservice,productcatalogservice,0,0,0,0,0,0,0
2026-10-04T14:05:13Z,shippingservice,recommendationservice,0,0,0,0,0,0,0
2026-10-04T14:05:13Z,shippingservice,redis-cart,0,0,0,0,0,0,0
2026-10-04T14:05:13Z,shippingservice,shippingservice,0,0,0,0,0,0,0
2026-10-04T14:05:14Z,adservice,adservice,0,0,0,0,0,0,0
2026-10-04T14:05:14Z,adservice,cartservice,0,0,0,0,0,0,0
2026-10-04T14:05:14Z,adservice,checkoutservice,0,0,0,0,0,0,0
2026-10-04T14:05:14Z,adservice,currencyservice,0,0,0,0,0,0,0
2026-10-04T14:05:14Z,adservice,emailservice,0,0,0,0,0,0,0
2026-10-04T14:05:14Z,adservice,frontend,0,0,0,0,0,0,0
2026-10-04T14:05:14Z,adservice,kubernetes,0,0,0,0,0,0,0
2026-10-04T14:05:14Z,adservice,paymentservice,0,0,0,0,0,0,0
2026-10-04T14:05:14Z,adservice,productcatalogservice,0,0,0,0,0,0,0
2026-10-04T14:05:14Z,adservice,recommendationservice,0,0,0,0,0,0,0
2026-10-04T14:05:14Z,adservice,redis-cart,0,0,0,0,0,0,0
2026-10-04T14:05:14Z,adservice,shippingservice,0,0,0,0,0,0,0
2026-10-04T14:05:14Z,cartservice,adservice,0,0,0,0,0,0,0
2026-10-04T14:05:14Z,cartservice,cartservice,0,0,0,0,0,0,0
2026-10-04T14:05:14Z,cartservice,checkoutservice,0,0,0,0,0,0,0
2026-10-04T14:05:14Z,cartservice,currencyservice,0,0,0,0,0,0,0
2026-10-04T14:05:14Z,cartservice,emailservice,0,0,0,0,0,0,0
2026-10-04T14:05:14Z,cartservice,frontend,0,0,0,0,0,0,0
2026-10-04T14:05:14Z,cartservice,kubernetes,0,0,0,0,0,0,0
2026-10-04T14:05:14Z,cartservice,paymentservice,0,0,0,0,0,0,0
2026-10-04T14:05:14Z,cartservice,productcatalogservice,0,0,0,0,0,0,0
2026-10-04T14:05:14Z,cartservice,recommendationservice,0,0,0,0,0,0,0
2026-10-04T14:05:14Z,cartservice,redis-cart,2,0,0,0,0,0,0
2026-10-04T14:05:14Z,cartservice,shippingservice,0,0,0,0,0,0,0
2026-10-04T14:05:14Z,checkoutservice,adservice,0,0,0,0,0,0,0
2026-10-04T14:05:14Z,checkoutservice,cartservice,20226,19830,0,52,0,270130,19314
2026-10-04T14:05:14Z,checkoutservice,checkoutservice,0,0,0,0,0,0,0
2026-10-04T14:05:14Z,checkoutservice,currencyservice,14778,14778,0,0,0,220575,14275
2026-10-04T14:05:14Z,checkoutservice,emailservice,2401,2248,0,39,0,111877,2247
2026-10-04T14:05:14Z,checkoutservice,frontend,0,0,0,0,0,0,0
2026-10-04T14:05:14Z,checkoutservice,kubernetes,0,0,0,0,0,0,0
2026-10-04T14:05:14Z,checkoutservice,paymentservice,11712,10956,0,66,0,167494,10480
2026-10-04T14:05:14Z,checkoutservice,productcatalogservice,0,0,0,0,0,0,0
2026-10-04T14:05:14Z,checkoutservice,recommendationservice,0,0,0,0,0,0,0
2026-10-04T14:05:14Z,checkoutservice,redis-cart,0,0,0,0,0,0,0
2026-10-04T14:05:14Z,checkoutservice,shippingservice,22123,21190,0,68,0,199432,20514
2026-10-04T14:05:14Z,currencyservice,adservice,0,0,0,0,0,0,0
2026-10-04T14:05:14Z,currencyservice,cartservice,0,0,0,0,0,0,0
2026-10-04T14:05:14Z,currencyservice,checkoutservice,0,0,0,0,0,0,0
2026-10-04T14:05:14Z,currencyservice,currencyservice,0,0,0,0,0,0,0
2026-10-04T14:05:14Z,currencyservice,emailservice,0,0,0,0,0,0,0
2026-10-04T14:05:14Z,currencyservice,frontend,0,0,0,0,0,0,0
2026-10-04T14:05:14Z,currencyservice,kubernetes,0,0,0,0,0,0,0
2026-10-04T14:05:14Z,currencyservice,paymentservice,0,0,0,0,0,0,0
2026-10-04T14:05:14Z,currencyservice,productcatalogservice,0,0,0,0,0,0,0
2026-10-04T14:05:14Z,currencyservice,recommendationservice,0,0,0,0,0,0,0
2026-10-04T14:05:14Z,currencyservice,redis-cart,0,0,0,0,0,0,0
2026-10-04T14:05:14Z,currencyservice,shippingservice,0,0,0,0,0,0,0
2026-10-04T14:05:14Z,emailservice,adservice,0,0,0,0,0,0,0
2026-10-04T14:05:14Z,emailservice,cartservice,0,0,0,0,0,0,0
2026-10-04T14:05:14Z,emailservice,checkoutservice,0,0,0,0,0,0,0
2026-10-04T14:05:14Z,emailservice,currencyservice,0,0,0,0,0,0,0
2026-10-04T14:05:14Z,emailservice,emailservice,0,0,0,0,0,0,0
2026-10-04T14:05:14Z,emailservice,frontend,0,0,0,0,0,0,0
2026-10-04T14:05:14Z,emailservice,kubernetes,0,0,0,0,0,0,0
2026-10-04T14:05:14Z,emailservice,paymentservice,0,0,0,0,0,0,0
2026-10-04T14:05:14Z,emailservice,productcatalogservice,0,0,0,0,0,0,0
2026-10-04T14:05:14Z,emailservice,recommendationservice,0,0,0,0,0,0,0
2026-10-04T14:05:14Z,emailservice,redis-cart,0,0,0,0,0,0,0
2026-10-04T14:05:14Z,emailservice,shippingservice,0,0,0,0,0,0,0
2026-10-04T14:05:14Z,frontend,adservice,798808,798805,0,0,0,2407441,798560
2026-10-04T14:05:14Z,frontend,cartservice,1773746,1773731,0,0,4,9872496,1773300
2026-10-04T14:05:14Z,frontend,checkoutservice,371830,177849,0,36782,157017,58400311,177825
2026-10-04T14:05:14Z,frontend,currencyservice,2820468,2820452,0,0,0,14975067,2819768
2026-10-04T14:05:14Z,frontend,emailservice,0,0,0,0,0,0,0
2026-10-04T14:05:14Z,frontend,frontend,0,0,0,0,0,0,0
2026-10-04T14:05:14Z,frontend,kubernetes,0,0,0,0,0,0,0
2026-10-04T14:05:14Z,frontend,paymentservice,0,0,0,0,0,0,0
2026-10-04T14:05:14Z,frontend,productcatalogservice,7915117,7915025,0,0,0,54028299,7912720
2026-10-04T14:05:14Z,frontend,recommendationservice,2565087,1565767,0,104145,892890,774262036,1565363
2026-10-04T14:05:14Z,frontend,redis-cart,0,0,0,0,0,0,0
2026-10-04T14:05:14Z,frontend,shippingservice,292994,292992,0,0,0,888459,292905
2026-10-04T14:05:14Z,paymentservice,adservice,0,0,0,0,0,0,0
2026-10-04T14:05:14Z,paymentservice,cartservice,0,0,0,0,0,0,0
2026-10-04T14:05:14Z,paymentservice,checkoutservice,0,0,0,0,0,0,0
2026-10-04T14:05:14Z,paymentservice,currencyservice,0,0,0,0,0,0,0
2026-10-04T14:05:14Z,paymentservice,emailservice,0,0,0,0,0,0,0
2026-10-04T14:05:14Z,paymentservice,frontend,0,0,0,0,0,0,0
2026-10-04T14:05:14Z,paymentservice,kubernetes,0,0,0,0,0,0,0
2026-10-04T14:05:14Z,paymentservice,paymentservice,0,0,0,0,0,0,0
2026-10-04T14:05:14Z,paymentservice,productcatalogservice,0,0,0,0,0,0,0
2026-10-04T14:05:14Z,paymentservice,recommendationservice,0,0,0,0,0,0,0
2026-10-04T14:05:14Z,paymentservice,redis-cart,0,0,0,0,0,0,0
2026-10-04T14:05:14Z,paymentservice,shippingservice,0,0,0,0,0,0,0
2026-10-04T14:05:14Z,productcatalogservice,adservice,0,0,0,0,0,0,0
2026-10-04T14:05:14Z,productcatalogservice,cartservice,0,0,0,0,0,0,0
2026-10-04T14:05:14Z,productcatalogservice,checkoutservice,0,0,0,0,0,0,0
2026-10-04T14:05:14Z,productcatalogservice,currencyservice,0,0,0,0,0,0,0
2026-10-04T14:05:14Z,productcatalogservice,emailservice,0,0,0,0,0,0,0
2026-10-04T14:05:14Z,productcatalogservice,frontend,0,0,0,0,0,0,0
2026-10-04T14:05:14Z,productcatalogservice,kubernetes,0,0,0,0,0,0,0
2026-10-04T14:05:14Z,productcatalogservice,paymentservice,0,0,0,0,0,0,0
2026-10-04T14:05:14Z,productcatalogservice,productcatalogservice,0,0,0,0,0,0,0
2026-10-04T14:05:14Z,productcatalogservice,recommendationservice,0,0,0,0,0,0,0
2026-10-04T14:05:14Z,productcatalogservice,redis-cart,0,0,0,0,0,0,0
2026-10-04T14:05:14Z,productcatalogservice,shippingservice,0,0,0,0,0,0,0
2026-10-04T14:05:14Z,recommendationservice,adservice,0,0,0,0,0,0,0
2026-10-04T14:05:14Z,recommendationservice,cartservice,0,0,0,0,0,0,0
2026-10-04T14:05:14Z,recommendationservice,checkoutservice,0,0,0,0,0,0,0
2026-10-04T14:05:14Z,recommendationservice,currencyservice,0,0,0,0,0,0,0
2026-10-04T14:05:14Z,recommendationservice,emailservice,0,0,0,0,0,0,0
2026-10-04T14:05:14Z,recommendationservice,frontend,0,0,0,0,0,0,0
2026-10-04T14:05:14Z,recommendationservice,kubernetes,0,0,0,0,0,0,0
2026-10-04T14:05:14Z,recommendationservice,paymentservice,0,0,0,0,0,0,0
2026-10-04T14:05:14Z,recommendationservice,productcatalogservice,40908,40902,0,0,0,308607,39047
2026-10-04T14:05:14Z,recommendationservice,recommendationservice,0,0,0,0,0,0,0
2026-10-04T14:05:14Z,recommendationservice,redis-cart,0,0,0,0,0,0,0
2026-10-04T14:05:14Z,recommendationservice,shippingservice,0,0,0,0,0,0,0
2026-10-04T14:05:14Z,redis-cart,adservice,0,0,0,0,0,0,0
2026-10-04T14:05:14Z,redis-cart,cartservice,0,0,0,0,0,0,0
2026-10-04T14:05:14Z,redis-cart,checkoutservice,0,0,0,0,0,0,0
2026-10-04T14:05:14Z,redis-cart,currencyservice,0,0,0,0,0,0,0
2026-10-04T14:05:14Z,redis-cart,emailservice,0,0,0,0,0,0,0
2026-10-04T14:05:14Z,redis-cart,frontend,0,0,0,0,0,0,0
2026-10-04T14:05:14Z,redis-cart,kubernetes,0,0,0,0,0,0,0
2026-10-04T14:05:14Z,redis-cart,paymentservice,0,0,0,0,0,0,0
2026-10-04T14:05:14Z,redis-cart,productcatalogservice,0,0,0,0,0,0,0
2026-10-04T14:05:14Z,redis-cart,recommendationservice,0,0,0,0,0,0,0
2026-10-04T14:05:14Z,redis-cart,redis-cart,0,0,0,0,0,0,0
2026-10-04T14:05:14Z,redis-cart,shippingservice,0,0,0,0,0,0,0
2026-10-04T14:05:14Z,shippingservice,adservice,0,0,0,0,0,0,0
2026-10-04T14:05:14Z,shippingservice,cartservice,0,0,0,0,0,0,0
2026-10-04T14:05:14Z,shippingservice,checkoutservice,0,0,0,0,0,0,0
2026-10-04T14:05:14Z,shippingservice,currencyservice,0,0,0,0,0,0,0
2026-10-04T14:05:14Z,shippingservice,emailservice,0,0,0,0,0,0,0
2026-10-04T14:05:14Z,shippingservice,frontend,0,0,0,0,0,0,0
2026-10-04T14:05:14Z,shippingservice,kubernetes,0,0,0,0,0,0,0
2026-10-04T14:05:14Z,shippingservice,paymentservice,0,0,0,0,0,0,0
2026-10-04T14:05:14Z,shippingservice,productcatalogservice,0,0,0,0,0,0,0
2026-10-04T14:05:14Z,shippingservice,recommendationservice,0,0,0,0,0,0,0
2026-10-04T14:05:14Z,shippingservice,redis-cart,0,0,0,0,0,0,0
2026-10-04T14:05:14Z,shippingservice,shippingservice,0,0,0,0,0,0,0
2026-10-04T14:05:15Z,adservice,adservice,0,0,0,0,0,0,0
2026-10-04T14:05:15Z,adservice,cartservice,0,0,0,0,0,0,0
2026-10-04T14:05:15Z,adservice,checkoutservice,0,0,0,0,0,0,0
2026-10-04T14:05:15Z,adservice,currencyservice,0,0,0,0,0,0,0
2026-10-04T14:05:15Z,adservice,emailservice,0,0,0,0,0,0,0
2026-10-04T14:05:15Z,adservice,frontend,0,0,0,0,0,0,0
2026-10-04T14:05:15Z,adservice,kubernetes,0,0,0,0,0,0,0
2026-10-04T14:05:15Z,adservice,paymentservice,0,0,0,0,0,0,0
2026-10-04T14:05:15Z,adservice,productcatalogservice,0,0,0,0,0,0,0
2026-10-04T14:05:15Z,adservice,recommendationservice,0,0,0,0,0,0,0
2026-10-04T14:05:15Z,adservice,redis-cart,0,0,0,0,0,0,0
2026-10-04T14:05:15Z,adservice,shippingservice,0,0,0,0,0,0,0
2026-10-04T14:05:15Z,cartservice,adservice,0,0,0,0,0,0,0
2026-10-04T14:05:15Z,cartservice,cartservice,0,0,0,0,0,0,0
2026-10-04T14:05:15Z,cartservice,checkoutservice,0,0,0,0,0,0,0
2026-10-04T14:05:15Z,cartservice,currencyservice,0,0,0,0,0,0,0
2026-10-04T14:05:15Z,cartservice,emailservice,0,0,0,0,0,0,0
2026-10-04T14:05:15Z,cartservice,frontend,0,0,0,0,0,0,0
2026-10-04T14:05:15Z,cartservice,kubernetes,0,0,0,0,0,0,0
2026-10-04T14:05:15Z,cartservice,paymentservice,0,0,0,0,0,0,0
2026-10-04T14:05:15Z,cartservice,productcatalogservice,0,0,0,0,0,0,0
2026-10-04T14:05:15Z,cartservice,recommendationservice,0,0,0,0,0,0,0
2026-10-04T14:05:15Z,cartservice,redis-cart,2,0,0,0,0,0,0
2026-10-04T14:05:15Z,cartservice,shippingservice,0,0,0,0,0,0,0
2026-10-04T14:05:15Z,checkoutservice,adservice,0,0,0,0,0,0,0
2026-10-04T14:05:15Z,checkoutservice,cartservice,20414,20013,0,53,0,270130,19314
2026-10-04T14:05:15Z,checkoutservice,checkoutservice,0,0,0,0,0,0,0
2026-10-04T14:05:15Z,checkoutservice,currencyservice,14972,14972,0,0,0,220575,14275
2026-10-04T14:05:15Z,checkoutservice,emailservice,2401,2248,0,39,0,111877,2247
2026-10-04T14:05:15Z,checkoutservice,frontend,0,0,0,0,0,0,0
2026-10-04T14:05:15Z,checkoutservice,kubernetes,0,0,0,0,0,0,0
2026-10-04T14:05:15Z,checkoutservice,paymentservice,11867,11105,0,66,0,167494,10480
2026-10-04T14:05:15Z,checkoutservice,productcatalogservice,0,0,0,0,0,0,0
2026-10-04T14:05:15Z,checkoutservice,recommendationservice,0,0,0,0,0,0,0
2026-10-04T14:05:15Z,checkoutservice,redis-cart,0,0,0,0,0,0,0
2026-10-04T14:05:15Z,checkoutservice,shippingservice,22378,21434,0,69,0,199432,20514
2026-10-04T14:05:15Z,currencyservice,adservice,0,0,0,0,0,0,0
2026-10-04T14:05:15Z,currencyservice,cartservice,0,0,0,0,0,0,0
2026-10-04T14:05:15Z,currencyservice,checkoutservice,0,0,0,0,0,0,0
2026-10-04T14:05:15Z,currencyservice,currencyservice,0,0,0,0,0,0,0
2026-10-04T14:05:15Z,currencyservice,emailservice,0,0,0,0,0,0,0
2026-10-04T14:05:15Z,currencyservice,frontend,0,0,0,0,0,0,0
2026-10-04T14:05:15Z,currencyservice,kubernetes,0,0,0,0,0,0,0
2026-10-04T14:05:15Z,currencyservice,paymentservice,0,0,0,0,0,0,0
2026-10-04T14:05:15Z,currencyservice,productcatalogservice,0,0,0,0,0,0,0
2026-10-04T14:05:15Z,currencyservice,recommendationservice,0,0,0,0,0,0,0
2026-10-04T14:05:15Z,currencyservice,redis-cart,0,0,0,0,0,0,0
2026-10-04T14:05:15Z,currencyservice,shippingservice,0,0,0,0,0,0,0
2026-10-04T14:05:15Z,emailservice,adservice,0,0,0,0,0,0,0
2026-10-04T14:05:15Z,emailservice,cartservice,0,0,0,0,0,0,0
2026-10-04T14:05:15Z,emailservice,checkoutservice,0,0,0,0,0,0,0
2026-10-04T14:05:15Z,emailservice,currencyservice,0,0,0,0,0,0,0
2026-10-04T14:05:15Z,emailservice,emailservice,0,0,0,0,0,0,0
2026-10-04T14:05:15Z,emailservice,frontend,0,0,0,0,0,0,0
2026-10-04T14:05:15Z,emailservice,kubernetes,0,0,0,0,0,0,0
2026-10-04T14:05:15Z,emailservice,paymentservice,0,0,0,0,0,0,0
2026-10-04T14:05:15Z,emailservice,productcatalogservice,0,0,0,0,0,0,0
2026-10-04T14:05:15Z,emailservice,recommendationservice,0,0,0,0,0,0,0
2026-10-04T14:05:15Z,emailservice,redis-cart,0,0,0,0,0,0,0
2026-10-04T14:05:15Z,emailservice,shippingservice,0,0,0,0,0,0,0
2026-10-04T14:05:15Z,frontend,adservice,799090,799087,0,0,0,2407441,798560
2026-10-04T14:05:15Z,frontend,cartservice,1774226,1774203,0,0,4,9872496,1773300
2026-10-04T14:05:15Z,frontend,checkoutservice,372031,177874,0,36817,157151,58400311,177825
2026-10-04T14:05:15Z,frontend,currencyservice,2821234,2821219,0,0,0,14975067,2819768
2026-10-04T14:05:15Z,frontend,emailservice,0,0,0,0,0,0,0
2026-10-04T14:05:15Z,frontend,frontend,0,0,0,0,0,0,0
2026-10-04T14:05:15Z,frontend,kubernetes,0,0,0,0,0,0,0
2026-10-04T14:05:15Z,frontend,paymentservice,0,0,0,0,0,0,0
2026-10-04T14:05:15Z,frontend,productcatalogservice,7917682,7917591,0,0,0,54028299,7912720
2026-10-04T14:05:15Z,frontend,recommendationservice,2565534,1566200,0,104145,892890,774262036,1565363
2026-10-04T14:05:15Z,frontend,redis-cart,0,0,0,0,0,0,0
2026-10-04T14:05:15Z,frontend,shippingservice,293095,293091,0,0,0,888459,292905
2026-10-04T14:05:15Z,paymentservice,adservice,0,0,0,0,0,0,0
2026-10-04T14:05:15Z,paymentservice,cartservice,0,0,0,0,0,0,0
2026-10-04T14:05:15Z,paymentservice,checkoutservice,0,0,0,0,0,0,0
2026-10-04T14:05:15Z,paymentservice,currencyservice,0,0,0,0,0,0,0
2026-10-04T14:05:15Z,paymentservice,emailservice,0,0,0,0,0,0,0
2026-10-04T14:05:15Z,paymentservice,frontend,0,0,0,0,0,0,0
2026-10-04T14:05:15Z,paymentservice,kubernetes,0,0,0,0,0,0,0
2026-10-04T14:05:15Z,paymentservice,paymentservice,0,0,0,0,0,0,0
2026-10-04T14:05:15Z,paymentservice,productcatalogservice,0,0,0,0,0,0,0
2026-10-04T14:05:15Z,paymentservice,recommendationservice,0,0,0,0,0,0,0
2026-10-04T14:05:15Z,paymentservice,redis-cart,0,0,0,0,0,0,0
2026-10-04T14:05:15Z,paymentservice,shippingservice,0,0,0,0,0,0,0
2026-10-04T14:05:15Z,productcatalogservice,adservice,0,0,0,0,0,0,0
2026-10-04T14:05:15Z,productcatalogservice,cartservice,0,0,0,0,0,0,0
2026-10-04T14:05:15Z,productcatalogservice,checkoutservice,0,0,0,0,0,0,0
2026-10-04T14:05:15Z,productcatalogservice,currencyservice,0,0,0,0,0,0,0
2026-10-04T14:05:15Z,productcatalogservice,emailservice,0,0,0,0,0,0,0
2026-10-04T14:05:15Z,productcatalogservice,frontend,0,0,0,0,0,0,0
2026-10-04T14:05:15Z,productcatalogservice,kubernetes,0,0,0,0,0,0,0
2026-10-04T14:05:15Z,productcatalogservice,paymentservice,0,0,0,0,0,0,0
2026-10-04T14:05:15Z,productcatalogservice,productcatalogservice,0,0,0,0,0,0,0
2026-10-04T14:05:15Z,productcatalogservice,recommendationservice,0,0,0,0,0,0,0
2026-10-04T14:05:15Z,productcatalogservice,redis-cart,0,0,0,0,0,0,0
2026-10-04T14:05:15Z,productcatalogservice,shippingservice,0,0,0,0,0,0,0
2026-10-04T14:05:15Z,recommendationservice,adservice,0,0,0,0,0,0,0
2026-10-04T14:05:15Z,recommendationservice,cartservice,0,0,0,0,0,0,0
2026-10-04T14:05:15Z,recommendationservice,checkoutservice,0,0,0,0,0,0,0
2026-10-04T14:05:15Z,recommendationservice,currencyservice,0,0,0,0,0,0,0
2026-10-04T14:05:15Z,recommendationservice,emailservice,0,0,0,0,0,0,0
2026-10-04T14:05:15Z,recommendationservice,frontend,0,0,0,0,0,0,0
2026-10-04T14:05:15Z,recommendationservice,kubernetes,0,0,0,0,0,0,0
2026-10-04T14:05:15Z,recommendationservice,paymentservice,0,0,0,0,0,0,0
2026-10-04T14:05:15Z,recommendationservice,productcatalogservice,41332,41328,0,0,0,329147,41163
2026-10-04T14:05:15Z,recommendationservice,recommendationservice,0,0,0,0,0,0,0
2026-10-04T14:05:15Z,recommendationservice,redis-cart,0,0,0,0,0,0,0
2026-10-04T14:05:15Z,recommendationservice,shippingservice,0,0,0,0,0,0,0
2026-10-04T14:05:15Z,redis-cart,adservice,0,0,0,0,0,0,0
2026-10-04T14:05:15Z,redis-cart,cartservice,0,0,0,0,0,0,0
2026-10-04T14:05:15Z,redis-cart,checkoutservice,0,0,0,0,0,0,0
2026-10-04T14:05:15Z,redis-cart,currencyservice,0,0,0,0,0,0,0
2026-10-04T14:05:15Z,redis-cart,emailservice,0,0,0,0,0,0,0
2026-10-04T14:05:15Z,redis-cart,frontend,0,0,0,0,0,0,0
2026-10-04T14:05:15Z,redis-cart,kubernetes,0,0,0,0,0,0,0
2026-10-04T14:05:15Z,redis-cart,paymentservice,0,0,0,0,0,0,0
2026-10-04T14:05:15Z,redis-cart,productcatalogservice,0,0,0,0,0,0,0
2026-10-04T14:05:15Z,redis-cart,recommendationservice,0,0,0,0,0,0,0
2026-10-04T14:05:15Z,redis-cart,redis-cart,0,0,0,0,0,0,0
2026-10-04T14:05:15Z,redis-cart,shippingservice,0,0,0,0,0,0,0
2026-10-04T14:05:15Z,shippingservice,adservice,0,0,0,0,0,0,0
2026-10-04T14:05:15Z,shippingservice,cartservice,0,0,0,0,0,0,0
2026-10-04T14:05:15Z,shippingservice,checkoutservice,0,0,0,0,0,0,0
2026-10-04T14:05:15Z,shippingservice,currencyservice,0,0,0,0,0,0,0
2026-10-04T14:05:15Z,shippingservice,emailservice,0,0,0,0,0,0,0
2026-10-04T14:05:15Z,shippingservice,frontend,0,0,0,0,0,0,0
2026-10-04T14:05:15Z,shippingservice,kubernetes,0,0,0,0,0,0,0
2026-10-04T14:05:15Z,shippingservice,paymentservice,0,0,0,0,0,0,0
2026-10-04T14:05:15Z,shippingservice,productcatalogservice,0,0,0,0,0,0,0
2026-10-04T14:05:15Z,shippingservice,recommendationservice,0,0,0,0,0,0,0
2026-10-04T14:05:15Z,shippingservice,redis-cart,0,0,0,0,0,0,0
2026-10-04T14:05:15Z,shippingservice,shippingservice,0,0,0,0,0,0,0
2026-10-04T14:05:16Z,adservice,adservice,0,0,0,0,0,0,0
2026-10-04T14:05:16Z,adservice,cartservice,0,0,0,0,0,0,0
2026-10-04T14:05:16Z,adservice,checkoutservice,0,0,0,0,0,0,0
2026-10-04T14:05:16Z,adservice,currencyservice,0,0,0,0,0,0,0
2026-10-04T14:05:16Z,adservice,emailservice,0,0,0,0,0,0,0
2026-10-04T14:05:16Z,adservice,frontend,0,0,0,0,0,0,0
2026-10-04T14:05:16Z,adservice,kubernetes,0,0,0,0,0,0,0
2026-10-04T14:05:16Z,adservice,paymentservice,0,0,0,0,0,0,0
2026-10-04T14:05:16Z,adservice,productcatalogservice,0,0,0,0,0,0,0
2026-10-04T14:05:16Z,adservice,recommendationservice,0,0,0,0,0,0,0
2026-10-04T14:05:16Z,adservice,redis-cart,0,0,0,0,0,0,0
2026-10-04T14:05:16Z,adservice,shippingservice,0,0,0,0,0,0,0
2026-10-04T14:05:16Z,cartservice,adservice,0,0,0,0,0,0,0
2026-10-04T14:05:16Z,cartservice,cartservice,0,0,0,0,0,0,0
2026-10-04T14:05:16Z,cartservice,checkoutservice,0,0,0,0,0,0,0
2026-10-04T14:05:16Z,cartservice,currencyservice,0,0,0,0,0,0,0
2026-10-04T14:05:16Z,cartservice,emailservice,0,0,0,0,0,0,0
2026-10-04T14:05:16Z,cartservice,frontend,0,0,0,0,0,0,0
2026-10-04T14:05:16Z,cartservice,kubernetes,0,0,0,0,0,0,0
2026-10-04T14:05:16Z,cartservice,paymentservice,0,0,0,0,0,0,0
2026-10-04T14:05:16Z,cartservice,productcatalogservice,0,0,0,0,0,0,0
2026-10-04T14:05:16Z,cartservice,recommendationservice,0,0,0,0,0,0,0
2026-10-04T14:05:16Z,cartservice,redis-cart,2,0,0,0,0,0,0
2026-10-04T14:05:16Z,cartservice,shippingservice,0,0,0,0,0,0,0
2026-10-04T14:05:16Z,checkoutservice,adservice,0,0,0,0,0,0,0
2026-10-04T14:05:16Z,checkoutservice,cartservice,20628,20219,0,53,0,270130,19314
2026-10-04T14:05:16Z,checkoutservice,checkoutservice,0,0,0,0,0,0,0
2026-10-04T14:05:16Z,checkoutservice,currencyservice,15162,15154,0,0,0,220575,14275
2026-10-04T14:05:16Z,checkoutservice,emailservice,2401,2248,0,39,0,111877,2247
2026-10-04T14:05:16Z,checkoutservice,frontend,0,0,0,0,0,0,0
2026-10-04T14:05:16Z,checkoutservice,kubernetes,0,0,0,0,0,0,0
2026-10-04T14:05:16Z,checkoutservice,paymentservice,12055,11278,0,66,0,167494,10480
2026-10-04T14:05:16Z,checkoutservice,productcatalogservice,0,0,0,0,0,0,0
2026-10-04T14:05:16Z,checkoutservice,recommendationservice,0,0,0,0,0,0,0
2026-10-04T14:05:16Z,checkoutservice,redis-cart,0,0,0,0,0,0,0
2026-10-04T14:05:16Z,checkoutservice,shippingservice,22690,21707,0,71,0,199432,20514
2026-10-04T14:05:16Z,currencyservice,adservice,0,0,0,0,0,0,0
2026-10-04T14:05:16Z,currencyservice,cartservice,0,0,0,0,0,0,0
2026-10-04T14:05:16Z,currencyservice,checkoutservice,0,0,0,0,0,0,0
2026-10-04T14:05:16Z,currencyservice,currencyservice,0,0,0,0,0,0,0
2026-10-04T14:05:16Z,currencyservice,emailservice,0,0,0,0,0,0,0
2026-10-04T14:05:16Z,currencyservice,frontend,0,0,0,0,0,0,0
2026-10-04T14:05:16Z,currencyservice,kubernetes,0,0,0,0,0,0,0
2026-10-04T14:05:16Z,currencyservice,paymentservice,0,0,0,0,0,0,0
2026-10-04T14:05:16Z,currencyservice,productcatalogservice,0,0,0,0,0,0,0
2026-10-04T14:05:16Z,currencyservice,recommendationservice,0,0,0,0,0,0,0
2026-10-04T14:05:16Z,currencyservice,redis-cart,0,0,0,0,0,0,0
2026-10-04T14:05:16Z,currencyservice,shippingservice,0,0,0,0,0,0,0
2026-10-04T14:05:16Z,emailservice,adservice,0,0,0,0,0,0,0
2026-10-04T14:05:16Z,emailservice,cartservice,0,0,0,0,0,0,0
2026-10-04T14:05:16Z,emailservice,checkoutservice,0,0,0,0,0,0,0
2026-10-04T14:05:16Z,emailservice,currencyservice,0,0,0,0,0,0,0
2026-10-04T14:05:16Z,emailservice,emailservice,0,0,0,0,0,0,0
2026-10-04T14:05:16Z,emailservice,frontend,0,0,0,0,0,0,0
2026-10-04T14:05:16Z,emailservice,kubernetes,0,0,0,0,0,0,0
2026-10-04T14:05:16Z,emailservice,paymentservice,0,0,0,0,0,0,0
2026-10-04T14:05:16Z,emailservice,productcatalogservice,0,0,0,0,0,0,0
2026-10-04T14:05:16Z,emailservice,recommendationservice,0,0,0,0,0,0,0
2026-10-04T14:05:16Z,emailservice,redis-cart,0,0,0,0,0,0,0
2026-10-04T14:05:16Z,emailservice,shippingservice,0,0,0,0,0,0,0
2026-10-04T14:05:16Z,frontend,adservice,799360,799356,0,0,0,2407441,798560
2026-10-04T14:05:16Z,frontend,cartservice,1774678,1774664,0,0,4,9872496,1773300
2026-10-04T14:05:16Z,frontend,checkoutservice,372215,177897,0,36844,157284,58400311,177825
2026-10-04T14:05:16Z,frontend,currencyservice,2821957,2821946,0,0,0,14975067,2819768
2026-10-04T14:05:16Z,frontend,emailservice,0,0,0,0,0,0,0
2026-10-04T14:05:16Z,frontend,frontend,0,0,0,0,0,0,0
2026-10-04T14:05:16Z,frontend,kubernetes,0,0,0,0,0,0,0
2026-10-04T14:05:16Z,frontend,paymentservice,0,0,0,0,0,0,0
2026-10-04T14:05:16Z,frontend,productcatalogservice,7920136,7920043,0,0,0,54028299,7912720
2026-10-04T14:05:16Z,frontend,recommendationservice,2565955,1566620,0,104145,892890,774262036,1565363
2026-10-04T14:05:16Z,frontend,redis-cart,0,0,0,0,0,0,0
2026-10-04T14:05:16Z,frontend,shippingservice,293192,293188,0,0,0,888459,292905
2026-10-04T14:05:16Z,paymentservice,adservice,0,0,0,0,0,0,0
2026-10-04T14:05:16Z,paymentservice,cartservice,0,0,0,0,0,0,0
2026-10-04T14:05:16Z,paymentservice,checkoutservice,0,0,0,0,0,0,0
2026-10-04T14:05:16Z,paymentservice,currencyservice,0,0,0,0,0,0,0
2026-10-04T14:05:16Z,paymentservice,emailservice,0,0,0,0,0,0,0
2026-10-04T14:05:16Z,paymentservice,frontend,0,0,0,0,0,0,0
2026-10-04T14:05:16Z,paymentservice,kubernetes,0,0,0,0,0,0,0
2026-10-04T14:05:16Z,paymentservice,paymentservice,0,0,0,0,0,0,0
2026-10-04T14:05:16Z,paymentservice,productcatalogservice,0,0,0,0,0,0,0
2026-10-04T14:05:16Z,paymentservice,recommendationservice,0,0,0,0,0,0,0
2026-10-04T14:05:16Z,paymentservice,redis-cart,0,0,0,0,0,0,0
2026-10-04T14:05:16Z,paymentservice,shippingservice,0,0,0,0,0,0,0
2026-10-04T14:05:16Z,productcatalogservice,adservice,0,0,0,0,0,0,0
2026-10-04T14:05:16Z,productcatalogservice,cartservice,0,0,0,0,0,0,0
2026-10-04T14:05:16Z,productcatalogservice,checkoutservice,0,0,0,0,0,0,0
2026-10-04T14:05:16Z,productcatalogservice,currencyservice,0,0,0,0,0,0,0
2026-10-04T14:05:16Z,productcatalogservice,emailservice,0,0,0,0,0,0,0
2026-10-04T14:05:16Z,productcatalogservice,frontend,0,0,0,0,0,0,0
2026-10-04T14:05:16Z,productcatalogservice,kubernetes,0,0,0,0,0,0,0
2026-10-04T14:05:16Z,productcatalogservice,paymentservice,0,0,0,0,0,0,0
2026-10-04T14:05:16Z,productcatalogservice,productcatalogservice,0,0,0,0,0,0,0
2026-10-04T14:05:16Z,productcatalogservice,recommendationservice,0,0,0,0,0,0,0
2026-10-04T14:05:16Z,productcatalogservice,redis-cart,0,0,0,0,0,0,0
2026-10-04T14:05:16Z,productcatalogservice,shippingservice,0,0,0,0,0,0,0
2026-10-04T14:05:16Z,recommendationservice,adservice,0,0,0,0,0,0,0
2026-10-04T14:05:16Z,recommendationservice,cartservice,0,0,0,0,0,0,0
2026-10-04T14:05:16Z,recommendationservice,checkoutservice,0,0,0,0,0,0,0
2026-10-04T14:05:16Z,recommendationservice,currencyservice,0,0,0,0,0,0,0
2026-10-04T14:05:16Z,recommendationservice,emailservice,0,0,0,0,0,0,0
2026-10-04T14:05:16Z,recommendationservice,frontend,0,0,0,0,0,0,0
2026-10-04T14:05:16Z,recommendationservice,kubernetes,0,0,0,0,0,0,0
2026-10-04T14:05:16Z,recommendationservice,paymentservice,0,0,0,0,0,0,0
2026-10-04T14:05:16Z,recommendationservice,productcatalogservice,41785,41783,0,0,0,329147,41163
2026-10-04T14:05:16Z,recommendationservice,recommendationservice,0,0,0,0,0,0,0
2026-10-04T14:05:16Z,recommendationservice,redis-cart,0,0,0,0,0,0,0
2026-10-04T14:05:16Z,recommendationservice,shippingservice,0,0,0,0,0,0,0
2026-10-04T14:05:16Z,redis-cart,adservice,0,0,0,0,0,0,0
2026-10-04T14:05:16Z,redis-cart,cartservice,0,0,0,0,0,0,0
2026-10-04T14:05:16Z,redis-cart,checkoutservice,0,0,0,0,0,0,0
2026-10-04T14:05:16Z,redis-cart,currencyservice,0,0,0,0,0,0,0
2026-10-04T14:05:16Z,redis-cart,emailservice,0,0,0,0,0,0,0
2026-10-04T14:05:16Z,redis-cart,frontend,0,0,0,0,0,0,0
2026-10-04T14:05:16Z,redis-cart,kubernetes,0,0,0,0,0,0,0
2026-10-04T14:05:16Z,redis-cart,paymentservice,0,0,0,0,0,0,0
2026-10-04T14:05:16Z,redis-cart,productcatalogservice,0,0,0,0,0,0,0
2026-10-04T14:05:16Z,redis-cart,recommendationservice,0,0,0,0,0,0,0
2026-10-04T14:05:16Z,redis-cart,redis-cart,0,0,0,0,0,0,0
2026-10-04T14:05:16Z,redis-cart,shippingservice,0,0,0,0,0,0,0
2026-10-04T14:05:16Z,shippingservice,adservice,0,0,0,0,0,0,0
2026-10-04T14:05:16Z,shippingservice,cartservice,0,0,0,0,0,0,0
2026-10-04T14:05:16Z,shippingservice,checkoutservice,0,0,0,0,0,0,0
2026-10-04T14:05:16Z,shippingservice,currencyservice,0,0,0,0,0,0,0
2026-10-04T14:05:16Z,shippingservice,emailservice,0,0,0,0,0,0,0
2026-10-04T14:05:16Z,shippingservice,frontend,0,0,0,0,0,0,0
2026-10-04T14:05:16Z,shippingservice,kubernetes,0,0,0,0,0,0,0
2026-10-04T14:05:16Z,shippingservice,paymentservice,0,0,0,0,0,0,0
2026-10-04T14:05:16Z,shippingservice,productcatalogservice,0,0,0,0,0,0,0
2026-10-04T14:05:16Z,shippingservice,recommendationservice,0,0,0,0,0,0,0
2026-10-04T14:05:16Z,shippingservice,redis-cart,0,0,0,0,0,0,0
2026-10-04T14:05:16Z,shippingservice,shippingservice,0,0,0,0,0,0,0
2026-10-04T14:05:17Z,adservice,adservice,0,0,0,0,0,0,0
2026-10-04T14:05:17Z,adservice,cartservice,0,0,0,0,0,0,0
2026-10-04T14:05:17Z,adservice,checkoutservice,0,0,0,0,0,0,0
2026-10-04T14:05:17Z,adservice,currencyservice,0,0,0,0,0,0,0
2026-10-04T14:05:17Z,adservice,emailservice,0,0,0,0,0,0,0
2026-10-04T14:05:17Z,adservice,frontend,0,0,0,0,0,0,0
2026-10-04T14:05:17Z,adservice,kubernetes,0,0,0,0,0,0,0
2026-10-04T14:05:17Z,adservice,paymentservice,0,0,0,0,0,0,0
2026-10-04T14:05:17Z,adservice,productcatalogservice,0,0,0,0,0,0,0
2026-10-04T14:05:17Z,adservice,recommendationservice,0,0,0,0,0,0,0
2026-10-04T14:05:17Z,adservice,redis-cart,0,0,0,0,0,0,0
2026-10-04T14:05:17Z,adservice,shippingservice,0,0,0,0,0,0,0
2026-10-04T14:05:17Z,cartservice,adservice,0,0,0,0,0,0,0
2026-10-04T14:05:17Z,cartservice,cartservice,0,0,0,0,0,0,0
2026-10-04T14:05:17Z,cartservice,checkoutservice,0,0,0,0,0,0,0
2026-10-04T14:05:17Z,cartservice,currencyservice,0,0,0,0,0,0,0
2026-10-04T14:05:17Z,cartservice,emailservice,0,0,0,0,0,0,0
2026-10-04T14:05:17Z,cartservice,frontend,0,0,0,0,0,0,0
2026-10-04T14:05:17Z,cartservice,kubernetes,0,0,0,0,0,0,0
2026-10-04T14:05:17Z,cartservice,paymentservice,0,0,0,0,0,0,0
2026-10-04T14:05:17Z,cartservice,productcatalogservice,0,0,0,0,0,0,0
2026-10-04T14:05:17Z,cartservice,recommendationservice,0,0,0,0,0,0,0
2026-10-04T14:05:17Z,cartservice,redis-cart,2,0,0,0,0,0,0
2026-10-04T14:05:17Z,cartservice,shippingservice,0,0,0,0,0,0,0
2026-10-04T14:05:17Z,checkoutservice,adservice,0,0,0,0,0,0,0
2026-10-04T14:05:17Z,checkoutservice,cartservice,20857,20420,0,54,0,286261,20331
2026-10-04T14:05:17Z,checkoutservice,checkoutservice,0,0,0,0,0,0,0
2026-10-04T14:05:17Z,checkoutservice,currencyservice,15337,15335,0,0,0,237173,15256
2026-10-04T14:05:17Z,checkoutservice,emailservice,2405,2251,0,39,0,111930,2251
2026-10-04T14:05:17Z,checkoutservice,frontend,0,0,0,0,0,0,0
2026-10-04T14:05:17Z,checkoutservice,kubernetes,0,0,0,0,0,0,0
2026-10-04T14:05:17Z,checkoutservice,paymentservice,12232,11454,0,67,0,180130,11333
2026-10-04T14:05:17Z,checkoutservice,productcatalogservice,0,0,0,0,0,0,0
2026-10-04T14:05:17Z,checkoutservice,recommendationservice,0,0,0,0,0,0,0
2026-10-04T14:05:17Z,checkoutservice,redis-cart,0,0,0,0,0,0,0
2026-10-04T14:05:17Z,checkoutservice,shippingservice,22997,22010,0,72,0,215833,21876
2026-10-04T14:05:17Z,currencyservice,adservice,0,0,0,0,0,0,0
2026-10-04T14:05:17Z,currencyservice,cartservice,0,0,0,0,0,0,0
2026-10-04T14:05:17Z,currencyservice,checkoutservice,0,0,0,0,0,0,0
2026-10-04T14:05:17Z,currencyservice,currencyservice,0,0,0,0,0,0,0
2026-10-04T14:05:17Z,currencyservice,emailservice,0,0,0,0,0,0,0
2026-10-04T14:05:17Z,currencyservice,frontend,0,0,0,0,0,0,0
2026-10-04T14:05:17Z,currencyservice,kubernetes,0,0,0,0,0,0,0
2026-10-04T14:05:17Z,currencyservice,paymentservice,0,0,0,0,0,0,0
2026-10-04T14:05:17Z,currencyservice,productcatalogservice,0,0,0,0,0,0,0
2026-10-04T14:05:17Z,currencyservice,recommendationservice,0,0,0,0,0,0,0
2026-10-04T14:05:17Z,currencyservice,redis-cart,0,0,0,0,0,0,0
2026-10-04T14:05:17Z,currencyservice,shippingservice,0,0,0,0,0,0,0
2026-10-04T14:05:17Z,emailservice,adservice,0,0,0,0,0,0,0
2026-10-04T14:05:17Z,emailservice,cartservice,0,0,0,0,0,0,0
2026-10-04T14:05:17Z,emailservice,checkoutservice,0,0,0,0,0,0,0
2026-10-04T14:05:17Z,emailservice,currencyservice,0,0,0,0,0,0,0
2026-10-04T14:05:17Z,emailservice,emailservice,0,0,0,0,0,0,0
2026-10-04T14:05:17Z,emailservice,frontend,0,0,0,0,0,0,0
2026-10-04T14:05:17Z,emailservice,kubernetes,0,0,0,0,0,0,0
2026-10-04T14:05:17Z,emailservice,paymentservice,0,0,0,0,0,0,0
2026-10-04T14:05:17Z,emailservice,productcatalogservice,0,0,0,0,0,0,0
2026-10-04T14:05:17Z,emailservice,recommendationservice,0,0,0,0,0,0,0
2026-10-04T14:05:17Z,emailservice,redis-cart,0,0,0,0,0,0,0
2026-10-04T14:05:17Z,emailservice,shippingservice,0,0,0,0,0,0,0
2026-10-04T14:05:17Z,frontend,adservice,799619,799617,0,0,0,2407441,798560
2026-10-04T14:05:17Z,frontend,cartservice,1775165,1775149,0,0,4,9872496,1773300
2026-10-04T14:05:17Z,frontend,checkoutservice,372399,177924,0,36880,157412,58400311,177825
2026-10-04T14:05:17Z,frontend,currencyservice,2822736,2822729,0,0,0,14975067,2819768
2026-10-04T14:05:17Z,frontend,emailservice,0,0,0,0,0,0,0
2026-10-04T14:05:17Z,frontend,frontend,0,0,0,0,0,0,0
2026-10-04T14:05:17Z,frontend,kubernetes,0,0,0,0,0,0,0
2026-10-04T14:05:17Z,frontend,paymentservice,0,0,0,0,0,0,0
2026-10-04T14:05:17Z,frontend,productcatalogservice,7922604,7922506,0,0,0,54028299,7912720
2026-10-04T14:05:17Z,frontend,recommendationservice,2566398,1567041,0,104145,892890,774262036,1565363
2026-10-04T14:05:17Z,frontend,redis-cart,0,0,0,0,0,0,0
2026-10-04T14:05:17Z,frontend,shippingservice,293299,293297,0,0,0,888459,292905
2026-10-04T14:05:17Z,paymentservice,adservice,0,0,0,0,0,0,0
2026-10-04T14:05:17Z,paymentservice,cartservice,0,0,0,0,0,0,0
2026-10-04T14:05:17Z,paymentservice,checkoutservice,0,0,0,0,0,0,0
2026-10-04T14:05:17Z,paymentservice,currencyservice,0,0,0,0,0,0,0
2026-10-04T14:05:17Z,paymentservice,emailservice,0,0,0,0,0,0,0
2026-10-04T14:05:17Z,paymentservice,frontend,0,0,0,0,0,0,0
2026-10-04T14:05:17Z,paymentservice,kubernetes,0,0,0,0,0,0,0
2026-10-04T14:05:17Z,paymentservice,paymentservice,0,0,0,0,0,0,0
2026-10-04T14:05:17Z,paymentservice,productcatalogservice,0,0,0,0,0,0,0
2026-10-04T14:05:17Z,paymentservice,recommendationservice,0,0,0,0,0,0,0
2026-10-04T14:05:17Z,paymentservice,redis-cart,0,0,0,0,0,0,0
2026-10-04T14:05:17Z,paymentservice,shippingservice,0,0,0,0,0,0,0
2026-10-04T14:05:17Z,productcatalogservice,adservice,0,0,0,0,0,0,0
2026-10-04T14:05:17Z,productcatalogservice,cartservice,0,0,0,0,0,0,0
2026-10-04T14:05:17Z,productcatalogservice,checkoutservice,0,0,0,0,0,0,0
2026-10-04T14:05:17Z,productcatalogservice,currencyservice,0,0,0,0,0,0,0
2026-10-04T14:05:17Z,productcatalogservice,emailservice,0,0,0,0,0,0,0
2026-10-04T14:05:17Z,productcatalogservice,frontend,0,0,0,0,0,0,0
2026-10-04T14:05:17Z,productcatalogservice,kubernetes,0,0,0,0,0,0,0
2026-10-04T14:05:17Z,productcatalogservice,paymentservice,0,0,0,0,0,0,0
2026-10-04T14:05:17Z,productcatalogservice,productcatalogservice,0,0,0,0,0,0,0
2026-10-04T14:05:17Z,productcatalogservice,recommendationservice,0,0,0,0,0,0,0
2026-10-04T14:05:17Z,productcatalogservice,redis-cart,0,0,0,0,0,0,0
2026-10-04T14:05:17Z,productcatalogservice,shippingservice,0,0,0,0,0,0,0
2026-10-04T14:05:17Z,recommendationservice,adservice,0,0,0,0,0,0,0
2026-10-04T14:05:17Z,recommendationservice,cartservice,0,0,0,0,0,0,0
2026-10-04T14:05:17Z,recommendationservice,checkoutservice,0,0,0,0,0,0,0
2026-10-04T14:05:17Z,recommendationservice,currencyservice,0,0,0,0,0,0,0
2026-10-04T14:05:17Z,recommendationservice,emailservice,0,0,0,0,0,0,0
2026-10-04T14:05:17Z,recommendationservice,frontend,0,0,0,0,0,0,0
2026-10-04T14:05:17Z,recommendationservice,kubernetes,0,0,0,0,0,0,0
2026-10-04T14:05:17Z,recommendationservice,paymentservice,0,0,0,0,0,0,0
2026-10-04T14:05:17Z,recommendationservice,productcatalogservice,42164,42162,0,0,0,329147,41163
2026-10-04T14:05:17Z,recommendationservice,recommendationservice,0,0,0,0,0,0,0
2026-10-04T14:05:17Z,recommendationservice,redis-cart,0,0,0,0,0,0,0
2026-10-04T14:05:17Z,recommendationservice,shippingservice,0,0,0,0,0,0,0
2026-10-04T14:05:17Z,redis-cart,adservice,0,0,0,0,0,0,0
2026-10-04T14:05:17Z,redis-cart,cartservice,0,0,0,0,0,0,0
2026-10-04T14:05:17Z,redis-cart,checkoutservice,0,0,0,0,0,0,0
2026-10-04T14:05:17Z,redis-cart,currencyservice,0,0,0,0,0,0,0
2026-10-04T14:05:17Z,redis-cart,emailservice,0,0,0,0,0,0,0
2026-10-04T14:05:17Z,redis-cart,frontend,0,0,0,0,0,0,0
2026-10-04T14:05:17Z,redis-cart,kubernetes,0,0,0,0,0,0,0
2026-10-04T14:05:17Z,redis-cart,paymentservice,0,0,0,0,0,0,0
2026-10-04T14:05:17Z,redis-cart,productcatalogservice,0,0,0,0,0,0,0
2026-10-04T14:05:17Z,redis-cart,recommendationservice,0,0,0,0,0,0,0
2026-10-04T14:05:17Z,redis-cart,redis-cart,0,0,0,0,0,0,0
2026-10-04T14:05:17Z,redis-cart,shippingservice,0,0,0,0,0,0,0
2026-10-04T14:05:17Z,shippingservice,adservice,0,0,0,0,0,0,0
2026-10-04T14:05:17Z,shippingservice,cartservice,0,0,0,0,0,0,0
2026-10-04T14:05:17Z,shippingservice,checkoutservice,0,0,0,0,0,0,0
2026-10-04T14:05:17Z,shippingservice,currencyservice,0,0,0,0,0,0,0
2026-10-04T14:05:17Z,shippingservice,emailservice,0,0,0,0,0,0,0
2026-10-04T14:05:17Z,shippingservice,frontend,0,0,0,0,0,0,0
2026-10-04T14:05:17Z,shippingservice,kubernetes,0,0,0,0,0,0,0
2026-10-04T14:05:17Z,shippingservice,paymentservice,0,0,0,0,0,0,0
2026-10-04T14:05:17Z,shippingservice,productcatalogservice,0,0,0,0,0,0,0
2026-10-04T14:05:17Z,shippingservice,recommendationservice,0,0,0,0,0,0,0
2026-10-04T14:05:17Z,shippingservice,redis-cart,0,0,0,0,0,0,0
2026-10-04T14:05:17Z,shippingservice,shippingservice,0,0,0,0,0,0,0
2026-10-04T14:05:18Z,adservice,adservice,0,0,0,0,0,0,0
2026-10-04T14:05:18Z,adservice,cartservice,0,0,0,0,0,0,0
2026-10-04T14:05:18Z,adservice,checkoutservice,0,0,0,0,0,0,0
2026-10-04T14:05:18Z,adservice,currencyservice,0,0,0,0,0,0,0
2026-10-04T14:05:18Z,adservice,emailservice,0,0,0,0,0,0,0
2026-10-04T14:05:18Z,adservice,frontend,0,0,0,0,0,0,0
2026-10-04T14:05:18Z,adservice,kubernetes,0,0,0,0,0,0,0
2026-10-04T14:05:18Z,adservice,paymentservice,0,0,0,0,0,0,0
2026-10-04T14:05:18Z,adservice,productcatalogservice,0,0,0,0,0,0,0
2026-10-04T14:05:18Z,adservice,recommendationservice,0,0,0,0,0,0,0
2026-10-04T14:05:18Z,adservice,redis-cart,0,0,0,0,0,0,0
2026-10-04T14:05:18Z,adservice,shippingservice,0,0,0,0,0,0,0
2026-10-04T14:05:18Z,cartservice,adservice,0,0,0,0,0,0,0
2026-10-04T14:05:18Z,cartservice,cartservice,0,0,0,0,0,0,0
2026-10-04T14:05:18Z,cartservice,checkoutservice,0,0,0,0,0,0,0
2026-10-04T14:05:18Z,cartservice,currencyservice,0,0,0,0,0,0,0
2026-10-04T14:05:18Z,cartservice,emailservice,0,0,0,0,0,0,0
2026-10-04T14:05:18Z,cartservice,frontend,0,0,0,0,0,0,0
2026-10-04T14:05:18Z,cartservice,kubernetes,0,0,0,0,0,0,0
2026-10-04T14:05:18Z,cartservice,paymentservice,0,0,0,0,0,0,0
2026-10-04T14:05:18Z,cartservice,productcatalogservice,0,0,0,0,0,0,0
2026-10-04T14:05:18Z,cartservice,recommendationservice,0,0,0,0,0,0,0
2026-10-04T14:05:18Z,cartservice,redis-cart,2,0,0,0,0,0,0
2026-10-04T14:05:18Z,cartservice,shippingservice,0,0,0,0,0,0,0
2026-10-04T14:05:18Z,checkoutservice,adservice,0,0,0,0,0,0,0
2026-10-04T14:05:18Z,checkoutservice,cartservice,21083,20642,0,55,0,286261,20331
2026-10-04T14:05:18Z,checkoutservice,checkoutservice,0,0,0,0,0,0,0
2026-10-04T14:05:18Z,checkoutservice,currencyservice,15531,15531,0,0,0,237173,15256
2026-10-04T14:05:18Z,checkoutservice,emailservice,2412,2255,0,39,0,111930,2251
2026-10-04T14:05:18Z,checkoutservice,frontend,0,0,0,0,0,0,0
2026-10-04T14:05:18Z,checkoutservice,kubernetes,0,0,0,0,0,0,0
2026-10-04T14:05:18Z,checkoutservice,paymentservice,12411,11596,0,68,0,180130,11333
2026-10-04T14:05:18Z,checkoutservice,productcatalogservice,0,0,0,0,0,0,0
2026-10-04T14:05:18Z,checkoutservice,recommendationservice,0,0,0,0,0,0,0
2026-10-04T14:05:18Z,checkoutservice,redis-cart,0,0,0,0,0,0,0
2026-10-04T14:05:18Z,checkoutservice,shippingservice,23256,22263,0,74,0,215833,21876
2026-10-04T14:05:18Z,currencyservice,adservice,0,0,0,0,0,0,0
2026-10-04T14:05:18Z,currencyservice,cartservice,0,0,0,0,0,0,0
2026-10-04T14:05:18Z,currencyservice,checkoutservice,0,0,0,0,0,0,0
2026-10-04T14:05:18Z,currencyservice,currencyservice,0,0,0,0,0,0,0
2026-10-04T14:05:18Z,currencyservice,emailservice,0,0,0,0,0,0,0
2026-10-04T14:05:18Z,currencyservice,frontend,0,0,0,0,0,0,0
2026-10-04T14:05:18Z,currencyservice,kubernetes,0,0,0,0,0,0,0
2026-10-04T14:05:18Z,currencyservice,paymentservice,0,0,0,0,0,0,0
2026-10-04T14:05:18Z,currencyservice,productcatalogservice,0,0,0,0,0,0,0
2026-10-04T14:05:18Z,currencyservice,recommendationservice,0,0,0,0,0,0,0
2026-10-04T14:05:18Z,currencyservice,redis-cart,0,0,0,0,0,0,0
2026-10-04T14:05:18Z,currencyservice,shippingservice,0,0,0,0,0,0,0
2026-10-04T14:05:18Z,emailservice,adservice,0,0,0,0,0,0,0
2026-10-04T14:05:18Z,emailservice,cartservice,0,0,0,0,0,0,0
2026-10-04T14:05:18Z,emailservice,checkoutservice,0,0,0,0,0,0,0
2026-10-04T14:05:18Z,emailservice,currencyservice,0,0,0,0,0,0,0
2026-10-04T14:05:18Z,emailservice,emailservice,0,0,0,0,0,0,0
2026-10-04T14:05:18Z,emailservice,frontend,0,0,0,0,0,0,0
2026-10-04T14:05:18Z,emailservice,kubernetes,0,0,0,0,0,0,0
2026-10-04T14:05:18Z,emailservice,paymentservice,0,0,0,0,0,0,0
2026-10-04T14:05:18Z,emailservice,productcatalogservice,0,0,0,0,0,0,0
2026-10-04T14:05:18Z,emailservice,recommendationservice,0,0,0,0,0,0,0
2026-10-04T14:05:18Z,emailservice,redis-cart,0,0,0,0,0,0,0
2026-10-04T14:05:18Z,emailservice,shippingservice,0,0,0,0,0,0,0
2026-10-04T14:05:18Z,frontend,adservice,799894,799892,0,0,0,2411966,799598
2026-10-04T14:05:18Z,frontend,cartservice,1775633,1775619,0,0,4,9882825,1775065
2026-10-04T14:05:18Z,frontend,checkoutservice,372584,177948,0,36908,157537,58512621,177913
2026-10-04T14:05:18Z,frontend,currencyservice,2823488,2823477,0,0,0,14991409,2822590
2026-10-04T14:05:18Z,frontend,emailservice,0,0,0,0,0,0,0
2026-10-04T14:05:18Z,frontend,frontend,0,0,0,0,0,0,0
2026-10-04T14:05:18Z,frontend,kubernetes,0,0,0,0,0,0,0
2026-10-04T14:05:18Z,frontend,paymentservice,0,0,0,0,0,0,0
2026-10-04T14:05:18Z,frontend,productcatalogservice,7925084,7924997,0,0,0,54108253,7922107
2026-10-04T14:05:18Z,frontend,recommendationservice,2566831,1567460,0,104145,892890,774742241,1566966
2026-10-04T14:05:18Z,frontend,redis-cart,0,0,0,0,0,0,0
2026-10-04T14:05:18Z,frontend,shippingservice,293396,293393,0,0,0,889724,293262
2026-10-04T14:05:18Z,paymentservice,adservice,0,0,0,0,0,0,0
2026-10-04T14:05:18Z,paymentservice,cartservice,0,0,0,0,0,0,0
2026-10-04T14:05:18Z,paymentservice,checkoutservice,0,0,0,0,0,0,0
2026-10-04T14:05:18Z,paymentservice,currencyservice,0,0,0,0,0,0,0
2026-10-04T14:05:18Z,paymentservice,emailservice,0,0,0,0,0,0,0
2026-10-04T14:05:18Z,paymentservice,frontend,0,0,0,0,0,0,0
2026-10-04T14:05:18Z,paymentservice,kubernetes,0,0,0,0,0,0,0
2026-10-04T14:05:18Z,paymentservice,paymentservice,0,0,0,0,0,0,0
2026-10-04T14:05:18Z,paymentservice,productcatalogservice,0,0,0,0,0,0,0
2026-10-04T14:05:18Z,paymentservice,recommendationservice,0,0,0,0,0,0,0
2026-10-04T14:05:18Z,paymentservice,redis-cart,0,0,0,0,0,0,0
2026-10-04T14:05:18Z,paymentservice,shippingservice,0,0,0,0,0,0,0
2026-10-04T14:05:18Z,productcatalogservice,adservice,0,0,0,0,0,0,0
2026-10-04T14:05:18Z,productcatalogservice,cartservice,0,0,0,0,0,0,0
2026-10-04T14:05:18Z,productcatalogservice,checkoutservice,0,0,0,0,0,0,0
2026-10-04T14:05:18Z,productcatalogservice,currencyservice,0,0,0,0,0,0,0
2026-10-04T14:05:18Z,productcatalogservice,emailservice,0,0,0,0,0,0,0
2026-10-04T14:05:18Z,productcatalogservice,frontend,0,0,0,0,0,0,0
2026-10-04T14:05:18Z,productcatalogservice,kubernetes,0,0,0,0,0,0,0
2026-10-04T14:05:18Z,productcatalogservice,paymentservice,0,0,0,0,0,0,0
2026-10-04T14:05:18Z,productcatalogservice,productcatalogservice,0,0,0,0,0,0,0
2026-10-04T14:05:18Z,productcatalogservice,recommendationservice,0,0,0,0,0,0,0
2026-10-04T14:05:18Z,productcatalogservice,redis-cart,0,0,0,0,0,0,0
2026-10-04T14:05:18Z,productcatalogservice,shippingservice,0,0,0,0,0,0,0
2026-10-04T14:05:18Z,recommendationservice,adservice,0,0,0,0,0,0,0
2026-10-04T14:05:18Z,recommendationservice,cartservice,0,0,0,0,0,0,0
2026-10-04T14:05:18Z,recommendationservice,checkoutservice,0,0,0,0,0,0,0
2026-10-04T14:05:18Z,recommendationservice,currencyservice,0,0,0,0,0,0,0
2026-10-04T14:05:18Z,recommendationservice,emailservice,0,0,0,0,0,0,0
2026-10-04T14:05:18Z,recommendationservice,frontend,0,0,0,0,0,0,0
2026-10-04T14:05:18Z,recommendationservice,kubernetes,0,0,0,0,0,0,0
2026-10-04T14:05:18Z,recommendationservice,paymentservice,0,0,0,0,0,0,0
2026-10-04T14:05:18Z,recommendationservice,productcatalogservice,42598,42588,0,0,0,329147,41163
2026-10-04T14:05:18Z,recommendationservice,recommendationservice,0,0,0,0,0,0,0
2026-10-04T14:05:18Z,recommendationservice,redis-cart,0,0,0,0,0,0,0
2026-10-04T14:05:18Z,recommendationservice,shippingservice,0,0,0,0,0,0,0
2026-10-04T14:05:18Z,redis-cart,adservice,0,0,0,0,0,0,0
2026-10-04T14:05:18Z,redis-cart,cartservice,0,0,0,0,0,0,0
2026-10-04T14:05:18Z,redis-cart,checkoutservice,0,0,0,0,0,0,0
2026-10-04T14:05:18Z,redis-cart,currencyservice,0,0,0,0,0,0,0
2026-10-04T14:05:18Z,redis-cart,emailservice,0,0,0,0,0,0,0
2026-10-04T14:05:18Z,redis-cart,frontend,0,0,0,0,0,0,0
2026-10-04T14:05:18Z,redis-cart,kubernetes,0,0,0,0,0,0,0
2026-10-04T14:05:18Z,redis-cart,paymentservice,0,0,0,0,0,0,0
2026-10-04T14:05:18Z,redis-cart,productcatalogservice,0,0,0,0,0,0,0
2026-10-04T14:05:18Z,redis-cart,recommendationservice,0,0,0,0,0,0,0
2026-10-04T14:05:18Z,redis-cart,redis-cart,0,0,0,0,0,0,0
2026-10-04T14:05:18Z,redis-cart,shippingservice,0,0,0,0,0,0,0
2026-10-04T14:05:18Z,shippingservice,adservice,0,0,0,0,0,0,0
2026-10-04T14:05:18Z,shippingservice,cartservice,0,0,0,0,0,0,0
2026-10-04T14:05:18Z,shippingservice,checkoutservice,0,0,0,0,0,0,0
2026-10-04T14:05:18Z,shippingservice,currencyservice,0,0,0,0,0,0,0
2026-10-04T14:05:18Z,shippingservice,emailservice,0,0,0,0,0,0,0
2026-10-04T14:05:18Z,shippingservice,frontend,0,0,0,0,0,0,0
2026-10-04T14:05:18Z,shippingservice,kubernetes,0,0,0,0,0,0,0
2026-10-04T14:05:18Z,shippingservice,paymentservice,0,0,0,0,0,0,0
2026-10-04T14:05:18Z,shippingservice,productcatalogservice,0,0,0,0,0,0,0
2026-10-04T14:05:18Z,shippingservice,recommendationservice,0,0,0,0,0,0,0
2026-10-04T14:05:18Z,shippingservice,redis-cart,0,0,0,0,0,0,0
2026-10-04T14:05:18Z,shippingservice,shippingservice,0,0,0,0,0,0,0
2026-10-04T14:05:19Z,adservice,adservice,0,0,0,0,0,0,0
2026-10-04T14:05:19Z,adservice,cartservice,0,0,0,0,0,0,0
2026-10-04T14:05:19Z,adservice,checkoutservice,0,0,0,0,0,0,0
2026-10-04T14:05:19Z,adservice,currencyservice,0,0,0,0,0,0,0
2026-10-04T14:05:19Z,adservice,emailservice,0,0,0,0,0,0,0
2026-10-04T14:05:19Z,adservice,frontend,0,0,0,0,0,0,0
2026-10-04T14:05:19Z,adservice,kubernetes,0,0,0,0,0,0,0
2026-10-04T14:05:19Z,adservice,paymentservice,0,0,0,0,0,0,0
2026-10-04T14:05:19Z,adservice,productcatalogservice,0,0,0,0,0,0,0
2026-10-04T14:05:19Z,adservice,recommendationservice,0,0,0,0,0,0,0
2026-10-04T14:05:19Z,adservice,redis-cart,0,0,0,0,0,0,0
2026-10-04T14:05:19Z,adservice,shippingservice,0,0,0,0,0,0,0
2026-10-04T14:05:19Z,cartservice,adservice,0,0,0,0,0,0,0
2026-10-04T14:05:19Z,cartservice,cartservice,0,0,0,0,0,0,0
2026-10-04T14:05:19Z,cartservice,checkoutservice,0,0,0,0,0,0,0
2026-10-04T14:05:19Z,cartservice,currencyservice,0,0,0,0,0,0,0
2026-10-04T14:05:19Z,cartservice,emailservice,0,0,0,0,0,0,0
2026-10-04T14:05:19Z,cartservice,frontend,0,0,0,0,0,0,0
2026-10-04T14:05:19Z,cartservice,kubernetes,0,0,0,0,0,0,0
2026-10-04T14:05:19Z,cartservice,paymentservice,0,0,0,0,0,0,0
2026-10-04T14:05:19Z,cartservice,productcatalogservice,0,0,0,0,0,0,0
2026-10-04T14:05:19Z,cartservice,recommendationservice,0,0,0,0,0,0,0
2026-10-04T14:05:19Z,cartservice,redis-cart,2,0,0,0,0,0,0
2026-10-04T14:05:19Z,cartservice,shippingservice,0,0,0,0,0,0,0
2026-10-04T14:05:19Z,checkoutservice,adservice,0,0,0,0,0,0,0
2026-10-04T14:05:19Z,checkoutservice,cartservice,21265,20828,0,55,0,286261,20331
2026-10-04T14:05:19Z,checkoutservice,checkoutservice,0,0,0,0,0,0,0
2026-10-04T14:05:19Z,checkoutservice,currencyservice,15719,15715,0,0,0,237173,15256
2026-10-04T14:05:19Z,checkoutservice,emailservice,2417,2257,0,39,0,111930,2251
2026-10-04T14:05:19Z,checkoutservice,frontend,0,0,0,0,0,0,0
2026-10-04T14:05:19Z,checkoutservice,kubernetes,0,0,0,0,0,0,0
2026-10-04T14:05:19Z,checkoutservice,paymentservice,12590,11770,0,68,0,180130,11333
2026-10-04T14:05:19Z,checkoutservice,productcatalogservice,0,0,0,0,0,0,0
2026-10-04T14:05:19Z,checkoutservice,recommendationservice,0,0,0,0,0,0,0
2026-10-04T14:05:19Z,checkoutservice,redis-cart,0,0,0,0,0,0,0
2026-10-04T14:05:19Z,checkoutservice,shippingservice,23548,22524,0,78,0,215833,21876
2026-10-04T14:05:19Z,currencyservice,adservice,0,0,0,0,0,0,0
2026-10-04T14:05:19Z,currencyservice,cartservice,0,0,0,0,0,0,0
2026-10-04T14:05:19Z,currencyservice,checkoutservice,0,0,0,0,0,0,0
2026-10-04T14:05:19Z,currencyservice,currencyservice,0,0,0,0,0,0,0
2026-10-04T14:05:19Z,currencyservice,emailservice,0,0,0,0,0,0,0
2026-10-04T14:05:19Z,currencyservice,frontend,0,0,0,0,0,0,0
2026-10-04T14:05:19Z,currencyservice,kubernetes,0,0,0,0,0,0,0
2026-10-04T14:05:19Z,currencyservice,paymentservice,0,0,0,0,0,0,0
2026-10-04T14:05:19Z,currencyservice,productcatalogservice,0,0,0,0,0,0,0
2026-10-04T14:05:19Z,currencyservice,recommendationservice,0,0,0,0,0,0,0
2026-10-04T14:05:19Z,currencyservice,redis-cart,0,0,0,0,0,0,0
2026-10-04T14:05:19Z,currencyservice,shippingservice,0,0,0,0,0,0,0
2026-10-04T14:05:19Z,emailservice,adservice,0,0,0,0,0,0,0
2026-10-04T14:05:19Z,emailservice,cartservice,0,0,0,0,0,0,0
2026-10-04T14:05:19Z,emailservice,checkoutservice,0,0,0,0,0,0,0
2026-10-04T14:05:19Z,emailservice,currencyservice,0,0,0,0,0,0,0
2026-10-04T14:05:19Z,emailservice,emailservice,0,0,0,0,0,0,0
2026-10-04T14:05:19Z,emailservice,frontend,0,0,0,0,0,0,0
2026-10-04T14:05:19Z,emailservice,kubernetes,0,0,0,0,0,0,0
2026-10-04T14:05:19Z,emailservice,paymentservice,0,0,0,0,0,0,0
2026-10-04T14:05:19Z,emailservice,productcatalogservice,0,0,0,0,0,0,0
2026-10-04T14:05:19Z,emailservice,recommendationservice,0,0,0,0,0,0,0
2026-10-04T14:05:19Z,emailservice,redis-cart,0,0,0,0,0,0,0
2026-10-04T14:05:19Z,emailservice,shippingservice,0,0,0,0,0,0,0
2026-10-04T14:05:19Z,frontend,adservice,800153,800148,0,0,0,2412895,799916
2026-10-04T14:05:19Z,frontend,cartservice,1776087,1776075,0,0,4,9886555,1775633
2026-10-04T14:05:19Z,frontend,checkoutservice,372768,177970,0,36943,157670,58553256,177943
2026-10-04T14:05:19Z,frontend,currencyservice,2824207,2824196,0,0,0,14996915,2823506
2026-10-04T14:05:19Z,frontend,emailservice,0,0,0,0,0,0,0
2026-10-04T14:05:19Z,frontend,frontend,0,0,0,0,0,0,0
2026-10-04T14:05:19Z,frontend,kubernetes,0,0,0,0,0,0,0
2026-10-04T14:05:19Z,frontend,paymentservice,0,0,0,0,0,0,0
2026-10-04T14:05:19Z,frontend,productcatalogservice,7927530,7927434,0,0,0,54140123,7925124
2026-10-04T14:05:19Z,frontend,recommendationservice,2567250,1567881,0,104145,892890,774904066,1567479
2026-10-04T14:05:19Z,frontend,redis-cart,0,0,0,0,0,0,0
2026-10-04T14:05:19Z,frontend,shippingservice,293494,293492,0,0,0,890274,293392
2026-10-04T14:05:19Z,paymentservice,adservice,0,0,0,0,0,0,0
2026-10-04T14:05:19Z,paymentservice,cartservice,0,0,0,0,0,0,0
2026-10-04T14:05:19Z,paymentservice,checkoutservice,0,0,0,0,0,0,0
2026-10-04T14:05:19Z,paymentservice,currencyservice,0,0,0,0,0,0,0
2026-10-04T14:05:19Z,paymentservice,emailservice,0,0,0,0,0,0,0
2026-10-04T14:05:19Z,paymentservice,frontend,0,0,0,0,0,0,0
2026-10-04T14:05:19Z,paymentservice,kubernetes,0,0,0,0,0,0,0
2026-10-04T14:05:19Z,paymentservice,paymentservice,0,0,0,0,0,0,0
2026-10-04T14:05:19Z,paymentservice,productcatalogservice,0,0,0,0,0,0,0
2026-10-04T14:05:19Z,paymentservice,recommendationservice,0,0,0,0,0,0,0
2026-10-04T14:05:19Z,paymentservice,redis-cart,0,0,0,0,0,0,0
2026-10-04T14:05:19Z,paymentservice,shippingservice,0,0,0,0,0,0,0
2026-10-04T14:05:19Z,productcatalogservice,adservice,0,0,0,0,0,0,0
2026-10-04T14:05:19Z,productcatalogservice,cartservice,0,0,0,0,0,0,0
2026-10-04T14:05:19Z,productcatalogservice,checkoutservice,0,0,0,0,0,0,0
2026-10-04T14:05:19Z,productcatalogservice,currencyservice,0,0,0,0,0,0,0
2026-10-04T14:05:19Z,productcatalogservice,emailservice,0,0,0,0,0,0,0
2026-10-04T14:05:19Z,productcatalogservice,frontend,0,0,0,0,0,0,0
2026-10-04T14:05:19Z,productcatalogservice,kubernetes,0,0,0,0,0,0,0
2026-10-04T14:05:19Z,productcatalogservice,paymentservice,0,0,0,0,0,0,0
2026-10-04T14:05:19Z,productcatalogservice,productcatalogservice,0,0,0,0,0,0,0
2026-10-04T14:05:19Z,productcatalogservice,recommendationservice,0,0,0,0,0,0,0
2026-10-04T14:05:19Z,productcatalogservice,redis-cart,0,0,0,0,0,0,0
2026-10-04T14:05:19Z,productcatalogservice,shippingservice,0,0,0,0,0,0,0
2026-10-04T14:05:19Z,recommendationservice,adservice,0,0,0,0,0,0,0
2026-10-04T14:05:19Z,recommendationservice,cartservice,0,0,0,0,0,0,0
2026-10-04T14:05:19Z,recommendationservice,checkoutservice,0,0,0,0,0,0,0
2026-10-04T14:05:19Z,recommendationservice,currencyservice,0,0,0,0,0,0,0
2026-10-04T14:05:19Z,recommendationservice,emailservice,0,0,0,0,0,0,0
2026-10-04T14:05:19Z,recommendationservice,frontend,0,0,0,0,0,0,0
2026-10-04T14:05:19Z,recommendationservice,kubernetes,0,0,0,0,0,0,0
2026-10-04T14:05:19Z,recommendationservice,paymentservice,0,0,0,0,0,0,0
2026-10-04T14:05:19Z,recommendationservice,productcatalogservice,43012,43002,0,0,0,329147,41163
2026-10-04T14:05:19Z,recommendationservice,recommendationservice,0,0,0,0,0,0,0
2026-10-04T14:05:19Z,recommendationservice,redis-cart,0,0,0,0,0,0,0
2026-10-04T14:05:19Z,recommendationservice,shippingservice,0,0,0,0,0,0,0
2026-10-04T14:05:19Z,redis-cart,adservice,0,0,0,0,0,0,0
2026-10-04T14:05:19Z,redis-cart,cartservice,0,0,0,0,0,0,0
2026-10-04T14:05:19Z,redis-cart,checkoutservice,0,0,0,0,0,0,0
2026-10-04T14:05:19Z,redis-cart,currencyservice,0,0,0,0,0,0,0
2026-10-04T14:05:19Z,redis-cart,emailservice,0,0,0,0,0,0,0
2026-10-04T14:05:19Z,redis-cart,frontend,0,0,0,0,0,0,0
2026-10-04T14:05:19Z,redis-cart,kubernetes,0,0,0,0,0,0,0
2026-10-04T14:05:19Z,redis-cart,paymentservice,0,0,0,0,0,0,0
2026-10-04T14:05:19Z,redis-cart,productcatalogservice,0,0,0,0,0,0,0
2026-10-04T14:05:19Z,redis-cart,recommendationservice,0,0,0,0,0,0,0
2026-10-04T14:05:19Z,redis-cart,redis-cart,0,0,0,0,0,0,0
2026-10-04T14:05:19Z,redis-cart,shippingservice,0,0,0,0,0,0,0
2026-10-04T14:05:19Z,shippingservice,adservice,0,0,0,0,0,0,0
2026-10-04T14:05:19Z,shippingservice,cartservice,0,0,0,0,0,0,0
2026-10-04T14:05:19Z,shippingservice,checkoutservice,0,0,0,0,0,0,0
2026-10-04T14:05:19Z,shippingservice,currencyservice,0,0,0,0,0,0,0
2026-10-04T14:05:19Z,shippingservice,emailservice,0,0,0,0,0,0,0
2026-10-04T14:05:19Z,shippingservice,frontend,0,0,0,0,0,0,0
2026-10-04T14:05:19Z,shippingservice,kubernetes,0,0,0,0,0,0,0
2026-10-04T14:05:19Z,shippingservice,paymentservice,0,0,0,0,0,0,0
2026-10-04T14:05:19Z,shippingservice,productcatalogservice,0,0,0,0,0,0,0
2026-10-04T14:05:19Z,shippingservice,recommendationservice,0,0,0,0,0,0,0
2026-10-04T14:05:19Z,shippingservice,redis-cart,0,0,0,0,0,0,0
2026-10-04T14:05:19Z,shippingservice,shippingservice,0,0,0,0,0,0,0
2026-10-04T14:05:20Z,adservice,adservice,0,0,0,0,0,0,0
2026-10-04T14:05:20Z,adservice,cartservice,0,0,0,0,0,0,0
2026-10-04T14:05:20Z,adservice,checkoutservice,0,0,0,0,0,0,0
2026-10-04T14:05:20Z,adservice,currencyservice,0,0,0,0,0,0,0
2026-10-04T14:05:20Z,adservice,emailservice,0,0,0,0,0,0,0
2026-10-04T14:05:20Z,adservice,frontend,0,0,0,0,0,0,0
2026-10-04T14:05:20Z,adservice,kubernetes,0,0,0,0,0,0,0
2026-10-04T14:05:20Z,adservice,paymentservice,0,0,0,0,0,0,0
2026-10-04T14:05:20Z,adservice,productcatalogservice,0,0,0,0,0,0,0
2026-10-04T14:05:20Z,adservice,recommendationservice,0,0,0,0,0,0,0
2026-10-04T14:05:20Z,adservice,redis-cart,0,0,0,0,0,0,0
2026-10-04T14:05:20Z,adservice,shippingservice,0,0,0,0,0,0,0
2026-10-04T14:05:20Z,cartservice,adservice,0,0,0,0,0,0,0
2026-10-04T14:05:20Z,cartservice,cartservice,0,0,0,0,0,0,0
2026-10-04T14:05:20Z,cartservice,checkoutservice,0,0,0,0,0,0,0
2026-10-04T14:05:20Z,cartservice,currencyservice,0,0,0,0,0,0,0
2026-10-04T14:05:20Z,cartservice,emailservice,0,0,0,0,0,0,0
2026-10-04T14:05:20Z,cartservice,frontend,0,0,0,0,0,0,0
2026-10-04T14:05:20Z,cartservice,kubernetes,0,0,0,0,0,0,0
2026-10-04T14:05:20Z,cartservice,paymentservice,0,0,0,0,0,0,0
2026-10-04T14:05:20Z,cartservice,productcatalogservice,0,0,0,0,0,0,0
2026-10-04T14:05:20Z,cartservice,recommendationservice,0,0,0,0,0,0,0
2026-10-04T14:05:20Z,cartservice,redis-cart,2,0,0,0,0,0,0
2026-10-04T14:05:20Z,cartservice,shippingservice,0,0,0,0,0,0,0
2026-10-04T14:05:20Z,checkoutservice,adservice,0,0,0,0,0,0,0
2026-10-04T14:05:20Z,checkoutservice,cartservice,21495,21043,0,56,0,286261,20331
2026-10-04T14:05:20Z,checkoutservice,checkoutservice,0,0,0,0,0,0,0
2026-10-04T14:05:20Z,checkoutservice,currencyservice,15894,15890,0,0,0,237173,15256
2026-10-04T14:05:20Z,checkoutservice,emailservice,2422,2260,0,40,0,111930,2251
2026-10-04T14:05:20Z,checkoutservice,frontend,0,0,0,0,0,0,0
2026-10-04T14:05:20Z,checkoutservice,kubernetes,0,0,0,0,0,0,0
2026-10-04T14:05:20Z,checkoutservice,paymentservice,12757,11928,0,70,0,180130,11333
2026-10-04T14:05:20Z,checkoutservice,productcatalogservice,0,0,0,0,0,0,0
2026-10-04T14:05:20Z,checkoutservice,recommendationservice,0,0,0,0,0,0,0
2026-10-04T14:05:20Z,checkoutservice,redis-cart,0,0,0,0,0,0,0
2026-10-04T14:05:20Z,checkoutservice,shippingservice,23835,22788,0,79,0,215833,21876
2026-10-04T14:05:20Z,currencyservice,adservice,0,0,0,0,0,0,0
2026-10-04T14:05:20Z,currencyservice,cartservice,0,0,0,0,0,0,0
2026-10-04T14:05:20Z,currencyservice,checkoutservice,0,0,0,0,0,0,0
2026-10-04T14:05:20Z,currencyservice,currencyservice,0,0,0,0,0,0,0
2026-10-04T14:05:20Z,currencyservice,emailservice,0,0,0,0,0,0,0
2026-10-04T14:05:20Z,currencyservice,frontend,0,0,0,0,0,0,0
2026-10-04T14:05:20Z,currencyservice,kubernetes,0,0,0,0,0,0,0
2026-10-04T14:05:20Z,currencyservice,paymentservice,0,0,0,0,0,0,0
2026-10-04T14:05:20Z,currencyservice,productcatalogservice,0,0,0,0,0,0,0
2026-10-04T14:05:20Z,currencyservice,recommendationservice,0,0,0,0,0,0,0
2026-10-04T14:05:20Z,currencyservice,redis-cart,0,0,0,0,0,0,0
2026-10-04T14:05:20Z,currencyservice,shippingservice,0,0,0,0,0,0,0
2026-10-04T14:05:20Z,emailservice,adservice,0,0,0,0,0,0,0
2026-10-04T14:05:20Z,emailservice,cartservice,0,0,0,0,0,0,0
2026-10-04T14:05:20Z,emailservice,checkoutservice,0,0,0,0,0,0,0
2026-10-04T14:05:20Z,emailservice,currencyservice,0,0,0,0,0,0,0
2026-10-04T14:05:20Z,emailservice,emailservice,0,0,0,0,0,0,0
2026-10-04T14:05:20Z,emailservice,frontend,0,0,0,0,0,0,0
2026-10-04T14:05:20Z,emailservice,kubernetes,0,0,0,0,0,0,0
2026-10-04T14:05:20Z,emailservice,paymentservice,0,0,0,0,0,0,0
2026-10-04T14:05:20Z,emailservice,productcatalogservice,0,0,0,0,0,0,0
2026-10-04T14:05:20Z,emailservice,recommendationservice,0,0,0,0,0,0,0
2026-10-04T14:05:20Z,emailservice,redis-cart,0,0,0,0,0,0,0
2026-10-04T14:05:20Z,emailservice,shippingservice,0,0,0,0,0,0,0
2026-10-04T14:05:20Z,frontend,adservice,800450,800448,0,0,0,2412895,799916
2026-10-04T14:05:20Z,frontend,cartservice,1776575,1776560,0,0,4,9886555,1775633
2026-10-04T14:05:20Z,frontend,checkoutservice,372957,177991,0,36978,157808,58553256,177943
2026-10-04T14:05:20Z,frontend,currencyservice,2824992,2824974,0,0,0,14996915,2823506
2026-10-04T14:05:20Z,frontend,emailservice,0,0,0,0,0,0,0
2026-10-04T14:05:20Z,frontend,frontend,0,0,0,0,0,0,0
2026-10-04T14:05:20Z,frontend,kubernetes,0,0,0,0,0,0,0
2026-10-04T14:05:20Z,frontend,paymentservice,0,0,0,0,0,0,0
2026-10-04T14:05:20Z,frontend,productcatalogservice,7930122,7930032,0,0,0,54140123,7925124
2026-10-04T14:05:20Z,frontend,recommendationservice,2567689,1568320,0,104145,892890,774904066,1567479
2026-10-04T14:05:20Z,frontend,redis-cart,0,0,0,0,0,0,0
2026-10-04T14:05:20Z,frontend,shippingservice,293593,293591,0,0,0,890274,293392
2026-10-04T14:05:20Z,paymentservice,adservice,0,0,0,0,0,0,0
2026-10-04T14:05:20Z,paymentservice,cartservice,0,0,0,0,0,0,0
2026-10-04T14:05:20Z,paymentservice,checkoutservice,0,0,0,0,0,0,0
2026-10-04T14:05:20Z,paymentservice,currencyservice,0,0,0,0,0,0,0
2026-10-04T14:05:20Z,paymentservice,emailservice,0,0,0,0,0,0,0
2026-10-04T14:05:20Z,paymentservice,frontend,0,0,0,0,0,0,0
2026-10-04T14:05:20Z,paymentservice,kubernetes,0,0,0,0,0,0,0
2026-10-04T14:05:20Z,paymentservice,paymentservice,0,0,0,0,0,0,0
2026-10-04T14:05:20Z,paymentservice,productcatalogservice,0,0,0,0,0,0,0
2026-10-04T14:05:20Z,paymentservice,recommendationservice,0,0,0,0,0,0,0
2026-10-04T14:05:20Z,paymentservice,redis-cart,0,0,0,0,0,0,0
2026-10-04T14:05:20Z,paymentservice,shippingservice,0,0,0,0,0,0,0
2026-10-04T14:05:20Z,productcatalogservice,adservice,0,0,0,0,0,0,0
2026-10-04T14:05:20Z,productcatalogservice,cartservice,0,0,0,0,0,0,0
2026-10-04T14:05:20Z,productcatalogservice,checkoutservice,0,0,0,0,0,0,0
2026-10-04T14:05:20Z,productcatalogservice,currencyservice,0,0,0,0,0,0,0
2026-10-04T14:05:20Z,productcatalogservice,emailservice,0,0,0,0,0,0,0
2026-10-04T14:05:20Z,productcatalogservice,frontend,0,0,0,0,0,0,0
2026-10-04T14:05:20Z,productcatalogservice,kubernetes,0,0,0,0,0,0,0
2026-10-04T14:05:20Z,productcatalogservice,paymentservice,0,0,0,0,0,0,0
2026-10-04T14:05:20Z,productcatalogservice,productcatalogservice,0,0,0,0,0,0,0
2026-10-04T14:05:20Z,productcatalogservice,recommendationservice,0,0,0,0,0,0,0
2026-10-04T14:05:20Z,productcatalogservice,redis-cart,0,0,0,0,0,0,0
2026-10-04T14:05:20Z,productcatalogservice,shippingservice,0,0,0,0,0,0,0
2026-10-04T14:05:20Z,recommendationservice,adservice,0,0,0,0,0,0,0
2026-10-04T14:05:20Z,recommendationservice,cartservice,0,0,0,0,0,0,0
2026-10-04T14:05:20Z,recommendationservice,checkoutservice,0,0,0,0,0,0,0
2026-10-04T14:05:20Z,recommendationservice,currencyservice,0,0,0,0,0,0,0
2026-10-04T14:05:20Z,recommendationservice,emailservice,0,0,0,0,0,0,0
2026-10-04T14:05:20Z,recommendationservice,frontend,0,0,0,0,0,0,0
2026-10-04T14:05:20Z,recommendationservice,kubernetes,0,0,0,0,0,0,0
2026-10-04T14:05:20Z,recommendationservice,paymentservice,0,0,0,0,0,0,0
2026-10-04T14:05:20Z,recommendationservice,productcatalogservice,43454,43448,0,0,0,350550,43291
2026-10-04T14:05:20Z,recommendationservice,recommendationservice,0,0,0,0,0,0,0
2026-10-04T14:05:20Z,recommendationservice,redis-cart,0,0,0,0,0,0,0
2026-10-04T14:05:20Z,recommendationservice,shippingservice,0,0,0,0,0,0,0
2026-10-04T14:05:20Z,redis-cart,adservice,0,0,0,0,0,0,0
2026-10-04T14:05:20Z,redis-cart,cartservice,0,0,0,0,0,0,0
2026-10-04T14:05:20Z,redis-cart,checkoutservice,0,0,0,0,0,0,0
2026-10-04T14:05:20Z,redis-cart,currencyservice,0,0,0,0,0,0,0
2026-10-04T14:05:20Z,redis-cart,emailservice,0,0,0,0,0,0,0
2026-10-04T14:05:20Z,redis-cart,frontend,0,0,0,0,0,0,0
2026-10-04T14:05:20Z,redis-cart,kubernetes,0,0,0,0,0,0,0
2026-10-04T14:05:20Z,redis-cart,paymentservice,0,0,0,0,0,0,0
2026-10-04T14:05:20Z,redis-cart,productcatalogservice,0,0,0,0,0,0,0
2026-10-04T14:05:20Z,redis-cart,recommendationservice,0,0,0,0,0,0,0
2026-10-04T14:05:20Z,redis-cart,redis-cart,0,0,0,0,0,0,0
2026-10-04T14:05:20Z,redis-cart,shippingservice,0,0,0,0,0,0,0
2026-10-04T14:05:20Z,shippingservice,adservice,0,0,0,0,0,0,0
2026-10-04T14:05:20Z,shippingservice,cartservice,0,0,0,0,0,0,0
2026-10-04T14:05:20Z,shippingservice,checkoutservice,0,0,0,0,0,0,0
2026-10-04T14:05:20Z,shippingservice,currencyservice,0,0,0,0,0,0,0
2026-10-04T14:05:20Z,shippingservice,emailservice,0,0,0,0,0,0,0
2026-10-04T14:05:20Z,shippingservice,frontend,0,0,0,0,0,0,0
2026-10-04T14:05:20Z,shippingservice,kubernetes,0,0,0,0,0,0,0
2026-10-04T14:05:20Z,shippingservice,paymentservice,0,0,0,0,0,0,0
2026-10-04T14:05:20Z,shippingservice,productcatalogservice,0,0,0,0,0,0,0
2026-10-04T14:05:20Z,shippingservice,recommendationservice,0,0,0,0,0,0,0
2026-10-04T14:05:20Z,shippingservice,redis-cart,0,0,0,0,0,0,0
2026-10-04T14:05:20Z,shippingservice,shippingservice,0,0,0,0,0,0,0
2026-10-04T14:05:21Z,adservice,adservice,0,0,0,0,0,0,0
2026-10-04T14:05:21Z,adservice,cartservice,0,0,0,0,0,0,0
2026-10-04T14:05:21Z,adservice,checkoutservice,0,0,0,0,0,0,0
2026-10-04T14:05:21Z,adservice,currencyservice,0,0,0,0,0,0,0
2026-10-04T14:05:21Z,adservice,emailservice,0,0,0,0,0,0,0
2026-10-04T14:05:21Z,adservice,frontend,0,0,0,0,0,0,0
2026-10-04T14:05:21Z,adservice,kubernetes,0,0,0,0,0,0,0
2026-10-04T14:05:21Z,adservice,paymentservice,0,0,0,0,0,0,0
2026-10-04T14:05:21Z,adservice,productcatalogservice,0,0,0,0,0,0,0
2026-10-04T14:05:21Z,adservice,recommendationservice,0,0,0,0,0,0,0
2026-10-04T14:05:21Z,adservice,redis-cart,0,0,0,0,0,0,0
2026-10-04T14:05:21Z,adservice,shippingservice,0,0,0,0,0,0,0
2026-10-04T14:05:21Z,cartservice,adservice,0,0,0,0,0,0,0
2026-10-04T14:05:21Z,cartservice,cartservice,0,0,0,0,0,0,0
2026-10-04T14:05:21Z,cartservice,checkoutservice,0,0,0,0,0,0,0
2026-10-04T14:05:21Z,cartservice,currencyservice,0,0,0,0,0,0,0
2026-10-04T14:05:21Z,cartservice,emailservice,0,0,0,0,0,0,0
2026-10-04T14:05:21Z,cartservice,frontend,0,0,0,0,0,0,0
2026-10-04T14:05:21Z,cartservice,kubernetes,0,0,0,0,0,0,0
2026-10-04T14:05:21Z,cartservice,paymentservice,0,0,0,0,0,0,0
2026-10-04T14:05:21Z,cartservice,productcatalogservice,0,0,0,0,0,0,0
2026-10-04T14:05:21Z,cartservice,recommendationservice,0,0,0,0,0,0,0
2026-10-04T14:05:21Z,cartservice,redis-cart,2,0,0,0,0,0,0
2026-10-04T14:05:21Z,cartservice,shippingservice,0,0,0,0,0,0,0
2026-10-04T14:05:21Z,checkoutservice,adservice,0,0,0,0,0,0,0
2026-10-04T14:05:21Z,checkoutservice,cartservice,21738,21278,0,56,0,286261,20331
2026-10-04T14:05:21Z,checkoutservice,checkoutservice,0,0,0,0,0,0,0
2026-10-04T14:05:21Z,checkoutservice,currencyservice,16085,16084,0,0,0,237173,15256
2026-10-04T14:05:21Z,checkoutservice,emailservice,2428,2261,0,40,0,111930,2251
2026-10-04T14:05:21Z,checkoutservice,frontend,0,0,0,0,0,0,0
2026-10-04T14:05:21Z,checkoutservice,kubernetes,0,0,0,0,0,0,0
2026-10-04T14:05:21Z,checkoutservice,paymentservice,12938,12111,0,71,0,180130,11333
2026-10-04T14:05:21Z,checkoutservice,productcatalogservice,0,0,0,0,0,0,0
2026-10-04T14:05:21Z,checkoutservice,recommendationservice,0,0,0,0,0,0,0
2026-10-04T14:05:21Z,checkoutservice,redis-cart,0,0,0,0,0,0,0
2026-10-04T14:05:21Z,checkoutservice,shippingservice,24143,23098,0,79,0,215833,21876
2026-10-04T14:05:21Z,currencyservice,adservice,0,0,0,0,0,0,0
2026-10-04T14:05:21Z,currencyservice,cartservice,0,0,0,0,0,0,0
2026-10-04T14:05:21Z,currencyservice,checkoutservice,0,0,0,0,0,0,0
2026-10-04T14:05:21Z,currencyservice,currencyservice,0,0,0,0,0,0,0
2026-10-04T14:05:21Z,currencyservice,emailservice,0,0,0,0,0,0,0
2026-10-04T14:05:21Z,currencyservice,frontend,0,0,0,0,0,0,0
2026-10-04T14:05:21Z,currencyservice,kubernetes,0,0,0,0,0,0,0
2026-10-04T14:05:21Z,currencyservice,paymentservice,0,0,0,0,0,0,0
2026-10-04T14:05:21Z,currencyservice,productcatalogservice,0,0,0,0,0,0,0
2026-10-04T14:05:21Z,currencyservice,recommendationservice,0,0,0,0,0,0,0
2026-10-04T14:05:21Z,currencyservice,redis-cart,0,0,0,0,0,0,0
2026-10-04T14:05:21Z,currencyservice,shippingservice,0,0,0,0,0,0,0
2026-10-04T14:05:21Z,emailservice,adservice,0,0,0,0,0,0,0
2026-10-04T14:05:21Z,emailservice,cartservice,0,0,0,0,0,0,0
2026-10-04T14:05:21Z,emailservice,checkoutservice,0,0,0,0,0,0,0
2026-10-04T14:05:21Z,emailservice,currencyservice,0,0,0,0,0,0,0
2026-10-04T14:05:21Z,emailservice,emailservice,0,0,0,0,0,0,0
2026-10-04T14:05:21Z,emailservice,frontend,0,0,0,0,0,0,0
2026-10-04T14:05:21Z,emailservice,kubernetes,0,0,0,0,0,0,0
2026-10-04T14:05:21Z,emailservice,paymentservice,0,0,0,0,0,0,0
2026-10-04T14:05:21Z,emailservice,productcatalogservice,0,0,0,0,0,0,0
2026-10-04T14:05:21Z,emailservice,recommendationservice,0,0,0,0,0,0,0
2026-10-04T14:05:21Z,emailservice,redis-cart,0,0,0,0,0,0,0
2026-10-04T14:05:21Z,emailservice,shippingservice,0,0,0,0,0,0,0
2026-10-04T14:05:21Z,frontend,adservice,800728,800726,0,0,0,2412895,799916
2026-10-04T14:05:21Z,frontend,cartservice,1777042,1777023,0,0,4,9886555,1775633
2026-10-04T14:05:21Z,frontend,checkoutservice,373143,178014,0,36999,157938,58553256,177943
2026-10-04T14:05:21Z,frontend,currencyservice,2825738,2825719,0,0,0,14996915,2823506
2026-10-04T14:05:21Z,frontend,emailservice,0,0,0,0,0,0,0
2026-10-04T14:05:21Z,frontend,frontend,0,0,0,0,0,0,0
2026-10-04T14:05:21Z,frontend,kubernetes,0,0,0,0,0,0,0
2026-10-04T14:05:21Z,frontend,paymentservice,0,0,0,0,0,0,0
2026-10-04T14:05:21Z,frontend,productcatalogservice,7932668,7932584,0,0,0,54140123,7925124
2026-10-04T14:05:21Z,frontend,recommendationservice,2568112,1568759,0,104145,892890,774904066,1567479
2026-10-04T14:05:21Z,frontend,redis-cart,0,0,0,0,0,0,0
2026-10-04T14:05:21Z,frontend,shippingservice,293693,293691,0,0,0,890274,293392
2026-10-04T14:05:21Z,paymentservice,adservice,0,0,0,0,0,0,0
2026-10-04T14:05:21Z,paymentservice,cartservice,0,0,0,0,0,0,0
2026-10-04T14:05:21Z,paymentservice,checkoutservice,0,0,0,0,0,0,0
2026-10-04T14:05:21Z,paymentservice,currencyservice,0,0,0,0,0,0,0
2026-10-04T14:05:21Z,paymentservice,emailservice,0,0,0,0,0,0,0
2026-10-04T14:05:21Z,paymentservice,frontend,0,0,0,0,0,0,0
2026-10-04T14:05:21Z,paymentservice,kubernetes,0,0,0,0,0,0,0
2026-10-04T14:05:21Z,paymentservice,paymentservice,0,0,0,0,0,0,0
2026-10-04T14:05:21Z,paymentservice,productcatalogservice,0,0,0,0,0,0,0
2026-10-04T14:05:21Z,paymentservice,recommendationservice,0,0,0,0,0,0,0
2026-10-04T14:05:21Z,paymentservice,redis-cart,0,0,0,0,0,0,0
2026-10-04T14:05:21Z,paymentservice,shippingservice,0,0,0,0,0,0,0
2026-10-04T14:05:21Z,productcatalogservice,adservice,0,0,0,0,0,0,0
2026-10-04T14:05:21Z,productcatalogservice,cartservice,0,0,0,0,0,0,0
2026-10-04T14:05:21Z,productcatalogservice,checkoutservice,0,0,0,0,0,0,0
2026-10-04T14:05:21Z,productcatalogservice,currencyservice,0,0,0,0,0,0,0
2026-10-04T14:05:21Z,productcatalogservice,emailservice,0,0,0,0,0,0,0
2026-10-04T14:05:21Z,productcatalogservice,frontend,0,0,0,0,0,0,0
2026-10-04T14:05:21Z,productcatalogservice,kubernetes,0,0,0,0,0,0,0
2026-10-04T14:05:21Z,productcatalogservice,paymentservice,0,0,0,0,0,0,0
2026-10-04T14:05:21Z,productcatalogservice,productcatalogservice,0,0,0,0,0,0,0
2026-10-04T14:05:21Z,productcatalogservice,recommendationservice,0,0,0,0,0,0,0
2026-10-04T14:05:21Z,productcatalogservice,redis-cart,0,0,0,0,0,0,0
2026-10-04T14:05:21Z,productcatalogservice,shippingservice,0,0,0,0,0,0,0
2026-10-04T14:05:21Z,recommendationservice,adservice,0,0,0,0,0,0,0
2026-10-04T14:05:21Z,recommendationservice,cartservice,0,0,0,0,0,0,0
2026-10-04T14:05:21Z,recommendationservice,checkoutservice,0,0,0,0,0,0,0
2026-10-04T14:05:21Z,recommendationservice,currencyservice,0,0,0,0,0,0,0
2026-10-04T14:05:21Z,recommendationservice,emailservice,0,0,0,0,0,0,0
2026-10-04T14:05:21Z,recommendationservice,frontend,0,0,0,0,0,0,0
2026-10-04T14:05:21Z,recommendationservice,kubernetes,0,0,0,0,0,0,0
2026-10-04T14:05:21Z,recommendationservice,paymentservice,0,0,0,0,0,0,0
2026-10-04T14:05:21Z,recommendationservice,productcatalogservice,43890,43890,0,0,0,350550,43291
2026-10-04T14:05:21Z,recommendationservice,recommendationservice,0,0,0,0,0,0,0
2026-10-04T14:05:21Z,recommendationservice,redis-cart,0,0,0,0,0,0,0
2026-10-04T14:05:21Z,recommendationservice,shippingservice,0,0,0,0,0,0,0
2026-10-04T14:05:21Z,redis-cart,adservice,0,0,0,0,0,0,0
2026-10-04T14:05:21Z,redis-cart,cartservice,0,0,0,0,0,0,0
2026-10-04T14:05:21Z,redis-cart,checkoutservice,0,0,0,0,0,0,0
2026-10-04T14:05:21Z,redis-cart,currencyservice,0,0,0,0,0,0,0
2026-10-04T14:05:21Z,redis-cart,emailservice,0,0,0,0,0,0,0
2026-10-04T14:05:21Z,redis-cart,frontend,0,0,0,0,0,0,0
2026-10-04T14:05:21Z,redis-cart,kubernetes,0,0,0,0,0,0,0
2026-10-04T14:05:21Z,redis-cart,paymentservice,0,0,0,0,0,0,0
2026-10-04T14:05:21Z,redis-cart,productcatalogservice,0,0,0,0,0,0,0
2026-10-04T14:05:21Z,redis-cart,recommendationservice,0,0,0,0,0,0,0
2026-10-04T14:05:21Z,redis-cart,redis-cart,0,0,0,0,0,0,0
2026-10-04T14:05:21Z,redis-cart,shippingservice,0,0,0,0,0,0,0
2026-10-04T14:05:21Z,shippingservice,adservice,0,0,0,0,0,0,0
2026-10-04T14:05:21Z,shippingservice,cartservice,0,0,0,0,0,0,0
2026-10-04T14:05:21Z,shippingservice,checkoutservice,0,0,0,0,0,0,0
2026-10-04T14:05:21Z,shippingservice,currencyservice,0,0,0,0,0,0,0
2026-10-04T14:05:21Z,shippingservice,emailservice,0,0,0,0,0,0,0
2026-10-04T14:05:21Z,shippingservice,frontend,0,0,0,0,0,0,0
2026-10-04T14:05:21Z,shippingservice,kubernetes,0,0,0,0,0,0,0
2026-10-04T14:05:21Z,shippingservice,paymentservice,0,0,0,0,0,0,0
2026-10-04T14:05:21Z,shippingservice,productcatalogservice,0,0,0,0,0,0,0
2026-10-04T14:05:21Z,shippingservice,recommendationservice,0,0,0,0,0,0,0
2026-10-04T14:05:21Z,shippingservice,redis-cart,0,0,0,0,0,0,0
2026-10-04T14:05:21Z,shippingservice,shippingservice,0,0,0,0,0,0,0
2026-10-04T14:05:22Z,adservice,adservice,0,0,0,0,0,0,0
2026-10-04T14:05:22Z,adservice,cartservice,0,0,0,0,0,0,0
2026-10-04T14:05:22Z,adservice,checkoutservice,0,0,0,0,0,0,0
2026-10-04T14:05:22Z,adservice,currencyservice,0,0,0,0,0,0,0
2026-10-04T14:05:22Z,adservice,emailservice,0,0,0,0,0,0,0
2026-10-04T14:05:22Z,adservice,frontend,0,0,0,0,0,0,0
2026-10-04T14:05:22Z,adservice,kubernetes,0,0,0,0,0,0,0
2026-10-04T14:05:22Z,adservice,paymentservice,0,0,0,0,0,0,0
2026-10-04T14:05:22Z,adservice,productcatalogservice,0,0,0,0,0,0,0
2026-10-04T14:05:22Z,adservice,recommendationservice,0,0,0,0,0,0,0
2026-10-04T14:05:22Z,adservice,redis-cart,0,0,0,0,0,0,0
2026-10-04T14:05:22Z,adservice,shippingservice,0,0,0,0,0,0,0
2026-10-04T14:05:22Z,cartservice,adservice,0,0,0,0,0,0,0
2026-10-04T14:05:22Z,cartservice,cartservice,0,0,0,0,0,0,0
2026-10-04T14:05:22Z,cartservice,checkoutservice,0,0,0,0,0,0,0
2026-10-04T14:05:22Z,cartservice,currencyservice,0,0,0,0,0,0,0
2026-10-04T14:05:22Z,cartservice,emailservice,0,0,0,0,0,0,0
2026-10-04T14:05:22Z,cartservice,frontend,0,0,0,0,0,0,0
2026-10-04T14:05:22Z,cartservice,kubernetes,0,0,0,0,0,0,0
2026-10-04T14:05:22Z,cartservice,paymentservice,0,0,0,0,0,0,0
2026-10-04T14:05:22Z,cartservice,productcatalogservice,0,0,0,0,0,0,0
2026-10-04T14:05:22Z,cartservice,recommendationservice,0,0,0,0,0,0,0
2026-10-04T14:05:22Z,cartservice,redis-cart,2,0,0,0,0,0,0
2026-10-04T14:05:22Z,cartservice,shippingservice,0,0,0,0,0,0,0
2026-10-04T14:05:22Z,checkoutservice,adservice,0,0,0,0,0,0,0
2026-10-04T14:05:22Z,checkoutservice,cartservice,21945,21460,0,56,0,303733,21364
2026-10-04T14:05:22Z,checkoutservice,checkoutservice,0,0,0,0,0,0,0
2026-10-04T14:05:22Z,checkoutservice,currencyservice,16274,16262,0,0,0,252884,16164
2026-10-04T14:05:22Z,checkoutservice,emailservice,2429,2261,0,41,0,112056,2261
2026-10-04T14:05:22Z,checkoutservice,frontend,0,0,0,0,0,0,0
2026-10-04T14:05:22Z,checkoutservice,kubernetes,0,0,0,0,0,0,0
2026-10-04T14:05:22Z,checkoutservice,paymentservice,13092,12247,0,74,0,199245,12122
2026-10-04T14:05:22Z,checkoutservice,productcatalogservice,0,0,0,0,0,0,0
2026-10-04T14:05:22Z,checkoutservice,recommendationservice,0,0,0,0,0,0,0
2026-10-04T14:05:22Z,checkoutservice,redis-cart,0,0,0,0,0,0,0
2026-10-04T14:05:22Z,checkoutservice,shippingservice,24422,23329,0,82,0,231762,23217
2026-10-04T14:05:22Z,currencyservice,adservice,0,0,0,0,0,0,0
2026-10-04T14:05:22Z,currencyservice,cartservice,0,0,0,0,0,0,0
2026-10-04T14:05:22Z,currencyservice,checkoutservice,0,0,0,0,0,0,0
2026-10-04T14:05:22Z,currencyservice,currencyservice,0,0,0,0,0,0,0
2026-10-04T14:05:22Z,currencyservice,emailservice,0,0,0,0,0,0,0
2026-10-04T14:05:22Z,currencyservice,frontend,0,0,0,0,0,0,0
2026-10-04T14:05:22Z,currencyservice,kubernetes,0,0,0,0,0,0,0
2026-10-04T14:05:22Z,currencyservice,paymentservice,0,0,0,0,0,0,0
2026-10-04T14:05:22Z,currencyservice,productcatalogservice,0,0,0,0,0,0,0
2026-10-04T14:05:22Z,currencyservice,recommendationservice,0,0,0,0,0,0,0
2026-10-04T14:05:22Z,currencyservice,redis-cart,0,0,0,0,0,0,0
2026-10-04T14:05:22Z,currencyservice,shippingservice,0,0,0,0,0,0,0
2026-10-04T14:05:22Z,emailservice,adservice,0,0,0,0,0,0,0
2026-10-04T14:05:22Z,emailservice,cartservice,0,0,0,0,0,0,0
2026-10-04T14:05:22Z,emailservice,checkoutservice,0,0,0,0,0,0,0
2026-10-04T14:05:22Z,emailservice,currencyservice,0,0,0,0,0,0,0
2026-10-04T14:05:22Z,emailservice,emailservice,0,0,0,0,0,0,0
2026-10-04T14:05:22Z,emailservice,frontend,0,0,0,0,0,0,0
2026-10-04T14:05:22Z,emailservice,kubernetes,0,0,0,0,0,0,0
2026-10-04T14:05:22Z,emailservice,paymentservice,0,0,0,0,0,0,0
2026-10-04T14:05:22Z,emailservice,productcatalogservice,0,0,0,0,0,0,0
2026-10-04T14:05:22Z,emailservice,recommendationservice,0,0,0,0,0,0,0
2026-10-04T14:05:22Z,emailservice,redis-cart,0,0,0,0,0,0,0
2026-10-04T14:05:22Z,emailservice,shippingservice,0,0,0,0,0,0,0
2026-10-04T14:05:22Z,frontend,adservice,800996,800994,0,0,0,2412895,799916
2026-10-04T14:05:22Z,frontend,cartservice,1777522,1777508,0,0,4,9886555,1775633
2026-10-04T14:05:22Z,frontend,checkoutservice,373340,178041,0,37038,158071,58553256,177943
2026-10-04T14:05:22Z,frontend,currencyservice,2826495,2826485,0,0,0,14996915,2823506
2026-10-04T14:05:22Z,frontend,emailservice,0,0,0,0,0,0,0
2026-10-04T14:05:22Z,frontend,frontend,0,0,0,0,0,0,0
2026-10-04T14:05:22Z,frontend,kubernetes,0,0,0,0,0,0,0
2026-10-04T14:05:22Z,frontend,paymentservice,0,0,0,0,0,0,0
2026-10-04T14:05:22Z,frontend,productcatalogservice,7935162,7935083,0,0,0,54140123,7925124
2026-10-04T14:05:22Z,frontend,recommendationservice,2568555,1569186,0,104145,892890,774904066,1567479
2026-10-04T14:05:22Z,frontend,redis-cart,0,0,0,0,0,0,0
2026-10-04T14:05:22Z,frontend,shippingservice,293796,293794,0,0,0,890274,293392
2026-10-04T14:05:22Z,paymentservice,adservice,0,0,0,0,0,0,0
2026-10-04T14:05:22Z,paymentservice,cartservice,0,0,0,0,0,0,0
2026-10-04T14:05:22Z,paymentservice,checkoutservice,0,0,0,0,0,0,0
2026-10-04T14:05:22Z,paymentservice,currencyservice,0,0,0,0,0,0,0
2026-10-04T14:05:22Z,paymentservice,emailservice,0,0,0,0,0,0,0
2026-10-04T14:05:22Z,paymentservice,frontend,0,0,0,0,0,0,0
2026-10-04T14:05:22Z,paymentservice,kubernetes,0,0,0,0,0,0,0
2026-10-04T14:05:22Z,paymentservice,paymentservice,0,0,0,0,0,0,0
2026-10-04T14:05:22Z,paymentservice,productcatalogservice,0,0,0,0,0,0,0
2026-10-04T14:05:22Z,paymentservice,recommendationservice,0,0,0,0,0,0,0
2026-10-04T14:05:22Z,paymentservice,redis-cart,0,0,0,0,0,0,0
2026-10-04T14:05:22Z,paymentservice,shippingservice,0,0,0,0,0,0,0
2026-10-04T14:05:22Z,productcatalogservice,adservice,0,0,0,0,0,0,0
2026-10-04T14:05:22Z,productcatalogservice,cartservice,0,0,0,0,0,0,0
2026-10-04T14:05:22Z,productcatalogservice,checkoutservice,0,0,0,0,0,0,0
2026-10-04T14:05:22Z,productcatalogservice,currencyservice,0,0,0,0,0,0,0
2026-10-04T14:05:22Z,productcatalogservice,emailservice,0,0,0,0,0,0,0
2026-10-04T14:05:22Z,productcatalogservice,frontend,0,0,0,0,0,0,0
2026-10-04T14:05:22Z,productcatalogservice,kubernetes,0,0,0,0,0,0,0
2026-10-04T14:05:22Z,productcatalogservice,paymentservice,0,0,0,0,0,0,0
2026-10-04T14:05:22Z,productcatalogservice,productcatalogservice,0,0,0,0,0,0,0
2026-10-04T14:05:22Z,productcatalogservice,recommendationservice,0,0,0,0,0,0,0
2026-10-04T14:05:22Z,productcatalogservice,redis-cart,0,0,0,0,0,0,0
2026-10-04T14:05:22Z,productcatalogservice,shippingservice,0,0,0,0,0,0,0
2026-10-04T14:05:22Z,recommendationservice,adservice,0,0,0,0,0,0,0
2026-10-04T14:05:22Z,recommendationservice,cartservice,0,0,0,0,0,0,0
2026-10-04T14:05:22Z,recommendationservice,checkoutservice,0,0,0,0,0,0,0
2026-10-04T14:05:22Z,recommendationservice,currencyservice,0,0,0,0,0,0,0
2026-10-04T14:05:22Z,recommendationservice,emailservice,0,0,0,0,0,0,0
2026-10-04T14:05:22Z,recommendationservice,frontend,0,0,0,0,0,0,0
2026-10-04T14:05:22Z,recommendationservice,kubernetes,0,0,0,0,0,0,0
2026-10-04T14:05:22Z,recommendationservice,paymentservice,0,0,0,0,0,0,0
2026-10-04T14:05:22Z,recommendationservice,productcatalogservice,44348,44347,0,0,0,350550,43291
2026-10-04T14:05:22Z,recommendationservice,recommendationservice,0,0,0,0,0,0,0
2026-10-04T14:05:22Z,recommendationservice,redis-cart,0,0,0,0,0,0,0
2026-10-04T14:05:22Z,recommendationservice,shippingservice,0,0,0,0,0,0,0
2026-10-04T14:05:22Z,redis-cart,adservice,0,0,0,0,0,0,0
2026-10-04T14:05:22Z,redis-cart,cartservice,0,0,0,0,0,0,0
2026-10-04T14:05:22Z,redis-cart,checkoutservice,0,0,0,0,0,0,0
2026-10-04T14:05:22Z,redis-cart,currencyservice,0,0,0,0,0,0,0
2026-10-04T14:05:22Z,redis-cart,emailservice,0,0,0,0,0,0,0
2026-10-04T14:05:22Z,redis-cart,frontend,0,0,0,0,0,0,0
2026-10-04T14:05:22Z,redis-cart,kubernetes,0,0,0,0,0,0,0
2026-10-04T14:05:22Z,redis-cart,paymentservice,0,0,0,0,0,0,0
2026-10-04T14:05:22Z,redis-cart,productcatalogservice,0,0,0,0,0,0,0
2026-10-04T14:05:22Z,redis-cart,recommendationservice,0,0,0,0,0,0,0
2026-10-04T14:05:22Z,redis-cart,redis-cart,0,0,0,0,0,0,0
2026-10-04T14:05:22Z,redis-cart,shippingservice,0,0,0,0,0,0,0
2026-10-04T14:05:22Z,shippingservice,adservice,0,0,0,0,0,0,0
2026-10-04T14:05:22Z,shippingservice,cartservice,0,0,0,0,0,0,0
2026-10-04T14:05:22Z,shippingservice,checkoutservice,0,0,0,0,0,0,0
2026-10-04T14:05:22Z,shippingservice,currencyservice,0,0,0,0,0,0,0
2026-10-04T14:05:22Z,shippingservice,emailservice,0,0,0,0,0,0,0
2026-10-04T14:05:22Z,shippingservice,frontend,0,0,0,0,0,0,0
2026-10-04T14:05:22Z,shippingservice,kubernetes,0,0,0,0,0,0,0
2026-10-04T14:05:22Z,shippingservice,paymentservice,0,0,0,0,0,0,0
2026-10-04T14:05:22Z,shippingservice,productcatalogservice,0,0,0,0,0,0,0
2026-10-04T14:05:22Z,shippingservice,recommendationservice,0,0,0,0,0,0,0
2026-10-04T14:05:22Z,shippingservice,redis-cart,0,0,0,0,0,0,0
2026-10-04T14:05:22Z,shippingservice,shippingservice,0,0,0,0,0,0,0
2026-10-04T14:05:23Z,adservice,adservice,0,0,0,0,0,0,0
2026-10-04T14:05:23Z,adservice,cartservice,0,0,0,0,0,0,0
2026-10-04T14:05:23Z,adservice,checkoutservice,0,0,0,0,0,0,0
2026-10-04T14:05:23Z,adservice,currencyservice,0,0,0,0,0,0,0
2026-10-04T14:05:23Z,adservice,emailservice,0,0,0,0,0,0,0
2026-10-04T14:05:23Z,adservice,frontend,0,0,0,0,0,0,0
2026-10-04T14:05:23Z,adservice,kubernetes,0,0,0,0,0,0,0
2026-10-04T14:05:23Z,adservice,paymentservice,0,0,0,0,0,0,0
2026-10-04T14:05:23Z,adservice,productcatalogservice,0,0,0,0,0,0,0
2026-10-04T14:05:23Z,adservice,recommendationservice,0,0,0,0,0,0,0
2026-10-04T14:05:23Z,adservice,redis-cart,0,0,0,0,0,0,0
2026-10-04T14:05:23Z,adservice,shippingservice,0,0,0,0,0,0,0
2026-10-04T14:05:23Z,cartservice,adservice,0,0,0,0,0,0,0
2026-10-04T14:05:23Z,cartservice,cartservice,0,0,0,0,0,0,0
2026-10-04T14:05:23Z,cartservice,checkoutservice,0,0,0,0,0,0,0
2026-10-04T14:05:23Z,cartservice,currencyservice,0,0,0,0,0,0,0
2026-10-04T14:05:23Z,cartservice,emailservice,0,0,0,0,0,0,0
2026-10-04T14:05:23Z,cartservice,frontend,0,0,0,0,0,0,0
2026-10-04T14:05:23Z,cartservice,kubernetes,0,0,0,0,0,0,0
2026-10-04T14:05:23Z,cartservice,paymentservice,0,0,0,0,0,0,0
2026-10-04T14:05:23Z,cartservice,productcatalogservice,0,0,0,0,0,0,0
2026-10-04T14:05:23Z,cartservice,recommendationservice,0,0,0,0,0,0,0
2026-10-04T14:05:23Z,cartservice,redis-cart,2,0,0,0,0,0,0
2026-10-04T14:05:23Z,cartservice,shippingservice,0,0,0,0,0,0,0
2026-10-04T14:05:23Z,checkoutservice,adservice,0,0,0,0,0,0,0
2026-10-04T14:05:23Z,checkoutservice,cartservice,22152,21671,0,58,0,303733,21364
2026-10-04T14:05:23Z,checkoutservice,checkoutservice,0,0,0,0,0,0,0
2026-10-04T14:05:23Z,checkoutservice,currencyservice,16464,16459,0,0,0,252884,16164
2026-10-04T14:05:23Z,checkoutservice,emailservice,2429,2261,0,41,0,112056,2261
2026-10-04T14:05:23Z,checkoutservice,frontend,0,0,0,0,0,0,0
2026-10-04T14:05:23Z,checkoutservice,kubernetes,0,0,0,0,0,0,0
2026-10-04T14:05:23Z,checkoutservice,paymentservice,13282,12431,0,74,0,199245,12122
2026-10-04T14:05:23Z,checkoutservice,productcatalogservice,0,0,0,0,0,0,0
2026-10-04T14:05:23Z,checkoutservice,recommendationservice,0,0,0,0,0,0,0
2026-10-04T14:05:23Z,checkoutservice,redis-cart,0,0,0,0,0,0,0
2026-10-04T14:05:23Z,checkoutservice,shippingservice,24718,23636,0,82,0,231762,23217
2026-10-04T14:05:23Z,currencyservice,adservice,0,0,0,0,0,0,0
2026-10-04T14:05:23Z,currencyservice,cartservice,0,0,0,0,0,0,0
2026-10-04T14:05:23Z,currencyservice,checkoutservice,0,0,0,0,0,0,0
2026-10-04T14:05:23Z,currencyservice,currencyservice,0,0,0,0,0,0,0
2026-10-04T14:05:23Z,currencyservice,emailservice,0,0,0,0,0,0,0
2026-10-04T14:05:23Z,currencyservice,frontend,0,0,0,0,0,0,0
2026-10-04T14:05:23Z,currencyservice,kubernetes,0,0,0,0,0,0,0
2026-10-04T14:05:23Z,currencyservice,paymentservice,0,0,0,0,0,0,0
2026-10-04T14:05:23Z,currencyservice,productcatalogservice,0,0,0,0,0,0,0
2026-10-04T14:05:23Z,currencyservice,recommendationservice,0,0,0,0,0,0,0
2026-10-04T14:05:23Z,currencyservice,redis-cart,0,0,0,0,0,0,0
2026-10-04T14:05:23Z,currencyservice,shippingservice,0,0,0,0,0,0,0
2026-10-04T14:05:23Z,emailservice,adservice,0,0,0,0,0,0,0
2026-10-04T14:05:23Z,emailservice,cartservice,0,0,0,0,0,0,0
2026-10-04T14:05:23Z,emailservice,checkoutservice,0,0,0,0,0,0,0
2026-10-04T14:05:23Z,emailservice,currencyservice,0,0,0,0,0,0,0
2026-10-04T14:05:23Z,emailservice,emailservice,0,0,0,0,0,0,0
2026-10-04T14:05:23Z,emailservice,frontend,0,0,0,0,0,0,0
2026-10-04T14:05:23Z,emailservice,kubernetes,0,0,0,0,0,0,0
2026-10-04T14:05:23Z,emailservice,paymentservice,0,0,0,0,0,0,0
2026-10-04T14:05:23Z,emailservice,productcatalogservice,0,0,0,0,0,0,0
2026-10-04T14:05:23Z,emailservice,recommendationservice,0,0,0,0,0,0,0
2026-10-04T14:05:23Z,emailservice,redis-cart,0,0,0,0,0,0,0
2026-10-04T14:05:23Z,emailservice,shippingservice,0,0,0,0,0,0,0
2026-10-04T14:05:23Z,frontend,adservice,801282,801280,0,0,0,2415174,800667
2026-10-04T14:05:23Z,frontend,cartservice,1777976,1777962,0,0,4,9894552,1776881
2026-10-04T14:05:23Z,frontend,checkoutservice,373518,178068,0,37069,158203,58645746,178010
2026-10-04T14:05:23Z,frontend,currencyservice,2827211,2827199,0,0,0,15009286,2825481
2026-10-04T14:05:23Z,frontend,emailservice,0,0,0,0,0,0,0
2026-10-04T14:05:23Z,frontend,frontend,0,0,0,0,0,0,0
2026-10-04T14:05:23Z,frontend,kubernetes,0,0,0,0,0,0,0
2026-10-04T14:05:23Z,frontend,paymentservice,0,0,0,0,0,0,0
2026-10-04T14:05:23Z,frontend,productcatalogservice,7937660,7937576,0,0,0,54185285,7931843
2026-10-04T14:05:23Z,frontend,recommendationservice,2568973,1569615,0,104145,892890,775299491,1568628
2026-10-04T14:05:23Z,frontend,redis-cart,0,0,0,0,0,0,0
2026-10-04T14:05:23Z,frontend,shippingservice,293886,293884,0,0,0,891164,293644
2026-10-04T14:05:23Z,paymentservice,adservice,0,0,0,0,0,0,0
2026-10-04T14:05:23Z,paymentservice,cartservice,0,0,0,0,0,0,0
2026-10-04T14:05:23Z,paymentservice,checkoutservice,0,0,0,0,0,0,0
2026-10-04T14:05:23Z,paymentservice,currencyservice,0,0,0,0,0,0,0
2026-10-04T14:05:23Z,paymentservice,emailservice,0,0,0,0,0,0,0
2026-10-04T14:05:23Z,paymentservice,frontend,0,0,0,0,0,0,0
2026-10-04T14:05:23Z,paymentservice,kubernetes,0,0,0,0,0,0,0
2026-10-04T14:05:23Z,paymentservice,paymentservice,0,0,0,0,0,0,0
2026-10-04T14:05:23Z,paymentservice,productcatalogservice,0,0,0,0,0,0,0
2026-10-04T14:05:23Z,paymentservice,recommendationservice,0,0,0,0,0,0,0
2026-10-04T14:05:23Z,paymentservice,redis-cart,0,0,0,0,0,0,0
2026-10-04T14:05:23Z,paymentservice,shippingservice,0,0,0,0,0,0,0
2026-10-04T14:05:23Z,productcatalogservice,adservice,0,0,0,0,0,0,0
2026-10-04T14:05:23Z,productcatalogservice,cartservice,0,0,0,0,0,0,0
2026-10-04T14:05:23Z,productcatalogservice,checkoutservice,0,0,0,0,0,0,0
2026-10-04T14:05:23Z,productcatalogservice,currencyservice,0,0,0,0,0,0,0
2026-10-04T14:05:23Z,productcatalogservice,emailservice,0,0,0,0,0,0,0
2026-10-04T14:05:23Z,productcatalogservice,frontend,0,0,0,0,0,0,0
2026-10-04T14:05:23Z,productcatalogservice,kubernetes,0,0,0,0,0,0,0
2026-10-04T14:05:23Z,productcatalogservice,paymentservice,0,0,0,0,0,0,0
2026-10-04T14:05:23Z,productcatalogservice,productcatalogservice,0,0,0,0,0,0,0
2026-10-04T14:05:23Z,productcatalogservice,recommendationservice,0,0,0,0,0,0,0
2026-10-04T14:05:23Z,productcatalogservice,redis-cart,0,0,0,0,0,0,0
2026-10-04T14:05:23Z,productcatalogservice,shippingservice,0,0,0,0,0,0,0
2026-10-04T14:05:23Z,recommendationservice,adservice,0,0,0,0,0,0,0
2026-10-04T14:05:23Z,recommendationservice,cartservice,0,0,0,0,0,0,0
2026-10-04T14:05:23Z,recommendationservice,checkoutservice,0,0,0,0,0,0,0
2026-10-04T14:05:23Z,recommendationservice,currencyservice,0,0,0,0,0,0,0
2026-10-04T14:05:23Z,recommendationservice,emailservice,0,0,0,0,0,0,0
2026-10-04T14:05:23Z,recommendationservice,frontend,0,0,0,0,0,0,0
2026-10-04T14:05:23Z,recommendationservice,kubernetes,0,0,0,0,0,0,0
2026-10-04T14:05:23Z,recommendationservice,paymentservice,0,0,0,0,0,0,0
2026-10-04T14:05:23Z,recommendationservice,productcatalogservice,44765,44755,0,0,0,350550,43291
2026-10-04T14:05:23Z,recommendationservice,recommendationservice,0,0,0,0,0,0,0
2026-10-04T14:05:23Z,recommendationservice,redis-cart,0,0,0,0,0,0,0
2026-10-04T14:05:23Z,recommendationservice,shippingservice,0,0,0,0,0,0,0
2026-10-04T14:05:23Z,redis-cart,adservice,0,0,0,0,0,0,0
2026-10-04T14:05:23Z,redis-cart,cartservice,0,0,0,0,0,0,0
2026-10-04T14:05:23Z,redis-cart,checkoutservice,0,0,0,0,0,0,0
2026-10-04T14:05:23Z,redis-cart,currencyservice,0,0,0,0,0,0,0
2026-10-04T14:05:23Z,redis-cart,emailservice,0,0,0,0,0,0,0
2026-10-04T14:05:23Z,redis-cart,frontend,0,0,0,0,0,0,0
2026-10-04T14:05:23Z,redis-cart,kubernetes,0,0,0,0,0,0,0
2026-10-04T14:05:23Z,redis-cart,paymentservice,0,0,0,0,0,0,0
2026-10-04T14:05:23Z,redis-cart,productcatalogservice,0,0,0,0,0,0,0
2026-10-04T14:05:23Z,redis-cart,recommendationservice,0,0,0,0,0,0,0
2026-10-04T14:05:23Z,redis-cart,redis-cart,0,0,0,0,0,0,0
2026-10-04T14:05:23Z,redis-cart,shippingservice,0,0,0,0,0,0,0
2026-10-04T14:05:23Z,shippingservice,adservice,0,0,0,0,0,0,0
2026-10-04T14:05:23Z,shippingservice,cartservice,0,0,0,0,0,0,0
2026-10-04T14:05:23Z,shippingservice,checkoutservice,0,0,0,0,0,0,0
2026-10-04T14:05:23Z,shippingservice,currencyservice,0,0,0,0,0,0,0
2026-10-04T14:05:23Z,shippingservice,emailservice,0,0,0,0,0,0,0
2026-10-04T14:05:23Z,shippingservice,frontend,0,0,0,0,0,0,0
2026-10-04T14:05:23Z,shippingservice,kubernetes,0,0,0,0,0,0,0
2026-10-04T14:05:23Z,shippingservice,paymentservice,0,0,0,0,0,0,0
2026-10-04T14:05:23Z,shippingservice,productcatalogservice,0,0,0,0,0,0,0
2026-10-04T14:05:23Z,shippingservice,recommendationservice,0,0,0,0,0,0,0
2026-10-04T14:05:23Z,shippingservice,redis-cart,0,0,0,0,0,0,0
2026-10-04T14:05:23Z,shippingservice,shippingservice,0,0,0,0,0,0,0
2026-10-04T14:05:24Z,adservice,adservice,0,0,0,0,0,0,0
2026-10-04T14:05:24Z,adservice,cartservice,0,0,0,0,0,0,0
2026-10-04T14:05:24Z,adservice,checkoutservice,0,0,0,0,0,0,0
2026-10-04T14:05:24Z,adservice,currencyservice,0,0,0,0,0,0,0
2026-10-04T14:05:24Z,adservice,emailservice,0,0,0,0,0,0,0
2026-10-04T14:05:24Z,adservice,frontend,0,0,0,0,0,0,0
2026-10-04T14:05:24Z,adservice,kubernetes,0,0,0,0,0,0,0
2026-10-04T14:05:24Z,adservice,paymentservice,0,0,0,0,0,0,0
2026-10-04T14:05:24Z,adservice,productcatalogservice,0,0,0,0,0,0,0
2026-10-04T14:05:24Z,adservice,recommendationservice,0,0,0,0,0,0,0
2026-10-04T14:05:24Z,adservice,redis-cart,0,0,0,0,0,0,0
2026-10-04T14:05:24Z,adservice,shippingservice,0,0,0,0,0,0,0
2026-10-04T14:05:24Z,cartservice,adservice,0,0,0,0,0,0,0
2026-10-04T14:05:24Z,cartservice,cartservice,0,0,0,0,0,0,0
2026-10-04T14:05:24Z,cartservice,checkoutservice,0,0,0,0,0,0,0
2026-10-04T14:05:24Z,cartservice,currencyservice,0,0,0,0,0,0,0
2026-10-04T14:05:24Z,cartservice,emailservice,0,0,0,0,0,0,0
2026-10-04T14:05:24Z,cartservice,frontend,0,0,0,0,0,0,0
2026-10-04T14:05:24Z,cartservice,kubernetes,0,0,0,0,0,0,0
2026-10-04T14:05:24Z,cartservice,paymentservice,0,0,0,0,0,0,0
2026-10-04T14:05:24Z,cartservice,productcatalogservice,0,0,0,0,0,0,0
2026-10-04T14:05:24Z,cartservice,recommendationservice,0,0,0,0,0,0,0
2026-10-04T14:05:24Z,cartservice,redis-cart,2,0,0,0,0,0,0
2026-10-04T14:05:24Z,cartservice,shippingservice,0,0,0,0,0,0,0
2026-10-04T14:05:24Z,checkoutservice,adservice,0,0,0,0,0,0,0
2026-10-04T14:05:24Z,checkoutservice,cartservice,22381,21879,0,59,0,303733,21364
2026-10-04T14:05:24Z,checkoutservice,checkoutservice,0,0,0,0,0,0,0
2026-10-04T14:05:24Z,checkoutservice,currencyservice,16649,16641,0,0,0,252884,16164
2026-10-04T14:05:24Z,checkoutservice,emailservice,2432,2263,0,42,0,112056,2261
2026-10-04T14:05:24Z,checkoutservice,frontend,0,0,0,0,0,0,0
2026-10-04T14:05:24Z,checkoutservice,kubernetes,0,0,0,0,0,0,0
2026-10-04T14:05:24Z,checkoutservice,paymentservice,13445,12598,0,75,0,199245,12122
2026-10-04T14:05:24Z,checkoutservice,productcatalogservice,0,0,0,0,0,0,0
2026-10-04T14:05:24Z,checkoutservice,recommendationservice,0,0,0,0,0,0,0
2026-10-04T14:05:24Z,checkoutservice,redis-cart,0,0,0,0,0,0,0
2026-10-04T14:05:24Z,checkoutservice,shippingservice,25037,23930,0,85,0,231762,23217
2026-10-04T14:05:24Z,currencyservice,adservice,0,0,0,0,0,0,0
2026-10-04T14:05:24Z,currencyservice,cartservice,0,0,0,0,0,0,0
2026-10-04T14:05:24Z,currencyservice,checkoutservice,0,0,0,0,0,0,0
2026-10-04T14:05:24Z,currencyservice,currencyservice,0,0,0,0,0,0,0
2026-10-04T14:05:24Z,currencyservice,emailservice,0,0,0,0,0,0,0
2026-10-04T14:05:24Z,currencyservice,frontend,0,0,0,0,0,0,0
2026-10-04T14:05:24Z,currencyservice,kubernetes,0,0,0,0,0,0,0
2026-10-04T14:05:24Z,currencyservice,paymentservice,0,0,0,0,0,0,0
2026-10-04T14:05:24Z,currencyservice,productcatalogservice,0,0,0,0,0,0,0
2026-10-04T14:05:24Z,currencyservice,recommendationservice,0,0,0,0,0,0,0
2026-10-04T14:05:24Z,currencyservice,redis-cart,0,0,0,0,0,0,0
2026-10-04T14:05:24Z,currencyservice,shippingservice,0,0,0,0,0,0,0
2026-10-04T14:05:24Z,emailservice,adservice,0,0,0,0,0,0,0
2026-10-04T14:05:24Z,emailservice,cartservice,0,0,0,0,0,0,0
2026-10-04T14:05:24Z,emailservice,checkoutservice,0,0,0,0,0,0,0
2026-10-04T14:05:24Z,emailservice,currencyservice,0,0,0,0,0,0,0
2026-10-04T14:05:24Z,emailservice,emailservice,0,0,0,0,0,0,0
2026-10-04T14:05:24Z,emailservice,frontend,0,0,0,0,0,0,0
2026-10-04T14:05:24Z,emailservice,kubernetes,0,0,0,0,0,0,0
2026-10-04T14:05:24Z,emailservice,paymentservice,0,0,0,0,0,0,0
2026-10-04T14:05:24Z,emailservice,productcatalogservice,0,0,0,0,0,0,0
2026-10-04T14:05:24Z,emailservice,recommendationservice,0,0,0,0,0,0,0
2026-10-04T14:05:24Z,emailservice,redis-cart,0,0,0,0,0,0,0
2026-10-04T14:05:24Z,emailservice,shippingservice,0,0,0,0,0,0,0
2026-10-04T14:05:24Z,frontend,adservice,801565,801563,0,0,0,2417056,801312
2026-10-04T14:05:24Z,frontend,cartservice,1778456,1778436,0,0,4,9901742,1778001
2026-10-04T14:05:24Z,frontend,checkoutservice,373710,178095,0,37096,158333,58722011,178069
2026-10-04T14:05:24Z,frontend,currencyservice,2827982,2827971,0,0,0,15020639,2827260
2026-10-04T14:05:24Z,frontend,emailservice,0,0,0,0,0,0,0
2026-10-04T14:05:24Z,frontend,frontend,0,0,0,0,0,0,0
2026-10-04T14:05:24Z,frontend,kubernetes,0,0,0,0,0,0,0
2026-10-04T14:05:24Z,frontend,paymentservice,0,0,0,0,0,0,0
2026-10-04T14:05:24Z,frontend,productcatalogservice,7940321,7940227,0,0,0,54244823,7937855
2026-10-04T14:05:24Z,frontend,recommendationservice,2569408,1570068,0,104145,892890,775652541,1569660
2026-10-04T14:05:24Z,frontend,redis-cart,0,0,0,0,0,0,0
2026-10-04T14:05:24Z,frontend,shippingservice,293999,293997,0,0,0,892270,293890
2026-10-04T14:05:24Z,paymentservice,adservice,0,0,0,0,0,0,0
2026-10-04T14:05:24Z,paymentservice,cartservice,0,0,0,0,0,0,0
2026-10-04T14:05:24Z,paymentservice,checkoutservice,0,0,0,0,0,0,0
2026-10-04T14:05:24Z,paymentservice,currencyservice,0,0,0,0,0,0,0
2026-10-04T14:05:24Z,paymentservice,emailservice,0,0,0,0,0,0,0
2026-10-04T14:05:24Z,paymentservice,frontend,0,0,0,0,0,0,0
2026-10-04T14:05:24Z,paymentservice,kubernetes,0,0,0,0,0,0,0
2026-10-04T14:05:24Z,paymentservice,paymentservice,0,0,0,0,0,0,0
2026-10-04T14:05:24Z,paymentservice,productcatalogservice,0,0,0,0,0,0,0
2026-10-04T14:05:24Z,paymentservice,recommendationservice,0,0,0,0,0,0,0
2026-10-04T14:05:24Z,paymentservice,redis-cart,0,0,0,0,0,0,0
2026-10-04T14:05:24Z,paymentservice,shippingservice,0,0,0,0,0,0,0
2026-10-04T14:05:24Z,productcatalogservice,adservice,0,0,0,0,0,0,0
2026-10-04T14:05:24Z,productcatalogservice,cartservice,0,0,0,0,0,0,0
2026-10-04T14:05:24Z,productcatalogservice,checkoutservice,0,0,0,0,0,0,0
2026-10-04T14:05:24Z,productcatalogservice,currencyservice,0,0,0,0,0,0,0
2026-10-04T14:05:24Z,productcatalogservice,emailservice,0,0,0,0,0,0,0
2026-10-04T14:05:24Z,productcatalogservice,frontend,0,0,0,0,0,0,0
2026-10-04T14:05:24Z,productcatalogservice,kubernetes,0,0,0,0,0,0,0
2026-10-04T14:05:24Z,productcatalogservice,paymentservice,0,0,0,0,0,0,0
2026-10-04T14:05:24Z,productcatalogservice,productcatalogservice,0,0,0,0,0,0,0
2026-10-04T14:05:24Z,productcatalogservice,recommendationservice,0,0,0,0,0,0,0
2026-10-04T14:05:24Z,productcatalogservice,redis-cart,0,0,0,0,0,0,0
2026-10-04T14:05:24Z,productcatalogservice,shippingservice,0,0,0,0,0,0,0
2026-10-04T14:05:24Z,recommendationservice,adservice,0,0,0,0,0,0,0
2026-10-04T14:05:24Z,recommendationservice,cartservice,0,0,0,0,0,0,0
2026-10-04T14:05:24Z,recommendationservice,checkoutservice,0,0,0,0,0,0,0
2026-10-04T14:05:24Z,recommendationservice,currencyservice,0,0,0,0,0,0,0
2026-10-04T14:05:24Z,recommendationservice,emailservice,0,0,0,0,0,0,0
2026-10-04T14:05:24Z,recommendationservice,frontend,0,0,0,0,0,0,0
2026-10-04T14:05:24Z,recommendationservice,kubernetes,0,0,0,0,0,0,0
2026-10-04T14:05:24Z,recommendationservice,paymentservice,0,0,0,0,0,0,0
2026-10-04T14:05:24Z,recommendationservice,productcatalogservice,45191,45191,0,0,0,350550,43291
2026-10-04T14:05:24Z,recommendationservice,recommendationservice,0,0,0,0,0,0,0
2026-10-04T14:05:24Z,recommendationservice,redis-cart,0,0,0,0,0,0,0
2026-10-04T14:05:24Z,recommendationservice,shippingservice,0,0,0,0,0,0,0
2026-10-04T14:05:24Z,redis-cart,adservice,0,0,0,0,0,0,0
2026-10-04T14:05:24Z,redis-cart,cartservice,0,0,0,0,0,0,0
2026-10-04T14:05:24Z,redis-cart,checkoutservice,0,0,0,0,0,0,0
2026-10-04T14:05:24Z,redis-cart,currencyservice,0,0,0,0,0,0,0
2026-10-04T14:05:24Z,redis-cart,emailservice,0,0,0,0,0,0,0
2026-10-04T14:05:24Z,redis-cart,frontend,0,0,0,0,0,0,0
2026-10-04T14:05:24Z,redis-cart,kubernetes,0,0,0,0,0,0,0
2026-10-04T14:05:24Z,redis-cart,paymentservice,0,0,0,0,0,0,0
2026-10-04T14:05:24Z,redis-cart,productcatalogservice,0,0,0,0,0,0,0
2026-10-04T14:05:24Z,redis-cart,recommendationservice,0,0,0,0,0,0,0
2026-10-04T14:05:24Z,redis-cart,redis-cart,0,0,0,0,0,0,0
2026-10-04T14:05:24Z,redis-cart,shippingservice,0,0,0,0,0,0,0
2026-10-04T14:05:24Z,shippingservice,adservice,0,0,0,0,0,0,0
2026-10-04T14:05:24Z,shippingservice,cartservice,0,0,0,0,0,0,0
2026-10-04T14:05:24Z,shippingservice,checkoutservice,0,0,0,0,0,0,0
2026-10-04T14:05:24Z,shippingservice,currencyservice,0,0,0,0,0,0,0
2026-10-04T14:05:24Z,shippingservice,emailservice,0,0,0,0,0,0,0
2026-10-04T14:05:24Z,shippingservice,frontend,0,0,0,0,0,0,0
2026-10-04T14:05:24Z,shippingservice,kubernetes,0,0,0,0,0,0,0
2026-10-04T14:05:24Z,shippingservice,paymentservice,0,0,0,0,0,0,0
2026-10-04T14:05:24Z,shippingservice,productcatalogservice,0,0,0,0,0,0,0
2026-10-04T14:05:24Z,shippingservice,recommendationservice,0,0,0,0,0,0,0
2026-10-04T14:05:24Z,shippingservice,redis-cart,0,0,0,0,0,0,0
2026-10-04T14:05:24Z,shippingservice,shippingservice,0,0,0,0,0,0,0
2026-10-04T14:05:25Z,adservice,adservice,0,0,0,0,0,0,0
2026-10-04T14:05:25Z,adservice,cartservice,0,0,0,0,0,0,0
2026-10-04T14:05:25Z,adservice,checkoutservice,0,0,0,0,0,0,0
2026-10-04T14:05:25Z,adservice,currencyservice,0,0,0,0,0,0,0
2026-10-04T14:05:25Z,adservice,emailservice,0,0,0,0,0,0,0
2026-10-04T14:05:25Z,adservice,frontend,0,0,0,0,0,0,0
2026-10-04T14:05:25Z,adservice,kubernetes,0,0,0,0,0,0,0
2026-10-04T14:05:25Z,adservice,paymentservice,0,0,0,0,0,0,0
2026-10-04T14:05:25Z,adservice,productcatalogservice,0,0,0,0,0,0,0
2026-10-04T14:05:25Z,adservice,recommendationservice,0,0,0,0,0,0,0
2026-10-04T14:05:25Z,adservice,redis-cart,0,0,0,0,0,0,0
2026-10-04T14:05:25Z,adservice,shippingservice,0,0,0,0,0,0,0
2026-10-04T14:05:25Z,cartservice,adservice,0,0,0,0,0,0,0
2026-10-04T14:05:25Z,cartservice,cartservice,0,0,0,0,0,0,0
2026-10-04T14:05:25Z,cartservice,checkoutservice,0,0,0,0,0,0,0
2026-10-04T14:05:25Z,cartservice,currencyservice,0,0,0,0,0,0,0
2026-10-04T14:05:25Z,cartservice,emailservice,0,0,0,0,0,0,0
2026-10-04T14:05:25Z,cartservice,frontend,0,0,0,0,0,0,0
2026-10-04T14:05:25Z,cartservice,kubernetes,0,0,0,0,0,0,0
2026-10-04T14:05:25Z,cartservice,paymentservice,0,0,0,0,0,0,0
2026-10-04T14:05:25Z,cartservice,productcatalogservice,0,0,0,0,0,0,0
2026-10-04T14:05:25Z,cartservice,recommendationservice,0,0,0,0,0,0,0
2026-10-04T14:05:25Z,cartservice,redis-cart,2,0,0,0,0,0,0
2026-10-04T14:05:25Z,cartservice,shippingservice,0,0,0,0,0,0,0
2026-10-04T14:05:25Z,checkoutservice,adservice,0,0,0,0,0,0,0
2026-10-04T14:05:25Z,checkoutservice,cartservice,22583,22081,0,60,0,303733,21364
2026-10-04T14:05:25Z,checkoutservice,checkoutservice,0,0,0,0,0,0,0
2026-10-04T14:05:25Z,checkoutservice,currencyservice,16840,16832,0,0,0,252884,16164
2026-10-04T14:05:25Z,checkoutservice,emailservice,2432,2263,0,42,0,112056,2261
2026-10-04T14:05:25Z,checkoutservice,frontend,0,0,0,0,0,0,0
2026-10-04T14:05:25Z,checkoutservice,kubernetes,0,0,0,0,0,0,0
2026-10-04T14:05:25Z,checkoutservice,paymentservice,13619,12769,0,75,0,199245,12122
2026-10-04T14:05:25Z,checkoutservice,productcatalogservice,0,0,0,0,0,0,0
2026-10-04T14:05:25Z,checkoutservice,recommendationservice,0,0,0,0,0,0,0
2026-10-04T14:05:25Z,checkoutservice,redis-cart,0,0,0,0,0,0,0
2026-10-04T14:05:25Z,checkoutservice,shippingservice,25315,24187,0,86,0,231762,23217
2026-10-04T14:05:25Z,currencyservice,adservice,0,0,0,0,0,0,0
2026-10-04T14:05:25Z,currencyservice,cartservice,0,0,0,0,0,0,0
2026-10-04T14:05:25Z,currencyservice,checkoutservice,0,0,0,0,0,0,0
2026-10-04T14:05:25Z,currencyservice,currencyservice,0,0,0,0,0,0,0
2026-10-04T14:05:25Z,currencyservice,emailservice,0,0,0,0,0,0,0
2026-10-04T14:05:25Z,currencyservice,frontend,0,0,0,0,0,0,0
2026-10-04T14:05:25Z,currencyservice,kubernetes,0,0,0,0,0,0,0
2026-10-04T14:05:25Z,currencyservice,paymentservice,0,0,0,0,0,0,0
2026-10-04T14:05:25Z,currencyservice,productcatalogservice,0,0,0,0,0,0,0
2026-10-04T14:05:25Z,currencyservice,recommendationservice,0,0,0,0,0,0,0
2026-10-04T14:05:25Z,currencyservice,redis-cart,0,0,0,0,0,0,0
2026-10-04T14:05:25Z,currencyservice,shippingservice,0,0,0,0,0,0,0
2026-10-04T14:05:25Z,emailservice,adservice,0,0,0,0,0,0,0
2026-10-04T14:05:25Z,emailservice,cartservice,0,0,0,0,0,0,0
2026-10-04T14:05:25Z,emailservice,checkoutservice,0,0,0,0,0,0,0
2026-10-04T14:05:25Z,emailservice,currencyservice,0,0,0,0,0,0,0
2026-10-04T14:05:25Z,emailservice,emailservice,0,0,0,0,0,0,0
2026-10-04T14:05:25Z,emailservice,frontend,0,0,0,0,0,0,0
2026-10-04T14:05:25Z,emailservice,kubernetes,0,0,0,0,0,0,0
2026-10-04T14:05:25Z,emailservice,paymentservice,0,0,0,0,0,0,0
2026-10-04T14:05:25Z,emailservice,productcatalogservice,0,0,0,0,0,0,0
2026-10-04T14:05:25Z,emailservice,recommendationservice,0,0,0,0,0,0,0
2026-10-04T14:05:25Z,emailservice,redis-cart,0,0,0,0,0,0,0
2026-10-04T14:05:25Z,emailservice,shippingservice,0,0,0,0,0,0,0
2026-10-04T14:05:25Z,frontend,adservice,801833,801831,0,0,0,2417056,801312
2026-10-04T14:05:25Z,frontend,cartservice,1778935,1778923,0,0,4,9901742,1778001
2026-10-04T14:05:25Z,frontend,checkoutservice,373901,178112,0,37128,158471,58722011,178069
2026-10-04T14:05:25Z,frontend,currencyservice,2828760,2828749,0,0,0,15020639,2827260
2026-10-04T14:05:25Z,frontend,emailservice,0,0,0,0,0,0,0
2026-10-04T14:05:25Z,frontend,frontend,0,0,0,0,0,0,0
2026-10-04T14:05:25Z,frontend,kubernetes,0,0,0,0,0,0,0
2026-10-04T14:05:25Z,frontend,paymentservice,0,0,0,0,0,0,0
2026-10-04T14:05:25Z,frontend,productcatalogservice,7942861,7942773,0,0,0,54244823,7937855
2026-10-04T14:05:25Z,frontend,recommendationservice,2569848,1570506,0,104145,892890,775652541,1569660
2026-10-04T14:05:25Z,frontend,redis-cart,0,0,0,0,0,0,0
2026-10-04T14:05:25Z,frontend,shippingservice,294104,294102,0,0,0,892270,293890
2026-10-04T14:05:25Z,paymentservice,adservice,0,0,0,0,0,0,0
2026-10-04T14:05:25Z,paymentservice,cartservice,0,0,0,0,0,0,0
2026-10-04T14:05:25Z,paymentservice,checkoutservice,0,0,0,0,0,0,0
2026-10-04T14:05:25Z,paymentservice,currencyservice,0,0,0,0,0,0,0
2026-10-04T14:05:25Z,paymentservice,emailservice,0,0,0,0,0,0,0
2026-10-04T14:05:25Z,paymentservice,frontend,0,0,0,0,0,0,0
2026-10-04T14:05:25Z,paymentservice,kubernetes,0,0,0,0,0,0,0
2026-10-04T14:05:25Z,paymentservice,paymentservice,0,0,0,0,0,0,0
2026-10-04T14:05:25Z,paymentservice,productcatalogservice,0,0,0,0,0,0,0
2026-10-04T14:05:25Z,paymentservice,recommendationservice,0,0,0,0,0,0,0
2026-10-04T14:05:25Z,paymentservice,redis-cart,0,0,0,0,0,0,0
2026-10-04T14:05:25Z,paymentservice,shippingservice,0,0,0,0,0,0,0
2026-10-04T14:05:25Z,productcatalogservice,adservice,0,0,0,0,0,0,0
2026-10-04T14:05:25Z,productcatalogservice,cartservice,0,0,0,0,0,0,0
2026-10-04T14:05:25Z,productcatalogservice,checkoutservice,0,0,0,0,0,0,0
2026-10-04T14:05:25Z,productcatalogservice,currencyservice,0,0,0,0,0,0,0
2026-10-04T14:05:25Z,productcatalogservice,emailservice,0,0,0,0,0,0,0
2026-10-04T14:05:25Z,productcatalogservice,frontend,0,0,0,0,0,0,0
2026-10-04T14:05:25Z,productcatalogservice,kubernetes,0,0,0,0,0,0,0
2026-10-04T14:05:25Z,productcatalogservice,paymentservice,0,0,0,0,0,0,0
2026-10-04T14:05:25Z,productcatalogservice,productcatalogservice,0,0,0,0,0,0,0
2026-10-04T14:05:25Z,productcatalogservice,recommendationservice,0,0,0,0,0,0,0
2026-10-04T14:05:25Z,productcatalogservice,redis-cart,0,0,0,0,0,0,0
2026-10-04T14:05:25Z,productcatalogservice,shippingservice,0,0,0,0,0,0,0
2026-10-04T14:05:25Z,recommendationservice,adservice,0,0,0,0,0,0,0
2026-10-04T14:05:25Z,recommendationservice,cartservice,0,0,0,0,0,0,0
2026-10-04T14:05:25Z,recommendationservice,checkoutservice,0,0,0,0,0,0,0
2026-10-04T14:05:25Z,recommendationservice,currencyservice,0,0,0,0,0,0,0
2026-10-04T14:05:25Z,recommendationservice,emailservice,0,0,0,0,0,0,0
2026-10-04T14:05:25Z,recommendationservice,frontend,0,0,0,0,0,0,0
2026-10-04T14:05:25Z,recommendationservice,kubernetes,0,0,0,0,0,0,0
2026-10-04T14:05:25Z,recommendationservice,paymentservice,0,0,0,0,0,0,0
2026-10-04T14:05:25Z,recommendationservice,productcatalogservice,45646,45636,0,0,0,370858,45470
2026-10-04T14:05:25Z,recommendationservice,recommendationservice,0,0,0,0,0,0,0
2026-10-04T14:05:25Z,recommendationservice,redis-cart,0,0,0,0,0,0,0
2026-10-04T14:05:25Z,recommendationservice,shippingservice,0,0,0,0,0,0,0
2026-10-04T14:05:25Z,redis-cart,adservice,0,0,0,0,0,0,0
2026-10-04T14:05:25Z,redis-cart,cartservice,0,0,0,0,0,0,0
2026-10-04T14:05:25Z,redis-cart,checkoutservice,0,0,0,0,0,0,0
2026-10-04T14:05:25Z,redis-cart,currencyservice,0,0,0,0,0,0,0
2026-10-04T14:05:25Z,redis-cart,emailservice,0,0,0,0,0,0,0
2026-10-04T14:05:25Z,redis-cart,frontend,0,0,0,0,0,0,0
2026-10-04T14:05:25Z,redis-cart,kubernetes,0,0,0,0,0,0,0
2026-10-04T14:05:25Z,redis-cart,paymentservice,0,0,0,0,0,0,0
2026-10-04T14:05:25Z,redis-cart,productcatalogservice,0,0,0,0,0,0,0
2026-10-04T14:05:25Z,redis-cart,recommendationservice,0,0,0,0,0,0,0
2026-10-04T14:05:25Z,redis-cart,redis-cart,0,0,0,0,0,0,0
2026-10-04T14:05:25Z,redis-cart,shippingservice,0,0,0,0,0,0,0
2026-10-04T14:05:25Z,shippingservice,adservice,0,0,0,0,0,0,0
2026-10-04T14:05:25Z,shippingservice,cartservice,0,0,0,0,0,0,0
2026-10-04T14:05:25Z,shippingservice,checkoutservice,0,0,0,0,0,0,0
2026-10-04T14:05:25Z,shippingservice,currencyservice,0,0,0,0,0,0,0
2026-10-04T14:05:25Z,shippingservice,emailservice,0,0,0,0,0,0,0
2026-10-04T14:05:25Z,shippingservice,frontend,0,0,0,0,0,0,0
2026-10-04T14:05:25Z,shippingservice,kubernetes,0,0,0,0,0,0,0
2026-10-04T14:05:25Z,shippingservice,paymentservice,0,0,0,0,0,0,0
2026-10-04T14:05:25Z,shippingservice,productcatalogservice,0,0,0,0,0,0,0
2026-10-04T14:05:25Z,shippingservice,recommendationservice,0,0,0,0,0,0,0
2026-10-04T14:05:25Z,shippingservice,redis-cart,0,0,0,0,0,0,0
2026-10-04T14:05:25Z,shippingservice,shippingservice,0,0,0,0,0,0,0
2026-10-04T14:05:26Z,adservice,adservice,0,0,0,0,0,0,0
2026-10-04T14:05:26Z,adservice,cartservice,0,0,0,0,0,0,0
2026-10-04T14:05:26Z,adservice,checkoutservice,0,0,0,0,0,0,0
2026-10-04T14:05:26Z,adservice,currencyservice,0,0,0,0,0,0,0
2026-10-04T14:05:26Z,adservice,emailservice,0,0,0,0,0,0,0
2026-10-04T14:05:26Z,adservice,frontend,0,0,0,0,0,0,0
2026-10-04T14:05:26Z,adservice,kubernetes,0,0,0,0,0,0,0
2026-10-04T14:05:26Z,adservice,paymentservice,0,0,0,0,0,0,0
2026-10-04T14:05:26Z,adservice,productcatalogservice,0,0,0,0,0,0,0
2026-10-04T14:05:26Z,adservice,recommendationservice,0,0,0,0,0,0,0
2026-10-04T14:05:26Z,adservice,redis-cart,0,0,0,0,0,0,0
2026-10-04T14:05:26Z,adservice,shippingservice,0,0,0,0,0,0,0
2026-10-04T14:05:26Z,cartservice,adservice,0,0,0,0,0,0,0
2026-10-04T14:05:26Z,cartservice,cartservice,0,0,0,0,0,0,0
2026-10-04T14:05:26Z,cartservice,checkoutservice,0,0,0,0,0,0,0
2026-10-04T14:05:26Z,cartservice,currencyservice,0,0,0,0,0,0,0
2026-10-04T14:05:26Z,cartservice,emailservice,0,0,0,0,0,0,0
2026-10-04T14:05:26Z,cartservice,frontend,0,0,0,0,0,0,0
2026-10-04T14:05:26Z,cartservice,kubernetes,0,0,0,0,0,0,0
2026-10-04T14:05:26Z,cartservice,paymentservice,0,0,0,0,0,0,0
2026-10-04T14:05:26Z,cartservice,productcatalogservice,0,0,0,0,0,0,0
2026-10-04T14:05:26Z,cartservice,recommendationservice,0,0,0,0,0,0,0
2026-10-04T14:05:26Z,cartservice,redis-cart,2,0,0,0,0,0,0
2026-10-04T14:05:26Z,cartservice,shippingservice,0,0,0,0,0,0,0
2026-10-04T14:05:26Z,checkoutservice,adservice,0,0,0,0,0,0,0
2026-10-04T14:05:26Z,checkoutservice,cartservice,22789,22291,0,60,0,303733,21364
2026-10-04T14:05:26Z,checkoutservice,checkoutservice,0,0,0,0,0,0,0
2026-10-04T14:05:26Z,checkoutservice,currencyservice,17009,17009,0,0,0,252884,16164
2026-10-04T14:05:26Z,checkoutservice,emailservice,2435,2265,0,42,0,112056,2261
2026-10-04T14:05:26Z,checkoutservice,frontend,0,0,0,0,0,0,0
2026-10-04T14:05:26Z,checkoutservice,kubernetes,0,0,0,0,0,0,0
2026-10-04T14:05:26Z,checkoutservice,paymentservice,13780,12929,0,76,0,199245,12122
2026-10-04T14:05:26Z,checkoutservice,productcatalogservice,0,0,0,0,0,0,0
2026-10-04T14:05:26Z,checkoutservice,recommendationservice,0,0,0,0,0,0,0
2026-10-04T14:05:26Z,checkoutservice,redis-cart,0,0,0,0,0,0,0
2026-10-04T14:05:26Z,checkoutservice,shippingservice,25592,24457,0,86,0,231762,23217
2026-10-04T14:05:26Z,currencyservice,adservice,0,0,0,0,0,0,0
2026-10-04T14:05:26Z,currencyservice,cartservice,0,0,0,0,0,0,0
2026-10-04T14:05:26Z,currencyservice,checkoutservice,0,0,0,0,0,0,0
2026-10-04T14:05:26Z,currencyservice,currencyservice,0,0,0,0,0,0,0
2026-10-04T14:05:26Z,currencyservice,emailservice,0,0,0,0,0,0,0
2026-10-04T14:05:26Z,currencyservice,frontend,0,0,0,0,0,0,0
2026-10-04T14:05:26Z,currencyservice,kubernetes,0,0,0,0,0,0,0
2026-10-04T14:05:26Z,currencyservice,paymentservice,0,0,0,0,0,0,0
2026-10-04T14:05:26Z,currencyservice,productcatalogservice,0,0,0,0,0,0,0
2026-10-04T14:05:26Z,currencyservice,recommendationservice,0,0,0,0,0,0,0
2026-10-04T14:05:26Z,currencyservice,redis-cart,0,0,0,0,0,0,0
2026-10-04T14:05:26Z,currencyservice,shippingservice,0,0,0,0,0,0,0
2026-10-04T14:05:26Z,emailservice,adservice,0,0,0,0,0,0,0
2026-10-04T14:05:26Z,emailservice,cartservice,0,0,0,0,0,0,0
2026-10-04T14:05:26Z,emailservice,checkoutservice,0,0,0,0,0,0,0
2026-10-04T14:05:26Z,emailservice,currencyservice,0,0,0,0,0,0,0
2026-10-04T14:05:26Z,emailservice,emailservice,0,0,0,0,0,0,0
2026-10-04T14:05:26Z,emailservice,frontend,0,0,0,0,0,0,0
2026-10-04T14:05:26Z,emailservice,kubernetes,0,0,0,0,0,0,0
2026-10-04T14:05:26Z,emailservice,paymentservice,0,0,0,0,0,0,0
2026-10-04T14:05:26Z,emailservice,productcatalogservice,0,0,0,0,0,0,0
2026-10-04T14:05:26Z,emailservice,recommendationservice,0,0,0,0,0,0,0
2026-10-04T14:05:26Z,emailservice,redis-cart,0,0,0,0,0,0,0
2026-10-04T14:05:26Z,emailservice,shippingservice,0,0,0,0,0,0,0
2026-10-04T14:05:26Z,frontend,adservice,802100,802098,0,0,0,2417056,801312
2026-10-04T14:05:26Z,frontend,cartservice,1779382,1779370,0,0,4,9901742,1778001
2026-10-04T14:05:26Z,frontend,checkoutservice,374081,178145,0,37164,158599,58722011,178069
2026-10-04T14:05:26Z,frontend,currencyservice,2829468,2829460,0,0,0,15020639,2827260
2026-10-04T14:05:26Z,frontend,emailservice,0,0,0,0,0,0,0
2026-10-04T14:05:26Z,frontend,frontend,0,0,0,0,0,0,0
2026-10-04T14:05:26Z,frontend,kubernetes,0,0,0,0,0,0,0
2026-10-04T14:05:26Z,frontend,paymentservice,0,0,0,0,0,0,0
2026-10-04T14:05:26Z,frontend,productcatalogservice,7945265,7945172,0,0,0,54244823,7937855
2026-10-04T14:05:26Z,frontend,recommendationservice,2570275,1570921,0,104145,892890,775652541,1569660
2026-10-04T14:05:26Z,frontend,redis-cart,0,0,0,0,0,0,0
2026-10-04T14:05:26Z,frontend,shippingservice,294196,294194,0,0,0,892270,293890
2026-10-04T14:05:26Z,paymentservice,adservice,0,0,0,0,0,0,0
2026-10-04T14:05:26Z,paymentservice,cartservice,0,0,0,0,0,0,0
2026-10-04T14:05:26Z,paymentservice,checkoutservice,0,0,0,0,0,0,0
2026-10-04T14:05:26Z,paymentservice,currencyservice,0,0,0,0,0,0,0
2026-10-04T14:05:26Z,paymentservice,emailservice,0,0,0,0,0,0,0
2026-10-04T14:05:26Z,paymentservice,frontend,0,0,0,0,0,0,0
2026-10-04T14:05:26Z,paymentservice,kubernetes,0,0,0,0,0,0,0
2026-10-04T14:05:26Z,paymentservice,paymentservice,0,0,0,0,0,0,0
2026-10-04T14:05:26Z,paymentservice,productcatalogservice,0,0,0,0,0,0,0
2026-10-04T14:05:26Z,paymentservice,recommendationservice,0,0,0,0,0,0,0
2026-10-04T14:05:26Z,paymentservice,redis-cart,0,0,0,0,0,0,0
2026-10-04T14:05:26Z,paymentservice,shippingservice,0,0,0,0,0,0,0
2026-10-04T14:05:26Z,productcatalogservice,adservice,0,0,0,0,0,0,0
2026-10-04T14:05:26Z,productcatalogservice,cartservice,0,0,0,0,0,0,0
2026-10-04T14:05:26Z,productcatalogservice,checkoutservice,0,0,0,0,0,0,0
2026-10-04T14:05:26Z,productcatalogservice,currencyservice,0,0,0,0,0,0,0
2026-10-04T14:05:26Z,productcatalogservice,emailservice,0,0,0,0,0,0,0
2026-10-04T14:05:26Z,productcatalogservice,frontend,0,0,0,0,0,0,0
2026-10-04T14:05:26Z,productcatalogservice,kubernetes,0,0,0,0,0,0,0
2026-10-04T14:05:26Z,productcatalogservice,paymentservice,0,0,0,0,0,0,0
2026-10-04T14:05:26Z,productcatalogservice,productcatalogservice,0,0,0,0,0,0,0
2026-10-04T14:05:26Z,productcatalogservice,recommendationservice,0,0,0,0,0,0,0
2026-10-04T14:05:26Z,productcatalogservice,redis-cart,0,0,0,0,0,0,0
2026-10-04T14:05:26Z,productcatalogservice,shippingservice,0,0,0,0,0,0,0
2026-10-04T14:05:26Z,recommendationservice,adservice,0,0,0,0,0,0,0
2026-10-04T14:05:26Z,recommendationservice,cartservice,0,0,0,0,0,0,0
2026-10-04T14:05:26Z,recommendationservice,checkoutservice,0,0,0,0,0,0,0
2026-10-04T14:05:26Z,recommendationservice,currencyservice,0,0,0,0,0,0,0
2026-10-04T14:05:26Z,recommendationservice,emailservice,0,0,0,0,0,0,0
2026-10-04T14:05:26Z,recommendationservice,frontend,0,0,0,0,0,0,0
2026-10-04T14:05:26Z,recommendationservice,kubernetes,0,0,0,0,0,0,0
2026-10-04T14:05:26Z,recommendationservice,paymentservice,0,0,0,0,0,0,0
2026-10-04T14:05:26Z,recommendationservice,productcatalogservice,46064,46064,0,0,0,370858,45470
2026-10-04T14:05:26Z,recommendationservice,recommendationservice,0,0,0,0,0,0,0
2026-10-04T14:05:26Z,recommendationservice,redis-cart,0,0,0,0,0,0,0
2026-10-04T14:05:26Z,recommendationservice,shippingservice,0,0,0,0,0,0,0
2026-10-04T14:05:26Z,redis-cart,adservice,0,0,0,0,0,0,0
2026-10-04T14:05:26Z,redis-cart,cartservice,0,0,0,0,0,0,0
2026-10-04T14:05:26Z,redis-cart,checkoutservice,0,0,0,0,0,0,0
2026-10-04T14:05:26Z,redis-cart,currencyservice,0,0,0,0,0,0,0
2026-10-04T14:05:26Z,redis-cart,emailservice,0,0,0,0,0,0,0
2026-10-04T14:05:26Z,redis-cart,frontend,0,0,0,0,0,0,0
2026-10-04T14:05:26Z,redis-cart,kubernetes,0,0,0,0,0,0,0
2026-10-04T14:05:26Z,redis-cart,paymentservice,0,0,0,0,0,0,0
2026-10-04T14:05:26Z,redis-cart,productcatalogservice,0,0,0,0,0,0,0
2026-10-04T14:05:26Z,redis-cart,recommendationservice,0,0,0,0,0,0,0
2026-10-04T14:05:26Z,redis-cart,redis-cart,0,0,0,0,0,0,0
2026-10-04T14:05:26Z,redis-cart,shippingservice,0,0,0,0,0,0,0
2026-10-04T14:05:26Z,shippingservice,adservice,0,0,0,0,0,0,0
2026-10-04T14:05:26Z,shippingservice,cartservice,0,0,0,0,0,0,0
2026-10-04T14:05:26Z,shippingservice,checkoutservice,0,0,0,0,0,0,0
2026-10-04T14:05:26Z,shippingservice,currencyservice,0,0,0,0,0,0,0
2026-10-04T14:05:26Z,shippingservice,emailservice,0,0,0,0,0,0,0
2026-10-04T14:05:26Z,shippingservice,frontend,0,0,0,0,0,0,0
2026-10-04T14:05:26Z,shippingservice,kubernetes,0,0,0,0,0,0,0
2026-10-04T14:05:26Z,shippingservice,paymentservice,0,0,0,0,0,0,0
2026-10-04T14:05:26Z,shippingservice,productcatalogservice,0,0,0,0,0,0,0
2026-10-04T14:05:26Z,shippingservice,recommendationservice,0,0,0,0,0,0,0
2026-10-04T14:05:26Z,shippingservice,redis-cart,0,0,0,0,0,0,0
2026-10-04T14:05:26Z,shippingservice,shippingservice,0,0,0,0,0,0,0
2026-10-04T14:05:27Z,adservice,adservice,0,0,0,0,0,0,0
2026-10-04T14:05:27Z,adservice,cartservice,0,0,0,0,0,0,0
2026-10-04T14:05:27Z,adservice,checkoutservice,0,0,0,0,0,0,0
2026-10-04T14:05:27Z,adservice,currencyservice,0,0,0,0,0,0,0
2026-10-04T14:05:27Z,adservice,emailservice,0,0,0,0,0,0,0
2026-10-04T14:05:27Z,adservice,frontend,0,0,0,0,0,0,0
2026-10-04T14:05:27Z,adservice,kubernetes,0,0,0,0,0,0,0
2026-10-04T14:05:27Z,adservice,paymentservice,0,0,0,0,0,0,0
2026-10-04T14:05:27Z,adservice,productcatalogservice,0,0,0,0,0,0,0
2026-10-04T14:05:27Z,adservice,recommendationservice,0,0,0,0,0,0,0
2026-10-04T14:05:27Z,adservice,redis-cart,0,0,0,0,0,0,0
2026-10-04T14:05:27Z,adservice,shippingservice,0,0,0,0,0,0,0
2026-10-04T14:05:27Z,cartservice,adservice,0,0,0,0,0,0,0
2026-10-04T14:05:27Z,cartservice,cartservice,0,0,0,0,0,0,0
2026-10-04T14:05:27Z,cartservice,checkoutservice,0,0,0,0,0,0,0
2026-10-04T14:05:27Z,cartservice,currencyservice,0,0,0,0,0,0,0
2026-10-04T14:05:27Z,cartservice,emailservice,0,0,0,0,0,0,0
2026-10-04T14:05:27Z,cartservice,frontend,0,0,0,0,0,0,0
2026-10-04T14:05:27Z,cartservice,kubernetes,0,0,0,0,0,0,0
2026-10-04T14:05:27Z,cartservice,paymentservice,0,0,0,0,0,0,0
2026-10-04T14:05:27Z,cartservice,productcatalogservice,0,0,0,0,0,0,0
2026-10-04T14:05:27Z,cartservice,recommendationservice,0,0,0,0,0,0,0
2026-10-04T14:05:27Z,cartservice,redis-cart,2,0,0,0,0,0,0
2026-10-04T14:05:27Z,cartservice,shippingservice,0,0,0,0,0,0,0
2026-10-04T14:05:27Z,checkoutservice,adservice,0,0,0,0,0,0,0
2026-10-04T14:05:27Z,checkoutservice,cartservice,23016,22481,0,61,0,320194,22403
2026-10-04T14:05:27Z,checkoutservice,checkoutservice,0,0,0,0,0,0,0
2026-10-04T14:05:27Z,checkoutservice,currencyservice,17200,17196,0,0,0,269688,17122
2026-10-04T14:05:27Z,checkoutservice,emailservice,2440,2270,0,42,0,112151,2270
2026-10-04T14:05:27Z,checkoutservice,frontend,0,0,0,0,0,0,0
2026-10-04T14:05:27Z,checkoutservice,kubernetes,0,0,0,0,0,0,0
2026-10-04T14:05:27Z,checkoutservice,paymentservice,13952,13092,0,77,0,212470,12961
2026-10-04T14:05:27Z,checkoutservice,productcatalogservice,0,0,0,0,0,0,0
2026-10-04T14:05:27Z,checkoutservice,recommendationservice,0,0,0,0,0,0,0
2026-10-04T14:05:27Z,checkoutservice,redis-cart,0,0,0,0,0,0,0
2026-10-04T14:05:27Z,checkoutservice,shippingservice,25885,24733,0,87,0,247665,24590
2026-10-04T14:05:27Z,currencyservice,adservice,0,0,0,0,0,0,0
2026-10-04T14:05:27Z,currencyservice,cartservice,0,0,0,0,0,0,0
2026-10-04T14:05:27Z,currencyservice,checkoutservice,0,0,0,0,0,0,0
2026-10-04T14:05:27Z,currencyservice,currencyservice,0,0,0,0,0,0,0
2026-10-04T14:05:27Z,currencyservice,emailservice,0,0,0,0,0,0,0
2026-10-04T14:05:27Z,currencyservice,frontend,0,0,0,0,0,0,0
2026-10-04T14:05:27Z,currencyservice,kubernetes,0,0,0,0,0,0,0
2026-10-04T14:05:27Z,currencyservice,paymentservice,0,0,0,0,0,0,0
2026-10-04T14:05:27Z,currencyservice,productcatalogservice,0,0,0,0,0,0,0
2026-10-04T14:05:27Z,currencyservice,recommendationservice,0,0,0,0,0,0,0
2026-10-04T14:05:27Z,currencyservice,redis-cart,0,0,0,0,0,0,0
2026-10-04T14:05:27Z,currencyservice,shippingservice,0,0,0,0,0,0,0
2026-10-04T14:05:27Z,emailservice,adservice,0,0,0,0,0,0,0
2026-10-04T14:05:27Z,emailservice,cartservice,0,0,0,0,0,0,0
2026-10-04T14:05:27Z,emailservice,checkoutservice,0,0,0,0,0,0,0
2026-10-04T14:05:27Z,emailservice,currencyservice,0,0,0,0,0,0,0
2026-10-04T14:05:27Z,emailservice,emailservice,0,0,0,0,0,0,0
2026-10-04T14:05:27Z,emailservice,frontend,0,0,0,0,0,0,0
2026-10-04T14:05:27Z,emailservice,kubernetes,0,0,0,0,0,0,0
2026-10-04T14:05:27Z,emailservice,paymentservice,0,0,0,0,0,0,0
2026-10-04T14:05:27Z,emailservice,productcatalogservice,0,0,0,0,0,0,0
2026-10-04T14:05:27Z,emailservice,recommendationservice,0,0,0,0,0,0,0
2026-10-04T14:05:27Z,emailservice,redis-cart,0,0,0,0,0,0,0
2026-10-04T14:05:27Z,emailservice,shippingservice,0,0,0,0,0,0,0
2026-10-04T14:05:27Z,frontend,adservice,802371,802368,0,0,0,2417056,801312
2026-10-04T14:05:27Z,frontend,cartservice,1779859,1779846,0,0,4,9901742,1778001
2026-10-04T14:05:27Z,frontend,checkoutservice,374278,178161,0,37193,158734,58722011,178069
2026-10-04T14:05:27Z,frontend,currencyservice,2830238,2830230,0,0,0,15020639,2827260
2026-10-04T14:05:27Z,frontend,emailservice,0,0,0,0,0,0,0
2026-10-04T14:05:27Z,frontend,frontend,0,0,0,0,0,0,0
2026-10-04T14:05:27Z,frontend,kubernetes,0,0,0,0,0,0,0
2026-10-04T14:05:27Z,frontend,paymentservice,0,0,0,0,0,0,0
2026-10-04T14:05:27Z,frontend,productcatalogservice,7947761,7947684,0,0,0,54244823,7937855
2026-10-04T14:05:27Z,frontend,recommendationservice,2570701,1571342,0,104145,892890,775652541,1569660
2026-10-04T14:05:27Z,frontend,redis-cart,0,0,0,0,0,0,0
2026-10-04T14:05:27Z,frontend,shippingservice,294300,294296,0,0,0,892270,293890
2026-10-04T14:05:27Z,paymentservice,adservice,0,0,0,0,0,0,0
2026-10-04T14:05:27Z,paymentservice,cartservice,0,0,0,0,0,0,0
2026-10-04T14:05:27Z,paymentservice,checkoutservice,0,0,0,0,0,0,0
2026-10-04T14:05:27Z,paymentservice,currencyservice,0,0,0,0,0,0,0
2026-10-04T14:05:27Z,paymentservice,emailservice,0,0,0,0,0,0,0
2026-10-04T14:05:27Z,paymentservice,frontend,0,0,0,0,0,0,0
2026-10-04T14:05:27Z,paymentservice,kubernetes,0,0,0,0,0,0,0
2026-10-04T14:05:27Z,paymentservice,paymentservice,0,0,0,0,0,0,0
2026-10-04T14:05:27Z,paymentservice,productcatalogservice,0,0,0,0,0,0,0
2026-10-04T14:05:27Z,paymentservice,recommendationservice,0,0,0,0,0,0,0
2026-10-04T14:05:27Z,paymentservice,redis-cart,0,0,0,0,0,0,0
2026-10-04T14:05:27Z,paymentservice,shippingservice,0,0,0,0,0,0,0
2026-10-04T14:05:27Z,productcatalogservice,adservice,0,0,0,0,0,0,0
2026-10-04T14:05:27Z,productcatalogservice,cartservice,0,0,0,0,0,0,0
2026-10-04T14:05:27Z,productcatalogservice,checkoutservice,0,0,0,0,0,0,0
2026-10-04T14:05:27Z,productcatalogservice,currencyservice,0,0,0,0,0,0,0
2026-10-04T14:05:27Z,productcatalogservice,emailservice,0,0,0,0,0,0,0
2026-10-04T14:05:27Z,productcatalogservice,frontend,0,0,0,0,0,0,0
2026-10-04T14:05:27Z,productcatalogservice,kubernetes,0,0,0,0,0,0,0
2026-10-04T14:05:27Z,productcatalogservice,paymentservice,0,0,0,0,0,0,0
2026-10-04T14:05:27Z,productcatalogservice,productcatalogservice,0,0,0,0,0,0,0
2026-10-04T14:05:27Z,productcatalogservice,recommendationservice,0,0,0,0,0,0,0
2026-10-04T14:05:27Z,productcatalogservice,redis-cart,0,0,0,0,0,0,0
2026-10-04T14:05:27Z,productcatalogservice,shippingservice,0,0,0,0,0,0,0
2026-10-04T14:05:27Z,recommendationservice,adservice,0,0,0,0,0,0,0
2026-10-04T14:05:27Z,recommendationservice,cartservice,0,0,0,0,0,0,0
2026-10-04T14:05:27Z,recommendationservice,checkoutservice,0,0,0,0,0,0,0
2026-10-04T14:05:27Z,recommendationservice,currencyservice,0,0,0,0,0,0,0
2026-10-04T14:05:27Z,recommendationservice,emailservice,0,0,0,0,0,0,0
2026-10-04T14:05:27Z,recommendationservice,frontend,0,0,0,0,0,0,0
2026-10-04T14:05:27Z,recommendationservice,kubernetes,0,0,0,0,0,0,0
2026-10-04T14:05:27Z,recommendationservice,paymentservice,0,0,0,0,0,0,0
2026-10-04T14:05:27Z,recommendationservice,productcatalogservice,46493,46483,0,0,0,370858,45470
2026-10-04T14:05:27Z,recommendationservice,recommendationservice,0,0,0,0,0,0,0
2026-10-04T14:05:27Z,recommendationservice,redis-cart,0,0,0,0,0,0,0
2026-10-04T14:05:27Z,recommendationservice,shippingservice,0,0,0,0,0,0,0
2026-10-04T14:05:27Z,redis-cart,adservice,0,0,0,0,0,0,0
2026-10-04T14:05:27Z,redis-cart,cartservice,0,0,0,0,0,0,0
2026-10-04T14:05:27Z,redis-cart,checkoutservice,0,0,0,0,0,0,0
2026-10-04T14:05:27Z,redis-cart,currencyservice,0,0,0,0,0,0,0
2026-10-04T14:05:27Z,redis-cart,emailservice,0,0,0,0,0,0,0
2026-10-04T14:05:27Z,redis-cart,frontend,0,0,0,0,0,0,0
2026-10-04T14:05:27Z,redis-cart,kubernetes,0,0,0,0,0,0,0
2026-10-04T14:05:27Z,redis-cart,paymentservice,0,0,0,0,0,0,0
2026-10-04T14:05:27Z,redis-cart,productcatalogservice,0,0,0,0,0,0,0
2026-10-04T14:05:27Z,redis-cart,recommendationservice,0,0,0,0,0,0,0
2026-10-04T14:05:27Z,redis-cart,redis-cart,0,0,0,0,0,0,0
2026-10-04T14:05:27Z,redis-cart,shippingservice,0,0,0,0,0,0,0
2026-10-04T14:05:27Z,shippingservice,adservice,0,0,0,0,0,0,0
2026-10-04T14:05:27Z,shippingservice,cartservice,0,0,0,0,0,0,0
2026-10-04T14:05:27Z,shippingservice,checkoutservice,0,0,0,0,0,0,0
2026-10-04T14:05:27Z,shippingservice,currencyservice,0,0,0,0,0,0,0
2026-10-04T14:05:27Z,shippingservice,emailservice,0,0,0,0,0,0,0
2026-10-04T14:05:27Z,shippingservice,frontend,0,0,0,0,0,0,0
2026-10-04T14:05:27Z,shippingservice,kubernetes,0,0,0,0,0,0,0
2026-10-04T14:05:27Z,shippingservice,paymentservice,0,0,0,0,0,0,0
2026-10-04T14:05:27Z,shippingservice,productcatalogservice,0,0,0,0,0,0,0
2026-10-04T14:05:27Z,shippingservice,recommendationservice,0,0,0,0,0,0,0
2026-10-04T14:05:27Z,shippingservice,redis-cart,0,0,0,0,0,0,0
2026-10-04T14:05:27Z,shippingservice,shippingservice,0,0,0,0,0,0,0
2026-10-04T14:05:28Z,adservice,adservice,0,0,0,0,0,0,0
2026-10-04T14:05:28Z,adservice,cartservice,0,0,0,0,0,0,0
2026-10-04T14:05:28Z,adservice,checkoutservice,0,0,0,0,0,0,0
2026-10-04T14:05:28Z,adservice,currencyservice,0,0,0,0,0,0,0
2026-10-04T14:05:28Z,adservice,emailservice,0,0,0,0,0,0,0
2026-10-04T14:05:28Z,adservice,frontend,0,0,0,0,0,0,0
2026-10-04T14:05:28Z,adservice,kubernetes,0,0,0,0,0,0,0
2026-10-04T14:05:28Z,adservice,paymentservice,0,0,0,0,0,0,0
2026-10-04T14:05:28Z,adservice,productcatalogservice,0,0,0,0,0,0,0
2026-10-04T14:05:28Z,adservice,recommendationservice,0,0,0,0,0,0,0
2026-10-04T14:05:28Z,adservice,redis-cart,0,0,0,0,0,0,0
2026-10-04T14:05:28Z,adservice,shippingservice,0,0,0,0,0,0,0
2026-10-04T14:05:28Z,cartservice,adservice,0,0,0,0,0,0,0
2026-10-04T14:05:28Z,cartservice,cartservice,0,0,0,0,0,0,0
2026-10-04T14:05:28Z,cartservice,checkoutservice,0,0,0,0,0,0,0
2026-10-04T14:05:28Z,cartservice,currencyservice,0,0,0,0,0,0,0
2026-10-04T14:05:28Z,cartservice,emailservice,0,0,0,0,0,0,0
2026-10-04T14:05:28Z,cartservice,frontend,0,0,0,0,0,0,0
2026-10-04T14:05:28Z,cartservice,kubernetes,0,0,0,0,0,0,0
2026-10-04T14:05:28Z,cartservice,paymentservice,0,0,0,0,0,0,0
2026-10-04T14:05:28Z,cartservice,productcatalogservice,0,0,0,0,0,0,0
2026-10-04T14:05:28Z,cartservice,recommendationservice,0,0,0,0,0,0,0
2026-10-04T14:05:28Z,cartservice,redis-cart,2,0,0,0,0,0,0
2026-10-04T14:05:28Z,cartservice,shippingservice,0,0,0,0,0,0,0
2026-10-04T14:05:28Z,checkoutservice,adservice,0,0,0,0,0,0,0
2026-10-04T14:05:28Z,checkoutservice,cartservice,23224,22697,0,62,0,320194,22403
2026-10-04T14:05:28Z,checkoutservice,checkoutservice,0,0,0,0,0,0,0
2026-10-04T14:05:28Z,checkoutservice,currencyservice,17396,17390,0,0,0,269688,17122
2026-10-04T14:05:28Z,checkoutservice,emailservice,2443,2270,0,42,0,112151,2270
2026-10-04T14:05:28Z,checkoutservice,frontend,0,0,0,0,0,0,0
2026-10-04T14:05:28Z,checkoutservice,kubernetes,0,0,0,0,0,0,0
2026-10-04T14:05:28Z,checkoutservice,paymentservice,14135,13255,0,86,0,212470,12961
2026-10-04T14:05:28Z,checkoutservice,productcatalogservice,0,0,0,0,0,0,0
2026-10-04T14:05:28Z,checkoutservice,recommendationservice,0,0,0,0,0,0,0
2026-10-04T14:05:28Z,checkoutservice,redis-cart,0,0,0,0,0,0,0
2026-10-04T14:05:28Z,checkoutservice,shippingservice,26176,25009,0,89,0,247665,24590
2026-10-04T14:05:28Z,currencyservice,adservice,0,0,0,0,0,0,0
2026-10-04T14:05:28Z,currencyservice,cartservice,0,0,0,0,0,0,0
2026-10-04T14:05:28Z,currencyservice,checkoutservice,0,0,0,0,0,0,0
2026-10-04T14:05:28Z,currencyservice,currencyservice,0,0,0,0,0,0,0
2026-10-04T14:05:28Z,currencyservice,emailservice,0,0,0,0,0,0,0
2026-10-04T14:05:28Z,currencyservice,frontend,0,0,0,0,0,0,0
2026-10-04T14:05:28Z,currencyservice,kubernetes,0,0,0,0,0,0,0
2026-10-04T14:05:28Z,currencyservice,paymentservice,0,0,0,0,0,0,0
2026-10-04T14:05:28Z,currencyservice,productcatalogservice,0,0,0,0,0,0,0
2026-10-04T14:05:28Z,currencyservice,recommendationservice,0,0,0,0,0,0,0
2026-10-04T14:05:28Z,currencyservice,redis-cart,0,0,0,0,0,0,0
2026-10-04T14:05:28Z,currencyservice,shippingservice,0,0,0,0,0,0,0
2026-10-04T14:05:28Z,emailservice,adservice,0,0,0,0,0,0,0
2026-10-04T14:05:28Z,emailservice,cartservice,0,0,0,0,0,0,0
2026-10-04T14:05:28Z,emailservice,checkoutservice,0,0,0,0,0,0,0
2026-10-04T14:05:28Z,emailservice,currencyservice,0,0,0,0,0,0,0
2026-10-04T14:05:28Z,emailservice,emailservice,0,0,0,0,0,0,0
2026-10-04T14:05:28Z,emailservice,frontend,0,0,0,0,0,0,0
2026-10-04T14:05:28Z,emailservice,kubernetes,0,0,0,0,0,0,0
2026-10-04T14:05:28Z,emailservice,paymentservice,0,0,0,0,0,0,0
2026-10-04T14:05:28Z,emailservice,productcatalogservice,0,0,0,0,0,0,0
2026-10-04T14:05:28Z,emailservice,recommendationservice,0,0,0,0,0,0,0
2026-10-04T14:05:28Z,emailservice,redis-cart,0,0,0,0,0,0,0
2026-10-04T14:05:28Z,emailservice,shippingservice,0,0,0,0,0,0,0
2026-10-04T14:05:28Z,frontend,adservice,802669,802661,0,0,0,2420317,802338
2026-10-04T14:05:28Z,frontend,cartservice,1780327,1780312,0,0,4,9913119,1779743
2026-10-04T14:05:28Z,frontend,checkoutservice,374478,178187,0,37229,158873,58839886,178162
2026-10-04T14:05:28Z,frontend,currencyservice,2830992,2830983,0,0,0,15037800,2830043
2026-10-04T14:05:28Z,frontend,emailservice,0,0,0,0,0,0,0
2026-10-04T14:05:28Z,frontend,frontend,0,0,0,0,0,0,0
2026-10-04T14:05:28Z,frontend,kubernetes,0,0,0,0,0,0,0
2026-10-04T14:05:28Z,frontend,paymentservice,0,0,0,0,0,0,0
2026-10-04T14:05:28Z,frontend,productcatalogservice,7950495,7950407,0,0,0,54318991,7947378
2026-10-04T14:05:28Z,frontend,recommendationservice,2571137,1571816,0,104145,892890,776130316,1571291
2026-10-04T14:05:28Z,frontend,redis-cart,0,0,0,0,0,0,0
2026-10-04T14:05:28Z,frontend,shippingservice,294408,294406,0,0,0,893526,294264
2026-10-04T14:05:28Z,paymentservice,adservice,0,0,0,0,0,0,0
2026-10-04T14:05:28Z,paymentservice,cartservice,0,0,0,0,0,0,0
2026-10-04T14:05:28Z,paymentservice,checkoutservice,0,0,0,0,0,0,0
2026-10-04T14:05:28Z,paymentservice,currencyservice,0,0,0,0,0,0,0
2026-10-04T14:05:28Z,paymentservice,emailservice,0,0,0,0,0,0,0
2026-10-04T14:05:28Z,paymentservice,frontend,0,0,0,0,0,0,0
2026-10-04T14:05:28Z,paymentservice,kubernetes,0,0,0,0,0,0,0
2026-10-04T14:05:28Z,paymentservice,paymentservice,0,0,0,0,0,0,0
2026-10-04T14:05:28Z,paymentservice,productcatalogservice,0,0,0,0,0,0,0
2026-10-04T14:05:28Z,paymentservice,recommendationservice,0,0,0,0,0,0,0
2026-10-04T14:05:28Z,paymentservice,redis-cart,0,0,0,0,0,0,0
2026-10-04T14:05:28Z,paymentservice,shippingservice,0,0,0,0,0,0,0
2026-10-04T14:05:28Z,productcatalogservice,adservice,0,0,0,0,0,0,0
2026-10-04T14:05:28Z,productcatalogservice,cartservice,0,0,0,0,0,0,0
2026-10-04T14:05:28Z,productcatalogservice,checkoutservice,0,0,0,0,0,0,0
2026-10-04T14:05:28Z,productcatalogservice,currencyservice,0,0,0,0,0,0,0
2026-10-04T14:05:28Z,productcatalogservice,emailservice,0,0,0,0,0,0,0
2026-10-04T14:05:28Z,productcatalogservice,frontend,0,0,0,0,0,0,0
2026-10-04T14:05:28Z,productcatalogservice,kubernetes,0,0,0,0,0,0,0
2026-10-04T14:05:28Z,productcatalogservice,paymentservice,0,0,0,0,0,0,0
2026-10-04T14:05:28Z,productcatalogservice,productcatalogservice,0,0,0,0,0,0,0
2026-10-04T14:05:28Z,productcatalogservice,recommendationservice,0,0,0,0,0,0,0
2026-10-04T14:05:28Z,productcatalogservice,redis-cart,0,0,0,0,0,0,0
2026-10-04T14:05:28Z,productcatalogservice,shippingservice,0,0,0,0,0,0,0
2026-10-04T14:05:28Z,recommendationservice,adservice,0,0,0,0,0,0,0
2026-10-04T14:05:28Z,recommendationservice,cartservice,0,0,0,0,0,0,0
2026-10-04T14:05:28Z,recommendationservice,checkoutservice,0,0,0,0,0,0,0
2026-10-04T14:05:28Z,recommendationservice,currencyservice,0,0,0,0,0,0,0
2026-10-04T14:05:28Z,recommendationservice,emailservice,0,0,0,0,0,0,0
2026-10-04T14:05:28Z,recommendationservice,frontend,0,0,0,0,0,0,0
2026-10-04T14:05:28Z,recommendationservice,kubernetes,0,0,0,0,0,0,0
2026-10-04T14:05:28Z,recommendationservice,paymentservice,0,0,0,0,0,0,0
2026-10-04T14:05:28Z,recommendationservice,productcatalogservice,46952,46947,0,0,0,370858,45470
2026-10-04T14:05:28Z,recommendationservice,recommendationservice,0,0,0,0,0,0,0
2026-10-04T14:05:28Z,recommendationservice,redis-cart,0,0,0,0,0,0,0
2026-10-04T14:05:28Z,recommendationservice,shippingservice,0,0,0,0,0,0,0
2026-10-04T14:05:28Z,redis-cart,adservice,0,0,0,0,0,0,0
2026-10-04T14:05:28Z,redis-cart,cartservice,0,0,0,0,0,0,0
2026-10-04T14:05:28Z,redis-cart,checkoutservice,0,0,0,0,0,0,0
2026-10-04T14:05:28Z,redis-cart,currencyservice,0,0,0,0,0,0,0
2026-10-04T14:05:28Z,redis-cart,emailservice,0,0,0,0,0,0,0
2026-10-04T14:05:28Z,redis-cart,frontend,0,0,0,0,0,0,0
2026-10-04T14:05:28Z,redis-cart,kubernetes,0,0,0,0,0,0,0
2026-10-04T14:05:28Z,redis-cart,paymentservice,0,0,0,0,0,0,0
2026-10-04T14:05:28Z,redis-cart,productcatalogservice,0,0,0,0,0,0,0
2026-10-04T14:05:28Z,redis-cart,recommendationservice,0,0,0,0,0,0,0
2026-10-04T14:05:28Z,redis-cart,redis-cart,0,0,0,0,0,0,0
2026-10-04T14:05:28Z,redis-cart,shippingservice,0,0,0,0,0,0,0
2026-10-04T14:05:28Z,shippingservice,adservice,0,0,0,0,0,0,0
2026-10-04T14:05:28Z,shippingservice,cartservice,0,0,0,0,0,0,0
2026-10-04T14:05:28Z,shippingservice,checkoutservice,0,0,0,0,0,0,0
2026-10-04T14:05:28Z,shippingservice,currencyservice,0,0,0,0,0,0,0
2026-10-04T14:05:28Z,shippingservice,emailservice,0,0,0,0,0,0,0
2026-10-04T14:05:28Z,shippingservice,frontend,0,0,0,0,0,0,0
2026-10-04T14:05:28Z,shippingservice,kubernetes,0,0,0,0,0,0,0
2026-10-04T14:05:28Z,shippingservice,paymentservice,0,0,0,0,0,0,0
2026-10-04T14:05:28Z,shippingservice,productcatalogservice,0,0,0,0,0,0,0
2026-10-04T14:05:28Z,shippingservice,recommendationservice,0,0,0,0,0,0,0
2026-10-04T14:05:28Z,shippingservice,redis-cart,0,0,0,0,0,0,0
2026-10-04T14:05:28Z,shippingservice,shippingservice,0,0,0,0,0,0,0
2026-10-04T14:05:29Z,adservice,adservice,0,0,0,0,0,0,0
2026-10-04T14:05:29Z,adservice,cartservice,0,0,0,0,0,0,0
2026-10-04T14:05:29Z,adservice,checkoutservice,0,0,0,0,0,0,0
2026-10-04T14:05:29Z,adservice,currencyservice,0,0,0,0,0,0,0
2026-10-04T14:05:29Z,adservice,emailservice,0,0,0,0,0,0,0
2026-10-04T14:05:29Z,adservice,frontend,0,0,0,0,0,0,0
2026-10-04T14:05:29Z,adservice,kubernetes,0,0,0,0,0,0,0
2026-10-04T14:05:29Z,adservice,paymentservice,0,0,0,0,0,0,0
2026-10-04T14:05:29Z,adservice,productcatalogservice,0,0,0,0,0,0,0
2026-10-04T14:05:29Z,adservice,recommendationservice,0,0,0,0,0,0,0
2026-10-04T14:05:29Z,adservice,redis-cart,0,0,0,0,0,0,0
2026-10-04T14:05:29Z,adservice,shippingservice,0,0,0,0,0,0,0
2026-10-04T14:05:29Z,cartservice,adservice,0,0,0,0,0,0,0
2026-10-04T14:05:29Z,cartservice,cartservice,0,0,0,0,0,0,0
2026-10-04T14:05:29Z,cartservice,checkoutservice,0,0,0,0,0,0,0
2026-10-04T14:05:29Z,cartservice,currencyservice,0,0,0,0,0,0,0
2026-10-04T14:05:29Z,cartservice,emailservice,0,0,0,0,0,0,0
2026-10-04T14:05:29Z,cartservice,frontend,0,0,0,0,0,0,0
2026-10-04T14:05:29Z,cartservice,kubernetes,0,0,0,0,0,0,0
2026-10-04T14:05:29Z,cartservice,paymentservice,0,0,0,0,0,0,0
2026-10-04T14:05:29Z,cartservice,productcatalogservice,0,0,0,0,0,0,0
2026-10-04T14:05:29Z,cartservice,recommendationservice,0,0,0,0,0,0,0
2026-10-04T14:05:29Z,cartservice,redis-cart,2,0,0,0,0,0,0
2026-10-04T14:05:29Z,cartservice,shippingservice,0,0,0,0,0,0,0
2026-10-04T14:05:29Z,checkoutservice,adservice,0,0,0,0,0,0,0
2026-10-04T14:05:29Z,checkoutservice,cartservice,23443,22910,0,62,0,320194,22403
2026-10-04T14:05:29Z,checkoutservice,checkoutservice,0,0,0,0,0,0,0
2026-10-04T14:05:29Z,checkoutservice,currencyservice,17587,17572,0,0,0,269688,17122
2026-10-04T14:05:29Z,checkoutservice,emailservice,2445,2272,0,42,0,112151,2270
2026-10-04T14:05:29Z,checkoutservice,frontend,0,0,0,0,0,0,0
2026-10-04T14:05:29Z,checkoutservice,kubernetes,0,0,0,0,0,0,0
2026-10-04T14:05:29Z,checkoutservice,paymentservice,14310,13425,0,86,0,212470,12961
2026-10-04T14:05:29Z,checkoutservice,productcatalogservice,0,0,0,0,0,0,0
2026-10-04T14:05:29Z,checkoutservice,recommendationservice,0,0,0,0,0,0,0
2026-10-04T14:05:29Z,checkoutservice,redis-cart,0,0,0,0,0,0,0
2026-10-04T14:05:29Z,checkoutservice,shippingservice,26464,25284,0,89,0,247665,24590
2026-10-04T14:05:29Z,currencyservice,adservice,0,0,0,0,0,0,0
2026-10-04T14:05:29Z,currencyservice,cartservice,0,0,0,0,0,0,0
2026-10-04T14:05:29Z,currencyservice,checkoutservice,0,0,0,0,0,0,0
2026-10-04T14:05:29Z,currencyservice,currencyservice,0,0,0,0,0,0,0
2026-10-04T14:05:29Z,currencyservice,emailservice,0,0,0,0,0,0,0
2026-10-04T14:05:29Z,currencyservice,frontend,0,0,0,0,0,0,0
2026-10-04T14:05:29Z,currencyservice,kubernetes,0,0,0,0,0,0,0
2026-10-04T14:05:29Z,currencyservice,paymentservice,0,0,0,0,0,0,0
2026-10-04T14:05:29Z,currencyservice,productcatalogservice,0,0,0,0,0,0,0
2026-10-04T14:05:29Z,currencyservice,recommendationservice,0,0,0,0,0,0,0
2026-10-04T14:05:29Z,currencyservice,redis-cart,0,0,0,0,0,0,0
2026-10-04T14:05:29Z,currencyservice,shippingservice,0,0,0,0,0,0,0
2026-10-04T14:05:29Z,emailservice,adservice,0,0,0,0,0,0,0
2026-10-04T14:05:29Z,emailservice,cartservice,0,0,0,0,0,0,0
2026-10-04T14:05:29Z,emailservice,checkoutservice,0,0,0,0,0,0,0
2026-10-04T14:05:29Z,emailservice,currencyservice,0,0,0,0,0,0,0
2026-10-04T14:05:29Z,emailservice,emailservice,0,0,0,0,0,0,0
2026-10-04T14:05:29Z,emailservice,frontend,0,0,0,0,0,0,0
2026-10-04T14:05:29Z,emailservice,kubernetes,0,0,0,0,0,0,0
2026-10-04T14:05:29Z,emailservice,paymentservice,0,0,0,0,0,0,0
2026-10-04T14:05:29Z,emailservice,productcatalogservice,0,0,0,0,0,0,0
2026-10-04T14:05:29Z,emailservice,recommendationservice,0,0,0,0,0,0,0
2026-10-04T14:05:29Z,emailservice,redis-cart,0,0,0,0,0,0,0
2026-10-04T14:05:29Z,emailservice,shippingservice,0,0,0,0,0,0,0
2026-10-04T14:05:29Z,frontend,adservice,802933,802931,0,0,0,2421389,802683
2026-10-04T14:05:29Z,frontend,cartservice,1780804,1780789,0,0,4,9917216,1780346
2026-10-04T14:05:29Z,frontend,checkoutservice,374663,178210,0,37263,158998,58873706,178186
2026-10-04T14:05:29Z,frontend,currencyservice,2831753,2831742,0,0,0,15044006,2831026
2026-10-04T14:05:29Z,frontend,emailservice,0,0,0,0,0,0,0
2026-10-04T14:05:29Z,frontend,frontend,0,0,0,0,0,0,0
2026-10-04T14:05:29Z,frontend,kubernetes,0,0,0,0,0,0,0
2026-10-04T14:05:29Z,frontend,paymentservice,0,0,0,0,0,0,0
2026-10-04T14:05:29Z,frontend,productcatalogservice,7952972,7952882,0,0,0,54352113,7950598
2026-10-04T14:05:29Z,frontend,recommendationservice,2571568,1572235,0,104145,892890,776289776,1571849
2026-10-04T14:05:29Z,frontend,redis-cart,0,0,0,0,0,0,0
2026-10-04T14:05:29Z,frontend,shippingservice,294503,294501,0,0,0,894103,294408
2026-10-04T14:05:29Z,paymentservice,adservice,0,0,0,0,0,0,0
2026-10-04T14:05:29Z,paymentservice,cartservice,0,0,0,0,0,0,0
2026-10-04T14:05:29Z,paymentservice,checkoutservice,0,0,0,0,0,0,0
2026-10-04T14:05:29Z,paymentservice,currencyservice,0,0,0,0,0,0,0
2026-10-04T14:05:29Z,paymentservice,emailservice,0,0,0,0,0,0,0
2026-10-04T14:05:29Z,paymentservice,frontend,0,0,0,0,0,0,0
2026-10-04T14:05:29Z,paymentservice,kubernetes,0,0,0,0,0,0,0
2026-10-04T14:05:29Z,paymentservice,paymentservice,0,0,0,0,0,0,0
2026-10-04T14:05:29Z,paymentservice,productcatalogservice,0,0,0,0,0,0,0
2026-10-04T14:05:29Z,paymentservice,recommendationservice,0,0,0,0,0,0,0
2026-10-04T14:05:29Z,paymentservice,redis-cart,0,0,0,0,0,0,0
2026-10-04T14:05:29Z,paymentservice,shippingservice,0,0,0,0,0,0,0
2026-10-04T14:05:29Z,productcatalogservice,adservice,0,0,0,0,0,0,0
2026-10-04T14:05:29Z,productcatalogservice,cartservice,0,0,0,0,0,0,0
2026-10-04T14:05:29Z,productcatalogservice,checkoutservice,0,0,0,0,0,0,0
2026-10-04T14:05:29Z,productcatalogservice,currencyservice,0,0,0,0,0,0,0
2026-10-04T14:05:29Z,productcatalogservice,emailservice,0,0,0,0,0,0,0
2026-10-04T14:05:29Z,productcatalogservice,frontend,0,0,0,0,0,0,0
2026-10-04T14:05:29Z,productcatalogservice,kubernetes,0,0,0,0,0,0,0
2026-10-04T14:05:29Z,productcatalogservice,paymentservice,0,0,0,0,0,0,0
2026-10-04T14:05:29Z,productcatalogservice,productcatalogservice,0,0,0,0,0,0,0
2026-10-04T14:05:29Z,productcatalogservice,recommendationservice,0,0,0,0,0,0,0
2026-10-04T14:05:29Z,productcatalogservice,redis-cart,0,0,0,0,0,0,0
2026-10-04T14:05:29Z,productcatalogservice,shippingservice,0,0,0,0,0,0,0
2026-10-04T14:05:29Z,recommendationservice,adservice,0,0,0,0,0,0,0
2026-10-04T14:05:29Z,recommendationservice,cartservice,0,0,0,0,0,0,0
2026-10-04T14:05:29Z,recommendationservice,checkoutservice,0,0,0,0,0,0,0
2026-10-04T14:05:29Z,recommendationservice,currencyservice,0,0,0,0,0,0,0
2026-10-04T14:05:29Z,recommendationservice,emailservice,0,0,0,0,0,0,0
2026-10-04T14:05:29Z,recommendationservice,frontend,0,0,0,0,0,0,0
2026-10-04T14:05:29Z,recommendationservice,kubernetes,0,0,0,0,0,0,0
2026-10-04T14:05:29Z,recommendationservice,paymentservice,0,0,0,0,0,0,0
2026-10-04T14:05:29Z,recommendationservice,productcatalogservice,47369,47366,0,0,0,370858,45470
2026-10-04T14:05:29Z,recommendationservice,recommendationservice,0,0,0,0,0,0,0
2026-10-04T14:05:29Z,recommendationservice,redis-cart,0,0,0,0,0,0,0
2026-10-04T14:05:29Z,recommendationservice,shippingservice,0,0,0,0,0,0,0
2026-10-04T14:05:29Z,redis-cart,adservice,0,0,0,0,0,0,0
2026-10-04T14:05:29Z,redis-cart,cartservice,0,0,0,0,0,0,0
2026-10-04T14:05:29Z,redis-cart,checkoutservice,0,0,0,0,0,0,0
2026-10-04T14:05:29Z,redis-cart,currencyservice,0,0,0,0,0,0,0
2026-10-04T14:05:29Z,redis-cart,emailservice,0,0,0,0,0,0,0
2026-10-04T14:05:29Z,redis-cart,frontend,0,0,0,0,0,0,0
2026-10-04T14:05:29Z,redis-cart,kubernetes,0,0,0,0,0,0,0
2026-10-04T14:05:29Z,redis-cart,paymentservice,0,0,0,0,0,0,0
2026-10-04T14:05:29Z,redis-cart,productcatalogservice,0,0,0,0,0,0,0
2026-10-04T14:05:29Z,redis-cart,recommendationservice,0,0,0,0,0,0,0
2026-10-04T14:05:29Z,redis-cart,redis-cart,0,0,0,0,0,0,0
2026-10-04T14:05:29Z,redis-cart,shippingservice,0,0,0,0,0,0,0
2026-10-04T14:05:29Z,shippingservice,adservice,0,0,0,0,0,0,0
2026-10-04T14:05:29Z,shippingservice,cartservice,0,0,0,0,0,0,0
2026-10-04T14:05:29Z,shippingservice,checkoutservice,0,0,0,0,0,0,0
2026-10-04T14:05:29Z,shippingservice,currencyservice,0,0,0,0,0,0,0
2026-10-04T14:05:29Z,shippingservice,emailservice,0,0,0,0,0,0,0
2026-10-04T14:05:29Z,shippingservice,frontend,0,0,0,0,0,0,0
2026-10-04T14:05:29Z,shippingservice,kubernetes,0,0,0,0,0,0,0
2026-10-04T14:05:29Z,shippingservice,paymentservice,0,0,0,0,0,0,0
2026-10-04T14:05:29Z,shippingservice,productcatalogservice,0,0,0,0,0,0,0
2026-10-04T14:05:29Z,shippingservice,recommendationservice,0,0,0,0,0,0,0
2026-10-04T14:05:29Z,shippingservice,redis-cart,0,0,0,0,0,0,0
2026-10-04T14:05:29Z,shippingservice,shippingservice,0,0,0,0,0,0,0
2026-10-04T14:05:30Z,adservice,adservice,0,0,0,0,0,0,0
2026-10-04T14:05:30Z,adservice,cartservice,0,0,0,0,0,0,0
2026-10-04T14:05:30Z,adservice,checkoutservice,0,0,0,0,0,0,0
2026-10-04T14:05:30Z,adservice,currencyservice,0,0,0,0,0,0,0
2026-10-04T14:05:30Z,adservice,emailservice,0,0,0,0,0,0,0
2026-10-04T14:05:30Z,adservice,frontend,0,0,0,0,0,0,0
2026-10-04T14:05:30Z,adservice,kubernetes,0,0,0,0,0,0,0
2026-10-04T14:05:30Z,adservice,paymentservice,0,0,0,0,0,0,0
2026-10-04T14:05:30Z,adservice,productcatalogservice,0,0,0,0,0,0,0
2026-10-04T14:05:30Z,adservice,recommendationservice,0,0,0,0,0,0,0
2026-10-04T14:05:30Z,adservice,redis-cart,0,0,0,0,0,0,0
2026-10-04T14:05:30Z,adservice,shippingservice,0,0,0,0,0,0,0
2026-10-04T14:05:30Z,cartservice,adservice,0,0,0,0,0,0,0
2026-10-04T14:05:30Z,cartservice,cartservice,0,0,0,0,0,0,0
2026-10-04T14:05:30Z,cartservice,checkoutservice,0,0,0,0,0,0,0
2026-10-04T14:05:30Z,cartservice,currencyservice,0,0,0,0,0,0,0
2026-10-04T14:05:30Z,cartservice,emailservice,0,0,0,0,0,0,0
2026-10-04T14:05:30Z,cartservice,frontend,0,0,0,0,0,0,0
2026-10-04T14:05:30Z,cartservice,kubernetes,0,0,0,0,0,0,0
2026-10-04T14:05:30Z,cartservice,paymentservice,0,0,0,0,0,0,0
2026-10-04T14:05:30Z,cartservice,productcatalogservice,0,0,0,0,0,0,0
2026-10-04T14:05:30Z,cartservice,recommendationservice,0,0,0,0,0,0,0
2026-10-04T14:05:30Z,cartservice,redis-cart,2,0,0,0,0,0,0
2026-10-04T14:05:30Z,cartservice,shippingservice,0,0,0,0,0,0,0
2026-10-04T14:05:30Z,checkoutservice,adservice,0,0,0,0,0,0,0
2026-10-04T14:05:30Z,checkoutservice,cartservice,23649,23107,0,63,0,320194,22403
2026-10-04T14:05:30Z,checkoutservice,checkoutservice,0,0,0,0,0,0,0
2026-10-04T14:05:30Z,checkoutservice,currencyservice,17781,17771,0,0,0,269688,17122
2026-10-04T14:05:30Z,checkoutservice,emailservice,2446,2273,0,42,0,112151,2270
2026-10-04T14:05:30Z,checkoutservice,frontend,0,0,0,0,0,0,0
2026-10-04T14:05:30Z,checkoutservice,kubernetes,0,0,0,0,0,0,0
2026-10-04T14:05:30Z,checkoutservice,paymentservice,14474,13579,0,88,0,212470,12961
2026-10-04T14:05:30Z,checkoutservice,productcatalogservice,0,0,0,0,0,0,0
2026-10-04T14:05:30Z,checkoutservice,recommendationservice,0,0,0,0,0,0,0
2026-10-04T14:05:30Z,checkoutservice,redis-cart,0,0,0,0,0,0,0
2026-10-04T14:05:30Z,checkoutservice,shippingservice,26726,25533,0,90,0,247665,24590
2026-10-04T14:05:30Z,currencyservice,adservice,0,0,0,0,0,0,0
2026-10-04T14:05:30Z,currencyservice,cartservice,0,0,0,0,0,0,0
2026-10-04T14:05:30Z,currencyservice,checkoutservice,0,0,0,0,0,0,0
2026-10-04T14:05:30Z,currencyservice,currencyservice,0,0,0,0,0,0,0
2026-10-04T14:05:30Z,currencyservice,emailservice,0,0,0,0,0,0,0
2026-10-04T14:05:30Z,currencyservice,frontend,0,0,0,0,0,0,0
2026-10-04T14:05:30Z,currencyservice,kubernetes,0,0,0,0,0,0,0
2026-10-04T14:05:30Z,currencyservice,paymentservice,0,0,0,0,0,0,0
2026-10-04T14:05:30Z,currencyservice,productcatalogservice,0,0,0,0,0,0,0
2026-10-04T14:05:30Z,currencyservice,recommendationservice,0,0,0,0,0,0,0
2026-10-04T14:05:30Z,currencyservice,redis-cart,0,0,0,0,0,0,0
2026-10-04T14:05:30Z,currencyservice,shippingservice,0,0,0,0,0,0,0
2026-10-04T14:05:30Z,emailservice,adservice,0,0,0,0,0,0,0
2026-10-04T14:05:30Z,emailservice,cartservice,0,0,0,0,0,0,0
2026-10-04T14:05:30Z,emailservice,checkoutservice,0,0,0,0,0,0,0
2026-10-04T14:05:30Z,emailservice,currencyservice,0,0,0,0,0,0,0
2026-10-04T14:05:30Z,emailservice,emailservice,0,0,0,0,0,0,0
2026-10-04T14:05:30Z,emailservice,frontend,0,0,0,0,0,0,0
2026-10-04T14:05:30Z,emailservice,kubernetes,0,0,0,0,0,0,0
2026-10-04T14:05:30Z,emailservice,paymentservice,0,0,0,0,0,0,0
2026-10-04T14:05:30Z,emailservice,productcatalogservice,0,0,0,0,0,0,0
2026-10-04T14:05:30Z,emailservice,recommendationservice,0,0,0,0,0,0,0
2026-10-04T14:05:30Z,emailservice,redis-cart,0,0,0,0,0,0,0
2026-10-04T14:05:30Z,emailservice,shippingservice,0,0,0,0,0,0,0
2026-10-04T14:05:30Z,frontend,adservice,803246,803244,0,0,0,2421389,802683
2026-10-04T14:05:30Z,frontend,cartservice,1781278,1781263,0,0,4,9917216,1780346
2026-10-04T14:05:30Z,frontend,checkoutservice,374856,178234,0,37293,159146,58873706,178186
2026-10-04T14:05:30Z,frontend,currencyservice,2832514,2832502,0,0,0,15044006,2831026
2026-10-04T14:05:30Z,frontend,emailservice,0,0,0,0,0,0,0
2026-10-04T14:05:30Z,frontend,frontend,0,0,0,0,0,0,0
2026-10-04T14:05:30Z,frontend,kubernetes,0,0,0,0,0,0,0
2026-10-04T14:05:30Z,frontend,paymentservice,0,0,0,0,0,0,0
2026-10-04T14:05:30Z,frontend,productcatalogservice,7955599,7955524,0,0,0,54352113,7950598
2026-10-04T14:05:30Z,frontend,recommendationservice,2572000,1572686,0,104145,892890,776289776,1571849
2026-10-04T14:05:30Z,frontend,redis-cart,0,0,0,0,0,0,0
2026-10-04T14:05:30Z,frontend,shippingservice,294611,294608,0,0,0,894103,294408
2026-10-04T14:05:30Z,paymentservice,adservice,0,0,0,0,0,0,0
2026-10-04T14:05:30Z,paymentservice,cartservice,0,0,0,0,0,0,0
2026-10-04T14:05:30Z,paymentservice,checkoutservice,0,0,0,0,0,0,0
2026-10-04T14:05:30Z,paymentservice,currencyservice,0,0,0,0,0,0,0
2026-10-04T14:05:30Z,paymentservice,emailservice,0,0,0,0,0,0,0
2026-10-04T14:05:30Z,paymentservice,frontend,0,0,0,0,0,0,0
2026-10-04T14:05:30Z,paymentservice,kubernetes,0,0,0,0,0,0,0
2026-10-04T14:05:30Z,paymentservice,paymentservice,0,0,0,0,0,0,0
2026-10-04T14:05:30Z,paymentservice,productcatalogservice,0,0,0,0,0,0,0
2026-10-04T14:05:30Z,paymentservice,recommendationservice,0,0,0,0,0,0,0
2026-10-04T14:05:30Z,paymentservice,redis-cart,0,0,0,0,0,0,0
2026-10-04T14:05:30Z,paymentservice,shippingservice,0,0,0,0,0,0,0
2026-10-04T14:05:30Z,productcatalogservice,adservice,0,0,0,0,0,0,0
2026-10-04T14:05:30Z,productcatalogservice,cartservice,0,0,0,0,0,0,0
2026-10-04T14:05:30Z,productcatalogservice,checkoutservice,0,0,0,0,0,0,0
2026-10-04T14:05:30Z,productcatalogservice,currencyservice,0,0,0,0,0,0,0
2026-10-04T14:05:30Z,productcatalogservice,emailservice,0,0,0,0,0,0,0
2026-10-04T14:05:30Z,productcatalogservice,frontend,0,0,0,0,0,0,0
2026-10-04T14:05:30Z,productcatalogservice,kubernetes,0,0,0,0,0,0,0
2026-10-04T14:05:30Z,productcatalogservice,paymentservice,0,0,0,0,0,0,0
2026-10-04T14:05:30Z,productcatalogservice,productcatalogservice,0,0,0,0,0,0,0
2026-10-04T14:05:30Z,productcatalogservice,recommendationservice,0,0,0,0,0,0,0
2026-10-04T14:05:30Z,productcatalogservice,redis-cart,0,0,0,0,0,0,0
2026-10-04T14:05:30Z,productcatalogservice,shippingservice,0,0,0,0,0,0,0
2026-10-04T14:05:30Z,recommendationservice,adservice,0,0,0,0,0,0,0
2026-10-04T14:05:30Z,recommendationservice,cartservice,0,0,0,0,0,0,0
2026-10-04T14:05:30Z,recommendationservice,checkoutservice,0,0,0,0,0,0,0
2026-10-04T14:05:30Z,recommendationservice,currencyservice,0,0,0,0,0,0,0
2026-10-04T14:05:30Z,recommendationservice,emailservice,0,0,0,0,0,0,0
2026-10-04T14:05:30Z,recommendationservice,frontend,0,0,0,0,0,0,0
2026-10-04T14:05:30Z,recommendationservice,kubernetes,0,0,0,0,0,0,0
2026-10-04T14:05:30Z,recommendationservice,paymentservice,0,0,0,0,0,0,0
2026-10-04T14:05:30Z,recommendationservice,productcatalogservice,47816,47809,0,0,0,391951,47667
2026-10-04T14:05:30Z,recommendationservice,recommendationservice,0,0,0,0,0,0,0
2026-10-04T14:05:30Z,recommendationservice,redis-cart,0,0,0,0,0,0,0
2026-10-04T14:05:30Z,recommendationservice,shippingservice,0,0,0,0,0,0,0
2026-10-04T14:05:30Z,redis-cart,adservice,0,0,0,0,0,0,0
2026-10-04T14:05:30Z,redis-cart,cartservice,0,0,0,0,0,0,0
2026-10-04T14:05:30Z,redis-cart,checkoutservice,0,0,0,0,0,0,0
2026-10-04T14:05:30Z,redis-cart,currencyservice,0,0,0,0,0,0,0
2026-10-04T14:05:30Z,redis-cart,emailservice,0,0,0,0,0,0,0
2026-10-04T14:05:30Z,redis-cart,frontend,0,0,0,0,0,0,0
2026-10-04T14:05:30Z,redis-cart,kubernetes,0,0,0,0,0,0,0
2026-10-04T14:05:30Z,redis-cart,paymentservice,0,0,0,0,0,0,0
2026-10-04T14:05:30Z,redis-cart,productcatalogservice,0,0,0,0,0,0,0
2026-10-04T14:05:30Z,redis-cart,recommendationservice,0,0,0,0,0,0,0
2026-10-04T14:05:30Z,redis-cart,redis-cart,0,0,0,0,0,0,0
2026-10-04T14:05:30Z,redis-cart,shippingservice,0,0,0,0,0,0,0
2026-10-04T14:05:30Z,shippingservice,adservice,0,0,0,0,0,0,0
2026-10-04T14:05:30Z,shippingservice,cartservice,0,0,0,0,0,0,0
2026-10-04T14:05:30Z,shippingservice,checkoutservice,0,0,0,0,0,0,0
2026-10-04T14:05:30Z,shippingservice,currencyservice,0,0,0,0,0,0,0
2026-10-04T14:05:30Z,shippingservice,emailservice,0,0,0,0,0,0,0
2026-10-04T14:05:30Z,shippingservice,frontend,0,0,0,0,0,0,0
2026-10-04T14:05:30Z,shippingservice,kubernetes,0,0,0,0,0,0,0
2026-10-04T14:05:30Z,shippingservice,paymentservice,0,0,0,0,0,0,0
2026-10-04T14:05:30Z,shippingservice,productcatalogservice,0,0,0,0,0,0,0
2026-10-04T14:05:30Z,shippingservice,recommendationservice,0,0,0,0,0,0,0
2026-10-04T14:05:30Z,shippingservice,redis-cart,0,0,0,0,0,0,0
2026-10-04T14:05:30Z,shippingservice,shippingservice,0,0,0,0,0,0,0
2026-10-04T14:05:31Z,adservice,adservice,0,0,0,0,0,0,0
2026-10-04T14:05:31Z,adservice,cartservice,0,0,0,0,0,0,0
2026-10-04T14:05:31Z,adservice,checkoutservice,0,0,0,0,0,0,0
2026-10-04T14:05:31Z,adservice,currencyservice,0,0,0,0,0,0,0
2026-10-04T14:05:31Z,adservice,emailservice,0,0,0,0,0,0,0
2026-10-04T14:05:31Z,adservice,frontend,0,0,0,0,0,0,0
2026-10-04T14:05:31Z,adservice,kubernetes,0,0,0,0,0,0,0
2026-10-04T14:05:31Z,adservice,paymentservice,0,0,0,0,0,0,0
2026-10-04T14:05:31Z,adservice,productcatalogservice,0,0,0,0,0,0,0
2026-10-04T14:05:31Z,adservice,recommendationservice,0,0,0,0,0,0,0
2026-10-04T14:05:31Z,adservice,redis-cart,0,0,0,0,0,0,0
2026-10-04T14:05:31Z,adservice,shippingservice,0,0,0,0,0,0,0
2026-10-04T14:05:31Z,cartservice,adservice,0,0,0,0,0,0,0
2026-10-04T14:05:31Z,cartservice,cartservice,0,0,0,0,0,0,0
2026-10-04T14:05:31Z,cartservice,checkoutservice,0,0,0,0,0,0,0
2026-10-04T14:05:31Z,cartservice,currencyservice,0,0,0,0,0,0,0
2026-10-04T14:05:31Z,cartservice,emailservice,0,0,0,0,0,0,0
2026-10-04T14:05:31Z,cartservice,frontend,0,0,0,0,0,0,0
2026-10-04T14:05:31Z,cartservice,kubernetes,0,0,0,0,0,0,0
2026-10-04T14:05:31Z,cartservice,paymentservice,0,0,0,0,0,0,0
2026-10-04T14:05:31Z,cartservice,productcatalogservice,0,0,0,0,0,0,0
2026-10-04T14:05:31Z,cartservice,recommendationservice,0,0,0,0,0,0,0
2026-10-04T14:05:31Z,cartservice,redis-cart,2,0,0,0,0,0,0
2026-10-04T14:05:31Z,cartservice,shippingservice,0,0,0,0,0,0,0
2026-10-04T14:05:31Z,checkoutservice,adservice,0,0,0,0,0,0,0
2026-10-04T14:05:31Z,checkoutservice,cartservice,23882,23335,0,63,0,320194,22403
2026-10-04T14:05:31Z,checkoutservice,checkoutservice,0,0,0,0,0,0,0
2026-10-04T14:05:31Z,checkoutservice,currencyservice,17978,17966,0,0,0,269688,17122
2026-10-04T14:05:31Z,checkoutservice,emailservice,2448,2274,0,42,0,112151,2270
2026-10-04T14:05:31Z,checkoutservice,frontend,0,0,0,0,0,0,0
2026-10-04T14:05:31Z,checkoutservice,kubernetes,0,0,0,0,0,0,0
2026-10-04T14:05:31Z,checkoutservice,paymentservice,14642,13735,0,89,0,212470,12961
2026-10-04T14:05:31Z,checkoutservice,productcatalogservice,0,0,0,0,0,0,0
2026-10-04T14:05:31Z,checkoutservice,recommendationservice,0,0,0,0,0,0,0
2026-10-04T14:05:31Z,checkoutservice,redis-cart,0,0,0,0,0,0,0
2026-10-04T14:05:31Z,checkoutservice,shippingservice,27025,25815,0,90,0,247665,24590
2026-10-04T14:05:31Z,currencyservice,adservice,0,0,0,0,0,0,0
2026-10-04T14:05:31Z,currencyservice,cartservice,0,0,0,0,0,0,0
2026-10-04T14:05:31Z,currencyservice,checkoutservice,0,0,0,0,0,0,0
2026-10-04T14:05:31Z,currencyservice,currencyservice,0,0,0,0,0,0,0
2026-10-04T14:05:31Z,currencyservice,emailservice,0,0,0,0,0,0,0
2026-10-04T14:05:31Z,currencyservice,frontend,0,0,0,0,0,0,0
2026-10-04T14:05:31Z,currencyservice,kubernetes,0,0,0,0,0,0,0
2026-10-04T14:05:31Z,currencyservice,paymentservice,0,0,0,0,0,0,0
2026-10-04T14:05:31Z,currencyservice,productcatalogservice,0,0,0,0,0,0,0
2026-10-04T14:05:31Z,currencyservice,recommendationservice,0,0,0,0,0,0,0
2026-10-04T14:05:31Z,currencyservice,redis-cart,0,0,0,0,0,0,0
2026-10-04T14:05:31Z,currencyservice,shippingservice,0,0,0,0,0,0,0
2026-10-04T14:05:31Z,emailservice,adservice,0,0,0,0,0,0,0
2026-10-04T14:05:31Z,emailservice,cartservice,0,0,0,0,0,0,0
2026-10-04T14:05:31Z,emailservice,checkoutservice,0,0,0,0,0,0,0
2026-10-04T14:05:31Z,emailservice,currencyservice,0,0,0,0,0,0,0
2026-10-04T14:05:31Z,emailservice,emailservice,0,0,0,0,0,0,0
2026-10-04T14:05:31Z,emailservice,frontend,0,0,0,0,0,0,0
2026-10-04T14:05:31Z,emailservice,kubernetes,0,0,0,0,0,0,0
2026-10-04T14:05:31Z,emailservice,paymentservice,0,0,0,0,0,0,0
2026-10-04T14:05:31Z,emailservice,productcatalogservice,0,0,0,0,0,0,0
2026-10-04T14:05:31Z,emailservice,recommendationservice,0,0,0,0,0,0,0
2026-10-04T14:05:31Z,emailservice,redis-cart,0,0,0,0,0,0,0
2026-10-04T14:05:31Z,emailservice,shippingservice,0,0,0,0,0,0,0
2026-10-04T14:05:31Z,frontend,adservice,803505,803503,0,0,0,2421389,802683
2026-10-04T14:05:31Z,frontend,cartservice,1781737,1781725,0,0,4,9917216,1780346
2026-10-04T14:05:31Z,frontend,checkoutservice,375047,178255,0,37336,159262,58873706,178186
2026-10-04T14:05:31Z,frontend,currencyservice,2833251,2833236,0,0,0,15044006,2831026
2026-10-04T14:05:31Z,frontend,emailservice,0,0,0,0,0,0,0
2026-10-04T14:05:31Z,frontend,frontend,0,0,0,0,0,0,0
2026-10-04T14:05:31Z,frontend,kubernetes,0,0,0,0,0,0,0
2026-10-04T14:05:31Z,frontend,paymentservice,0,0,0,0,0,0,0
2026-10-04T14:05:31Z,frontend,productcatalogservice,7958145,7958066,0,0,0,54352113,7950598
2026-10-04T14:05:31Z,frontend,recommendationservice,2572434,1573126,0,104145,892890,776289776,1571849
2026-10-04T14:05:31Z,frontend,redis-cart,0,0,0,0,0,0,0
2026-10-04T14:05:31Z,frontend,shippingservice,294712,294710,0,0,0,894103,294408
2026-10-04T14:05:31Z,paymentservice,adservice,0,0,0,0,0,0,0
2026-10-04T14:05:31Z,paymentservice,cartservice,0,0,0,0,0,0,0
2026-10-04T14:05:31Z,paymentservice,checkoutservice,0,0,0,0,0,0,0
2026-10-04T14:05:31Z,paymentservice,currencyservice,0,0,0,0,0,0,0
2026-10-04T14:05:31Z,paymentservice,emailservice,0,0,0,0,0,0,0
2026-10-04T14:05:31Z,paymentservice,frontend,0,0,0,0,0,0,0
2026-10-04T14:05:31Z,paymentservice,kubernetes,0,0,0,0,0,0,0
2026-10-04T14:05:31Z,paymentservice,paymentservice,0,0,0,0,0,0,0
2026-10-04T14:05:31Z,paymentservice,productcatalogservice,0,0,0,0,0,0,0
2026-10-04T14:05:31Z,paymentservice,recommendationservice,0,0,0,0,0,0,0
2026-10-04T14:05:31Z,paymentservice,redis-cart,0,0,0,0,0,0,0
2026-10-04T14:05:31Z,paymentservice,shippingservice,0,0,0,0,0,0,0
2026-10-04T14:05:31Z,productcatalogservice,adservice,0,0,0,0,0,0,0
2026-10-04T14:05:31Z,productcatalogservice,cartservice,0,0,0,0,0,0,0
2026-10-04T14:05:31Z,productcatalogservice,checkoutservice,0,0,0,0,0,0,0
2026-10-04T14:05:31Z,productcatalogservice,currencyservice,0,0,0,0,0,0,0
2026-10-04T14:05:31Z,productcatalogservice,emailservice,0,0,0,0,0,0,0
2026-10-04T14:05:31Z,productcatalogservice,frontend,0,0,0,0,0,0,0
2026-10-04T14:05:31Z,productcatalogservice,kubernetes,0,0,0,0,0,0,0
2026-10-04T14:05:31Z,productcatalogservice,paymentservice,0,0,0,0,0,0,0
2026-10-04T14:05:31Z,productcatalogservice,productcatalogservice,0,0,0,0,0,0,0
2026-10-04T14:05:31Z,productcatalogservice,recommendationservice,0,0,0,0,0,0,0
2026-10-04T14:05:31Z,productcatalogservice,redis-cart,0,0,0,0,0,0,0
2026-10-04T14:05:31Z,productcatalogservice,shippingservice,0,0,0,0,0,0,0
2026-10-04T14:05:31Z,recommendationservice,adservice,0,0,0,0,0,0,0
2026-10-04T14:05:31Z,recommendationservice,cartservice,0,0,0,0,0,0,0
2026-10-04T14:05:31Z,recommendationservice,checkoutservice,0,0,0,0,0,0,0
2026-10-04T14:05:31Z,recommendationservice,currencyservice,0,0,0,0,0,0,0
2026-10-04T14:05:31Z,recommendationservice,emailservice,0,0,0,0,0,0,0
2026-10-04T14:05:31Z,recommendationservice,frontend,0,0,0,0,0,0,0
2026-10-04T14:05:31Z,recommendationservice,kubernetes,0,0,0,0,0,0,0
2026-10-04T14:05:31Z,recommendationservice,paymentservice,0,0,0,0,0,0,0
2026-10-04T14:05:31Z,recommendationservice,productcatalogservice,48263,48258,0,0,0,391951,47667
2026-10-04T14:05:31Z,recommendationservice,recommendationservice,0,0,0,0,0,0,0
2026-10-04T14:05:31Z,recommendationservice,redis-cart,0,0,0,0,0,0,0
2026-10-04T14:05:31Z,recommendationservice,shippingservice,0,0,0,0,0,0,0
2026-10-04T14:05:31Z,redis-cart,adservice,0,0,0,0,0,0,0
2026-10-04T14:05:31Z,redis-cart,cartservice,0,0,0,0,0,0,0
2026-10-04T14:05:31Z,redis-cart,checkoutservice,0,0,0,0,0,0,0
2026-10-04T14:05:31Z,redis-cart,currencyservice,0,0,0,0,0,0,0
2026-10-04T14:05:31Z,redis-cart,emailservice,0,0,0,0,0,0,0
2026-10-04T14:05:31Z,redis-cart,frontend,0,0,0,0,0,0,0
2026-10-04T14:05:31Z,redis-cart,kubernetes,0,0,0,0,0,0,0
2026-10-04T14:05:31Z,redis-cart,paymentservice,0,0,0,0,0,0,0
2026-10-04T14:05:31Z,redis-cart,productcatalogservice,0,0,0,0,0,0,0
2026-10-04T14:05:31Z,redis-cart,recommendationservice,0,0,0,0,0,0,0
2026-10-04T14:05:31Z,redis-cart,redis-cart,0,0,0,0,0,0,0
2026-10-04T14:05:31Z,redis-cart,shippingservice,0,0,0,0,0,0,0
2026-10-04T14:05:31Z,shippingservice,adservice,0,0,0,0,0,0,0
2026-10-04T14:05:31Z,shippingservice,cartservice,0,0,0,0,0,0,0
2026-10-04T14:05:31Z,shippingservice,checkoutservice,0,0,0,0,0,0,0
2026-10-04T14:05:31Z,shippingservice,currencyservice,0,0,0,0,0,0,0
2026-10-04T14:05:31Z,shippingservice,emailservice,0,0,0,0,0,0,0
2026-10-04T14:05:31Z,shippingservice,frontend,0,0,0,0,0,0,0
2026-10-04T14:05:31Z,shippingservice,kubernetes,0,0,0,0,0,0,0
2026-10-04T14:05:31Z,shippingservice,paymentservice,0,0,0,0,0,0,0
2026-10-04T14:05:31Z,shippingservice,productcatalogservice,0,0,0,0,0,0,0
2026-10-04T14:05:31Z,shippingservice,recommendationservice,0,0,0,0,0,0,0
2026-10-04T14:05:31Z,shippingservice,redis-cart,0,0,0,0,0,0,0
2026-10-04T14:05:31Z,shippingservice,shippingservice,0,0,0,0,0,0,0
2026-10-04T14:05:32Z,adservice,adservice,0,0,0,0,0,0,0
2026-10-04T14:05:32Z,adservice,cartservice,0,0,0,0,0,0,0
2026-10-04T14:05:32Z,adservice,checkoutservice,0,0,0,0,0,0,0
2026-10-04T14:05:32Z,adservice,currencyservice,0,0,0,0,0,0,0
2026-10-04T14:05:32Z,adservice,emailservice,0,0,0,0,0,0,0
2026-10-04T14:05:32Z,adservice,frontend,0,0,0,0,0,0,0
2026-10-04T14:05:32Z,adservice,kubernetes,0,0,0,0,0,0,0
2026-10-04T14:05:32Z,adservice,paymentservice,0,0,0,0,0,0,0
2026-10-04T14:05:32Z,adservice,productcatalogservice,0,0,0,0,0,0,0
2026-10-04T14:05:32Z,adservice,recommendationservice,0,0,0,0,0,0,0
2026-10-04T14:05:32Z,adservice,redis-cart,0,0,0,0,0,0,0
2026-10-04T14:05:32Z,adservice,shippingservice,0,0,0,0,0,0,0
2026-10-04T14:05:32Z,cartservice,adservice,0,0,0,0,0,0,0
2026-10-04T14:05:32Z,cartservice,cartservice,0,0,0,0,0,0,0
2026-10-04T14:05:32Z,cartservice,checkoutservice,0,0,0,0,0,0,0
2026-10-04T14:05:32Z,cartservice,currencyservice,0,0,0,0,0,0,0
2026-10-04T14:05:32Z,cartservice,emailservice,0,0,0,0,0,0,0
2026-10-04T14:05:32Z,cartservice,frontend,0,0,0,0,0,0,0
2026-10-04T14:05:32Z,cartservice,kubernetes,0,0,0,0,0,0,0
2026-10-04T14:05:32Z,cartservice,paymentservice,0,0,0,0,0,0,0
2026-10-04T14:05:32Z,cartservice,productcatalogservice,0,0,0,0,0,0,0
2026-10-04T14:05:32Z,cartservice,recommendationservice,0,0,0,0,0,0,0
2026-10-04T14:05:32Z,cartservice,redis-cart,2,0,0,0,0,0,0
2026-10-04T14:05:32Z,cartservice,shippingservice,0,0,0,0,0,0,0
2026-10-04T14:05:32Z,checkoutservice,adservice,0,0,0,0,0,0,0
2026-10-04T14:05:32Z,checkoutservice,cartservice,24103,23558,0,63,0,336991,23450
2026-10-04T14:05:32Z,checkoutservice,checkoutservice,0,0,0,0,0,0,0
2026-10-04T14:05:32Z,checkoutservice,currencyservice,18200,18148,0,0,0,285462,18083
2026-10-04T14:05:32Z,checkoutservice,emailservice,2452,2275,0,42,0,112199,2275
2026-10-04T14:05:32Z,checkoutservice,frontend,0,0,0,0,0,0,0
2026-10-04T14:05:32Z,checkoutservice,kubernetes,0,0,0,0,0,0,0
2026-10-04T14:05:32Z,checkoutservice,paymentservice,14805,13881,0,92,0,227192,13751
2026-10-04T14:05:32Z,checkoutservice,productcatalogservice,0,0,0,0,0,0,0
2026-10-04T14:05:32Z,checkoutservice,recommendationservice,0,0,0,0,0,0,0
2026-10-04T14:05:32Z,checkoutservice,redis-cart,0,0,0,0,0,0,0
2026-10-04T14:05:32Z,checkoutservice,shippingservice,27313,26091,0,95,0,262502,25954
2026-10-04T14:05:32Z,currencyservice,adservice,0,0,0,0,0,0,0
2026-10-04T14:05:32Z,currencyservice,cartservice,0,0,0,0,0,0,0
2026-10-04T14:05:32Z,currencyservice,checkoutservice,0,0,0,0,0,0,0
2026-10-04T14:05:32Z,currencyservice,currencyservice,0,0,0,0,0,0,0
2026-10-04T14:05:32Z,currencyservice,emailservice,0,0,0,0,0,0,0
2026-10-04T14:05:32Z,currencyservice,frontend,0,0,0,0,0,0,0
2026-10-04T14:05:32Z,currencyservice,kubernetes,0,0,0,0,0,0,0
2026-10-04T14:05:32Z,currencyservice,paymentservice,0,0,0,0,0,0,0
2026-10-04T14:05:32Z,currencyservice,productcatalogservice,0,0,0,0,0,0,0
2026-10-04T14:05:32Z,currencyservice,recommendationservice,0,0,0,0,0,0,0
2026-10-04T14:05:32Z,currencyservice,redis-cart,0,0,0,0,0,0,0
2026-10-04T14:05:32Z,currencyservice,shippingservice,0,0,0,0,0,0,0
2026-10-04T14:05:32Z,emailservice,adservice,0,0,0,0,0,0,0
2026-10-04T14:05:32Z,emailservice,cartservice,0,0,0,0,0,0,0
2026-10-04T14:05:32Z,emailservice,checkoutservice,0,0,0,0,0,0,0
2026-10-04T14:05:32Z,emailservice,currencyservice,0,0,0,0,0,0,0
2026-10-04T14:05:32Z,emailservice,emailservice,0,0,0,0,0,0,0
2026-10-04T14:05:32Z,emailservice,frontend,0,0,0,0,0,0,0
2026-10-04T14:05:32Z,emailservice,kubernetes,0,0,0,0,0,0,0
2026-10-04T14:05:32Z,emailservice,paymentservice,0,0,0,0,0,0,0
2026-10-04T14:05:32Z,emailservice,productcatalogservice,0,0,0,0,0,0,0
2026-10-04T14:05:32Z,emailservice,recommendationservice,0,0,0,0,0,0,0
2026-10-04T14:05:32Z,emailservice,redis-cart,0,0,0,0,0,0,0
2026-10-04T14:05:32Z,emailservice,shippingservice,0,0,0,0,0,0,0
2026-10-04T14:05:32Z,frontend,adservice,803807,803805,0,0,0,2421389,802683
2026-10-04T14:05:32Z,frontend,cartservice,1782213,1782197,0,0,4,9917216,1780346
2026-10-04T14:05:32Z,frontend,checkoutservice,375268,178285,0,37360,159426,58873706,178186
2026-10-04T14:05:32Z,frontend,currencyservice,2834010,2834000,0,0,0,15044006,2831026
2026-10-04T14:05:32Z,frontend,emailservice,0,0,0,0,0,0,0
2026-10-04T14:05:32Z,frontend,frontend,0,0,0,0,0,0,0
2026-10-04T14:05:32Z,frontend,kubernetes,0,0,0,0,0,0,0
2026-10-04T14:05:32Z,frontend,paymentservice,0,0,0,0,0,0,0
2026-10-04T14:05:32Z,frontend,productcatalogservice,7960881,7960793,0,0,0,54352113,7950598
2026-10-04T14:05:32Z,frontend,recommendationservice,2572864,1573601,0,104145,892890,776289776,1571849
2026-10-04T14:05:32Z,frontend,redis-cart,0,0,0,0,0,0,0
2026-10-04T14:05:32Z,frontend,shippingservice,294820,294818,0,0,0,894103,294408
2026-10-04T14:05:32Z,paymentservice,adservice,0,0,0,0,0,0,0
2026-10-04T14:05:32Z,paymentservice,cartservice,0,0,0,0,0,0,0
2026-10-04T14:05:32Z,paymentservice,checkoutservice,0,0,0,0,0,0,0
2026-10-04T14:05:32Z,paymentservice,currencyservice,0,0,0,0,0,0,0
2026-10-04T14:05:32Z,paymentservice,emailservice,0,0,0,0,0,0,0
2026-10-04T14:05:32Z,paymentservice,frontend,0,0,0,0,0,0,0
2026-10-04T14:05:32Z,paymentservice,kubernetes,0,0,0,0,0,0,0
2026-10-04T14:05:32Z,paymentservice,paymentservice,0,0,0,0,0,0,0
2026-10-04T14:05:32Z,paymentservice,productcatalogservice,0,0,0,0,0,0,0
2026-10-04T14:05:32Z,paymentservice,recommendationservice,0,0,0,0,0,0,0
2026-10-04T14:05:32Z,paymentservice,redis-cart,0,0,0,0,0,0,0
2026-10-04T14:05:32Z,paymentservice,shippingservice,0,0,0,0,0,0,0
2026-10-04T14:05:32Z,productcatalogservice,adservice,0,0,0,0,0,0,0
2026-10-04T14:05:32Z,productcatalogservice,cartservice,0,0,0,0,0,0,0
2026-10-04T14:05:32Z,productcatalogservice,checkoutservice,0,0,0,0,0,0,0
2026-10-04T14:05:32Z,productcatalogservice,currencyservice,0,0,0,0,0,0,0
2026-10-04T14:05:32Z,productcatalogservice,emailservice,0,0,0,0,0,0,0
2026-10-04T14:05:32Z,productcatalogservice,frontend,0,0,0,0,0,0,0
2026-10-04T14:05:32Z,productcatalogservice,kubernetes,0,0,0,0,0,0,0
2026-10-04T14:05:32Z,productcatalogservice,paymentservice,0,0,0,0,0,0,0
2026-10-04T14:05:32Z,productcatalogservice,productcatalogservice,0,0,0,0,0,0,0
2026-10-04T14:05:32Z,productcatalogservice,recommendationservice,0,0,0,0,0,0,0
2026-10-04T14:05:32Z,productcatalogservice,redis-cart,0,0,0,0,0,0,0
2026-10-04T14:05:32Z,productcatalogservice,shippingservice,0,0,0,0,0,0,0
2026-10-04T14:05:32Z,recommendationservice,adservice,0,0,0,0,0,0,0
2026-10-04T14:05:32Z,recommendationservice,cartservice,0,0,0,0,0,0,0
2026-10-04T14:05:32Z,recommendationservice,checkoutservice,0,0,0,0,0,0,0
2026-10-04T14:05:32Z,recommendationservice,currencyservice,0,0,0,0,0,0,0
2026-10-04T14:05:32Z,recommendationservice,emailservice,0,0,0,0,0,0,0
2026-10-04T14:05:32Z,recommendationservice,frontend,0,0,0,0,0,0,0
2026-10-04T14:05:32Z,recommendationservice,kubernetes,0,0,0,0,0,0,0
2026-10-04T14:05:32Z,recommendationservice,paymentservice,0,0,0,0,0,0,0
2026-10-04T14:05:32Z,recommendationservice,productcatalogservice,48733,48723,0,0,0,391951,47667
2026-10-04T14:05:32Z,recommendationservice,recommendationservice,0,0,0,0,0,0,0
2026-10-04T14:05:32Z,recommendationservice,redis-cart,0,0,0,0,0,0,0
2026-10-04T14:05:32Z,recommendationservice,shippingservice,0,0,0,0,0,0,0
2026-10-04T14:05:32Z,redis-cart,adservice,0,0,0,0,0,0,0
2026-10-04T14:05:32Z,redis-cart,cartservice,0,0,0,0,0,0,0
2026-10-04T14:05:32Z,redis-cart,checkoutservice,0,0,0,0,0,0,0
2026-10-04T14:05:32Z,redis-cart,currencyservice,0,0,0,0,0,0,0
2026-10-04T14:05:32Z,redis-cart,emailservice,0,0,0,0,0,0,0
2026-10-04T14:05:32Z,redis-cart,frontend,0,0,0,0,0,0,0
2026-10-04T14:05:32Z,redis-cart,kubernetes,0,0,0,0,0,0,0
2026-10-04T14:05:32Z,redis-cart,paymentservice,0,0,0,0,0,0,0
2026-10-04T14:05:32Z,redis-cart,productcatalogservice,0,0,0,0,0,0,0
2026-10-04T14:05:32Z,redis-cart,recommendationservice,0,0,0,0,0,0,0
2026-10-04T14:05:32Z,redis-cart,redis-cart,0,0,0,0,0,0,0
2026-10-04T14:05:32Z,redis-cart,shippingservice,0,0,0,0,0,0,0
2026-10-04T14:05:32Z,shippingservice,adservice,0,0,0,0,0,0,0
2026-10-04T14:05:32Z,shippingservice,cartservice,0,0,0,0,0,0,0
2026-10-04T14:05:32Z,shippingservice,checkoutservice,0,0,0,0,0,0,0
2026-10-04T14:05:32Z,shippingservice,currencyservice,0,0,0,0,0,0,0
2026-10-04T14:05:32Z,shippingservice,emailservice,0,0,0,0,0,0,0
2026-10-04T14:05:32Z,shippingservice,frontend,0,0,0,0,0,0,0
2026-10-04T14:05:32Z,shippingservice,kubernetes,0,0,0,0,0,0,0
2026-10-04T14:05:32Z,shippingservice,paymentservice,0,0,0,0,0,0,0
2026-10-04T14:05:32Z,shippingservice,productcatalogservice,0,0,0,0,0,0,0
2026-10-04T14:05:32Z,shippingservice,recommendationservice,0,0,0,0,0,0,0
2026-10-04T14:05:32Z,shippingservice,redis-cart,0,0,0,0,0,0,0
2026-10-04T14:05:32Z,shippingservice,shippingservice,0,0,0,0,0,0,0
2026-10-04T14:05:33Z,adservice,adservice,0,0,0,0,0,0,0
2026-10-04T14:05:33Z,adservice,cartservice,0,0,0,0,0,0,0
2026-10-04T14:05:33Z,adservice,checkoutservice,0,0,0,0,0,0,0
2026-10-04T14:05:33Z,adservice,currencyservice,0,0,0,0,0,0,0
2026-10-04T14:05:33Z,adservice,emailservice,0,0,0,0,0,0,0
2026-10-04T14:05:33Z,adservice,frontend,0,0,0,0,0,0,0
2026-10-04T14:05:33Z,adservice,kubernetes,0,0,0,0,0,0,0
2026-10-04T14:05:33Z,adservice,paymentservice,0,0,0,0,0,0,0
2026-10-04T14:05:33Z,adservice,productcatalogservice,0,0,0,0,0,0,0
2026-10-04T14:05:33Z,adservice,recommendationservice,0,0,0,0,0,0,0
2026-10-04T14:05:33Z,adservice,redis-cart,0,0,0,0,0,0,0
2026-10-04T14:05:33Z,adservice,shippingservice,0,0,0,0,0,0,0
2026-10-04T14:05:33Z,cartservice,adservice,0,0,0,0,0,0,0
2026-10-04T14:05:33Z,cartservice,cartservice,0,0,0,0,0,0,0
2026-10-04T14:05:33Z,cartservice,checkoutservice,0,0,0,0,0,0,0
2026-10-04T14:05:33Z,cartservice,currencyservice,0,0,0,0,0,0,0
2026-10-04T14:05:33Z,cartservice,emailservice,0,0,0,0,0,0,0
2026-10-04T14:05:33Z,cartservice,frontend,0,0,0,0,0,0,0
2026-10-04T14:05:33Z,cartservice,kubernetes,0,0,0,0,0,0,0
2026-10-04T14:05:33Z,cartservice,paymentservice,0,0,0,0,0,0,0
2026-10-04T14:05:33Z,cartservice,productcatalogservice,0,0,0,0,0,0,0
2026-10-04T14:05:33Z,cartservice,recommendationservice,0,0,0,0,0,0,0
2026-10-04T14:05:33Z,cartservice,redis-cart,2,0,0,0,0,0,0
2026-10-04T14:05:33Z,cartservice,shippingservice,0,0,0,0,0,0,0
2026-10-04T14:05:33Z,checkoutservice,adservice,0,0,0,0,0,0,0
2026-10-04T14:05:33Z,checkoutservice,cartservice,24318,23767,0,63,0,336991,23450
2026-10-04T14:05:33Z,checkoutservice,checkoutservice,0,0,0,0,0,0,0
2026-10-04T14:05:33Z,checkoutservice,currencyservice,18386,18386,0,0,0,285462,18083
2026-10-04T14:05:33Z,checkoutservice,emailservice,2452,2275,0,42,0,112199,2275
2026-10-04T14:05:33Z,checkoutservice,frontend,0,0,0,0,0,0,0
2026-10-04T14:05:33Z,checkoutservice,kubernetes,0,0,0,0,0,0,0
2026-10-04T14:05:33Z,checkoutservice,paymentservice,15011,14072,0,92,0,227192,13751
2026-10-04T14:05:33Z,checkoutservice,productcatalogservice,0,0,0,0,0,0,0
2026-10-04T14:05:33Z,checkoutservice,recommendationservice,0,0,0,0,0,0,0
2026-10-04T14:05:33Z,checkoutservice,redis-cart,0,0,0,0,0,0,0
2026-10-04T14:05:33Z,checkoutservice,shippingservice,27574,26338,0,95,0,262502,25954
2026-10-04T14:05:33Z,currencyservice,adservice,0,0,0,0,0,0,0
2026-10-04T14:05:33Z,currencyservice,cartservice,0,0,0,0,0,0,0
2026-10-04T14:05:33Z,currencyservice,checkoutservice,0,0,0,0,0,0,0
2026-10-04T14:05:33Z,currencyservice,currencyservice,0,0,0,0,0,0,0
2026-10-04T14:05:33Z,currencyservice,emailservice,0,0,0,0,0,0,0
2026-10-04T14:05:33Z,currencyservice,frontend,0,0,0,0,0,0,0
2026-10-04T14:05:33Z,currencyservice,kubernetes,0,0,0,0,0,0,0
2026-10-04T14:05:33Z,currencyservice,paymentservice,0,0,0,0,0,0,0
2026-10-04T14:05:33Z,currencyservice,productcatalogservice,0,0,0,0,0,0,0
2026-10-04T14:05:33Z,currencyservice,recommendationservice,0,0,0,0,0,0,0
2026-10-04T14:05:33Z,currencyservice,redis-cart,0,0,0,0,0,0,0
2026-10-04T14:05:33Z,currencyservice,shippingservice,0,0,0,0,0,0,0
2026-10-04T14:05:33Z,emailservice,adservice,0,0,0,0,0,0,0
2026-10-04T14:05:33Z,emailservice,cartservice,0,0,0,0,0,0,0
2026-10-04T14:05:33Z,emailservice,checkoutservice,0,0,0,0,0,0,0
2026-10-04T14:05:33Z,emailservice,currencyservice,0,0,0,0,0,0,0
2026-10-04T14:05:33Z,emailservice,emailservice,0,0,0,0,0,0,0
2026-10-04T14:05:33Z,emailservice,frontend,0,0,0,0,0,0,0
2026-10-04T14:05:33Z,emailservice,kubernetes,0,0,0,0,0,0,0
2026-10-04T14:05:33Z,emailservice,paymentservice,0,0,0,0,0,0,0
2026-10-04T14:05:33Z,emailservice,productcatalogservice,0,0,0,0,0,0,0
2026-10-04T14:05:33Z,emailservice,recommendationservice,0,0,0,0,0,0,0
2026-10-04T14:05:33Z,emailservice,redis-cart,0,0,0,0,0,0,0
2026-10-04T14:05:33Z,emailservice,shippingservice,0,0,0,0,0,0,0
2026-10-04T14:05:33Z,frontend,adservice,804092,804090,0,0,0,2424781,803743
2026-10-04T14:05:33Z,frontend,cartservice,1782696,1782680,0,0,4,9927617,1782097
2026-10-04T14:05:33Z,frontend,checkoutservice,375471,178307,0,37402,159567,58984036,178279
2026-10-04T14:05:33Z,frontend,currencyservice,2834801,2834783,0,0,0,15061745,2833831
2026-10-04T14:05:33Z,frontend,emailservice,0,0,0,0,0,0,0
2026-10-04T14:05:33Z,frontend,frontend,0,0,0,0,0,0,0
2026-10-04T14:05:33Z,frontend,kubernetes,0,0,0,0,0,0,0
2026-10-04T14:05:33Z,frontend,paymentservice,0,0,0,0,0,0,0
2026-10-04T14:05:33Z,frontend,productcatalogservice,7963578,7963493,0,0,0,54425321,7960242
2026-10-04T14:05:33Z,frontend,recommendationservice,2573317,1574066,0,104145,892890,776603104,1573506
2026-10-04T14:05:33Z,frontend,redis-cart,0,0,0,0,0,0,0
2026-10-04T14:05:33Z,frontend,shippingservice,294927,294925,0,0,0,895443,294789
2026-10-04T14:05:33Z,paymentservice,adservice,0,0,0,0,0,0,0
2026-10-04T14:05:33Z,paymentservice,cartservice,0,0,0,0,0,0,0
2026-10-04T14:05:33Z,paymentservice,checkoutservice,0,0,0,0,0,0,0
2026-10-04T14:05:33Z,paymentservice,currencyservice,0,0,0,0,0,0,0
2026-10-04T14:05:33Z,paymentservice,emailservice,0,0,0,0,0,0,0
2026-10-04T14:05:33Z,paymentservice,frontend,0,0,0,0,0,0,0
2026-10-04T14:05:33Z,paymentservice,kubernetes,0,0,0,0,0,0,0
2026-10-04T14:05:33Z,paymentservice,paymentservice,0,0,0,0,0,0,0
2026-10-04T14:05:33Z,paymentservice,productcatalogservice,0,0,0,0,0,0,0
2026-10-04T14:05:33Z,paymentservice,recommendationservice,0,0,0,0,0,0,0
2026-10-04T14:05:33Z,paymentservice,redis-cart,0,0,0,0,0,0,0
2026-10-04T14:05:33Z,paymentservice,shippingservice,0,0,0,0,0,0,0
2026-10-04T14:05:33Z,productcatalogservice,adservice,0,0,0,0,0,0,0
2026-10-04T14:05:33Z,productcatalogservice,cartservice,0,0,0,0,0,0,0
2026-10-04T14:05:33Z,productcatalogservice,checkoutservice,0,0,0,0,0,0,0
2026-10-04T14:05:33Z,productcatalogservice,currencyservice,0,0,0,0,0,0,0
2026-10-04T14:05:33Z,productcatalogservice,emailservice,0,0,0,0,0,0,0
2026-10-04T14:05:33Z,productcatalogservice,frontend,0,0,0,0,0,0,0
2026-10-04T14:05:33Z,productcatalogservice,kubernetes,0,0,0,0,0,0,0
2026-10-04T14:05:33Z,productcatalogservice,paymentservice,0,0,0,0,0,0,0
2026-10-04T14:05:33Z,productcatalogservice,productcatalogservice,0,0,0,0,0,0,0
2026-10-04T14:05:33Z,productcatalogservice,recommendationservice,0,0,0,0,0,0,0
2026-10-04T14:05:33Z,productcatalogservice,redis-cart,0,0,0,0,0,0,0
2026-10-04T14:05:33Z,productcatalogservice,shippingservice,0,0,0,0,0,0,0
2026-10-04T14:05:33Z,recommendationservice,adservice,0,0,0,0,0,0,0
2026-10-04T14:05:33Z,recommendationservice,cartservice,0,0,0,0,0,0,0
2026-10-04T14:05:33Z,recommendationservice,checkoutservice,0,0,0,0,0,0,0
2026-10-04T14:05:33Z,recommendationservice,currencyservice,0,0,0,0,0,0,0
2026-10-04T14:05:33Z,recommendationservice,emailservice,0,0,0,0,0,0,0
2026-10-04T14:05:33Z,recommendationservice,frontend,0,0,0,0,0,0,0
2026-10-04T14:05:33Z,recommendationservice,kubernetes,0,0,0,0,0,0,0
2026-10-04T14:05:33Z,recommendationservice,paymentservice,0,0,0,0,0,0,0
2026-10-04T14:05:33Z,recommendationservice,productcatalogservice,49175,49165,0,0,0,391951,47667
2026-10-04T14:05:33Z,recommendationservice,recommendationservice,0,0,0,0,0,0,0
2026-10-04T14:05:33Z,recommendationservice,redis-cart,0,0,0,0,0,0,0
2026-10-04T14:05:33Z,recommendationservice,shippingservice,0,0,0,0,0,0,0
2026-10-04T14:05:33Z,redis-cart,adservice,0,0,0,0,0,0,0
2026-10-04T14:05:33Z,redis-cart,cartservice,0,0,0,0,0,0,0
2026-10-04T14:05:33Z,redis-cart,checkoutservice,0,0,0,0,0,0,0
2026-10-04T14:05:33Z,redis-cart,currencyservice,0,0,0,0,0,0,0
2026-10-04T14:05:33Z,redis-cart,emailservice,0,0,0,0,0,0,0
2026-10-04T14:05:33Z,redis-cart,frontend,0,0,0,0,0,0,0
2026-10-04T14:05:33Z,redis-cart,kubernetes,0,0,0,0,0,0,0
2026-10-04T14:05:33Z,redis-cart,paymentservice,0,0,0,0,0,0,0
2026-10-04T14:05:33Z,redis-cart,productcatalogservice,0,0,0,0,0,0,0
2026-10-04T14:05:33Z,redis-cart,recommendationservice,0,0,0,0,0,0,0
2026-10-04T14:05:33Z,redis-cart,redis-cart,0,0,0,0,0,0,0
2026-10-04T14:05:33Z,redis-cart,shippingservice,0,0,0,0,0,0,0
2026-10-04T14:05:33Z,shippingservice,adservice,0,0,0,0,0,0,0
2026-10-04T14:05:33Z,shippingservice,cartservice,0,0,0,0,0,0,0
2026-10-04T14:05:33Z,shippingservice,checkoutservice,0,0,0,0,0,0,0
2026-10-04T14:05:33Z,shippingservice,currencyservice,0,0,0,0,0,0,0
2026-10-04T14:05:33Z,shippingservice,emailservice,0,0,0,0,0,0,0
2026-10-04T14:05:33Z,shippingservice,frontend,0,0,0,0,0,0,0
2026-10-04T14:05:33Z,shippingservice,kubernetes,0,0,0,0,0,0,0
2026-10-04T14:05:33Z,shippingservice,paymentservice,0,0,0,0,0,0,0
2026-10-04T14:05:33Z,shippingservice,productcatalogservice,0,0,0,0,0,0,0
2026-10-04T14:05:33Z,shippingservice,recommendationservice,0,0,0,0,0,0,0
2026-10-04T14:05:33Z,shippingservice,redis-cart,0,0,0,0,0,0,0
2026-10-04T14:05:33Z,shippingservice,shippingservice,0,0,0,0,0,0,0
2026-10-04T14:05:34Z,adservice,adservice,0,0,0,0,0,0,0
2026-10-04T14:05:34Z,adservice,cartservice,0,0,0,0,0,0,0
2026-10-04T14:05:34Z,adservice,checkoutservice,0,0,0,0,0,0,0
2026-10-04T14:05:34Z,adservice,currencyservice,0,0,0,0,0,0,0
2026-10-04T14:05:34Z,adservice,emailservice,0,0,0,0,0,0,0
2026-10-04T14:05:34Z,adservice,frontend,0,0,0,0,0,0,0
2026-10-04T14:05:34Z,adservice,kubernetes,0,0,0,0,0,0,0
2026-10-04T14:05:34Z,adservice,paymentservice,0,0,0,0,0,0,0
2026-10-04T14:05:34Z,adservice,productcatalogservice,0,0,0,0,0,0,0
2026-10-04T14:05:34Z,adservice,recommendationservice,0,0,0,0,0,0,0
2026-10-04T14:05:34Z,adservice,redis-cart,0,0,0,0,0,0,0
2026-10-04T14:05:34Z,adservice,shippingservice,0,0,0,0,0,0,0
2026-10-04T14:05:34Z,cartservice,adservice,0,0,0,0,0,0,0
2026-10-04T14:05:34Z,cartservice,cartservice,0,0,0,0,0,0,0
2026-10-04T14:05:34Z,cartservice,checkoutservice,0,0,0,0,0,0,0
2026-10-04T14:05:34Z,cartservice,currencyservice,0,0,0,0,0,0,0
2026-10-04T14:05:34Z,cartservice,emailservice,0,0,0,0,0,0,0
2026-10-04T14:05:34Z,cartservice,frontend,0,0,0,0,0,0,0
2026-10-04T14:05:34Z,cartservice,kubernetes,0,0,0,0,0,0,0
2026-10-04T14:05:34Z,cartservice,paymentservice,0,0,0,0,0,0,0
2026-10-04T14:05:34Z,cartservice,productcatalogservice,0,0,0,0,0,0,0
2026-10-04T14:05:34Z,cartservice,recommendationservice,0,0,0,0,0,0,0
2026-10-04T14:05:34Z,cartservice,redis-cart,2,0,0,0,0,0,0
2026-10-04T14:05:34Z,cartservice,shippingservice,0,0,0,0,0,0,0
2026-10-04T14:05:34Z,checkoutservice,adservice,0,0,0,0,0,0,0
2026-10-04T14:05:34Z,checkoutservice,cartservice,24527,23960,0,63,0,336991,23450
2026-10-04T14:05:34Z,checkoutservice,checkoutservice,0,0,0,0,0,0,0
2026-10-04T14:05:34Z,checkoutservice,currencyservice,18583,18582,0,0,0,285462,18083
2026-10-04T14:05:34Z,checkoutservice,emailservice,2452,2275,0,42,0,112199,2275
2026-10-04T14:05:34Z,checkoutservice,frontend,0,0,0,0,0,0,0
2026-10-04T14:05:34Z,checkoutservice,kubernetes,0,0,0,0,0,0,0
2026-10-04T14:05:34Z,checkoutservice,paymentservice,15183,14232,0,92,0,227192,13751
2026-10-04T14:05:34Z,checkoutservice,productcatalogservice,0,0,0,0,0,0,0
2026-10-04T14:05:34Z,checkoutservice,recommendationservice,0,0,0,0,0,0,0
2026-10-04T14:05:34Z,checkoutservice,redis-cart,0,0,0,0,0,0,0
2026-10-04T14:05:34Z,checkoutservice,shippingservice,27842,26577,0,97,0,262502,25954
2026-10-04T14:05:34Z,currencyservice,adservice,0,0,0,0,0,0,0
2026-10-04T14:05:34Z,currencyservice,cartservice,0,0,0,0,0,0,0
2026-10-04T14:05:34Z,currencyservice,checkoutservice,0,0,0,0,0,0,0
2026-10-04T14:05:34Z,currencyservice,currencyservice,0,0,0,0,0,0,0
2026-10-04T14:05:34Z,currencyservice,emailservice,0,0,0,0,0,0,0
2026-10-04T14:05:34Z,currencyservice,frontend,0,0,0,0,0,0,0
2026-10-04T14:05:34Z,currencyservice,kubernetes,0,0,0,0,0,0,0
2026-10-04T14:05:34Z,currencyservice,paymentservice,0,0,0,0,0,0,0
2026-10-04T14:05:34Z,currencyservice,productcatalogservice,0,0,0,0,0,0,0
2026-10-04T14:05:34Z,currencyservice,recommendationservice,0,0,0,0,0,0,0
2026-10-04T14:05:34Z,currencyservice,redis-cart,0,0,0,0,0,0,0
2026-10-04T14:05:34Z,currencyservice,shippingservice,0,0,0,0,0,0,0
2026-10-04T14:05:34Z,emailservice,adservice,0,0,0,0,0,0,0
2026-10-04T14:05:34Z,emailservice,cartservice,0,0,0,0,0,0,0
2026-10-04T14:05:34Z,emailservice,checkoutservice,0,0,0,0,0,0,0
2026-10-04T14:05:34Z,emailservice,currencyservice,0,0,0,0,0,0,0
2026-10-04T14:05:34Z,emailservice,emailservice,0,0,0,0,0,0,0
2026-10-04T14:05:34Z,emailservice,frontend,0,0,0,0,0,0,0
2026-10-04T14:05:34Z,emailservice,kubernetes,0,0,0,0,0,0,0
2026-10-04T14:05:34Z,emailservice,paymentservice,0,0,0,0,0,0,0
2026-10-04T14:05:34Z,emailservice,productcatalogservice,0,0,0,0,0,0,0
2026-10-04T14:05:34Z,emailservice,recommendationservice,0,0,0,0,0,0,0
2026-10-04T14:05:34Z,emailservice,redis-cart,0,0,0,0,0,0,0
2026-10-04T14:05:34Z,emailservice,shippingservice,0,0,0,0,0,0,0
2026-10-04T14:05:34Z,frontend,adservice,804367,804365,0,0,0,2425918,804126
2026-10-04T14:05:34Z,frontend,cartservice,1783154,1783138,0,0,4,9931765,1782712
2026-10-04T14:05:34Z,frontend,checkoutservice,375669,178335,0,37432,159706,59021971,178306
2026-10-04T14:05:34Z,frontend,currencyservice,2835528,2835519,0,0,0,15068007,2834816
2026-10-04T14:05:34Z,frontend,emailservice,0,0,0,0,0,0,0
2026-10-04T14:05:34Z,frontend,frontend,0,0,0,0,0,0,0
2026-10-04T14:05:34Z,frontend,kubernetes,0,0,0,0,0,0,0
2026-10-04T14:05:34Z,frontend,paymentservice,0,0,0,0,0,0,0
2026-10-04T14:05:34Z,frontend,productcatalogservice,7966045,7965960,0,0,0,54459953,7963631
2026-10-04T14:05:34Z,frontend,recommendationservice,2573745,1574483,0,104145,892890,776700076,1574086
2026-10-04T14:05:34Z,frontend,redis-cart,0,0,0,0,0,0,0
2026-10-04T14:05:34Z,frontend,shippingservice,295025,295023,0,0,0,895990,294920
2026-10-04T14:05:34Z,paymentservice,adservice,0,0,0,0,0,0,0
2026-10-04T14:05:34Z,paymentservice,cartservice,0,0,0,0,0,0,0
2026-10-04T14:05:34Z,paymentservice,checkoutservice,0,0,0,0,0,0,0
2026-10-04T14:05:34Z,paymentservice,currencyservice,0,0,0,0,0,0,0
2026-10-04T14:05:34Z,paymentservice,emailservice,0,0,0,0,0,0,0
2026-10-04T14:05:34Z,paymentservice,frontend,0,0,0,0,0,0,0
2026-10-04T14:05:34Z,paymentservice,kubernetes,0,0,0,0,0,0,0
2026-10-04T14:05:34Z,paymentservice,paymentservice,0,0,0,0,0,0,0
2026-10-04T14:05:34Z,paymentservice,productcatalogservice,0,0,0,0,0,0,0
2026-10-04T14:05:34Z,paymentservice,recommendationservice,0,0,0,0,0,0,0
2026-10-04T14:05:34Z,paymentservice,redis-cart,0,0,0,0,0,0,0
2026-10-04T14:05:34Z,paymentservice,shippingservice,0,0,0,0,0,0,0
2026-10-04T14:05:34Z,productcatalogservice,adservice,0,0,0,0,0,0,0
2026-10-04T14:05:34Z,productcatalogservice,cartservice,0,0,0,0,0,0,0
2026-10-04T14:05:34Z,productcatalogservice,checkoutservice,0,0,0,0,0,0,0
2026-10-04T14:05:34Z,productcatalogservice,currencyservice,0,0,0,0,0,0,0
2026-10-04T14:05:34Z,productcatalogservice,emailservice,0,0,0,0,0,0,0
2026-10-04T14:05:34Z,productcatalogservice,frontend,0,0,0,0,0,0,0
2026-10-04T14:05:34Z,productcatalogservice,kubernetes,0,0,0,0,0,0,0
2026-10-04T14:05:34Z,productcatalogservice,paymentservice,0,0,0,0,0,0,0
2026-10-04T14:05:34Z,productcatalogservice,productcatalogservice,0,0,0,0,0,0,0
2026-10-04T14:05:34Z,productcatalogservice,recommendationservice,0,0,0,0,0,0,0
2026-10-04T14:05:34Z,productcatalogservice,redis-cart,0,0,0,0,0,0,0
2026-10-04T14:05:34Z,productcatalogservice,shippingservice,0,0,0,0,0,0,0
2026-10-04T14:05:34Z,recommendationservice,adservice,0,0,0,0,0,0,0
2026-10-04T14:05:34Z,recommendationservice,cartservice,0,0,0,0,0,0,0
2026-10-04T14:05:34Z,recommendationservice,checkoutservice,0,0,0,0,0,0,0
2026-10-04T14:05:34Z,recommendationservice,currencyservice,0,0,0,0,0,0,0
2026-10-04T14:05:34Z,recommendationservice,emailservice,0,0,0,0,0,0,0
2026-10-04T14:05:34Z,recommendationservice,frontend,0,0,0,0,0,0,0
2026-10-04T14:05:34Z,recommendationservice,kubernetes,0,0,0,0,0,0,0
2026-10-04T14:05:34Z,recommendationservice,paymentservice,0,0,0,0,0,0,0
2026-10-04T14:05:34Z,recommendationservice,productcatalogservice,49602,49602,0,0,0,391951,47667
2026-10-04T14:05:34Z,recommendationservice,recommendationservice,0,0,0,0,0,0,0
2026-10-04T14:05:34Z,recommendationservice,redis-cart,0,0,0,0,0,0,0
2026-10-04T14:05:34Z,recommendationservice,shippingservice,0,0,0,0,0,0,0
2026-10-04T14:05:34Z,redis-cart,adservice,0,0,0,0,0,0,0
2026-10-04T14:05:34Z,redis-cart,cartservice,0,0,0,0,0,0,0
2026-10-04T14:05:34Z,redis-cart,checkoutservice,0,0,0,0,0,0,0
2026-10-04T14:05:34Z,redis-cart,currencyservice,0,0,0,0,0,0,0
2026-10-04T14:05:34Z,redis-cart,emailservice,0,0,0,0,0,0,0
2026-10-04T14:05:34Z,redis-cart,frontend,0,0,0,0,0,0,0
2026-10-04T14:05:34Z,redis-cart,kubernetes,0,0,0,0,0,0,0
2026-10-04T14:05:34Z,redis-cart,paymentservice,0,0,0,0,0,0,0
2026-10-04T14:05:34Z,redis-cart,productcatalogservice,0,0,0,0,0,0,0
2026-10-04T14:05:34Z,redis-cart,recommendationservice,0,0,0,0,0,0,0
2026-10-04T14:05:34Z,redis-cart,redis-cart,0,0,0,0,0,0,0
2026-10-04T14:05:34Z,redis-cart,shippingservice,0,0,0,0,0,0,0
2026-10-04T14:05:34Z,shippingservice,adservice,0,0,0,0,0,0,0
2026-10-04T14:05:34Z,shippingservice,cartservice,0,0,0,0,0,0,0
2026-10-04T14:05:34Z,shippingservice,checkoutservice,0,0,0,0,0,0,0
2026-10-04T14:05:34Z,shippingservice,currencyservice,0,0,0,0,0,0,0
2026-10-04T14:05:34Z,shippingservice,emailservice,0,0,0,0,0,0,0
2026-10-04T14:05:34Z,shippingservice,frontend,0,0,0,0,0,0,0
2026-10-04T14:05:34Z,shippingservice,kubernetes,0,0,0,0,0,0,0
2026-10-04T14:05:34Z,shippingservice,paymentservice,0,0,0,0,0,0,0
2026-10-04T14:05:34Z,shippingservice,productcatalogservice,0,0,0,0,0,0,0
2026-10-04T14:05:34Z,shippingservice,recommendationservice,0,0,0,0,0,0,0
2026-10-04T14:05:34Z,shippingservice,redis-cart,0,0,0,0,0,0,0
2026-10-04T14:05:34Z,shippingservice,shippingservice,0,0,0,0,0,0,0
2026-10-04T14:05:35Z,adservice,adservice,0,0,0,0,0,0,0
2026-10-04T14:05:35Z,adservice,cartservice,0,0,0,0,0,0,0
2026-10-04T14:05:35Z,adservice,checkoutservice,0,0,0,0,0,0,0
2026-10-04T14:05:35Z,adservice,currencyservice,0,0,0,0,0,0,0
2026-10-04T14:05:35Z,adservice,emailservice,0,0,0,0,0,0,0
2026-10-04T14:05:35Z,adservice,frontend,0,0,0,0,0,0,0
2026-10-04T14:05:35Z,adservice,kubernetes,0,0,0,0,0,0,0
2026-10-04T14:05:35Z,adservice,paymentservice,0,0,0,0,0,0,0
2026-10-04T14:05:35Z,adservice,productcatalogservice,0,0,0,0,0,0,0
2026-10-04T14:05:35Z,adservice,recommendationservice,0,0,0,0,0,0,0
2026-10-04T14:05:35Z,adservice,redis-cart,0,0,0,0,0,0,0
2026-10-04T14:05:35Z,adservice,shippingservice,0,0,0,0,0,0,0
2026-10-04T14:05:35Z,cartservice,adservice,0,0,0,0,0,0,0
2026-10-04T14:05:35Z,cartservice,cartservice,0,0,0,0,0,0,0
2026-10-04T14:05:35Z,cartservice,checkoutservice,0,0,0,0,0,0,0
2026-10-04T14:05:35Z,cartservice,currencyservice,0,0,0,0,0,0,0
2026-10-04T14:05:35Z,cartservice,emailservice,0,0,0,0,0,0,0
2026-10-04T14:05:35Z,cartservice,frontend,0,0,0,0,0,0,0
2026-10-04T14:05:35Z,cartservice,kubernetes,0,0,0,0,0,0,0
2026-10-04T14:05:35Z,cartservice,paymentservice,0,0,0,0,0,0,0
2026-10-04T14:05:35Z,cartservice,productcatalogservice,0,0,0,0,0,0,0
2026-10-04T14:05:35Z,cartservice,recommendationservice,0,0,0,0,0,0,0
2026-10-04T14:05:35Z,cartservice,redis-cart,2,0,0,0,0,0,0
2026-10-04T14:05:35Z,cartservice,shippingservice,0,0,0,0,0,0,0
2026-10-04T14:05:35Z,checkoutservice,adservice,0,0,0,0,0,0,0
2026-10-04T14:05:35Z,checkoutservice,cartservice,24744,24185,0,63,0,336991,23450
2026-10-04T14:05:35Z,checkoutservice,checkoutservice,0,0,0,0,0,0,0
2026-10-04T14:05:35Z,checkoutservice,currencyservice,18788,18788,0,0,0,285462,18083
2026-10-04T14:05:35Z,checkoutservice,emailservice,2452,2275,0,42,0,112199,2275
2026-10-04T14:05:35Z,checkoutservice,frontend,0,0,0,0,0,0,0
2026-10-04T14:05:35Z,checkoutservice,kubernetes,0,0,0,0,0,0,0
2026-10-04T14:05:35Z,checkoutservice,paymentservice,15360,14393,0,93,0,227192,13751
2026-10-04T14:05:35Z,checkoutservice,productcatalogservice,0,0,0,0,0,0,0
2026-10-04T14:05:35Z,checkoutservice,recommendationservice,0,0,0,0,0,0,0
2026-10-04T14:05:35Z,checkoutservice,redis-cart,0,0,0,0,0,0,0
2026-10-04T14:05:35Z,checkoutservice,shippingservice,28137,26867,0,97,0,262502,25954
2026-10-04T14:05:35Z,currencyservice,adservice,0,0,0,0,0,0,0
2026-10-04T14:05:35Z,currencyservice,cartservice,0,0,0,0,0,0,0
2026-10-04T14:05:35Z,currencyservice,checkoutservice,0,0,0,0,0,0,0
2026-10-04T14:05:35Z,currencyservice,currencyservice,0,0,0,0,0,0,0
2026-10-04T14:05:35Z,currencyservice,emailservice,0,0,0,0,0,0,0
2026-10-04T14:05:35Z,currencyservice,frontend,0,0,0,0,0,0,0
2026-10-04T14:05:35Z,currencyservice,kubernetes,0,0,0,0,0,0,0
2026-10-04T14:05:35Z,currencyservice,paymentservice,0,0,0,0,0,0,0
2026-10-04T14:05:35Z,currencyservice,productcatalogservice,0,0,0,0,0,0,0
2026-10-04T14:05:35Z,currencyservice,recommendationservice,0,0,0,0,0,0,0
2026-10-04T14:05:35Z,currencyservice,redis-cart,0,0,0,0,0,0,0
2026-10-04T14:05:35Z,currencyservice,shippingservice,0,0,0,0,0,0,0
2026-10-04T14:05:35Z,emailservice,adservice,0,0,0,0,0,0,0
2026-10-04T14:05:35Z,emailservice,cartservice,0,0,0,0,0,0,0
2026-10-04T14:05:35Z,emailservice,checkoutservice,0,0,0,0,0,0,0
2026-10-04T14:05:35Z,emailservice,currencyservice,0,0,0,0,0,0,0
2026-10-04T14:05:35Z,emailservice,emailservice,0,0,0,0,0,0,0
2026-10-04T14:05:35Z,emailservice,frontend,0,0,0,0,0,0,0
2026-10-04T14:05:35Z,emailservice,kubernetes,0,0,0,0,0,0,0
2026-10-04T14:05:35Z,emailservice,paymentservice,0,0,0,0,0,0,0
2026-10-04T14:05:35Z,emailservice,productcatalogservice,0,0,0,0,0,0,0
2026-10-04T14:05:35Z,emailservice,recommendationservice,0,0,0,0,0,0,0
2026-10-04T14:05:35Z,emailservice,redis-cart,0,0,0,0,0,0,0
2026-10-04T14:05:35Z,emailservice,shippingservice,0,0,0,0,0,0,0
2026-10-04T14:05:35Z,frontend,adservice,804629,804624,0,0,0,2425918,804126
2026-10-04T14:05:35Z,frontend,cartservice,1783630,1783614,0,0,4,9931765,1782712
2026-10-04T14:05:35Z,frontend,checkoutservice,375871,178384,0,37458,159836,59021971,178306
2026-10-04T14:05:35Z,frontend,currencyservice,2836273,2836266,0,0,0,15068007,2834816
2026-10-04T14:05:35Z,frontend,emailservice,0,0,0,0,0,0,0
2026-10-04T14:05:35Z,frontend,frontend,0,0,0,0,0,0,0
2026-10-04T14:05:35Z,frontend,kubernetes,0,0,0,0,0,0,0
2026-10-04T14:05:35Z,frontend,paymentservice,0,0,0,0,0,0,0
2026-10-04T14:05:35Z,frontend,productcatalogservice,7968542,7968460,0,0,0,54459953,7963631
2026-10-04T14:05:35Z,frontend,recommendationservice,2574191,1574909,0,104145,892890,776700076,1574086
2026-10-04T14:05:35Z,frontend,redis-cart,0,0,0,0,0,0,0
2026-10-04T14:05:35Z,frontend,shippingservice,295122,295120,0,0,0,895990,294920
2026-10-04T14:05:35Z,paymentservice,adservice,0,0,0,0,0,0,0
2026-10-04T14:05:35Z,paymentservice,cartservice,0,0,0,0,0,0,0
2026-10-04T14:05:35Z,paymentservice,checkoutservice,0,0,0,0,0,0,0
2026-10-04T14:05:35Z,paymentservice,currencyservice,0,0,0,0,0,0,0
2026-10-04T14:05:35Z,paymentservice,emailservice,0,0,0,0,0,0,0
2026-10-04T14:05:35Z,paymentservice,frontend,0,0,0,0,0,0,0
2026-10-04T14:05:35Z,paymentservice,kubernetes,0,0,0,0,0,0,0
2026-10-04T14:05:35Z,paymentservice,paymentservice,0,0,0,0,0,0,0
2026-10-04T14:05:35Z,paymentservice,productcatalogservice,0,0,0,0,0,0,0
2026-10-04T14:05:35Z,paymentservice,recommendationservice,0,0,0,0,0,0,0
2026-10-04T14:05:35Z,paymentservice,redis-cart,0,0,0,0,0,0,0
2026-10-04T14:05:35Z,paymentservice,shippingservice,0,0,0,0,0,0,0
2026-10-04T14:05:35Z,productcatalogservice,adservice,0,0,0,0,0,0,0
2026-10-04T14:05:35Z,productcatalogservice,cartservice,0,0,0,0,0,0,0
2026-10-04T14:05:35Z,productcatalogservice,checkoutservice,0,0,0,0,0,0,0
2026-10-04T14:05:35Z,productcatalogservice,currencyservice,0,0,0,0,0,0,0
2026-10-04T14:05:35Z,productcatalogservice,emailservice,0,0,0,0,0,0,0
2026-10-04T14:05:35Z,productcatalogservice,frontend,0,0,0,0,0,0,0
2026-10-04T14:05:35Z,productcatalogservice,kubernetes,0,0,0,0,0,0,0
2026-10-04T14:05:35Z,productcatalogservice,paymentservice,0,0,0,0,0,0,0
2026-10-04T14:05:35Z,productcatalogservice,productcatalogservice,0,0,0,0,0,0,0
2026-10-04T14:05:35Z,productcatalogservice,recommendationservice,0,0,0,0,0,0,0
2026-10-04T14:05:35Z,productcatalogservice,redis-cart,0,0,0,0,0,0,0
2026-10-04T14:05:35Z,productcatalogservice,shippingservice,0,0,0,0,0,0,0
2026-10-04T14:05:35Z,recommendationservice,adservice,0,0,0,0,0,0,0
2026-10-04T14:05:35Z,recommendationservice,cartservice,0,0,0,0,0,0,0
2026-10-04T14:05:35Z,recommendationservice,checkoutservice,0,0,0,0,0,0,0
2026-10-04T14:05:35Z,recommendationservice,currencyservice,0,0,0,0,0,0,0
2026-10-04T14:05:35Z,recommendationservice,emailservice,0,0,0,0,0,0,0
2026-10-04T14:05:35Z,recommendationservice,frontend,0,0,0,0,0,0,0
2026-10-04T14:05:35Z,recommendationservice,kubernetes,0,0,0,0,0,0,0
2026-10-04T14:05:35Z,recommendationservice,paymentservice,0,0,0,0,0,0,0
2026-10-04T14:05:35Z,recommendationservice,productcatalogservice,50045,50035,0,0,0,410912,49888
2026-10-04T14:05:35Z,recommendationservice,recommendationservice,0,0,0,0,0,0,0
2026-10-04T14:05:35Z,recommendationservice,redis-cart,0,0,0,0,0,0,0
2026-10-04T14:05:35Z,recommendationservice,shippingservice,0,0,0,0,0,0,0
2026-10-04T14:05:35Z,redis-cart,adservice,0,0,0,0,0,0,0
2026-10-04T14:05:35Z,redis-cart,cartservice,0,0,0,0,0,0,0
2026-10-04T14:05:35Z,redis-cart,checkoutservice,0,0,0,0,0,0,0
2026-10-04T14:05:35Z,redis-cart,currencyservice,0,0,0,0,0,0,0
2026-10-04T14:05:35Z,redis-cart,emailservice,0,0,0,0,0,0,0
2026-10-04T14:05:35Z,redis-cart,frontend,0,0,0,0,0,0,0
2026-10-04T14:05:35Z,redis-cart,kubernetes,0,0,0,0,0,0,0
2026-10-04T14:05:35Z,redis-cart,paymentservice,0,0,0,0,0,0,0
2026-10-04T14:05:35Z,redis-cart,productcatalogservice,0,0,0,0,0,0,0
2026-10-04T14:05:35Z,redis-cart,recommendationservice,0,0,0,0,0,0,0
2026-10-04T14:05:35Z,redis-cart,redis-cart,0,0,0,0,0,0,0
2026-10-04T14:05:35Z,redis-cart,shippingservice,0,0,0,0,0,0,0
2026-10-04T14:05:35Z,shippingservice,adservice,0,0,0,0,0,0,0
2026-10-04T14:05:35Z,shippingservice,cartservice,0,0,0,0,0,0,0
2026-10-04T14:05:35Z,shippingservice,checkoutservice,0,0,0,0,0,0,0
2026-10-04T14:05:35Z,shippingservice,currencyservice,0,0,0,0,0,0,0
2026-10-04T14:05:35Z,shippingservice,emailservice,0,0,0,0,0,0,0
2026-10-04T14:05:35Z,shippingservice,frontend,0,0,0,0,0,0,0
2026-10-04T14:05:35Z,shippingservice,kubernetes,0,0,0,0,0,0,0
2026-10-04T14:05:35Z,shippingservice,paymentservice,0,0,0,0,0,0,0
2026-10-04T14:05:35Z,shippingservice,productcatalogservice,0,0,0,0,0,0,0
2026-10-04T14:05:35Z,shippingservice,recommendationservice,0,0,0,0,0,0,0
2026-10-04T14:05:35Z,shippingservice,redis-cart,0,0,0,0,0,0,0
2026-10-04T14:05:35Z,shippingservice,shippingservice,0,0,0,0,0,0,0
2026-10-04T14:05:36Z,adservice,adservice,0,0,0,0,0,0,0
2026-10-04T14:05:36Z,adservice,cartservice,0,0,0,0,0,0,0
2026-10-04T14:05:36Z,adservice,checkoutservice,0,0,0,0,0,0,0
2026-10-04T14:05:36Z,adservice,currencyservice,0,0,0,0,0,0,0
2026-10-04T14:05:36Z,adservice,emailservice,0,0,0,0,0,0,0
2026-10-04T14:05:36Z,adservice,frontend,0,0,0,0,0,0,0
2026-10-04T14:05:36Z,adservice,kubernetes,0,0,0,0,0,0,0
2026-10-04T14:05:36Z,adservice,paymentservice,0,0,0,0,0,0,0
2026-10-04T14:05:36Z,adservice,productcatalogservice,0,0,0,0,0,0,0
2026-10-04T14:05:36Z,adservice,recommendationservice,0,0,0,0,0,0,0
2026-10-04T14:05:36Z,adservice,redis-cart,0,0,0,0,0,0,0
2026-10-04T14:05:36Z,adservice,shippingservice,0,0,0,0,0,0,0
2026-10-04T14:05:36Z,cartservice,adservice,0,0,0,0,0,0,0
2026-10-04T14:05:36Z,cartservice,cartservice,0,0,0,0,0,0,0
2026-10-04T14:05:36Z,cartservice,checkoutservice,0,0,0,0,0,0,0
2026-10-04T14:05:36Z,cartservice,currencyservice,0,0,0,0,0,0,0
2026-10-04T14:05:36Z,cartservice,emailservice,0,0,0,0,0,0,0
2026-10-04T14:05:36Z,cartservice,frontend,0,0,0,0,0,0,0
2026-10-04T14:05:36Z,cartservice,kubernetes,0,0,0,0,0,0,0
2026-10-04T14:05:36Z,cartservice,paymentservice,0,0,0,0,0,0,0
2026-10-04T14:05:36Z,cartservice,productcatalogservice,0,0,0,0,0,0,0
2026-10-04T14:05:36Z,cartservice,recommendationservice,0,0,0,0,0,0,0
2026-10-04T14:05:36Z,cartservice,redis-cart,2,0,0,0,0,0,0
2026-10-04T14:05:36Z,cartservice,shippingservice,0,0,0,0,0,0,0
2026-10-04T14:05:36Z,checkoutservice,adservice,0,0,0,0,0,0,0
2026-10-04T14:05:36Z,checkoutservice,cartservice,24967,24393,0,63,0,336991,23450
2026-10-04T14:05:36Z,checkoutservice,checkoutservice,0,0,0,0,0,0,0
2026-10-04T14:05:36Z,checkoutservice,currencyservice,18992,18968,0,0,0,285462,18083
2026-10-04T14:05:36Z,checkoutservice,emailservice,2452,2275,0,42,0,112199,2275
2026-10-04T14:05:36Z,checkoutservice,frontend,0,0,0,0,0,0,0
2026-10-04T14:05:36Z,checkoutservice,kubernetes,0,0,0,0,0,0,0
2026-10-04T14:05:36Z,checkoutservice,paymentservice,15529,14556,0,93,0,227192,13751
2026-10-04T14:05:36Z,checkoutservice,productcatalogservice,0,0,0,0,0,0,0
2026-10-04T14:05:36Z,checkoutservice,recommendationservice,0,0,0,0,0,0,0
2026-10-04T14:05:36Z,checkoutservice,redis-cart,0,0,0,0,0,0,0
2026-10-04T14:05:36Z,checkoutservice,shippingservice,28429,27152,0,97,0,262502,25954
2026-10-04T14:05:36Z,currencyservice,adservice,0,0,0,0,0,0,0
2026-10-04T14:05:36Z,currencyservice,cartservice,0,0,0,0,0,0,0
2026-10-04T14:05:36Z,currencyservice,checkoutservice,0,0,0,0,0,0,0
2026-10-04T14:05:36Z,currencyservice,currencyservice,0,0,0,0,0,0,0
2026-10-04T14:05:36Z,currencyservice,emailservice,0,0,0,0,0,0,0
2026-10-04T14:05:36Z,currencyservice,frontend,0,0,0,0,0,0,0
2026-10-04T14:05:36Z,currencyservice,kubernetes,0,0,0,0,0,0,0
2026-10-04T14:05:36Z,currencyservice,paymentservice,0,0,0,0,0,0,0
2026-10-04T14:05:36Z,currencyservice,productcatalogservice,0,0,0,0,0,0,0
2026-10-04T14:05:36Z,currencyservice,recommendationservice,0,0,0,0,0,0,0
2026-10-04T14:05:36Z,currencyservice,redis-cart,0,0,0,0,0,0,0
2026-10-04T14:05:36Z,currencyservice,shippingservice,0,0,0,0,0,0,0
2026-10-04T14:05:36Z,emailservice,adservice,0,0,0,0,0,0,0
2026-10-04T14:05:36Z,emailservice,cartservice,0,0,0,0,0,0,0
2026-10-04T14:05:36Z,emailservice,checkoutservice,0,0,0,0,0,0,0
2026-10-04T14:05:36Z,emailservice,currencyservice,0,0,0,0,0,0,0
2026-10-04T14:05:36Z,emailservice,emailservice,0,0,0,0,0,0,0
2026-10-04T14:05:36Z,emailservice,frontend,0,0,0,0,0,0,0
2026-10-04T14:05:36Z,emailservice,kubernetes,0,0,0,0,0,0,0
2026-10-04T14:05:36Z,emailservice,paymentservice,0,0,0,0,0,0,0
2026-10-04T14:05:36Z,emailservice,productcatalogservice,0,0,0,0,0,0,0
2026-10-04T14:05:36Z,emailservice,recommendationservice,0,0,0,0,0,0,0
2026-10-04T14:05:36Z,emailservice,redis-cart,0,0,0,0,0,0,0
2026-10-04T14:05:36Z,emailservice,shippingservice,0,0,0,0,0,0,0
2026-10-04T14:05:36Z,frontend,adservice,804892,804890,0,0,0,2425918,804126
2026-10-04T14:05:36Z,frontend,cartservice,1784082,1784070,0,0,4,9931765,1782712
2026-10-04T14:05:36Z,frontend,checkoutservice,376063,178415,0,37491,159965,59021971,178306
2026-10-04T14:05:36Z,frontend,currencyservice,2836997,2836983,0,0,0,15068007,2834816
2026-10-04T14:05:36Z,frontend,emailservice,0,0,0,0,0,0,0
2026-10-04T14:05:36Z,frontend,frontend,0,0,0,0,0,0,0
2026-10-04T14:05:36Z,frontend,kubernetes,0,0,0,0,0,0,0
2026-10-04T14:05:36Z,frontend,paymentservice,0,0,0,0,0,0,0
2026-10-04T14:05:36Z,frontend,productcatalogservice,7971028,7970944,0,0,0,54459953,7963631
2026-10-04T14:05:36Z,frontend,recommendationservice,2574613,1575337,0,104145,892890,776700076,1574086
2026-10-04T14:05:36Z,frontend,redis-cart,0,0,0,0,0,0,0
2026-10-04T14:05:36Z,frontend,shippingservice,295219,295217,0,0,0,895990,294920
2026-10-04T14:05:36Z,paymentservice,adservice,0,0,0,0,0,0,0
2026-10-04T14:05:36Z,paymentservice,cartservice,0,0,0,0,0,0,0
2026-10-04T14:05:36Z,paymentservice,checkoutservice,0,0,0,0,0,0,0
2026-10-04T14:05:36Z,paymentservice,currencyservice,0,0,0,0,0,0,0
2026-10-04T14:05:36Z,paymentservice,emailservice,0,0,0,0,0,0,0
2026-10-04T14:05:36Z,paymentservice,frontend,0,0,0,0,0,0,0
2026-10-04T14:05:36Z,paymentservice,kubernetes,0,0,0,0,0,0,0
2026-10-04T14:05:36Z,paymentservice,paymentservice,0,0,0,0,0,0,0
2026-10-04T14:05:36Z,paymentservice,productcatalogservice,0,0,0,0,0,0,0
2026-10-04T14:05:36Z,paymentservice,recommendationservice,0,0,0,0,0,0,0
2026-10-04T14:05:36Z,paymentservice,redis-cart,0,0,0,0,0,0,0
2026-10-04T14:05:36Z,paymentservice,shippingservice,0,0,0,0,0,0,0
2026-10-04T14:05:36Z,productcatalogservice,adservice,0,0,0,0,0,0,0
2026-10-04T14:05:36Z,productcatalogservice,cartservice,0,0,0,0,0,0,0
2026-10-04T14:05:36Z,productcatalogservice,checkoutservice,0,0,0,0,0,0,0
2026-10-04T14:05:36Z,productcatalogservice,currencyservice,0,0,0,0,0,0,0
2026-10-04T14:05:36Z,productcatalogservice,emailservice,0,0,0,0,0,0,0
2026-10-04T14:05:36Z,productcatalogservice,frontend,0,0,0,0,0,0,0
2026-10-04T14:05:36Z,productcatalogservice,kubernetes,0,0,0,0,0,0,0
2026-10-04T14:05:36Z,productcatalogservice,paymentservice,0,0,0,0,0,0,0
2026-10-04T14:05:36Z,productcatalogservice,productcatalogservice,0,0,0,0,0,0,0
2026-10-04T14:05:36Z,productcatalogservice,recommendationservice,0,0,0,0,0,0,0
2026-10-04T14:05:36Z,productcatalogservice,redis-cart,0,0,0,0,0,0,0
2026-10-04T14:05:36Z,productcatalogservice,shippingservice,0,0,0,0,0,0,0
2026-10-04T14:05:36Z,recommendationservice,adservice,0,0,0,0,0,0,0
2026-10-04T14:05:36Z,recommendationservice,cartservice,0,0,0,0,0,0,0
2026-10-04T14:05:36Z,recommendationservice,checkoutservice,0,0,0,0,0,0,0
2026-10-04T14:05:36Z,recommendationservice,currencyservice,0,0,0,0,0,0,0
2026-10-04T14:05:36Z,recommendationservice,emailservice,0,0,0,0,0,0,0
2026-10-04T14:05:36Z,recommendationservice,frontend,0,0,0,0,0,0,0
2026-10-04T14:05:36Z,recommendationservice,kubernetes,0,0,0,0,0,0,0
2026-10-04T14:05:36Z,recommendationservice,paymentservice,0,0,0,0,0,0,0
2026-10-04T14:05:36Z,recommendationservice,productcatalogservice,50486,50486,0,0,0,410912,49888
2026-10-04T14:05:36Z,recommendationservice,recommendationservice,0,0,0,0,0,0,0
2026-10-04T14:05:36Z,recommendationservice,redis-cart,0,0,0,0,0,0,0
2026-10-04T14:05:36Z,recommendationservice,shippingservice,0,0,0,0,0,0,0
2026-10-04T14:05:36Z,redis-cart,adservice,0,0,0,0,0,0,0
2026-10-04T14:05:36Z,redis-cart,cartservice,0,0,0,0,0,0,0
2026-10-04T14:05:36Z,redis-cart,checkoutservice,0,0,0,0,0,0,0
2026-10-04T14:05:36Z,redis-cart,currencyservice,0,0,0,0,0,0,0
2026-10-04T14:05:36Z,redis-cart,emailservice,0,0,0,0,0,0,0
2026-10-04T14:05:36Z,redis-cart,frontend,0,0,0,0,0,0,0
2026-10-04T14:05:36Z,redis-cart,kubernetes,0,0,0,0,0,0,0
2026-10-04T14:05:36Z,redis-cart,paymentservice,0,0,0,0,0,0,0
2026-10-04T14:05:36Z,redis-cart,productcatalogservice,0,0,0,0,0,0,0
2026-10-04T14:05:36Z,redis-cart,recommendationservice,0,0,0,0,0,0,0
2026-10-04T14:05:36Z,redis-cart,redis-cart,0,0,0,0,0,0,0
2026-10-04T14:05:36Z,redis-cart,shippingservice,0,0,0,0,0,0,0
2026-10-04T14:05:36Z,shippingservice,adservice,0,0,0,0,0,0,0
2026-10-04T14:05:36Z,shippingservice,cartservice,0,0,0,0,0,0,0
2026-10-04T14:05:36Z,shippingservice,checkoutservice,0,0,0,0,0,0,0
2026-10-04T14:05:36Z,shippingservice,currencyservice,0,0,0,0,0,0,0
2026-10-04T14:05:36Z,shippingservice,emailservice,0,0,0,0,0,0,0
2026-10-04T14:05:36Z,shippingservice,frontend,0,0,0,0,0,0,0
2026-10-04T14:05:36Z,shippingservice,kubernetes,0,0,0,0,0,0,0
2026-10-04T14:05:36Z,shippingservice,paymentservice,0,0,0,0,0,0,0
2026-10-04T14:05:36Z,shippingservice,productcatalogservice,0,0,0,0,0,0,0
2026-10-04T14:05:36Z,shippingservice,recommendationservice,0,0,0,0,0,0,0
2026-10-04T14:05:36Z,shippingservice,redis-cart,0,0,0,0,0,0,0
2026-10-04T14:05:36Z,shippingservice,shippingservice,0,0,0,0,0,0,0
2026-10-04T14:05:37Z,adservice,adservice,0,0,0,0,0,0,0
2026-10-04T14:05:37Z,adservice,cartservice,0,0,0,0,0,0,0
2026-10-04T14:05:37Z,adservice,checkoutservice,0,0,0,0,0,0,0
2026-10-04T14:05:37Z,adservice,currencyservice,0,0,0,0,0,0,0
2026-10-04T14:05:37Z,adservice,emailservice,0,0,0,0,0,0,0
2026-10-04T14:05:37Z,adservice,frontend,0,0,0,0,0,0,0
2026-10-04T14:05:37Z,adservice,kubernetes,0,0,0,0,0,0,0
2026-10-04T14:05:37Z,adservice,paymentservice,0,0,0,0,0,0,0
2026-10-04T14:05:37Z,adservice,productcatalogservice,0,0,0,0,0,0,0
2026-10-04T14:05:37Z,adservice,recommendationservice,0,0,0,0,0,0,0
2026-10-04T14:05:37Z,adservice,redis-cart,0,0,0,0,0,0,0
2026-10-04T14:05:37Z,adservice,shippingservice,0,0,0,0,0,0,0
2026-10-04T14:05:37Z,cartservice,adservice,0,0,0,0,0,0,0
2026-10-04T14:05:37Z,cartservice,cartservice,0,0,0,0,0,0,0
2026-10-04T14:05:37Z,cartservice,checkoutservice,0,0,0,0,0,0,0
2026-10-04T14:05:37Z,cartservice,currencyservice,0,0,0,0,0,0,0
2026-10-04T14:05:37Z,cartservice,emailservice,0,0,0,0,0,0,0
2026-10-04T14:05:37Z,cartservice,frontend,0,0,0,0,0,0,0
2026-10-04T14:05:37Z,cartservice,kubernetes,0,0,0,0,0,0,0
2026-10-04T14:05:37Z,cartservice,paymentservice,0,0,0,0,0,0,0
2026-10-04T14:05:37Z,cartservice,productcatalogservice,0,0,0,0,0,0,0
2026-10-04T14:05:37Z,cartservice,recommendationservice,0,0,0,0,0,0,0
2026-10-04T14:05:37Z,cartservice,redis-cart,2,0,0,0,0,0,0
2026-10-04T14:05:37Z,cartservice,shippingservice,0,0,0,0,0,0,0
2026-10-04T14:05:37Z,checkoutservice,adservice,0,0,0,0,0,0,0
2026-10-04T14:05:37Z,checkoutservice,cartservice,25182,24609,0,65,0,355048,24510
2026-10-04T14:05:37Z,checkoutservice,checkoutservice,0,0,0,0,0,0,0
2026-10-04T14:05:37Z,checkoutservice,currencyservice,19193,19193,0,0,0,305389,19119
2026-10-04T14:05:37Z,checkoutservice,emailservice,2452,2275,0,42,0,112199,2275
2026-10-04T14:05:37Z,checkoutservice,frontend,0,0,0,0,0,0,0
2026-10-04T14:05:37Z,checkoutservice,kubernetes,0,0,0,0,0,0,0
2026-10-04T14:05:37Z,checkoutservice,paymentservice,15711,14713,0,99,0,241148,14580
2026-10-04T14:05:37Z,checkoutservice,productcatalogservice,0,0,0,0,0,0,0
2026-10-04T14:05:37Z,checkoutservice,recommendationservice,0,0,0,0,0,0,0
2026-10-04T14:05:37Z,checkoutservice,redis-cart,0,0,0,0,0,0,0
2026-10-04T14:05:37Z,checkoutservice,shippingservice,28699,27411,0,98,0,278937,27293
2026-10-04T14:05:37Z,currencyservice,adservice,0,0,0,0,0,0,0
2026-10-04T14:05:37Z,currencyservice,cartservice,0,0,0,0,0,0,0
2026-10-04T14:05:37Z,currencyservice,checkoutservice,0,0,0,0,0,0,0
2026-10-04T14:05:37Z,currencyservice,currencyservice,0,0,0,0,0,0,0
2026-10-04T14:05:37Z,currencyservice,emailservice,0,0,0,0,0,0,0
2026-10-04T14:05:37Z,currencyservice,frontend,0,0,0,0,0,0,0
2026-10-04T14:05:37Z,currencyservice,kubernetes,0,0,0,0,0,0,0
2026-10-04T14:05:37Z,currencyservice,paymentservice,0,0,0,0,0,0,0
2026-10-04T14:05:37Z,currencyservice,productcatalogservice,0,0,0,0,0,0,0
2026-10-04T14:05:37Z,currencyservice,recommendationservice,0,0,0,0,0,0,0
2026-10-04T14:05:37Z,currencyservice,redis-cart,0,0,0,0,0,0,0
2026-10-04T14:05:37Z,currencyservice,shippingservice,0,0,0,0,0,0,0
2026-10-04T14:05:37Z,emailservice,adservice,0,0,0,0,0,0,0
2026-10-04T14:05:37Z,emailservice,cartservice,0,0,0,0,0,0,0
2026-10-04T14:05:37Z,emailservice,checkoutservice,0,0,0,0,0,0,0
2026-10-04T14:05:37Z,emailservice,currencyservice,0,0,0,0,0,0,0
2026-10-04T14:05:37Z,emailservice,emailservice,0,0,0,0,0,0,0
2026-10-04T14:05:37Z,emailservice,frontend,0,0,0,0,0,0,0
2026-10-04T14:05:37Z,emailservice,kubernetes,0,0,0,0,0,0,0
2026-10-04T14:05:37Z,emailservice,paymentservice,0,0,0,0,0,0,0
2026-10-04T14:05:37Z,emailservice,productcatalogservice,0,0,0,0,0,0,0
2026-10-04T14:05:37Z,emailservice,recommendationservice,0,0,0,0,0,0,0
2026-10-04T14:05:37Z,emailservice,redis-cart,0,0,0,0,0,0,0
2026-10-04T14:05:37Z,emailservice,shippingservice,0,0,0,0,0,0,0
2026-10-04T14:05:37Z,frontend,adservice,805179,805173,0,0,0,2425918,804126
2026-10-04T14:05:37Z,frontend,cartservice,1784561,1784544,0,0,4,9931765,1782712
2026-10-04T14:05:37Z,frontend,checkoutservice,376282,178444,0,37520,160120,59021971,178306
2026-10-04T14:05:37Z,frontend,currencyservice,2837764,2837749,0,0,0,15068007,2834816
2026-10-04T14:05:37Z,frontend,emailservice,0,0,0,0,0,0,0
2026-10-04T14:05:37Z,frontend,frontend,0,0,0,0,0,0,0
2026-10-04T14:05:37Z,frontend,kubernetes,0,0,0,0,0,0,0
2026-10-04T14:05:37Z,frontend,paymentservice,0,0,0,0,0,0,0
2026-10-04T14:05:37Z,frontend,productcatalogservice,7973640,7973557,0,0,0,54459953,7963631
2026-10-04T14:05:37Z,frontend,recommendationservice,2575061,1575785,0,104145,892890,776700076,1574086
2026-10-04T14:05:37Z,frontend,redis-cart,0,0,0,0,0,0,0
2026-10-04T14:05:37Z,frontend,shippingservice,295316,295314,0,0,0,895990,294920
2026-10-04T14:05:37Z,paymentservice,adservice,0,0,0,0,0,0,0
2026-10-04T14:05:37Z,paymentservice,cartservice,0,0,0,0,0,0,0
2026-10-04T14:05:37Z,paymentservice,checkoutservice,0,0,0,0,0,0,0
2026-10-04T14:05:37Z,paymentservice,currencyservice,0,0,0,0,0,0,0
2026-10-04T14:05:37Z,paymentservice,emailservice,0,0,0,0,0,0,0
2026-10-04T14:05:37Z,paymentservice,frontend,0,0,0,0,0,0,0
2026-10-04T14:05:37Z,paymentservice,kubernetes,0,0,0,0,0,0,0
2026-10-04T14:05:37Z,paymentservice,paymentservice,0,0,0,0,0,0,0
2026-10-04T14:05:37Z,paymentservice,productcatalogservice,0,0,0,0,0,0,0
2026-10-04T14:05:37Z,paymentservice,recommendationservice,0,0,0,0,0,0,0
2026-10-04T14:05:37Z,paymentservice,redis-cart,0,0,0,0,0,0,0
2026-10-04T14:05:37Z,paymentservice,shippingservice,0,0,0,0,0,0,0
2026-10-04T14:05:37Z,productcatalogservice,adservice,0,0,0,0,0,0,0
2026-10-04T14:05:37Z,productcatalogservice,cartservice,0,0,0,0,0,0,0
2026-10-04T14:05:37Z,productcatalogservice,checkoutservice,0,0,0,0,0,0,0
2026-10-04T14:05:37Z,productcatalogservice,currencyservice,0,0,0,0,0,0,0
2026-10-04T14:05:37Z,productcatalogservice,emailservice,0,0,0,0,0,0,0
2026-10-04T14:05:37Z,productcatalogservice,frontend,0,0,0,0,0,0,0
2026-10-04T14:05:37Z,productcatalogservice,kubernetes,0,0,0,0,0,0,0
2026-10-04T14:05:37Z,productcatalogservice,paymentservice,0,0,0,0,0,0,0
2026-10-04T14:05:37Z,productcatalogservice,productcatalogservice,0,0,0,0,0,0,0
2026-10-04T14:05:37Z,productcatalogservice,recommendationservice,0,0,0,0,0,0,0
2026-10-04T14:05:37Z,productcatalogservice,redis-cart,0,0,0,0,0,0,0
2026-10-04T14:05:37Z,productcatalogservice,shippingservice,0,0,0,0,0,0,0
2026-10-04T14:05:37Z,recommendationservice,adservice,0,0,0,0,0,0,0
2026-10-04T14:05:37Z,recommendationservice,cartservice,0,0,0,0,0,0,0
2026-10-04T14:05:37Z,recommendationservice,checkoutservice,0,0,0,0,0,0,0
2026-10-04T14:05:37Z,recommendationservice,currencyservice,0,0,0,0,0,0,0
2026-10-04T14:05:37Z,recommendationservice,emailservice,0,0,0,0,0,0,0
2026-10-04T14:05:37Z,recommendationservice,frontend,0,0,0,0,0,0,0
2026-10-04T14:05:37Z,recommendationservice,kubernetes,0,0,0,0,0,0,0
2026-10-04T14:05:37Z,recommendationservice,paymentservice,0,0,0,0,0,0,0
2026-10-04T14:05:37Z,recommendationservice,productcatalogservice,50911,50910,0,0,0,410912,49888
2026-10-04T14:05:37Z,recommendationservice,recommendationservice,0,0,0,0,0,0,0
2026-10-04T14:05:37Z,recommendationservice,redis-cart,0,0,0,0,0,0,0
2026-10-04T14:05:37Z,recommendationservice,shippingservice,0,0,0,0,0,0,0
2026-10-04T14:05:37Z,redis-cart,adservice,0,0,0,0,0,0,0
2026-10-04T14:05:37Z,redis-cart,cartservice,0,0,0,0,0,0,0
2026-10-04T14:05:37Z,redis-cart,checkoutservice,0,0,0,0,0,0,0
2026-10-04T14:05:37Z,redis-cart,currencyservice,0,0,0,0,0,0,0
2026-10-04T14:05:37Z,redis-cart,emailservice,0,0,0,0,0,0,0
2026-10-04T14:05:37Z,redis-cart,frontend,0,0,0,0,0,0,0
2026-10-04T14:05:37Z,redis-cart,kubernetes,0,0,0,0,0,0,0
2026-10-04T14:05:37Z,redis-cart,paymentservice,0,0,0,0,0,0,0
2026-10-04T14:05:37Z,redis-cart,productcatalogservice,0,0,0,0,0,0,0
2026-10-04T14:05:37Z,redis-cart,recommendationservice,0,0,0,0,0,0,0
2026-10-04T14:05:37Z,redis-cart,redis-cart,0,0,0,0,0,0,0
2026-10-04T14:05:37Z,redis-cart,shippingservice,0,0,0,0,0,0,0
2026-10-04T14:05:37Z,shippingservice,adservice,0,0,0,0,0,0,0
2026-10-04T14:05:37Z,shippingservice,cartservice,0,0,0,0,0,0,0
2026-10-04T14:05:37Z,shippingservice,checkoutservice,0,0,0,0,0,0,0
2026-10-04T14:05:37Z,shippingservice,currencyservice,0,0,0,0,0,0,0
2026-10-04T14:05:37Z,shippingservice,emailservice,0,0,0,0,0,0,0
2026-10-04T14:05:37Z,shippingservice,frontend,0,0,0,0,0,0,0
2026-10-04T14:05:37Z,shippingservice,kubernetes,0,0,0,0,0,0,0
2026-10-04T14:05:37Z,shippingservice,paymentservice,0,0,0,0,0,0,0
2026-10-04T14:05:37Z,shippingservice,productcatalogservice,0,0,0,0,0,0,0
2026-10-04T14:05:37Z,shippingservice,recommendationservice,0,0,0,0,0,0,0
2026-10-04T14:05:37Z,shippingservice,redis-cart,0,0,0,0,0,0,0
2026-10-04T14:05:37Z,shippingservice,shippingservice,0,0,0,0,0,0,0
2026-10-04T14:05:38Z,adservice,adservice,0,0,0,0,0,0,0
2026-10-04T14:05:38Z,adservice,cartservice,0,0,0,0,0,0,0
2026-10-04T14:05:38Z,adservice,checkoutservice,0,0,0,0,0,0,0
2026-10-04T14:05:38Z,adservice,currencyservice,0,0,0,0,0,0,0
2026-10-04T14:05:38Z,adservice,emailservice,0,0,0,0,0,0,0
2026-10-04T14:05:38Z,adservice,frontend,0,0,0,0,0,0,0
2026-10-04T14:05:38Z,adservice,kubernetes,0,0,0,0,0,0,0
2026-10-04T14:05:38Z,adservice,paymentservice,0,0,0,0,0,0,0
2026-10-04T14:05:38Z,adservice,productcatalogservice,0,0,0,0,0,0,0
2026-10-04T14:05:38Z,adservice,recommendationservice,0,0,0,0,0,0,0
2026-10-04T14:05:38Z,adservice,redis-cart,0,0,0,0,0,0,0
2026-10-04T14:05:38Z,adservice,shippingservice,0,0,0,0,0,0,0
2026-10-04T14:05:38Z,cartservice,adservice,0,0,0,0,0,0,0
2026-10-04T14:05:38Z,cartservice,cartservice,0,0,0,0,0,0,0
2026-10-04T14:05:38Z,cartservice,checkoutservice,0,0,0,0,0,0,0
2026-10-04T14:05:38Z,cartservice,currencyservice,0,0,0,0,0,0,0
2026-10-04T14:05:38Z,cartservice,emailservice,0,0,0,0,0,0,0
2026-10-04T14:05:38Z,cartservice,frontend,0,0,0,0,0,0,0
2026-10-04T14:05:38Z,cartservice,kubernetes,0,0,0,0,0,0,0
2026-10-04T14:05:38Z,cartservice,paymentservice,0,0,0,0,0,0,0
2026-10-04T14:05:38Z,cartservice,productcatalogservice,0,0,0,0,0,0,0
2026-10-04T14:05:38Z,cartservice,recommendationservice,0,0,0,0,0,0,0
2026-10-04T14:05:38Z,cartservice,redis-cart,2,0,0,0,0,0,0
2026-10-04T14:05:38Z,cartservice,shippingservice,0,0,0,0,0,0,0
2026-10-04T14:05:38Z,checkoutservice,adservice,0,0,0,0,0,0,0
2026-10-04T14:05:38Z,checkoutservice,cartservice,25410,24819,0,66,0,355048,24510
2026-10-04T14:05:38Z,checkoutservice,checkoutservice,0,0,0,0,0,0,0
2026-10-04T14:05:38Z,checkoutservice,currencyservice,19403,19399,0,0,0,305389,19119
2026-10-04T14:05:38Z,checkoutservice,emailservice,2454,2277,0,42,0,112199,2275
2026-10-04T14:05:38Z,checkoutservice,frontend,0,0,0,0,0,0,0
2026-10-04T14:05:38Z,checkoutservice,kubernetes,0,0,0,0,0,0,0
2026-10-04T14:05:38Z,checkoutservice,paymentservice,15876,14853,0,100,0,241148,14580
2026-10-04T14:05:38Z,checkoutservice,productcatalogservice,0,0,0,0,0,0,0
2026-10-04T14:05:38Z,checkoutservice,recommendationservice,0,0,0,0,0,0,0
2026-10-04T14:05:38Z,checkoutservice,redis-cart,0,0,0,0,0,0,0
2026-10-04T14:05:38Z,checkoutservice,shippingservice,28965,27663,0,98,0,278937,27293
2026-10-04T14:05:38Z,currencyservice,adservice,0,0,0,0,0,0,0
2026-10-04T14:05:38Z,currencyservice,cartservice,0,0,0,0,0,0,0
2026-10-04T14:05:38Z,currencyservice,checkoutservice,0,0,0,0,0,0,0
2026-10-04T14:05:38Z,currencyservice,currencyservice,0,0,0,0,0,0,0
2026-10-04T14:05:38Z,currencyservice,emailservice,0,0,0,0,0,0,0
2026-10-04T14:05:38Z,currencyservice,frontend,0,0,0,0,0,0,0
2026-10-04T14:05:38Z,currencyservice,kubernetes,0,0,0,0,0,0,0
2026-10-04T14:05:38Z,currencyservice,paymentservice,0,0,0,0,0,0,0
2026-10-04T14:05:38Z,currencyservice,productcatalogservice,0,0,0,0,0,0,0
2026-10-04T14:05:38Z,currencyservice,recommendationservice,0,0,0,0,0,0,0
2026-10-04T14:05:38Z,currencyservice,redis-cart,0,0,0,0,0,0,0
2026-10-04T14:05:38Z,currencyservice,shippingservice,0,0,0,0,0,0,0
2026-10-04T14:05:38Z,emailservice,adservice,0,0,0,0,0,0,0
2026-10-04T14:05:38Z,emailservice,cartservice,0,0,0,0,0,0,0
2026-10-04T14:05:38Z,emailservice,checkoutservice,0,0,0,0,0,0,0
2026-10-04T14:05:38Z,emailservice,currencyservice,0,0,0,0,0,0,0
2026-10-04T14:05:38Z,emailservice,emailservice,0,0,0,0,0,0,0
2026-10-04T14:05:38Z,emailservice,frontend,0,0,0,0,0,0,0
2026-10-04T14:05:38Z,emailservice,kubernetes,0,0,0,0,0,0,0
2026-10-04T14:05:38Z,emailservice,paymentservice,0,0,0,0,0,0,0
2026-10-04T14:05:38Z,emailservice,productcatalogservice,0,0,0,0,0,0,0
2026-10-04T14:05:38Z,emailservice,recommendationservice,0,0,0,0,0,0,0
2026-10-04T14:05:38Z,emailservice,redis-cart,0,0,0,0,0,0,0
2026-10-04T14:05:38Z,emailservice,shippingservice,0,0,0,0,0,0,0
2026-10-04T14:05:38Z,frontend,adservice,805452,805447,0,0,0,2426796,804418
2026-10-04T14:05:38Z,frontend,cartservice,1785021,1785006,0,0,4,9935002,1783217
2026-10-04T14:05:38Z,frontend,checkoutservice,376484,178467,0,37557,160267,59076576,178348
2026-10-04T14:05:38Z,frontend,currencyservice,2838494,2838487,0,0,0,15072535,2835587
2026-10-04T14:05:38Z,frontend,emailservice,0,0,0,0,0,0,0
2026-10-04T14:05:38Z,frontend,frontend,0,0,0,0,0,0,0
2026-10-04T14:05:38Z,frontend,kubernetes,0,0,0,0,0,0,0
2026-10-04T14:05:38Z,frontend,paymentservice,0,0,0,0,0,0,0
2026-10-04T14:05:38Z,frontend,productcatalogservice,7976127,7976048,0,0,0,54483628,7966342
2026-10-04T14:05:38Z,frontend,recommendationservice,2575487,1576214,0,104145,892890,776753456,1574545
2026-10-04T14:05:38Z,frontend,redis-cart,0,0,0,0,0,0,0
2026-10-04T14:05:38Z,frontend,shippingservice,295418,295415,0,0,0,896203,295008
2026-10-04T14:05:38Z,paymentservice,adservice,0,0,0,0,0,0,0
2026-10-04T14:05:38Z,paymentservice,cartservice,0,0,0,0,0,0,0
2026-10-04T14:05:38Z,paymentservice,checkoutservice,0,0,0,0,0,0,0
2026-10-04T14:05:38Z,paymentservice,currencyservice,0,0,0,0,0,0,0
2026-10-04T14:05:38Z,paymentservice,emailservice,0,0,0,0,0,0,0
2026-10-04T14:05:38Z,paymentservice,frontend,0,0,0,0,0,0,0
2026-10-04T14:05:38Z,paymentservice,kubernetes,0,0,0,0,0,0,0
2026-10-04T14:05:38Z,paymentservice,paymentservice,0,0,0,0,0,0,0
2026-10-04T14:05:38Z,paymentservice,productcatalogservice,0,0,0,0,0,0,0
2026-10-04T14:05:38Z,paymentservice,recommendationservice,0,0,0,0,0,0,0
2026-10-04T14:05:38Z,paymentservice,redis-cart,0,0,0,0,0,0,0
2026-10-04T14:05:38Z,paymentservice,shippingservice,0,0,0,0,0,0,0
2026-10-04T14:05:38Z,productcatalogservice,adservice,0,0,0,0,0,0,0
2026-10-04T14:05:38Z,productcatalogservice,cartservice,0,0,0,0,0,0,0
2026-10-04T14:05:38Z,productcatalogservice,checkoutservice,0,0,0,0,0,0,0
2026-10-04T14:05:38Z,productcatalogservice,currencyservice,0,0,0,0,0,0,0
2026-10-04T14:05:38Z,productcatalogservice,emailservice,0,0,0,0,0,0,0
2026-10-04T14:05:38Z,productcatalogservice,frontend,0,0,0,0,0,0,0
2026-10-04T14:05:38Z,productcatalogservice,kubernetes,0,0,0,0,0,0,0
2026-10-04T14:05:38Z,productcatalogservice,paymentservice,0,0,0,0,0,0,0
2026-10-04T14:05:38Z,productcatalogservice,productcatalogservice,0,0,0,0,0,0,0
2026-10-04T14:05:38Z,productcatalogservice,recommendationservice,0,0,0,0,0,0,0
2026-10-04T14:05:38Z,productcatalogservice,redis-cart,0,0,0,0,0,0,0
2026-10-04T14:05:38Z,productcatalogservice,shippingservice,0,0,0,0,0,0,0
2026-10-04T14:05:38Z,recommendationservice,adservice,0,0,0,0,0,0,0
2026-10-04T14:05:38Z,recommendationservice,cartservice,0,0,0,0,0,0,0
2026-10-04T14:05:38Z,recommendationservice,checkoutservice,0,0,0,0,0,0,0
2026-10-04T14:05:38Z,recommendationservice,currencyservice,0,0,0,0,0,0,0
2026-10-04T14:05:38Z,recommendationservice,emailservice,0,0,0,0,0,0,0
2026-10-04T14:05:38Z,recommendationservice,frontend,0,0,0,0,0,0,0
2026-10-04T14:05:38Z,recommendationservice,kubernetes,0,0,0,0,0,0,0
2026-10-04T14:05:38Z,recommendationservice,paymentservice,0,0,0,0,0,0,0
2026-10-04T14:05:38Z,recommendationservice,productcatalogservice,51359,51351,0,0,0,410912,49888
2026-10-04T14:05:38Z,recommendationservice,recommendationservice,0,0,0,0,0,0,0
2026-10-04T14:05:38Z,recommendationservice,redis-cart,0,0,0,0,0,0,0
2026-10-04T14:05:38Z,recommendationservice,shippingservice,0,0,0,0,0,0,0
2026-10-04T14:05:38Z,redis-cart,adservice,0,0,0,0,0,0,0
2026-10-04T14:05:38Z,redis-cart,cartservice,0,0,0,0,0,0,0
2026-10-04T14:05:38Z,redis-cart,checkoutservice,0,0,0,0,0,0,0
2026-10-04T14:05:38Z,redis-cart,currencyservice,0,0,0,0,0,0,0
2026-10-04T14:05:38Z,redis-cart,emailservice,0,0,0,0,0,0,0
2026-10-04T14:05:38Z,redis-cart,frontend,0,0,0,0,0,0,0
2026-10-04T14:05:38Z,redis-cart,kubernetes,0,0,0,0,0,0,0
2026-10-04T14:05:38Z,redis-cart,paymentservice,0,0,0,0,0,0,0
2026-10-04T14:05:38Z,redis-cart,productcatalogservice,0,0,0,0,0,0,0
2026-10-04T14:05:38Z,redis-cart,recommendationservice,0,0,0,0,0,0,0
2026-10-04T14:05:38Z,redis-cart,redis-cart,0,0,0,0,0,0,0
2026-10-04T14:05:38Z,redis-cart,shippingservice,0,0,0,0,0,0,0
2026-10-04T14:05:38Z,shippingservice,adservice,0,0,0,0,0,0,0
2026-10-04T14:05:38Z,shippingservice,cartservice,0,0,0,0,0,0,0
2026-10-04T14:05:38Z,shippingservice,checkoutservice,0,0,0,0,0,0,0
2026-10-04T14:05:38Z,shippingservice,currencyservice,0,0,0,0,0,0,0
2026-10-04T14:05:38Z,shippingservice,emailservice,0,0,0,0,0,0,0
2026-10-04T14:05:38Z,shippingservice,frontend,0,0,0,0,0,0,0
2026-10-04T14:05:38Z,shippingservice,kubernetes,0,0,0,0,0,0,0
2026-10-04T14:05:38Z,shippingservice,paymentservice,0,0,0,0,0,0,0
2026-10-04T14:05:38Z,shippingservice,productcatalogservice,0,0,0,0,0,0,0
2026-10-04T14:05:38Z,shippingservice,recommendationservice,0,0,0,0,0,0,0
2026-10-04T14:05:38Z,shippingservice,redis-cart,0,0,0,0,0,0,0
2026-10-04T14:05:38Z,shippingservice,shippingservice,0,0,0,0,0,0,0
2026-10-04T14:05:39Z,adservice,adservice,0,0,0,0,0,0,0
2026-10-04T14:05:39Z,adservice,cartservice,0,0,0,0,0,0,0
2026-10-04T14:05:39Z,adservice,checkoutservice,0,0,0,0,0,0,0
2026-10-04T14:05:39Z,adservice,currencyservice,0,0,0,0,0,0,0
2026-10-04T14:05:39Z,adservice,emailservice,0,0,0,0,0,0,0
2026-10-04T14:05:39Z,adservice,frontend,0,0,0,0,0,0,0
2026-10-04T14:05:39Z,adservice,kubernetes,0,0,0,0,0,0,0
2026-10-04T14:05:39Z,adservice,paymentservice,0,0,0,0,0,0,0
2026-10-04T14:05:39Z,adservice,productcatalogservice,0,0,0,0,0,0,0
2026-10-04T14:05:39Z,adservice,recommendationservice,0,0,0,0,0,0,0
2026-10-04T14:05:39Z,adservice,redis-cart,0,0,0,0,0,0,0
2026-10-04T14:05:39Z,adservice,shippingservice,0,0,0,0,0,0,0
2026-10-04T14:05:39Z,cartservice,adservice,0,0,0,0,0,0,0
2026-10-04T14:05:39Z,cartservice,cartservice,0,0,0,0,0,0,0
2026-10-04T14:05:39Z,cartservice,checkoutservice,0,0,0,0,0,0,0
2026-10-04T14:05:39Z,cartservice,currencyservice,0,0,0,0,0,0,0
2026-10-04T14:05:39Z,cartservice,emailservice,0,0,0,0,0,0,0
2026-10-04T14:05:39Z,cartservice,frontend,0,0,0,0,0,0,0
2026-10-04T14:05:39Z,cartservice,kubernetes,0,0,0,0,0,0,0
2026-10-04T14:05:39Z,cartservice,paymentservice,0,0,0,0,0,0,0
2026-10-04T14:05:39Z,cartservice,productcatalogservice,0,0,0,0,0,0,0
2026-10-04T14:05:39Z,cartservice,recommendationservice,0,0,0,0,0,0,0
2026-10-04T14:05:39Z,cartservice,redis-cart,2,0,0,0,0,0,0
2026-10-04T14:05:39Z,cartservice,shippingservice,0,0,0,0,0,0,0
2026-10-04T14:05:39Z,checkoutservice,adservice,0,0,0,0,0,0,0
2026-10-04T14:05:39Z,checkoutservice,cartservice,25619,25034,0,68,0,355048,24510
2026-10-04T14:05:39Z,checkoutservice,checkoutservice,0,0,0,0,0,0,0
2026-10-04T14:05:39Z,checkoutservice,currencyservice,19613,19606,0,0,0,305389,19119
2026-10-04T14:05:39Z,checkoutservice,emailservice,2460,2281,0,42,0,112199,2275
2026-10-04T14:05:39Z,checkoutservice,frontend,0,0,0,0,0,0,0
2026-10-04T14:05:39Z,checkoutservice,kubernetes,0,0,0,0,0,0,0
2026-10-04T14:05:39Z,checkoutservice,paymentservice,16051,15014,0,101,0,241148,14580
2026-10-04T14:05:39Z,checkoutservice,productcatalogservice,0,0,0,0,0,0,0
2026-10-04T14:05:39Z,checkoutservice,recommendationservice,0,0,0,0,0,0,0
2026-10-04T14:05:39Z,checkoutservice,redis-cart,0,0,0,0,0,0,0
2026-10-04T14:05:39Z,checkoutservice,shippingservice,29247,27926,0,98,0,278937,27293
2026-10-04T14:05:39Z,currencyservice,adservice,0,0,0,0,0,0,0
2026-10-04T14:05:39Z,currencyservice,cartservice,0,0,0,0,0,0,0
2026-10-04T14:05:39Z,currencyservice,checkoutservice,0,0,0,0,0,0,0
2026-10-04T14:05:39Z,currencyservice,currencyservice,0,0,0,0,0,0,0
2026-10-04T14:05:39Z,currencyservice,emailservice,0,0,0,0,0,0,0
2026-10-04T14:05:39Z,currencyservice,frontend,0,0,0,0,0,0,0
2026-10-04T14:05:39Z,currencyservice,kubernetes,0,0,0,0,0,0,0
2026-10-04T14:05:39Z,currencyservice,paymentservice,0,0,0,0,0,0,0
2026-10-04T14:05:39Z,currencyservice,productcatalogservice,0,0,0,0,0,0,0
2026-10-04T14:05:39Z,currencyservice,recommendationservice,0,0,0,0,0,0,0
2026-10-04T14:05:39Z,currencyservice,redis-cart,0,0,0,0,0,0,0
2026-10-04T14:05:39Z,currencyservice,shippingservice,0,0,0,0,0,0,0
2026-10-04T14:05:39Z,emailservice,adservice,0,0,0,0,0,0,0
2026-10-04T14:05:39Z,emailservice,cartservice,0,0,0,0,0,0,0
2026-10-04T14:05:39Z,emailservice,checkoutservice,0,0,0,0,0,0,0
2026-10-04T14:05:39Z,emailservice,currencyservice,0,0,0,0,0,0,0
2026-10-04T14:05:39Z,emailservice,emailservice,0,0,0,0,0,0,0
2026-10-04T14:05:39Z,emailservice,frontend,0,0,0,0,0,0,0
2026-10-04T14:05:39Z,emailservice,kubernetes,0,0,0,0,0,0,0
2026-10-04T14:05:39Z,emailservice,paymentservice,0,0,0,0,0,0,0
2026-10-04T14:05:39Z,emailservice,productcatalogservice,0,0,0,0,0,0,0
2026-10-04T14:05:39Z,emailservice,recommendationservice,0,0,0,0,0,0,0
2026-10-04T14:05:39Z,emailservice,redis-cart,0,0,0,0,0,0,0
2026-10-04T14:05:39Z,emailservice,shippingservice,0,0,0,0,0,0,0
2026-10-04T14:05:39Z,frontend,adservice,805746,805743,0,0,0,2430144,805497
2026-10-04T14:05:39Z,frontend,cartservice,1785530,1785514,0,0,4,9946371,1785062
2026-10-04T14:05:39Z,frontend,checkoutservice,376678,178505,0,37598,160396,59228376,178469
2026-10-04T14:05:39Z,frontend,currencyservice,2839305,2839292,0,0,0,15090000,2838577
2026-10-04T14:05:39Z,frontend,emailservice,0,0,0,0,0,0,0
2026-10-04T14:05:39Z,frontend,frontend,0,0,0,0,0,0,0
2026-10-04T14:05:39Z,frontend,kubernetes,0,0,0,0,0,0,0
2026-10-04T14:05:39Z,frontend,paymentservice,0,0,0,0,0,0,0
2026-10-04T14:05:39Z,frontend,productcatalogservice,7978848,7978766,0,0,0,54555967,7976407
2026-10-04T14:05:39Z,frontend,recommendationservice,2575957,1576682,0,104145,892890,776959356,1576275
2026-10-04T14:05:39Z,frontend,redis-cart,0,0,0,0,0,0,0
2026-10-04T14:05:39Z,frontend,shippingservice,295517,295515,0,0,0,897782,295420
2026-10-04T14:05:39Z,paymentservice,adservice,0,0,0,0,0,0,0
2026-10-04T14:05:39Z,paymentservice,cartservice,0,0,0,0,0,0,0
2026-10-04T14:05:39Z,paymentservice,checkoutservice,0,0,0,0,0,0,0
2026-10-04T14:05:39Z,paymentservice,currencyservice,0,0,0,0,0,0,0
2026-10-04T14:05:39Z,paymentservice,emailservice,0,0,0,0,0,0,0
2026-10-04T14:05:39Z,paymentservice,frontend,0,0,0,0,0,0,0
2026-10-04T14:05:39Z,paymentservice,kubernetes,0,0,0,0,0,0,0
2026-10-04T14:05:39Z,paymentservice,paymentservice,0,0,0,0,0,0,0
2026-10-04T14:05:39Z,paymentservice,productcatalogservice,0,0,0,0,0,0,0
2026-10-04T14:05:39Z,paymentservice,recommendationservice,0,0,0,0,0,0,0
2026-10-04T14:05:39Z,paymentservice,redis-cart,0,0,0,0,0,0,0
2026-10-04T14:05:39Z,paymentservice,shippingservice,0,0,0,0,0,0,0
2026-10-04T14:05:39Z,productcatalogservice,adservice,0,0,0,0,0,0,0
2026-10-04T14:05:39Z,productcatalogservice,cartservice,0,0,0,0,0,0,0
2026-10-04T14:05:39Z,productcatalogservice,checkoutservice,0,0,0,0,0,0,0
2026-10-04T14:05:39Z,productcatalogservice,currencyservice,0,0,0,0,0,0,0
2026-10-04T14:05:39Z,productcatalogservice,emailservice,0,0,0,0,0,0,0
2026-10-04T14:05:39Z,productcatalogservice,frontend,0,0,0,0,0,0,0
2026-10-04T14:05:39Z,productcatalogservice,kubernetes,0,0,0,0,0,0,0
2026-10-04T14:05:39Z,productcatalogservice,paymentservice,0,0,0,0,0,0,0
2026-10-04T14:05:39Z,productcatalogservice,productcatalogservice,0,0,0,0,0,0,0
2026-10-04T14:05:39Z,productcatalogservice,recommendationservice,0,0,0,0,0,0,0
2026-10-04T14:05:39Z,productcatalogservice,redis-cart,0,0,0,0,0,0,0
2026-10-04T14:05:39Z,productcatalogservice,shippingservice,0,0,0,0,0,0,0
2026-10-04T14:05:39Z,recommendationservice,adservice,0,0,0,0,0,0,0
2026-10-04T14:05:39Z,recommendationservice,cartservice,0,0,0,0,0,0,0
2026-10-04T14:05:39Z,recommendationservice,checkoutservice,0,0,0,0,0,0,0
2026-10-04T14:05:39Z,recommendationservice,currencyservice,0,0,0,0,0,0,0
2026-10-04T14:05:39Z,recommendationservice,emailservice,0,0,0,0,0,0,0
2026-10-04T14:05:39Z,recommendationservice,frontend,0,0,0,0,0,0,0
2026-10-04T14:05:39Z,recommendationservice,kubernetes,0,0,0,0,0,0,0
2026-10-04T14:05:39Z,recommendationservice,paymentservice,0,0,0,0,0,0,0
2026-10-04T14:05:39Z,recommendationservice,productcatalogservice,51802,51800,0,0,0,410912,49888
2026-10-04T14:05:39Z,recommendationservice,recommendationservice,0,0,0,0,0,0,0
2026-10-04T14:05:39Z,recommendationservice,redis-cart,0,0,0,0,0,0,0
2026-10-04T14:05:39Z,recommendationservice,shippingservice,0,0,0,0,0,0,0
2026-10-04T14:05:39Z,redis-cart,adservice,0,0,0,0,0,0,0
2026-10-04T14:05:39Z,redis-cart,cartservice,0,0,0,0,0,0,0
2026-10-04T14:05:39Z,redis-cart,checkoutservice,0,0,0,0,0,0,0
2026-10-04T14:05:39Z,redis-cart,currencyservice,0,0,0,0,0,0,0
2026-10-04T14:05:39Z,redis-cart,emailservice,0,0,0,0,0,0,0
2026-10-04T14:05:39Z,redis-cart,frontend,0,0,0,0,0,0,0
2026-10-04T14:05:39Z,redis-cart,kubernetes,0,0,0,0,0,0,0
2026-10-04T14:05:39Z,redis-cart,paymentservice,0,0,0,0,0,0,0
2026-10-04T14:05:39Z,redis-cart,productcatalogservice,0,0,0,0,0,0,0
2026-10-04T14:05:39Z,redis-cart,recommendationservice,0,0,0,0,0,0,0
2026-10-04T14:05:39Z,redis-cart,redis-cart,0,0,0,0,0,0,0
2026-10-04T14:05:39Z,redis-cart,shippingservice,0,0,0,0,0,0,0
2026-10-04T14:05:39Z,shippingservice,adservice,0,0,0,0,0,0,0
2026-10-04T14:05:39Z,shippingservice,cartservice,0,0,0,0,0,0,0
2026-10-04T14:05:39Z,shippingservice,checkoutservice,0,0,0,0,0,0,0
2026-10-04T14:05:39Z,shippingservice,currencyservice,0,0,0,0,0,0,0
2026-10-04T14:05:39Z,shippingservice,emailservice,0,0,0,0,0,0,0
2026-10-04T14:05:39Z,shippingservice,frontend,0,0,0,0,0,0,0
2026-10-04T14:05:39Z,shippingservice,kubernetes,0,0,0,0,0,0,0
2026-10-04T14:05:39Z,shippingservice,paymentservice,0,0,0,0,0,0,0
2026-10-04T14:05:39Z,shippingservice,productcatalogservice,0,0,0,0,0,0,0
2026-10-04T14:05:39Z,shippingservice,recommendationservice,0,0,0,0,0,0,0
2026-10-04T14:05:39Z,shippingservice,redis-cart,0,0,0,0,0,0,0
2026-10-04T14:05:39Z,shippingservice,shippingservice,0,0,0,0,0,0,0
2026-10-04T14:05:40Z,adservice,adservice,0,0,0,0,0,0,0
2026-10-04T14:05:40Z,adservice,cartservice,0,0,0,0,0,0,0
2026-10-04T14:05:40Z,adservice,checkoutservice,0,0,0,0,0,0,0
2026-10-04T14:05:40Z,adservice,currencyservice,0,0,0,0,0,0,0
2026-10-04T14:05:40Z,adservice,emailservice,0,0,0,0,0,0,0
2026-10-04T14:05:40Z,adservice,frontend,0,0,0,0,0,0,0
2026-10-04T14:05:40Z,adservice,kubernetes,0,0,0,0,0,0,0
2026-10-04T14:05:40Z,adservice,paymentservice,0,0,0,0,0,0,0
2026-10-04T14:05:40Z,adservice,productcatalogservice,0,0,0,0,0,0,0
2026-10-04T14:05:40Z,adservice,recommendationservice,0,0,0,0,0,0,0
2026-10-04T14:05:40Z,adservice,redis-cart,0,0,0,0,0,0,0
2026-10-04T14:05:40Z,adservice,shippingservice,0,0,0,0,0,0,0
2026-10-04T14:05:40Z,cartservice,adservice,0,0,0,0,0,0,0
2026-10-04T14:05:40Z,cartservice,cartservice,0,0,0,0,0,0,0
2026-10-04T14:05:40Z,cartservice,checkoutservice,0,0,0,0,0,0,0
2026-10-04T14:05:40Z,cartservice,currencyservice,0,0,0,0,0,0,0
2026-10-04T14:05:40Z,cartservice,emailservice,0,0,0,0,0,0,0
2026-10-04T14:05:40Z,cartservice,frontend,0,0,0,0,0,0,0
2026-10-04T14:05:40Z,cartservice,kubernetes,0,0,0,0,0,0,0
2026-10-04T14:05:40Z,cartservice,paymentservice,0,0,0,0,0,0,0
2026-10-04T14:05:40Z,cartservice,productcatalogservice,0,0,0,0,0,0,0
2026-10-04T14:05:40Z,cartservice,recommendationservice,0,0,0,0,0,0,0
2026-10-04T14:05:40Z,cartservice,redis-cart,2,0,0,0,0,0,0
2026-10-04T14:05:40Z,cartservice,shippingservice,0,0,0,0,0,0,0
2026-10-04T14:05:40Z,checkoutservice,adservice,0,0,0,0,0,0,0
2026-10-04T14:05:40Z,checkoutservice,cartservice,25838,25245,0,71,0,355048,24510
2026-10-04T14:05:40Z,checkoutservice,checkoutservice,0,0,0,0,0,0,0
2026-10-04T14:05:40Z,checkoutservice,currencyservice,19794,19794,0,0,0,305389,19119
2026-10-04T14:05:40Z,checkoutservice,emailservice,2464,2284,0,42,0,112199,2275
2026-10-04T14:05:40Z,checkoutservice,frontend,0,0,0,0,0,0,0
2026-10-04T14:05:40Z,checkoutservice,kubernetes,0,0,0,0,0,0,0
2026-10-04T14:05:40Z,checkoutservice,paymentservice,16220,15178,0,101,0,241148,14580
2026-10-04T14:05:40Z,checkoutservice,productcatalogservice,0,0,0,0,0,0,0
2026-10-04T14:05:40Z,checkoutservice,recommendationservice,0,0,0,0,0,0,0
2026-10-04T14:05:40Z,checkoutservice,redis-cart,0,0,0,0,0,0,0
2026-10-04T14:05:40Z,checkoutservice,shippingservice,29508,28182,0,100,0,278937,27293
2026-10-04T14:05:40Z,currencyservice,adservice,0,0,0,0,0,0,0
2026-10-04T14:05:40Z,currencyservice,cartservice,0,0,0,0,0,0,0
2026-10-04T14:05:40Z,currencyservice,checkoutservice,0,0,0,0,0,0,0
2026-10-04T14:05:40Z,currencyservice,currencyservice,0,0,0,0,0,0,0
2026-10-04T14:05:40Z,currencyservice,emailservice,0,0,0,0,0,0,0
2026-10-04T14:05:40Z,currencyservice,frontend,0,0,0,0,0,0,0
2026-10-04T14:05:40Z,currencyservice,kubernetes,0,0,0,0,0,0,0
2026-10-04T14:05:40Z,currencyservice,paymentservice,0,0,0,0,0,0,0
2026-10-04T14:05:40Z,currencyservice,productcatalogservice,0,0,0,0,0,0,0
2026-10-04T14:05:40Z,currencyservice,recommendationservice,0,0,0,0,0,0,0
2026-10-04T14:05:40Z,currencyservice,redis-cart,0,0,0,0,0,0,0
2026-10-04T14:05:40Z,currencyservice,shippingservice,0,0,0,0,0,0,0
2026-10-04T14:05:40Z,emailservice,adservice,0,0,0,0,0,0,0
2026-10-04T14:05:40Z,emailservice,cartservice,0,0,0,0,0,0,0
2026-10-04T14:05:40Z,emailservice,checkoutservice,0,0,0,0,0,0,0
2026-10-04T14:05:40Z,emailservice,currencyservice,0,0,0,0,0,0,0
2026-10-04T14:05:40Z,emailservice,emailservice,0,0,0,0,0,0,0
2026-10-04T14:05:40Z,emailservice,frontend,0,0,0,0,0,0,0
2026-10-04T14:05:40Z,emailservice,kubernetes,0,0,0,0,0,0,0
2026-10-04T14:05:40Z,emailservice,paymentservice,0,0,0,0,0,0,0
2026-10-04T14:05:40Z,emailservice,productcatalogservice,0,0,0,0,0,0,0
2026-10-04T14:05:40Z,emailservice,recommendationservice,0,0,0,0,0,0,0
2026-10-04T14:05:40Z,emailservice,redis-cart,0,0,0,0,0,0,0
2026-10-04T14:05:40Z,emailservice,shippingservice,0,0,0,0,0,0,0
2026-10-04T14:05:40Z,frontend,adservice,806004,806002,0,0,0,2430144,805497
2026-10-04T14:05:40Z,frontend,cartservice,1785979,1785967,0,0,4,9946371,1785062
2026-10-04T14:05:40Z,frontend,checkoutservice,376890,178527,0,37624,160538,59228376,178469
2026-10-04T14:05:40Z,frontend,currencyservice,2840028,2840020,0,0,0,15090000,2838577
2026-10-04T14:05:40Z,frontend,emailservice,0,0,0,0,0,0,0
2026-10-04T14:05:40Z,frontend,frontend,0,0,0,0,0,0,0
2026-10-04T14:05:40Z,frontend,kubernetes,0,0,0,0,0,0,0
2026-10-04T14:05:40Z,frontend,paymentservice,0,0,0,0,0,0,0
2026-10-04T14:05:40Z,frontend,productcatalogservice,7981355,7981268,0,0,0,54555967,7976407
2026-10-04T14:05:40Z,frontend,recommendationservice,2576379,1577115,0,104145,892890,776959356,1576275
2026-10-04T14:05:40Z,frontend,redis-cart,0,0,0,0,0,0,0
2026-10-04T14:05:40Z,frontend,shippingservice,295621,295619,0,0,0,897782,295420
2026-10-04T14:05:40Z,paymentservice,adservice,0,0,0,0,0,0,0
2026-10-04T14:05:40Z,paymentservice,cartservice,0,0,0,0,0,0,0
2026-10-04T14:05:40Z,paymentservice,checkoutservice,0,0,0,0,0,0,0
2026-10-04T14:05:40Z,paymentservice,currencyservice,0,0,0,0,0,0,0
2026-10-04T14:05:40Z,paymentservice,emailservice,0,0,0,0,0,0,0
2026-10-04T14:05:40Z,paymentservice,frontend,0,0,0,0,0,0,0
2026-10-04T14:05:40Z,paymentservice,kubernetes,0,0,0,0,0,0,0
2026-10-04T14:05:40Z,paymentservice,paymentservice,0,0,0,0,0,0,0
2026-10-04T14:05:40Z,paymentservice,productcatalogservice,0,0,0,0,0,0,0
2026-10-04T14:05:40Z,paymentservice,recommendationservice,0,0,0,0,0,0,0
2026-10-04T14:05:40Z,paymentservice,redis-cart,0,0,0,0,0,0,0
2026-10-04T14:05:40Z,paymentservice,shippingservice,0,0,0,0,0,0,0
2026-10-04T14:05:40Z,productcatalogservice,adservice,0,0,0,0,0,0,0
2026-10-04T14:05:40Z,productcatalogservice,cartservice,0,0,0,0,0,0,0
2026-10-04T14:05:40Z,productcatalogservice,checkoutservice,0,0,0,0,0,0,0
2026-10-04T14:05:40Z,productcatalogservice,currencyservice,0,0,0,0,0,0,0
2026-10-04T14:05:40Z,productcatalogservice,emailservice,0,0,0,0,0,0,0
2026-10-04T14:05:40Z,productcatalogservice,frontend,0,0,0,0,0,0,0
2026-10-04T14:05:40Z,productcatalogservice,kubernetes,0,0,0,0,0,0,0
2026-10-04T14:05:40Z,productcatalogservice,paymentservice,0,0,0,0,0,0,0
2026-10-04T14:05:40Z,productcatalogservice,productcatalogservice,0,0,0,0,0,0,0
2026-10-04T14:05:40Z,productcatalogservice,recommendationservice,0,0,0,0,0,0,0
2026-10-04T14:05:40Z,productcatalogservice,redis-cart,0,0,0,0,0,0,0
2026-10-04T14:05:40Z,productcatalogservice,shippingservice,0,0,0,0,0,0,0
2026-10-04T14:05:40Z,recommendationservice,adservice,0,0,0,0,0,0,0
2026-10-04T14:05:40Z,recommendationservice,cartservice,0,0,0,0,0,0,0
2026-10-04T14:05:40Z,recommendationservice,checkoutservice,0,0,0,0,0,0,0
2026-10-04T14:05:40Z,recommendationservice,currencyservice,0,0,0,0,0,0,0
2026-10-04T14:05:40Z,recommendationservice,emailservice,0,0,0,0,0,0,0
2026-10-04T14:05:40Z,recommendationservice,frontend,0,0,0,0,0,0,0
2026-10-04T14:05:40Z,recommendationservice,kubernetes,0,0,0,0,0,0,0
2026-10-04T14:05:40Z,recommendationservice,paymentservice,0,0,0,0,0,0,0
2026-10-04T14:05:40Z,recommendationservice,productcatalogservice,52247,52247,0,0,0,430764,52073
2026-10-04T14:05:40Z,recommendationservice,recommendationservice,0,0,0,0,0,0,0
2026-10-04T14:05:40Z,recommendationservice,redis-cart,0,0,0,0,0,0,0
2026-10-04T14:05:40Z,recommendationservice,shippingservice,0,0,0,0,0,0,0
2026-10-04T14:05:40Z,redis-cart,adservice,0,0,0,0,0,0,0
2026-10-04T14:05:40Z,redis-cart,cartservice,0,0,0,0,0,0,0
2026-10-04T14:05:40Z,redis-cart,checkoutservice,0,0,0,0,0,0,0
2026-10-04T14:05:40Z,redis-cart,currencyservice,0,0,0,0,0,0,0
2026-10-04T14:05:40Z,redis-cart,emailservice,0,0,0,0,0,0,0
2026-10-04T14:05:40Z,redis-cart,frontend,0,0,0,0,0,0,0
2026-10-04T14:05:40Z,redis-cart,kubernetes,0,0,0,0,0,0,0
2026-10-04T14:05:40Z,redis-cart,paymentservice,0,0,0,0,0,0,0
2026-10-04T14:05:40Z,redis-cart,productcatalogservice,0,0,0,0,0,0,0
2026-10-04T14:05:40Z,redis-cart,recommendationservice,0,0,0,0,0,0,0
2026-10-04T14:05:40Z,redis-cart,redis-cart,0,0,0,0,0,0,0
2026-10-04T14:05:40Z,redis-cart,shippingservice,0,0,0,0,0,0,0
2026-10-04T14:05:40Z,shippingservice,adservice,0,0,0,0,0,0,0
2026-10-04T14:05:40Z,shippingservice,cartservice,0,0,0,0,0,0,0
2026-10-04T14:05:40Z,shippingservice,checkoutservice,0,0,0,0,0,0,0
2026-10-04T14:05:40Z,shippingservice,currencyservice,0,0,0,0,0,0,0
2026-10-04T14:05:40Z,shippingservice,emailservice,0,0,0,0,0,0,0
2026-10-04T14:05:40Z,shippingservice,frontend,0,0,0,0,0,0,0
2026-10-04T14:05:40Z,shippingservice,kubernetes,0,0,0,0,0,0,0
2026-10-04T14:05:40Z,shippingservice,paymentservice,0,0,0,0,0,0,0
2026-10-04T14:05:40Z,shippingservice,productcatalogservice,0,0,0,0,0,0,0
2026-10-04T14:05:40Z,shippingservice,recommendationservice,0,0,0,0,0,0,0
2026-10-04T14:05:40Z,shippingservice,redis-cart,0,0,0,0,0,0,0
2026-10-04T14:05:40Z,shippingservice,shippingservice,0,0,0,0,0,0,0
2026-10-04T14:05:41Z,adservice,adservice,0,0,0,0,0,0,0
2026-10-04T14:05:41Z,adservice,cartservice,0,0,0,0,0,0,0
2026-10-04T14:05:41Z,adservice,checkoutservice,0,0,0,0,0,0,0
2026-10-04T14:05:41Z,adservice,currencyservice,0,0,0,0,0,0,0
2026-10-04T14:05:41Z,adservice,emailservice,0,0,0,0,0,0,0
2026-10-04T14:05:41Z,adservice,frontend,0,0,0,0,0,0,0
2026-10-04T14:05:41Z,adservice,kubernetes,0,0,0,0,0,0,0
2026-10-04T14:05:41Z,adservice,paymentservice,0,0,0,0,0,0,0
2026-10-04T14:05:41Z,adservice,productcatalogservice,0,0,0,0,0,0,0
2026-10-04T14:05:41Z,adservice,recommendationservice,0,0,0,0,0,0,0
2026-10-04T14:05:41Z,adservice,redis-cart,0,0,0,0,0,0,0
2026-10-04T14:05:41Z,adservice,shippingservice,0,0,0,0,0,0,0
2026-10-04T14:05:41Z,cartservice,adservice,0,0,0,0,0,0,0
2026-10-04T14:05:41Z,cartservice,cartservice,0,0,0,0,0,0,0
2026-10-04T14:05:41Z,cartservice,checkoutservice,0,0,0,0,0,0,0
2026-10-04T14:05:41Z,cartservice,currencyservice,0,0,0,0,0,0,0
2026-10-04T14:05:41Z,cartservice,emailservice,0,0,0,0,0,0,0
2026-10-04T14:05:41Z,cartservice,frontend,0,0,0,0,0,0,0
2026-10-04T14:05:41Z,cartservice,kubernetes,0,0,0,0,0,0,0
2026-10-04T14:05:41Z,cartservice,paymentservice,0,0,0,0,0,0,0
2026-10-04T14:05:41Z,cartservice,productcatalogservice,0,0,0,0,0,0,0
2026-10-04T14:05:41Z,cartservice,recommendationservice,0,0,0,0,0,0,0
2026-10-04T14:05:41Z,cartservice,redis-cart,2,0,0,0,0,0,0
2026-10-04T14:05:41Z,cartservice,shippingservice,0,0,0,0,0,0,0
2026-10-04T14:05:41Z,checkoutservice,adservice,0,0,0,0,0,0,0
2026-10-04T14:05:41Z,checkoutservice,cartservice,26070,25467,0,71,0,355048,24510
2026-10-04T14:05:41Z,checkoutservice,checkoutservice,0,0,0,0,0,0,0
2026-10-04T14:05:41Z,checkoutservice,currencyservice,19999,19996,0,0,0,305389,19119
2026-10-04T14:05:41Z,checkoutservice,emailservice,2465,2284,0,42,0,112199,2275
2026-10-04T14:05:41Z,checkoutservice,frontend,0,0,0,0,0,0,0
2026-10-04T14:05:41Z,checkoutservice,kubernetes,0,0,0,0,0,0,0
2026-10-04T14:05:41Z,checkoutservice,paymentservice,16397,15342,0,101,0,241148,14580
2026-10-04T14:05:41Z,checkoutservice,productcatalogservice,0,0,0,0,0,0,0
2026-10-04T14:05:41Z,checkoutservice,recommendationservice,0,0,0,0,0,0,0
2026-10-04T14:05:41Z,checkoutservice,redis-cart,0,0,0,0,0,0,0
2026-10-04T14:05:41Z,checkoutservice,shippingservice,29817,28479,0,100,0,278937,27293
2026-10-04T14:05:41Z,currencyservice,adservice,0,0,0,0,0,0,0
2026-10-04T14:05:41Z,currencyservice,cartservice,0,0,0,0,0,0,0
2026-10-04T14:05:41Z,currencyservice,checkoutservice,0,0,0,0,0,0,0
2026-10-04T14:05:41Z,currencyservice,currencyservice,0,0,0,0,0,0,0
2026-10-04T14:05:41Z,currencyservice,emailservice,0,0,0,0,0,0,0
2026-10-04T14:05:41Z,currencyservice,frontend,0,0,0,0,0,0,0
2026-10-04T14:05:41Z,currencyservice,kubernetes,0,0,0,0,0,0,0
2026-10-04T14:05:41Z,currencyservice,paymentservice,0,0,0,0,0,0,0
2026-10-04T14:05:41Z,currencyservice,productcatalogservice,0,0,0,0,0,0,0
2026-10-04T14:05:41Z,currencyservice,recommendationservice,0,0,0,0,0,0,0
2026-10-04T14:05:41Z,currencyservice,redis-cart,0,0,0,0,0,0,0
2026-10-04T14:05:41Z,currencyservice,shippingservice,0,0,0,0,0,0,0
2026-10-04T14:05:41Z,emailservice,adservice,0,0,0,0,0,0,0
2026-10-04T14:05:41Z,emailservice,cartservice,0,0,0,0,0,0,0
2026-10-04T14:05:41Z,emailservice,checkoutservice,0,0,0,0,0,0,0
2026-10-04T14:05:41Z,emailservice,currencyservice,0,0,0,0,0,0,0
2026-10-04T14:05:41Z,emailservice,emailservice,0,0,0,0,0,0,0
2026-10-04T14:05:41Z,emailservice,frontend,0,0,0,0,0,0,0
2026-10-04T14:05:41Z,emailservice,kubernetes,0,0,0,0,0,0,0
2026-10-04T14:05:41Z,emailservice,paymentservice,0,0,0,0,0,0,0
2026-10-04T14:05:41Z,emailservice,productcatalogservice,0,0,0,0,0,0,0
2026-10-04T14:05:41Z,emailservice,recommendationservice,0,0,0,0,0,0,0
2026-10-04T14:05:41Z,emailservice,redis-cart,0,0,0,0,0,0,0
2026-10-04T14:05:41Z,emailservice,shippingservice,0,0,0,0,0,0,0
2026-10-04T14:05:41Z,frontend,adservice,806290,806286,0,0,0,2430144,805497
2026-10-04T14:05:41Z,frontend,cartservice,1786455,1786440,0,0,4,9946371,1785062
2026-10-04T14:05:41Z,frontend,checkoutservice,377091,178557,0,37653,160685,59228376,178469
2026-10-04T14:05:41Z,frontend,currencyservice,2840786,2840779,0,0,0,15090000,2838577
2026-10-04T14:05:41Z,frontend,emailservice,0,0,0,0,0,0,0
2026-10-04T14:05:41Z,frontend,frontend,0,0,0,0,0,0,0
2026-10-04T14:05:41Z,frontend,kubernetes,0,0,0,0,0,0,0
2026-10-04T14:05:41Z,frontend,paymentservice,0,0,0,0,0,0,0
2026-10-04T14:05:41Z,frontend,productcatalogservice,7983956,7983871,0,0,0,54555967,7976407
2026-10-04T14:05:41Z,frontend,recommendationservice,2576816,1577561,0,104145,892890,776959356,1576275
2026-10-04T14:05:41Z,frontend,redis-cart,0,0,0,0,0,0,0
2026-10-04T14:05:41Z,frontend,shippingservice,295723,295721,0,0,0,897782,295420
2026-10-04T14:05:41Z,paymentservice,adservice,0,0,0,0,0,0,0
2026-10-04T14:05:41Z,paymentservice,cartservice,0,0,0,0,0,0,0
2026-10-04T14:05:41Z,paymentservice,checkoutservice,0,0,0,0,0,0,0
2026-10-04T14:05:41Z,paymentservice,currencyservice,0,0,0,0,0,0,0
2026-10-04T14:05:41Z,paymentservice,emailservice,0,0,0,0,0,0,0
2026-10-04T14:05:41Z,paymentservice,frontend,0,0,0,0,0,0,0
2026-10-04T14:05:41Z,paymentservice,kubernetes,0,0,0,0,0,0,0
2026-10-04T14:05:41Z,paymentservice,paymentservice,0,0,0,0,0,0,0
2026-10-04T14:05:41Z,paymentservice,productcatalogservice,0,0,0,0,0,0,0
2026-10-04T14:05:41Z,paymentservice,recommendationservice,0,0,0,0,0,0,0
2026-10-04T14:05:41Z,paymentservice,redis-cart,0,0,0,0,0,0,0
2026-10-04T14:05:41Z,paymentservice,shippingservice,0,0,0,0,0,0,0
2026-10-04T14:05:41Z,productcatalogservice,adservice,0,0,0,0,0,0,0
2026-10-04T14:05:41Z,productcatalogservice,cartservice,0,0,0,0,0,0,0
2026-10-04T14:05:41Z,productcatalogservice,checkoutservice,0,0,0,0,0,0,0
2026-10-04T14:05:41Z,productcatalogservice,currencyservice,0,0,0,0,0,0,0
2026-10-04T14:05:41Z,productcatalogservice,emailservice,0,0,0,0,0,0,0
2026-10-04T14:05:41Z,productcatalogservice,frontend,0,0,0,0,0,0,0
2026-10-04T14:05:41Z,productcatalogservice,kubernetes,0,0,0,0,0,0,0
2026-10-04T14:05:41Z,productcatalogservice,paymentservice,0,0,0,0,0,0,0
2026-10-04T14:05:41Z,productcatalogservice,productcatalogservice,0,0,0,0,0,0,0
2026-10-04T14:05:41Z,productcatalogservice,recommendationservice,0,0,0,0,0,0,0
2026-10-04T14:05:41Z,productcatalogservice,redis-cart,0,0,0,0,0,0,0
2026-10-04T14:05:41Z,productcatalogservice,shippingservice,0,0,0,0,0,0,0
2026-10-04T14:05:41Z,recommendationservice,adservice,0,0,0,0,0,0,0
2026-10-04T14:05:41Z,recommendationservice,cartservice,0,0,0,0,0,0,0
2026-10-04T14:05:41Z,recommendationservice,checkoutservice,0,0,0,0,0,0,0
2026-10-04T14:05:41Z,recommendationservice,currencyservice,0,0,0,0,0,0,0
2026-10-04T14:05:41Z,recommendationservice,emailservice,0,0,0,0,0,0,0
2026-10-04T14:05:41Z,recommendationservice,frontend,0,0,0,0,0,0,0
2026-10-04T14:05:41Z,recommendationservice,kubernetes,0,0,0,0,0,0,0
2026-10-04T14:05:41Z,recommendationservice,paymentservice,0,0,0,0,0,0,0
2026-10-04T14:05:41Z,recommendationservice,productcatalogservice,52681,52681,0,0,0,430764,52073
2026-10-04T14:05:41Z,recommendationservice,recommendationservice,0,0,0,0,0,0,0
2026-10-04T14:05:41Z,recommendationservice,redis-cart,0,0,0,0,0,0,0
2026-10-04T14:05:41Z,recommendationservice,shippingservice,0,0,0,0,0,0,0
2026-10-04T14:05:41Z,redis-cart,adservice,0,0,0,0,0,0,0
2026-10-04T14:05:41Z,redis-cart,cartservice,0,0,0,0,0,0,0
2026-10-04T14:05:41Z,redis-cart,checkoutservice,0,0,0,0,0,0,0
2026-10-04T14:05:41Z,redis-cart,currencyservice,0,0,0,0,0,0,0
2026-10-04T14:05:41Z,redis-cart,emailservice,0,0,0,0,0,0,0
2026-10-04T14:05:41Z,redis-cart,frontend,0,0,0,0,0,0,0
2026-10-04T14:05:41Z,redis-cart,kubernetes,0,0,0,0,0,0,0
2026-10-04T14:05:41Z,redis-cart,paymentservice,0,0,0,0,0,0,0
2026-10-04T14:05:41Z,redis-cart,productcatalogservice,0,0,0,0,0,0,0
2026-10-04T14:05:41Z,redis-cart,recommendationservice,0,0,0,0,0,0,0
2026-10-04T14:05:41Z,redis-cart,redis-cart,0,0,0,0,0,0,0
2026-10-04T14:05:41Z,redis-cart,shippingservice,0,0,0,0,0,0,0
2026-10-04T14:05:41Z,shippingservice,adservice,0,0,0,0,0,0,0
2026-10-04T14:05:41Z,shippingservice,cartservice,0,0,0,0,0,0,0
2026-10-04T14:05:41Z,shippingservice,checkoutservice,0,0,0,0,0,0,0
2026-10-04T14:05:41Z,shippingservice,currencyservice,0,0,0,0,0,0,0
2026-10-04T14:05:41Z,shippingservice,emailservice,0,0,0,0,0,0,0
2026-10-04T14:05:41Z,shippingservice,frontend,0,0,0,0,0,0,0
2026-10-04T14:05:41Z,shippingservice,kubernetes,0,0,0,0,0,0,0
2026-10-04T14:05:41Z,shippingservice,paymentservice,0,0,0,0,0,0,0
2026-10-04T14:05:41Z,shippingservice,productcatalogservice,0,0,0,0,0,0,0
2026-10-04T14:05:41Z,shippingservice,recommendationservice,0,0,0,0,0,0,0
2026-10-04T14:05:41Z,shippingservice,redis-cart,0,0,0,0,0,0,0
2026-10-04T14:05:41Z,shippingservice,shippingservice,0,0,0,0,0,0,0
2026-10-04T14:05:42Z,adservice,adservice,0,0,0,0,0,0,0
2026-10-04T14:05:42Z,adservice,cartservice,0,0,0,0,0,0,0
2026-10-04T14:05:42Z,adservice,checkoutservice,0,0,0,0,0,0,0
2026-10-04T14:05:42Z,adservice,currencyservice,0,0,0,0,0,0,0
2026-10-04T14:05:42Z,adservice,emailservice,0,0,0,0,0,0,0
2026-10-04T14:05:42Z,adservice,frontend,0,0,0,0,0,0,0
2026-10-04T14:05:42Z,adservice,kubernetes,0,0,0,0,0,0,0
2026-10-04T14:05:42Z,adservice,paymentservice,0,0,0,0,0,0,0
2026-10-04T14:05:42Z,adservice,productcatalogservice,0,0,0,0,0,0,0
2026-10-04T14:05:42Z,adservice,recommendationservice,0,0,0,0,0,0,0
2026-10-04T14:05:42Z,adservice,redis-cart,0,0,0,0,0,0,0
2026-10-04T14:05:42Z,adservice,shippingservice,0,0,0,0,0,0,0
2026-10-04T14:05:42Z,cartservice,adservice,0,0,0,0,0,0,0
2026-10-04T14:05:42Z,cartservice,cartservice,0,0,0,0,0,0,0
2026-10-04T14:05:42Z,cartservice,checkoutservice,0,0,0,0,0,0,0
2026-10-04T14:05:42Z,cartservice,currencyservice,0,0,0,0,0,0,0
2026-10-04T14:05:42Z,cartservice,emailservice,0,0,0,0,0,0,0
2026-10-04T14:05:42Z,cartservice,frontend,0,0,0,0,0,0,0
2026-10-04T14:05:42Z,cartservice,kubernetes,0,0,0,0,0,0,0
2026-10-04T14:05:42Z,cartservice,paymentservice,0,0,0,0,0,0,0
2026-10-04T14:05:42Z,cartservice,productcatalogservice,0,0,0,0,0,0,0
2026-10-04T14:05:42Z,cartservice,recommendationservice,0,0,0,0,0,0,0
2026-10-04T14:05:42Z,cartservice,redis-cart,2,0,0,0,0,0,0
2026-10-04T14:05:42Z,cartservice,shippingservice,0,0,0,0,0,0,0
2026-10-04T14:05:42Z,checkoutservice,adservice,0,0,0,0,0,0,0
2026-10-04T14:05:42Z,checkoutservice,cartservice,26287,25685,0,72,0,372695,25584
2026-10-04T14:05:42Z,checkoutservice,checkoutservice,0,0,0,0,0,0,0
2026-10-04T14:05:42Z,checkoutservice,currencyservice,20229,20225,0,0,0,321231,20107
2026-10-04T14:05:42Z,checkoutservice,emailservice,2465,2284,0,42,0,112346,2284
2026-10-04T14:05:42Z,checkoutservice,frontend,0,0,0,0,0,0,0
2026-10-04T14:05:42Z,checkoutservice,kubernetes,0,0,0,0,0,0,0
2026-10-04T14:05:42Z,checkoutservice,paymentservice,16586,15513,0,103,0,254684,15354
2026-10-04T14:05:42Z,checkoutservice,productcatalogservice,0,0,0,0,0,0,0
2026-10-04T14:05:42Z,checkoutservice,recommendationservice,0,0,0,0,0,0,0
2026-10-04T14:05:42Z,checkoutservice,redis-cart,0,0,0,0,0,0,0
2026-10-04T14:05:42Z,checkoutservice,shippingservice,30107,28757,0,103,0,294013,28593
2026-10-04T14:05:42Z,currencyservice,adservice,0,0,0,0,0,0,0
2026-10-04T14:05:42Z,currencyservice,cartservice,0,0,0,0,0,0,0
2026-10-04T14:05:42Z,currencyservice,checkoutservice,0,0,0,0,0,0,0
2026-10-04T14:05:42Z,currencyservice,currencyservice,0,0,0,0,0,0,0
2026-10-04T14:05:42Z,currencyservice,emailservice,0,0,0,0,0,0,0
2026-10-04T14:05:42Z,currencyservice,frontend,0,0,0,0,0,0,0
2026-10-04T14:05:42Z,currencyservice,kubernetes,0,0,0,0,0,0,0
2026-10-04T14:05:42Z,currencyservice,paymentservice,0,0,0,0,0,0,0
2026-10-04T14:05:42Z,currencyservice,productcatalogservice,0,0,0,0,0,0,0
2026-10-04T14:05:42Z,currencyservice,recommendationservice,0,0,0,0,0,0,0
2026-10-04T14:05:42Z,currencyservice,redis-cart,0,0,0,0,0,0,0
2026-10-04T14:05:42Z,currencyservice,shippingservice,0,0,0,0,0,0,0
2026-10-04T14:05:42Z,emailservice,adservice,0,0,0,0,0,0,0
2026-10-04T14:05:42Z,emailservice,cartservice,0,0,0,0,0,0,0
2026-10-04T14:05:42Z,emailservice,checkoutservice,0,0,0,0,0,0,0
2026-10-04T14:05:42Z,emailservice,currencyservice,0,0,0,0,0,0,0
2026-10-04T14:05:42Z,emailservice,emailservice,0,0,0,0,0,0,0
2026-10-04T14:05:42Z,emailservice,frontend,0,0,0,0,0,0,0
2026-10-04T14:05:42Z,emailservice,kubernetes,0,0,0,0,0,0,0
2026-10-04T14:05:42Z,emailservice,paymentservice,0,0,0,0,0,0,0
2026-10-04T14:05:42Z,emailservice,productcatalogservice,0,0,0,0,0,0,0
2026-10-04T14:05:42Z,emailservice,recommendationservice,0,0,0,0,0,0,0
2026-10-04T14:05:42Z,emailservice,redis-cart,0,0,0,0,0,0,0
2026-10-04T14:05:42Z,emailservice,shippingservice,0,0,0,0,0,0,0
2026-10-04T14:05:42Z,frontend,adservice,806554,806552,0,0,0,2430144,805497
2026-10-04T14:05:42Z,frontend,cartservice,1786895,1786882,0,0,4,9946371,1785062
2026-10-04T14:05:42Z,frontend,checkoutservice,377300,178580,0,37691,160830,59228376,178469
2026-10-04T14:05:42Z,frontend,currencyservice,2841505,2841492,0,0,0,15090000,2838577
2026-10-04T14:05:42Z,frontend,emailservice,0,0,0,0,0,0,0
2026-10-04T14:05:42Z,frontend,frontend,0,0,0,0,0,0,0
2026-10-04T14:05:42Z,frontend,kubernetes,0,0,0,0,0,0,0
2026-10-04T14:05:42Z,frontend,paymentservice,0,0,0,0,0,0,0
2026-10-04T14:05:42Z,frontend,productcatalogservice,7986442,7986356,0,0,0,54555967,7976407
2026-10-04T14:05:42Z,frontend,recommendationservice,2577243,1577984,0,104145,892890,776959356,1576275
2026-10-04T14:05:42Z,frontend,redis-cart,0,0,0,0,0,0,0
2026-10-04T14:05:42Z,frontend,shippingservice,295829,295822,0,0,0,897782,295420
2026-10-04T14:05:42Z,paymentservice,adservice,0,0,0,0,0,0,0
2026-10-04T14:05:42Z,paymentservice,cartservice,0,0,0,0,0,0,0
2026-10-04T14:05:42Z,paymentservice,checkoutservice,0,0,0,0,0,0,0
2026-10-04T14:05:42Z,paymentservice,currencyservice,0,0,0,0,0,0,0
2026-10-04T14:05:42Z,paymentservice,emailservice,0,0,0,0,0,0,0
2026-10-04T14:05:42Z,paymentservice,frontend,0,0,0,0,0,0,0
2026-10-04T14:05:42Z,paymentservice,kubernetes,0,0,0,0,0,0,0
2026-10-04T14:05:42Z,paymentservice,paymentservice,0,0,0,0,0,0,0
2026-10-04T14:05:42Z,paymentservice,productcatalogservice,0,0,0,0,0,0,0
2026-10-04T14:05:42Z,paymentservice,recommendationservice,0,0,0,0,0,0,0
2026-10-04T14:05:42Z,paymentservice,redis-cart,0,0,0,0,0,0,0
2026-10-04T14:05:42Z,paymentservice,shippingservice,0,0,0,0,0,0,0
2026-10-04T14:05:42Z,productcatalogservice,adservice,0,0,0,0,0,0,0
2026-10-04T14:05:42Z,productcatalogservice,cartservice,0,0,0,0,0,0,0
2026-10-04T14:05:42Z,productcatalogservice,checkoutservice,0,0,0,0,0,0,0
2026-10-04T14:05:42Z,productcatalogservice,currencyservice,0,0,0,0,0,0,0
2026-10-04T14:05:42Z,productcatalogservice,emailservice,0,0,0,0,0,0,0
2026-10-04T14:05:42Z,productcatalogservice,frontend,0,0,0,0,0,0,0
2026-10-04T14:05:42Z,productcatalogservice,kubernetes,0,0,0,0,0,0,0
2026-10-04T14:05:42Z,productcatalogservice,paymentservice,0,0,0,0,0,0,0
2026-10-04T14:05:42Z,productcatalogservice,productcatalogservice,0,0,0,0,0,0,0
2026-10-04T14:05:42Z,productcatalogservice,recommendationservice,0,0,0,0,0,0,0
2026-10-04T14:05:42Z,productcatalogservice,redis-cart,0,0,0,0,0,0,0
2026-10-04T14:05:42Z,productcatalogservice,shippingservice,0,0,0,0,0,0,0
2026-10-04T14:05:42Z,recommendationservice,adservice,0,0,0,0,0,0,0
2026-10-04T14:05:42Z,recommendationservice,cartservice,0,0,0,0,0,0,0
2026-10-04T14:05:42Z,recommendationservice,checkoutservice,0,0,0,0,0,0,0
2026-10-04T14:05:42Z,recommendationservice,currencyservice,0,0,0,0,0,0,0
2026-10-04T14:05:42Z,recommendationservice,emailservice,0,0,0,0,0,0,0
2026-10-04T14:05:42Z,recommendationservice,frontend,0,0,0,0,0,0,0
2026-10-04T14:05:42Z,recommendationservice,kubernetes,0,0,0,0,0,0,0
2026-10-04T14:05:42Z,recommendationservice,paymentservice,0,0,0,0,0,0,0
2026-10-04T14:05:42Z,recommendationservice,productcatalogservice,53118,53115,0,0,0,430764,52073
2026-10-04T14:05:42Z,recommendationservice,recommendationservice,0,0,0,0,0,0,0
2026-10-04T14:05:42Z,recommendationservice,redis-cart,0,0,0,0,0,0,0
2026-10-04T14:05:42Z,recommendationservice,shippingservice,0,0,0,0,0,0,0
2026-10-04T14:05:42Z,redis-cart,adservice,0,0,0,0,0,0,0
2026-10-04T14:05:42Z,redis-cart,cartservice,0,0,0,0,0,0,0
2026-10-04T14:05:42Z,redis-cart,checkoutservice,0,0,0,0,0,0,0
2026-10-04T14:05:42Z,redis-cart,currencyservice,0,0,0,0,0,0,0
2026-10-04T14:05:42Z,redis-cart,emailservice,0,0,0,0,0,0,0
2026-10-04T14:05:42Z,redis-cart,frontend,0,0,0,0,0,0,0
2026-10-04T14:05:42Z,redis-cart,kubernetes,0,0,0,0,0,0,0
2026-10-04T14:05:42Z,redis-cart,paymentservice,0,0,0,0,0,0,0
2026-10-04T14:05:42Z,redis-cart,productcatalogservice,0,0,0,0,0,0,0
2026-10-04T14:05:42Z,redis-cart,recommendationservice,0,0,0,0,0,0,0
2026-10-04T14:05:42Z,redis-cart,redis-cart,0,0,0,0,0,0,0
2026-10-04T14:05:42Z,redis-cart,shippingservice,0,0,0,0,0,0,0
2026-10-04T14:05:42Z,shippingservice,adservice,0,0,0,0,0,0,0
2026-10-04T14:05:42Z,shippingservice,cartservice,0,0,0,0,0,0,0
2026-10-04T14:05:42Z,shippingservice,checkoutservice,0,0,0,0,0,0,0
2026-10-04T14:05:42Z,shippingservice,currencyservice,0,0,0,0,0,0,0
2026-10-04T14:05:42Z,shippingservice,emailservice,0,0,0,0,0,0,0
2026-10-04T14:05:42Z,shippingservice,frontend,0,0,0,0,0,0,0
2026-10-04T14:05:42Z,shippingservice,kubernetes,0,0,0,0,0,0,0
2026-10-04T14:05:42Z,shippingservice,paymentservice,0,0,0,0,0,0,0
2026-10-04T14:05:42Z,shippingservice,productcatalogservice,0,0,0,0,0,0,0
2026-10-04T14:05:42Z,shippingservice,recommendationservice,0,0,0,0,0,0,0
2026-10-04T14:05:42Z,shippingservice,redis-cart,0,0,0,0,0,0,0
2026-10-04T14:05:42Z,shippingservice,shippingservice,0,0,0,0,0,0,0
2026-10-04T14:05:43Z,adservice,adservice,0,0,0,0,0,0,0
2026-10-04T14:05:43Z,adservice,cartservice,0,0,0,0,0,0,0
2026-10-04T14:05:43Z,adservice,checkoutservice,0,0,0,0,0,0,0
2026-10-04T14:05:43Z,adservice,currencyservice,0,0,0,0,0,0,0
2026-10-04T14:05:43Z,adservice,emailservice,0,0,0,0,0,0,0
2026-10-04T14:05:43Z,adservice,frontend,0,0,0,0,0,0,0
2026-10-04T14:05:43Z,adservice,kubernetes,0,0,0,0,0,0,0
2026-10-04T14:05:43Z,adservice,paymentservice,0,0,0,0,0,0,0
2026-10-04T14:05:43Z,adservice,productcatalogservice,0,0,0,0,0,0,0
2026-10-04T14:05:43Z,adservice,recommendationservice,0,0,0,0,0,0,0
2026-10-04T14:05:43Z,adservice,redis-cart,0,0,0,0,0,0,0
2026-10-04T14:05:43Z,adservice,shippingservice,0,0,0,0,0,0,0
2026-10-04T14:05:43Z,cartservice,adservice,0,0,0,0,0,0,0
2026-10-04T14:05:43Z,cartservice,cartservice,0,0,0,0,0,0,0
2026-10-04T14:05:43Z,cartservice,checkoutservice,0,0,0,0,0,0,0
2026-10-04T14:05:43Z,cartservice,currencyservice,0,0,0,0,0,0,0
2026-10-04T14:05:43Z,cartservice,emailservice,0,0,0,0,0,0,0
2026-10-04T14:05:43Z,cartservice,frontend,0,0,0,0,0,0,0
2026-10-04T14:05:43Z,cartservice,kubernetes,0,0,0,0,0,0,0
2026-10-04T14:05:43Z,cartservice,paymentservice,0,0,0,0,0,0,0
2026-10-04T14:05:43Z,cartservice,productcatalogservice,0,0,0,0,0,0,0
2026-10-04T14:05:43Z,cartservice,recommendationservice,0,0,0,0,0,0,0
2026-10-04T14:05:43Z,cartservice,redis-cart,2,0,0,0,0,0,0
2026-10-04T14:05:43Z,cartservice,shippingservice,0,0,0,0,0,0,0
2026-10-04T14:05:43Z,checkoutservice,adservice,0,0,0,0,0,0,0
2026-10-04T14:05:43Z,checkoutservice,cartservice,26540,25916,0,72,0,372695,25584
2026-10-04T14:05:43Z,checkoutservice,checkoutservice,0,0,0,0,0,0,0
2026-10-04T14:05:43Z,checkoutservice,currencyservice,20419,20412,0,0,0,321231,20107
2026-10-04T14:05:43Z,checkoutservice,emailservice,2468,2286,0,42,0,112346,2284
2026-10-04T14:05:43Z,checkoutservice,frontend,0,0,0,0,0,0,0
2026-10-04T14:05:43Z,checkoutservice,kubernetes,0,0,0,0,0,0,0
2026-10-04T14:05:43Z,checkoutservice,paymentservice,16737,15658,0,105,0,254684,15354
2026-10-04T14:05:43Z,checkoutservice,productcatalogservice,0,0,0,0,0,0,0
2026-10-04T14:05:43Z,checkoutservice,recommendationservice,0,0,0,0,0,0,0
2026-10-04T14:05:43Z,checkoutservice,redis-cart,0,0,0,0,0,0,0
2026-10-04T14:05:43Z,checkoutservice,shippingservice,30399,29029,0,105,0,294013,28593
2026-10-04T14:05:43Z,currencyservice,adservice,0,0,0,0,0,0,0
2026-10-04T14:05:43Z,currencyservice,cartservice,0,0,0,0,0,0,0
2026-10-04T14:05:43Z,currencyservice,checkoutservice,0,0,0,0,0,0,0
2026-10-04T14:05:43Z,currencyservice,currencyservice,0,0,0,0,0,0,0
2026-10-04T14:05:43Z,currencyservice,emailservice,0,0,0,0,0,0,0
2026-10-04T14:05:43Z,currencyservice,frontend,0,0,0,0,0,0,0
2026-10-04T14:05:43Z,currencyservice,kubernetes,0,0,0,0,0,0,0
2026-10-04T14:05:43Z,currencyservice,paymentservice,0,0,0,0,0,0,0
2026-10-04T14:05:43Z,currencyservice,productcatalogservice,0,0,0,0,0,0,0
2026-10-04T14:05:43Z,currencyservice,recommendationservice,0,0,0,0,0,0,0
2026-10-04T14:05:43Z,currencyservice,redis-cart,0,0,0,0,0,0,0
2026-10-04T14:05:43Z,currencyservice,shippingservice,0,0,0,0,0,0,0
2026-10-04T14:05:43Z,emailservice,adservice,0,0,0,0,0,0,0
2026-10-04T14:05:43Z,emailservice,cartservice,0,0,0,0,0,0,0
2026-10-04T14:05:43Z,emailservice,checkoutservice,0,0,0,0,0,0,0
2026-10-04T14:05:43Z,emailservice,currencyservice,0,0,0,0,0,0,0
2026-10-04T14:05:43Z,emailservice,emailservice,0,0,0,0,0,0,0
2026-10-04T14:05:43Z,emailservice,frontend,0,0,0,0,0,0,0
2026-10-04T14:05:43Z,emailservice,kubernetes,0,0,0,0,0,0,0
2026-10-04T14:05:43Z,emailservice,paymentservice,0,0,0,0,0,0,0
2026-10-04T14:05:43Z,emailservice,productcatalogservice,0,0,0,0,0,0,0
2026-10-04T14:05:43Z,emailservice,recommendationservice,0,0,0,0,0,0,0
2026-10-04T14:05:43Z,emailservice,redis-cart,0,0,0,0,0,0,0
2026-10-04T14:05:43Z,emailservice,shippingservice,0,0,0,0,0,0,0
2026-10-04T14:05:43Z,frontend,adservice,806840,806836,0,0,0,2432321,806225
2026-10-04T14:05:43Z,frontend,cartservice,1787384,1787371,0,0,4,9954752,1786309
2026-10-04T14:05:43Z,frontend,checkoutservice,377514,178603,0,37729,160980,59315816,178543
2026-10-04T14:05:43Z,frontend,currencyservice,2842265,2842247,0,0,0,15100678,2840513
2026-10-04T14:05:43Z,frontend,emailservice,0,0,0,0,0,0,0
2026-10-04T14:05:43Z,frontend,frontend,0,0,0,0,0,0,0
2026-10-04T14:05:43Z,frontend,kubernetes,0,0,0,0,0,0,0
2026-10-04T14:05:43Z,frontend,paymentservice,0,0,0,0,0,0,0
2026-10-04T14:05:43Z,frontend,productcatalogservice,7989055,7988963,0,0,0,54595904,7983094
2026-10-04T14:05:43Z,frontend,recommendationservice,2577673,1578432,0,104145,892890,777077143,1577418
2026-10-04T14:05:43Z,frontend,redis-cart,0,0,0,0,0,0,0
2026-10-04T14:05:43Z,frontend,shippingservice,295925,295923,0,0,0,898567,295666
2026-10-04T14:05:43Z,paymentservice,adservice,0,0,0,0,0,0,0
2026-10-04T14:05:43Z,paymentservice,cartservice,0,0,0,0,0,0,0
2026-10-04T14:05:43Z,paymentservice,checkoutservice,0,0,0,0,0,0,0
2026-10-04T14:05:43Z,paymentservice,currencyservice,0,0,0,0,0,0,0
2026-10-04T14:05:43Z,paymentservice,emailservice,0,0,0,0,0,0,0
2026-10-04T14:05:43Z,paymentservice,frontend,0,0,0,0,0,0,0
2026-10-04T14:05:43Z,paymentservice,kubernetes,0,0,0,0,0,0,0
2026-10-04T14:05:43Z,paymentservice,paymentservice,0,0,0,0,0,0,0
2026-10-04T14:05:43Z,paymentservice,productcatalogservice,0,0,0,0,0,0,0
2026-10-04T14:05:43Z,paymentservice,recommendationservice,0,0,0,0,0,0,0
2026-10-04T14:05:43Z,paymentservice,redis-cart,0,0,0,0,0,0,0
2026-10-04T14:05:43Z,paymentservice,shippingservice,0,0,0,0,0,0,0
2026-10-04T14:05:43Z,productcatalogservice,adservice,0,0,0,0,0,0,0
2026-10-04T14:05:43Z,productcatalogservice,cartservice,0,0,0,0,0,0,0
2026-10-04T14:05:43Z,productcatalogservice,checkoutservice,0,0,0,0,0,0,0
2026-10-04T14:05:43Z,productcatalogservice,currencyservice,0,0,0,0,0,0,0
2026-10-04T14:05:43Z,productcatalogservice,emailservice,0,0,0,0,0,0,0
2026-10-04T14:05:43Z,productcatalogservice,frontend,0,0,0,0,0,0,0
2026-10-04T14:05:43Z,productcatalogservice,kubernetes,0,0,0,0,0,0,0
2026-10-04T14:05:43Z,productcatalogservice,paymentservice,0,0,0,0,0,0,0
2026-10-04T14:05:43Z,productcatalogservice,productcatalogservice,0,0,0,0,0,0,0
2026-10-04T14:05:43Z,productcatalogservice,recommendationservice,0,0,0,0,0,0,0
2026-10-04T14:05:43Z,productcatalogservice,redis-cart,0,0,0,0,0,0,0
2026-10-04T14:05:43Z,productcatalogservice,shippingservice,0,0,0,0,0,0,0
2026-10-04T14:05:43Z,recommendationservice,adservice,0,0,0,0,0,0,0
2026-10-04T14:05:43Z,recommendationservice,cartservice,0,0,0,0,0,0,0
2026-10-04T14:05:43Z,recommendationservice,checkoutservice,0,0,0,0,0,0,0
2026-10-04T14:05:43Z,recommendationservice,currencyservice,0,0,0,0,0,0,0
2026-10-04T14:05:43Z,recommendationservice,emailservice,0,0,0,0,0,0,0
2026-10-04T14:05:43Z,recommendationservice,frontend,0,0,0,0,0,0,0
2026-10-04T14:05:43Z,recommendationservice,kubernetes,0,0,0,0,0,0,0
2026-10-04T14:05:43Z,recommendationservice,paymentservice,0,0,0,0,0,0,0
2026-10-04T14:05:43Z,recommendationservice,productcatalogservice,53578,53569,0,0,0,430764,52073
2026-10-04T14:05:43Z,recommendationservice,recommendationservice,0,0,0,0,0,0,0
2026-10-04T14:05:43Z,recommendationservice,redis-cart,0,0,0,0,0,0,0
2026-10-04T14:05:43Z,recommendationservice,shippingservice,0,0,0,0,0,0,0
2026-10-04T14:05:43Z,redis-cart,adservice,0,0,0,0,0,0,0
2026-10-04T14:05:43Z,redis-cart,cartservice,0,0,0,0,0,0,0
2026-10-04T14:05:43Z,redis-cart,checkoutservice,0,0,0,0,0,0,0
2026-10-04T14:05:43Z,redis-cart,currencyservice,0,0,0,0,0,0,0
2026-10-04T14:05:43Z,redis-cart,emailservice,0,0,0,0,0,0,0
2026-10-04T14:05:43Z,redis-cart,frontend,0,0,0,0,0,0,0
2026-10-04T14:05:43Z,redis-cart,kubernetes,0,0,0,0,0,0,0
2026-10-04T14:05:43Z,redis-cart,paymentservice,0,0,0,0,0,0,0
2026-10-04T14:05:43Z,redis-cart,productcatalogservice,0,0,0,0,0,0,0
2026-10-04T14:05:43Z,redis-cart,recommendationservice,0,0,0,0,0,0,0
2026-10-04T14:05:43Z,redis-cart,redis-cart,0,0,0,0,0,0,0
2026-10-04T14:05:43Z,redis-cart,shippingservice,0,0,0,0,0,0,0
2026-10-04T14:05:43Z,shippingservice,adservice,0,0,0,0,0,0,0
2026-10-04T14:05:43Z,shippingservice,cartservice,0,0,0,0,0,0,0
2026-10-04T14:05:43Z,shippingservice,checkoutservice,0,0,0,0,0,0,0
2026-10-04T14:05:43Z,shippingservice,currencyservice,0,0,0,0,0,0,0
2026-10-04T14:05:43Z,shippingservice,emailservice,0,0,0,0,0,0,0
2026-10-04T14:05:43Z,shippingservice,frontend,0,0,0,0,0,0,0
2026-10-04T14:05:43Z,shippingservice,kubernetes,0,0,0,0,0,0,0
2026-10-04T14:05:43Z,shippingservice,paymentservice,0,0,0,0,0,0,0
2026-10-04T14:05:43Z,shippingservice,productcatalogservice,0,0,0,0,0,0,0
2026-10-04T14:05:43Z,shippingservice,recommendationservice,0,0,0,0,0,0,0
2026-10-04T14:05:43Z,shippingservice,redis-cart,0,0,0,0,0,0,0
2026-10-04T14:05:43Z,shippingservice,shippingservice,0,0,0,0,0,0,0
2026-10-04T14:05:44Z,adservice,adservice,0,0,0,0,0,0,0
2026-10-04T14:05:44Z,adservice,cartservice,0,0,0,0,0,0,0
2026-10-04T14:05:44Z,adservice,checkoutservice,0,0,0,0,0,0,0
2026-10-04T14:05:44Z,adservice,currencyservice,0,0,0,0,0,0,0
2026-10-04T14:05:44Z,adservice,emailservice,0,0,0,0,0,0,0
2026-10-04T14:05:44Z,adservice,frontend,0,0,0,0,0,0,0
2026-10-04T14:05:44Z,adservice,kubernetes,0,0,0,0,0,0,0
2026-10-04T14:05:44Z,adservice,paymentservice,0,0,0,0,0,0,0
2026-10-04T14:05:44Z,adservice,productcatalogservice,0,0,0,0,0,0,0
2026-10-04T14:05:44Z,adservice,recommendationservice,0,0,0,0,0,0,0
2026-10-04T14:05:44Z,adservice,redis-cart,0,0,0,0,0,0,0
2026-10-04T14:05:44Z,adservice,shippingservice,0,0,0,0,0,0,0
2026-10-04T14:05:44Z,cartservice,adservice,0,0,0,0,0,0,0
2026-10-04T14:05:44Z,cartservice,cartservice,0,0,0,0,0,0,0
2026-10-04T14:05:44Z,cartservice,checkoutservice,0,0,0,0,0,0,0
2026-10-04T14:05:44Z,cartservice,currencyservice,0,0,0,0,0,0,0
2026-10-04T14:05:44Z,cartservice,emailservice,0,0,0,0,0,0,0
2026-10-04T14:05:44Z,cartservice,frontend,0,0,0,0,0,0,0
2026-10-04T14:05:44Z,cartservice,kubernetes,0,0,0,0,0,0,0
2026-10-04T14:05:44Z,cartservice,paymentservice,0,0,0,0,0,0,0
2026-10-04T14:05:44Z,cartservice,productcatalogservice,0,0,0,0,0,0,0
2026-10-04T14:05:44Z,cartservice,recommendationservice,0,0,0,0,0,0,0
2026-10-04T14:05:44Z,cartservice,redis-cart,2,0,0,0,0,0,0
2026-10-04T14:05:44Z,cartservice,shippingservice,0,0,0,0,0,0,0
2026-10-04T14:05:44Z,checkoutservice,adservice,0,0,0,0,0,0,0
2026-10-04T14:05:44Z,checkoutservice,cartservice,26740,26123,0,72,0,372695,25584
2026-10-04T14:05:44Z,checkoutservice,checkoutservice,0,0,0,0,0,0,0
2026-10-04T14:05:44Z,checkoutservice,currencyservice,20607,20604,0,0,0,321231,20107
2026-10-04T14:05:44Z,checkoutservice,emailservice,2469,2287,0,42,0,112346,2284
2026-10-04T14:05:44Z,checkoutservice,frontend,0,0,0,0,0,0,0
2026-10-04T14:05:44Z,checkoutservice,kubernetes,0,0,0,0,0,0,0
2026-10-04T14:05:44Z,checkoutservice,paymentservice,16863,15750,0,119,0,254684,15354
2026-10-04T14:05:44Z,checkoutservice,productcatalogservice,0,0,0,0,0,0,0
2026-10-04T14:05:44Z,checkoutservice,recommendationservice,0,0,0,0,0,0,0
2026-10-04T14:05:44Z,checkoutservice,redis-cart,0,0,0,0,0,0,0
2026-10-04T14:05:44Z,checkoutservice,shippingservice,30636,29263,0,106,0,294013,28593
2026-10-04T14:05:44Z,currencyservice,adservice,0,0,0,0,0,0,0
2026-10-04T14:05:44Z,currencyservice,cartservice,0,0,0,0,0,0,0
2026-10-04T14:05:44Z,currencyservice,checkoutservice,0,0,0,0,0,0,0
2026-10-04T14:05:44Z,currencyservice,currencyservice,0,0,0,0,0,0,0
2026-10-04T14:05:44Z,currencyservice,emailservice,0,0,0,0,0,0,0
2026-10-04T14:05:44Z,currencyservice,frontend,0,0,0,0,0,0,0
2026-10-04T14:05:44Z,currencyservice,kubernetes,0,0,0,0,0,0,0
2026-10-04T14:05:44Z,currencyservice,paymentservice,0,0,0,0,0,0,0
2026-10-04T14:05:44Z,currencyservice,productcatalogservice,0,0,0,0,0,0,0
2026-10-04T14:05:44Z,currencyservice,recommendationservice,0,0,0,0,0,0,0
2026-10-04T14:05:44Z,currencyservice,redis-cart,0,0,0,0,0,0,0
2026-10-04T14:05:44Z,currencyservice,shippingservice,0,0,0,0,0,0,0
2026-10-04T14:05:44Z,emailservice,adservice,0,0,0,0,0,0,0
2026-10-04T14:05:44Z,emailservice,cartservice,0,0,0,0,0,0,0
2026-10-04T14:05:44Z,emailservice,checkoutservice,0,0,0,0,0,0,0
2026-10-04T14:05:44Z,emailservice,currencyservice,0,0,0,0,0,0,0
2026-10-04T14:05:44Z,emailservice,emailservice,0,0,0,0,0,0,0
2026-10-04T14:05:44Z,emailservice,frontend,0,0,0,0,0,0,0
2026-10-04T14:05:44Z,emailservice,kubernetes,0,0,0,0,0,0,0
2026-10-04T14:05:44Z,emailservice,paymentservice,0,0,0,0,0,0,0
2026-10-04T14:05:44Z,emailservice,productcatalogservice,0,0,0,0,0,0,0
2026-10-04T14:05:44Z,emailservice,recommendationservice,0,0,0,0,0,0,0
2026-10-04T14:05:44Z,emailservice,redis-cart,0,0,0,0,0,0,0
2026-10-04T14:05:44Z,emailservice,shippingservice,0,0,0,0,0,0,0
2026-10-04T14:05:44Z,frontend,adservice,807115,807111,0,0,0,2434351,806888
2026-10-04T14:05:44Z,frontend,cartservice,1787857,1787843,0,0,4,9962319,1787409
2026-10-04T14:05:44Z,frontend,checkoutservice,377722,178629,0,37769,161126,59400051,178608
2026-10-04T14:05:44Z,frontend,currencyservice,2843025,2843007,0,0,0,15112107,2842318
2026-10-04T14:05:44Z,frontend,emailservice,0,0,0,0,0,0,0
2026-10-04T14:05:44Z,frontend,frontend,0,0,0,0,0,0,0
2026-10-04T14:05:44Z,frontend,kubernetes,0,0,0,0,0,0,0
2026-10-04T14:05:44Z,frontend,paymentservice,0,0,0,0,0,0,0
2026-10-04T14:05:44Z,frontend,productcatalogservice,7991612,7991526,0,0,0,54654532,7989254
2026-10-04T14:05:44Z,frontend,recommendationservice,2578116,1578869,0,104145,892890,777186709,1578480
2026-10-04T14:05:44Z,frontend,redis-cart,0,0,0,0,0,0,0
2026-10-04T14:05:44Z,frontend,shippingservice,296029,296027,0,0,0,899636,295916
2026-10-04T14:05:44Z,paymentservice,adservice,0,0,0,0,0,0,0
2026-10-04T14:05:44Z,paymentservice,cartservice,0,0,0,0,0,0,0
2026-10-04T14:05:44Z,paymentservice,checkoutservice,0,0,0,0,0,0,0
2026-10-04T14:05:44Z,paymentservice,currencyservice,0,0,0,0,0,0,0
2026-10-04T14:05:44Z,paymentservice,emailservice,0,0,0,0,0,0,0
2026-10-04T14:05:44Z,paymentservice,frontend,0,0,0,0,0,0,0
2026-10-04T14:05:44Z,paymentservice,kubernetes,0,0,0,0,0,0,0
2026-10-04T14:05:44Z,paymentservice,paymentservice,0,0,0,0,0,0,0
2026-10-04T14:05:44Z,paymentservice,productcatalogservice,0,0,0,0,0,0,0
2026-10-04T14:05:44Z,paymentservice,recommendationservice,0,0,0,0,0,0,0
2026-10-04T14:05:44Z,paymentservice,redis-cart,0,0,0,0,0,0,0
2026-10-04T14:05:44Z,paymentservice,shippingservice,0,0,0,0,0,0,0
2026-10-04T14:05:44Z,productcatalogservice,adservice,0,0,0,0,0,0,0
2026-10-04T14:05:44Z,productcatalogservice,cartservice,0,0,0,0,0,0,0
2026-10-04T14:05:44Z,productcatalogservice,checkoutservice,0,0,0,0,0,0,0
2026-10-04T14:05:44Z,productcatalogservice,currencyservice,0,0,0,0,0,0,0
2026-10-04T14:05:44Z,productcatalogservice,emailservice,0,0,0,0,0,0,0
2026-10-04T14:05:44Z,productcatalogservice,frontend,0,0,0,0,0,0,0
2026-10-04T14:05:44Z,productcatalogservice,kubernetes,0,0,0,0,0,0,0
2026-10-04T14:05:44Z,productcatalogservice,paymentservice,0,0,0,0,0,0,0
2026-10-04T14:05:44Z,productcatalogservice,productcatalogservice,0,0,0,0,0,0,0
2026-10-04T14:05:44Z,productcatalogservice,recommendationservice,0,0,0,0,0,0,0
2026-10-04T14:05:44Z,productcatalogservice,redis-cart,0,0,0,0,0,0,0
2026-10-04T14:05:44Z,productcatalogservice,shippingservice,0,0,0,0,0,0,0
2026-10-04T14:05:44Z,recommendationservice,adservice,0,0,0,0,0,0,0
2026-10-04T14:05:44Z,recommendationservice,cartservice,0,0,0,0,0,0,0
2026-10-04T14:05:44Z,recommendationservice,checkoutservice,0,0,0,0,0,0,0
2026-10-04T14:05:44Z,recommendationservice,currencyservice,0,0,0,0,0,0,0
2026-10-04T14:05:44Z,recommendationservice,emailservice,0,0,0,0,0,0,0
2026-10-04T14:05:44Z,recommendationservice,frontend,0,0,0,0,0,0,0
2026-10-04T14:05:44Z,recommendationservice,kubernetes,0,0,0,0,0,0,0
2026-10-04T14:05:44Z,recommendationservice,paymentservice,0,0,0,0,0,0,0
2026-10-04T14:05:44Z,recommendationservice,productcatalogservice,53986,53983,0,0,0,430764,52073
2026-10-04T14:05:44Z,recommendationservice,recommendationservice,0,0,0,0,0,0,0
2026-10-04T14:05:44Z,recommendationservice,redis-cart,0,0,0,0,0,0,0
2026-10-04T14:05:44Z,recommendationservice,shippingservice,0,0,0,0,0,0,0
2026-10-04T14:05:44Z,redis-cart,adservice,0,0,0,0,0,0,0
2026-10-04T14:05:44Z,redis-cart,cartservice,0,0,0,0,0,0,0
2026-10-04T14:05:44Z,redis-cart,checkoutservice,0,0,0,0,0,0,0
2026-10-04T14:05:44Z,redis-cart,currencyservice,0,0,0,0,0,0,0
2026-10-04T14:05:44Z,redis-cart,emailservice,0,0,0,0,0,0,0
2026-10-04T14:05:44Z,redis-cart,frontend,0,0,0,0,0,0,0
2026-10-04T14:05:44Z,redis-cart,kubernetes,0,0,0,0,0,0,0
2026-10-04T14:05:44Z,redis-cart,paymentservice,0,0,0,0,0,0,0
2026-10-04T14:05:44Z,redis-cart,productcatalogservice,0,0,0,0,0,0,0
2026-10-04T14:05:44Z,redis-cart,recommendationservice,0,0,0,0,0,0,0
2026-10-04T14:05:44Z,redis-cart,redis-cart,0,0,0,0,0,0,0
2026-10-04T14:05:44Z,redis-cart,shippingservice,0,0,0,0,0,0,0
2026-10-04T14:05:44Z,shippingservice,adservice,0,0,0,0,0,0,0
2026-10-04T14:05:44Z,shippingservice,cartservice,0,0,0,0,0,0,0
2026-10-04T14:05:44Z,shippingservice,checkoutservice,0,0,0,0,0,0,0
2026-10-04T14:05:44Z,shippingservice,currencyservice,0,0,0,0,0,0,0
2026-10-04T14:05:44Z,shippingservice,emailservice,0,0,0,0,0,0,0
2026-10-04T14:05:44Z,shippingservice,frontend,0,0,0,0,0,0,0
2026-10-04T14:05:44Z,shippingservice,kubernetes,0,0,0,0,0,0,0
2026-10-04T14:05:44Z,shippingservice,paymentservice,0,0,0,0,0,0,0
2026-10-04T14:05:44Z,shippingservice,productcatalogservice,0,0,0,0,0,0,0
2026-10-04T14:05:44Z,shippingservice,recommendationservice,0,0,0,0,0,0,0
2026-10-04T14:05:44Z,shippingservice,redis-cart,0,0,0,0,0,0,0
2026-10-04T14:05:44Z,shippingservice,shippingservice,0,0,0,0,0,0,0
2026-10-04T14:05:45Z,adservice,adservice,0,0,0,0,0,0,0
2026-10-04T14:05:45Z,adservice,cartservice,0,0,0,0,0,0,0
2026-10-04T14:05:45Z,adservice,checkoutservice,0,0,0,0,0,0,0
2026-10-04T14:05:45Z,adservice,currencyservice,0,0,0,0,0,0,0
2026-10-04T14:05:45Z,adservice,emailservice,0,0,0,0,0,0,0
2026-10-04T14:05:45Z,adservice,frontend,0,0,0,0,0,0,0
2026-10-04T14:05:45Z,adservice,kubernetes,0,0,0,0,0,0,0
2026-10-04T14:05:45Z,adservice,paymentservice,0,0,0,0,0,0,0
2026-10-04T14:05:45Z,adservice,productcatalogservice,0,0,0,0,0,0,0
2026-10-04T14:05:45Z,adservice,recommendationservice,0,0,0,0,0,0,0
2026-10-04T14:05:45Z,adservice,redis-cart,0,0,0,0,0,0,0
2026-10-04T14:05:45Z,adservice,shippingservice,0,0,0,0,0,0,0
2026-10-04T14:05:45Z,cartservice,adservice,0,0,0,0,0,0,0
2026-10-04T14:05:45Z,cartservice,cartservice,0,0,0,0,0,0,0
2026-10-04T14:05:45Z,cartservice,checkoutservice,0,0,0,0,0,0,0
2026-10-04T14:05:45Z,cartservice,currencyservice,0,0,0,0,0,0,0
2026-10-04T14:05:45Z,cartservice,emailservice,0,0,0,0,0,0,0
2026-10-04T14:05:45Z,cartservice,frontend,0,0,0,0,0,0,0
2026-10-04T14:05:45Z,cartservice,kubernetes,0,0,0,0,0,0,0
2026-10-04T14:05:45Z,cartservice,paymentservice,0,0,0,0,0,0,0
2026-10-04T14:05:45Z,cartservice,productcatalogservice,0,0,0,0,0,0,0
2026-10-04T14:05:45Z,cartservice,recommendationservice,0,0,0,0,0,0,0
2026-10-04T14:05:45Z,cartservice,redis-cart,2,0,0,0,0,0,0
2026-10-04T14:05:45Z,cartservice,shippingservice,0,0,0,0,0,0,0
2026-10-04T14:05:45Z,checkoutservice,adservice,0,0,0,0,0,0,0
2026-10-04T14:05:45Z,checkoutservice,cartservice,26942,26326,0,72,0,372695,25584
2026-10-04T14:05:45Z,checkoutservice,checkoutservice,0,0,0,0,0,0,0
2026-10-04T14:05:45Z,checkoutservice,currencyservice,20770,20770,0,0,0,321231,20107
2026-10-04T14:05:45Z,checkoutservice,emailservice,2469,2287,0,42,0,112346,2284
2026-10-04T14:05:45Z,checkoutservice,frontend,0,0,0,0,0,0,0
2026-10-04T14:05:45Z,checkoutservice,kubernetes,0,0,0,0,0,0,0
2026-10-04T14:05:45Z,checkoutservice,paymentservice,16946,15816,0,119,0,254684,15354
2026-10-04T14:05:45Z,checkoutservice,productcatalogservice,0,0,0,0,0,0,0
2026-10-04T14:05:45Z,checkoutservice,recommendationservice,0,0,0,0,0,0,0
2026-10-04T14:05:45Z,checkoutservice,redis-cart,0,0,0,0,0,0,0
2026-10-04T14:05:45Z,checkoutservice,shippingservice,30820,29435,0,108,0,294013,28593
2026-10-04T14:05:45Z,currencyservice,adservice,0,0,0,0,0,0,0
2026-10-04T14:05:45Z,currencyservice,cartservice,0,0,0,0,0,0,0
2026-10-04T14:05:45Z,currencyservice,checkoutservice,0,0,0,0,0,0,0
2026-10-04T14:05:45Z,currencyservice,currencyservice,0,0,0,0,0,0,0
2026-10-04T14:05:45Z,currencyservice,emailservice,0,0,0,0,0,0,0
2026-10-04T14:05:45Z,currencyservice,frontend,0,0,0,0,0,0,0
2026-10-04T14:05:45Z,currencyservice,kubernetes,0,0,0,0,0,0,0
2026-10-04T14:05:45Z,currencyservice,paymentservice,0,0,0,0,0,0,0
2026-10-04T14:05:45Z,currencyservice,productcatalogservice,0,0,0,0,0,0,0
2026-10-04T14:05:45Z,currencyservice,recommendationservice,0,0,0,0,0,0,0
2026-10-04T14:05:45Z,currencyservice,redis-cart,0,0,0,0,0,0,0
2026-10-04T14:05:45Z,currencyservice,shippingservice,0,0,0,0,0,0,0
2026-10-04T14:05:45Z,emailservice,adservice,0,0,0,0,0,0,0
2026-10-04T14:05:45Z,emailservice,cartservice,0,0,0,0,0,0,0
2026-10-04T14:05:45Z,emailservice,checkoutservice,0,0,0,0,0,0,0
2026-10-04T14:05:45Z,emailservice,currencyservice,0,0,0,0,0,0,0
2026-10-04T14:05:45Z,emailservice,emailservice,0,0,0,0,0,0,0
2026-10-04T14:05:45Z,emailservice,frontend,0,0,0,0,0,0,0
2026-10-04T14:05:45Z,emailservice,kubernetes,0,0,0,0,0,0,0
2026-10-04T14:05:45Z,emailservice,paymentservice,0,0,0,0,0,0,0
2026-10-04T14:05:45Z,emailservice,productcatalogservice,0,0,0,0,0,0,0
2026-10-04T14:05:45Z,emailservice,recommendationservice,0,0,0,0,0,0,0
2026-10-04T14:05:45Z,emailservice,redis-cart,0,0,0,0,0,0,0
2026-10-04T14:05:45Z,emailservice,shippingservice,0,0,0,0,0,0,0
2026-10-04T14:05:45Z,frontend,adservice,807397,807394,0,0,0,2434351,806888
2026-10-04T14:05:45Z,frontend,cartservice,1788333,1788321,0,0,4,9962319,1787409
2026-10-04T14:05:45Z,frontend,checkoutservice,377933,178649,0,37813,161275,59400051,178608
2026-10-04T14:05:45Z,frontend,currencyservice,2843792,2843777,0,0,0,15112107,2842318
2026-10-04T14:05:45Z,frontend,emailservice,0,0,0,0,0,0,0
2026-10-04T14:05:45Z,frontend,frontend,0,0,0,0,0,0,0
2026-10-04T14:05:45Z,frontend,kubernetes,0,0,0,0,0,0,0
2026-10-04T14:05:45Z,frontend,paymentservice,0,0,0,0,0,0,0
2026-10-04T14:05:45Z,frontend,productcatalogservice,7994175,7994094,0,0,0,54654532,7989254
2026-10-04T14:05:45Z,frontend,recommendationservice,2578568,1579309,0,104145,892890,777186709,1578480
2026-10-04T14:05:45Z,frontend,redis-cart,0,0,0,0,0,0,0
2026-10-04T14:05:45Z,frontend,shippingservice,296125,296123,0,0,0,899636,295916
2026-10-04T14:05:45Z,paymentservice,adservice,0,0,0,0,0,0,0
2026-10-04T14:05:45Z,paymentservice,cartservice,0,0,0,0,0,0,0
2026-10-04T14:05:45Z,paymentservice,checkoutservice,0,0,0,0,0,0,0
2026-10-04T14:05:45Z,paymentservice,currencyservice,0,0,0,0,0,0,0
2026-10-04T14:05:45Z,paymentservice,emailservice,0,0,0,0,0,0,0
2026-10-04T14:05:45Z,paymentservice,frontend,0,0,0,0,0,0,0
2026-10-04T14:05:45Z,paymentservice,kubernetes,0,0,0,0,0,0,0
2026-10-04T14:05:45Z,paymentservice,paymentservice,0,0,0,0,0,0,0
2026-10-04T14:05:45Z,paymentservice,productcatalogservice,0,0,0,0,0,0,0
2026-10-04T14:05:45Z,paymentservice,recommendationservice,0,0,0,0,0,0,0
2026-10-04T14:05:45Z,paymentservice,redis-cart,0,0,0,0,0,0,0
2026-10-04T14:05:45Z,paymentservice,shippingservice,0,0,0,0,0,0,0
2026-10-04T14:05:45Z,productcatalogservice,adservice,0,0,0,0,0,0,0
2026-10-04T14:05:45Z,productcatalogservice,cartservice,0,0,0,0,0,0,0
2026-10-04T14:05:45Z,productcatalogservice,checkoutservice,0,0,0,0,0,0,0
2026-10-04T14:05:45Z,productcatalogservice,currencyservice,0,0,0,0,0,0,0
2026-10-04T14:05:45Z,productcatalogservice,emailservice,0,0,0,0,0,0,0
2026-10-04T14:05:45Z,productcatalogservice,frontend,0,0,0,0,0,0,0
2026-10-04T14:05:45Z,productcatalogservice,kubernetes,0,0,0,0,0,0,0
2026-10-04T14:05:45Z,productcatalogservice,paymentservice,0,0,0,0,0,0,0
2026-10-04T14:05:45Z,productcatalogservice,productcatalogservice,0,0,0,0,0,0,0
2026-10-04T14:05:45Z,productcatalogservice,recommendationservice,0,0,0,0,0,0,0
2026-10-04T14:05:45Z,productcatalogservice,redis-cart,0,0,0,0,0,0,0
2026-10-04T14:05:45Z,productcatalogservice,shippingservice,0,0,0,0,0,0,0
2026-10-04T14:05:45Z,recommendationservice,adservice,0,0,0,0,0,0,0
2026-10-04T14:05:45Z,recommendationservice,cartservice,0,0,0,0,0,0,0
2026-10-04T14:05:45Z,recommendationservice,checkoutservice,0,0,0,0,0,0,0
2026-10-04T14:05:45Z,recommendationservice,currencyservice,0,0,0,0,0,0,0
2026-10-04T14:05:45Z,recommendationservice,emailservice,0,0,0,0,0,0,0
2026-10-04T14:05:45Z,recommendationservice,frontend,0,0,0,0,0,0,0
2026-10-04T14:05:45Z,recommendationservice,kubernetes,0,0,0,0,0,0,0
2026-10-04T14:05:45Z,recommendationservice,paymentservice,0,0,0,0,0,0,0
2026-10-04T14:05:45Z,recommendationservice,productcatalogservice,54423,54420,0,0,0,448993,54280
2026-10-04T14:05:45Z,recommendationservice,recommendationservice,0,0,0,0,0,0,0
2026-10-04T14:05:45Z,recommendationservice,redis-cart,0,0,0,0,0,0,0
2026-10-04T14:05:45Z,recommendationservice,shippingservice,0,0,0,0,0,0,0
2026-10-04T14:05:45Z,redis-cart,adservice,0,0,0,0,0,0,0
2026-10-04T14:05:45Z,redis-cart,cartservice,0,0,0,0,0,0,0
2026-10-04T14:05:45Z,redis-cart,checkoutservice,0,0,0,0,0,0,0
2026-10-04T14:05:45Z,redis-cart,currencyservice,0,0,0,0,0,0,0
2026-10-04T14:05:45Z,redis-cart,emailservice,0,0,0,0,0,0,0
2026-10-04T14:05:45Z,redis-cart,frontend,0,0,0,0,0,0,0
2026-10-04T14:05:45Z,redis-cart,kubernetes,0,0,0,0,0,0,0
2026-10-04T14:05:45Z,redis-cart,paymentservice,0,0,0,0,0,0,0
2026-10-04T14:05:45Z,redis-cart,productcatalogservice,0,0,0,0,0,0,0
2026-10-04T14:05:45Z,redis-cart,recommendationservice,0,0,0,0,0,0,0
2026-10-04T14:05:45Z,redis-cart,redis-cart,0,0,0,0,0,0,0
2026-10-04T14:05:45Z,redis-cart,shippingservice,0,0,0,0,0,0,0
2026-10-04T14:05:45Z,shippingservice,adservice,0,0,0,0,0,0,0
2026-10-04T14:05:45Z,shippingservice,cartservice,0,0,0,0,0,0,0
2026-10-04T14:05:45Z,shippingservice,checkoutservice,0,0,0,0,0,0,0
2026-10-04T14:05:45Z,shippingservice,currencyservice,0,0,0,0,0,0,0
2026-10-04T14:05:45Z,shippingservice,emailservice,0,0,0,0,0,0,0
2026-10-04T14:05:45Z,shippingservice,frontend,0,0,0,0,0,0,0
2026-10-04T14:05:45Z,shippingservice,kubernetes,0,0,0,0,0,0,0
2026-10-04T14:05:45Z,shippingservice,paymentservice,0,0,0,0,0,0,0
2026-10-04T14:05:45Z,shippingservice,productcatalogservice,0,0,0,0,0,0,0
2026-10-04T14:05:45Z,shippingservice,recommendationservice,0,0,0,0,0,0,0
2026-10-04T14:05:45Z,shippingservice,redis-cart,0,0,0,0,0,0,0
2026-10-04T14:05:45Z,shippingservice,shippingservice,0,0,0,0,0,0,0
2026-10-04T14:05:46Z,adservice,adservice,0,0,0,0,0,0,0
2026-10-04T14:05:46Z,adservice,cartservice,0,0,0,0,0,0,0
2026-10-04T14:05:46Z,adservice,checkoutservice,0,0,0,0,0,0,0
2026-10-04T14:05:46Z,adservice,currencyservice,0,0,0,0,0,0,0
2026-10-04T14:05:46Z,adservice,emailservice,0,0,0,0,0,0,0
2026-10-04T14:05:46Z,adservice,frontend,0,0,0,0,0,0,0
2026-10-04T14:05:46Z,adservice,kubernetes,0,0,0,0,0,0,0
2026-10-04T14:05:46Z,adservice,paymentservice,0,0,0,0,0,0,0
2026-10-04T14:05:46Z,adservice,productcatalogservice,0,0,0,0,0,0,0
2026-10-04T14:05:46Z,adservice,recommendationservice,0,0,0,0,0,0,0
2026-10-04T14:05:46Z,adservice,redis-cart,0,0,0,0,0,0,0
2026-10-04T14:05:46Z,adservice,shippingservice,0,0,0,0,0,0,0
2026-10-04T14:05:46Z,cartservice,adservice,0,0,0,0,0,0,0
2026-10-04T14:05:46Z,cartservice,cartservice,0,0,0,0,0,0,0
2026-10-04T14:05:46Z,cartservice,checkoutservice,0,0,0,0,0,0,0
2026-10-04T14:05:46Z,cartservice,currencyservice,0,0,0,0,0,0,0
2026-10-04T14:05:46Z,cartservice,emailservice,0,0,0,0,0,0,0
2026-10-04T14:05:46Z,cartservice,frontend,0,0,0,0,0,0,0
2026-10-04T14:05:46Z,cartservice,kubernetes,0,0,0,0,0,0,0
2026-10-04T14:05:46Z,cartservice,paymentservice,0,0,0,0,0,0,0
2026-10-04T14:05:46Z,cartservice,productcatalogservice,0,0,0,0,0,0,0
2026-10-04T14:05:46Z,cartservice,recommendationservice,0,0,0,0,0,0,0
2026-10-04T14:05:46Z,cartservice,redis-cart,2,0,0,0,0,0,0
2026-10-04T14:05:46Z,cartservice,shippingservice,0,0,0,0,0,0,0
2026-10-04T14:05:46Z,checkoutservice,adservice,0,0,0,0,0,0,0
2026-10-04T14:05:46Z,checkoutservice,cartservice,27126,26495,0,72,0,372695,25584
2026-10-04T14:05:46Z,checkoutservice,checkoutservice,0,0,0,0,0,0,0
2026-10-04T14:05:46Z,checkoutservice,currencyservice,20813,20813,0,0,0,321231,20107
2026-10-04T14:05:46Z,checkoutservice,emailservice,2469,2287,0,42,0,112346,2284
2026-10-04T14:05:46Z,checkoutservice,frontend,0,0,0,0,0,0,0
2026-10-04T14:05:46Z,checkoutservice,kubernetes,0,0,0,0,0,0,0
2026-10-04T14:05:46Z,checkoutservice,paymentservice,16946,15816,0,119,0,254684,15354
2026-10-04T14:05:46Z,checkoutservice,productcatalogservice,0,0,0,0,0,0,0
2026-10-04T14:05:46Z,checkoutservice,recommendationservice,0,0,0,0,0,0,0
2026-10-04T14:05:46Z,checkoutservice,redis-cart,0,0,0,0,0,0,0
2026-10-04T14:05:46Z,checkoutservice,shippingservice,30867,29471,0,109,0,294013,28593
2026-10-04T14:05:46Z,currencyservice,adservice,0,0,0,0,0,0,0
2026-10-04T14:05:46Z,currencyservice,cartservice,0,0,0,0,0,0,0
2026-10-04T14:05:46Z,currencyservice,checkoutservice,0,0,0,0,0,0,0
2026-10-04T14:05:46Z,currencyservice,currencyservice,0,0,0,0,0,0,0
2026-10-04T14:05:46Z,currencyservice,emailservice,0,0,0,0,0,0,0
2026-10-04T14:05:46Z,currencyservice,frontend,0,0,0,0,0,0,0
2026-10-04T14:05:46Z,currencyservice,kubernetes,0,0,0,0,0,0,0
2026-10-04T14:05:46Z,currencyservice,paymentservice,0,0,0,0,0,0,0
2026-10-04T14:05:46Z,currencyservice,productcatalogservice,0,0,0,0,0,0,0
2026-10-04T14:05:46Z,currencyservice,recommendationservice,0,0,0,0,0,0,0
2026-10-04T14:05:46Z,currencyservice,redis-cart,0,0,0,0,0,0,0
2026-10-04T14:05:46Z,currencyservice,shippingservice,0,0,0,0,0,0,0
2026-10-04T14:05:46Z,emailservice,adservice,0,0,0,0,0,0,0
2026-10-04T14:05:46Z,emailservice,cartservice,0,0,0,0,0,0,0
2026-10-04T14:05:46Z,emailservice,checkoutservice,0,0,0,0,0,0,0
2026-10-04T14:05:46Z,emailservice,currencyservice,0,0,0,0,0,0,0
2026-10-04T14:05:46Z,emailservice,emailservice,0,0,0,0,0,0,0
2026-10-04T14:05:46Z,emailservice,frontend,0,0,0,0,0,0,0
2026-10-04T14:05:46Z,emailservice,kubernetes,0,0,0,0,0,0,0
2026-10-04T14:05:46Z,emailservice,paymentservice,0,0,0,0,0,0,0
2026-10-04T14:05:46Z,emailservice,productcatalogservice,0,0,0,0,0,0,0
2026-10-04T14:05:46Z,emailservice,recommendationservice,0,0,0,0,0,0,0
2026-10-04T14:05:46Z,emailservice,redis-cart,0,0,0,0,0,0,0
2026-10-04T14:05:46Z,emailservice,shippingservice,0,0,0,0,0,0,0
2026-10-04T14:05:46Z,frontend,adservice,807666,807664,0,0,0,2434351,806888
2026-10-04T14:05:46Z,frontend,cartservice,1788795,1788780,0,0,4,9962319,1787409
2026-10-04T14:05:46Z,frontend,checkoutservice,378136,178683,0,37840,161415,59400051,178608
2026-10-04T14:05:46Z,frontend,currencyservice,2844517,2844507,0,0,0,15112107,2842318
2026-10-04T14:05:46Z,frontend,emailservice,0,0,0,0,0,0,0
2026-10-04T14:05:46Z,frontend,frontend,0,0,0,0,0,0,0
2026-10-04T14:05:46Z,frontend,kubernetes,0,0,0,0,0,0,0
2026-10-04T14:05:46Z,frontend,paymentservice,0,0,0,0,0,0,0
2026-10-04T14:05:46Z,frontend,productcatalogservice,7996701,7996614,0,0,0,54654532,7989254
2026-10-04T14:05:46Z,frontend,recommendationservice,2578994,1579739,0,104145,892890,777186709,1578480
2026-10-04T14:05:46Z,frontend,redis-cart,0,0,0,0,0,0,0
2026-10-04T14:05:46Z,frontend,shippingservice,296222,296220,0,0,0,899636,295916
2026-10-04T14:05:46Z,paymentservice,adservice,0,0,0,0,0,0,0
2026-10-04T14:05:46Z,paymentservice,cartservice,0,0,0,0,0,0,0
2026-10-04T14:05:46Z,paymentservice,checkoutservice,0,0,0,0,0,0,0
2026-10-04T14:05:46Z,paymentservice,currencyservice,0,0,0,0,0,0,0
2026-10-04T14:05:46Z,paymentservice,emailservice,0,0,0,0,0,0,0
2026-10-04T14:05:46Z,paymentservice,frontend,0,0,0,0,0,0,0
2026-10-04T14:05:46Z,paymentservice,kubernetes,0,0,0,0,0,0,0
2026-10-04T14:05:46Z,paymentservice,paymentservice,0,0,0,0,0,0,0
2026-10-04T14:05:46Z,paymentservice,productcatalogservice,0,0,0,0,0,0,0
2026-10-04T14:05:46Z,paymentservice,recommendationservice,0,0,0,0,0,0,0
2026-10-04T14:05:46Z,paymentservice,redis-cart,0,0,0,0,0,0,0
2026-10-04T14:05:46Z,paymentservice,shippingservice,0,0,0,0,0,0,0
2026-10-04T14:05:46Z,productcatalogservice,adservice,0,0,0,0,0,0,0
2026-10-04T14:05:46Z,productcatalogservice,cartservice,0,0,0,0,0,0,0
2026-10-04T14:05:46Z,productcatalogservice,checkoutservice,0,0,0,0,0,0,0
2026-10-04T14:05:46Z,productcatalogservice,currencyservice,0,0,0,0,0,0,0
2026-10-04T14:05:46Z,productcatalogservice,emailservice,0,0,0,0,0,0,0
2026-10-04T14:05:46Z,productcatalogservice,frontend,0,0,0,0,0,0,0
2026-10-04T14:05:46Z,productcatalogservice,kubernetes,0,0,0,0,0,0,0
2026-10-04T14:05:46Z,productcatalogservice,paymentservice,0,0,0,0,0,0,0
2026-10-04T14:05:46Z,productcatalogservice,productcatalogservice,0,0,0,0,0,0,0
2026-10-04T14:05:46Z,productcatalogservice,recommendationservice,0,0,0,0,0,0,0
2026-10-04T14:05:46Z,productcatalogservice,redis-cart,0,0,0,0,0,0,0
2026-10-04T14:05:46Z,productcatalogservice,shippingservice,0,0,0,0,0,0,0
2026-10-04T14:05:46Z,recommendationservice,adservice,0,0,0,0,0,0,0
2026-10-04T14:05:46Z,recommendationservice,cartservice,0,0,0,0,0,0,0
2026-10-04T14:05:46Z,recommendationservice,checkoutservice,0,0,0,0,0,0,0
2026-10-04T14:05:46Z,recommendationservice,currencyservice,0,0,0,0,0,0,0
2026-10-04T14:05:46Z,recommendationservice,emailservice,0,0,0,0,0,0,0
2026-10-04T14:05:46Z,recommendationservice,frontend,0,0,0,0,0,0,0
2026-10-04T14:05:46Z,recommendationservice,kubernetes,0,0,0,0,0,0,0
2026-10-04T14:05:46Z,recommendationservice,paymentservice,0,0,0,0,0,0,0
2026-10-04T14:05:46Z,recommendationservice,productcatalogservice,54872,54867,0,0,0,448993,54280
2026-10-04T14:05:46Z,recommendationservice,recommendationservice,0,0,0,0,0,0,0
2026-10-04T14:05:46Z,recommendationservice,redis-cart,0,0,0,0,0,0,0
2026-10-04T14:05:46Z,recommendationservice,shippingservice,0,0,0,0,0,0,0
2026-10-04T14:05:46Z,redis-cart,adservice,0,0,0,0,0,0,0
2026-10-04T14:05:46Z,redis-cart,cartservice,0,0,0,0,0,0,0
2026-10-04T14:05:46Z,redis-cart,checkoutservice,0,0,0,0,0,0,0
2026-10-04T14:05:46Z,redis-cart,currencyservice,0,0,0,0,0,0,0
2026-10-04T14:05:46Z,redis-cart,emailservice,0,0,0,0,0,0,0
2026-10-04T14:05:46Z,redis-cart,frontend,0,0,0,0,0,0,0
2026-10-04T14:05:46Z,redis-cart,kubernetes,0,0,0,0,0,0,0
2026-10-04T14:05:46Z,redis-cart,paymentservice,0,0,0,0,0,0,0
2026-10-04T14:05:46Z,redis-cart,productcatalogservice,0,0,0,0,0,0,0
2026-10-04T14:05:46Z,redis-cart,recommendationservice,0,0,0,0,0,0,0
2026-10-04T14:05:46Z,redis-cart,redis-cart,0,0,0,0,0,0,0
2026-10-04T14:05:46Z,redis-cart,shippingservice,0,0,0,0,0,0,0
2026-10-04T14:05:46Z,shippingservice,adservice,0,0,0,0,0,0,0
2026-10-04T14:05:46Z,shippingservice,cartservice,0,0,0,0,0,0,0
2026-10-04T14:05:46Z,shippingservice,checkoutservice,0,0,0,0,0,0,0
2026-10-04T14:05:46Z,shippingservice,currencyservice,0,0,0,0,0,0,0
2026-10-04T14:05:46Z,shippingservice,emailservice,0,0,0,0,0,0,0
2026-10-04T14:05:46Z,shippingservice,frontend,0,0,0,0,0,0,0
2026-10-04T14:05:46Z,shippingservice,kubernetes,0,0,0,0,0,0,0
2026-10-04T14:05:46Z,shippingservice,paymentservice,0,0,0,0,0,0,0
2026-10-04T14:05:46Z,shippingservice,productcatalogservice,0,0,0,0,0,0,0
2026-10-04T14:05:46Z,shippingservice,recommendationservice,0,0,0,0,0,0,0
2026-10-04T14:05:46Z,shippingservice,redis-cart,0,0,0,0,0,0,0
2026-10-04T14:05:46Z,shippingservice,shippingservice,0,0,0,0,0,0,0
2026-10-04T14:05:47Z,adservice,adservice,0,0,0,0,0,0,0
2026-10-04T14:05:47Z,adservice,cartservice,0,0,0,0,0,0,0
2026-10-04T14:05:47Z,adservice,checkoutservice,0,0,0,0,0,0,0
2026-10-04T14:05:47Z,adservice,currencyservice,0,0,0,0,0,0,0
2026-10-04T14:05:47Z,adservice,emailservice,0,0,0,0,0,0,0
2026-10-04T14:05:47Z,adservice,frontend,0,0,0,0,0,0,0
2026-10-04T14:05:47Z,adservice,kubernetes,0,0,0,0,0,0,0
2026-10-04T14:05:47Z,adservice,paymentservice,0,0,0,0,0,0,0
2026-10-04T14:05:47Z,adservice,productcatalogservice,0,0,0,0,0,0,0
2026-10-04T14:05:47Z,adservice,recommendationservice,0,0,0,0,0,0,0
2026-10-04T14:05:47Z,adservice,redis-cart,0,0,0,0,0,0,0
2026-10-04T14:05:47Z,adservice,shippingservice,0,0,0,0,0,0,0
2026-10-04T14:05:47Z,cartservice,adservice,0,0,0,0,0,0,0
2026-10-04T14:05:47Z,cartservice,cartservice,0,0,0,0,0,0,0
2026-10-04T14:05:47Z,cartservice,checkoutservice,0,0,0,0,0,0,0
2026-10-04T14:05:47Z,cartservice,currencyservice,0,0,0,0,0,0,0
2026-10-04T14:05:47Z,cartservice,emailservice,0,0,0,0,0,0,0
2026-10-04T14:05:47Z,cartservice,frontend,0,0,0,0,0,0,0
2026-10-04T14:05:47Z,cartservice,kubernetes,0,0,0,0,0,0,0
2026-10-04T14:05:47Z,cartservice,paymentservice,0,0,0,0,0,0,0
2026-10-04T14:05:47Z,cartservice,productcatalogservice,0,0,0,0,0,0,0
2026-10-04T14:05:47Z,cartservice,recommendationservice,0,0,0,0,0,0,0
2026-10-04T14:05:47Z,cartservice,redis-cart,2,0,0,0,0,0,0
2026-10-04T14:05:47Z,cartservice,shippingservice,0,0,0,0,0,0,0
2026-10-04T14:05:47Z,checkoutservice,adservice,0,0,0,0,0,0,0
2026-10-04T14:05:47Z,checkoutservice,cartservice,27346,26720,0,72,0,392120,26656
2026-10-04T14:05:47Z,checkoutservice,checkoutservice,0,0,0,0,0,0,0
2026-10-04T14:05:47Z,checkoutservice,currencyservice,20968,20968,0,0,0,334808,20905
2026-10-04T14:05:47Z,checkoutservice,emailservice,2469,2287,0,42,0,112385,2287
2026-10-04T14:05:47Z,checkoutservice,frontend,0,0,0,0,0,0,0
2026-10-04T14:05:47Z,checkoutservice,kubernetes,0,0,0,0,0,0,0
2026-10-04T14:05:47Z,checkoutservice,paymentservice,16966,15829,0,119,0,262253,15761
2026-10-04T14:05:47Z,checkoutservice,productcatalogservice,0,0,0,0,0,0,0
2026-10-04T14:05:47Z,checkoutservice,recommendationservice,0,0,0,0,0,0,0
2026-10-04T14:05:47Z,checkoutservice,redis-cart,0,0,0,0,0,0,0
2026-10-04T14:05:47Z,checkoutservice,shippingservice,31064,29656,0,109,0,305597,29594
2026-10-04T14:05:47Z,currencyservice,adservice,0,0,0,0,0,0,0
2026-10-04T14:05:47Z,currencyservice,cartservice,0,0,0,0,0,0,0
2026-10-04T14:05:47Z,currencyservice,checkoutservice,0,0,0,0,0,0,0
2026-10-04T14:05:47Z,currencyservice,currencyservice,0,0,0,0,0,0,0
2026-10-04T14:05:47Z,currencyservice,emailservice,0,0,0,0,0,0,0
2026-10-04T14:05:47Z,currencyservice,frontend,0,0,0,0,0,0,0
2026-10-04T14:05:47Z,currencyservice,kubernetes,0,0,0,0,0,0,0
2026-10-04T14:05:47Z,currencyservice,paymentservice,0,0,0,0,0,0,0
2026-10-04T14:05:47Z,currencyservice,productcatalogservice,0,0,0,0,0,0,0
2026-10-04T14:05:47Z,currencyservice,recommendationservice,0,0,0,0,0,0,0
2026-10-04T14:05:47Z,currencyservice,redis-cart,0,0,0,0,0,0,0
2026-10-04T14:05:47Z,currencyservice,shippingservice,0,0,0,0,0,0,0
2026-10-04T14:05:47Z,emailservice,adservice,0,0,0,0,0,0,0
2026-10-04T14:05:47Z,emailservice,cartservice,0,0,0,0,0,0,0
2026-10-04T14:05:47Z,emailservice,checkoutservice,0,0,0,0,0,0,0
2026-10-04T14:05:47Z,emailservice,currencyservice,0,0,0,0,0,0,0
2026-10-04T14:05:47Z,emailservice,emailservice,0,0,0,0,0,0,0
2026-10-04T14:05:47Z,emailservice,frontend,0,0,0,0,0,0,0
2026-10-04T14:05:47Z,emailservice,kubernetes,0,0,0,0,0,0,0
2026-10-04T14:05:47Z,emailservice,paymentservice,0,0,0,0,0,0,0
2026-10-04T14:05:47Z,emailservice,productcatalogservice,0,0,0,0,0,0,0
2026-10-04T14:05:47Z,emailservice,recommendationservice,0,0,0,0,0,0,0
2026-10-04T14:05:47Z,emailservice,redis-cart,0,0,0,0,0,0,0
2026-10-04T14:05:47Z,emailservice,shippingservice,0,0,0,0,0,0,0
2026-10-04T14:05:47Z,frontend,adservice,807931,807929,0,0,0,2434351,806888
2026-10-04T14:05:47Z,frontend,cartservice,1789273,1789259,0,0,4,9962319,1787409
2026-10-04T14:05:47Z,frontend,checkoutservice,378341,178713,0,37879,161554,59400051,178608
2026-10-04T14:05:47Z,frontend,currencyservice,2845288,2845278,0,0,0,15112107,2842318
2026-10-04T14:05:47Z,frontend,emailservice,0,0,0,0,0,0,0
2026-10-04T14:05:47Z,frontend,frontend,0,0,0,0,0,0,0
2026-10-04T14:05:47Z,frontend,kubernetes,0,0,0,0,0,0,0
2026-10-04T14:05:47Z,frontend,paymentservice,0,0,0,0,0,0,0
2026-10-04T14:05:47Z,frontend,productcatalogservice,7999211,7999132,0,0,0,54654532,7989254
2026-10-04T14:05:47Z,frontend,recommendationservice,2579446,1580167,0,104145,892890,777186709,1578480
2026-10-04T14:05:47Z,frontend,redis-cart,0,0,0,0,0,0,0
2026-10-04T14:05:47Z,frontend,shippingservice,296323,296321,0,0,0,899636,295916
2026-10-04T14:05:47Z,paymentservice,adservice,0,0,0,0,0,0,0
2026-10-04T14:05:47Z,paymentservice,cartservice,0,0,0,0,0,0,0
2026-10-04T14:05:47Z,paymentservice,checkoutservice,0,0,0,0,0,0,0
2026-10-04T14:05:47Z,paymentservice,currencyservice,0,0,0,0,0,0,0
2026-10-04T14:05:47Z,paymentservice,emailservice,0,0,0,0,0,0,0
2026-10-04T14:05:47Z,paymentservice,frontend,0,0,0,0,0,0,0
2026-10-04T14:05:47Z,paymentservice,kubernetes,0,0,0,0,0,0,0
2026-10-04T14:05:47Z,paymentservice,paymentservice,0,0,0,0,0,0,0
2026-10-04T14:05:47Z,paymentservice,productcatalogservice,0,0,0,0,0,0,0
2026-10-04T14:05:47Z,paymentservice,recommendationservice,0,0,0,0,0,0,0
2026-10-04T14:05:47Z,paymentservice,redis-cart,0,0,0,0,0,0,0
2026-10-04T14:05:47Z,paymentservice,shippingservice,0,0,0,0,0,0,0
2026-10-04T14:05:47Z,productcatalogservice,adservice,0,0,0,0,0,0,0
2026-10-04T14:05:47Z,productcatalogservice,cartservice,0,0,0,0,0,0,0
2026-10-04T14:05:47Z,productcatalogservice,checkoutservice,0,0,0,0,0,0,0
2026-10-04T14:05:47Z,productcatalogservice,currencyservice,0,0,0,0,0,0,0
2026-10-04T14:05:47Z,productcatalogservice,emailservice,0,0,0,0,0,0,0
2026-10-04T14:05:47Z,productcatalogservice,frontend,0,0,0,0,0,0,0
2026-10-04T14:05:47Z,productcatalogservice,kubernetes,0,0,0,0,0,0,0
2026-10-04T14:05:47Z,productcatalogservice,paymentservice,0,0,0,0,0,0,0
2026-10-04T14:05:47Z,productcatalogservice,productcatalogservice,0,0,0,0,0,0,0
2026-10-04T14:05:47Z,productcatalogservice,recommendationservice,0,0,0,0,0,0,0
2026-10-04T14:05:47Z,productcatalogservice,redis-cart,0,0,0,0,0,0,0
2026-10-04T14:05:47Z,productcatalogservice,shippingservice,0,0,0,0,0,0,0
2026-10-04T14:05:47Z,recommendationservice,adservice,0,0,0,0,0,0,0
2026-10-04T14:05:47Z,recommendationservice,cartservice,0,0,0,0,0,0,0
2026-10-04T14:05:47Z,recommendationservice,checkoutservice,0,0,0,0,0,0,0
2026-10-04T14:05:47Z,recommendationservice,currencyservice,0,0,0,0,0,0,0
2026-10-04T14:05:47Z,recommendationservice,emailservice,0,0,0,0,0,0,0
2026-10-04T14:05:47Z,recommendationservice,frontend,0,0,0,0,0,0,0
2026-10-04T14:05:47Z,recommendationservice,kubernetes,0,0,0,0,0,0,0
2026-10-04T14:05:47Z,recommendationservice,paymentservice,0,0,0,0,0,0,0
2026-10-04T14:05:47Z,recommendationservice,productcatalogservice,55299,55296,0,0,0,448993,54280
2026-10-04T14:05:47Z,recommendationservice,recommendationservice,0,0,0,0,0,0,0
2026-10-04T14:05:47Z,recommendationservice,redis-cart,0,0,0,0,0,0,0
2026-10-04T14:05:47Z,recommendationservice,shippingservice,0,0,0,0,0,0,0
2026-10-04T14:05:47Z,redis-cart,adservice,0,0,0,0,0,0,0
2026-10-04T14:05:47Z,redis-cart,cartservice,0,0,0,0,0,0,0
2026-10-04T14:05:47Z,redis-cart,checkoutservice,0,0,0,0,0,0,0
2026-10-04T14:05:47Z,redis-cart,currencyservice,0,0,0,0,0,0,0
2026-10-04T14:05:47Z,redis-cart,emailservice,0,0,0,0,0,0,0
2026-10-04T14:05:47Z,redis-cart,frontend,0,0,0,0,0,0,0
2026-10-04T14:05:47Z,redis-cart,kubernetes,0,0,0,0,0,0,0
2026-10-04T14:05:47Z,redis-cart,paymentservice,0,0,0,0,0,0,0
2026-10-04T14:05:47Z,redis-cart,productcatalogservice,0,0,0,0,0,0,0
2026-10-04T14:05:47Z,redis-cart,recommendationservice,0,0,0,0,0,0,0
2026-10-04T14:05:47Z,redis-cart,redis-cart,0,0,0,0,0,0,0
2026-10-04T14:05:47Z,redis-cart,shippingservice,0,0,0,0,0,0,0
2026-10-04T14:05:47Z,shippingservice,adservice,0,0,0,0,0,0,0
2026-10-04T14:05:47Z,shippingservice,cartservice,0,0,0,0,0,0,0
2026-10-04T14:05:47Z,shippingservice,checkoutservice,0,0,0,0,0,0,0
2026-10-04T14:05:47Z,shippingservice,currencyservice,0,0,0,0,0,0,0
2026-10-04T14:05:47Z,shippingservice,emailservice,0,0,0,0,0,0,0
2026-10-04T14:05:47Z,shippingservice,frontend,0,0,0,0,0,0,0
2026-10-04T14:05:47Z,shippingservice,kubernetes,0,0,0,0,0,0,0
2026-10-04T14:05:47Z,shippingservice,paymentservice,0,0,0,0,0,0,0
2026-10-04T14:05:47Z,shippingservice,productcatalogservice,0,0,0,0,0,0,0
2026-10-04T14:05:47Z,shippingservice,recommendationservice,0,0,0,0,0,0,0
2026-10-04T14:05:47Z,shippingservice,redis-cart,0,0,0,0,0,0,0
2026-10-04T14:05:47Z,shippingservice,shippingservice,0,0,0,0,0,0,0
2026-10-04T14:05:48Z,adservice,adservice,0,0,0,0,0,0,0
2026-10-04T14:05:48Z,adservice,cartservice,0,0,0,0,0,0,0
2026-10-04T14:05:48Z,adservice,checkoutservice,0,0,0,0,0,0,0
2026-10-04T14:05:48Z,adservice,currencyservice,0,0,0,0,0,0,0
2026-10-04T14:05:48Z,adservice,emailservice,0,0,0,0,0,0,0
2026-10-04T14:05:48Z,adservice,frontend,0,0,0,0,0,0,0
2026-10-04T14:05:48Z,adservice,kubernetes,0,0,0,0,0,0,0
2026-10-04T14:05:48Z,adservice,paymentservice,0,0,0,0,0,0,0
2026-10-04T14:05:48Z,adservice,productcatalogservice,0,0,0,0,0,0,0
2026-10-04T14:05:48Z,adservice,recommendationservice,0,0,0,0,0,0,0
2026-10-04T14:05:48Z,adservice,redis-cart,0,0,0,0,0,0,0
2026-10-04T14:05:48Z,adservice,shippingservice,0,0,0,0,0,0,0
2026-10-04T14:05:48Z,cartservice,adservice,0,0,0,0,0,0,0
2026-10-04T14:05:48Z,cartservice,cartservice,0,0,0,0,0,0,0
2026-10-04T14:05:48Z,cartservice,checkoutservice,0,0,0,0,0,0,0
2026-10-04T14:05:48Z,cartservice,currencyservice,0,0,0,0,0,0,0
2026-10-04T14:05:48Z,cartservice,emailservice,0,0,0,0,0,0,0
2026-10-04T14:05:48Z,cartservice,frontend,0,0,0,0,0,0,0
2026-10-04T14:05:48Z,cartservice,kubernetes,0,0,0,0,0,0,0
2026-10-04T14:05:48Z,cartservice,paymentservice,0,0,0,0,0,0,0
2026-10-04T14:05:48Z,cartservice,productcatalogservice,0,0,0,0,0,0,0
2026-10-04T14:05:48Z,cartservice,recommendationservice,0,0,0,0,0,0,0
2026-10-04T14:05:48Z,cartservice,redis-cart,2,0,0,0,0,0,0
2026-10-04T14:05:48Z,cartservice,shippingservice,0,0,0,0,0,0,0
2026-10-04T14:05:48Z,checkoutservice,adservice,0,0,0,0,0,0,0
2026-10-04T14:05:48Z,checkoutservice,cartservice,27529,26897,0,72,0,392120,26656
2026-10-04T14:05:48Z,checkoutservice,checkoutservice,0,0,0,0,0,0,0
2026-10-04T14:05:48Z,checkoutservice,currencyservice,20985,20985,0,0,0,334808,20905
2026-10-04T14:05:48Z,checkoutservice,emailservice,2469,2287,0,42,0,112385,2287
2026-10-04T14:05:48Z,checkoutservice,frontend,0,0,0,0,0,0,0
2026-10-04T14:05:48Z,checkoutservice,kubernetes,0,0,0,0,0,0,0
2026-10-04T14:05:48Z,checkoutservice,paymentservice,16967,15830,0,119,0,262253,15761
2026-10-04T14:05:48Z,checkoutservice,productcatalogservice,0,0,0,0,0,0,0
2026-10-04T14:05:48Z,checkoutservice,recommendationservice,0,0,0,0,0,0,0
2026-10-04T14:05:48Z,checkoutservice,redis-cart,0,0,0,0,0,0,0
2026-10-04T14:05:48Z,checkoutservice,shippingservice,31096,29678,0,109,0,305597,29594
2026-10-04T14:05:48Z,currencyservice,adservice,0,0,0,0,0,0,0
2026-10-04T14:05:48Z,currencyservice,cartservice,0,0,0,0,0,0,0
2026-10-04T14:05:48Z,currencyservice,checkoutservice,0,0,0,0,0,0,0
2026-10-04T14:05:48Z,currencyservice,currencyservice,0,0,0,0,0,0,0
2026-10-04T14:05:48Z,currencyservice,emailservice,0,0,0,0,0,0,0
2026-10-04T14:05:48Z,currencyservice,frontend,0,0,0,0,0,0,0
2026-10-04T14:05:48Z,currencyservice,kubernetes,0,0,0,0,0,0,0
2026-10-04T14:05:48Z,currencyservice,paymentservice,0,0,0,0,0,0,0
2026-10-04T14:05:48Z,currencyservice,productcatalogservice,0,0,0,0,0,0,0
2026-10-04T14:05:48Z,currencyservice,recommendationservice,0,0,0,0,0,0,0
2026-10-04T14:05:48Z,currencyservice,redis-cart,0,0,0,0,0,0,0
2026-10-04T14:05:48Z,currencyservice,shippingservice,0,0,0,0,0,0,0
2026-10-04T14:05:48Z,emailservice,adservice,0,0,0,0,0,0,0
2026-10-04T14:05:48Z,emailservice,cartservice,0,0,0,0,0,0,0
2026-10-04T14:05:48Z,emailservice,checkoutservice,0,0,0,0,0,0,0
2026-10-04T14:05:48Z,emailservice,currencyservice,0,0,0,0,0,0,0
2026-10-04T14:05:48Z,emailservice,emailservice,0,0,0,0,0,0,0
2026-10-04T14:05:48Z,emailservice,frontend,0,0,0,0,0,0,0
2026-10-04T14:05:48Z,emailservice,kubernetes,0,0,0,0,0,0,0
2026-10-04T14:05:48Z,emailservice,paymentservice,0,0,0,0,0,0,0
2026-10-04T14:05:48Z,emailservice,productcatalogservice,0,0,0,0,0,0,0
2026-10-04T14:05:48Z,emailservice,recommendationservice,0,0,0,0,0,0,0
2026-10-04T14:05:48Z,emailservice,redis-cart,0,0,0,0,0,0,0
2026-10-04T14:05:48Z,emailservice,shippingservice,0,0,0,0,0,0,0
2026-10-04T14:05:48Z,frontend,adservice,808196,808194,0,0,0,2436191,807486
2026-10-04T14:05:48Z,frontend,cartservice,1789733,1789718,0,0,4,9968201,1788428
2026-10-04T14:05:48Z,frontend,checkoutservice,378546,178743,0,37909,161705,59457206,178655
2026-10-04T14:05:48Z,frontend,currencyservice,2846020,2846013,0,0,0,15122154,2843993
2026-10-04T14:05:48Z,frontend,emailservice,0,0,0,0,0,0,0
2026-10-04T14:05:48Z,frontend,frontend,0,0,0,0,0,0,0
2026-10-04T14:05:48Z,frontend,kubernetes,0,0,0,0,0,0,0
2026-10-04T14:05:48Z,frontend,paymentservice,0,0,0,0,0,0,0
2026-10-04T14:05:48Z,frontend,productcatalogservice,8001653,8001569,0,0,0,54705021,7994842
2026-10-04T14:05:48Z,frontend,recommendationservice,2579876,1580583,0,104145,892890,777276464,1579437
2026-10-04T14:05:48Z,frontend,redis-cart,0,0,0,0,0,0,0
2026-10-04T14:05:48Z,frontend,shippingservice,296415,296413,0,0,0,900386,296156
2026-10-04T14:05:48Z,paymentservice,adservice,0,0,0,0,0,0,0
2026-10-04T14:05:48Z,paymentservice,cartservice,0,0,0,0,0,0,0
2026-10-04T14:05:48Z,paymentservice,checkoutservice,0,0,0,0,0,0,0
2026-10-04T14:05:48Z,paymentservice,currencyservice,0,0,0,0,0,0,0
2026-10-04T14:05:48Z,paymentservice,emailservice,0,0,0,0,0,0,0
2026-10-04T14:05:48Z,paymentservice,frontend,0,0,0,0,0,0,0
2026-10-04T14:05:48Z,paymentservice,kubernetes,0,0,0,0,0,0,0
2026-10-04T14:05:48Z,paymentservice,paymentservice,0,0,0,0,0,0,0
2026-10-04T14:05:48Z,paymentservice,productcatalogservice,0,0,0,0,0,0,0
2026-10-04T14:05:48Z,paymentservice,recommendationservice,0,0,0,0,0,0,0
2026-10-04T14:05:48Z,paymentservice,redis-cart,0,0,0,0,0,0,0
2026-10-04T14:05:48Z,paymentservice,shippingservice,0,0,0,0,0,0,0
2026-10-04T14:05:48Z,productcatalogservice,adservice,0,0,0,0,0,0,0
2026-10-04T14:05:48Z,productcatalogservice,cartservice,0,0,0,0,0,0,0
2026-10-04T14:05:48Z,productcatalogservice,checkoutservice,0,0,0,0,0,0,0
2026-10-04T14:05:48Z,productcatalogservice,currencyservice,0,0,0,0,0,0,0
2026-10-04T14:05:48Z,productcatalogservice,emailservice,0,0,0,0,0,0,0
2026-10-04T14:05:48Z,productcatalogservice,frontend,0,0,0,0,0,0,0
2026-10-04T14:05:48Z,productcatalogservice,kubernetes,0,0,0,0,0,0,0
2026-10-04T14:05:48Z,productcatalogservice,paymentservice,0,0,0,0,0,0,0
2026-10-04T14:05:48Z,productcatalogservice,productcatalogservice,0,0,0,0,0,0,0
2026-10-04T14:05:48Z,productcatalogservice,recommendationservice,0,0,0,0,0,0,0
2026-10-04T14:05:48Z,productcatalogservice,redis-cart,0,0,0,0,0,0,0
2026-10-04T14:05:48Z,productcatalogservice,shippingservice,0,0,0,0,0,0,0
2026-10-04T14:05:48Z,recommendationservice,adservice,0,0,0,0,0,0,0
2026-10-04T14:05:48Z,recommendationservice,cartservice,0,0,0,0,0,0,0
2026-10-04T14:05:48Z,recommendationservice,checkoutservice,0,0,0,0,0,0,0
2026-10-04T14:05:48Z,recommendationservice,currencyservice,0,0,0,0,0,0,0
2026-10-04T14:05:48Z,recommendationservice,emailservice,0,0,0,0,0,0,0
2026-10-04T14:05:48Z,recommendationservice,frontend,0,0,0,0,0,0,0
2026-10-04T14:05:48Z,recommendationservice,kubernetes,0,0,0,0,0,0,0
2026-10-04T14:05:48Z,recommendationservice,paymentservice,0,0,0,0,0,0,0
2026-10-04T14:05:48Z,recommendationservice,productcatalogservice,55757,55757,0,0,0,448993,54280
2026-10-04T14:05:48Z,recommendationservice,recommendationservice,0,0,0,0,0,0,0
2026-10-04T14:05:48Z,recommendationservice,redis-cart,0,0,0,0,0,0,0
2026-10-04T14:05:48Z,recommendationservice,shippingservice,0,0,0,0,0,0,0
2026-10-04T14:05:48Z,redis-cart,adservice,0,0,0,0,0,0,0
2026-10-04T14:05:48Z,redis-cart,cartservice,0,0,0,0,0,0,0
2026-10-04T14:05:48Z,redis-cart,checkoutservice,0,0,0,0,0,0,0
2026-10-04T14:05:48Z,redis-cart,currencyservice,0,0,0,0,0,0,0
2026-10-04T14:05:48Z,redis-cart,emailservice,0,0,0,0,0,0,0
2026-10-04T14:05:48Z,redis-cart,frontend,0,0,0,0,0,0,0
2026-10-04T14:05:48Z,redis-cart,kubernetes,0,0,0,0,0,0,0
2026-10-04T14:05:48Z,redis-cart,paymentservice,0,0,0,0,0,0,0
2026-10-04T14:05:48Z,redis-cart,productcatalogservice,0,0,0,0,0,0,0
2026-10-04T14:05:48Z,redis-cart,recommendationservice,0,0,0,0,0,0,0
2026-10-04T14:05:48Z,redis-cart,redis-cart,0,0,0,0,0,0,0
2026-10-04T14:05:48Z,redis-cart,shippingservice,0,0,0,0,0,0,0
2026-10-04T14:05:48Z,shippingservice,adservice,0,0,0,0,0,0,0
2026-10-04T14:05:48Z,shippingservice,cartservice,0,0,0,0,0,0,0
2026-10-04T14:05:48Z,shippingservice,checkoutservice,0,0,0,0,0,0,0
2026-10-04T14:05:48Z,shippingservice,currencyservice,0,0,0,0,0,0,0
2026-10-04T14:05:48Z,shippingservice,emailservice,0,0,0,0,0,0,0
2026-10-04T14:05:48Z,shippingservice,frontend,0,0,0,0,0,0,0
2026-10-04T14:05:48Z,shippingservice,kubernetes,0,0,0,0,0,0,0
2026-10-04T14:05:48Z,shippingservice,paymentservice,0,0,0,0,0,0,0
2026-10-04T14:05:48Z,shippingservice,productcatalogservice,0,0,0,0,0,0,0
2026-10-04T14:05:48Z,shippingservice,recommendationservice,0,0,0,0,0,0,0
2026-10-04T14:05:48Z,shippingservice,redis-cart,0,0,0,0,0,0,0
2026-10-04T14:05:48Z,shippingservice,shippingservice,0,0,0,0,0,0,0
2026-10-04T14:05:49Z,adservice,adservice,0,0,0,0,0,0,0
2026-10-04T14:05:49Z,adservice,cartservice,0,0,0,0,0,0,0
2026-10-04T14:05:49Z,adservice,checkoutservice,0,0,0,0,0,0,0
2026-10-04T14:05:49Z,adservice,currencyservice,0,0,0,0,0,0,0
2026-10-04T14:05:49Z,adservice,emailservice,0,0,0,0,0,0,0
2026-10-04T14:05:49Z,adservice,frontend,0,0,0,0,0,0,0
2026-10-04T14:05:49Z,adservice,kubernetes,0,0,0,0,0,0,0
2026-10-04T14:05:49Z,adservice,paymentservice,0,0,0,0,0,0,0
2026-10-04T14:05:49Z,adservice,productcatalogservice,0,0,0,0,0,0,0
2026-10-04T14:05:49Z,adservice,recommendationservice,0,0,0,0,0,0,0
2026-10-04T14:05:49Z,adservice,redis-cart,0,0,0,0,0,0,0
2026-10-04T14:05:49Z,adservice,shippingservice,0,0,0,0,0,0,0
2026-10-04T14:05:49Z,cartservice,adservice,0,0,0,0,0,0,0
2026-10-04T14:05:49Z,cartservice,cartservice,0,0,0,0,0,0,0
2026-10-04T14:05:49Z,cartservice,checkoutservice,0,0,0,0,0,0,0
2026-10-04T14:05:49Z,cartservice,currencyservice,0,0,0,0,0,0,0
2026-10-04T14:05:49Z,cartservice,emailservice,0,0,0,0,0,0,0
2026-10-04T14:05:49Z,cartservice,frontend,0,0,0,0,0,0,0
2026-10-04T14:05:49Z,cartservice,kubernetes,0,0,0,0,0,0,0
2026-10-04T14:05:49Z,cartservice,paymentservice,0,0,0,0,0,0,0
2026-10-04T14:05:49Z,cartservice,productcatalogservice,0,0,0,0,0,0,0
2026-10-04T14:05:49Z,cartservice,recommendationservice,0,0,0,0,0,0,0
2026-10-04T14:05:49Z,cartservice,redis-cart,2,0,0,0,0,0,0
2026-10-04T14:05:49Z,cartservice,shippingservice,0,0,0,0,0,0,0
2026-10-04T14:05:49Z,checkoutservice,adservice,0,0,0,0,0,0,0
2026-10-04T14:05:49Z,checkoutservice,cartservice,27737,27093,0,72,0,392120,26656
2026-10-04T14:05:49Z,checkoutservice,checkoutservice,0,0,0,0,0,0,0
2026-10-04T14:05:49Z,checkoutservice,currencyservice,21093,21080,0,0,0,334808,20905
2026-10-04T14:05:49Z,checkoutservice,emailservice,2469,2287,0,42,0,112385,2287
2026-10-04T14:05:49Z,checkoutservice,frontend,0,0,0,0,0,0,0
2026-10-04T14:05:49Z,checkoutservice,kubernetes,0,0,0,0,0,0,0
2026-10-04T14:05:49Z,checkoutservice,paymentservice,16995,15855,0,119,0,262253,15761
2026-10-04T14:05:49Z,checkoutservice,productcatalogservice,0,0,0,0,0,0,0
2026-10-04T14:05:49Z,checkoutservice,recommendationservice,0,0,0,0,0,0,0
2026-10-04T14:05:49Z,checkoutservice,redis-cart,0,0,0,0,0,0,0
2026-10-04T14:05:49Z,checkoutservice,shippingservice,31227,29801,0,109,0,305597,29594
2026-10-04T14:05:49Z,currencyservice,adservice,0,0,0,0,0,0,0
2026-10-04T14:05:49Z,currencyservice,cartservice,0,0,0,0,0,0,0
2026-10-04T14:05:49Z,currencyservice,checkoutservice,0,0,0,0,0,0,0
2026-10-04T14:05:49Z,currencyservice,currencyservice,0,0,0,0,0,0,0
2026-10-04T14:05:49Z,currencyservice,emailservice,0,0,0,0,0,0,0
2026-10-04T14:05:49Z,currencyservice,frontend,0,0,0,0,0,0,0
2026-10-04T14:05:49Z,currencyservice,kubernetes,0,0,0,0,0,0,0
2026-10-04T14:05:49Z,currencyservice,paymentservice,0,0,0,0,0,0,0
2026-10-04T14:05:49Z,currencyservice,productcatalogservice,0,0,0,0,0,0,0
2026-10-04T14:05:49Z,currencyservice,recommendationservice,0,0,0,0,0,0,0
2026-10-04T14:05:49Z,currencyservice,redis-cart,0,0,0,0,0,0,0
2026-10-04T14:05:49Z,currencyservice,shippingservice,0,0,0,0,0,0,0
2026-10-04T14:05:49Z,emailservice,adservice,0,0,0,0,0,0,0
2026-10-04T14:05:49Z,emailservice,cartservice,0,0,0,0,0,0,0
2026-10-04T14:05:49Z,emailservice,checkoutservice,0,0,0,0,0,0,0
2026-10-04T14:05:49Z,emailservice,currencyservice,0,0,0,0,0,0,0
2026-10-04T14:05:49Z,emailservice,emailservice,0,0,0,0,0,0,0
2026-10-04T14:05:49Z,emailservice,frontend,0,0,0,0,0,0,0
2026-10-04T14:05:49Z,emailservice,kubernetes,0,0,0,0,0,0,0
2026-10-04T14:05:49Z,emailservice,paymentservice,0,0,0,0,0,0,0
2026-10-04T14:05:49Z,emailservice,productcatalogservice,0,0,0,0,0,0,0
2026-10-04T14:05:49Z,emailservice,recommendationservice,0,0,0,0,0,0,0
2026-10-04T14:05:49Z,emailservice,redis-cart,0,0,0,0,0,0,0
2026-10-04T14:05:49Z,emailservice,shippingservice,0,0,0,0,0,0,0
2026-10-04T14:05:49Z,frontend,adservice,808507,808505,0,0,0,2438403,808236
2026-10-04T14:05:49Z,frontend,cartservice,1790212,1790195,0,0,4,9976361,1789744
2026-10-04T14:05:49Z,frontend,checkoutservice,378749,178768,0,37945,161839,59571921,178746
2026-10-04T14:05:49Z,frontend,currencyservice,2846792,2846781,0,0,0,15132811,2846044
2026-10-04T14:05:49Z,frontend,emailservice,0,0,0,0,0,0,0
2026-10-04T14:05:49Z,frontend,frontend,0,0,0,0,0,0,0
2026-10-04T14:05:49Z,frontend,kubernetes,0,0,0,0,0,0,0
2026-10-04T14:05:49Z,frontend,paymentservice,0,0,0,0,0,0,0
2026-10-04T14:05:49Z,frontend,productcatalogservice,8004452,8004366,0,0,0,54750426,8001891
2026-10-04T14:05:49Z,frontend,recommendationservice,2580316,1581073,0,104145,892890,777399223,1580641
2026-10-04T14:05:49Z,frontend,redis-cart,0,0,0,0,0,0,0
2026-10-04T14:05:49Z,frontend,shippingservice,296525,296523,0,0,0,901281,296417
2026-10-04T14:05:49Z,paymentservice,adservice,0,0,0,0,0,0,0
2026-10-04T14:05:49Z,paymentservice,cartservice,0,0,0,0,0,0,0
2026-10-04T14:05:49Z,paymentservice,checkoutservice,0,0,0,0,0,0,0
2026-10-04T14:05:49Z,paymentservice,currencyservice,0,0,0,0,0,0,0
2026-10-04T14:05:49Z,paymentservice,emailservice,0,0,0,0,0,0,0
2026-10-04T14:05:49Z,paymentservice,frontend,0,0,0,0,0,0,0
2026-10-04T14:05:49Z,paymentservice,kubernetes,0,0,0,0,0,0,0
2026-10-04T14:05:49Z,paymentservice,paymentservice,0,0,0,0,0,0,0
2026-10-04T14:05:49Z,paymentservice,productcatalogservice,0,0,0,0,0,0,0
2026-10-04T14:05:49Z,paymentservice,recommendationservice,0,0,0,0,0,0,0
2026-10-04T14:05:49Z,paymentservice,redis-cart,0,0,0,0,0,0,0
2026-10-04T14:05:49Z,paymentservice,shippingservice,0,0,0,0,0,0,0
2026-10-04T14:05:49Z,productcatalogservice,adservice,0,0,0,0,0,0,0
2026-10-04T14:05:49Z,productcatalogservice,cartservice,0,0,0,0,0,0,0
2026-10-04T14:05:49Z,productcatalogservice,checkoutservice,0,0,0,0,0,0,0
2026-10-04T14:05:49Z,productcatalogservice,currencyservice,0,0,0,0,0,0,0
2026-10-04T14:05:49Z,productcatalogservice,emailservice,0,0,0,0,0,0,0
2026-10-04T14:05:49Z,productcatalogservice,frontend,0,0,0,0,0,0,0
2026-10-04T14:05:49Z,productcatalogservice,kubernetes,0,0,0,0,0,0,0
2026-10-04T14:05:49Z,productcatalogservice,paymentservice,0,0,0,0,0,0,0
2026-10-04T14:05:49Z,productcatalogservice,productcatalogservice,0,0,0,0,0,0,0
2026-10-04T14:05:49Z,productcatalogservice,recommendationservice,0,0,0,0,0,0,0
2026-10-04T14:05:49Z,productcatalogservice,redis-cart,0,0,0,0,0,0,0
2026-10-04T14:05:49Z,productcatalogservice,shippingservice,0,0,0,0,0,0,0
2026-10-04T14:05:49Z,recommendationservice,adservice,0,0,0,0,0,0,0
2026-10-04T14:05:49Z,recommendationservice,cartservice,0,0,0,0,0,0,0
2026-10-04T14:05:49Z,recommendationservice,checkoutservice,0,0,0,0,0,0,0
2026-10-04T14:05:49Z,recommendationservice,currencyservice,0,0,0,0,0,0,0
2026-10-04T14:05:49Z,recommendationservice,emailservice,0,0,0,0,0,0,0
2026-10-04T14:05:49Z,recommendationservice,frontend,0,0,0,0,0,0,0
2026-10-04T14:05:49Z,recommendationservice,kubernetes,0,0,0,0,0,0,0
2026-10-04T14:05:49Z,recommendationservice,paymentservice,0,0,0,0,0,0,0
2026-10-04T14:05:49Z,recommendationservice,productcatalogservice,56186,56181,0,0,0,448993,54280
2026-10-04T14:05:49Z,recommendationservice,recommendationservice,0,0,0,0,0,0,0
2026-10-04T14:05:49Z,recommendationservice,redis-cart,0,0,0,0,0,0,0
2026-10-04T14:05:49Z,recommendationservice,shippingservice,0,0,0,0,0,0,0
2026-10-04T14:05:49Z,redis-cart,adservice,0,0,0,0,0,0,0
2026-10-04T14:05:49Z,redis-cart,cartservice,0,0,0,0,0,0,0
2026-10-04T14:05:49Z,redis-cart,checkoutservice,0,0,0,0,0,0,0
2026-10-04T14:05:49Z,redis-cart,currencyservice,0,0,0,0,0,0,0
2026-10-04T14:05:49Z,redis-cart,emailservice,0,0,0,0,0,0,0
2026-10-04T14:05:49Z,redis-cart,frontend,0,0,0,0,0,0,0
2026-10-04T14:05:49Z,redis-cart,kubernetes,0,0,0,0,0,0,0
2026-10-04T14:05:49Z,redis-cart,paymentservice,0,0,0,0,0,0,0
2026-10-04T14:05:49Z,redis-cart,productcatalogservice,0,0,0,0,0,0,0
2026-10-04T14:05:49Z,redis-cart,recommendationservice,0,0,0,0,0,0,0
2026-10-04T14:05:49Z,redis-cart,redis-cart,0,0,0,0,0,0,0
2026-10-04T14:05:49Z,redis-cart,shippingservice,0,0,0,0,0,0,0
2026-10-04T14:05:49Z,shippingservice,adservice,0,0,0,0,0,0,0
2026-10-04T14:05:49Z,shippingservice,cartservice,0,0,0,0,0,0,0
2026-10-04T14:05:49Z,shippingservice,checkoutservice,0,0,0,0,0,0,0
2026-10-04T14:05:49Z,shippingservice,currencyservice,0,0,0,0,0,0,0
2026-10-04T14:05:49Z,shippingservice,emailservice,0,0,0,0,0,0,0
2026-10-04T14:05:49Z,shippingservice,frontend,0,0,0,0,0,0,0
2026-10-04T14:05:49Z,shippingservice,kubernetes,0,0,0,0,0,0,0
2026-10-04T14:05:49Z,shippingservice,paymentservice,0,0,0,0,0,0,0
2026-10-04T14:05:49Z,shippingservice,productcatalogservice,0,0,0,0,0,0,0
2026-10-04T14:05:49Z,shippingservice,recommendationservice,0,0,0,0,0,0,0
2026-10-04T14:05:49Z,shippingservice,redis-cart,0,0,0,0,0,0,0
2026-10-04T14:05:49Z,shippingservice,shippingservice,0,0,0,0,0,0,0
2026-10-04T14:05:50Z,adservice,adservice,0,0,0,0,0,0,0
2026-10-04T14:05:50Z,adservice,cartservice,0,0,0,0,0,0,0
2026-10-04T14:05:50Z,adservice,checkoutservice,0,0,0,0,0,0,0
2026-10-04T14:05:50Z,adservice,currencyservice,0,0,0,0,0,0,0
2026-10-04T14:05:50Z,adservice,emailservice,0,0,0,0,0,0,0
2026-10-04T14:05:50Z,adservice,frontend,0,0,0,0,0,0,0
2026-10-04T14:05:50Z,adservice,kubernetes,0,0,0,0,0,0,0
2026-10-04T14:05:50Z,adservice,paymentservice,0,0,0,0,0,0,0
2026-10-04T14:05:50Z,adservice,productcatalogservice,0,0,0,0,0,0,0
2026-10-04T14:05:50Z,adservice,recommendationservice,0,0,0,0,0,0,0
2026-10-04T14:05:50Z,adservice,redis-cart,0,0,0,0,0,0,0
2026-10-04T14:05:50Z,adservice,shippingservice,0,0,0,0,0,0,0
2026-10-04T14:05:50Z,cartservice,adservice,0,0,0,0,0,0,0
2026-10-04T14:05:50Z,cartservice,cartservice,0,0,0,0,0,0,0
2026-10-04T14:05:50Z,cartservice,checkoutservice,0,0,0,0,0,0,0
2026-10-04T14:05:50Z,cartservice,currencyservice,0,0,0,0,0,0,0
2026-10-04T14:05:50Z,cartservice,emailservice,0,0,0,0,0,0,0
2026-10-04T14:05:50Z,cartservice,frontend,0,0,0,0,0,0,0
2026-10-04T14:05:50Z,cartservice,kubernetes,0,0,0,0,0,0,0
2026-10-04T14:05:50Z,cartservice,paymentservice,0,0,0,0,0,0,0
2026-10-04T14:05:50Z,cartservice,productcatalogservice,0,0,0,0,0,0,0
2026-10-04T14:05:50Z,cartservice,recommendationservice,0,0,0,0,0,0,0
2026-10-04T14:05:50Z,cartservice,redis-cart,2,0,0,0,0,0,0
2026-10-04T14:05:50Z,cartservice,shippingservice,0,0,0,0,0,0,0
2026-10-04T14:05:50Z,checkoutservice,adservice,0,0,0,0,0,0,0
2026-10-04T14:05:50Z,checkoutservice,cartservice,27918,27279,0,73,0,392120,26656
2026-10-04T14:05:50Z,checkoutservice,checkoutservice,0,0,0,0,0,0,0
2026-10-04T14:05:50Z,checkoutservice,currencyservice,21155,21155,0,0,0,334808,20905
2026-10-04T14:05:50Z,checkoutservice,emailservice,2469,2287,0,42,0,112385,2287
2026-10-04T14:05:50Z,checkoutservice,frontend,0,0,0,0,0,0,0
2026-10-04T14:05:50Z,checkoutservice,kubernetes,0,0,0,0,0,0,0
2026-10-04T14:05:50Z,checkoutservice,paymentservice,17013,15869,0,120,0,262253,15761
2026-10-04T14:05:50Z,checkoutservice,productcatalogservice,0,0,0,0,0,0,0
2026-10-04T14:05:50Z,checkoutservice,recommendationservice,0,0,0,0,0,0,0
2026-10-04T14:05:50Z,checkoutservice,redis-cart,0,0,0,0,0,0,0
2026-10-04T14:05:50Z,checkoutservice,shippingservice,31320,29878,0,112,0,305597,29594
2026-10-04T14:05:50Z,currencyservice,adservice,0,0,0,0,0,0,0
2026-10-04T14:05:50Z,currencyservice,cartservice,0,0,0,0,0,0,0
2026-10-04T14:05:50Z,currencyservice,checkoutservice,0,0,0,0,0,0,0
2026-10-04T14:05:50Z,currencyservice,currencyservice,0,0,0,0,0,0,0
2026-10-04T14:05:50Z,currencyservice,emailservice,0,0,0,0,0,0,0
2026-10-04T14:05:50Z,currencyservice,frontend,0,0,0,0,0,0,0
2026-10-04T14:05:50Z,currencyservice,kubernetes,0,0,0,0,0,0,0
2026-10-04T14:05:50Z,currencyservice,paymentservice,0,0,0,0,0,0,0
2026-10-04T14:05:50Z,currencyservice,productcatalogservice,0,0,0,0,0,0,0
2026-10-04T14:05:50Z,currencyservice,recommendationservice,0,0,0,0,0,0,0
2026-10-04T14:05:50Z,currencyservice,redis-cart,0,0,0,0,0,0,0
2026-10-04T14:05:50Z,currencyservice,shippingservice,0,0,0,0,0,0,0
2026-10-04T14:05:50Z,emailservice,adservice,0,0,0,0,0,0,0
2026-10-04T14:05:50Z,emailservice,cartservice,0,0,0,0,0,0,0
2026-10-04T14:05:50Z,emailservice,checkoutservice,0,0,0,0,0,0,0
2026-10-04T14:05:50Z,emailservice,currencyservice,0,0,0,0,0,0,0
2026-10-04T14:05:50Z,emailservice,emailservice,0,0,0,0,0,0,0
2026-10-04T14:05:50Z,emailservice,frontend,0,0,0,0,0,0,0
2026-10-04T14:05:50Z,emailservice,kubernetes,0,0,0,0,0,0,0
2026-10-04T14:05:50Z,emailservice,paymentservice,0,0,0,0,0,0,0
2026-10-04T14:05:50Z,emailservice,productcatalogservice,0,0,0,0,0,0,0
2026-10-04T14:05:50Z,emailservice,recommendationservice,0,0,0,0,0,0,0
2026-10-04T14:05:50Z,emailservice,redis-cart,0,0,0,0,0,0,0
2026-10-04T14:05:50Z,emailservice,shippingservice,0,0,0,0,0,0,0
2026-10-04T14:05:50Z,frontend,adservice,808779,808775,0,0,0,2438403,808236
2026-10-04T14:05:50Z,frontend,cartservice,1790680,1790665,0,0,4,9976361,1789744
2026-10-04T14:05:50Z,frontend,checkoutservice,378964,178804,0,37976,161985,59571921,178746
2026-10-04T14:05:50Z,frontend,currencyservice,2847543,2847535,0,0,0,15132811,2846044
2026-10-04T14:05:50Z,frontend,emailservice,0,0,0,0,0,0,0
2026-10-04T14:05:50Z,frontend,frontend,0,0,0,0,0,0,0
2026-10-04T14:05:50Z,frontend,kubernetes,0,0,0,0,0,0,0
2026-10-04T14:05:50Z,frontend,paymentservice,0,0,0,0,0,0,0
2026-10-04T14:05:50Z,frontend,productcatalogservice,8007045,8006954,0,0,0,54750426,8001891
2026-10-04T14:05:50Z,frontend,recommendationservice,2580761,1581523,0,104145,892890,777399223,1580641
2026-10-04T14:05:50Z,frontend,redis-cart,0,0,0,0,0,0,0
2026-10-04T14:05:50Z,frontend,shippingservice,296627,296625,0,0,0,901281,296417
2026-10-04T14:05:50Z,paymentservice,adservice,0,0,0,0,0,0,0
2026-10-04T14:05:50Z,paymentservice,cartservice,0,0,0,0,0,0,0
2026-10-04T14:05:50Z,paymentservice,checkoutservice,0,0,0,0,0,0,0
2026-10-04T14:05:50Z,paymentservice,currencyservice,0,0,0,0,0,0,0
2026-10-04T14:05:50Z,paymentservice,emailservice,0,0,0,0,0,0,0
2026-10-04T14:05:50Z,paymentservice,frontend,0,0,0,0,0,0,0
2026-10-04T14:05:50Z,paymentservice,kubernetes,0,0,0,0,0,0,0
2026-10-04T14:05:50Z,paymentservice,paymentservice,0,0,0,0,0,0,0
2026-10-04T14:05:50Z,paymentservice,productcatalogservice,0,0,0,0,0,0,0
2026-10-04T14:05:50Z,paymentservice,recommendationservice,0,0,0,0,0,0,0
2026-10-04T14:05:50Z,paymentservice,redis-cart,0,0,0,0,0,0,0
2026-10-04T14:05:50Z,paymentservice,shippingservice,0,0,0,0,0,0,0
2026-10-04T14:05:50Z,productcatalogservice,adservice,0,0,0,0,0,0,0
2026-10-04T14:05:50Z,productcatalogservice,cartservice,0,0,0,0,0,0,0
2026-10-04T14:05:50Z,productcatalogservice,checkoutservice,0,0,0,0,0,0,0
2026-10-04T14:05:50Z,productcatalogservice,currencyservice,0,0,0,0,0,0,0
2026-10-04T14:05:50Z,productcatalogservice,emailservice,0,0,0,0,0,0,0
2026-10-04T14:05:50Z,productcatalogservice,frontend,0,0,0,0,0,0,0
2026-10-04T14:05:50Z,productcatalogservice,kubernetes,0,0,0,0,0,0,0
2026-10-04T14:05:50Z,productcatalogservice,paymentservice,0,0,0,0,0,0,0
2026-10-04T14:05:50Z,productcatalogservice,productcatalogservice,0,0,0,0,0,0,0
2026-10-04T14:05:50Z,productcatalogservice,recommendationservice,0,0,0,0,0,0,0
2026-10-04T14:05:50Z,productcatalogservice,redis-cart,0,0,0,0,0,0,0
2026-10-04T14:05:50Z,productcatalogservice,shippingservice,0,0,0,0,0,0,0
2026-10-04T14:05:50Z,recommendationservice,adservice,0,0,0,0,0,0,0
2026-10-04T14:05:50Z,recommendationservice,cartservice,0,0,0,0,0,0,0
2026-10-04T14:05:50Z,recommendationservice,checkoutservice,0,0,0,0,0,0,0
2026-10-04T14:05:50Z,recommendationservice,currencyservice,0,0,0,0,0,0,0
2026-10-04T14:05:50Z,recommendationservice,emailservice,0,0,0,0,0,0,0
2026-10-04T14:05:50Z,recommendationservice,frontend,0,0,0,0,0,0,0
2026-10-04T14:05:50Z,recommendationservice,kubernetes,0,0,0,0,0,0,0
2026-10-04T14:05:50Z,recommendationservice,paymentservice,0,0,0,0,0,0,0
2026-10-04T14:05:50Z,recommendationservice,productcatalogservice,56631,56624,0,0,0,466868,56474
2026-10-04T14:05:50Z,recommendationservice,recommendationservice,0,0,0,0,0,0,0
2026-10-04T14:05:50Z,recommendationservice,redis-cart,0,0,0,0,0,0,0
2026-10-04T14:05:50Z,recommendationservice,shippingservice,0,0,0,0,0,0,0
2026-10-04T14:05:50Z,redis-cart,adservice,0,0,0,0,0,0,0
2026-10-04T14:05:50Z,redis-cart,cartservice,0,0,0,0,0,0,0
2026-10-04T14:05:50Z,redis-cart,checkoutservice,0,0,0,0,0,0,0
2026-10-04T14:05:50Z,redis-cart,currencyservice,0,0,0,0,0,0,0
2026-10-04T14:05:50Z,redis-cart,emailservice,0,0,0,0,0,0,0
2026-10-04T14:05:50Z,redis-cart,frontend,0,0,0,0,0,0,0
2026-10-04T14:05:50Z,redis-cart,kubernetes,0,0,0,0,0,0,0
2026-10-04T14:05:50Z,redis-cart,paymentservice,0,0,0,0,0,0,0
2026-10-04T14:05:50Z,redis-cart,productcatalogservice,0,0,0,0,0,0,0
2026-10-04T14:05:50Z,redis-cart,recommendationservice,0,0,0,0,0,0,0
2026-10-04T14:05:50Z,redis-cart,redis-cart,0,0,0,0,0,0,0
2026-10-04T14:05:50Z,redis-cart,shippingservice,0,0,0,0,0,0,0
2026-10-04T14:05:50Z,shippingservice,adservice,0,0,0,0,0,0,0
2026-10-04T14:05:50Z,shippingservice,cartservice,0,0,0,0,0,0,0
2026-10-04T14:05:50Z,shippingservice,checkoutservice,0,0,0,0,0,0,0
2026-10-04T14:05:50Z,shippingservice,currencyservice,0,0,0,0,0,0,0
2026-10-04T14:05:50Z,shippingservice,emailservice,0,0,0,0,0,0,0
2026-10-04T14:05:50Z,shippingservice,frontend,0,0,0,0,0,0,0
2026-10-04T14:05:50Z,shippingservice,kubernetes,0,0,0,0,0,0,0
2026-10-04T14:05:50Z,shippingservice,paymentservice,0,0,0,0,0,0,0
2026-10-04T14:05:50Z,shippingservice,productcatalogservice,0,0,0,0,0,0,0
2026-10-04T14:05:50Z,shippingservice,recommendationservice,0,0,0,0,0,0,0
2026-10-04T14:05:50Z,shippingservice,redis-cart,0,0,0,0,0,0,0
2026-10-04T14:05:50Z,shippingservice,shippingservice,0,0,0,0,0,0,0
2026-10-04T14:05:51Z,adservice,adservice,0,0,0,0,0,0,0
2026-10-04T14:05:51Z,adservice,cartservice,0,0,0,0,0,0,0
2026-10-04T14:05:51Z,adservice,checkoutservice,0,0,0,0,0,0,0
2026-10-04T14:05:51Z,adservice,currencyservice,0,0,0,0,0,0,0
2026-10-04T14:05:51Z,adservice,emailservice,0,0,0,0,0,0,0
2026-10-04T14:05:51Z,adservice,frontend,0,0,0,0,0,0,0
2026-10-04T14:05:51Z,adservice,kubernetes,0,0,0,0,0,0,0
2026-10-04T14:05:51Z,adservice,paymentservice,0,0,0,0,0,0,0
2026-10-04T14:05:51Z,adservice,productcatalogservice,0,0,0,0,0,0,0
2026-10-04T14:05:51Z,adservice,recommendationservice,0,0,0,0,0,0,0
2026-10-04T14:05:51Z,adservice,redis-cart,0,0,0,0,0,0,0
2026-10-04T14:05:51Z,adservice,shippingservice,0,0,0,0,0,0,0
2026-10-04T14:05:51Z,cartservice,adservice,0,0,0,0,0,0,0
2026-10-04T14:05:51Z,cartservice,cartservice,0,0,0,0,0,0,0
2026-10-04T14:05:51Z,cartservice,checkoutservice,0,0,0,0,0,0,0
2026-10-04T14:05:51Z,cartservice,currencyservice,0,0,0,0,0,0,0
2026-10-04T14:05:51Z,cartservice,emailservice,0,0,0,0,0,0,0
2026-10-04T14:05:51Z,cartservice,frontend,0,0,0,0,0,0,0
2026-10-04T14:05:51Z,cartservice,kubernetes,0,0,0,0,0,0,0
2026-10-04T14:05:51Z,cartservice,paymentservice,0,0,0,0,0,0,0
2026-10-04T14:05:51Z,cartservice,productcatalogservice,0,0,0,0,0,0,0
2026-10-04T14:05:51Z,cartservice,recommendationservice,0,0,0,0,0,0,0
2026-10-04T14:05:51Z,cartservice,redis-cart,2,0,0,0,0,0,0
2026-10-04T14:05:51Z,cartservice,shippingservice,0,0,0,0,0,0,0
2026-10-04T14:05:51Z,checkoutservice,adservice,0,0,0,0,0,0,0
2026-10-04T14:05:51Z,checkoutservice,cartservice,28149,27508,0,73,0,392120,26656
2026-10-04T14:05:51Z,checkoutservice,checkoutservice,0,0,0,0,0,0,0
2026-10-04T14:05:51Z,checkoutservice,currencyservice,21318,21308,0,0,0,334808,20905
2026-10-04T14:05:51Z,checkoutservice,emailservice,2469,2287,0,42,0,112385,2287
2026-10-04T14:05:51Z,checkoutservice,frontend,0,0,0,0,0,0,0
2026-10-04T14:05:51Z,checkoutservice,kubernetes,0,0,0,0,0,0,0
2026-10-04T14:05:51Z,checkoutservice,paymentservice,17092,15931,0,120,0,262253,15761
2026-10-04T14:05:51Z,checkoutservice,productcatalogservice,0,0,0,0,0,0,0
2026-10-04T14:05:51Z,checkoutservice,recommendationservice,0,0,0,0,0,0,0
2026-10-04T14:05:51Z,checkoutservice,redis-cart,0,0,0,0,0,0,0
2026-10-04T14:05:51Z,checkoutservice,shippingservice,31525,30073,0,112,0,305597,29594
2026-10-04T14:05:51Z,currencyservice,adservice,0,0,0,0,0,0,0
2026-10-04T14:05:51Z,currencyservice,cartservice,0,0,0,0,0,0,0
2026-10-04T14:05:51Z,currencyservice,checkoutservice,0,0,0,0,0,0,0
2026-10-04T14:05:51Z,currencyservice,currencyservice,0,0,0,0,0,0,0
2026-10-04T14:05:51Z,currencyservice,emailservice,0,0,0,0,0,0,0
2026-10-04T14:05:51Z,currencyservice,frontend,0,0,0,0,0,0,0
2026-10-04T14:05:51Z,currencyservice,kubernetes,0,0,0,0,0,0,0
2026-10-04T14:05:51Z,currencyservice,paymentservice,0,0,0,0,0,0,0
2026-10-04T14:05:51Z,currencyservice,productcatalogservice,0,0,0,0,0,0,0
2026-10-04T14:05:51Z,currencyservice,recommendationservice,0,0,0,0,0,0,0
2026-10-04T14:05:51Z,currencyservice,redis-cart,0,0,0,0,0,0,0
2026-10-04T14:05:51Z,currencyservice,shippingservice,0,0,0,0,0,0,0
2026-10-04T14:05:51Z,emailservice,adservice,0,0,0,0,0,0,0
2026-10-04T14:05:51Z,emailservice,cartservice,0,0,0,0,0,0,0
2026-10-04T14:05:51Z,emailservice,checkoutservice,0,0,0,0,0,0,0
2026-10-04T14:05:51Z,emailservice,currencyservice,0,0,0,0,0,0,0
2026-10-04T14:05:51Z,emailservice,emailservice,0,0,0,0,0,0,0
2026-10-04T14:05:51Z,emailservice,frontend,0,0,0,0,0,0,0
2026-10-04T14:05:51Z,emailservice,kubernetes,0,0,0,0,0,0,0
2026-10-04T14:05:51Z,emailservice,paymentservice,0,0,0,0,0,0,0
2026-10-04T14:05:51Z,emailservice,productcatalogservice,0,0,0,0,0,0,0
2026-10-04T14:05:51Z,emailservice,recommendationservice,0,0,0,0,0,0,0
2026-10-04T14:05:51Z,emailservice,redis-cart,0,0,0,0,0,0,0
2026-10-04T14:05:51Z,emailservice,shippingservice,0,0,0,0,0,0,0
2026-10-04T14:05:51Z,frontend,adservice,809026,809024,0,0,0,2438403,808236
2026-10-04T14:05:51Z,frontend,cartservice,1791129,1791114,0,0,4,9976361,1789744
2026-10-04T14:05:51Z,frontend,checkoutservice,379172,178840,0,38007,162133,59571921,178746
2026-10-04T14:05:51Z,frontend,currencyservice,2848261,2848250,0,0,0,15132811,2846044
2026-10-04T14:05:51Z,frontend,emailservice,0,0,0,0,0,0,0
2026-10-04T14:05:51Z,frontend,frontend,0,0,0,0,0,0,0
2026-10-04T14:05:51Z,frontend,kubernetes,0,0,0,0,0,0,0
2026-10-04T14:05:51Z,frontend,paymentservice,0,0,0,0,0,0,0
2026-10-04T14:05:51Z,frontend,productcatalogservice,8009416,8009317,0,0,0,54750426,8001891
2026-10-04T14:05:51Z,frontend,recommendationservice,2581186,1581926,0,104145,892890,777399223,1580641
2026-10-04T14:05:51Z,frontend,redis-cart,0,0,0,0,0,0,0
2026-10-04T14:05:51Z,frontend,shippingservice,296721,296719,0,0,0,901281,296417
2026-10-04T14:05:51Z,paymentservice,adservice,0,0,0,0,0,0,0
2026-10-04T14:05:51Z,paymentservice,cartservice,0,0,0,0,0,0,0
2026-10-04T14:05:51Z,paymentservice,checkoutservice,0,0,0,0,0,0,0
2026-10-04T14:05:51Z,paymentservice,currencyservice,0,0,0,0,0,0,0
2026-10-04T14:05:51Z,paymentservice,emailservice,0,0,0,0,0,0,0
2026-10-04T14:05:51Z,paymentservice,frontend,0,0,0,0,0,0,0
2026-10-04T14:05:51Z,paymentservice,kubernetes,0,0,0,0,0,0,0
2026-10-04T14:05:51Z,paymentservice,paymentservice,0,0,0,0,0,0,0
2026-10-04T14:05:51Z,paymentservice,productcatalogservice,0,0,0,0,0,0,0
2026-10-04T14:05:51Z,paymentservice,recommendationservice,0,0,0,0,0,0,0
2026-10-04T14:05:51Z,paymentservice,redis-cart,0,0,0,0,0,0,0
2026-10-04T14:05:51Z,paymentservice,shippingservice,0,0,0,0,0,0,0
2026-10-04T14:05:51Z,productcatalogservice,adservice,0,0,0,0,0,0,0
2026-10-04T14:05:51Z,productcatalogservice,cartservice,0,0,0,0,0,0,0
2026-10-04T14:05:51Z,productcatalogservice,checkoutservice,0,0,0,0,0,0,0
2026-10-04T14:05:51Z,productcatalogservice,currencyservice,0,0,0,0,0,0,0
2026-10-04T14:05:51Z,productcatalogservice,emailservice,0,0,0,0,0,0,0
2026-10-04T14:05:51Z,productcatalogservice,frontend,0,0,0,0,0,0,0
2026-10-04T14:05:51Z,productcatalogservice,kubernetes,0,0,0,0,0,0,0
2026-10-04T14:05:51Z,productcatalogservice,paymentservice,0,0,0,0,0,0,0
2026-10-04T14:05:51Z,productcatalogservice,productcatalogservice,0,0,0,0,0,0,0
2026-10-04T14:05:51Z,productcatalogservice,recommendationservice,0,0,0,0,0,0,0
2026-10-04T14:05:51Z,productcatalogservice,redis-cart,0,0,0,0,0,0,0
2026-10-04T14:05:51Z,productcatalogservice,shippingservice,0,0,0,0,0,0,0
2026-10-04T14:05:51Z,recommendationservice,adservice,0,0,0,0,0,0,0
2026-10-04T14:05:51Z,recommendationservice,cartservice,0,0,0,0,0,0,0
2026-10-04T14:05:51Z,recommendationservice,checkoutservice,0,0,0,0,0,0,0
2026-10-04T14:05:51Z,recommendationservice,currencyservice,0,0,0,0,0,0,0
2026-10-04T14:05:51Z,recommendationservice,emailservice,0,0,0,0,0,0,0
2026-10-04T14:05:51Z,recommendationservice,frontend,0,0,0,0,0,0,0
2026-10-04T14:05:51Z,recommendationservice,kubernetes,0,0,0,0,0,0,0
2026-10-04T14:05:51Z,recommendationservice,paymentservice,0,0,0,0,0,0,0
2026-10-04T14:05:51Z,recommendationservice,productcatalogservice,57046,57041,0,0,0,466868,56474
2026-10-04T14:05:51Z,recommendationservice,recommendationservice,0,0,0,0,0,0,0
2026-10-04T14:05:51Z,recommendationservice,redis-cart,0,0,0,0,0,0,0
2026-10-04T14:05:51Z,recommendationservice,shippingservice,0,0,0,0,0,0,0
2026-10-04T14:05:51Z,redis-cart,adservice,0,0,0,0,0,0,0
2026-10-04T14:05:51Z,redis-cart,cartservice,0,0,0,0,0,0,0
2026-10-04T14:05:51Z,redis-cart,checkoutservice,0,0,0,0,0,0,0
2026-10-04T14:05:51Z,redis-cart,currencyservice,0,0,0,0,0,0,0
2026-10-04T14:05:51Z,redis-cart,emailservice,0,0,0,0,0,0,0
2026-10-04T14:05:51Z,redis-cart,frontend,0,0,0,0,0,0,0
2026-10-04T14:05:51Z,redis-cart,kubernetes,0,0,0,0,0,0,0
2026-10-04T14:05:51Z,redis-cart,paymentservice,0,0,0,0,0,0,0
2026-10-04T14:05:51Z,redis-cart,productcatalogservice,0,0,0,0,0,0,0
2026-10-04T14:05:51Z,redis-cart,recommendationservice,0,0,0,0,0,0,0
2026-10-04T14:05:51Z,redis-cart,redis-cart,0,0,0,0,0,0,0
2026-10-04T14:05:51Z,redis-cart,shippingservice,0,0,0,0,0,0,0
2026-10-04T14:05:51Z,shippingservice,adservice,0,0,0,0,0,0,0
2026-10-04T14:05:51Z,shippingservice,cartservice,0,0,0,0,0,0,0
2026-10-04T14:05:51Z,shippingservice,checkoutservice,0,0,0,0,0,0,0
2026-10-04T14:05:51Z,shippingservice,currencyservice,0,0,0,0,0,0,0
2026-10-04T14:05:51Z,shippingservice,emailservice,0,0,0,0,0,0,0
2026-10-04T14:05:51Z,shippingservice,frontend,0,0,0,0,0,0,0
2026-10-04T14:05:51Z,shippingservice,kubernetes,0,0,0,0,0,0,0
2026-10-04T14:05:51Z,shippingservice,paymentservice,0,0,0,0,0,0,0
2026-10-04T14:05:51Z,shippingservice,productcatalogservice,0,0,0,0,0,0,0
2026-10-04T14:05:51Z,shippingservice,recommendationservice,0,0,0,0,0,0,0
2026-10-04T14:05:51Z,shippingservice,redis-cart,0,0,0,0,0,0,0
2026-10-04T14:05:51Z,shippingservice,shippingservice,0,0,0,0,0,0,0
2026-10-04T14:05:52Z,adservice,adservice,0,0,0,0,0,0,0
2026-10-04T14:05:52Z,adservice,cartservice,0,0,0,0,0,0,0
2026-10-04T14:05:52Z,adservice,checkoutservice,0,0,0,0,0,0,0
2026-10-04T14:05:52Z,adservice,currencyservice,0,0,0,0,0,0,0
2026-10-04T14:05:52Z,adservice,emailservice,0,0,0,0,0,0,0
2026-10-04T14:05:52Z,adservice,frontend,0,0,0,0,0,0,0
2026-10-04T14:05:52Z,adservice,kubernetes,0,0,0,0,0,0,0
2026-10-04T14:05:52Z,adservice,paymentservice,0,0,0,0,0,0,0
2026-10-04T14:05:52Z,adservice,productcatalogservice,0,0,0,0,0,0,0
2026-10-04T14:05:52Z,adservice,recommendationservice,0,0,0,0,0,0,0
2026-10-04T14:05:52Z,adservice,redis-cart,0,0,0,0,0,0,0
2026-10-04T14:05:52Z,adservice,shippingservice,0,0,0,0,0,0,0
2026-10-04T14:05:52Z,cartservice,adservice,0,0,0,0,0,0,0
2026-10-04T14:05:52Z,cartservice,cartservice,0,0,0,0,0,0,0
2026-10-04T14:05:52Z,cartservice,checkoutservice,0,0,0,0,0,0,0
2026-10-04T14:05:52Z,cartservice,currencyservice,0,0,0,0,0,0,0
2026-10-04T14:05:52Z,cartservice,emailservice,0,0,0,0,0,0,0
2026-10-04T14:05:52Z,cartservice,frontend,0,0,0,0,0,0,0
2026-10-04T14:05:52Z,cartservice,kubernetes,0,0,0,0,0,0,0
2026-10-04T14:05:52Z,cartservice,paymentservice,0,0,0,0,0,0,0
2026-10-04T14:05:52Z,cartservice,productcatalogservice,0,0,0,0,0,0,0
2026-10-04T14:05:52Z,cartservice,recommendationservice,0,0,0,0,0,0,0
2026-10-04T14:05:52Z,cartservice,redis-cart,2,0,0,0,0,0,0
2026-10-04T14:05:52Z,cartservice,shippingservice,0,0,0,0,0,0,0
2026-10-04T14:05:52Z,checkoutservice,adservice,0,0,0,0,0,0,0
2026-10-04T14:05:52Z,checkoutservice,cartservice,28287,27647,0,73,0,406582,27560
2026-10-04T14:05:52Z,checkoutservice,checkoutservice,0,0,0,0,0,0,0
2026-10-04T14:05:52Z,checkoutservice,currencyservice,21384,21384,0,0,0,342259,21372
2026-10-04T14:05:52Z,checkoutservice,emailservice,2469,2287,0,42,0,112385,2287
2026-10-04T14:05:52Z,checkoutservice,frontend,0,0,0,0,0,0,0
2026-10-04T14:05:52Z,checkoutservice,kubernetes,0,0,0,0,0,0,0
2026-10-04T14:05:52Z,checkoutservice,paymentservice,17097,15935,0,120,0,264965,15871
2026-10-04T14:05:52Z,checkoutservice,productcatalogservice,0,0,0,0,0,0,0
2026-10-04T14:05:52Z,checkoutservice,recommendationservice,0,0,0,0,0,0,0
2026-10-04T14:05:52Z,checkoutservice,redis-cart,0,0,0,0,0,0,0
2026-10-04T14:05:52Z,checkoutservice,shippingservice,31590,30129,0,112,0,311498,30127
2026-10-04T14:05:52Z,currencyservice,adservice,0,0,0,0,0,0,0
2026-10-04T14:05:52Z,currencyservice,cartservice,0,0,0,0,0,0,0
2026-10-04T14:05:52Z,currencyservice,checkoutservice,0,0,0,0,0,0,0
2026-10-04T14:05:52Z,currencyservice,currencyservice,0,0,0,0,0,0,0
2026-10-04T14:05:52Z,currencyservice,emailservice,0,0,0,0,0,0,0
2026-10-04T14:05:52Z,currencyservice,frontend,0,0,0,0,0,0,0
2026-10-04T14:05:52Z,currencyservice,kubernetes,0,0,0,0,0,0,0
2026-10-04T14:05:52Z,currencyservice,paymentservice,0,0,0,0,0,0,0
2026-10-04T14:05:52Z,currencyservice,productcatalogservice,0,0,0,0,0,0,0
2026-10-04T14:05:52Z,currencyservice,recommendationservice,0,0,0,0,0,0,0
2026-10-04T14:05:52Z,currencyservice,redis-cart,0,0,0,0,0,0,0
2026-10-04T14:05:52Z,currencyservice,shippingservice,0,0,0,0,0,0,0
2026-10-04T14:05:52Z,emailservice,adservice,0,0,0,0,0,0,0
2026-10-04T14:05:52Z,emailservice,cartservice,0,0,0,0,0,0,0
2026-10-04T14:05:52Z,emailservice,checkoutservice,0,0,0,0,0,0,0
2026-10-04T14:05:52Z,emailservice,currencyservice,0,0,0,0,0,0,0
2026-10-04T14:05:52Z,emailservice,emailservice,0,0,0,0,0,0,0
2026-10-04T14:05:52Z,emailservice,frontend,0,0,0,0,0,0,0
2026-10-04T14:05:52Z,emailservice,kubernetes,0,0,0,0,0,0,0
2026-10-04T14:05:52Z,emailservice,paymentservice,0,0,0,0,0,0,0
2026-10-04T14:05:52Z,emailservice,productcatalogservice,0,0,0,0,0,0,0
2026-10-04T14:05:52Z,emailservice,recommendationservice,0,0,0,0,0,0,0
2026-10-04T14:05:52Z,emailservice,redis-cart,0,0,0,0,0,0,0
2026-10-04T14:05:52Z,emailservice,shippingservice,0,0,0,0,0,0,0
2026-10-04T14:05:52Z,frontend,adservice,809317,809313,0,0,0,2438403,808236
2026-10-04T14:05:52Z,frontend,cartservice,1791599,1791585,0,0,4,9976361,1789744
2026-10-04T14:05:52Z,frontend,checkoutservice,379367,178875,0,38036,162261,59571921,178746
2026-10-04T14:05:52Z,frontend,currencyservice,2849012,2849002,0,0,0,15132811,2846044
2026-10-04T14:05:52Z,frontend,emailservice,0,0,0,0,0,0,0
2026-10-04T14:05:52Z,frontend,frontend,0,0,0,0,0,0,0
2026-10-04T14:05:52Z,frontend,kubernetes,0,0,0,0,0,0,0
2026-10-04T14:05:52Z,frontend,paymentservice,0,0,0,0,0,0,0
2026-10-04T14:05:52Z,frontend,productcatalogservice,8012090,8012012,0,0,0,54750426,8001891
2026-10-04T14:05:52Z,frontend,recommendationservice,2581619,1582385,0,104145,892890,777399223,1580641
2026-10-04T14:05:52Z,frontend,redis-cart,0,0,0,0,0,0,0
2026-10-04T14:05:52Z,frontend,shippingservice,296828,296826,0,0,0,901281,296417
2026-10-04T14:05:52Z,paymentservice,adservice,0,0,0,0,0,0,0
2026-10-04T14:05:52Z,paymentservice,cartservice,0,0,0,0,0,0,0
2026-10-04T14:05:52Z,paymentservice,checkoutservice,0,0,0,0,0,0,0
2026-10-04T14:05:52Z,paymentservice,currencyservice,0,0,0,0,0,0,0
2026-10-04T14:05:52Z,paymentservice,emailservice,0,0,0,0,0,0,0
2026-10-04T14:05:52Z,paymentservice,frontend,0,0,0,0,0,0,0
2026-10-04T14:05:52Z,paymentservice,kubernetes,0,0,0,0,0,0,0
2026-10-04T14:05:52Z,paymentservice,paymentservice,0,0,0,0,0,0,0
2026-10-04T14:05:52Z,paymentservice,productcatalogservice,0,0,0,0,0,0,0
2026-10-04T14:05:52Z,paymentservice,recommendationservice,0,0,0,0,0,0,0
2026-10-04T14:05:52Z,paymentservice,redis-cart,0,0,0,0,0,0,0
2026-10-04T14:05:52Z,paymentservice,shippingservice,0,0,0,0,0,0,0
2026-10-04T14:05:52Z,productcatalogservice,adservice,0,0,0,0,0,0,0
2026-10-04T14:05:52Z,productcatalogservice,cartservice,0,0,0,0,0,0,0
2026-10-04T14:05:52Z,productcatalogservice,checkoutservice,0,0,0,0,0,0,0
2026-10-04T14:05:52Z,productcatalogservice,currencyservice,0,0,0,0,0,0,0
2026-10-04T14:05:52Z,productcatalogservice,emailservice,0,0,0,0,0,0,0
2026-10-04T14:05:52Z,productcatalogservice,frontend,0,0,0,0,0,0,0
2026-10-04T14:05:52Z,productcatalogservice,kubernetes,0,0,0,0,0,0,0
2026-10-04T14:05:52Z,productcatalogservice,paymentservice,0,0,0,0,0,0,0
2026-10-04T14:05:52Z,productcatalogservice,productcatalogservice,0,0,0,0,0,0,0
2026-10-04T14:05:52Z,productcatalogservice,recommendationservice,0,0,0,0,0,0,0
2026-10-04T14:05:52Z,productcatalogservice,redis-cart,0,0,0,0,0,0,0
2026-10-04T14:05:52Z,productcatalogservice,shippingservice,0,0,0,0,0,0,0
2026-10-04T14:05:52Z,recommendationservice,adservice,0,0,0,0,0,0,0
2026-10-04T14:05:52Z,recommendationservice,cartservice,0,0,0,0,0,0,0
2026-10-04T14:05:52Z,recommendationservice,checkoutservice,0,0,0,0,0,0,0
2026-10-04T14:05:52Z,recommendationservice,currencyservice,0,0,0,0,0,0,0
2026-10-04T14:05:52Z,recommendationservice,emailservice,0,0,0,0,0,0,0
2026-10-04T14:05:52Z,recommendationservice,frontend,0,0,0,0,0,0,0
2026-10-04T14:05:52Z,recommendationservice,kubernetes,0,0,0,0,0,0,0
2026-10-04T14:05:52Z,recommendationservice,paymentservice,0,0,0,0,0,0,0
2026-10-04T14:05:52Z,recommendationservice,productcatalogservice,57516,57510,0,0,0,466868,56474
2026-10-04T14:05:52Z,recommendationservice,recommendationservice,0,0,0,0,0,0,0
2026-10-04T14:05:52Z,recommendationservice,redis-cart,0,0,0,0,0,0,0
2026-10-04T14:05:52Z,recommendationservice,shippingservice,0,0,0,0,0,0,0
2026-10-04T14:05:52Z,redis-cart,adservice,0,0,0,0,0,0,0
2026-10-04T14:05:52Z,redis-cart,cartservice,0,0,0,0,0,0,0
2026-10-04T14:05:52Z,redis-cart,checkoutservice,0,0,0,0,0,0,0
2026-10-04T14:05:52Z,redis-cart,currencyservice,0,0,0,0,0,0,0
2026-10-04T14:05:52Z,redis-cart,emailservice,0,0,0,0,0,0,0
2026-10-04T14:05:52Z,redis-cart,frontend,0,0,0,0,0,0,0
2026-10-04T14:05:52Z,redis-cart,kubernetes,0,0,0,0,0,0,0
2026-10-04T14:05:52Z,redis-cart,paymentservice,0,0,0,0,0,0,0
2026-10-04T14:05:52Z,redis-cart,productcatalogservice,0,0,0,0,0,0,0
2026-10-04T14:05:52Z,redis-cart,recommendationservice,0,0,0,0,0,0,0
2026-10-04T14:05:52Z,redis-cart,redis-cart,0,0,0,0,0,0,0
2026-10-04T14:05:52Z,redis-cart,shippingservice,0,0,0,0,0,0,0
2026-10-04T14:05:52Z,shippingservice,adservice,0,0,0,0,0,0,0
2026-10-04T14:05:52Z,shippingservice,cartservice,0,0,0,0,0,0,0
2026-10-04T14:05:52Z,shippingservice,checkoutservice,0,0,0,0,0,0,0
2026-10-04T14:05:52Z,shippingservice,currencyservice,0,0,0,0,0,0,0
2026-10-04T14:05:52Z,shippingservice,emailservice,0,0,0,0,0,0,0
2026-10-04T14:05:52Z,shippingservice,frontend,0,0,0,0,0,0,0
2026-10-04T14:05:52Z,shippingservice,kubernetes,0,0,0,0,0,0,0
2026-10-04T14:05:52Z,shippingservice,paymentservice,0,0,0,0,0,0,0
2026-10-04T14:05:52Z,shippingservice,productcatalogservice,0,0,0,0,0,0,0
2026-10-04T14:05:52Z,shippingservice,recommendationservice,0,0,0,0,0,0,0
2026-10-04T14:05:52Z,shippingservice,redis-cart,0,0,0,0,0,0,0
2026-10-04T14:05:52Z,shippingservice,shippingservice,0,0,0,0,0,0,0
2026-10-04T14:05:53Z,adservice,adservice,0,0,0,0,0,0,0
2026-10-04T14:05:53Z,adservice,cartservice,0,0,0,0,0,0,0
2026-10-04T14:05:53Z,adservice,checkoutservice,0,0,0,0,0,0,0
2026-10-04T14:05:53Z,adservice,currencyservice,0,0,0,0,0,0,0
2026-10-04T14:05:53Z,adservice,emailservice,0,0,0,0,0,0,0
2026-10-04T14:05:53Z,adservice,frontend,0,0,0,0,0,0,0
2026-10-04T14:05:53Z,adservice,kubernetes,0,0,0,0,0,0,0
2026-10-04T14:05:53Z,adservice,paymentservice,0,0,0,0,0,0,0
2026-10-04T14:05:53Z,adservice,productcatalogservice,0,0,0,0,0,0,0
2026-10-04T14:05:53Z,adservice,recommendationservice,0,0,0,0,0,0,0
2026-10-04T14:05:53Z,adservice,redis-cart,0,0,0,0,0,0,0
2026-10-04T14:05:53Z,adservice,shippingservice,0,0,0,0,0,0,0
2026-10-04T14:05:53Z,cartservice,adservice,0,0,0,0,0,0,0
2026-10-04T14:05:53Z,cartservice,cartservice,0,0,0,0,0,0,0
2026-10-04T14:05:53Z,cartservice,checkoutservice,0,0,0,0,0,0,0
2026-10-04T14:05:53Z,cartservice,currencyservice,0,0,0,0,0,0,0
2026-10-04T14:05:53Z,cartservice,emailservice,0,0,0,0,0,0,0
2026-10-04T14:05:53Z,cartservice,frontend,0,0,0,0,0,0,0
2026-10-04T14:05:53Z,cartservice,kubernetes,0,0,0,0,0,0,0
2026-10-04T14:05:53Z,cartservice,paymentservice,0,0,0,0,0,0,0
2026-10-04T14:05:53Z,cartservice,productcatalogservice,0,0,0,0,0,0,0
2026-10-04T14:05:53Z,cartservice,recommendationservice,0,0,0,0,0,0,0
2026-10-04T14:05:53Z,cartservice,redis-cart,2,0,0,0,0,0,0
2026-10-04T14:05:53Z,cartservice,shippingservice,0,0,0,0,0,0,0
2026-10-04T14:05:53Z,checkoutservice,adservice,0,0,0,0,0,0,0
2026-10-04T14:05:53Z,checkoutservice,cartservice,28552,27877,0,74,0,406582,27560
2026-10-04T14:05:53Z,checkoutservice,checkoutservice,0,0,0,0,0,0,0
2026-10-04T14:05:53Z,checkoutservice,currencyservice,21527,21520,0,0,0,342259,21372
2026-10-04T14:05:53Z,checkoutservice,emailservice,2469,2287,0,42,0,112385,2287
2026-10-04T14:05:53Z,checkoutservice,frontend,0,0,0,0,0,0,0
2026-10-04T14:05:53Z,checkoutservice,kubernetes,0,0,0,0,0,0,0
2026-10-04T14:05:53Z,checkoutservice,paymentservice,17147,15953,0,121,0,264965,15871
2026-10-04T14:05:53Z,checkoutservice,productcatalogservice,0,0,0,0,0,0,0
2026-10-04T14:05:53Z,checkoutservice,recommendationservice,0,0,0,0,0,0,0
2026-10-04T14:05:53Z,checkoutservice,redis-cart,0,0,0,0,0,0,0
2026-10-04T14:05:53Z,checkoutservice,shippingservice,31776,30294,0,112,0,311498,30127
2026-10-04T14:05:53Z,currencyservice,adservice,0,0,0,0,0,0,0
2026-10-04T14:05:53Z,currencyservice,cartservice,0,0,0,0,0,0,0
2026-10-04T14:05:53Z,currencyservice,checkoutservice,0,0,0,0,0,0,0
2026-10-04T14:05:53Z,currencyservice,currencyservice,0,0,0,0,0,0,0
2026-10-04T14:05:53Z,currencyservice,emailservice,0,0,0,0,0,0,0
2026-10-04T14:05:53Z,currencyservice,frontend,0,0,0,0,0,0,0
2026-10-04T14:05:53Z,currencyservice,kubernetes,0,0,0,0,0,0,0
2026-10-04T14:05:53Z,currencyservice,paymentservice,0,0,0,0,0,0,0
2026-10-04T14:05:53Z,currencyservice,productcatalogservice,0,0,0,0,0,0,0
2026-10-04T14:05:53Z,currencyservice,recommendationservice,0,0,0,0,0,0,0
2026-10-04T14:05:53Z,currencyservice,redis-cart,0,0,0,0,0,0,0
2026-10-04T14:05:53Z,currencyservice,shippingservice,0,0,0,0,0,0,0
2026-10-04T14:05:53Z,emailservice,adservice,0,0,0,0,0,0,0
2026-10-04T14:05:53Z,emailservice,cartservice,0,0,0,0,0,0,0
2026-10-04T14:05:53Z,emailservice,checkoutservice,0,0,0,0,0,0,0
2026-10-04T14:05:53Z,emailservice,currencyservice,0,0,0,0,0,0,0
2026-10-04T14:05:53Z,emailservice,emailservice,0,0,0,0,0,0,0
2026-10-04T14:05:53Z,emailservice,frontend,0,0,0,0,0,0,0
2026-10-04T14:05:53Z,emailservice,kubernetes,0,0,0,0,0,0,0
2026-10-04T14:05:53Z,emailservice,paymentservice,0,0,0,0,0,0,0
2026-10-04T14:05:53Z,emailservice,productcatalogservice,0,0,0,0,0,0,0
2026-10-04T14:05:53Z,emailservice,recommendationservice,0,0,0,0,0,0,0
2026-10-04T14:05:53Z,emailservice,redis-cart,0,0,0,0,0,0,0
2026-10-04T14:05:53Z,emailservice,shippingservice,0,0,0,0,0,0,0
2026-10-04T14:05:53Z,frontend,adservice,809576,809573,0,0,0,2439160,808520
2026-10-04T14:05:53Z,frontend,cartservice,1792067,1792052,0,0,4,9979414,1790257
2026-10-04T14:05:53Z,frontend,checkoutservice,379575,178905,0,38070,162404,59604926,178776
2026-10-04T14:05:53Z,frontend,currencyservice,2849757,2849744,0,0,0,15137939,2846850
2026-10-04T14:05:53Z,frontend,emailservice,0,0,0,0,0,0,0
2026-10-04T14:05:53Z,frontend,frontend,0,0,0,0,0,0,0
2026-10-04T14:05:53Z,frontend,kubernetes,0,0,0,0,0,0,0
2026-10-04T14:05:53Z,frontend,paymentservice,0,0,0,0,0,0,0
2026-10-04T14:05:53Z,frontend,productcatalogservice,8014549,8014469,0,0,0,54773531,8004573
2026-10-04T14:05:53Z,frontend,recommendationservice,2582059,1582801,0,104145,892890,777441179,1581098
2026-10-04T14:05:53Z,frontend,redis-cart,0,0,0,0,0,0,0
2026-10-04T14:05:53Z,frontend,shippingservice,296930,296927,0,0,0,901627,296532
2026-10-04T14:05:53Z,paymentservice,adservice,0,0,0,0,0,0,0
2026-10-04T14:05:53Z,paymentservice,cartservice,0,0,0,0,0,0,0
2026-10-04T14:05:53Z,paymentservice,checkoutservice,0,0,0,0,0,0,0
2026-10-04T14:05:53Z,paymentservice,currencyservice,0,0,0,0,0,0,0
2026-10-04T14:05:53Z,paymentservice,emailservice,0,0,0,0,0,0,0
2026-10-04T14:05:53Z,paymentservice,frontend,0,0,0,0,0,0,0
2026-10-04T14:05:53Z,paymentservice,kubernetes,0,0,0,0,0,0,0
2026-10-04T14:05:53Z,paymentservice,paymentservice,0,0,0,0,0,0,0
2026-10-04T14:05:53Z,paymentservice,productcatalogservice,0,0,0,0,0,0,0
2026-10-04T14:05:53Z,paymentservice,recommendationservice,0,0,0,0,0,0,0
2026-10-04T14:05:53Z,paymentservice,redis-cart,0,0,0,0,0,0,0
2026-10-04T14:05:53Z,paymentservice,shippingservice,0,0,0,0,0,0,0
2026-10-04T14:05:53Z,productcatalogservice,adservice,0,0,0,0,0,0,0
2026-10-04T14:05:53Z,productcatalogservice,cartservice,0,0,0,0,0,0,0
2026-10-04T14:05:53Z,productcatalogservice,checkoutservice,0,0,0,0,0,0,0
2026-10-04T14:05:53Z,productcatalogservice,currencyservice,0,0,0,0,0,0,0
2026-10-04T14:05:53Z,productcatalogservice,emailservice,0,0,0,0,0,0,0
2026-10-04T14:05:53Z,productcatalogservice,frontend,0,0,0,0,0,0,0
2026-10-04T14:05:53Z,productcatalogservice,kubernetes,0,0,0,0,0,0,0
2026-10-04T14:05:53Z,productcatalogservice,paymentservice,0,0,0,0,0,0,0
2026-10-04T14:05:53Z,productcatalogservice,productcatalogservice,0,0,0,0,0,0,0
2026-10-04T14:05:53Z,productcatalogservice,recommendationservice,0,0,0,0,0,0,0
2026-10-04T14:05:53Z,productcatalogservice,redis-cart,0,0,0,0,0,0,0
2026-10-04T14:05:53Z,productcatalogservice,shippingservice,0,0,0,0,0,0,0
2026-10-04T14:05:53Z,recommendationservice,adservice,0,0,0,0,0,0,0
2026-10-04T14:05:53Z,recommendationservice,cartservice,0,0,0,0,0,0,0
2026-10-04T14:05:53Z,recommendationservice,checkoutservice,0,0,0,0,0,0,0
2026-10-04T14:05:53Z,recommendationservice,currencyservice,0,0,0,0,0,0,0
2026-10-04T14:05:53Z,recommendationservice,emailservice,0,0,0,0,0,0,0
2026-10-04T14:05:53Z,recommendationservice,frontend,0,0,0,0,0,0,0
2026-10-04T14:05:53Z,recommendationservice,kubernetes,0,0,0,0,0,0,0
2026-10-04T14:05:53Z,recommendationservice,paymentservice,0,0,0,0,0,0,0
2026-10-04T14:05:53Z,recommendationservice,productcatalogservice,57951,57943,0,0,0,466868,56474
2026-10-04T14:05:53Z,recommendationservice,recommendationservice,0,0,0,0,0,0,0
2026-10-04T14:05:53Z,recommendationservice,redis-cart,0,0,0,0,0,0,0
2026-10-04T14:05:53Z,recommendationservice,shippingservice,0,0,0,0,0,0,0
2026-10-04T14:05:53Z,redis-cart,adservice,0,0,0,0,0,0,0
2026-10-04T14:05:53Z,redis-cart,cartservice,0,0,0,0,0,0,0
2026-10-04T14:05:53Z,redis-cart,checkoutservice,0,0,0,0,0,0,0
2026-10-04T14:05:53Z,redis-cart,currencyservice,0,0,0,0,0,0,0
2026-10-04T14:05:53Z,redis-cart,emailservice,0,0,0,0,0,0,0
2026-10-04T14:05:53Z,redis-cart,frontend,0,0,0,0,0,0,0
2026-10-04T14:05:53Z,redis-cart,kubernetes,0,0,0,0,0,0,0
2026-10-04T14:05:53Z,redis-cart,paymentservice,0,0,0,0,0,0,0
2026-10-04T14:05:53Z,redis-cart,productcatalogservice,0,0,0,0,0,0,0
2026-10-04T14:05:53Z,redis-cart,recommendationservice,0,0,0,0,0,0,0
2026-10-04T14:05:53Z,redis-cart,redis-cart,0,0,0,0,0,0,0
2026-10-04T14:05:53Z,redis-cart,shippingservice,0,0,0,0,0,0,0
2026-10-04T14:05:53Z,shippingservice,adservice,0,0,0,0,0,0,0
2026-10-04T14:05:53Z,shippingservice,cartservice,0,0,0,0,0,0,0
2026-10-04T14:05:53Z,shippingservice,checkoutservice,0,0,0,0,0,0,0
2026-10-04T14:05:53Z,shippingservice,currencyservice,0,0,0,0,0,0,0
2026-10-04T14:05:53Z,shippingservice,emailservice,0,0,0,0,0,0,0
2026-10-04T14:05:53Z,shippingservice,frontend,0,0,0,0,0,0,0
2026-10-04T14:05:53Z,shippingservice,kubernetes,0,0,0,0,0,0,0
2026-10-04T14:05:53Z,shippingservice,paymentservice,0,0,0,0,0,0,0
2026-10-04T14:05:53Z,shippingservice,productcatalogservice,0,0,0,0,0,0,0
2026-10-04T14:05:53Z,shippingservice,recommendationservice,0,0,0,0,0,0,0
2026-10-04T14:05:53Z,shippingservice,redis-cart,0,0,0,0,0,0,0
2026-10-04T14:05:53Z,shippingservice,shippingservice,0,0,0,0,0,0,0
2026-10-04T14:05:54Z,adservice,adservice,0,0,0,0,0,0,0
2026-10-04T14:05:54Z,adservice,cartservice,0,0,0,0,0,0,0
2026-10-04T14:05:54Z,adservice,checkoutservice,0,0,0,0,0,0,0
2026-10-04T14:05:54Z,adservice,currencyservice,0,0,0,0,0,0,0
2026-10-04T14:05:54Z,adservice,emailservice,0,0,0,0,0,0,0
2026-10-04T14:05:54Z,adservice,frontend,0,0,0,0,0,0,0
2026-10-04T14:05:54Z,adservice,kubernetes,0,0,0,0,0,0,0
2026-10-04T14:05:54Z,adservice,paymentservice,0,0,0,0,0,0,0
2026-10-04T14:05:54Z,adservice,productcatalogservice,0,0,0,0,0,0,0
2026-10-04T14:05:54Z,adservice,recommendationservice,0,0,0,0,0,0,0
2026-10-04T14:05:54Z,adservice,redis-cart,0,0,0,0,0,0,0
2026-10-04T14:05:54Z,adservice,shippingservice,0,0,0,0,0,0,0
2026-10-04T14:05:54Z,cartservice,adservice,0,0,0,0,0,0,0
2026-10-04T14:05:54Z,cartservice,cartservice,0,0,0,0,0,0,0
2026-10-04T14:05:54Z,cartservice,checkoutservice,0,0,0,0,0,0,0
2026-10-04T14:05:54Z,cartservice,currencyservice,0,0,0,0,0,0,0
2026-10-04T14:05:54Z,cartservice,emailservice,0,0,0,0,0,0,0
2026-10-04T14:05:54Z,cartservice,frontend,0,0,0,0,0,0,0
2026-10-04T14:05:54Z,cartservice,kubernetes,0,0,0,0,0,0,0
2026-10-04T14:05:54Z,cartservice,paymentservice,0,0,0,0,0,0,0
2026-10-04T14:05:54Z,cartservice,productcatalogservice,0,0,0,0,0,0,0
2026-10-04T14:05:54Z,cartservice,recommendationservice,0,0,0,0,0,0,0
2026-10-04T14:05:54Z,cartservice,redis-cart,2,0,0,0,0,0,0
2026-10-04T14:05:54Z,cartservice,shippingservice,0,0,0,0,0,0,0
2026-10-04T14:05:54Z,checkoutservice,adservice,0,0,0,0,0,0,0
2026-10-04T14:05:54Z,checkoutservice,cartservice,28711,28000,0,74,0,406582,27560
2026-10-04T14:05:54Z,checkoutservice,checkoutservice,0,0,0,0,0,0,0
2026-10-04T14:05:54Z,checkoutservice,currencyservice,21628,21628,0,0,0,342259,21372
2026-10-04T14:05:54Z,checkoutservice,emailservice,2469,2287,0,42,0,112385,2287
2026-10-04T14:05:54Z,checkoutservice,frontend,0,0,0,0,0,0,0
2026-10-04T14:05:54Z,checkoutservice,kubernetes,0,0,0,0,0,0,0
2026-10-04T14:05:54Z,checkoutservice,paymentservice,17172,15994,0,121,0,264965,15871
2026-10-04T14:05:54Z,checkoutservice,productcatalogservice,0,0,0,0,0,0,0
2026-10-04T14:05:54Z,checkoutservice,recommendationservice,0,0,0,0,0,0,0
2026-10-04T14:05:54Z,checkoutservice,redis-cart,0,0,0,0,0,0,0
2026-10-04T14:05:54Z,checkoutservice,shippingservice,31866,30396,0,112,0,311498,30127
2026-10-04T14:05:54Z,currencyservice,adservice,0,0,0,0,0,0,0
2026-10-04T14:05:54Z,currencyservice,cartservice,0,0,0,0,0,0,0
2026-10-04T14:05:54Z,currencyservice,checkoutservice,0,0,0,0,0,0,0
2026-10-04T14:05:54Z,currencyservice,currencyservice,0,0,0,0,0,0,0
2026-10-04T14:05:54Z,currencyservice,emailservice,0,0,0,0,0,0,0
2026-10-04T14:05:54Z,currencyservice,frontend,0,0,0,0,0,0,0
2026-10-04T14:05:54Z,currencyservice,kubernetes,0,0,0,0,0,0,0
2026-10-04T14:05:54Z,currencyservice,paymentservice,0,0,0,0,0,0,0
2026-10-04T14:05:54Z,currencyservice,productcatalogservice,0,0,0,0,0,0,0
2026-10-04T14:05:54Z,currencyservice,recommendationservice,0,0,0,0,0,0,0
2026-10-04T14:05:54Z,currencyservice,redis-cart,0,0,0,0,0,0,0
2026-10-04T14:05:54Z,currencyservice,shippingservice,0,0,0,0,0,0,0
2026-10-04T14:05:54Z,emailservice,adservice,0,0,0,0,0,0,0
2026-10-04T14:05:54Z,emailservice,cartservice,0,0,0,0,0,0,0
2026-10-04T14:05:54Z,emailservice,checkoutservice,0,0,0,0,0,0,0
2026-10-04T14:05:54Z,emailservice,currencyservice,0,0,0,0,0,0,0
2026-10-04T14:05:54Z,emailservice,emailservice,0,0,0,0,0,0,0
2026-10-04T14:05:54Z,emailservice,frontend,0,0,0,0,0,0,0
2026-10-04T14:05:54Z,emailservice,kubernetes,0,0,0,0,0,0,0
2026-10-04T14:05:54Z,emailservice,paymentservice,0,0,0,0,0,0,0
2026-10-04T14:05:54Z,emailservice,productcatalogservice,0,0,0,0,0,0,0
2026-10-04T14:05:54Z,emailservice,recommendationservice,0,0,0,0,0,0,0
2026-10-04T14:05:54Z,emailservice,redis-cart,0,0,0,0,0,0,0
2026-10-04T14:05:54Z,emailservice,shippingservice,0,0,0,0,0,0,0
2026-10-04T14:05:54Z,frontend,adservice,809852,809850,0,0,0,2442565,809632
2026-10-04T14:05:54Z,frontend,cartservice,1792553,1792541,0,0,4,9990218,1792116
2026-10-04T14:05:54Z,frontend,checkoutservice,379770,178941,0,38105,162532,59766911,178911
2026-10-04T14:05:54Z,frontend,currencyservice,2850525,2850518,0,0,0,15153755,2849831
2026-10-04T14:05:54Z,frontend,emailservice,0,0,0,0,0,0,0
2026-10-04T14:05:54Z,frontend,frontend,0,0,0,0,0,0,0
2026-10-04T14:05:54Z,frontend,kubernetes,0,0,0,0,0,0,0
2026-10-04T14:05:54Z,frontend,paymentservice,0,0,0,0,0,0,0
2026-10-04T14:05:54Z,frontend,productcatalogservice,8017135,8017050,0,0,0,54846225,8014852
2026-10-04T14:05:54Z,frontend,recommendationservice,2582525,1583241,0,104145,892890,777588931,1582866
2026-10-04T14:05:54Z,frontend,redis-cart,0,0,0,0,0,0,0
2026-10-04T14:05:54Z,frontend,shippingservice,297024,297022,0,0,0,903012,296922
2026-10-04T14:05:54Z,paymentservice,adservice,0,0,0,0,0,0,0
2026-10-04T14:05:54Z,paymentservice,cartservice,0,0,0,0,0,0,0
2026-10-04T14:05:54Z,paymentservice,checkoutservice,0,0,0,0,0,0,0
2026-10-04T14:05:54Z,paymentservice,currencyservice,0,0,0,0,0,0,0
2026-10-04T14:05:54Z,paymentservice,emailservice,0,0,0,0,0,0,0
2026-10-04T14:05:54Z,paymentservice,frontend,0,0,0,0,0,0,0
2026-10-04T14:05:54Z,paymentservice,kubernetes,0,0,0,0,0,0,0
2026-10-04T14:05:54Z,paymentservice,paymentservice,0,0,0,0,0,0,0
2026-10-04T14:05:54Z,paymentservice,productcatalogservice,0,0,0,0,0,0,0
2026-10-04T14:05:54Z,paymentservice,recommendationservice,0,0,0,0,0,0,0
2026-10-04T14:05:54Z,paymentservice,redis-cart,0,0,0,0,0,0,0
2026-10-04T14:05:54Z,paymentservice,shippingservice,0,0,0,0,0,0,0
2026-10-04T14:05:54Z,productcatalogservice,adservice,0,0,0,0,0,0,0
2026-10-04T14:05:54Z,productcatalogservice,cartservice,0,0,0,0,0,0,0
2026-10-04T14:05:54Z,productcatalogservice,checkoutservice,0,0,0,0,0,0,0
2026-10-04T14:05:54Z,productcatalogservice,currencyservice,0,0,0,0,0,0,0
2026-10-04T14:05:54Z,productcatalogservice,emailservice,0,0,0,0,0,0,0
2026-10-04T14:05:54Z,productcatalogservice,frontend,0,0,0,0,0,0,0
2026-10-04T14:05:54Z,productcatalogservice,kubernetes,0,0,0,0,0,0,0
2026-10-04T14:05:54Z,productcatalogservice,paymentservice,0,0,0,0,0,0,0
2026-10-04T14:05:54Z,productcatalogservice,productcatalogservice,0,0,0,0,0,0,0
2026-10-04T14:05:54Z,productcatalogservice,recommendationservice,0,0,0,0,0,0,0
2026-10-04T14:05:54Z,productcatalogservice,redis-cart,0,0,0,0,0,0,0
2026-10-04T14:05:54Z,productcatalogservice,shippingservice,0,0,0,0,0,0,0
2026-10-04T14:05:54Z,recommendationservice,adservice,0,0,0,0,0,0,0
2026-10-04T14:05:54Z,recommendationservice,cartservice,0,0,0,0,0,0,0
2026-10-04T14:05:54Z,recommendationservice,checkoutservice,0,0,0,0,0,0,0
2026-10-04T14:05:54Z,recommendationservice,currencyservice,0,0,0,0,0,0,0
2026-10-04T14:05:54Z,recommendationservice,emailservice,0,0,0,0,0,0,0
2026-10-04T14:05:54Z,recommendationservice,frontend,0,0,0,0,0,0,0
2026-10-04T14:05:54Z,recommendationservice,kubernetes,0,0,0,0,0,0,0
2026-10-04T14:05:54Z,recommendationservice,paymentservice,0,0,0,0,0,0,0
2026-10-04T14:05:54Z,recommendationservice,productcatalogservice,58370,58362,0,0,0,466868,56474
2026-10-04T14:05:54Z,recommendationservice,recommendationservice,0,0,0,0,0,0,0
2026-10-04T14:05:54Z,recommendationservice,redis-cart,0,0,0,0,0,0,0
2026-10-04T14:05:54Z,recommendationservice,shippingservice,0,0,0,0,0,0,0
2026-10-04T14:05:54Z,redis-cart,adservice,0,0,0,0,0,0,0
2026-10-04T14:05:54Z,redis-cart,cartservice,0,0,0,0,0,0,0
2026-10-04T14:05:54Z,redis-cart,checkoutservice,0,0,0,0,0,0,0
2026-10-04T14:05:54Z,redis-cart,currencyservice,0,0,0,0,0,0,0
2026-10-04T14:05:54Z,redis-cart,emailservice,0,0,0,0,0,0,0
2026-10-04T14:05:54Z,redis-cart,frontend,0,0,0,0,0,0,0
2026-10-04T14:05:54Z,redis-cart,kubernetes,0,0,0,0,0,0,0
2026-10-04T14:05:54Z,redis-cart,paymentservice,0,0,0,0,0,0,0
2026-10-04T14:05:54Z,redis-cart,productcatalogservice,0,0,0,0,0,0,0
2026-10-04T14:05:54Z,redis-cart,recommendationservice,0,0,0,0,0,0,0
2026-10-04T14:05:54Z,redis-cart,redis-cart,0,0,0,0,0,0,0
2026-10-04T14:05:54Z,redis-cart,shippingservice,0,0,0,0,0,0,0
2026-10-04T14:05:54Z,shippingservice,adservice,0,0,0,0,0,0,0
2026-10-04T14:05:54Z,shippingservice,cartservice,0,0,0,0,0,0,0
2026-10-04T14:05:54Z,shippingservice,checkoutservice,0,0,0,0,0,0,0
2026-10-04T14:05:54Z,shippingservice,currencyservice,0,0,0,0,0,0,0
2026-10-04T14:05:54Z,shippingservice,emailservice,0,0,0,0,0,0,0
2026-10-04T14:05:54Z,shippingservice,frontend,0,0,0,0,0,0,0
2026-10-04T14:05:54Z,shippingservice,kubernetes,0,0,0,0,0,0,0
2026-10-04T14:05:54Z,shippingservice,paymentservice,0,0,0,0,0,0,0
2026-10-04T14:05:54Z,shippingservice,productcatalogservice,0,0,0,0,0,0,0
2026-10-04T14:05:54Z,shippingservice,recommendationservice,0,0,0,0,0,0,0
2026-10-04T14:05:54Z,shippingservice,redis-cart,0,0,0,0,0,0,0
2026-10-04T14:05:54Z,shippingservice,shippingservice,0,0,0,0,0,0,0
2026-10-04T14:05:55Z,adservice,adservice,0,0,0,0,0,0,0
2026-10-04T14:05:55Z,adservice,cartservice,0,0,0,0,0,0,0
2026-10-04T14:05:55Z,adservice,checkoutservice,0,0,0,0,0,0,0
2026-10-04T14:05:55Z,adservice,currencyservice,0,0,0,0,0,0,0
2026-10-04T14:05:55Z,adservice,emailservice,0,0,0,0,0,0,0
2026-10-04T14:05:55Z,adservice,frontend,0,0,0,0,0,0,0
2026-10-04T14:05:55Z,adservice,kubernetes,0,0,0,0,0,0,0
2026-10-04T14:05:55Z,adservice,paymentservice,0,0,0,0,0,0,0
2026-10-04T14:05:55Z,adservice,productcatalogservice,0,0,0,0,0,0,0
2026-10-04T14:05:55Z,adservice,recommendationservice,0,0,0,0,0,0,0
2026-10-04T14:05:55Z,adservice,redis-cart,0,0,0,0,0,0,0
2026-10-04T14:05:55Z,adservice,shippingservice,0,0,0,0,0,0,0
2026-10-04T14:05:55Z,cartservice,adservice,0,0,0,0,0,0,0
2026-10-04T14:05:55Z,cartservice,cartservice,0,0,0,0,0,0,0
2026-10-04T14:05:55Z,cartservice,checkoutservice,0,0,0,0,0,0,0
2026-10-04T14:05:55Z,cartservice,currencyservice,0,0,0,0,0,0,0
2026-10-04T14:05:55Z,cartservice,emailservice,0,0,0,0,0,0,0
2026-10-04T14:05:55Z,cartservice,frontend,0,0,0,0,0,0,0
2026-10-04T14:05:55Z,cartservice,kubernetes,0,0,0,0,0,0,0
2026-10-04T14:05:55Z,cartservice,paymentservice,0,0,0,0,0,0,0
2026-10-04T14:05:55Z,cartservice,productcatalogservice,0,0,0,0,0,0,0
2026-10-04T14:05:55Z,cartservice,recommendationservice,0,0,0,0,0,0,0
2026-10-04T14:05:55Z,cartservice,redis-cart,2,0,0,0,0,0,0
2026-10-04T14:05:55Z,cartservice,shippingservice,0,0,0,0,0,0,0
2026-10-04T14:05:55Z,checkoutservice,adservice,0,0,0,0,0,0,0
2026-10-04T14:05:55Z,checkoutservice,cartservice,28921,28254,0,74,0,406582,27560
2026-10-04T14:05:55Z,checkoutservice,checkoutservice,0,0,0,0,0,0,0
2026-10-04T14:05:55Z,checkoutservice,currencyservice,21782,21782,0,0,0,342259,21372
2026-10-04T14:05:55Z,checkoutservice,emailservice,2469,2287,0,42,0,112385,2287
2026-10-04T14:05:55Z,checkoutservice,frontend,0,0,0,0,0,0,0
2026-10-04T14:05:55Z,checkoutservice,kubernetes,0,0,0,0,0,0,0
2026-10-04T14:05:55Z,checkoutservice,paymentservice,17200,16016,0,121,0,264965,15871
2026-10-04T14:05:55Z,checkoutservice,productcatalogservice,0,0,0,0,0,0,0
2026-10-04T14:05:55Z,checkoutservice,recommendationservice,0,0,0,0,0,0,0
2026-10-04T14:05:55Z,checkoutservice,redis-cart,0,0,0,0,0,0,0
2026-10-04T14:05:55Z,checkoutservice,shippingservice,32082,30607,0,112,0,311498,30127
2026-10-04T14:05:55Z,currencyservice,adservice,0,0,0,0,0,0,0
2026-10-04T14:05:55Z,currencyservice,cartservice,0,0,0,0,0,0,0
2026-10-04T14:05:55Z,currencyservice,checkoutservice,0,0,0,0,0,0,0
2026-10-04T14:05:55Z,currencyservice,currencyservice,0,0,0,0,0,0,0
2026-10-04T14:05:55Z,currencyservice,emailservice,0,0,0,0,0,0,0
2026-10-04T14:05:55Z,currencyservice,frontend,0,0,0,0,0,0,0
2026-10-04T14:05:55Z,currencyservice,kubernetes,0,0,0,0,0,0,0
2026-10-04T14:05:55Z,currencyservice,paymentservice,0,0,0,0,0,0,0
2026-10-04T14:05:55Z,currencyservice,productcatalogservice,0,0,0,0,0,0,0
2026-10-04T14:05:55Z,currencyservice,recommendationservice,0,0,0,0,0,0,0
2026-10-04T14:05:55Z,currencyservice,redis-cart,0,0,0,0,0,0,0
2026-10-04T14:05:55Z,currencyservice,shippingservice,0,0,0,0,0,0,0
2026-10-04T14:05:55Z,emailservice,adservice,0,0,0,0,0,0,0
2026-10-04T14:05:55Z,emailservice,cartservice,0,0,0,0,0,0,0
2026-10-04T14:05:55Z,emailservice,checkoutservice,0,0,0,0,0,0,0
2026-10-04T14:05:55Z,emailservice,currencyservice,0,0,0,0,0,0,0
2026-10-04T14:05:55Z,emailservice,emailservice,0,0,0,0,0,0,0
2026-10-04T14:05:55Z,emailservice,frontend,0,0,0,0,0,0,0
2026-10-04T14:05:55Z,emailservice,kubernetes,0,0,0,0,0,0,0
2026-10-04T14:05:55Z,emailservice,paymentservice,0,0,0,0,0,0,0
2026-10-04T14:05:55Z,emailservice,productcatalogservice,0,0,0,0,0,0,0
2026-10-04T14:05:55Z,emailservice,recommendationservice,0,0,0,0,0,0,0
2026-10-04T14:05:55Z,emailservice,redis-cart,0,0,0,0,0,0,0
2026-10-04T14:05:55Z,emailservice,shippingservice,0,0,0,0,0,0,0
2026-10-04T14:05:55Z,frontend,adservice,810143,810138,0,0,0,2442565,809632
2026-10-04T14:05:55Z,frontend,cartservice,1793028,1793016,0,0,4,9990218,1792116
2026-10-04T14:05:55Z,frontend,checkoutservice,379985,178971,0,38139,162681,59766911,178911
2026-10-04T14:05:55Z,frontend,currencyservice,2851285,2851266,0,0,0,15153755,2849831
2026-10-04T14:05:55Z,frontend,emailservice,0,0,0,0,0,0,0
2026-10-04T14:05:55Z,frontend,frontend,0,0,0,0,0,0,0
2026-10-04T14:05:55Z,frontend,kubernetes,0,0,0,0,0,0,0
2026-10-04T14:05:55Z,frontend,paymentservice,0,0,0,0,0,0,0
2026-10-04T14:05:55Z,frontend,productcatalogservice,8019768,8019679,0,0,0,54846225,8014852
2026-10-04T14:05:55Z,frontend,recommendationservice,2582951,1583693,0,104145,892890,777588931,1582866
2026-10-04T14:05:55Z,frontend,redis-cart,0,0,0,0,0,0,0
2026-10-04T14:05:55Z,frontend,shippingservice,297122,297120,0,0,0,903012,296922
2026-10-04T14:05:55Z,paymentservice,adservice,0,0,0,0,0,0,0
2026-10-04T14:05:55Z,paymentservice,cartservice,0,0,0,0,0,0,0
2026-10-04T14:05:55Z,paymentservice,checkoutservice,0,0,0,0,0,0,0
2026-10-04T14:05:55Z,paymentservice,currencyservice,0,0,0,0,0,0,0
2026-10-04T14:05:55Z,paymentservice,emailservice,0,0,0,0,0,0,0
2026-10-04T14:05:55Z,paymentservice,frontend,0,0,0,0,0,0,0
2026-10-04T14:05:55Z,paymentservice,kubernetes,0,0,0,0,0,0,0
2026-10-04T14:05:55Z,paymentservice,paymentservice,0,0,0,0,0,0,0
2026-10-04T14:05:55Z,paymentservice,productcatalogservice,0,0,0,0,0,0,0
2026-10-04T14:05:55Z,paymentservice,recommendationservice,0,0,0,0,0,0,0
2026-10-04T14:05:55Z,paymentservice,redis-cart,0,0,0,0,0,0,0
2026-10-04T14:05:55Z,paymentservice,shippingservice,0,0,0,0,0,0,0
2026-10-04T14:05:55Z,productcatalogservice,adservice,0,0,0,0,0,0,0
2026-10-04T14:05:55Z,productcatalogservice,cartservice,0,0,0,0,0,0,0
2026-10-04T14:05:55Z,productcatalogservice,checkoutservice,0,0,0,0,0,0,0
2026-10-04T14:05:55Z,productcatalogservice,currencyservice,0,0,0,0,0,0,0
2026-10-04T14:05:55Z,productcatalogservice,emailservice,0,0,0,0,0,0,0
2026-10-04T14:05:55Z,productcatalogservice,frontend,0,0,0,0,0,0,0
2026-10-04T14:05:55Z,productcatalogservice,kubernetes,0,0,0,0,0,0,0
2026-10-04T14:05:55Z,productcatalogservice,paymentservice,0,0,0,0,0,0,0
2026-10-04T14:05:55Z,productcatalogservice,productcatalogservice,0,0,0,0,0,0,0
2026-10-04T14:05:55Z,productcatalogservice,recommendationservice,0,0,0,0,0,0,0
2026-10-04T14:05:55Z,productcatalogservice,redis-cart,0,0,0,0,0,0,0
2026-10-04T14:05:55Z,productcatalogservice,shippingservice,0,0,0,0,0,0,0
2026-10-04T14:05:55Z,recommendationservice,adservice,0,0,0,0,0,0,0
2026-10-04T14:05:55Z,recommendationservice,cartservice,0,0,0,0,0,0,0
2026-10-04T14:05:55Z,recommendationservice,checkoutservice,0,0,0,0,0,0,0
2026-10-04T14:05:55Z,recommendationservice,currencyservice,0,0,0,0,0,0,0
2026-10-04T14:05:55Z,recommendationservice,emailservice,0,0,0,0,0,0,0
2026-10-04T14:05:55Z,recommendationservice,frontend,0,0,0,0,0,0,0
2026-10-04T14:05:55Z,recommendationservice,kubernetes,0,0,0,0,0,0,0
2026-10-04T14:05:55Z,recommendationservice,paymentservice,0,0,0,0,0,0,0
2026-10-04T14:05:55Z,recommendationservice,productcatalogservice,58822,58812,0,0,0,484236,58675
2026-10-04T14:05:55Z,recommendationservice,recommendationservice,0,0,0,0,0,0,0
2026-10-04T14:05:55Z,recommendationservice,redis-cart,0,0,0,0,0,0,0
2026-10-04T14:05:55Z,recommendationservice,shippingservice,0,0,0,0,0,0,0
2026-10-04T14:05:55Z,redis-cart,adservice,0,0,0,0,0,0,0
2026-10-04T14:05:55Z,redis-cart,cartservice,0,0,0,0,0,0,0
2026-10-04T14:05:55Z,redis-cart,checkoutservice,0,0,0,0,0,0,0
2026-10-04T14:05:55Z,redis-cart,currencyservice,0,0,0,0,0,0,0
2026-10-04T14:05:55Z,redis-cart,emailservice,0,0,0,0,0,0,0
2026-10-04T14:05:55Z,redis-cart,frontend,0,0,0,0,0,0,0
2026-10-04T14:05:55Z,redis-cart,kubernetes,0,0,0,0,0,0,0
2026-10-04T14:05:55Z,redis-cart,paymentservice,0,0,0,0,0,0,0
2026-10-04T14:05:55Z,redis-cart,productcatalogservice,0,0,0,0,0,0,0
2026-10-04T14:05:55Z,redis-cart,recommendationservice,0,0,0,0,0,0,0
2026-10-04T14:05:55Z,redis-cart,redis-cart,0,0,0,0,0,0,0
2026-10-04T14:05:55Z,redis-cart,shippingservice,0,0,0,0,0,0,0
2026-10-04T14:05:55Z,shippingservice,adservice,0,0,0,0,0,0,0
2026-10-04T14:05:55Z,shippingservice,cartservice,0,0,0,0,0,0,0
2026-10-04T14:05:55Z,shippingservice,checkoutservice,0,0,0,0,0,0,0
2026-10-04T14:05:55Z,shippingservice,currencyservice,0,0,0,0,0,0,0
2026-10-04T14:05:55Z,shippingservice,emailservice,0,0,0,0,0,0,0
2026-10-04T14:05:55Z,shippingservice,frontend,0,0,0,0,0,0,0
2026-10-04T14:05:55Z,shippingservice,kubernetes,0,0,0,0,0,0,0
2026-10-04T14:05:55Z,shippingservice,paymentservice,0,0,0,0,0,0,0
2026-10-04T14:05:55Z,shippingservice,productcatalogservice,0,0,0,0,0,0,0
2026-10-04T14:05:55Z,shippingservice,recommendationservice,0,0,0,0,0,0,0
2026-10-04T14:05:55Z,shippingservice,redis-cart,0,0,0,0,0,0,0
2026-10-04T14:05:55Z,shippingservice,shippingservice,0,0,0,0,0,0,0
2026-10-04T14:05:56Z,adservice,adservice,0,0,0,0,0,0,0
2026-10-04T14:05:56Z,adservice,cartservice,0,0,0,0,0,0,0
2026-10-04T14:05:56Z,adservice,checkoutservice,0,0,0,0,0,0,0
2026-10-04T14:05:56Z,adservice,currencyservice,0,0,0,0,0,0,0
2026-10-04T14:05:56Z,adservice,emailservice,0,0,0,0,0,0,0
2026-10-04T14:05:56Z,adservice,frontend,0,0,0,0,0,0,0
2026-10-04T14:05:56Z,adservice,kubernetes,0,0,0,0,0,0,0
2026-10-04T14:05:56Z,adservice,paymentservice,0,0,0,0,0,0,0
2026-10-04T14:05:56Z,adservice,productcatalogservice,0,0,0,0,0,0,0
2026-10-04T14:05:56Z,adservice,recommendationservice,0,0,0,0,0,0,0
2026-10-04T14:05:56Z,adservice,redis-cart,0,0,0,0,0,0,0
2026-10-04T14:05:56Z,adservice,shippingservice,0,0,0,0,0,0,0
2026-10-04T14:05:56Z,cartservice,adservice,0,0,0,0,0,0,0
2026-10-04T14:05:56Z,cartservice,cartservice,0,0,0,0,0,0,0
2026-10-04T14:05:56Z,cartservice,checkoutservice,0,0,0,0,0,0,0
2026-10-04T14:05:56Z,cartservice,currencyservice,0,0,0,0,0,0,0
2026-10-04T14:05:56Z,cartservice,emailservice,0,0,0,0,0,0,0
2026-10-04T14:05:56Z,cartservice,frontend,0,0,0,0,0,0,0
2026-10-04T14:05:56Z,cartservice,kubernetes,0,0,0,0,0,0,0
2026-10-04T14:05:56Z,cartservice,paymentservice,0,0,0,0,0,0,0
2026-10-04T14:05:56Z,cartservice,productcatalogservice,0,0,0,0,0,0,0
2026-10-04T14:05:56Z,cartservice,recommendationservice,0,0,0,0,0,0,0
2026-10-04T14:05:56Z,cartservice,redis-cart,2,0,0,0,0,0,0
2026-10-04T14:05:56Z,cartservice,shippingservice,0,0,0,0,0,0,0
2026-10-04T14:05:56Z,checkoutservice,adservice,0,0,0,0,0,0,0
2026-10-04T14:05:56Z,checkoutservice,cartservice,29074,28407,0,74,0,406582,27560
2026-10-04T14:05:56Z,checkoutservice,checkoutservice,0,0,0,0,0,0,0
2026-10-04T14:05:56Z,checkoutservice,currencyservice,21894,21894,0,0,0,342259,21372
2026-10-04T14:05:56Z,checkoutservice,emailservice,2470,2288,0,42,0,112385,2287
2026-10-04T14:05:56Z,checkoutservice,frontend,0,0,0,0,0,0,0
2026-10-04T14:05:56Z,checkoutservice,kubernetes,0,0,0,0,0,0,0
2026-10-04T14:05:56Z,checkoutservice,paymentservice,17288,16083,0,121,0,264965,15871
2026-10-04T14:05:56Z,checkoutservice,productcatalogservice,0,0,0,0,0,0,0
2026-10-04T14:05:56Z,checkoutservice,recommendationservice,0,0,0,0,0,0,0
2026-10-04T14:05:56Z,checkoutservice,redis-cart,0,0,0,0,0,0,0
2026-10-04T14:05:56Z,checkoutservice,shippingservice,32205,30721,0,112,0,311498,30127
2026-10-04T14:05:56Z,currencyservice,adservice,0,0,0,0,0,0,0
2026-10-04T14:05:56Z,currencyservice,cartservice,0,0,0,0,0,0,0
2026-10-04T14:05:56Z,currencyservice,checkoutservice,0,0,0,0,0,0,0
2026-10-04T14:05:56Z,currencyservice,currencyservice,0,0,0,0,0,0,0
2026-10-04T14:05:56Z,currencyservice,emailservice,0,0,0,0,0,0,0
2026-10-04T14:05:56Z,currencyservice,frontend,0,0,0,0,0,0,0
2026-10-04T14:05:56Z,currencyservice,kubernetes,0,0,0,0,0,0,0
2026-10-04T14:05:56Z,currencyservice,paymentservice,0,0,0,0,0,0,0
2026-10-04T14:05:56Z,currencyservice,productcatalogservice,0,0,0,0,0,0,0
2026-10-04T14:05:56Z,currencyservice,recommendationservice,0,0,0,0,0,0,0
2026-10-04T14:05:56Z,currencyservice,redis-cart,0,0,0,0,0,0,0
2026-10-04T14:05:56Z,currencyservice,shippingservice,0,0,0,0,0,0,0
2026-10-04T14:05:56Z,emailservice,adservice,0,0,0,0,0,0,0
2026-10-04T14:05:56Z,emailservice,cartservice,0,0,0,0,0,0,0
2026-10-04T14:05:56Z,emailservice,checkoutservice,0,0,0,0,0,0,0
2026-10-04T14:05:56Z,emailservice,currencyservice,0,0,0,0,0,0,0
2026-10-04T14:05:56Z,emailservice,emailservice,0,0,0,0,0,0,0
2026-10-04T14:05:56Z,emailservice,frontend,0,0,0,0,0,0,0
2026-10-04T14:05:56Z,emailservice,kubernetes,0,0,0,0,0,0,0
2026-10-04T14:05:56Z,emailservice,paymentservice,0,0,0,0,0,0,0
2026-10-04T14:05:56Z,emailservice,productcatalogservice,0,0,0,0,0,0,0
2026-10-04T14:05:56Z,emailservice,recommendationservice,0,0,0,0,0,0,0
2026-10-04T14:05:56Z,emailservice,redis-cart,0,0,0,0,0,0,0
2026-10-04T14:05:56Z,emailservice,shippingservice,0,0,0,0,0,0,0
2026-10-04T14:05:56Z,frontend,adservice,810405,810401,0,0,0,2442565,809632
2026-10-04T14:05:56Z,frontend,cartservice,1793481,1793468,0,0,4,9990218,1792116
2026-10-04T14:05:56Z,frontend,checkoutservice,380196,178998,0,38175,162826,59766911,178911
2026-10-04T14:05:56Z,frontend,currencyservice,2852014,2852006,0,0,0,15153755,2849831
2026-10-04T14:05:56Z,frontend,emailservice,0,0,0,0,0,0,0
2026-10-04T14:05:56Z,frontend,frontend,0,0,0,0,0,0,0
2026-10-04T14:05:56Z,frontend,kubernetes,0,0,0,0,0,0,0
2026-10-04T14:05:56Z,frontend,paymentservice,0,0,0,0,0,0,0
2026-10-04T14:05:56Z,frontend,productcatalogservice,8022285,8022204,0,0,0,54846225,8014852
2026-10-04T14:05:56Z,frontend,recommendationservice,2583391,1584135,0,104145,892890,777588931,1582866
2026-10-04T14:05:56Z,frontend,redis-cart,0,0,0,0,0,0,0
2026-10-04T14:05:56Z,frontend,shippingservice,297226,297224,0,0,0,903012,296922
2026-10-04T14:05:56Z,paymentservice,adservice,0,0,0,0,0,0,0
2026-10-04T14:05:56Z,paymentservice,cartservice,0,0,0,0,0,0,0
2026-10-04T14:05:56Z,paymentservice,checkoutservice,0,0,0,0,0,0,0
2026-10-04T14:05:56Z,paymentservice,currencyservice,0,0,0,0,0,0,0
2026-10-04T14:05:56Z,paymentservice,emailservice,0,0,0,0,0,0,0
2026-10-04T14:05:56Z,paymentservice,frontend,0,0,0,0,0,0,0
2026-10-04T14:05:56Z,paymentservice,kubernetes,0,0,0,0,0,0,0
2026-10-04T14:05:56Z,paymentservice,paymentservice,0,0,0,0,0,0,0
2026-10-04T14:05:56Z,paymentservice,productcatalogservice,0,0,0,0,0,0,0
2026-10-04T14:05:56Z,paymentservice,recommendationservice,0,0,0,0,0,0,0
2026-10-04T14:05:56Z,paymentservice,redis-cart,0,0,0,0,0,0,0
2026-10-04T14:05:56Z,paymentservice,shippingservice,0,0,0,0,0,0,0
2026-10-04T14:05:56Z,productcatalogservice,adservice,0,0,0,0,0,0,0
2026-10-04T14:05:56Z,productcatalogservice,cartservice,0,0,0,0,0,0,0
2026-10-04T14:05:56Z,productcatalogservice,checkoutservice,0,0,0,0,0,0,0
2026-10-04T14:05:56Z,productcatalogservice,currencyservice,0,0,0,0,0,0,0
2026-10-04T14:05:56Z,productcatalogservice,emailservice,0,0,0,0,0,0,0
2026-10-04T14:05:56Z,productcatalogservice,frontend,0,0,0,0,0,0,0
2026-10-04T14:05:56Z,productcatalogservice,kubernetes,0,0,0,0,0,0,0
2026-10-04T14:05:56Z,productcatalogservice,paymentservice,0,0,0,0,0,0,0
2026-10-04T14:05:56Z,productcatalogservice,productcatalogservice,0,0,0,0,0,0,0
2026-10-04T14:05:56Z,productcatalogservice,recommendationservice,0,0,0,0,0,0,0
2026-10-04T14:05:56Z,productcatalogservice,redis-cart,0,0,0,0,0,0,0
2026-10-04T14:05:56Z,productcatalogservice,shippingservice,0,0,0,0,0,0,0
2026-10-04T14:05:56Z,recommendationservice,adservice,0,0,0,0,0,0,0
2026-10-04T14:05:56Z,recommendationservice,cartservice,0,0,0,0,0,0,0
2026-10-04T14:05:56Z,recommendationservice,checkoutservice,0,0,0,0,0,0,0
2026-10-04T14:05:56Z,recommendationservice,currencyservice,0,0,0,0,0,0,0
2026-10-04T14:05:56Z,recommendationservice,emailservice,0,0,0,0,0,0,0
2026-10-04T14:05:56Z,recommendationservice,frontend,0,0,0,0,0,0,0
2026-10-04T14:05:56Z,recommendationservice,kubernetes,0,0,0,0,0,0,0
2026-10-04T14:05:56Z,recommendationservice,paymentservice,0,0,0,0,0,0,0
2026-10-04T14:05:56Z,recommendationservice,productcatalogservice,59267,59266,0,0,0,484236,58675
2026-10-04T14:05:56Z,recommendationservice,recommendationservice,0,0,0,0,0,0,0
2026-10-04T14:05:56Z,recommendationservice,redis-cart,0,0,0,0,0,0,0
2026-10-04T14:05:56Z,recommendationservice,shippingservice,0,0,0,0,0,0,0
2026-10-04T14:05:56Z,redis-cart,adservice,0,0,0,0,0,0,0
2026-10-04T14:05:56Z,redis-cart,cartservice,0,0,0,0,0,0,0
2026-10-04T14:05:56Z,redis-cart,checkoutservice,0,0,0,0,0,0,0
2026-10-04T14:05:56Z,redis-cart,currencyservice,0,0,0,0,0,0,0
2026-10-04T14:05:56Z,redis-cart,emailservice,0,0,0,0,0,0,0
2026-10-04T14:05:56Z,redis-cart,frontend,0,0,0,0,0,0,0
2026-10-04T14:05:56Z,redis-cart,kubernetes,0,0,0,0,0,0,0
2026-10-04T14:05:56Z,redis-cart,paymentservice,0,0,0,0,0,0,0
2026-10-04T14:05:56Z,redis-cart,productcatalogservice,0,0,0,0,0,0,0
2026-10-04T14:05:56Z,redis-cart,recommendationservice,0,0,0,0,0,0,0
2026-10-04T14:05:56Z,redis-cart,redis-cart,0,0,0,0,0,0,0
2026-10-04T14:05:56Z,redis-cart,shippingservice,0,0,0,0,0,0,0
2026-10-04T14:05:56Z,shippingservice,adservice,0,0,0,0,0,0,0
2026-10-04T14:05:56Z,shippingservice,cartservice,0,0,0,0,0,0,0
2026-10-04T14:05:56Z,shippingservice,checkoutservice,0,0,0,0,0,0,0
2026-10-04T14:05:56Z,shippingservice,currencyservice,0,0,0,0,0,0,0
2026-10-04T14:05:56Z,shippingservice,emailservice,0,0,0,0,0,0,0
2026-10-04T14:05:56Z,shippingservice,frontend,0,0,0,0,0,0,0
2026-10-04T14:05:56Z,shippingservice,kubernetes,0,0,0,0,0,0,0
2026-10-04T14:05:56Z,shippingservice,paymentservice,0,0,0,0,0,0,0
2026-10-04T14:05:56Z,shippingservice,productcatalogservice,0,0,0,0,0,0,0
2026-10-04T14:05:56Z,shippingservice,recommendationservice,0,0,0,0,0,0,0
2026-10-04T14:05:56Z,shippingservice,redis-cart,0,0,0,0,0,0,0
2026-10-04T14:05:56Z,shippingservice,shippingservice,0,0,0,0,0,0,0
2026-10-04T14:05:57Z,adservice,adservice,0,0,0,0,0,0,0
2026-10-04T14:05:57Z,adservice,cartservice,0,0,0,0,0,0,0
2026-10-04T14:05:57Z,adservice,checkoutservice,0,0,0,0,0,0,0
2026-10-04T14:05:57Z,adservice,currencyservice,0,0,0,0,0,0,0
2026-10-04T14:05:57Z,adservice,emailservice,0,0,0,0,0,0,0
2026-10-04T14:05:57Z,adservice,frontend,0,0,0,0,0,0,0
2026-10-04T14:05:57Z,adservice,kubernetes,0,0,0,0,0,0,0
2026-10-04T14:05:57Z,adservice,paymentservice,0,0,0,0,0,0,0
2026-10-04T14:05:57Z,adservice,productcatalogservice,0,0,0,0,0,0,0
2026-10-04T14:05:57Z,adservice,recommendationservice,0,0,0,0,0,0,0
2026-10-04T14:05:57Z,adservice,redis-cart,0,0,0,0,0,0,0
2026-10-04T14:05:57Z,adservice,shippingservice,0,0,0,0,0,0,0
2026-10-04T14:05:57Z,cartservice,adservice,0,0,0,0,0,0,0
2026-10-04T14:05:57Z,cartservice,cartservice,0,0,0,0,0,0,0
2026-10-04T14:05:57Z,cartservice,checkoutservice,0,0,0,0,0,0,0
2026-10-04T14:05:57Z,cartservice,currencyservice,0,0,0,0,0,0,0
2026-10-04T14:05:57Z,cartservice,emailservice,0,0,0,0,0,0,0
2026-10-04T14:05:57Z,cartservice,frontend,0,0,0,0,0,0,0
2026-10-04T14:05:57Z,cartservice,kubernetes,0,0,0,0,0,0,0
2026-10-04T14:05:57Z,cartservice,paymentservice,0,0,0,0,0,0,0
2026-10-04T14:05:57Z,cartservice,productcatalogservice,0,0,0,0,0,0,0
2026-10-04T14:05:57Z,cartservice,recommendationservice,0,0,0,0,0,0,0
2026-10-04T14:05:57Z,cartservice,redis-cart,2,0,0,0,0,0,0
2026-10-04T14:05:57Z,cartservice,shippingservice,0,0,0,0,0,0,0
2026-10-04T14:05:57Z,checkoutservice,adservice,0,0,0,0,0,0,0
2026-10-04T14:05:57Z,checkoutservice,cartservice,29210,28538,0,74,0,422249,28538
2026-10-04T14:05:57Z,checkoutservice,checkoutservice,0,0,0,0,0,0,0
2026-10-04T14:05:57Z,checkoutservice,currencyservice,21936,21936,0,0,0,352123,21936
2026-10-04T14:05:57Z,checkoutservice,emailservice,2470,2288,0,42,0,112411,2288
2026-10-04T14:05:57Z,checkoutservice,frontend,0,0,0,0,0,0,0
2026-10-04T14:05:57Z,checkoutservice,kubernetes,0,0,0,0,0,0,0
2026-10-04T14:05:57Z,checkoutservice,paymentservice,17295,16090,0,121,0,268117,16026
2026-10-04T14:05:57Z,checkoutservice,productcatalogservice,0,0,0,0,0,0,0
2026-10-04T14:05:57Z,checkoutservice,recommendationservice,0,0,0,0,0,0,0
2026-10-04T14:05:57Z,checkoutservice,redis-cart,0,0,0,0,0,0,0
2026-10-04T14:05:57Z,checkoutservice,shippingservice,32296,30811,0,113,0,318957,30810
2026-10-04T14:05:57Z,currencyservice,adservice,0,0,0,0,0,0,0
2026-10-04T14:05:57Z,currencyservice,cartservice,0,0,0,0,0,0,0
2026-10-04T14:05:57Z,currencyservice,checkoutservice,0,0,0,0,0,0,0
2026-10-04T14:05:57Z,currencyservice,currencyservice,0,0,0,0,0,0,0
2026-10-04T14:05:57Z,currencyservice,emailservice,0,0,0,0,0,0,0
2026-10-04T14:05:57Z,currencyservice,frontend,0,0,0,0,0,0,0
2026-10-04T14:05:57Z,currencyservice,kubernetes,0,0,0,0,0,0,0
2026-10-04T14:05:57Z,currencyservice,paymentservice,0,0,0,0,0,0,0
2026-10-04T14:05:57Z,currencyservice,productcatalogservice,0,0,0,0,0,0,0
2026-10-04T14:05:57Z,currencyservice,recommendationservice,0,0,0,0,0,0,0
2026-10-04T14:05:57Z,currencyservice,redis-cart,0,0,0,0,0,0,0
2026-10-04T14:05:57Z,currencyservice,shippingservice,0,0,0,0,0,0,0
2026-10-04T14:05:57Z,emailservice,adservice,0,0,0,0,0,0,0
2026-10-04T14:05:57Z,emailservice,cartservice,0,0,0,0,0,0,0
2026-10-04T14:05:57Z,emailservice,checkoutservice,0,0,0,0,0,0,0
2026-10-04T14:05:57Z,emailservice,currencyservice,0,0,0,0,0,0,0
2026-10-04T14:05:57Z,emailservice,emailservice,0,0,0,0,0,0,0
2026-10-04T14:05:57Z,emailservice,frontend,0,0,0,0,0,0,0
2026-10-04T14:05:57Z,emailservice,kubernetes,0,0,0,0,0,0,0
2026-10-04T14:05:57Z,emailservice,paymentservice,0,0,0,0,0,0,0
2026-10-04T14:05:57Z,emailservice,productcatalogservice,0,0,0,0,0,0,0
2026-10-04T14:05:57Z,emailservice,recommendationservice,0,0,0,0,0,0,0
2026-10-04T14:05:57Z,emailservice,redis-cart,0,0,0,0,0,0,0
2026-10-04T14:05:57Z,emailservice,shippingservice,0,0,0,0,0,0,0
2026-10-04T14:05:57Z,frontend,adservice,810672,810666,0,0,0,2442565,809632
2026-10-04T14:05:57Z,frontend,cartservice,1793958,1793946,0,0,4,9990218,1792116
2026-10-04T14:05:57Z,frontend,checkoutservice,380355,179212,0,38188,162866,59766911,178911
2026-10-04T14:05:57Z,frontend,currencyservice,2852768,2852756,0,0,0,15153755,2849831
2026-10-04T14:05:57Z,frontend,emailservice,0,0,0,0,0,0,0
2026-10-04T14:05:57Z,frontend,frontend,0,0,0,0,0,0,0
2026-10-04T14:05:57Z,frontend,kubernetes,0,0,0,0,0,0,0
2026-10-04T14:05:57Z,frontend,paymentservice,0,0,0,0,0,0,0
2026-10-04T14:05:57Z,frontend,productcatalogservice,8025108,8025010,0,0,0,54846225,8014852
2026-10-04T14:05:57Z,frontend,recommendationservice,2583886,1584622,0,104145,892890,777588931,1582866
2026-10-04T14:05:57Z,frontend,redis-cart,0,0,0,0,0,0,0
2026-10-04T14:05:57Z,frontend,shippingservice,297322,297318,0,0,0,903012,296922
2026-10-04T14:05:57Z,paymentservice,adservice,0,0,0,0,0,0,0
2026-10-04T14:05:57Z,paymentservice,cartservice,0,0,0,0,0,0,0
2026-10-04T14:05:57Z,paymentservice,checkoutservice,0,0,0,0,0,0,0
2026-10-04T14:05:57Z,paymentservice,currencyservice,0,0,0,0,0,0,0
2026-10-04T14:05:57Z,paymentservice,emailservice,0,0,0,0,0,0,0
2026-10-04T14:05:57Z,paymentservice,frontend,0,0,0,0,0,0,0
2026-10-04T14:05:57Z,paymentservice,kubernetes,0,0,0,0,0,0,0
2026-10-04T14:05:57Z,paymentservice,paymentservice,0,0,0,0,0,0,0
2026-10-04T14:05:57Z,paymentservice,productcatalogservice,0,0,0,0,0,0,0
2026-10-04T14:05:57Z,paymentservice,recommendationservice,0,0,0,0,0,0,0
2026-10-04T14:05:57Z,paymentservice,redis-cart,0,0,0,0,0,0,0
2026-10-04T14:05:57Z,paymentservice,shippingservice,0,0,0,0,0,0,0
2026-10-04T14:05:57Z,productcatalogservice,adservice,0,0,0,0,0,0,0
2026-10-04T14:05:57Z,productcatalogservice,cartservice,0,0,0,0,0,0,0
2026-10-04T14:05:57Z,productcatalogservice,checkoutservice,0,0,0,0,0,0,0
2026-10-04T14:05:57Z,productcatalogservice,currencyservice,0,0,0,0,0,0,0
2026-10-04T14:05:57Z,productcatalogservice,emailservice,0,0,0,0,0,0,0
2026-10-04T14:05:57Z,productcatalogservice,frontend,0,0,0,0,0,0,0
2026-10-04T14:05:57Z,productcatalogservice,kubernetes,0,0,0,0,0,0,0
2026-10-04T14:05:57Z,productcatalogservice,paymentservice,0,0,0,0,0,0,0
2026-10-04T14:05:57Z,productcatalogservice,productcatalogservice,0,0,0,0,0,0,0
2026-10-04T14:05:57Z,productcatalogservice,recommendationservice,0,0,0,0,0,0,0
2026-10-04T14:05:57Z,productcatalogservice,redis-cart,0,0,0,0,0,0,0
2026-10-04T14:05:57Z,productcatalogservice,shippingservice,0,0,0,0,0,0,0
2026-10-04T14:05:57Z,recommendationservice,adservice,0,0,0,0,0,0,0
2026-10-04T14:05:57Z,recommendationservice,cartservice,0,0,0,0,0,0,0
2026-10-04T14:05:57Z,recommendationservice,checkoutservice,0,0,0,0,0,0,0
2026-10-04T14:05:57Z,recommendationservice,currencyservice,0,0,0,0,0,0,0
2026-10-04T14:05:57Z,recommendationservice,emailservice,0,0,0,0,0,0,0
2026-10-04T14:05:57Z,recommendationservice,frontend,0,0,0,0,0,0,0
2026-10-04T14:05:57Z,recommendationservice,kubernetes,0,0,0,0,0,0,0
2026-10-04T14:05:57Z,recommendationservice,paymentservice,0,0,0,0,0,0,0
2026-10-04T14:05:57Z,recommendationservice,productcatalogservice,59730,59727,0,0,0,484236,58675
2026-10-04T14:05:57Z,recommendationservice,recommendationservice,0,0,0,0,0,0,0
2026-10-04T14:05:57Z,recommendationservice,redis-cart,0,0,0,0,0,0,0
2026-10-04T14:05:57Z,recommendationservice,shippingservice,0,0,0,0,0,0,0
2026-10-04T14:05:57Z,redis-cart,adservice,0,0,0,0,0,0,0
2026-10-04T14:05:57Z,redis-cart,cartservice,0,0,0,0,0,0,0
2026-10-04T14:05:57Z,redis-cart,checkoutservice,0,0,0,0,0,0,0
2026-10-04T14:05:57Z,redis-cart,currencyservice,0,0,0,0,0,0,0
2026-10-04T14:05:57Z,redis-cart,emailservice,0,0,0,0,0,0,0
2026-10-04T14:05:57Z,redis-cart,frontend,0,0,0,0,0,0,0
2026-10-04T14:05:57Z,redis-cart,kubernetes,0,0,0,0,0,0,0
2026-10-04T14:05:57Z,redis-cart,paymentservice,0,0,0,0,0,0,0
2026-10-04T14:05:57Z,redis-cart,productcatalogservice,0,0,0,0,0,0,0
2026-10-04T14:05:57Z,redis-cart,recommendationservice,0,0,0,0,0,0,0
2026-10-04T14:05:57Z,redis-cart,redis-cart,0,0,0,0,0,0,0
2026-10-04T14:05:57Z,redis-cart,shippingservice,0,0,0,0,0,0,0
2026-10-04T14:05:57Z,shippingservice,adservice,0,0,0,0,0,0,0
2026-10-04T14:05:57Z,shippingservice,cartservice,0,0,0,0,0,0,0
2026-10-04T14:05:57Z,shippingservice,checkoutservice,0,0,0,0,0,0,0
2026-10-04T14:05:57Z,shippingservice,currencyservice,0,0,0,0,0,0,0
2026-10-04T14:05:57Z,shippingservice,emailservice,0,0,0,0,0,0,0
2026-10-04T14:05:57Z,shippingservice,frontend,0,0,0,0,0,0,0
2026-10-04T14:05:57Z,shippingservice,kubernetes,0,0,0,0,0,0,0
2026-10-04T14:05:57Z,shippingservice,paymentservice,0,0,0,0,0,0,0
2026-10-04T14:05:57Z,shippingservice,productcatalogservice,0,0,0,0,0,0,0
2026-10-04T14:05:57Z,shippingservice,recommendationservice,0,0,0,0,0,0,0
2026-10-04T14:05:57Z,shippingservice,redis-cart,0,0,0,0,0,0,0
2026-10-04T14:05:57Z,shippingservice,shippingservice,0,0,0,0,0,0,0
2026-10-04T14:05:58Z,adservice,adservice,0,0,0,0,0,0,0
2026-10-04T14:05:58Z,adservice,cartservice,0,0,0,0,0,0,0
2026-10-04T14:05:58Z,adservice,checkoutservice,0,0,0,0,0,0,0
2026-10-04T14:05:58Z,adservice,currencyservice,0,0,0,0,0,0,0
2026-10-04T14:05:58Z,adservice,emailservice,0,0,0,0,0,0,0
2026-10-04T14:05:58Z,adservice,frontend,0,0,0,0,0,0,0
2026-10-04T14:05:58Z,adservice,kubernetes,0,0,0,0,0,0,0
2026-10-04T14:05:58Z,adservice,paymentservice,0,0,0,0,0,0,0
2026-10-04T14:05:58Z,adservice,productcatalogservice,0,0,0,0,0,0,0
2026-10-04T14:05:58Z,adservice,recommendationservice,0,0,0,0,0,0,0
2026-10-04T14:05:58Z,adservice,redis-cart,0,0,0,0,0,0,0
2026-10-04T14:05:58Z,adservice,shippingservice,0,0,0,0,0,0,0
2026-10-04T14:05:58Z,cartservice,adservice,0,0,0,0,0,0,0
2026-10-04T14:05:58Z,cartservice,cartservice,0,0,0,0,0,0,0
2026-10-04T14:05:58Z,cartservice,checkoutservice,0,0,0,0,0,0,0
2026-10-04T14:05:58Z,cartservice,currencyservice,0,0,0,0,0,0,0
2026-10-04T14:05:58Z,cartservice,emailservice,0,0,0,0,0,0,0
2026-10-04T14:05:58Z,cartservice,frontend,0,0,0,0,0,0,0
2026-10-04T14:05:58Z,cartservice,kubernetes,0,0,0,0,0,0,0
2026-10-04T14:05:58Z,cartservice,paymentservice,0,0,0,0,0,0,0
2026-10-04T14:05:58Z,cartservice,productcatalogservice,0,0,0,0,0,0,0
2026-10-04T14:05:58Z,cartservice,recommendationservice,0,0,0,0,0,0,0
2026-10-04T14:05:58Z,cartservice,redis-cart,2,0,0,0,0,0,0
2026-10-04T14:05:58Z,cartservice,shippingservice,0,0,0,0,0,0,0
2026-10-04T14:05:58Z,checkoutservice,adservice,0,0,0,0,0,0,0
2026-10-04T14:05:58Z,checkoutservice,cartservice,29210,28538,0,74,0,422249,28538
2026-10-04T14:05:58Z,checkoutservice,checkoutservice,0,0,0,0,0,0,0
2026-10-04T14:05:58Z,checkoutservice,currencyservice,21936,21936,0,0,0,352123,21936
2026-10-04T14:05:58Z,checkoutservice,emailservice,2470,2288,0,42,0,112411,2288
2026-10-04T14:05:58Z,checkoutservice,frontend,0,0,0,0,0,0,0
2026-10-04T14:05:58Z,checkoutservice,kubernetes,0,0,0,0,0,0,0
2026-10-04T14:05:58Z,checkoutservice,paymentservice,17295,16090,0,121,0,268117,16026
2026-10-04T14:05:58Z,checkoutservice,productcatalogservice,0,0,0,0,0,0,0
2026-10-04T14:05:58Z,checkoutservice,recommendationservice,0,0,0,0,0,0,0
2026-10-04T14:05:58Z,checkoutservice,redis-cart,0,0,0,0,0,0,0
2026-10-04T14:05:58Z,checkoutservice,shippingservice,32296,30811,0,113,0,318957,30810
2026-10-04T14:05:58Z,currencyservice,adservice,0,0,0,0,0,0,0
2026-10-04T14:05:58Z,currencyservice,cartservice,0,0,0,0,0,0,0
2026-10-04T14:05:58Z,currencyservice,checkoutservice,0,0,0,0,0,0,0
2026-10-04T14:05:58Z,currencyservice,currencyservice,0,0,0,0,0,0,0
2026-10-04T14:05:58Z,currencyservice,emailservice,0,0,0,0,0,0,0
2026-10-04T14:05:58Z,currencyservice,frontend,0,0,0,0,0,0,0
2026-10-04T14:05:58Z,currencyservice,kubernetes,0,0,0,0,0,0,0
2026-10-04T14:05:58Z,currencyservice,paymentservice,0,0,0,0,0,0,0
2026-10-04T14:05:58Z,currencyservice,productcatalogservice,0,0,0,0,0,0,0
2026-10-04T14:05:58Z,currencyservice,recommendationservice,0,0,0,0,0,0,0
2026-10-04T14:05:58Z,currencyservice,redis-cart,0,0,0,0,0,0,0
2026-10-04T14:05:58Z,currencyservice,shippingservice,0,0,0,0,0,0,0
2026-10-04T14:05:58Z,emailservice,adservice,0,0,0,0,0,0,0
2026-10-04T14:05:58Z,emailservice,cartservice,0,0,0,0,0,0,0
2026-10-04T14:05:58Z,emailservice,checkoutservice,0,0,0,0,0,0,0
2026-10-04T14:05:58Z,emailservice,currencyservice,0,0,0,0,0,0,0
2026-10-04T14:05:58Z,emailservice,emailservice,0,0,0,0,0,0,0
2026-10-04T14:05:58Z,emailservice,frontend,0,0,0,0,0,0,0
2026-10-04T14:05:58Z,emailservice,kubernetes,0,0,0,0,0,0,0
2026-10-04T14:05:58Z,emailservice,paymentservice,0,0,0,0,0,0,0
2026-10-04T14:05:58Z,emailservice,productcatalogservice,0,0,0,0,0,0,0
2026-10-04T14:05:58Z,emailservice,recommendationservice,0,0,0,0,0,0,0
2026-10-04T14:05:58Z,emailservice,redis-cart,0,0,0,0,0,0,0
2026-10-04T14:05:58Z,emailservice,shippingservice,0,0,0,0,0,0,0
2026-10-04T14:05:58Z,frontend,adservice,810963,810959,0,0,0,2443183,809901
2026-10-04T14:05:58Z,frontend,cartservice,1794433,1794421,0,0,4,9992574,1792568
2026-10-04T14:05:58Z,frontend,checkoutservice,380361,179218,0,38303,162866,59825148,178989
2026-10-04T14:05:58Z,frontend,currencyservice,2853521,2853511,0,0,0,15157536,2850563
2026-10-04T14:05:58Z,frontend,emailservice,0,0,0,0,0,0,0
2026-10-04T14:05:58Z,frontend,frontend,0,0,0,0,0,0,0
2026-10-04T14:05:58Z,frontend,kubernetes,0,0,0,0,0,0,0
2026-10-04T14:05:58Z,frontend,paymentservice,0,0,0,0,0,0,0
2026-10-04T14:05:58Z,frontend,productcatalogservice,8027980,8027900,0,0,0,54865655,8017480
2026-10-04T14:05:58Z,frontend,recommendationservice,2584382,1585124,0,104145,892890,777637927,1583323
2026-10-04T14:05:58Z,frontend,redis-cart,0,0,0,0,0,0,0
2026-10-04T14:05:58Z,frontend,shippingservice,297422,297419,0,0,0,903230,297013
2026-10-04T14:05:58Z,paymentservice,adservice,0,0,0,0,0,0,0
2026-10-04T14:05:58Z,paymentservice,cartservice,0,0,0,0,0,0,0
2026-10-04T14:05:58Z,paymentservice,checkoutservice,0,0,0,0,0,0,0
2026-10-04T14:05:58Z,paymentservice,currencyservice,0,0,0,0,0,0,0
2026-10-04T14:05:58Z,paymentservice,emailservice,0,0,0,0,0,0,0
2026-10-04T14:05:58Z,paymentservice,frontend,0,0,0,0,0,0,0
2026-10-04T14:05:58Z,paymentservice,kubernetes,0,0,0,0,0,0,0
2026-10-04T14:05:58Z,paymentservice,paymentservice,0,0,0,0,0,0,0
2026-10-04T14:05:58Z,paymentservice,productcatalogservice,0,0,0,0,0,0,0
2026-10-04T14:05:58Z,paymentservice,recommendationservice,0,0,0,0,0,0,0
2026-10-04T14:05:58Z,paymentservice,redis-cart,0,0,0,0,0,0,0
2026-10-04T14:05:58Z,paymentservice,shippingservice,0,0,0,0,0,0,0
2026-10-04T14:05:58Z,productcatalogservice,adservice,0,0,0,0,0,0,0
2026-10-04T14:05:58Z,productcatalogservice,cartservice,0,0,0,0,0,0,0
2026-10-04T14:05:58Z,productcatalogservice,checkoutservice,0,0,0,0,0,0,0
2026-10-04T14:05:58Z,productcatalogservice,currencyservice,0,0,0,0,0,0,0
2026-10-04T14:05:58Z,productcatalogservice,emailservice,0,0,0,0,0,0,0
2026-10-04T14:05:58Z,productcatalogservice,frontend,0,0,0,0,0,0,0
2026-10-04T14:05:58Z,productcatalogservice,kubernetes,0,0,0,0,0,0,0
2026-10-04T14:05:58Z,productcatalogservice,paymentservice,0,0,0,0,0,0,0
2026-10-04T14:05:58Z,productcatalogservice,productcatalogservice,0,0,0,0,0,0,0
2026-10-04T14:05:58Z,productcatalogservice,recommendationservice,0,0,0,0,0,0,0
2026-10-04T14:05:58Z,productcatalogservice,redis-cart,0,0,0,0,0,0,0
2026-10-04T14:05:58Z,productcatalogservice,shippingservice,0,0,0,0,0,0,0
2026-10-04T14:05:58Z,recommendationservice,adservice,0,0,0,0,0,0,0
2026-10-04T14:05:58Z,recommendationservice,cartservice,0,0,0,0,0,0,0
2026-10-04T14:05:58Z,recommendationservice,checkoutservice,0,0,0,0,0,0,0
2026-10-04T14:05:58Z,recommendationservice,currencyservice,0,0,0,0,0,0,0
2026-10-04T14:05:58Z,recommendationservice,emailservice,0,0,0,0,0,0,0
2026-10-04T14:05:58Z,recommendationservice,frontend,0,0,0,0,0,0,0
2026-10-04T14:05:58Z,recommendationservice,kubernetes,0,0,0,0,0,0,0
2026-10-04T14:05:58Z,recommendationservice,paymentservice,0,0,0,0,0,0,0
2026-10-04T14:05:58Z,recommendationservice,productcatalogservice,60228,60220,0,0,0,484236,58675
2026-10-04T14:05:58Z,recommendationservice,recommendationservice,0,0,0,0,0,0,0
2026-10-04T14:05:58Z,recommendationservice,redis-cart,0,0,0,0,0,0,0
2026-10-04T14:05:58Z,recommendationservice,shippingservice,0,0,0,0,0,0,0
2026-10-04T14:05:58Z,redis-cart,adservice,0,0,0,0,0,0,0
2026-10-04T14:05:58Z,redis-cart,cartservice,0,0,0,0,0,0,0
2026-10-04T14:05:58Z,redis-cart,checkoutservice,0,0,0,0,0,0,0
2026-10-04T14:05:58Z,redis-cart,currencyservice,0,0,0,0,0,0,0
2026-10-04T14:05:58Z,redis-cart,emailservice,0,0,0,0,0,0,0
2026-10-04T14:05:58Z,redis-cart,frontend,0,0,0,0,0,0,0
2026-10-04T14:05:58Z,redis-cart,kubernetes,0,0,0,0,0,0,0
2026-10-04T14:05:58Z,redis-cart,paymentservice,0,0,0,0,0,0,0
2026-10-04T14:05:58Z,redis-cart,productcatalogservice,0,0,0,0,0,0,0
2026-10-04T14:05:58Z,redis-cart,recommendationservice,0,0,0,0,0,0,0
2026-10-04T14:05:58Z,redis-cart,redis-cart,0,0,0,0,0,0,0
2026-10-04T14:05:58Z,redis-cart,shippingservice,0,0,0,0,0,0,0
2026-10-04T14:05:58Z,shippingservice,adservice,0,0,0,0,0,0,0
2026-10-04T14:05:58Z,shippingservice,cartservice,0,0,0,0,0,0,0
2026-10-04T14:05:58Z,shippingservice,checkoutservice,0,0,0,0,0,0,0
2026-10-04T14:05:58Z,shippingservice,currencyservice,0,0,0,0,0,0,0
2026-10-04T14:05:58Z,shippingservice,emailservice,0,0,0,0,0,0,0
2026-10-04T14:05:58Z,shippingservice,frontend,0,0,0,0,0,0,0
2026-10-04T14:05:58Z,shippingservice,kubernetes,0,0,0,0,0,0,0
2026-10-04T14:05:58Z,shippingservice,paymentservice,0,0,0,0,0,0,0
2026-10-04T14:05:58Z,shippingservice,productcatalogservice,0,0,0,0,0,0,0
2026-10-04T14:05:58Z,shippingservice,recommendationservice,0,0,0,0,0,0,0
2026-10-04T14:05:58Z,shippingservice,redis-cart,0,0,0,0,0,0,0
2026-10-04T14:05:58Z,shippingservice,shippingservice,0,0,0,0,0,0,0
2026-10-04T14:05:59Z,adservice,adservice,0,0,0,0,0,0,0
2026-10-04T14:05:59Z,adservice,cartservice,0,0,0,0,0,0,0
2026-10-04T14:05:59Z,adservice,checkoutservice,0,0,0,0,0,0,0
2026-10-04T14:05:59Z,adservice,currencyservice,0,0,0,0,0,0,0
2026-10-04T14:05:59Z,adservice,emailservice,0,0,0,0,0,0,0
2026-10-04T14:05:59Z,adservice,frontend,0,0,0,0,0,0,0
2026-10-04T14:05:59Z,adservice,kubernetes,0,0,0,0,0,0,0
2026-10-04T14:05:59Z,adservice,paymentservice,0,0,0,0,0,0,0
2026-10-04T14:05:59Z,adservice,productcatalogservice,0,0,0,0,0,0,0
2026-10-04T14:05:59Z,adservice,recommendationservice,0,0,0,0,0,0,0
2026-10-04T14:05:59Z,adservice,redis-cart,0,0,0,0,0,0,0
2026-10-04T14:05:59Z,adservice,shippingservice,0,0,0,0,0,0,0
2026-10-04T14:05:59Z,cartservice,adservice,0,0,0,0,0,0,0
2026-10-04T14:05:59Z,cartservice,cartservice,0,0,0,0,0,0,0
2026-10-04T14:05:59Z,cartservice,checkoutservice,0,0,0,0,0,0,0
2026-10-04T14:05:59Z,cartservice,currencyservice,0,0,0,0,0,0,0
2026-10-04T14:05:59Z,cartservice,emailservice,0,0,0,0,0,0,0
2026-10-04T14:05:59Z,cartservice,frontend,0,0,0,0,0,0,0
2026-10-04T14:05:59Z,cartservice,kubernetes,0,0,0,0,0,0,0
2026-10-04T14:05:59Z,cartservice,paymentservice,0,0,0,0,0,0,0
2026-10-04T14:05:59Z,cartservice,productcatalogservice,0,0,0,0,0,0,0
2026-10-04T14:05:59Z,cartservice,recommendationservice,0,0,0,0,0,0,0
2026-10-04T14:05:59Z,cartservice,redis-cart,2,0,0,0,0,0,0
2026-10-04T14:05:59Z,cartservice,shippingservice,0,0,0,0,0,0,0
2026-10-04T14:05:59Z,checkoutservice,adservice,0,0,0,0,0,0,0
2026-10-04T14:05:59Z,checkoutservice,cartservice,29328,28656,0,74,0,422249,28538
2026-10-04T14:05:59Z,checkoutservice,checkoutservice,0,0,0,0,0,0,0
2026-10-04T14:05:59Z,checkoutservice,currencyservice,21987,21982,0,0,0,352123,21936
2026-10-04T14:05:59Z,checkoutservice,emailservice,2494,2310,0,42,0,112411,2288
2026-10-04T14:05:59Z,checkoutservice,frontend,0,0,0,0,0,0,0
2026-10-04T14:05:59Z,checkoutservice,kubernetes,0,0,0,0,0,0,0
2026-10-04T14:05:59Z,checkoutservice,paymentservice,17335,16130,0,121,0,268117,16026
2026-10-04T14:05:59Z,checkoutservice,productcatalogservice,0,0,0,0,0,0,0
2026-10-04T14:05:59Z,checkoutservice,recommendationservice,0,0,0,0,0,0,0
2026-10-04T14:05:59Z,checkoutservice,redis-cart,0,0,0,0,0,0,0
2026-10-04T14:05:59Z,checkoutservice,shippingservice,32408,30918,0,113,0,318957,30810
2026-10-04T14:05:59Z,currencyservice,adservice,0,0,0,0,0,0,0
2026-10-04T14:05:59Z,currencyservice,cartservice,0,0,0,0,0,0,0
2026-10-04T14:05:59Z,currencyservice,checkoutservice,0,0,0,0,0,0,0
2026-10-04T14:05:59Z,currencyservice,currencyservice,0,0,0,0,0,0,0
2026-10-04T14:05:59Z,currencyservice,emailservice,0,0,0,0,0,0,0
2026-10-04T14:05:59Z,currencyservice,frontend,0,0,0,0,0,0,0
2026-10-04T14:05:59Z,currencyservice,kubernetes,0,0,0,0,0,0,0
2026-10-04T14:05:59Z,currencyservice,paymentservice,0,0,0,0,0,0,0
2026-10-04T14:05:59Z,currencyservice,productcatalogservice,0,0,0,0,0,0,0
2026-10-04T14:05:59Z,currencyservice,recommendationservice,0,0,0,0,0,0,0
2026-10-04T14:05:59Z,currencyservice,redis-cart,0,0,0,0,0,0,0
2026-10-04T14:05:59Z,currencyservice,shippingservice,0,0,0,0,0,0,0
2026-10-04T14:05:59Z,emailservice,adservice,0,0,0,0,0,0,0
2026-10-04T14:05:59Z,emailservice,cartservice,0,0,0,0,0,0,0
2026-10-04T14:05:59Z,emailservice,checkoutservice,0,0,0,0,0,0,0
2026-10-04T14:05:59Z,emailservice,currencyservice,0,0,0,0,0,0,0
2026-10-04T14:05:59Z,emailservice,emailservice,0,0,0,0,0,0,0
2026-10-04T14:05:59Z,emailservice,frontend,0,0,0,0,0,0,0
2026-10-04T14:05:59Z,emailservice,kubernetes,0,0,0,0,0,0,0
2026-10-04T14:05:59Z,emailservice,paymentservice,0,0,0,0,0,0,0
2026-10-04T14:05:59Z,emailservice,productcatalogservice,0,0,0,0,0,0,0
2026-10-04T14:05:59Z,emailservice,recommendationservice,0,0,0,0,0,0,0
2026-10-04T14:05:59Z,emailservice,redis-cart,0,0,0,0,0,0,0
2026-10-04T14:05:59Z,emailservice,shippingservice,0,0,0,0,0,0,0
2026-10-04T14:05:59Z,frontend,adservice,811207,811205,0,0,0,2446445,811009
2026-10-04T14:05:59Z,frontend,cartservice,1794892,1794878,0,0,4,10002228,1794468
2026-10-04T14:05:59Z,frontend,checkoutservice,380474,179261,0,38318,162883,59988585,179220
2026-10-04T14:05:59Z,frontend,currencyservice,2854280,2854266,0,0,0,15170640,2853584
2026-10-04T14:05:59Z,frontend,emailservice,0,0,0,0,0,0,0
2026-10-04T14:05:59Z,frontend,frontend,0,0,0,0,0,0,0
2026-10-04T14:05:59Z,frontend,kubernetes,0,0,0,0,0,0,0
2026-10-04T14:05:59Z,frontend,paymentservice,0,0,0,0,0,0,0
2026-10-04T14:05:59Z,frontend,productcatalogservice,8030550,8030464,0,0,0,54932472,8028185
2026-10-04T14:05:59Z,frontend,recommendationservice,2584869,1585564,0,104145,892890,777836448,1585173
2026-10-04T14:05:59Z,frontend,redis-cart,0,0,0,0,0,0,0
2026-10-04T14:05:59Z,frontend,shippingservice,297505,297503,0,0,0,904397,297416
2026-10-04T14:05:59Z,paymentservice,adservice,0,0,0,0,0,0,0
2026-10-04T14:05:59Z,paymentservice,cartservice,0,0,0,0,0,0,0
2026-10-04T14:05:59Z,paymentservice,checkoutservice,0,0,0,0,0,0,0
2026-10-04T14:05:59Z,paymentservice,currencyservice,0,0,0,0,0,0,0
2026-10-04T14:05:59Z,paymentservice,emailservice,0,0,0,0,0,0,0
2026-10-04T14:05:59Z,paymentservice,frontend,0,0,0,0,0,0,0
2026-10-04T14:05:59Z,paymentservice,kubernetes,0,0,0,0,0,0,0
2026-10-04T14:05:59Z,paymentservice,paymentservice,0,0,0,0,0,0,0
2026-10-04T14:05:59Z,paymentservice,productcatalogservice,0,0,0,0,0,0,0
2026-10-04T14:05:59Z,paymentservice,recommendationservice,0,0,0,0,0,0,0
2026-10-04T14:05:59Z,paymentservice,redis-cart,0,0,0,0,0,0,0
2026-10-04T14:05:59Z,paymentservice,shippingservice,0,0,0,0,0,0,0
2026-10-04T14:05:59Z,productcatalogservice,adservice,0,0,0,0,0,0,0
2026-10-04T14:05:59Z,productcatalogservice,cartservice,0,0,0,0,0,0,0
2026-10-04T14:05:59Z,productcatalogservice,checkoutservice,0,0,0,0,0,0,0
2026-10-04T14:05:59Z,productcatalogservice,currencyservice,0,0,0,0,0,0,0
2026-10-04T14:05:59Z,productcatalogservice,emailservice,0,0,0,0,0,0,0
2026-10-04T14:05:59Z,productcatalogservice,frontend,0,0,0,0,0,0,0
2026-10-04T14:05:59Z,productcatalogservice,kubernetes,0,0,0,0,0,0,0
2026-10-04T14:05:59Z,productcatalogservice,paymentservice,0,0,0,0,0,0,0
2026-10-04T14:05:59Z,productcatalogservice,productcatalogservice,0,0,0,0,0,0,0
2026-10-04T14:05:59Z,productcatalogservice,recommendationservice,0,0,0,0,0,0,0
2026-10-04T14:05:59Z,productcatalogservice,redis-cart,0,0,0,0,0,0,0
2026-10-04T14:05:59Z,productcatalogservice,shippingservice,0,0,0,0,0,0,0
2026-10-04T14:05:59Z,recommendationservice,adservice,0,0,0,0,0,0,0
2026-10-04T14:05:59Z,recommendationservice,cartservice,0,0,0,0,0,0,0
2026-10-04T14:05:59Z,recommendationservice,checkoutservice,0,0,0,0,0,0,0
2026-10-04T14:05:59Z,recommendationservice,currencyservice,0,0,0,0,0,0,0
2026-10-04T14:05:59Z,recommendationservice,emailservice,0,0,0,0,0,0,0
2026-10-04T14:05:59Z,recommendationservice,frontend,0,0,0,0,0,0,0
2026-10-04T14:05:59Z,recommendationservice,kubernetes,0,0,0,0,0,0,0
2026-10-04T14:05:59Z,recommendationservice,paymentservice,0,0,0,0,0,0,0
2026-10-04T14:05:59Z,recommendationservice,productcatalogservice,60709,60707,0,0,0,484236,58675
2026-10-04T14:05:59Z,recommendationservice,recommendationservice,0,0,0,0,0,0,0
2026-10-04T14:05:59Z,recommendationservice,redis-cart,0,0,0,0,0,0,0
2026-10-04T14:05:59Z,recommendationservice,shippingservice,0,0,0,0,0,0,0
2026-10-04T14:05:59Z,redis-cart,adservice,0,0,0,0,0,0,0
2026-10-04T14:05:59Z,redis-cart,cartservice,0,0,0,0,0,0,0
2026-10-04T14:05:59Z,redis-cart,checkoutservice,0,0,0,0,0,0,0
2026-10-04T14:05:59Z,redis-cart,currencyservice,0,0,0,0,0,0,0
2026-10-04T14:05:59Z,redis-cart,emailservice,0,0,0,0,0,0,0
2026-10-04T14:05:59Z,redis-cart,frontend,0,0,0,0,0,0,0
2026-10-04T14:05:59Z,redis-cart,kubernetes,0,0,0,0,0,0,0
2026-10-04T14:05:59Z,redis-cart,paymentservice,0,0,0,0,0,0,0
2026-10-04T14:05:59Z,redis-cart,productcatalogservice,0,0,0,0,0,0,0
2026-10-04T14:05:59Z,redis-cart,recommendationservice,0,0,0,0,0,0,0
2026-10-04T14:05:59Z,redis-cart,redis-cart,0,0,0,0,0,0,0
2026-10-04T14:05:59Z,redis-cart,shippingservice,0,0,0,0,0,0,0
2026-10-04T14:05:59Z,shippingservice,adservice,0,0,0,0,0,0,0
2026-10-04T14:05:59Z,shippingservice,cartservice,0,0,0,0,0,0,0
2026-10-04T14:05:59Z,shippingservice,checkoutservice,0,0,0,0,0,0,0
2026-10-04T14:05:59Z,shippingservice,currencyservice,0,0,0,0,0,0,0
2026-10-04T14:05:59Z,shippingservice,emailservice,0,0,0,0,0,0,0
2026-10-04T14:05:59Z,shippingservice,frontend,0,0,0,0,0,0,0
2026-10-04T14:05:59Z,shippingservice,kubernetes,0,0,0,0,0,0,0
2026-10-04T14:05:59Z,shippingservice,paymentservice,0,0,0,0,0,0,0
2026-10-04T14:05:59Z,shippingservice,productcatalogservice,0,0,0,0,0,0,0
2026-10-04T14:05:59Z,shippingservice,recommendationservice,0,0,0,0,0,0,0
2026-10-04T14:05:59Z,shippingservice,redis-cart,0,0,0,0,0,0,0
2026-10-04T14:05:59Z,shippingservice,shippingservice,0,0,0,0,0,0,0
2026-10-04T14:06:00Z,adservice,adservice,0,0,0,0,0,0,0
2026-10-04T14:06:00Z,adservice,cartservice,0,0,0,0,0,0,0
2026-10-04T14:06:00Z,adservice,checkoutservice,0,0,0,0,0,0,0
2026-10-04T14:06:00Z,adservice,currencyservice,0,0,0,0,0,0,0
2026-10-04T14:06:00Z,adservice,emailservice,0,0,0,0,0,0,0
2026-10-04T14:06:00Z,adservice,frontend,0,0,0,0,0,0,0
2026-10-04T14:06:00Z,adservice,kubernetes,0,0,0,0,0,0,0
2026-10-04T14:06:00Z,adservice,paymentservice,0,0,0,0,0,0,0
2026-10-04T14:06:00Z,adservice,productcatalogservice,0,0,0,0,0,0,0
2026-10-04T14:06:00Z,adservice,recommendationservice,0,0,0,0,0,0,0
2026-10-04T14:06:00Z,adservice,redis-cart,0,0,0,0,0,0,0
2026-10-04T14:06:00Z,adservice,shippingservice,0,0,0,0,0,0,0
2026-10-04T14:06:00Z,cartservice,adservice,0,0,0,0,0,0,0
2026-10-04T14:06:00Z,cartservice,cartservice,0,0,0,0,0,0,0
2026-10-04T14:06:00Z,cartservice,checkoutservice,0,0,0,0,0,0,0
2026-10-04T14:06:00Z,cartservice,currencyservice,0,0,0,0,0,0,0
2026-10-04T14:06:00Z,cartservice,emailservice,0,0,0,0,0,0,0
2026-10-04T14:06:00Z,cartservice,frontend,0,0,0,0,0,0,0
2026-10-04T14:06:00Z,cartservice,kubernetes,0,0,0,0,0,0,0
2026-10-04T14:06:00Z,cartservice,paymentservice,0,0,0,0,0,0,0
2026-10-04T14:06:00Z,cartservice,productcatalogservice,0,0,0,0,0,0,0
2026-10-04T14:06:00Z,cartservice,recommendationservice,0,0,0,0,0,0,0
2026-10-04T14:06:00Z,cartservice,redis-cart,2,0,0,0,0,0,0
2026-10-04T14:06:00Z,cartservice,shippingservice,0,0,0,0,0,0,0
2026-10-04T14:06:00Z,checkoutservice,adservice,0,0,0,0,0,0,0
2026-10-04T14:06:00Z,checkoutservice,cartservice,29584,28912,0,74,0,422249,28538
2026-10-04T14:06:00Z,checkoutservice,checkoutservice,0,0,0,0,0,0,0
2026-10-04T14:06:00Z,checkoutservice,currencyservice,22114,22113,0,0,0,352123,21936
2026-10-04T14:06:00Z,checkoutservice,emailservice,2626,2389,0,51,0,112411,2288
2026-10-04T14:06:00Z,checkoutservice,frontend,0,0,0,0,0,0,0
2026-10-04T14:06:00Z,checkoutservice,kubernetes,0,0,0,0,0,0,0
2026-10-04T14:06:00Z,checkoutservice,paymentservice,17467,16262,0,121,0,268117,16026
2026-10-04T14:06:00Z,checkoutservice,productcatalogservice,0,0,0,0,0,0,0
2026-10-04T14:06:00Z,checkoutservice,recommendationservice,0,0,0,0,0,0,0
2026-10-04T14:06:00Z,checkoutservice,redis-cart,0,0,0,0,0,0,0
2026-10-04T14:06:00Z,checkoutservice,shippingservice,32644,31159,0,113,0,318957,30810
2026-10-04T14:06:00Z,currencyservice,adservice,0,0,0,0,0,0,0
2026-10-04T14:06:00Z,currencyservice,cartservice,0,0,0,0,0,0,0
2026-10-04T14:06:00Z,currencyservice,checkoutservice,0,0,0,0,0,0,0
2026-10-04T14:06:00Z,currencyservice,currencyservice,0,0,0,0,0,0,0
2026-10-04T14:06:00Z,currencyservice,emailservice,0,0,0,0,0,0,0
2026-10-04T14:06:00Z,currencyservice,frontend,0,0,0,0,0,0,0
2026-10-04T14:06:00Z,currencyservice,kubernetes,0,0,0,0,0,0,0
2026-10-04T14:06:00Z,currencyservice,paymentservice,0,0,0,0,0,0,0
2026-10-04T14:06:00Z,currencyservice,productcatalogservice,0,0,0,0,0,0,0
2026-10-04T14:06:00Z,currencyservice,recommendationservice,0,0,0,0,0,0,0
2026-10-04T14:06:00Z,currencyservice,redis-cart,0,0,0,0,0,0,0
2026-10-04T14:06:00Z,currencyservice,shippingservice,0,0,0,0,0,0,0
2026-10-04T14:06:00Z,emailservice,adservice,0,0,0,0,0,0,0
2026-10-04T14:06:00Z,emailservice,cartservice,0,0,0,0,0,0,0
2026-10-04T14:06:00Z,emailservice,checkoutservice,0,0,0,0,0,0,0
2026-10-04T14:06:00Z,emailservice,currencyservice,0,0,0,0,0,0,0
2026-10-04T14:06:00Z,emailservice,emailservice,0,0,0,0,0,0,0
2026-10-04T14:06:00Z,emailservice,frontend,0,0,0,0,0,0,0
2026-10-04T14:06:00Z,emailservice,kubernetes,0,0,0,0,0,0,0
2026-10-04T14:06:00Z,emailservice,paymentservice,0,0,0,0,0,0,0
2026-10-04T14:06:00Z,emailservice,productcatalogservice,0,0,0,0,0,0,0
2026-10-04T14:06:00Z,emailservice,recommendationservice,0,0,0,0,0,0,0
2026-10-04T14:06:00Z,emailservice,redis-cart,0,0,0,0,0,0,0
2026-10-04T14:06:00Z,emailservice,shippingservice,0,0,0,0,0,0,0
2026-10-04T14:06:00Z,frontend,adservice,811452,811450,0,0,0,2446445,811009
2026-10-04T14:06:00Z,frontend,cartservice,1795390,1795376,0,0,4,10002228,1794468
2026-10-04T14:06:00Z,frontend,checkoutservice,380644,179312,0,38318,162962,59988585,179220
2026-10-04T14:06:00Z,frontend,currencyservice,2855129,2855115,0,0,0,15170640,2853584
2026-10-04T14:06:00Z,frontend,emailservice,0,0,0,0,0,0,0
2026-10-04T14:06:00Z,frontend,frontend,0,0,0,0,0,0,0
2026-10-04T14:06:00Z,frontend,kubernetes,0,0,0,0,0,0,0
2026-10-04T14:06:00Z,frontend,paymentservice,0,0,0,0,0,0,0
2026-10-04T14:06:00Z,frontend,productcatalogservice,8033221,8033133,0,0,0,54932472,8028185
2026-10-04T14:06:00Z,frontend,recommendationservice,2585359,1586018,0,104145,892890,777836448,1585173
2026-10-04T14:06:00Z,frontend,redis-cart,0,0,0,0,0,0,0
2026-10-04T14:06:00Z,frontend,shippingservice,297621,297619,0,0,0,904397,297416
2026-10-04T14:06:00Z,paymentservice,adservice,0,0,0,0,0,0,0
2026-10-04T14:06:00Z,paymentservice,cartservice,0,0,0,0,0,0,0
2026-10-04T14:06:00Z,paymentservice,checkoutservice,0,0,0,0,0,0,0
2026-10-04T14:06:00Z,paymentservice,currencyservice,0,0,0,0,0,0,0
2026-10-04T14:06:00Z,paymentservice,emailservice,0,0,0,0,0,0,0
2026-10-04T14:06:00Z,paymentservice,frontend,0,0,0,0,0,0,0
2026-10-04T14:06:00Z,paymentservice,kubernetes,0,0,0,0,0,0,0
2026-10-04T14:06:00Z,paymentservice,paymentservice,0,0,0,0,0,0,0
2026-10-04T14:06:00Z,paymentservice,productcatalogservice,0,0,0,0,0,0,0
2026-10-04T14:06:00Z,paymentservice,recommendationservice,0,0,0,0,0,0,0
2026-10-04T14:06:00Z,paymentservice,redis-cart,0,0,0,0,0,0,0
2026-10-04T14:06:00Z,paymentservice,shippingservice,0,0,0,0,0,0,0
2026-10-04T14:06:00Z,productcatalogservice,adservice,0,0,0,0,0,0,0
2026-10-04T14:06:00Z,productcatalogservice,cartservice,0,0,0,0,0,0,0
2026-10-04T14:06:00Z,productcatalogservice,checkoutservice,0,0,0,0,0,0,0
2026-10-04T14:06:00Z,productcatalogservice,currencyservice,0,0,0,0,0,0,0
2026-10-04T14:06:00Z,productcatalogservice,emailservice,0,0,0,0,0,0,0
2026-10-04T14:06:00Z,productcatalogservice,frontend,0,0,0,0,0,0,0
2026-10-04T14:06:00Z,productcatalogservice,kubernetes,0,0,0,0,0,0,0
2026-10-04T14:06:00Z,productcatalogservice,paymentservice,0,0,0,0,0,0,0
2026-10-04T14:06:00Z,productcatalogservice,productcatalogservice,0,0,0,0,0,0,0
2026-10-04T14:06:00Z,productcatalogservice,recommendationservice,0,0,0,0,0,0,0
2026-10-04T14:06:00Z,productcatalogservice,redis-cart,0,0,0,0,0,0,0
2026-10-04T14:06:00Z,productcatalogservice,shippingservice,0,0,0,0,0,0,0
2026-10-04T14:06:00Z,recommendationservice,adservice,0,0,0,0,0,0,0
2026-10-04T14:06:00Z,recommendationservice,cartservice,0,0,0,0,0,0,0
2026-10-04T14:06:00Z,recommendationservice,checkoutservice,0,0,0,0,0,0,0
2026-10-04T14:06:00Z,recommendationservice,currencyservice,0,0,0,0,0,0,0
2026-10-04T14:06:00Z,recommendationservice,emailservice,0,0,0,0,0,0,0
2026-10-04T14:06:00Z,recommendationservice,frontend,0,0,0,0,0,0,0
2026-10-04T14:06:00Z,recommendationservice,kubernetes,0,0,0,0,0,0,0
2026-10-04T14:06:00Z,recommendationservice,paymentservice,0,0,0,0,0,0,0
2026-10-04T14:06:00Z,recommendationservice,productcatalogservice,61136,61134,0,0,0,501684,60996
2026-10-04T14:06:00Z,recommendationservice,recommendationservice,0,0,0,0,0,0,0
2026-10-04T14:06:00Z,recommendationservice,redis-cart,0,0,0,0,0,0,0
2026-10-04T14:06:00Z,recommendationservice,shippingservice,0,0,0,0,0,0,0
2026-10-04T14:06:00Z,redis-cart,adservice,0,0,0,0,0,0,0
2026-10-04T14:06:00Z,redis-cart,cartservice,0,0,0,0,0,0,0
2026-10-04T14:06:00Z,redis-cart,checkoutservice,0,0,0,0,0,0,0
2026-10-04T14:06:00Z,redis-cart,currencyservice,0,0,0,0,0,0,0
2026-10-04T14:06:00Z,redis-cart,emailservice,0,0,0,0,0,0,0
2026-10-04T14:06:00Z,redis-cart,frontend,0,0,0,0,0,0,0
2026-10-04T14:06:00Z,redis-cart,kubernetes,0,0,0,0,0,0,0
2026-10-04T14:06:00Z,redis-cart,paymentservice,0,0,0,0,0,0,0
2026-10-04T14:06:00Z,redis-cart,productcatalogservice,0,0,0,0,0,0,0
2026-10-04T14:06:00Z,redis-cart,recommendationservice,0,0,0,0,0,0,0
2026-10-04T14:06:00Z,redis-cart,redis-cart,0,0,0,0,0,0,0
2026-10-04T14:06:00Z,redis-cart,shippingservice,0,0,0,0,0,0,0
2026-10-04T14:06:00Z,shippingservice,adservice,0,0,0,0,0,0,0
2026-10-04T14:06:00Z,shippingservice,cartservice,0,0,0,0,0,0,0
2026-10-04T14:06:00Z,shippingservice,checkoutservice,0,0,0,0,0,0,0
2026-10-04T14:06:00Z,shippingservice,currencyservice,0,0,0,0,0,0,0
2026-10-04T14:06:00Z,shippingservice,emailservice,0,0,0,0,0,0,0
2026-10-04T14:06:00Z,shippingservice,frontend,0,0,0,0,0,0,0
2026-10-04T14:06:00Z,shippingservice,kubernetes,0,0,0,0,0,0,0
2026-10-04T14:06:00Z,shippingservice,paymentservice,0,0,0,0,0,0,0
2026-10-04T14:06:00Z,shippingservice,productcatalogservice,0,0,0,0,0,0,0
2026-10-04T14:06:00Z,shippingservice,recommendationservice,0,0,0,0,0,0,0
2026-10-04T14:06:00Z,shippingservice,redis-cart,0,0,0,0,0,0,0
2026-10-04T14:06:00Z,shippingservice,shippingservice,0,0,0,0,0,0,0
2026-10-04T14:06:01Z,adservice,adservice,0,0,0,0,0,0,0
2026-10-04T14:06:01Z,adservice,cartservice,0,0,0,0,0,0,0
2026-10-04T14:06:01Z,adservice,checkoutservice,0,0,0,0,0,0,0
2026-10-04T14:06:01Z,adservice,currencyservice,0,0,0,0,0,0,0
2026-10-04T14:06:01Z,adservice,emailservice,0,0,0,0,0,0,0
2026-10-04T14:06:01Z,adservice,frontend,0,0,0,0,0,0,0
2026-10-04T14:06:01Z,adservice,kubernetes,0,0,0,0,0,0,0
2026-10-04T14:06:01Z,adservice,paymentservice,0,0,0,0,0,0,0
2026-10-04T14:06:01Z,adservice,productcatalogservice,0,0,0,0,0,0,0
2026-10-04T14:06:01Z,adservice,recommendationservice,0,0,0,0,0,0,0
2026-10-04T14:06:01Z,adservice,redis-cart,0,0,0,0,0,0,0
2026-10-04T14:06:01Z,adservice,shippingservice,0,0,0,0,0,0,0
2026-10-04T14:06:01Z,cartservice,adservice,0,0,0,0,0,0,0
2026-10-04T14:06:01Z,cartservice,cartservice,0,0,0,0,0,0,0
2026-10-04T14:06:01Z,cartservice,checkoutservice,0,0,0,0,0,0,0
2026-10-04T14:06:01Z,cartservice,currencyservice,0,0,0,0,0,0,0
2026-10-04T14:06:01Z,cartservice,emailservice,0,0,0,0,0,0,0
2026-10-04T14:06:01Z,cartservice,frontend,0,0,0,0,0,0,0
2026-10-04T14:06:01Z,cartservice,kubernetes,0,0,0,0,0,0,0
2026-10-04T14:06:01Z,cartservice,paymentservice,0,0,0,0,0,0,0
2026-10-04T14:06:01Z,cartservice,productcatalogservice,0,0,0,0,0,0,0
2026-10-04T14:06:01Z,cartservice,recommendationservice,0,0,0,0,0,0,0
2026-10-04T14:06:01Z,cartservice,redis-cart,2,0,0,0,0,0,0
2026-10-04T14:06:01Z,cartservice,shippingservice,0,0,0,0,0,0,0
2026-10-04T14:06:01Z,checkoutservice,adservice,0,0,0,0,0,0,0
2026-10-04T14:06:01Z,checkoutservice,cartservice,29850,29157,0,76,0,422249,28538
2026-10-04T14:06:01Z,checkoutservice,checkoutservice,0,0,0,0,0,0,0
2026-10-04T14:06:01Z,checkoutservice,currencyservice,22316,22307,0,0,0,352123,21936
2026-10-04T14:06:01Z,checkoutservice,emailservice,2643,2392,0,60,0,112411,2288
2026-10-04T14:06:01Z,checkoutservice,frontend,0,0,0,0,0,0,0
2026-10-04T14:06:01Z,checkoutservice,kubernetes,0,0,0,0,0,0,0
2026-10-04T14:06:01Z,checkoutservice,paymentservice,17657,16438,0,121,0,268117,16026
2026-10-04T14:06:01Z,checkoutservice,productcatalogservice,0,0,0,0,0,0,0
2026-10-04T14:06:01Z,checkoutservice,recommendationservice,0,0,0,0,0,0,0
2026-10-04T14:06:01Z,checkoutservice,redis-cart,0,0,0,0,0,0,0
2026-10-04T14:06:01Z,checkoutservice,shippingservice,33015,31510,0,113,0,318957,30810
2026-10-04T14:06:01Z,currencyservice,adservice,0,0,0,0,0,0,0
2026-10-04T14:06:01Z,currencyservice,cartservice,0,0,0,0,0,0,0
2026-10-04T14:06:01Z,currencyservice,checkoutservice,0,0,0,0,0,0,0
2026-10-04T14:06:01Z,currencyservice,currencyservice,0,0,0,0,0,0,0
2026-10-04T14:06:01Z,currencyservice,emailservice,0,0,0,0,0,0,0
2026-10-04T14:06:01Z,currencyservice,frontend,0,0,0,0,0,0,0
2026-10-04T14:06:01Z,currencyservice,kubernetes,0,0,0,0,0,0,0
2026-10-04T14:06:01Z,currencyservice,paymentservice,0,0,0,0,0,0,0
2026-10-04T14:06:01Z,currencyservice,productcatalogservice,0,0,0,0,0,0,0
2026-10-04T14:06:01Z,currencyservice,recommendationservice,0,0,0,0,0,0,0
2026-10-04T14:06:01Z,currencyservice,redis-cart,0,0,0,0,0,0,0
2026-10-04T14:06:01Z,currencyservice,shippingservice,0,0,0,0,0,0,0
2026-10-04T14:06:01Z,emailservice,adservice,0,0,0,0,0,0,0
2026-10-04T14:06:01Z,emailservice,cartservice,0,0,0,0,0,0,0
2026-10-04T14:06:01Z,emailservice,checkoutservice,0,0,0,0,0,0,0
2026-10-04T14:06:01Z,emailservice,currencyservice,0,0,0,0,0,0,0
2026-10-04T14:06:01Z,emailservice,emailservice,0,0,0,0,0,0,0
2026-10-04T14:06:01Z,emailservice,frontend,0,0,0,0,0,0,0
2026-10-04T14:06:01Z,emailservice,kubernetes,0,0,0,0,0,0,0
2026-10-04T14:06:01Z,emailservice,paymentservice,0,0,0,0,0,0,0
2026-10-04T14:06:01Z,emailservice,productcatalogservice,0,0,0,0,0,0,0
2026-10-04T14:06:01Z,emailservice,recommendationservice,0,0,0,0,0,0,0
2026-10-04T14:06:01Z,emailservice,redis-cart,0,0,0,0,0,0,0
2026-10-04T14:06:01Z,emailservice,shippingservice,0,0,0,0,0,0,0
2026-10-04T14:06:01Z,frontend,adservice,811756,811754,0,0,0,2446445,811009
2026-10-04T14:06:01Z,frontend,cartservice,1795848,1795834,0,0,4,10002228,1794468
2026-10-04T14:06:01Z,frontend,checkoutservice,380837,179340,0,38327,163116,59988585,179220
2026-10-04T14:06:01Z,frontend,currencyservice,2855843,2855835,0,0,0,15170640,2853584
2026-10-04T14:06:01Z,frontend,emailservice,0,0,0,0,0,0,0
2026-10-04T14:06:01Z,frontend,frontend,0,0,0,0,0,0,0
2026-10-04T14:06:01Z,frontend,kubernetes,0,0,0,0,0,0,0
2026-10-04T14:06:01Z,frontend,paymentservice,0,0,0,0,0,0,0
2026-10-04T14:06:01Z,frontend,productcatalogservice,8035755,8035667,0,0,0,54932472,8028185
2026-10-04T14:06:01Z,frontend,recommendationservice,2585769,1586454,0,104145,892890,777836448,1585173
2026-10-04T14:06:01Z,frontend,redis-cart,0,0,0,0,0,0,0
2026-10-04T14:06:01Z,frontend,shippingservice,297705,297703,0,0,0,904397,297416
2026-10-04T14:06:01Z,paymentservice,adservice,0,0,0,0,0,0,0
2026-10-04T14:06:01Z,paymentservice,cartservice,0,0,0,0,0,0,0
2026-10-04T14:06:01Z,paymentservice,checkoutservice,0,0,0,0,0,0,0
2026-10-04T14:06:01Z,paymentservice,currencyservice,0,0,0,0,0,0,0
2026-10-04T14:06:01Z,paymentservice,emailservice,0,0,0,0,0,0,0
2026-10-04T14:06:01Z,paymentservice,frontend,0,0,0,0,0,0,0
2026-10-04T14:06:01Z,paymentservice,kubernetes,0,0,0,0,0,0,0
2026-10-04T14:06:01Z,paymentservice,paymentservice,0,0,0,0,0,0,0
2026-10-04T14:06:01Z,paymentservice,productcatalogservice,0,0,0,0,0,0,0
2026-10-04T14:06:01Z,paymentservice,recommendationservice,0,0,0,0,0,0,0
2026-10-04T14:06:01Z,paymentservice,redis-cart,0,0,0,0,0,0,0
2026-10-04T14:06:01Z,paymentservice,shippingservice,0,0,0,0,0,0,0
2026-10-04T14:06:01Z,productcatalogservice,adservice,0,0,0,0,0,0,0
2026-10-04T14:06:01Z,productcatalogservice,cartservice,0,0,0,0,0,0,0
2026-10-04T14:06:01Z,productcatalogservice,checkoutservice,0,0,0,0,0,0,0
2026-10-04T14:06:01Z,productcatalogservice,currencyservice,0,0,0,0,0,0,0
2026-10-04T14:06:01Z,productcatalogservice,emailservice,0,0,0,0,0,0,0
2026-10-04T14:06:01Z,productcatalogservice,frontend,0,0,0,0,0,0,0
2026-10-04T14:06:01Z,productcatalogservice,kubernetes,0,0,0,0,0,0,0
2026-10-04T14:06:01Z,productcatalogservice,paymentservice,0,0,0,0,0,0,0
2026-10-04T14:06:01Z,productcatalogservice,productcatalogservice,0,0,0,0,0,0,0
2026-10-04T14:06:01Z,productcatalogservice,recommendationservice,0,0,0,0,0,0,0
2026-10-04T14:06:01Z,productcatalogservice,redis-cart,0,0,0,0,0,0,0
2026-10-04T14:06:01Z,productcatalogservice,shippingservice,0,0,0,0,0,0,0
2026-10-04T14:06:01Z,recommendationservice,adservice,0,0,0,0,0,0,0
2026-10-04T14:06:01Z,recommendationservice,cartservice,0,0,0,0,0,0,0
2026-10-04T14:06:01Z,recommendationservice,checkoutservice,0,0,0,0,0,0,0
2026-10-04T14:06:01Z,recommendationservice,currencyservice,0,0,0,0,0,0,0
2026-10-04T14:06:01Z,recommendationservice,emailservice,0,0,0,0,0,0,0
2026-10-04T14:06:01Z,recommendationservice,frontend,0,0,0,0,0,0,0
2026-10-04T14:06:01Z,recommendationservice,kubernetes,0,0,0,0,0,0,0
2026-10-04T14:06:01Z,recommendationservice,paymentservice,0,0,0,0,0,0,0
2026-10-04T14:06:01Z,recommendationservice,productcatalogservice,61591,61581,0,0,0,501684,60996
2026-10-04T14:06:01Z,recommendationservice,recommendationservice,0,0,0,0,0,0,0
2026-10-04T14:06:01Z,recommendationservice,redis-cart,0,0,0,0,0,0,0
2026-10-04T14:06:01Z,recommendationservice,shippingservice,0,0,0,0,0,0,0
2026-10-04T14:06:01Z,redis-cart,adservice,0,0,0,0,0,0,0
2026-10-04T14:06:01Z,redis-cart,cartservice,0,0,0,0,0,0,0
2026-10-04T14:06:01Z,redis-cart,checkoutservice,0,0,0,0,0,0,0
2026-10-04T14:06:01Z,redis-cart,currencyservice,0,0,0,0,0,0,0
2026-10-04T14:06:01Z,redis-cart,emailservice,0,0,0,0,0,0,0
2026-10-04T14:06:01Z,redis-cart,frontend,0,0,0,0,0,0,0
2026-10-04T14:06:01Z,redis-cart,kubernetes,0,0,0,0,0,0,0
2026-10-04T14:06:01Z,redis-cart,paymentservice,0,0,0,0,0,0,0
2026-10-04T14:06:01Z,redis-cart,productcatalogservice,0,0,0,0,0,0,0
2026-10-04T14:06:01Z,redis-cart,recommendationservice,0,0,0,0,0,0,0
2026-10-04T14:06:01Z,redis-cart,redis-cart,0,0,0,0,0,0,0
2026-10-04T14:06:01Z,redis-cart,shippingservice,0,0,0,0,0,0,0
2026-10-04T14:06:01Z,shippingservice,adservice,0,0,0,0,0,0,0
2026-10-04T14:06:01Z,shippingservice,cartservice,0,0,0,0,0,0,0
2026-10-04T14:06:01Z,shippingservice,checkoutservice,0,0,0,0,0,0,0
2026-10-04T14:06:01Z,shippingservice,currencyservice,0,0,0,0,0,0,0
2026-10-04T14:06:01Z,shippingservice,emailservice,0,0,0,0,0,0,0
2026-10-04T14:06:01Z,shippingservice,frontend,0,0,0,0,0,0,0
2026-10-04T14:06:01Z,shippingservice,kubernetes,0,0,0,0,0,0,0
2026-10-04T14:06:01Z,shippingservice,paymentservice,0,0,0,0,0,0,0
2026-10-04T14:06:01Z,shippingservice,productcatalogservice,0,0,0,0,0,0,0
2026-10-04T14:06:01Z,shippingservice,recommendationservice,0,0,0,0,0,0,0
2026-10-04T14:06:01Z,shippingservice,redis-cart,0,0,0,0,0,0,0
2026-10-04T14:06:01Z,shippingservice,shippingservice,0,0,0,0,0,0,0
2026-10-04T14:06:02Z,adservice,adservice,0,0,0,0,0,0,0
2026-10-04T14:06:02Z,adservice,cartservice,0,0,0,0,0,0,0
2026-10-04T14:06:02Z,adservice,checkoutservice,0,0,0,0,0,0,0
2026-10-04T14:06:02Z,adservice,currencyservice,0,0,0,0,0,0,0
2026-10-04T14:06:02Z,adservice,emailservice,0,0,0,0,0,0,0
2026-10-04T14:06:02Z,adservice,frontend,0,0,0,0,0,0,0
2026-10-04T14:06:02Z,adservice,kubernetes,0,0,0,0,0,0,0
2026-10-04T14:06:02Z,adservice,paymentservice,0,0,0,0,0,0,0
2026-10-04T14:06:02Z,adservice,productcatalogservice,0,0,0,0,0,0,0
2026-10-04T14:06:02Z,adservice,recommendationservice,0,0,0,0,0,0,0
2026-10-04T14:06:02Z,adservice,redis-cart,0,0,0,0,0,0,0
2026-10-04T14:06:02Z,adservice,shippingservice,0,0,0,0,0,0,0
2026-10-04T14:06:02Z,cartservice,adservice,0,0,0,0,0,0,0
2026-10-04T14:06:02Z,cartservice,cartservice,0,0,0,0,0,0,0
2026-10-04T14:06:02Z,cartservice,checkoutservice,0,0,0,0,0,0,0
2026-10-04T14:06:02Z,cartservice,currencyservice,0,0,0,0,0,0,0
2026-10-04T14:06:02Z,cartservice,emailservice,0,0,0,0,0,0,0
2026-10-04T14:06:02Z,cartservice,frontend,0,0,0,0,0,0,0
2026-10-04T14:06:02Z,cartservice,kubernetes,0,0,0,0,0,0,0
2026-10-04T14:06:02Z,cartservice,paymentservice,0,0,0,0,0,0,0
2026-10-04T14:06:02Z,cartservice,productcatalogservice,0,0,0,0,0,0,0
2026-10-04T14:06:02Z,cartservice,recommendationservice,0,0,0,0,0,0,0
2026-10-04T14:06:02Z,cartservice,redis-cart,2,0,0,0,0,0,0
2026-10-04T14:06:02Z,cartservice,shippingservice,0,0,0,0,0,0,0
2026-10-04T14:06:02Z,checkoutservice,adservice,0,0,0,0,0,0,0
2026-10-04T14:06:02Z,checkoutservice,cartservice,30048,29338,0,76,0,432522,29264
2026-10-04T14:06:02Z,checkoutservice,checkoutservice,0,0,0,0,0,0,0
2026-10-04T14:06:02Z,checkoutservice,currencyservice,22482,22481,0,0,0,359167,22397
2026-10-04T14:06:02Z,checkoutservice,emailservice,2645,2392,0,60,0,120849,2392
2026-10-04T14:06:02Z,checkoutservice,frontend,0,0,0,0,0,0,0
2026-10-04T14:06:02Z,checkoutservice,kubernetes,0,0,0,0,0,0,0
2026-10-04T14:06:02Z,checkoutservice,paymentservice,17802,16573,0,125,0,274865,16458
2026-10-04T14:06:02Z,checkoutservice,productcatalogservice,0,0,0,0,0,0,0
2026-10-04T14:06:02Z,checkoutservice,recommendationservice,0,0,0,0,0,0,0
2026-10-04T14:06:02Z,checkoutservice,redis-cart,0,0,0,0,0,0,0
2026-10-04T14:06:02Z,checkoutservice,shippingservice,33226,31708,0,114,0,326711,31613
2026-10-04T14:06:02Z,currencyservice,adservice,0,0,0,0,0,0,0
2026-10-04T14:06:02Z,currencyservice,cartservice,0,0,0,0,0,0,0
2026-10-04T14:06:02Z,currencyservice,checkoutservice,0,0,0,0,0,0,0
2026-10-04T14:06:02Z,currencyservice,currencyservice,0,0,0,0,0,0,0
2026-10-04T14:06:02Z,currencyservice,emailservice,0,0,0,0,0,0,0
2026-10-04T14:06:02Z,currencyservice,frontend,0,0,0,0,0,0,0
2026-10-04T14:06:02Z,currencyservice,kubernetes,0,0,0,0,0,0,0
2026-10-04T14:06:02Z,currencyservice,paymentservice,0,0,0,0,0,0,0
2026-10-04T14:06:02Z,currencyservice,productcatalogservice,0,0,0,0,0,0,0
2026-10-04T14:06:02Z,currencyservice,recommendationservice,0,0,0,0,0,0,0
2026-10-04T14:06:02Z,currencyservice,redis-cart,0,0,0,0,0,0,0
2026-10-04T14:06:02Z,currencyservice,shippingservice,0,0,0,0,0,0,0
2026-10-04T14:06:02Z,emailservice,adservice,0,0,0,0,0,0,0
2026-10-04T14:06:02Z,emailservice,cartservice,0,0,0,0,0,0,0
2026-10-04T14:06:02Z,emailservice,checkoutservice,0,0,0,0,0,0,0
2026-10-04T14:06:02Z,emailservice,currencyservice,0,0,0,0,0,0,0
2026-10-04T14:06:02Z,emailservice,emailservice,0,0,0,0,0,0,0
2026-10-04T14:06:02Z,emailservice,frontend,0,0,0,0,0,0,0
2026-10-04T14:06:02Z,emailservice,kubernetes,0,0,0,0,0,0,0
2026-10-04T14:06:02Z,emailservice,paymentservice,0,0,0,0,0,0,0
2026-10-04T14:06:02Z,emailservice,productcatalogservice,0,0,0,0,0,0,0
2026-10-04T14:06:02Z,emailservice,recommendationservice,0,0,0,0,0,0,0
2026-10-04T14:06:02Z,emailservice,redis-cart,0,0,0,0,0,0,0
2026-10-04T14:06:02Z,emailservice,shippingservice,0,0,0,0,0,0,0
2026-10-04T14:06:02Z,frontend,adservice,812022,812020,0,0,0,2446445,811009
2026-10-04T14:06:02Z,frontend,cartservice,1796308,1796293,0,0,4,10002228,1794468
2026-10-04T14:06:02Z,frontend,checkoutservice,381026,179366,0,38369,163241,59988585,179220
2026-10-04T14:06:02Z,frontend,currencyservice,2856584,2856576,0,0,0,15170640,2853584
2026-10-04T14:06:02Z,frontend,emailservice,0,0,0,0,0,0,0
2026-10-04T14:06:02Z,frontend,frontend,0,0,0,0,0,0,0
2026-10-04T14:06:02Z,frontend,kubernetes,0,0,0,0,0,0,0
2026-10-04T14:06:02Z,frontend,paymentservice,0,0,0,0,0,0,0
2026-10-04T14:06:02Z,frontend,productcatalogservice,8038171,8038087,0,0,0,54932472,8028185
2026-10-04T14:06:02Z,frontend,recommendationservice,2586213,1586872,0,104145,892890,777836448,1585173
2026-10-04T14:06:02Z,frontend,redis-cart,0,0,0,0,0,0,0
2026-10-04T14:06:02Z,frontend,shippingservice,297803,297801,0,0,0,904397,297416
2026-10-04T14:06:02Z,paymentservice,adservice,0,0,0,0,0,0,0
2026-10-04T14:06:02Z,paymentservice,cartservice,0,0,0,0,0,0,0
2026-10-04T14:06:02Z,paymentservice,checkoutservice,0,0,0,0,0,0,0
2026-10-04T14:06:02Z,paymentservice,currencyservice,0,0,0,0,0,0,0
2026-10-04T14:06:02Z,paymentservice,emailservice,0,0,0,0,0,0,0
2026-10-04T14:06:02Z,paymentservice,frontend,0,0,0,0,0,0,0
2026-10-04T14:06:02Z,paymentservice,kubernetes,0,0,0,0,0,0,0
2026-10-04T14:06:02Z,paymentservice,paymentservice,0,0,0,0,0,0,0
2026-10-04T14:06:02Z,paymentservice,productcatalogservice,0,0,0,0,0,0,0
2026-10-04T14:06:02Z,paymentservice,recommendationservice,0,0,0,0,0,0,0
2026-10-04T14:06:02Z,paymentservice,redis-cart,0,0,0,0,0,0,0
2026-10-04T14:06:02Z,paymentservice,shippingservice,0,0,0,0,0,0,0
2026-10-04T14:06:02Z,productcatalogservice,adservice,0,0,0,0,0,0,0
2026-10-04T14:06:02Z,productcatalogservice,cartservice,0,0,0,0,0,0,0
2026-10-04T14:06:02Z,productcatalogservice,checkoutservice,0,0,0,0,0,0,0
2026-10-04T14:06:02Z,productcatalogservice,currencyservice,0,0,0,0,0,0,0
2026-10-04T14:06:02Z,productcatalogservice,emailservice,0,0,0,0,0,0,0
2026-10-04T14:06:02Z,productcatalogservice,frontend,0,0,0,0,0,0,0
2026-10-04T14:06:02Z,productcatalogservice,kubernetes,0,0,0,0,0,0,0
2026-10-04T14:06:02Z,productcatalogservice,paymentservice,0,0,0,0,0,0,0
2026-10-04T14:06:02Z,productcatalogservice,productcatalogservice,0,0,0,0,0,0,0
2026-10-04T14:06:02Z,productcatalogservice,recommendationservice,0,0,0,0,0,0,0
2026-10-04T14:06:02Z,productcatalogservice,redis-cart,0,0,0,0,0,0,0
2026-10-04T14:06:02Z,productcatalogservice,shippingservice,0,0,0,0,0,0,0
2026-10-04T14:06:02Z,recommendationservice,adservice,0,0,0,0,0,0,0
2026-10-04T14:06:02Z,recommendationservice,cartservice,0,0,0,0,0,0,0
2026-10-04T14:06:02Z,recommendationservice,checkoutservice,0,0,0,0,0,0,0
2026-10-04T14:06:02Z,recommendationservice,currencyservice,0,0,0,0,0,0,0
2026-10-04T14:06:02Z,recommendationservice,emailservice,0,0,0,0,0,0,0
2026-10-04T14:06:02Z,recommendationservice,frontend,0,0,0,0,0,0,0
2026-10-04T14:06:02Z,recommendationservice,kubernetes,0,0,0,0,0,0,0
2026-10-04T14:06:02Z,recommendationservice,paymentservice,0,0,0,0,0,0,0
2026-10-04T14:06:02Z,recommendationservice,productcatalogservice,62004,61996,0,0,0,501684,60996
2026-10-04T14:06:02Z,recommendationservice,recommendationservice,0,0,0,0,0,0,0
2026-10-04T14:06:02Z,recommendationservice,redis-cart,0,0,0,0,0,0,0
2026-10-04T14:06:02Z,recommendationservice,shippingservice,0,0,0,0,0,0,0
2026-10-04T14:06:02Z,redis-cart,adservice,0,0,0,0,0,0,0
2026-10-04T14:06:02Z,redis-cart,cartservice,0,0,0,0,0,0,0
2026-10-04T14:06:02Z,redis-cart,checkoutservice,0,0,0,0,0,0,0
2026-10-04T14:06:02Z,redis-cart,currencyservice,0,0,0,0,0,0,0
2026-10-04T14:06:02Z,redis-cart,emailservice,0,0,0,0,0,0,0
2026-10-04T14:06:02Z,redis-cart,frontend,0,0,0,0,0,0,0
2026-10-04T14:06:02Z,redis-cart,kubernetes,0,0,0,0,0,0,0
2026-10-04T14:06:02Z,redis-cart,paymentservice,0,0,0,0,0,0,0
2026-10-04T14:06:02Z,redis-cart,productcatalogservice,0,0,0,0,0,0,0
2026-10-04T14:06:02Z,redis-cart,recommendationservice,0,0,0,0,0,0,0
2026-10-04T14:06:02Z,redis-cart,redis-cart,0,0,0,0,0,0,0
2026-10-04T14:06:02Z,redis-cart,shippingservice,0,0,0,0,0,0,0
2026-10-04T14:06:02Z,shippingservice,adservice,0,0,0,0,0,0,0
2026-10-04T14:06:02Z,shippingservice,cartservice,0,0,0,0,0,0,0
2026-10-04T14:06:02Z,shippingservice,checkoutservice,0,0,0,0,0,0,0
2026-10-04T14:06:02Z,shippingservice,currencyservice,0,0,0,0,0,0,0
2026-10-04T14:06:02Z,shippingservice,emailservice,0,0,0,0,0,0,0
2026-10-04T14:06:02Z,shippingservice,frontend,0,0,0,0,0,0,0
2026-10-04T14:06:02Z,shippingservice,kubernetes,0,0,0,0,0,0,0
2026-10-04T14:06:02Z,shippingservice,paymentservice,0,0,0,0,0,0,0
2026-10-04T14:06:02Z,shippingservice,productcatalogservice,0,0,0,0,0,0,0
2026-10-04T14:06:02Z,shippingservice,recommendationservice,0,0,0,0,0,0,0
2026-10-04T14:06:02Z,shippingservice,redis-cart,0,0,0,0,0,0,0
2026-10-04T14:06:02Z,shippingservice,shippingservice,0,0,0,0,0,0,0
2026-10-04T14:06:03Z,adservice,adservice,0,0,0,0,0,0,0
2026-10-04T14:06:03Z,adservice,cartservice,0,0,0,0,0,0,0
2026-10-04T14:06:03Z,adservice,checkoutservice,0,0,0,0,0,0,0
2026-10-04T14:06:03Z,adservice,currencyservice,0,0,0,0,0,0,0
2026-10-04T14:06:03Z,adservice,emailservice,0,0,0,0,0,0,0
2026-10-04T14:06:03Z,adservice,frontend,0,0,0,0,0,0,0
2026-10-04T14:06:03Z,adservice,kubernetes,0,0,0,0,0,0,0
2026-10-04T14:06:03Z,adservice,paymentservice,0,0,0,0,0,0,0
2026-10-04T14:06:03Z,adservice,productcatalogservice,0,0,0,0,0,0,0
2026-10-04T14:06:03Z,adservice,recommendationservice,0,0,0,0,0,0,0
2026-10-04T14:06:03Z,adservice,redis-cart,0,0,0,0,0,0,0
2026-10-04T14:06:03Z,adservice,shippingservice,0,0,0,0,0,0,0
2026-10-04T14:06:03Z,cartservice,adservice,0,0,0,0,0,0,0
2026-10-04T14:06:03Z,cartservice,cartservice,0,0,0,0,0,0,0
2026-10-04T14:06:03Z,cartservice,checkoutservice,0,0,0,0,0,0,0
2026-10-04T14:06:03Z,cartservice,currencyservice,0,0,0,0,0,0,0
2026-10-04T14:06:03Z,cartservice,emailservice,0,0,0,0,0,0,0
2026-10-04T14:06:03Z,cartservice,frontend,0,0,0,0,0,0,0
2026-10-04T14:06:03Z,cartservice,kubernetes,0,0,0,0,0,0,0
2026-10-04T14:06:03Z,cartservice,paymentservice,0,0,0,0,0,0,0
2026-10-04T14:06:03Z,cartservice,productcatalogservice,0,0,0,0,0,0,0
2026-10-04T14:06:03Z,cartservice,recommendationservice,0,0,0,0,0,0,0
2026-10-04T14:06:03Z,cartservice,redis-cart,2,0,0,0,0,0,0
2026-10-04T14:06:03Z,cartservice,shippingservice,0,0,0,0,0,0,0
2026-10-04T14:06:03Z,checkoutservice,adservice,0,0,0,0,0,0,0
2026-10-04T14:06:03Z,checkoutservice,cartservice,30263,29543,0,76,0,432522,29264
2026-10-04T14:06:03Z,checkoutservice,checkoutservice,0,0,0,0,0,0,0
2026-10-04T14:06:03Z,checkoutservice,currencyservice,22620,22619,0,0,0,359167,22397
2026-10-04T14:06:03Z,checkoutservice,emailservice,2645,2392,0,60,0,120849,2392
2026-10-04T14:06:03Z,checkoutservice,frontend,0,0,0,0,0,0,0
2026-10-04T14:06:03Z,checkoutservice,kubernetes,0,0,0,0,0,0,0
2026-10-04T14:06:03Z,checkoutservice,paymentservice,17835,16598,0,128,0,274865,16458
2026-10-04T14:06:03Z,checkoutservice,productcatalogservice,0,0,0,0,0,0,0
2026-10-04T14:06:03Z,checkoutservice,recommendationservice,0,0,0,0,0,0,0
2026-10-04T14:06:03Z,checkoutservice,redis-cart,0,0,0,0,0,0,0
2026-10-04T14:06:03Z,checkoutservice,shippingservice,33428,31912,0,114,0,326711,31613
2026-10-04T14:06:03Z,currencyservice,adservice,0,0,0,0,0,0,0
2026-10-04T14:06:03Z,currencyservice,cartservice,0,0,0,0,0,0,0
2026-10-04T14:06:03Z,currencyservice,checkoutservice,0,0,0,0,0,0,0
2026-10-04T14:06:03Z,currencyservice,currencyservice,0,0,0,0,0,0,0
2026-10-04T14:06:03Z,currencyservice,emailservice,0,0,0,0,0,0,0
2026-10-04T14:06:03Z,currencyservice,frontend,0,0,0,0,0,0,0
2026-10-04T14:06:03Z,currencyservice,kubernetes,0,0,0,0,0,0,0
2026-10-04T14:06:03Z,currencyservice,paymentservice,0,0,0,0,0,0,0
2026-10-04T14:06:03Z,currencyservice,productcatalogservice,0,0,0,0,0,0,0
2026-10-04T14:06:03Z,currencyservice,recommendationservice,0,0,0,0,0,0,0
2026-10-04T14:06:03Z,currencyservice,redis-cart,0,0,0,0,0,0,0
2026-10-04T14:06:03Z,currencyservice,shippingservice,0,0,0,0,0,0,0
2026-10-04T14:06:03Z,emailservice,adservice,0,0,0,0,0,0,0
2026-10-04T14:06:03Z,emailservice,cartservice,0,0,0,0,0,0,0
2026-10-04T14:06:03Z,emailservice,checkoutservice,0,0,0,0,0,0,0
2026-10-04T14:06:03Z,emailservice,currencyservice,0,0,0,0,0,0,0
2026-10-04T14:06:03Z,emailservice,emailservice,0,0,0,0,0,0,0
2026-10-04T14:06:03Z,emailservice,frontend,0,0,0,0,0,0,0
2026-10-04T14:06:03Z,emailservice,kubernetes,0,0,0,0,0,0,0
2026-10-04T14:06:03Z,emailservice,paymentservice,0,0,0,0,0,0,0
2026-10-04T14:06:03Z,emailservice,productcatalogservice,0,0,0,0,0,0,0
2026-10-04T14:06:03Z,emailservice,recommendationservice,0,0,0,0,0,0,0
2026-10-04T14:06:03Z,emailservice,redis-cart,0,0,0,0,0,0,0
2026-10-04T14:06:03Z,emailservice,shippingservice,0,0,0,0,0,0,0
2026-10-04T14:06:03Z,frontend,adservice,812304,812301,0,0,0,2447216,811283
2026-10-04T14:06:03Z,frontend,cartservice,1796776,1796762,0,0,4,10005095,1794959
2026-10-04T14:06:03Z,frontend,checkoutservice,381228,179392,0,38401,163382,60011999,179254
2026-10-04T14:06:03Z,frontend,currencyservice,2857340,2857324,0,0,0,15175663,2854391
2026-10-04T14:06:03Z,frontend,emailservice,0,0,0,0,0,0,0
2026-10-04T14:06:03Z,frontend,frontend,0,0,0,0,0,0,0
2026-10-04T14:06:03Z,frontend,kubernetes,0,0,0,0,0,0,0
2026-10-04T14:06:03Z,frontend,paymentservice,0,0,0,0,0,0,0
2026-10-04T14:06:03Z,frontend,productcatalogservice,8040854,8040767,0,0,0,54957915,8030962
2026-10-04T14:06:03Z,frontend,recommendationservice,2586634,1587331,0,104145,892890,777938225,1585652
2026-10-04T14:06:03Z,frontend,redis-cart,0,0,0,0,0,0,0
2026-10-04T14:06:03Z,frontend,shippingservice,297912,297910,0,0,0,904730,297531
2026-10-04T14:06:03Z,paymentservice,adservice,0,0,0,0,0,0,0
2026-10-04T14:06:03Z,paymentservice,cartservice,0,0,0,0,0,0,0
2026-10-04T14:06:03Z,paymentservice,checkoutservice,0,0,0,0,0,0,0
2026-10-04T14:06:03Z,paymentservice,currencyservice,0,0,0,0,0,0,0
2026-10-04T14:06:03Z,paymentservice,emailservice,0,0,0,0,0,0,0
2026-10-04T14:06:03Z,paymentservice,frontend,0,0,0,0,0,0,0
2026-10-04T14:06:03Z,paymentservice,kubernetes,0,0,0,0,0,0,0
2026-10-04T14:06:03Z,paymentservice,paymentservice,0,0,0,0,0,0,0
2026-10-04T14:06:03Z,paymentservice,productcatalogservice,0,0,0,0,0,0,0
2026-10-04T14:06:03Z,paymentservice,recommendationservice,0,0,0,0,0,0,0
2026-10-04T14:06:03Z,paymentservice,redis-cart,0,0,0,0,0,0,0
2026-10-04T14:06:03Z,paymentservice,shippingservice,0,0,0,0,0,0,0
2026-10-04T14:06:03Z,productcatalogservice,adservice,0,0,0,0,0,0,0
2026-10-04T14:06:03Z,productcatalogservice,cartservice,0,0,0,0,0,0,0
2026-10-04T14:06:03Z,productcatalogservice,checkoutservice,0,0,0,0,0,0,0
2026-10-04T14:06:03Z,productcatalogservice,currencyservice,0,0,0,0,0,0,0
2026-10-04T14:06:03Z,productcatalogservice,emailservice,0,0,0,0,0,0,0
2026-10-04T14:06:03Z,productcatalogservice,frontend,0,0,0,0,0,0,0
2026-10-04T14:06:03Z,productcatalogservice,kubernetes,0,0,0,0,0,0,0
2026-10-04T14:06:03Z,productcatalogservice,paymentservice,0,0,0,0,0,0,0
2026-10-04T14:06:03Z,productcatalogservice,productcatalogservice,0,0,0,0,0,0,0
2026-10-04T14:06:03Z,productcatalogservice,recommendationservice,0,0,0,0,0,0,0
2026-10-04T14:06:03Z,productcatalogservice,redis-cart,0,0,0,0,0,0,0
2026-10-04T14:06:03Z,productcatalogservice,shippingservice,0,0,0,0,0,0,0
2026-10-04T14:06:03Z,recommendationservice,adservice,0,0,0,0,0,0,0
2026-10-04T14:06:03Z,recommendationservice,cartservice,0,0,0,0,0,0,0
2026-10-04T14:06:03Z,recommendationservice,checkoutservice,0,0,0,0,0,0,0
2026-10-04T14:06:03Z,recommendationservice,currencyservice,0,0,0,0,0,0,0
2026-10-04T14:06:03Z,recommendationservice,emailservice,0,0,0,0,0,0,0
2026-10-04T14:06:03Z,recommendationservice,frontend,0,0,0,0,0,0,0
2026-10-04T14:06:03Z,recommendationservice,kubernetes,0,0,0,0,0,0,0
2026-10-04T14:06:03Z,recommendationservice,paymentservice,0,0,0,0,0,0,0
2026-10-04T14:06:03Z,recommendationservice,productcatalogservice,62464,62461,0,0,0,501684,60996
2026-10-04T14:06:03Z,recommendationservice,recommendationservice,0,0,0,0,0,0,0
2026-10-04T14:06:03Z,recommendationservice,redis-cart,0,0,0,0,0,0,0
2026-10-04T14:06:03Z,recommendationservice,shippingservice,0,0,0,0,0,0,0
2026-10-04T14:06:03Z,redis-cart,adservice,0,0,0,0,0,0,0
2026-10-04T14:06:03Z,redis-cart,cartservice,0,0,0,0,0,0,0
2026-10-04T14:06:03Z,redis-cart,checkoutservice,0,0,0,0,0,0,0
2026-10-04T14:06:03Z,redis-cart,currencyservice,0,0,0,0,0,0,0
2026-10-04T14:06:03Z,redis-cart,emailservice,0,0,0,0,0,0,0
2026-10-04T14:06:03Z,redis-cart,frontend,0,0,0,0,0,0,0
2026-10-04T14:06:03Z,redis-cart,kubernetes,0,0,0,0,0,0,0
2026-10-04T14:06:03Z,redis-cart,paymentservice,0,0,0,0,0,0,0
2026-10-04T14:06:03Z,redis-cart,productcatalogservice,0,0,0,0,0,0,0
2026-10-04T14:06:03Z,redis-cart,recommendationservice,0,0,0,0,0,0,0
2026-10-04T14:06:03Z,redis-cart,redis-cart,0,0,0,0,0,0,0
2026-10-04T14:06:03Z,redis-cart,shippingservice,0,0,0,0,0,0,0
2026-10-04T14:06:03Z,shippingservice,adservice,0,0,0,0,0,0,0
2026-10-04T14:06:03Z,shippingservice,cartservice,0,0,0,0,0,0,0
2026-10-04T14:06:03Z,shippingservice,checkoutservice,0,0,0,0,0,0,0
2026-10-04T14:06:03Z,shippingservice,currencyservice,0,0,0,0,0,0,0
2026-10-04T14:06:03Z,shippingservice,emailservice,0,0,0,0,0,0,0
2026-10-04T14:06:03Z,shippingservice,frontend,0,0,0,0,0,0,0
2026-10-04T14:06:03Z,shippingservice,kubernetes,0,0,0,0,0,0,0
2026-10-04T14:06:03Z,shippingservice,paymentservice,0,0,0,0,0,0,0
2026-10-04T14:06:03Z,shippingservice,productcatalogservice,0,0,0,0,0,0,0
2026-10-04T14:06:03Z,shippingservice,recommendationservice,0,0,0,0,0,0,0
2026-10-04T14:06:03Z,shippingservice,redis-cart,0,0,0,0,0,0,0
2026-10-04T14:06:03Z,shippingservice,shippingservice,0,0,0,0,0,0,0
2026-10-04T14:06:04Z,adservice,adservice,0,0,0,0,0,0,0
2026-10-04T14:06:04Z,adservice,cartservice,0,0,0,0,0,0,0
2026-10-04T14:06:04Z,adservice,checkoutservice,0,0,0,0,0,0,0
2026-10-04T14:06:04Z,adservice,currencyservice,0,0,0,0,0,0,0
2026-10-04T14:06:04Z,adservice,emailservice,0,0,0,0,0,0,0
2026-10-04T14:06:04Z,adservice,frontend,0,0,0,0,0,0,0
2026-10-04T14:06:04Z,adservice,kubernetes,0,0,0,0,0,0,0
2026-10-04T14:06:04Z,adservice,paymentservice,0,0,0,0,0,0,0
2026-10-04T14:06:04Z,adservice,productcatalogservice,0,0,0,0,0,0,0
2026-10-04T14:06:04Z,adservice,recommendationservice,0,0,0,0,0,0,0
2026-10-04T14:06:04Z,adservice,redis-cart,0,0,0,0,0,0,0
2026-10-04T14:06:04Z,adservice,shippingservice,0,0,0,0,0,0,0
2026-10-04T14:06:04Z,cartservice,adservice,0,0,0,0,0,0,0
2026-10-04T14:06:04Z,cartservice,cartservice,0,0,0,0,0,0,0
2026-10-04T14:06:04Z,cartservice,checkoutservice,0,0,0,0,0,0,0
2026-10-04T14:06:04Z,cartservice,currencyservice,0,0,0,0,0,0,0
2026-10-04T14:06:04Z,cartservice,emailservice,0,0,0,0,0,0,0
2026-10-04T14:06:04Z,cartservice,frontend,0,0,0,0,0,0,0
2026-10-04T14:06:04Z,cartservice,kubernetes,0,0,0,0,0,0,0
2026-10-04T14:06:04Z,cartservice,paymentservice,0,0,0,0,0,0,0
2026-10-04T14:06:04Z,cartservice,productcatalogservice,0,0,0,0,0,0,0
2026-10-04T14:06:04Z,cartservice,recommendationservice,0,0,0,0,0,0,0
2026-10-04T14:06:04Z,cartservice,redis-cart,2,0,0,0,0,0,0
2026-10-04T14:06:04Z,cartservice,shippingservice,0,0,0,0,0,0,0
2026-10-04T14:06:04Z,checkoutservice,adservice,0,0,0,0,0,0,0
2026-10-04T14:06:04Z,checkoutservice,cartservice,30394,29696,0,77,0,432522,29264
2026-10-04T14:06:04Z,checkoutservice,checkoutservice,0,0,0,0,0,0,0
2026-10-04T14:06:04Z,checkoutservice,currencyservice,22735,22735,0,0,0,359167,22397
2026-10-04T14:06:04Z,checkoutservice,emailservice,2645,2392,0,60,0,120849,2392
2026-10-04T14:06:04Z,checkoutservice,frontend,0,0,0,0,0,0,0
2026-10-04T14:06:04Z,checkoutservice,kubernetes,0,0,0,0,0,0,0
2026-10-04T14:06:04Z,checkoutservice,paymentservice,17926,16683,0,128,0,274865,16458
2026-10-04T14:06:04Z,checkoutservice,productcatalogservice,0,0,0,0,0,0,0
2026-10-04T14:06:04Z,checkoutservice,recommendationservice,0,0,0,0,0,0,0
2026-10-04T14:06:04Z,checkoutservice,redis-cart,0,0,0,0,0,0,0
2026-10-04T14:06:04Z,checkoutservice,shippingservice,33569,32043,0,114,0,326711,31613
2026-10-04T14:06:04Z,currencyservice,adservice,0,0,0,0,0,0,0
2026-10-04T14:06:04Z,currencyservice,cartservice,0,0,0,0,0,0,0
2026-10-04T14:06:04Z,currencyservice,checkoutservice,0,0,0,0,0,0,0
2026-10-04T14:06:04Z,currencyservice,currencyservice,0,0,0,0,0,0,0
2026-10-04T14:06:04Z,currencyservice,emailservice,0,0,0,0,0,0,0
2026-10-04T14:06:04Z,currencyservice,frontend,0,0,0,0,0,0,0
2026-10-04T14:06:04Z,currencyservice,kubernetes,0,0,0,0,0,0,0
2026-10-04T14:06:04Z,currencyservice,paymentservice,0,0,0,0,0,0,0
2026-10-04T14:06:04Z,currencyservice,productcatalogservice,0,0,0,0,0,0,0
2026-10-04T14:06:04Z,currencyservice,recommendationservice,0,0,0,0,0,0,0
2026-10-04T14:06:04Z,currencyservice,redis-cart,0,0,0,0,0,0,0
2026-10-04T14:06:04Z,currencyservice,shippingservice,0,0,0,0,0,0,0
2026-10-04T14:06:04Z,emailservice,adservice,0,0,0,0,0,0,0
2026-10-04T14:06:04Z,emailservice,cartservice,0,0,0,0,0,0,0
2026-10-04T14:06:04Z,emailservice,checkoutservice,0,0,0,0,0,0,0
2026-10-04T14:06:04Z,emailservice,currencyservice,0,0,0,0,0,0,0
2026-10-04T14:06:04Z,emailservice,emailservice,0,0,0,0,0,0,0
2026-10-04T14:06:04Z,emailservice,frontend,0,0,0,0,0,0,0
2026-10-04T14:06:04Z,emailservice,kubernetes,0,0,0,0,0,0,0
2026-10-04T14:06:04Z,emailservice,paymentservice,0,0,0,0,0,0,0
2026-10-04T14:06:04Z,emailservice,productcatalogservice,0,0,0,0,0,0,0
2026-10-04T14:06:04Z,emailservice,recommendationservice,0,0,0,0,0,0,0
2026-10-04T14:06:04Z,emailservice,redis-cart,0,0,0,0,0,0,0
2026-10-04T14:06:04Z,emailservice,shippingservice,0,0,0,0,0,0,0
2026-10-04T14:06:04Z,frontend,adservice,812586,812582,0,0,0,2450738,812355
2026-10-04T14:06:04Z,frontend,cartservice,1797241,1797226,0,0,4,10016345,1796825
2026-10-04T14:06:04Z,frontend,checkoutservice,381415,179423,0,38425,163513,60128432,179392
2026-10-04T14:06:04Z,frontend,currencyservice,2858080,2858072,0,0,0,15193386,2857421
2026-10-04T14:06:04Z,frontend,emailservice,0,0,0,0,0,0,0
2026-10-04T14:06:04Z,frontend,frontend,0,0,0,0,0,0,0
2026-10-04T14:06:04Z,frontend,kubernetes,0,0,0,0,0,0,0
2026-10-04T14:06:04Z,frontend,paymentservice,0,0,0,0,0,0,0
2026-10-04T14:06:04Z,frontend,productcatalogservice,8043355,8043276,0,0,0,55037192,8041116
2026-10-04T14:06:04Z,frontend,recommendationservice,2587067,1587764,0,104145,892890,778328610,1587388
2026-10-04T14:06:04Z,frontend,redis-cart,0,0,0,0,0,0,0
2026-10-04T14:06:04Z,frontend,shippingservice,298013,298011,0,0,0,906163,297915
2026-10-04T14:06:04Z,paymentservice,adservice,0,0,0,0,0,0,0
2026-10-04T14:06:04Z,paymentservice,cartservice,0,0,0,0,0,0,0
2026-10-04T14:06:04Z,paymentservice,checkoutservice,0,0,0,0,0,0,0
2026-10-04T14:06:04Z,paymentservice,currencyservice,0,0,0,0,0,0,0
2026-10-04T14:06:04Z,paymentservice,emailservice,0,0,0,0,0,0,0
2026-10-04T14:06:04Z,paymentservice,frontend,0,0,0,0,0,0,0
2026-10-04T14:06:04Z,paymentservice,kubernetes,0,0,0,0,0,0,0
2026-10-04T14:06:04Z,paymentservice,paymentservice,0,0,0,0,0,0,0
2026-10-04T14:06:04Z,paymentservice,productcatalogservice,0,0,0,0,0,0,0
2026-10-04T14:06:04Z,paymentservice,recommendationservice,0,0,0,0,0,0,0
2026-10-04T14:06:04Z,paymentservice,redis-cart,0,0,0,0,0,0,0
2026-10-04T14:06:04Z,paymentservice,shippingservice,0,0,0,0,0,0,0
2026-10-04T14:06:04Z,productcatalogservice,adservice,0,0,0,0,0,0,0
2026-10-04T14:06:04Z,productcatalogservice,cartservice,0,0,0,0,0,0,0
2026-10-04T14:06:04Z,productcatalogservice,checkoutservice,0,0,0,0,0,0,0
2026-10-04T14:06:04Z,productcatalogservice,currencyservice,0,0,0,0,0,0,0
2026-10-04T14:06:04Z,productcatalogservice,emailservice,0,0,0,0,0,0,0
2026-10-04T14:06:04Z,productcatalogservice,frontend,0,0,0,0,0,0,0
2026-10-04T14:06:04Z,productcatalogservice,kubernetes,0,0,0,0,0,0,0
2026-10-04T14:06:04Z,productcatalogservice,paymentservice,0,0,0,0,0,0,0
2026-10-04T14:06:04Z,productcatalogservice,productcatalogservice,0,0,0,0,0,0,0
2026-10-04T14:06:04Z,productcatalogservice,recommendationservice,0,0,0,0,0,0,0
2026-10-04T14:06:04Z,productcatalogservice,redis-cart,0,0,0,0,0,0,0
2026-10-04T14:06:04Z,productcatalogservice,shippingservice,0,0,0,0,0,0,0
2026-10-04T14:06:04Z,recommendationservice,adservice,0,0,0,0,0,0,0
2026-10-04T14:06:04Z,recommendationservice,cartservice,0,0,0,0,0,0,0
2026-10-04T14:06:04Z,recommendationservice,checkoutservice,0,0,0,0,0,0,0
2026-10-04T14:06:04Z,recommendationservice,currencyservice,0,0,0,0,0,0,0
2026-10-04T14:06:04Z,recommendationservice,emailservice,0,0,0,0,0,0,0
2026-10-04T14:06:04Z,recommendationservice,frontend,0,0,0,0,0,0,0
2026-10-04T14:06:04Z,recommendationservice,kubernetes,0,0,0,0,0,0,0
2026-10-04T14:06:04Z,recommendationservice,paymentservice,0,0,0,0,0,0,0
2026-10-04T14:06:04Z,recommendationservice,productcatalogservice,62906,62905,0,0,0,501684,60996
2026-10-04T14:06:04Z,recommendationservice,recommendationservice,0,0,0,0,0,0,0
2026-10-04T14:06:04Z,recommendationservice,redis-cart,0,0,0,0,0,0,0
2026-10-04T14:06:04Z,recommendationservice,shippingservice,0,0,0,0,0,0,0
2026-10-04T14:06:04Z,redis-cart,adservice,0,0,0,0,0,0,0
2026-10-04T14:06:04Z,redis-cart,cartservice,0,0,0,0,0,0,0
2026-10-04T14:06:04Z,redis-cart,checkoutservice,0,0,0,0,0,0,0
2026-10-04T14:06:04Z,redis-cart,currencyservice,0,0,0,0,0,0,0
2026-10-04T14:06:04Z,redis-cart,emailservice,0,0,0,0,0,0,0
2026-10-04T14:06:04Z,redis-cart,frontend,0,0,0,0,0,0,0
2026-10-04T14:06:04Z,redis-cart,kubernetes,0,0,0,0,0,0,0
2026-10-04T14:06:04Z,redis-cart,paymentservice,0,0,0,0,0,0,0
2026-10-04T14:06:04Z,redis-cart,productcatalogservice,0,0,0,0,0,0,0
2026-10-04T14:06:04Z,redis-cart,recommendationservice,0,0,0,0,0,0,0
2026-10-04T14:06:04Z,redis-cart,redis-cart,0,0,0,0,0,0,0
2026-10-04T14:06:04Z,redis-cart,shippingservice,0,0,0,0,0,0,0
2026-10-04T14:06:04Z,shippingservice,adservice,0,0,0,0,0,0,0
2026-10-04T14:06:04Z,shippingservice,cartservice,0,0,0,0,0,0,0
2026-10-04T14:06:04Z,shippingservice,checkoutservice,0,0,0,0,0,0,0
2026-10-04T14:06:04Z,shippingservice,currencyservice,0,0,0,0,0,0,0
2026-10-04T14:06:04Z,shippingservice,emailservice,0,0,0,0,0,0,0
2026-10-04T14:06:04Z,shippingservice,frontend,0,0,0,0,0,0,0
2026-10-04T14:06:04Z,shippingservice,kubernetes,0,0,0,0,0,0,0
2026-10-04T14:06:04Z,shippingservice,paymentservice,0,0,0,0,0,0,0
2026-10-04T14:06:04Z,shippingservice,productcatalogservice,0,0,0,0,0,0,0
2026-10-04T14:06:04Z,shippingservice,recommendationservice,0,0,0,0,0,0,0
2026-10-04T14:06:04Z,shippingservice,redis-cart,0,0,0,0,0,0,0
2026-10-04T14:06:04Z,shippingservice,shippingservice,0,0,0,0,0,0,0
2026-10-04T14:06:05Z,adservice,adservice,0,0,0,0,0,0,0
2026-10-04T14:06:05Z,adservice,cartservice,0,0,0,0,0,0,0
2026-10-04T14:06:05Z,adservice,checkoutservice,0,0,0,0,0,0,0
2026-10-04T14:06:05Z,adservice,currencyservice,0,0,0,0,0,0,0
2026-10-04T14:06:05Z,adservice,emailservice,0,0,0,0,0,0,0
2026-10-04T14:06:05Z,adservice,frontend,0,0,0,0,0,0,0
2026-10-04T14:06:05Z,adservice,kubernetes,0,0,0,0,0,0,0
2026-10-04T14:06:05Z,adservice,paymentservice,0,0,0,0,0,0,0
2026-10-04T14:06:05Z,adservice,productcatalogservice,0,0,0,0,0,0,0
2026-10-04T14:06:05Z,adservice,recommendationservice,0,0,0,0,0,0,0
2026-10-04T14:06:05Z,adservice,redis-cart,0,0,0,0,0,0,0
2026-10-04T14:06:05Z,adservice,shippingservice,0,0,0,0,0,0,0
2026-10-04T14:06:05Z,cartservice,adservice,0,0,0,0,0,0,0
2026-10-04T14:06:05Z,cartservice,cartservice,0,0,0,0,0,0,0
2026-10-04T14:06:05Z,cartservice,checkoutservice,0,0,0,0,0,0,0
2026-10-04T14:06:05Z,cartservice,currencyservice,0,0,0,0,0,0,0
2026-10-04T14:06:05Z,cartservice,emailservice,0,0,0,0,0,0,0
2026-10-04T14:06:05Z,cartservice,frontend,0,0,0,0,0,0,0
2026-10-04T14:06:05Z,cartservice,kubernetes,0,0,0,0,0,0,0
2026-10-04T14:06:05Z,cartservice,paymentservice,0,0,0,0,0,0,0
2026-10-04T14:06:05Z,cartservice,productcatalogservice,0,0,0,0,0,0,0
2026-10-04T14:06:05Z,cartservice,recommendationservice,0,0,0,0,0,0,0
2026-10-04T14:06:05Z,cartservice,redis-cart,2,0,0,0,0,0,0
2026-10-04T14:06:05Z,cartservice,shippingservice,0,0,0,0,0,0,0
2026-10-04T14:06:05Z,checkoutservice,adservice,0,0,0,0,0,0,0
2026-10-04T14:06:05Z,checkoutservice,cartservice,30650,29939,0,77,0,432522,29264
2026-10-04T14:06:05Z,checkoutservice,checkoutservice,0,0,0,0,0,0,0
2026-10-04T14:06:05Z,checkoutservice,currencyservice,22881,22879,0,0,0,359167,22397
2026-10-04T14:06:05Z,checkoutservice,emailservice,2645,2392,0,60,0,120849,2392
2026-10-04T14:06:05Z,checkoutservice,frontend,0,0,0,0,0,0,0
2026-10-04T14:06:05Z,checkoutservice,kubernetes,0,0,0,0,0,0,0
2026-10-04T14:06:05Z,checkoutservice,paymentservice,17967,16720,0,128,0,274865,16458
2026-10-04T14:06:05Z,checkoutservice,productcatalogservice,0,0,0,0,0,0,0
2026-10-04T14:06:05Z,checkoutservice,recommendationservice,0,0,0,0,0,0,0
2026-10-04T14:06:05Z,checkoutservice,redis-cart,0,0,0,0,0,0,0
2026-10-04T14:06:05Z,checkoutservice,shippingservice,33759,32220,0,114,0,326711,31613
2026-10-04T14:06:05Z,currencyservice,adservice,0,0,0,0,0,0,0
2026-10-04T14:06:05Z,currencyservice,cartservice,0,0,0,0,0,0,0
2026-10-04T14:06:05Z,currencyservice,checkoutservice,0,0,0,0,0,0,0
2026-10-04T14:06:05Z,currencyservice,currencyservice,0,0,0,0,0,0,0
2026-10-04T14:06:05Z,currencyservice,emailservice,0,0,0,0,0,0,0
2026-10-04T14:06:05Z,currencyservice,frontend,0,0,0,0,0,0,0
2026-10-04T14:06:05Z,currencyservice,kubernetes,0,0,0,0,0,0,0
2026-10-04T14:06:05Z,currencyservice,paymentservice,0,0,0,0,0,0,0
2026-10-04T14:06:05Z,currencyservice,productcatalogservice,0,0,0,0,0,0,0
2026-10-04T14:06:05Z,currencyservice,recommendationservice,0,0,0,0,0,0,0
2026-10-04T14:06:05Z,currencyservice,redis-cart,0,0,0,0,0,0,0
2026-10-04T14:06:05Z,currencyservice,shippingservice,0,0,0,0,0,0,0
2026-10-04T14:06:05Z,emailservice,adservice,0,0,0,0,0,0,0
2026-10-04T14:06:05Z,emailservice,cartservice,0,0,0,0,0,0,0
2026-10-04T14:06:05Z,emailservice,checkoutservice,0,0,0,0,0,0,0
2026-10-04T14:06:05Z,emailservice,currencyservice,0,0,0,0,0,0,0
2026-10-04T14:06:05Z,emailservice,emailservice,0,0,0,0,0,0,0
2026-10-04T14:06:05Z,emailservice,frontend,0,0,0,0,0,0,0
2026-10-04T14:06:05Z,emailservice,kubernetes,0,0,0,0,0,0,0
2026-10-04T14:06:05Z,emailservice,paymentservice,0,0,0,0,0,0,0
2026-10-04T14:06:05Z,emailservice,productcatalogservice,0,0,0,0,0,0,0
2026-10-04T14:06:05Z,emailservice,recommendationservice,0,0,0,0,0,0,0
2026-10-04T14:06:05Z,emailservice,redis-cart,0,0,0,0,0,0,0
2026-10-04T14:06:05Z,emailservice,shippingservice,0,0,0,0,0,0,0
2026-10-04T14:06:05Z,frontend,adservice,812882,812875,0,0,0,2450738,812355
2026-10-04T14:06:05Z,frontend,cartservice,1797720,1797706,0,0,4,10016345,1796825
2026-10-04T14:06:05Z,frontend,checkoutservice,381621,179451,0,38464,163645,60128432,179392
2026-10-04T14:06:05Z,frontend,currencyservice,2858852,2858842,0,0,0,15193386,2857421
2026-10-04T14:06:05Z,frontend,emailservice,0,0,0,0,0,0,0
2026-10-04T14:06:05Z,frontend,frontend,0,0,0,0,0,0,0
2026-10-04T14:06:05Z,frontend,kubernetes,0,0,0,0,0,0,0
2026-10-04T14:06:05Z,frontend,paymentservice,0,0,0,0,0,0,0
2026-10-04T14:06:05Z,frontend,productcatalogservice,8046138,8046038,0,0,0,55037192,8041116
2026-10-04T14:06:05Z,frontend,recommendationservice,2587515,1588248,0,104145,892890,778328610,1587388
2026-10-04T14:06:05Z,frontend,redis-cart,0,0,0,0,0,0,0
2026-10-04T14:06:05Z,frontend,shippingservice,298114,298112,0,0,0,906163,297915
2026-10-04T14:06:05Z,paymentservice,adservice,0,0,0,0,0,0,0
2026-10-04T14:06:05Z,paymentservice,cartservice,0,0,0,0,0,0,0
2026-10-04T14:06:05Z,paymentservice,checkoutservice,0,0,0,0,0,0,0
2026-10-04T14:06:05Z,paymentservice,currencyservice,0,0,0,0,0,0,0
2026-10-04T14:06:05Z,paymentservice,emailservice,0,0,0,0,0,0,0
2026-10-04T14:06:05Z,paymentservice,frontend,0,0,0,0,0,0,0
2026-10-04T14:06:05Z,paymentservice,kubernetes,0,0,0,0,0,0,0
2026-10-04T14:06:05Z,paymentservice,paymentservice,0,0,0,0,0,0,0
2026-10-04T14:06:05Z,paymentservice,productcatalogservice,0,0,0,0,0,0,0
2026-10-04T14:06:05Z,paymentservice,recommendationservice,0,0,0,0,0,0,0
2026-10-04T14:06:05Z,paymentservice,redis-cart,0,0,0,0,0,0,0
2026-10-04T14:06:05Z,paymentservice,shippingservice,0,0,0,0,0,0,0
2026-10-04T14:06:05Z,productcatalogservice,adservice,0,0,0,0,0,0,0
2026-10-04T14:06:05Z,productcatalogservice,cartservice,0,0,0,0,0,0,0
2026-10-04T14:06:05Z,productcatalogservice,checkoutservice,0,0,0,0,0,0,0
2026-10-04T14:06:05Z,productcatalogservice,currencyservice,0,0,0,0,0,0,0
2026-10-04T14:06:05Z,productcatalogservice,emailservice,0,0,0,0,0,0,0
2026-10-04T14:06:05Z,productcatalogservice,frontend,0,0,0,0,0,0,0
2026-10-04T14:06:05Z,productcatalogservice,kubernetes,0,0,0,0,0,0,0
2026-10-04T14:06:05Z,productcatalogservice,paymentservice,0,0,0,0,0,0,0
2026-10-04T14:06:05Z,productcatalogservice,productcatalogservice,0,0,0,0,0,0,0
2026-10-04T14:06:05Z,productcatalogservice,recommendationservice,0,0,0,0,0,0,0
2026-10-04T14:06:05Z,productcatalogservice,redis-cart,0,0,0,0,0,0,0
2026-10-04T14:06:05Z,productcatalogservice,shippingservice,0,0,0,0,0,0,0
2026-10-04T14:06:05Z,recommendationservice,adservice,0,0,0,0,0,0,0
2026-10-04T14:06:05Z,recommendationservice,cartservice,0,0,0,0,0,0,0
2026-10-04T14:06:05Z,recommendationservice,checkoutservice,0,0,0,0,0,0,0
2026-10-04T14:06:05Z,recommendationservice,currencyservice,0,0,0,0,0,0,0
2026-10-04T14:06:05Z,recommendationservice,emailservice,0,0,0,0,0,0,0
2026-10-04T14:06:05Z,recommendationservice,frontend,0,0,0,0,0,0,0
2026-10-04T14:06:05Z,recommendationservice,kubernetes,0,0,0,0,0,0,0
2026-10-04T14:06:05Z,recommendationservice,paymentservice,0,0,0,0,0,0,0
2026-10-04T14:06:05Z,recommendationservice,productcatalogservice,63370,63362,0,0,0,522452,63211
2026-10-04T14:06:05Z,recommendationservice,recommendationservice,0,0,0,0,0,0,0
2026-10-04T14:06:05Z,recommendationservice,redis-cart,0,0,0,0,0,0,0
2026-10-04T14:06:05Z,recommendationservice,shippingservice,0,0,0,0,0,0,0
2026-10-04T14:06:05Z,redis-cart,adservice,0,0,0,0,0,0,0
2026-10-04T14:06:05Z,redis-cart,cartservice,0,0,0,0,0,0,0
2026-10-04T14:06:05Z,redis-cart,checkoutservice,0,0,0,0,0,0,0
2026-10-04T14:06:05Z,redis-cart,currencyservice,0,0,0,0,0,0,0
2026-10-04T14:06:05Z,redis-cart,emailservice,0,0,0,0,0,0,0
2026-10-04T14:06:05Z,redis-cart,frontend,0,0,0,0,0,0,0
2026-10-04T14:06:05Z,redis-cart,kubernetes,0,0,0,0,0,0,0
2026-10-04T14:06:05Z,redis-cart,paymentservice,0,0,0,0,0,0,0
2026-10-04T14:06:05Z,redis-cart,productcatalogservice,0,0,0,0,0,0,0
2026-10-04T14:06:05Z,redis-cart,recommendationservice,0,0,0,0,0,0,0
2026-10-04T14:06:05Z,redis-cart,redis-cart,0,0,0,0,0,0,0
2026-10-04T14:06:05Z,redis-cart,shippingservice,0,0,0,0,0,0,0
2026-10-04T14:06:05Z,shippingservice,adservice,0,0,0,0,0,0,0
2026-10-04T14:06:05Z,shippingservice,cartservice,0,0,0,0,0,0,0
2026-10-04T14:06:05Z,shippingservice,checkoutservice,0,0,0,0,0,0,0
2026-10-04T14:06:05Z,shippingservice,currencyservice,0,0,0,0,0,0,0
2026-10-04T14:06:05Z,shippingservice,emailservice,0,0,0,0,0,0,0
2026-10-04T14:06:05Z,shippingservice,frontend,0,0,0,0,0,0,0
2026-10-04T14:06:05Z,shippingservice,kubernetes,0,0,0,0,0,0,0
2026-10-04T14:06:05Z,shippingservice,paymentservice,0,0,0,0,0,0,0
2026-10-04T14:06:05Z,shippingservice,productcatalogservice,0,0,0,0,0,0,0
2026-10-04T14:06:05Z,shippingservice,recommendationservice,0,0,0,0,0,0,0
2026-10-04T14:06:05Z,shippingservice,redis-cart,0,0,0,0,0,0,0
2026-10-04T14:06:05Z,shippingservice,shippingservice,0,0,0,0,0,0,0
2026-10-04T14:06:06Z,adservice,adservice,0,0,0,0,0,0,0
2026-10-04T14:06:06Z,adservice,cartservice,0,0,0,0,0,0,0
2026-10-04T14:06:06Z,adservice,checkoutservice,0,0,0,0,0,0,0
2026-10-04T14:06:06Z,adservice,currencyservice,0,0,0,0,0,0,0
2026-10-04T14:06:06Z,adservice,emailservice,0,0,0,0,0,0,0
2026-10-04T14:06:06Z,adservice,frontend,0,0,0,0,0,0,0
2026-10-04T14:06:06Z,adservice,kubernetes,0,0,0,0,0,0,0
2026-10-04T14:06:06Z,adservice,paymentservice,0,0,0,0,0,0,0
2026-10-04T14:06:06Z,adservice,productcatalogservice,0,0,0,0,0,0,0
2026-10-04T14:06:06Z,adservice,recommendationservice,0,0,0,0,0,0,0
2026-10-04T14:06:06Z,adservice,redis-cart,0,0,0,0,0,0,0
2026-10-04T14:06:06Z,adservice,shippingservice,0,0,0,0,0,0,0
2026-10-04T14:06:06Z,cartservice,adservice,0,0,0,0,0,0,0
2026-10-04T14:06:06Z,cartservice,cartservice,0,0,0,0,0,0,0
2026-10-04T14:06:06Z,cartservice,checkoutservice,0,0,0,0,0,0,0
2026-10-04T14:06:06Z,cartservice,currencyservice,0,0,0,0,0,0,0
2026-10-04T14:06:06Z,cartservice,emailservice,0,0,0,0,0,0,0
2026-10-04T14:06:06Z,cartservice,frontend,0,0,0,0,0,0,0
2026-10-04T14:06:06Z,cartservice,kubernetes,0,0,0,0,0,0,0
2026-10-04T14:06:06Z,cartservice,paymentservice,0,0,0,0,0,0,0
2026-10-04T14:06:06Z,cartservice,productcatalogservice,0,0,0,0,0,0,0
2026-10-04T14:06:06Z,cartservice,recommendationservice,0,0,0,0,0,0,0
2026-10-04T14:06:06Z,cartservice,redis-cart,2,0,0,0,0,0,0
2026-10-04T14:06:06Z,cartservice,shippingservice,0,0,0,0,0,0,0
2026-10-04T14:06:06Z,checkoutservice,adservice,0,0,0,0,0,0,0
2026-10-04T14:06:06Z,checkoutservice,cartservice,30849,30129,0,77,0,432522,29264
2026-10-04T14:06:06Z,checkoutservice,checkoutservice,0,0,0,0,0,0,0
2026-10-04T14:06:06Z,checkoutservice,currencyservice,23060,23060,0,0,0,359167,22397
2026-10-04T14:06:06Z,checkoutservice,emailservice,2645,2392,0,60,0,120849,2392
2026-10-04T14:06:06Z,checkoutservice,frontend,0,0,0,0,0,0,0
2026-10-04T14:06:06Z,checkoutservice,kubernetes,0,0,0,0,0,0,0
2026-10-04T14:06:06Z,checkoutservice,paymentservice,18127,16873,0,130,0,274865,16458
2026-10-04T14:06:06Z,checkoutservice,productcatalogservice,0,0,0,0,0,0,0
2026-10-04T14:06:06Z,checkoutservice,recommendationservice,0,0,0,0,0,0,0
2026-10-04T14:06:06Z,checkoutservice,redis-cart,0,0,0,0,0,0,0
2026-10-04T14:06:06Z,checkoutservice,shippingservice,33998,32454,0,114,0,326711,31613
2026-10-04T14:06:06Z,currencyservice,adservice,0,0,0,0,0,0,0
2026-10-04T14:06:06Z,currencyservice,cartservice,0,0,0,0,0,0,0
2026-10-04T14:06:06Z,currencyservice,checkoutservice,0,0,0,0,0,0,0
2026-10-04T14:06:06Z,currencyservice,currencyservice,0,0,0,0,0,0,0
2026-10-04T14:06:06Z,currencyservice,emailservice,0,0,0,0,0,0,0
2026-10-04T14:06:06Z,currencyservice,frontend,0,0,0,0,0,0,0
2026-10-04T14:06:06Z,currencyservice,kubernetes,0,0,0,0,0,0,0
2026-10-04T14:06:06Z,currencyservice,paymentservice,0,0,0,0,0,0,0
2026-10-04T14:06:06Z,currencyservice,productcatalogservice,0,0,0,0,0,0,0
2026-10-04T14:06:06Z,currencyservice,recommendationservice,0,0,0,0,0,0,0
2026-10-04T14:06:06Z,currencyservice,redis-cart,0,0,0,0,0,0,0
2026-10-04T14:06:06Z,currencyservice,shippingservice,0,0,0,0,0,0,0
2026-10-04T14:06:06Z,emailservice,adservice,0,0,0,0,0,0,0
2026-10-04T14:06:06Z,emailservice,cartservice,0,0,0,0,0,0,0
2026-10-04T14:06:06Z,emailservice,checkoutservice,0,0,0,0,0,0,0
2026-10-04T14:06:06Z,emailservice,currencyservice,0,0,0,0,0,0,0
2026-10-04T14:06:06Z,emailservice,emailservice,0,0,0,0,0,0,0
2026-10-04T14:06:06Z,emailservice,frontend,0,0,0,0,0,0,0
2026-10-04T14:06:06Z,emailservice,kubernetes,0,0,0,0,0,0,0
2026-10-04T14:06:06Z,emailservice,paymentservice,0,0,0,0,0,0,0
2026-10-04T14:06:06Z,emailservice,productcatalogservice,0,0,0,0,0,0,0
2026-10-04T14:06:06Z,emailservice,recommendationservice,0,0,0,0,0,0,0
2026-10-04T14:06:06Z,emailservice,redis-cart,0,0,0,0,0,0,0
2026-10-04T14:06:06Z,emailservice,shippingservice,0,0,0,0,0,0,0
2026-10-04T14:06:06Z,frontend,adservice,813152,813150,0,0,0,2450738,812355
2026-10-04T14:06:06Z,frontend,cartservice,1798176,1798153,0,0,4,10016345,1796825
2026-10-04T14:06:06Z,frontend,checkoutservice,381822,179470,0,38492,163799,60128432,179392
2026-10-04T14:06:06Z,frontend,currencyservice,2859577,2859567,0,0,0,15193386,2857421
2026-10-04T14:06:06Z,frontend,emailservice,0,0,0,0,0,0,0
2026-10-04T14:06:06Z,frontend,frontend,0,0,0,0,0,0,0
2026-10-04T14:06:06Z,frontend,kubernetes,0,0,0,0,0,0,0
2026-10-04T14:06:06Z,frontend,paymentservice,0,0,0,0,0,0,0
2026-10-04T14:06:06Z,frontend,productcatalogservice,8048593,8048507,0,0,0,55037192,8041116
2026-10-04T14:06:06Z,frontend,recommendationservice,2587918,1588661,0,104145,892890,778328610,1587388
2026-10-04T14:06:06Z,frontend,redis-cart,0,0,0,0,0,0,0
2026-10-04T14:06:06Z,frontend,shippingservice,298221,298219,0,0,0,906163,297915
2026-10-04T14:06:06Z,paymentservice,adservice,0,0,0,0,0,0,0
2026-10-04T14:06:06Z,paymentservice,cartservice,0,0,0,0,0,0,0
2026-10-04T14:06:06Z,paymentservice,checkoutservice,0,0,0,0,0,0,0
2026-10-04T14:06:06Z,paymentservice,currencyservice,0,0,0,0,0,0,0
2026-10-04T14:06:06Z,paymentservice,emailservice,0,0,0,0,0,0,0
2026-10-04T14:06:06Z,paymentservice,frontend,0,0,0,0,0,0,0
2026-10-04T14:06:06Z,paymentservice,kubernetes,0,0,0,0,0,0,0
2026-10-04T14:06:06Z,paymentservice,paymentservice,0,0,0,0,0,0,0
2026-10-04T14:06:06Z,paymentservice,productcatalogservice,0,0,0,0,0,0,0
2026-10-04T14:06:06Z,paymentservice,recommendationservice,0,0,0,0,0,0,0
2026-10-04T14:06:06Z,paymentservice,redis-cart,0,0,0,0,0,0,0
2026-10-04T14:06:06Z,paymentservice,shippingservice,0,0,0,0,0,0,0
2026-10-04T14:06:06Z,productcatalogservice,adservice,0,0,0,0,0,0,0
2026-10-04T14:06:06Z,productcatalogservice,cartservice,0,0,0,0,0,0,0
2026-10-04T14:06:06Z,productcatalogservice,checkoutservice,0,0,0,0,0,0,0
2026-10-04T14:06:06Z,productcatalogservice,currencyservice,0,0,0,0,0,0,0
2026-10-04T14:06:06Z,productcatalogservice,emailservice,0,0,0,0,0,0,0
2026-10-04T14:06:06Z,productcatalogservice,frontend,0,0,0,0,0,0,0
2026-10-04T14:06:06Z,productcatalogservice,kubernetes,0,0,0,0,0,0,0
2026-10-04T14:06:06Z,productcatalogservice,paymentservice,0,0,0,0,0,0,0
2026-10-04T14:06:06Z,productcatalogservice,productcatalogservice,0,0,0,0,0,0,0
2026-10-04T14:06:06Z,productcatalogservice,recommendationservice,0,0,0,0,0,0,0
2026-10-04T14:06:06Z,productcatalogservice,redis-cart,0,0,0,0,0,0,0
2026-10-04T14:06:06Z,productcatalogservice,shippingservice,0,0,0,0,0,0,0
2026-10-04T14:06:06Z,recommendationservice,adservice,0,0,0,0,0,0,0
2026-10-04T14:06:06Z,recommendationservice,cartservice,0,0,0,0,0,0,0
2026-10-04T14:06:06Z,recommendationservice,checkoutservice,0,0,0,0,0,0,0
2026-10-04T14:06:06Z,recommendationservice,currencyservice,0,0,0,0,0,0,0
2026-10-04T14:06:06Z,recommendationservice,emailservice,0,0,0,0,0,0,0
2026-10-04T14:06:06Z,recommendationservice,frontend,0,0,0,0,0,0,0
2026-10-04T14:06:06Z,recommendationservice,kubernetes,0,0,0,0,0,0,0
2026-10-04T14:06:06Z,recommendationservice,paymentservice,0,0,0,0,0,0,0
2026-10-04T14:06:06Z,recommendationservice,productcatalogservice,63822,63817,0,0,0,522452,63211
2026-10-04T14:06:06Z,recommendationservice,recommendationservice,0,0,0,0,0,0,0
2026-10-04T14:06:06Z,recommendationservice,redis-cart,0,0,0,0,0,0,0
2026-10-04T14:06:06Z,recommendationservice,shippingservice,0,0,0,0,0,0,0
2026-10-04T14:06:06Z,redis-cart,adservice,0,0,0,0,0,0,0
2026-10-04T14:06:06Z,redis-cart,cartservice,0,0,0,0,0,0,0
2026-10-04T14:06:06Z,redis-cart,checkoutservice,0,0,0,0,0,0,0
2026-10-04T14:06:06Z,redis-cart,currencyservice,0,0,0,0,0,0,0
2026-10-04T14:06:06Z,redis-cart,emailservice,0,0,0,0,0,0,0
2026-10-04T14:06:06Z,redis-cart,frontend,0,0,0,0,0,0,0
2026-10-04T14:06:06Z,redis-cart,kubernetes,0,0,0,0,0,0,0
2026-10-04T14:06:06Z,redis-cart,paymentservice,0,0,0,0,0,0,0
2026-10-04T14:06:06Z,redis-cart,productcatalogservice,0,0,0,0,0,0,0
2026-10-04T14:06:06Z,redis-cart,recommendationservice,0,0,0,0,0,0,0
2026-10-04T14:06:06Z,redis-cart,redis-cart,0,0,0,0,0,0,0
2026-10-04T14:06:06Z,redis-cart,shippingservice,0,0,0,0,0,0,0
2026-10-04T14:06:06Z,shippingservice,adservice,0,0,0,0,0,0,0
2026-10-04T14:06:06Z,shippingservice,cartservice,0,0,0,0,0,0,0
2026-10-04T14:06:06Z,shippingservice,checkoutservice,0,0,0,0,0,0,0
2026-10-04T14:06:06Z,shippingservice,currencyservice,0,0,0,0,0,0,0
2026-10-04T14:06:06Z,shippingservice,emailservice,0,0,0,0,0,0,0
2026-10-04T14:06:06Z,shippingservice,frontend,0,0,0,0,0,0,0
2026-10-04T14:06:06Z,shippingservice,kubernetes,0,0,0,0,0,0,0
2026-10-04T14:06:06Z,shippingservice,paymentservice,0,0,0,0,0,0,0
2026-10-04T14:06:06Z,shippingservice,productcatalogservice,0,0,0,0,0,0,0
2026-10-04T14:06:06Z,shippingservice,recommendationservice,0,0,0,0,0,0,0
2026-10-04T14:06:06Z,shippingservice,redis-cart,0,0,0,0,0,0,0
2026-10-04T14:06:06Z,shippingservice,shippingservice,0,0,0,0,0,0,0
2026-10-04T14:06:07Z,adservice,adservice,0,0,0,0,0,0,0
2026-10-04T14:06:07Z,adservice,cartservice,0,0,0,0,0,0,0
2026-10-04T14:06:07Z,adservice,checkoutservice,0,0,0,0,0,0,0
2026-10-04T14:06:07Z,adservice,currencyservice,0,0,0,0,0,0,0
2026-10-04T14:06:07Z,adservice,emailservice,0,0,0,0,0,0,0
2026-10-04T14:06:07Z,adservice,frontend,0,0,0,0,0,0,0
2026-10-04T14:06:07Z,adservice,kubernetes,0,0,0,0,0,0,0
2026-10-04T14:06:07Z,adservice,paymentservice,0,0,0,0,0,0,0
2026-10-04T14:06:07Z,adservice,productcatalogservice,0,0,0,0,0,0,0
2026-10-04T14:06:07Z,adservice,recommendationservice,0,0,0,0,0,0,0
2026-10-04T14:06:07Z,adservice,redis-cart,0,0,0,0,0,0,0
2026-10-04T14:06:07Z,adservice,shippingservice,0,0,0,0,0,0,0
2026-10-04T14:06:07Z,cartservice,adservice,0,0,0,0,0,0,0
2026-10-04T14:06:07Z,cartservice,cartservice,0,0,0,0,0,0,0
2026-10-04T14:06:07Z,cartservice,checkoutservice,0,0,0,0,0,0,0
2026-10-04T14:06:07Z,cartservice,currencyservice,0,0,0,0,0,0,0
2026-10-04T14:06:07Z,cartservice,emailservice,0,0,0,0,0,0,0
2026-10-04T14:06:07Z,cartservice,frontend,0,0,0,0,0,0,0
2026-10-04T14:06:07Z,cartservice,kubernetes,0,0,0,0,0,0,0
2026-10-04T14:06:07Z,cartservice,paymentservice,0,0,0,0,0,0,0
2026-10-04T14:06:07Z,cartservice,productcatalogservice,0,0,0,0,0,0,0
2026-10-04T14:06:07Z,cartservice,recommendationservice,0,0,0,0,0,0,0
2026-10-04T14:06:07Z,cartservice,redis-cart,2,0,0,0,0,0,0
2026-10-04T14:06:07Z,cartservice,shippingservice,0,0,0,0,0,0,0
2026-10-04T14:06:07Z,checkoutservice,adservice,0,0,0,0,0,0,0
2026-10-04T14:06:07Z,checkoutservice,cartservice,31075,30346,0,77,0,447152,30209
2026-10-04T14:06:07Z,checkoutservice,checkoutservice,0,0,0,0,0,0,0
2026-10-04T14:06:07Z,checkoutservice,currencyservice,23230,23210,0,0,0,371298,23095
2026-10-04T14:06:07Z,checkoutservice,emailservice,2645,2392,0,60,0,120849,2392
2026-10-04T14:06:07Z,checkoutservice,frontend,0,0,0,0,0,0,0
2026-10-04T14:06:07Z,checkoutservice,kubernetes,0,0,0,0,0,0,0
2026-10-04T14:06:07Z,checkoutservice,paymentservice,18180,16895,0,130,0,281984,16803
2026-10-04T14:06:07Z,checkoutservice,productcatalogservice,0,0,0,0,0,0,0
2026-10-04T14:06:07Z,checkoutservice,recommendationservice,0,0,0,0,0,0,0
2026-10-04T14:06:07Z,checkoutservice,redis-cart,0,0,0,0,0,0,0
2026-10-04T14:06:07Z,checkoutservice,shippingservice,34185,32627,0,114,0,337000,32495
2026-10-04T14:06:07Z,currencyservice,adservice,0,0,0,0,0,0,0
2026-10-04T14:06:07Z,currencyservice,cartservice,0,0,0,0,0,0,0
2026-10-04T14:06:07Z,currencyservice,checkoutservice,0,0,0,0,0,0,0
2026-10-04T14:06:07Z,currencyservice,currencyservice,0,0,0,0,0,0,0
2026-10-04T14:06:07Z,currencyservice,emailservice,0,0,0,0,0,0,0
2026-10-04T14:06:07Z,currencyservice,frontend,0,0,0,0,0,0,0
2026-10-04T14:06:07Z,currencyservice,kubernetes,0,0,0,0,0,0,0
2026-10-04T14:06:07Z,currencyservice,paymentservice,0,0,0,0,0,0,0
2026-10-04T14:06:07Z,currencyservice,productcatalogservice,0,0,0,0,0,0,0
2026-10-04T14:06:07Z,currencyservice,recommendationservice,0,0,0,0,0,0,0
2026-10-04T14:06:07Z,currencyservice,redis-cart,0,0,0,0,0,0,0
2026-10-04T14:06:07Z,currencyservice,shippingservice,0,0,0,0,0,0,0
2026-10-04T14:06:07Z,emailservice,adservice,0,0,0,0,0,0,0
2026-10-04T14:06:07Z,emailservice,cartservice,0,0,0,0,0,0,0
2026-10-04T14:06:07Z,emailservice,checkoutservice,0,0,0,0,0,0,0
2026-10-04T14:06:07Z,emailservice,currencyservice,0,0,0,0,0,0,0
2026-10-04T14:06:07Z,emailservice,emailservice,0,0,0,0,0,0,0
2026-10-04T14:06:07Z,emailservice,frontend,0,0,0,0,0,0,0
2026-10-04T14:06:07Z,emailservice,kubernetes,0,0,0,0,0,0,0
2026-10-04T14:06:07Z,emailservice,paymentservice,0,0,0,0,0,0,0
2026-10-04T14:06:07Z,emailservice,productcatalogservice,0,0,0,0,0,0,0
2026-10-04T14:06:07Z,emailservice,recommendationservice,0,0,0,0,0,0,0
2026-10-04T14:06:07Z,emailservice,redis-cart,0,0,0,0,0,0,0
2026-10-04T14:06:07Z,emailservice,shippingservice,0,0,0,0,0,0,0
2026-10-04T14:06:07Z,frontend,adservice,813433,813430,0,0,0,2450738,812355
2026-10-04T14:06:07Z,frontend,cartservice,1798663,1798651,0,0,4,10016345,1796825
2026-10-04T14:06:07Z,frontend,checkoutservice,382039,179498,0,38539,163938,60128432,179392
2026-10-04T14:06:07Z,frontend,currencyservice,2860365,2860350,0,0,0,15193386,2857421
2026-10-04T14:06:07Z,frontend,emailservice,0,0,0,0,0,0,0
2026-10-04T14:06:07Z,frontend,frontend,0,0,0,0,0,0,0
2026-10-04T14:06:07Z,frontend,kubernetes,0,0,0,0,0,0,0
2026-10-04T14:06:07Z,frontend,paymentservice,0,0,0,0,0,0,0
2026-10-04T14:06:07Z,frontend,productcatalogservice,8051212,8051137,0,0,0,55037192,8041116
2026-10-04T14:06:07Z,frontend,recommendationservice,2588389,1589107,0,104145,892890,778328610,1587388
2026-10-04T14:06:07Z,frontend,redis-cart,0,0,0,0,0,0,0
2026-10-04T14:06:07Z,frontend,shippingservice,298322,298319,0,0,0,906163,297915
2026-10-04T14:06:07Z,paymentservice,adservice,0,0,0,0,0,0,0
2026-10-04T14:06:07Z,paymentservice,cartservice,0,0,0,0,0,0,0
2026-10-04T14:06:07Z,paymentservice,checkoutservice,0,0,0,0,0,0,0
2026-10-04T14:06:07Z,paymentservice,currencyservice,0,0,0,0,0,0,0
2026-10-04T14:06:07Z,paymentservice,emailservice,0,0,0,0,0,0,0
2026-10-04T14:06:07Z,paymentservice,frontend,0,0,0,0,0,0,0
2026-10-04T14:06:07Z,paymentservice,kubernetes,0,0,0,0,0,0,0
2026-10-04T14:06:07Z,paymentservice,paymentservice,0,0,0,0,0,0,0
2026-10-04T14:06:07Z,paymentservice,productcatalogservice,0,0,0,0,0,0,0
2026-10-04T14:06:07Z,paymentservice,recommendationservice,0,0,0,0,0,0,0
2026-10-04T14:06:07Z,paymentservice,redis-cart,0,0,0,0,0,0,0
2026-10-04T14:06:07Z,paymentservice,shippingservice,0,0,0,0,0,0,0
2026-10-04T14:06:07Z,productcatalogservice,adservice,0,0,0,0,0,0,0
2026-10-04T14:06:07Z,productcatalogservice,cartservice,0,0,0,0,0,0,0
2026-10-04T14:06:07Z,productcatalogservice,checkoutservice,0,0,0,0,0,0,0
2026-10-04T14:06:07Z,productcatalogservice,currencyservice,0,0,0,0,0,0,0
2026-10-04T14:06:07Z,productcatalogservice,emailservice,0,0,0,0,0,0,0
2026-10-04T14:06:07Z,productcatalogservice,frontend,0,0,0,0,0,0,0
2026-10-04T14:06:07Z,productcatalogservice,kubernetes,0,0,0,0,0,0,0
2026-10-04T14:06:07Z,productcatalogservice,paymentservice,0,0,0,0,0,0,0
2026-10-04T14:06:07Z,productcatalogservice,productcatalogservice,0,0,0,0,0,0,0
2026-10-04T14:06:07Z,productcatalogservice,recommendationservice,0,0,0,0,0,0,0
2026-10-04T14:06:07Z,productcatalogservice,redis-cart,0,0,0,0,0,0,0
2026-10-04T14:06:07Z,productcatalogservice,shippingservice,0,0,0,0,0,0,0
2026-10-04T14:06:07Z,recommendationservice,adservice,0,0,0,0,0,0,0
2026-10-04T14:06:07Z,recommendationservice,cartservice,0,0,0,0,0,0,0
2026-10-04T14:06:07Z,recommendationservice,checkoutservice,0,0,0,0,0,0,0
2026-10-04T14:06:07Z,recommendationservice,currencyservice,0,0,0,0,0,0,0
2026-10-04T14:06:07Z,recommendationservice,emailservice,0,0,0,0,0,0,0
2026-10-04T14:06:07Z,recommendationservice,frontend,0,0,0,0,0,0,0
2026-10-04T14:06:07Z,recommendationservice,kubernetes,0,0,0,0,0,0,0
2026-10-04T14:06:07Z,recommendationservice,paymentservice,0,0,0,0,0,0,0
2026-10-04T14:06:07Z,recommendationservice,productcatalogservice,64258,64248,0,0,0,522452,63211
2026-10-04T14:06:07Z,recommendationservice,recommendationservice,0,0,0,0,0,0,0
2026-10-04T14:06:07Z,recommendationservice,redis-cart,0,0,0,0,0,0,0
2026-10-04T14:06:07Z,recommendationservice,shippingservice,0,0,0,0,0,0,0
2026-10-04T14:06:07Z,redis-cart,adservice,0,0,0,0,0,0,0
2026-10-04T14:06:07Z,redis-cart,cartservice,0,0,0,0,0,0,0
2026-10-04T14:06:07Z,redis-cart,checkoutservice,0,0,0,0,0,0,0
2026-10-04T14:06:07Z,redis-cart,currencyservice,0,0,0,0,0,0,0
2026-10-04T14:06:07Z,redis-cart,emailservice,0,0,0,0,0,0,0
2026-10-04T14:06:07Z,redis-cart,frontend,0,0,0,0,0,0,0
2026-10-04T14:06:07Z,redis-cart,kubernetes,0,0,0,0,0,0,0
2026-10-04T14:06:07Z,redis-cart,paymentservice,0,0,0,0,0,0,0
2026-10-04T14:06:07Z,redis-cart,productcatalogservice,0,0,0,0,0,0,0
2026-10-04T14:06:07Z,redis-cart,recommendationservice,0,0,0,0,0,0,0
2026-10-04T14:06:07Z,redis-cart,redis-cart,0,0,0,0,0,0,0
2026-10-04T14:06:07Z,redis-cart,shippingservice,0,0,0,0,0,0,0
2026-10-04T14:06:07Z,shippingservice,adservice,0,0,0,0,0,0,0
2026-10-04T14:06:07Z,shippingservice,cartservice,0,0,0,0,0,0,0
2026-10-04T14:06:07Z,shippingservice,checkoutservice,0,0,0,0,0,0,0
2026-10-04T14:06:07Z,shippingservice,currencyservice,0,0,0,0,0,0,0
2026-10-04T14:06:07Z,shippingservice,emailservice,0,0,0,0,0,0,0
2026-10-04T14:06:07Z,shippingservice,frontend,0,0,0,0,0,0,0
2026-10-04T14:06:07Z,shippingservice,kubernetes,0,0,0,0,0,0,0
2026-10-04T14:06:07Z,shippingservice,paymentservice,0,0,0,0,0,0,0
2026-10-04T14:06:07Z,shippingservice,productcatalogservice,0,0,0,0,0,0,0
2026-10-04T14:06:07Z,shippingservice,recommendationservice,0,0,0,0,0,0,0
2026-10-04T14:06:07Z,shippingservice,redis-cart,0,0,0,0,0,0,0
2026-10-04T14:06:07Z,shippingservice,shippingservice,0,0,0,0,0,0,0
2026-10-04T14:06:08Z,adservice,adservice,0,0,0,0,0,0,0
2026-10-04T14:06:08Z,adservice,cartservice,0,0,0,0,0,0,0
2026-10-04T14:06:08Z,adservice,checkoutservice,0,0,0,0,0,0,0
2026-10-04T14:06:08Z,adservice,currencyservice,0,0,0,0,0,0,0
2026-10-04T14:06:08Z,adservice,emailservice,0,0,0,0,0,0,0
2026-10-04T14:06:08Z,adservice,frontend,0,0,0,0,0,0,0
2026-10-04T14:06:08Z,adservice,kubernetes,0,0,0,0,0,0,0
2026-10-04T14:06:08Z,adservice,paymentservice,0,0,0,0,0,0,0
2026-10-04T14:06:08Z,adservice,productcatalogservice,0,0,0,0,0,0,0
2026-10-04T14:06:08Z,adservice,recommendationservice,0,0,0,0,0,0,0
2026-10-04T14:06:08Z,adservice,redis-cart,0,0,0,0,0,0,0
2026-10-04T14:06:08Z,adservice,shippingservice,0,0,0,0,0,0,0
2026-10-04T14:06:08Z,cartservice,adservice,0,0,0,0,0,0,0
2026-10-04T14:06:08Z,cartservice,cartservice,0,0,0,0,0,0,0
2026-10-04T14:06:08Z,cartservice,checkoutservice,0,0,0,0,0,0,0
2026-10-04T14:06:08Z,cartservice,currencyservice,0,0,0,0,0,0,0
2026-10-04T14:06:08Z,cartservice,emailservice,0,0,0,0,0,0,0
2026-10-04T14:06:08Z,cartservice,frontend,0,0,0,0,0,0,0
2026-10-04T14:06:08Z,cartservice,kubernetes,0,0,0,0,0,0,0
2026-10-04T14:06:08Z,cartservice,paymentservice,0,0,0,0,0,0,0
2026-10-04T14:06:08Z,cartservice,productcatalogservice,0,0,0,0,0,0,0
2026-10-04T14:06:08Z,cartservice,recommendationservice,0,0,0,0,0,0,0
2026-10-04T14:06:08Z,cartservice,redis-cart,2,0,0,0,0,0,0
2026-10-04T14:06:08Z,cartservice,shippingservice,0,0,0,0,0,0,0
2026-10-04T14:06:08Z,checkoutservice,adservice,0,0,0,0,0,0,0
2026-10-04T14:06:08Z,checkoutservice,cartservice,31299,30590,0,77,0,447152,30209
2026-10-04T14:06:08Z,checkoutservice,checkoutservice,0,0,0,0,0,0,0
2026-10-04T14:06:08Z,checkoutservice,currencyservice,23406,23393,0,0,0,371298,23095
2026-10-04T14:06:08Z,checkoutservice,emailservice,2646,2393,0,60,0,120849,2392
2026-10-04T14:06:08Z,checkoutservice,frontend,0,0,0,0,0,0,0
2026-10-04T14:06:08Z,checkoutservice,kubernetes,0,0,0,0,0,0,0
2026-10-04T14:06:08Z,checkoutservice,paymentservice,18269,16997,0,131,0,281984,16803
2026-10-04T14:06:08Z,checkoutservice,productcatalogservice,0,0,0,0,0,0,0
2026-10-04T14:06:08Z,checkoutservice,recommendationservice,0,0,0,0,0,0,0
2026-10-04T14:06:08Z,checkoutservice,redis-cart,0,0,0,0,0,0,0
2026-10-04T14:06:08Z,checkoutservice,shippingservice,34434,32867,0,115,0,337000,32495
2026-10-04T14:06:08Z,currencyservice,adservice,0,0,0,0,0,0,0
2026-10-04T14:06:08Z,currencyservice,cartservice,0,0,0,0,0,0,0
2026-10-04T14:06:08Z,currencyservice,checkoutservice,0,0,0,0,0,0,0
2026-10-04T14:06:08Z,currencyservice,currencyservice,0,0,0,0,0,0,0
2026-10-04T14:06:08Z,currencyservice,emailservice,0,0,0,0,0,0,0
2026-10-04T14:06:08Z,currencyservice,frontend,0,0,0,0,0,0,0
2026-10-04T14:06:08Z,currencyservice,kubernetes,0,0,0,0,0,0,0
2026-10-04T14:06:08Z,currencyservice,paymentservice,0,0,0,0,0,0,0
2026-10-04T14:06:08Z,currencyservice,productcatalogservice,0,0,0,0,0,0,0
2026-10-04T14:06:08Z,currencyservice,recommendationservice,0,0,0,0,0,0,0
2026-10-04T14:06:08Z,currencyservice,redis-cart,0,0,0,0,0,0,0
2026-10-04T14:06:08Z,currencyservice,shippingservice,0,0,0,0,0,0,0
2026-10-04T14:06:08Z,emailservice,adservice,0,0,0,0,0,0,0
2026-10-04T14:06:08Z,emailservice,cartservice,0,0,0,0,0,0,0
2026-10-04T14:06:08Z,emailservice,checkoutservice,0,0,0,0,0,0,0
2026-10-04T14:06:08Z,emailservice,currencyservice,0,0,0,0,0,0,0
2026-10-04T14:06:08Z,emailservice,emailservice,0,0,0,0,0,0,0
2026-10-04T14:06:08Z,emailservice,frontend,0,0,0,0,0,0,0
2026-10-04T14:06:08Z,emailservice,kubernetes,0,0,0,0,0,0,0
2026-10-04T14:06:08Z,emailservice,paymentservice,0,0,0,0,0,0,0
2026-10-04T14:06:08Z,emailservice,productcatalogservice,0,0,0,0,0,0,0
2026-10-04T14:06:08Z,emailservice,recommendationservice,0,0,0,0,0,0,0
2026-10-04T14:06:08Z,emailservice,redis-cart,0,0,0,0,0,0,0
2026-10-04T14:06:08Z,emailservice,shippingservice,0,0,0,0,0,0,0
2026-10-04T14:06:08Z,frontend,adservice,813718,813716,0,0,0,2451482,812639
2026-10-04T14:06:08Z,frontend,cartservice,1799130,1799116,0,0,4,10019141,1797306
2026-10-04T14:06:08Z,frontend,checkoutservice,382267,179524,0,38568,164102,60179452,179430
2026-10-04T14:06:08Z,frontend,currencyservice,2861120,2861104,0,0,0,15198351,2858201
2026-10-04T14:06:08Z,frontend,emailservice,0,0,0,0,0,0,0
2026-10-04T14:06:08Z,frontend,frontend,0,0,0,0,0,0,0
2026-10-04T14:06:08Z,frontend,kubernetes,0,0,0,0,0,0,0
2026-10-04T14:06:08Z,frontend,paymentservice,0,0,0,0,0,0,0
2026-10-04T14:06:08Z,frontend,productcatalogservice,8053911,8053828,0,0,0,55061323,8043772
2026-10-04T14:06:08Z,frontend,recommendationservice,2588815,1589576,0,104145,892890,778392640,1587848
2026-10-04T14:06:08Z,frontend,redis-cart,0,0,0,0,0,0,0
2026-10-04T14:06:08Z,frontend,shippingservice,298434,298431,0,0,0,906469,298025
2026-10-04T14:06:08Z,paymentservice,adservice,0,0,0,0,0,0,0
2026-10-04T14:06:08Z,paymentservice,cartservice,0,0,0,0,0,0,0
2026-10-04T14:06:08Z,paymentservice,checkoutservice,0,0,0,0,0,0,0
2026-10-04T14:06:08Z,paymentservice,currencyservice,0,0,0,0,0,0,0
2026-10-04T14:06:08Z,paymentservice,emailservice,0,0,0,0,0,0,0
2026-10-04T14:06:08Z,paymentservice,frontend,0,0,0,0,0,0,0
2026-10-04T14:06:08Z,paymentservice,kubernetes,0,0,0,0,0,0,0
2026-10-04T14:06:08Z,paymentservice,paymentservice,0,0,0,0,0,0,0
2026-10-04T14:06:08Z,paymentservice,productcatalogservice,0,0,0,0,0,0,0
2026-10-04T14:06:08Z,paymentservice,recommendationservice,0,0,0,0,0,0,0
2026-10-04T14:06:08Z,paymentservice,redis-cart,0,0,0,0,0,0,0
2026-10-04T14:06:08Z,paymentservice,shippingservice,0,0,0,0,0,0,0
2026-10-04T14:06:08Z,productcatalogservice,adservice,0,0,0,0,0,0,0
2026-10-04T14:06:08Z,productcatalogservice,cartservice,0,0,0,0,0,0,0
2026-10-04T14:06:08Z,productcatalogservice,checkoutservice,0,0,0,0,0,0,0
2026-10-04T14:06:08Z,productcatalogservice,currencyservice,0,0,0,0,0,0,0
2026-10-04T14:06:08Z,productcatalogservice,emailservice,0,0,0,0,0,0,0
2026-10-04T14:06:08Z,productcatalogservice,frontend,0,0,0,0,0,0,0
2026-10-04T14:06:08Z,productcatalogservice,kubernetes,0,0,0,0,0,0,0
2026-10-04T14:06:08Z,productcatalogservice,paymentservice,0,0,0,0,0,0,0
2026-10-04T14:06:08Z,productcatalogservice,productcatalogservice,0,0,0,0,0,0,0
2026-10-04T14:06:08Z,productcatalogservice,recommendationservice,0,0,0,0,0,0,0
2026-10-04T14:06:08Z,productcatalogservice,redis-cart,0,0,0,0,0,0,0
2026-10-04T14:06:08Z,productcatalogservice,shippingservice,0,0,0,0,0,0,0
2026-10-04T14:06:08Z,recommendationservice,adservice,0,0,0,0,0,0,0
2026-10-04T14:06:08Z,recommendationservice,cartservice,0,0,0,0,0,0,0
2026-10-04T14:06:08Z,recommendationservice,checkoutservice,0,0,0,0,0,0,0
2026-10-04T14:06:08Z,recommendationservice,currencyservice,0,0,0,0,0,0,0
2026-10-04T14:06:08Z,recommendationservice,emailservice,0,0,0,0,0,0,0
2026-10-04T14:06:08Z,recommendationservice,frontend,0,0,0,0,0,0,0
2026-10-04T14:06:08Z,recommendationservice,kubernetes,0,0,0,0,0,0,0
2026-10-04T14:06:08Z,recommendationservice,paymentservice,0,0,0,0,0,0,0
2026-10-04T14:06:08Z,recommendationservice,productcatalogservice,64700,64690,0,0,0,522452,63211
2026-10-04T14:06:08Z,recommendationservice,recommendationservice,0,0,0,0,0,0,0
2026-10-04T14:06:08Z,recommendationservice,redis-cart,0,0,0,0,0,0,0
2026-10-04T14:06:08Z,recommendationservice,shippingservice,0,0,0,0,0,0,0
2026-10-04T14:06:08Z,redis-cart,adservice,0,0,0,0,0,0,0
2026-10-04T14:06:08Z,redis-cart,cartservice,0,0,0,0,0,0,0
2026-10-04T14:06:08Z,redis-cart,checkoutservice,0,0,0,0,0,0,0
2026-10-04T14:06:08Z,redis-cart,currencyservice,0,0,0,0,0,0,0
2026-10-04T14:06:08Z,redis-cart,emailservice,0,0,0,0,0,0,0
2026-10-04T14:06:08Z,redis-cart,frontend,0,0,0,0,0,0,0
2026-10-04T14:06:08Z,redis-cart,kubernetes,0,0,0,0,0,0,0
2026-10-04T14:06:08Z,redis-cart,paymentservice,0,0,0,0,0,0,0
2026-10-04T14:06:08Z,redis-cart,productcatalogservice,0,0,0,0,0,0,0
2026-10-04T14:06:08Z,redis-cart,recommendationservice,0,0,0,0,0,0,0
2026-10-04T14:06:08Z,redis-cart,redis-cart,0,0,0,0,0,0,0
2026-10-04T14:06:08Z,redis-cart,shippingservice,0,0,0,0,0,0,0
2026-10-04T14:06:08Z,shippingservice,adservice,0,0,0,0,0,0,0
2026-10-04T14:06:08Z,shippingservice,cartservice,0,0,0,0,0,0,0
2026-10-04T14:06:08Z,shippingservice,checkoutservice,0,0,0,0,0,0,0
2026-10-04T14:06:08Z,shippingservice,currencyservice,0,0,0,0,0,0,0
2026-10-04T14:06:08Z,shippingservice,emailservice,0,0,0,0,0,0,0
2026-10-04T14:06:08Z,shippingservice,frontend,0,0,0,0,0,0,0
2026-10-04T14:06:08Z,shippingservice,kubernetes,0,0,0,0,0,0,0
2026-10-04T14:06:08Z,shippingservice,paymentservice,0,0,0,0,0,0,0
2026-10-04T14:06:08Z,shippingservice,productcatalogservice,0,0,0,0,0,0,0
2026-10-04T14:06:08Z,shippingservice,recommendationservice,0,0,0,0,0,0,0
2026-10-04T14:06:08Z,shippingservice,redis-cart,0,0,0,0,0,0,0
2026-10-04T14:06:08Z,shippingservice,shippingservice,0,0,0,0,0,0,0
2026-10-04T14:06:09Z,adservice,adservice,0,0,0,0,0,0,0
2026-10-04T14:06:09Z,adservice,cartservice,0,0,0,0,0,0,0
2026-10-04T14:06:09Z,adservice,checkoutservice,0,0,0,0,0,0,0
2026-10-04T14:06:09Z,adservice,currencyservice,0,0,0,0,0,0,0
2026-10-04T14:06:09Z,adservice,emailservice,0,0,0,0,0,0,0
2026-10-04T14:06:09Z,adservice,frontend,0,0,0,0,0,0,0
2026-10-04T14:06:09Z,adservice,kubernetes,0,0,0,0,0,0,0
2026-10-04T14:06:09Z,adservice,paymentservice,0,0,0,0,0,0,0
2026-10-04T14:06:09Z,adservice,productcatalogservice,0,0,0,0,0,0,0
2026-10-04T14:06:09Z,adservice,recommendationservice,0,0,0,0,0,0,0
2026-10-04T14:06:09Z,adservice,redis-cart,0,0,0,0,0,0,0
2026-10-04T14:06:09Z,adservice,shippingservice,0,0,0,0,0,0,0
2026-10-04T14:06:09Z,cartservice,adservice,0,0,0,0,0,0,0
2026-10-04T14:06:09Z,cartservice,cartservice,0,0,0,0,0,0,0
2026-10-04T14:06:09Z,cartservice,checkoutservice,0,0,0,0,0,0,0
2026-10-04T14:06:09Z,cartservice,currencyservice,0,0,0,0,0,0,0
2026-10-04T14:06:09Z,cartservice,emailservice,0,0,0,0,0,0,0
2026-10-04T14:06:09Z,cartservice,frontend,0,0,0,0,0,0,0
2026-10-04T14:06:09Z,cartservice,kubernetes,0,0,0,0,0,0,0
2026-10-04T14:06:09Z,cartservice,paymentservice,0,0,0,0,0,0,0
2026-10-04T14:06:09Z,cartservice,productcatalogservice,0,0,0,0,0,0,0
2026-10-04T14:06:09Z,cartservice,recommendationservice,0,0,0,0,0,0,0
2026-10-04T14:06:09Z,cartservice,redis-cart,2,0,0,0,0,0,0
2026-10-04T14:06:09Z,cartservice,shippingservice,0,0,0,0,0,0,0
2026-10-04T14:06:09Z,checkoutservice,adservice,0,0,0,0,0,0,0
2026-10-04T14:06:09Z,checkoutservice,cartservice,31528,30809,0,77,0,447152,30209
2026-10-04T14:06:09Z,checkoutservice,checkoutservice,0,0,0,0,0,0,0
2026-10-04T14:06:09Z,checkoutservice,currencyservice,23636,23605,0,0,0,371298,23095
2026-10-04T14:06:09Z,checkoutservice,emailservice,2647,2394,0,60,0,120849,2392
2026-10-04T14:06:09Z,checkoutservice,frontend,0,0,0,0,0,0,0
2026-10-04T14:06:09Z,checkoutservice,kubernetes,0,0,0,0,0,0,0
2026-10-04T14:06:09Z,checkoutservice,paymentservice,18389,17090,0,132,0,281984,16803
2026-10-04T14:06:09Z,checkoutservice,productcatalogservice,0,0,0,0,0,0,0
2026-10-04T14:06:09Z,checkoutservice,recommendationservice,0,0,0,0,0,0,0
2026-10-04T14:06:09Z,checkoutservice,redis-cart,0,0,0,0,0,0,0
2026-10-04T14:06:09Z,checkoutservice,shippingservice,34685,33089,0,115,0,337000,32495
2026-10-04T14:06:09Z,currencyservice,adservice,0,0,0,0,0,0,0
2026-10-04T14:06:09Z,currencyservice,cartservice,0,0,0,0,0,0,0
2026-10-04T14:06:09Z,currencyservice,checkoutservice,0,0,0,0,0,0,0
2026-10-04T14:06:09Z,currencyservice,currencyservice,0,0,0,0,0,0,0
2026-10-04T14:06:09Z,currencyservice,emailservice,0,0,0,0,0,0,0
2026-10-04T14:06:09Z,currencyservice,frontend,0,0,0,0,0,0,0
2026-10-04T14:06:09Z,currencyservice,kubernetes,0,0,0,0,0,0,0
2026-10-04T14:06:09Z,currencyservice,paymentservice,0,0,0,0,0,0,0
2026-10-04T14:06:09Z,currencyservice,productcatalogservice,0,0,0,0,0,0,0
2026-10-04T14:06:09Z,currencyservice,recommendationservice,0,0,0,0,0,0,0
2026-10-04T14:06:09Z,currencyservice,redis-cart,0,0,0,0,0,0,0
2026-10-04T14:06:09Z,currencyservice,shippingservice,0,0,0,0,0,0,0
2026-10-04T14:06:09Z,emailservice,adservice,0,0,0,0,0,0,0
2026-10-04T14:06:09Z,emailservice,cartservice,0,0,0,0,0,0,0
2026-10-04T14:06:09Z,emailservice,checkoutservice,0,0,0,0,0,0,0
2026-10-04T14:06:09Z,emailservice,currencyservice,0,0,0,0,0,0,0
2026-10-04T14:06:09Z,emailservice,emailservice,0,0,0,0,0,0,0
2026-10-04T14:06:09Z,emailservice,frontend,0,0,0,0,0,0,0
2026-10-04T14:06:09Z,emailservice,kubernetes,0,0,0,0,0,0,0
2026-10-04T14:06:09Z,emailservice,paymentservice,0,0,0,0,0,0,0
2026-10-04T14:06:09Z,emailservice,productcatalogservice,0,0,0,0,0,0,0
2026-10-04T14:06:09Z,emailservice,recommendationservice,0,0,0,0,0,0,0
2026-10-04T14:06:09Z,emailservice,redis-cart,0,0,0,0,0,0,0
2026-10-04T14:06:09Z,emailservice,shippingservice,0,0,0,0,0,0,0
2026-10-04T14:06:09Z,frontend,adservice,813984,813979,0,0,0,2455277,813773
2026-10-04T14:06:09Z,frontend,cartservice,1799593,1799580,0,0,4,10030588,1799184
2026-10-04T14:06:09Z,frontend,checkoutservice,382480,179546,0,38606,164258,60309957,179533
2026-10-04T14:06:09Z,frontend,currencyservice,2861855,2861833,0,0,0,15215803,2861187
2026-10-04T14:06:09Z,frontend,emailservice,0,0,0,0,0,0,0
2026-10-04T14:06:09Z,frontend,frontend,0,0,0,0,0,0,0
2026-10-04T14:06:09Z,frontend,kubernetes,0,0,0,0,0,0,0
2026-10-04T14:06:09Z,frontend,paymentservice,0,0,0,0,0,0,0
2026-10-04T14:06:09Z,frontend,productcatalogservice,8056331,8056252,0,0,0,55137294,8054158
2026-10-04T14:06:09Z,frontend,recommendationservice,2589242,1589986,0,104145,892890,778608369,1589634
2026-10-04T14:06:09Z,frontend,redis-cart,0,0,0,0,0,0,0
2026-10-04T14:06:09Z,frontend,shippingservice,298527,298525,0,0,0,907898,298414
2026-10-04T14:06:09Z,paymentservice,adservice,0,0,0,0,0,0,0
2026-10-04T14:06:09Z,paymentservice,cartservice,0,0,0,0,0,0,0
2026-10-04T14:06:09Z,paymentservice,checkoutservice,0,0,0,0,0,0,0
2026-10-04T14:06:09Z,paymentservice,currencyservice,0,0,0,0,0,0,0
2026-10-04T14:06:09Z,paymentservice,emailservice,0,0,0,0,0,0,0
2026-10-04T14:06:09Z,paymentservice,frontend,0,0,0,0,0,0,0
2026-10-04T14:06:09Z,paymentservice,kubernetes,0,0,0,0,0,0,0
2026-10-04T14:06:09Z,paymentservice,paymentservice,0,0,0,0,0,0,0
2026-10-04T14:06:09Z,paymentservice,productcatalogservice,0,0,0,0,0,0,0
2026-10-04T14:06:09Z,paymentservice,recommendationservice,0,0,0,0,0,0,0
2026-10-04T14:06:09Z,paymentservice,redis-cart,0,0,0,0,0,0,0
2026-10-04T14:06:09Z,paymentservice,shippingservice,0,0,0,0,0,0,0
2026-10-04T14:06:09Z,productcatalogservice,adservice,0,0,0,0,0,0,0
2026-10-04T14:06:09Z,productcatalogservice,cartservice,0,0,0,0,0,0,0
2026-10-04T14:06:09Z,productcatalogservice,checkoutservice,0,0,0,0,0,0,0
2026-10-04T14:06:09Z,productcatalogservice,currencyservice,0,0,0,0,0,0,0
2026-10-04T14:06:09Z,productcatalogservice,emailservice,0,0,0,0,0,0,0
2026-10-04T14:06:09Z,productcatalogservice,frontend,0,0,0,0,0,0,0
2026-10-04T14:06:09Z,productcatalogservice,kubernetes,0,0,0,0,0,0,0
2026-10-04T14:06:09Z,productcatalogservice,paymentservice,0,0,0,0,0,0,0
2026-10-04T14:06:09Z,productcatalogservice,productcatalogservice,0,0,0,0,0,0,0
2026-10-04T14:06:09Z,productcatalogservice,recommendationservice,0,0,0,0,0,0,0
2026-10-04T14:06:09Z,productcatalogservice,redis-cart,0,0,0,0,0,0,0
2026-10-04T14:06:09Z,productcatalogservice,shippingservice,0,0,0,0,0,0,0
2026-10-04T14:06:09Z,recommendationservice,adservice,0,0,0,0,0,0,0
2026-10-04T14:06:09Z,recommendationservice,cartservice,0,0,0,0,0,0,0
2026-10-04T14:06:09Z,recommendationservice,checkoutservice,0,0,0,0,0,0,0
2026-10-04T14:06:09Z,recommendationservice,currencyservice,0,0,0,0,0,0,0
2026-10-04T14:06:09Z,recommendationservice,emailservice,0,0,0,0,0,0,0
2026-10-04T14:06:09Z,recommendationservice,frontend,0,0,0,0,0,0,0
2026-10-04T14:06:09Z,recommendationservice,kubernetes,0,0,0,0,0,0,0
2026-10-04T14:06:09Z,recommendationservice,paymentservice,0,0,0,0,0,0,0
2026-10-04T14:06:09Z,recommendationservice,productcatalogservice,65125,65124,0,0,0,522452,63211
2026-10-04T14:06:09Z,recommendationservice,recommendationservice,0,0,0,0,0,0,0
2026-10-04T14:06:09Z,recommendationservice,redis-cart,0,0,0,0,0,0,0
2026-10-04T14:06:09Z,recommendationservice,shippingservice,0,0,0,0,0,0,0
2026-10-04T14:06:09Z,redis-cart,adservice,0,0,0,0,0,0,0
2026-10-04T14:06:09Z,redis-cart,cartservice,0,0,0,0,0,0,0
2026-10-04T14:06:09Z,redis-cart,checkoutservice,0,0,0,0,0,0,0
2026-10-04T14:06:09Z,redis-cart,currencyservice,0,0,0,0,0,0,0
2026-10-04T14:06:09Z,redis-cart,emailservice,0,0,0,0,0,0,0
2026-10-04T14:06:09Z,redis-cart,frontend,0,0,0,0,0,0,0
2026-10-04T14:06:09Z,redis-cart,kubernetes,0,0,0,0,0,0,0
2026-10-04T14:06:09Z,redis-cart,paymentservice,0,0,0,0,0,0,0
2026-10-04T14:06:09Z,redis-cart,productcatalogservice,0,0,0,0,0,0,0
2026-10-04T14:06:09Z,redis-cart,recommendationservice,0,0,0,0,0,0,0
2026-10-04T14:06:09Z,redis-cart,redis-cart,0,0,0,0,0,0,0
2026-10-04T14:06:09Z,redis-cart,shippingservice,0,0,0,0,0,0,0
2026-10-04T14:06:09Z,shippingservice,adservice,0,0,0,0,0,0,0
2026-10-04T14:06:09Z,shippingservice,cartservice,0,0,0,0,0,0,0
2026-10-04T14:06:09Z,shippingservice,checkoutservice,0,0,0,0,0,0,0
2026-10-04T14:06:09Z,shippingservice,currencyservice,0,0,0,0,0,0,0
2026-10-04T14:06:09Z,shippingservice,emailservice,0,0,0,0,0,0,0
2026-10-04T14:06:09Z,shippingservice,frontend,0,0,0,0,0,0,0
2026-10-04T14:06:09Z,shippingservice,kubernetes,0,0,0,0,0,0,0
2026-10-04T14:06:09Z,shippingservice,paymentservice,0,0,0,0,0,0,0
2026-10-04T14:06:09Z,shippingservice,productcatalogservice,0,0,0,0,0,0,0
2026-10-04T14:06:09Z,shippingservice,recommendationservice,0,0,0,0,0,0,0
2026-10-04T14:06:09Z,shippingservice,redis-cart,0,0,0,0,0,0,0
2026-10-04T14:06:09Z,shippingservice,shippingservice,0,0,0,0,0,0,0
2026-10-04T14:06:10Z,adservice,adservice,0,0,0,0,0,0,0
2026-10-04T14:06:10Z,adservice,cartservice,0,0,0,0,0,0,0
2026-10-04T14:06:10Z,adservice,checkoutservice,0,0,0,0,0,0,0
2026-10-04T14:06:10Z,adservice,currencyservice,0,0,0,0,0,0,0
2026-10-04T14:06:10Z,adservice,emailservice,0,0,0,0,0,0,0
2026-10-04T14:06:10Z,adservice,frontend,0,0,0,0,0,0,0
2026-10-04T14:06:10Z,adservice,kubernetes,0,0,0,0,0,0,0
2026-10-04T14:06:10Z,adservice,paymentservice,0,0,0,0,0,0,0
2026-10-04T14:06:10Z,adservice,productcatalogservice,0,0,0,0,0,0,0
2026-10-04T14:06:10Z,adservice,recommendationservice,0,0,0,0,0,0,0
2026-10-04T14:06:10Z,adservice,redis-cart,0,0,0,0,0,0,0
2026-10-04T14:06:10Z,adservice,shippingservice,0,0,0,0,0,0,0
2026-10-04T14:06:10Z,cartservice,adservice,0,0,0,0,0,0,0
2026-10-04T14:06:10Z,cartservice,cartservice,0,0,0,0,0,0,0
2026-10-04T14:06:10Z,cartservice,checkoutservice,0,0,0,0,0,0,0
2026-10-04T14:06:10Z,cartservice,currencyservice,0,0,0,0,0,0,0
2026-10-04T14:06:10Z,cartservice,emailservice,0,0,0,0,0,0,0
2026-10-04T14:06:10Z,cartservice,frontend,0,0,0,0,0,0,0
2026-10-04T14:06:10Z,cartservice,kubernetes,0,0,0,0,0,0,0
2026-10-04T14:06:10Z,cartservice,paymentservice,0,0,0,0,0,0,0
2026-10-04T14:06:10Z,cartservice,productcatalogservice,0,0,0,0,0,0,0
2026-10-04T14:06:10Z,cartservice,recommendationservice,0,0,0,0,0,0,0
2026-10-04T14:06:10Z,cartservice,redis-cart,2,0,0,0,0,0,0
2026-10-04T14:06:10Z,cartservice,shippingservice,0,0,0,0,0,0,0
2026-10-04T14:06:10Z,checkoutservice,adservice,0,0,0,0,0,0,0
2026-10-04T14:06:10Z,checkoutservice,cartservice,31744,31019,0,77,0,447152,30209
2026-10-04T14:06:10Z,checkoutservice,checkoutservice,0,0,0,0,0,0,0
2026-10-04T14:06:10Z,checkoutservice,currencyservice,23826,23826,0,0,0,371298,23095
2026-10-04T14:06:10Z,checkoutservice,emailservice,2649,2395,0,60,0,120849,2392
2026-10-04T14:06:10Z,checkoutservice,frontend,0,0,0,0,0,0,0
2026-10-04T14:06:10Z,checkoutservice,kubernetes,0,0,0,0,0,0,0
2026-10-04T14:06:10Z,checkoutservice,paymentservice,18578,17282,0,132,0,281984,16803
2026-10-04T14:06:10Z,checkoutservice,productcatalogservice,0,0,0,0,0,0,0
2026-10-04T14:06:10Z,checkoutservice,recommendationservice,0,0,0,0,0,0,0
2026-10-04T14:06:10Z,checkoutservice,redis-cart,0,0,0,0,0,0,0
2026-10-04T14:06:10Z,checkoutservice,shippingservice,34962,33367,0,118,0,337000,32495
2026-10-04T14:06:10Z,currencyservice,adservice,0,0,0,0,0,0,0
2026-10-04T14:06:10Z,currencyservice,cartservice,0,0,0,0,0,0,0
2026-10-04T14:06:10Z,currencyservice,checkoutservice,0,0,0,0,0,0,0
2026-10-04T14:06:10Z,currencyservice,currencyservice,0,0,0,0,0,0,0
2026-10-04T14:06:10Z,currencyservice,emailservice,0,0,0,0,0,0,0
2026-10-04T14:06:10Z,currencyservice,frontend,0,0,0,0,0,0,0
2026-10-04T14:06:10Z,currencyservice,kubernetes,0,0,0,0,0,0,0
2026-10-04T14:06:10Z,currencyservice,paymentservice,0,0,0,0,0,0,0
2026-10-04T14:06:10Z,currencyservice,productcatalogservice,0,0,0,0,0,0,0
2026-10-04T14:06:10Z,currencyservice,recommendationservice,0,0,0,0,0,0,0
2026-10-04T14:06:10Z,currencyservice,redis-cart,0,0,0,0,0,0,0
2026-10-04T14:06:10Z,currencyservice,shippingservice,0,0,0,0,0,0,0
2026-10-04T14:06:10Z,emailservice,adservice,0,0,0,0,0,0,0
2026-10-04T14:06:10Z,emailservice,cartservice,0,0,0,0,0,0,0
2026-10-04T14:06:10Z,emailservice,checkoutservice,0,0,0,0,0,0,0
2026-10-04T14:06:10Z,emailservice,currencyservice,0,0,0,0,0,0,0
2026-10-04T14:06:10Z,emailservice,emailservice,0,0,0,0,0,0,0
2026-10-04T14:06:10Z,emailservice,frontend,0,0,0,0,0,0,0
2026-10-04T14:06:10Z,emailservice,kubernetes,0,0,0,0,0,0,0
2026-10-04T14:06:10Z,emailservice,paymentservice,0,0,0,0,0,0,0
2026-10-04T14:06:10Z,emailservice,productcatalogservice,0,0,0,0,0,0,0
2026-10-04T14:06:10Z,emailservice,recommendationservice,0,0,0,0,0,0,0
2026-10-04T14:06:10Z,emailservice,redis-cart,0,0,0,0,0,0,0
2026-10-04T14:06:10Z,emailservice,shippingservice,0,0,0,0,0,0,0
2026-10-04T14:06:10Z,frontend,adservice,814282,814279,0,0,0,2455277,813773
2026-10-04T14:06:10Z,frontend,cartservice,1800084,1800069,0,0,4,10030588,1799184
2026-10-04T14:06:10Z,frontend,checkoutservice,382707,179576,0,38655,164415,60309957,179533
2026-10-04T14:06:10Z,frontend,currencyservice,2862627,2862617,0,0,0,15215803,2861187
2026-10-04T14:06:10Z,frontend,emailservice,0,0,0,0,0,0,0
2026-10-04T14:06:10Z,frontend,frontend,0,0,0,0,0,0,0
2026-10-04T14:06:10Z,frontend,kubernetes,0,0,0,0,0,0,0
2026-10-04T14:06:10Z,frontend,paymentservice,0,0,0,0,0,0,0
2026-10-04T14:06:10Z,frontend,productcatalogservice,8059049,8058950,0,0,0,55137294,8054158
2026-10-04T14:06:10Z,frontend,recommendationservice,2589702,1590461,0,104145,892890,778608369,1589634
2026-10-04T14:06:10Z,frontend,redis-cart,0,0,0,0,0,0,0
2026-10-04T14:06:10Z,frontend,shippingservice,298621,298619,0,0,0,907898,298414
2026-10-04T14:06:10Z,paymentservice,adservice,0,0,0,0,0,0,0
2026-10-04T14:06:10Z,paymentservice,cartservice,0,0,0,0,0,0,0
2026-10-04T14:06:10Z,paymentservice,checkoutservice,0,0,0,0,0,0,0
2026-10-04T14:06:10Z,paymentservice,currencyservice,0,0,0,0,0,0,0
2026-10-04T14:06:10Z,paymentservice,emailservice,0,0,0,0,0,0,0
2026-10-04T14:06:10Z,paymentservice,frontend,0,0,0,0,0,0,0
2026-10-04T14:06:10Z,paymentservice,kubernetes,0,0,0,0,0,0,0
2026-10-04T14:06:10Z,paymentservice,paymentservice,0,0,0,0,0,0,0
2026-10-04T14:06:10Z,paymentservice,productcatalogservice,0,0,0,0,0,0,0
2026-10-04T14:06:10Z,paymentservice,recommendationservice,0,0,0,0,0,0,0
2026-10-04T14:06:10Z,paymentservice,redis-cart,0,0,0,0,0,0,0
2026-10-04T14:06:10Z,paymentservice,shippingservice,0,0,0,0,0,0,0
2026-10-04T14:06:10Z,productcatalogservice,adservice,0,0,0,0,0,0,0
2026-10-04T14:06:10Z,productcatalogservice,cartservice,0,0,0,0,0,0,0
2026-10-04T14:06:10Z,productcatalogservice,checkoutservice,0,0,0,0,0,0,0
2026-10-04T14:06:10Z,productcatalogservice,currencyservice,0,0,0,0,0,0,0
2026-10-04T14:06:10Z,productcatalogservice,emailservice,0,0,0,0,0,0,0
2026-10-04T14:06:10Z,productcatalogservice,frontend,0,0,0,0,0,0,0
2026-10-04T14:06:10Z,productcatalogservice,kubernetes,0,0,0,0,0,0,0
2026-10-04T14:06:10Z,productcatalogservice,paymentservice,0,0,0,0,0,0,0
2026-10-04T14:06:10Z,productcatalogservice,productcatalogservice,0,0,0,0,0,0,0
2026-10-04T14:06:10Z,productcatalogservice,recommendationservice,0,0,0,0,0,0,0
2026-10-04T14:06:10Z,productcatalogservice,redis-cart,0,0,0,0,0,0,0
2026-10-04T14:06:10Z,productcatalogservice,shippingservice,0,0,0,0,0,0,0
2026-10-04T14:06:10Z,recommendationservice,adservice,0,0,0,0,0,0,0
2026-10-04T14:06:10Z,recommendationservice,cartservice,0,0,0,0,0,0,0
2026-10-04T14:06:10Z,recommendationservice,checkoutservice,0,0,0,0,0,0,0
2026-10-04T14:06:10Z,recommendationservice,currencyservice,0,0,0,0,0,0,0
2026-10-04T14:06:10Z,recommendationservice,emailservice,0,0,0,0,0,0,0
2026-10-04T14:06:10Z,recommendationservice,frontend,0,0,0,0,0,0,0
2026-10-04T14:06:10Z,recommendationservice,kubernetes,0,0,0,0,0,0,0
2026-10-04T14:06:10Z,recommendationservice,paymentservice,0,0,0,0,0,0,0
2026-10-04T14:06:10Z,recommendationservice,productcatalogservice,65554,65554,0,0,0,541175,65415
2026-10-04T14:06:10Z,recommendationservice,recommendationservice,0,0,0,0,0,0,0
2026-10-04T14:06:10Z,recommendationservice,redis-cart,0,0,0,0,0,0,0
2026-10-04T14:06:10Z,recommendationservice,shippingservice,0,0,0,0,0,0,0
2026-10-04T14:06:10Z,redis-cart,adservice,0,0,0,0,0,0,0
2026-10-04T14:06:10Z,redis-cart,cartservice,0,0,0,0,0,0,0
2026-10-04T14:06:10Z,redis-cart,checkoutservice,0,0,0,0,0,0,0
2026-10-04T14:06:10Z,redis-cart,currencyservice,0,0,0,0,0,0,0
2026-10-04T14:06:10Z,redis-cart,emailservice,0,0,0,0,0,0,0
2026-10-04T14:06:10Z,redis-cart,frontend,0,0,0,0,0,0,0
2026-10-04T14:06:10Z,redis-cart,kubernetes,0,0,0,0,0,0,0
2026-10-04T14:06:10Z,redis-cart,paymentservice,0,0,0,0,0,0,0
2026-10-04T14:06:10Z,redis-cart,productcatalogservice,0,0,0,0,0,0,0
2026-10-04T14:06:10Z,redis-cart,recommendationservice,0,0,0,0,0,0,0
2026-10-04T14:06:10Z,redis-cart,redis-cart,0,0,0,0,0,0,0
2026-10-04T14:06:10Z,redis-cart,shippingservice,0,0,0,0,0,0,0
2026-10-04T14:06:10Z,shippingservice,adservice,0,0,0,0,0,0,0
2026-10-04T14:06:10Z,shippingservice,cartservice,0,0,0,0,0,0,0
2026-10-04T14:06:10Z,shippingservice,checkoutservice,0,0,0,0,0,0,0
2026-10-04T14:06:10Z,shippingservice,currencyservice,0,0,0,0,0,0,0
2026-10-04T14:06:10Z,shippingservice,emailservice,0,0,0,0,0,0,0
2026-10-04T14:06:10Z,shippingservice,frontend,0,0,0,0,0,0,0
2026-10-04T14:06:10Z,shippingservice,kubernetes,0,0,0,0,0,0,0
2026-10-04T14:06:10Z,shippingservice,paymentservice,0,0,0,0,0,0,0
2026-10-04T14:06:10Z,shippingservice,productcatalogservice,0,0,0,0,0,0,0
2026-10-04T14:06:10Z,shippingservice,recommendationservice,0,0,0,0,0,0,0
2026-10-04T14:06:10Z,shippingservice,redis-cart,0,0,0,0,0,0,0
2026-10-04T14:06:10Z,shippingservice,shippingservice,0,0,0,0,0,0,0
2026-10-04T14:06:11Z,adservice,adservice,0,0,0,0,0,0,0
2026-10-04T14:06:11Z,adservice,cartservice,0,0,0,0,0,0,0
2026-10-04T14:06:11Z,adservice,checkoutservice,0,0,0,0,0,0,0
2026-10-04T14:06:11Z,adservice,currencyservice,0,0,0,0,0,0,0
2026-10-04T14:06:11Z,adservice,emailservice,0,0,0,0,0,0,0
2026-10-04T14:06:11Z,adservice,frontend,0,0,0,0,0,0,0
2026-10-04T14:06:11Z,adservice,kubernetes,0,0,0,0,0,0,0
2026-10-04T14:06:11Z,adservice,paymentservice,0,0,0,0,0,0,0
2026-10-04T14:06:11Z,adservice,productcatalogservice,0,0,0,0,0,0,0
2026-10-04T14:06:11Z,adservice,recommendationservice,0,0,0,0,0,0,0
2026-10-04T14:06:11Z,adservice,redis-cart,0,0,0,0,0,0,0
2026-10-04T14:06:11Z,adservice,shippingservice,0,0,0,0,0,0,0
2026-10-04T14:06:11Z,cartservice,adservice,0,0,0,0,0,0,0
2026-10-04T14:06:11Z,cartservice,cartservice,0,0,0,0,0,0,0
2026-10-04T14:06:11Z,cartservice,checkoutservice,0,0,0,0,0,0,0
2026-10-04T14:06:11Z,cartservice,currencyservice,0,0,0,0,0,0,0
2026-10-04T14:06:11Z,cartservice,emailservice,0,0,0,0,0,0,0
2026-10-04T14:06:11Z,cartservice,frontend,0,0,0,0,0,0,0
2026-10-04T14:06:11Z,cartservice,kubernetes,0,0,0,0,0,0,0
2026-10-04T14:06:11Z,cartservice,paymentservice,0,0,0,0,0,0,0
2026-10-04T14:06:11Z,cartservice,productcatalogservice,0,0,0,0,0,0,0
2026-10-04T14:06:11Z,cartservice,recommendationservice,0,0,0,0,0,0,0
2026-10-04T14:06:11Z,cartservice,redis-cart,2,0,0,0,0,0,0
2026-10-04T14:06:11Z,cartservice,shippingservice,0,0,0,0,0,0,0
2026-10-04T14:06:11Z,checkoutservice,adservice,0,0,0,0,0,0,0
2026-10-04T14:06:11Z,checkoutservice,cartservice,31973,31230,0,77,0,447152,30209
2026-10-04T14:06:11Z,checkoutservice,checkoutservice,0,0,0,0,0,0,0
2026-10-04T14:06:11Z,checkoutservice,currencyservice,24049,24040,0,0,0,371298,23095
2026-10-04T14:06:11Z,checkoutservice,emailservice,2649,2395,0,60,0,120849,2392
2026-10-04T14:06:11Z,checkoutservice,frontend,0,0,0,0,0,0,0
2026-10-04T14:06:11Z,checkoutservice,kubernetes,0,0,0,0,0,0,0
2026-10-04T14:06:11Z,checkoutservice,paymentservice,18732,17416,0,132,0,281984,16803
2026-10-04T14:06:11Z,checkoutservice,productcatalogservice,0,0,0,0,0,0,0
2026-10-04T14:06:11Z,checkoutservice,recommendationservice,0,0,0,0,0,0,0
2026-10-04T14:06:11Z,checkoutservice,redis-cart,0,0,0,0,0,0,0
2026-10-04T14:06:11Z,checkoutservice,shippingservice,35250,33621,0,119,0,337000,32495
2026-10-04T14:06:11Z,currencyservice,adservice,0,0,0,0,0,0,0
2026-10-04T14:06:11Z,currencyservice,cartservice,0,0,0,0,0,0,0
2026-10-04T14:06:11Z,currencyservice,checkoutservice,0,0,0,0,0,0,0
2026-10-04T14:06:11Z,currencyservice,currencyservice,0,0,0,0,0,0,0
2026-10-04T14:06:11Z,currencyservice,emailservice,0,0,0,0,0,0,0
2026-10-04T14:06:11Z,currencyservice,frontend,0,0,0,0,0,0,0
2026-10-04T14:06:11Z,currencyservice,kubernetes,0,0,0,0,0,0,0
2026-10-04T14:06:11Z,currencyservice,paymentservice,0,0,0,0,0,0,0
2026-10-04T14:06:11Z,currencyservice,productcatalogservice,0,0,0,0,0,0,0
2026-10-04T14:06:11Z,currencyservice,recommendationservice,0,0,0,0,0,0,0
2026-10-04T14:06:11Z,currencyservice,redis-cart,0,0,0,0,0,0,0
2026-10-04T14:06:11Z,currencyservice,shippingservice,0,0,0,0,0,0,0
2026-10-04T14:06:11Z,emailservice,adservice,0,0,0,0,0,0,0
2026-10-04T14:06:11Z,emailservice,cartservice,0,0,0,0,0,0,0
2026-10-04T14:06:11Z,emailservice,checkoutservice,0,0,0,0,0,0,0
2026-10-04T14:06:11Z,emailservice,currencyservice,0,0,0,0,0,0,0
2026-10-04T14:06:11Z,emailservice,emailservice,0,0,0,0,0,0,0
2026-10-04T14:06:11Z,emailservice,frontend,0,0,0,0,0,0,0
2026-10-04T14:06:11Z,emailservice,kubernetes,0,0,0,0,0,0,0
2026-10-04T14:06:11Z,emailservice,paymentservice,0,0,0,0,0,0,0
2026-10-04T14:06:11Z,emailservice,productcatalogservice,0,0,0,0,0,0,0
2026-10-04T14:06:11Z,emailservice,recommendationservice,0,0,0,0,0,0,0
2026-10-04T14:06:11Z,emailservice,redis-cart,0,0,0,0,0,0,0
2026-10-04T14:06:11Z,emailservice,shippingservice,0,0,0,0,0,0,0
2026-10-04T14:06:11Z,frontend,adservice,814552,814547,0,0,0,2455277,813773
2026-10-04T14:06:11Z,frontend,cartservice,1800550,1800537,0,0,4,10030588,1799184
2026-10-04T14:06:11Z,frontend,checkoutservice,382928,179591,0,38692,164585,60309957,179533
2026-10-04T14:06:11Z,frontend,currencyservice,2863383,2863373,0,0,0,15215803,2861187
2026-10-04T14:06:11Z,frontend,emailservice,0,0,0,0,0,0,0
2026-10-04T14:06:11Z,frontend,frontend,0,0,0,0,0,0,0
2026-10-04T14:06:11Z,frontend,kubernetes,0,0,0,0,0,0,0
2026-10-04T14:06:11Z,frontend,paymentservice,0,0,0,0,0,0,0
2026-10-04T14:06:11Z,frontend,productcatalogservice,8061610,8061521,0,0,0,55137294,8054158
2026-10-04T14:06:11Z,frontend,recommendationservice,2590141,1590898,0,104145,892890,778608369,1589634
2026-10-04T14:06:11Z,frontend,redis-cart,0,0,0,0,0,0,0
2026-10-04T14:06:11Z,frontend,shippingservice,298732,298730,0,0,0,907898,298414
2026-10-04T14:06:11Z,paymentservice,adservice,0,0,0,0,0,0,0
2026-10-04T14:06:11Z,paymentservice,cartservice,0,0,0,0,0,0,0
2026-10-04T14:06:11Z,paymentservice,checkoutservice,0,0,0,0,0,0,0
2026-10-04T14:06:11Z,paymentservice,currencyservice,0,0,0,0,0,0,0
2026-10-04T14:06:11Z,paymentservice,emailservice,0,0,0,0,0,0,0
2026-10-04T14:06:11Z,paymentservice,frontend,0,0,0,0,0,0,0
2026-10-04T14:06:11Z,paymentservice,kubernetes,0,0,0,0,0,0,0
2026-10-04T14:06:11Z,paymentservice,paymentservice,0,0,0,0,0,0,0
2026-10-04T14:06:11Z,paymentservice,productcatalogservice,0,0,0,0,0,0,0
2026-10-04T14:06:11Z,paymentservice,recommendationservice,0,0,0,0,0,0,0
2026-10-04T14:06:11Z,paymentservice,redis-cart,0,0,0,0,0,0,0
2026-10-04T14:06:11Z,paymentservice,shippingservice,0,0,0,0,0,0,0
2026-10-04T14:06:11Z,productcatalogservice,adservice,0,0,0,0,0,0,0
2026-10-04T14:06:11Z,productcatalogservice,cartservice,0,0,0,0,0,0,0
2026-10-04T14:06:11Z,productcatalogservice,checkoutservice,0,0,0,0,0,0,0
2026-10-04T14:06:11Z,productcatalogservice,currencyservice,0,0,0,0,0,0,0
2026-10-04T14:06:11Z,productcatalogservice,emailservice,0,0,0,0,0,0,0
2026-10-04T14:06:11Z,productcatalogservice,frontend,0,0,0,0,0,0,0
2026-10-04T14:06:11Z,productcatalogservice,kubernetes,0,0,0,0,0,0,0
2026-10-04T14:06:11Z,productcatalogservice,paymentservice,0,0,0,0,0,0,0
2026-10-04T14:06:11Z,productcatalogservice,productcatalogservice,0,0,0,0,0,0,0
2026-10-04T14:06:11Z,productcatalogservice,recommendationservice,0,0,0,0,0,0,0
2026-10-04T14:06:11Z,productcatalogservice,redis-cart,0,0,0,0,0,0,0
2026-10-04T14:06:11Z,productcatalogservice,shippingservice,0,0,0,0,0,0,0
2026-10-04T14:06:11Z,recommendationservice,adservice,0,0,0,0,0,0,0
2026-10-04T14:06:11Z,recommendationservice,cartservice,0,0,0,0,0,0,0
2026-10-04T14:06:11Z,recommendationservice,checkoutservice,0,0,0,0,0,0,0
2026-10-04T14:06:11Z,recommendationservice,currencyservice,0,0,0,0,0,0,0
2026-10-04T14:06:11Z,recommendationservice,emailservice,0,0,0,0,0,0,0
2026-10-04T14:06:11Z,recommendationservice,frontend,0,0,0,0,0,0,0
2026-10-04T14:06:11Z,recommendationservice,kubernetes,0,0,0,0,0,0,0
2026-10-04T14:06:11Z,recommendationservice,paymentservice,0,0,0,0,0,0,0
2026-10-04T14:06:11Z,recommendationservice,productcatalogservice,65996,65994,0,0,0,541175,65415
2026-10-04T14:06:11Z,recommendationservice,recommendationservice,0,0,0,0,0,0,0
2026-10-04T14:06:11Z,recommendationservice,redis-cart,0,0,0,0,0,0,0
2026-10-04T14:06:11Z,recommendationservice,shippingservice,0,0,0,0,0,0,0
2026-10-04T14:06:11Z,redis-cart,adservice,0,0,0,0,0,0,0
2026-10-04T14:06:11Z,redis-cart,cartservice,0,0,0,0,0,0,0
2026-10-04T14:06:11Z,redis-cart,checkoutservice,0,0,0,0,0,0,0
2026-10-04T14:06:11Z,redis-cart,currencyservice,0,0,0,0,0,0,0
2026-10-04T14:06:11Z,redis-cart,emailservice,0,0,0,0,0,0,0
2026-10-04T14:06:11Z,redis-cart,frontend,0,0,0,0,0,0,0
2026-10-04T14:06:11Z,redis-cart,kubernetes,0,0,0,0,0,0,0
2026-10-04T14:06:11Z,redis-cart,paymentservice,0,0,0,0,0,0,0
2026-10-04T14:06:11Z,redis-cart,productcatalogservice,0,0,0,0,0,0,0
2026-10-04T14:06:11Z,redis-cart,recommendationservice,0,0,0,0,0,0,0
2026-10-04T14:06:11Z,redis-cart,redis-cart,0,0,0,0,0,0,0
2026-10-04T14:06:11Z,redis-cart,shippingservice,0,0,0,0,0,0,0
2026-10-04T14:06:11Z,shippingservice,adservice,0,0,0,0,0,0,0
2026-10-04T14:06:11Z,shippingservice,cartservice,0,0,0,0,0,0,0
2026-10-04T14:06:11Z,shippingservice,checkoutservice,0,0,0,0,0,0,0
2026-10-04T14:06:11Z,shippingservice,currencyservice,0,0,0,0,0,0,0
2026-10-04T14:06:11Z,shippingservice,emailservice,0,0,0,0,0,0,0
2026-10-04T14:06:11Z,shippingservice,frontend,0,0,0,0,0,0,0
2026-10-04T14:06:11Z,shippingservice,kubernetes,0,0,0,0,0,0,0
2026-10-04T14:06:11Z,shippingservice,paymentservice,0,0,0,0,0,0,0
2026-10-04T14:06:11Z,shippingservice,productcatalogservice,0,0,0,0,0,0,0
2026-10-04T14:06:11Z,shippingservice,recommendationservice,0,0,0,0,0,0,0
2026-10-04T14:06:11Z,shippingservice,redis-cart,0,0,0,0,0,0,0
2026-10-04T14:06:11Z,shippingservice,shippingservice,0,0,0,0,0,0,0
2026-10-04T14:06:12Z,adservice,adservice,0,0,0,0,0,0,0
2026-10-04T14:06:12Z,adservice,cartservice,0,0,0,0,0,0,0
2026-10-04T14:06:12Z,adservice,checkoutservice,0,0,0,0,0,0,0
2026-10-04T14:06:12Z,adservice,currencyservice,0,0,0,0,0,0,0
2026-10-04T14:06:12Z,adservice,emailservice,0,0,0,0,0,0,0
2026-10-04T14:06:12Z,adservice,frontend,0,0,0,0,0,0,0
2026-10-04T14:06:12Z,adservice,kubernetes,0,0,0,0,0,0,0
2026-10-04T14:06:12Z,adservice,paymentservice,0,0,0,0,0,0,0
2026-10-04T14:06:12Z,adservice,productcatalogservice,0,0,0,0,0,0,0
2026-10-04T14:06:12Z,adservice,recommendationservice,0,0,0,0,0,0,0
2026-10-04T14:06:12Z,adservice,redis-cart,0,0,0,0,0,0,0
2026-10-04T14:06:12Z,adservice,shippingservice,0,0,0,0,0,0,0
2026-10-04T14:06:12Z,cartservice,adservice,0,0,0,0,0,0,0
2026-10-04T14:06:12Z,cartservice,cartservice,0,0,0,0,0,0,0
2026-10-04T14:06:12Z,cartservice,checkoutservice,0,0,0,0,0,0,0
2026-10-04T14:06:12Z,cartservice,currencyservice,0,0,0,0,0,0,0
2026-10-04T14:06:12Z,cartservice,emailservice,0,0,0,0,0,0,0
2026-10-04T14:06:12Z,cartservice,frontend,0,0,0,0,0,0,0
2026-10-04T14:06:12Z,cartservice,kubernetes,0,0,0,0,0,0,0
2026-10-04T14:06:12Z,cartservice,paymentservice,0,0,0,0,0,0,0
2026-10-04T14:06:12Z,cartservice,productcatalogservice,0,0,0,0,0,0,0
2026-10-04T14:06:12Z,cartservice,recommendationservice,0,0,0,0,0,0,0
2026-10-04T14:06:12Z,cartservice,redis-cart,2,0,0,0,0,0,0
2026-10-04T14:06:12Z,cartservice,shippingservice,0,0,0,0,0,0,0
2026-10-04T14:06:12Z,checkoutservice,adservice,0,0,0,0,0,0,0
2026-10-04T14:06:12Z,checkoutservice,cartservice,32192,31468,0,78,0,466471,31370
2026-10-04T14:06:12Z,checkoutservice,checkoutservice,0,0,0,0,0,0,0
2026-10-04T14:06:12Z,checkoutservice,currencyservice,24250,24250,0,0,0,390452,24152
2026-10-04T14:06:12Z,checkoutservice,emailservice,2651,2396,0,60,0,120877,2396
2026-10-04T14:06:12Z,checkoutservice,frontend,0,0,0,0,0,0,0
2026-10-04T14:06:12Z,checkoutservice,kubernetes,0,0,0,0,0,0,0
2026-10-04T14:06:12Z,checkoutservice,paymentservice,18927,17607,0,133,0,292714,17432
2026-10-04T14:06:12Z,checkoutservice,productcatalogservice,0,0,0,0,0,0,0
2026-10-04T14:06:12Z,checkoutservice,recommendationservice,0,0,0,0,0,0,0
2026-10-04T14:06:12Z,checkoutservice,redis-cart,0,0,0,0,0,0,0
2026-10-04T14:06:12Z,checkoutservice,shippingservice,35564,33927,0,119,0,352491,33769
2026-10-04T14:06:12Z,currencyservice,adservice,0,0,0,0,0,0,0
2026-10-04T14:06:12Z,currencyservice,cartservice,0,0,0,0,0,0,0
2026-10-04T14:06:12Z,currencyservice,checkoutservice,0,0,0,0,0,0,0
2026-10-04T14:06:12Z,currencyservice,currencyservice,0,0,0,0,0,0,0
2026-10-04T14:06:12Z,currencyservice,emailservice,0,0,0,0,0,0,0
2026-10-04T14:06:12Z,currencyservice,frontend,0,0,0,0,0,0,0
2026-10-04T14:06:12Z,currencyservice,kubernetes,0,0,0,0,0,0,0
2026-10-04T14:06:12Z,currencyservice,paymentservice,0,0,0,0,0,0,0
2026-10-04T14:06:12Z,currencyservice,productcatalogservice,0,0,0,0,0,0,0
2026-10-04T14:06:12Z,currencyservice,recommendationservice,0,0,0,0,0,0,0
2026-10-04T14:06:12Z,currencyservice,redis-cart,0,0,0,0,0,0,0
2026-10-04T14:06:12Z,currencyservice,shippingservice,0,0,0,0,0,0,0
2026-10-04T14:06:12Z,emailservice,adservice,0,0,0,0,0,0,0
2026-10-04T14:06:12Z,emailservice,cartservice,0,0,0,0,0,0,0
2026-10-04T14:06:12Z,emailservice,checkoutservice,0,0,0,0,0,0,0
2026-10-04T14:06:12Z,emailservice,currencyservice,0,0,0,0,0,0,0
2026-10-04T14:06:12Z,emailservice,emailservice,0,0,0,0,0,0,0
2026-10-04T14:06:12Z,emailservice,frontend,0,0,0,0,0,0,0
2026-10-04T14:06:12Z,emailservice,kubernetes,0,0,0,0,0,0,0
2026-10-04T14:06:12Z,emailservice,paymentservice,0,0,0,0,0,0,0
2026-10-04T14:06:12Z,emailservice,productcatalogservice,0,0,0,0,0,0,0
2026-10-04T14:06:12Z,emailservice,recommendationservice,0,0,0,0,0,0,0
2026-10-04T14:06:12Z,emailservice,redis-cart,0,0,0,0,0,0,0
2026-10-04T14:06:12Z,emailservice,shippingservice,0,0,0,0,0,0,0
2026-10-04T14:06:12Z,frontend,adservice,814820,814817,0,0,0,2455277,813773
2026-10-04T14:06:12Z,frontend,cartservice,1801014,1801000,0,0,4,10030588,1799184
2026-10-04T14:06:12Z,frontend,checkoutservice,383117,179625,0,38731,164711,60309957,179533
2026-10-04T14:06:12Z,frontend,currencyservice,2864126,2864119,0,0,0,15215803,2861187
2026-10-04T14:06:12Z,frontend,emailservice,0,0,0,0,0,0,0
2026-10-04T14:06:12Z,frontend,frontend,0,0,0,0,0,0,0
2026-10-04T14:06:12Z,frontend,kubernetes,0,0,0,0,0,0,0
2026-10-04T14:06:12Z,frontend,paymentservice,0,0,0,0,0,0,0
2026-10-04T14:06:12Z,frontend,productcatalogservice,8064096,8064023,0,0,0,55137294,8054158
2026-10-04T14:06:12Z,frontend,recommendationservice,2590577,1591318,0,104145,892890,778608369,1589634
2026-10-04T14:06:12Z,frontend,redis-cart,0,0,0,0,0,0,0
2026-10-04T14:06:12Z,frontend,shippingservice,298832,298830,0,0,0,907898,298414
2026-10-04T14:06:12Z,paymentservice,adservice,0,0,0,0,0,0,0
2026-10-04T14:06:12Z,paymentservice,cartservice,0,0,0,0,0,0,0
2026-10-04T14:06:12Z,paymentservice,checkoutservice,0,0,0,0,0,0,0
2026-10-04T14:06:12Z,paymentservice,currencyservice,0,0,0,0,0,0,0
2026-10-04T14:06:12Z,paymentservice,emailservice,0,0,0,0,0,0,0
2026-10-04T14:06:12Z,paymentservice,frontend,0,0,0,0,0,0,0
2026-10-04T14:06:12Z,paymentservice,kubernetes,0,0,0,0,0,0,0
2026-10-04T14:06:12Z,paymentservice,paymentservice,0,0,0,0,0,0,0
2026-10-04T14:06:12Z,paymentservice,productcatalogservice,0,0,0,0,0,0,0
2026-10-04T14:06:12Z,paymentservice,recommendationservice,0,0,0,0,0,0,0
2026-10-04T14:06:12Z,paymentservice,redis-cart,0,0,0,0,0,0,0
2026-10-04T14:06:12Z,paymentservice,shippingservice,0,0,0,0,0,0,0
2026-10-04T14:06:12Z,productcatalogservice,adservice,0,0,0,0,0,0,0
2026-10-04T14:06:12Z,productcatalogservice,cartservice,0,0,0,0,0,0,0
2026-10-04T14:06:12Z,productcatalogservice,checkoutservice,0,0,0,0,0,0,0
2026-10-04T14:06:12Z,productcatalogservice,currencyservice,0,0,0,0,0,0,0
2026-10-04T14:06:12Z,productcatalogservice,emailservice,0,0,0,0,0,0,0
2026-10-04T14:06:12Z,productcatalogservice,frontend,0,0,0,0,0,0,0
2026-10-04T14:06:12Z,productcatalogservice,kubernetes,0,0,0,0,0,0,0
2026-10-04T14:06:12Z,productcatalogservice,paymentservice,0,0,0,0,0,0,0
2026-10-04T14:06:12Z,productcatalogservice,productcatalogservice,0,0,0,0,0,0,0
2026-10-04T14:06:12Z,productcatalogservice,recommendationservice,0,0,0,0,0,0,0
2026-10-04T14:06:12Z,productcatalogservice,redis-cart,0,0,0,0,0,0,0
2026-10-04T14:06:12Z,productcatalogservice,shippingservice,0,0,0,0,0,0,0
2026-10-04T14:06:12Z,recommendationservice,adservice,0,0,0,0,0,0,0
2026-10-04T14:06:12Z,recommendationservice,cartservice,0,0,0,0,0,0,0
2026-10-04T14:06:12Z,recommendationservice,checkoutservice,0,0,0,0,0,0,0
2026-10-04T14:06:12Z,recommendationservice,currencyservice,0,0,0,0,0,0,0
2026-10-04T14:06:12Z,recommendationservice,emailservice,0,0,0,0,0,0,0
2026-10-04T14:06:12Z,recommendationservice,frontend,0,0,0,0,0,0,0
2026-10-04T14:06:12Z,recommendationservice,kubernetes,0,0,0,0,0,0,0
2026-10-04T14:06:12Z,recommendationservice,paymentservice,0,0,0,0,0,0,0
2026-10-04T14:06:12Z,recommendationservice,productcatalogservice,66491,66486,0,0,0,541175,65415
2026-10-04T14:06:12Z,recommendationservice,recommendationservice,0,0,0,0,0,0,0
2026-10-04T14:06:12Z,recommendationservice,redis-cart,0,0,0,0,0,0,0
2026-10-04T14:06:12Z,recommendationservice,shippingservice,0,0,0,0,0,0,0
2026-10-04T14:06:12Z,redis-cart,adservice,0,0,0,0,0,0,0
2026-10-04T14:06:12Z,redis-cart,cartservice,0,0,0,0,0,0,0
2026-10-04T14:06:12Z,redis-cart,checkoutservice,0,0,0,0,0,0,0
2026-10-04T14:06:12Z,redis-cart,currencyservice,0,0,0,0,0,0,0
2026-10-04T14:06:12Z,redis-cart,emailservice,0,0,0,0,0,0,0
2026-10-04T14:06:12Z,redis-cart,frontend,0,0,0,0,0,0,0
2026-10-04T14:06:12Z,redis-cart,kubernetes,0,0,0,0,0,0,0
2026-10-04T14:06:12Z,redis-cart,paymentservice,0,0,0,0,0,0,0
2026-10-04T14:06:12Z,redis-cart,productcatalogservice,0,0,0,0,0,0,0
2026-10-04T14:06:12Z,redis-cart,recommendationservice,0,0,0,0,0,0,0
2026-10-04T14:06:12Z,redis-cart,redis-cart,0,0,0,0,0,0,0
2026-10-04T14:06:12Z,redis-cart,shippingservice,0,0,0,0,0,0,0
2026-10-04T14:06:12Z,shippingservice,adservice,0,0,0,0,0,0,0
2026-10-04T14:06:12Z,shippingservice,cartservice,0,0,0,0,0,0,0
2026-10-04T14:06:12Z,shippingservice,checkoutservice,0,0,0,0,0,0,0
2026-10-04T14:06:12Z,shippingservice,currencyservice,0,0,0,0,0,0,0
2026-10-04T14:06:12Z,shippingservice,emailservice,0,0,0,0,0,0,0
2026-10-04T14:06:12Z,shippingservice,frontend,0,0,0,0,0,0,0
2026-10-04T14:06:12Z,shippingservice,kubernetes,0,0,0,0,0,0,0
2026-10-04T14:06:12Z,shippingservice,paymentservice,0,0,0,0,0,0,0
2026-10-04T14:06:12Z,shippingservice,productcatalogservice,0,0,0,0,0,0,0
2026-10-04T14:06:12Z,shippingservice,recommendationservice,0,0,0,0,0,0,0
2026-10-04T14:06:12Z,shippingservice,redis-cart,0,0,0,0,0,0,0
2026-10-04T14:06:12Z,shippingservice,shippingservice,0,0,0,0,0,0,0
2026-10-04T14:06:13Z,adservice,adservice,0,0,0,0,0,0,0
2026-10-04T14:06:13Z,adservice,cartservice,0,0,0,0,0,0,0
2026-10-04T14:06:13Z,adservice,checkoutservice,0,0,0,0,0,0,0
2026-10-04T14:06:13Z,adservice,currencyservice,0,0,0,0,0,0,0
2026-10-04T14:06:13Z,adservice,emailservice,0,0,0,0,0,0,0
2026-10-04T14:06:13Z,adservice,frontend,0,0,0,0,0,0,0
2026-10-04T14:06:13Z,adservice,kubernetes,0,0,0,0,0,0,0
2026-10-04T14:06:13Z,adservice,paymentservice,0,0,0,0,0,0,0
2026-10-04T14:06:13Z,adservice,productcatalogservice,0,0,0,0,0,0,0
2026-10-04T14:06:13Z,adservice,recommendationservice,0,0,0,0,0,0,0
2026-10-04T14:06:13Z,adservice,redis-cart,0,0,0,0,0,0,0
2026-10-04T14:06:13Z,adservice,shippingservice,0,0,0,0,0,0,0
2026-10-04T14:06:13Z,cartservice,adservice,0,0,0,0,0,0,0
2026-10-04T14:06:13Z,cartservice,cartservice,0,0,0,0,0,0,0
2026-10-04T14:06:13Z,cartservice,checkoutservice,0,0,0,0,0,0,0
2026-10-04T14:06:13Z,cartservice,currencyservice,0,0,0,0,0,0,0
2026-10-04T14:06:13Z,cartservice,emailservice,0,0,0,0,0,0,0
2026-10-04T14:06:13Z,cartservice,frontend,0,0,0,0,0,0,0
2026-10-04T14:06:13Z,cartservice,kubernetes,0,0,0,0,0,0,0
2026-10-04T14:06:13Z,cartservice,paymentservice,0,0,0,0,0,0,0
2026-10-04T14:06:13Z,cartservice,productcatalogservice,0,0,0,0,0,0,0
2026-10-04T14:06:13Z,cartservice,recommendationservice,0,0,0,0,0,0,0
2026-10-04T14:06:13Z,cartservice,redis-cart,2,0,0,0,0,0,0
2026-10-04T14:06:13Z,cartservice,shippingservice,0,0,0,0,0,0,0
2026-10-04T14:06:13Z,checkoutservice,adservice,0,0,0,0,0,0,0
2026-10-04T14:06:13Z,checkoutservice,cartservice,32409,31681,0,78,0,466471,31370
2026-10-04T14:06:13Z,checkoutservice,checkoutservice,0,0,0,0,0,0,0
2026-10-04T14:06:13Z,checkoutservice,currencyservice,24442,24413,0,0,0,390452,24152
2026-10-04T14:06:13Z,checkoutservice,emailservice,2651,2396,0,60,0,120877,2396
2026-10-04T14:06:13Z,checkoutservice,frontend,0,0,0,0,0,0,0
2026-10-04T14:06:13Z,checkoutservice,kubernetes,0,0,0,0,0,0,0
2026-10-04T14:06:13Z,checkoutservice,paymentservice,19001,17660,0,133,0,292714,17432
2026-10-04T14:06:13Z,checkoutservice,productcatalogservice,0,0,0,0,0,0,0
2026-10-04T14:06:13Z,checkoutservice,recommendationservice,0,0,0,0,0,0,0
2026-10-04T14:06:13Z,checkoutservice,redis-cart,0,0,0,0,0,0,0
2026-10-04T14:06:13Z,checkoutservice,shippingservice,35788,34141,0,120,0,352491,33769
2026-10-04T14:06:13Z,currencyservice,adservice,0,0,0,0,0,0,0
2026-10-04T14:06:13Z,currencyservice,cartservice,0,0,0,0,0,0,0
2026-10-04T14:06:13Z,currencyservice,checkoutservice,0,0,0,0,0,0,0
2026-10-04T14:06:13Z,currencyservice,currencyservice,0,0,0,0,0,0,0
2026-10-04T14:06:13Z,currencyservice,emailservice,0,0,0,0,0,0,0
2026-10-04T14:06:13Z,currencyservice,frontend,0,0,0,0,0,0,0
2026-10-04T14:06:13Z,currencyservice,kubernetes,0,0,0,0,0,0,0
2026-10-04T14:06:13Z,currencyservice,paymentservice,0,0,0,0,0,0,0
2026-10-04T14:06:13Z,currencyservice,productcatalogservice,0,0,0,0,0,0,0
2026-10-04T14:06:13Z,currencyservice,recommendationservice,0,0,0,0,0,0,0
2026-10-04T14:06:13Z,currencyservice,redis-cart,0,0,0,0,0,0,0
2026-10-04T14:06:13Z,currencyservice,shippingservice,0,0,0,0,0,0,0
2026-10-04T14:06:13Z,emailservice,adservice,0,0,0,0,0,0,0
2026-10-04T14:06:13Z,emailservice,cartservice,0,0,0,0,0,0,0
2026-10-04T14:06:13Z,emailservice,checkoutservice,0,0,0,0,0,0,0
2026-10-04T14:06:13Z,emailservice,currencyservice,0,0,0,0,0,0,0
2026-10-04T14:06:13Z,emailservice,emailservice,0,0,0,0,0,0,0
2026-10-04T14:06:13Z,emailservice,frontend,0,0,0,0,0,0,0
2026-10-04T14:06:13Z,emailservice,kubernetes,0,0,0,0,0,0,0
2026-10-04T14:06:13Z,emailservice,paymentservice,0,0,0,0,0,0,0
2026-10-04T14:06:13Z,emailservice,productcatalogservice,0,0,0,0,0,0,0
2026-10-04T14:06:13Z,emailservice,recommendationservice,0,0,0,0,0,0,0
2026-10-04T14:06:13Z,emailservice,redis-cart,0,0,0,0,0,0,0
2026-10-04T14:06:13Z,emailservice,shippingservice,0,0,0,0,0,0,0
2026-10-04T14:06:13Z,frontend,adservice,815093,815091,0,0,0,2456107,814076
2026-10-04T14:06:13Z,frontend,cartservice,1801480,1801466,0,0,4,10033535,1799704
2026-10-04T14:06:13Z,frontend,checkoutservice,383336,179648,0,38759,164856,60336517,179557
2026-10-04T14:06:13Z,frontend,currencyservice,2864866,2864857,0,0,0,15220828,2862007
2026-10-04T14:06:13Z,frontend,emailservice,0,0,0,0,0,0,0
2026-10-04T14:06:13Z,frontend,frontend,0,0,0,0,0,0,0
2026-10-04T14:06:13Z,frontend,kubernetes,0,0,0,0,0,0,0
2026-10-04T14:06:13Z,frontend,paymentservice,0,0,0,0,0,0,0
2026-10-04T14:06:13Z,frontend,productcatalogservice,8066649,8066563,0,0,0,55160722,8056935
2026-10-04T14:06:13Z,frontend,recommendationservice,2591008,1591766,0,104145,892890,778651408,1590109
2026-10-04T14:06:13Z,frontend,redis-cart,0,0,0,0,0,0,0
2026-10-04T14:06:13Z,frontend,shippingservice,298928,298926,0,0,0,908185,298525
2026-10-04T14:06:13Z,paymentservice,adservice,0,0,0,0,0,0,0
2026-10-04T14:06:13Z,paymentservice,cartservice,0,0,0,0,0,0,0
2026-10-04T14:06:13Z,paymentservice,checkoutservice,0,0,0,0,0,0,0
2026-10-04T14:06:13Z,paymentservice,currencyservice,0,0,0,0,0,0,0
2026-10-04T14:06:13Z,paymentservice,emailservice,0,0,0,0,0,0,0
2026-10-04T14:06:13Z,paymentservice,frontend,0,0,0,0,0,0,0
2026-10-04T14:06:13Z,paymentservice,kubernetes,0,0,0,0,0,0,0
2026-10-04T14:06:13Z,paymentservice,paymentservice,0,0,0,0,0,0,0
2026-10-04T14:06:13Z,paymentservice,productcatalogservice,0,0,0,0,0,0,0
2026-10-04T14:06:13Z,paymentservice,recommendationservice,0,0,0,0,0,0,0
2026-10-04T14:06:13Z,paymentservice,redis-cart,0,0,0,0,0,0,0
2026-10-04T14:06:13Z,paymentservice,shippingservice,0,0,0,0,0,0,0
2026-10-04T14:06:13Z,productcatalogservice,adservice,0,0,0,0,0,0,0
2026-10-04T14:06:13Z,productcatalogservice,cartservice,0,0,0,0,0,0,0
2026-10-04T14:06:13Z,productcatalogservice,checkoutservice,0,0,0,0,0,0,0
2026-10-04T14:06:13Z,productcatalogservice,currencyservice,0,0,0,0,0,0,0
2026-10-04T14:06:13Z,productcatalogservice,emailservice,0,0,0,0,0,0,0
2026-10-04T14:06:13Z,productcatalogservice,frontend,0,0,0,0,0,0,0
2026-10-04T14:06:13Z,productcatalogservice,kubernetes,0,0,0,0,0,0,0
2026-10-04T14:06:13Z,productcatalogservice,paymentservice,0,0,0,0,0,0,0
2026-10-04T14:06:13Z,productcatalogservice,productcatalogservice,0,0,0,0,0,0,0
2026-10-04T14:06:13Z,productcatalogservice,recommendationservice,0,0,0,0,0,0,0
2026-10-04T14:06:13Z,productcatalogservice,redis-cart,0,0,0,0,0,0,0
2026-10-04T14:06:13Z,productcatalogservice,shippingservice,0,0,0,0,0,0,0
2026-10-04T14:06:13Z,recommendationservice,adservice,0,0,0,0,0,0,0
2026-10-04T14:06:13Z,recommendationservice,cartservice,0,0,0,0,0,0,0
2026-10-04T14:06:13Z,recommendationservice,checkoutservice,0,0,0,0,0,0,0
2026-10-04T14:06:13Z,recommendationservice,currencyservice,0,0,0,0,0,0,0
2026-10-04T14:06:13Z,recommendationservice,emailservice,0,0,0,0,0,0,0
2026-10-04T14:06:13Z,recommendationservice,frontend,0,0,0,0,0,0,0
2026-10-04T14:06:13Z,recommendationservice,kubernetes,0,0,0,0,0,0,0
2026-10-04T14:06:13Z,recommendationservice,paymentservice,0,0,0,0,0,0,0
2026-10-04T14:06:13Z,recommendationservice,productcatalogservice,66889,66888,0,0,0,541175,65415
2026-10-04T14:06:13Z,recommendationservice,recommendationservice,0,0,0,0,0,0,0
2026-10-04T14:06:13Z,recommendationservice,redis-cart,0,0,0,0,0,0,0
2026-10-04T14:06:13Z,recommendationservice,shippingservice,0,0,0,0,0,0,0
2026-10-04T14:06:13Z,redis-cart,adservice,0,0,0,0,0,0,0
2026-10-04T14:06:13Z,redis-cart,cartservice,0,0,0,0,0,0,0
2026-10-04T14:06:13Z,redis-cart,checkoutservice,0,0,0,0,0,0,0
2026-10-04T14:06:13Z,redis-cart,currencyservice,0,0,0,0,0,0,0
2026-10-04T14:06:13Z,redis-cart,emailservice,0,0,0,0,0,0,0
2026-10-04T14:06:13Z,redis-cart,frontend,0,0,0,0,0,0,0
2026-10-04T14:06:13Z,redis-cart,kubernetes,0,0,0,0,0,0,0
2026-10-04T14:06:13Z,redis-cart,paymentservice,0,0,0,0,0,0,0
2026-10-04T14:06:13Z,redis-cart,productcatalogservice,0,0,0,0,0,0,0
2026-10-04T14:06:13Z,redis-cart,recommendationservice,0,0,0,0,0,0,0
2026-10-04T14:06:13Z,redis-cart,redis-cart,0,0,0,0,0,0,0
2026-10-04T14:06:13Z,redis-cart,shippingservice,0,0,0,0,0,0,0
2026-10-04T14:06:13Z,shippingservice,adservice,0,0,0,0,0,0,0
2026-10-04T14:06:13Z,shippingservice,cartservice,0,0,0,0,0,0,0
2026-10-04T14:06:13Z,shippingservice,checkoutservice,0,0,0,0,0,0,0
2026-10-04T14:06:13Z,shippingservice,currencyservice,0,0,0,0,0,0,0
2026-10-04T14:06:13Z,shippingservice,emailservice,0,0,0,0,0,0,0
2026-10-04T14:06:13Z,shippingservice,frontend,0,0,0,0,0,0,0
2026-10-04T14:06:13Z,shippingservice,kubernetes,0,0,0,0,0,0,0
2026-10-04T14:06:13Z,shippingservice,paymentservice,0,0,0,0,0,0,0
2026-10-04T14:06:13Z,shippingservice,productcatalogservice,0,0,0,0,0,0,0
2026-10-04T14:06:13Z,shippingservice,recommendationservice,0,0,0,0,0,0,0
2026-10-04T14:06:13Z,shippingservice,redis-cart,0,0,0,0,0,0,0
2026-10-04T14:06:13Z,shippingservice,shippingservice,0,0,0,0,0,0,0
2026-10-04T14:06:14Z,adservice,adservice,0,0,0,0,0,0,0
2026-10-04T14:06:14Z,adservice,cartservice,0,0,0,0,0,0,0
2026-10-04T14:06:14Z,adservice,checkoutservice,0,0,0,0,0,0,0
2026-10-04T14:06:14Z,adservice,currencyservice,0,0,0,0,0,0,0
2026-10-04T14:06:14Z,adservice,emailservice,0,0,0,0,0,0,0
2026-10-04T14:06:14Z,adservice,frontend,0,0,0,0,0,0,0
2026-10-04T14:06:14Z,adservice,kubernetes,0,0,0,0,0,0,0
2026-10-04T14:06:14Z,adservice,paymentservice,0,0,0,0,0,0,0
2026-10-04T14:06:14Z,adservice,productcatalogservice,0,0,0,0,0,0,0
2026-10-04T14:06:14Z,adservice,recommendationservice,0,0,0,0,0,0,0
2026-10-04T14:06:14Z,adservice,redis-cart,0,0,0,0,0,0,0
2026-10-04T14:06:14Z,adservice,shippingservice,0,0,0,0,0,0,0
2026-10-04T14:06:14Z,cartservice,adservice,0,0,0,0,0,0,0
2026-10-04T14:06:14Z,cartservice,cartservice,0,0,0,0,0,0,0
2026-10-04T14:06:14Z,cartservice,checkoutservice,0,0,0,0,0,0,0
2026-10-04T14:06:14Z,cartservice,currencyservice,0,0,0,0,0,0,0
2026-10-04T14:06:14Z,cartservice,emailservice,0,0,0,0,0,0,0
2026-10-04T14:06:14Z,cartservice,frontend,0,0,0,0,0,0,0
2026-10-04T14:06:14Z,cartservice,kubernetes,0,0,0,0,0,0,0
2026-10-04T14:06:14Z,cartservice,paymentservice,0,0,0,0,0,0,0
2026-10-04T14:06:14Z,cartservice,productcatalogservice,0,0,0,0,0,0,0
2026-10-04T14:06:14Z,cartservice,recommendationservice,0,0,0,0,0,0,0
2026-10-04T14:06:14Z,cartservice,redis-cart,2,0,0,0,0,0,0
2026-10-04T14:06:14Z,cartservice,shippingservice,0,0,0,0,0,0,0
2026-10-04T14:06:14Z,checkoutservice,adservice,0,0,0,0,0,0,0
2026-10-04T14:06:14Z,checkoutservice,cartservice,32631,31904,0,78,0,466471,31370
2026-10-04T14:06:14Z,checkoutservice,checkoutservice,0,0,0,0,0,0,0
2026-10-04T14:06:14Z,checkoutservice,currencyservice,24621,24621,0,0,0,390452,24152
2026-10-04T14:06:14Z,checkoutservice,emailservice,2651,2396,0,60,0,120877,2396
2026-10-04T14:06:14Z,checkoutservice,frontend,0,0,0,0,0,0,0
2026-10-04T14:06:14Z,checkoutservice,kubernetes,0,0,0,0,0,0,0
2026-10-04T14:06:14Z,checkoutservice,paymentservice,19148,17791,0,134,0,292714,17432
2026-10-04T14:06:14Z,checkoutservice,productcatalogservice,0,0,0,0,0,0,0
2026-10-04T14:06:14Z,checkoutservice,recommendationservice,0,0,0,0,0,0,0
2026-10-04T14:06:14Z,checkoutservice,redis-cart,0,0,0,0,0,0,0
2026-10-04T14:06:14Z,checkoutservice,shippingservice,35988,34328,0,121,0,352491,33769
2026-10-04T14:06:14Z,currencyservice,adservice,0,0,0,0,0,0,0
2026-10-04T14:06:14Z,currencyservice,cartservice,0,0,0,0,0,0,0
2026-10-04T14:06:14Z,currencyservice,checkoutservice,0,0,0,0,0,0,0
2026-10-04T14:06:14Z,currencyservice,currencyservice,0,0,0,0,0,0,0
2026-10-04T14:06:14Z,currencyservice,emailservice,0,0,0,0,0,0,0
2026-10-04T14:06:14Z,currencyservice,frontend,0,0,0,0,0,0,0
2026-10-04T14:06:14Z,currencyservice,kubernetes,0,0,0,0,0,0,0
2026-10-04T14:06:14Z,currencyservice,paymentservice,0,0,0,0,0,0,0
2026-10-04T14:06:14Z,currencyservice,productcatalogservice,0,0,0,0,0,0,0
2026-10-04T14:06:14Z,currencyservice,recommendationservice,0,0,0,0,0,0,0
2026-10-04T14:06:14Z,currencyservice,redis-cart,0,0,0,0,0,0,0
2026-10-04T14:06:14Z,currencyservice,shippingservice,0,0,0,0,0,0,0
2026-10-04T14:06:14Z,emailservice,adservice,0,0,0,0,0,0,0
2026-10-04T14:06:14Z,emailservice,cartservice,0,0,0,0,0,0,0
2026-10-04T14:06:14Z,emailservice,checkoutservice,0,0,0,0,0,0,0
2026-10-04T14:06:14Z,emailservice,currencyservice,0,0,0,0,0,0,0
2026-10-04T14:06:14Z,emailservice,emailservice,0,0,0,0,0,0,0
2026-10-04T14:06:14Z,emailservice,frontend,0,0,0,0,0,0,0
2026-10-04T14:06:14Z,emailservice,kubernetes,0,0,0,0,0,0,0
2026-10-04T14:06:14Z,emailservice,paymentservice,0,0,0,0,0,0,0
2026-10-04T14:06:14Z,emailservice,productcatalogservice,0,0,0,0,0,0,0
2026-10-04T14:06:14Z,emailservice,recommendationservice,0,0,0,0,0,0,0
2026-10-04T14:06:14Z,emailservice,redis-cart,0,0,0,0,0,0,0
2026-10-04T14:06:14Z,emailservice,shippingservice,0,0,0,0,0,0,0
2026-10-04T14:06:14Z,frontend,adservice,815363,815361,0,0,0,2459252,815126
2026-10-04T14:06:14Z,frontend,cartservice,1801949,1801932,0,0,4,10044087,1801505
2026-10-04T14:06:14Z,frontend,checkoutservice,383556,179673,0,38799,165016,60455982,179650
2026-10-04T14:06:14Z,frontend,currencyservice,2865592,2865582,0,0,0,15237608,2864897
2026-10-04T14:06:14Z,frontend,emailservice,0,0,0,0,0,0,0
2026-10-04T14:06:14Z,frontend,frontend,0,0,0,0,0,0,0
2026-10-04T14:06:14Z,frontend,kubernetes,0,0,0,0,0,0,0
2026-10-04T14:06:14Z,frontend,paymentservice,0,0,0,0,0,0,0
2026-10-04T14:06:14Z,frontend,productcatalogservice,8069154,8069067,0,0,0,55229109,8066843
2026-10-04T14:06:14Z,frontend,recommendationservice,2591437,1592187,0,104145,892890,778795672,1591809
2026-10-04T14:06:14Z,frontend,redis-cart,0,0,0,0,0,0,0
2026-10-04T14:06:14Z,frontend,shippingservice,299021,299019,0,0,0,909646,298921
2026-10-04T14:06:14Z,paymentservice,adservice,0,0,0,0,0,0,0
2026-10-04T14:06:14Z,paymentservice,cartservice,0,0,0,0,0,0,0
2026-10-04T14:06:14Z,paymentservice,checkoutservice,0,0,0,0,0,0,0
2026-10-04T14:06:14Z,paymentservice,currencyservice,0,0,0,0,0,0,0
2026-10-04T14:06:14Z,paymentservice,emailservice,0,0,0,0,0,0,0
2026-10-04T14:06:14Z,paymentservice,frontend,0,0,0,0,0,0,0
2026-10-04T14:06:14Z,paymentservice,kubernetes,0,0,0,0,0,0,0
2026-10-04T14:06:14Z,paymentservice,paymentservice,0,0,0,0,0,0,0
2026-10-04T14:06:14Z,paymentservice,productcatalogservice,0,0,0,0,0,0,0
2026-10-04T14:06:14Z,paymentservice,recommendationservice,0,0,0,0,0,0,0
2026-10-04T14:06:14Z,paymentservice,redis-cart,0,0,0,0,0,0,0
2026-10-04T14:06:14Z,paymentservice,shippingservice,0,0,0,0,0,0,0
2026-10-04T14:06:14Z,productcatalogservice,adservice,0,0,0,0,0,0,0
2026-10-04T14:06:14Z,productcatalogservice,cartservice,0,0,0,0,0,0,0
2026-10-04T14:06:14Z,productcatalogservice,checkoutservice,0,0,0,0,0,0,0
2026-10-04T14:06:14Z,productcatalogservice,currencyservice,0,0,0,0,0,0,0
2026-10-04T14:06:14Z,productcatalogservice,emailservice,0,0,0,0,0,0,0
2026-10-04T14:06:14Z,productcatalogservice,frontend,0,0,0,0,0,0,0
2026-10-04T14:06:14Z,productcatalogservice,kubernetes,0,0,0,0,0,0,0
2026-10-04T14:06:14Z,productcatalogservice,paymentservice,0,0,0,0,0,0,0
2026-10-04T14:06:14Z,productcatalogservice,productcatalogservice,0,0,0,0,0,0,0
2026-10-04T14:06:14Z,productcatalogservice,recommendationservice,0,0,0,0,0,0,0
2026-10-04T14:06:14Z,productcatalogservice,redis-cart,0,0,0,0,0,0,0
2026-10-04T14:06:14Z,productcatalogservice,shippingservice,0,0,0,0,0,0,0
2026-10-04T14:06:14Z,recommendationservice,adservice,0,0,0,0,0,0,0
2026-10-04T14:06:14Z,recommendationservice,cartservice,0,0,0,0,0,0,0
2026-10-04T14:06:14Z,recommendationservice,checkoutservice,0,0,0,0,0,0,0
2026-10-04T14:06:14Z,recommendationservice,currencyservice,0,0,0,0,0,0,0
2026-10-04T14:06:14Z,recommendationservice,emailservice,0,0,0,0,0,0,0
2026-10-04T14:06:14Z,recommendationservice,frontend,0,0,0,0,0,0,0
2026-10-04T14:06:14Z,recommendationservice,kubernetes,0,0,0,0,0,0,0
2026-10-04T14:06:14Z,recommendationservice,paymentservice,0,0,0,0,0,0,0
2026-10-04T14:06:14Z,recommendationservice,productcatalogservice,67313,67313,0,0,0,541175,65415
2026-10-04T14:06:14Z,recommendationservice,recommendationservice,0,0,0,0,0,0,0
2026-10-04T14:06:14Z,recommendationservice,redis-cart,0,0,0,0,0,0,0
2026-10-04T14:06:14Z,recommendationservice,shippingservice,0,0,0,0,0,0,0
2026-10-04T14:06:14Z,redis-cart,adservice,0,0,0,0,0,0,0
2026-10-04T14:06:14Z,redis-cart,cartservice,0,0,0,0,0,0,0
2026-10-04T14:06:14Z,redis-cart,checkoutservice,0,0,0,0,0,0,0
2026-10-04T14:06:14Z,redis-cart,currencyservice,0,0,0,0,0,0,0
2026-10-04T14:06:14Z,redis-cart,emailservice,0,0,0,0,0,0,0
2026-10-04T14:06:14Z,redis-cart,frontend,0,0,0,0,0,0,0
2026-10-04T14:06:14Z,redis-cart,kubernetes,0,0,0,0,0,0,0
2026-10-04T14:06:14Z,redis-cart,paymentservice,0,0,0,0,0,0,0
2026-10-04T14:06:14Z,redis-cart,productcatalogservice,0,0,0,0,0,0,0
2026-10-04T14:06:14Z,redis-cart,recommendationservice,0,0,0,0,0,0,0
2026-10-04T14:06:14Z,redis-cart,redis-cart,0,0,0,0,0,0,0
2026-10-04T14:06:14Z,redis-cart,shippingservice,0,0,0,0,0,0,0
2026-10-04T14:06:14Z,shippingservice,adservice,0,0,0,0,0,0,0
2026-10-04T14:06:14Z,shippingservice,cartservice,0,0,0,0,0,0,0
2026-10-04T14:06:14Z,shippingservice,checkoutservice,0,0,0,0,0,0,0
2026-10-04T14:06:14Z,shippingservice,currencyservice,0,0,0,0,0,0,0
2026-10-04T14:06:14Z,shippingservice,emailservice,0,0,0,0,0,0,0
2026-10-04T14:06:14Z,shippingservice,frontend,0,0,0,0,0,0,0
2026-10-04T14:06:14Z,shippingservice,kubernetes,0,0,0,0,0,0,0
2026-10-04T14:06:14Z,shippingservice,paymentservice,0,0,0,0,0,0,0
2026-10-04T14:06:14Z,shippingservice,productcatalogservice,0,0,0,0,0,0,0
2026-10-04T14:06:14Z,shippingservice,recommendationservice,0,0,0,0,0,0,0
2026-10-04T14:06:14Z,shippingservice,redis-cart,0,0,0,0,0,0,0
2026-10-04T14:06:14Z,shippingservice,shippingservice,0,0,0,0,0,0,0
2026-10-04T14:06:15Z,adservice,adservice,0,0,0,0,0,0,0
2026-10-04T14:06:15Z,adservice,cartservice,0,0,0,0,0,0,0
2026-10-04T14:06:15Z,adservice,checkoutservice,0,0,0,0,0,0,0
2026-10-04T14:06:15Z,adservice,currencyservice,0,0,0,0,0,0,0
2026-10-04T14:06:15Z,adservice,emailservice,0,0,0,0,0,0,0
2026-10-04T14:06:15Z,adservice,frontend,0,0,0,0,0,0,0
2026-10-04T14:06:15Z,adservice,kubernetes,0,0,0,0,0,0,0
2026-10-04T14:06:15Z,adservice,paymentservice,0,0,0,0,0,0,0
2026-10-04T14:06:15Z,adservice,productcatalogservice,0,0,0,0,0,0,0
2026-10-04T14:06:15Z,adservice,recommendationservice,0,0,0,0,0,0,0
2026-10-04T14:06:15Z,adservice,redis-cart,0,0,0,0,0,0,0
2026-10-04T14:06:15Z,adservice,shippingservice,0,0,0,0,0,0,0
2026-10-04T14:06:15Z,cartservice,adservice,0,0,0,0,0,0,0
2026-10-04T14:06:15Z,cartservice,cartservice,0,0,0,0,0,0,0
2026-10-04T14:06:15Z,cartservice,checkoutservice,0,0,0,0,0,0,0
2026-10-04T14:06:15Z,cartservice,currencyservice,0,0,0,0,0,0,0
2026-10-04T14:06:15Z,cartservice,emailservice,0,0,0,0,0,0,0
2026-10-04T14:06:15Z,cartservice,frontend,0,0,0,0,0,0,0
2026-10-04T14:06:15Z,cartservice,kubernetes,0,0,0,0,0,0,0
2026-10-04T14:06:15Z,cartservice,paymentservice,0,0,0,0,0,0,0
2026-10-04T14:06:15Z,cartservice,productcatalogservice,0,0,0,0,0,0,0
2026-10-04T14:06:15Z,cartservice,recommendationservice,0,0,0,0,0,0,0
2026-10-04T14:06:15Z,cartservice,redis-cart,2,0,0,0,0,0,0
2026-10-04T14:06:15Z,cartservice,shippingservice,0,0,0,0,0,0,0
2026-10-04T14:06:15Z,checkoutservice,adservice,0,0,0,0,0,0,0
2026-10-04T14:06:15Z,checkoutservice,cartservice,32864,32131,0,78,0,466471,31370
2026-10-04T14:06:15Z,checkoutservice,checkoutservice,0,0,0,0,0,0,0
2026-10-04T14:06:15Z,checkoutservice,currencyservice,24840,24830,0,0,0,390452,24152
2026-10-04T14:06:15Z,checkoutservice,emailservice,2652,2397,0,60,0,120877,2396
2026-10-04T14:06:15Z,checkoutservice,frontend,0,0,0,0,0,0,0
2026-10-04T14:06:15Z,checkoutservice,kubernetes,0,0,0,0,0,0,0
2026-10-04T14:06:15Z,checkoutservice,paymentservice,19250,17877,0,135,0,292714,17432
2026-10-04T14:06:15Z,checkoutservice,productcatalogservice,0,0,0,0,0,0,0
2026-10-04T14:06:15Z,checkoutservice,recommendationservice,0,0,0,0,0,0,0
2026-10-04T14:06:15Z,checkoutservice,redis-cart,0,0,0,0,0,0,0
2026-10-04T14:06:15Z,checkoutservice,shippingservice,36299,34614,0,122,0,352491,33769
2026-10-04T14:06:15Z,currencyservice,adservice,0,0,0,0,0,0,0
2026-10-04T14:06:15Z,currencyservice,cartservice,0,0,0,0,0,0,0
2026-10-04T14:06:15Z,currencyservice,checkoutservice,0,0,0,0,0,0,0
2026-10-04T14:06:15Z,currencyservice,currencyservice,0,0,0,0,0,0,0
2026-10-04T14:06:15Z,currencyservice,emailservice,0,0,0,0,0,0,0
2026-10-04T14:06:15Z,currencyservice,frontend,0,0,0,0,0,0,0
2026-10-04T14:06:15Z,currencyservice,kubernetes,0,0,0,0,0,0,0
2026-10-04T14:06:15Z,currencyservice,paymentservice,0,0,0,0,0,0,0
2026-10-04T14:06:15Z,currencyservice,productcatalogservice,0,0,0,0,0,0,0
2026-10-04T14:06:15Z,currencyservice,recommendationservice,0,0,0,0,0,0,0
2026-10-04T14:06:15Z,currencyservice,redis-cart,0,0,0,0,0,0,0
2026-10-04T14:06:15Z,currencyservice,shippingservice,0,0,0,0,0,0,0
2026-10-04T14:06:15Z,emailservice,adservice,0,0,0,0,0,0,0
2026-10-04T14:06:15Z,emailservice,cartservice,0,0,0,0,0,0,0
2026-10-04T14:06:15Z,emailservice,checkoutservice,0,0,0,0,0,0,0
2026-10-04T14:06:15Z,emailservice,currencyservice,0,0,0,0,0,0,0
2026-10-04T14:06:15Z,emailservice,emailservice,0,0,0,0,0,0,0
2026-10-04T14:06:15Z,emailservice,frontend,0,0,0,0,0,0,0
2026-10-04T14:06:15Z,emailservice,kubernetes,0,0,0,0,0,0,0
2026-10-04T14:06:15Z,emailservice,paymentservice,0,0,0,0,0,0,0
2026-10-04T14:06:15Z,emailservice,productcatalogservice,0,0,0,0,0,0,0
2026-10-04T14:06:15Z,emailservice,recommendationservice,0,0,0,0,0,0,0
2026-10-04T14:06:15Z,emailservice,redis-cart,0,0,0,0,0,0,0
2026-10-04T14:06:15Z,emailservice,shippingservice,0,0,0,0,0,0,0
2026-10-04T14:06:15Z,frontend,adservice,815658,815652,0,0,0,2459252,815126
2026-10-04T14:06:15Z,frontend,cartservice,1802444,1802424,0,0,4,10044087,1801505
2026-10-04T14:06:15Z,frontend,checkoutservice,383783,179702,0,38846,165168,60455982,179650
2026-10-04T14:06:15Z,frontend,currencyservice,2866384,2866368,0,0,0,15237608,2864897
2026-10-04T14:06:15Z,frontend,emailservice,0,0,0,0,0,0,0
2026-10-04T14:06:15Z,frontend,frontend,0,0,0,0,0,0,0
2026-10-04T14:06:15Z,frontend,kubernetes,0,0,0,0,0,0,0
2026-10-04T14:06:15Z,frontend,paymentservice,0,0,0,0,0,0,0
2026-10-04T14:06:15Z,frontend,productcatalogservice,8071889,8071803,0,0,0,55229109,8066843
2026-10-04T14:06:15Z,frontend,recommendationservice,2591903,1592656,0,104145,892890,778795672,1591809
2026-10-04T14:06:15Z,frontend,redis-cart,0,0,0,0,0,0,0
2026-10-04T14:06:15Z,frontend,shippingservice,299122,299117,0,0,0,909646,298921
2026-10-04T14:06:15Z,paymentservice,adservice,0,0,0,0,0,0,0
2026-10-04T14:06:15Z,paymentservice,cartservice,0,0,0,0,0,0,0
2026-10-04T14:06:15Z,paymentservice,checkoutservice,0,0,0,0,0,0,0
2026-10-04T14:06:15Z,paymentservice,currencyservice,0,0,0,0,0,0,0
2026-10-04T14:06:15Z,paymentservice,emailservice,0,0,0,0,0,0,0
2026-10-04T14:06:15Z,paymentservice,frontend,0,0,0,0,0,0,0
2026-10-04T14:06:15Z,paymentservice,kubernetes,0,0,0,0,0,0,0
2026-10-04T14:06:15Z,paymentservice,paymentservice,0,0,0,0,0,0,0
2026-10-04T14:06:15Z,paymentservice,productcatalogservice,0,0,0,0,0,0,0
2026-10-04T14:06:15Z,paymentservice,recommendationservice,0,0,0,0,0,0,0
2026-10-04T14:06:15Z,paymentservice,redis-cart,0,0,0,0,0,0,0
2026-10-04T14:06:15Z,paymentservice,shippingservice,0,0,0,0,0,0,0
2026-10-04T14:06:15Z,productcatalogservice,adservice,0,0,0,0,0,0,0
2026-10-04T14:06:15Z,productcatalogservice,cartservice,0,0,0,0,0,0,0
2026-10-04T14:06:15Z,productcatalogservice,checkoutservice,0,0,0,0,0,0,0
2026-10-04T14:06:15Z,productcatalogservice,currencyservice,0,0,0,0,0,0,0
2026-10-04T14:06:15Z,productcatalogservice,emailservice,0,0,0,0,0,0,0
2026-10-04T14:06:15Z,productcatalogservice,frontend,0,0,0,0,0,0,0
2026-10-04T14:06:15Z,productcatalogservice,kubernetes,0,0,0,0,0,0,0
2026-10-04T14:06:15Z,productcatalogservice,paymentservice,0,0,0,0,0,0,0
2026-10-04T14:06:15Z,productcatalogservice,productcatalogservice,0,0,0,0,0,0,0
2026-10-04T14:06:15Z,productcatalogservice,recommendationservice,0,0,0,0,0,0,0
2026-10-04T14:06:15Z,productcatalogservice,redis-cart,0,0,0,0,0,0,0
2026-10-04T14:06:15Z,productcatalogservice,shippingservice,0,0,0,0,0,0,0
2026-10-04T14:06:15Z,recommendationservice,adservice,0,0,0,0,0,0,0
2026-10-04T14:06:15Z,recommendationservice,cartservice,0,0,0,0,0,0,0
2026-10-04T14:06:15Z,recommendationservice,checkoutservice,0,0,0,0,0,0,0
2026-10-04T14:06:15Z,recommendationservice,currencyservice,0,0,0,0,0,0,0
2026-10-04T14:06:15Z,recommendationservice,emailservice,0,0,0,0,0,0,0
2026-10-04T14:06:15Z,recommendationservice,frontend,0,0,0,0,0,0,0
2026-10-04T14:06:15Z,recommendationservice,kubernetes,0,0,0,0,0,0,0
2026-10-04T14:06:15Z,recommendationservice,paymentservice,0,0,0,0,0,0,0
2026-10-04T14:06:15Z,recommendationservice,productcatalogservice,67766,67762,0,0,0,558716,67623
2026-10-04T14:06:15Z,recommendationservice,recommendationservice,0,0,0,0,0,0,0
2026-10-04T14:06:15Z,recommendationservice,redis-cart,0,0,0,0,0,0,0
2026-10-04T14:06:15Z,recommendationservice,shippingservice,0,0,0,0,0,0,0
2026-10-04T14:06:15Z,redis-cart,adservice,0,0,0,0,0,0,0
2026-10-04T14:06:15Z,redis-cart,cartservice,0,0,0,0,0,0,0
2026-10-04T14:06:15Z,redis-cart,checkoutservice,0,0,0,0,0,0,0
2026-10-04T14:06:15Z,redis-cart,currencyservice,0,0,0,0,0,0,0
2026-10-04T14:06:15Z,redis-cart,emailservice,0,0,0,0,0,0,0
2026-10-04T14:06:15Z,redis-cart,frontend,0,0,0,0,0,0,0
2026-10-04T14:06:15Z,redis-cart,kubernetes,0,0,0,0,0,0,0
2026-10-04T14:06:15Z,redis-cart,paymentservice,0,0,0,0,0,0,0
2026-10-04T14:06:15Z,redis-cart,productcatalogservice,0,0,0,0,0,0,0
2026-10-04T14:06:15Z,redis-cart,recommendationservice,0,0,0,0,0,0,0
2026-10-04T14:06:15Z,redis-cart,redis-cart,0,0,0,0,0,0,0
2026-10-04T14:06:15Z,redis-cart,shippingservice,0,0,0,0,0,0,0
2026-10-04T14:06:15Z,shippingservice,adservice,0,0,0,0,0,0,0
2026-10-04T14:06:15Z,shippingservice,cartservice,0,0,0,0,0,0,0
2026-10-04T14:06:15Z,shippingservice,checkoutservice,0,0,0,0,0,0,0
2026-10-04T14:06:15Z,shippingservice,currencyservice,0,0,0,0,0,0,0
2026-10-04T14:06:15Z,shippingservice,emailservice,0,0,0,0,0,0,0
2026-10-04T14:06:15Z,shippingservice,frontend,0,0,0,0,0,0,0
2026-10-04T14:06:15Z,shippingservice,kubernetes,0,0,0,0,0,0,0
2026-10-04T14:06:15Z,shippingservice,paymentservice,0,0,0,0,0,0,0
2026-10-04T14:06:15Z,shippingservice,productcatalogservice,0,0,0,0,0,0,0
2026-10-04T14:06:15Z,shippingservice,recommendationservice,0,0,0,0,0,0,0
2026-10-04T14:06:15Z,shippingservice,redis-cart,0,0,0,0,0,0,0
2026-10-04T14:06:15Z,shippingservice,shippingservice,0,0,0,0,0,0,0
2026-10-04T14:06:16Z,adservice,adservice,0,0,0,0,0,0,0
2026-10-04T14:06:16Z,adservice,cartservice,0,0,0,0,0,0,0
2026-10-04T14:06:16Z,adservice,checkoutservice,0,0,0,0,0,0,0
2026-10-04T14:06:16Z,adservice,currencyservice,0,0,0,0,0,0,0
2026-10-04T14:06:16Z,adservice,emailservice,0,0,0,0,0,0,0
2026-10-04T14:06:16Z,adservice,frontend,0,0,0,0,0,0,0
2026-10-04T14:06:16Z,adservice,kubernetes,0,0,0,0,0,0,0
2026-10-04T14:06:16Z,adservice,paymentservice,0,0,0,0,0,0,0
2026-10-04T14:06:16Z,adservice,productcatalogservice,0,0,0,0,0,0,0
2026-10-04T14:06:16Z,adservice,recommendationservice,0,0,0,0,0,0,0
2026-10-04T14:06:16Z,adservice,redis-cart,0,0,0,0,0,0,0
2026-10-04T14:06:16Z,adservice,shippingservice,0,0,0,0,0,0,0
2026-10-04T14:06:16Z,cartservice,adservice,0,0,0,0,0,0,0
2026-10-04T14:06:16Z,cartservice,cartservice,0,0,0,0,0,0,0
2026-10-04T14:06:16Z,cartservice,checkoutservice,0,0,0,0,0,0,0
2026-10-04T14:06:16Z,cartservice,currencyservice,0,0,0,0,0,0,0
2026-10-04T14:06:16Z,cartservice,emailservice,0,0,0,0,0,0,0
2026-10-04T14:06:16Z,cartservice,frontend,0,0,0,0,0,0,0
2026-10-04T14:06:16Z,cartservice,kubernetes,0,0,0,0,0,0,0
2026-10-04T14:06:16Z,cartservice,paymentservice,0,0,0,0,0,0,0
2026-10-04T14:06:16Z,cartservice,productcatalogservice,0,0,0,0,0,0,0
2026-10-04T14:06:16Z,cartservice,recommendationservice,0,0,0,0,0,0,0
2026-10-04T14:06:16Z,cartservice,redis-cart,2,0,0,0,0,0,0
2026-10-04T14:06:16Z,cartservice,shippingservice,0,0,0,0,0,0,0
2026-10-04T14:06:16Z,checkoutservice,adservice,0,0,0,0,0,0,0
2026-10-04T14:06:16Z,checkoutservice,cartservice,33085,32353,0,78,0,466471,31370
2026-10-04T14:06:16Z,checkoutservice,checkoutservice,0,0,0,0,0,0,0
2026-10-04T14:06:16Z,checkoutservice,currencyservice,25039,25039,0,0,0,390452,24152
2026-10-04T14:06:16Z,checkoutservice,emailservice,2653,2397,0,61,0,120877,2396
2026-10-04T14:06:16Z,checkoutservice,frontend,0,0,0,0,0,0,0
2026-10-04T14:06:16Z,checkoutservice,kubernetes,0,0,0,0,0,0,0
2026-10-04T14:06:16Z,checkoutservice,paymentservice,19415,18030,0,140,0,292714,17432
2026-10-04T14:06:16Z,checkoutservice,productcatalogservice,0,0,0,0,0,0,0
2026-10-04T14:06:16Z,checkoutservice,recommendationservice,0,0,0,0,0,0,0
2026-10-04T14:06:16Z,checkoutservice,redis-cart,0,0,0,0,0,0,0
2026-10-04T14:06:16Z,checkoutservice,shippingservice,36574,34887,0,122,0,352491,33769
2026-10-04T14:06:16Z,currencyservice,adservice,0,0,0,0,0,0,0
2026-10-04T14:06:16Z,currencyservice,cartservice,0,0,0,0,0,0,0
2026-10-04T14:06:16Z,currencyservice,checkoutservice,0,0,0,0,0,0,0
2026-10-04T14:06:16Z,currencyservice,currencyservice,0,0,0,0,0,0,0
2026-10-04T14:06:16Z,currencyservice,emailservice,0,0,0,0,0,0,0
2026-10-04T14:06:16Z,currencyservice,frontend,0,0,0,0,0,0,0
2026-10-04T14:06:16Z,currencyservice,kubernetes,0,0,0,0,0,0,0
2026-10-04T14:06:16Z,currencyservice,paymentservice,0,0,0,0,0,0,0
2026-10-04T14:06:16Z,currencyservice,productcatalogservice,0,0,0,0,0,0,0
2026-10-04T14:06:16Z,currencyservice,recommendationservice,0,0,0,0,0,0,0
2026-10-04T14:06:16Z,currencyservice,redis-cart,0,0,0,0,0,0,0
2026-10-04T14:06:16Z,currencyservice,shippingservice,0,0,0,0,0,0,0
2026-10-04T14:06:16Z,emailservice,adservice,0,0,0,0,0,0,0
2026-10-04T14:06:16Z,emailservice,cartservice,0,0,0,0,0,0,0
2026-10-04T14:06:16Z,emailservice,checkoutservice,0,0,0,0,0,0,0
2026-10-04T14:06:16Z,emailservice,currencyservice,0,0,0,0,0,0,0
2026-10-04T14:06:16Z,emailservice,emailservice,0,0,0,0,0,0,0
2026-10-04T14:06:16Z,emailservice,frontend,0,0,0,0,0,0,0
2026-10-04T14:06:16Z,emailservice,kubernetes,0,0,0,0,0,0,0
2026-10-04T14:06:16Z,emailservice,paymentservice,0,0,0,0,0,0,0
2026-10-04T14:06:16Z,emailservice,productcatalogservice,0,0,0,0,0,0,0
2026-10-04T14:06:16Z,emailservice,recommendationservice,0,0,0,0,0,0,0
2026-10-04T14:06:16Z,emailservice,redis-cart,0,0,0,0,0,0,0
2026-10-04T14:06:16Z,emailservice,shippingservice,0,0,0,0,0,0,0
2026-10-04T14:06:16Z,frontend,adservice,815938,815935,0,0,0,2459252,815126
2026-10-04T14:06:16Z,frontend,cartservice,1802901,1802889,0,0,4,10044087,1801505
2026-10-04T14:06:16Z,frontend,checkoutservice,384007,179719,0,38881,165333,60455982,179650
2026-10-04T14:06:16Z,frontend,currencyservice,2867122,2867110,0,0,0,15237608,2864897
2026-10-04T14:06:16Z,frontend,emailservice,0,0,0,0,0,0,0
2026-10-04T14:06:16Z,frontend,frontend,0,0,0,0,0,0,0
2026-10-04T14:06:16Z,frontend,kubernetes,0,0,0,0,0,0,0
2026-10-04T14:06:16Z,frontend,paymentservice,0,0,0,0,0,0,0
2026-10-04T14:06:16Z,frontend,productcatalogservice,8074416,8074343,0,0,0,55229109,8066843
2026-10-04T14:06:16Z,frontend,recommendationservice,2592327,1593089,0,104145,892890,778795672,1591809
2026-10-04T14:06:16Z,frontend,redis-cart,0,0,0,0,0,0,0
2026-10-04T14:06:16Z,frontend,shippingservice,299223,299221,0,0,0,909646,298921
2026-10-04T14:06:16Z,paymentservice,adservice,0,0,0,0,0,0,0
2026-10-04T14:06:16Z,paymentservice,cartservice,0,0,0,0,0,0,0
2026-10-04T14:06:16Z,paymentservice,checkoutservice,0,0,0,0,0,0,0
2026-10-04T14:06:16Z,paymentservice,currencyservice,0,0,0,0,0,0,0
2026-10-04T14:06:16Z,paymentservice,emailservice,0,0,0,0,0,0,0
2026-10-04T14:06:16Z,paymentservice,frontend,0,0,0,0,0,0,0
2026-10-04T14:06:16Z,paymentservice,kubernetes,0,0,0,0,0,0,0
2026-10-04T14:06:16Z,paymentservice,paymentservice,0,0,0,0,0,0,0
2026-10-04T14:06:16Z,paymentservice,productcatalogservice,0,0,0,0,0,0,0
2026-10-04T14:06:16Z,paymentservice,recommendationservice,0,0,0,0,0,0,0
2026-10-04T14:06:16Z,paymentservice,redis-cart,0,0,0,0,0,0,0
2026-10-04T14:06:16Z,paymentservice,shippingservice,0,0,0,0,0,0,0
2026-10-04T14:06:16Z,productcatalogservice,adservice,0,0,0,0,0,0,0
2026-10-04T14:06:16Z,productcatalogservice,cartservice,0,0,0,0,0,0,0
2026-10-04T14:06:16Z,productcatalogservice,checkoutservice,0,0,0,0,0,0,0
2026-10-04T14:06:16Z,productcatalogservice,currencyservice,0,0,0,0,0,0,0
2026-10-04T14:06:16Z,productcatalogservice,emailservice,0,0,0,0,0,0,0
2026-10-04T14:06:16Z,productcatalogservice,frontend,0,0,0,0,0,0,0
2026-10-04T14:06:16Z,productcatalogservice,kubernetes,0,0,0,0,0,0,0
2026-10-04T14:06:16Z,productcatalogservice,paymentservice,0,0,0,0,0,0,0
2026-10-04T14:06:16Z,productcatalogservice,productcatalogservice,0,0,0,0,0,0,0
2026-10-04T14:06:16Z,productcatalogservice,recommendationservice,0,0,0,0,0,0,0
2026-10-04T14:06:16Z,productcatalogservice,redis-cart,0,0,0,0,0,0,0
2026-10-04T14:06:16Z,productcatalogservice,shippingservice,0,0,0,0,0,0,0
2026-10-04T14:06:16Z,recommendationservice,adservice,0,0,0,0,0,0,0
2026-10-04T14:06:16Z,recommendationservice,cartservice,0,0,0,0,0,0,0
2026-10-04T14:06:16Z,recommendationservice,checkoutservice,0,0,0,0,0,0,0
2026-10-04T14:06:16Z,recommendationservice,currencyservice,0,0,0,0,0,0,0
2026-10-04T14:06:16Z,recommendationservice,emailservice,0,0,0,0,0,0,0
2026-10-04T14:06:16Z,recommendationservice,frontend,0,0,0,0,0,0,0
2026-10-04T14:06:16Z,recommendationservice,kubernetes,0,0,0,0,0,0,0
2026-10-04T14:06:16Z,recommendationservice,paymentservice,0,0,0,0,0,0,0
2026-10-04T14:06:16Z,recommendationservice,productcatalogservice,68212,68212,0,0,0,558716,67623
2026-10-04T14:06:16Z,recommendationservice,recommendationservice,0,0,0,0,0,0,0
2026-10-04T14:06:16Z,recommendationservice,redis-cart,0,0,0,0,0,0,0
2026-10-04T14:06:16Z,recommendationservice,shippingservice,0,0,0,0,0,0,0
2026-10-04T14:06:16Z,redis-cart,adservice,0,0,0,0,0,0,0
2026-10-04T14:06:16Z,redis-cart,cartservice,0,0,0,0,0,0,0
2026-10-04T14:06:16Z,redis-cart,checkoutservice,0,0,0,0,0,0,0
2026-10-04T14:06:16Z,redis-cart,currencyservice,0,0,0,0,0,0,0
2026-10-04T14:06:16Z,redis-cart,emailservice,0,0,0,0,0,0,0
2026-10-04T14:06:16Z,redis-cart,frontend,0,0,0,0,0,0,0
2026-10-04T14:06:16Z,redis-cart,kubernetes,0,0,0,0,0,0,0
2026-10-04T14:06:16Z,redis-cart,paymentservice,0,0,0,0,0,0,0
2026-10-04T14:06:16Z,redis-cart,productcatalogservice,0,0,0,0,0,0,0
2026-10-04T14:06:16Z,redis-cart,recommendationservice,0,0,0,0,0,0,0
2026-10-04T14:06:16Z,redis-cart,redis-cart,0,0,0,0,0,0,0
2026-10-04T14:06:16Z,redis-cart,shippingservice,0,0,0,0,0,0,0
2026-10-04T14:06:16Z,shippingservice,adservice,0,0,0,0,0,0,0
2026-10-04T14:06:16Z,shippingservice,cartservice,0,0,0,0,0,0,0
2026-10-04T14:06:16Z,shippingservice,checkoutservice,0,0,0,0,0,0,0
2026-10-04T14:06:16Z,shippingservice,currencyservice,0,0,0,0,0,0,0
2026-10-04T14:06:16Z,shippingservice,emailservice,0,0,0,0,0,0,0
2026-10-04T14:06:16Z,shippingservice,frontend,0,0,0,0,0,0,0
2026-10-04T14:06:16Z,shippingservice,kubernetes,0,0,0,0,0,0,0
2026-10-04T14:06:16Z,shippingservice,paymentservice,0,0,0,0,0,0,0
2026-10-04T14:06:16Z,shippingservice,productcatalogservice,0,0,0,0,0,0,0
2026-10-04T14:06:16Z,shippingservice,recommendationservice,0,0,0,0,0,0,0
2026-10-04T14:06:16Z,shippingservice,redis-cart,0,0,0,0,0,0,0
2026-10-04T14:06:16Z,shippingservice,shippingservice,0,0,0,0,0,0,0
2026-10-04T14:06:17Z,adservice,adservice,0,0,0,0,0,0,0
2026-10-04T14:06:17Z,adservice,cartservice,0,0,0,0,0,0,0
2026-10-04T14:06:17Z,adservice,checkoutservice,0,0,0,0,0,0,0
2026-10-04T14:06:17Z,adservice,currencyservice,0,0,0,0,0,0,0
2026-10-04T14:06:17Z,adservice,emailservice,0,0,0,0,0,0,0
2026-10-04T14:06:17Z,adservice,frontend,0,0,0,0,0,0,0
2026-10-04T14:06:17Z,adservice,kubernetes,0,0,0,0,0,0,0
2026-10-04T14:06:17Z,adservice,paymentservice,0,0,0,0,0,0,0
2026-10-04T14:06:17Z,adservice,productcatalogservice,0,0,0,0,0,0,0
2026-10-04T14:06:17Z,adservice,recommendationservice,0,0,0,0,0,0,0
2026-10-04T14:06:17Z,adservice,redis-cart,0,0,0,0,0,0,0
2026-10-04T14:06:17Z,adservice,shippingservice,0,0,0,0,0,0,0
2026-10-04T14:06:17Z,cartservice,adservice,0,0,0,0,0,0,0
2026-10-04T14:06:17Z,cartservice,cartservice,0,0,0,0,0,0,0
2026-10-04T14:06:17Z,cartservice,checkoutservice,0,0,0,0,0,0,0
2026-10-04T14:06:17Z,cartservice,currencyservice,0,0,0,0,0,0,0
2026-10-04T14:06:17Z,cartservice,emailservice,0,0,0,0,0,0,0
2026-10-04T14:06:17Z,cartservice,frontend,0,0,0,0,0,0,0
2026-10-04T14:06:17Z,cartservice,kubernetes,0,0,0,0,0,0,0
2026-10-04T14:06:17Z,cartservice,paymentservice,0,0,0,0,0,0,0
2026-10-04T14:06:17Z,cartservice,productcatalogservice,0,0,0,0,0,0,0
2026-10-04T14:06:17Z,cartservice,recommendationservice,0,0,0,0,0,0,0
2026-10-04T14:06:17Z,cartservice,redis-cart,2,0,0,0,0,0,0
2026-10-04T14:06:17Z,cartservice,shippingservice,0,0,0,0,0,0,0
2026-10-04T14:06:17Z,checkoutservice,adservice,0,0,0,0,0,0,0
2026-10-04T14:06:17Z,checkoutservice,cartservice,33314,32552,0,78,0,484477,32467
2026-10-04T14:06:17Z,checkoutservice,checkoutservice,0,0,0,0,0,0,0
2026-10-04T14:06:17Z,checkoutservice,currencyservice,25275,25261,0,0,0,410323,25183
2026-10-04T14:06:17Z,checkoutservice,emailservice,2654,2398,0,61,0,120897,2398
2026-10-04T14:06:17Z,checkoutservice,frontend,0,0,0,0,0,0,0
2026-10-04T14:06:17Z,checkoutservice,kubernetes,0,0,0,0,0,0,0
2026-10-04T14:06:17Z,checkoutservice,paymentservice,19582,18182,0,140,0,305636,18042
2026-10-04T14:06:17Z,checkoutservice,productcatalogservice,0,0,0,0,0,0,0
2026-10-04T14:06:17Z,checkoutservice,recommendationservice,0,0,0,0,0,0,0
2026-10-04T14:06:17Z,checkoutservice,redis-cart,0,0,0,0,0,0,0
2026-10-04T14:06:17Z,checkoutservice,shippingservice,36841,35137,0,122,0,368252,35039
2026-10-04T14:06:17Z,currencyservice,adservice,0,0,0,0,0,0,0
2026-10-04T14:06:17Z,currencyservice,cartservice,0,0,0,0,0,0,0
2026-10-04T14:06:17Z,currencyservice,checkoutservice,0,0,0,0,0,0,0
2026-10-04T14:06:17Z,currencyservice,currencyservice,0,0,0,0,0,0,0
2026-10-04T14:06:17Z,currencyservice,emailservice,0,0,0,0,0,0,0
2026-10-04T14:06:17Z,currencyservice,frontend,0,0,0,0,0,0,0
2026-10-04T14:06:17Z,currencyservice,kubernetes,0,0,0,0,0,0,0
2026-10-04T14:06:17Z,currencyservice,paymentservice,0,0,0,0,0,0,0
2026-10-04T14:06:17Z,currencyservice,productcatalogservice,0,0,0,0,0,0,0
2026-10-04T14:06:17Z,currencyservice,recommendationservice,0,0,0,0,0,0,0
2026-10-04T14:06:17Z,currencyservice,redis-cart,0,0,0,0,0,0,0
2026-10-04T14:06:17Z,currencyservice,shippingservice,0,0,0,0,0,0,0
2026-10-04T14:06:17Z,emailservice,adservice,0,0,0,0,0,0,0
2026-10-04T14:06:17Z,emailservice,cartservice,0,0,0,0,0,0,0
2026-10-04T14:06:17Z,emailservice,checkoutservice,0,0,0,0,0,0,0
2026-10-04T14:06:17Z,emailservice,currencyservice,0,0,0,0,0,0,0
2026-10-04T14:06:17Z,emailservice,emailservice,0,0,0,0,0,0,0
2026-10-04T14:06:17Z,emailservice,frontend,0,0,0,0,0,0,0
2026-10-04T14:06:17Z,emailservice,kubernetes,0,0,0,0,0,0,0
2026-10-04T14:06:17Z,emailservice,paymentservice,0,0,0,0,0,0,0
2026-10-04T14:06:17Z,emailservice,productcatalogservice,0,0,0,0,0,0,0
2026-10-04T14:06:17Z,emailservice,recommendationservice,0,0,0,0,0,0,0
2026-10-04T14:06:17Z,emailservice,redis-cart,0,0,0,0,0,0,0
2026-10-04T14:06:17Z,emailservice,shippingservice,0,0,0,0,0,0,0
2026-10-04T14:06:17Z,frontend,adservice,816198,816191,0,0,0,2459252,815126
2026-10-04T14:06:17Z,frontend,cartservice,1803372,1803355,0,0,4,10044087,1801505
2026-10-04T14:06:17Z,frontend,checkoutservice,384202,179741,0,38928,165474,60455982,179650
2026-10-04T14:06:17Z,frontend,currencyservice,2867866,2867853,0,0,0,15237608,2864897
2026-10-04T14:06:17Z,frontend,emailservice,0,0,0,0,0,0,0
2026-10-04T14:06:17Z,frontend,frontend,0,0,0,0,0,0,0
2026-10-04T14:06:17Z,frontend,kubernetes,0,0,0,0,0,0,0
2026-10-04T14:06:17Z,frontend,paymentservice,0,0,0,0,0,0,0
2026-10-04T14:06:17Z,frontend,productcatalogservice,8076812,8076737,0,0,0,55229109,8066843
2026-10-04T14:06:17Z,frontend,recommendationservice,2592768,1593491,0,104145,892890,778795672,1591809
2026-10-04T14:06:17Z,frontend,redis-cart,0,0,0,0,0,0,0
2026-10-04T14:06:17Z,frontend,shippingservice,299321,299319,0,0,0,909646,298921
2026-10-04T14:06:17Z,paymentservice,adservice,0,0,0,0,0,0,0
2026-10-04T14:06:17Z,paymentservice,cartservice,0,0,0,0,0,0,0
2026-10-04T14:06:17Z,paymentservice,checkoutservice,0,0,0,0,0,0,0
2026-10-04T14:06:17Z,paymentservice,currencyservice,0,0,0,0,0,0,0
2026-10-04T14:06:17Z,paymentservice,emailservice,0,0,0,0,0,0,0
2026-10-04T14:06:17Z,paymentservice,frontend,0,0,0,0,0,0,0
2026-10-04T14:06:17Z,paymentservice,kubernetes,0,0,0,0,0,0,0
2026-10-04T14:06:17Z,paymentservice,paymentservice,0,0,0,0,0,0,0
2026-10-04T14:06:17Z,paymentservice,productcatalogservice,0,0,0,0,0,0,0
2026-10-04T14:06:17Z,paymentservice,recommendationservice,0,0,0,0,0,0,0
2026-10-04T14:06:17Z,paymentservice,redis-cart,0,0,0,0,0,0,0
2026-10-04T14:06:17Z,paymentservice,shippingservice,0,0,0,0,0,0,0
2026-10-04T14:06:17Z,productcatalogservice,adservice,0,0,0,0,0,0,0
2026-10-04T14:06:17Z,productcatalogservice,cartservice,0,0,0,0,0,0,0
2026-10-04T14:06:17Z,productcatalogservice,checkoutservice,0,0,0,0,0,0,0
2026-10-04T14:06:17Z,productcatalogservice,currencyservice,0,0,0,0,0,0,0
2026-10-04T14:06:17Z,productcatalogservice,emailservice,0,0,0,0,0,0,0
2026-10-04T14:06:17Z,productcatalogservice,frontend,0,0,0,0,0,0,0
2026-10-04T14:06:17Z,productcatalogservice,kubernetes,0,0,0,0,0,0,0
2026-10-04T14:06:17Z,productcatalogservice,paymentservice,0,0,0,0,0,0,0
2026-10-04T14:06:17Z,productcatalogservice,productcatalogservice,0,0,0,0,0,0,0
2026-10-04T14:06:17Z,productcatalogservice,recommendationservice,0,0,0,0,0,0,0
2026-10-04T14:06:17Z,productcatalogservice,redis-cart,0,0,0,0,0,0,0
2026-10-04T14:06:17Z,productcatalogservice,shippingservice,0,0,0,0,0,0,0
2026-10-04T14:06:17Z,recommendationservice,adservice,0,0,0,0,0,0,0
2026-10-04T14:06:17Z,recommendationservice,cartservice,0,0,0,0,0,0,0
2026-10-04T14:06:17Z,recommendationservice,checkoutservice,0,0,0,0,0,0,0
2026-10-04T14:06:17Z,recommendationservice,currencyservice,0,0,0,0,0,0,0
2026-10-04T14:06:17Z,recommendationservice,emailservice,0,0,0,0,0,0,0
2026-10-04T14:06:17Z,recommendationservice,frontend,0,0,0,0,0,0,0
2026-10-04T14:06:17Z,recommendationservice,kubernetes,0,0,0,0,0,0,0
2026-10-04T14:06:17Z,recommendationservice,paymentservice,0,0,0,0,0,0,0
2026-10-04T14:06:17Z,recommendationservice,productcatalogservice,68617,68617,0,0,0,558716,67623
2026-10-04T14:06:17Z,recommendationservice,recommendationservice,0,0,0,0,0,0,0
2026-10-04T14:06:17Z,recommendationservice,redis-cart,0,0,0,0,0,0,0
2026-10-04T14:06:17Z,recommendationservice,shippingservice,0,0,0,0,0,0,0
2026-10-04T14:06:17Z,redis-cart,adservice,0,0,0,0,0,0,0
2026-10-04T14:06:17Z,redis-cart,cartservice,0,0,0,0,0,0,0
2026-10-04T14:06:17Z,redis-cart,checkoutservice,0,0,0,0,0,0,0
2026-10-04T14:06:17Z,redis-cart,currencyservice,0,0,0,0,0,0,0
2026-10-04T14:06:17Z,redis-cart,emailservice,0,0,0,0,0,0,0
2026-10-04T14:06:17Z,redis-cart,frontend,0,0,0,0,0,0,0
2026-10-04T14:06:17Z,redis-cart,kubernetes,0,0,0,0,0,0,0
2026-10-04T14:06:17Z,redis-cart,paymentservice,0,0,0,0,0,0,0
2026-10-04T14:06:17Z,redis-cart,productcatalogservice,0,0,0,0,0,0,0
2026-10-04T14:06:17Z,redis-cart,recommendationservice,0,0,0,0,0,0,0
2026-10-04T14:06:17Z,redis-cart,redis-cart,0,0,0,0,0,0,0
2026-10-04T14:06:17Z,redis-cart,shippingservice,0,0,0,0,0,0,0
2026-10-04T14:06:17Z,shippingservice,adservice,0,0,0,0,0,0,0
2026-10-04T14:06:17Z,shippingservice,cartservice,0,0,0,0,0,0,0
2026-10-04T14:06:17Z,shippingservice,checkoutservice,0,0,0,0,0,0,0
2026-10-04T14:06:17Z,shippingservice,currencyservice,0,0,0,0,0,0,0
2026-10-04T14:06:17Z,shippingservice,emailservice,0,0,0,0,0,0,0
2026-10-04T14:06:17Z,shippingservice,frontend,0,0,0,0,0,0,0
2026-10-04T14:06:17Z,shippingservice,kubernetes,0,0,0,0,0,0,0
2026-10-04T14:06:17Z,shippingservice,paymentservice,0,0,0,0,0,0,0
2026-10-04T14:06:17Z,shippingservice,productcatalogservice,0,0,0,0,0,0,0
2026-10-04T14:06:17Z,shippingservice,recommendationservice,0,0,0,0,0,0,0
2026-10-04T14:06:17Z,shippingservice,redis-cart,0,0,0,0,0,0,0
2026-10-04T14:06:17Z,shippingservice,shippingservice,0,0,0,0,0,0,0
2026-10-04T14:06:18Z,adservice,adservice,0,0,0,0,0,0,0
2026-10-04T14:06:18Z,adservice,cartservice,0,0,0,0,0,0,0
2026-10-04T14:06:18Z,adservice,checkoutservice,0,0,0,0,0,0,0
2026-10-04T14:06:18Z,adservice,currencyservice,0,0,0,0,0,0,0
2026-10-04T14:06:18Z,adservice,emailservice,0,0,0,0,0,0,0
2026-10-04T14:06:18Z,adservice,frontend,0,0,0,0,0,0,0
2026-10-04T14:06:18Z,adservice,kubernetes,0,0,0,0,0,0,0
2026-10-04T14:06:18Z,adservice,paymentservice,0,0,0,0,0,0,0
2026-10-04T14:06:18Z,adservice,productcatalogservice,0,0,0,0,0,0,0
2026-10-04T14:06:18Z,adservice,recommendationservice,0,0,0,0,0,0,0
2026-10-04T14:06:18Z,adservice,redis-cart,0,0,0,0,0,0,0
2026-10-04T14:06:18Z,adservice,shippingservice,0,0,0,0,0,0,0
2026-10-04T14:06:18Z,cartservice,adservice,0,0,0,0,0,0,0
2026-10-04T14:06:18Z,cartservice,cartservice,0,0,0,0,0,0,0
2026-10-04T14:06:18Z,cartservice,checkoutservice,0,0,0,0,0,0,0
2026-10-04T14:06:18Z,cartservice,currencyservice,0,0,0,0,0,0,0
2026-10-04T14:06:18Z,cartservice,emailservice,0,0,0,0,0,0,0
2026-10-04T14:06:18Z,cartservice,frontend,0,0,0,0,0,0,0
2026-10-04T14:06:18Z,cartservice,kubernetes,0,0,0,0,0,0,0
2026-10-04T14:06:18Z,cartservice,paymentservice,0,0,0,0,0,0,0
2026-10-04T14:06:18Z,cartservice,productcatalogservice,0,0,0,0,0,0,0
2026-10-04T14:06:18Z,cartservice,recommendationservice,0,0,0,0,0,0,0
2026-10-04T14:06:18Z,cartservice,redis-cart,2,0,0,0,0,0,0
2026-10-04T14:06:18Z,cartservice,shippingservice,0,0,0,0,0,0,0
2026-10-04T14:06:18Z,checkoutservice,adservice,0,0,0,0,0,0,0
2026-10-04T14:06:18Z,checkoutservice,cartservice,33527,32774,0,80,0,484477,32467
2026-10-04T14:06:18Z,checkoutservice,checkoutservice,0,0,0,0,0,0,0
2026-10-04T14:06:18Z,checkoutservice,currencyservice,25496,25490,0,0,0,410323,25183
2026-10-04T14:06:18Z,checkoutservice,emailservice,2654,2398,0,61,0,120897,2398
2026-10-04T14:06:18Z,checkoutservice,frontend,0,0,0,0,0,0,0
2026-10-04T14:06:18Z,checkoutservice,kubernetes,0,0,0,0,0,0,0
2026-10-04T14:06:18Z,checkoutservice,paymentservice,19773,18366,0,142,0,305636,18042
2026-10-04T14:06:18Z,checkoutservice,productcatalogservice,0,0,0,0,0,0,0
2026-10-04T14:06:18Z,checkoutservice,recommendationservice,0,0,0,0,0,0,0
2026-10-04T14:06:18Z,checkoutservice,redis-cart,0,0,0,0,0,0,0
2026-10-04T14:06:18Z,checkoutservice,shippingservice,37170,35453,0,124,0,368252,35039
2026-10-04T14:06:18Z,currencyservice,adservice,0,0,0,0,0,0,0
2026-10-04T14:06:18Z,currencyservice,cartservice,0,0,0,0,0,0,0
2026-10-04T14:06:18Z,currencyservice,checkoutservice,0,0,0,0,0,0,0
2026-10-04T14:06:18Z,currencyservice,currencyservice,0,0,0,0,0,0,0
2026-10-04T14:06:18Z,currencyservice,emailservice,0,0,0,0,0,0,0
2026-10-04T14:06:18Z,currencyservice,frontend,0,0,0,0,0,0,0
2026-10-04T14:06:18Z,currencyservice,kubernetes,0,0,0,0,0,0,0
2026-10-04T14:06:18Z,currencyservice,paymentservice,0,0,0,0,0,0,0
2026-10-04T14:06:18Z,currencyservice,productcatalogservice,0,0,0,0,0,0,0
2026-10-04T14:06:18Z,currencyservice,recommendationservice,0,0,0,0,0,0,0
2026-10-04T14:06:18Z,currencyservice,redis-cart,0,0,0,0,0,0,0
2026-10-04T14:06:18Z,currencyservice,shippingservice,0,0,0,0,0,0,0
2026-10-04T14:06:18Z,emailservice,adservice,0,0,0,0,0,0,0
2026-10-04T14:06:18Z,emailservice,cartservice,0,0,0,0,0,0,0
2026-10-04T14:06:18Z,emailservice,checkoutservice,0,0,0,0,0,0,0
2026-10-04T14:06:18Z,emailservice,currencyservice,0,0,0,0,0,0,0
2026-10-04T14:06:18Z,emailservice,emailservice,0,0,0,0,0,0,0
2026-10-04T14:06:18Z,emailservice,frontend,0,0,0,0,0,0,0
2026-10-04T14:06:18Z,emailservice,kubernetes,0,0,0,0,0,0,0
2026-10-04T14:06:18Z,emailservice,paymentservice,0,0,0,0,0,0,0
2026-10-04T14:06:18Z,emailservice,productcatalogservice,0,0,0,0,0,0,0
2026-10-04T14:06:18Z,emailservice,recommendationservice,0,0,0,0,0,0,0
2026-10-04T14:06:18Z,emailservice,redis-cart,0,0,0,0,0,0,0
2026-10-04T14:06:18Z,emailservice,shippingservice,0,0,0,0,0,0,0
2026-10-04T14:06:18Z,frontend,adservice,816454,816451,0,0,0,2460180,815459
2026-10-04T14:06:18Z,frontend,cartservice,1803823,1803811,0,0,4,10047516,1802068
2026-10-04T14:06:18Z,frontend,checkoutservice,384399,179755,0,38967,165615,60486097,179674
2026-10-04T14:06:18Z,frontend,currencyservice,2868589,2868581,0,0,0,15243899,2865787
2026-10-04T14:06:18Z,frontend,emailservice,0,0,0,0,0,0,0
2026-10-04T14:06:18Z,frontend,frontend,0,0,0,0,0,0,0
2026-10-04T14:06:18Z,frontend,kubernetes,0,0,0,0,0,0,0
2026-10-04T14:06:18Z,frontend,paymentservice,0,0,0,0,0,0,0
2026-10-04T14:06:18Z,frontend,productcatalogservice,8079238,8079149,0,0,0,55254404,8069815
2026-10-04T14:06:18Z,frontend,recommendationservice,2593191,1593914,0,104145,892890,778838932,1592314
2026-10-04T14:06:18Z,frontend,redis-cart,0,0,0,0,0,0,0
2026-10-04T14:06:18Z,frontend,shippingservice,299411,299409,0,0,0,909920,299029
2026-10-04T14:06:18Z,paymentservice,adservice,0,0,0,0,0,0,0
2026-10-04T14:06:18Z,paymentservice,cartservice,0,0,0,0,0,0,0
2026-10-04T14:06:18Z,paymentservice,checkoutservice,0,0,0,0,0,0,0
2026-10-04T14:06:18Z,paymentservice,currencyservice,0,0,0,0,0,0,0
2026-10-04T14:06:18Z,paymentservice,emailservice,0,0,0,0,0,0,0
2026-10-04T14:06:18Z,paymentservice,frontend,0,0,0,0,0,0,0
2026-10-04T14:06:18Z,paymentservice,kubernetes,0,0,0,0,0,0,0
2026-10-04T14:06:18Z,paymentservice,paymentservice,0,0,0,0,0,0,0
2026-10-04T14:06:18Z,paymentservice,productcatalogservice,0,0,0,0,0,0,0
2026-10-04T14:06:18Z,paymentservice,recommendationservice,0,0,0,0,0,0,0
2026-10-04T14:06:18Z,paymentservice,redis-cart,0,0,0,0,0,0,0
2026-10-04T14:06:18Z,paymentservice,shippingservice,0,0,0,0,0,0,0
2026-10-04T14:06:18Z,productcatalogservice,adservice,0,0,0,0,0,0,0
2026-10-04T14:06:18Z,productcatalogservice,cartservice,0,0,0,0,0,0,0
2026-10-04T14:06:18Z,productcatalogservice,checkoutservice,0,0,0,0,0,0,0
2026-10-04T14:06:18Z,productcatalogservice,currencyservice,0,0,0,0,0,0,0
2026-10-04T14:06:18Z,productcatalogservice,emailservice,0,0,0,0,0,0,0
2026-10-04T14:06:18Z,productcatalogservice,frontend,0,0,0,0,0,0,0
2026-10-04T14:06:18Z,productcatalogservice,kubernetes,0,0,0,0,0,0,0
2026-10-04T14:06:18Z,productcatalogservice,paymentservice,0,0,0,0,0,0,0
2026-10-04T14:06:18Z,productcatalogservice,productcatalogservice,0,0,0,0,0,0,0
2026-10-04T14:06:18Z,productcatalogservice,recommendationservice,0,0,0,0,0,0,0
2026-10-04T14:06:18Z,productcatalogservice,redis-cart,0,0,0,0,0,0,0
2026-10-04T14:06:18Z,productcatalogservice,shippingservice,0,0,0,0,0,0,0
2026-10-04T14:06:18Z,recommendationservice,adservice,0,0,0,0,0,0,0
2026-10-04T14:06:18Z,recommendationservice,cartservice,0,0,0,0,0,0,0
2026-10-04T14:06:18Z,recommendationservice,checkoutservice,0,0,0,0,0,0,0
2026-10-04T14:06:18Z,recommendationservice,currencyservice,0,0,0,0,0,0,0
2026-10-04T14:06:18Z,recommendationservice,emailservice,0,0,0,0,0,0,0
2026-10-04T14:06:18Z,recommendationservice,frontend,0,0,0,0,0,0,0
2026-10-04T14:06:18Z,recommendationservice,kubernetes,0,0,0,0,0,0,0
2026-10-04T14:06:18Z,recommendationservice,paymentservice,0,0,0,0,0,0,0
2026-10-04T14:06:18Z,recommendationservice,productcatalogservice,69043,69040,0,0,0,558716,67623
2026-10-04T14:06:18Z,recommendationservice,recommendationservice,0,0,0,0,0,0,0
2026-10-04T14:06:18Z,recommendationservice,redis-cart,0,0,0,0,0,0,0
2026-10-04T14:06:18Z,recommendationservice,shippingservice,0,0,0,0,0,0,0
2026-10-04T14:06:18Z,redis-cart,adservice,0,0,0,0,0,0,0
2026-10-04T14:06:18Z,redis-cart,cartservice,0,0,0,0,0,0,0
2026-10-04T14:06:18Z,redis-cart,checkoutservice,0,0,0,0,0,0,0
2026-10-04T14:06:18Z,redis-cart,currencyservice,0,0,0,0,0,0,0
2026-10-04T14:06:18Z,redis-cart,emailservice,0,0,0,0,0,0,0
2026-10-04T14:06:18Z,redis-cart,frontend,0,0,0,0,0,0,0
2026-10-04T14:06:18Z,redis-cart,kubernetes,0,0,0,0,0,0,0
2026-10-04T14:06:18Z,redis-cart,paymentservice,0,0,0,0,0,0,0
2026-10-04T14:06:18Z,redis-cart,productcatalogservice,0,0,0,0,0,0,0
2026-10-04T14:06:18Z,redis-cart,recommendationservice,0,0,0,0,0,0,0
2026-10-04T14:06:18Z,redis-cart,redis-cart,0,0,0,0,0,0,0
2026-10-04T14:06:18Z,redis-cart,shippingservice,0,0,0,0,0,0,0
2026-10-04T14:06:18Z,shippingservice,adservice,0,0,0,0,0,0,0
2026-10-04T14:06:18Z,shippingservice,cartservice,0,0,0,0,0,0,0
2026-10-04T14:06:18Z,shippingservice,checkoutservice,0,0,0,0,0,0,0
2026-10-04T14:06:18Z,shippingservice,currencyservice,0,0,0,0,0,0,0
2026-10-04T14:06:18Z,shippingservice,emailservice,0,0,0,0,0,0,0
2026-10-04T14:06:18Z,shippingservice,frontend,0,0,0,0,0,0,0
2026-10-04T14:06:18Z,shippingservice,kubernetes,0,0,0,0,0,0,0
2026-10-04T14:06:18Z,shippingservice,paymentservice,0,0,0,0,0,0,0
2026-10-04T14:06:18Z,shippingservice,productcatalogservice,0,0,0,0,0,0,0
2026-10-04T14:06:18Z,shippingservice,recommendationservice,0,0,0,0,0,0,0
2026-10-04T14:06:18Z,shippingservice,redis-cart,0,0,0,0,0,0,0
2026-10-04T14:06:18Z,shippingservice,shippingservice,0,0,0,0,0,0,0
2026-10-04T14:06:19Z,adservice,adservice,0,0,0,0,0,0,0
2026-10-04T14:06:19Z,adservice,cartservice,0,0,0,0,0,0,0
2026-10-04T14:06:19Z,adservice,checkoutservice,0,0,0,0,0,0,0
2026-10-04T14:06:19Z,adservice,currencyservice,0,0,0,0,0,0,0
2026-10-04T14:06:19Z,adservice,emailservice,0,0,0,0,0,0,0
2026-10-04T14:06:19Z,adservice,frontend,0,0,0,0,0,0,0
2026-10-04T14:06:19Z,adservice,kubernetes,0,0,0,0,0,0,0
2026-10-04T14:06:19Z,adservice,paymentservice,0,0,0,0,0,0,0
2026-10-04T14:06:19Z,adservice,productcatalogservice,0,0,0,0,0,0,0
2026-10-04T14:06:19Z,adservice,recommendationservice,0,0,0,0,0,0,0
2026-10-04T14:06:19Z,adservice,redis-cart,0,0,0,0,0,0,0
2026-10-04T14:06:19Z,adservice,shippingservice,0,0,0,0,0,0,0
2026-10-04T14:06:19Z,cartservice,adservice,0,0,0,0,0,0,0
2026-10-04T14:06:19Z,cartservice,cartservice,0,0,0,0,0,0,0
2026-10-04T14:06:19Z,cartservice,checkoutservice,0,0,0,0,0,0,0
2026-10-04T14:06:19Z,cartservice,currencyservice,0,0,0,0,0,0,0
2026-10-04T14:06:19Z,cartservice,emailservice,0,0,0,0,0,0,0
2026-10-04T14:06:19Z,cartservice,frontend,0,0,0,0,0,0,0
2026-10-04T14:06:19Z,cartservice,kubernetes,0,0,0,0,0,0,0
2026-10-04T14:06:19Z,cartservice,paymentservice,0,0,0,0,0,0,0
2026-10-04T14:06:19Z,cartservice,productcatalogservice,0,0,0,0,0,0,0
2026-10-04T14:06:19Z,cartservice,recommendationservice,0,0,0,0,0,0,0
2026-10-04T14:06:19Z,cartservice,redis-cart,2,0,0,0,0,0,0
2026-10-04T14:06:19Z,cartservice,shippingservice,0,0,0,0,0,0,0
2026-10-04T14:06:19Z,checkoutservice,adservice,0,0,0,0,0,0,0
2026-10-04T14:06:19Z,checkoutservice,cartservice,33749,32990,0,81,0,484477,32467
2026-10-04T14:06:19Z,checkoutservice,checkoutservice,0,0,0,0,0,0,0
2026-10-04T14:06:19Z,checkoutservice,currencyservice,25684,25672,0,0,0,410323,25183
2026-10-04T14:06:19Z,checkoutservice,emailservice,2655,2399,0,61,0,120897,2398
2026-10-04T14:06:19Z,checkoutservice,frontend,0,0,0,0,0,0,0
2026-10-04T14:06:19Z,checkoutservice,kubernetes,0,0,0,0,0,0,0
2026-10-04T14:06:19Z,checkoutservice,paymentservice,19924,18494,0,143,0,305636,18042
2026-10-04T14:06:19Z,checkoutservice,productcatalogservice,0,0,0,0,0,0,0
2026-10-04T14:06:19Z,checkoutservice,recommendationservice,0,0,0,0,0,0,0
2026-10-04T14:06:19Z,checkoutservice,redis-cart,0,0,0,0,0,0,0
2026-10-04T14:06:19Z,checkoutservice,shippingservice,37420,35686,0,125,0,368252,35039
2026-10-04T14:06:19Z,currencyservice,adservice,0,0,0,0,0,0,0
2026-10-04T14:06:19Z,currencyservice,cartservice,0,0,0,0,0,0,0
2026-10-04T14:06:19Z,currencyservice,checkoutservice,0,0,0,0,0,0,0
2026-10-04T14:06:19Z,currencyservice,currencyservice,0,0,0,0,0,0,0
2026-10-04T14:06:19Z,currencyservice,emailservice,0,0,0,0,0,0,0
2026-10-04T14:06:19Z,currencyservice,frontend,0,0,0,0,0,0,0
2026-10-04T14:06:19Z,currencyservice,kubernetes,0,0,0,0,0,0,0
2026-10-04T14:06:19Z,currencyservice,paymentservice,0,0,0,0,0,0,0
2026-10-04T14:06:19Z,currencyservice,productcatalogservice,0,0,0,0,0,0,0
2026-10-04T14:06:19Z,currencyservice,recommendationservice,0,0,0,0,0,0,0
2026-10-04T14:06:19Z,currencyservice,redis-cart,0,0,0,0,0,0,0
2026-10-04T14:06:19Z,currencyservice,shippingservice,0,0,0,0,0,0,0
2026-10-04T14:06:19Z,emailservice,adservice,0,0,0,0,0,0,0
2026-10-04T14:06:19Z,emailservice,cartservice,0,0,0,0,0,0,0
2026-10-04T14:06:19Z,emailservice,checkoutservice,0,0,0,0,0,0,0
2026-10-04T14:06:19Z,emailservice,currencyservice,0,0,0,0,0,0,0
2026-10-04T14:06:19Z,emailservice,emailservice,0,0,0,0,0,0,0
2026-10-04T14:06:19Z,emailservice,frontend,0,0,0,0,0,0,0
2026-10-04T14:06:19Z,emailservice,kubernetes,0,0,0,0,0,0,0
2026-10-04T14:06:19Z,emailservice,paymentservice,0,0,0,0,0,0,0
2026-10-04T14:06:19Z,emailservice,productcatalogservice,0,0,0,0,0,0,0
2026-10-04T14:06:19Z,emailservice,recommendationservice,0,0,0,0,0,0,0
2026-10-04T14:06:19Z,emailservice,redis-cart,0,0,0,0,0,0,0
2026-10-04T14:06:19Z,emailservice,shippingservice,0,0,0,0,0,0,0
2026-10-04T14:06:19Z,frontend,adservice,816733,816729,0,0,0,2463545,816495
2026-10-04T14:06:19Z,frontend,cartservice,1804293,1804280,0,0,4,10058818,1803875
2026-10-04T14:06:19Z,frontend,checkoutservice,384604,179784,0,39003,165763,60591247,179759
2026-10-04T14:06:19Z,frontend,currencyservice,2869342,2869331,0,0,0,15261389,2868654
2026-10-04T14:06:19Z,frontend,emailservice,0,0,0,0,0,0,0
2026-10-04T14:06:19Z,frontend,frontend,0,0,0,0,0,0,0
2026-10-04T14:06:19Z,frontend,kubernetes,0,0,0,0,0,0,0
2026-10-04T14:06:19Z,frontend,paymentservice,0,0,0,0,0,0,0
2026-10-04T14:06:19Z,frontend,productcatalogservice,8081813,8081724,0,0,0,55324554,8079495
2026-10-04T14:06:19Z,frontend,recommendationservice,2593625,1594356,0,104145,892890,778996154,1593975
2026-10-04T14:06:19Z,frontend,redis-cart,0,0,0,0,0,0,0
2026-10-04T14:06:19Z,frontend,shippingservice,299521,299519,0,0,0,911381,299419
2026-10-04T14:06:19Z,paymentservice,adservice,0,0,0,0,0,0,0
2026-10-04T14:06:19Z,paymentservice,cartservice,0,0,0,0,0,0,0
2026-10-04T14:06:19Z,paymentservice,checkoutservice,0,0,0,0,0,0,0
2026-10-04T14:06:19Z,paymentservice,currencyservice,0,0,0,0,0,0,0
2026-10-04T14:06:19Z,paymentservice,emailservice,0,0,0,0,0,0,0
2026-10-04T14:06:19Z,paymentservice,frontend,0,0,0,0,0,0,0
2026-10-04T14:06:19Z,paymentservice,kubernetes,0,0,0,0,0,0,0
2026-10-04T14:06:19Z,paymentservice,paymentservice,0,0,0,0,0,0,0
2026-10-04T14:06:19Z,paymentservice,productcatalogservice,0,0,0,0,0,0,0
2026-10-04T14:06:19Z,paymentservice,recommendationservice,0,0,0,0,0,0,0
2026-10-04T14:06:19Z,paymentservice,redis-cart,0,0,0,0,0,0,0
2026-10-04T14:06:19Z,paymentservice,shippingservice,0,0,0,0,0,0,0
2026-10-04T14:06:19Z,productcatalogservice,adservice,0,0,0,0,0,0,0
2026-10-04T14:06:19Z,productcatalogservice,cartservice,0,0,0,0,0,0,0
2026-10-04T14:06:19Z,productcatalogservice,checkoutservice,0,0,0,0,0,0,0
2026-10-04T14:06:19Z,productcatalogservice,currencyservice,0,0,0,0,0,0,0
2026-10-04T14:06:19Z,productcatalogservice,emailservice,0,0,0,0,0,0,0
2026-10-04T14:06:19Z,productcatalogservice,frontend,0,0,0,0,0,0,0
2026-10-04T14:06:19Z,productcatalogservice,kubernetes,0,0,0,0,0,0,0
2026-10-04T14:06:19Z,productcatalogservice,paymentservice,0,0,0,0,0,0,0
2026-10-04T14:06:19Z,productcatalogservice,productcatalogservice,0,0,0,0,0,0,0
2026-10-04T14:06:19Z,productcatalogservice,recommendationservice,0,0,0,0,0,0,0
2026-10-04T14:06:19Z,productcatalogservice,redis-cart,0,0,0,0,0,0,0
2026-10-04T14:06:19Z,productcatalogservice,shippingservice,0,0,0,0,0,0,0
2026-10-04T14:06:19Z,recommendationservice,adservice,0,0,0,0,0,0,0
2026-10-04T14:06:19Z,recommendationservice,cartservice,0,0,0,0,0,0,0
2026-10-04T14:06:19Z,recommendationservice,checkoutservice,0,0,0,0,0,0,0
2026-10-04T14:06:19Z,recommendationservice,currencyservice,0,0,0,0,0,0,0
2026-10-04T14:06:19Z,recommendationservice,emailservice,0,0,0,0,0,0,0
2026-10-04T14:06:19Z,recommendationservice,frontend,0,0,0,0,0,0,0
2026-10-04T14:06:19Z,recommendationservice,kubernetes,0,0,0,0,0,0,0
2026-10-04T14:06:19Z,recommendationservice,paymentservice,0,0,0,0,0,0,0
2026-10-04T14:06:19Z,recommendationservice,productcatalogservice,69485,69475,0,0,0,558716,67623
2026-10-04T14:06:19Z,recommendationservice,recommendationservice,0,0,0,0,0,0,0
2026-10-04T14:06:19Z,recommendationservice,redis-cart,0,0,0,0,0,0,0
2026-10-04T14:06:19Z,recommendationservice,shippingservice,0,0,0,0,0,0,0
2026-10-04T14:06:19Z,redis-cart,adservice,0,0,0,0,0,0,0
2026-10-04T14:06:19Z,redis-cart,cartservice,0,0,0,0,0,0,0
2026-10-04T14:06:19Z,redis-cart,checkoutservice,0,0,0,0,0,0,0
2026-10-04T14:06:19Z,redis-cart,currencyservice,0,0,0,0,0,0,0
2026-10-04T14:06:19Z,redis-cart,emailservice,0,0,0,0,0,0,0
2026-10-04T14:06:19Z,redis-cart,frontend,0,0,0,0,0,0,0
2026-10-04T14:06:19Z,redis-cart,kubernetes,0,0,0,0,0,0,0
2026-10-04T14:06:19Z,redis-cart,paymentservice,0,0,0,0,0,0,0
2026-10-04T14:06:19Z,redis-cart,productcatalogservice,0,0,0,0,0,0,0
2026-10-04T14:06:19Z,redis-cart,recommendationservice,0,0,0,0,0,0,0
2026-10-04T14:06:19Z,redis-cart,redis-cart,0,0,0,0,0,0,0
2026-10-04T14:06:19Z,redis-cart,shippingservice,0,0,0,0,0,0,0
2026-10-04T14:06:19Z,shippingservice,adservice,0,0,0,0,0,0,0
2026-10-04T14:06:19Z,shippingservice,cartservice,0,0,0,0,0,0,0
2026-10-04T14:06:19Z,shippingservice,checkoutservice,0,0,0,0,0,0,0
2026-10-04T14:06:19Z,shippingservice,currencyservice,0,0,0,0,0,0,0
2026-10-04T14:06:19Z,shippingservice,emailservice,0,0,0,0,0,0,0
2026-10-04T14:06:19Z,shippingservice,frontend,0,0,0,0,0,0,0
2026-10-04T14:06:19Z,shippingservice,kubernetes,0,0,0,0,0,0,0
2026-10-04T14:06:19Z,shippingservice,paymentservice,0,0,0,0,0,0,0
2026-10-04T14:06:19Z,shippingservice,productcatalogservice,0,0,0,0,0,0,0
2026-10-04T14:06:19Z,shippingservice,recommendationservice,0,0,0,0,0,0,0
2026-10-04T14:06:19Z,shippingservice,redis-cart,0,0,0,0,0,0,0
2026-10-04T14:06:19Z,shippingservice,shippingservice,0,0,0,0,0,0,0
2026-10-04T14:06:20Z,adservice,adservice,0,0,0,0,0,0,0
2026-10-04T14:06:20Z,adservice,cartservice,0,0,0,0,0,0,0
2026-10-04T14:06:20Z,adservice,checkoutservice,0,0,0,0,0,0,0
2026-10-04T14:06:20Z,adservice,currencyservice,0,0,0,0,0,0,0
2026-10-04T14:06:20Z,adservice,emailservice,0,0,0,0,0,0,0
2026-10-04T14:06:20Z,adservice,frontend,0,0,0,0,0,0,0
2026-10-04T14:06:20Z,adservice,kubernetes,0,0,0,0,0,0,0
2026-10-04T14:06:20Z,adservice,paymentservice,0,0,0,0,0,0,0
2026-10-04T14:06:20Z,adservice,productcatalogservice,0,0,0,0,0,0,0
2026-10-04T14:06:20Z,adservice,recommendationservice,0,0,0,0,0,0,0
2026-10-04T14:06:20Z,adservice,redis-cart,0,0,0,0,0,0,0
2026-10-04T14:06:20Z,adservice,shippingservice,0,0,0,0,0,0,0
2026-10-04T14:06:20Z,cartservice,adservice,0,0,0,0,0,0,0
2026-10-04T14:06:20Z,cartservice,cartservice,0,0,0,0,0,0,0
2026-10-04T14:06:20Z,cartservice,checkoutservice,0,0,0,0,0,0,0
2026-10-04T14:06:20Z,cartservice,currencyservice,0,0,0,0,0,0,0
2026-10-04T14:06:20Z,cartservice,emailservice,0,0,0,0,0,0,0
2026-10-04T14:06:20Z,cartservice,frontend,0,0,0,0,0,0,0
2026-10-04T14:06:20Z,cartservice,kubernetes,0,0,0,0,0,0,0
2026-10-04T14:06:20Z,cartservice,paymentservice,0,0,0,0,0,0,0
2026-10-04T14:06:20Z,cartservice,productcatalogservice,0,0,0,0,0,0,0
2026-10-04T14:06:20Z,cartservice,recommendationservice,0,0,0,0,0,0,0
2026-10-04T14:06:20Z,cartservice,redis-cart,2,0,0,0,0,0,0
2026-10-04T14:06:20Z,cartservice,shippingservice,0,0,0,0,0,0,0
2026-10-04T14:06:20Z,checkoutservice,adservice,0,0,0,0,0,0,0
2026-10-04T14:06:20Z,checkoutservice,cartservice,33980,33209,0,81,0,484477,32467
2026-10-04T14:06:20Z,checkoutservice,checkoutservice,0,0,0,0,0,0,0
2026-10-04T14:06:20Z,checkoutservice,currencyservice,25893,25870,0,0,0,410323,25183
2026-10-04T14:06:20Z,checkoutservice,emailservice,2656,2399,0,61,0,120897,2398
2026-10-04T14:06:20Z,checkoutservice,frontend,0,0,0,0,0,0,0
2026-10-04T14:06:20Z,checkoutservice,kubernetes,0,0,0,0,0,0,0
2026-10-04T14:06:20Z,checkoutservice,paymentservice,20099,18663,0,143,0,305636,18042
2026-10-04T14:06:20Z,checkoutservice,productcatalogservice,0,0,0,0,0,0,0
2026-10-04T14:06:20Z,checkoutservice,recommendationservice,0,0,0,0,0,0,0
2026-10-04T14:06:20Z,checkoutservice,redis-cart,0,0,0,0,0,0,0
2026-10-04T14:06:20Z,checkoutservice,shippingservice,37701,35960,0,126,0,368252,35039
2026-10-04T14:06:20Z,currencyservice,adservice,0,0,0,0,0,0,0
2026-10-04T14:06:20Z,currencyservice,cartservice,0,0,0,0,0,0,0
2026-10-04T14:06:20Z,currencyservice,checkoutservice,0,0,0,0,0,0,0
2026-10-04T14:06:20Z,currencyservice,currencyservice,0,0,0,0,0,0,0
2026-10-04T14:06:20Z,currencyservice,emailservice,0,0,0,0,0,0,0
2026-10-04T14:06:20Z,currencyservice,frontend,0,0,0,0,0,0,0
2026-10-04T14:06:20Z,currencyservice,kubernetes,0,0,0,0,0,0,0
2026-10-04T14:06:20Z,currencyservice,paymentservice,0,0,0,0,0,0,0
2026-10-04T14:06:20Z,currencyservice,productcatalogservice,0,0,0,0,0,0,0
2026-10-04T14:06:20Z,currencyservice,recommendationservice,0,0,0,0,0,0,0
2026-10-04T14:06:20Z,currencyservice,redis-cart,0,0,0,0,0,0,0
2026-10-04T14:06:20Z,currencyservice,shippingservice,0,0,0,0,0,0,0
2026-10-04T14:06:20Z,emailservice,adservice,0,0,0,0,0,0,0
2026-10-04T14:06:20Z,emailservice,cartservice,0,0,0,0,0,0,0
2026-10-04T14:06:20Z,emailservice,checkoutservice,0,0,0,0,0,0,0
2026-10-04T14:06:20Z,emailservice,currencyservice,0,0,0,0,0,0,0
2026-10-04T14:06:20Z,emailservice,emailservice,0,0,0,0,0,0,0
2026-10-04T14:06:20Z,emailservice,frontend,0,0,0,0,0,0,0
2026-10-04T14:06:20Z,emailservice,kubernetes,0,0,0,0,0,0,0
2026-10-04T14:06:20Z,emailservice,paymentservice,0,0,0,0,0,0,0
2026-10-04T14:06:20Z,emailservice,productcatalogservice,0,0,0,0,0,0,0
2026-10-04T14:06:20Z,emailservice,recommendationservice,0,0,0,0,0,0,0
2026-10-04T14:06:20Z,emailservice,redis-cart,0,0,0,0,0,0,0
2026-10-04T14:06:20Z,emailservice,shippingservice,0,0,0,0,0,0,0
2026-10-04T14:06:20Z,frontend,adservice,817005,817000,0,0,0,2463545,816495
2026-10-04T14:06:20Z,frontend,cartservice,1804760,1804742,0,0,4,10058818,1803875
2026-10-04T14:06:20Z,frontend,checkoutservice,384820,179808,0,39041,165899,60591247,179759
2026-10-04T14:06:20Z,frontend,currencyservice,2870077,2870068,0,0,0,15261389,2868654
2026-10-04T14:06:20Z,frontend,emailservice,0,0,0,0,0,0,0
2026-10-04T14:06:20Z,frontend,frontend,0,0,0,0,0,0,0
2026-10-04T14:06:20Z,frontend,kubernetes,0,0,0,0,0,0,0
2026-10-04T14:06:20Z,frontend,paymentservice,0,0,0,0,0,0,0
2026-10-04T14:06:20Z,frontend,productcatalogservice,8084419,8084324,0,0,0,55324554,8079495
2026-10-04T14:06:20Z,frontend,recommendationservice,2594062,1594809,0,104145,892890,778996154,1593975
2026-10-04T14:06:20Z,frontend,redis-cart,0,0,0,0,0,0,0
2026-10-04T14:06:20Z,frontend,shippingservice,299617,299615,0,0,0,911381,299419
2026-10-04T14:06:20Z,paymentservice,adservice,0,0,0,0,0,0,0
2026-10-04T14:06:20Z,paymentservice,cartservice,0,0,0,0,0,0,0
2026-10-04T14:06:20Z,paymentservice,checkoutservice,0,0,0,0,0,0,0
2026-10-04T14:06:20Z,paymentservice,currencyservice,0,0,0,0,0,0,0
2026-10-04T14:06:20Z,paymentservice,emailservice,0,0,0,0,0,0,0
2026-10-04T14:06:20Z,paymentservice,frontend,0,0,0,0,0,0,0
2026-10-04T14:06:20Z,paymentservice,kubernetes,0,0,0,0,0,0,0
2026-10-04T14:06:20Z,paymentservice,paymentservice,0,0,0,0,0,0,0
2026-10-04T14:06:20Z,paymentservice,productcatalogservice,0,0,0,0,0,0,0
2026-10-04T14:06:20Z,paymentservice,recommendationservice,0,0,0,0,0,0,0
2026-10-04T14:06:20Z,paymentservice,redis-cart,0,0,0,0,0,0,0
2026-10-04T14:06:20Z,paymentservice,shippingservice,0,0,0,0,0,0,0
2026-10-04T14:06:20Z,productcatalogservice,adservice,0,0,0,0,0,0,0
2026-10-04T14:06:20Z,productcatalogservice,cartservice,0,0,0,0,0,0,0
2026-10-04T14:06:20Z,productcatalogservice,checkoutservice,0,0,0,0,0,0,0
2026-10-04T14:06:20Z,productcatalogservice,currencyservice,0,0,0,0,0,0,0
2026-10-04T14:06:20Z,productcatalogservice,emailservice,0,0,0,0,0,0,0
2026-10-04T14:06:20Z,productcatalogservice,frontend,0,0,0,0,0,0,0
2026-10-04T14:06:20Z,productcatalogservice,kubernetes,0,0,0,0,0,0,0
2026-10-04T14:06:20Z,productcatalogservice,paymentservice,0,0,0,0,0,0,0
2026-10-04T14:06:20Z,productcatalogservice,productcatalogservice,0,0,0,0,0,0,0
2026-10-04T14:06:20Z,productcatalogservice,recommendationservice,0,0,0,0,0,0,0
2026-10-04T14:06:20Z,productcatalogservice,redis-cart,0,0,0,0,0,0,0
2026-10-04T14:06:20Z,productcatalogservice,shippingservice,0,0,0,0,0,0,0
2026-10-04T14:06:20Z,recommendationservice,adservice,0,0,0,0,0,0,0
2026-10-04T14:06:20Z,recommendationservice,cartservice,0,0,0,0,0,0,0
2026-10-04T14:06:20Z,recommendationservice,checkoutservice,0,0,0,0,0,0,0
2026-10-04T14:06:20Z,recommendationservice,currencyservice,0,0,0,0,0,0,0
2026-10-04T14:06:20Z,recommendationservice,emailservice,0,0,0,0,0,0,0
2026-10-04T14:06:20Z,recommendationservice,frontend,0,0,0,0,0,0,0
2026-10-04T14:06:20Z,recommendationservice,kubernetes,0,0,0,0,0,0,0
2026-10-04T14:06:20Z,recommendationservice,paymentservice,0,0,0,0,0,0,0
2026-10-04T14:06:20Z,recommendationservice,productcatalogservice,69970,69964,0,0,0,577171,69792
2026-10-04T14:06:20Z,recommendationservice,recommendationservice,0,0,0,0,0,0,0
2026-10-04T14:06:20Z,recommendationservice,redis-cart,0,0,0,0,0,0,0
2026-10-04T14:06:20Z,recommendationservice,shippingservice,0,0,0,0,0,0,0
2026-10-04T14:06:20Z,redis-cart,adservice,0,0,0,0,0,0,0
2026-10-04T14:06:20Z,redis-cart,cartservice,0,0,0,0,0,0,0
2026-10-04T14:06:20Z,redis-cart,checkoutservice,0,0,0,0,0,0,0
2026-10-04T14:06:20Z,redis-cart,currencyservice,0,0,0,0,0,0,0
2026-10-04T14:06:20Z,redis-cart,emailservice,0,0,0,0,0,0,0
2026-10-04T14:06:20Z,redis-cart,frontend,0,0,0,0,0,0,0
2026-10-04T14:06:20Z,redis-cart,kubernetes,0,0,0,0,0,0,0
2026-10-04T14:06:20Z,redis-cart,paymentservice,0,0,0,0,0,0,0
2026-10-04T14:06:20Z,redis-cart,productcatalogservice,0,0,0,0,0,0,0
2026-10-04T14:06:20Z,redis-cart,recommendationservice,0,0,0,0,0,0,0
2026-10-04T14:06:20Z,redis-cart,redis-cart,0,0,0,0,0,0,0
2026-10-04T14:06:20Z,redis-cart,shippingservice,0,0,0,0,0,0,0
2026-10-04T14:06:20Z,shippingservice,adservice,0,0,0,0,0,0,0
2026-10-04T14:06:20Z,shippingservice,cartservice,0,0,0,0,0,0,0
2026-10-04T14:06:20Z,shippingservice,checkoutservice,0,0,0,0,0,0,0
2026-10-04T14:06:20Z,shippingservice,currencyservice,0,0,0,0,0,0,0
2026-10-04T14:06:20Z,shippingservice,emailservice,0,0,0,0,0,0,0
2026-10-04T14:06:20Z,shippingservice,frontend,0,0,0,0,0,0,0
2026-10-04T14:06:20Z,shippingservice,kubernetes,0,0,0,0,0,0,0
2026-10-04T14:06:20Z,shippingservice,paymentservice,0,0,0,0,0,0,0
2026-10-04T14:06:20Z,shippingservice,productcatalogservice,0,0,0,0,0,0,0
2026-10-04T14:06:20Z,shippingservice,recommendationservice,0,0,0,0,0,0,0
2026-10-04T14:06:20Z,shippingservice,redis-cart,0,0,0,0,0,0,0
2026-10-04T14:06:20Z,shippingservice,shippingservice,0,0,0,0,0,0,0
2026-10-04T14:06:21Z,adservice,adservice,0,0,0,0,0,0,0
2026-10-04T14:06:21Z,adservice,cartservice,0,0,0,0,0,0,0
2026-10-04T14:06:21Z,adservice,checkoutservice,0,0,0,0,0,0,0
2026-10-04T14:06:21Z,adservice,currencyservice,0,0,0,0,0,0,0
2026-10-04T14:06:21Z,adservice,emailservice,0,0,0,0,0,0,0
2026-10-04T14:06:21Z,adservice,frontend,0,0,0,0,0,0,0
2026-10-04T14:06:21Z,adservice,kubernetes,0,0,0,0,0,0,0
2026-10-04T14:06:21Z,adservice,paymentservice,0,0,0,0,0,0,0
2026-10-04T14:06:21Z,adservice,productcatalogservice,0,0,0,0,0,0,0
2026-10-04T14:06:21Z,adservice,recommendationservice,0,0,0,0,0,0,0
2026-10-04T14:06:21Z,adservice,redis-cart,0,0,0,0,0,0,0
2026-10-04T14:06:21Z,adservice,shippingservice,0,0,0,0,0,0,0
2026-10-04T14:06:21Z,cartservice,adservice,0,0,0,0,0,0,0
2026-10-04T14:06:21Z,cartservice,cartservice,0,0,0,0,0,0,0
2026-10-04T14:06:21Z,cartservice,checkoutservice,0,0,0,0,0,0,0
2026-10-04T14:06:21Z,cartservice,currencyservice,0,0,0,0,0,0,0
2026-10-04T14:06:21Z,cartservice,emailservice,0,0,0,0,0,0,0
2026-10-04T14:06:21Z,cartservice,frontend,0,0,0,0,0,0,0
2026-10-04T14:06:21Z,cartservice,kubernetes,0,0,0,0,0,0,0
2026-10-04T14:06:21Z,cartservice,paymentservice,0,0,0,0,0,0,0
2026-10-04T14:06:21Z,cartservice,productcatalogservice,0,0,0,0,0,0,0
2026-10-04T14:06:21Z,cartservice,recommendationservice,0,0,0,0,0,0,0
2026-10-04T14:06:21Z,cartservice,redis-cart,2,0,0,0,0,0,0
2026-10-04T14:06:21Z,cartservice,shippingservice,0,0,0,0,0,0,0
2026-10-04T14:06:21Z,checkoutservice,adservice,0,0,0,0,0,0,0
2026-10-04T14:06:21Z,checkoutservice,cartservice,34200,33414,0,81,0,484477,32467
2026-10-04T14:06:21Z,checkoutservice,checkoutservice,0,0,0,0,0,0,0
2026-10-04T14:06:21Z,checkoutservice,currencyservice,26101,26088,0,0,0,410323,25183
2026-10-04T14:06:21Z,checkoutservice,emailservice,2656,2399,0,61,0,120897,2398
2026-10-04T14:06:21Z,checkoutservice,frontend,0,0,0,0,0,0,0
2026-10-04T14:06:21Z,checkoutservice,kubernetes,0,0,0,0,0,0,0
2026-10-04T14:06:21Z,checkoutservice,paymentservice,20273,18818,0,144,0,305636,18042
2026-10-04T14:06:21Z,checkoutservice,productcatalogservice,0,0,0,0,0,0,0
2026-10-04T14:06:21Z,checkoutservice,recommendationservice,0,0,0,0,0,0,0
2026-10-04T14:06:21Z,checkoutservice,redis-cart,0,0,0,0,0,0,0
2026-10-04T14:06:21Z,checkoutservice,shippingservice,37961,36184,0,127,0,368252,35039
2026-10-04T14:06:21Z,currencyservice,adservice,0,0,0,0,0,0,0
2026-10-04T14:06:21Z,currencyservice,cartservice,0,0,0,0,0,0,0
2026-10-04T14:06:21Z,currencyservice,checkoutservice,0,0,0,0,0,0,0
2026-10-04T14:06:21Z,currencyservice,currencyservice,0,0,0,0,0,0,0
2026-10-04T14:06:21Z,currencyservice,emailservice,0,0,0,0,0,0,0
2026-10-04T14:06:21Z,currencyservice,frontend,0,0,0,0,0,0,0
2026-10-04T14:06:21Z,currencyservice,kubernetes,0,0,0,0,0,0,0
2026-10-04T14:06:21Z,currencyservice,paymentservice,0,0,0,0,0,0,0
2026-10-04T14:06:21Z,currencyservice,productcatalogservice,0,0,0,0,0,0,0
2026-10-04T14:06:21Z,currencyservice,recommendationservice,0,0,0,0,0,0,0
2026-10-04T14:06:21Z,currencyservice,redis-cart,0,0,0,0,0,0,0
2026-10-04T14:06:21Z,currencyservice,shippingservice,0,0,0,0,0,0,0
2026-10-04T14:06:21Z,emailservice,adservice,0,0,0,0,0,0,0
2026-10-04T14:06:21Z,emailservice,cartservice,0,0,0,0,0,0,0
2026-10-04T14:06:21Z,emailservice,checkoutservice,0,0,0,0,0,0,0
2026-10-04T14:06:21Z,emailservice,currencyservice,0,0,0,0,0,0,0
2026-10-04T14:06:21Z,emailservice,emailservice,0,0,0,0,0,0,0
2026-10-04T14:06:21Z,emailservice,frontend,0,0,0,0,0,0,0
2026-10-04T14:06:21Z,emailservice,kubernetes,0,0,0,0,0,0,0
2026-10-04T14:06:21Z,emailservice,paymentservice,0,0,0,0,0,0,0
2026-10-04T14:06:21Z,emailservice,productcatalogservice,0,0,0,0,0,0,0
2026-10-04T14:06:21Z,emailservice,recommendationservice,0,0,0,0,0,0,0
2026-10-04T14:06:21Z,emailservice,redis-cart,0,0,0,0,0,0,0
2026-10-04T14:06:21Z,emailservice,shippingservice,0,0,0,0,0,0,0
2026-10-04T14:06:21Z,frontend,adservice,817283,817277,0,0,0,2463545,816495
2026-10-04T14:06:21Z,frontend,cartservice,1805244,1805231,0,0,4,10058818,1803875
2026-10-04T14:06:21Z,frontend,checkoutservice,385017,179845,0,39067,166047,60591247,179759
2026-10-04T14:06:21Z,frontend,currencyservice,2870868,2870857,0,0,0,15261389,2868654
2026-10-04T14:06:21Z,frontend,emailservice,0,0,0,0,0,0,0
2026-10-04T14:06:21Z,frontend,frontend,0,0,0,0,0,0,0
2026-10-04T14:06:21Z,frontend,kubernetes,0,0,0,0,0,0,0
2026-10-04T14:06:21Z,frontend,paymentservice,0,0,0,0,0,0,0
2026-10-04T14:06:21Z,frontend,productcatalogservice,8086974,8086895,0,0,0,55324554,8079495
2026-10-04T14:06:21Z,frontend,recommendationservice,2594509,1595238,0,104145,892890,778996154,1593975
2026-10-04T14:06:21Z,frontend,redis-cart,0,0,0,0,0,0,0
2026-10-04T14:06:21Z,frontend,shippingservice,299728,299726,0,0,0,911381,299419
2026-10-04T14:06:21Z,paymentservice,adservice,0,0,0,0,0,0,0
2026-10-04T14:06:21Z,paymentservice,cartservice,0,0,0,0,0,0,0
2026-10-04T14:06:21Z,paymentservice,checkoutservice,0,0,0,0,0,0,0
2026-10-04T14:06:21Z,paymentservice,currencyservice,0,0,0,0,0,0,0
2026-10-04T14:06:21Z,paymentservice,emailservice,0,0,0,0,0,0,0
2026-10-04T14:06:21Z,paymentservice,frontend,0,0,0,0,0,0,0
2026-10-04T14:06:21Z,paymentservice,kubernetes,0,0,0,0,0,0,0
2026-10-04T14:06:21Z,paymentservice,paymentservice,0,0,0,0,0,0,0
2026-10-04T14:06:21Z,paymentservice,productcatalogservice,0,0,0,0,0,0,0
2026-10-04T14:06:21Z,paymentservice,recommendationservice,0,0,0,0,0,0,0
2026-10-04T14:06:21Z,paymentservice,redis-cart,0,0,0,0,0,0,0
2026-10-04T14:06:21Z,paymentservice,shippingservice,0,0,0,0,0,0,0
2026-10-04T14:06:21Z,productcatalogservice,adservice,0,0,0,0,0,0,0
2026-10-04T14:06:21Z,productcatalogservice,cartservice,0,0,0,0,0,0,0
2026-10-04T14:06:21Z,productcatalogservice,checkoutservice,0,0,0,0,0,0,0
2026-10-04T14:06:21Z,productcatalogservice,currencyservice,0,0,0,0,0,0,0
2026-10-04T14:06:21Z,productcatalogservice,emailservice,0,0,0,0,0,0,0
2026-10-04T14:06:21Z,productcatalogservice,frontend,0,0,0,0,0,0,0
2026-10-04T14:06:21Z,productcatalogservice,kubernetes,0,0,0,0,0,0,0
2026-10-04T14:06:21Z,productcatalogservice,paymentservice,0,0,0,0,0,0,0
2026-10-04T14:06:21Z,productcatalogservice,productcatalogservice,0,0,0,0,0,0,0
2026-10-04T14:06:21Z,productcatalogservice,recommendationservice,0,0,0,0,0,0,0
2026-10-04T14:06:21Z,productcatalogservice,redis-cart,0,0,0,0,0,0,0
2026-10-04T14:06:21Z,productcatalogservice,shippingservice,0,0,0,0,0,0,0
2026-10-04T14:06:21Z,recommendationservice,adservice,0,0,0,0,0,0,0
2026-10-04T14:06:21Z,recommendationservice,cartservice,0,0,0,0,0,0,0
2026-10-04T14:06:21Z,recommendationservice,checkoutservice,0,0,0,0,0,0,0
2026-10-04T14:06:21Z,recommendationservice,currencyservice,0,0,0,0,0,0,0
2026-10-04T14:06:21Z,recommendationservice,emailservice,0,0,0,0,0,0,0
2026-10-04T14:06:21Z,recommendationservice,frontend,0,0,0,0,0,0,0
2026-10-04T14:06:21Z,recommendationservice,kubernetes,0,0,0,0,0,0,0
2026-10-04T14:06:21Z,recommendationservice,paymentservice,0,0,0,0,0,0,0
2026-10-04T14:06:21Z,recommendationservice,productcatalogservice,70364,70355,0,0,0,577171,69792
2026-10-04T14:06:21Z,recommendationservice,recommendationservice,0,0,0,0,0,0,0
2026-10-04T14:06:21Z,recommendationservice,redis-cart,0,0,0,0,0,0,0
2026-10-04T14:06:21Z,recommendationservice,shippingservice,0,0,0,0,0,0,0
2026-10-04T14:06:21Z,redis-cart,adservice,0,0,0,0,0,0,0
2026-10-04T14:06:21Z,redis-cart,cartservice,0,0,0,0,0,0,0
2026-10-04T14:06:21Z,redis-cart,checkoutservice,0,0,0,0,0,0,0
2026-10-04T14:06:21Z,redis-cart,currencyservice,0,0,0,0,0,0,0
2026-10-04T14:06:21Z,redis-cart,emailservice,0,0,0,0,0,0,0
2026-10-04T14:06:21Z,redis-cart,frontend,0,0,0,0,0,0,0
2026-10-04T14:06:21Z,redis-cart,kubernetes,0,0,0,0,0,0,0
2026-10-04T14:06:21Z,redis-cart,paymentservice,0,0,0,0,0,0,0
2026-10-04T14:06:21Z,redis-cart,productcatalogservice,0,0,0,0,0,0,0
2026-10-04T14:06:21Z,redis-cart,recommendationservice,0,0,0,0,0,0,0
2026-10-04T14:06:21Z,redis-cart,redis-cart,0,0,0,0,0,0,0
2026-10-04T14:06:21Z,redis-cart,shippingservice,0,0,0,0,0,0,0
2026-10-04T14:06:21Z,shippingservice,adservice,0,0,0,0,0,0,0
2026-10-04T14:06:21Z,shippingservice,cartservice,0,0,0,0,0,0,0
2026-10-04T14:06:21Z,shippingservice,checkoutservice,0,0,0,0,0,0,0
2026-10-04T14:06:21Z,shippingservice,currencyservice,0,0,0,0,0,0,0
2026-10-04T14:06:21Z,shippingservice,emailservice,0,0,0,0,0,0,0
2026-10-04T14:06:21Z,shippingservice,frontend,0,0,0,0,0,0,0
2026-10-04T14:06:21Z,shippingservice,kubernetes,0,0,0,0,0,0,0
2026-10-04T14:06:21Z,shippingservice,paymentservice,0,0,0,0,0,0,0
2026-10-04T14:06:21Z,shippingservice,productcatalogservice,0,0,0,0,0,0,0
2026-10-04T14:06:21Z,shippingservice,recommendationservice,0,0,0,0,0,0,0
2026-10-04T14:06:21Z,shippingservice,redis-cart,0,0,0,0,0,0,0
2026-10-04T14:06:21Z,shippingservice,shippingservice,0,0,0,0,0,0,0
2026-10-04T14:06:22Z,adservice,adservice,0,0,0,0,0,0,0
2026-10-04T14:06:22Z,adservice,cartservice,0,0,0,0,0,0,0
2026-10-04T14:06:22Z,adservice,checkoutservice,0,0,0,0,0,0,0
2026-10-04T14:06:22Z,adservice,currencyservice,0,0,0,0,0,0,0
2026-10-04T14:06:22Z,adservice,emailservice,0,0,0,0,0,0,0
2026-10-04T14:06:22Z,adservice,frontend,0,0,0,0,0,0,0
2026-10-04T14:06:22Z,adservice,kubernetes,0,0,0,0,0,0,0
2026-10-04T14:06:22Z,adservice,paymentservice,0,0,0,0,0,0,0
2026-10-04T14:06:22Z,adservice,productcatalogservice,0,0,0,0,0,0,0
2026-10-04T14:06:22Z,adservice,recommendationservice,0,0,0,0,0,0,0
2026-10-04T14:06:22Z,adservice,redis-cart,0,0,0,0,0,0,0
2026-10-04T14:06:22Z,adservice,shippingservice,0,0,0,0,0,0,0
2026-10-04T14:06:22Z,cartservice,adservice,0,0,0,0,0,0,0
2026-10-04T14:06:22Z,cartservice,cartservice,0,0,0,0,0,0,0
2026-10-04T14:06:22Z,cartservice,checkoutservice,0,0,0,0,0,0,0
2026-10-04T14:06:22Z,cartservice,currencyservice,0,0,0,0,0,0,0
2026-10-04T14:06:22Z,cartservice,emailservice,0,0,0,0,0,0,0
2026-10-04T14:06:22Z,cartservice,frontend,0,0,0,0,0,0,0
2026-10-04T14:06:22Z,cartservice,kubernetes,0,0,0,0,0,0,0
2026-10-04T14:06:22Z,cartservice,paymentservice,0,0,0,0,0,0,0
2026-10-04T14:06:22Z,cartservice,productcatalogservice,0,0,0,0,0,0,0
2026-10-04T14:06:22Z,cartservice,recommendationservice,0,0,0,0,0,0,0
2026-10-04T14:06:22Z,cartservice,redis-cart,2,0,0,0,0,0,0
2026-10-04T14:06:22Z,cartservice,shippingservice,0,0,0,0,0,0,0
2026-10-04T14:06:22Z,checkoutservice,adservice,0,0,0,0,0,0,0
2026-10-04T14:06:22Z,checkoutservice,cartservice,34387,33614,0,81,0,502647,33523
2026-10-04T14:06:22Z,checkoutservice,checkoutservice,0,0,0,0,0,0,0
2026-10-04T14:06:22Z,checkoutservice,currencyservice,26302,26302,0,0,0,428456,26207
2026-10-04T14:06:22Z,checkoutservice,emailservice,2656,2399,0,61,0,120907,2399
2026-10-04T14:06:22Z,checkoutservice,frontend,0,0,0,0,0,0,0
2026-10-04T14:06:22Z,checkoutservice,kubernetes,0,0,0,0,0,0,0
2026-10-04T14:06:22Z,checkoutservice,paymentservice,20449,18992,0,144,0,321402,18834
2026-10-04T14:06:22Z,checkoutservice,productcatalogservice,0,0,0,0,0,0,0
2026-10-04T14:06:22Z,checkoutservice,recommendationservice,0,0,0,0,0,0,0
2026-10-04T14:06:22Z,checkoutservice,redis-cart,0,0,0,0,0,0,0
2026-10-04T14:06:22Z,checkoutservice,shippingservice,38219,36451,0,128,0,383074,36326
2026-10-04T14:06:22Z,currencyservice,adservice,0,0,0,0,0,0,0
2026-10-04T14:06:22Z,currencyservice,cartservice,0,0,0,0,0,0,0
2026-10-04T14:06:22Z,currencyservice,checkoutservice,0,0,0,0,0,0,0
2026-10-04T14:06:22Z,currencyservice,currencyservice,0,0,0,0,0,0,0
2026-10-04T14:06:22Z,currencyservice,emailservice,0,0,0,0,0,0,0
2026-10-04T14:06:22Z,currencyservice,frontend,0,0,0,0,0,0,0
2026-10-04T14:06:22Z,currencyservice,kubernetes,0,0,0,0,0,0,0
2026-10-04T14:06:22Z,currencyservice,paymentservice,0,0,0,0,0,0,0
2026-10-04T14:06:22Z,currencyservice,productcatalogservice,0,0,0,0,0,0,0
2026-10-04T14:06:22Z,currencyservice,recommendationservice,0,0,0,0,0,0,0
2026-10-04T14:06:22Z,currencyservice,redis-cart,0,0,0,0,0,0,0
2026-10-04T14:06:22Z,currencyservice,shippingservice,0,0,0,0,0,0,0
2026-10-04T14:06:22Z,emailservice,adservice,0,0,0,0,0,0,0
2026-10-04T14:06:22Z,emailservice,cartservice,0,0,0,0,0,0,0
2026-10-04T14:06:22Z,emailservice,checkoutservice,0,0,0,0,0,0,0
2026-10-04T14:06:22Z,emailservice,currencyservice,0,0,0,0,0,0,0
2026-10-04T14:06:22Z,emailservice,emailservice,0,0,0,0,0,0,0
2026-10-04T14:06:22Z,emailservice,frontend,0,0,0,0,0,0,0
2026-10-04T14:06:22Z,emailservice,kubernetes,0,0,0,0,0,0,0
2026-10-04T14:06:22Z,emailservice,paymentservice,0,0,0,0,0,0,0
2026-10-04T14:06:22Z,emailservice,productcatalogservice,0,0,0,0,0,0,0
2026-10-04T14:06:22Z,emailservice,recommendationservice,0,0,0,0,0,0,0
2026-10-04T14:06:22Z,emailservice,redis-cart,0,0,0,0,0,0,0
2026-10-04T14:06:22Z,emailservice,shippingservice,0,0,0,0,0,0,0
2026-10-04T14:06:22Z,frontend,adservice,817558,817555,0,0,0,2463545,816495
2026-10-04T14:06:22Z,frontend,cartservice,1805721,1805706,0,0,4,10058818,1803875
2026-10-04T14:06:22Z,frontend,checkoutservice,385246,179863,0,39114,166203,60591247,179759
2026-10-04T14:06:22Z,frontend,currencyservice,2871621,2871608,0,0,0,15261389,2868654
2026-10-04T14:06:22Z,frontend,emailservice,0,0,0,0,0,0,0
2026-10-04T14:06:22Z,frontend,frontend,0,0,0,0,0,0,0
2026-10-04T14:06:22Z,frontend,kubernetes,0,0,0,0,0,0,0
2026-10-04T14:06:22Z,frontend,paymentservice,0,0,0,0,0,0,0
2026-10-04T14:06:22Z,frontend,productcatalogservice,8089572,8089494,0,0,0,55324554,8079495
2026-10-04T14:06:22Z,frontend,recommendationservice,2594955,1595686,0,104145,892890,778996154,1593975
2026-10-04T14:06:22Z,frontend,redis-cart,0,0,0,0,0,0,0
2026-10-04T14:06:22Z,frontend,shippingservice,299824,299822,0,0,0,911381,299419
2026-10-04T14:06:22Z,paymentservice,adservice,0,0,0,0,0,0,0
2026-10-04T14:06:22Z,paymentservice,cartservice,0,0,0,0,0,0,0
2026-10-04T14:06:22Z,paymentservice,checkoutservice,0,0,0,0,0,0,0
2026-10-04T14:06:22Z,paymentservice,currencyservice,0,0,0,0,0,0,0
2026-10-04T14:06:22Z,paymentservice,emailservice,0,0,0,0,0,0,0
2026-10-04T14:06:22Z,paymentservice,frontend,0,0,0,0,0,0,0
2026-10-04T14:06:22Z,paymentservice,kubernetes,0,0,0,0,0,0,0
2026-10-04T14:06:22Z,paymentservice,paymentservice,0,0,0,0,0,0,0
2026-10-04T14:06:22Z,paymentservice,productcatalogservice,0,0,0,0,0,0,0
2026-10-04T14:06:22Z,paymentservice,recommendationservice,0,0,0,0,0,0,0
2026-10-04T14:06:22Z,paymentservice,redis-cart,0,0,0,0,0,0,0
2026-10-04T14:06:22Z,paymentservice,shippingservice,0,0,0,0,0,0,0
2026-10-04T14:06:22Z,productcatalogservice,adservice,0,0,0,0,0,0,0
2026-10-04T14:06:22Z,productcatalogservice,cartservice,0,0,0,0,0,0,0
2026-10-04T14:06:22Z,productcatalogservice,checkoutservice,0,0,0,0,0,0,0
2026-10-04T14:06:22Z,productcatalogservice,currencyservice,0,0,0,0,0,0,0
2026-10-04T14:06:22Z,productcatalogservice,emailservice,0,0,0,0,0,0,0
2026-10-04T14:06:22Z,productcatalogservice,frontend,0,0,0,0,0,0,0
2026-10-04T14:06:22Z,productcatalogservice,kubernetes,0,0,0,0,0,0,0
2026-10-04T14:06:22Z,productcatalogservice,paymentservice,0,0,0,0,0,0,0
2026-10-04T14:06:22Z,productcatalogservice,productcatalogservice,0,0,0,0,0,0,0
2026-10-04T14:06:22Z,productcatalogservice,recommendationservice,0,0,0,0,0,0,0
2026-10-04T14:06:22Z,productcatalogservice,redis-cart,0,0,0,0,0,0,0
2026-10-04T14:06:22Z,productcatalogservice,shippingservice,0,0,0,0,0,0,0
2026-10-04T14:06:22Z,recommendationservice,adservice,0,0,0,0,0,0,0
2026-10-04T14:06:22Z,recommendationservice,cartservice,0,0,0,0,0,0,0
2026-10-04T14:06:22Z,recommendationservice,checkoutservice,0,0,0,0,0,0,0
2026-10-04T14:06:22Z,recommendationservice,currencyservice,0,0,0,0,0,0,0
2026-10-04T14:06:22Z,recommendationservice,emailservice,0,0,0,0,0,0,0
2026-10-04T14:06:22Z,recommendationservice,frontend,0,0,0,0,0,0,0
2026-10-04T14:06:22Z,recommendationservice,kubernetes,0,0,0,0,0,0,0
2026-10-04T14:06:22Z,recommendationservice,paymentservice,0,0,0,0,0,0,0
2026-10-04T14:06:22Z,recommendationservice,productcatalogservice,70814,70814,0,0,0,577171,69792
2026-10-04T14:06:22Z,recommendationservice,recommendationservice,0,0,0,0,0,0,0
2026-10-04T14:06:22Z,recommendationservice,redis-cart,0,0,0,0,0,0,0
2026-10-04T14:06:22Z,recommendationservice,shippingservice,0,0,0,0,0,0,0
2026-10-04T14:06:22Z,redis-cart,adservice,0,0,0,0,0,0,0
2026-10-04T14:06:22Z,redis-cart,cartservice,0,0,0,0,0,0,0
2026-10-04T14:06:22Z,redis-cart,checkoutservice,0,0,0,0,0,0,0
2026-10-04T14:06:22Z,redis-cart,currencyservice,0,0,0,0,0,0,0
2026-10-04T14:06:22Z,redis-cart,emailservice,0,0,0,0,0,0,0
2026-10-04T14:06:22Z,redis-cart,frontend,0,0,0,0,0,0,0
2026-10-04T14:06:22Z,redis-cart,kubernetes,0,0,0,0,0,0,0
2026-10-04T14:06:22Z,redis-cart,paymentservice,0,0,0,0,0,0,0
2026-10-04T14:06:22Z,redis-cart,productcatalogservice,0,0,0,0,0,0,0
2026-10-04T14:06:22Z,redis-cart,recommendationservice,0,0,0,0,0,0,0
2026-10-04T14:06:22Z,redis-cart,redis-cart,0,0,0,0,0,0,0
2026-10-04T14:06:22Z,redis-cart,shippingservice,0,0,0,0,0,0,0
2026-10-04T14:06:22Z,shippingservice,adservice,0,0,0,0,0,0,0
2026-10-04T14:06:22Z,shippingservice,cartservice,0,0,0,0,0,0,0
2026-10-04T14:06:22Z,shippingservice,checkoutservice,0,0,0,0,0,0,0
2026-10-04T14:06:22Z,shippingservice,currencyservice,0,0,0,0,0,0,0
2026-10-04T14:06:22Z,shippingservice,emailservice,0,0,0,0,0,0,0
2026-10-04T14:06:22Z,shippingservice,frontend,0,0,0,0,0,0,0
2026-10-04T14:06:22Z,shippingservice,kubernetes,0,0,0,0,0,0,0
2026-10-04T14:06:22Z,shippingservice,paymentservice,0,0,0,0,0,0,0
2026-10-04T14:06:22Z,shippingservice,productcatalogservice,0,0,0,0,0,0,0
2026-10-04T14:06:22Z,shippingservice,recommendationservice,0,0,0,0,0,0,0
2026-10-04T14:06:22Z,shippingservice,redis-cart,0,0,0,0,0,0,0
2026-10-04T14:06:22Z,shippingservice,shippingservice,0,0,0,0,0,0,0
2026-10-04T14:06:23Z,adservice,adservice,0,0,0,0,0,0,0
2026-10-04T14:06:23Z,adservice,cartservice,0,0,0,0,0,0,0
2026-10-04T14:06:23Z,adservice,checkoutservice,0,0,0,0,0,0,0
2026-10-04T14:06:23Z,adservice,currencyservice,0,0,0,0,0,0,0
2026-10-04T14:06:23Z,adservice,emailservice,0,0,0,0,0,0,0
2026-10-04T14:06:23Z,adservice,frontend,0,0,0,0,0,0,0
2026-10-04T14:06:23Z,adservice,kubernetes,0,0,0,0,0,0,0
2026-10-04T14:06:23Z,adservice,paymentservice,0,0,0,0,0,0,0
2026-10-04T14:06:23Z,adservice,productcatalogservice,0,0,0,0,0,0,0
2026-10-04T14:06:23Z,adservice,recommendationservice,0,0,0,0,0,0,0
2026-10-04T14:06:23Z,adservice,redis-cart,0,0,0,0,0,0,0
2026-10-04T14:06:23Z,adservice,shippingservice,0,0,0,0,0,0,0
2026-10-04T14:06:23Z,cartservice,adservice,0,0,0,0,0,0,0
2026-10-04T14:06:23Z,cartservice,cartservice,0,0,0,0,0,0,0
2026-10-04T14:06:23Z,cartservice,checkoutservice,0,0,0,0,0,0,0
2026-10-04T14:06:23Z,cartservice,currencyservice,0,0,0,0,0,0,0
2026-10-04T14:06:23Z,cartservice,emailservice,0,0,0,0,0,0,0
2026-10-04T14:06:23Z,cartservice,frontend,0,0,0,0,0,0,0
2026-10-04T14:06:23Z,cartservice,kubernetes,0,0,0,0,0,0,0
2026-10-04T14:06:23Z,cartservice,paymentservice,0,0,0,0,0,0,0
2026-10-04T14:06:23Z,cartservice,productcatalogservice,0,0,0,0,0,0,0
2026-10-04T14:06:23Z,cartservice,recommendationservice,0,0,0,0,0,0,0
2026-10-04T14:06:23Z,cartservice,redis-cart,2,0,0,0,0,0,0
2026-10-04T14:06:23Z,cartservice,shippingservice,0,0,0,0,0,0,0
2026-10-04T14:06:23Z,checkoutservice,adservice,0,0,0,0,0,0,0
2026-10-04T14:06:23Z,checkoutservice,cartservice,34643,33863,0,82,0,502647,33523
2026-10-04T14:06:23Z,checkoutservice,checkoutservice,0,0,0,0,0,0,0
2026-10-04T14:06:23Z,checkoutservice,currencyservice,26483,26468,0,0,0,428456,26207
2026-10-04T14:06:23Z,checkoutservice,emailservice,2657,2399,0,61,0,120907,2399
2026-10-04T14:06:23Z,checkoutservice,frontend,0,0,0,0,0,0,0
2026-10-04T14:06:23Z,checkoutservice,kubernetes,0,0,0,0,0,0,0
2026-10-04T14:06:23Z,checkoutservice,paymentservice,20596,19124,0,145,0,321402,18834
2026-10-04T14:06:23Z,checkoutservice,productcatalogservice,0,0,0,0,0,0,0
2026-10-04T14:06:23Z,checkoutservice,recommendationservice,0,0,0,0,0,0,0
2026-10-04T14:06:23Z,checkoutservice,redis-cart,0,0,0,0,0,0,0
2026-10-04T14:06:23Z,checkoutservice,shippingservice,38525,36746,0,128,0,383074,36326
2026-10-04T14:06:23Z,currencyservice,adservice,0,0,0,0,0,0,0
2026-10-04T14:06:23Z,currencyservice,cartservice,0,0,0,0,0,0,0
2026-10-04T14:06:23Z,currencyservice,checkoutservice,0,0,0,0,0,0,0
2026-10-04T14:06:23Z,currencyservice,currencyservice,0,0,0,0,0,0,0
2026-10-04T14:06:23Z,currencyservice,emailservice,0,0,0,0,0,0,0
2026-10-04T14:06:23Z,currencyservice,frontend,0,0,0,0,0,0,0
2026-10-04T14:06:23Z,currencyservice,kubernetes,0,0,0,0,0,0,0
2026-10-04T14:06:23Z,currencyservice,paymentservice,0,0,0,0,0,0,0
2026-10-04T14:06:23Z,currencyservice,productcatalogservice,0,0,0,0,0,0,0
2026-10-04T14:06:23Z,currencyservice,recommendationservice,0,0,0,0,0,0,0
2026-10-04T14:06:23Z,currencyservice,redis-cart,0,0,0,0,0,0,0
2026-10-04T14:06:23Z,currencyservice,shippingservice,0,0,0,0,0,0,0
2026-10-04T14:06:23Z,emailservice,adservice,0,0,0,0,0,0,0
2026-10-04T14:06:23Z,emailservice,cartservice,0,0,0,0,0,0,0
2026-10-04T14:06:23Z,emailservice,checkoutservice,0,0,0,0,0,0,0
2026-10-04T14:06:23Z,emailservice,currencyservice,0,0,0,0,0,0,0
2026-10-04T14:06:23Z,emailservice,emailservice,0,0,0,0,0,0,0
2026-10-04T14:06:23Z,emailservice,frontend,0,0,0,0,0,0,0
2026-10-04T14:06:23Z,emailservice,kubernetes,0,0,0,0,0,0,0
2026-10-04T14:06:23Z,emailservice,paymentservice,0,0,0,0,0,0,0
2026-10-04T14:06:23Z,emailservice,productcatalogservice,0,0,0,0,0,0,0
2026-10-04T14:06:23Z,emailservice,recommendationservice,0,0,0,0,0,0,0
2026-10-04T14:06:23Z,emailservice,redis-cart,0,0,0,0,0,0,0
2026-10-04T14:06:23Z,emailservice,shippingservice,0,0,0,0,0,0,0
2026-10-04T14:06:23Z,frontend,adservice,817825,817823,0,0,0,2464406,816790
2026-10-04T14:06:23Z,frontend,cartservice,1806175,1806159,0,0,4,10062136,1804372
2026-10-04T14:06:23Z,frontend,checkoutservice,385483,179878,0,39156,166384,60628117,179786
2026-10-04T14:06:23Z,frontend,currencyservice,2872342,2872333,0,0,0,15266788,2869447
2026-10-04T14:06:23Z,frontend,emailservice,0,0,0,0,0,0,0
2026-10-04T14:06:23Z,frontend,frontend,0,0,0,0,0,0,0
2026-10-04T14:06:23Z,frontend,kubernetes,0,0,0,0,0,0,0
2026-10-04T14:06:23Z,frontend,paymentservice,0,0,0,0,0,0,0
2026-10-04T14:06:23Z,frontend,productcatalogservice,8092037,8091958,0,0,0,55348877,8082194
2026-10-04T14:06:23Z,frontend,recommendationservice,2595371,1596111,0,104145,892890,779044623,1594439
2026-10-04T14:06:23Z,frontend,redis-cart,0,0,0,0,0,0,0
2026-10-04T14:06:23Z,frontend,shippingservice,299922,299920,0,0,0,911737,299523
2026-10-04T14:06:23Z,paymentservice,adservice,0,0,0,0,0,0,0
2026-10-04T14:06:23Z,paymentservice,cartservice,0,0,0,0,0,0,0
2026-10-04T14:06:23Z,paymentservice,checkoutservice,0,0,0,0,0,0,0
2026-10-04T14:06:23Z,paymentservice,currencyservice,0,0,0,0,0,0,0
2026-10-04T14:06:23Z,paymentservice,emailservice,0,0,0,0,0,0,0
2026-10-04T14:06:23Z,paymentservice,frontend,0,0,0,0,0,0,0
2026-10-04T14:06:23Z,paymentservice,kubernetes,0,0,0,0,0,0,0
2026-10-04T14:06:23Z,paymentservice,paymentservice,0,0,0,0,0,0,0
2026-10-04T14:06:23Z,paymentservice,productcatalogservice,0,0,0,0,0,0,0
2026-10-04T14:06:23Z,paymentservice,recommendationservice,0,0,0,0,0,0,0
2026-10-04T14:06:23Z,paymentservice,redis-cart,0,0,0,0,0,0,0
2026-10-04T14:06:23Z,paymentservice,shippingservice,0,0,0,0,0,0,0
2026-10-04T14:06:23Z,productcatalogservice,adservice,0,0,0,0,0,0,0
2026-10-04T14:06:23Z,productcatalogservice,cartservice,0,0,0,0,0,0,0
2026-10-04T14:06:23Z,productcatalogservice,checkoutservice,0,0,0,0,0,0,0
2026-10-04T14:06:23Z,productcatalogservice,currencyservice,0,0,0,0,0,0,0
2026-10-04T14:06:23Z,productcatalogservice,emailservice,0,0,0,0,0,0,0
2026-10-04T14:06:23Z,productcatalogservice,frontend,0,0,0,0,0,0,0
2026-10-04T14:06:23Z,productcatalogservice,kubernetes,0,0,0,0,0,0,0
2026-10-04T14:06:23Z,productcatalogservice,paymentservice,0,0,0,0,0,0,0
2026-10-04T14:06:23Z,productcatalogservice,productcatalogservice,0,0,0,0,0,0,0
2026-10-04T14:06:23Z,productcatalogservice,recommendationservice,0,0,0,0,0,0,0
2026-10-04T14:06:23Z,productcatalogservice,redis-cart,0,0,0,0,0,0,0
2026-10-04T14:06:23Z,productcatalogservice,shippingservice,0,0,0,0,0,0,0
2026-10-04T14:06:23Z,recommendationservice,adservice,0,0,0,0,0,0,0
2026-10-04T14:06:23Z,recommendationservice,cartservice,0,0,0,0,0,0,0
2026-10-04T14:06:23Z,recommendationservice,checkoutservice,0,0,0,0,0,0,0
2026-10-04T14:06:23Z,recommendationservice,currencyservice,0,0,0,0,0,0,0
2026-10-04T14:06:23Z,recommendationservice,emailservice,0,0,0,0,0,0,0
2026-10-04T14:06:23Z,recommendationservice,frontend,0,0,0,0,0,0,0
2026-10-04T14:06:23Z,recommendationservice,kubernetes,0,0,0,0,0,0,0
2026-10-04T14:06:23Z,recommendationservice,paymentservice,0,0,0,0,0,0,0
2026-10-04T14:06:23Z,recommendationservice,productcatalogservice,71265,71255,0,0,0,577171,69792
2026-10-04T14:06:23Z,recommendationservice,recommendationservice,0,0,0,0,0,0,0
2026-10-04T14:06:23Z,recommendationservice,redis-cart,0,0,0,0,0,0,0
2026-10-04T14:06:23Z,recommendationservice,shippingservice,0,0,0,0,0,0,0
2026-10-04T14:06:23Z,redis-cart,adservice,0,0,0,0,0,0,0
2026-10-04T14:06:23Z,redis-cart,cartservice,0,0,0,0,0,0,0
2026-10-04T14:06:23Z,redis-cart,checkoutservice,0,0,0,0,0,0,0
2026-10-04T14:06:23Z,redis-cart,currencyservice,0,0,0,0,0,0,0
2026-10-04T14:06:23Z,redis-cart,emailservice,0,0,0,0,0,0,0
2026-10-04T14:06:23Z,redis-cart,frontend,0,0,0,0,0,0,0
2026-10-04T14:06:23Z,redis-cart,kubernetes,0,0,0,0,0,0,0
2026-10-04T14:06:23Z,redis-cart,paymentservice,0,0,0,0,0,0,0
2026-10-04T14:06:23Z,redis-cart,productcatalogservice,0,0,0,0,0,0,0
2026-10-04T14:06:23Z,redis-cart,recommendationservice,0,0,0,0,0,0,0
2026-10-04T14:06:23Z,redis-cart,redis-cart,0,0,0,0,0,0,0
2026-10-04T14:06:23Z,redis-cart,shippingservice,0,0,0,0,0,0,0
2026-10-04T14:06:23Z,shippingservice,adservice,0,0,0,0,0,0,0
2026-10-04T14:06:23Z,shippingservice,cartservice,0,0,0,0,0,0,0
2026-10-04T14:06:23Z,shippingservice,checkoutservice,0,0,0,0,0,0,0
2026-10-04T14:06:23Z,shippingservice,currencyservice,0,0,0,0,0,0,0
2026-10-04T14:06:23Z,shippingservice,emailservice,0,0,0,0,0,0,0
2026-10-04T14:06:23Z,shippingservice,frontend,0,0,0,0,0,0,0
2026-10-04T14:06:23Z,shippingservice,kubernetes,0,0,0,0,0,0,0
2026-10-04T14:06:23Z,shippingservice,paymentservice,0,0,0,0,0,0,0
2026-10-04T14:06:23Z,shippingservice,productcatalogservice,0,0,0,0,0,0,0
2026-10-04T14:06:23Z,shippingservice,recommendationservice,0,0,0,0,0,0,0
2026-10-04T14:06:23Z,shippingservice,redis-cart,0,0,0,0,0,0,0
2026-10-04T14:06:23Z,shippingservice,shippingservice,0,0,0,0,0,0,0
2026-10-04T14:06:24Z,adservice,adservice,0,0,0,0,0,0,0
2026-10-04T14:06:24Z,adservice,cartservice,0,0,0,0,0,0,0
2026-10-04T14:06:24Z,adservice,checkoutservice,0,0,0,0,0,0,0
2026-10-04T14:06:24Z,adservice,currencyservice,0,0,0,0,0,0,0
2026-10-04T14:06:24Z,adservice,emailservice,0,0,0,0,0,0,0
2026-10-04T14:06:24Z,adservice,frontend,0,0,0,0,0,0,0
2026-10-04T14:06:24Z,adservice,kubernetes,0,0,0,0,0,0,0
2026-10-04T14:06:24Z,adservice,paymentservice,0,0,0,0,0,0,0
2026-10-04T14:06:24Z,adservice,productcatalogservice,0,0,0,0,0,0,0
2026-10-04T14:06:24Z,adservice,recommendationservice,0,0,0,0,0,0,0
2026-10-04T14:06:24Z,adservice,redis-cart,0,0,0,0,0,0,0
2026-10-04T14:06:24Z,adservice,shippingservice,0,0,0,0,0,0,0
2026-10-04T14:06:24Z,cartservice,adservice,0,0,0,0,0,0,0
2026-10-04T14:06:24Z,cartservice,cartservice,0,0,0,0,0,0,0
2026-10-04T14:06:24Z,cartservice,checkoutservice,0,0,0,0,0,0,0
2026-10-04T14:06:24Z,cartservice,currencyservice,0,0,0,0,0,0,0
2026-10-04T14:06:24Z,cartservice,emailservice,0,0,0,0,0,0,0
2026-10-04T14:06:24Z,cartservice,frontend,0,0,0,0,0,0,0
2026-10-04T14:06:24Z,cartservice,kubernetes,0,0,0,0,0,0,0
2026-10-04T14:06:24Z,cartservice,paymentservice,0,0,0,0,0,0,0
2026-10-04T14:06:24Z,cartservice,productcatalogservice,0,0,0,0,0,0,0
2026-10-04T14:06:24Z,cartservice,recommendationservice,0,0,0,0,0,0,0
2026-10-04T14:06:24Z,cartservice,redis-cart,2,0,0,0,0,0,0
2026-10-04T14:06:24Z,cartservice,shippingservice,0,0,0,0,0,0,0
2026-10-04T14:06:24Z,checkoutservice,adservice,0,0,0,0,0,0,0
2026-10-04T14:06:24Z,checkoutservice,cartservice,34892,34103,0,83,0,502647,33523
2026-10-04T14:06:24Z,checkoutservice,checkoutservice,0,0,0,0,0,0,0
2026-10-04T14:06:24Z,checkoutservice,currencyservice,26720,26707,0,0,0,428456,26207
2026-10-04T14:06:24Z,checkoutservice,emailservice,2658,2400,0,61,0,120907,2399
2026-10-04T14:06:24Z,checkoutservice,frontend,0,0,0,0,0,0,0
2026-10-04T14:06:24Z,checkoutservice,kubernetes,0,0,0,0,0,0,0
2026-10-04T14:06:24Z,checkoutservice,paymentservice,20755,19263,0,149,0,321402,18834
2026-10-04T14:06:24Z,checkoutservice,productcatalogservice,0,0,0,0,0,0,0
2026-10-04T14:06:24Z,checkoutservice,recommendationservice,0,0,0,0,0,0,0
2026-10-04T14:06:24Z,checkoutservice,redis-cart,0,0,0,0,0,0,0
2026-10-04T14:06:24Z,checkoutservice,shippingservice,38807,37021,0,129,0,383074,36326
2026-10-04T14:06:24Z,currencyservice,adservice,0,0,0,0,0,0,0
2026-10-04T14:06:24Z,currencyservice,cartservice,0,0,0,0,0,0,0
2026-10-04T14:06:24Z,currencyservice,checkoutservice,0,0,0,0,0,0,0
2026-10-04T14:06:24Z,currencyservice,currencyservice,0,0,0,0,0,0,0
2026-10-04T14:06:24Z,currencyservice,emailservice,0,0,0,0,0,0,0
2026-10-04T14:06:24Z,currencyservice,frontend,0,0,0,0,0,0,0
2026-10-04T14:06:24Z,currencyservice,kubernetes,0,0,0,0,0,0,0
2026-10-04T14:06:24Z,currencyservice,paymentservice,0,0,0,0,0,0,0
2026-10-04T14:06:24Z,currencyservice,productcatalogservice,0,0,0,0,0,0,0
2026-10-04T14:06:24Z,currencyservice,recommendationservice,0,0,0,0,0,0,0
2026-10-04T14:06:24Z,currencyservice,redis-cart,0,0,0,0,0,0,0
2026-10-04T14:06:24Z,currencyservice,shippingservice,0,0,0,0,0,0,0
2026-10-04T14:06:24Z,emailservice,adservice,0,0,0,0,0,0,0
2026-10-04T14:06:24Z,emailservice,cartservice,0,0,0,0,0,0,0
2026-10-04T14:06:24Z,emailservice,checkoutservice,0,0,0,0,0,0,0
2026-10-04T14:06:24Z,emailservice,currencyservice,0,0,0,0,0,0,0
2026-10-04T14:06:24Z,emailservice,emailservice,0,0,0,0,0,0,0
2026-10-04T14:06:24Z,emailservice,frontend,0,0,0,0,0,0,0
2026-10-04T14:06:24Z,emailservice,kubernetes,0,0,0,0,0,0,0
2026-10-04T14:06:24Z,emailservice,paymentservice,0,0,0,0,0,0,0
2026-10-04T14:06:24Z,emailservice,productcatalogservice,0,0,0,0,0,0,0
2026-10-04T14:06:24Z,emailservice,recommendationservice,0,0,0,0,0,0,0
2026-10-04T14:06:24Z,emailservice,redis-cart,0,0,0,0,0,0,0
2026-10-04T14:06:24Z,emailservice,shippingservice,0,0,0,0,0,0,0
2026-10-04T14:06:24Z,frontend,adservice,818099,818097,0,0,0,2468054,817893
2026-10-04T14:06:24Z,frontend,cartservice,1806656,1806641,0,0,4,10074026,1806236
2026-10-04T14:06:24Z,frontend,checkoutservice,385671,179907,0,39205,166511,60739857,179879
2026-10-04T14:06:24Z,frontend,currencyservice,2873123,2873105,0,0,0,15286332,2872435
2026-10-04T14:06:24Z,frontend,emailservice,0,0,0,0,0,0,0
2026-10-04T14:06:24Z,frontend,frontend,0,0,0,0,0,0,0
2026-10-04T14:06:24Z,frontend,kubernetes,0,0,0,0,0,0,0
2026-10-04T14:06:24Z,frontend,paymentservice,0,0,0,0,0,0,0
2026-10-04T14:06:24Z,frontend,productcatalogservice,8094639,8094537,0,0,0,55428516,8092405
2026-10-04T14:06:24Z,frontend,recommendationservice,2595828,1596557,0,104145,892890,779226523,1596187
2026-10-04T14:06:24Z,frontend,redis-cart,0,0,0,0,0,0,0
2026-10-04T14:06:24Z,frontend,shippingservice,300027,300022,0,0,0,913233,299918
2026-10-04T14:06:24Z,paymentservice,adservice,0,0,0,0,0,0,0
2026-10-04T14:06:24Z,paymentservice,cartservice,0,0,0,0,0,0,0
2026-10-04T14:06:24Z,paymentservice,checkoutservice,0,0,0,0,0,0,0
2026-10-04T14:06:24Z,paymentservice,currencyservice,0,0,0,0,0,0,0
2026-10-04T14:06:24Z,paymentservice,emailservice,0,0,0,0,0,0,0
2026-10-04T14:06:24Z,paymentservice,frontend,0,0,0,0,0,0,0
2026-10-04T14:06:24Z,paymentservice,kubernetes,0,0,0,0,0,0,0
2026-10-04T14:06:24Z,paymentservice,paymentservice,0,0,0,0,0,0,0
2026-10-04T14:06:24Z,paymentservice,productcatalogservice,0,0,0,0,0,0,0
2026-10-04T14:06:24Z,paymentservice,recommendationservice,0,0,0,0,0,0,0
2026-10-04T14:06:24Z,paymentservice,redis-cart,0,0,0,0,0,0,0
2026-10-04T14:06:24Z,paymentservice,shippingservice,0,0,0,0,0,0,0
2026-10-04T14:06:24Z,productcatalogservice,adservice,0,0,0,0,0,0,0
2026-10-04T14:06:24Z,productcatalogservice,cartservice,0,0,0,0,0,0,0
2026-10-04T14:06:24Z,productcatalogservice,checkoutservice,0,0,0,0,0,0,0
2026-10-04T14:06:24Z,productcatalogservice,currencyservice,0,0,0,0,0,0,0
2026-10-04T14:06:24Z,productcatalogservice,emailservice,0,0,0,0,0,0,0
2026-10-04T14:06:24Z,productcatalogservice,frontend,0,0,0,0,0,0,0
2026-10-04T14:06:24Z,productcatalogservice,kubernetes,0,0,0,0,0,0,0
2026-10-04T14:06:24Z,productcatalogservice,paymentservice,0,0,0,0,0,0,0
2026-10-04T14:06:24Z,productcatalogservice,productcatalogservice,0,0,0,0,0,0,0
2026-10-04T14:06:24Z,productcatalogservice,recommendationservice,0,0,0,0,0,0,0
2026-10-04T14:06:24Z,productcatalogservice,redis-cart,0,0,0,0,0,0,0
2026-10-04T14:06:24Z,productcatalogservice,shippingservice,0,0,0,0,0,0,0
2026-10-04T14:06:24Z,recommendationservice,adservice,0,0,0,0,0,0,0
2026-10-04T14:06:24Z,recommendationservice,cartservice,0,0,0,0,0,0,0
2026-10-04T14:06:24Z,recommendationservice,checkoutservice,0,0,0,0,0,0,0
2026-10-04T14:06:24Z,recommendationservice,currencyservice,0,0,0,0,0,0,0
2026-10-04T14:06:24Z,recommendationservice,emailservice,0,0,0,0,0,0,0
2026-10-04T14:06:24Z,recommendationservice,frontend,0,0,0,0,0,0,0
2026-10-04T14:06:24Z,recommendationservice,kubernetes,0,0,0,0,0,0,0
2026-10-04T14:06:24Z,recommendationservice,paymentservice,0,0,0,0,0,0,0
2026-10-04T14:06:24Z,recommendationservice,productcatalogservice,71689,71679,0,0,0,577171,69792
2026-10-04T14:06:24Z,recommendationservice,recommendationservice,0,0,0,0,0,0,0
2026-10-04T14:06:24Z,recommendationservice,redis-cart,0,0,0,0,0,0,0
2026-10-04T14:06:24Z,recommendationservice,shippingservice,0,0,0,0,0,0,0
2026-10-04T14:06:24Z,redis-cart,adservice,0,0,0,0,0,0,0
2026-10-04T14:06:24Z,redis-cart,cartservice,0,0,0,0,0,0,0
2026-10-04T14:06:24Z,redis-cart,checkoutservice,0,0,0,0,0,0,0
2026-10-04T14:06:24Z,redis-cart,currencyservice,0,0,0,0,0,0,0
2026-10-04T14:06:24Z,redis-cart,emailservice,0,0,0,0,0,0,0
2026-10-04T14:06:24Z,redis-cart,frontend,0,0,0,0,0,0,0
2026-10-04T14:06:24Z,redis-cart,kubernetes,0,0,0,0,0,0,0
2026-10-04T14:06:24Z,redis-cart,paymentservice,0,0,0,0,0,0,0
2026-10-04T14:06:24Z,redis-cart,productcatalogservice,0,0,0,0,0,0,0
2026-10-04T14:06:24Z,redis-cart,recommendationservice,0,0,0,0,0,0,0
2026-10-04T14:06:24Z,redis-cart,redis-cart,0,0,0,0,0,0,0
2026-10-04T14:06:24Z,redis-cart,shippingservice,0,0,0,0,0,0,0
2026-10-04T14:06:24Z,shippingservice,adservice,0,0,0,0,0,0,0
2026-10-04T14:06:24Z,shippingservice,cartservice,0,0,0,0,0,0,0
2026-10-04T14:06:24Z,shippingservice,checkoutservice,0,0,0,0,0,0,0
2026-10-04T14:06:24Z,shippingservice,currencyservice,0,0,0,0,0,0,0
2026-10-04T14:06:24Z,shippingservice,emailservice,0,0,0,0,0,0,0
2026-10-04T14:06:24Z,shippingservice,frontend,0,0,0,0,0,0,0
2026-10-04T14:06:24Z,shippingservice,kubernetes,0,0,0,0,0,0,0
2026-10-04T14:06:24Z,shippingservice,paymentservice,0,0,0,0,0,0,0
2026-10-04T14:06:24Z,shippingservice,productcatalogservice,0,0,0,0,0,0,0
2026-10-04T14:06:24Z,shippingservice,recommendationservice,0,0,0,0,0,0,0
2026-10-04T14:06:24Z,shippingservice,redis-cart,0,0,0,0,0,0,0
2026-10-04T14:06:24Z,shippingservice,shippingservice,0,0,0,0,0,0,0
2026-10-04T14:06:25Z,adservice,adservice,0,0,0,0,0,0,0
2026-10-04T14:06:25Z,adservice,cartservice,0,0,0,0,0,0,0
2026-10-04T14:06:25Z,adservice,checkoutservice,0,0,0,0,0,0,0
2026-10-04T14:06:25Z,adservice,currencyservice,0,0,0,0,0,0,0
2026-10-04T14:06:25Z,adservice,emailservice,0,0,0,0,0,0,0
2026-10-04T14:06:25Z,adservice,frontend,0,0,0,0,0,0,0
2026-10-04T14:06:25Z,adservice,kubernetes,0,0,0,0,0,0,0
2026-10-04T14:06:25Z,adservice,paymentservice,0,0,0,0,0,0,0
2026-10-04T14:06:25Z,adservice,productcatalogservice,0,0,0,0,0,0,0
2026-10-04T14:06:25Z,adservice,recommendationservice,0,0,0,0,0,0,0
2026-10-04T14:06:25Z,adservice,redis-cart,0,0,0,0,0,0,0
2026-10-04T14:06:25Z,adservice,shippingservice,0,0,0,0,0,0,0
2026-10-04T14:06:25Z,cartservice,adservice,0,0,0,0,0,0,0
2026-10-04T14:06:25Z,cartservice,cartservice,0,0,0,0,0,0,0
2026-10-04T14:06:25Z,cartservice,checkoutservice,0,0,0,0,0,0,0
2026-10-04T14:06:25Z,cartservice,currencyservice,0,0,0,0,0,0,0
2026-10-04T14:06:25Z,cartservice,emailservice,0,0,0,0,0,0,0
2026-10-04T14:06:25Z,cartservice,frontend,0,0,0,0,0,0,0
2026-10-04T14:06:25Z,cartservice,kubernetes,0,0,0,0,0,0,0
2026-10-04T14:06:25Z,cartservice,paymentservice,0,0,0,0,0,0,0
2026-10-04T14:06:25Z,cartservice,productcatalogservice,0,0,0,0,0,0,0
2026-10-04T14:06:25Z,cartservice,recommendationservice,0,0,0,0,0,0,0
2026-10-04T14:06:25Z,cartservice,redis-cart,2,0,0,0,0,0,0
2026-10-04T14:06:25Z,cartservice,shippingservice,0,0,0,0,0,0,0
2026-10-04T14:06:25Z,checkoutservice,adservice,0,0,0,0,0,0,0
2026-10-04T14:06:25Z,checkoutservice,cartservice,35094,34300,0,85,0,502647,33523
2026-10-04T14:06:25Z,checkoutservice,checkoutservice,0,0,0,0,0,0,0
2026-10-04T14:06:25Z,checkoutservice,currencyservice,26896,26896,0,0,0,428456,26207
2026-10-04T14:06:25Z,checkoutservice,emailservice,2662,2403,0,61,0,120907,2399
2026-10-04T14:06:25Z,checkoutservice,frontend,0,0,0,0,0,0,0
2026-10-04T14:06:25Z,checkoutservice,kubernetes,0,0,0,0,0,0,0
2026-10-04T14:06:25Z,checkoutservice,paymentservice,20905,19402,0,150,0,321402,18834
2026-10-04T14:06:25Z,checkoutservice,productcatalogservice,0,0,0,0,0,0,0
2026-10-04T14:06:25Z,checkoutservice,recommendationservice,0,0,0,0,0,0,0
2026-10-04T14:06:25Z,checkoutservice,redis-cart,0,0,0,0,0,0,0
2026-10-04T14:06:25Z,checkoutservice,shippingservice,39027,37238,0,131,0,383074,36326
2026-10-04T14:06:25Z,currencyservice,adservice,0,0,0,0,0,0,0
2026-10-04T14:06:25Z,currencyservice,cartservice,0,0,0,0,0,0,0
2026-10-04T14:06:25Z,currencyservice,checkoutservice,0,0,0,0,0,0,0
2026-10-04T14:06:25Z,currencyservice,currencyservice,0,0,0,0,0,0,0
2026-10-04T14:06:25Z,currencyservice,emailservice,0,0,0,0,0,0,0
2026-10-04T14:06:25Z,currencyservice,frontend,0,0,0,0,0,0,0
2026-10-04T14:06:25Z,currencyservice,kubernetes,0,0,0,0,0,0,0
2026-10-04T14:06:25Z,currencyservice,paymentservice,0,0,0,0,0,0,0
2026-10-04T14:06:25Z,currencyservice,productcatalogservice,0,0,0,0,0,0,0
2026-10-04T14:06:25Z,currencyservice,recommendationservice,0,0,0,0,0,0,0
2026-10-04T14:06:25Z,currencyservice,redis-cart,0,0,0,0,0,0,0
2026-10-04T14:06:25Z,currencyservice,shippingservice,0,0,0,0,0,0,0
2026-10-04T14:06:25Z,emailservice,adservice,0,0,0,0,0,0,0
2026-10-04T14:06:25Z,emailservice,cartservice,0,0,0,0,0,0,0
2026-10-04T14:06:25Z,emailservice,checkoutservice,0,0,0,0,0,0,0
2026-10-04T14:06:25Z,emailservice,currencyservice,0,0,0,0,0,0,0
2026-10-04T14:06:25Z,emailservice,emailservice,0,0,0,0,0,0,0
2026-10-04T14:06:25Z,emailservice,frontend,0,0,0,0,0,0,0
2026-10-04T14:06:25Z,emailservice,kubernetes,0,0,0,0,0,0,0
2026-10-04T14:06:25Z,emailservice,paymentservice,0,0,0,0,0,0,0
2026-10-04T14:06:25Z,emailservice,productcatalogservice,0,0,0,0,0,0,0
2026-10-04T14:06:25Z,emailservice,recommendationservice,0,0,0,0,0,0,0
2026-10-04T14:06:25Z,emailservice,redis-cart,0,0,0,0,0,0,0
2026-10-04T14:06:25Z,emailservice,shippingservice,0,0,0,0,0,0,0
2026-10-04T14:06:25Z,frontend,adservice,818396,818392,0,0,0,2468054,817893
2026-10-04T14:06:25Z,frontend,cartservice,1807123,1807109,0,0,4,10074026,1806236
2026-10-04T14:06:25Z,frontend,checkoutservice,385886,179931,0,39230,166661,60739857,179879
2026-10-04T14:06:25Z,frontend,currencyservice,2873868,2873851,0,0,0,15286332,2872435
2026-10-04T14:06:25Z,frontend,emailservice,0,0,0,0,0,0,0
2026-10-04T14:06:25Z,frontend,frontend,0,0,0,0,0,0,0
2026-10-04T14:06:25Z,frontend,kubernetes,0,0,0,0,0,0,0
2026-10-04T14:06:25Z,frontend,paymentservice,0,0,0,0,0,0,0
2026-10-04T14:06:25Z,frontend,productcatalogservice,8097272,8097193,0,0,0,55428516,8092405
2026-10-04T14:06:25Z,frontend,recommendationservice,2596257,1597007,0,104145,892890,779226523,1596187
2026-10-04T14:06:25Z,frontend,redis-cart,0,0,0,0,0,0,0
2026-10-04T14:06:25Z,frontend,shippingservice,300125,300123,0,0,0,913233,299918
2026-10-04T14:06:25Z,paymentservice,adservice,0,0,0,0,0,0,0
2026-10-04T14:06:25Z,paymentservice,cartservice,0,0,0,0,0,0,0
2026-10-04T14:06:25Z,paymentservice,checkoutservice,0,0,0,0,0,0,0
2026-10-04T14:06:25Z,paymentservice,currencyservice,0,0,0,0,0,0,0
2026-10-04T14:06:25Z,paymentservice,emailservice,0,0,0,0,0,0,0
2026-10-04T14:06:25Z,paymentservice,frontend,0,0,0,0,0,0,0
2026-10-04T14:06:25Z,paymentservice,kubernetes,0,0,0,0,0,0,0
2026-10-04T14:06:25Z,paymentservice,paymentservice,0,0,0,0,0,0,0
2026-10-04T14:06:25Z,paymentservice,productcatalogservice,0,0,0,0,0,0,0
2026-10-04T14:06:25Z,paymentservice,recommendationservice,0,0,0,0,0,0,0
2026-10-04T14:06:25Z,paymentservice,redis-cart,0,0,0,0,0,0,0
2026-10-04T14:06:25Z,paymentservice,shippingservice,0,0,0,0,0,0,0
2026-10-04T14:06:25Z,productcatalogservice,adservice,0,0,0,0,0,0,0
2026-10-04T14:06:25Z,productcatalogservice,cartservice,0,0,0,0,0,0,0
2026-10-04T14:06:25Z,productcatalogservice,checkoutservice,0,0,0,0,0,0,0
2026-10-04T14:06:25Z,productcatalogservice,currencyservice,0,0,0,0,0,0,0
2026-10-04T14:06:25Z,productcatalogservice,emailservice,0,0,0,0,0,0,0
2026-10-04T14:06:25Z,productcatalogservice,frontend,0,0,0,0,0,0,0
2026-10-04T14:06:25Z,productcatalogservice,kubernetes,0,0,0,0,0,0,0
2026-10-04T14:06:25Z,productcatalogservice,paymentservice,0,0,0,0,0,0,0
2026-10-04T14:06:25Z,productcatalogservice,productcatalogservice,0,0,0,0,0,0,0
2026-10-04T14:06:25Z,productcatalogservice,recommendationservice,0,0,0,0,0,0,0
2026-10-04T14:06:25Z,productcatalogservice,redis-cart,0,0,0,0,0,0,0
2026-10-04T14:06:25Z,productcatalogservice,shippingservice,0,0,0,0,0,0,0
2026-10-04T14:06:25Z,recommendationservice,adservice,0,0,0,0,0,0,0
2026-10-04T14:06:25Z,recommendationservice,cartservice,0,0,0,0,0,0,0
2026-10-04T14:06:25Z,recommendationservice,checkoutservice,0,0,0,0,0,0,0
2026-10-04T14:06:25Z,recommendationservice,currencyservice,0,0,0,0,0,0,0
2026-10-04T14:06:25Z,recommendationservice,emailservice,0,0,0,0,0,0,0
2026-10-04T14:06:25Z,recommendationservice,frontend,0,0,0,0,0,0,0
2026-10-04T14:06:25Z,recommendationservice,kubernetes,0,0,0,0,0,0,0
2026-10-04T14:06:25Z,recommendationservice,paymentservice,0,0,0,0,0,0,0
2026-10-04T14:06:25Z,recommendationservice,productcatalogservice,72128,72127,0,0,0,596162,71990
2026-10-04T14:06:25Z,recommendationservice,recommendationservice,0,0,0,0,0,0,0
2026-10-04T14:06:25Z,recommendationservice,redis-cart,0,0,0,0,0,0,0
2026-10-04T14:06:25Z,recommendationservice,shippingservice,0,0,0,0,0,0,0
2026-10-04T14:06:25Z,redis-cart,adservice,0,0,0,0,0,0,0
2026-10-04T14:06:25Z,redis-cart,cartservice,0,0,0,0,0,0,0
2026-10-04T14:06:25Z,redis-cart,checkoutservice,0,0,0,0,0,0,0
2026-10-04T14:06:25Z,redis-cart,currencyservice,0,0,0,0,0,0,0
2026-10-04T14:06:25Z,redis-cart,emailservice,0,0,0,0,0,0,0
2026-10-04T14:06:25Z,redis-cart,frontend,0,0,0,0,0,0,0
2026-10-04T14:06:25Z,redis-cart,kubernetes,0,0,0,0,0,0,0
2026-10-04T14:06:25Z,redis-cart,paymentservice,0,0,0,0,0,0,0
2026-10-04T14:06:25Z,redis-cart,productcatalogservice,0,0,0,0,0,0,0
2026-10-04T14:06:25Z,redis-cart,recommendationservice,0,0,0,0,0,0,0
2026-10-04T14:06:25Z,redis-cart,redis-cart,0,0,0,0,0,0,0
2026-10-04T14:06:25Z,redis-cart,shippingservice,0,0,0,0,0,0,0
2026-10-04T14:06:25Z,shippingservice,adservice,0,0,0,0,0,0,0
2026-10-04T14:06:25Z,shippingservice,cartservice,0,0,0,0,0,0,0
2026-10-04T14:06:25Z,shippingservice,checkoutservice,0,0,0,0,0,0,0
2026-10-04T14:06:25Z,shippingservice,currencyservice,0,0,0,0,0,0,0
2026-10-04T14:06:25Z,shippingservice,emailservice,0,0,0,0,0,0,0
2026-10-04T14:06:25Z,shippingservice,frontend,0,0,0,0,0,0,0
2026-10-04T14:06:25Z,shippingservice,kubernetes,0,0,0,0,0,0,0
2026-10-04T14:06:25Z,shippingservice,paymentservice,0,0,0,0,0,0,0
2026-10-04T14:06:25Z,shippingservice,productcatalogservice,0,0,0,0,0,0,0
2026-10-04T14:06:25Z,shippingservice,recommendationservice,0,0,0,0,0,0,0
2026-10-04T14:06:25Z,shippingservice,redis-cart,0,0,0,0,0,0,0
2026-10-04T14:06:25Z,shippingservice,shippingservice,0,0,0,0,0,0,0
2026-10-04T14:06:26Z,adservice,adservice,0,0,0,0,0,0,0
2026-10-04T14:06:26Z,adservice,cartservice,0,0,0,0,0,0,0
2026-10-04T14:06:26Z,adservice,checkoutservice,0,0,0,0,0,0,0
2026-10-04T14:06:26Z,adservice,currencyservice,0,0,0,0,0,0,0
2026-10-04T14:06:26Z,adservice,emailservice,0,0,0,0,0,0,0
2026-10-04T14:06:26Z,adservice,frontend,0,0,0,0,0,0,0
2026-10-04T14:06:26Z,adservice,kubernetes,0,0,0,0,0,0,0
2026-10-04T14:06:26Z,adservice,paymentservice,0,0,0,0,0,0,0
2026-10-04T14:06:26Z,adservice,productcatalogservice,0,0,0,0,0,0,0
2026-10-04T14:06:26Z,adservice,recommendationservice,0,0,0,0,0,0,0
2026-10-04T14:06:26Z,adservice,redis-cart,0,0,0,0,0,0,0
2026-10-04T14:06:26Z,adservice,shippingservice,0,0,0,0,0,0,0
2026-10-04T14:06:26Z,cartservice,adservice,0,0,0,0,0,0,0
2026-10-04T14:06:26Z,cartservice,cartservice,0,0,0,0,0,0,0
2026-10-04T14:06:26Z,cartservice,checkoutservice,0,0,0,0,0,0,0
2026-10-04T14:06:26Z,cartservice,currencyservice,0,0,0,0,0,0,0
2026-10-04T14:06:26Z,cartservice,emailservice,0,0,0,0,0,0,0
2026-10-04T14:06:26Z,cartservice,frontend,0,0,0,0,0,0,0
2026-10-04T14:06:26Z,cartservice,kubernetes,0,0,0,0,0,0,0
2026-10-04T14:06:26Z,cartservice,paymentservice,0,0,0,0,0,0,0
2026-10-04T14:06:26Z,cartservice,productcatalogservice,0,0,0,0,0,0,0
2026-10-04T14:06:26Z,cartservice,recommendationservice,0,0,0,0,0,0,0
2026-10-04T14:06:26Z,cartservice,redis-cart,2,0,0,0,0,0,0
2026-10-04T14:06:26Z,cartservice,shippingservice,0,0,0,0,0,0,0
2026-10-04T14:06:26Z,checkoutservice,adservice,0,0,0,0,0,0,0
2026-10-04T14:06:26Z,checkoutservice,cartservice,35307,34508,0,85,0,502647,33523
2026-10-04T14:06:26Z,checkoutservice,checkoutservice,0,0,0,0,0,0,0
2026-10-04T14:06:26Z,checkoutservice,currencyservice,27129,27129,0,0,0,428456,26207
2026-10-04T14:06:26Z,checkoutservice,emailservice,2663,2403,0,61,0,120907,2399
2026-10-04T14:06:26Z,checkoutservice,frontend,0,0,0,0,0,0,0
2026-10-04T14:06:26Z,checkoutservice,kubernetes,0,0,0,0,0,0,0
2026-10-04T14:06:26Z,checkoutservice,paymentservice,21095,19578,0,150,0,321402,18834
2026-10-04T14:06:26Z,checkoutservice,productcatalogservice,0,0,0,0,0,0,0
2026-10-04T14:06:26Z,checkoutservice,recommendationservice,0,0,0,0,0,0,0
2026-10-04T14:06:26Z,checkoutservice,redis-cart,0,0,0,0,0,0,0
2026-10-04T14:06:26Z,checkoutservice,shippingservice,39340,37530,0,131,0,383074,36326
2026-10-04T14:06:26Z,currencyservice,adservice,0,0,0,0,0,0,0
2026-10-04T14:06:26Z,currencyservice,cartservice,0,0,0,0,0,0,0
2026-10-04T14:06:26Z,currencyservice,checkoutservice,0,0,0,0,0,0,0
2026-10-04T14:06:26Z,currencyservice,currencyservice,0,0,0,0,0,0,0
2026-10-04T14:06:26Z,currencyservice,emailservice,0,0,0,0,0,0,0
2026-10-04T14:06:26Z,currencyservice,frontend,0,0,0,0,0,0,0
2026-10-04T14:06:26Z,currencyservice,kubernetes,0,0,0,0,0,0,0
2026-10-04T14:06:26Z,currencyservice,paymentservice,0,0,0,0,0,0,0
2026-10-04T14:06:26Z,currencyservice,productcatalogservice,0,0,0,0,0,0,0
2026-10-04T14:06:26Z,currencyservice,recommendationservice,0,0,0,0,0,0,0
2026-10-04T14:06:26Z,currencyservice,redis-cart,0,0,0,0,0,0,0
2026-10-04T14:06:26Z,currencyservice,shippingservice,0,0,0,0,0,0,0
2026-10-04T14:06:26Z,emailservice,adservice,0,0,0,0,0,0,0
2026-10-04T14:06:26Z,emailservice,cartservice,0,0,0,0,0,0,0
2026-10-04T14:06:26Z,emailservice,checkoutservice,0,0,0,0,0,0,0
2026-10-04T14:06:26Z,emailservice,currencyservice,0,0,0,0,0,0,0
2026-10-04T14:06:26Z,emailservice,emailservice,0,0,0,0,0,0,0
2026-10-04T14:06:26Z,emailservice,frontend,0,0,0,0,0,0,0
2026-10-04T14:06:26Z,emailservice,kubernetes,0,0,0,0,0,0,0
2026-10-04T14:06:26Z,emailservice,paymentservice,0,0,0,0,0,0,0
2026-10-04T14:06:26Z,emailservice,productcatalogservice,0,0,0,0,0,0,0
2026-10-04T14:06:26Z,emailservice,recommendationservice,0,0,0,0,0,0,0
2026-10-04T14:06:26Z,emailservice,redis-cart,0,0,0,0,0,0,0
2026-10-04T14:06:26Z,emailservice,shippingservice,0,0,0,0,0,0,0
2026-10-04T14:06:26Z,frontend,adservice,818664,818660,0,0,0,2468054,817893
2026-10-04T14:06:26Z,frontend,cartservice,1807589,1807577,0,0,4,10074026,1806236
2026-10-04T14:06:26Z,frontend,checkoutservice,386088,179951,0,39266,166807,60739857,179879
2026-10-04T14:06:26Z,frontend,currencyservice,2874620,2874610,0,0,0,15286332,2872435
2026-10-04T14:06:26Z,frontend,emailservice,0,0,0,0,0,0,0
2026-10-04T14:06:26Z,frontend,frontend,0,0,0,0,0,0,0
2026-10-04T14:06:26Z,frontend,kubernetes,0,0,0,0,0,0,0
2026-10-04T14:06:26Z,frontend,paymentservice,0,0,0,0,0,0,0
2026-10-04T14:06:26Z,frontend,productcatalogservice,8099781,8099691,0,0,0,55428516,8092405
2026-10-04T14:06:26Z,frontend,recommendationservice,2596700,1597436,0,104145,892890,779226523,1596187
2026-10-04T14:06:26Z,frontend,redis-cart,0,0,0,0,0,0,0
2026-10-04T14:06:26Z,frontend,shippingservice,300229,300226,0,0,0,913233,299918
2026-10-04T14:06:26Z,paymentservice,adservice,0,0,0,0,0,0,0
2026-10-04T14:06:26Z,paymentservice,cartservice,0,0,0,0,0,0,0
2026-10-04T14:06:26Z,paymentservice,checkoutservice,0,0,0,0,0,0,0
2026-10-04T14:06:26Z,paymentservice,currencyservice,0,0,0,0,0,0,0
2026-10-04T14:06:26Z,paymentservice,emailservice,0,0,0,0,0,0,0
2026-10-04T14:06:26Z,paymentservice,frontend,0,0,0,0,0,0,0
2026-10-04T14:06:26Z,paymentservice,kubernetes,0,0,0,0,0,0,0
2026-10-04T14:06:26Z,paymentservice,paymentservice,0,0,0,0,0,0,0
2026-10-04T14:06:26Z,paymentservice,productcatalogservice,0,0,0,0,0,0,0
2026-10-04T14:06:26Z,paymentservice,recommendationservice,0,0,0,0,0,0,0
2026-10-04T14:06:26Z,paymentservice,redis-cart,0,0,0,0,0,0,0
2026-10-04T14:06:26Z,paymentservice,shippingservice,0,0,0,0,0,0,0
2026-10-04T14:06:26Z,productcatalogservice,adservice,0,0,0,0,0,0,0
2026-10-04T14:06:26Z,productcatalogservice,cartservice,0,0,0,0,0,0,0
2026-10-04T14:06:26Z,productcatalogservice,checkoutservice,0,0,0,0,0,0,0
2026-10-04T14:06:26Z,productcatalogservice,currencyservice,0,0,0,0,0,0,0
2026-10-04T14:06:26Z,productcatalogservice,emailservice,0,0,0,0,0,0,0
2026-10-04T14:06:26Z,productcatalogservice,frontend,0,0,0,0,0,0,0
2026-10-04T14:06:26Z,productcatalogservice,kubernetes,0,0,0,0,0,0,0
2026-10-04T14:06:26Z,productcatalogservice,paymentservice,0,0,0,0,0,0,0
2026-10-04T14:06:26Z,productcatalogservice,productcatalogservice,0,0,0,0,0,0,0
2026-10-04T14:06:26Z,productcatalogservice,recommendationservice,0,0,0,0,0,0,0
2026-10-04T14:06:26Z,productcatalogservice,redis-cart,0,0,0,0,0,0,0
2026-10-04T14:06:26Z,productcatalogservice,shippingservice,0,0,0,0,0,0,0
2026-10-04T14:06:26Z,recommendationservice,adservice,0,0,0,0,0,0,0
2026-10-04T14:06:26Z,recommendationservice,cartservice,0,0,0,0,0,0,0
2026-10-04T14:06:26Z,recommendationservice,checkoutservice,0,0,0,0,0,0,0
2026-10-04T14:06:26Z,recommendationservice,currencyservice,0,0,0,0,0,0,0
2026-10-04T14:06:26Z,recommendationservice,emailservice,0,0,0,0,0,0,0
2026-10-04T14:06:26Z,recommendationservice,frontend,0,0,0,0,0,0,0
2026-10-04T14:06:26Z,recommendationservice,kubernetes,0,0,0,0,0,0,0
2026-10-04T14:06:26Z,recommendationservice,paymentservice,0,0,0,0,0,0,0
2026-10-04T14:06:26Z,recommendationservice,productcatalogservice,72550,72550,0,0,0,596162,71990
2026-10-04T14:06:26Z,recommendationservice,recommendationservice,0,0,0,0,0,0,0
2026-10-04T14:06:26Z,recommendationservice,redis-cart,0,0,0,0,0,0,0
2026-10-04T14:06:26Z,recommendationservice,shippingservice,0,0,0,0,0,0,0
2026-10-04T14:06:26Z,redis-cart,adservice,0,0,0,0,0,0,0
2026-10-04T14:06:26Z,redis-cart,cartservice,0,0,0,0,0,0,0
2026-10-04T14:06:26Z,redis-cart,checkoutservice,0,0,0,0,0,0,0
2026-10-04T14:06:26Z,redis-cart,currencyservice,0,0,0,0,0,0,0
2026-10-04T14:06:26Z,redis-cart,emailservice,0,0,0,0,0,0,0
2026-10-04T14:06:26Z,redis-cart,frontend,0,0,0,0,0,0,0
2026-10-04T14:06:26Z,redis-cart,kubernetes,0,0,0,0,0,0,0
2026-10-04T14:06:26Z,redis-cart,paymentservice,0,0,0,0,0,0,0
2026-10-04T14:06:26Z,redis-cart,productcatalogservice,0,0,0,0,0,0,0
2026-10-04T14:06:26Z,redis-cart,recommendationservice,0,0,0,0,0,0,0
2026-10-04T14:06:26Z,redis-cart,redis-cart,0,0,0,0,0,0,0
2026-10-04T14:06:26Z,redis-cart,shippingservice,0,0,0,0,0,0,0
2026-10-04T14:06:26Z,shippingservice,adservice,0,0,0,0,0,0,0
2026-10-04T14:06:26Z,shippingservice,cartservice,0,0,0,0,0,0,0
2026-10-04T14:06:26Z,shippingservice,checkoutservice,0,0,0,0,0,0,0
2026-10-04T14:06:26Z,shippingservice,currencyservice,0,0,0,0,0,0,0
2026-10-04T14:06:26Z,shippingservice,emailservice,0,0,0,0,0,0,0
2026-10-04T14:06:26Z,shippingservice,frontend,0,0,0,0,0,0,0
2026-10-04T14:06:26Z,shippingservice,kubernetes,0,0,0,0,0,0,0
2026-10-04T14:06:26Z,shippingservice,paymentservice,0,0,0,0,0,0,0
2026-10-04T14:06:26Z,shippingservice,productcatalogservice,0,0,0,0,0,0,0
2026-10-04T14:06:26Z,shippingservice,recommendationservice,0,0,0,0,0,0,0
2026-10-04T14:06:26Z,shippingservice,redis-cart,0,0,0,0,0,0,0
2026-10-04T14:06:26Z,shippingservice,shippingservice,0,0,0,0,0,0,0
2026-10-04T14:06:27Z,adservice,adservice,0,0,0,0,0,0,0
2026-10-04T14:06:27Z,adservice,cartservice,0,0,0,0,0,0,0
2026-10-04T14:06:27Z,adservice,checkoutservice,0,0,0,0,0,0,0
2026-10-04T14:06:27Z,adservice,currencyservice,0,0,0,0,0,0,0
2026-10-04T14:06:27Z,adservice,emailservice,0,0,0,0,0,0,0
2026-10-04T14:06:27Z,adservice,frontend,0,0,0,0,0,0,0
2026-10-04T14:06:27Z,adservice,kubernetes,0,0,0,0,0,0,0
2026-10-04T14:06:27Z,adservice,paymentservice,0,0,0,0,0,0,0
2026-10-04T14:06:27Z,adservice,productcatalogservice,0,0,0,0,0,0,0
2026-10-04T14:06:27Z,adservice,recommendationservice,0,0,0,0,0,0,0
2026-10-04T14:06:27Z,adservice,redis-cart,0,0,0,0,0,0,0
2026-10-04T14:06:27Z,adservice,shippingservice,0,0,0,0,0,0,0
2026-10-04T14:06:27Z,cartservice,adservice,0,0,0,0,0,0,0
2026-10-04T14:06:27Z,cartservice,cartservice,0,0,0,0,0,0,0
2026-10-04T14:06:27Z,cartservice,checkoutservice,0,0,0,0,0,0,0
2026-10-04T14:06:27Z,cartservice,currencyservice,0,0,0,0,0,0,0
2026-10-04T14:06:27Z,cartservice,emailservice,0,0,0,0,0,0,0
2026-10-04T14:06:27Z,cartservice,frontend,0,0,0,0,0,0,0
2026-10-04T14:06:27Z,cartservice,kubernetes,0,0,0,0,0,0,0
2026-10-04T14:06:27Z,cartservice,paymentservice,0,0,0,0,0,0,0
2026-10-04T14:06:27Z,cartservice,productcatalogservice,0,0,0,0,0,0,0
2026-10-04T14:06:27Z,cartservice,recommendationservice,0,0,0,0,0,0,0
2026-10-04T14:06:27Z,cartservice,redis-cart,2,0,0,0,0,0,0
2026-10-04T14:06:27Z,cartservice,shippingservice,0,0,0,0,0,0,0
2026-10-04T14:06:27Z,checkoutservice,adservice,0,0,0,0,0,0,0
2026-10-04T14:06:27Z,checkoutservice,cartservice,35522,34720,0,85,0,522980,34616
2026-10-04T14:06:27Z,checkoutservice,checkoutservice,0,0,0,0,0,0,0
2026-10-04T14:06:27Z,checkoutservice,currencyservice,27326,27322,0,0,0,447951,27229
2026-10-04T14:06:27Z,checkoutservice,emailservice,2663,2403,0,61,0,120957,2403
2026-10-04T14:06:27Z,checkoutservice,frontend,0,0,0,0,0,0,0
2026-10-04T14:06:27Z,checkoutservice,kubernetes,0,0,0,0,0,0,0
2026-10-04T14:06:27Z,checkoutservice,paymentservice,21263,19739,0,150,0,333936,19577
2026-10-04T14:06:27Z,checkoutservice,productcatalogservice,0,0,0,0,0,0,0
2026-10-04T14:06:27Z,checkoutservice,recommendationservice,0,0,0,0,0,0,0
2026-10-04T14:06:27Z,checkoutservice,redis-cart,0,0,0,0,0,0,0
2026-10-04T14:06:27Z,checkoutservice,shippingservice,39629,37807,0,133,0,399826,37658
2026-10-04T14:06:27Z,currencyservice,adservice,0,0,0,0,0,0,0
2026-10-04T14:06:27Z,currencyservice,cartservice,0,0,0,0,0,0,0
2026-10-04T14:06:27Z,currencyservice,checkoutservice,0,0,0,0,0,0,0
2026-10-04T14:06:27Z,currencyservice,currencyservice,0,0,0,0,0,0,0
2026-10-04T14:06:27Z,currencyservice,emailservice,0,0,0,0,0,0,0
2026-10-04T14:06:27Z,currencyservice,frontend,0,0,0,0,0,0,0
2026-10-04T14:06:27Z,currencyservice,kubernetes,0,0,0,0,0,0,0
2026-10-04T14:06:27Z,currencyservice,paymentservice,0,0,0,0,0,0,0
2026-10-04T14:06:27Z,currencyservice,productcatalogservice,0,0,0,0,0,0,0
2026-10-04T14:06:27Z,currencyservice,recommendationservice,0,0,0,0,0,0,0
2026-10-04T14:06:27Z,currencyservice,redis-cart,0,0,0,0,0,0,0
2026-10-04T14:06:27Z,currencyservice,shippingservice,0,0,0,0,0,0,0
2026-10-04T14:06:27Z,emailservice,adservice,0,0,0,0,0,0,0
2026-10-04T14:06:27Z,emailservice,cartservice,0,0,0,0,0,0,0
2026-10-04T14:06:27Z,emailservice,checkoutservice,0,0,0,0,0,0,0
2026-10-04T14:06:27Z,emailservice,currencyservice,0,0,0,0,0,0,0
2026-10-04T14:06:27Z,emailservice,emailservice,0,0,0,0,0,0,0
2026-10-04T14:06:27Z,emailservice,frontend,0,0,0,0,0,0,0
2026-10-04T14:06:27Z,emailservice,kubernetes,0,0,0,0,0,0,0
2026-10-04T14:06:27Z,emailservice,paymentservice,0,0,0,0,0,0,0
2026-10-04T14:06:27Z,emailservice,productcatalogservice,0,0,0,0,0,0,0
2026-10-04T14:06:27Z,emailservice,recommendationservice,0,0,0,0,0,0,0
2026-10-04T14:06:27Z,emailservice,redis-cart,0,0,0,0,0,0,0
2026-10-04T14:06:27Z,emailservice,shippingservice,0,0,0,0,0,0,0
2026-10-04T14:06:27Z,frontend,adservice,818933,818930,0,0,0,2468054,817893
2026-10-04T14:06:27Z,frontend,cartservice,1808082,1808059,0,0,4,10074026,1806236
2026-10-04T14:06:27Z,frontend,checkoutservice,386298,179976,0,39309,166956,60739857,179879
2026-10-04T14:06:27Z,frontend,currencyservice,2875383,2875366,0,0,0,15286332,2872435
2026-10-04T14:06:27Z,frontend,emailservice,0,0,0,0,0,0,0
2026-10-04T14:06:27Z,frontend,frontend,0,0,0,0,0,0,0
2026-10-04T14:06:27Z,frontend,kubernetes,0,0,0,0,0,0,0
2026-10-04T14:06:27Z,frontend,paymentservice,0,0,0,0,0,0,0
2026-10-04T14:06:27Z,frontend,productcatalogservice,8102285,8102198,0,0,0,55428516,8092405
2026-10-04T14:06:27Z,frontend,recommendationservice,2597138,1597860,0,104145,892890,779226523,1596187
2026-10-04T14:06:27Z,frontend,redis-cart,0,0,0,0,0,0,0
2026-10-04T14:06:27Z,frontend,shippingservice,300319,300317,0,0,0,913233,299918
2026-10-04T14:06:27Z,paymentservice,adservice,0,0,0,0,0,0,0
2026-10-04T14:06:27Z,paymentservice,cartservice,0,0,0,0,0,0,0
2026-10-04T14:06:27Z,paymentservice,checkoutservice,0,0,0,0,0,0,0
2026-10-04T14:06:27Z,paymentservice,currencyservice,0,0,0,0,0,0,0
2026-10-04T14:06:27Z,paymentservice,emailservice,0,0,0,0,0,0,0
2026-10-04T14:06:27Z,paymentservice,frontend,0,0,0,0,0,0,0
2026-10-04T14:06:27Z,paymentservice,kubernetes,0,0,0,0,0,0,0
2026-10-04T14:06:27Z,paymentservice,paymentservice,0,0,0,0,0,0,0
2026-10-04T14:06:27Z,paymentservice,productcatalogservice,0,0,0,0,0,0,0
2026-10-04T14:06:27Z,paymentservice,recommendationservice,0,0,0,0,0,0,0
2026-10-04T14:06:27Z,paymentservice,redis-cart,0,0,0,0,0,0,0
2026-10-04T14:06:27Z,paymentservice,shippingservice,0,0,0,0,0,0,0
2026-10-04T14:06:27Z,productcatalogservice,adservice,0,0,0,0,0,0,0
2026-10-04T14:06:27Z,productcatalogservice,cartservice,0,0,0,0,0,0,0
2026-10-04T14:06:27Z,productcatalogservice,checkoutservice,0,0,0,0,0,0,0
2026-10-04T14:06:27Z,productcatalogservice,currencyservice,0,0,0,0,0,0,0
2026-10-04T14:06:27Z,productcatalogservice,emailservice,0,0,0,0,0,0,0
2026-10-04T14:06:27Z,productcatalogservice,frontend,0,0,0,0,0,0,0
2026-10-04T14:06:27Z,productcatalogservice,kubernetes,0,0,0,0,0,0,0
2026-10-04T14:06:27Z,productcatalogservice,paymentservice,0,0,0,0,0,0,0
2026-10-04T14:06:27Z,productcatalogservice,productcatalogservice,0,0,0,0,0,0,0
2026-10-04T14:06:27Z,productcatalogservice,recommendationservice,0,0,0,0,0,0,0
2026-10-04T14:06:27Z,productcatalogservice,redis-cart,0,0,0,0,0,0,0
2026-10-04T14:06:27Z,productcatalogservice,shippingservice,0,0,0,0,0,0,0
2026-10-04T14:06:27Z,recommendationservice,adservice,0,0,0,0,0,0,0
2026-10-04T14:06:27Z,recommendationservice,cartservice,0,0,0,0,0,0,0
2026-10-04T14:06:27Z,recommendationservice,checkoutservice,0,0,0,0,0,0,0
2026-10-04T14:06:27Z,recommendationservice,currencyservice,0,0,0,0,0,0,0
2026-10-04T14:06:27Z,recommendationservice,emailservice,0,0,0,0,0,0,0
2026-10-04T14:06:27Z,recommendationservice,frontend,0,0,0,0,0,0,0
2026-10-04T14:06:27Z,recommendationservice,kubernetes,0,0,0,0,0,0,0
2026-10-04T14:06:27Z,recommendationservice,paymentservice,0,0,0,0,0,0,0
2026-10-04T14:06:27Z,recommendationservice,productcatalogservice,72981,72981,0,0,0,596162,71990
2026-10-04T14:06:27Z,recommendationservice,recommendationservice,0,0,0,0,0,0,0
2026-10-04T14:06:27Z,recommendationservice,redis-cart,0,0,0,0,0,0,0
2026-10-04T14:06:27Z,recommendationservice,shippingservice,0,0,0,0,0,0,0
2026-10-04T14:06:27Z,redis-cart,adservice,0,0,0,0,0,0,0
2026-10-04T14:06:27Z,redis-cart,cartservice,0,0,0,0,0,0,0
2026-10-04T14:06:27Z,redis-cart,checkoutservice,0,0,0,0,0,0,0
2026-10-04T14:06:27Z,redis-cart,currencyservice,0,0,0,0,0,0,0
2026-10-04T14:06:27Z,redis-cart,emailservice,0,0,0,0,0,0,0
2026-10-04T14:06:27Z,redis-cart,frontend,0,0,0,0,0,0,0
2026-10-04T14:06:27Z,redis-cart,kubernetes,0,0,0,0,0,0,0
2026-10-04T14:06:27Z,redis-cart,paymentservice,0,0,0,0,0,0,0
2026-10-04T14:06:27Z,redis-cart,productcatalogservice,0,0,0,0,0,0,0
2026-10-04T14:06:27Z,redis-cart,recommendationservice,0,0,0,0,0,0,0
2026-10-04T14:06:27Z,redis-cart,redis-cart,0,0,0,0,0,0,0
2026-10-04T14:06:27Z,redis-cart,shippingservice,0,0,0,0,0,0,0
2026-10-04T14:06:27Z,shippingservice,adservice,0,0,0,0,0,0,0
2026-10-04T14:06:27Z,shippingservice,cartservice,0,0,0,0,0,0,0
2026-10-04T14:06:27Z,shippingservice,checkoutservice,0,0,0,0,0,0,0
2026-10-04T14:06:27Z,shippingservice,currencyservice,0,0,0,0,0,0,0
2026-10-04T14:06:27Z,shippingservice,emailservice,0,0,0,0,0,0,0
2026-10-04T14:06:27Z,shippingservice,frontend,0,0,0,0,0,0,0
2026-10-04T14:06:27Z,shippingservice,kubernetes,0,0,0,0,0,0,0
2026-10-04T14:06:27Z,shippingservice,paymentservice,0,0,0,0,0,0,0
2026-10-04T14:06:27Z,shippingservice,productcatalogservice,0,0,0,0,0,0,0
2026-10-04T14:06:27Z,shippingservice,recommendationservice,0,0,0,0,0,0,0
2026-10-04T14:06:27Z,shippingservice,redis-cart,0,0,0,0,0,0,0
2026-10-04T14:06:27Z,shippingservice,shippingservice,0,0,0,0,0,0,0
2026-10-04T14:06:28Z,adservice,adservice,0,0,0,0,0,0,0
2026-10-04T14:06:28Z,adservice,cartservice,0,0,0,0,0,0,0
2026-10-04T14:06:28Z,adservice,checkoutservice,0,0,0,0,0,0,0
2026-10-04T14:06:28Z,adservice,currencyservice,0,0,0,0,0,0,0
2026-10-04T14:06:28Z,adservice,emailservice,0,0,0,0,0,0,0
2026-10-04T14:06:28Z,adservice,frontend,0,0,0,0,0,0,0
2026-10-04T14:06:28Z,adservice,kubernetes,0,0,0,0,0,0,0
2026-10-04T14:06:28Z,adservice,paymentservice,0,0,0,0,0,0,0
2026-10-04T14:06:28Z,adservice,productcatalogservice,0,0,0,0,0,0,0
2026-10-04T14:06:28Z,adservice,recommendationservice,0,0,0,0,0,0,0
2026-10-04T14:06:28Z,adservice,redis-cart,0,0,0,0,0,0,0
2026-10-04T14:06:28Z,adservice,shippingservice,0,0,0,0,0,0,0
2026-10-04T14:06:28Z,cartservice,adservice,0,0,0,0,0,0,0
2026-10-04T14:06:28Z,cartservice,cartservice,0,0,0,0,0,0,0
2026-10-04T14:06:28Z,cartservice,checkoutservice,0,0,0,0,0,0,0
2026-10-04T14:06:28Z,cartservice,currencyservice,0,0,0,0,0,0,0
2026-10-04T14:06:28Z,cartservice,emailservice,0,0,0,0,0,0,0
2026-10-04T14:06:28Z,cartservice,frontend,0,0,0,0,0,0,0
2026-10-04T14:06:28Z,cartservice,kubernetes,0,0,0,0,0,0,0
2026-10-04T14:06:28Z,cartservice,paymentservice,0,0,0,0,0,0,0
2026-10-04T14:06:28Z,cartservice,productcatalogservice,0,0,0,0,0,0,0
2026-10-04T14:06:28Z,cartservice,recommendationservice,0,0,0,0,0,0,0
2026-10-04T14:06:28Z,cartservice,redis-cart,2,0,0,0,0,0,0
2026-10-04T14:06:28Z,cartservice,shippingservice,0,0,0,0,0,0,0
2026-10-04T14:06:28Z,checkoutservice,adservice,0,0,0,0,0,0,0
2026-10-04T14:06:28Z,checkoutservice,cartservice,35744,34937,0,85,0,522980,34616
2026-10-04T14:06:28Z,checkoutservice,checkoutservice,0,0,0,0,0,0,0
2026-10-04T14:06:28Z,checkoutservice,currencyservice,27524,27523,0,0,0,447951,27229
2026-10-04T14:06:28Z,checkoutservice,emailservice,2664,2404,0,61,0,120957,2403
2026-10-04T14:06:28Z,checkoutservice,frontend,0,0,0,0,0,0,0
2026-10-04T14:06:28Z,checkoutservice,kubernetes,0,0,0,0,0,0,0
2026-10-04T14:06:28Z,checkoutservice,paymentservice,21412,19875,0,151,0,333936,19577
2026-10-04T14:06:28Z,checkoutservice,productcatalogservice,0,0,0,0,0,0,0
2026-10-04T14:06:28Z,checkoutservice,recommendationservice,0,0,0,0,0,0,0
2026-10-04T14:06:28Z,checkoutservice,redis-cart,0,0,0,0,0,0,0
2026-10-04T14:06:28Z,checkoutservice,shippingservice,39882,38047,0,133,0,399826,37658
2026-10-04T14:06:28Z,currencyservice,adservice,0,0,0,0,0,0,0
2026-10-04T14:06:28Z,currencyservice,cartservice,0,0,0,0,0,0,0
2026-10-04T14:06:28Z,currencyservice,checkoutservice,0,0,0,0,0,0,0
2026-10-04T14:06:28Z,currencyservice,currencyservice,0,0,0,0,0,0,0
2026-10-04T14:06:28Z,currencyservice,emailservice,0,0,0,0,0,0,0
2026-10-04T14:06:28Z,currencyservice,frontend,0,0,0,0,0,0,0
2026-10-04T14:06:28Z,currencyservice,kubernetes,0,0,0,0,0,0,0
2026-10-04T14:06:28Z,currencyservice,paymentservice,0,0,0,0,0,0,0
2026-10-04T14:06:28Z,currencyservice,productcatalogservice,0,0,0,0,0,0,0
2026-10-04T14:06:28Z,currencyservice,recommendationservice,0,0,0,0,0,0,0
2026-10-04T14:06:28Z,currencyservice,redis-cart,0,0,0,0,0,0,0
2026-10-04T14:06:28Z,currencyservice,shippingservice,0,0,0,0,0,0,0
2026-10-04T14:06:28Z,emailservice,adservice,0,0,0,0,0,0,0
2026-10-04T14:06:28Z,emailservice,cartservice,0,0,0,0,0,0,0
2026-10-04T14:06:28Z,emailservice,checkoutservice,0,0,0,0,0,0,0
2026-10-04T14:06:28Z,emailservice,currencyservice,0,0,0,0,0,0,0
2026-10-04T14:06:28Z,emailservice,emailservice,0,0,0,0,0,0,0
2026-10-04T14:06:28Z,emailservice,frontend,0,0,0,0,0,0,0
2026-10-04T14:06:28Z,emailservice,kubernetes,0,0,0,0,0,0,0
2026-10-04T14:06:28Z,emailservice,paymentservice,0,0,0,0,0,0,0
2026-10-04T14:06:28Z,emailservice,productcatalogservice,0,0,0,0,0,0,0
2026-10-04T14:06:28Z,emailservice,recommendationservice,0,0,0,0,0,0,0
2026-10-04T14:06:28Z,emailservice,redis-cart,0,0,0,0,0,0,0
2026-10-04T14:06:28Z,emailservice,shippingservice,0,0,0,0,0,0,0
2026-10-04T14:06:28Z,frontend,adservice,819200,819198,0,0,0,2469664,818464
2026-10-04T14:06:28Z,frontend,cartservice,1808533,1808518,0,0,4,10080146,1807230
2026-10-04T14:06:28Z,frontend,checkoutservice,386504,180001,0,39342,167101,60800162,179925
2026-10-04T14:06:28Z,frontend,currencyservice,2876123,2876111,0,0,0,15296844,2874038
2026-10-04T14:06:28Z,frontend,emailservice,0,0,0,0,0,0,0
2026-10-04T14:06:28Z,frontend,frontend,0,0,0,0,0,0,0
2026-10-04T14:06:28Z,frontend,kubernetes,0,0,0,0,0,0,0
2026-10-04T14:06:28Z,frontend,paymentservice,0,0,0,0,0,0,0
2026-10-04T14:06:28Z,frontend,productcatalogservice,8104798,8104705,0,0,0,55478988,8097772
2026-10-04T14:06:28Z,frontend,recommendationservice,2597565,1598301,0,104145,892890,779336418,1597112
2026-10-04T14:06:28Z,frontend,redis-cart,0,0,0,0,0,0,0
2026-10-04T14:06:28Z,frontend,shippingservice,300423,300421,0,0,0,913906,300141
2026-10-04T14:06:28Z,paymentservice,adservice,0,0,0,0,0,0,0
2026-10-04T14:06:28Z,paymentservice,cartservice,0,0,0,0,0,0,0
2026-10-04T14:06:28Z,paymentservice,checkoutservice,0,0,0,0,0,0,0
2026-10-04T14:06:28Z,paymentservice,currencyservice,0,0,0,0,0,0,0
2026-10-04T14:06:28Z,paymentservice,emailservice,0,0,0,0,0,0,0
2026-10-04T14:06:28Z,paymentservice,frontend,0,0,0,0,0,0,0
2026-10-04T14:06:28Z,paymentservice,kubernetes,0,0,0,0,0,0,0
2026-10-04T14:06:28Z,paymentservice,paymentservice,0,0,0,0,0,0,0
2026-10-04T14:06:28Z,paymentservice,productcatalogservice,0,0,0,0,0,0,0
2026-10-04T14:06:28Z,paymentservice,recommendationservice,0,0,0,0,0,0,0
2026-10-04T14:06:28Z,paymentservice,redis-cart,0,0,0,0,0,0,0
2026-10-04T14:06:28Z,paymentservice,shippingservice,0,0,0,0,0,0,0
2026-10-04T14:06:28Z,productcatalogservice,adservice,0,0,0,0,0,0,0
2026-10-04T14:06:28Z,productcatalogservice,cartservice,0,0,0,0,0,0,0
2026-10-04T14:06:28Z,productcatalogservice,checkoutservice,0,0,0,0,0,0,0
2026-10-04T14:06:28Z,productcatalogservice,currencyservice,0,0,0,0,0,0,0
2026-10-04T14:06:28Z,productcatalogservice,emailservice,0,0,0,0,0,0,0
2026-10-04T14:06:28Z,productcatalogservice,frontend,0,0,0,0,0,0,0
2026-10-04T14:06:28Z,productcatalogservice,kubernetes,0,0,0,0,0,0,0
2026-10-04T14:06:28Z,productcatalogservice,paymentservice,0,0,0,0,0,0,0
2026-10-04T14:06:28Z,productcatalogservice,productcatalogservice,0,0,0,0,0,0,0
2026-10-04T14:06:28Z,productcatalogservice,recommendationservice,0,0,0,0,0,0,0
2026-10-04T14:06:28Z,productcatalogservice,redis-cart,0,0,0,0,0,0,0
2026-10-04T14:06:28Z,productcatalogservice,shippingservice,0,0,0,0,0,0,0
2026-10-04T14:06:28Z,recommendationservice,adservice,0,0,0,0,0,0,0
2026-10-04T14:06:28Z,recommendationservice,cartservice,0,0,0,0,0,0,0
2026-10-04T14:06:28Z,recommendationservice,checkoutservice,0,0,0,0,0,0,0
2026-10-04T14:06:28Z,recommendationservice,currencyservice,0,0,0,0,0,0,0
2026-10-04T14:06:28Z,recommendationservice,emailservice,0,0,0,0,0,0,0
2026-10-04T14:06:28Z,recommendationservice,frontend,0,0,0,0,0,0,0
2026-10-04T14:06:28Z,recommendationservice,kubernetes,0,0,0,0,0,0,0
2026-10-04T14:06:28Z,recommendationservice,paymentservice,0,0,0,0,0,0,0
2026-10-04T14:06:28Z,recommendationservice,productcatalogservice,73412,73412,0,0,0,596162,71990
2026-10-04T14:06:28Z,recommendationservice,recommendationservice,0,0,0,0,0,0,0
2026-10-04T14:06:28Z,recommendationservice,redis-cart,0,0,0,0,0,0,0
2026-10-04T14:06:28Z,recommendationservice,shippingservice,0,0,0,0,0,0,0
2026-10-04T14:06:28Z,redis-cart,adservice,0,0,0,0,0,0,0
2026-10-04T14:06:28Z,redis-cart,cartservice,0,0,0,0,0,0,0
2026-10-04T14:06:28Z,redis-cart,checkoutservice,0,0,0,0,0,0,0
2026-10-04T14:06:28Z,redis-cart,currencyservice,0,0,0,0,0,0,0
2026-10-04T14:06:28Z,redis-cart,emailservice,0,0,0,0,0,0,0
2026-10-04T14:06:28Z,redis-cart,frontend,0,0,0,0,0,0,0
2026-10-04T14:06:28Z,redis-cart,kubernetes,0,0,0,0,0,0,0
2026-10-04T14:06:28Z,redis-cart,paymentservice,0,0,0,0,0,0,0
2026-10-04T14:06:28Z,redis-cart,productcatalogservice,0,0,0,0,0,0,0
2026-10-04T14:06:28Z,redis-cart,recommendationservice,0,0,0,0,0,0,0
2026-10-04T14:06:28Z,redis-cart,redis-cart,0,0,0,0,0,0,0
2026-10-04T14:06:28Z,redis-cart,shippingservice,0,0,0,0,0,0,0
2026-10-04T14:06:28Z,shippingservice,adservice,0,0,0,0,0,0,0
2026-10-04T14:06:28Z,shippingservice,cartservice,0,0,0,0,0,0,0
2026-10-04T14:06:28Z,shippingservice,checkoutservice,0,0,0,0,0,0,0
2026-10-04T14:06:28Z,shippingservice,currencyservice,0,0,0,0,0,0,0
2026-10-04T14:06:28Z,shippingservice,emailservice,0,0,0,0,0,0,0
2026-10-04T14:06:28Z,shippingservice,frontend,0,0,0,0,0,0,0
2026-10-04T14:06:28Z,shippingservice,kubernetes,0,0,0,0,0,0,0
2026-10-04T14:06:28Z,shippingservice,paymentservice,0,0,0,0,0,0,0
2026-10-04T14:06:28Z,shippingservice,productcatalogservice,0,0,0,0,0,0,0
2026-10-04T14:06:28Z,shippingservice,recommendationservice,0,0,0,0,0,0,0
2026-10-04T14:06:28Z,shippingservice,redis-cart,0,0,0,0,0,0,0
2026-10-04T14:06:28Z,shippingservice,shippingservice,0,0,0,0,0,0,0
2026-10-04T14:06:29Z,adservice,adservice,0,0,0,0,0,0,0
2026-10-04T14:06:29Z,adservice,cartservice,0,0,0,0,0,0,0
2026-10-04T14:06:29Z,adservice,checkoutservice,0,0,0,0,0,0,0
2026-10-04T14:06:29Z,adservice,currencyservice,0,0,0,0,0,0,0
2026-10-04T14:06:29Z,adservice,emailservice,0,0,0,0,0,0,0
2026-10-04T14:06:29Z,adservice,frontend,0,0,0,0,0,0,0
2026-10-04T14:06:29Z,adservice,kubernetes,0,0,0,0,0,0,0
2026-10-04T14:06:29Z,adservice,paymentservice,0,0,0,0,0,0,0
2026-10-04T14:06:29Z,adservice,productcatalogservice,0,0,0,0,0,0,0
2026-10-04T14:06:29Z,adservice,recommendationservice,0,0,0,0,0,0,0
2026-10-04T14:06:29Z,adservice,redis-cart,0,0,0,0,0,0,0
2026-10-04T14:06:29Z,adservice,shippingservice,0,0,0,0,0,0,0
2026-10-04T14:06:29Z,cartservice,adservice,0,0,0,0,0,0,0
2026-10-04T14:06:29Z,cartservice,cartservice,0,0,0,0,0,0,0
2026-10-04T14:06:29Z,cartservice,checkoutservice,0,0,0,0,0,0,0
2026-10-04T14:06:29Z,cartservice,currencyservice,0,0,0,0,0,0,0
2026-10-04T14:06:29Z,cartservice,emailservice,0,0,0,0,0,0,0
2026-10-04T14:06:29Z,cartservice,frontend,0,0,0,0,0,0,0
2026-10-04T14:06:29Z,cartservice,kubernetes,0,0,0,0,0,0,0
2026-10-04T14:06:29Z,cartservice,paymentservice,0,0,0,0,0,0,0
2026-10-04T14:06:29Z,cartservice,productcatalogservice,0,0,0,0,0,0,0
2026-10-04T14:06:29Z,cartservice,recommendationservice,0,0,0,0,0,0,0
2026-10-04T14:06:29Z,cartservice,redis-cart,2,0,0,0,0,0,0
2026-10-04T14:06:29Z,cartservice,shippingservice,0,0,0,0,0,0,0
2026-10-04T14:06:29Z,checkoutservice,adservice,0,0,0,0,0,0,0
2026-10-04T14:06:29Z,checkoutservice,cartservice,35953,35138,0,85,0,522980,34616
2026-10-04T14:06:29Z,checkoutservice,checkoutservice,0,0,0,0,0,0,0
2026-10-04T14:06:29Z,checkoutservice,currencyservice,27715,27706,0,0,0,447951,27229
2026-10-04T14:06:29Z,checkoutservice,emailservice,2665,2404,0,62,0,120957,2403
2026-10-04T14:06:29Z,checkoutservice,frontend,0,0,0,0,0,0,0
2026-10-04T14:06:29Z,checkoutservice,kubernetes,0,0,0,0,0,0,0
2026-10-04T14:06:29Z,checkoutservice,paymentservice,21547,20001,0,153,0,333936,19577
2026-10-04T14:06:29Z,checkoutservice,productcatalogservice,0,0,0,0,0,0,0
2026-10-04T14:06:29Z,checkoutservice,recommendationservice,0,0,0,0,0,0,0
2026-10-04T14:06:29Z,checkoutservice,redis-cart,0,0,0,0,0,0,0
2026-10-04T14:06:29Z,checkoutservice,shippingservice,40138,38288,0,134,0,399826,37658
2026-10-04T14:06:29Z,currencyservice,adservice,0,0,0,0,0,0,0
2026-10-04T14:06:29Z,currencyservice,cartservice,0,0,0,0,0,0,0
2026-10-04T14:06:29Z,currencyservice,checkoutservice,0,0,0,0,0,0,0
2026-10-04T14:06:29Z,currencyservice,currencyservice,0,0,0,0,0,0,0
2026-10-04T14:06:29Z,currencyservice,emailservice,0,0,0,0,0,0,0
2026-10-04T14:06:29Z,currencyservice,frontend,0,0,0,0,0,0,0
2026-10-04T14:06:29Z,currencyservice,kubernetes,0,0,0,0,0,0,0
2026-10-04T14:06:29Z,currencyservice,paymentservice,0,0,0,0,0,0,0
2026-10-04T14:06:29Z,currencyservice,productcatalogservice,0,0,0,0,0,0,0
2026-10-04T14:06:29Z,currencyservice,recommendationservice,0,0,0,0,0,0,0
2026-10-04T14:06:29Z,currencyservice,redis-cart,0,0,0,0,0,0,0
2026-10-04T14:06:29Z,currencyservice,shippingservice,0,0,0,0,0,0,0
2026-10-04T14:06:29Z,emailservice,adservice,0,0,0,0,0,0,0
2026-10-04T14:06:29Z,emailservice,cartservice,0,0,0,0,0,0,0
2026-10-04T14:06:29Z,emailservice,checkoutservice,0,0,0,0,0,0,0
2026-10-04T14:06:29Z,emailservice,currencyservice,0,0,0,0,0,0,0
2026-10-04T14:06:29Z,emailservice,emailservice,0,0,0,0,0,0,0
2026-10-04T14:06:29Z,emailservice,frontend,0,0,0,0,0,0,0
2026-10-04T14:06:29Z,emailservice,kubernetes,0,0,0,0,0,0,0
2026-10-04T14:06:29Z,emailservice,paymentservice,0,0,0,0,0,0,0
2026-10-04T14:06:29Z,emailservice,productcatalogservice,0,0,0,0,0,0,0
2026-10-04T14:06:29Z,emailservice,recommendationservice,0,0,0,0,0,0,0
2026-10-04T14:06:29Z,emailservice,redis-cart,0,0,0,0,0,0,0
2026-10-04T14:06:29Z,emailservice,shippingservice,0,0,0,0,0,0,0
2026-10-04T14:06:29Z,frontend,adservice,819492,819489,0,0,0,2472208,819233
2026-10-04T14:06:29Z,frontend,cartservice,1809003,1808989,0,0,4,10088663,1808558
2026-10-04T14:06:29Z,frontend,checkoutservice,386716,180021,0,39376,167248,60898302,180002
2026-10-04T14:06:29Z,frontend,currencyservice,2876865,2876856,0,0,0,15309457,2876141
2026-10-04T14:06:29Z,frontend,emailservice,0,0,0,0,0,0,0
2026-10-04T14:06:29Z,frontend,frontend,0,0,0,0,0,0,0
2026-10-04T14:06:29Z,frontend,kubernetes,0,0,0,0,0,0,0
2026-10-04T14:06:29Z,frontend,paymentservice,0,0,0,0,0,0,0
2026-10-04T14:06:29Z,frontend,productcatalogservice,8107422,8107349,0,0,0,55528188,8104995
2026-10-04T14:06:29Z,frontend,recommendationservice,2598000,1598746,0,104145,892890,779493980,1598351
2026-10-04T14:06:29Z,frontend,redis-cart,0,0,0,0,0,0,0
2026-10-04T14:06:29Z,frontend,shippingservice,300525,300523,0,0,0,914892,300415
2026-10-04T14:06:29Z,paymentservice,adservice,0,0,0,0,0,0,0
2026-10-04T14:06:29Z,paymentservice,cartservice,0,0,0,0,0,0,0
2026-10-04T14:06:29Z,paymentservice,checkoutservice,0,0,0,0,0,0,0
2026-10-04T14:06:29Z,paymentservice,currencyservice,0,0,0,0,0,0,0
2026-10-04T14:06:29Z,paymentservice,emailservice,0,0,0,0,0,0,0
2026-10-04T14:06:29Z,paymentservice,frontend,0,0,0,0,0,0,0
2026-10-04T14:06:29Z,paymentservice,kubernetes,0,0,0,0,0,0,0
2026-10-04T14:06:29Z,paymentservice,paymentservice,0,0,0,0,0,0,0
2026-10-04T14:06:29Z,paymentservice,productcatalogservice,0,0,0,0,0,0,0
2026-10-04T14:06:29Z,paymentservice,recommendationservice,0,0,0,0,0,0,0
2026-10-04T14:06:29Z,paymentservice,redis-cart,0,0,0,0,0,0,0
2026-10-04T14:06:29Z,paymentservice,shippingservice,0,0,0,0,0,0,0
2026-10-04T14:06:29Z,productcatalogservice,adservice,0,0,0,0,0,0,0
2026-10-04T14:06:29Z,productcatalogservice,cartservice,0,0,0,0,0,0,0
2026-10-04T14:06:29Z,productcatalogservice,checkoutservice,0,0,0,0,0,0,0
2026-10-04T14:06:29Z,productcatalogservice,currencyservice,0,0,0,0,0,0,0
2026-10-04T14:06:29Z,productcatalogservice,emailservice,0,0,0,0,0,0,0
2026-10-04T14:06:29Z,productcatalogservice,frontend,0,0,0,0,0,0,0
2026-10-04T14:06:29Z,productcatalogservice,kubernetes,0,0,0,0,0,0,0
2026-10-04T14:06:29Z,productcatalogservice,paymentservice,0,0,0,0,0,0,0
2026-10-04T14:06:29Z,productcatalogservice,productcatalogservice,0,0,0,0,0,0,0
2026-10-04T14:06:29Z,productcatalogservice,recommendationservice,0,0,0,0,0,0,0
2026-10-04T14:06:29Z,productcatalogservice,redis-cart,0,0,0,0,0,0,0
2026-10-04T14:06:29Z,productcatalogservice,shippingservice,0,0,0,0,0,0,0
2026-10-04T14:06:29Z,recommendationservice,adservice,0,0,0,0,0,0,0
2026-10-04T14:06:29Z,recommendationservice,cartservice,0,0,0,0,0,0,0
2026-10-04T14:06:29Z,recommendationservice,checkoutservice,0,0,0,0,0,0,0
2026-10-04T14:06:29Z,recommendationservice,currencyservice,0,0,0,0,0,0,0
2026-10-04T14:06:29Z,recommendationservice,emailservice,0,0,0,0,0,0,0
2026-10-04T14:06:29Z,recommendationservice,frontend,0,0,0,0,0,0,0
2026-10-04T14:06:29Z,recommendationservice,kubernetes,0,0,0,0,0,0,0
2026-10-04T14:06:29Z,recommendationservice,paymentservice,0,0,0,0,0,0,0
2026-10-04T14:06:29Z,recommendationservice,productcatalogservice,73892,73885,0,0,0,596162,71990
2026-10-04T14:06:29Z,recommendationservice,recommendationservice,0,0,0,0,0,0,0
2026-10-04T14:06:29Z,recommendationservice,redis-cart,0,0,0,0,0,0,0
2026-10-04T14:06:29Z,recommendationservice,shippingservice,0,0,0,0,0,0,0
2026-10-04T14:06:29Z,redis-cart,adservice,0,0,0,0,0,0,0
2026-10-04T14:06:29Z,redis-cart,cartservice,0,0,0,0,0,0,0
2026-10-04T14:06:29Z,redis-cart,checkoutservice,0,0,0,0,0,0,0
2026-10-04T14:06:29Z,redis-cart,currencyservice,0,0,0,0,0,0,0
2026-10-04T14:06:29Z,redis-cart,emailservice,0,0,0,0,0,0,0
2026-10-04T14:06:29Z,redis-cart,frontend,0,0,0,0,0,0,0
2026-10-04T14:06:29Z,redis-cart,kubernetes,0,0,0,0,0,0,0
2026-10-04T14:06:29Z,redis-cart,paymentservice,0,0,0,0,0,0,0
2026-10-04T14:06:29Z,redis-cart,productcatalogservice,0,0,0,0,0,0,0
2026-10-04T14:06:29Z,redis-cart,recommendationservice,0,0,0,0,0,0,0
2026-10-04T14:06:29Z,redis-cart,redis-cart,0,0,0,0,0,0,0
2026-10-04T14:06:29Z,redis-cart,shippingservice,0,0,0,0,0,0,0
2026-10-04T14:06:29Z,shippingservice,adservice,0,0,0,0,0,0,0
2026-10-04T14:06:29Z,shippingservice,cartservice,0,0,0,0,0,0,0
2026-10-04T14:06:29Z,shippingservice,checkoutservice,0,0,0,0,0,0,0
2026-10-04T14:06:29Z,shippingservice,currencyservice,0,0,0,0,0,0,0
2026-10-04T14:06:29Z,shippingservice,emailservice,0,0,0,0,0,0,0
2026-10-04T14:06:29Z,shippingservice,frontend,0,0,0,0,0,0,0
2026-10-04T14:06:29Z,shippingservice,kubernetes,0,0,0,0,0,0,0
2026-10-04T14:06:29Z,shippingservice,paymentservice,0,0,0,0,0,0,0
2026-10-04T14:06:29Z,shippingservice,productcatalogservice,0,0,0,0,0,0,0
2026-10-04T14:06:29Z,shippingservice,recommendationservice,0,0,0,0,0,0,0
2026-10-04T14:06:29Z,shippingservice,redis-cart,0,0,0,0,0,0,0
2026-10-04T14:06:29Z,shippingservice,shippingservice,0,0,0,0,0,0,0
2026-10-04T14:06:30Z,adservice,adservice,0,0,0,0,0,0,0
2026-10-04T14:06:30Z,adservice,cartservice,0,0,0,0,0,0,0
2026-10-04T14:06:30Z,adservice,checkoutservice,0,0,0,0,0,0,0
2026-10-04T14:06:30Z,adservice,currencyservice,0,0,0,0,0,0,0
2026-10-04T14:06:30Z,adservice,emailservice,0,0,0,0,0,0,0
2026-10-04T14:06:30Z,adservice,frontend,0,0,0,0,0,0,0
2026-10-04T14:06:30Z,adservice,kubernetes,0,0,0,0,0,0,0
2026-10-04T14:06:30Z,adservice,paymentservice,0,0,0,0,0,0,0
2026-10-04T14:06:30Z,adservice,productcatalogservice,0,0,0,0,0,0,0
2026-10-04T14:06:30Z,adservice,recommendationservice,0,0,0,0,0,0,0
2026-10-04T14:06:30Z,adservice,redis-cart,0,0,0,0,0,0,0
2026-10-04T14:06:30Z,adservice,shippingservice,0,0,0,0,0,0,0
2026-10-04T14:06:30Z,cartservice,adservice,0,0,0,0,0,0,0
2026-10-04T14:06:30Z,cartservice,cartservice,0,0,0,0,0,0,0
2026-10-04T14:06:30Z,cartservice,checkoutservice,0,0,0,0,0,0,0
2026-10-04T14:06:30Z,cartservice,currencyservice,0,0,0,0,0,0,0
2026-10-04T14:06:30Z,cartservice,emailservice,0,0,0,0,0,0,0
2026-10-04T14:06:30Z,cartservice,frontend,0,0,0,0,0,0,0
2026-10-04T14:06:30Z,cartservice,kubernetes,0,0,0,0,0,0,0
2026-10-04T14:06:30Z,cartservice,paymentservice,0,0,0,0,0,0,0
2026-10-04T14:06:30Z,cartservice,productcatalogservice,0,0,0,0,0,0,0
2026-10-04T14:06:30Z,cartservice,recommendationservice,0,0,0,0,0,0,0
2026-10-04T14:06:30Z,cartservice,redis-cart,2,0,0,0,0,0,0
2026-10-04T14:06:30Z,cartservice,shippingservice,0,0,0,0,0,0,0
2026-10-04T14:06:30Z,checkoutservice,adservice,0,0,0,0,0,0,0
2026-10-04T14:06:30Z,checkoutservice,cartservice,36189,35375,0,87,0,522980,34616
2026-10-04T14:06:30Z,checkoutservice,checkoutservice,0,0,0,0,0,0,0
2026-10-04T14:06:30Z,checkoutservice,currencyservice,27939,27939,0,0,0,447951,27229
2026-10-04T14:06:30Z,checkoutservice,emailservice,2665,2404,0,62,0,120957,2403
2026-10-04T14:06:30Z,checkoutservice,frontend,0,0,0,0,0,0,0
2026-10-04T14:06:30Z,checkoutservice,kubernetes,0,0,0,0,0,0,0
2026-10-04T14:06:30Z,checkoutservice,paymentservice,21718,20136,0,155,0,333936,19577
2026-10-04T14:06:30Z,checkoutservice,productcatalogservice,0,0,0,0,0,0,0
2026-10-04T14:06:30Z,checkoutservice,recommendationservice,0,0,0,0,0,0,0
2026-10-04T14:06:30Z,checkoutservice,redis-cart,0,0,0,0,0,0,0
2026-10-04T14:06:30Z,checkoutservice,shippingservice,40441,38584,0,137,0,399826,37658
2026-10-04T14:06:30Z,currencyservice,adservice,0,0,0,0,0,0,0
2026-10-04T14:06:30Z,currencyservice,cartservice,0,0,0,0,0,0,0
2026-10-04T14:06:30Z,currencyservice,checkoutservice,0,0,0,0,0,0,0
2026-10-04T14:06:30Z,currencyservice,currencyservice,0,0,0,0,0,0,0
2026-10-04T14:06:30Z,currencyservice,emailservice,0,0,0,0,0,0,0
2026-10-04T14:06:30Z,currencyservice,frontend,0,0,0,0,0,0,0
2026-10-04T14:06:30Z,currencyservice,kubernetes,0,0,0,0,0,0,0
2026-10-04T14:06:30Z,currencyservice,paymentservice,0,0,0,0,0,0,0
2026-10-04T14:06:30Z,currencyservice,productcatalogservice,0,0,0,0,0,0,0
2026-10-04T14:06:30Z,currencyservice,recommendationservice,0,0,0,0,0,0,0
2026-10-04T14:06:30Z,currencyservice,redis-cart,0,0,0,0,0,0,0
2026-10-04T14:06:30Z,currencyservice,shippingservice,0,0,0,0,0,0,0
2026-10-04T14:06:30Z,emailservice,adservice,0,0,0,0,0,0,0
2026-10-04T14:06:30Z,emailservice,cartservice,0,0,0,0,0,0,0
2026-10-04T14:06:30Z,emailservice,checkoutservice,0,0,0,0,0,0,0
2026-10-04T14:06:30Z,emailservice,currencyservice,0,0,0,0,0,0,0
2026-10-04T14:06:30Z,emailservice,emailservice,0,0,0,0,0,0,0
2026-10-04T14:06:30Z,emailservice,frontend,0,0,0,0,0,0,0
2026-10-04T14:06:30Z,emailservice,kubernetes,0,0,0,0,0,0,0
2026-10-04T14:06:30Z,emailservice,paymentservice,0,0,0,0,0,0,0
2026-10-04T14:06:30Z,emailservice,productcatalogservice,0,0,0,0,0,0,0
2026-10-04T14:06:30Z,emailservice,recommendationservice,0,0,0,0,0,0,0
2026-10-04T14:06:30Z,emailservice,redis-cart,0,0,0,0,0,0,0
2026-10-04T14:06:30Z,emailservice,shippingservice,0,0,0,0,0,0,0
2026-10-04T14:06:30Z,frontend,adservice,819780,819777,0,0,0,2472208,819233
2026-10-04T14:06:30Z,frontend,cartservice,1809489,1809475,0,0,4,10088663,1808558
2026-10-04T14:06:30Z,frontend,checkoutservice,386968,180049,0,39421,167436,60898302,180002
2026-10-04T14:06:30Z,frontend,currencyservice,2877634,2877620,0,0,0,15309457,2876141
2026-10-04T14:06:30Z,frontend,emailservice,0,0,0,0,0,0,0
2026-10-04T14:06:30Z,frontend,frontend,0,0,0,0,0,0,0
2026-10-04T14:06:30Z,frontend,kubernetes,0,0,0,0,0,0,0
2026-10-04T14:06:30Z,frontend,paymentservice,0,0,0,0,0,0,0
2026-10-04T14:06:30Z,frontend,productcatalogservice,8110075,8109984,0,0,0,55528188,8104995
2026-10-04T14:06:30Z,frontend,recommendationservice,2598452,1599205,0,104145,892890,779493980,1598351
2026-10-04T14:06:30Z,frontend,redis-cart,0,0,0,0,0,0,0
2026-10-04T14:06:30Z,frontend,shippingservice,300622,300620,0,0,0,914892,300415
2026-10-04T14:06:30Z,paymentservice,adservice,0,0,0,0,0,0,0
2026-10-04T14:06:30Z,paymentservice,cartservice,0,0,0,0,0,0,0
2026-10-04T14:06:30Z,paymentservice,checkoutservice,0,0,0,0,0,0,0
2026-10-04T14:06:30Z,paymentservice,currencyservice,0,0,0,0,0,0,0
2026-10-04T14:06:30Z,paymentservice,emailservice,0,0,0,0,0,0,0
2026-10-04T14:06:30Z,paymentservice,frontend,0,0,0,0,0,0,0
2026-10-04T14:06:30Z,paymentservice,kubernetes,0,0,0,0,0,0,0
2026-10-04T14:06:30Z,paymentservice,paymentservice,0,0,0,0,0,0,0
2026-10-04T14:06:30Z,paymentservice,productcatalogservice,0,0,0,0,0,0,0
2026-10-04T14:06:30Z,paymentservice,recommendationservice,0,0,0,0,0,0,0
2026-10-04T14:06:30Z,paymentservice,redis-cart,0,0,0,0,0,0,0
2026-10-04T14:06:30Z,paymentservice,shippingservice,0,0,0,0,0,0,0
2026-10-04T14:06:30Z,productcatalogservice,adservice,0,0,0,0,0,0,0
2026-10-04T14:06:30Z,productcatalogservice,cartservice,0,0,0,0,0,0,0
2026-10-04T14:06:30Z,productcatalogservice,checkoutservice,0,0,0,0,0,0,0
2026-10-04T14:06:30Z,productcatalogservice,currencyservice,0,0,0,0,0,0,0
2026-10-04T14:06:30Z,productcatalogservice,emailservice,0,0,0,0,0,0,0
2026-10-04T14:06:30Z,productcatalogservice,frontend,0,0,0,0,0,0,0
2026-10-04T14:06:30Z,productcatalogservice,kubernetes,0,0,0,0,0,0,0
2026-10-04T14:06:30Z,productcatalogservice,paymentservice,0,0,0,0,0,0,0
2026-10-04T14:06:30Z,productcatalogservice,productcatalogservice,0,0,0,0,0,0,0
2026-10-04T14:06:30Z,productcatalogservice,recommendationservice,0,0,0,0,0,0,0
2026-10-04T14:06:30Z,productcatalogservice,redis-cart,0,0,0,0,0,0,0
2026-10-04T14:06:30Z,productcatalogservice,shippingservice,0,0,0,0,0,0,0
2026-10-04T14:06:30Z,recommendationservice,adservice,0,0,0,0,0,0,0
2026-10-04T14:06:30Z,recommendationservice,cartservice,0,0,0,0,0,0,0
2026-10-04T14:06:30Z,recommendationservice,checkoutservice,0,0,0,0,0,0,0
2026-10-04T14:06:30Z,recommendationservice,currencyservice,0,0,0,0,0,0,0
2026-10-04T14:06:30Z,recommendationservice,emailservice,0,0,0,0,0,0,0
2026-10-04T14:06:30Z,recommendationservice,frontend,0,0,0,0,0,0,0
2026-10-04T14:06:30Z,recommendationservice,kubernetes,0,0,0,0,0,0,0
2026-10-04T14:06:30Z,recommendationservice,paymentservice,0,0,0,0,0,0,0
2026-10-04T14:06:30Z,recommendationservice,productcatalogservice,74308,74303,0,0,0,615809,74162
2026-10-04T14:06:30Z,recommendationservice,recommendationservice,0,0,0,0,0,0,0
2026-10-04T14:06:30Z,recommendationservice,redis-cart,0,0,0,0,0,0,0
2026-10-04T14:06:30Z,recommendationservice,shippingservice,0,0,0,0,0,0,0
2026-10-04T14:06:30Z,redis-cart,adservice,0,0,0,0,0,0,0
2026-10-04T14:06:30Z,redis-cart,cartservice,0,0,0,0,0,0,0
2026-10-04T14:06:30Z,redis-cart,checkoutservice,0,0,0,0,0,0,0
2026-10-04T14:06:30Z,redis-cart,currencyservice,0,0,0,0,0,0,0
2026-10-04T14:06:30Z,redis-cart,emailservice,0,0,0,0,0,0,0
2026-10-04T14:06:30Z,redis-cart,frontend,0,0,0,0,0,0,0
2026-10-04T14:06:30Z,redis-cart,kubernetes,0,0,0,0,0,0,0
2026-10-04T14:06:30Z,redis-cart,paymentservice,0,0,0,0,0,0,0
2026-10-04T14:06:30Z,redis-cart,productcatalogservice,0,0,0,0,0,0,0
2026-10-04T14:06:30Z,redis-cart,recommendationservice,0,0,0,0,0,0,0
2026-10-04T14:06:30Z,redis-cart,redis-cart,0,0,0,0,0,0,0
2026-10-04T14:06:30Z,redis-cart,shippingservice,0,0,0,0,0,0,0
2026-10-04T14:06:30Z,shippingservice,adservice,0,0,0,0,0,0,0
2026-10-04T14:06:30Z,shippingservice,cartservice,0,0,0,0,0,0,0
2026-10-04T14:06:30Z,shippingservice,checkoutservice,0,0,0,0,0,0,0
2026-10-04T14:06:30Z,shippingservice,currencyservice,0,0,0,0,0,0,0
2026-10-04T14:06:30Z,shippingservice,emailservice,0,0,0,0,0,0,0
2026-10-04T14:06:30Z,shippingservice,frontend,0,0,0,0,0,0,0
2026-10-04T14:06:30Z,shippingservice,kubernetes,0,0,0,0,0,0,0
2026-10-04T14:06:30Z,shippingservice,paymentservice,0,0,0,0,0,0,0
2026-10-04T14:06:30Z,shippingservice,productcatalogservice,0,0,0,0,0,0,0
2026-10-04T14:06:30Z,shippingservice,recommendationservice,0,0,0,0,0,0,0
2026-10-04T14:06:30Z,shippingservice,redis-cart,0,0,0,0,0,0,0
2026-10-04T14:06:30Z,shippingservice,shippingservice,0,0,0,0,0,0,0
2026-10-04T14:06:31Z,adservice,adservice,0,0,0,0,0,0,0
2026-10-04T14:06:31Z,adservice,cartservice,0,0,0,0,0,0,0
2026-10-04T14:06:31Z,adservice,checkoutservice,0,0,0,0,0,0,0
2026-10-04T14:06:31Z,adservice,currencyservice,0,0,0,0,0,0,0
2026-10-04T14:06:31Z,adservice,emailservice,0,0,0,0,0,0,0
2026-10-04T14:06:31Z,adservice,frontend,0,0,0,0,0,0,0
2026-10-04T14:06:31Z,adservice,kubernetes,0,0,0,0,0,0,0
2026-10-04T14:06:31Z,adservice,paymentservice,0,0,0,0,0,0,0
2026-10-04T14:06:31Z,adservice,productcatalogservice,0,0,0,0,0,0,0
2026-10-04T14:06:31Z,adservice,recommendationservice,0,0,0,0,0,0,0
2026-10-04T14:06:31Z,adservice,redis-cart,0,0,0,0,0,0,0
2026-10-04T14:06:31Z,adservice,shippingservice,0,0,0,0,0,0,0
2026-10-04T14:06:31Z,cartservice,adservice,0,0,0,0,0,0,0
2026-10-04T14:06:31Z,cartservice,cartservice,0,0,0,0,0,0,0
2026-10-04T14:06:31Z,cartservice,checkoutservice,0,0,0,0,0,0,0
2026-10-04T14:06:31Z,cartservice,currencyservice,0,0,0,0,0,0,0
2026-10-04T14:06:31Z,cartservice,emailservice,0,0,0,0,0,0,0
2026-10-04T14:06:31Z,cartservice,frontend,0,0,0,0,0,0,0
2026-10-04T14:06:31Z,cartservice,kubernetes,0,0,0,0,0,0,0
2026-10-04T14:06:31Z,cartservice,paymentservice,0,0,0,0,0,0,0
2026-10-04T14:06:31Z,cartservice,productcatalogservice,0,0,0,0,0,0,0
2026-10-04T14:06:31Z,cartservice,recommendationservice,0,0,0,0,0,0,0
2026-10-04T14:06:31Z,cartservice,redis-cart,2,0,0,0,0,0,0
2026-10-04T14:06:31Z,cartservice,shippingservice,0,0,0,0,0,0,0
2026-10-04T14:06:31Z,checkoutservice,adservice,0,0,0,0,0,0,0
2026-10-04T14:06:31Z,checkoutservice,cartservice,36404,35570,0,87,0,522980,34616
2026-10-04T14:06:31Z,checkoutservice,checkoutservice,0,0,0,0,0,0,0
2026-10-04T14:06:31Z,checkoutservice,currencyservice,28154,28151,0,0,0,447951,27229
2026-10-04T14:06:31Z,checkoutservice,emailservice,2666,2404,0,62,0,120957,2403
2026-10-04T14:06:31Z,checkoutservice,frontend,0,0,0,0,0,0,0
2026-10-04T14:06:31Z,checkoutservice,kubernetes,0,0,0,0,0,0,0
2026-10-04T14:06:31Z,checkoutservice,paymentservice,21878,20278,0,155,0,333936,19577
2026-10-04T14:06:31Z,checkoutservice,productcatalogservice,0,0,0,0,0,0,0
2026-10-04T14:06:31Z,checkoutservice,recommendationservice,0,0,0,0,0,0,0
2026-10-04T14:06:31Z,checkoutservice,redis-cart,0,0,0,0,0,0,0
2026-10-04T14:06:31Z,checkoutservice,shippingservice,40704,38835,0,140,0,399826,37658
2026-10-04T14:06:31Z,currencyservice,adservice,0,0,0,0,0,0,0
2026-10-04T14:06:31Z,currencyservice,cartservice,0,0,0,0,0,0,0
2026-10-04T14:06:31Z,currencyservice,checkoutservice,0,0,0,0,0,0,0
2026-10-04T14:06:31Z,currencyservice,currencyservice,0,0,0,0,0,0,0
2026-10-04T14:06:31Z,currencyservice,emailservice,0,0,0,0,0,0,0
2026-10-04T14:06:31Z,currencyservice,frontend,0,0,0,0,0,0,0
2026-10-04T14:06:31Z,currencyservice,kubernetes,0,0,0,0,0,0,0
2026-10-04T14:06:31Z,currencyservice,paymentservice,0,0,0,0,0,0,0
2026-10-04T14:06:31Z,currencyservice,productcatalogservice,0,0,0,0,0,0,0
2026-10-04T14:06:31Z,currencyservice,recommendationservice,0,0,0,0,0,0,0
2026-10-04T14:06:31Z,currencyservice,redis-cart,0,0,0,0,0,0,0
2026-10-04T14:06:31Z,currencyservice,shippingservice,0,0,0,0,0,0,0
2026-10-04T14:06:31Z,emailservice,adservice,0,0,0,0,0,0,0
2026-10-04T14:06:31Z,emailservice,cartservice,0,0,0,0,0,0,0
2026-10-04T14:06:31Z,emailservice,checkoutservice,0,0,0,0,0,0,0
2026-10-04T14:06:31Z,emailservice,currencyservice,0,0,0,0,0,0,0
2026-10-04T14:06:31Z,emailservice,emailservice,0,0,0,0,0,0,0
2026-10-04T14:06:31Z,emailservice,frontend,0,0,0,0,0,0,0
2026-10-04T14:06:31Z,emailservice,kubernetes,0,0,0,0,0,0,0
2026-10-04T14:06:31Z,emailservice,paymentservice,0,0,0,0,0,0,0
2026-10-04T14:06:31Z,emailservice,productcatalogservice,0,0,0,0,0,0,0
2026-10-04T14:06:31Z,emailservice,recommendationservice,0,0,0,0,0,0,0
2026-10-04T14:06:31Z,emailservice,redis-cart,0,0,0,0,0,0,0
2026-10-04T14:06:31Z,emailservice,shippingservice,0,0,0,0,0,0,0
2026-10-04T14:06:31Z,frontend,adservice,820043,820038,0,0,0,2472208,819233
2026-10-04T14:06:31Z,frontend,cartservice,1809946,1809929,0,0,4,10088663,1808558
2026-10-04T14:06:31Z,frontend,checkoutservice,387140,180077,0,39468,167545,60898302,180002
2026-10-04T14:06:31Z,frontend,currencyservice,2878366,2878353,0,0,0,15309457,2876141
2026-10-04T14:06:31Z,frontend,emailservice,0,0,0,0,0,0,0
2026-10-04T14:06:31Z,frontend,frontend,0,0,0,0,0,0,0
2026-10-04T14:06:31Z,frontend,kubernetes,0,0,0,0,0,0,0
2026-10-04T14:06:31Z,frontend,paymentservice,0,0,0,0,0,0,0
2026-10-04T14:06:31Z,frontend,productcatalogservice,8112562,8112473,0,0,0,55528188,8104995
2026-10-04T14:06:31Z,frontend,recommendationservice,2598880,1599632,0,104145,892890,779493980,1598351
2026-10-04T14:06:31Z,frontend,redis-cart,0,0,0,0,0,0,0
2026-10-04T14:06:31Z,frontend,shippingservice,300724,300722,0,0,0,914892,300415
2026-10-04T14:06:31Z,paymentservice,adservice,0,0,0,0,0,0,0
2026-10-04T14:06:31Z,paymentservice,cartservice,0,0,0,0,0,0,0
2026-10-04T14:06:31Z,paymentservice,checkoutservice,0,0,0,0,0,0,0
2026-10-04T14:06:31Z,paymentservice,currencyservice,0,0,0,0,0,0,0
2026-10-04T14:06:31Z,paymentservice,emailservice,0,0,0,0,0,0,0
2026-10-04T14:06:31Z,paymentservice,frontend,0,0,0,0,0,0,0
2026-10-04T14:06:31Z,paymentservice,kubernetes,0,0,0,0,0,0,0
2026-10-04T14:06:31Z,paymentservice,paymentservice,0,0,0,0,0,0,0
2026-10-04T14:06:31Z,paymentservice,productcatalogservice,0,0,0,0,0,0,0
2026-10-04T14:06:31Z,paymentservice,recommendationservice,0,0,0,0,0,0,0
2026-10-04T14:06:31Z,paymentservice,redis-cart,0,0,0,0,0,0,0
2026-10-04T14:06:31Z,paymentservice,shippingservice,0,0,0,0,0,0,0
2026-10-04T14:06:31Z,productcatalogservice,adservice,0,0,0,0,0,0,0
2026-10-04T14:06:31Z,productcatalogservice,cartservice,0,0,0,0,0,0,0
2026-10-04T14:06:31Z,productcatalogservice,checkoutservice,0,0,0,0,0,0,0
2026-10-04T14:06:31Z,productcatalogservice,currencyservice,0,0,0,0,0,0,0
2026-10-04T14:06:31Z,productcatalogservice,emailservice,0,0,0,0,0,0,0
2026-10-04T14:06:31Z,productcatalogservice,frontend,0,0,0,0,0,0,0
2026-10-04T14:06:31Z,productcatalogservice,kubernetes,0,0,0,0,0,0,0
2026-10-04T14:06:31Z,productcatalogservice,paymentservice,0,0,0,0,0,0,0
2026-10-04T14:06:31Z,productcatalogservice,productcatalogservice,0,0,0,0,0,0,0
2026-10-04T14:06:31Z,productcatalogservice,recommendationservice,0,0,0,0,0,0,0
2026-10-04T14:06:31Z,productcatalogservice,redis-cart,0,0,0,0,0,0,0
2026-10-04T14:06:31Z,productcatalogservice,shippingservice,0,0,0,0,0,0,0
2026-10-04T14:06:31Z,recommendationservice,adservice,0,0,0,0,0,0,0
2026-10-04T14:06:31Z,recommendationservice,cartservice,0,0,0,0,0,0,0
2026-10-04T14:06:31Z,recommendationservice,checkoutservice,0,0,0,0,0,0,0
2026-10-04T14:06:31Z,recommendationservice,currencyservice,0,0,0,0,0,0,0
2026-10-04T14:06:31Z,recommendationservice,emailservice,0,0,0,0,0,0,0
2026-10-04T14:06:31Z,recommendationservice,frontend,0,0,0,0,0,0,0
2026-10-04T14:06:31Z,recommendationservice,kubernetes,0,0,0,0,0,0,0
2026-10-04T14:06:31Z,recommendationservice,paymentservice,0,0,0,0,0,0,0
2026-10-04T14:06:31Z,recommendationservice,productcatalogservice,74766,74756,0,0,0,615809,74162
2026-10-04T14:06:31Z,recommendationservice,recommendationservice,0,0,0,0,0,0,0
2026-10-04T14:06:31Z,recommendationservice,redis-cart,0,0,0,0,0,0,0
2026-10-04T14:06:31Z,recommendationservice,shippingservice,0,0,0,0,0,0,0
2026-10-04T14:06:31Z,redis-cart,adservice,0,0,0,0,0,0,0
2026-10-04T14:06:31Z,redis-cart,cartservice,0,0,0,0,0,0,0
2026-10-04T14:06:31Z,redis-cart,checkoutservice,0,0,0,0,0,0,0
2026-10-04T14:06:31Z,redis-cart,currencyservice,0,0,0,0,0,0,0
2026-10-04T14:06:31Z,redis-cart,emailservice,0,0,0,0,0,0,0
2026-10-04T14:06:31Z,redis-cart,frontend,0,0,0,0,0,0,0
2026-10-04T14:06:31Z,redis-cart,kubernetes,0,0,0,0,0,0,0
2026-10-04T14:06:31Z,redis-cart,paymentservice,0,0,0,0,0,0,0
2026-10-04T14:06:31Z,redis-cart,productcatalogservice,0,0,0,0,0,0,0
2026-10-04T14:06:31Z,redis-cart,recommendationservice,0,0,0,0,0,0,0
2026-10-04T14:06:31Z,redis-cart,redis-cart,0,0,0,0,0,0,0
2026-10-04T14:06:31Z,redis-cart,shippingservice,0,0,0,0,0,0,0
2026-10-04T14:06:31Z,shippingservice,adservice,0,0,0,0,0,0,0
2026-10-04T14:06:31Z,shippingservice,cartservice,0,0,0,0,0,0,0
2026-10-04T14:06:31Z,shippingservice,checkoutservice,0,0,0,0,0,0,0
2026-10-04T14:06:31Z,shippingservice,currencyservice,0,0,0,0,0,0,0
2026-10-04T14:06:31Z,shippingservice,emailservice,0,0,0,0,0,0,0
2026-10-04T14:06:31Z,shippingservice,frontend,0,0,0,0,0,0,0
2026-10-04T14:06:31Z,shippingservice,kubernetes,0,0,0,0,0,0,0
2026-10-04T14:06:31Z,shippingservice,paymentservice,0,0,0,0,0,0,0
2026-10-04T14:06:31Z,shippingservice,productcatalogservice,0,0,0,0,0,0,0
2026-10-04T14:06:31Z,shippingservice,recommendationservice,0,0,0,0,0,0,0
2026-10-04T14:06:31Z,shippingservice,redis-cart,0,0,0,0,0,0,0
2026-10-04T14:06:31Z,shippingservice,shippingservice,0,0,0,0,0,0,0
2026-10-04T14:06:32Z,adservice,adservice,0,0,0,0,0,0,0
2026-10-04T14:06:32Z,adservice,cartservice,0,0,0,0,0,0,0
2026-10-04T14:06:32Z,adservice,checkoutservice,0,0,0,0,0,0,0
2026-10-04T14:06:32Z,adservice,currencyservice,0,0,0,0,0,0,0
2026-10-04T14:06:32Z,adservice,emailservice,0,0,0,0,0,0,0
2026-10-04T14:06:32Z,adservice,frontend,0,0,0,0,0,0,0
2026-10-04T14:06:32Z,adservice,kubernetes,0,0,0,0,0,0,0
2026-10-04T14:06:32Z,adservice,paymentservice,0,0,0,0,0,0,0
2026-10-04T14:06:32Z,adservice,productcatalogservice,0,0,0,0,0,0,0
2026-10-04T14:06:32Z,adservice,recommendationservice,0,0,0,0,0,0,0
2026-10-04T14:06:32Z,adservice,redis-cart,0,0,0,0,0,0,0
2026-10-04T14:06:32Z,adservice,shippingservice,0,0,0,0,0,0,0
2026-10-04T14:06:32Z,cartservice,adservice,0,0,0,0,0,0,0
2026-10-04T14:06:32Z,cartservice,cartservice,0,0,0,0,0,0,0
2026-10-04T14:06:32Z,cartservice,checkoutservice,0,0,0,0,0,0,0
2026-10-04T14:06:32Z,cartservice,currencyservice,0,0,0,0,0,0,0
2026-10-04T14:06:32Z,cartservice,emailservice,0,0,0,0,0,0,0
2026-10-04T14:06:32Z,cartservice,frontend,0,0,0,0,0,0,0
2026-10-04T14:06:32Z,cartservice,kubernetes,0,0,0,0,0,0,0
2026-10-04T14:06:32Z,cartservice,paymentservice,0,0,0,0,0,0,0
2026-10-04T14:06:32Z,cartservice,productcatalogservice,0,0,0,0,0,0,0
2026-10-04T14:06:32Z,cartservice,recommendationservice,0,0,0,0,0,0,0
2026-10-04T14:06:32Z,cartservice,redis-cart,2,0,0,0,0,0,0
2026-10-04T14:06:32Z,cartservice,shippingservice,0,0,0,0,0,0,0
2026-10-04T14:06:32Z,checkoutservice,adservice,0,0,0,0,0,0,0
2026-10-04T14:06:32Z,checkoutservice,cartservice,36626,35800,0,88,0,542915,35687
2026-10-04T14:06:32Z,checkoutservice,checkoutservice,0,0,0,0,0,0,0
2026-10-04T14:06:32Z,checkoutservice,currencyservice,28347,28312,0,0,0,466589,28249
2026-10-04T14:06:32Z,checkoutservice,emailservice,2666,2404,0,62,0,120966,2404
2026-10-04T14:06:32Z,checkoutservice,frontend,0,0,0,0,0,0,0
2026-10-04T14:06:32Z,checkoutservice,kubernetes,0,0,0,0,0,0,0
2026-10-04T14:06:32Z,checkoutservice,paymentservice,22025,20427,0,155,0,347598,20265
2026-10-04T14:06:32Z,checkoutservice,productcatalogservice,0,0,0,0,0,0,0
2026-10-04T14:06:32Z,checkoutservice,recommendationservice,0,0,0,0,0,0,0
2026-10-04T14:06:32Z,checkoutservice,redis-cart,0,0,0,0,0,0,0
2026-10-04T14:06:32Z,checkoutservice,shippingservice,41017,39136,0,142,0,416452,39000
2026-10-04T14:06:32Z,currencyservice,adservice,0,0,0,0,0,0,0
2026-10-04T14:06:32Z,currencyservice,cartservice,0,0,0,0,0,0,0
2026-10-04T14:06:32Z,currencyservice,checkoutservice,0,0,0,0,0,0,0
2026-10-04T14:06:32Z,currencyservice,currencyservice,0,0,0,0,0,0,0
2026-10-04T14:06:32Z,currencyservice,emailservice,0,0,0,0,0,0,0
2026-10-04T14:06:32Z,currencyservice,frontend,0,0,0,0,0,0,0
2026-10-04T14:06:32Z,currencyservice,kubernetes,0,0,0,0,0,0,0
2026-10-04T14:06:32Z,currencyservice,paymentservice,0,0,0,0,0,0,0
2026-10-04T14:06:32Z,currencyservice,productcatalogservice,0,0,0,0,0,0,0
2026-10-04T14:06:32Z,currencyservice,recommendationservice,0,0,0,0,0,0,0
2026-10-04T14:06:32Z,currencyservice,redis-cart,0,0,0,0,0,0,0
2026-10-04T14:06:32Z,currencyservice,shippingservice,0,0,0,0,0,0,0
2026-10-04T14:06:32Z,emailservice,adservice,0,0,0,0,0,0,0
2026-10-04T14:06:32Z,emailservice,cartservice,0,0,0,0,0,0,0
2026-10-04T14:06:32Z,emailservice,checkoutservice,0,0,0,0,0,0,0
2026-10-04T14:06:32Z,emailservice,currencyservice,0,0,0,0,0,0,0
2026-10-04T14:06:32Z,emailservice,emailservice,0,0,0,0,0,0,0
2026-10-04T14:06:32Z,emailservice,frontend,0,0,0,0,0,0,0
2026-10-04T14:06:32Z,emailservice,kubernetes,0,0,0,0,0,0,0
2026-10-04T14:06:32Z,emailservice,paymentservice,0,0,0,0,0,0,0
2026-10-04T14:06:32Z,emailservice,productcatalogservice,0,0,0,0,0,0,0
2026-10-04T14:06:32Z,emailservice,recommendationservice,0,0,0,0,0,0,0
2026-10-04T14:06:32Z,emailservice,redis-cart,0,0,0,0,0,0,0
2026-10-04T14:06:32Z,emailservice,shippingservice,0,0,0,0,0,0,0
2026-10-04T14:06:32Z,frontend,adservice,820331,820328,0,0,0,2472208,819233
2026-10-04T14:06:32Z,frontend,cartservice,1810427,1810415,0,0,4,10088663,1808558
2026-10-04T14:06:32Z,frontend,checkoutservice,387365,180099,0,39489,167701,60898302,180002
2026-10-04T14:06:32Z,frontend,currencyservice,2879153,2879138,0,0,0,15309457,2876141
2026-10-04T14:06:32Z,frontend,emailservice,0,0,0,0,0,0,0
2026-10-04T14:06:32Z,frontend,frontend,0,0,0,0,0,0,0
2026-10-04T14:06:32Z,frontend,kubernetes,0,0,0,0,0,0,0
2026-10-04T14:06:32Z,frontend,paymentservice,0,0,0,0,0,0,0
2026-10-04T14:06:32Z,frontend,productcatalogservice,8115228,8115155,0,0,0,55528188,8104995
2026-10-04T14:06:32Z,frontend,recommendationservice,2599327,1600087,0,104145,892890,779493980,1598351
2026-10-04T14:06:32Z,frontend,redis-cart,0,0,0,0,0,0,0
2026-10-04T14:06:32Z,frontend,shippingservice,300832,300830,0,0,0,914892,300415
2026-10-04T14:06:32Z,paymentservice,adservice,0,0,0,0,0,0,0
2026-10-04T14:06:32Z,paymentservice,cartservice,0,0,0,0,0,0,0
2026-10-04T14:06:32Z,paymentservice,checkoutservice,0,0,0,0,0,0,0
2026-10-04T14:06:32Z,paymentservice,currencyservice,0,0,0,0,0,0,0
2026-10-04T14:06:32Z,paymentservice,emailservice,0,0,0,0,0,0,0
2026-10-04T14:06:32Z,paymentservice,frontend,0,0,0,0,0,0,0
2026-10-04T14:06:32Z,paymentservice,kubernetes,0,0,0,0,0,0,0
2026-10-04T14:06:32Z,paymentservice,paymentservice,0,0,0,0,0,0,0
2026-10-04T14:06:32Z,paymentservice,productcatalogservice,0,0,0,0,0,0,0
2026-10-04T14:06:32Z,paymentservice,recommendationservice,0,0,0,0,0,0,0
2026-10-04T14:06:32Z,paymentservice,redis-cart,0,0,0,0,0,0,0
2026-10-04T14:06:32Z,paymentservice,shippingservice,0,0,0,0,0,0,0
2026-10-04T14:06:32Z,productcatalogservice,adservice,0,0,0,0,0,0,0
2026-10-04T14:06:32Z,productcatalogservice,cartservice,0,0,0,0,0,0,0
2026-10-04T14:06:32Z,productcatalogservice,checkoutservice,0,0,0,0,0,0,0
2026-10-04T14:06:32Z,productcatalogservice,currencyservice,0,0,0,0,0,0,0
2026-10-04T14:06:32Z,productcatalogservice,emailservice,0,0,0,0,0,0,0
2026-10-04T14:06:32Z,productcatalogservice,frontend,0,0,0,0,0,0,0
2026-10-04T14:06:32Z,productcatalogservice,kubernetes,0,0,0,0,0,0,0
2026-10-04T14:06:32Z,productcatalogservice,paymentservice,0,0,0,0,0,0,0
2026-10-04T14:06:32Z,productcatalogservice,productcatalogservice,0,0,0,0,0,0,0
2026-10-04T14:06:32Z,productcatalogservice,recommendationservice,0,0,0,0,0,0,0
2026-10-04T14:06:32Z,productcatalogservice,redis-cart,0,0,0,0,0,0,0
2026-10-04T14:06:32Z,productcatalogservice,shippingservice,0,0,0,0,0,0,0
2026-10-04T14:06:32Z,recommendationservice,adservice,0,0,0,0,0,0,0
2026-10-04T14:06:32Z,recommendationservice,cartservice,0,0,0,0,0,0,0
2026-10-04T14:06:32Z,recommendationservice,checkoutservice,0,0,0,0,0,0,0
2026-10-04T14:06:32Z,recommendationservice,currencyservice,0,0,0,0,0,0,0
2026-10-04T14:06:32Z,recommendationservice,emailservice,0,0,0,0,0,0,0
2026-10-04T14:06:32Z,recommendationservice,frontend,0,0,0,0,0,0,0
2026-10-04T14:06:32Z,recommendationservice,kubernetes,0,0,0,0,0,0,0
2026-10-04T14:06:32Z,recommendationservice,paymentservice,0,0,0,0,0,0,0
2026-10-04T14:06:32Z,recommendationservice,productcatalogservice,75198,75189,0,0,0,615809,74162
2026-10-04T14:06:32Z,recommendationservice,recommendationservice,0,0,0,0,0,0,0
2026-10-04T14:06:32Z,recommendationservice,redis-cart,0,0,0,0,0,0,0
2026-10-04T14:06:32Z,recommendationservice,shippingservice,0,0,0,0,0,0,0
2026-10-04T14:06:32Z,redis-cart,adservice,0,0,0,0,0,0,0
2026-10-04T14:06:32Z,redis-cart,cartservice,0,0,0,0,0,0,0
2026-10-04T14:06:32Z,redis-cart,checkoutservice,0,0,0,0,0,0,0
2026-10-04T14:06:32Z,redis-cart,currencyservice,0,0,0,0,0,0,0
2026-10-04T14:06:32Z,redis-cart,emailservice,0,0,0,0,0,0,0
2026-10-04T14:06:32Z,redis-cart,frontend,0,0,0,0,0,0,0
2026-10-04T14:06:32Z,redis-cart,kubernetes,0,0,0,0,0,0,0
2026-10-04T14:06:32Z,redis-cart,paymentservice,0,0,0,0,0,0,0
2026-10-04T14:06:32Z,redis-cart,productcatalogservice,0,0,0,0,0,0,0
2026-10-04T14:06:32Z,redis-cart,recommendationservice,0,0,0,0,0,0,0
2026-10-04T14:06:32Z,redis-cart,redis-cart,0,0,0,0,0,0,0
2026-10-04T14:06:32Z,redis-cart,shippingservice,0,0,0,0,0,0,0
2026-10-04T14:06:32Z,shippingservice,adservice,0,0,0,0,0,0,0
2026-10-04T14:06:32Z,shippingservice,cartservice,0,0,0,0,0,0,0
2026-10-04T14:06:32Z,shippingservice,checkoutservice,0,0,0,0,0,0,0
2026-10-04T14:06:32Z,shippingservice,currencyservice,0,0,0,0,0,0,0
2026-10-04T14:06:32Z,shippingservice,emailservice,0,0,0,0,0,0,0
2026-10-04T14:06:32Z,shippingservice,frontend,0,0,0,0,0,0,0
2026-10-04T14:06:32Z,shippingservice,kubernetes,0,0,0,0,0,0,0
2026-10-04T14:06:32Z,shippingservice,paymentservice,0,0,0,0,0,0,0
2026-10-04T14:06:32Z,shippingservice,productcatalogservice,0,0,0,0,0,0,0
2026-10-04T14:06:32Z,shippingservice,recommendationservice,0,0,0,0,0,0,0
2026-10-04T14:06:32Z,shippingservice,redis-cart,0,0,0,0,0,0,0
2026-10-04T14:06:32Z,shippingservice,shippingservice,0,0,0,0,0,0,0
2026-10-04T14:06:33Z,adservice,adservice,0,0,0,0,0,0,0
2026-10-04T14:06:33Z,adservice,cartservice,0,0,0,0,0,0,0
2026-10-04T14:06:33Z,adservice,checkoutservice,0,0,0,0,0,0,0
2026-10-04T14:06:33Z,adservice,currencyservice,0,0,0,0,0,0,0
2026-10-04T14:06:33Z,adservice,emailservice,0,0,0,0,0,0,0
2026-10-04T14:06:33Z,adservice,frontend,0,0,0,0,0,0,0
2026-10-04T14:06:33Z,adservice,kubernetes,0,0,0,0,0,0,0
2026-10-04T14:06:33Z,adservice,paymentservice,0,0,0,0,0,0,0
2026-10-04T14:06:33Z,adservice,productcatalogservice,0,0,0,0,0,0,0
2026-10-04T14:06:33Z,adservice,recommendationservice,0,0,0,0,0,0,0
2026-10-04T14:06:33Z,adservice,redis-cart,0,0,0,0,0,0,0
2026-10-04T14:06:33Z,adservice,shippingservice,0,0,0,0,0,0,0
2026-10-04T14:06:33Z,cartservice,adservice,0,0,0,0,0,0,0
2026-10-04T14:06:33Z,cartservice,cartservice,0,0,0,0,0,0,0
2026-10-04T14:06:33Z,cartservice,checkoutservice,0,0,0,0,0,0,0
2026-10-04T14:06:33Z,cartservice,currencyservice,0,0,0,0,0,0,0
2026-10-04T14:06:33Z,cartservice,emailservice,0,0,0,0,0,0,0
2026-10-04T14:06:33Z,cartservice,frontend,0,0,0,0,0,0,0
2026-10-04T14:06:33Z,cartservice,kubernetes,0,0,0,0,0,0,0
2026-10-04T14:06:33Z,cartservice,paymentservice,0,0,0,0,0,0,0
2026-10-04T14:06:33Z,cartservice,productcatalogservice,0,0,0,0,0,0,0
2026-10-04T14:06:33Z,cartservice,recommendationservice,0,0,0,0,0,0,0
2026-10-04T14:06:33Z,cartservice,redis-cart,2,0,0,0,0,0,0
2026-10-04T14:06:33Z,cartservice,shippingservice,0,0,0,0,0,0,0
2026-10-04T14:06:33Z,checkoutservice,adservice,0,0,0,0,0,0,0
2026-10-04T14:06:33Z,checkoutservice,cartservice,36869,36038,0,89,0,542915,35687
2026-10-04T14:06:33Z,checkoutservice,checkoutservice,0,0,0,0,0,0,0
2026-10-04T14:06:33Z,checkoutservice,currencyservice,28575,28532,0,0,0,466589,28249
2026-10-04T14:06:33Z,checkoutservice,emailservice,2667,2405,0,62,0,120966,2404
2026-10-04T14:06:33Z,checkoutservice,frontend,0,0,0,0,0,0,0
2026-10-04T14:06:33Z,checkoutservice,kubernetes,0,0,0,0,0,0,0
2026-10-04T14:06:33Z,checkoutservice,paymentservice,22167,20542,0,157,0,347598,20265
2026-10-04T14:06:33Z,checkoutservice,productcatalogservice,0,0,0,0,0,0,0
2026-10-04T14:06:33Z,checkoutservice,recommendationservice,0,0,0,0,0,0,0
2026-10-04T14:06:33Z,checkoutservice,redis-cart,0,0,0,0,0,0,0
2026-10-04T14:06:33Z,checkoutservice,shippingservice,41309,39409,0,142,0,416452,39000
2026-10-04T14:06:33Z,currencyservice,adservice,0,0,0,0,0,0,0
2026-10-04T14:06:33Z,currencyservice,cartservice,0,0,0,0,0,0,0
2026-10-04T14:06:33Z,currencyservice,checkoutservice,0,0,0,0,0,0,0
2026-10-04T14:06:33Z,currencyservice,currencyservice,0,0,0,0,0,0,0
2026-10-04T14:06:33Z,currencyservice,emailservice,0,0,0,0,0,0,0
2026-10-04T14:06:33Z,currencyservice,frontend,0,0,0,0,0,0,0
2026-10-04T14:06:33Z,currencyservice,kubernetes,0,0,0,0,0,0,0
2026-10-04T14:06:33Z,currencyservice,paymentservice,0,0,0,0,0,0,0
2026-10-04T14:06:33Z,currencyservice,productcatalogservice,0,0,0,0,0,0,0
2026-10-04T14:06:33Z,currencyservice,recommendationservice,0,0,0,0,0,0,0
2026-10-04T14:06:33Z,currencyservice,redis-cart,0,0,0,0,0,0,0
2026-10-04T14:06:33Z,currencyservice,shippingservice,0,0,0,0,0,0,0
2026-10-04T14:06:33Z,emailservice,adservice,0,0,0,0,0,0,0
2026-10-04T14:06:33Z,emailservice,cartservice,0,0,0,0,0,0,0
2026-10-04T14:06:33Z,emailservice,checkoutservice,0,0,0,0,0,0,0
2026-10-04T14:06:33Z,emailservice,currencyservice,0,0,0,0,0,0,0
2026-10-04T14:06:33Z,emailservice,emailservice,0,0,0,0,0,0,0
2026-10-04T14:06:33Z,emailservice,frontend,0,0,0,0,0,0,0
2026-10-04T14:06:33Z,emailservice,kubernetes,0,0,0,0,0,0,0
2026-10-04T14:06:33Z,emailservice,paymentservice,0,0,0,0,0,0,0
2026-10-04T14:06:33Z,emailservice,productcatalogservice,0,0,0,0,0,0,0
2026-10-04T14:06:33Z,emailservice,recommendationservice,0,0,0,0,0,0,0
2026-10-04T14:06:33Z,emailservice,redis-cart,0,0,0,0,0,0,0
2026-10-04T14:06:33Z,emailservice,shippingservice,0,0,0,0,0,0,0
2026-10-04T14:06:33Z,frontend,adservice,820588,820582,0,0,0,2472991,819536
2026-10-04T14:06:33Z,frontend,cartservice,1810873,1810857,0,0,4,10091695,1809070
2026-10-04T14:06:33Z,frontend,checkoutservice,387575,180131,0,39532,167846,60930397,180028
2026-10-04T14:06:33Z,frontend,currencyservice,2879858,2879845,0,0,0,15315291,2876980
2026-10-04T14:06:33Z,frontend,emailservice,0,0,0,0,0,0,0
2026-10-04T14:06:33Z,frontend,frontend,0,0,0,0,0,0,0
2026-10-04T14:06:33Z,frontend,kubernetes,0,0,0,0,0,0,0
2026-10-04T14:06:33Z,frontend,paymentservice,0,0,0,0,0,0,0
2026-10-04T14:06:33Z,frontend,productcatalogservice,8117641,8117552,0,0,0,55553109,8107799
2026-10-04T14:06:33Z,frontend,recommendationservice,2599759,1600506,0,104145,892890,779540562,1598832
2026-10-04T14:06:33Z,frontend,redis-cart,0,0,0,0,0,0,0
2026-10-04T14:06:33Z,frontend,shippingservice,300925,300923,0,0,0,915201,300535
2026-10-04T14:06:33Z,paymentservice,adservice,0,0,0,0,0,0,0
2026-10-04T14:06:33Z,paymentservice,cartservice,0,0,0,0,0,0,0
2026-10-04T14:06:33Z,paymentservice,checkoutservice,0,0,0,0,0,0,0
2026-10-04T14:06:33Z,paymentservice,currencyservice,0,0,0,0,0,0,0
2026-10-04T14:06:33Z,paymentservice,emailservice,0,0,0,0,0,0,0
2026-10-04T14:06:33Z,paymentservice,frontend,0,0,0,0,0,0,0
2026-10-04T14:06:33Z,paymentservice,kubernetes,0,0,0,0,0,0,0
2026-10-04T14:06:33Z,paymentservice,paymentservice,0,0,0,0,0,0,0
2026-10-04T14:06:33Z,paymentservice,productcatalogservice,0,0,0,0,0,0,0
2026-10-04T14:06:33Z,paymentservice,recommendationservice,0,0,0,0,0,0,0
2026-10-04T14:06:33Z,paymentservice,redis-cart,0,0,0,0,0,0,0
2026-10-04T14:06:33Z,paymentservice,shippingservice,0,0,0,0,0,0,0
2026-10-04T14:06:33Z,productcatalogservice,adservice,0,0,0,0,0,0,0
2026-10-04T14:06:33Z,productcatalogservice,cartservice,0,0,0,0,0,0,0
2026-10-04T14:06:33Z,productcatalogservice,checkoutservice,0,0,0,0,0,0,0
2026-10-04T14:06:33Z,productcatalogservice,currencyservice,0,0,0,0,0,0,0
2026-10-04T14:06:33Z,productcatalogservice,emailservice,0,0,0,0,0,0,0
2026-10-04T14:06:33Z,productcatalogservice,frontend,0,0,0,0,0,0,0
2026-10-04T14:06:33Z,productcatalogservice,kubernetes,0,0,0,0,0,0,0
2026-10-04T14:06:33Z,productcatalogservice,paymentservice,0,0,0,0,0,0,0
2026-10-04T14:06:33Z,productcatalogservice,productcatalogservice,0,0,0,0,0,0,0
2026-10-04T14:06:33Z,productcatalogservice,recommendationservice,0,0,0,0,0,0,0
2026-10-04T14:06:33Z,productcatalogservice,redis-cart,0,0,0,0,0,0,0
2026-10-04T14:06:33Z,productcatalogservice,shippingservice,0,0,0,0,0,0,0
2026-10-04T14:06:33Z,recommendationservice,adservice,0,0,0,0,0,0,0
2026-10-04T14:06:33Z,recommendationservice,cartservice,0,0,0,0,0,0,0
2026-10-04T14:06:33Z,recommendationservice,checkoutservice,0,0,0,0,0,0,0
2026-10-04T14:06:33Z,recommendationservice,currencyservice,0,0,0,0,0,0,0
2026-10-04T14:06:33Z,recommendationservice,emailservice,0,0,0,0,0,0,0
2026-10-04T14:06:33Z,recommendationservice,frontend,0,0,0,0,0,0,0
2026-10-04T14:06:33Z,recommendationservice,kubernetes,0,0,0,0,0,0,0
2026-10-04T14:06:33Z,recommendationservice,paymentservice,0,0,0,0,0,0,0
2026-10-04T14:06:33Z,recommendationservice,productcatalogservice,75621,75618,0,0,0,615809,74162
2026-10-04T14:06:33Z,recommendationservice,recommendationservice,0,0,0,0,0,0,0
2026-10-04T14:06:33Z,recommendationservice,redis-cart,0,0,0,0,0,0,0
2026-10-04T14:06:33Z,recommendationservice,shippingservice,0,0,0,0,0,0,0
2026-10-04T14:06:33Z,redis-cart,adservice,0,0,0,0,0,0,0
2026-10-04T14:06:33Z,redis-cart,cartservice,0,0,0,0,0,0,0
2026-10-04T14:06:33Z,redis-cart,checkoutservice,0,0,0,0,0,0,0
2026-10-04T14:06:33Z,redis-cart,currencyservice,0,0,0,0,0,0,0
2026-10-04T14:06:33Z,redis-cart,emailservice,0,0,0,0,0,0,0
2026-10-04T14:06:33Z,redis-cart,frontend,0,0,0,0,0,0,0
2026-10-04T14:06:33Z,redis-cart,kubernetes,0,0,0,0,0,0,0
2026-10-04T14:06:33Z,redis-cart,paymentservice,0,0,0,0,0,0,0
2026-10-04T14:06:33Z,redis-cart,productcatalogservice,0,0,0,0,0,0,0
2026-10-04T14:06:33Z,redis-cart,recommendationservice,0,0,0,0,0,0,0
2026-10-04T14:06:33Z,redis-cart,redis-cart,0,0,0,0,0,0,0
2026-10-04T14:06:33Z,redis-cart,shippingservice,0,0,0,0,0,0,0
2026-10-04T14:06:33Z,shippingservice,adservice,0,0,0,0,0,0,0
2026-10-04T14:06:33Z,shippingservice,cartservice,0,0,0,0,0,0,0
2026-10-04T14:06:33Z,shippingservice,checkoutservice,0,0,0,0,0,0,0
2026-10-04T14:06:33Z,shippingservice,currencyservice,0,0,0,0,0,0,0
2026-10-04T14:06:33Z,shippingservice,emailservice,0,0,0,0,0,0,0
2026-10-04T14:06:33Z,shippingservice,frontend,0,0,0,0,0,0,0
2026-10-04T14:06:33Z,shippingservice,kubernetes,0,0,0,0,0,0,0
2026-10-04T14:06:33Z,shippingservice,paymentservice,0,0,0,0,0,0,0
2026-10-04T14:06:33Z,shippingservice,productcatalogservice,0,0,0,0,0,0,0
2026-10-04T14:06:33Z,shippingservice,recommendationservice,0,0,0,0,0,0,0
2026-10-04T14:06:33Z,shippingservice,redis-cart,0,0,0,0,0,0,0
2026-10-04T14:06:33Z,shippingservice,shippingservice,0,0,0,0,0,0,0
2026-10-04T14:06:34Z,adservice,adservice,0,0,0,0,0,0,0
2026-10-04T14:06:34Z,adservice,cartservice,0,0,0,0,0,0,0
2026-10-04T14:06:34Z,adservice,checkoutservice,0,0,0,0,0,0,0
2026-10-04T14:06:34Z,adservice,currencyservice,0,0,0,0,0,0,0
2026-10-04T14:06:34Z,adservice,emailservice,0,0,0,0,0,0,0
2026-10-04T14:06:34Z,adservice,frontend,0,0,0,0,0,0,0
2026-10-04T14:06:34Z,adservice,kubernetes,0,0,0,0,0,0,0
2026-10-04T14:06:34Z,adservice,paymentservice,0,0,0,0,0,0,0
2026-10-04T14:06:34Z,adservice,productcatalogservice,0,0,0,0,0,0,0
2026-10-04T14:06:34Z,adservice,recommendationservice,0,0,0,0,0,0,0
2026-10-04T14:06:34Z,adservice,redis-cart,0,0,0,0,0,0,0
2026-10-04T14:06:34Z,adservice,shippingservice,0,0,0,0,0,0,0
2026-10-04T14:06:34Z,cartservice,adservice,0,0,0,0,0,0,0
2026-10-04T14:06:34Z,cartservice,cartservice,0,0,0,0,0,0,0
2026-10-04T14:06:34Z,cartservice,checkoutservice,0,0,0,0,0,0,0
2026-10-04T14:06:34Z,cartservice,currencyservice,0,0,0,0,0,0,0
2026-10-04T14:06:34Z,cartservice,emailservice,0,0,0,0,0,0,0
2026-10-04T14:06:34Z,cartservice,frontend,0,0,0,0,0,0,0
2026-10-04T14:06:34Z,cartservice,kubernetes,0,0,0,0,0,0,0
2026-10-04T14:06:34Z,cartservice,paymentservice,0,0,0,0,0,0,0
2026-10-04T14:06:34Z,cartservice,productcatalogservice,0,0,0,0,0,0,0
2026-10-04T14:06:34Z,cartservice,recommendationservice,0,0,0,0,0,0,0
2026-10-04T14:06:34Z,cartservice,redis-cart,2,0,0,0,0,0,0
2026-10-04T14:06:34Z,cartservice,shippingservice,0,0,0,0,0,0,0
2026-10-04T14:06:34Z,checkoutservice,adservice,0,0,0,0,0,0,0
2026-10-04T14:06:34Z,checkoutservice,cartservice,37083,36248,0,89,0,542915,35687
2026-10-04T14:06:34Z,checkoutservice,checkoutservice,0,0,0,0,0,0,0
2026-10-04T14:06:34Z,checkoutservice,currencyservice,28749,28749,0,0,0,466589,28249
2026-10-04T14:06:34Z,checkoutservice,emailservice,2669,2405,0,63,0,120966,2404
2026-10-04T14:06:34Z,checkoutservice,frontend,0,0,0,0,0,0,0
2026-10-04T14:06:34Z,checkoutservice,kubernetes,0,0,0,0,0,0,0
2026-10-04T14:06:34Z,checkoutservice,paymentservice,22355,20723,0,161,0,347598,20265
2026-10-04T14:06:34Z,checkoutservice,productcatalogservice,0,0,0,0,0,0,0
2026-10-04T14:06:34Z,checkoutservice,recommendationservice,0,0,0,0,0,0,0
2026-10-04T14:06:34Z,checkoutservice,redis-cart,0,0,0,0,0,0,0
2026-10-04T14:06:34Z,checkoutservice,shippingservice,41547,39630,0,145,0,416452,39000
2026-10-04T14:06:34Z,currencyservice,adservice,0,0,0,0,0,0,0
2026-10-04T14:06:34Z,currencyservice,cartservice,0,0,0,0,0,0,0
2026-10-04T14:06:34Z,currencyservice,checkoutservice,0,0,0,0,0,0,0
2026-10-04T14:06:34Z,currencyservice,currencyservice,0,0,0,0,0,0,0
2026-10-04T14:06:34Z,currencyservice,emailservice,0,0,0,0,0,0,0
2026-10-04T14:06:34Z,currencyservice,frontend,0,0,0,0,0,0,0
2026-10-04T14:06:34Z,currencyservice,kubernetes,0,0,0,0,0,0,0
2026-10-04T14:06:34Z,currencyservice,paymentservice,0,0,0,0,0,0,0
2026-10-04T14:06:34Z,currencyservice,productcatalogservice,0,0,0,0,0,0,0
2026-10-04T14:06:34Z,currencyservice,recommendationservice,0,0,0,0,0,0,0
2026-10-04T14:06:34Z,currencyservice,redis-cart,0,0,0,0,0,0,0
2026-10-04T14:06:34Z,currencyservice,shippingservice,0,0,0,0,0,0,0
2026-10-04T14:06:34Z,emailservice,adservice,0,0,0,0,0,0,0
2026-10-04T14:06:34Z,emailservice,cartservice,0,0,0,0,0,0,0
2026-10-04T14:06:34Z,emailservice,checkoutservice,0,0,0,0,0,0,0
2026-10-04T14:06:34Z,emailservice,currencyservice,0,0,0,0,0,0,0
2026-10-04T14:06:34Z,emailservice,emailservice,0,0,0,0,0,0,0
2026-10-04T14:06:34Z,emailservice,frontend,0,0,0,0,0,0,0
2026-10-04T14:06:34Z,emailservice,kubernetes,0,0,0,0,0,0,0
2026-10-04T14:06:34Z,emailservice,paymentservice,0,0,0,0,0,0,0
2026-10-04T14:06:34Z,emailservice,productcatalogservice,0,0,0,0,0,0,0
2026-10-04T14:06:34Z,emailservice,recommendationservice,0,0,0,0,0,0,0
2026-10-04T14:06:34Z,emailservice,redis-cart,0,0,0,0,0,0,0
2026-10-04T14:06:34Z,emailservice,shippingservice,0,0,0,0,0,0,0
2026-10-04T14:06:34Z,frontend,adservice,820839,820835,0,0,0,2476783,820649
2026-10-04T14:06:34Z,frontend,cartservice,1811351,1811332,0,0,4,10103294,1810942
2026-10-04T14:06:34Z,frontend,checkoutservice,387785,180151,0,39571,168007,61057317,180133
2026-10-04T14:06:34Z,frontend,currencyservice,2880608,2880599,0,0,0,15334542,2879960
2026-10-04T14:06:34Z,frontend,emailservice,0,0,0,0,0,0,0
2026-10-04T14:06:34Z,frontend,frontend,0,0,0,0,0,0,0
2026-10-04T14:06:34Z,frontend,kubernetes,0,0,0,0,0,0,0
2026-10-04T14:06:34Z,frontend,paymentservice,0,0,0,0,0,0,0
2026-10-04T14:06:34Z,frontend,productcatalogservice,8120027,8119946,0,0,0,55628980,8118032
2026-10-04T14:06:34Z,frontend,recommendationservice,2600186,1600903,0,104145,892890,779696234,1600578
2026-10-04T14:06:34Z,frontend,redis-cart,0,0,0,0,0,0,0
2026-10-04T14:06:34Z,frontend,shippingservice,301024,301022,0,0,0,916702,300923
2026-10-04T14:06:34Z,paymentservice,adservice,0,0,0,0,0,0,0
2026-10-04T14:06:34Z,paymentservice,cartservice,0,0,0,0,0,0,0
2026-10-04T14:06:34Z,paymentservice,checkoutservice,0,0,0,0,0,0,0
2026-10-04T14:06:34Z,paymentservice,currencyservice,0,0,0,0,0,0,0
2026-10-04T14:06:34Z,paymentservice,emailservice,0,0,0,0,0,0,0
2026-10-04T14:06:34Z,paymentservice,frontend,0,0,0,0,0,0,0
2026-10-04T14:06:34Z,paymentservice,kubernetes,0,0,0,0,0,0,0
2026-10-04T14:06:34Z,paymentservice,paymentservice,0,0,0,0,0,0,0
2026-10-04T14:06:34Z,paymentservice,productcatalogservice,0,0,0,0,0,0,0
2026-10-04T14:06:34Z,paymentservice,recommendationservice,0,0,0,0,0,0,0
2026-10-04T14:06:34Z,paymentservice,redis-cart,0,0,0,0,0,0,0
2026-10-04T14:06:34Z,paymentservice,shippingservice,0,0,0,0,0,0,0
2026-10-04T14:06:34Z,productcatalogservice,adservice,0,0,0,0,0,0,0
2026-10-04T14:06:34Z,productcatalogservice,cartservice,0,0,0,0,0,0,0
2026-10-04T14:06:34Z,productcatalogservice,checkoutservice,0,0,0,0,0,0,0
2026-10-04T14:06:34Z,productcatalogservice,currencyservice,0,0,0,0,0,0,0
2026-10-04T14:06:34Z,productcatalogservice,emailservice,0,0,0,0,0,0,0
2026-10-04T14:06:34Z,productcatalogservice,frontend,0,0,0,0,0,0,0
2026-10-04T14:06:34Z,productcatalogservice,kubernetes,0,0,0,0,0,0,0
2026-10-04T14:06:34Z,productcatalogservice,paymentservice,0,0,0,0,0,0,0
2026-10-04T14:06:34Z,productcatalogservice,productcatalogservice,0,0,0,0,0,0,0
2026-10-04T14:06:34Z,productcatalogservice,recommendationservice,0,0,0,0,0,0,0
2026-10-04T14:06:34Z,productcatalogservice,redis-cart,0,0,0,0,0,0,0
2026-10-04T14:06:34Z,productcatalogservice,shippingservice,0,0,0,0,0,0,0
2026-10-04T14:06:34Z,recommendationservice,adservice,0,0,0,0,0,0,0
2026-10-04T14:06:34Z,recommendationservice,cartservice,0,0,0,0,0,0,0
2026-10-04T14:06:34Z,recommendationservice,checkoutservice,0,0,0,0,0,0,0
2026-10-04T14:06:34Z,recommendationservice,currencyservice,0,0,0,0,0,0,0
2026-10-04T14:06:34Z,recommendationservice,emailservice,0,0,0,0,0,0,0
2026-10-04T14:06:34Z,recommendationservice,frontend,0,0,0,0,0,0,0
2026-10-04T14:06:34Z,recommendationservice,kubernetes,0,0,0,0,0,0,0
2026-10-04T14:06:34Z,recommendationservice,paymentservice,0,0,0,0,0,0,0
2026-10-04T14:06:34Z,recommendationservice,productcatalogservice,76043,76037,0,0,0,615809,74162
2026-10-04T14:06:34Z,recommendationservice,recommendationservice,0,0,0,0,0,0,0
2026-10-04T14:06:34Z,recommendationservice,redis-cart,0,0,0,0,0,0,0
2026-10-04T14:06:34Z,recommendationservice,shippingservice,0,0,0,0,0,0,0
2026-10-04T14:06:34Z,redis-cart,adservice,0,0,0,0,0,0,0
2026-10-04T14:06:34Z,redis-cart,cartservice,0,0,0,0,0,0,0
2026-10-04T14:06:34Z,redis-cart,checkoutservice,0,0,0,0,0,0,0
2026-10-04T14:06:34Z,redis-cart,currencyservice,0,0,0,0,0,0,0
2026-10-04T14:06:34Z,redis-cart,emailservice,0,0,0,0,0,0,0
2026-10-04T14:06:34Z,redis-cart,frontend,0,0,0,0,0,0,0
2026-10-04T14:06:34Z,redis-cart,kubernetes,0,0,0,0,0,0,0
2026-10-04T14:06:34Z,redis-cart,paymentservice,0,0,0,0,0,0,0
2026-10-04T14:06:34Z,redis-cart,productcatalogservice,0,0,0,0,0,0,0
2026-10-04T14:06:34Z,redis-cart,recommendationservice,0,0,0,0,0,0,0
2026-10-04T14:06:34Z,redis-cart,redis-cart,0,0,0,0,0,0,0
2026-10-04T14:06:34Z,redis-cart,shippingservice,0,0,0,0,0,0,0
2026-10-04T14:06:34Z,shippingservice,adservice,0,0,0,0,0,0,0
2026-10-04T14:06:34Z,shippingservice,cartservice,0,0,0,0,0,0,0
2026-10-04T14:06:34Z,shippingservice,checkoutservice,0,0,0,0,0,0,0
2026-10-04T14:06:34Z,shippingservice,currencyservice,0,0,0,0,0,0,0
2026-10-04T14:06:34Z,shippingservice,emailservice,0,0,0,0,0,0,0
2026-10-04T14:06:34Z,shippingservice,frontend,0,0,0,0,0,0,0
2026-10-04T14:06:34Z,shippingservice,kubernetes,0,0,0,0,0,0,0
2026-10-04T14:06:34Z,shippingservice,paymentservice,0,0,0,0,0,0,0
2026-10-04T14:06:34Z,shippingservice,productcatalogservice,0,0,0,0,0,0,0
2026-10-04T14:06:34Z,shippingservice,recommendationservice,0,0,0,0,0,0,0
2026-10-04T14:06:34Z,shippingservice,redis-cart,0,0,0,0,0,0,0
2026-10-04T14:06:34Z,shippingservice,shippingservice,0,0,0,0,0,0,0
2026-10-04T14:06:35Z,adservice,adservice,0,0,0,0,0,0,0
2026-10-04T14:06:35Z,adservice,cartservice,0,0,0,0,0,0,0
2026-10-04T14:06:35Z,adservice,checkoutservice,0,0,0,0,0,0,0
2026-10-04T14:06:35Z,adservice,currencyservice,0,0,0,0,0,0,0
2026-10-04T14:06:35Z,adservice,emailservice,0,0,0,0,0,0,0
2026-10-04T14:06:35Z,adservice,frontend,0,0,0,0,0,0,0
2026-10-04T14:06:35Z,adservice,kubernetes,0,0,0,0,0,0,0
2026-10-04T14:06:35Z,adservice,paymentservice,0,0,0,0,0,0,0
2026-10-04T14:06:35Z,adservice,productcatalogservice,0,0,0,0,0,0,0
2026-10-04T14:06:35Z,adservice,recommendationservice,0,0,0,0,0,0,0
2026-10-04T14:06:35Z,adservice,redis-cart,0,0,0,0,0,0,0
2026-10-04T14:06:35Z,adservice,shippingservice,0,0,0,0,0,0,0
2026-10-04T14:06:35Z,cartservice,adservice,0,0,0,0,0,0,0
2026-10-04T14:06:35Z,cartservice,cartservice,0,0,0,0,0,0,0
2026-10-04T14:06:35Z,cartservice,checkoutservice,0,0,0,0,0,0,0
2026-10-04T14:06:35Z,cartservice,currencyservice,0,0,0,0,0,0,0
2026-10-04T14:06:35Z,cartservice,emailservice,0,0,0,0,0,0,0
2026-10-04T14:06:35Z,cartservice,frontend,0,0,0,0,0,0,0
2026-10-04T14:06:35Z,cartservice,kubernetes,0,0,0,0,0,0,0
2026-10-04T14:06:35Z,cartservice,paymentservice,0,0,0,0,0,0,0
2026-10-04T14:06:35Z,cartservice,productcatalogservice,0,0,0,0,0,0,0
2026-10-04T14:06:35Z,cartservice,recommendationservice,0,0,0,0,0,0,0
2026-10-04T14:06:35Z,cartservice,redis-cart,2,0,0,0,0,0,0
2026-10-04T14:06:35Z,cartservice,shippingservice,0,0,0,0,0,0,0
2026-10-04T14:06:35Z,checkoutservice,adservice,0,0,0,0,0,0,0
2026-10-04T14:06:35Z,checkoutservice,cartservice,37286,36449,0,89,0,542915,35687
2026-10-04T14:06:35Z,checkoutservice,checkoutservice,0,0,0,0,0,0,0
2026-10-04T14:06:35Z,checkoutservice,currencyservice,28965,28963,0,0,0,466589,28249
2026-10-04T14:06:35Z,checkoutservice,emailservice,2669,2405,0,63,0,120966,2404
2026-10-04T14:06:35Z,checkoutservice,frontend,0,0,0,0,0,0,0
2026-10-04T14:06:35Z,checkoutservice,kubernetes,0,0,0,0,0,0,0
2026-10-04T14:06:35Z,checkoutservice,paymentservice,22532,20867,0,161,0,347598,20265
2026-10-04T14:06:35Z,checkoutservice,productcatalogservice,0,0,0,0,0,0,0
2026-10-04T14:06:35Z,checkoutservice,recommendationservice,0,0,0,0,0,0,0
2026-10-04T14:06:35Z,checkoutservice,redis-cart,0,0,0,0,0,0,0
2026-10-04T14:06:35Z,checkoutservice,shippingservice,41838,39902,0,146,0,416452,39000
2026-10-04T14:06:35Z,currencyservice,adservice,0,0,0,0,0,0,0
2026-10-04T14:06:35Z,currencyservice,cartservice,0,0,0,0,0,0,0
2026-10-04T14:06:35Z,currencyservice,checkoutservice,0,0,0,0,0,0,0
2026-10-04T14:06:35Z,currencyservice,currencyservice,0,0,0,0,0,0,0
2026-10-04T14:06:35Z,currencyservice,emailservice,0,0,0,0,0,0,0
2026-10-04T14:06:35Z,currencyservice,frontend,0,0,0,0,0,0,0
2026-10-04T14:06:35Z,currencyservice,kubernetes,0,0,0,0,0,0,0
2026-10-04T14:06:35Z,currencyservice,paymentservice,0,0,0,0,0,0,0
2026-10-04T14:06:35Z,currencyservice,productcatalogservice,0,0,0,0,0,0,0
2026-10-04T14:06:35Z,currencyservice,recommendationservice,0,0,0,0,0,0,0
2026-10-04T14:06:35Z,currencyservice,redis-cart,0,0,0,0,0,0,0
2026-10-04T14:06:35Z,currencyservice,shippingservice,0,0,0,0,0,0,0
2026-10-04T14:06:35Z,emailservice,adservice,0,0,0,0,0,0,0
2026-10-04T14:06:35Z,emailservice,cartservice,0,0,0,0,0,0,0
2026-10-04T14:06:35Z,emailservice,checkoutservice,0,0,0,0,0,0,0
2026-10-04T14:06:35Z,emailservice,currencyservice,0,0,0,0,0,0,0
2026-10-04T14:06:35Z,emailservice,emailservice,0,0,0,0,0,0,0
2026-10-04T14:06:35Z,emailservice,frontend,0,0,0,0,0,0,0
2026-10-04T14:06:35Z,emailservice,kubernetes,0,0,0,0,0,0,0
2026-10-04T14:06:35Z,emailservice,paymentservice,0,0,0,0,0,0,0
2026-10-04T14:06:35Z,emailservice,productcatalogservice,0,0,0,0,0,0,0
2026-10-04T14:06:35Z,emailservice,recommendationservice,0,0,0,0,0,0,0
2026-10-04T14:06:35Z,emailservice,redis-cart,0,0,0,0,0,0,0
2026-10-04T14:06:35Z,emailservice,shippingservice,0,0,0,0,0,0,0
2026-10-04T14:06:35Z,frontend,adservice,821125,821118,0,0,0,2476783,820649
2026-10-04T14:06:35Z,frontend,cartservice,1811842,1811827,0,0,4,10103294,1810942
2026-10-04T14:06:35Z,frontend,checkoutservice,387990,180181,0,39600,168149,61057317,180133
2026-10-04T14:06:35Z,frontend,currencyservice,2881389,2881380,0,0,0,15334542,2879960
2026-10-04T14:06:35Z,frontend,emailservice,0,0,0,0,0,0,0
2026-10-04T14:06:35Z,frontend,frontend,0,0,0,0,0,0,0
2026-10-04T14:06:35Z,frontend,kubernetes,0,0,0,0,0,0,0
2026-10-04T14:06:35Z,frontend,paymentservice,0,0,0,0,0,0,0
2026-10-04T14:06:35Z,frontend,productcatalogservice,8122672,8122586,0,0,0,55628980,8118032
2026-10-04T14:06:35Z,frontend,recommendationservice,2600643,1601358,0,104145,892890,779696234,1600578
2026-10-04T14:06:35Z,frontend,redis-cart,0,0,0,0,0,0,0
2026-10-04T14:06:35Z,frontend,shippingservice,301123,301121,0,0,0,916702,300923
2026-10-04T14:06:35Z,paymentservice,adservice,0,0,0,0,0,0,0
2026-10-04T14:06:35Z,paymentservice,cartservice,0,0,0,0,0,0,0
2026-10-04T14:06:35Z,paymentservice,checkoutservice,0,0,0,0,0,0,0
2026-10-04T14:06:35Z,paymentservice,currencyservice,0,0,0,0,0,0,0
2026-10-04T14:06:35Z,paymentservice,emailservice,0,0,0,0,0,0,0
2026-10-04T14:06:35Z,paymentservice,frontend,0,0,0,0,0,0,0
2026-10-04T14:06:35Z,paymentservice,kubernetes,0,0,0,0,0,0,0
2026-10-04T14:06:35Z,paymentservice,paymentservice,0,0,0,0,0,0,0
2026-10-04T14:06:35Z,paymentservice,productcatalogservice,0,0,0,0,0,0,0
2026-10-04T14:06:35Z,paymentservice,recommendationservice,0,0,0,0,0,0,0
2026-10-04T14:06:35Z,paymentservice,redis-cart,0,0,0,0,0,0,0
2026-10-04T14:06:35Z,paymentservice,shippingservice,0,0,0,0,0,0,0
2026-10-04T14:06:35Z,productcatalogservice,adservice,0,0,0,0,0,0,0
2026-10-04T14:06:35Z,productcatalogservice,cartservice,0,0,0,0,0,0,0
2026-10-04T14:06:35Z,productcatalogservice,checkoutservice,0,0,0,0,0,0,0
2026-10-04T14:06:35Z,productcatalogservice,currencyservice,0,0,0,0,0,0,0
2026-10-04T14:06:35Z,productcatalogservice,emailservice,0,0,0,0,0,0,0
2026-10-04T14:06:35Z,productcatalogservice,frontend,0,0,0,0,0,0,0
2026-10-04T14:06:35Z,productcatalogservice,kubernetes,0,0,0,0,0,0,0
2026-10-04T14:06:35Z,productcatalogservice,paymentservice,0,0,0,0,0,0,0
2026-10-04T14:06:35Z,productcatalogservice,productcatalogservice,0,0,0,0,0,0,0
2026-10-04T14:06:35Z,productcatalogservice,recommendationservice,0,0,0,0,0,0,0
2026-10-04T14:06:35Z,productcatalogservice,redis-cart,0,0,0,0,0,0,0
2026-10-04T14:06:35Z,productcatalogservice,shippingservice,0,0,0,0,0,0,0
2026-10-04T14:06:35Z,recommendationservice,adservice,0,0,0,0,0,0,0
2026-10-04T14:06:35Z,recommendationservice,cartservice,0,0,0,0,0,0,0
2026-10-04T14:06:35Z,recommendationservice,checkoutservice,0,0,0,0,0,0,0
2026-10-04T14:06:35Z,recommendationservice,currencyservice,0,0,0,0,0,0,0
2026-10-04T14:06:35Z,recommendationservice,emailservice,0,0,0,0,0,0,0
2026-10-04T14:06:35Z,recommendationservice,frontend,0,0,0,0,0,0,0
2026-10-04T14:06:35Z,recommendationservice,kubernetes,0,0,0,0,0,0,0
2026-10-04T14:06:35Z,recommendationservice,paymentservice,0,0,0,0,0,0,0
2026-10-04T14:06:35Z,recommendationservice,productcatalogservice,76464,76457,0,0,0,633858,76337
2026-10-04T14:06:35Z,recommendationservice,recommendationservice,0,0,0,0,0,0,0
2026-10-04T14:06:35Z,recommendationservice,redis-cart,0,0,0,0,0,0,0
2026-10-04T14:06:35Z,recommendationservice,shippingservice,0,0,0,0,0,0,0
2026-10-04T14:06:35Z,redis-cart,adservice,0,0,0,0,0,0,0
2026-10-04T14:06:35Z,redis-cart,cartservice,0,0,0,0,0,0,0
2026-10-04T14:06:35Z,redis-cart,checkoutservice,0,0,0,0,0,0,0
2026-10-04T14:06:35Z,redis-cart,currencyservice,0,0,0,0,0,0,0
2026-10-04T14:06:35Z,redis-cart,emailservice,0,0,0,0,0,0,0
2026-10-04T14:06:35Z,redis-cart,frontend,0,0,0,0,0,0,0
2026-10-04T14:06:35Z,redis-cart,kubernetes,0,0,0,0,0,0,0
2026-10-04T14:06:35Z,redis-cart,paymentservice,0,0,0,0,0,0,0
2026-10-04T14:06:35Z,redis-cart,productcatalogservice,0,0,0,0,0,0,0
2026-10-04T14:06:35Z,redis-cart,recommendationservice,0,0,0,0,0,0,0
2026-10-04T14:06:35Z,redis-cart,redis-cart,0,0,0,0,0,0,0
2026-10-04T14:06:35Z,redis-cart,shippingservice,0,0,0,0,0,0,0
2026-10-04T14:06:35Z,shippingservice,adservice,0,0,0,0,0,0,0
2026-10-04T14:06:35Z,shippingservice,cartservice,0,0,0,0,0,0,0
2026-10-04T14:06:35Z,shippingservice,checkoutservice,0,0,0,0,0,0,0
2026-10-04T14:06:35Z,shippingservice,currencyservice,0,0,0,0,0,0,0
2026-10-04T14:06:35Z,shippingservice,emailservice,0,0,0,0,0,0,0
2026-10-04T14:06:35Z,shippingservice,frontend,0,0,0,0,0,0,0
2026-10-04T14:06:35Z,shippingservice,kubernetes,0,0,0,0,0,0,0
2026-10-04T14:06:35Z,shippingservice,paymentservice,0,0,0,0,0,0,0
2026-10-04T14:06:35Z,shippingservice,productcatalogservice,0,0,0,0,0,0,0
2026-10-04T14:06:35Z,shippingservice,recommendationservice,0,0,0,0,0,0,0
2026-10-04T14:06:35Z,shippingservice,redis-cart,0,0,0,0,0,0,0
2026-10-04T14:06:35Z,shippingservice,shippingservice,0,0,0,0,0,0,0
2026-10-04T14:06:36Z,adservice,adservice,0,0,0,0,0,0,0
2026-10-04T14:06:36Z,adservice,cartservice,0,0,0,0,0,0,0
2026-10-04T14:06:36Z,adservice,checkoutservice,0,0,0,0,0,0,0
2026-10-04T14:06:36Z,adservice,currencyservice,0,0,0,0,0,0,0
2026-10-04T14:06:36Z,adservice,emailservice,0,0,0,0,0,0,0
2026-10-04T14:06:36Z,adservice,frontend,0,0,0,0,0,0,0
2026-10-04T14:06:36Z,adservice,kubernetes,0,0,0,0,0,0,0
2026-10-04T14:06:36Z,adservice,paymentservice,0,0,0,0,0,0,0
2026-10-04T14:06:36Z,adservice,productcatalogservice,0,0,0,0,0,0,0
2026-10-04T14:06:36Z,adservice,recommendationservice,0,0,0,0,0,0,0
2026-10-04T14:06:36Z,adservice,redis-cart,0,0,0,0,0,0,0
2026-10-04T14:06:36Z,adservice,shippingservice,0,0,0,0,0,0,0
2026-10-04T14:06:36Z,cartservice,adservice,0,0,0,0,0,0,0
2026-10-04T14:06:36Z,cartservice,cartservice,0,0,0,0,0,0,0
2026-10-04T14:06:36Z,cartservice,checkoutservice,0,0,0,0,0,0,0
2026-10-04T14:06:36Z,cartservice,currencyservice,0,0,0,0,0,0,0
2026-10-04T14:06:36Z,cartservice,emailservice,0,0,0,0,0,0,0
2026-10-04T14:06:36Z,cartservice,frontend,0,0,0,0,0,0,0
2026-10-04T14:06:36Z,cartservice,kubernetes,0,0,0,0,0,0,0
2026-10-04T14:06:36Z,cartservice,paymentservice,0,0,0,0,0,0,0
2026-10-04T14:06:36Z,cartservice,productcatalogservice,0,0,0,0,0,0,0
2026-10-04T14:06:36Z,cartservice,recommendationservice,0,0,0,0,0,0,0
2026-10-04T14:06:36Z,cartservice,redis-cart,2,0,0,0,0,0,0
2026-10-04T14:06:36Z,cartservice,shippingservice,0,0,0,0,0,0,0
2026-10-04T14:06:36Z,checkoutservice,adservice,0,0,0,0,0,0,0
2026-10-04T14:06:36Z,checkoutservice,cartservice,37514,36676,0,89,0,542915,35687
2026-10-04T14:06:36Z,checkoutservice,checkoutservice,0,0,0,0,0,0,0
2026-10-04T14:06:36Z,checkoutservice,currencyservice,29170,29163,0,0,0,466589,28249
2026-10-04T14:06:36Z,checkoutservice,emailservice,2669,2405,0,63,0,120966,2404
2026-10-04T14:06:36Z,checkoutservice,frontend,0,0,0,0,0,0,0
2026-10-04T14:06:36Z,checkoutservice,kubernetes,0,0,0,0,0,0,0
2026-10-04T14:06:36Z,checkoutservice,paymentservice,22656,20988,0,162,0,347598,20265
2026-10-04T14:06:36Z,checkoutservice,productcatalogservice,0,0,0,0,0,0,0
2026-10-04T14:06:36Z,checkoutservice,recommendationservice,0,0,0,0,0,0,0
2026-10-04T14:06:36Z,checkoutservice,redis-cart,0,0,0,0,0,0,0
2026-10-04T14:06:36Z,checkoutservice,shippingservice,42097,40160,0,146,0,416452,39000
2026-10-04T14:06:36Z,currencyservice,adservice,0,0,0,0,0,0,0
2026-10-04T14:06:36Z,currencyservice,cartservice,0,0,0,0,0,0,0
2026-10-04T14:06:36Z,currencyservice,checkoutservice,0,0,0,0,0,0,0
2026-10-04T14:06:36Z,currencyservice,currencyservice,0,0,0,0,0,0,0
2026-10-04T14:06:36Z,currencyservice,emailservice,0,0,0,0,0,0,0
2026-10-04T14:06:36Z,currencyservice,frontend,0,0,0,0,0,0,0
2026-10-04T14:06:36Z,currencyservice,kubernetes,0,0,0,0,0,0,0
2026-10-04T14:06:36Z,currencyservice,paymentservice,0,0,0,0,0,0,0
2026-10-04T14:06:36Z,currencyservice,productcatalogservice,0,0,0,0,0,0,0
2026-10-04T14:06:36Z,currencyservice,recommendationservice,0,0,0,0,0,0,0
2026-10-04T14:06:36Z,currencyservice,redis-cart,0,0,0,0,0,0,0
2026-10-04T14:06:36Z,currencyservice,shippingservice,0,0,0,0,0,0,0
2026-10-04T14:06:36Z,emailservice,adservice,0,0,0,0,0,0,0
2026-10-04T14:06:36Z,emailservice,cartservice,0,0,0,0,0,0,0
2026-10-04T14:06:36Z,emailservice,checkoutservice,0,0,0,0,0,0,0
2026-10-04T14:06:36Z,emailservice,currencyservice,0,0,0,0,0,0,0
2026-10-04T14:06:36Z,emailservice,emailservice,0,0,0,0,0,0,0
2026-10-04T14:06:36Z,emailservice,frontend,0,0,0,0,0,0,0
2026-10-04T14:06:36Z,emailservice,kubernetes,0,0,0,0,0,0,0
2026-10-04T14:06:36Z,emailservice,paymentservice,0,0,0,0,0,0,0
2026-10-04T14:06:36Z,emailservice,productcatalogservice,0,0,0,0,0,0,0
2026-10-04T14:06:36Z,emailservice,recommendationservice,0,0,0,0,0,0,0
2026-10-04T14:06:36Z,emailservice,redis-cart,0,0,0,0,0,0,0
2026-10-04T14:06:36Z,emailservice,shippingservice,0,0,0,0,0,0,0
2026-10-04T14:06:36Z,frontend,adservice,821404,821399,0,0,0,2476783,820649
2026-10-04T14:06:36Z,frontend,cartservice,1812279,1812266,0,0,4,10103294,1810942
2026-10-04T14:06:36Z,frontend,checkoutservice,388198,180202,0,39639,168297,61057317,180133
2026-10-04T14:06:36Z,frontend,currencyservice,2882098,2882084,0,0,0,15334542,2879960
2026-10-04T14:06:36Z,frontend,emailservice,0,0,0,0,0,0,0
2026-10-04T14:06:36Z,frontend,frontend,0,0,0,0,0,0,0
2026-10-04T14:06:36Z,frontend,kubernetes,0,0,0,0,0,0,0
2026-10-04T14:06:36Z,frontend,paymentservice,0,0,0,0,0,0,0
2026-10-04T14:06:36Z,frontend,productcatalogservice,8125200,8125098,0,0,0,55628980,8118032
2026-10-04T14:06:36Z,frontend,recommendationservice,2601053,1601799,0,104145,892890,779696234,1600578
2026-10-04T14:06:36Z,frontend,redis-cart,0,0,0,0,0,0,0
2026-10-04T14:06:36Z,frontend,shippingservice,301217,301215,0,0,0,916702,300923
2026-10-04T14:06:36Z,paymentservice,adservice,0,0,0,0,0,0,0
2026-10-04T14:06:36Z,paymentservice,cartservice,0,0,0,0,0,0,0
2026-10-04T14:06:36Z,paymentservice,checkoutservice,0,0,0,0,0,0,0
2026-10-04T14:06:36Z,paymentservice,currencyservice,0,0,0,0,0,0,0
2026-10-04T14:06:36Z,paymentservice,emailservice,0,0,0,0,0,0,0
2026-10-04T14:06:36Z,paymentservice,frontend,0,0,0,0,0,0,0
2026-10-04T14:06:36Z,paymentservice,kubernetes,0,0,0,0,0,0,0
2026-10-04T14:06:36Z,paymentservice,paymentservice,0,0,0,0,0,0,0
2026-10-04T14:06:36Z,paymentservice,productcatalogservice,0,0,0,0,0,0,0
2026-10-04T14:06:36Z,paymentservice,recommendationservice,0,0,0,0,0,0,0
2026-10-04T14:06:36Z,paymentservice,redis-cart,0,0,0,0,0,0,0
2026-10-04T14:06:36Z,paymentservice,shippingservice,0,0,0,0,0,0,0
2026-10-04T14:06:36Z,productcatalogservice,adservice,0,0,0,0,0,0,0
2026-10-04T14:06:36Z,productcatalogservice,cartservice,0,0,0,0,0,0,0
2026-10-04T14:06:36Z,productcatalogservice,checkoutservice,0,0,0,0,0,0,0
2026-10-04T14:06:36Z,productcatalogservice,currencyservice,0,0,0,0,0,0,0
2026-10-04T14:06:36Z,productcatalogservice,emailservice,0,0,0,0,0,0,0
2026-10-04T14:06:36Z,productcatalogservice,frontend,0,0,0,0,0,0,0
2026-10-04T14:06:36Z,productcatalogservice,kubernetes,0,0,0,0,0,0,0
2026-10-04T14:06:36Z,productcatalogservice,paymentservice,0,0,0,0,0,0,0
2026-10-04T14:06:36Z,productcatalogservice,productcatalogservice,0,0,0,0,0,0,0
2026-10-04T14:06:36Z,productcatalogservice,recommendationservice,0,0,0,0,0,0,0
2026-10-04T14:06:36Z,productcatalogservice,redis-cart,0,0,0,0,0,0,0
2026-10-04T14:06:36Z,productcatalogservice,shippingservice,0,0,0,0,0,0,0
2026-10-04T14:06:36Z,recommendationservice,adservice,0,0,0,0,0,0,0
2026-10-04T14:06:36Z,recommendationservice,cartservice,0,0,0,0,0,0,0
2026-10-04T14:06:36Z,recommendationservice,checkoutservice,0,0,0,0,0,0,0
2026-10-04T14:06:36Z,recommendationservice,currencyservice,0,0,0,0,0,0,0
2026-10-04T14:06:36Z,recommendationservice,emailservice,0,0,0,0,0,0,0
2026-10-04T14:06:36Z,recommendationservice,frontend,0,0,0,0,0,0,0
2026-10-04T14:06:36Z,recommendationservice,kubernetes,0,0,0,0,0,0,0
2026-10-04T14:06:36Z,recommendationservice,paymentservice,0,0,0,0,0,0,0
2026-10-04T14:06:36Z,recommendationservice,productcatalogservice,76930,76921,0,0,0,633858,76337
2026-10-04T14:06:36Z,recommendationservice,recommendationservice,0,0,0,0,0,0,0
2026-10-04T14:06:36Z,recommendationservice,redis-cart,0,0,0,0,0,0,0
2026-10-04T14:06:36Z,recommendationservice,shippingservice,0,0,0,0,0,0,0
2026-10-04T14:06:36Z,redis-cart,adservice,0,0,0,0,0,0,0
2026-10-04T14:06:36Z,redis-cart,cartservice,0,0,0,0,0,0,0
2026-10-04T14:06:36Z,redis-cart,checkoutservice,0,0,0,0,0,0,0
2026-10-04T14:06:36Z,redis-cart,currencyservice,0,0,0,0,0,0,0
2026-10-04T14:06:36Z,redis-cart,emailservice,0,0,0,0,0,0,0
2026-10-04T14:06:36Z,redis-cart,frontend,0,0,0,0,0,0,0
2026-10-04T14:06:36Z,redis-cart,kubernetes,0,0,0,0,0,0,0
2026-10-04T14:06:36Z,redis-cart,paymentservice,0,0,0,0,0,0,0
2026-10-04T14:06:36Z,redis-cart,productcatalogservice,0,0,0,0,0,0,0
2026-10-04T14:06:36Z,redis-cart,recommendationservice,0,0,0,0,0,0,0
2026-10-04T14:06:36Z,redis-cart,redis-cart,0,0,0,0,0,0,0
2026-10-04T14:06:36Z,redis-cart,shippingservice,0,0,0,0,0,0,0
2026-10-04T14:06:36Z,shippingservice,adservice,0,0,0,0,0,0,0
2026-10-04T14:06:36Z,shippingservice,cartservice,0,0,0,0,0,0,0
2026-10-04T14:06:36Z,shippingservice,checkoutservice,0,0,0,0,0,0,0
2026-10-04T14:06:36Z,shippingservice,currencyservice,0,0,0,0,0,0,0
2026-10-04T14:06:36Z,shippingservice,emailservice,0,0,0,0,0,0,0
2026-10-04T14:06:36Z,shippingservice,frontend,0,0,0,0,0,0,0
2026-10-04T14:06:36Z,shippingservice,kubernetes,0,0,0,0,0,0,0
2026-10-04T14:06:36Z,shippingservice,paymentservice,0,0,0,0,0,0,0
2026-10-04T14:06:36Z,shippingservice,productcatalogservice,0,0,0,0,0,0,0
2026-10-04T14:06:36Z,shippingservice,recommendationservice,0,0,0,0,0,0,0
2026-10-04T14:06:36Z,shippingservice,redis-cart,0,0,0,0,0,0,0
2026-10-04T14:06:36Z,shippingservice,shippingservice,0,0,0,0,0,0,0
2026-10-04T14:06:37Z,adservice,adservice,0,0,0,0,0,0,0
2026-10-04T14:06:37Z,adservice,cartservice,0,0,0,0,0,0,0
2026-10-04T14:06:37Z,adservice,checkoutservice,0,0,0,0,0,0,0
2026-10-04T14:06:37Z,adservice,currencyservice,0,0,0,0,0,0,0
2026-10-04T14:06:37Z,adservice,emailservice,0,0,0,0,0,0,0
2026-10-04T14:06:37Z,adservice,frontend,0,0,0,0,0,0,0
2026-10-04T14:06:37Z,adservice,kubernetes,0,0,0,0,0,0,0
2026-10-04T14:06:37Z,adservice,paymentservice,0,0,0,0,0,0,0
2026-10-04T14:06:37Z,adservice,productcatalogservice,0,0,0,0,0,0,0
2026-10-04T14:06:37Z,adservice,recommendationservice,0,0,0,0,0,0,0
2026-10-04T14:06:37Z,adservice,redis-cart,0,0,0,0,0,0,0
2026-10-04T14:06:37Z,adservice,shippingservice,0,0,0,0,0,0,0
2026-10-04T14:06:37Z,cartservice,adservice,0,0,0,0,0,0,0
2026-10-04T14:06:37Z,cartservice,cartservice,0,0,0,0,0,0,0
2026-10-04T14:06:37Z,cartservice,checkoutservice,0,0,0,0,0,0,0
2026-10-04T14:06:37Z,cartservice,currencyservice,0,0,0,0,0,0,0
2026-10-04T14:06:37Z,cartservice,emailservice,0,0,0,0,0,0,0
2026-10-04T14:06:37Z,cartservice,frontend,0,0,0,0,0,0,0
2026-10-04T14:06:37Z,cartservice,kubernetes,0,0,0,0,0,0,0
2026-10-04T14:06:37Z,cartservice,paymentservice,0,0,0,0,0,0,0
2026-10-04T14:06:37Z,cartservice,productcatalogservice,0,0,0,0,0,0,0
2026-10-04T14:06:37Z,cartservice,recommendationservice,0,0,0,0,0,0,0
2026-10-04T14:06:37Z,cartservice,redis-cart,2,0,0,0,0,0,0
2026-10-04T14:06:37Z,cartservice,shippingservice,0,0,0,0,0,0,0
2026-10-04T14:06:37Z,checkoutservice,adservice,0,0,0,0,0,0,0
2026-10-04T14:06:37Z,checkoutservice,cartservice,37750,36902,0,89,0,562467,36804
2026-10-04T14:06:37Z,checkoutservice,checkoutservice,0,0,0,0,0,0,0
2026-10-04T14:06:37Z,checkoutservice,currencyservice,29361,29361,0,0,0,487209,29294
2026-10-04T14:06:37Z,checkoutservice,emailservice,2671,2405,0,63,0,120991,2405
2026-10-04T14:06:37Z,checkoutservice,frontend,0,0,0,0,0,0,0
2026-10-04T14:06:37Z,checkoutservice,kubernetes,0,0,0,0,0,0,0
2026-10-04T14:06:37Z,checkoutservice,paymentservice,22833,21129,0,167,0,359896,20959
2026-10-04T14:06:37Z,checkoutservice,productcatalogservice,0,0,0,0,0,0,0
2026-10-04T14:06:37Z,checkoutservice,recommendationservice,0,0,0,0,0,0,0
2026-10-04T14:06:37Z,checkoutservice,redis-cart,0,0,0,0,0,0,0
2026-10-04T14:06:37Z,checkoutservice,shippingservice,42400,40424,0,147,0,431979,40322
2026-10-04T14:06:37Z,currencyservice,adservice,0,0,0,0,0,0,0
2026-10-04T14:06:37Z,currencyservice,cartservice,0,0,0,0,0,0,0
2026-10-04T14:06:37Z,currencyservice,checkoutservice,0,0,0,0,0,0,0
2026-10-04T14:06:37Z,currencyservice,currencyservice,0,0,0,0,0,0,0
2026-10-04T14:06:37Z,currencyservice,emailservice,0,0,0,0,0,0,0
2026-10-04T14:06:37Z,currencyservice,frontend,0,0,0,0,0,0,0
2026-10-04T14:06:37Z,currencyservice,kubernetes,0,0,0,0,0,0,0
2026-10-04T14:06:37Z,currencyservice,paymentservice,0,0,0,0,0,0,0
2026-10-04T14:06:37Z,currencyservice,productcatalogservice,0,0,0,0,0,0,0
2026-10-04T14:06:37Z,currencyservice,recommendationservice,0,0,0,0,0,0,0
2026-10-04T14:06:37Z,currencyservice,redis-cart,0,0,0,0,0,0,0
2026-10-04T14:06:37Z,currencyservice,shippingservice,0,0,0,0,0,0,0
2026-10-04T14:06:37Z,emailservice,adservice,0,0,0,0,0,0,0
2026-10-04T14:06:37Z,emailservice,cartservice,0,0,0,0,0,0,0
2026-10-04T14:06:37Z,emailservice,checkoutservice,0,0,0,0,0,0,0
2026-10-04T14:06:37Z,emailservice,currencyservice,0,0,0,0,0,0,0
2026-10-04T14:06:37Z,emailservice,emailservice,0,0,0,0,0,0,0
2026-10-04T14:06:37Z,emailservice,frontend,0,0,0,0,0,0,0
2026-10-04T14:06:37Z,emailservice,kubernetes,0,0,0,0,0,0,0
2026-10-04T14:06:37Z,emailservice,paymentservice,0,0,0,0,0,0,0
2026-10-04T14:06:37Z,emailservice,productcatalogservice,0,0,0,0,0,0,0
2026-10-04T14:06:37Z,emailservice,recommendationservice,0,0,0,0,0,0,0
2026-10-04T14:06:37Z,emailservice,redis-cart,0,0,0,0,0,0,0
2026-10-04T14:06:37Z,emailservice,shippingservice,0,0,0,0,0,0,0
2026-10-04T14:06:37Z,frontend,adservice,821680,821670,0,0,0,2476783,820649
2026-10-04T14:06:37Z,frontend,cartservice,1812776,1812759,0,0,4,10103294,1810942
2026-10-04T14:06:37Z,frontend,checkoutservice,388414,180228,0,39674,168445,61057317,180133
2026-10-04T14:06:37Z,frontend,currencyservice,2882882,2882873,0,0,0,15334542,2879960
2026-10-04T14:06:37Z,frontend,emailservice,0,0,0,0,0,0,0
2026-10-04T14:06:37Z,frontend,frontend,0,0,0,0,0,0,0
2026-10-04T14:06:37Z,frontend,kubernetes,0,0,0,0,0,0,0
2026-10-04T14:06:37Z,frontend,paymentservice,0,0,0,0,0,0,0
2026-10-04T14:06:37Z,frontend,productcatalogservice,8127823,8127726,0,0,0,55628980,8118032
2026-10-04T14:06:37Z,frontend,recommendationservice,2601511,1602242,0,104145,892890,779696234,1600578
2026-10-04T14:06:37Z,frontend,redis-cart,0,0,0,0,0,0,0
2026-10-04T14:06:37Z,frontend,shippingservice,301321,301319,0,0,0,916702,300923
2026-10-04T14:06:37Z,paymentservice,adservice,0,0,0,0,0,0,0
2026-10-04T14:06:37Z,paymentservice,cartservice,0,0,0,0,0,0,0
2026-10-04T14:06:37Z,paymentservice,checkoutservice,0,0,0,0,0,0,0
2026-10-04T14:06:37Z,paymentservice,currencyservice,0,0,0,0,0,0,0
2026-10-04T14:06:37Z,paymentservice,emailservice,0,0,0,0,0,0,0
2026-10-04T14:06:37Z,paymentservice,frontend,0,0,0,0,0,0,0
2026-10-04T14:06:37Z,paymentservice,kubernetes,0,0,0,0,0,0,0
2026-10-04T14:06:37Z,paymentservice,paymentservice,0,0,0,0,0,0,0
2026-10-04T14:06:37Z,paymentservice,productcatalogservice,0,0,0,0,0,0,0
2026-10-04T14:06:37Z,paymentservice,recommendationservice,0,0,0,0,0,0,0
2026-10-04T14:06:37Z,paymentservice,redis-cart,0,0,0,0,0,0,0
2026-10-04T14:06:37Z,paymentservice,shippingservice,0,0,0,0,0,0,0
2026-10-04T14:06:37Z,productcatalogservice,adservice,0,0,0,0,0,0,0
2026-10-04T14:06:37Z,productcatalogservice,cartservice,0,0,0,0,0,0,0
2026-10-04T14:06:37Z,productcatalogservice,checkoutservice,0,0,0,0,0,0,0
2026-10-04T14:06:37Z,productcatalogservice,currencyservice,0,0,0,0,0,0,0
2026-10-04T14:06:37Z,productcatalogservice,emailservice,0,0,0,0,0,0,0
2026-10-04T14:06:37Z,productcatalogservice,frontend,0,0,0,0,0,0,0
2026-10-04T14:06:37Z,productcatalogservice,kubernetes,0,0,0,0,0,0,0
2026-10-04T14:06:37Z,productcatalogservice,paymentservice,0,0,0,0,0,0,0
2026-10-04T14:06:37Z,productcatalogservice,productcatalogservice,0,0,0,0,0,0,0
2026-10-04T14:06:37Z,productcatalogservice,recommendationservice,0,0,0,0,0,0,0
2026-10-04T14:06:37Z,productcatalogservice,redis-cart,0,0,0,0,0,0,0
2026-10-04T14:06:37Z,productcatalogservice,shippingservice,0,0,0,0,0,0,0
2026-10-04T14:06:37Z,recommendationservice,adservice,0,0,0,0,0,0,0
2026-10-04T14:06:37Z,recommendationservice,cartservice,0,0,0,0,0,0,0
2026-10-04T14:06:37Z,recommendationservice,checkoutservice,0,0,0,0,0,0,0
2026-10-04T14:06:37Z,recommendationservice,currencyservice,0,0,0,0,0,0,0
2026-10-04T14:06:37Z,recommendationservice,emailservice,0,0,0,0,0,0,0
2026-10-04T14:06:37Z,recommendationservice,frontend,0,0,0,0,0,0,0
2026-10-04T14:06:37Z,recommendationservice,kubernetes,0,0,0,0,0,0,0
2026-10-04T14:06:37Z,recommendationservice,paymentservice,0,0,0,0,0,0,0
2026-10-04T14:06:37Z,recommendationservice,productcatalogservice,77348,77347,0,0,0,633858,76337
2026-10-04T14:06:37Z,recommendationservice,recommendationservice,0,0,0,0,0,0,0
2026-10-04T14:06:37Z,recommendationservice,redis-cart,0,0,0,0,0,0,0
2026-10-04T14:06:37Z,recommendationservice,shippingservice,0,0,0,0,0,0,0
2026-10-04T14:06:37Z,redis-cart,adservice,0,0,0,0,0,0,0
2026-10-04T14:06:37Z,redis-cart,cartservice,0,0,0,0,0,0,0
2026-10-04T14:06:37Z,redis-cart,checkoutservice,0,0,0,0,0,0,0
2026-10-04T14:06:37Z,redis-cart,currencyservice,0,0,0,0,0,0,0
2026-10-04T14:06:37Z,redis-cart,emailservice,0,0,0,0,0,0,0
2026-10-04T14:06:37Z,redis-cart,frontend,0,0,0,0,0,0,0
2026-10-04T14:06:37Z,redis-cart,kubernetes,0,0,0,0,0,0,0
2026-10-04T14:06:37Z,redis-cart,paymentservice,0,0,0,0,0,0,0
2026-10-04T14:06:37Z,redis-cart,productcatalogservice,0,0,0,0,0,0,0
2026-10-04T14:06:37Z,redis-cart,recommendationservice,0,0,0,0,0,0,0
2026-10-04T14:06:37Z,redis-cart,redis-cart,0,0,0,0,0,0,0
2026-10-04T14:06:37Z,redis-cart,shippingservice,0,0,0,0,0,0,0
2026-10-04T14:06:37Z,shippingservice,adservice,0,0,0,0,0,0,0
2026-10-04T14:06:37Z,shippingservice,cartservice,0,0,0,0,0,0,0
2026-10-04T14:06:37Z,shippingservice,checkoutservice,0,0,0,0,0,0,0
2026-10-04T14:06:37Z,shippingservice,currencyservice,0,0,0,0,0,0,0
2026-10-04T14:06:37Z,shippingservice,emailservice,0,0,0,0,0,0,0
2026-10-04T14:06:37Z,shippingservice,frontend,0,0,0,0,0,0,0
2026-10-04T14:06:37Z,shippingservice,kubernetes,0,0,0,0,0,0,0
2026-10-04T14:06:37Z,shippingservice,paymentservice,0,0,0,0,0,0,0
2026-10-04T14:06:37Z,shippingservice,productcatalogservice,0,0,0,0,0,0,0
2026-10-04T14:06:37Z,shippingservice,recommendationservice,0,0,0,0,0,0,0
2026-10-04T14:06:37Z,shippingservice,redis-cart,0,0,0,0,0,0,0
2026-10-04T14:06:37Z,shippingservice,shippingservice,0,0,0,0,0,0,0
2026-10-04T14:06:38Z,adservice,adservice,0,0,0,0,0,0,0
2026-10-04T14:06:38Z,adservice,cartservice,0,0,0,0,0,0,0
2026-10-04T14:06:38Z,adservice,checkoutservice,0,0,0,0,0,0,0
2026-10-04T14:06:38Z,adservice,currencyservice,0,0,0,0,0,0,0
2026-10-04T14:06:38Z,adservice,emailservice,0,0,0,0,0,0,0
2026-10-04T14:06:38Z,adservice,frontend,0,0,0,0,0,0,0
2026-10-04T14:06:38Z,adservice,kubernetes,0,0,0,0,0,0,0
2026-10-04T14:06:38Z,adservice,paymentservice,0,0,0,0,0,0,0
2026-10-04T14:06:38Z,adservice,productcatalogservice,0,0,0,0,0,0,0
2026-10-04T14:06:38Z,adservice,recommendationservice,0,0,0,0,0,0,0
2026-10-04T14:06:38Z,adservice,redis-cart,0,0,0,0,0,0,0
2026-10-04T14:06:38Z,adservice,shippingservice,0,0,0,0,0,0,0
2026-10-04T14:06:38Z,cartservice,adservice,0,0,0,0,0,0,0
2026-10-04T14:06:38Z,cartservice,cartservice,0,0,0,0,0,0,0
2026-10-04T14:06:38Z,cartservice,checkoutservice,0,0,0,0,0,0,0
2026-10-04T14:06:38Z,cartservice,currencyservice,0,0,0,0,0,0,0
2026-10-04T14:06:38Z,cartservice,emailservice,0,0,0,0,0,0,0
2026-10-04T14:06:38Z,cartservice,frontend,0,0,0,0,0,0,0
2026-10-04T14:06:38Z,cartservice,kubernetes,0,0,0,0,0,0,0
2026-10-04T14:06:38Z,cartservice,paymentservice,0,0,0,0,0,0,0
2026-10-04T14:06:38Z,cartservice,productcatalogservice,0,0,0,0,0,0,0
2026-10-04T14:06:38Z,cartservice,recommendationservice,0,0,0,0,0,0,0
2026-10-04T14:06:38Z,cartservice,redis-cart,2,0,0,0,0,0,0
2026-10-04T14:06:38Z,cartservice,shippingservice,0,0,0,0,0,0,0
2026-10-04T14:06:38Z,checkoutservice,adservice,0,0,0,0,0,0,0
2026-10-04T14:06:38Z,checkoutservice,cartservice,37974,37115,0,89,0,562467,36804
2026-10-04T14:06:38Z,checkoutservice,checkoutservice,0,0,0,0,0,0,0
2026-10-04T14:06:38Z,checkoutservice,currencyservice,29574,29554,0,0,0,487209,29294
2026-10-04T14:06:38Z,checkoutservice,emailservice,2671,2405,0,63,0,120991,2405
2026-10-04T14:06:38Z,checkoutservice,frontend,0,0,0,0,0,0,0
2026-10-04T14:06:38Z,checkoutservice,kubernetes,0,0,0,0,0,0,0
2026-10-04T14:06:38Z,checkoutservice,paymentservice,23030,21277,0,179,0,359896,20959
2026-10-04T14:06:38Z,checkoutservice,productcatalogservice,0,0,0,0,0,0,0
2026-10-04T14:06:38Z,checkoutservice,recommendationservice,0,0,0,0,0,0,0
2026-10-04T14:06:38Z,checkoutservice,redis-cart,0,0,0,0,0,0,0
2026-10-04T14:06:38Z,checkoutservice,shippingservice,42681,40684,0,147,0,431979,40322
2026-10-04T14:06:38Z,currencyservice,adservice,0,0,0,0,0,0,0
2026-10-04T14:06:38Z,currencyservice,cartservice,0,0,0,0,0,0,0
2026-10-04T14:06:38Z,currencyservice,checkoutservice,0,0,0,0,0,0,0
2026-10-04T14:06:38Z,currencyservice,currencyservice,0,0,0,0,0,0,0
2026-10-04T14:06:38Z,currencyservice,emailservice,0,0,0,0,0,0,0
2026-10-04T14:06:38Z,currencyservice,frontend,0,0,0,0,0,0,0
2026-10-04T14:06:38Z,currencyservice,kubernetes,0,0,0,0,0,0,0
2026-10-04T14:06:38Z,currencyservice,paymentservice,0,0,0,0,0,0,0
2026-10-04T14:06:38Z,currencyservice,productcatalogservice,0,0,0,0,0,0,0
2026-10-04T14:06:38Z,currencyservice,recommendationservice,0,0,0,0,0,0,0
2026-10-04T14:06:38Z,currencyservice,redis-cart,0,0,0,0,0,0,0
2026-10-04T14:06:38Z,currencyservice,shippingservice,0,0,0,0,0,0,0
2026-10-04T14:06:38Z,emailservice,adservice,0,0,0,0,0,0,0
2026-10-04T14:06:38Z,emailservice,cartservice,0,0,0,0,0,0,0
2026-10-04T14:06:38Z,emailservice,checkoutservice,0,0,0,0,0,0,0
2026-10-04T14:06:38Z,emailservice,currencyservice,0,0,0,0,0,0,0
2026-10-04T14:06:38Z,emailservice,emailservice,0,0,0,0,0,0,0
2026-10-04T14:06:38Z,emailservice,frontend,0,0,0,0,0,0,0
2026-10-04T14:06:38Z,emailservice,kubernetes,0,0,0,0,0,0,0
2026-10-04T14:06:38Z,emailservice,paymentservice,0,0,0,0,0,0,0
2026-10-04T14:06:38Z,emailservice,productcatalogservice,0,0,0,0,0,0,0
2026-10-04T14:06:38Z,emailservice,recommendationservice,0,0,0,0,0,0,0
2026-10-04T14:06:38Z,emailservice,redis-cart,0,0,0,0,0,0,0
2026-10-04T14:06:38Z,emailservice,shippingservice,0,0,0,0,0,0,0
2026-10-04T14:06:38Z,frontend,adservice,821938,821933,0,0,0,2477840,820976
2026-10-04T14:06:38Z,frontend,cartservice,1813222,1813206,0,0,4,10107148,1811516
2026-10-04T14:06:38Z,frontend,checkoutservice,388611,180255,0,39711,168587,61095447,180165
2026-10-04T14:06:38Z,frontend,currencyservice,2883594,2883585,0,0,0,15340741,2880862
2026-10-04T14:06:38Z,frontend,emailservice,0,0,0,0,0,0,0
2026-10-04T14:06:38Z,frontend,frontend,0,0,0,0,0,0,0
2026-10-04T14:06:38Z,frontend,kubernetes,0,0,0,0,0,0,0
2026-10-04T14:06:38Z,frontend,paymentservice,0,0,0,0,0,0,0
2026-10-04T14:06:38Z,frontend,productcatalogservice,8130176,8130092,0,0,0,55656618,8121005
2026-10-04T14:06:38Z,frontend,recommendationservice,2601937,1602643,0,104145,892890,779765514,1601091
2026-10-04T14:06:38Z,frontend,redis-cart,0,0,0,0,0,0,0
2026-10-04T14:06:38Z,frontend,shippingservice,301417,301415,0,0,0,917094,301039
2026-10-04T14:06:38Z,paymentservice,adservice,0,0,0,0,0,0,0
2026-10-04T14:06:38Z,paymentservice,cartservice,0,0,0,0,0,0,0
2026-10-04T14:06:38Z,paymentservice,checkoutservice,0,0,0,0,0,0,0
2026-10-04T14:06:38Z,paymentservice,currencyservice,0,0,0,0,0,0,0
2026-10-04T14:06:38Z,paymentservice,emailservice,0,0,0,0,0,0,0
2026-10-04T14:06:38Z,paymentservice,frontend,0,0,0,0,0,0,0
2026-10-04T14:06:38Z,paymentservice,kubernetes,0,0,0,0,0,0,0
2026-10-04T14:06:38Z,paymentservice,paymentservice,0,0,0,0,0,0,0
2026-10-04T14:06:38Z,paymentservice,productcatalogservice,0,0,0,0,0,0,0
2026-10-04T14:06:38Z,paymentservice,recommendationservice,0,0,0,0,0,0,0
2026-10-04T14:06:38Z,paymentservice,redis-cart,0,0,0,0,0,0,0
2026-10-04T14:06:38Z,paymentservice,shippingservice,0,0,0,0,0,0,0
2026-10-04T14:06:38Z,productcatalogservice,adservice,0,0,0,0,0,0,0
2026-10-04T14:06:38Z,productcatalogservice,cartservice,0,0,0,0,0,0,0
2026-10-04T14:06:38Z,productcatalogservice,checkoutservice,0,0,0,0,0,0,0
2026-10-04T14:06:38Z,productcatalogservice,currencyservice,0,0,0,0,0,0,0
2026-10-04T14:06:38Z,productcatalogservice,emailservice,0,0,0,0,0,0,0
2026-10-04T14:06:38Z,productcatalogservice,frontend,0,0,0,0,0,0,0
2026-10-04T14:06:38Z,productcatalogservice,kubernetes,0,0,0,0,0,0,0
2026-10-04T14:06:38Z,productcatalogservice,paymentservice,0,0,0,0,0,0,0
2026-10-04T14:06:38Z,productcatalogservice,productcatalogservice,0,0,0,0,0,0,0
2026-10-04T14:06:38Z,productcatalogservice,recommendationservice,0,0,0,0,0,0,0
2026-10-04T14:06:38Z,productcatalogservice,redis-cart,0,0,0,0,0,0,0
2026-10-04T14:06:38Z,productcatalogservice,shippingservice,0,0,0,0,0,0,0
2026-10-04T14:06:38Z,recommendationservice,adservice,0,0,0,0,0,0,0
2026-10-04T14:06:38Z,recommendationservice,cartservice,0,0,0,0,0,0,0
2026-10-04T14:06:38Z,recommendationservice,checkoutservice,0,0,0,0,0,0,0
2026-10-04T14:06:38Z,recommendationservice,currencyservice,0,0,0,0,0,0,0
2026-10-04T14:06:38Z,recommendationservice,emailservice,0,0,0,0,0,0,0
2026-10-04T14:06:38Z,recommendationservice,frontend,0,0,0,0,0,0,0
2026-10-04T14:06:38Z,recommendationservice,kubernetes,0,0,0,0,0,0,0
2026-10-04T14:06:38Z,recommendationservice,paymentservice,0,0,0,0,0,0,0
2026-10-04T14:06:38Z,recommendationservice,productcatalogservice,77805,77803,0,0,0,633858,76337
2026-10-04T14:06:38Z,recommendationservice,recommendationservice,0,0,0,0,0,0,0
2026-10-04T14:06:38Z,recommendationservice,redis-cart,0,0,0,0,0,0,0
2026-10-04T14:06:38Z,recommendationservice,shippingservice,0,0,0,0,0,0,0
2026-10-04T14:06:38Z,redis-cart,adservice,0,0,0,0,0,0,0
2026-10-04T14:06:38Z,redis-cart,cartservice,0,0,0,0,0,0,0
2026-10-04T14:06:38Z,redis-cart,checkoutservice,0,0,0,0,0,0,0
2026-10-04T14:06:38Z,redis-cart,currencyservice,0,0,0,0,0,0,0
2026-10-04T14:06:38Z,redis-cart,emailservice,0,0,0,0,0,0,0
2026-10-04T14:06:38Z,redis-cart,frontend,0,0,0,0,0,0,0
2026-10-04T14:06:38Z,redis-cart,kubernetes,0,0,0,0,0,0,0
2026-10-04T14:06:38Z,redis-cart,paymentservice,0,0,0,0,0,0,0
2026-10-04T14:06:38Z,redis-cart,productcatalogservice,0,0,0,0,0,0,0
2026-10-04T14:06:38Z,redis-cart,recommendationservice,0,0,0,0,0,0,0
2026-10-04T14:06:38Z,redis-cart,redis-cart,0,0,0,0,0,0,0
2026-10-04T14:06:38Z,redis-cart,shippingservice,0,0,0,0,0,0,0
2026-10-04T14:06:38Z,shippingservice,adservice,0,0,0,0,0,0,0
2026-10-04T14:06:38Z,shippingservice,cartservice,0,0,0,0,0,0,0
2026-10-04T14:06:38Z,shippingservice,checkoutservice,0,0,0,0,0,0,0
2026-10-04T14:06:38Z,shippingservice,currencyservice,0,0,0,0,0,0,0
2026-10-04T14:06:38Z,shippingservice,emailservice,0,0,0,0,0,0,0
2026-10-04T14:06:38Z,shippingservice,frontend,0,0,0,0,0,0,0
2026-10-04T14:06:38Z,shippingservice,kubernetes,0,0,0,0,0,0,0
2026-10-04T14:06:38Z,shippingservice,paymentservice,0,0,0,0,0,0,0
2026-10-04T14:06:38Z,shippingservice,productcatalogservice,0,0,0,0,0,0,0
2026-10-04T14:06:38Z,shippingservice,recommendationservice,0,0,0,0,0,0,0
2026-10-04T14:06:38Z,shippingservice,redis-cart,0,0,0,0,0,0,0
2026-10-04T14:06:38Z,shippingservice,shippingservice,0,0,0,0,0,0,0
2026-10-04T14:06:39Z,adservice,adservice,0,0,0,0,0,0,0
2026-10-04T14:06:39Z,adservice,cartservice,0,0,0,0,0,0,0
2026-10-04T14:06:39Z,adservice,checkoutservice,0,0,0,0,0,0,0
2026-10-04T14:06:39Z,adservice,currencyservice,0,0,0,0,0,0,0
2026-10-04T14:06:39Z,adservice,emailservice,0,0,0,0,0,0,0
2026-10-04T14:06:39Z,adservice,frontend,0,0,0,0,0,0,0
2026-10-04T14:06:39Z,adservice,kubernetes,0,0,0,0,0,0,0
2026-10-04T14:06:39Z,adservice,paymentservice,0,0,0,0,0,0,0
2026-10-04T14:06:39Z,adservice,productcatalogservice,0,0,0,0,0,0,0
2026-10-04T14:06:39Z,adservice,recommendationservice,0,0,0,0,0,0,0
2026-10-04T14:06:39Z,adservice,redis-cart,0,0,0,0,0,0,0
2026-10-04T14:06:39Z,adservice,shippingservice,0,0,0,0,0,0,0
2026-10-04T14:06:39Z,cartservice,adservice,0,0,0,0,0,0,0
2026-10-04T14:06:39Z,cartservice,cartservice,0,0,0,0,0,0,0
2026-10-04T14:06:39Z,cartservice,checkoutservice,0,0,0,0,0,0,0
2026-10-04T14:06:39Z,cartservice,currencyservice,0,0,0,0,0,0,0
2026-10-04T14:06:39Z,cartservice,emailservice,0,0,0,0,0,0,0
2026-10-04T14:06:39Z,cartservice,frontend,0,0,0,0,0,0,0
2026-10-04T14:06:39Z,cartservice,kubernetes,0,0,0,0,0,0,0
2026-10-04T14:06:39Z,cartservice,paymentservice,0,0,0,0,0,0,0
2026-10-04T14:06:39Z,cartservice,productcatalogservice,0,0,0,0,0,0,0
2026-10-04T14:06:39Z,cartservice,recommendationservice,0,0,0,0,0,0,0
2026-10-04T14:06:39Z,cartservice,redis-cart,2,0,0,0,0,0,0
2026-10-04T14:06:39Z,cartservice,shippingservice,0,0,0,0,0,0,0
2026-10-04T14:06:39Z,checkoutservice,adservice,0,0,0,0,0,0,0
2026-10-04T14:06:39Z,checkoutservice,cartservice,38184,37328,0,89,0,562467,36804
2026-10-04T14:06:39Z,checkoutservice,checkoutservice,0,0,0,0,0,0,0
2026-10-04T14:06:39Z,checkoutservice,currencyservice,29750,29750,0,0,0,487209,29294
2026-10-04T14:06:39Z,checkoutservice,emailservice,2671,2405,0,63,0,120991,2405
2026-10-04T14:06:39Z,checkoutservice,frontend,0,0,0,0,0,0,0
2026-10-04T14:06:39Z,checkoutservice,kubernetes,0,0,0,0,0,0,0
2026-10-04T14:06:39Z,checkoutservice,paymentservice,23175,21424,0,180,0,359896,20959
2026-10-04T14:06:39Z,checkoutservice,productcatalogservice,0,0,0,0,0,0,0
2026-10-04T14:06:39Z,checkoutservice,recommendationservice,0,0,0,0,0,0,0
2026-10-04T14:06:39Z,checkoutservice,redis-cart,0,0,0,0,0,0,0
2026-10-04T14:06:39Z,checkoutservice,shippingservice,42903,40908,0,147,0,431979,40322
2026-10-04T14:06:39Z,currencyservice,adservice,0,0,0,0,0,0,0
2026-10-04T14:06:39Z,currencyservice,cartservice,0,0,0,0,0,0,0
2026-10-04T14:06:39Z,currencyservice,checkoutservice,0,0,0,0,0,0,0
2026-10-04T14:06:39Z,currencyservice,currencyservice,0,0,0,0,0,0,0
2026-10-04T14:06:39Z,currencyservice,emailservice,0,0,0,0,0,0,0
2026-10-04T14:06:39Z,currencyservice,frontend,0,0,0,0,0,0,0
2026-10-04T14:06:39Z,currencyservice,kubernetes,0,0,0,0,0,0,0
2026-10-04T14:06:39Z,currencyservice,paymentservice,0,0,0,0,0,0,0
2026-10-04T14:06:39Z,currencyservice,productcatalogservice,0,0,0,0,0,0,0
2026-10-04T14:06:39Z,currencyservice,recommendationservice,0,0,0,0,0,0,0
2026-10-04T14:06:39Z,currencyservice,redis-cart,0,0,0,0,0,0,0
2026-10-04T14:06:39Z,currencyservice,shippingservice,0,0,0,0,0,0,0
2026-10-04T14:06:39Z,emailservice,adservice,0,0,0,0,0,0,0
2026-10-04T14:06:39Z,emailservice,cartservice,0,0,0,0,0,0,0
2026-10-04T14:06:39Z,emailservice,checkoutservice,0,0,0,0,0,0,0
2026-10-04T14:06:39Z,emailservice,currencyservice,0,0,0,0,0,0,0
2026-10-04T14:06:39Z,emailservice,emailservice,0,0,0,0,0,0,0
2026-10-04T14:06:39Z,emailservice,frontend,0,0,0,0,0,0,0
2026-10-04T14:06:39Z,emailservice,kubernetes,0,0,0,0,0,0,0
2026-10-04T14:06:39Z,emailservice,paymentservice,0,0,0,0,0,0,0
2026-10-04T14:06:39Z,emailservice,productcatalogservice,0,0,0,0,0,0,0
2026-10-04T14:06:39Z,emailservice,recommendationservice,0,0,0,0,0,0,0
2026-10-04T14:06:39Z,emailservice,redis-cart,0,0,0,0,0,0,0
2026-10-04T14:06:39Z,emailservice,shippingservice,0,0,0,0,0,0,0
2026-10-04T14:06:39Z,frontend,adservice,822198,822195,0,0,0,2481355,821991
2026-10-04T14:06:39Z,frontend,cartservice,1813692,1813679,0,0,4,10119096,1813290
2026-10-04T14:06:39Z,frontend,checkoutservice,388819,180286,0,39751,168732,61226657,180263
2026-10-04T14:06:39Z,frontend,currencyservice,2884332,2884318,0,0,0,15359177,2883698
2026-10-04T14:06:39Z,frontend,emailservice,0,0,0,0,0,0,0
2026-10-04T14:06:39Z,frontend,frontend,0,0,0,0,0,0,0
2026-10-04T14:06:39Z,frontend,kubernetes,0,0,0,0,0,0,0
2026-10-04T14:06:39Z,frontend,paymentservice,0,0,0,0,0,0,0
2026-10-04T14:06:39Z,frontend,productcatalogservice,8132618,8132530,0,0,0,55731791,8130471
2026-10-04T14:06:39Z,frontend,recommendationservice,2602371,1603054,0,104145,892890,780006318,1602707
2026-10-04T14:06:39Z,frontend,redis-cart,0,0,0,0,0,0,0
2026-10-04T14:06:39Z,frontend,shippingservice,301510,301507,0,0,0,918526,301412
2026-10-04T14:06:39Z,paymentservice,adservice,0,0,0,0,0,0,0
2026-10-04T14:06:39Z,paymentservice,cartservice,0,0,0,0,0,0,0
2026-10-04T14:06:39Z,paymentservice,checkoutservice,0,0,0,0,0,0,0
2026-10-04T14:06:39Z,paymentservice,currencyservice,0,0,0,0,0,0,0
2026-10-04T14:06:39Z,paymentservice,emailservice,0,0,0,0,0,0,0
2026-10-04T14:06:39Z,paymentservice,frontend,0,0,0,0,0,0,0
2026-10-04T14:06:39Z,paymentservice,kubernetes,0,0,0,0,0,0,0
2026-10-04T14:06:39Z,paymentservice,paymentservice,0,0,0,0,0,0,0
2026-10-04T14:06:39Z,paymentservice,productcatalogservice,0,0,0,0,0,0,0
2026-10-04T14:06:39Z,paymentservice,recommendationservice,0,0,0,0,0,0,0
2026-10-04T14:06:39Z,paymentservice,redis-cart,0,0,0,0,0,0,0
2026-10-04T14:06:39Z,paymentservice,shippingservice,0,0,0,0,0,0,0
2026-10-04T14:06:39Z,productcatalogservice,adservice,0,0,0,0,0,0,0
2026-10-04T14:06:39Z,productcatalogservice,cartservice,0,0,0,0,0,0,0
2026-10-04T14:06:39Z,productcatalogservice,checkoutservice,0,0,0,0,0,0,0
2026-10-04T14:06:39Z,productcatalogservice,currencyservice,0,0,0,0,0,0,0
2026-10-04T14:06:39Z,productcatalogservice,emailservice,0,0,0,0,0,0,0
2026-10-04T14:06:39Z,productcatalogservice,frontend,0,0,0,0,0,0,0
2026-10-04T14:06:39Z,productcatalogservice,kubernetes,0,0,0,0,0,0,0
2026-10-04T14:06:39Z,productcatalogservice,paymentservice,0,0,0,0,0,0,0
2026-10-04T14:06:39Z,productcatalogservice,productcatalogservice,0,0,0,0,0,0,0
2026-10-04T14:06:39Z,productcatalogservice,recommendationservice,0,0,0,0,0,0,0
2026-10-04T14:06:39Z,productcatalogservice,redis-cart,0,0,0,0,0,0,0
2026-10-04T14:06:39Z,productcatalogservice,shippingservice,0,0,0,0,0,0,0
2026-10-04T14:06:39Z,recommendationservice,adservice,0,0,0,0,0,0,0
2026-10-04T14:06:39Z,recommendationservice,cartservice,0,0,0,0,0,0,0
2026-10-04T14:06:39Z,recommendationservice,checkoutservice,0,0,0,0,0,0,0
2026-10-04T14:06:39Z,recommendationservice,currencyservice,0,0,0,0,0,0,0
2026-10-04T14:06:39Z,recommendationservice,emailservice,0,0,0,0,0,0,0
2026-10-04T14:06:39Z,recommendationservice,frontend,0,0,0,0,0,0,0
2026-10-04T14:06:39Z,recommendationservice,kubernetes,0,0,0,0,0,0,0
2026-10-04T14:06:39Z,recommendationservice,paymentservice,0,0,0,0,0,0,0
2026-10-04T14:06:39Z,recommendationservice,productcatalogservice,78196,78194,0,0,0,633858,76337
2026-10-04T14:06:39Z,recommendationservice,recommendationservice,0,0,0,0,0,0,0
2026-10-04T14:06:39Z,recommendationservice,redis-cart,0,0,0,0,0,0,0
2026-10-04T14:06:39Z,recommendationservice,shippingservice,0,0,0,0,0,0,0
2026-10-04T14:06:39Z,redis-cart,adservice,0,0,0,0,0,0,0
2026-10-04T14:06:39Z,redis-cart,cartservice,0,0,0,0,0,0,0
2026-10-04T14:06:39Z,redis-cart,checkoutservice,0,0,0,0,0,0,0
2026-10-04T14:06:39Z,redis-cart,currencyservice,0,0,0,0,0,0,0
2026-10-04T14:06:39Z,redis-cart,emailservice,0,0,0,0,0,0,0
2026-10-04T14:06:39Z,redis-cart,frontend,0,0,0,0,0,0,0
2026-10-04T14:06:39Z,redis-cart,kubernetes,0,0,0,0,0,0,0
2026-10-04T14:06:39Z,redis-cart,paymentservice,0,0,0,0,0,0,0
2026-10-04T14:06:39Z,redis-cart,productcatalogservice,0,0,0,0,0,0,0
2026-10-04T14:06:39Z,redis-cart,recommendationservice,0,0,0,0,0,0,0
2026-10-04T14:06:39Z,redis-cart,redis-cart,0,0,0,0,0,0,0
2026-10-04T14:06:39Z,redis-cart,shippingservice,0,0,0,0,0,0,0
2026-10-04T14:06:39Z,shippingservice,adservice,0,0,0,0,0,0,0
2026-10-04T14:06:39Z,shippingservice,cartservice,0,0,0,0,0,0,0
2026-10-04T14:06:39Z,shippingservice,checkoutservice,0,0,0,0,0,0,0
2026-10-04T14:06:39Z,shippingservice,currencyservice,0,0,0,0,0,0,0
2026-10-04T14:06:39Z,shippingservice,emailservice,0,0,0,0,0,0,0
2026-10-04T14:06:39Z,shippingservice,frontend,0,0,0,0,0,0,0
2026-10-04T14:06:39Z,shippingservice,kubernetes,0,0,0,0,0,0,0
2026-10-04T14:06:39Z,shippingservice,paymentservice,0,0,0,0,0,0,0
2026-10-04T14:06:39Z,shippingservice,productcatalogservice,0,0,0,0,0,0,0
2026-10-04T14:06:39Z,shippingservice,recommendationservice,0,0,0,0,0,0,0
2026-10-04T14:06:39Z,shippingservice,redis-cart,0,0,0,0,0,0,0
2026-10-04T14:06:39Z,shippingservice,shippingservice,0,0,0,0,0,0,0
2026-10-04T14:06:40Z,adservice,adservice,0,0,0,0,0,0,0
2026-10-04T14:06:40Z,adservice,cartservice,0,0,0,0,0,0,0
2026-10-04T14:06:40Z,adservice,checkoutservice,0,0,0,0,0,0,0
2026-10-04T14:06:40Z,adservice,currencyservice,0,0,0,0,0,0,0
2026-10-04T14:06:40Z,adservice,emailservice,0,0,0,0,0,0,0
2026-10-04T14:06:40Z,adservice,frontend,0,0,0,0,0,0,0
2026-10-04T14:06:40Z,adservice,kubernetes,0,0,0,0,0,0,0
2026-10-04T14:06:40Z,adservice,paymentservice,0,0,0,0,0,0,0
2026-10-04T14:06:40Z,adservice,productcatalogservice,0,0,0,0,0,0,0
2026-10-04T14:06:40Z,adservice,recommendationservice,0,0,0,0,0,0,0
2026-10-04T14:06:40Z,adservice,redis-cart,0,0,0,0,0,0,0
2026-10-04T14:06:40Z,adservice,shippingservice,0,0,0,0,0,0,0
2026-10-04T14:06:40Z,cartservice,adservice,0,0,0,0,0,0,0
2026-10-04T14:06:40Z,cartservice,cartservice,0,0,0,0,0,0,0
2026-10-04T14:06:40Z,cartservice,checkoutservice,0,0,0,0,0,0,0
2026-10-04T14:06:40Z,cartservice,currencyservice,0,0,0,0,0,0,0
2026-10-04T14:06:40Z,cartservice,emailservice,0,0,0,0,0,0,0
2026-10-04T14:06:40Z,cartservice,frontend,0,0,0,0,0,0,0
2026-10-04T14:06:40Z,cartservice,kubernetes,0,0,0,0,0,0,0
2026-10-04T14:06:40Z,cartservice,paymentservice,0,0,0,0,0,0,0
2026-10-04T14:06:40Z,cartservice,productcatalogservice,0,0,0,0,0,0,0
2026-10-04T14:06:40Z,cartservice,recommendationservice,0,0,0,0,0,0,0
2026-10-04T14:06:40Z,cartservice,redis-cart,2,0,0,0,0,0,0
2026-10-04T14:06:40Z,cartservice,shippingservice,0,0,0,0,0,0,0
2026-10-04T14:06:40Z,checkoutservice,adservice,0,0,0,0,0,0,0
2026-10-04T14:06:40Z,checkoutservice,cartservice,38374,37510,0,93,0,562467,36804
2026-10-04T14:06:40Z,checkoutservice,checkoutservice,0,0,0,0,0,0,0
2026-10-04T14:06:40Z,checkoutservice,currencyservice,29963,29963,0,0,0,487209,29294
2026-10-04T14:06:40Z,checkoutservice,emailservice,2672,2406,0,63,0,120991,2405
2026-10-04T14:06:40Z,checkoutservice,frontend,0,0,0,0,0,0,0
2026-10-04T14:06:40Z,checkoutservice,kubernetes,0,0,0,0,0,0,0
2026-10-04T14:06:40Z,checkoutservice,paymentservice,23351,21593,0,182,0,359896,20959
2026-10-04T14:06:40Z,checkoutservice,productcatalogservice,0,0,0,0,0,0,0
2026-10-04T14:06:40Z,checkoutservice,recommendationservice,0,0,0,0,0,0,0
2026-10-04T14:06:40Z,checkoutservice,redis-cart,0,0,0,0,0,0,0
2026-10-04T14:06:40Z,checkoutservice,shippingservice,43201,41192,0,148,0,431979,40322
2026-10-04T14:06:40Z,currencyservice,adservice,0,0,0,0,0,0,0
2026-10-04T14:06:40Z,currencyservice,cartservice,0,0,0,0,0,0,0
2026-10-04T14:06:40Z,currencyservice,checkoutservice,0,0,0,0,0,0,0
2026-10-04T14:06:40Z,currencyservice,currencyservice,0,0,0,0,0,0,0
2026-10-04T14:06:40Z,currencyservice,emailservice,0,0,0,0,0,0,0
2026-10-04T14:06:40Z,currencyservice,frontend,0,0,0,0,0,0,0
2026-10-04T14:06:40Z,currencyservice,kubernetes,0,0,0,0,0,0,0
2026-10-04T14:06:40Z,currencyservice,paymentservice,0,0,0,0,0,0,0
2026-10-04T14:06:40Z,currencyservice,productcatalogservice,0,0,0,0,0,0,0
2026-10-04T14:06:40Z,currencyservice,recommendationservice,0,0,0,0,0,0,0
2026-10-04T14:06:40Z,currencyservice,redis-cart,0,0,0,0,0,0,0
2026-10-04T14:06:40Z,currencyservice,shippingservice,0,0,0,0,0,0,0
2026-10-04T14:06:40Z,emailservice,adservice,0,0,0,0,0,0,0
2026-10-04T14:06:40Z,emailservice,cartservice,0,0,0,0,0,0,0
2026-10-04T14:06:40Z,emailservice,checkoutservice,0,0,0,0,0,0,0
2026-10-04T14:06:40Z,emailservice,currencyservice,0,0,0,0,0,0,0
2026-10-04T14:06:40Z,emailservice,emailservice,0,0,0,0,0,0,0
2026-10-04T14:06:40Z,emailservice,frontend,0,0,0,0,0,0,0
2026-10-04T14:06:40Z,emailservice,kubernetes,0,0,0,0,0,0,0
2026-10-04T14:06:40Z,emailservice,paymentservice,0,0,0,0,0,0,0
2026-10-04T14:06:40Z,emailservice,productcatalogservice,0,0,0,0,0,0,0
2026-10-04T14:06:40Z,emailservice,recommendationservice,0,0,0,0,0,0,0
2026-10-04T14:06:40Z,emailservice,redis-cart,0,0,0,0,0,0,0
2026-10-04T14:06:40Z,emailservice,shippingservice,0,0,0,0,0,0,0
2026-10-04T14:06:40Z,frontend,adservice,822477,822475,0,0,0,2481355,821991
2026-10-04T14:06:40Z,frontend,cartservice,1814189,1814175,0,0,4,10119096,1813290
2026-10-04T14:06:40Z,frontend,checkoutservice,389017,180316,0,39779,168869,61226657,180263
2026-10-04T14:06:40Z,frontend,currencyservice,2885119,2885108,0,0,0,15359177,2883698
2026-10-04T14:06:40Z,frontend,emailservice,0,0,0,0,0,0,0
2026-10-04T14:06:40Z,frontend,frontend,0,0,0,0,0,0,0
2026-10-04T14:06:40Z,frontend,kubernetes,0,0,0,0,0,0,0
2026-10-04T14:06:40Z,frontend,paymentservice,0,0,0,0,0,0,0
2026-10-04T14:06:40Z,frontend,productcatalogservice,8135198,8135111,0,0,0,55731791,8130471
2026-10-04T14:06:40Z,frontend,recommendationservice,2602829,1603495,0,104145,892890,780006318,1602707
2026-10-04T14:06:40Z,frontend,redis-cart,0,0,0,0,0,0,0
2026-10-04T14:06:40Z,frontend,shippingservice,301606,301604,0,0,0,918526,301412
2026-10-04T14:06:40Z,paymentservice,adservice,0,0,0,0,0,0,0
2026-10-04T14:06:40Z,paymentservice,cartservice,0,0,0,0,0,0,0
2026-10-04T14:06:40Z,paymentservice,checkoutservice,0,0,0,0,0,0,0
2026-10-04T14:06:40Z,paymentservice,currencyservice,0,0,0,0,0,0,0
2026-10-04T14:06:40Z,paymentservice,emailservice,0,0,0,0,0,0,0
2026-10-04T14:06:40Z,paymentservice,frontend,0,0,0,0,0,0,0
2026-10-04T14:06:40Z,paymentservice,kubernetes,0,0,0,0,0,0,0
2026-10-04T14:06:40Z,paymentservice,paymentservice,0,0,0,0,0,0,0
2026-10-04T14:06:40Z,paymentservice,productcatalogservice,0,0,0,0,0,0,0
2026-10-04T14:06:40Z,paymentservice,recommendationservice,0,0,0,0,0,0,0
2026-10-04T14:06:40Z,paymentservice,redis-cart,0,0,0,0,0,0,0
2026-10-04T14:06:40Z,paymentservice,shippingservice,0,0,0,0,0,0,0
2026-10-04T14:06:40Z,productcatalogservice,adservice,0,0,0,0,0,0,0
2026-10-04T14:06:40Z,productcatalogservice,cartservice,0,0,0,0,0,0,0
2026-10-04T14:06:40Z,productcatalogservice,checkoutservice,0,0,0,0,0,0,0
2026-10-04T14:06:40Z,productcatalogservice,currencyservice,0,0,0,0,0,0,0
2026-10-04T14:06:40Z,productcatalogservice,emailservice,0,0,0,0,0,0,0
2026-10-04T14:06:40Z,productcatalogservice,frontend,0,0,0,0,0,0,0
2026-10-04T14:06:40Z,productcatalogservice,kubernetes,0,0,0,0,0,0,0
2026-10-04T14:06:40Z,productcatalogservice,paymentservice,0,0,0,0,0,0,0
2026-10-04T14:06:40Z,productcatalogservice,productcatalogservice,0,0,0,0,0,0,0
2026-10-04T14:06:40Z,productcatalogservice,recommendationservice,0,0,0,0,0,0,0
2026-10-04T14:06:40Z,productcatalogservice,redis-cart,0,0,0,0,0,0,0
2026-10-04T14:06:40Z,productcatalogservice,shippingservice,0,0,0,0,0,0,0
2026-10-04T14:06:40Z,recommendationservice,adservice,0,0,0,0,0,0,0
2026-10-04T14:06:40Z,recommendationservice,cartservice,0,0,0,0,0,0,0
2026-10-04T14:06:40Z,recommendationservice,checkoutservice,0,0,0,0,0,0,0
2026-10-04T14:06:40Z,recommendationservice,currencyservice,0,0,0,0,0,0,0
2026-10-04T14:06:40Z,recommendationservice,emailservice,0,0,0,0,0,0,0
2026-10-04T14:06:40Z,recommendationservice,frontend,0,0,0,0,0,0,0
2026-10-04T14:06:40Z,recommendationservice,kubernetes,0,0,0,0,0,0,0
2026-10-04T14:06:40Z,recommendationservice,paymentservice,0,0,0,0,0,0,0
2026-10-04T14:06:40Z,recommendationservice,productcatalogservice,78620,78620,0,0,0,653428,78480
2026-10-04T14:06:40Z,recommendationservice,recommendationservice,0,0,0,0,0,0,0
2026-10-04T14:06:40Z,recommendationservice,redis-cart,0,0,0,0,0,0,0
2026-10-04T14:06:40Z,recommendationservice,shippingservice,0,0,0,0,0,0,0
2026-10-04T14:06:40Z,redis-cart,adservice,0,0,0,0,0,0,0
2026-10-04T14:06:40Z,redis-cart,cartservice,0,0,0,0,0,0,0
2026-10-04T14:06:40Z,redis-cart,checkoutservice,0,0,0,0,0,0,0
2026-10-04T14:06:40Z,redis-cart,currencyservice,0,0,0,0,0,0,0
2026-10-04T14:06:40Z,redis-cart,emailservice,0,0,0,0,0,0,0
2026-10-04T14:06:40Z,redis-cart,frontend,0,0,0,0,0,0,0
2026-10-04T14:06:40Z,redis-cart,kubernetes,0,0,0,0,0,0,0
2026-10-04T14:06:40Z,redis-cart,paymentservice,0,0,0,0,0,0,0
2026-10-04T14:06:40Z,redis-cart,productcatalogservice,0,0,0,0,0,0,0
2026-10-04T14:06:40Z,redis-cart,recommendationservice,0,0,0,0,0,0,0
2026-10-04T14:06:40Z,redis-cart,redis-cart,0,0,0,0,0,0,0
2026-10-04T14:06:40Z,redis-cart,shippingservice,0,0,0,0,0,0,0
2026-10-04T14:06:40Z,shippingservice,adservice,0,0,0,0,0,0,0
2026-10-04T14:06:40Z,shippingservice,cartservice,0,0,0,0,0,0,0
2026-10-04T14:06:40Z,shippingservice,checkoutservice,0,0,0,0,0,0,0
2026-10-04T14:06:40Z,shippingservice,currencyservice,0,0,0,0,0,0,0
2026-10-04T14:06:40Z,shippingservice,emailservice,0,0,0,0,0,0,0
2026-10-04T14:06:40Z,shippingservice,frontend,0,0,0,0,0,0,0
2026-10-04T14:06:40Z,shippingservice,kubernetes,0,0,0,0,0,0,0
2026-10-04T14:06:40Z,shippingservice,paymentservice,0,0,0,0,0,0,0
2026-10-04T14:06:40Z,shippingservice,productcatalogservice,0,0,0,0,0,0,0
2026-10-04T14:06:40Z,shippingservice,recommendationservice,0,0,0,0,0,0,0
2026-10-04T14:06:40Z,shippingservice,redis-cart,0,0,0,0,0,0,0
2026-10-04T14:06:40Z,shippingservice,shippingservice,0,0,0,0,0,0,0
2026-10-04T14:06:41Z,adservice,adservice,0,0,0,0,0,0,0
2026-10-04T14:06:41Z,adservice,cartservice,0,0,0,0,0,0,0
2026-10-04T14:06:41Z,adservice,checkoutservice,0,0,0,0,0,0,0
2026-10-04T14:06:41Z,adservice,currencyservice,0,0,0,0,0,0,0
2026-10-04T14:06:41Z,adservice,emailservice,0,0,0,0,0,0,0
2026-10-04T14:06:41Z,adservice,frontend,0,0,0,0,0,0,0
2026-10-04T14:06:41Z,adservice,kubernetes,0,0,0,0,0,0,0
2026-10-04T14:06:41Z,adservice,paymentservice,0,0,0,0,0,0,0
2026-10-04T14:06:41Z,adservice,productcatalogservice,0,0,0,0,0,0,0
2026-10-04T14:06:41Z,adservice,recommendationservice,0,0,0,0,0,0,0
2026-10-04T14:06:41Z,adservice,redis-cart,0,0,0,0,0,0,0
2026-10-04T14:06:41Z,adservice,shippingservice,0,0,0,0,0,0,0
2026-10-04T14:06:41Z,cartservice,adservice,0,0,0,0,0,0,0
2026-10-04T14:06:41Z,cartservice,cartservice,0,0,0,0,0,0,0
2026-10-04T14:06:41Z,cartservice,checkoutservice,0,0,0,0,0,0,0
2026-10-04T14:06:41Z,cartservice,currencyservice,0,0,0,0,0,0,0
2026-10-04T14:06:41Z,cartservice,emailservice,0,0,0,0,0,0,0
2026-10-04T14:06:41Z,cartservice,frontend,0,0,0,0,0,0,0
2026-10-04T14:06:41Z,cartservice,kubernetes,0,0,0,0,0,0,0
2026-10-04T14:06:41Z,cartservice,paymentservice,0,0,0,0,0,0,0
2026-10-04T14:06:41Z,cartservice,productcatalogservice,0,0,0,0,0,0,0
2026-10-04T14:06:41Z,cartservice,recommendationservice,0,0,0,0,0,0,0
2026-10-04T14:06:41Z,cartservice,redis-cart,2,0,0,0,0,0,0
2026-10-04T14:06:41Z,cartservice,shippingservice,0,0,0,0,0,0,0
2026-10-04T14:06:41Z,checkoutservice,adservice,0,0,0,0,0,0,0
2026-10-04T14:06:41Z,checkoutservice,cartservice,38580,37709,0,93,0,562467,36804
2026-10-04T14:06:41Z,checkoutservice,checkoutservice,0,0,0,0,0,0,0
2026-10-04T14:06:41Z,checkoutservice,currencyservice,30142,30139,0,0,0,487209,29294
2026-10-04T14:06:41Z,checkoutservice,emailservice,2672,2406,0,63,0,120991,2405
2026-10-04T14:06:41Z,checkoutservice,frontend,0,0,0,0,0,0,0
2026-10-04T14:06:41Z,checkoutservice,kubernetes,0,0,0,0,0,0,0
2026-10-04T14:06:41Z,checkoutservice,paymentservice,23525,21757,0,182,0,359896,20959
2026-10-04T14:06:41Z,checkoutservice,productcatalogservice,0,0,0,0,0,0,0
2026-10-04T14:06:41Z,checkoutservice,recommendationservice,0,0,0,0,0,0,0
2026-10-04T14:06:41Z,checkoutservice,redis-cart,0,0,0,0,0,0,0
2026-10-04T14:06:41Z,checkoutservice,shippingservice,43462,41426,0,150,0,431979,40322
2026-10-04T14:06:41Z,currencyservice,adservice,0,0,0,0,0,0,0
2026-10-04T14:06:41Z,currencyservice,cartservice,0,0,0,0,0,0,0
2026-10-04T14:06:41Z,currencyservice,checkoutservice,0,0,0,0,0,0,0
2026-10-04T14:06:41Z,currencyservice,currencyservice,0,0,0,0,0,0,0
2026-10-04T14:06:41Z,currencyservice,emailservice,0,0,0,0,0,0,0
2026-10-04T14:06:41Z,currencyservice,frontend,0,0,0,0,0,0,0
2026-10-04T14:06:41Z,currencyservice,kubernetes,0,0,0,0,0,0,0
2026-10-04T14:06:41Z,currencyservice,paymentservice,0,0,0,0,0,0,0
2026-10-04T14:06:41Z,currencyservice,productcatalogservice,0,0,0,0,0,0,0
2026-10-04T14:06:41Z,currencyservice,recommendationservice,0,0,0,0,0,0,0
2026-10-04T14:06:41Z,currencyservice,redis-cart,0,0,0,0,0,0,0
2026-10-04T14:06:41Z,currencyservice,shippingservice,0,0,0,0,0,0,0
2026-10-04T14:06:41Z,emailservice,adservice,0,0,0,0,0,0,0
2026-10-04T14:06:41Z,emailservice,cartservice,0,0,0,0,0,0,0
2026-10-04T14:06:41Z,emailservice,checkoutservice,0,0,0,0,0,0,0
2026-10-04T14:06:41Z,emailservice,currencyservice,0,0,0,0,0,0,0
2026-10-04T14:06:41Z,emailservice,emailservice,0,0,0,0,0,0,0
2026-10-04T14:06:41Z,emailservice,frontend,0,0,0,0,0,0,0
2026-10-04T14:06:41Z,emailservice,kubernetes,0,0,0,0,0,0,0
2026-10-04T14:06:41Z,emailservice,paymentservice,0,0,0,0,0,0,0
2026-10-04T14:06:41Z,emailservice,productcatalogservice,0,0,0,0,0,0,0
2026-10-04T14:06:41Z,emailservice,recommendationservice,0,0,0,0,0,0,0
2026-10-04T14:06:41Z,emailservice,redis-cart,0,0,0,0,0,0,0
2026-10-04T14:06:41Z,emailservice,shippingservice,0,0,0,0,0,0,0
2026-10-04T14:06:41Z,frontend,adservice,822732,822727,0,0,0,2481355,821991
2026-10-04T14:06:41Z,frontend,cartservice,1814638,1814625,0,0,4,10119096,1813290
2026-10-04T14:06:41Z,frontend,checkoutservice,389184,180350,0,39809,168977,61226657,180263
2026-10-04T14:06:41Z,frontend,currencyservice,2885827,2885815,0,0,0,15359177,2883698
2026-10-04T14:06:41Z,frontend,emailservice,0,0,0,0,0,0,0
2026-10-04T14:06:41Z,frontend,frontend,0,0,0,0,0,0,0
2026-10-04T14:06:41Z,frontend,kubernetes,0,0,0,0,0,0,0
2026-10-04T14:06:41Z,frontend,paymentservice,0,0,0,0,0,0,0
2026-10-04T14:06:41Z,frontend,productcatalogservice,8137559,8137478,0,0,0,55731791,8130471
2026-10-04T14:06:41Z,frontend,recommendationservice,2603246,1603893,0,104145,892890,780006318,1602707
2026-10-04T14:06:41Z,frontend,redis-cart,0,0,0,0,0,0,0
2026-10-04T14:06:41Z,frontend,shippingservice,301695,301692,0,0,0,918526,301412
2026-10-04T14:06:41Z,paymentservice,adservice,0,0,0,0,0,0,0
2026-10-04T14:06:41Z,paymentservice,cartservice,0,0,0,0,0,0,0
2026-10-04T14:06:41Z,paymentservice,checkoutservice,0,0,0,0,0,0,0
2026-10-04T14:06:41Z,paymentservice,currencyservice,0,0,0,0,0,0,0
2026-10-04T14:06:41Z,paymentservice,emailservice,0,0,0,0,0,0,0
2026-10-04T14:06:41Z,paymentservice,frontend,0,0,0,0,0,0,0
2026-10-04T14:06:41Z,paymentservice,kubernetes,0,0,0,0,0,0,0
2026-10-04T14:06:41Z,paymentservice,paymentservice,0,0,0,0,0,0,0
2026-10-04T14:06:41Z,paymentservice,productcatalogservice,0,0,0,0,0,0,0
2026-10-04T14:06:41Z,paymentservice,recommendationservice,0,0,0,0,0,0,0
2026-10-04T14:06:41Z,paymentservice,redis-cart,0,0,0,0,0,0,0
2026-10-04T14:06:41Z,paymentservice,shippingservice,0,0,0,0,0,0,0
2026-10-04T14:06:41Z,productcatalogservice,adservice,0,0,0,0,0,0,0
2026-10-04T14:06:41Z,productcatalogservice,cartservice,0,0,0,0,0,0,0
2026-10-04T14:06:41Z,productcatalogservice,checkoutservice,0,0,0,0,0,0,0
2026-10-04T14:06:41Z,productcatalogservice,currencyservice,0,0,0,0,0,0,0
2026-10-04T14:06:41Z,productcatalogservice,emailservice,0,0,0,0,0,0,0
2026-10-04T14:06:41Z,productcatalogservice,frontend,0,0,0,0,0,0,0
2026-10-04T14:06:41Z,productcatalogservice,kubernetes,0,0,0,0,0,0,0
2026-10-04T14:06:41Z,productcatalogservice,paymentservice,0,0,0,0,0,0,0
2026-10-04T14:06:41Z,productcatalogservice,productcatalogservice,0,0,0,0,0,0,0
2026-10-04T14:06:41Z,productcatalogservice,recommendationservice,0,0,0,0,0,0,0
2026-10-04T14:06:41Z,productcatalogservice,redis-cart,0,0,0,0,0,0,0
2026-10-04T14:06:41Z,productcatalogservice,shippingservice,0,0,0,0,0,0,0
2026-10-04T14:06:41Z,recommendationservice,adservice,0,0,0,0,0,0,0
2026-10-04T14:06:41Z,recommendationservice,cartservice,0,0,0,0,0,0,0
2026-10-04T14:06:41Z,recommendationservice,checkoutservice,0,0,0,0,0,0,0
2026-10-04T14:06:41Z,recommendationservice,currencyservice,0,0,0,0,0,0,0
2026-10-04T14:06:41Z,recommendationservice,emailservice,0,0,0,0,0,0,0
2026-10-04T14:06:41Z,recommendationservice,frontend,0,0,0,0,0,0,0
2026-10-04T14:06:41Z,recommendationservice,kubernetes,0,0,0,0,0,0,0
2026-10-04T14:06:41Z,recommendationservice,paymentservice,0,0,0,0,0,0,0
2026-10-04T14:06:41Z,recommendationservice,productcatalogservice,79039,79039,0,0,0,653428,78480
2026-10-04T14:06:41Z,recommendationservice,recommendationservice,0,0,0,0,0,0,0
2026-10-04T14:06:41Z,recommendationservice,redis-cart,0,0,0,0,0,0,0
2026-10-04T14:06:41Z,recommendationservice,shippingservice,0,0,0,0,0,0,0
2026-10-04T14:06:41Z,redis-cart,adservice,0,0,0,0,0,0,0
2026-10-04T14:06:41Z,redis-cart,cartservice,0,0,0,0,0,0,0
2026-10-04T14:06:41Z,redis-cart,checkoutservice,0,0,0,0,0,0,0
2026-10-04T14:06:41Z,redis-cart,currencyservice,0,0,0,0,0,0,0
2026-10-04T14:06:41Z,redis-cart,emailservice,0,0,0,0,0,0,0
2026-10-04T14:06:41Z,redis-cart,frontend,0,0,0,0,0,0,0
2026-10-04T14:06:41Z,redis-cart,kubernetes,0,0,0,0,0,0,0
2026-10-04T14:06:41Z,redis-cart,paymentservice,0,0,0,0,0,0,0
2026-10-04T14:06:41Z,redis-cart,productcatalogservice,0,0,0,0,0,0,0
2026-10-04T14:06:41Z,redis-cart,recommendationservice,0,0,0,0,0,0,0
2026-10-04T14:06:41Z,redis-cart,redis-cart,0,0,0,0,0,0,0
2026-10-04T14:06:41Z,redis-cart,shippingservice,0,0,0,0,0,0,0
2026-10-04T14:06:41Z,shippingservice,adservice,0,0,0,0,0,0,0
2026-10-04T14:06:41Z,shippingservice,cartservice,0,0,0,0,0,0,0
2026-10-04T14:06:41Z,shippingservice,checkoutservice,0,0,0,0,0,0,0
2026-10-04T14:06:41Z,shippingservice,currencyservice,0,0,0,0,0,0,0
2026-10-04T14:06:41Z,shippingservice,emailservice,0,0,0,0,0,0,0
2026-10-04T14:06:41Z,shippingservice,frontend,0,0,0,0,0,0,0
2026-10-04T14:06:41Z,shippingservice,kubernetes,0,0,0,0,0,0,0
2026-10-04T14:06:41Z,shippingservice,paymentservice,0,0,0,0,0,0,0
2026-10-04T14:06:41Z,shippingservice,productcatalogservice,0,0,0,0,0,0,0
2026-10-04T14:06:41Z,shippingservice,recommendationservice,0,0,0,0,0,0,0
2026-10-04T14:06:41Z,shippingservice,redis-cart,0,0,0,0,0,0,0
2026-10-04T14:06:41Z,shippingservice,shippingservice,0,0,0,0,0,0,0
2026-10-04T14:06:42Z,adservice,adservice,0,0,0,0,0,0,0
2026-10-04T14:06:42Z,adservice,cartservice,0,0,0,0,0,0,0
2026-10-04T14:06:42Z,adservice,checkoutservice,0,0,0,0,0,0,0
2026-10-04T14:06:42Z,adservice,currencyservice,0,0,0,0,0,0,0
2026-10-04T14:06:42Z,adservice,emailservice,0,0,0,0,0,0,0
2026-10-04T14:06:42Z,adservice,frontend,0,0,0,0,0,0,0
2026-10-04T14:06:42Z,adservice,kubernetes,0,0,0,0,0,0,0
2026-10-04T14:06:42Z,adservice,paymentservice,0,0,0,0,0,0,0
2026-10-04T14:06:42Z,adservice,productcatalogservice,0,0,0,0,0,0,0
2026-10-04T14:06:42Z,adservice,recommendationservice,0,0,0,0,0,0,0
2026-10-04T14:06:42Z,adservice,redis-cart,0,0,0,0,0,0,0
2026-10-04T14:06:42Z,adservice,shippingservice,0,0,0,0,0,0,0
2026-10-04T14:06:42Z,cartservice,adservice,0,0,0,0,0,0,0
2026-10-04T14:06:42Z,cartservice,cartservice,0,0,0,0,0,0,0
2026-10-04T14:06:42Z,cartservice,checkoutservice,0,0,0,0,0,0,0
2026-10-04T14:06:42Z,cartservice,currencyservice,0,0,0,0,0,0,0
2026-10-04T14:06:42Z,cartservice,emailservice,0,0,0,0,0,0,0
2026-10-04T14:06:42Z,cartservice,frontend,0,0,0,0,0,0,0
2026-10-04T14:06:42Z,cartservice,kubernetes,0,0,0,0,0,0,0
2026-10-04T14:06:42Z,cartservice,paymentservice,0,0,0,0,0,0,0
2026-10-04T14:06:42Z,cartservice,productcatalogservice,0,0,0,0,0,0,0
2026-10-04T14:06:42Z,cartservice,recommendationservice,0,0,0,0,0,0,0
2026-10-04T14:06:42Z,cartservice,redis-cart,2,0,0,0,0,0,0
2026-10-04T14:06:42Z,cartservice,shippingservice,0,0,0,0,0,0,0
2026-10-04T14:06:42Z,checkoutservice,adservice,0,0,0,0,0,0,0
2026-10-04T14:06:42Z,checkoutservice,cartservice,38786,37892,0,94,0,579619,37812
2026-10-04T14:06:42Z,checkoutservice,checkoutservice,0,0,0,0,0,0,0
2026-10-04T14:06:42Z,checkoutservice,currencyservice,30326,30312,0,0,0,503325,30242
2026-10-04T14:06:42Z,checkoutservice,emailservice,2673,2406,0,63,0,121012,2406
2026-10-04T14:06:42Z,checkoutservice,frontend,0,0,0,0,0,0,0
2026-10-04T14:06:42Z,checkoutservice,kubernetes,0,0,0,0,0,0,0
2026-10-04T14:06:42Z,checkoutservice,paymentservice,23699,21930,0,183,0,376895,21724
2026-10-04T14:06:42Z,checkoutservice,productcatalogservice,0,0,0,0,0,0,0
2026-10-04T14:06:42Z,checkoutservice,recommendationservice,0,0,0,0,0,0,0
2026-10-04T14:06:42Z,checkoutservice,redis-cart,0,0,0,0,0,0,0
2026-10-04T14:06:42Z,checkoutservice,shippingservice,43749,41702,0,151,0,446720,41584
2026-10-04T14:06:42Z,currencyservice,adservice,0,0,0,0,0,0,0
2026-10-04T14:06:42Z,currencyservice,cartservice,0,0,0,0,0,0,0
2026-10-04T14:06:42Z,currencyservice,checkoutservice,0,0,0,0,0,0,0
2026-10-04T14:06:42Z,currencyservice,currencyservice,0,0,0,0,0,0,0
2026-10-04T14:06:42Z,currencyservice,emailservice,0,0,0,0,0,0,0
2026-10-04T14:06:42Z,currencyservice,frontend,0,0,0,0,0,0,0
2026-10-04T14:06:42Z,currencyservice,kubernetes,0,0,0,0,0,0,0
2026-10-04T14:06:42Z,currencyservice,paymentservice,0,0,0,0,0,0,0
2026-10-04T14:06:42Z,currencyservice,productcatalogservice,0,0,0,0,0,0,0
2026-10-04T14:06:42Z,currencyservice,recommendationservice,0,0,0,0,0,0,0
2026-10-04T14:06:42Z,currencyservice,redis-cart,0,0,0,0,0,0,0
2026-10-04T14:06:42Z,currencyservice,shippingservice,0,0,0,0,0,0,0
2026-10-04T14:06:42Z,emailservice,adservice,0,0,0,0,0,0,0
2026-10-04T14:06:42Z,emailservice,cartservice,0,0,0,0,0,0,0
2026-10-04T14:06:42Z,emailservice,checkoutservice,0,0,0,0,0,0,0
2026-10-04T14:06:42Z,emailservice,currencyservice,0,0,0,0,0,0,0
2026-10-04T14:06:42Z,emailservice,emailservice,0,0,0,0,0,0,0
2026-10-04T14:06:42Z,emailservice,frontend,0,0,0,0,0,0,0
2026-10-04T14:06:42Z,emailservice,kubernetes,0,0,0,0,0,0,0
2026-10-04T14:06:42Z,emailservice,paymentservice,0,0,0,0,0,0,0
2026-10-04T14:06:42Z,emailservice,productcatalogservice,0,0,0,0,0,0,0
2026-10-04T14:06:42Z,emailservice,recommendationservice,0,0,0,0,0,0,0
2026-10-04T14:06:42Z,emailservice,redis-cart,0,0,0,0,0,0,0
2026-10-04T14:06:42Z,emailservice,shippingservice,0,0,0,0,0,0,0
2026-10-04T14:06:42Z,frontend,adservice,822993,822990,0,0,0,2481355,821991
2026-10-04T14:06:42Z,frontend,cartservice,1815116,1815103,0,0,4,10119096,1813290
2026-10-04T14:06:42Z,frontend,checkoutservice,389374,180377,0,39835,169102,61226657,180263
2026-10-04T14:06:42Z,frontend,currencyservice,2886601,2886585,0,0,0,15359177,2883698
2026-10-04T14:06:42Z,frontend,emailservice,0,0,0,0,0,0,0
2026-10-04T14:06:42Z,frontend,frontend,0,0,0,0,0,0,0
2026-10-04T14:06:42Z,frontend,kubernetes,0,0,0,0,0,0,0
2026-10-04T14:06:42Z,frontend,paymentservice,0,0,0,0,0,0,0
2026-10-04T14:06:42Z,frontend,productcatalogservice,8140058,8139977,0,0,0,55731791,8130471
2026-10-04T14:06:42Z,frontend,recommendationservice,2603690,1604322,0,104145,892890,780006318,1602707
2026-10-04T14:06:42Z,frontend,redis-cart,0,0,0,0,0,0,0
2026-10-04T14:06:42Z,frontend,shippingservice,301798,301796,0,0,0,918526,301412
2026-10-04T14:06:42Z,paymentservice,adservice,0,0,0,0,0,0,0
2026-10-04T14:06:42Z,paymentservice,cartservice,0,0,0,0,0,0,0
2026-10-04T14:06:42Z,paymentservice,checkoutservice,0,0,0,0,0,0,0
2026-10-04T14:06:42Z,paymentservice,currencyservice,0,0,0,0,0,0,0
2026-10-04T14:06:42Z,paymentservice,emailservice,0,0,0,0,0,0,0
2026-10-04T14:06:42Z,paymentservice,frontend,0,0,0,0,0,0,0
2026-10-04T14:06:42Z,paymentservice,kubernetes,0,0,0,0,0,0,0
2026-10-04T14:06:42Z,paymentservice,paymentservice,0,0,0,0,0,0,0
2026-10-04T14:06:42Z,paymentservice,productcatalogservice,0,0,0,0,0,0,0
2026-10-04T14:06:42Z,paymentservice,recommendationservice,0,0,0,0,0,0,0
2026-10-04T14:06:42Z,paymentservice,redis-cart,0,0,0,0,0,0,0
2026-10-04T14:06:42Z,paymentservice,shippingservice,0,0,0,0,0,0,0
2026-10-04T14:06:42Z,productcatalogservice,adservice,0,0,0,0,0,0,0
2026-10-04T14:06:42Z,productcatalogservice,cartservice,0,0,0,0,0,0,0
2026-10-04T14:06:42Z,productcatalogservice,checkoutservice,0,0,0,0,0,0,0
2026-10-04T14:06:42Z,productcatalogservice,currencyservice,0,0,0,0,0,0,0
2026-10-04T14:06:42Z,productcatalogservice,emailservice,0,0,0,0,0,0,0
2026-10-04T14:06:42Z,productcatalogservice,frontend,0,0,0,0,0,0,0
2026-10-04T14:06:42Z,productcatalogservice,kubernetes,0,0,0,0,0,0,0
2026-10-04T14:06:42Z,productcatalogservice,paymentservice,0,0,0,0,0,0,0
2026-10-04T14:06:42Z,productcatalogservice,productcatalogservice,0,0,0,0,0,0,0
2026-10-04T14:06:42Z,productcatalogservice,recommendationservice,0,0,0,0,0,0,0
2026-10-04T14:06:42Z,productcatalogservice,redis-cart,0,0,0,0,0,0,0
2026-10-04T14:06:42Z,productcatalogservice,shippingservice,0,0,0,0,0,0,0
2026-10-04T14:06:42Z,recommendationservice,adservice,0,0,0,0,0,0,0
2026-10-04T14:06:42Z,recommendationservice,cartservice,0,0,0,0,0,0,0
2026-10-04T14:06:42Z,recommendationservice,checkoutservice,0,0,0,0,0,0,0
2026-10-04T14:06:42Z,recommendationservice,currencyservice,0,0,0,0,0,0,0
2026-10-04T14:06:42Z,recommendationservice,emailservice,0,0,0,0,0,0,0
2026-10-04T14:06:42Z,recommendationservice,frontend,0,0,0,0,0,0,0
2026-10-04T14:06:42Z,recommendationservice,kubernetes,0,0,0,0,0,0,0
2026-10-04T14:06:42Z,recommendationservice,paymentservice,0,0,0,0,0,0,0
2026-10-04T14:06:42Z,recommendationservice,productcatalogservice,79469,79466,0,0,0,653428,78480
2026-10-04T14:06:42Z,recommendationservice,recommendationservice,0,0,0,0,0,0,0
2026-10-04T14:06:42Z,recommendationservice,redis-cart,0,0,0,0,0,0,0
2026-10-04T14:06:42Z,recommendationservice,shippingservice,0,0,0,0,0,0,0
2026-10-04T14:06:42Z,redis-cart,adservice,0,0,0,0,0,0,0
2026-10-04T14:06:42Z,redis-cart,cartservice,0,0,0,0,0,0,0
2026-10-04T14:06:42Z,redis-cart,checkoutservice,0,0,0,0,0,0,0
2026-10-04T14:06:42Z,redis-cart,currencyservice,0,0,0,0,0,0,0
2026-10-04T14:06:42Z,redis-cart,emailservice,0,0,0,0,0,0,0
2026-10-04T14:06:42Z,redis-cart,frontend,0,0,0,0,0,0,0
2026-10-04T14:06:42Z,redis-cart,kubernetes,0,0,0,0,0,0,0
2026-10-04T14:06:42Z,redis-cart,paymentservice,0,0,0,0,0,0,0
2026-10-04T14:06:42Z,redis-cart,productcatalogservice,0,0,0,0,0,0,0
2026-10-04T14:06:42Z,redis-cart,recommendationservice,0,0,0,0,0,0,0
2026-10-04T14:06:42Z,redis-cart,redis-cart,0,0,0,0,0,0,0
2026-10-04T14:06:42Z,redis-cart,shippingservice,0,0,0,0,0,0,0
2026-10-04T14:06:42Z,shippingservice,adservice,0,0,0,0,0,0,0
2026-10-04T14:06:42Z,shippingservice,cartservice,0,0,0,0,0,0,0
2026-10-04T14:06:42Z,shippingservice,checkoutservice,0,0,0,0,0,0,0
2026-10-04T14:06:42Z,shippingservice,currencyservice,0,0,0,0,0,0,0
2026-10-04T14:06:42Z,shippingservice,emailservice,0,0,0,0,0,0,0
2026-10-04T14:06:42Z,shippingservice,frontend,0,0,0,0,0,0,0
2026-10-04T14:06:42Z,shippingservice,kubernetes,0,0,0,0,0,0,0
2026-10-04T14:06:42Z,shippingservice,paymentservice,0,0,0,0,0,0,0
2026-10-04T14:06:42Z,shippingservice,productcatalogservice,0,0,0,0,0,0,0
2026-10-04T14:06:42Z,shippingservice,recommendationservice,0,0,0,0,0,0,0
2026-10-04T14:06:42Z,shippingservice,redis-cart,0,0,0,0,0,0,0
2026-10-04T14:06:42Z,shippingservice,shippingservice,0,0,0,0,0,0,0
2026-10-04T14:06:43Z,adservice,adservice,0,0,0,0,0,0,0
2026-10-04T14:06:43Z,adservice,cartservice,0,0,0,0,0,0,0
2026-10-04T14:06:43Z,adservice,checkoutservice,0,0,0,0,0,0,0
2026-10-04T14:06:43Z,adservice,currencyservice,0,0,0,0,0,0,0
2026-10-04T14:06:43Z,adservice,emailservice,0,0,0,0,0,0,0
2026-10-04T14:06:43Z,adservice,frontend,0,0,0,0,0,0,0
2026-10-04T14:06:43Z,adservice,kubernetes,0,0,0,0,0,0,0
2026-10-04T14:06:43Z,adservice,paymentservice,0,0,0,0,0,0,0
2026-10-04T14:06:43Z,adservice,productcatalogservice,0,0,0,0,0,0,0
2026-10-04T14:06:43Z,adservice,recommendationservice,0,0,0,0,0,0,0
2026-10-04T14:06:43Z,adservice,redis-cart,0,0,0,0,0,0,0
2026-10-04T14:06:43Z,adservice,shippingservice,0,0,0,0,0,0,0
2026-10-04T14:06:43Z,cartservice,adservice,0,0,0,0,0,0,0
2026-10-04T14:06:43Z,cartservice,cartservice,0,0,0,0,0,0,0
2026-10-04T14:06:43Z,cartservice,checkoutservice,0,0,0,0,0,0,0
2026-10-04T14:06:43Z,cartservice,currencyservice,0,0,0,0,0,0,0
2026-10-04T14:06:43Z,cartservice,emailservice,0,0,0,0,0,0,0
2026-10-04T14:06:43Z,cartservice,frontend,0,0,0,0,0,0,0
2026-10-04T14:06:43Z,cartservice,kubernetes,0,0,0,0,0,0,0
2026-10-04T14:06:43Z,cartservice,paymentservice,0,0,0,0,0,0,0
2026-10-04T14:06:43Z,cartservice,productcatalogservice,0,0,0,0,0,0,0
2026-10-04T14:06:43Z,cartservice,recommendationservice,0,0,0,0,0,0,0
2026-10-04T14:06:43Z,cartservice,redis-cart,2,0,0,0,0,0,0
2026-10-04T14:06:43Z,cartservice,shippingservice,0,0,0,0,0,0,0
2026-10-04T14:06:43Z,checkoutservice,adservice,0,0,0,0,0,0,0
2026-10-04T14:06:43Z,checkoutservice,cartservice,39000,38118,0,94,0,579619,37812
2026-10-04T14:06:43Z,checkoutservice,checkoutservice,0,0,0,0,0,0,0
2026-10-04T14:06:43Z,checkoutservice,currencyservice,30508,30508,0,0,0,503325,30242
2026-10-04T14:06:43Z,checkoutservice,emailservice,2674,2406,0,63,0,121012,2406
2026-10-04T14:06:43Z,checkoutservice,frontend,0,0,0,0,0,0,0
2026-10-04T14:06:43Z,checkoutservice,kubernetes,0,0,0,0,0,0,0
2026-10-04T14:06:43Z,checkoutservice,paymentservice,23871,22066,0,190,0,376895,21724
2026-10-04T14:06:43Z,checkoutservice,productcatalogservice,0,0,0,0,0,0,0
2026-10-04T14:06:43Z,checkoutservice,recommendationservice,0,0,0,0,0,0,0
2026-10-04T14:06:43Z,checkoutservice,redis-cart,0,0,0,0,0,0,0
2026-10-04T14:06:43Z,checkoutservice,shippingservice,43989,41940,0,153,0,446720,41584
2026-10-04T14:06:43Z,currencyservice,adservice,0,0,0,0,0,0,0
2026-10-04T14:06:43Z,currencyservice,cartservice,0,0,0,0,0,0,0
2026-10-04T14:06:43Z,currencyservice,checkoutservice,0,0,0,0,0,0,0
2026-10-04T14:06:43Z,currencyservice,currencyservice,0,0,0,0,0,0,0
2026-10-04T14:06:43Z,currencyservice,emailservice,0,0,0,0,0,0,0
2026-10-04T14:06:43Z,currencyservice,frontend,0,0,0,0,0,0,0
2026-10-04T14:06:43Z,currencyservice,kubernetes,0,0,0,0,0,0,0
2026-10-04T14:06:43Z,currencyservice,paymentservice,0,0,0,0,0,0,0
2026-10-04T14:06:43Z,currencyservice,productcatalogservice,0,0,0,0,0,0,0
2026-10-04T14:06:43Z,currencyservice,recommendationservice,0,0,0,0,0,0,0
2026-10-04T14:06:43Z,currencyservice,redis-cart,0,0,0,0,0,0,0
2026-10-04T14:06:43Z,currencyservice,shippingservice,0,0,0,0,0,0,0
2026-10-04T14:06:43Z,emailservice,adservice,0,0,0,0,0,0,0
2026-10-04T14:06:43Z,emailservice,cartservice,0,0,0,0,0,0,0
2026-10-04T14:06:43Z,emailservice,checkoutservice,0,0,0,0,0,0,0
2026-10-04T14:06:43Z,emailservice,currencyservice,0,0,0,0,0,0,0
2026-10-04T14:06:43Z,emailservice,emailservice,0,0,0,0,0,0,0
2026-10-04T14:06:43Z,emailservice,frontend,0,0,0,0,0,0,0
2026-10-04T14:06:43Z,emailservice,kubernetes,0,0,0,0,0,0,0
2026-10-04T14:06:43Z,emailservice,paymentservice,0,0,0,0,0,0,0
2026-10-04T14:06:43Z,emailservice,productcatalogservice,0,0,0,0,0,0,0
2026-10-04T14:06:43Z,emailservice,recommendationservice,0,0,0,0,0,0,0
2026-10-04T14:06:43Z,emailservice,redis-cart,0,0,0,0,0,0,0
2026-10-04T14:06:43Z,emailservice,shippingservice,0,0,0,0,0,0,0
2026-10-04T14:06:43Z,frontend,adservice,823281,823279,0,0,0,2482301,822316
2026-10-04T14:06:43Z,frontend,cartservice,1815584,1815565,0,0,4,10123462,1813869
2026-10-04T14:06:43Z,frontend,checkoutservice,389578,180394,0,39868,169259,61264432,180291
2026-10-04T14:06:43Z,frontend,currencyservice,2887329,2887321,0,0,0,15365989,2884616
2026-10-04T14:06:43Z,frontend,emailservice,0,0,0,0,0,0,0
2026-10-04T14:06:43Z,frontend,frontend,0,0,0,0,0,0,0
2026-10-04T14:06:43Z,frontend,kubernetes,0,0,0,0,0,0,0
2026-10-04T14:06:43Z,frontend,paymentservice,0,0,0,0,0,0,0
2026-10-04T14:06:43Z,frontend,productcatalogservice,8142587,8142501,0,0,0,55760288,8133410
2026-10-04T14:06:43Z,frontend,recommendationservice,2604107,1604760,0,104145,892890,780139737,1603198
2026-10-04T14:06:43Z,frontend,redis-cart,0,0,0,0,0,0,0
2026-10-04T14:06:43Z,frontend,shippingservice,301896,301894,0,0,0,918914,301529
2026-10-04T14:06:43Z,paymentservice,adservice,0,0,0,0,0,0,0
2026-10-04T14:06:43Z,paymentservice,cartservice,0,0,0,0,0,0,0
2026-10-04T14:06:43Z,paymentservice,checkoutservice,0,0,0,0,0,0,0
2026-10-04T14:06:43Z,paymentservice,currencyservice,0,0,0,0,0,0,0
2026-10-04T14:06:43Z,paymentservice,emailservice,0,0,0,0,0,0,0
2026-10-04T14:06:43Z,paymentservice,frontend,0,0,0,0,0,0,0
2026-10-04T14:06:43Z,paymentservice,kubernetes,0,0,0,0,0,0,0
2026-10-04T14:06:43Z,paymentservice,paymentservice,0,0,0,0,0,0,0
2026-10-04T14:06:43Z,paymentservice,productcatalogservice,0,0,0,0,0,0,0
2026-10-04T14:06:43Z,paymentservice,recommendationservice,0,0,0,0,0,0,0
2026-10-04T14:06:43Z,paymentservice,redis-cart,0,0,0,0,0,0,0
2026-10-04T14:06:43Z,paymentservice,shippingservice,0,0,0,0,0,0,0
2026-10-04T14:06:43Z,productcatalogservice,adservice,0,0,0,0,0,0,0
2026-10-04T14:06:43Z,productcatalogservice,cartservice,0,0,0,0,0,0,0
2026-10-04T14:06:43Z,productcatalogservice,checkoutservice,0,0,0,0,0,0,0
2026-10-04T14:06:43Z,productcatalogservice,currencyservice,0,0,0,0,0,0,0
2026-10-04T14:06:43Z,productcatalogservice,emailservice,0,0,0,0,0,0,0
2026-10-04T14:06:43Z,productcatalogservice,frontend,0,0,0,0,0,0,0
2026-10-04T14:06:43Z,productcatalogservice,kubernetes,0,0,0,0,0,0,0
2026-10-04T14:06:43Z,productcatalogservice,paymentservice,0,0,0,0,0,0,0
2026-10-04T14:06:43Z,productcatalogservice,productcatalogservice,0,0,0,0,0,0,0
2026-10-04T14:06:43Z,productcatalogservice,recommendationservice,0,0,0,0,0,0,0
2026-10-04T14:06:43Z,productcatalogservice,redis-cart,0,0,0,0,0,0,0
2026-10-04T14:06:43Z,productcatalogservice,shippingservice,0,0,0,0,0,0,0
2026-10-04T14:06:43Z,recommendationservice,adservice,0,0,0,0,0,0,0
2026-10-04T14:06:43Z,recommendationservice,cartservice,0,0,0,0,0,0,0
2026-10-04T14:06:43Z,recommendationservice,checkoutservice,0,0,0,0,0,0,0
2026-10-04T14:06:43Z,recommendationservice,currencyservice,0,0,0,0,0,0,0
2026-10-04T14:06:43Z,recommendationservice,emailservice,0,0,0,0,0,0,0
2026-10-04T14:06:43Z,recommendationservice,frontend,0,0,0,0,0,0,0
2026-10-04T14:06:43Z,recommendationservice,kubernetes,0,0,0,0,0,0,0
2026-10-04T14:06:43Z,recommendationservice,paymentservice,0,0,0,0,0,0,0
2026-10-04T14:06:43Z,recommendationservice,productcatalogservice,79888,79881,0,0,0,653428,78480
2026-10-04T14:06:43Z,recommendationservice,recommendationservice,0,0,0,0,0,0,0
2026-10-04T14:06:43Z,recommendationservice,redis-cart,0,0,0,0,0,0,0
2026-10-04T14:06:43Z,recommendationservice,shippingservice,0,0,0,0,0,0,0
2026-10-04T14:06:43Z,redis-cart,adservice,0,0,0,0,0,0,0
2026-10-04T14:06:43Z,redis-cart,cartservice,0,0,0,0,0,0,0
2026-10-04T14:06:43Z,redis-cart,checkoutservice,0,0,0,0,0,0,0
2026-10-04T14:06:43Z,redis-cart,currencyservice,0,0,0,0,0,0,0
2026-10-04T14:06:43Z,redis-cart,emailservice,0,0,0,0,0,0,0
2026-10-04T14:06:43Z,redis-cart,frontend,0,0,0,0,0,0,0
2026-10-04T14:06:43Z,redis-cart,kubernetes,0,0,0,0,0,0,0
2026-10-04T14:06:43Z,redis-cart,paymentservice,0,0,0,0,0,0,0
2026-10-04T14:06:43Z,redis-cart,productcatalogservice,0,0,0,0,0,0,0
2026-10-04T14:06:43Z,redis-cart,recommendationservice,0,0,0,0,0,0,0
2026-10-04T14:06:43Z,redis-cart,redis-cart,0,0,0,0,0,0,0
2026-10-04T14:06:43Z,redis-cart,shippingservice,0,0,0,0,0,0,0
2026-10-04T14:06:43Z,shippingservice,adservice,0,0,0,0,0,0,0
2026-10-04T14:06:43Z,shippingservice,cartservice,0,0,0,0,0,0,0
2026-10-04T14:06:43Z,shippingservice,checkoutservice,0,0,0,0,0,0,0
2026-10-04T14:06:43Z,shippingservice,currencyservice,0,0,0,0,0,0,0
2026-10-04T14:06:43Z,shippingservice,emailservice,0,0,0,0,0,0,0
2026-10-04T14:06:43Z,shippingservice,frontend,0,0,0,0,0,0,0
2026-10-04T14:06:43Z,shippingservice,kubernetes,0,0,0,0,0,0,0
2026-10-04T14:06:43Z,shippingservice,paymentservice,0,0,0,0,0,0,0
2026-10-04T14:06:43Z,shippingservice,productcatalogservice,0,0,0,0,0,0,0
2026-10-04T14:06:43Z,shippingservice,recommendationservice,0,0,0,0,0,0,0
2026-10-04T14:06:43Z,shippingservice,redis-cart,0,0,0,0,0,0,0
2026-10-04T14:06:43Z,shippingservice,shippingservice,0,0,0,0,0,0,0
2026-10-04T14:06:44Z,adservice,adservice,0,0,0,0,0,0,0
2026-10-04T14:06:44Z,adservice,cartservice,0,0,0,0,0,0,0
2026-10-04T14:06:44Z,adservice,checkoutservice,0,0,0,0,0,0,0
2026-10-04T14:06:44Z,adservice,currencyservice,0,0,0,0,0,0,0
2026-10-04T14:06:44Z,adservice,emailservice,0,0,0,0,0,0,0
2026-10-04T14:06:44Z,adservice,frontend,0,0,0,0,0,0,0
2026-10-04T14:06:44Z,adservice,kubernetes,0,0,0,0,0,0,0
2026-10-04T14:06:44Z,adservice,paymentservice,0,0,0,0,0,0,0
2026-10-04T14:06:44Z,adservice,productcatalogservice,0,0,0,0,0,0,0
2026-10-04T14:06:44Z,adservice,recommendationservice,0,0,0,0,0,0,0
2026-10-04T14:06:44Z,adservice,redis-cart,0,0,0,0,0,0,0
2026-10-04T14:06:44Z,adservice,shippingservice,0,0,0,0,0,0,0
2026-10-04T14:06:44Z,cartservice,adservice,0,0,0,0,0,0,0
2026-10-04T14:06:44Z,cartservice,cartservice,0,0,0,0,0,0,0
2026-10-04T14:06:44Z,cartservice,checkoutservice,0,0,0,0,0,0,0
2026-10-04T14:06:44Z,cartservice,currencyservice,0,0,0,0,0,0,0
2026-10-04T14:06:44Z,cartservice,emailservice,0,0,0,0,0,0,0
2026-10-04T14:06:44Z,cartservice,frontend,0,0,0,0,0,0,0
2026-10-04T14:06:44Z,cartservice,kubernetes,0,0,0,0,0,0,0
2026-10-04T14:06:44Z,cartservice,paymentservice,0,0,0,0,0,0,0
2026-10-04T14:06:44Z,cartservice,productcatalogservice,0,0,0,0,0,0,0
2026-10-04T14:06:44Z,cartservice,recommendationservice,0,0,0,0,0,0,0
2026-10-04T14:06:44Z,cartservice,redis-cart,2,0,0,0,0,0,0
2026-10-04T14:06:44Z,cartservice,shippingservice,0,0,0,0,0,0,0
2026-10-04T14:06:44Z,checkoutservice,adservice,0,0,0,0,0,0,0
2026-10-04T14:06:44Z,checkoutservice,cartservice,39210,38310,0,95,0,579619,37812
2026-10-04T14:06:44Z,checkoutservice,checkoutservice,0,0,0,0,0,0,0
2026-10-04T14:06:44Z,checkoutservice,currencyservice,30697,30691,0,0,0,503325,30242
2026-10-04T14:06:44Z,checkoutservice,emailservice,2674,2406,0,63,0,121012,2406
2026-10-04T14:06:44Z,checkoutservice,frontend,0,0,0,0,0,0,0
2026-10-04T14:06:44Z,checkoutservice,kubernetes,0,0,0,0,0,0,0
2026-10-04T14:06:44Z,checkoutservice,paymentservice,24047,22234,0,190,0,376895,21724
2026-10-04T14:06:44Z,checkoutservice,productcatalogservice,0,0,0,0,0,0,0
2026-10-04T14:06:44Z,checkoutservice,recommendationservice,0,0,0,0,0,0,0
2026-10-04T14:06:44Z,checkoutservice,redis-cart,0,0,0,0,0,0,0
2026-10-04T14:06:44Z,checkoutservice,shippingservice,44281,42219,0,153,0,446720,41584
2026-10-04T14:06:44Z,currencyservice,adservice,0,0,0,0,0,0,0
2026-10-04T14:06:44Z,currencyservice,cartservice,0,0,0,0,0,0,0
2026-10-04T14:06:44Z,currencyservice,checkoutservice,0,0,0,0,0,0,0
2026-10-04T14:06:44Z,currencyservice,currencyservice,0,0,0,0,0,0,0
2026-10-04T14:06:44Z,currencyservice,emailservice,0,0,0,0,0,0,0
2026-10-04T14:06:44Z,currencyservice,frontend,0,0,0,0,0,0,0
2026-10-04T14:06:44Z,currencyservice,kubernetes,0,0,0,0,0,0,0
2026-10-04T14:06:44Z,currencyservice,paymentservice,0,0,0,0,0,0,0
2026-10-04T14:06:44Z,currencyservice,productcatalogservice,0,0,0,0,0,0,0
2026-10-04T14:06:44Z,currencyservice,recommendationservice,0,0,0,0,0,0,0
2026-10-04T14:06:44Z,currencyservice,redis-cart,0,0,0,0,0,0,0
2026-10-04T14:06:44Z,currencyservice,shippingservice,0,0,0,0,0,0,0
2026-10-04T14:06:44Z,emailservice,adservice,0,0,0,0,0,0,0
2026-10-04T14:06:44Z,emailservice,cartservice,0,0,0,0,0,0,0
2026-10-04T14:06:44Z,emailservice,checkoutservice,0,0,0,0,0,0,0
2026-10-04T14:06:44Z,emailservice,currencyservice,0,0,0,0,0,0,0
2026-10-04T14:06:44Z,emailservice,emailservice,0,0,0,0,0,0,0
2026-10-04T14:06:44Z,emailservice,frontend,0,0,0,0,0,0,0
2026-10-04T14:06:44Z,emailservice,kubernetes,0,0,0,0,0,0,0
2026-10-04T14:06:44Z,emailservice,paymentservice,0,0,0,0,0,0,0
2026-10-04T14:06:44Z,emailservice,productcatalogservice,0,0,0,0,0,0,0
2026-10-04T14:06:44Z,emailservice,recommendationservice,0,0,0,0,0,0,0
2026-10-04T14:06:44Z,emailservice,redis-cart,0,0,0,0,0,0,0
2026-10-04T14:06:44Z,emailservice,shippingservice,0,0,0,0,0,0,0
2026-10-04T14:06:44Z,frontend,adservice,823548,823546,0,0,0,2485551,823318
2026-10-04T14:06:44Z,frontend,cartservice,1816073,1816056,0,0,4,10135295,1815635
2026-10-04T14:06:44Z,frontend,checkoutservice,389781,180414,0,39916,169400,61393427,180396
2026-10-04T14:06:44Z,frontend,currencyservice,2888120,2888107,0,0,0,15382019,2887410
2026-10-04T14:06:44Z,frontend,emailservice,0,0,0,0,0,0,0
2026-10-04T14:06:44Z,frontend,frontend,0,0,0,0,0,0,0
2026-10-04T14:06:44Z,frontend,kubernetes,0,0,0,0,0,0,0
2026-10-04T14:06:44Z,frontend,paymentservice,0,0,0,0,0,0,0
2026-10-04T14:06:44Z,frontend,productcatalogservice,8145128,8145048,0,0,0,55832795,8142835
2026-10-04T14:06:44Z,frontend,recommendationservice,2604564,1605187,0,104145,892890,780603276,1604819
2026-10-04T14:06:44Z,frontend,redis-cart,0,0,0,0,0,0,0
2026-10-04T14:06:44Z,frontend,shippingservice,302002,302000,0,0,0,920287,301894
2026-10-04T14:06:44Z,paymentservice,adservice,0,0,0,0,0,0,0
2026-10-04T14:06:44Z,paymentservice,cartservice,0,0,0,0,0,0,0
2026-10-04T14:06:44Z,paymentservice,checkoutservice,0,0,0,0,0,0,0
2026-10-04T14:06:44Z,paymentservice,currencyservice,0,0,0,0,0,0,0
2026-10-04T14:06:44Z,paymentservice,emailservice,0,0,0,0,0,0,0
2026-10-04T14:06:44Z,paymentservice,frontend,0,0,0,0,0,0,0
2026-10-04T14:06:44Z,paymentservice,kubernetes,0,0,0,0,0,0,0
2026-10-04T14:06:44Z,paymentservice,paymentservice,0,0,0,0,0,0,0
2026-10-04T14:06:44Z,paymentservice,productcatalogservice,0,0,0,0,0,0,0
2026-10-04T14:06:44Z,paymentservice,recommendationservice,0,0,0,0,0,0,0
2026-10-04T14:06:44Z,paymentservice,redis-cart,0,0,0,0,0,0,0
2026-10-04T14:06:44Z,paymentservice,shippingservice,0,0,0,0,0,0,0
2026-10-04T14:06:44Z,productcatalogservice,adservice,0,0,0,0,0,0,0
2026-10-04T14:06:44Z,productcatalogservice,cartservice,0,0,0,0,0,0,0
2026-10-04T14:06:44Z,productcatalogservice,checkoutservice,0,0,0,0,0,0,0
2026-10-04T14:06:44Z,productcatalogservice,currencyservice,0,0,0,0,0,0,0
2026-10-04T14:06:44Z,productcatalogservice,emailservice,0,0,0,0,0,0,0
2026-10-04T14:06:44Z,productcatalogservice,frontend,0,0,0,0,0,0,0
2026-10-04T14:06:44Z,productcatalogservice,kubernetes,0,0,0,0,0,0,0
2026-10-04T14:06:44Z,productcatalogservice,paymentservice,0,0,0,0,0,0,0
2026-10-04T14:06:44Z,productcatalogservice,productcatalogservice,0,0,0,0,0,0,0
2026-10-04T14:06:44Z,productcatalogservice,recommendationservice,0,0,0,0,0,0,0
2026-10-04T14:06:44Z,productcatalogservice,redis-cart,0,0,0,0,0,0,0
2026-10-04T14:06:44Z,productcatalogservice,shippingservice,0,0,0,0,0,0,0
2026-10-04T14:06:44Z,recommendationservice,adservice,0,0,0,0,0,0,0
2026-10-04T14:06:44Z,recommendationservice,cartservice,0,0,0,0,0,0,0
2026-10-04T14:06:44Z,recommendationservice,checkoutservice,0,0,0,0,0,0,0
2026-10-04T14:06:44Z,recommendationservice,currencyservice,0,0,0,0,0,0,0
2026-10-04T14:06:44Z,recommendationservice,emailservice,0,0,0,0,0,0,0
2026-10-04T14:06:44Z,recommendationservice,frontend,0,0,0,0,0,0,0
2026-10-04T14:06:44Z,recommendationservice,kubernetes,0,0,0,0,0,0,0
2026-10-04T14:06:44Z,recommendationservice,paymentservice,0,0,0,0,0,0,0
2026-10-04T14:06:44Z,recommendationservice,productcatalogservice,80314,80304,0,0,0,653428,78480
2026-10-04T14:06:44Z,recommendationservice,recommendationservice,0,0,0,0,0,0,0
2026-10-04T14:06:44Z,recommendationservice,redis-cart,0,0,0,0,0,0,0
2026-10-04T14:06:44Z,recommendationservice,shippingservice,0,0,0,0,0,0,0
2026-10-04T14:06:44Z,redis-cart,adservice,0,0,0,0,0,0,0
2026-10-04T14:06:44Z,redis-cart,cartservice,0,0,0,0,0,0,0
2026-10-04T14:06:44Z,redis-cart,checkoutservice,0,0,0,0,0,0,0
2026-10-04T14:06:44Z,redis-cart,currencyservice,0,0,0,0,0,0,0
2026-10-04T14:06:44Z,redis-cart,emailservice,0,0,0,0,0,0,0
2026-10-04T14:06:44Z,redis-cart,frontend,0,0,0,0,0,0,0
2026-10-04T14:06:44Z,redis-cart,kubernetes,0,0,0,0,0,0,0
2026-10-04T14:06:44Z,redis-cart,paymentservice,0,0,0,0,0,0,0
2026-10-04T14:06:44Z,redis-cart,productcatalogservice,0,0,0,0,0,0,0
2026-10-04T14:06:44Z,redis-cart,recommendationservice,0,0,0,0,0,0,0
2026-10-04T14:06:44Z,redis-cart,redis-cart,0,0,0,0,0,0,0
2026-10-04T14:06:44Z,redis-cart,shippingservice,0,0,0,0,0,0,0
2026-10-04T14:06:44Z,shippingservice,adservice,0,0,0,0,0,0,0
2026-10-04T14:06:44Z,shippingservice,cartservice,0,0,0,0,0,0,0
2026-10-04T14:06:44Z,shippingservice,checkoutservice,0,0,0,0,0,0,0
2026-10-04T14:06:44Z,shippingservice,currencyservice,0,0,0,0,0,0,0
2026-10-04T14:06:44Z,shippingservice,emailservice,0,0,0,0,0,0,0
2026-10-04T14:06:44Z,shippingservice,frontend,0,0,0,0,0,0,0
2026-10-04T14:06:44Z,shippingservice,kubernetes,0,0,0,0,0,0,0
2026-10-04T14:06:44Z,shippingservice,paymentservice,0,0,0,0,0,0,0
2026-10-04T14:06:44Z,shippingservice,productcatalogservice,0,0,0,0,0,0,0
2026-10-04T14:06:44Z,shippingservice,recommendationservice,0,0,0,0,0,0,0
2026-10-04T14:06:44Z,shippingservice,redis-cart,0,0,0,0,0,0,0
2026-10-04T14:06:44Z,shippingservice,shippingservice,0,0,0,0,0,0,0
2026-10-04T14:06:45Z,adservice,adservice,0,0,0,0,0,0,0
2026-10-04T14:06:45Z,adservice,cartservice,0,0,0,0,0,0,0
2026-10-04T14:06:45Z,adservice,checkoutservice,0,0,0,0,0,0,0
2026-10-04T14:06:45Z,adservice,currencyservice,0,0,0,0,0,0,0
2026-10-04T14:06:45Z,adservice,emailservice,0,0,0,0,0,0,0
2026-10-04T14:06:45Z,adservice,frontend,0,0,0,0,0,0,0
2026-10-04T14:06:45Z,adservice,kubernetes,0,0,0,0,0,0,0
2026-10-04T14:06:45Z,adservice,paymentservice,0,0,0,0,0,0,0
2026-10-04T14:06:45Z,adservice,productcatalogservice,0,0,0,0,0,0,0
2026-10-04T14:06:45Z,adservice,recommendationservice,0,0,0,0,0,0,0
2026-10-04T14:06:45Z,adservice,redis-cart,0,0,0,0,0,0,0
2026-10-04T14:06:45Z,adservice,shippingservice,0,0,0,0,0,0,0
2026-10-04T14:06:45Z,cartservice,adservice,0,0,0,0,0,0,0
2026-10-04T14:06:45Z,cartservice,cartservice,0,0,0,0,0,0,0
2026-10-04T14:06:45Z,cartservice,checkoutservice,0,0,0,0,0,0,0
2026-10-04T14:06:45Z,cartservice,currencyservice,0,0,0,0,0,0,0
2026-10-04T14:06:45Z,cartservice,emailservice,0,0,0,0,0,0,0
2026-10-04T14:06:45Z,cartservice,frontend,0,0,0,0,0,0,0
2026-10-04T14:06:45Z,cartservice,kubernetes,0,0,0,0,0,0,0
2026-10-04T14:06:45Z,cartservice,paymentservice,0,0,0,0,0,0,0
2026-10-04T14:06:45Z,cartservice,productcatalogservice,0,0,0,0,0,0,0
2026-10-04T14:06:45Z,cartservice,recommendationservice,0,0,0,0,0,0,0
2026-10-04T14:06:45Z,cartservice,redis-cart,2,0,0,0,0,0,0
2026-10-04T14:06:45Z,cartservice,shippingservice,0,0,0,0,0,0,0
2026-10-04T14:06:45Z,checkoutservice,adservice,0,0,0,0,0,0,0
2026-10-04T14:06:45Z,checkoutservice,cartservice,39439,38516,0,95,0,579619,37812
2026-10-04T14:06:45Z,checkoutservice,checkoutservice,0,0,0,0,0,0,0
2026-10-04T14:06:45Z,checkoutservice,currencyservice,30882,30875,0,0,0,503325,30242
2026-10-04T14:06:45Z,checkoutservice,emailservice,2676,2406,0,63,0,121012,2406
2026-10-04T14:06:45Z,checkoutservice,frontend,0,0,0,0,0,0,0
2026-10-04T14:06:45Z,checkoutservice,kubernetes,0,0,0,0,0,0,0
2026-10-04T14:06:45Z,checkoutservice,paymentservice,24208,22383,0,190,0,376895,21724
2026-10-04T14:06:45Z,checkoutservice,productcatalogservice,0,0,0,0,0,0,0
2026-10-04T14:06:45Z,checkoutservice,recommendationservice,0,0,0,0,0,0,0
2026-10-04T14:06:45Z,checkoutservice,redis-cart,0,0,0,0,0,0,0
2026-10-04T14:06:45Z,checkoutservice,shippingservice,44545,42462,0,153,0,446720,41584
2026-10-04T14:06:45Z,currencyservice,adservice,0,0,0,0,0,0,0
2026-10-04T14:06:45Z,currencyservice,cartservice,0,0,0,0,0,0,0
2026-10-04T14:06:45Z,currencyservice,checkoutservice,0,0,0,0,0,0,0
2026-10-04T14:06:45Z,currencyservice,currencyservice,0,0,0,0,0,0,0
2026-10-04T14:06:45Z,currencyservice,emailservice,0,0,0,0,0,0,0
2026-10-04T14:06:45Z,currencyservice,frontend,0,0,0,0,0,0,0
2026-10-04T14:06:45Z,currencyservice,kubernetes,0,0,0,0,0,0,0
2026-10-04T14:06:45Z,currencyservice,paymentservice,0,0,0,0,0,0,0
2026-10-04T14:06:45Z,currencyservice,productcatalogservice,0,0,0,0,0,0,0
2026-10-04T14:06:45Z,currencyservice,recommendationservice,0,0,0,0,0,0,0
2026-10-04T14:06:45Z,currencyservice,redis-cart,0,0,0,0,0,0,0
2026-10-04T14:06:45Z,currencyservice,shippingservice,0,0,0,0,0,0,0
2026-10-04T14:06:45Z,emailservice,adservice,0,0,0,0,0,0,0
2026-10-04T14:06:45Z,emailservice,cartservice,0,0,0,0,0,0,0
2026-10-04T14:06:45Z,emailservice,checkoutservice,0,0,0,0,0,0,0
2026-10-04T14:06:45Z,emailservice,currencyservice,0,0,0,0,0,0,0
2026-10-04T14:06:45Z,emailservice,emailservice,0,0,0,0,0,0,0
2026-10-04T14:06:45Z,emailservice,frontend,0,0,0,0,0,0,0
2026-10-04T14:06:45Z,emailservice,kubernetes,0,0,0,0,0,0,0
2026-10-04T14:06:45Z,emailservice,paymentservice,0,0,0,0,0,0,0
2026-10-04T14:06:45Z,emailservice,productcatalogservice,0,0,0,0,0,0,0
2026-10-04T14:06:45Z,emailservice,recommendationservice,0,0,0,0,0,0,0
2026-10-04T14:06:45Z,emailservice,redis-cart,0,0,0,0,0,0,0
2026-10-04T14:06:45Z,emailservice,shippingservice,0,0,0,0,0,0,0
2026-10-04T14:06:45Z,frontend,adservice,823823,823818,0,0,0,2485551,823318
2026-10-04T14:06:45Z,frontend,cartservice,1816540,1816528,0,0,4,10135295,1815635
2026-10-04T14:06:45Z,frontend,checkoutservice,389968,180431,0,39948,169539,61393427,180396
2026-10-04T14:06:45Z,frontend,currencyservice,2888863,2888849,0,0,0,15382019,2887410
2026-10-04T14:06:45Z,frontend,emailservice,0,0,0,0,0,0,0
2026-10-04T14:06:45Z,frontend,frontend,0,0,0,0,0,0,0
2026-10-04T14:06:45Z,frontend,kubernetes,0,0,0,0,0,0,0
2026-10-04T14:06:45Z,frontend,paymentservice,0,0,0,0,0,0,0
2026-10-04T14:06:45Z,frontend,productcatalogservice,8147619,8147536,0,0,0,55832795,8142835
2026-10-04T14:06:45Z,frontend,recommendationservice,2604981,1605614,0,104145,892890,780603276,1604819
2026-10-04T14:06:45Z,frontend,redis-cart,0,0,0,0,0,0,0
2026-10-04T14:06:45Z,frontend,shippingservice,302100,302098,0,0,0,920287,301894
2026-10-04T14:06:45Z,paymentservice,adservice,0,0,0,0,0,0,0
2026-10-04T14:06:45Z,paymentservice,cartservice,0,0,0,0,0,0,0
2026-10-04T14:06:45Z,paymentservice,checkoutservice,0,0,0,0,0,0,0
2026-10-04T14:06:45Z,paymentservice,currencyservice,0,0,0,0,0,0,0
2026-10-04T14:06:45Z,paymentservice,emailservice,0,0,0,0,0,0,0
2026-10-04T14:06:45Z,paymentservice,frontend,0,0,0,0,0,0,0
2026-10-04T14:06:45Z,paymentservice,kubernetes,0,0,0,0,0,0,0
2026-10-04T14:06:45Z,paymentservice,paymentservice,0,0,0,0,0,0,0
2026-10-04T14:06:45Z,paymentservice,productcatalogservice,0,0,0,0,0,0,0
2026-10-04T14:06:45Z,paymentservice,recommendationservice,0,0,0,0,0,0,0
2026-10-04T14:06:45Z,paymentservice,redis-cart,0,0,0,0,0,0,0
2026-10-04T14:06:45Z,paymentservice,shippingservice,0,0,0,0,0,0,0
2026-10-04T14:06:45Z,productcatalogservice,adservice,0,0,0,0,0,0,0
2026-10-04T14:06:45Z,productcatalogservice,cartservice,0,0,0,0,0,0,0
2026-10-04T14:06:45Z,productcatalogservice,checkoutservice,0,0,0,0,0,0,0
2026-10-04T14:06:45Z,productcatalogservice,currencyservice,0,0,0,0,0,0,0
2026-10-04T14:06:45Z,productcatalogservice,emailservice,0,0,0,0,0,0,0
2026-10-04T14:06:45Z,productcatalogservice,frontend,0,0,0,0,0,0,0
2026-10-04T14:06:45Z,productcatalogservice,kubernetes,0,0,0,0,0,0,0
2026-10-04T14:06:45Z,productcatalogservice,paymentservice,0,0,0,0,0,0,0
2026-10-04T14:06:45Z,productcatalogservice,productcatalogservice,0,0,0,0,0,0,0
2026-10-04T14:06:45Z,productcatalogservice,recommendationservice,0,0,0,0,0,0,0
2026-10-04T14:06:45Z,productcatalogservice,redis-cart,0,0,0,0,0,0,0
2026-10-04T14:06:45Z,productcatalogservice,shippingservice,0,0,0,0,0,0,0
2026-10-04T14:06:45Z,recommendationservice,adservice,0,0,0,0,0,0,0
2026-10-04T14:06:45Z,recommendationservice,cartservice,0,0,0,0,0,0,0
2026-10-04T14:06:45Z,recommendationservice,checkoutservice,0,0,0,0,0,0,0
2026-10-04T14:06:45Z,recommendationservice,currencyservice,0,0,0,0,0,0,0
2026-10-04T14:06:45Z,recommendationservice,emailservice,0,0,0,0,0,0,0
2026-10-04T14:06:45Z,recommendationservice,frontend,0,0,0,0,0,0,0
2026-10-04T14:06:45Z,recommendationservice,kubernetes,0,0,0,0,0,0,0
2026-10-04T14:06:45Z,recommendationservice,paymentservice,0,0,0,0,0,0,0
2026-10-04T14:06:45Z,recommendationservice,productcatalogservice,80729,80727,0,0,0,673217,80611
2026-10-04T14:06:45Z,recommendationservice,recommendationservice,0,0,0,0,0,0,0
2026-10-04T14:06:45Z,recommendationservice,redis-cart,0,0,0,0,0,0,0
2026-10-04T14:06:45Z,recommendationservice,shippingservice,0,0,0,0,0,0,0
2026-10-04T14:06:45Z,redis-cart,adservice,0,0,0,0,0,0,0
2026-10-04T14:06:45Z,redis-cart,cartservice,0,0,0,0,0,0,0
2026-10-04T14:06:45Z,redis-cart,checkoutservice,0,0,0,0,0,0,0
2026-10-04T14:06:45Z,redis-cart,currencyservice,0,0,0,0,0,0,0
2026-10-04T14:06:45Z,redis-cart,emailservice,0,0,0,0,0,0,0
2026-10-04T14:06:45Z,redis-cart,frontend,0,0,0,0,0,0,0
2026-10-04T14:06:45Z,redis-cart,kubernetes,0,0,0,0,0,0,0
2026-10-04T14:06:45Z,redis-cart,paymentservice,0,0,0,0,0,0,0
2026-10-04T14:06:45Z,redis-cart,productcatalogservice,0,0,0,0,0,0,0
2026-10-04T14:06:45Z,redis-cart,recommendationservice,0,0,0,0,0,0,0
2026-10-04T14:06:45Z,redis-cart,redis-cart,0,0,0,0,0,0,0
2026-10-04T14:06:45Z,redis-cart,shippingservice,0,0,0,0,0,0,0
2026-10-04T14:06:45Z,shippingservice,adservice,0,0,0,0,0,0,0
2026-10-04T14:06:45Z,shippingservice,cartservice,0,0,0,0,0,0,0
2026-10-04T14:06:45Z,shippingservice,checkoutservice,0,0,0,0,0,0,0
2026-10-04T14:06:45Z,shippingservice,currencyservice,0,0,0,0,0,0,0
2026-10-04T14:06:45Z,shippingservice,emailservice,0,0,0,0,0,0,0
2026-10-04T14:06:45Z,shippingservice,frontend,0,0,0,0,0,0,0
2026-10-04T14:06:45Z,shippingservice,kubernetes,0,0,0,0,0,0,0
2026-10-04T14:06:45Z,shippingservice,paymentservice,0,0,0,0,0,0,0
2026-10-04T14:06:45Z,shippingservice,productcatalogservice,0,0,0,0,0,0,0
2026-10-04T14:06:45Z,shippingservice,recommendationservice,0,0,0,0,0,0,0
2026-10-04T14:06:45Z,shippingservice,redis-cart,0,0,0,0,0,0,0
2026-10-04T14:06:45Z,shippingservice,shippingservice,0,0,0,0,0,0,0
2026-10-04T14:06:46Z,adservice,adservice,0,0,0,0,0,0,0
2026-10-04T14:06:46Z,adservice,cartservice,0,0,0,0,0,0,0
2026-10-04T14:06:46Z,adservice,checkoutservice,0,0,0,0,0,0,0
2026-10-04T14:06:46Z,adservice,currencyservice,0,0,0,0,0,0,0
2026-10-04T14:06:46Z,adservice,emailservice,0,0,0,0,0,0,0
2026-10-04T14:06:46Z,adservice,frontend,0,0,0,0,0,0,0
2026-10-04T14:06:46Z,adservice,kubernetes,0,0,0,0,0,0,0
2026-10-04T14:06:46Z,adservice,paymentservice,0,0,0,0,0,0,0
2026-10-04T14:06:46Z,adservice,productcatalogservice,0,0,0,0,0,0,0
2026-10-04T14:06:46Z,adservice,recommendationservice,0,0,0,0,0,0,0
2026-10-04T14:06:46Z,adservice,redis-cart,0,0,0,0,0,0,0
2026-10-04T14:06:46Z,adservice,shippingservice,0,0,0,0,0,0,0
2026-10-04T14:06:46Z,cartservice,adservice,0,0,0,0,0,0,0
2026-10-04T14:06:46Z,cartservice,cartservice,0,0,0,0,0,0,0
2026-10-04T14:06:46Z,cartservice,checkoutservice,0,0,0,0,0,0,0
2026-10-04T14:06:46Z,cartservice,currencyservice,0,0,0,0,0,0,0
2026-10-04T14:06:46Z,cartservice,emailservice,0,0,0,0,0,0,0
2026-10-04T14:06:46Z,cartservice,frontend,0,0,0,0,0,0,0
2026-10-04T14:06:46Z,cartservice,kubernetes,0,0,0,0,0,0,0
2026-10-04T14:06:46Z,cartservice,paymentservice,0,0,0,0,0,0,0
2026-10-04T14:06:46Z,cartservice,productcatalogservice,0,0,0,0,0,0,0
2026-10-04T14:06:46Z,cartservice,recommendationservice,0,0,0,0,0,0,0
2026-10-04T14:06:46Z,cartservice,redis-cart,2,0,0,0,0,0,0
2026-10-04T14:06:46Z,cartservice,shippingservice,0,0,0,0,0,0,0
2026-10-04T14:06:46Z,checkoutservice,adservice,0,0,0,0,0,0,0
2026-10-04T14:06:46Z,checkoutservice,cartservice,39615,38710,0,95,0,579619,37812
2026-10-04T14:06:46Z,checkoutservice,checkoutservice,0,0,0,0,0,0,0
2026-10-04T14:06:46Z,checkoutservice,currencyservice,31062,31061,0,0,0,503325,30242
2026-10-04T14:06:46Z,checkoutservice,emailservice,2676,2406,0,63,0,121012,2406
2026-10-04T14:06:46Z,checkoutservice,frontend,0,0,0,0,0,0,0
2026-10-04T14:06:46Z,checkoutservice,kubernetes,0,0,0,0,0,0,0
2026-10-04T14:06:46Z,checkoutservice,paymentservice,24362,22526,0,191,0,376895,21724
2026-10-04T14:06:46Z,checkoutservice,productcatalogservice,0,0,0,0,0,0,0
2026-10-04T14:06:46Z,checkoutservice,recommendationservice,0,0,0,0,0,0,0
2026-10-04T14:06:46Z,checkoutservice,redis-cart,0,0,0,0,0,0,0
2026-10-04T14:06:46Z,checkoutservice,shippingservice,44793,42708,0,153,0,446720,41584
2026-10-04T14:06:46Z,currencyservice,adservice,0,0,0,0,0,0,0
2026-10-04T14:06:46Z,currencyservice,cartservice,0,0,0,0,0,0,0
2026-10-04T14:06:46Z,currencyservice,checkoutservice,0,0,0,0,0,0,0
2026-10-04T14:06:46Z,currencyservice,currencyservice,0,0,0,0,0,0,0
2026-10-04T14:06:46Z,currencyservice,emailservice,0,0,0,0,0,0,0
2026-10-04T14:06:46Z,currencyservice,frontend,0,0,0,0,0,0,0
2026-10-04T14:06:46Z,currencyservice,kubernetes,0,0,0,0,0,0,0
2026-10-04T14:06:46Z,currencyservice,paymentservice,0,0,0,0,0,0,0
2026-10-04T14:06:46Z,currencyservice,productcatalogservice,0,0,0,0,0,0,0
2026-10-04T14:06:46Z,currencyservice,recommendationservice,0,0,0,0,0,0,0
2026-10-04T14:06:46Z,currencyservice,redis-cart,0,0,0,0,0,0,0
2026-10-04T14:06:46Z,currencyservice,shippingservice,0,0,0,0,0,0,0
2026-10-04T14:06:46Z,emailservice,adservice,0,0,0,0,0,0,0
2026-10-04T14:06:46Z,emailservice,cartservice,0,0,0,0,0,0,0
2026-10-04T14:06:46Z,emailservice,checkoutservice,0,0,0,0,0,0,0
2026-10-04T14:06:46Z,emailservice,currencyservice,0,0,0,0,0,0,0
2026-10-04T14:06:46Z,emailservice,emailservice,0,0,0,0,0,0,0
2026-10-04T14:06:46Z,emailservice,frontend,0,0,0,0,0,0,0
2026-10-04T14:06:46Z,emailservice,kubernetes,0,0,0,0,0,0,0
2026-10-04T14:06:46Z,emailservice,paymentservice,0,0,0,0,0,0,0
2026-10-04T14:06:46Z,emailservice,productcatalogservice,0,0,0,0,0,0,0
2026-10-04T14:06:46Z,emailservice,recommendationservice,0,0,0,0,0,0,0
2026-10-04T14:06:46Z,emailservice,redis-cart,0,0,0,0,0,0,0
2026-10-04T14:06:46Z,emailservice,shippingservice,0,0,0,0,0,0,0
2026-10-04T14:06:46Z,frontend,adservice,824079,824077,0,0,0,2485551,823318
2026-10-04T14:06:46Z,frontend,cartservice,1816981,1816967,0,0,4,10135295,1815635
2026-10-04T14:06:46Z,frontend,checkoutservice,390135,180454,0,39986,169663,61393427,180396
2026-10-04T14:06:46Z,frontend,currencyservice,2889568,2889553,0,0,0,15382019,2887410
2026-10-04T14:06:46Z,frontend,emailservice,0,0,0,0,0,0,0
2026-10-04T14:06:46Z,frontend,frontend,0,0,0,0,0,0,0
2026-10-04T14:06:46Z,frontend,kubernetes,0,0,0,0,0,0,0
2026-10-04T14:06:46Z,frontend,paymentservice,0,0,0,0,0,0,0
2026-10-04T14:06:46Z,frontend,productcatalogservice,8149879,8149793,0,0,0,55832795,8142835
2026-10-04T14:06:46Z,frontend,recommendationservice,2605406,1606000,0,104145,892890,780603276,1604819
2026-10-04T14:06:46Z,frontend,redis-cart,0,0,0,0,0,0,0
2026-10-04T14:06:46Z,frontend,shippingservice,302183,302181,0,0,0,920287,301894
2026-10-04T14:06:46Z,paymentservice,adservice,0,0,0,0,0,0,0
2026-10-04T14:06:46Z,paymentservice,cartservice,0,0,0,0,0,0,0
2026-10-04T14:06:46Z,paymentservice,checkoutservice,0,0,0,0,0,0,0
2026-10-04T14:06:46Z,paymentservice,currencyservice,0,0,0,0,0,0,0
2026-10-04T14:06:46Z,paymentservice,emailservice,0,0,0,0,0,0,0
2026-10-04T14:06:46Z,paymentservice,frontend,0,0,0,0,0,0,0
2026-10-04T14:06:46Z,paymentservice,kubernetes,0,0,0,0,0,0,0
2026-10-04T14:06:46Z,paymentservice,paymentservice,0,0,0,0,0,0,0
2026-10-04T14:06:46Z,paymentservice,productcatalogservice,0,0,0,0,0,0,0
2026-10-04T14:06:46Z,paymentservice,recommendationservice,0,0,0,0,0,0,0
2026-10-04T14:06:46Z,paymentservice,redis-cart,0,0,0,0,0,0,0
2026-10-04T14:06:46Z,paymentservice,shippingservice,0,0,0,0,0,0,0
2026-10-04T14:06:46Z,productcatalogservice,adservice,0,0,0,0,0,0,0
2026-10-04T14:06:46Z,productcatalogservice,cartservice,0,0,0,0,0,0,0
2026-10-04T14:06:46Z,productcatalogservice,checkoutservice,0,0,0,0,0,0,0
2026-10-04T14:06:46Z,productcatalogservice,currencyservice,0,0,0,0,0,0,0
2026-10-04T14:06:46Z,productcatalogservice,emailservice,0,0,0,0,0,0,0
2026-10-04T14:06:46Z,productcatalogservice,frontend,0,0,0,0,0,0,0
2026-10-04T14:06:46Z,productcatalogservice,kubernetes,0,0,0,0,0,0,0
2026-10-04T14:06:46Z,productcatalogservice,paymentservice,0,0,0,0,0,0,0
2026-10-04T14:06:46Z,productcatalogservice,productcatalogservice,0,0,0,0,0,0,0
2026-10-04T14:06:46Z,productcatalogservice,recommendationservice,0,0,0,0,0,0,0
2026-10-04T14:06:46Z,productcatalogservice,redis-cart,0,0,0,0,0,0,0
2026-10-04T14:06:46Z,productcatalogservice,shippingservice,0,0,0,0,0,0,0
2026-10-04T14:06:46Z,recommendationservice,adservice,0,0,0,0,0,0,0
2026-10-04T14:06:46Z,recommendationservice,cartservice,0,0,0,0,0,0,0
2026-10-04T14:06:46Z,recommendationservice,checkoutservice,0,0,0,0,0,0,0
2026-10-04T14:06:46Z,recommendationservice,currencyservice,0,0,0,0,0,0,0
2026-10-04T14:06:46Z,recommendationservice,emailservice,0,0,0,0,0,0,0
2026-10-04T14:06:46Z,recommendationservice,frontend,0,0,0,0,0,0,0
2026-10-04T14:06:46Z,recommendationservice,kubernetes,0,0,0,0,0,0,0
2026-10-04T14:06:46Z,recommendationservice,paymentservice,0,0,0,0,0,0,0
2026-10-04T14:06:46Z,recommendationservice,productcatalogservice,81148,81144,0,0,0,673217,80611
2026-10-04T14:06:46Z,recommendationservice,recommendationservice,0,0,0,0,0,0,0
2026-10-04T14:06:46Z,recommendationservice,redis-cart,0,0,0,0,0,0,0
2026-10-04T14:06:46Z,recommendationservice,shippingservice,0,0,0,0,0,0,0
2026-10-04T14:06:46Z,redis-cart,adservice,0,0,0,0,0,0,0
2026-10-04T14:06:46Z,redis-cart,cartservice,0,0,0,0,0,0,0
2026-10-04T14:06:46Z,redis-cart,checkoutservice,0,0,0,0,0,0,0
2026-10-04T14:06:46Z,redis-cart,currencyservice,0,0,0,0,0,0,0
2026-10-04T14:06:46Z,redis-cart,emailservice,0,0,0,0,0,0,0
2026-10-04T14:06:46Z,redis-cart,frontend,0,0,0,0,0,0,0
2026-10-04T14:06:46Z,redis-cart,kubernetes,0,0,0,0,0,0,0
2026-10-04T14:06:46Z,redis-cart,paymentservice,0,0,0,0,0,0,0
2026-10-04T14:06:46Z,redis-cart,productcatalogservice,0,0,0,0,0,0,0
2026-10-04T14:06:46Z,redis-cart,recommendationservice,0,0,0,0,0,0,0
2026-10-04T14:06:46Z,redis-cart,redis-cart,0,0,0,0,0,0,0
2026-10-04T14:06:46Z,redis-cart,shippingservice,0,0,0,0,0,0,0
2026-10-04T14:06:46Z,shippingservice,adservice,0,0,0,0,0,0,0
2026-10-04T14:06:46Z,shippingservice,cartservice,0,0,0,0,0,0,0
2026-10-04T14:06:46Z,shippingservice,checkoutservice,0,0,0,0,0,0,0
2026-10-04T14:06:46Z,shippingservice,currencyservice,0,0,0,0,0,0,0
2026-10-04T14:06:46Z,shippingservice,emailservice,0,0,0,0,0,0,0
2026-10-04T14:06:46Z,shippingservice,frontend,0,0,0,0,0,0,0
2026-10-04T14:06:46Z,shippingservice,kubernetes,0,0,0,0,0,0,0
2026-10-04T14:06:46Z,shippingservice,paymentservice,0,0,0,0,0,0,0
2026-10-04T14:06:46Z,shippingservice,productcatalogservice,0,0,0,0,0,0,0
2026-10-04T14:06:46Z,shippingservice,recommendationservice,0,0,0,0,0,0,0
2026-10-04T14:06:46Z,shippingservice,redis-cart,0,0,0,0,0,0,0
2026-10-04T14:06:46Z,shippingservice,shippingservice,0,0,0,0,0,0,0
2026-10-04T14:06:47Z,adservice,adservice,0,0,0,0,0,0,0
2026-10-04T14:06:47Z,adservice,cartservice,0,0,0,0,0,0,0
2026-10-04T14:06:47Z,adservice,checkoutservice,0,0,0,0,0,0,0
2026-10-04T14:06:47Z,adservice,currencyservice,0,0,0,0,0,0,0
2026-10-04T14:06:47Z,adservice,emailservice,0,0,0,0,0,0,0
2026-10-04T14:06:47Z,adservice,frontend,0,0,0,0,0,0,0
2026-10-04T14:06:47Z,adservice,kubernetes,0,0,0,0,0,0,0
2026-10-04T14:06:47Z,adservice,paymentservice,0,0,0,0,0,0,0
2026-10-04T14:06:47Z,adservice,productcatalogservice,0,0,0,0,0,0,0
2026-10-04T14:06:47Z,adservice,recommendationservice,0,0,0,0,0,0,0
2026-10-04T14:06:47Z,adservice,redis-cart,0,0,0,0,0,0,0
2026-10-04T14:06:47Z,adservice,shippingservice,0,0,0,0,0,0,0
2026-10-04T14:06:47Z,cartservice,adservice,0,0,0,0,0,0,0
2026-10-04T14:06:47Z,cartservice,cartservice,0,0,0,0,0,0,0
2026-10-04T14:06:47Z,cartservice,checkoutservice,0,0,0,0,0,0,0
2026-10-04T14:06:47Z,cartservice,currencyservice,0,0,0,0,0,0,0
2026-10-04T14:06:47Z,cartservice,emailservice,0,0,0,0,0,0,0
2026-10-04T14:06:47Z,cartservice,frontend,0,0,0,0,0,0,0
2026-10-04T14:06:47Z,cartservice,kubernetes,0,0,0,0,0,0,0
2026-10-04T14:06:47Z,cartservice,paymentservice,0,0,0,0,0,0,0
2026-10-04T14:06:47Z,cartservice,productcatalogservice,0,0,0,0,0,0,0
2026-10-04T14:06:47Z,cartservice,recommendationservice,0,0,0,0,0,0,0
2026-10-04T14:06:47Z,cartservice,redis-cart,2,0,0,0,0,0,0
2026-10-04T14:06:47Z,cartservice,shippingservice,0,0,0,0,0,0,0
2026-10-04T14:06:47Z,checkoutservice,adservice,0,0,0,0,0,0,0
2026-10-04T14:06:47Z,checkoutservice,cartservice,39835,38911,0,95,0,598104,38843
2026-10-04T14:06:47Z,checkoutservice,checkoutservice,0,0,0,0,0,0,0
2026-10-04T14:06:47Z,checkoutservice,currencyservice,31235,31235,0,0,0,518477,31161
2026-10-04T14:06:47Z,checkoutservice,emailservice,2683,2413,0,63,0,121054,2411
2026-10-04T14:06:47Z,checkoutservice,frontend,0,0,0,0,0,0,0
2026-10-04T14:06:47Z,checkoutservice,kubernetes,0,0,0,0,0,0,0
2026-10-04T14:06:47Z,checkoutservice,paymentservice,24528,22685,0,192,0,390451,22465
2026-10-04T14:06:47Z,checkoutservice,productcatalogservice,0,0,0,0,0,0,0
2026-10-04T14:06:47Z,checkoutservice,recommendationservice,0,0,0,0,0,0,0
2026-10-04T14:06:47Z,checkoutservice,redis-cart,0,0,0,0,0,0,0
2026-10-04T14:06:47Z,checkoutservice,shippingservice,45064,42967,0,154,0,461923,42873
2026-10-04T14:06:47Z,currencyservice,adservice,0,0,0,0,0,0,0
2026-10-04T14:06:47Z,currencyservice,cartservice,0,0,0,0,0,0,0
2026-10-04T14:06:47Z,currencyservice,checkoutservice,0,0,0,0,0,0,0
2026-10-04T14:06:47Z,currencyservice,currencyservice,0,0,0,0,0,0,0
2026-10-04T14:06:47Z,currencyservice,emailservice,0,0,0,0,0,0,0
2026-10-04T14:06:47Z,currencyservice,frontend,0,0,0,0,0,0,0
2026-10-04T14:06:47Z,currencyservice,kubernetes,0,0,0,0,0,0,0
2026-10-04T14:06:47Z,currencyservice,paymentservice,0,0,0,0,0,0,0
2026-10-04T14:06:47Z,currencyservice,productcatalogservice,0,0,0,0,0,0,0
2026-10-04T14:06:47Z,currencyservice,recommendationservice,0,0,0,0,0,0,0
2026-10-04T14:06:47Z,currencyservice,redis-cart,0,0,0,0,0,0,0
2026-10-04T14:06:47Z,currencyservice,shippingservice,0,0,0,0,0,0,0
2026-10-04T14:06:47Z,emailservice,adservice,0,0,0,0,0,0,0
2026-10-04T14:06:47Z,emailservice,cartservice,0,0,0,0,0,0,0
2026-10-04T14:06:47Z,emailservice,checkoutservice,0,0,0,0,0,0,0
2026-10-04T14:06:47Z,emailservice,currencyservice,0,0,0,0,0,0,0
2026-10-04T14:06:47Z,emailservice,emailservice,0,0,0,0,0,0,0
2026-10-04T14:06:47Z,emailservice,frontend,0,0,0,0,0,0,0
2026-10-04T14:06:47Z,emailservice,kubernetes,0,0,0,0,0,0,0
2026-10-04T14:06:47Z,emailservice,paymentservice,0,0,0,0,0,0,0
2026-10-04T14:06:47Z,emailservice,productcatalogservice,0,0,0,0,0,0,0
2026-10-04T14:06:47Z,emailservice,recommendationservice,0,0,0,0,0,0,0
2026-10-04T14:06:47Z,emailservice,redis-cart,0,0,0,0,0,0,0
2026-10-04T14:06:47Z,emailservice,shippingservice,0,0,0,0,0,0,0
2026-10-04T14:06:47Z,frontend,adservice,824329,824327,0,0,0,2485551,823318
2026-10-04T14:06:47Z,frontend,cartservice,1817463,1817450,0,0,4,10135295,1815635
2026-10-04T14:06:47Z,frontend,checkoutservice,390307,180468,0,40023,169777,61393427,180396
2026-10-04T14:06:47Z,frontend,currencyservice,2890312,2890304,0,0,0,15382019,2887410
2026-10-04T14:06:47Z,frontend,emailservice,0,0,0,0,0,0,0
2026-10-04T14:06:47Z,frontend,frontend,0,0,0,0,0,0,0
2026-10-04T14:06:47Z,frontend,kubernetes,0,0,0,0,0,0,0
2026-10-04T14:06:47Z,frontend,paymentservice,0,0,0,0,0,0,0
2026-10-04T14:06:47Z,frontend,productcatalogservice,8152212,8152143,0,0,0,55832795,8142835
2026-10-04T14:06:47Z,frontend,recommendationservice,2605870,1606393,0,104145,892925,780603276,1604819
2026-10-04T14:06:47Z,frontend,redis-cart,0,0,0,0,0,0,0
2026-10-04T14:06:47Z,frontend,shippingservice,302272,302270,0,0,0,920287,301894
2026-10-04T14:06:47Z,paymentservice,adservice,0,0,0,0,0,0,0
2026-10-04T14:06:47Z,paymentservice,cartservice,0,0,0,0,0,0,0
2026-10-04T14:06:47Z,paymentservice,checkoutservice,0,0,0,0,0,0,0
2026-10-04T14:06:47Z,paymentservice,currencyservice,0,0,0,0,0,0,0
2026-10-04T14:06:47Z,paymentservice,emailservice,0,0,0,0,0,0,0
2026-10-04T14:06:47Z,paymentservice,frontend,0,0,0,0,0,0,0
2026-10-04T14:06:47Z,paymentservice,kubernetes,0,0,0,0,0,0,0
2026-10-04T14:06:47Z,paymentservice,paymentservice,0,0,0,0,0,0,0
2026-10-04T14:06:47Z,paymentservice,productcatalogservice,0,0,0,0,0,0,0
2026-10-04T14:06:47Z,paymentservice,recommendationservice,0,0,0,0,0,0,0
2026-10-04T14:06:47Z,paymentservice,redis-cart,0,0,0,0,0,0,0
2026-10-04T14:06:47Z,paymentservice,shippingservice,0,0,0,0,0,0,0
2026-10-04T14:06:47Z,productcatalogservice,adservice,0,0,0,0,0,0,0
2026-10-04T14:06:47Z,productcatalogservice,cartservice,0,0,0,0,0,0,0
2026-10-04T14:06:47Z,productcatalogservice,checkoutservice,0,0,0,0,0,0,0
2026-10-04T14:06:47Z,productcatalogservice,currencyservice,0,0,0,0,0,0,0
2026-10-04T14:06:47Z,productcatalogservice,emailservice,0,0,0,0,0,0,0
2026-10-04T14:06:47Z,productcatalogservice,frontend,0,0,0,0,0,0,0
2026-10-04T14:06:47Z,productcatalogservice,kubernetes,0,0,0,0,0,0,0
2026-10-04T14:06:47Z,productcatalogservice,paymentservice,0,0,0,0,0,0,0
2026-10-04T14:06:47Z,productcatalogservice,productcatalogservice,0,0,0,0,0,0,0
2026-10-04T14:06:47Z,productcatalogservice,recommendationservice,0,0,0,0,0,0,0
2026-10-04T14:06:47Z,productcatalogservice,redis-cart,0,0,0,0,0,0,0
2026-10-04T14:06:47Z,productcatalogservice,shippingservice,0,0,0,0,0,0,0
2026-10-04T14:06:47Z,recommendationservice,adservice,0,0,0,0,0,0,0
2026-10-04T14:06:47Z,recommendationservice,cartservice,0,0,0,0,0,0,0
2026-10-04T14:06:47Z,recommendationservice,checkoutservice,0,0,0,0,0,0,0
2026-10-04T14:06:47Z,recommendationservice,currencyservice,0,0,0,0,0,0,0
2026-10-04T14:06:47Z,recommendationservice,emailservice,0,0,0,0,0,0,0
2026-10-04T14:06:47Z,recommendationservice,frontend,0,0,0,0,0,0,0
2026-10-04T14:06:47Z,recommendationservice,kubernetes,0,0,0,0,0,0,0
2026-10-04T14:06:47Z,recommendationservice,paymentservice,0,0,0,0,0,0,0
2026-10-04T14:06:47Z,recommendationservice,productcatalogservice,81546,81544,0,0,0,673217,80611
2026-10-04T14:06:47Z,recommendationservice,recommendationservice,0,0,0,0,0,0,0
2026-10-04T14:06:47Z,recommendationservice,redis-cart,0,0,0,0,0,0,0
2026-10-04T14:06:47Z,recommendationservice,shippingservice,0,0,0,0,0,0,0
2026-10-04T14:06:47Z,redis-cart,adservice,0,0,0,0,0,0,0
2026-10-04T14:06:47Z,redis-cart,cartservice,0,0,0,0,0,0,0
2026-10-04T14:06:47Z,redis-cart,checkoutservice,0,0,0,0,0,0,0
2026-10-04T14:06:47Z,redis-cart,currencyservice,0,0,0,0,0,0,0
2026-10-04T14:06:47Z,redis-cart,emailservice,0,0,0,0,0,0,0
2026-10-04T14:06:47Z,redis-cart,frontend,0,0,0,0,0,0,0
2026-10-04T14:06:47Z,redis-cart,kubernetes,0,0,0,0,0,0,0
2026-10-04T14:06:47Z,redis-cart,paymentservice,0,0,0,0,0,0,0
2026-10-04T14:06:47Z,redis-cart,productcatalogservice,0,0,0,0,0,0,0
2026-10-04T14:06:47Z,redis-cart,recommendationservice,0,0,0,0,0,0,0
2026-10-04T14:06:47Z,redis-cart,redis-cart,0,0,0,0,0,0,0
2026-10-04T14:06:47Z,redis-cart,shippingservice,0,0,0,0,0,0,0
2026-10-04T14:06:47Z,shippingservice,adservice,0,0,0,0,0,0,0
2026-10-04T14:06:47Z,shippingservice,cartservice,0,0,0,0,0,0,0
2026-10-04T14:06:47Z,shippingservice,checkoutservice,0,0,0,0,0,0,0
2026-10-04T14:06:47Z,shippingservice,currencyservice,0,0,0,0,0,0,0
2026-10-04T14:06:47Z,shippingservice,emailservice,0,0,0,0,0,0,0
2026-10-04T14:06:47Z,shippingservice,frontend,0,0,0,0,0,0,0
2026-10-04T14:06:47Z,shippingservice,kubernetes,0,0,0,0,0,0,0
2026-10-04T14:06:47Z,shippingservice,paymentservice,0,0,0,0,0,0,0
2026-10-04T14:06:47Z,shippingservice,productcatalogservice,0,0,0,0,0,0,0
2026-10-04T14:06:47Z,shippingservice,recommendationservice,0,0,0,0,0,0,0
2026-10-04T14:06:47Z,shippingservice,redis-cart,0,0,0,0,0,0,0
2026-10-04T14:06:47Z,shippingservice,shippingservice,0,0,0,0,0,0,0
2026-10-04T14:06:48Z,adservice,adservice,0,0,0,0,0,0,0
2026-10-04T14:06:48Z,adservice,cartservice,0,0,0,0,0,0,0
2026-10-04T14:06:48Z,adservice,checkoutservice,0,0,0,0,0,0,0
2026-10-04T14:06:48Z,adservice,currencyservice,0,0,0,0,0,0,0
2026-10-04T14:06:48Z,adservice,emailservice,0,0,0,0,0,0,0
2026-10-04T14:06:48Z,adservice,frontend,0,0,0,0,0,0,0
2026-10-04T14:06:48Z,adservice,kubernetes,0,0,0,0,0,0,0
2026-10-04T14:06:48Z,adservice,paymentservice,0,0,0,0,0,0,0
2026-10-04T14:06:48Z,adservice,productcatalogservice,0,0,0,0,0,0,0
2026-10-04T14:06:48Z,adservice,recommendationservice,0,0,0,0,0,0,0
2026-10-04T14:06:48Z,adservice,redis-cart,0,0,0,0,0,0,0
2026-10-04T14:06:48Z,adservice,shippingservice,0,0,0,0,0,0,0
2026-10-04T14:06:48Z,cartservice,adservice,0,0,0,0,0,0,0
2026-10-04T14:06:48Z,cartservice,cartservice,0,0,0,0,0,0,0
2026-10-04T14:06:48Z,cartservice,checkoutservice,0,0,0,0,0,0,0
2026-10-04T14:06:48Z,cartservice,currencyservice,0,0,0,0,0,0,0
2026-10-04T14:06:48Z,cartservice,emailservice,0,0,0,0,0,0,0
2026-10-04T14:06:48Z,cartservice,frontend,0,0,0,0,0,0,0
2026-10-04T14:06:48Z,cartservice,kubernetes,0,0,0,0,0,0,0
2026-10-04T14:06:48Z,cartservice,paymentservice,0,0,0,0,0,0,0
2026-10-04T14:06:48Z,cartservice,productcatalogservice,0,0,0,0,0,0,0
2026-10-04T14:06:48Z,cartservice,recommendationservice,0,0,0,0,0,0,0
2026-10-04T14:06:48Z,cartservice,redis-cart,2,0,0,0,0,0,0
2026-10-04T14:06:48Z,cartservice,shippingservice,0,0,0,0,0,0,0
2026-10-04T14:06:48Z,checkoutservice,adservice,0,0,0,0,0,0,0
2026-10-04T14:06:48Z,checkoutservice,cartservice,40047,39127,0,97,0,598104,38843
2026-10-04T14:06:48Z,checkoutservice,checkoutservice,0,0,0,0,0,0,0
2026-10-04T14:06:48Z,checkoutservice,currencyservice,31418,31418,0,0,0,518477,31161
2026-10-04T14:06:48Z,checkoutservice,emailservice,2695,2422,0,63,0,121054,2411
2026-10-04T14:06:48Z,checkoutservice,frontend,0,0,0,0,0,0,0
2026-10-04T14:06:48Z,checkoutservice,kubernetes,0,0,0,0,0,0,0
2026-10-04T14:06:48Z,checkoutservice,paymentservice,24683,22835,0,192,0,390451,22465
2026-10-04T14:06:48Z,checkoutservice,productcatalogservice,0,0,0,0,0,0,0
2026-10-04T14:06:48Z,checkoutservice,recommendationservice,0,0,0,0,0,0,0
2026-10-04T14:06:48Z,checkoutservice,redis-cart,0,0,0,0,0,0,0
2026-10-04T14:06:48Z,checkoutservice,shippingservice,45345,43243,0,154,0,461923,42873
2026-10-04T14:06:48Z,currencyservice,adservice,0,0,0,0,0,0,0
2026-10-04T14:06:48Z,currencyservice,cartservice,0,0,0,0,0,0,0
2026-10-04T14:06:48Z,currencyservice,checkoutservice,0,0,0,0,0,0,0
2026-10-04T14:06:48Z,currencyservice,currencyservice,0,0,0,0,0,0,0
2026-10-04T14:06:48Z,currencyservice,emailservice,0,0,0,0,0,0,0
2026-10-04T14:06:48Z,currencyservice,frontend,0,0,0,0,0,0,0
2026-10-04T14:06:48Z,currencyservice,kubernetes,0,0,0,0,0,0,0
2026-10-04T14:06:48Z,currencyservice,paymentservice,0,0,0,0,0,0,0
2026-10-04T14:06:48Z,currencyservice,productcatalogservice,0,0,0,0,0,0,0
2026-10-04T14:06:48Z,currencyservice,recommendationservice,0,0,0,0,0,0,0
2026-10-04T14:06:48Z,currencyservice,redis-cart,0,0,0,0,0,0,0
2026-10-04T14:06:48Z,currencyservice,shippingservice,0,0,0,0,0,0,0
2026-10-04T14:06:48Z,emailservice,adservice,0,0,0,0,0,0,0
2026-10-04T14:06:48Z,emailservice,cartservice,0,0,0,0,0,0,0
2026-10-04T14:06:48Z,emailservice,checkoutservice,0,0,0,0,0,0,0
2026-10-04T14:06:48Z,emailservice,currencyservice,0,0,0,0,0,0,0
2026-10-04T14:06:48Z,emailservice,emailservice,0,0,0,0,0,0,0
2026-10-04T14:06:48Z,emailservice,frontend,0,0,0,0,0,0,0
2026-10-04T14:06:48Z,emailservice,kubernetes,0,0,0,0,0,0,0
2026-10-04T14:06:48Z,emailservice,paymentservice,0,0,0,0,0,0,0
2026-10-04T14:06:48Z,emailservice,productcatalogservice,0,0,0,0,0,0,0
2026-10-04T14:06:48Z,emailservice,recommendationservice,0,0,0,0,0,0,0
2026-10-04T14:06:48Z,emailservice,redis-cart,0,0,0,0,0,0,0
2026-10-04T14:06:48Z,emailservice,shippingservice,0,0,0,0,0,0,0
2026-10-04T14:06:48Z,frontend,adservice,824528,824526,0,0,0,2486472,823622
2026-10-04T14:06:48Z,frontend,cartservice,1817914,1817901,0,0,4,10138923,1816192
2026-10-04T14:06:48Z,frontend,checkoutservice,390452,180496,0,40044,169887,61423222,180418
2026-10-04T14:06:48Z,frontend,currencyservice,2891002,2890987,0,0,0,15387790,2888293
2026-10-04T14:06:48Z,frontend,emailservice,0,0,0,0,0,0,0
2026-10-04T14:06:48Z,frontend,frontend,0,0,0,0,0,0,0
2026-10-04T14:06:48Z,frontend,kubernetes,0,0,0,0,0,0,0
2026-10-04T14:06:48Z,frontend,paymentservice,0,0,0,0,0,0,0
2026-10-04T14:06:48Z,frontend,productcatalogservice,8154021,8153953,0,0,0,55859257,8145613
2026-10-04T14:06:48Z,frontend,recommendationservice,2606431,1606739,0,104145,893085,780791686,1605297
2026-10-04T14:06:48Z,frontend,redis-cart,0,0,0,0,0,0,0
2026-10-04T14:06:48Z,frontend,shippingservice,302338,302336,0,0,0,920662,302011
2026-10-04T14:06:48Z,paymentservice,adservice,0,0,0,0,0,0,0
2026-10-04T14:06:48Z,paymentservice,cartservice,0,0,0,0,0,0,0
2026-10-04T14:06:48Z,paymentservice,checkoutservice,0,0,0,0,0,0,0
2026-10-04T14:06:48Z,paymentservice,currencyservice,0,0,0,0,0,0,0
2026-10-04T14:06:48Z,paymentservice,emailservice,0,0,0,0,0,0,0
2026-10-04T14:06:48Z,paymentservice,frontend,0,0,0,0,0,0,0
2026-10-04T14:06:48Z,paymentservice,kubernetes,0,0,0,0,0,0,0
2026-10-04T14:06:48Z,paymentservice,paymentservice,0,0,0,0,0,0,0
2026-10-04T14:06:48Z,paymentservice,productcatalogservice,0,0,0,0,0,0,0
2026-10-04T14:06:48Z,paymentservice,recommendationservice,0,0,0,0,0,0,0
2026-10-04T14:06:48Z,paymentservice,redis-cart,0,0,0,0,0,0,0
2026-10-04T14:06:48Z,paymentservice,shippingservice,0,0,0,0,0,0,0
2026-10-04T14:06:48Z,productcatalogservice,adservice,0,0,0,0,0,0,0
2026-10-04T14:06:48Z,productcatalogservice,cartservice,0,0,0,0,0,0,0
2026-10-04T14:06:48Z,productcatalogservice,checkoutservice,0,0,0,0,0,0,0
2026-10-04T14:06:48Z,productcatalogservice,currencyservice,0,0,0,0,0,0,0
2026-10-04T14:06:48Z,productcatalogservice,emailservice,0,0,0,0,0,0,0
2026-10-04T14:06:48Z,productcatalogservice,frontend,0,0,0,0,0,0,0
2026-10-04T14:06:48Z,productcatalogservice,kubernetes,0,0,0,0,0,0,0
2026-10-04T14:06:48Z,productcatalogservice,paymentservice,0,0,0,0,0,0,0
2026-10-04T14:06:48Z,productcatalogservice,productcatalogservice,0,0,0,0,0,0,0
2026-10-04T14:06:48Z,productcatalogservice,recommendationservice,0,0,0,0,0,0,0
2026-10-04T14:06:48Z,productcatalogservice,redis-cart,0,0,0,0,0,0,0
2026-10-04T14:06:48Z,productcatalogservice,shippingservice,0,0,0,0,0,0,0
2026-10-04T14:06:48Z,recommendationservice,adservice,0,0,0,0,0,0,0
2026-10-04T14:06:48Z,recommendationservice,cartservice,0,0,0,0,0,0,0
2026-10-04T14:06:48Z,recommendationservice,checkoutservice,0,0,0,0,0,0,0
2026-10-04T14:06:48Z,recommendationservice,currencyservice,0,0,0,0,0,0,0
2026-10-04T14:06:48Z,recommendationservice,emailservice,0,0,0,0,0,0,0
2026-10-04T14:06:48Z,recommendationservice,frontend,0,0,0,0,0,0,0
2026-10-04T14:06:48Z,recommendationservice,kubernetes,0,0,0,0,0,0,0
2026-10-04T14:06:48Z,recommendationservice,paymentservice,0,0,0,0,0,0,0
2026-10-04T14:06:48Z,recommendationservice,productcatalogservice,81976,81973,0,0,0,673217,80611
2026-10-04T14:06:48Z,recommendationservice,recommendationservice,0,0,0,0,0,0,0
2026-10-04T14:06:48Z,recommendationservice,redis-cart,0,0,0,0,0,0,0
2026-10-04T14:06:48Z,recommendationservice,shippingservice,0,0,0,0,0,0,0
2026-10-04T14:06:48Z,redis-cart,adservice,0,0,0,0,0,0,0
2026-10-04T14:06:48Z,redis-cart,cartservice,0,0,0,0,0,0,0
2026-10-04T14:06:48Z,redis-cart,checkoutservice,0,0,0,0,0,0,0
2026-10-04T14:06:48Z,redis-cart,currencyservice,0,0,0,0,0,0,0
2026-10-04T14:06:48Z,redis-cart,emailservice,0,0,0,0,0,0,0
2026-10-04T14:06:48Z,redis-cart,frontend,0,0,0,0,0,0,0
2026-10-04T14:06:48Z,redis-cart,kubernetes,0,0,0,0,0,0,0
2026-10-04T14:06:48Z,redis-cart,paymentservice,0,0,0,0,0,0,0
2026-10-04T14:06:48Z,redis-cart,productcatalogservice,0,0,0,0,0,0,0
2026-10-04T14:06:48Z,redis-cart,recommendationservice,0,0,0,0,0,0,0
2026-10-04T14:06:48Z,redis-cart,redis-cart,0,0,0,0,0,0,0
2026-10-04T14:06:48Z,redis-cart,shippingservice,0,0,0,0,0,0,0
2026-10-04T14:06:48Z,shippingservice,adservice,0,0,0,0,0,0,0
2026-10-04T14:06:48Z,shippingservice,cartservice,0,0,0,0,0,0,0
2026-10-04T14:06:48Z,shippingservice,checkoutservice,0,0,0,0,0,0,0
2026-10-04T14:06:48Z,shippingservice,currencyservice,0,0,0,0,0,0,0
2026-10-04T14:06:48Z,shippingservice,emailservice,0,0,0,0,0,0,0
2026-10-04T14:06:48Z,shippingservice,frontend,0,0,0,0,0,0,0
2026-10-04T14:06:48Z,shippingservice,kubernetes,0,0,0,0,0,0,0
2026-10-04T14:06:48Z,shippingservice,paymentservice,0,0,0,0,0,0,0
2026-10-04T14:06:48Z,shippingservice,productcatalogservice,0,0,0,0,0,0,0
2026-10-04T14:06:48Z,shippingservice,recommendationservice,0,0,0,0,0,0,0
2026-10-04T14:06:48Z,shippingservice,redis-cart,0,0,0,0,0,0,0
2026-10-04T14:06:48Z,shippingservice,shippingservice,0,0,0,0,0,0,0
2026-10-04T14:06:49Z,adservice,adservice,0,0,0,0,0,0,0
2026-10-04T14:06:49Z,adservice,cartservice,0,0,0,0,0,0,0
2026-10-04T14:06:49Z,adservice,checkoutservice,0,0,0,0,0,0,0
2026-10-04T14:06:49Z,adservice,currencyservice,0,0,0,0,0,0,0
2026-10-04T14:06:49Z,adservice,emailservice,0,0,0,0,0,0,0
2026-10-04T14:06:49Z,adservice,frontend,0,0,0,0,0,0,0
2026-10-04T14:06:49Z,adservice,kubernetes,0,0,0,0,0,0,0
2026-10-04T14:06:49Z,adservice,paymentservice,0,0,0,0,0,0,0
2026-10-04T14:06:49Z,adservice,productcatalogservice,0,0,0,0,0,0,0
2026-10-04T14:06:49Z,adservice,recommendationservice,0,0,0,0,0,0,0
2026-10-04T14:06:49Z,adservice,redis-cart,0,0,0,0,0,0,0
2026-10-04T14:06:49Z,adservice,shippingservice,0,0,0,0,0,0,0
2026-10-04T14:06:49Z,cartservice,adservice,0,0,0,0,0,0,0
2026-10-04T14:06:49Z,cartservice,cartservice,0,0,0,0,0,0,0
2026-10-04T14:06:49Z,cartservice,checkoutservice,0,0,0,0,0,0,0
2026-10-04T14:06:49Z,cartservice,currencyservice,0,0,0,0,0,0,0
2026-10-04T14:06:49Z,cartservice,emailservice,0,0,0,0,0,0,0
2026-10-04T14:06:49Z,cartservice,frontend,0,0,0,0,0,0,0
2026-10-04T14:06:49Z,cartservice,kubernetes,0,0,0,0,0,0,0
2026-10-04T14:06:49Z,cartservice,paymentservice,0,0,0,0,0,0,0
2026-10-04T14:06:49Z,cartservice,productcatalogservice,0,0,0,0,0,0,0
2026-10-04T14:06:49Z,cartservice,recommendationservice,0,0,0,0,0,0,0
2026-10-04T14:06:49Z,cartservice,redis-cart,2,0,0,0,0,0,0
2026-10-04T14:06:49Z,cartservice,shippingservice,0,0,0,0,0,0,0
2026-10-04T14:06:49Z,checkoutservice,adservice,0,0,0,0,0,0,0
2026-10-04T14:06:49Z,checkoutservice,cartservice,40280,39347,0,100,0,598104,38843
2026-10-04T14:06:49Z,checkoutservice,checkoutservice,0,0,0,0,0,0,0
2026-10-04T14:06:49Z,checkoutservice,currencyservice,31533,31531,0,0,0,518477,31161
2026-10-04T14:06:49Z,checkoutservice,emailservice,2771,2474,0,63,0,121054,2411
2026-10-04T14:06:49Z,checkoutservice,frontend,0,0,0,0,0,0,0
2026-10-04T14:06:49Z,checkoutservice,kubernetes,0,0,0,0,0,0,0
2026-10-04T14:06:49Z,checkoutservice,paymentservice,24801,22953,0,192,0,390451,22465
2026-10-04T14:06:49Z,checkoutservice,productcatalogservice,0,0,0,0,0,0,0
2026-10-04T14:06:49Z,checkoutservice,recommendationservice,0,0,0,0,0,0,0
2026-10-04T14:06:49Z,checkoutservice,redis-cart,0,0,0,0,0,0,0
2026-10-04T14:06:49Z,checkoutservice,shippingservice,45591,43486,0,154,0,461923,42873
2026-10-04T14:06:49Z,currencyservice,adservice,0,0,0,0,0,0,0
2026-10-04T14:06:49Z,currencyservice,cartservice,0,0,0,0,0,0,0
2026-10-04T14:06:49Z,currencyservice,checkoutservice,0,0,0,0,0,0,0
2026-10-04T14:06:49Z,currencyservice,currencyservice,0,0,0,0,0,0,0
2026-10-04T14:06:49Z,currencyservice,emailservice,0,0,0,0,0,0,0
2026-10-04T14:06:49Z,currencyservice,frontend,0,0,0,0,0,0,0
2026-10-04T14:06:49Z,currencyservice,kubernetes,0,0,0,0,0,0,0
2026-10-04T14:06:49Z,currencyservice,paymentservice,0,0,0,0,0,0,0
2026-10-04T14:06:49Z,currencyservice,productcatalogservice,0,0,0,0,0,0,0
2026-10-04T14:06:49Z,currencyservice,recommendationservice,0,0,0,0,0,0,0
2026-10-04T14:06:49Z,currencyservice,redis-cart,0,0,0,0,0,0,0
2026-10-04T14:06:49Z,currencyservice,shippingservice,0,0,0,0,0,0,0
2026-10-04T14:06:49Z,emailservice,adservice,0,0,0,0,0,0,0
2026-10-04T14:06:49Z,emailservice,cartservice,0,0,0,0,0,0,0
2026-10-04T14:06:49Z,emailservice,checkoutservice,0,0,0,0,0,0,0
2026-10-04T14:06:49Z,emailservice,currencyservice,0,0,0,0,0,0,0
2026-10-04T14:06:49Z,emailservice,emailservice,0,0,0,0,0,0,0
2026-10-04T14:06:49Z,emailservice,frontend,0,0,0,0,0,0,0
2026-10-04T14:06:49Z,emailservice,kubernetes,0,0,0,0,0,0,0
2026-10-04T14:06:49Z,emailservice,paymentservice,0,0,0,0,0,0,0
2026-10-04T14:06:49Z,emailservice,productcatalogservice,0,0,0,0,0,0,0
2026-10-04T14:06:49Z,emailservice,recommendationservice,0,0,0,0,0,0,0
2026-10-04T14:06:49Z,emailservice,redis-cart,0,0,0,0,0,0,0
2026-10-04T14:06:49Z,emailservice,shippingservice,0,0,0,0,0,0,0
2026-10-04T14:06:49Z,frontend,adservice,824623,824621,0,0,0,2489367,824532
2026-10-04T14:06:49Z,frontend,cartservice,1818310,1818296,0,0,4,10149624,1817926
2026-10-04T14:06:49Z,frontend,checkoutservice,390534,180555,0,40059,169934,61528042,180502
2026-10-04T14:06:49Z,frontend,currencyservice,2891629,2891620,0,0,0,15403065,2891033
2026-10-04T14:06:49Z,frontend,emailservice,0,0,0,0,0,0,0
2026-10-04T14:06:49Z,frontend,frontend,0,0,0,0,0,0,0
2026-10-04T14:06:49Z,frontend,kubernetes,0,0,0,0,0,0,0
2026-10-04T14:06:49Z,frontend,paymentservice,0,0,0,0,0,0,0
2026-10-04T14:06:49Z,frontend,productcatalogservice,8155270,8155194,0,0,0,55920495,8154011
2026-10-04T14:06:49Z,frontend,recommendationservice,2607115,1607050,0,104156,893365,781418021,1606762
2026-10-04T14:06:49Z,frontend,redis-cart,0,0,0,0,0,0,0
2026-10-04T14:06:49Z,frontend,shippingservice,302396,302394,0,0,0,921838,302333
2026-10-04T14:06:49Z,paymentservice,adservice,0,0,0,0,0,0,0
2026-10-04T14:06:49Z,paymentservice,cartservice,0,0,0,0,0,0,0
2026-10-04T14:06:49Z,paymentservice,checkoutservice,0,0,0,0,0,0,0
2026-10-04T14:06:49Z,paymentservice,currencyservice,0,0,0,0,0,0,0
2026-10-04T14:06:49Z,paymentservice,emailservice,0,0,0,0,0,0,0
2026-10-04T14:06:49Z,paymentservice,frontend,0,0,0,0,0,0,0
2026-10-04T14:06:49Z,paymentservice,kubernetes,0,0,0,0,0,0,0
2026-10-04T14:06:49Z,paymentservice,paymentservice,0,0,0,0,0,0,0
2026-10-04T14:06:49Z,paymentservice,productcatalogservice,0,0,0,0,0,0,0
2026-10-04T14:06:49Z,paymentservice,recommendationservice,0,0,0,0,0,0,0
2026-10-04T14:06:49Z,paymentservice,redis-cart,0,0,0,0,0,0,0
2026-10-04T14:06:49Z,paymentservice,shippingservice,0,0,0,0,0,0,0
2026-10-04T14:06:49Z,productcatalogservice,adservice,0,0,0,0,0,0,0
2026-10-04T14:06:49Z,productcatalogservice,cartservice,0,0,0,0,0,0,0
2026-10-04T14:06:49Z,productcatalogservice,checkoutservice,0,0,0,0,0,0,0
2026-10-04T14:06:49Z,productcatalogservice,currencyservice,0,0,0,0,0,0,0
2026-10-04T14:06:49Z,productcatalogservice,emailservice,0,0,0,0,0,0,0
2026-10-04T14:06:49Z,productcatalogservice,frontend,0,0,0,0,0,0,0
2026-10-04T14:06:49Z,productcatalogservice,kubernetes,0,0,0,0,0,0,0
2026-10-04T14:06:49Z,productcatalogservice,paymentservice,0,0,0,0,0,0,0
2026-10-04T14:06:49Z,productcatalogservice,productcatalogservice,0,0,0,0,0,0,0
2026-10-04T14:06:49Z,productcatalogservice,recommendationservice,0,0,0,0,0,0,0
2026-10-04T14:06:49Z,productcatalogservice,redis-cart,0,0,0,0,0,0,0
2026-10-04T14:06:49Z,productcatalogservice,shippingservice,0,0,0,0,0,0,0
2026-10-04T14:06:49Z,recommendationservice,adservice,0,0,0,0,0,0,0
2026-10-04T14:06:49Z,recommendationservice,cartservice,0,0,0,0,0,0,0
2026-10-04T14:06:49Z,recommendationservice,checkoutservice,0,0,0,0,0,0,0
2026-10-04T14:06:49Z,recommendationservice,currencyservice,0,0,0,0,0,0,0
2026-10-04T14:06:49Z,recommendationservice,emailservice,0,0,0,0,0,0,0
2026-10-04T14:06:49Z,recommendationservice,frontend,0,0,0,0,0,0,0
2026-10-04T14:06:49Z,recommendationservice,kubernetes,0,0,0,0,0,0,0
2026-10-04T14:06:49Z,recommendationservice,paymentservice,0,0,0,0,0,0,0
2026-10-04T14:06:49Z,recommendationservice,productcatalogservice,82452,82449,0,0,0,673217,80611
2026-10-04T14:06:49Z,recommendationservice,recommendationservice,0,0,0,0,0,0,0
2026-10-04T14:06:49Z,recommendationservice,redis-cart,0,0,0,0,0,0,0
2026-10-04T14:06:49Z,recommendationservice,shippingservice,0,0,0,0,0,0,0
2026-10-04T14:06:49Z,redis-cart,adservice,0,0,0,0,0,0,0
2026-10-04T14:06:49Z,redis-cart,cartservice,0,0,0,0,0,0,0
2026-10-04T14:06:49Z,redis-cart,checkoutservice,0,0,0,0,0,0,0
2026-10-04T14:06:49Z,redis-cart,currencyservice,0,0,0,0,0,0,0
2026-10-04T14:06:49Z,redis-cart,emailservice,0,0,0,0,0,0,0
2026-10-04T14:06:49Z,redis-cart,frontend,0,0,0,0,0,0,0
2026-10-04T14:06:49Z,redis-cart,kubernetes,0,0,0,0,0,0,0
2026-10-04T14:06:49Z,redis-cart,paymentservice,0,0,0,0,0,0,0
2026-10-04T14:06:49Z,redis-cart,productcatalogservice,0,0,0,0,0,0,0
2026-10-04T14:06:49Z,redis-cart,recommendationservice,0,0,0,0,0,0,0
2026-10-04T14:06:49Z,redis-cart,redis-cart,0,0,0,0,0,0,0
2026-10-04T14:06:49Z,redis-cart,shippingservice,0,0,0,0,0,0,0
2026-10-04T14:06:49Z,shippingservice,adservice,0,0,0,0,0,0,0
2026-10-04T14:06:49Z,shippingservice,cartservice,0,0,0,0,0,0,0
2026-10-04T14:06:49Z,shippingservice,checkoutservice,0,0,0,0,0,0,0
2026-10-04T14:06:49Z,shippingservice,currencyservice,0,0,0,0,0,0,0
2026-10-04T14:06:49Z,shippingservice,emailservice,0,0,0,0,0,0,0
2026-10-04T14:06:49Z,shippingservice,frontend,0,0,0,0,0,0,0
2026-10-04T14:06:49Z,shippingservice,kubernetes,0,0,0,0,0,0,0
2026-10-04T14:06:49Z,shippingservice,paymentservice,0,0,0,0,0,0,0
2026-10-04T14:06:49Z,shippingservice,productcatalogservice,0,0,0,0,0,0,0
2026-10-04T14:06:49Z,shippingservice,recommendationservice,0,0,0,0,0,0,0
2026-10-04T14:06:49Z,shippingservice,redis-cart,0,0,0,0,0,0,0
2026-10-04T14:06:49Z,shippingservice,shippingservice,0,0,0,0,0,0,0
2026-10-04T14:06:50Z,adservice,adservice,0,0,0,0,0,0,0
2026-10-04T14:06:50Z,adservice,cartservice,0,0,0,0,0,0,0
2026-10-04T14:06:50Z,adservice,checkoutservice,0,0,0,0,0,0,0
2026-10-04T14:06:50Z,adservice,currencyservice,0,0,0,0,0,0,0
2026-10-04T14:06:50Z,adservice,emailservice,0,0,0,0,0,0,0
2026-10-04T14:06:50Z,adservice,frontend,0,0,0,0,0,0,0
2026-10-04T14:06:50Z,adservice,kubernetes,0,0,0,0,0,0,0
2026-10-04T14:06:50Z,adservice,paymentservice,0,0,0,0,0,0,0
2026-10-04T14:06:50Z,adservice,productcatalogservice,0,0,0,0,0,0,0
2026-10-04T14:06:50Z,adservice,recommendationservice,0,0,0,0,0,0,0
2026-10-04T14:06:50Z,adservice,redis-cart,0,0,0,0,0,0,0
2026-10-04T14:06:50Z,adservice,shippingservice,0,0,0,0,0,0,0
2026-10-04T14:06:50Z,cartservice,adservice,0,0,0,0,0,0,0
2026-10-04T14:06:50Z,cartservice,cartservice,0,0,0,0,0,0,0
2026-10-04T14:06:50Z,cartservice,checkoutservice,0,0,0,0,0,0,0
2026-10-04T14:06:50Z,cartservice,currencyservice,0,0,0,0,0,0,0
2026-10-04T14:06:50Z,cartservice,emailservice,0,0,0,0,0,0,0
2026-10-04T14:06:50Z,cartservice,frontend,0,0,0,0,0,0,0
2026-10-04T14:06:50Z,cartservice,kubernetes,0,0,0,0,0,0,0
2026-10-04T14:06:50Z,cartservice,paymentservice,0,0,0,0,0,0,0
2026-10-04T14:06:50Z,cartservice,productcatalogservice,0,0,0,0,0,0,0
2026-10-04T14:06:50Z,cartservice,recommendationservice,0,0,0,0,0,0,0
2026-10-04T14:06:50Z,cartservice,redis-cart,2,0,0,0,0,0,0
2026-10-04T14:06:50Z,cartservice,shippingservice,0,0,0,0,0,0,0
2026-10-04T14:06:50Z,checkoutservice,adservice,0,0,0,0,0,0,0
2026-10-04T14:06:50Z,checkoutservice,cartservice,40403,39471,0,100,0,598104,38843
2026-10-04T14:06:50Z,checkoutservice,checkoutservice,0,0,0,0,0,0,0
2026-10-04T14:06:50Z,checkoutservice,currencyservice,31599,31599,0,0,0,518477,31161
2026-10-04T14:06:50Z,checkoutservice,emailservice,2836,2551,0,66,0,121054,2411
2026-10-04T14:06:50Z,checkoutservice,frontend,0,0,0,0,0,0,0
2026-10-04T14:06:50Z,checkoutservice,kubernetes,0,0,0,0,0,0,0
2026-10-04T14:06:50Z,checkoutservice,paymentservice,24869,23021,0,192,0,390451,22465
2026-10-04T14:06:50Z,checkoutservice,productcatalogservice,0,0,0,0,0,0,0
2026-10-04T14:06:50Z,checkoutservice,recommendationservice,0,0,0,0,0,0,0
2026-10-04T14:06:50Z,checkoutservice,redis-cart,0,0,0,0,0,0,0
2026-10-04T14:06:50Z,checkoutservice,shippingservice,45716,43613,0,154,0,461923,42873
2026-10-04T14:06:50Z,currencyservice,adservice,0,0,0,0,0,0,0
2026-10-04T14:06:50Z,currencyservice,cartservice,0,0,0,0,0,0,0
2026-10-04T14:06:50Z,currencyservice,checkoutservice,0,0,0,0,0,0,0
2026-10-04T14:06:50Z,currencyservice,currencyservice,0,0,0,0,0,0,0
2026-10-04T14:06:50Z,currencyservice,emailservice,0,0,0,0,0,0,0
2026-10-04T14:06:50Z,currencyservice,frontend,0,0,0,0,0,0,0
2026-10-04T14:06:50Z,currencyservice,kubernetes,0,0,0,0,0,0,0
2026-10-04T14:06:50Z,currencyservice,paymentservice,0,0,0,0,0,0,0
2026-10-04T14:06:50Z,currencyservice,productcatalogservice,0,0,0,0,0,0,0
2026-10-04T14:06:50Z,currencyservice,recommendationservice,0,0,0,0,0,0,0
2026-10-04T14:06:50Z,currencyservice,redis-cart,0,0,0,0,0,0,0
2026-10-04T14:06:50Z,currencyservice,shippingservice,0,0,0,0,0,0,0
2026-10-04T14:06:50Z,emailservice,adservice,0,0,0,0,0,0,0
2026-10-04T14:06:50Z,emailservice,cartservice,0,0,0,0,0,0,0
2026-10-04T14:06:50Z,emailservice,checkoutservice,0,0,0,0,0,0,0
2026-10-04T14:06:50Z,emailservice,currencyservice,0,0,0,0,0,0,0
2026-10-04T14:06:50Z,emailservice,emailservice,0,0,0,0,0,0,0
2026-10-04T14:06:50Z,emailservice,frontend,0,0,0,0,0,0,0
2026-10-04T14:06:50Z,emailservice,kubernetes,0,0,0,0,0,0,0
2026-10-04T14:06:50Z,emailservice,paymentservice,0,0,0,0,0,0,0
2026-10-04T14:06:50Z,emailservice,productcatalogservice,0,0,0,0,0,0,0
2026-10-04T14:06:50Z,emailservice,recommendationservice,0,0,0,0,0,0,0
2026-10-04T14:06:50Z,emailservice,redis-cart,0,0,0,0,0,0,0
2026-10-04T14:06:50Z,emailservice,shippingservice,0,0,0,0,0,0,0
2026-10-04T14:06:50Z,frontend,adservice,824717,824715,0,0,0,2489367,824532
2026-10-04T14:06:50Z,frontend,cartservice,1818680,1818668,0,0,4,10149624,1817926
2026-10-04T14:06:50Z,frontend,checkoutservice,390589,180626,0,40061,169935,61528042,180502
2026-10-04T14:06:50Z,frontend,currencyservice,2892240,2892231,0,0,0,15403065,2891033
2026-10-04T14:06:50Z,frontend,emailservice,0,0,0,0,0,0,0
2026-10-04T14:06:50Z,frontend,frontend,0,0,0,0,0,0,0
2026-10-04T14:06:50Z,frontend,kubernetes,0,0,0,0,0,0,0
2026-10-04T14:06:50Z,frontend,paymentservice,0,0,0,0,0,0,0
2026-10-04T14:06:50Z,frontend,productcatalogservice,8156551,8156486,0,0,0,55920495,8154011
2026-10-04T14:06:50Z,frontend,recommendationservice,2607920,1607363,0,104182,893813,781418021,1606762
2026-10-04T14:06:50Z,frontend,redis-cart,0,0,0,0,0,0,0
2026-10-04T14:06:50Z,frontend,shippingservice,302452,302450,0,0,0,921838,302333
2026-10-04T14:06:50Z,paymentservice,adservice,0,0,0,0,0,0,0
2026-10-04T14:06:50Z,paymentservice,cartservice,0,0,0,0,0,0,0
2026-10-04T14:06:50Z,paymentservice,checkoutservice,0,0,0,0,0,0,0
2026-10-04T14:06:50Z,paymentservice,currencyservice,0,0,0,0,0,0,0
2026-10-04T14:06:50Z,paymentservice,emailservice,0,0,0,0,0,0,0
2026-10-04T14:06:50Z,paymentservice,frontend,0,0,0,0,0,0,0
2026-10-04T14:06:50Z,paymentservice,kubernetes,0,0,0,0,0,0,0
2026-10-04T14:06:50Z,paymentservice,paymentservice,0,0,0,0,0,0,0
2026-10-04T14:06:50Z,paymentservice,productcatalogservice,0,0,0,0,0,0,0
2026-10-04T14:06:50Z,paymentservice,recommendationservice,0,0,0,0,0,0,0
2026-10-04T14:06:50Z,paymentservice,redis-cart,0,0,0,0,0,0,0
2026-10-04T14:06:50Z,paymentservice,shippingservice,0,0,0,0,0,0,0
2026-10-04T14:06:50Z,productcatalogservice,adservice,0,0,0,0,0,0,0
2026-10-04T14:06:50Z,productcatalogservice,cartservice,0,0,0,0,0,0,0
2026-10-04T14:06:50Z,productcatalogservice,checkoutservice,0,0,0,0,0,0,0
2026-10-04T14:06:50Z,productcatalogservice,currencyservice,0,0,0,0,0,0,0
2026-10-04T14:06:50Z,productcatalogservice,emailservice,0,0,0,0,0,0,0
2026-10-04T14:06:50Z,productcatalogservice,frontend,0,0,0,0,0,0,0
2026-10-04T14:06:50Z,productcatalogservice,kubernetes,0,0,0,0,0,0,0
2026-10-04T14:06:50Z,productcatalogservice,paymentservice,0,0,0,0,0,0,0
2026-10-04T14:06:50Z,productcatalogservice,productcatalogservice,0,0,0,0,0,0,0
2026-10-04T14:06:50Z,productcatalogservice,recommendationservice,0,0,0,0,0,0,0
2026-10-04T14:06:50Z,productcatalogservice,redis-cart,0,0,0,0,0,0,0
2026-10-04T14:06:50Z,productcatalogservice,shippingservice,0,0,0,0,0,0,0
2026-10-04T14:06:50Z,recommendationservice,adservice,0,0,0,0,0,0,0
2026-10-04T14:06:50Z,recommendationservice,cartservice,0,0,0,0,0,0,0
2026-10-04T14:06:50Z,recommendationservice,checkoutservice,0,0,0,0,0,0,0
2026-10-04T14:06:50Z,recommendationservice,currencyservice,0,0,0,0,0,0,0
2026-10-04T14:06:50Z,recommendationservice,emailservice,0,0,0,0,0,0,0
2026-10-04T14:06:50Z,recommendationservice,frontend,0,0,0,0,0,0,0
2026-10-04T14:06:50Z,recommendationservice,kubernetes,0,0,0,0,0,0,0
2026-10-04T14:06:50Z,recommendationservice,paymentservice,0,0,0,0,0,0,0
2026-10-04T14:06:50Z,recommendationservice,productcatalogservice,82946,82944,0,0,0,689060,82775
2026-10-04T14:06:50Z,recommendationservice,recommendationservice,0,0,0,0,0,0,0
2026-10-04T14:06:50Z,recommendationservice,redis-cart,0,0,0,0,0,0,0
2026-10-04T14:06:50Z,recommendationservice,shippingservice,0,0,0,0,0,0,0
2026-10-04T14:06:50Z,redis-cart,adservice,0,0,0,0,0,0,0
2026-10-04T14:06:50Z,redis-cart,cartservice,0,0,0,0,0,0,0
2026-10-04T14:06:50Z,redis-cart,checkoutservice,0,0,0,0,0,0,0
2026-10-04T14:06:50Z,redis-cart,currencyservice,0,0,0,0,0,0,0
2026-10-04T14:06:50Z,redis-cart,emailservice,0,0,0,0,0,0,0
2026-10-04T14:06:50Z,redis-cart,frontend,0,0,0,0,0,0,0
2026-10-04T14:06:50Z,redis-cart,kubernetes,0,0,0,0,0,0,0
2026-10-04T14:06:50Z,redis-cart,paymentservice,0,0,0,0,0,0,0
2026-10-04T14:06:50Z,redis-cart,productcatalogservice,0,0,0,0,0,0,0
2026-10-04T14:06:50Z,redis-cart,recommendationservice,0,0,0,0,0,0,0
2026-10-04T14:06:50Z,redis-cart,redis-cart,0,0,0,0,0,0,0
2026-10-04T14:06:50Z,redis-cart,shippingservice,0,0,0,0,0,0,0
2026-10-04T14:06:50Z,shippingservice,adservice,0,0,0,0,0,0,0
2026-10-04T14:06:50Z,shippingservice,cartservice,0,0,0,0,0,0,0
2026-10-04T14:06:50Z,shippingservice,checkoutservice,0,0,0,0,0,0,0
2026-10-04T14:06:50Z,shippingservice,currencyservice,0,0,0,0,0,0,0
2026-10-04T14:06:50Z,shippingservice,emailservice,0,0,0,0,0,0,0
2026-10-04T14:06:50Z,shippingservice,frontend,0,0,0,0,0,0,0
2026-10-04T14:06:50Z,shippingservice,kubernetes,0,0,0,0,0,0,0
2026-10-04T14:06:50Z,shippingservice,paymentservice,0,0,0,0,0,0,0
2026-10-04T14:06:50Z,shippingservice,productcatalogservice,0,0,0,0,0,0,0
2026-10-04T14:06:50Z,shippingservice,recommendationservice,0,0,0,0,0,0,0
2026-10-04T14:06:50Z,shippingservice,redis-cart,0,0,0,0,0,0,0
2026-10-04T14:06:50Z,shippingservice,shippingservice,0,0,0,0,0,0,0
2026-10-04T14:06:51Z,adservice,adservice,0,0,0,0,0,0,0
2026-10-04T14:06:51Z,adservice,cartservice,0,0,0,0,0,0,0
2026-10-04T14:06:51Z,adservice,checkoutservice,0,0,0,0,0,0,0
2026-10-04T14:06:51Z,adservice,currencyservice,0,0,0,0,0,0,0
2026-10-04T14:06:51Z,adservice,emailservice,0,0,0,0,0,0,0
2026-10-04T14:06:51Z,adservice,frontend,0,0,0,0,0,0,0
2026-10-04T14:06:51Z,adservice,kubernetes,0,0,0,0,0,0,0
2026-10-04T14:06:51Z,adservice,paymentservice,0,0,0,0,0,0,0
2026-10-04T14:06:51Z,adservice,productcatalogservice,0,0,0,0,0,0,0
2026-10-04T14:06:51Z,adservice,recommendationservice,0,0,0,0,0,0,0
2026-10-04T14:06:51Z,adservice,redis-cart,0,0,0,0,0,0,0
2026-10-04T14:06:51Z,adservice,shippingservice,0,0,0,0,0,0,0
2026-10-04T14:06:51Z,cartservice,adservice,0,0,0,0,0,0,0
2026-10-04T14:06:51Z,cartservice,cartservice,0,0,0,0,0,0,0
2026-10-04T14:06:51Z,cartservice,checkoutservice,0,0,0,0,0,0,0
2026-10-04T14:06:51Z,cartservice,currencyservice,0,0,0,0,0,0,0
2026-10-04T14:06:51Z,cartservice,emailservice,0,0,0,0,0,0,0
2026-10-04T14:06:51Z,cartservice,frontend,0,0,0,0,0,0,0
2026-10-04T14:06:51Z,cartservice,kubernetes,0,0,0,0,0,0,0
2026-10-04T14:06:51Z,cartservice,paymentservice,0,0,0,0,0,0,0
2026-10-04T14:06:51Z,cartservice,productcatalogservice,0,0,0,0,0,0,0
2026-10-04T14:06:51Z,cartservice,recommendationservice,0,0,0,0,0,0,0
2026-10-04T14:06:51Z,cartservice,redis-cart,2,0,0,0,0,0,0
2026-10-04T14:06:51Z,cartservice,shippingservice,0,0,0,0,0,0,0
2026-10-04T14:06:51Z,checkoutservice,adservice,0,0,0,0,0,0,0
2026-10-04T14:06:51Z,checkoutservice,cartservice,40476,39544,0,100,0,598104,38843
2026-10-04T14:06:51Z,checkoutservice,checkoutservice,0,0,0,0,0,0,0
2026-10-04T14:06:51Z,checkoutservice,currencyservice,31632,31632,0,0,0,518477,31161
2026-10-04T14:06:51Z,checkoutservice,emailservice,2875,2590,0,66,0,121054,2411
2026-10-04T14:06:51Z,checkoutservice,frontend,0,0,0,0,0,0,0
2026-10-04T14:06:51Z,checkoutservice,kubernetes,0,0,0,0,0,0,0
2026-10-04T14:06:51Z,checkoutservice,paymentservice,24902,23054,0,192,0,390451,22465
2026-10-04T14:06:51Z,checkoutservice,productcatalogservice,0,0,0,0,0,0,0
2026-10-04T14:06:51Z,checkoutservice,recommendationservice,0,0,0,0,0,0,0
2026-10-04T14:06:51Z,checkoutservice,redis-cart,0,0,0,0,0,0,0
2026-10-04T14:06:51Z,checkoutservice,shippingservice,45786,43682,0,154,0,461923,42873
2026-10-04T14:06:51Z,currencyservice,adservice,0,0,0,0,0,0,0
2026-10-04T14:06:51Z,currencyservice,cartservice,0,0,0,0,0,0,0
2026-10-04T14:06:51Z,currencyservice,checkoutservice,0,0,0,0,0,0,0
2026-10-04T14:06:51Z,currencyservice,currencyservice,0,0,0,0,0,0,0
2026-10-04T14:06:51Z,currencyservice,emailservice,0,0,0,0,0,0,0
2026-10-04T14:06:51Z,currencyservice,frontend,0,0,0,0,0,0,0
2026-10-04T14:06:51Z,currencyservice,kubernetes,0,0,0,0,0,0,0
2026-10-04T14:06:51Z,currencyservice,paymentservice,0,0,0,0,0,0,0
2026-10-04T14:06:51Z,currencyservice,productcatalogservice,0,0,0,0,0,0,0
2026-10-04T14:06:51Z,currencyservice,recommendationservice,0,0,0,0,0,0,0
2026-10-04T14:06:51Z,currencyservice,redis-cart,0,0,0,0,0,0,0
2026-10-04T14:06:51Z,currencyservice,shippingservice,0,0,0,0,0,0,0
2026-10-04T14:06:51Z,emailservice,adservice,0,0,0,0,0,0,0
2026-10-04T14:06:51Z,emailservice,cartservice,0,0,0,0,0,0,0
2026-10-04T14:06:51Z,emailservice,checkoutservice,0,0,0,0,0,0,0
2026-10-04T14:06:51Z,emailservice,currencyservice,0,0,0,0,0,0,0
2026-10-04T14:06:51Z,emailservice,emailservice,0,0,0,0,0,0,0
2026-10-04T14:06:51Z,emailservice,frontend,0,0,0,0,0,0,0
2026-10-04T14:06:51Z,emailservice,kubernetes,0,0,0,0,0,0,0
2026-10-04T14:06:51Z,emailservice,paymentservice,0,0,0,0,0,0,0
2026-10-04T14:06:51Z,emailservice,productcatalogservice,0,0,0,0,0,0,0
2026-10-04T14:06:51Z,emailservice,recommendationservice,0,0,0,0,0,0,0
2026-10-04T14:06:51Z,emailservice,redis-cart,0,0,0,0,0,0,0
2026-10-04T14:06:51Z,emailservice,shippingservice,0,0,0,0,0,0,0
2026-10-04T14:06:51Z,frontend,adservice,824825,824823,0,0,0,2489367,824532
2026-10-04T14:06:51Z,frontend,cartservice,1819067,1819051,0,0,4,10149624,1817926
2026-10-04T14:06:51Z,frontend,checkoutservice,390626,180668,0,40061,169935,61528042,180502
2026-10-04T14:06:51Z,frontend,currencyservice,2892797,2892786,0,0,0,15403065,2891033
2026-10-04T14:06:51Z,frontend,emailservice,0,0,0,0,0,0,0
2026-10-04T14:06:51Z,frontend,frontend,0,0,0,0,0,0,0
2026-10-04T14:06:51Z,frontend,kubernetes,0,0,0,0,0,0,0
2026-10-04T14:06:51Z,frontend,paymentservice,0,0,0,0,0,0,0
2026-10-04T14:06:51Z,frontend,productcatalogservice,8157710,8157644,0,0,0,55920495,8154011
2026-10-04T14:06:51Z,frontend,recommendationservice,2608683,1607690,0,104230,894198,781418021,1606762
2026-10-04T14:06:51Z,frontend,redis-cart,0,0,0,0,0,0,0
2026-10-04T14:06:51Z,frontend,shippingservice,302480,302478,0,0,0,921838,302333
2026-10-04T14:06:51Z,paymentservice,adservice,0,0,0,0,0,0,0
2026-10-04T14:06:51Z,paymentservice,cartservice,0,0,0,0,0,0,0
2026-10-04T14:06:51Z,paymentservice,checkoutservice,0,0,0,0,0,0,0
2026-10-04T14:06:51Z,paymentservice,currencyservice,0,0,0,0,0,0,0
2026-10-04T14:06:51Z,paymentservice,emailservice,0,0,0,0,0,0,0
2026-10-04T14:06:51Z,paymentservice,frontend,0,0,0,0,0,0,0
2026-10-04T14:06:51Z,paymentservice,kubernetes,0,0,0,0,0,0,0
2026-10-04T14:06:51Z,paymentservice,paymentservice,0,0,0,0,0,0,0
2026-10-04T14:06:51Z,paymentservice,productcatalogservice,0,0,0,0,0,0,0
2026-10-04T14:06:51Z,paymentservice,recommendationservice,0,0,0,0,0,0,0
2026-10-04T14:06:51Z,paymentservice,redis-cart,0,0,0,0,0,0,0
2026-10-04T14:06:51Z,paymentservice,shippingservice,0,0,0,0,0,0,0
2026-10-04T14:06:51Z,productcatalogservice,adservice,0,0,0,0,0,0,0
2026-10-04T14:06:51Z,productcatalogservice,cartservice,0,0,0,0,0,0,0
2026-10-04T14:06:51Z,productcatalogservice,checkoutservice,0,0,0,0,0,0,0
2026-10-04T14:06:51Z,productcatalogservice,currencyservice,0,0,0,0,0,0,0
2026-10-04T14:06:51Z,productcatalogservice,emailservice,0,0,0,0,0,0,0
2026-10-04T14:06:51Z,productcatalogservice,frontend,0,0,0,0,0,0,0
2026-10-04T14:06:51Z,productcatalogservice,kubernetes,0,0,0,0,0,0,0
2026-10-04T14:06:51Z,productcatalogservice,paymentservice,0,0,0,0,0,0,0
2026-10-04T14:06:51Z,productcatalogservice,productcatalogservice,0,0,0,0,0,0,0
2026-10-04T14:06:51Z,productcatalogservice,recommendationservice,0,0,0,0,0,0,0
2026-10-04T14:06:51Z,productcatalogservice,redis-cart,0,0,0,0,0,0,0
2026-10-04T14:06:51Z,productcatalogservice,shippingservice,0,0,0,0,0,0,0
2026-10-04T14:06:51Z,recommendationservice,adservice,0,0,0,0,0,0,0
2026-10-04T14:06:51Z,recommendationservice,cartservice,0,0,0,0,0,0,0
2026-10-04T14:06:51Z,recommendationservice,checkoutservice,0,0,0,0,0,0,0
2026-10-04T14:06:51Z,recommendationservice,currencyservice,0,0,0,0,0,0,0
2026-10-04T14:06:51Z,recommendationservice,emailservice,0,0,0,0,0,0,0
2026-10-04T14:06:51Z,recommendationservice,frontend,0,0,0,0,0,0,0
2026-10-04T14:06:51Z,recommendationservice,kubernetes,0,0,0,0,0,0,0
2026-10-04T14:06:51Z,recommendationservice,paymentservice,0,0,0,0,0,0,0
2026-10-04T14:06:51Z,recommendationservice,productcatalogservice,83372,83371,0,0,0,689060,82775
2026-10-04T14:06:51Z,recommendationservice,recommendationservice,0,0,0,0,0,0,0
2026-10-04T14:06:51Z,recommendationservice,redis-cart,0,0,0,0,0,0,0
2026-10-04T14:06:51Z,recommendationservice,shippingservice,0,0,0,0,0,0,0
2026-10-04T14:06:51Z,redis-cart,adservice,0,0,0,0,0,0,0
2026-10-04T14:06:51Z,redis-cart,cartservice,0,0,0,0,0,0,0
2026-10-04T14:06:51Z,redis-cart,checkoutservice,0,0,0,0,0,0,0
2026-10-04T14:06:51Z,redis-cart,currencyservice,0,0,0,0,0,0,0
2026-10-04T14:06:51Z,redis-cart,emailservice,0,0,0,0,0,0,0
2026-10-04T14:06:51Z,redis-cart,frontend,0,0,0,0,0,0,0
2026-10-04T14:06:51Z,redis-cart,kubernetes,0,0,0,0,0,0,0
2026-10-04T14:06:51Z,redis-cart,paymentservice,0,0,0,0,0,0,0
2026-10-04T14:06:51Z,redis-cart,productcatalogservice,0,0,0,0,0,0,0
2026-10-04T14:06:51Z,redis-cart,recommendationservice,0,0,0,0,0,0,0
2026-10-04T14:06:51Z,redis-cart,redis-cart,0,0,0,0,0,0,0
2026-10-04T14:06:51Z,redis-cart,shippingservice,0,0,0,0,0,0,0
2026-10-04T14:06:51Z,shippingservice,adservice,0,0,0,0,0,0,0
2026-10-04T14:06:51Z,shippingservice,cartservice,0,0,0,0,0,0,0
2026-10-04T14:06:51Z,shippingservice,checkoutservice,0,0,0,0,0,0,0
2026-10-04T14:06:51Z,shippingservice,currencyservice,0,0,0,0,0,0,0
2026-10-04T14:06:51Z,shippingservice,emailservice,0,0,0,0,0,0,0
2026-10-04T14:06:51Z,shippingservice,frontend,0,0,0,0,0,0,0
2026-10-04T14:06:51Z,shippingservice,kubernetes,0,0,0,0,0,0,0
2026-10-04T14:06:51Z,shippingservice,paymentservice,0,0,0,0,0,0,0
2026-10-04T14:06:51Z,shippingservice,productcatalogservice,0,0,0,0,0,0,0
2026-10-04T14:06:51Z,shippingservice,recommendationservice,0,0,0,0,0,0,0
2026-10-04T14:06:51Z,shippingservice,redis-cart,0,0,0,0,0,0,0
2026-10-04T14:06:51Z,shippingservice,shippingservice,0,0,0,0,0,0,0
2026-10-04T14:06:52Z,adservice,adservice,0,0,0,0,0,0,0
2026-10-04T14:06:52Z,adservice,cartservice,0,0,0,0,0,0,0
2026-10-04T14:06:52Z,adservice,checkoutservice,0,0,0,0,0,0,0
2026-10-04T14:06:52Z,adservice,currencyservice,0,0,0,0,0,0,0
2026-10-04T14:06:52Z,adservice,emailservice,0,0,0,0,0,0,0
2026-10-04T14:06:52Z,adservice,frontend,0,0,0,0,0,0,0
2026-10-04T14:06:52Z,adservice,kubernetes,0,0,0,0,0,0,0
2026-10-04T14:06:52Z,adservice,paymentservice,0,0,0,0,0,0,0
2026-10-04T14:06:52Z,adservice,productcatalogservice,0,0,0,0,0,0,0
2026-10-04T14:06:52Z,adservice,recommendationservice,0,0,0,0,0,0,0
2026-10-04T14:06:52Z,adservice,redis-cart,0,0,0,0,0,0,0
2026-10-04T14:06:52Z,adservice,shippingservice,0,0,0,0,0,0,0
2026-10-04T14:06:52Z,cartservice,adservice,0,0,0,0,0,0,0
2026-10-04T14:06:52Z,cartservice,cartservice,0,0,0,0,0,0,0
2026-10-04T14:06:52Z,cartservice,checkoutservice,0,0,0,0,0,0,0
2026-10-04T14:06:52Z,cartservice,currencyservice,0,0,0,0,0,0,0
2026-10-04T14:06:52Z,cartservice,emailservice,0,0,0,0,0,0,0
2026-10-04T14:06:52Z,cartservice,frontend,0,0,0,0,0,0,0
2026-10-04T14:06:52Z,cartservice,kubernetes,0,0,0,0,0,0,0
2026-10-04T14:06:52Z,cartservice,paymentservice,0,0,0,0,0,0,0
2026-10-04T14:06:52Z,cartservice,productcatalogservice,0,0,0,0,0,0,0
2026-10-04T14:06:52Z,cartservice,recommendationservice,0,0,0,0,0,0,0
2026-10-04T14:06:52Z,cartservice,redis-cart,2,0,0,0,0,0,0
2026-10-04T14:06:52Z,cartservice,shippingservice,0,0,0,0,0,0,0
2026-10-04T14:06:52Z,checkoutservice,adservice,0,0,0,0,0,0,0
2026-10-04T14:06:52Z,checkoutservice,cartservice,40565,39634,0,100,0,606562,39602
2026-10-04T14:06:52Z,checkoutservice,checkoutservice,0,0,0,0,0,0,0
2026-10-04T14:06:52Z,checkoutservice,currencyservice,31678,31678,0,0,0,524881,31663
2026-10-04T14:06:52Z,checkoutservice,emailservice,2921,2636,0,66,0,141375,2620
2026-10-04T14:06:52Z,checkoutservice,frontend,0,0,0,0,0,0,0
2026-10-04T14:06:52Z,checkoutservice,kubernetes,0,0,0,0,0,0,0
2026-10-04T14:06:52Z,checkoutservice,paymentservice,24948,23100,0,192,0,395721,22937
2026-10-04T14:06:52Z,checkoutservice,productcatalogservice,0,0,0,0,0,0,0
2026-10-04T14:06:52Z,checkoutservice,recommendationservice,0,0,0,0,0,0,0
2026-10-04T14:06:52Z,checkoutservice,redis-cart,0,0,0,0,0,0,0
2026-10-04T14:06:52Z,checkoutservice,shippingservice,45876,43773,0,154,0,468318,43741
2026-10-04T14:06:52Z,currencyservice,adservice,0,0,0,0,0,0,0
2026-10-04T14:06:52Z,currencyservice,cartservice,0,0,0,0,0,0,0
2026-10-04T14:06:52Z,currencyservice,checkoutservice,0,0,0,0,0,0,0
2026-10-04T14:06:52Z,currencyservice,currencyservice,0,0,0,0,0,0,0
2026-10-04T14:06:52Z,currencyservice,emailservice,0,0,0,0,0,0,0
2026-10-04T14:06:52Z,currencyservice,frontend,0,0,0,0,0,0,0
2026-10-04T14:06:52Z,currencyservice,kubernetes,0,0,0,0,0,0,0
2026-10-04T14:06:52Z,currencyservice,paymentservice,0,0,0,0,0,0,0
2026-10-04T14:06:52Z,currencyservice,productcatalogservice,0,0,0,0,0,0,0
2026-10-04T14:06:52Z,currencyservice,recommendationservice,0,0,0,0,0,0,0
2026-10-04T14:06:52Z,currencyservice,redis-cart,0,0,0,0,0,0,0
2026-10-04T14:06:52Z,currencyservice,shippingservice,0,0,0,0,0,0,0
2026-10-04T14:06:52Z,emailservice,adservice,0,0,0,0,0,0,0
2026-10-04T14:06:52Z,emailservice,cartservice,0,0,0,0,0,0,0
2026-10-04T14:06:52Z,emailservice,checkoutservice,0,0,0,0,0,0,0
2026-10-04T14:06:52Z,emailservice,currencyservice,0,0,0,0,0,0,0
2026-10-04T14:06:52Z,emailservice,emailservice,0,0,0,0,0,0,0
2026-10-04T14:06:52Z,emailservice,frontend,0,0,0,0,0,0,0
2026-10-04T14:06:52Z,emailservice,kubernetes,0,0,0,0,0,0,0
2026-10-04T14:06:52Z,emailservice,paymentservice,0,0,0,0,0,0,0
2026-10-04T14:06:52Z,emailservice,productcatalogservice,0,0,0,0,0,0,0
2026-10-04T14:06:52Z,emailservice,recommendationservice,0,0,0,0,0,0,0
2026-10-04T14:06:52Z,emailservice,redis-cart,0,0,0,0,0,0,0
2026-10-04T14:06:52Z,emailservice,shippingservice,0,0,0,0,0,0,0
2026-10-04T14:06:52Z,frontend,adservice,824907,824905,0,0,0,2489367,824532
2026-10-04T14:06:52Z,frontend,cartservice,1819394,1819380,0,0,4,10149624,1817926
2026-10-04T14:06:52Z,frontend,checkoutservice,390666,180706,0,40061,169935,61528042,180502
2026-10-04T14:06:52Z,frontend,currencyservice,2893293,2893284,0,0,0,15403065,2891033
2026-10-04T14:06:52Z,frontend,emailservice,0,0,0,0,0,0,0
2026-10-04T14:06:52Z,frontend,frontend,0,0,0,0,0,0,0
2026-10-04T14:06:52Z,frontend,kubernetes,0,0,0,0,0,0,0
2026-10-04T14:06:52Z,frontend,paymentservice,0,0,0,0,0,0,0
2026-10-04T14:06:52Z,frontend,productcatalogservice,8158681,8158620,0,0,0,55920495,8154011
2026-10-04T14:06:52Z,frontend,recommendationservice,2609448,1607978,0,104261,894651,781418021,1606762
2026-10-04T14:06:52Z,frontend,redis-cart,0,0,0,0,0,0,0
2026-10-04T14:06:52Z,frontend,shippingservice,302501,302499,0,0,0,921838,302333
2026-10-04T14:06:52Z,paymentservice,adservice,0,0,0,0,0,0,0
2026-10-04T14:06:52Z,paymentservice,cartservice,0,0,0,0,0,0,0
2026-10-04T14:06:52Z,paymentservice,checkoutservice,0,0,0,0,0,0,0
2026-10-04T14:06:52Z,paymentservice,currencyservice,0,0,0,0,0,0,0
2026-10-04T14:06:52Z,paymentservice,emailservice,0,0,0,0,0,0,0
2026-10-04T14:06:52Z,paymentservice,frontend,0,0,0,0,0,0,0
2026-10-04T14:06:52Z,paymentservice,kubernetes,0,0,0,0,0,0,0
2026-10-04T14:06:52Z,paymentservice,paymentservice,0,0,0,0,0,0,0
2026-10-04T14:06:52Z,paymentservice,productcatalogservice,0,0,0,0,0,0,0
2026-10-04T14:06:52Z,paymentservice,recommendationservice,0,0,0,0,0,0,0
2026-10-04T14:06:52Z,paymentservice,redis-cart,0,0,0,0,0,0,0
2026-10-04T14:06:52Z,paymentservice,shippingservice,0,0,0,0,0,0,0
2026-10-04T14:06:52Z,productcatalogservice,adservice,0,0,0,0,0,0,0
2026-10-04T14:06:52Z,productcatalogservice,cartservice,0,0,0,0,0,0,0
2026-10-04T14:06:52Z,productcatalogservice,checkoutservice,0,0,0,0,0,0,0
2026-10-04T14:06:52Z,productcatalogservice,currencyservice,0,0,0,0,0,0,0
2026-10-04T14:06:52Z,productcatalogservice,emailservice,0,0,0,0,0,0,0
2026-10-04T14:06:52Z,productcatalogservice,frontend,0,0,0,0,0,0,0
2026-10-04T14:06:52Z,productcatalogservice,kubernetes,0,0,0,0,0,0,0
2026-10-04T14:06:52Z,productcatalogservice,paymentservice,0,0,0,0,0,0,0
2026-10-04T14:06:52Z,productcatalogservice,productcatalogservice,0,0,0,0,0,0,0
2026-10-04T14:06:52Z,productcatalogservice,recommendationservice,0,0,0,0,0,0,0
2026-10-04T14:06:52Z,productcatalogservice,redis-cart,0,0,0,0,0,0,0
2026-10-04T14:06:52Z,productcatalogservice,shippingservice,0,0,0,0,0,0,0
2026-10-04T14:06:52Z,recommendationservice,adservice,0,0,0,0,0,0,0
2026-10-04T14:06:52Z,recommendationservice,cartservice,0,0,0,0,0,0,0
2026-10-04T14:06:52Z,recommendationservice,checkoutservice,0,0,0,0,0,0,0
2026-10-04T14:06:52Z,recommendationservice,currencyservice,0,0,0,0,0,0,0
2026-10-04T14:06:52Z,recommendationservice,emailservice,0,0,0,0,0,0,0
2026-10-04T14:06:52Z,recommendationservice,frontend,0,0,0,0,0,0,0
2026-10-04T14:06:52Z,recommendationservice,kubernetes,0,0,0,0,0,0,0
2026-10-04T14:06:52Z,recommendationservice,paymentservice,0,0,0,0,0,0,0
2026-10-04T14:06:52Z,recommendationservice,productcatalogservice,83791,83790,0,0,0,689060,82775
2026-10-04T14:06:52Z,recommendationservice,recommendationservice,0,0,0,0,0,0,0
2026-10-04T14:06:52Z,recommendationservice,redis-cart,0,0,0,0,0,0,0
2026-10-04T14:06:52Z,recommendationservice,shippingservice,0,0,0,0,0,0,0
2026-10-04T14:06:52Z,redis-cart,adservice,0,0,0,0,0,0,0
2026-10-04T14:06:52Z,redis-cart,cartservice,0,0,0,0,0,0,0
2026-10-04T14:06:52Z,redis-cart,checkoutservice,0,0,0,0,0,0,0
2026-10-04T14:06:52Z,redis-cart,currencyservice,0,0,0,0,0,0,0
2026-10-04T14:06:52Z,redis-cart,emailservice,0,0,0,0,0,0,0
2026-10-04T14:06:52Z,redis-cart,frontend,0,0,0,0,0,0,0
2026-10-04T14:06:52Z,redis-cart,kubernetes,0,0,0,0,0,0,0
2026-10-04T14:06:52Z,redis-cart,paymentservice,0,0,0,0,0,0,0
2026-10-04T14:06:52Z,redis-cart,productcatalogservice,0,0,0,0,0,0,0
2026-10-04T14:06:52Z,redis-cart,recommendationservice,0,0,0,0,0,0,0
2026-10-04T14:06:52Z,redis-cart,redis-cart,0,0,0,0,0,0,0
2026-10-04T14:06:52Z,redis-cart,shippingservice,0,0,0,0,0,0,0
2026-10-04T14:06:52Z,shippingservice,adservice,0,0,0,0,0,0,0
2026-10-04T14:06:52Z,shippingservice,cartservice,0,0,0,0,0,0,0
2026-10-04T14:06:52Z,shippingservice,checkoutservice,0,0,0,0,0,0,0
2026-10-04T14:06:52Z,shippingservice,currencyservice,0,0,0,0,0,0,0
2026-10-04T14:06:52Z,shippingservice,emailservice,0,0,0,0,0,0,0
2026-10-04T14:06:52Z,shippingservice,frontend,0,0,0,0,0,0,0
2026-10-04T14:06:52Z,shippingservice,kubernetes,0,0,0,0,0,0,0
2026-10-04T14:06:52Z,shippingservice,paymentservice,0,0,0,0,0,0,0
2026-10-04T14:06:52Z,shippingservice,productcatalogservice,0,0,0,0,0,0,0
2026-10-04T14:06:52Z,shippingservice,recommendationservice,0,0,0,0,0,0,0
2026-10-04T14:06:52Z,shippingservice,redis-cart,0,0,0,0,0,0,0
2026-10-04T14:06:52Z,shippingservice,shippingservice,0,0,0,0,0,0,0
2026-10-04T14:06:53Z,adservice,adservice,0,0,0,0,0,0,0
2026-10-04T14:06:53Z,adservice,cartservice,0,0,0,0,0,0,0
2026-10-04T14:06:53Z,adservice,checkoutservice,0,0,0,0,0,0,0
2026-10-04T14:06:53Z,adservice,currencyservice,0,0,0,0,0,0,0
2026-10-04T14:06:53Z,adservice,emailservice,0,0,0,0,0,0,0
2026-10-04T14:06:53Z,adservice,frontend,0,0,0,0,0,0,0
2026-10-04T14:06:53Z,adservice,kubernetes,0,0,0,0,0,0,0
2026-10-04T14:06:53Z,adservice,paymentservice,0,0,0,0,0,0,0
2026-10-04T14:06:53Z,adservice,productcatalogservice,0,0,0,0,0,0,0
2026-10-04T14:06:53Z,adservice,recommendationservice,0,0,0,0,0,0,0
2026-10-04T14:06:53Z,adservice,redis-cart,0,0,0,0,0,0,0
2026-10-04T14:06:53Z,adservice,shippingservice,0,0,0,0,0,0,0
2026-10-04T14:06:53Z,cartservice,adservice,0,0,0,0,0,0,0
2026-10-04T14:06:53Z,cartservice,cartservice,0,0,0,0,0,0,0
2026-10-04T14:06:53Z,cartservice,checkoutservice,0,0,0,0,0,0,0
2026-10-04T14:06:53Z,cartservice,currencyservice,0,0,0,0,0,0,0
2026-10-04T14:06:53Z,cartservice,emailservice,0,0,0,0,0,0,0
2026-10-04T14:06:53Z,cartservice,frontend,0,0,0,0,0,0,0
2026-10-04T14:06:53Z,cartservice,kubernetes,0,0,0,0,0,0,0
2026-10-04T14:06:53Z,cartservice,paymentservice,0,0,0,0,0,0,0
2026-10-04T14:06:53Z,cartservice,productcatalogservice,0,0,0,0,0,0,0
2026-10-04T14:06:53Z,cartservice,recommendationservice,0,0,0,0,0,0,0
2026-10-04T14:06:53Z,cartservice,redis-cart,2,0,0,0,0,0,0
2026-10-04T14:06:53Z,cartservice,shippingservice,0,0,0,0,0,0,0
2026-10-04T14:06:53Z,checkoutservice,adservice,0,0,0,0,0,0,0
2026-10-04T14:06:53Z,checkoutservice,cartservice,40652,39721,0,100,0,606562,39602
2026-10-04T14:06:53Z,checkoutservice,checkoutservice,0,0,0,0,0,0,0
2026-10-04T14:06:53Z,checkoutservice,currencyservice,31722,31722,0,0,0,524881,31663
2026-10-04T14:06:53Z,checkoutservice,emailservice,2964,2679,0,66,0,141375,2620
2026-10-04T14:06:53Z,checkoutservice,frontend,0,0,0,0,0,0,0
2026-10-04T14:06:53Z,checkoutservice,kubernetes,0,0,0,0,0,0,0
2026-10-04T14:06:53Z,checkoutservice,paymentservice,24991,23143,0,192,0,395721,22937
2026-10-04T14:06:53Z,checkoutservice,productcatalogservice,0,0,0,0,0,0,0
2026-10-04T14:06:53Z,checkoutservice,recommendationservice,0,0,0,0,0,0,0
2026-10-04T14:06:53Z,checkoutservice,redis-cart,0,0,0,0,0,0,0
2026-10-04T14:06:53Z,checkoutservice,shippingservice,45963,43860,0,154,0,468318,43741
2026-10-04T14:06:53Z,currencyservice,adservice,0,0,0,0,0,0,0
2026-10-04T14:06:53Z,currencyservice,cartservice,0,0,0,0,0,0,0
2026-10-04T14:06:53Z,currencyservice,checkoutservice,0,0,0,0,0,0,0
2026-10-04T14:06:53Z,currencyservice,currencyservice,0,0,0,0,0,0,0
2026-10-04T14:06:53Z,currencyservice,emailservice,0,0,0,0,0,0,0
2026-10-04T14:06:53Z,currencyservice,frontend,0,0,0,0,0,0,0
2026-10-04T14:06:53Z,currencyservice,kubernetes,0,0,0,0,0,0,0
2026-10-04T14:06:53Z,currencyservice,paymentservice,0,0,0,0,0,0,0
2026-10-04T14:06:53Z,currencyservice,productcatalogservice,0,0,0,0,0,0,0
2026-10-04T14:06:53Z,currencyservice,recommendationservice,0,0,0,0,0,0,0
2026-10-04T14:06:53Z,currencyservice,redis-cart,0,0,0,0,0,0,0
2026-10-04T14:06:53Z,currencyservice,shippingservice,0,0,0,0,0,0,0
2026-10-04T14:06:53Z,emailservice,adservice,0,0,0,0,0,0,0
2026-10-04T14:06:53Z,emailservice,cartservice,0,0,0,0,0,0,0
2026-10-04T14:06:53Z,emailservice,checkoutservice,0,0,0,0,0,0,0
2026-10-04T14:06:53Z,emailservice,currencyservice,0,0,0,0,0,0,0
2026-10-04T14:06:53Z,emailservice,emailservice,0,0,0,0,0,0,0
2026-10-04T14:06:53Z,emailservice,frontend,0,0,0,0,0,0,0
2026-10-04T14:06:53Z,emailservice,kubernetes,0,0,0,0,0,0,0
2026-10-04T14:06:53Z,emailservice,paymentservice,0,0,0,0,0,0,0
2026-10-04T14:06:53Z,emailservice,productcatalogservice,0,0,0,0,0,0,0
2026-10-04T14:06:53Z,emailservice,recommendationservice,0,0,0,0,0,0,0
2026-10-04T14:06:53Z,emailservice,redis-cart,0,0,0,0,0,0,0
2026-10-04T14:06:53Z,emailservice,shippingservice,0,0,0,0,0,0,0
2026-10-04T14:06:53Z,frontend,adservice,825072,825068,0,0,0,2490114,824814
2026-10-04T14:06:53Z,frontend,cartservice,1819777,1819764,0,0,4,10154286,1818908
2026-10-04T14:06:53Z,frontend,checkoutservice,390726,180756,0,40061,169937,61584270,180619
2026-10-04T14:06:53Z,frontend,currencyservice,2893877,2893869,0,0,0,15409120,2892548
2026-10-04T14:06:53Z,frontend,emailservice,0,0,0,0,0,0,0
2026-10-04T14:06:53Z,frontend,frontend,0,0,0,0,0,0,0
2026-10-04T14:06:53Z,frontend,kubernetes,0,0,0,0,0,0,0
2026-10-04T14:06:53Z,frontend,paymentservice,0,0,0,0,0,0,0
2026-10-04T14:06:53Z,frontend,productcatalogservice,8160237,8160162,0,0,0,55938263,8157282
2026-10-04T14:06:53Z,frontend,recommendationservice,2610204,1608327,0,104329,895013,782121731,1607611
2026-10-04T14:06:53Z,frontend,redis-cart,0,0,0,0,0,0,0
2026-10-04T14:06:53Z,frontend,shippingservice,302521,302519,0,0,0,922103,302450
2026-10-04T14:06:53Z,paymentservice,adservice,0,0,0,0,0,0,0
2026-10-04T14:06:53Z,paymentservice,cartservice,0,0,0,0,0,0,0
2026-10-04T14:06:53Z,paymentservice,checkoutservice,0,0,0,0,0,0,0
2026-10-04T14:06:53Z,paymentservice,currencyservice,0,0,0,0,0,0,0
2026-10-04T14:06:53Z,paymentservice,emailservice,0,0,0,0,0,0,0
2026-10-04T14:06:53Z,paymentservice,frontend,0,0,0,0,0,0,0
2026-10-04T14:06:53Z,paymentservice,kubernetes,0,0,0,0,0,0,0
2026-10-04T14:06:53Z,paymentservice,paymentservice,0,0,0,0,0,0,0
2026-10-04T14:06:53Z,paymentservice,productcatalogservice,0,0,0,0,0,0,0
2026-10-04T14:06:53Z,paymentservice,recommendationservice,0,0,0,0,0,0,0
2026-10-04T14:06:53Z,paymentservice,redis-cart,0,0,0,0,0,0,0
2026-10-04T14:06:53Z,paymentservice,shippingservice,0,0,0,0,0,0,0
2026-10-04T14:06:53Z,productcatalogservice,adservice,0,0,0,0,0,0,0
2026-10-04T14:06:53Z,productcatalogservice,cartservice,0,0,0,0,0,0,0
2026-10-04T14:06:53Z,productcatalogservice,checkoutservice,0,0,0,0,0,0,0
2026-10-04T14:06:53Z,productcatalogservice,currencyservice,0,0,0,0,0,0,0
2026-10-04T14:06:53Z,productcatalogservice,emailservice,0,0,0,0,0,0,0
2026-10-04T14:06:53Z,productcatalogservice,frontend,0,0,0,0,0,0,0
2026-10-04T14:06:53Z,productcatalogservice,kubernetes,0,0,0,0,0,0,0
2026-10-04T14:06:53Z,productcatalogservice,paymentservice,0,0,0,0,0,0,0
2026-10-04T14:06:53Z,productcatalogservice,productcatalogservice,0,0,0,0,0,0,0
2026-10-04T14:06:53Z,productcatalogservice,recommendationservice,0,0,0,0,0,0,0
2026-10-04T14:06:53Z,productcatalogservice,redis-cart,0,0,0,0,0,0,0
2026-10-04T14:06:53Z,productcatalogservice,shippingservice,0,0,0,0,0,0,0
2026-10-04T14:06:53Z,recommendationservice,adservice,0,0,0,0,0,0,0
2026-10-04T14:06:53Z,recommendationservice,cartservice,0,0,0,0,0,0,0
2026-10-04T14:06:53Z,recommendationservice,checkoutservice,0,0,0,0,0,0,0
2026-10-04T14:06:53Z,recommendationservice,currencyservice,0,0,0,0,0,0,0
2026-10-04T14:06:53Z,recommendationservice,emailservice,0,0,0,0,0,0,0
2026-10-04T14:06:53Z,recommendationservice,frontend,0,0,0,0,0,0,0
2026-10-04T14:06:53Z,recommendationservice,kubernetes,0,0,0,0,0,0,0
2026-10-04T14:06:53Z,recommendationservice,paymentservice,0,0,0,0,0,0,0
2026-10-04T14:06:53Z,recommendationservice,productcatalogservice,84202,84202,0,0,0,689060,82775
2026-10-04T14:06:53Z,recommendationservice,recommendationservice,0,0,0,0,0,0,0
2026-10-04T14:06:53Z,recommendationservice,redis-cart,0,0,0,0,0,0,0
2026-10-04T14:06:53Z,recommendationservice,shippingservice,0,0,0,0,0,0,0
2026-10-04T14:06:53Z,redis-cart,adservice,0,0,0,0,0,0,0
2026-10-04T14:06:53Z,redis-cart,cartservice,0,0,0,0,0,0,0
2026-10-04T14:06:53Z,redis-cart,checkoutservice,0,0,0,0,0,0,0
2026-10-04T14:06:53Z,redis-cart,currencyservice,0,0,0,0,0,0,0
2026-10-04T14:06:53Z,redis-cart,emailservice,0,0,0,0,0,0,0
2026-10-04T14:06:53Z,redis-cart,frontend,0,0,0,0,0,0,0
2026-10-04T14:06:53Z,redis-cart,kubernetes,0,0,0,0,0,0,0
2026-10-04T14:06:53Z,redis-cart,paymentservice,0,0,0,0,0,0,0
2026-10-04T14:06:53Z,redis-cart,productcatalogservice,0,0,0,0,0,0,0
2026-10-04T14:06:53Z,redis-cart,recommendationservice,0,0,0,0,0,0,0
2026-10-04T14:06:53Z,redis-cart,redis-cart,0,0,0,0,0,0,0
2026-10-04T14:06:53Z,redis-cart,shippingservice,0,0,0,0,0,0,0
2026-10-04T14:06:53Z,shippingservice,adservice,0,0,0,0,0,0,0
2026-10-04T14:06:53Z,shippingservice,cartservice,0,0,0,0,0,0,0
2026-10-04T14:06:53Z,shippingservice,checkoutservice,0,0,0,0,0,0,0
2026-10-04T14:06:53Z,shippingservice,currencyservice,0,0,0,0,0,0,0
2026-10-04T14:06:53Z,shippingservice,emailservice,0,0,0,0,0,0,0
2026-10-04T14:06:53Z,shippingservice,frontend,0,0,0,0,0,0,0
2026-10-04T14:06:53Z,shippingservice,kubernetes,0,0,0,0,0,0,0
2026-10-04T14:06:53Z,shippingservice,paymentservice,0,0,0,0,0,0,0
2026-10-04T14:06:53Z,shippingservice,productcatalogservice,0,0,0,0,0,0,0
2026-10-04T14:06:53Z,shippingservice,recommendationservice,0,0,0,0,0,0,0
2026-10-04T14:06:53Z,shippingservice,redis-cart,0,0,0,0,0,0,0
2026-10-04T14:06:53Z,shippingservice,shippingservice,0,0,0,0,0,0,0
2026-10-04T14:06:54Z,adservice,adservice,0,0,0,0,0,0,0
2026-10-04T14:06:54Z,adservice,cartservice,0,0,0,0,0,0,0
2026-10-04T14:06:54Z,adservice,checkoutservice,0,0,0,0,0,0,0
2026-10-04T14:06:54Z,adservice,currencyservice,0,0,0,0,0,0,0
2026-10-04T14:06:54Z,adservice,emailservice,0,0,0,0,0,0,0
2026-10-04T14:06:54Z,adservice,frontend,0,0,0,0,0,0,0
2026-10-04T14:06:54Z,adservice,kubernetes,0,0,0,0,0,0,0
2026-10-04T14:06:54Z,adservice,paymentservice,0,0,0,0,0,0,0
2026-10-04T14:06:54Z,adservice,productcatalogservice,0,0,0,0,0,0,0
2026-10-04T14:06:54Z,adservice,recommendationservice,0,0,0,0,0,0,0
2026-10-04T14:06:54Z,adservice,redis-cart,0,0,0,0,0,0,0
2026-10-04T14:06:54Z,adservice,shippingservice,0,0,0,0,0,0,0
2026-10-04T14:06:54Z,cartservice,adservice,0,0,0,0,0,0,0
2026-10-04T14:06:54Z,cartservice,cartservice,0,0,0,0,0,0,0
2026-10-04T14:06:54Z,cartservice,checkoutservice,0,0,0,0,0,0,0
2026-10-04T14:06:54Z,cartservice,currencyservice,0,0,0,0,0,0,0
2026-10-04T14:06:54Z,cartservice,emailservice,0,0,0,0,0,0,0
2026-10-04T14:06:54Z,cartservice,frontend,0,0,0,0,0,0,0
2026-10-04T14:06:54Z,cartservice,kubernetes,0,0,0,0,0,0,0
2026-10-04T14:06:54Z,cartservice,paymentservice,0,0,0,0,0,0,0
2026-10-04T14:06:54Z,cartservice,productcatalogservice,0,0,0,0,0,0,0
2026-10-04T14:06:54Z,cartservice,recommendationservice,0,0,0,0,0,0,0
2026-10-04T14:06:54Z,cartservice,redis-cart,2,0,0,0,0,0,0
2026-10-04T14:06:54Z,cartservice,shippingservice,0,0,0,0,0,0,0
2026-10-04T14:06:54Z,checkoutservice,adservice,0,0,0,0,0,0,0
2026-10-04T14:06:54Z,checkoutservice,cartservice,40759,39824,0,100,0,606562,39602
2026-10-04T14:06:54Z,checkoutservice,checkoutservice,0,0,0,0,0,0,0
2026-10-04T14:06:54Z,checkoutservice,currencyservice,31774,31774,0,0,0,524881,31663
2026-10-04T14:06:54Z,checkoutservice,emailservice,3013,2728,0,66,0,141375,2620
2026-10-04T14:06:54Z,checkoutservice,frontend,0,0,0,0,0,0,0
2026-10-04T14:06:54Z,checkoutservice,kubernetes,0,0,0,0,0,0,0
2026-10-04T14:06:54Z,checkoutservice,paymentservice,25043,23195,0,192,0,395721,22937
2026-10-04T14:06:54Z,checkoutservice,productcatalogservice,0,0,0,0,0,0,0
2026-10-04T14:06:54Z,checkoutservice,recommendationservice,0,0,0,0,0,0,0
2026-10-04T14:06:54Z,checkoutservice,redis-cart,0,0,0,0,0,0,0
2026-10-04T14:06:54Z,checkoutservice,shippingservice,46067,43964,0,154,0,468318,43741
2026-10-04T14:06:54Z,currencyservice,adservice,0,0,0,0,0,0,0
2026-10-04T14:06:54Z,currencyservice,cartservice,0,0,0,0,0,0,0
2026-10-04T14:06:54Z,currencyservice,checkoutservice,0,0,0,0,0,0,0
2026-10-04T14:06:54Z,currencyservice,currencyservice,0,0,0,0,0,0,0
2026-10-04T14:06:54Z,currencyservice,emailservice,0,0,0,0,0,0,0
2026-10-04T14:06:54Z,currencyservice,frontend,0,0,0,0,0,0,0
2026-10-04T14:06:54Z,currencyservice,kubernetes,0,0,0,0,0,0,0
2026-10-04T14:06:54Z,currencyservice,paymentservice,0,0,0,0,0,0,0
2026-10-04T14:06:54Z,currencyservice,productcatalogservice,0,0,0,0,0,0,0
2026-10-04T14:06:54Z,currencyservice,recommendationservice,0,0,0,0,0,0,0
2026-10-04T14:06:54Z,currencyservice,redis-cart,0,0,0,0,0,0,0
2026-10-04T14:06:54Z,currencyservice,shippingservice,0,0,0,0,0,0,0
2026-10-04T14:06:54Z,emailservice,adservice,0,0,0,0,0,0,0
2026-10-04T14:06:54Z,emailservice,cartservice,0,0,0,0,0,0,0
2026-10-04T14:06:54Z,emailservice,checkoutservice,0,0,0,0,0,0,0
2026-10-04T14:06:54Z,emailservice,currencyservice,0,0,0,0,0,0,0
2026-10-04T14:06:54Z,emailservice,emailservice,0,0,0,0,0,0,0
2026-10-04T14:06:54Z,emailservice,frontend,0,0,0,0,0,0,0
2026-10-04T14:06:54Z,emailservice,kubernetes,0,0,0,0,0,0,0
2026-10-04T14:06:54Z,emailservice,paymentservice,0,0,0,0,0,0,0
2026-10-04T14:06:54Z,emailservice,productcatalogservice,0,0,0,0,0,0,0
2026-10-04T14:06:54Z,emailservice,recommendationservice,0,0,0,0,0,0,0
2026-10-04T14:06:54Z,emailservice,redis-cart,0,0,0,0,0,0,0
2026-10-04T14:06:54Z,emailservice,shippingservice,0,0,0,0,0,0,0
2026-10-04T14:06:54Z,frontend,adservice,825224,825220,0,0,0,2490823,825090
2026-10-04T14:06:54Z,frontend,cartservice,1820185,1820172,0,0,4,10158345,1819797
2026-10-04T14:06:54Z,frontend,checkoutservice,390763,180803,0,40061,169937,61636982,180756
2026-10-04T14:06:54Z,frontend,currencyservice,2894503,2894495,0,0,0,15414014,2893919
2026-10-04T14:06:54Z,frontend,emailservice,0,0,0,0,0,0,0
2026-10-04T14:06:54Z,frontend,frontend,0,0,0,0,0,0,0
2026-10-04T14:06:54Z,frontend,kubernetes,0,0,0,0,0,0,0
2026-10-04T14:06:54Z,frontend,paymentservice,0,0,0,0,0,0,0
2026-10-04T14:06:54Z,frontend,productcatalogservice,8161639,8161568,0,0,0,55950463,8160288
2026-10-04T14:06:54Z,frontend,recommendationservice,2610935,1608668,0,104382,895342,782830306,1608353
2026-10-04T14:06:54Z,frontend,redis-cart,0,0,0,0,0,0,0
2026-10-04T14:06:54Z,frontend,shippingservice,302548,302546,0,0,0,922242,302520
2026-10-04T14:06:54Z,paymentservice,adservice,0,0,0,0,0,0,0
2026-10-04T14:06:54Z,paymentservice,cartservice,0,0,0,0,0,0,0
2026-10-04T14:06:54Z,paymentservice,checkoutservice,0,0,0,0,0,0,0
2026-10-04T14:06:54Z,paymentservice,currencyservice,0,0,0,0,0,0,0
2026-10-04T14:06:54Z,paymentservice,emailservice,0,0,0,0,0,0,0
2026-10-04T14:06:54Z,paymentservice,frontend,0,0,0,0,0,0,0
2026-10-04T14:06:54Z,paymentservice,kubernetes,0,0,0,0,0,0,0
2026-10-04T14:06:54Z,paymentservice,paymentservice,0,0,0,0,0,0,0
2026-10-04T14:06:54Z,paymentservice,productcatalogservice,0,0,0,0,0,0,0
2026-10-04T14:06:54Z,paymentservice,recommendationservice,0,0,0,0,0,0,0
2026-10-04T14:06:54Z,paymentservice,redis-cart,0,0,0,0,0,0,0
2026-10-04T14:06:54Z,paymentservice,shippingservice,0,0,0,0,0,0,0
2026-10-04T14:06:54Z,productcatalogservice,adservice,0,0,0,0,0,0,0
2026-10-04T14:06:54Z,productcatalogservice,cartservice,0,0,0,0,0,0,0
2026-10-04T14:06:54Z,productcatalogservice,checkoutservice,0,0,0,0,0,0,0
2026-10-04T14:06:54Z,productcatalogservice,currencyservice,0,0,0,0,0,0,0
2026-10-04T14:06:54Z,productcatalogservice,emailservice,0,0,0,0,0,0,0
2026-10-04T14:06:54Z,productcatalogservice,frontend,0,0,0,0,0,0,0
2026-10-04T14:06:54Z,productcatalogservice,kubernetes,0,0,0,0,0,0,0
2026-10-04T14:06:54Z,productcatalogservice,paymentservice,0,0,0,0,0,0,0
2026-10-04T14:06:54Z,productcatalogservice,productcatalogservice,0,0,0,0,0,0,0
2026-10-04T14:06:54Z,productcatalogservice,recommendationservice,0,0,0,0,0,0,0
2026-10-04T14:06:54Z,productcatalogservice,redis-cart,0,0,0,0,0,0,0
2026-10-04T14:06:54Z,productcatalogservice,shippingservice,0,0,0,0,0,0,0
2026-10-04T14:06:54Z,recommendationservice,adservice,0,0,0,0,0,0,0
2026-10-04T14:06:54Z,recommendationservice,cartservice,0,0,0,0,0,0,0
2026-10-04T14:06:54Z,recommendationservice,checkoutservice,0,0,0,0,0,0,0
2026-10-04T14:06:54Z,recommendationservice,currencyservice,0,0,0,0,0,0,0
2026-10-04T14:06:54Z,recommendationservice,emailservice,0,0,0,0,0,0,0
2026-10-04T14:06:54Z,recommendationservice,frontend,0,0,0,0,0,0,0
2026-10-04T14:06:54Z,recommendationservice,kubernetes,0,0,0,0,0,0,0
2026-10-04T14:06:54Z,recommendationservice,paymentservice,0,0,0,0,0,0,0
2026-10-04T14:06:54Z,recommendationservice,productcatalogservice,84608,84606,0,0,0,689060,82775
2026-10-04T14:06:54Z,recommendationservice,recommendationservice,0,0,0,0,0,0,0
2026-10-04T14:06:54Z,recommendationservice,redis-cart,0,0,0,0,0,0,0
2026-10-04T14:06:54Z,recommendationservice,shippingservice,0,0,0,0,0,0,0
2026-10-04T14:06:54Z,redis-cart,adservice,0,0,0,0,0,0,0
2026-10-04T14:06:54Z,redis-cart,cartservice,0,0,0,0,0,0,0
2026-10-04T14:06:54Z,redis-cart,checkoutservice,0,0,0,0,0,0,0
2026-10-04T14:06:54Z,redis-cart,currencyservice,0,0,0,0,0,0,0
2026-10-04T14:06:54Z,redis-cart,emailservice,0,0,0,0,0,0,0
2026-10-04T14:06:54Z,redis-cart,frontend,0,0,0,0,0,0,0
2026-10-04T14:06:54Z,redis-cart,kubernetes,0,0,0,0,0,0,0
2026-10-04T14:06:54Z,redis-cart,paymentservice,0,0,0,0,0,0,0
2026-10-04T14:06:54Z,redis-cart,productcatalogservice,0,0,0,0,0,0,0
2026-10-04T14:06:54Z,redis-cart,recommendationservice,0,0,0,0,0,0,0
2026-10-04T14:06:54Z,redis-cart,redis-cart,0,0,0,0,0,0,0
2026-10-04T14:06:54Z,redis-cart,shippingservice,0,0,0,0,0,0,0
2026-10-04T14:06:54Z,shippingservice,adservice,0,0,0,0,0,0,0
2026-10-04T14:06:54Z,shippingservice,cartservice,0,0,0,0,0,0,0
2026-10-04T14:06:54Z,shippingservice,checkoutservice,0,0,0,0,0,0,0
2026-10-04T14:06:54Z,shippingservice,currencyservice,0,0,0,0,0,0,0
2026-10-04T14:06:54Z,shippingservice,emailservice,0,0,0,0,0,0,0
2026-10-04T14:06:54Z,shippingservice,frontend,0,0,0,0,0,0,0
2026-10-04T14:06:54Z,shippingservice,kubernetes,0,0,0,0,0,0,0
2026-10-04T14:06:54Z,shippingservice,paymentservice,0,0,0,0,0,0,0
2026-10-04T14:06:54Z,shippingservice,productcatalogservice,0,0,0,0,0,0,0
2026-10-04T14:06:54Z,shippingservice,recommendationservice,0,0,0,0,0,0,0
2026-10-04T14:06:54Z,shippingservice,redis-cart,0,0,0,0,0,0,0
2026-10-04T14:06:54Z,shippingservice,shippingservice,0,0,0,0,0,0,0
2026-10-04T14:06:55Z,adservice,adservice,0,0,0,0,0,0,0
2026-10-04T14:06:55Z,adservice,cartservice,0,0,0,0,0,0,0
2026-10-04T14:06:55Z,adservice,checkoutservice,0,0,0,0,0,0,0
2026-10-04T14:06:55Z,adservice,currencyservice,0,0,0,0,0,0,0
2026-10-04T14:06:55Z,adservice,emailservice,0,0,0,0,0,0,0
2026-10-04T14:06:55Z,adservice,frontend,0,0,0,0,0,0,0
2026-10-04T14:06:55Z,adservice,kubernetes,0,0,0,0,0,0,0
2026-10-04T14:06:55Z,adservice,paymentservice,0,0,0,0,0,0,0
2026-10-04T14:06:55Z,adservice,productcatalogservice,0,0,0,0,0,0,0
2026-10-04T14:06:55Z,adservice,recommendationservice,0,0,0,0,0,0,0
2026-10-04T14:06:55Z,adservice,redis-cart,0,0,0,0,0,0,0
2026-10-04T14:06:55Z,adservice,shippingservice,0,0,0,0,0,0,0
2026-10-04T14:06:55Z,cartservice,adservice,0,0,0,0,0,0,0
2026-10-04T14:06:55Z,cartservice,cartservice,0,0,0,0,0,0,0
2026-10-04T14:06:55Z,cartservice,checkoutservice,0,0,0,0,0,0,0
2026-10-04T14:06:55Z,cartservice,currencyservice,0,0,0,0,0,0,0
2026-10-04T14:06:55Z,cartservice,emailservice,0,0,0,0,0,0,0
2026-10-04T14:06:55Z,cartservice,frontend,0,0,0,0,0,0,0
2026-10-04T14:06:55Z,cartservice,kubernetes,0,0,0,0,0,0,0
2026-10-04T14:06:55Z,cartservice,paymentservice,0,0,0,0,0,0,0
2026-10-04T14:06:55Z,cartservice,productcatalogservice,0,0,0,0,0,0,0
2026-10-04T14:06:55Z,cartservice,recommendationservice,0,0,0,0,0,0,0
2026-10-04T14:06:55Z,cartservice,redis-cart,2,0,0,0,0,0,0
2026-10-04T14:06:55Z,cartservice,shippingservice,0,0,0,0,0,0,0
2026-10-04T14:06:55Z,checkoutservice,adservice,0,0,0,0,0,0,0
2026-10-04T14:06:55Z,checkoutservice,cartservice,40857,39926,0,100,0,606562,39602
2026-10-04T14:06:55Z,checkoutservice,checkoutservice,0,0,0,0,0,0,0
2026-10-04T14:06:55Z,checkoutservice,currencyservice,31826,31825,0,0,0,524881,31663
2026-10-04T14:06:55Z,checkoutservice,emailservice,3065,2779,0,66,0,141375,2620
2026-10-04T14:06:55Z,checkoutservice,frontend,0,0,0,0,0,0,0
2026-10-04T14:06:55Z,checkoutservice,kubernetes,0,0,0,0,0,0,0
2026-10-04T14:06:55Z,checkoutservice,paymentservice,25093,23245,0,192,0,395721,22937
2026-10-04T14:06:55Z,checkoutservice,productcatalogservice,0,0,0,0,0,0,0
2026-10-04T14:06:55Z,checkoutservice,recommendationservice,0,0,0,0,0,0,0
2026-10-04T14:06:55Z,checkoutservice,redis-cart,0,0,0,0,0,0,0
2026-10-04T14:06:55Z,checkoutservice,shippingservice,46168,44065,0,154,0,468318,43741
2026-10-04T14:06:55Z,currencyservice,adservice,0,0,0,0,0,0,0
2026-10-04T14:06:55Z,currencyservice,cartservice,0,0,0,0,0,0,0
2026-10-04T14:06:55Z,currencyservice,checkoutservice,0,0,0,0,0,0,0
2026-10-04T14:06:55Z,currencyservice,currencyservice,0,0,0,0,0,0,0
2026-10-04T14:06:55Z,currencyservice,emailservice,0,0,0,0,0,0,0
2026-10-04T14:06:55Z,currencyservice,frontend,0,0,0,0,0,0,0
2026-10-04T14:06:55Z,currencyservice,kubernetes,0,0,0,0,0,0,0
2026-10-04T14:06:55Z,currencyservice,paymentservice,0,0,0,0,0,0,0
2026-10-04T14:06:55Z,currencyservice,productcatalogservice,0,0,0,0,0,0,0
2026-10-04T14:06:55Z,currencyservice,recommendationservice,0,0,0,0,0,0,0
2026-10-04T14:06:55Z,currencyservice,redis-cart,0,0,0,0,0,0,0
2026-10-04T14:06:55Z,currencyservice,shippingservice,0,0,0,0,0,0,0
2026-10-04T14:06:55Z,emailservice,adservice,0,0,0,0,0,0,0
2026-10-04T14:06:55Z,emailservice,cartservice,0,0,0,0,0,0,0
2026-10-04T14:06:55Z,emailservice,checkoutservice,0,0,0,0,0,0,0
2026-10-04T14:06:55Z,emailservice,currencyservice,0,0,0,0,0,0,0
2026-10-04T14:06:55Z,emailservice,emailservice,0,0,0,0,0,0,0
2026-10-04T14:06:55Z,emailservice,frontend,0,0,0,0,0,0,0
2026-10-04T14:06:55Z,emailservice,kubernetes,0,0,0,0,0,0,0
2026-10-04T14:06:55Z,emailservice,paymentservice,0,0,0,0,0,0,0
2026-10-04T14:06:55Z,emailservice,productcatalogservice,0,0,0,0,0,0,0
2026-10-04T14:06:55Z,emailservice,recommendationservice,0,0,0,0,0,0,0
2026-10-04T14:06:55Z,emailservice,redis-cart,0,0,0,0,0,0,0
2026-10-04T14:06:55Z,emailservice,shippingservice,0,0,0,0,0,0,0
2026-10-04T14:06:55Z,frontend,adservice,825366,825361,0,0,0,2490823,825090
2026-10-04T14:06:55Z,frontend,cartservice,1820540,1820526,0,0,4,10158345,1819797
2026-10-04T14:06:55Z,frontend,checkoutservice,390818,180853,0,40061,169937,61636982,180756
2026-10-04T14:06:55Z,frontend,currencyservice,2895081,2895072,0,0,0,15414014,2893919
2026-10-04T14:06:55Z,frontend,emailservice,0,0,0,0,0,0,0
2026-10-04T14:06:55Z,frontend,frontend,0,0,0,0,0,0,0
2026-10-04T14:06:55Z,frontend,kubernetes,0,0,0,0,0,0,0
2026-10-04T14:06:55Z,frontend,paymentservice,0,0,0,0,0,0,0
2026-10-04T14:06:55Z,frontend,productcatalogservice,8163208,8163135,0,0,0,55950463,8160288
2026-10-04T14:06:55Z,frontend,recommendationservice,2611683,1609021,0,104409,895724,782830306,1608353
2026-10-04T14:06:55Z,frontend,redis-cart,0,0,0,0,0,0,0
2026-10-04T14:06:55Z,frontend,shippingservice,302604,302600,0,0,0,922242,302520
2026-10-04T14:06:55Z,paymentservice,adservice,0,0,0,0,0,0,0
2026-10-04T14:06:55Z,paymentservice,cartservice,0,0,0,0,0,0,0
2026-10-04T14:06:55Z,paymentservice,checkoutservice,0,0,0,0,0,0,0
2026-10-04T14:06:55Z,paymentservice,currencyservice,0,0,0,0,0,0,0
2026-10-04T14:06:55Z,paymentservice,emailservice,0,0,0,0,0,0,0
2026-10-04T14:06:55Z,paymentservice,frontend,0,0,0,0,0,0,0
2026-10-04T14:06:55Z,paymentservice,kubernetes,0,0,0,0,0,0,0
2026-10-04T14:06:55Z,paymentservice,paymentservice,0,0,0,0,0,0,0
2026-10-04T14:06:55Z,paymentservice,productcatalogservice,0,0,0,0,0,0,0
2026-10-04T14:06:55Z,paymentservice,recommendationservice,0,0,0,0,0,0,0
2026-10-04T14:06:55Z,paymentservice,redis-cart,0,0,0,0,0,0,0
2026-10-04T14:06:55Z,paymentservice,shippingservice,0,0,0,0,0,0,0
2026-10-04T14:06:55Z,productcatalogservice,adservice,0,0,0,0,0,0,0
2026-10-04T14:06:55Z,productcatalogservice,cartservice,0,0,0,0,0,0,0
2026-10-04T14:06:55Z,productcatalogservice,checkoutservice,0,0,0,0,0,0,0
2026-10-04T14:06:55Z,productcatalogservice,currencyservice,0,0,0,0,0,0,0
2026-10-04T14:06:55Z,productcatalogservice,emailservice,0,0,0,0,0,0,0
2026-10-04T14:06:55Z,productcatalogservice,frontend,0,0,0,0,0,0,0
2026-10-04T14:06:55Z,productcatalogservice,kubernetes,0,0,0,0,0,0,0
2026-10-04T14:06:55Z,productcatalogservice,paymentservice,0,0,0,0,0,0,0
2026-10-04T14:06:55Z,productcatalogservice,productcatalogservice,0,0,0,0,0,0,0
2026-10-04T14:06:55Z,productcatalogservice,recommendationservice,0,0,0,0,0,0,0
2026-10-04T14:06:55Z,productcatalogservice,redis-cart,0,0,0,0,0,0,0
2026-10-04T14:06:55Z,productcatalogservice,shippingservice,0,0,0,0,0,0,0
2026-10-04T14:06:55Z,recommendationservice,adservice,0,0,0,0,0,0,0
2026-10-04T14:06:55Z,recommendationservice,cartservice,0,0,0,0,0,0,0
2026-10-04T14:06:55Z,recommendationservice,checkoutservice,0,0,0,0,0,0,0
2026-10-04T14:06:55Z,recommendationservice,currencyservice,0,0,0,0,0,0,0
2026-10-04T14:06:55Z,recommendationservice,emailservice,0,0,0,0,0,0,0
2026-10-04T14:06:55Z,recommendationservice,frontend,0,0,0,0,0,0,0
2026-10-04T14:06:55Z,recommendationservice,kubernetes,0,0,0,0,0,0,0
2026-10-04T14:06:55Z,recommendationservice,paymentservice,0,0,0,0,0,0,0
2026-10-04T14:06:55Z,recommendationservice,productcatalogservice,85059,85049,0,0,0,698944,84906
2026-10-04T14:06:55Z,recommendationservice,recommendationservice,0,0,0,0,0,0,0
2026-10-04T14:06:55Z,recommendationservice,redis-cart,0,0,0,0,0,0,0
2026-10-04T14:06:55Z,recommendationservice,shippingservice,0,0,0,0,0,0,0
2026-10-04T14:06:55Z,redis-cart,adservice,0,0,0,0,0,0,0
2026-10-04T14:06:55Z,redis-cart,cartservice,0,0,0,0,0,0,0
2026-10-04T14:06:55Z,redis-cart,checkoutservice,0,0,0,0,0,0,0
2026-10-04T14:06:55Z,redis-cart,currencyservice,0,0,0,0,0,0,0
2026-10-04T14:06:55Z,redis-cart,emailservice,0,0,0,0,0,0,0
2026-10-04T14:06:55Z,redis-cart,frontend,0,0,0,0,0,0,0
2026-10-04T14:06:55Z,redis-cart,kubernetes,0,0,0,0,0,0,0
2026-10-04T14:06:55Z,redis-cart,paymentservice,0,0,0,0,0,0,0
2026-10-04T14:06:55Z,redis-cart,productcatalogservice,0,0,0,0,0,0,0
2026-10-04T14:06:55Z,redis-cart,recommendationservice,0,0,0,0,0,0,0
2026-10-04T14:06:55Z,redis-cart,redis-cart,0,0,0,0,0,0,0
2026-10-04T14:06:55Z,redis-cart,shippingservice,0,0,0,0,0,0,0
2026-10-04T14:06:55Z,shippingservice,adservice,0,0,0,0,0,0,0
2026-10-04T14:06:55Z,shippingservice,cartservice,0,0,0,0,0,0,0
2026-10-04T14:06:55Z,shippingservice,checkoutservice,0,0,0,0,0,0,0
2026-10-04T14:06:55Z,shippingservice,currencyservice,0,0,0,0,0,0,0
2026-10-04T14:06:55Z,shippingservice,emailservice,0,0,0,0,0,0,0
2026-10-04T14:06:55Z,shippingservice,frontend,0,0,0,0,0,0,0
2026-10-04T14:06:55Z,shippingservice,kubernetes,0,0,0,0,0,0,0
2026-10-04T14:06:55Z,shippingservice,paymentservice,0,0,0,0,0,0,0
2026-10-04T14:06:55Z,shippingservice,productcatalogservice,0,0,0,0,0,0,0
2026-10-04T14:06:55Z,shippingservice,recommendationservice,0,0,0,0,0,0,0
2026-10-04T14:06:55Z,shippingservice,redis-cart,0,0,0,0,0,0,0
2026-10-04T14:06:55Z,shippingservice,shippingservice,0,0,0,0,0,0,0
2026-10-04T14:06:56Z,adservice,adservice,0,0,0,0,0,0,0
2026-10-04T14:06:56Z,adservice,cartservice,0,0,0,0,0,0,0
2026-10-04T14:06:56Z,adservice,checkoutservice,0,0,0,0,0,0,0
2026-10-04T14:06:56Z,adservice,currencyservice,0,0,0,0,0,0,0
2026-10-04T14:06:56Z,adservice,emailservice,0,0,0,0,0,0,0
2026-10-04T14:06:56Z,adservice,frontend,0,0,0,0,0,0,0
2026-10-04T14:06:56Z,adservice,kubernetes,0,0,0,0,0,0,0
2026-10-04T14:06:56Z,adservice,paymentservice,0,0,0,0,0,0,0
2026-10-04T14:06:56Z,adservice,productcatalogservice,0,0,0,0,0,0,0
2026-10-04T14:06:56Z,adservice,recommendationservice,0,0,0,0,0,0,0
2026-10-04T14:06:56Z,adservice,redis-cart,0,0,0,0,0,0,0
2026-10-04T14:06:56Z,adservice,shippingservice,0,0,0,0,0,0,0
2026-10-04T14:06:56Z,cartservice,adservice,0,0,0,0,0,0,0
2026-10-04T14:06:56Z,cartservice,cartservice,0,0,0,0,0,0,0
2026-10-04T14:06:56Z,cartservice,checkoutservice,0,0,0,0,0,0,0
2026-10-04T14:06:56Z,cartservice,currencyservice,0,0,0,0,0,0,0
2026-10-04T14:06:56Z,cartservice,emailservice,0,0,0,0,0,0,0
2026-10-04T14:06:56Z,cartservice,frontend,0,0,0,0,0,0,0
2026-10-04T14:06:56Z,cartservice,kubernetes,0,0,0,0,0,0,0
2026-10-04T14:06:56Z,cartservice,paymentservice,0,0,0,0,0,0,0
2026-10-04T14:06:56Z,cartservice,productcatalogservice,0,0,0,0,0,0,0
2026-10-04T14:06:56Z,cartservice,recommendationservice,0,0,0,0,0,0,0
2026-10-04T14:06:56Z,cartservice,redis-cart,2,0,0,0,0,0,0
2026-10-04T14:06:56Z,cartservice,shippingservice,0,0,0,0,0,0,0
2026-10-04T14:06:56Z,checkoutservice,adservice,0,0,0,0,0,0,0
2026-10-04T14:06:56Z,checkoutservice,cartservice,40970,40038,0,100,0,606562,39602
2026-10-04T14:06:56Z,checkoutservice,checkoutservice,0,0,0,0,0,0,0
2026-10-04T14:06:56Z,checkoutservice,currencyservice,31880,31880,0,0,0,524881,31663
2026-10-04T14:06:56Z,checkoutservice,emailservice,3122,2837,0,66,0,141375,2620
2026-10-04T14:06:56Z,checkoutservice,frontend,0,0,0,0,0,0,0
2026-10-04T14:06:56Z,checkoutservice,kubernetes,0,0,0,0,0,0,0
2026-10-04T14:06:56Z,checkoutservice,paymentservice,25149,23301,0,192,0,395721,22937
2026-10-04T14:06:56Z,checkoutservice,productcatalogservice,0,0,0,0,0,0,0
2026-10-04T14:06:56Z,checkoutservice,recommendationservice,0,0,0,0,0,0,0
2026-10-04T14:06:56Z,checkoutservice,redis-cart,0,0,0,0,0,0,0
2026-10-04T14:06:56Z,checkoutservice,shippingservice,46279,44176,0,154,0,468318,43741
2026-10-04T14:06:56Z,currencyservice,adservice,0,0,0,0,0,0,0
2026-10-04T14:06:56Z,currencyservice,cartservice,0,0,0,0,0,0,0
2026-10-04T14:06:56Z,currencyservice,checkoutservice,0,0,0,0,0,0,0
2026-10-04T14:06:56Z,currencyservice,currencyservice,0,0,0,0,0,0,0
2026-10-04T14:06:56Z,currencyservice,emailservice,0,0,0,0,0,0,0
2026-10-04T14:06:56Z,currencyservice,frontend,0,0,0,0,0,0,0
2026-10-04T14:06:56Z,currencyservice,kubernetes,0,0,0,0,0,0,0
2026-10-04T14:06:56Z,currencyservice,paymentservice,0,0,0,0,0,0,0
2026-10-04T14:06:56Z,currencyservice,productcatalogservice,0,0,0,0,0,0,0
2026-10-04T14:06:56Z,currencyservice,recommendationservice,0,0,0,0,0,0,0
2026-10-04T14:06:56Z,currencyservice,redis-cart,0,0,0,0,0,0,0
2026-10-04T14:06:56Z,currencyservice,shippingservice,0,0,0,0,0,0,0
2026-10-04T14:06:56Z,emailservice,adservice,0,0,0,0,0,0,0
2026-10-04T14:06:56Z,emailservice,cartservice,0,0,0,0,0,0,0
2026-10-04T14:06:56Z,emailservice,checkoutservice,0,0,0,0,0,0,0
2026-10-04T14:06:56Z,emailservice,currencyservice,0,0,0,0,0,0,0
2026-10-04T14:06:56Z,emailservice,emailservice,0,0,0,0,0,0,0
2026-10-04T14:06:56Z,emailservice,frontend,0,0,0,0,0,0,0
2026-10-04T14:06:56Z,emailservice,kubernetes,0,0,0,0,0,0,0
2026-10-04T14:06:56Z,emailservice,paymentservice,0,0,0,0,0,0,0
2026-10-04T14:06:56Z,emailservice,productcatalogservice,0,0,0,0,0,0,0
2026-10-04T14:06:56Z,emailservice,recommendationservice,0,0,0,0,0,0,0
2026-10-04T14:06:56Z,emailservice,redis-cart,0,0,0,0,0,0,0
2026-10-04T14:06:56Z,emailservice,shippingservice,0,0,0,0,0,0,0
2026-10-04T14:06:56Z,frontend,adservice,825489,825487,0,0,0,2490823,825090
2026-10-04T14:06:56Z,frontend,cartservice,1820989,1820974,0,0,4,10158345,1819797
2026-10-04T14:06:56Z,frontend,checkoutservice,390870,180913,0,40061,169937,61636982,180756
2026-10-04T14:06:56Z,frontend,currencyservice,2895794,2895783,0,0,0,15414014,2893919
2026-10-04T14:06:56Z,frontend,emailservice,0,0,0,0,0,0,0
2026-10-04T14:06:56Z,frontend,frontend,0,0,0,0,0,0,0
2026-10-04T14:06:56Z,frontend,kubernetes,0,0,0,0,0,0,0
2026-10-04T14:06:56Z,frontend,paymentservice,0,0,0,0,0,0,0
2026-10-04T14:06:56Z,frontend,productcatalogservice,8164705,8164638,0,0,0,55950463,8160288
2026-10-04T14:06:56Z,frontend,recommendationservice,2612470,1609406,0,104459,896069,782830306,1608353
2026-10-04T14:06:56Z,frontend,redis-cart,0,0,0,0,0,0,0
2026-10-04T14:06:56Z,frontend,shippingservice,302665,302663,0,0,0,922242,302520
2026-10-04T14:06:56Z,paymentservice,adservice,0,0,0,0,0,0,0
2026-10-04T14:06:56Z,paymentservice,cartservice,0,0,0,0,0,0,0
2026-10-04T14:06:56Z,paymentservice,checkoutservice,0,0,0,0,0,0,0
2026-10-04T14:06:56Z,paymentservice,currencyservice,0,0,0,0,0,0,0
2026-10-04T14:06:56Z,paymentservice,emailservice,0,0,0,0,0,0,0
2026-10-04T14:06:56Z,paymentservice,frontend,0,0,0,0,0,0,0
2026-10-04T14:06:56Z,paymentservice,kubernetes,0,0,0,0,0,0,0
2026-10-04T14:06:56Z,paymentservice,paymentservice,0,0,0,0,0,0,0
2026-10-04T14:06:56Z,paymentservice,productcatalogservice,0,0,0,0,0,0,0
2026-10-04T14:06:56Z,paymentservice,recommendationservice,0,0,0,0,0,0,0
2026-10-04T14:06:56Z,paymentservice,redis-cart,0,0,0,0,0,0,0
2026-10-04T14:06:56Z,paymentservice,shippingservice,0,0,0,0,0,0,0
2026-10-04T14:06:56Z,productcatalogservice,adservice,0,0,0,0,0,0,0
2026-10-04T14:06:56Z,productcatalogservice,cartservice,0,0,0,0,0,0,0
2026-10-04T14:06:56Z,productcatalogservice,checkoutservice,0,0,0,0,0,0,0
2026-10-04T14:06:56Z,productcatalogservice,currencyservice,0,0,0,0,0,0,0
2026-10-04T14:06:56Z,productcatalogservice,emailservice,0,0,0,0,0,0,0
2026-10-04T14:06:56Z,productcatalogservice,frontend,0,0,0,0,0,0,0
2026-10-04T14:06:56Z,productcatalogservice,kubernetes,0,0,0,0,0,0,0
2026-10-04T14:06:56Z,productcatalogservice,paymentservice,0,0,0,0,0,0,0
2026-10-04T14:06:56Z,productcatalogservice,productcatalogservice,0,0,0,0,0,0,0
2026-10-04T14:06:56Z,productcatalogservice,recommendationservice,0,0,0,0,0,0,0
2026-10-04T14:06:56Z,productcatalogservice,redis-cart,0,0,0,0,0,0,0
2026-10-04T14:06:56Z,productcatalogservice,shippingservice,0,0,0,0,0,0,0
2026-10-04T14:06:56Z,recommendationservice,adservice,0,0,0,0,0,0,0
2026-10-04T14:06:56Z,recommendationservice,cartservice,0,0,0,0,0,0,0
2026-10-04T14:06:56Z,recommendationservice,checkoutservice,0,0,0,0,0,0,0
2026-10-04T14:06:56Z,recommendationservice,currencyservice,0,0,0,0,0,0,0
2026-10-04T14:06:56Z,recommendationservice,emailservice,0,0,0,0,0,0,0
2026-10-04T14:06:56Z,recommendationservice,frontend,0,0,0,0,0,0,0
2026-10-04T14:06:56Z,recommendationservice,kubernetes,0,0,0,0,0,0,0
2026-10-04T14:06:56Z,recommendationservice,paymentservice,0,0,0,0,0,0,0
2026-10-04T14:06:56Z,recommendationservice,productcatalogservice,85464,85463,0,0,0,698944,84906
2026-10-04T14:06:56Z,recommendationservice,recommendationservice,0,0,0,0,0,0,0
2026-10-04T14:06:56Z,recommendationservice,redis-cart,0,0,0,0,0,0,0
2026-10-04T14:06:56Z,recommendationservice,shippingservice,0,0,0,0,0,0,0
2026-10-04T14:06:56Z,redis-cart,adservice,0,0,0,0,0,0,0
2026-10-04T14:06:56Z,redis-cart,cartservice,0,0,0,0,0,0,0
2026-10-04T14:06:56Z,redis-cart,checkoutservice,0,0,0,0,0,0,0
2026-10-04T14:06:56Z,redis-cart,currencyservice,0,0,0,0,0,0,0
2026-10-04T14:06:56Z,redis-cart,emailservice,0,0,0,0,0,0,0
2026-10-04T14:06:56Z,redis-cart,frontend,0,0,0,0,0,0,0
2026-10-04T14:06:56Z,redis-cart,kubernetes,0,0,0,0,0,0,0
2026-10-04T14:06:56Z,redis-cart,paymentservice,0,0,0,0,0,0,0
2026-10-04T14:06:56Z,redis-cart,productcatalogservice,0,0,0,0,0,0,0
2026-10-04T14:06:56Z,redis-cart,recommendationservice,0,0,0,0,0,0,0
2026-10-04T14:06:56Z,redis-cart,redis-cart,0,0,0,0,0,0,0
2026-10-04T14:06:56Z,redis-cart,shippingservice,0,0,0,0,0,0,0
2026-10-04T14:06:56Z,shippingservice,adservice,0,0,0,0,0,0,0
2026-10-04T14:06:56Z,shippingservice,cartservice,0,0,0,0,0,0,0
2026-10-04T14:06:56Z,shippingservice,checkoutservice,0,0,0,0,0,0,0
2026-10-04T14:06:56Z,shippingservice,currencyservice,0,0,0,0,0,0,0
2026-10-04T14:06:56Z,shippingservice,emailservice,0,0,0,0,0,0,0
2026-10-04T14:06:56Z,shippingservice,frontend,0,0,0,0,0,0,0
2026-10-04T14:06:56Z,shippingservice,kubernetes,0,0,0,0,0,0,0
2026-10-04T14:06:56Z,shippingservice,paymentservice,0,0,0,0,0,0,0
2026-10-04T14:06:56Z,shippingservice,productcatalogservice,0,0,0,0,0,0,0
2026-10-04T14:06:56Z,shippingservice,recommendationservice,0,0,0,0,0,0,0
2026-10-04T14:06:56Z,shippingservice,redis-cart,0,0,0,0,0,0,0
2026-10-04T14:06:56Z,shippingservice,shippingservice,0,0,0,0,0,0,0
2026-10-04T14:06:57Z,adservice,adservice,0,0,0,0,0,0,0
2026-10-04T14:06:57Z,adservice,cartservice,0,0,0,0,0,0,0
2026-10-04T14:06:57Z,adservice,checkoutservice,0,0,0,0,0,0,0
2026-10-04T14:06:57Z,adservice,currencyservice,0,0,0,0,0,0,0
2026-10-04T14:06:57Z,adservice,emailservice,0,0,0,0,0,0,0
2026-10-04T14:06:57Z,adservice,frontend,0,0,0,0,0,0,0
2026-10-04T14:06:57Z,adservice,kubernetes,0,0,0,0,0,0,0
2026-10-04T14:06:57Z,adservice,paymentservice,0,0,0,0,0,0,0
2026-10-04T14:06:57Z,adservice,productcatalogservice,0,0,0,0,0,0,0
2026-10-04T14:06:57Z,adservice,recommendationservice,0,0,0,0,0,0,0
2026-10-04T14:06:57Z,adservice,redis-cart,0,0,0,0,0,0,0
2026-10-04T14:06:57Z,adservice,shippingservice,0,0,0,0,0,0,0
2026-10-04T14:06:57Z,cartservice,adservice,0,0,0,0,0,0,0
2026-10-04T14:06:57Z,cartservice,cartservice,0,0,0,0,0,0,0
2026-10-04T14:06:57Z,cartservice,checkoutservice,0,0,0,0,0,0,0
2026-10-04T14:06:57Z,cartservice,currencyservice,0,0,0,0,0,0,0
2026-10-04T14:06:57Z,cartservice,emailservice,0,0,0,0,0,0,0
2026-10-04T14:06:57Z,cartservice,frontend,0,0,0,0,0,0,0
2026-10-04T14:06:57Z,cartservice,kubernetes,0,0,0,0,0,0,0
2026-10-04T14:06:57Z,cartservice,paymentservice,0,0,0,0,0,0,0
2026-10-04T14:06:57Z,cartservice,productcatalogservice,0,0,0,0,0,0,0
2026-10-04T14:06:57Z,cartservice,recommendationservice,0,0,0,0,0,0,0
2026-10-04T14:06:57Z,cartservice,redis-cart,2,0,0,0,0,0,0
2026-10-04T14:06:57Z,cartservice,shippingservice,0,0,0,0,0,0,0
2026-10-04T14:06:57Z,checkoutservice,adservice,0,0,0,0,0,0,0
2026-10-04T14:06:57Z,checkoutservice,cartservice,41084,40153,0,100,0,608999,40094
2026-10-04T14:06:57Z,checkoutservice,checkoutservice,0,0,0,0,0,0,0
2026-10-04T14:06:57Z,checkoutservice,currencyservice,31938,31938,0,0,0,525821,31911
2026-10-04T14:06:57Z,checkoutservice,emailservice,3180,2892,0,66,0,145550,2862
2026-10-04T14:06:57Z,checkoutservice,frontend,0,0,0,0,0,0,0
2026-10-04T14:06:57Z,checkoutservice,kubernetes,0,0,0,0,0,0,0
2026-10-04T14:06:57Z,checkoutservice,paymentservice,25207,23359,0,192,0,396528,23184
2026-10-04T14:06:57Z,checkoutservice,productcatalogservice,0,0,0,0,0,0,0
2026-10-04T14:06:57Z,checkoutservice,recommendationservice,0,0,0,0,0,0,0
2026-10-04T14:06:57Z,checkoutservice,redis-cart,0,0,0,0,0,0,0
2026-10-04T14:06:57Z,checkoutservice,shippingservice,46395,44292,0,154,0,469351,44235
2026-10-04T14:06:57Z,currencyservice,adservice,0,0,0,0,0,0,0
2026-10-04T14:06:57Z,currencyservice,cartservice,0,0,0,0,0,0,0
2026-10-04T14:06:57Z,currencyservice,checkoutservice,0,0,0,0,0,0,0
2026-10-04T14:06:57Z,currencyservice,currencyservice,0,0,0,0,0,0,0
2026-10-04T14:06:57Z,currencyservice,emailservice,0,0,0,0,0,0,0
2026-10-04T14:06:57Z,currencyservice,frontend,0,0,0,0,0,0,0
2026-10-04T14:06:57Z,currencyservice,kubernetes,0,0,0,0,0,0,0
2026-10-04T14:06:57Z,currencyservice,paymentservice,0,0,0,0,0,0,0
2026-10-04T14:06:57Z,currencyservice,productcatalogservice,0,0,0,0,0,0,0
2026-10-04T14:06:57Z,currencyservice,recommendationservice,0,0,0,0,0,0,0
2026-10-04T14:06:57Z,currencyservice,redis-cart,0,0,0,0,0,0,0
2026-10-04T14:06:57Z,currencyservice,shippingservice,0,0,0,0,0,0,0
2026-10-04T14:06:57Z,emailservice,adservice,0,0,0,0,0,0,0
2026-10-04T14:06:57Z,emailservice,cartservice,0,0,0,0,0,0,0
2026-10-04T14:06:57Z,emailservice,checkoutservice,0,0,0,0,0,0,0
2026-10-04T14:06:57Z,emailservice,currencyservice,0,0,0,0,0,0,0
2026-10-04T14:06:57Z,emailservice,emailservice,0,0,0,0,0,0,0
2026-10-04T14:06:57Z,emailservice,frontend,0,0,0,0,0,0,0
2026-10-04T14:06:57Z,emailservice,kubernetes,0,0,0,0,0,0,0
2026-10-04T14:06:57Z,emailservice,paymentservice,0,0,0,0,0,0,0
2026-10-04T14:06:57Z,emailservice,productcatalogservice,0,0,0,0,0,0,0
2026-10-04T14:06:57Z,emailservice,recommendationservice,0,0,0,0,0,0,0
2026-10-04T14:06:57Z,emailservice,redis-cart,0,0,0,0,0,0,0
2026-10-04T14:06:57Z,emailservice,shippingservice,0,0,0,0,0,0,0
2026-10-04T14:06:57Z,frontend,adservice,825591,825589,0,0,0,2490823,825090
2026-10-04T14:06:57Z,frontend,cartservice,1821349,1821331,0,0,4,10158345,1819797
2026-10-04T14:06:57Z,frontend,checkoutservice,390938,180974,0,40061,169937,61636982,180756
2026-10-04T14:06:57Z,frontend,currencyservice,2896382,2896374,0,0,0,15414014,2893919
2026-10-04T14:06:57Z,frontend,emailservice,0,0,0,0,0,0,0
2026-10-04T14:06:57Z,frontend,frontend,0,0,0,0,0,0,0
2026-10-04T14:06:57Z,frontend,kubernetes,0,0,0,0,0,0,0
2026-10-04T14:06:57Z,frontend,paymentservice,0,0,0,0,0,0,0
2026-10-04T14:06:57Z,frontend,productcatalogservice,8166156,8166090,0,0,0,55950463,8160288
2026-10-04T14:06:57Z,frontend,recommendationservice,2613182,1609733,0,104484,896422,782830306,1608353
2026-10-04T14:06:57Z,frontend,redis-cart,0,0,0,0,0,0,0
2026-10-04T14:06:57Z,frontend,shippingservice,302731,302729,0,0,0,922242,302520
2026-10-04T14:06:57Z,paymentservice,adservice,0,0,0,0,0,0,0
2026-10-04T14:06:57Z,paymentservice,cartservice,0,0,0,0,0,0,0
2026-10-04T14:06:57Z,paymentservice,checkoutservice,0,0,0,0,0,0,0
2026-10-04T14:06:57Z,paymentservice,currencyservice,0,0,0,0,0,0,0
2026-10-04T14:06:57Z,paymentservice,emailservice,0,0,0,0,0,0,0
2026-10-04T14:06:57Z,paymentservice,frontend,0,0,0,0,0,0,0
2026-10-04T14:06:57Z,paymentservice,kubernetes,0,0,0,0,0,0,0
2026-10-04T14:06:57Z,paymentservice,paymentservice,0,0,0,0,0,0,0
2026-10-04T14:06:57Z,paymentservice,productcatalogservice,0,0,0,0,0,0,0
2026-10-04T14:06:57Z,paymentservice,recommendationservice,0,0,0,0,0,0,0
2026-10-04T14:06:57Z,paymentservice,redis-cart,0,0,0,0,0,0,0
2026-10-04T14:06:57Z,paymentservice,shippingservice,0,0,0,0,0,0,0
2026-10-04T14:06:57Z,productcatalogservice,adservice,0,0,0,0,0,0,0
2026-10-04T14:06:57Z,productcatalogservice,cartservice,0,0,0,0,0,0,0
2026-10-04T14:06:57Z,productcatalogservice,checkoutservice,0,0,0,0,0,0,0
2026-10-04T14:06:57Z,productcatalogservice,currencyservice,0,0,0,0,0,0,0
2026-10-04T14:06:57Z,productcatalogservice,emailservice,0,0,0,0,0,0,0
2026-10-04T14:06:57Z,productcatalogservice,frontend,0,0,0,0,0,0,0
2026-10-04T14:06:57Z,productcatalogservice,kubernetes,0,0,0,0,0,0,0
2026-10-04T14:06:57Z,productcatalogservice,paymentservice,0,0,0,0,0,0,0
2026-10-04T14:06:57Z,productcatalogservice,productcatalogservice,0,0,0,0,0,0,0
2026-10-04T14:06:57Z,productcatalogservice,recommendationservice,0,0,0,0,0,0,0
2026-10-04T14:06:57Z,productcatalogservice,redis-cart,0,0,0,0,0,0,0
2026-10-04T14:06:57Z,productcatalogservice,shippingservice,0,0,0,0,0,0,0
2026-10-04T14:06:57Z,recommendationservice,adservice,0,0,0,0,0,0,0
2026-10-04T14:06:57Z,recommendationservice,cartservice,0,0,0,0,0,0,0
2026-10-04T14:06:57Z,recommendationservice,checkoutservice,0,0,0,0,0,0,0
2026-10-04T14:06:57Z,recommendationservice,currencyservice,0,0,0,0,0,0,0
2026-10-04T14:06:57Z,recommendationservice,emailservice,0,0,0,0,0,0,0
2026-10-04T14:06:57Z,recommendationservice,frontend,0,0,0,0,0,0,0
2026-10-04T14:06:57Z,recommendationservice,kubernetes,0,0,0,0,0,0,0
2026-10-04T14:06:57Z,recommendationservice,paymentservice,0,0,0,0,0,0,0
2026-10-04T14:06:57Z,recommendationservice,productcatalogservice,85856,85849,0,0,0,698944,84906
2026-10-04T14:06:57Z,recommendationservice,recommendationservice,0,0,0,0,0,0,0
2026-10-04T14:06:57Z,recommendationservice,redis-cart,0,0,0,0,0,0,0
2026-10-04T14:06:57Z,recommendationservice,shippingservice,0,0,0,0,0,0,0
2026-10-04T14:06:57Z,redis-cart,adservice,0,0,0,0,0,0,0
2026-10-04T14:06:57Z,redis-cart,cartservice,0,0,0,0,0,0,0
2026-10-04T14:06:57Z,redis-cart,checkoutservice,0,0,0,0,0,0,0
2026-10-04T14:06:57Z,redis-cart,currencyservice,0,0,0,0,0,0,0
2026-10-04T14:06:57Z,redis-cart,emailservice,0,0,0,0,0,0,0
2026-10-04T14:06:57Z,redis-cart,frontend,0,0,0,0,0,0,0
2026-10-04T14:06:57Z,redis-cart,kubernetes,0,0,0,0,0,0,0
2026-10-04T14:06:57Z,redis-cart,paymentservice,0,0,0,0,0,0,0
2026-10-04T14:06:57Z,redis-cart,productcatalogservice,0,0,0,0,0,0,0
2026-10-04T14:06:57Z,redis-cart,recommendationservice,0,0,0,0,0,0,0
2026-10-04T14:06:57Z,redis-cart,redis-cart,0,0,0,0,0,0,0
2026-10-04T14:06:57Z,redis-cart,shippingservice,0,0,0,0,0,0,0
2026-10-04T14:06:57Z,shippingservice,adservice,0,0,0,0,0,0,0
2026-10-04T14:06:57Z,shippingservice,cartservice,0,0,0,0,0,0,0
2026-10-04T14:06:57Z,shippingservice,checkoutservice,0,0,0,0,0,0,0
2026-10-04T14:06:57Z,shippingservice,currencyservice,0,0,0,0,0,0,0
2026-10-04T14:06:57Z,shippingservice,emailservice,0,0,0,0,0,0,0
2026-10-04T14:06:57Z,shippingservice,frontend,0,0,0,0,0,0,0
2026-10-04T14:06:57Z,shippingservice,kubernetes,0,0,0,0,0,0,0
2026-10-04T14:06:57Z,shippingservice,paymentservice,0,0,0,0,0,0,0
2026-10-04T14:06:57Z,shippingservice,productcatalogservice,0,0,0,0,0,0,0
2026-10-04T14:06:57Z,shippingservice,recommendationservice,0,0,0,0,0,0,0
2026-10-04T14:06:57Z,shippingservice,redis-cart,0,0,0,0,0,0,0
2026-10-04T14:06:57Z,shippingservice,shippingservice,0,0,0,0,0,0,0
2026-10-04T14:06:58Z,adservice,adservice,0,0,0,0,0,0,0
2026-10-04T14:06:58Z,adservice,cartservice,0,0,0,0,0,0,0
2026-10-04T14:06:58Z,adservice,checkoutservice,0,0,0,0,0,0,0
2026-10-04T14:06:58Z,adservice,currencyservice,0,0,0,0,0,0,0
2026-10-04T14:06:58Z,adservice,emailservice,0,0,0,0,0,0,0
2026-10-04T14:06:58Z,adservice,frontend,0,0,0,0,0,0,0
2026-10-04T14:06:58Z,adservice,kubernetes,0,0,0,0,0,0,0
2026-10-04T14:06:58Z,adservice,paymentservice,0,0,0,0,0,0,0
2026-10-04T14:06:58Z,adservice,productcatalogservice,0,0,0,0,0,0,0
2026-10-04T14:06:58Z,adservice,recommendationservice,0,0,0,0,0,0,0
2026-10-04T14:06:58Z,adservice,redis-cart,0,0,0,0,0,0,0
2026-10-04T14:06:58Z,adservice,shippingservice,0,0,0,0,0,0,0
2026-10-04T14:06:58Z,cartservice,adservice,0,0,0,0,0,0,0
2026-10-04T14:06:58Z,cartservice,cartservice,0,0,0,0,0,0,0
2026-10-04T14:06:58Z,cartservice,checkoutservice,0,0,0,0,0,0,0
2026-10-04T14:06:58Z,cartservice,currencyservice,0,0,0,0,0,0,0
2026-10-04T14:06:58Z,cartservice,emailservice,0,0,0,0,0,0,0
2026-10-04T14:06:58Z,cartservice,frontend,0,0,0,0,0,0,0
2026-10-04T14:06:58Z,cartservice,kubernetes,0,0,0,0,0,0,0
2026-10-04T14:06:58Z,cartservice,paymentservice,0,0,0,0,0,0,0
2026-10-04T14:06:58Z,cartservice,productcatalogservice,0,0,0,0,0,0,0
2026-10-04T14:06:58Z,cartservice,recommendationservice,0,0,0,0,0,0,0
2026-10-04T14:06:58Z,cartservice,redis-cart,2,0,0,0,0,0,0
2026-10-04T14:06:58Z,cartservice,shippingservice,0,0,0,0,0,0,0
2026-10-04T14:06:58Z,checkoutservice,adservice,0,0,0,0,0,0,0
2026-10-04T14:06:58Z,checkoutservice,cartservice,41206,40275,0,100,0,608999,40094
2026-10-04T14:06:58Z,checkoutservice,checkoutservice,0,0,0,0,0,0,0
2026-10-04T14:06:58Z,checkoutservice,currencyservice,31999,31999,0,0,0,525821,31911
2026-10-04T14:06:58Z,checkoutservice,emailservice,3241,2956,0,66,0,145550,2862
2026-10-04T14:06:58Z,checkoutservice,frontend,0,0,0,0,0,0,0
2026-10-04T14:06:58Z,checkoutservice,kubernetes,0,0,0,0,0,0,0
2026-10-04T14:06:58Z,checkoutservice,paymentservice,25268,23420,0,192,0,396528,23184
2026-10-04T14:06:58Z,checkoutservice,productcatalogservice,0,0,0,0,0,0,0
2026-10-04T14:06:58Z,checkoutservice,recommendationservice,0,0,0,0,0,0,0
2026-10-04T14:06:58Z,checkoutservice,redis-cart,0,0,0,0,0,0,0
2026-10-04T14:06:58Z,checkoutservice,shippingservice,46517,44414,0,154,0,469351,44235
2026-10-04T14:06:58Z,currencyservice,adservice,0,0,0,0,0,0,0
2026-10-04T14:06:58Z,currencyservice,cartservice,0,0,0,0,0,0,0
2026-10-04T14:06:58Z,currencyservice,checkoutservice,0,0,0,0,0,0,0
2026-10-04T14:06:58Z,currencyservice,currencyservice,0,0,0,0,0,0,0
2026-10-04T14:06:58Z,currencyservice,emailservice,0,0,0,0,0,0,0
2026-10-04T14:06:58Z,currencyservice,frontend,0,0,0,0,0,0,0
2026-10-04T14:06:58Z,currencyservice,kubernetes,0,0,0,0,0,0,0
2026-10-04T14:06:58Z,currencyservice,paymentservice,0,0,0,0,0,0,0
2026-10-04T14:06:58Z,currencyservice,productcatalogservice,0,0,0,0,0,0,0
2026-10-04T14:06:58Z,currencyservice,recommendationservice,0,0,0,0,0,0,0
2026-10-04T14:06:58Z,currencyservice,redis-cart,0,0,0,0,0,0,0
2026-10-04T14:06:58Z,currencyservice,shippingservice,0,0,0,0,0,0,0
2026-10-04T14:06:58Z,emailservice,adservice,0,0,0,0,0,0,0
2026-10-04T14:06:58Z,emailservice,cartservice,0,0,0,0,0,0,0
2026-10-04T14:06:58Z,emailservice,checkoutservice,0,0,0,0,0,0,0
2026-10-04T14:06:58Z,emailservice,currencyservice,0,0,0,0,0,0,0
2026-10-04T14:06:58Z,emailservice,emailservice,0,0,0,0,0,0,0
2026-10-04T14:06:58Z,emailservice,frontend,0,0,0,0,0,0,0
2026-10-04T14:06:58Z,emailservice,kubernetes,0,0,0,0,0,0,0
2026-10-04T14:06:58Z,emailservice,paymentservice,0,0,0,0,0,0,0
2026-10-04T14:06:58Z,emailservice,productcatalogservice,0,0,0,0,0,0,0
2026-10-04T14:06:58Z,emailservice,recommendationservice,0,0,0,0,0,0,0
2026-10-04T14:06:58Z,emailservice,redis-cart,0,0,0,0,0,0,0
2026-10-04T14:06:58Z,emailservice,shippingservice,0,0,0,0,0,0,0
2026-10-04T14:06:58Z,frontend,adservice,825708,825706,0,0,0,2491272,825233
2026-10-04T14:06:58Z,frontend,cartservice,1821743,1821726,0,0,4,10160742,1820300
2026-10-04T14:06:58Z,frontend,checkoutservice,390986,181025,0,40061,169937,61646065,180821
2026-10-04T14:06:58Z,frontend,currencyservice,2897014,2897007,0,0,0,15417237,2894701
2026-10-04T14:06:58Z,frontend,emailservice,0,0,0,0,0,0,0
2026-10-04T14:06:58Z,frontend,frontend,0,0,0,0,0,0,0
2026-10-04T14:06:58Z,frontend,kubernetes,0,0,0,0,0,0,0
2026-10-04T14:06:58Z,frontend,paymentservice,0,0,0,0,0,0,0
2026-10-04T14:06:58Z,frontend,productcatalogservice,8167634,8167562,0,0,0,55963384,8162023
2026-10-04T14:06:58Z,frontend,recommendationservice,2613892,1610104,0,104524,896728,783242726,1608842
2026-10-04T14:06:58Z,frontend,redis-cart,0,0,0,0,0,0,0
2026-10-04T14:06:58Z,frontend,shippingservice,302800,302798,0,0,0,922404,302582
2026-10-04T14:06:58Z,paymentservice,adservice,0,0,0,0,0,0,0
2026-10-04T14:06:58Z,paymentservice,cartservice,0,0,0,0,0,0,0
2026-10-04T14:06:58Z,paymentservice,checkoutservice,0,0,0,0,0,0,0
2026-10-04T14:06:58Z,paymentservice,currencyservice,0,0,0,0,0,0,0
2026-10-04T14:06:58Z,paymentservice,emailservice,0,0,0,0,0,0,0
2026-10-04T14:06:58Z,paymentservice,frontend,0,0,0,0,0,0,0
2026-10-04T14:06:58Z,paymentservice,kubernetes,0,0,0,0,0,0,0
2026-10-04T14:06:58Z,paymentservice,paymentservice,0,0,0,0,0,0,0
2026-10-04T14:06:58Z,paymentservice,productcatalogservice,0,0,0,0,0,0,0
2026-10-04T14:06:58Z,paymentservice,recommendationservice,0,0,0,0,0,0,0
2026-10-04T14:06:58Z,paymentservice,redis-cart,0,0,0,0,0,0,0
2026-10-04T14:06:58Z,paymentservice,shippingservice,0,0,0,0,0,0,0
2026-10-04T14:06:58Z,productcatalogservice,adservice,0,0,0,0,0,0,0
2026-10-04T14:06:58Z,productcatalogservice,cartservice,0,0,0,0,0,0,0
2026-10-04T14:06:58Z,productcatalogservice,checkoutservice,0,0,0,0,0,0,0
2026-10-04T14:06:58Z,productcatalogservice,currencyservice,0,0,0,0,0,0,0
2026-10-04T14:06:58Z,productcatalogservice,emailservice,0,0,0,0,0,0,0
2026-10-04T14:06:58Z,productcatalogservice,frontend,0,0,0,0,0,0,0
2026-10-04T14:06:58Z,productcatalogservice,kubernetes,0,0,0,0,0,0,0
2026-10-04T14:06:58Z,productcatalogservice,paymentservice,0,0,0,0,0,0,0
2026-10-04T14:06:58Z,productcatalogservice,productcatalogservice,0,0,0,0,0,0,0
2026-10-04T14:06:58Z,productcatalogservice,recommendationservice,0,0,0,0,0,0,0
2026-10-04T14:06:58Z,productcatalogservice,redis-cart,0,0,0,0,0,0,0
2026-10-04T14:06:58Z,productcatalogservice,shippingservice,0,0,0,0,0,0,0
2026-10-04T14:06:58Z,recommendationservice,adservice,0,0,0,0,0,0,0
2026-10-04T14:06:58Z,recommendationservice,cartservice,0,0,0,0,0,0,0
2026-10-04T14:06:58Z,recommendationservice,checkoutservice,0,0,0,0,0,0,0
2026-10-04T14:06:58Z,recommendationservice,currencyservice,0,0,0,0,0,0,0
2026-10-04T14:06:58Z,recommendationservice,emailservice,0,0,0,0,0,0,0
2026-10-04T14:06:58Z,recommendationservice,frontend,0,0,0,0,0,0,0
2026-10-04T14:06:58Z,recommendationservice,kubernetes,0,0,0,0,0,0,0
2026-10-04T14:06:58Z,recommendationservice,paymentservice,0,0,0,0,0,0,0
2026-10-04T14:06:58Z,recommendationservice,productcatalogservice,86273,86273,0,0,0,698944,84906
2026-10-04T14:06:58Z,recommendationservice,recommendationservice,0,0,0,0,0,0,0
2026-10-04T14:06:58Z,recommendationservice,redis-cart,0,0,0,0,0,0,0
2026-10-04T14:06:58Z,recommendationservice,shippingservice,0,0,0,0,0,0,0
2026-10-04T14:06:58Z,redis-cart,adservice,0,0,0,0,0,0,0
2026-10-04T14:06:58Z,redis-cart,cartservice,0,0,0,0,0,0,0
2026-10-04T14:06:58Z,redis-cart,checkoutservice,0,0,0,0,0,0,0
2026-10-04T14:06:58Z,redis-cart,currencyservice,0,0,0,0,0,0,0
2026-10-04T14:06:58Z,redis-cart,emailservice,0,0,0,0,0,0,0
2026-10-04T14:06:58Z,redis-cart,frontend,0,0,0,0,0,0,0
2026-10-04T14:06:58Z,redis-cart,kubernetes,0,0,0,0,0,0,0
2026-10-04T14:06:58Z,redis-cart,paymentservice,0,0,0,0,0,0,0
2026-10-04T14:06:58Z,redis-cart,productcatalogservice,0,0,0,0,0,0,0
2026-10-04T14:06:58Z,redis-cart,recommendationservice,0,0,0,0,0,0,0
2026-10-04T14:06:58Z,redis-cart,redis-cart,0,0,0,0,0,0,0
2026-10-04T14:06:58Z,redis-cart,shippingservice,0,0,0,0,0,0,0
2026-10-04T14:06:58Z,shippingservice,adservice,0,0,0,0,0,0,0
2026-10-04T14:06:58Z,shippingservice,cartservice,0,0,0,0,0,0,0
2026-10-04T14:06:58Z,shippingservice,checkoutservice,0,0,0,0,0,0,0
2026-10-04T14:06:58Z,shippingservice,currencyservice,0,0,0,0,0,0,0
2026-10-04T14:06:58Z,shippingservice,emailservice,0,0,0,0,0,0,0
2026-10-04T14:06:58Z,shippingservice,frontend,0,0,0,0,0,0,0
2026-10-04T14:06:58Z,shippingservice,kubernetes,0,0,0,0,0,0,0
2026-10-04T14:06:58Z,shippingservice,paymentservice,0,0,0,0,0,0,0
2026-10-04T14:06:58Z,shippingservice,productcatalogservice,0,0,0,0,0,0,0
2026-10-04T14:06:58Z,shippingservice,recommendationservice,0,0,0,0,0,0,0
2026-10-04T14:06:58Z,shippingservice,redis-cart,0,0,0,0,0,0,0
2026-10-04T14:06:58Z,shippingservice,shippingservice,0,0,0,0,0,0,0
2026-10-04T14:06:59Z,adservice,adservice,0,0,0,0,0,0,0
2026-10-04T14:06:59Z,adservice,cartservice,0,0,0,0,0,0,0
2026-10-04T14:06:59Z,adservice,checkoutservice,0,0,0,0,0,0,0
2026-10-04T14:06:59Z,adservice,currencyservice,0,0,0,0,0,0,0
2026-10-04T14:06:59Z,adservice,emailservice,0,0,0,0,0,0,0
2026-10-04T14:06:59Z,adservice,frontend,0,0,0,0,0,0,0
2026-10-04T14:06:59Z,adservice,kubernetes,0,0,0,0,0,0,0
2026-10-04T14:06:59Z,adservice,paymentservice,0,0,0,0,0,0,0
2026-10-04T14:06:59Z,adservice,productcatalogservice,0,0,0,0,0,0,0
2026-10-04T14:06:59Z,adservice,recommendationservice,0,0,0,0,0,0,0
2026-10-04T14:06:59Z,adservice,redis-cart,0,0,0,0,0,0,0
2026-10-04T14:06:59Z,adservice,shippingservice,0,0,0,0,0,0,0
2026-10-04T14:06:59Z,cartservice,adservice,0,0,0,0,0,0,0
2026-10-04T14:06:59Z,cartservice,cartservice,0,0,0,0,0,0,0
2026-10-04T14:06:59Z,cartservice,checkoutservice,0,0,0,0,0,0,0
2026-10-04T14:06:59Z,cartservice,currencyservice,0,0,0,0,0,0,0
2026-10-04T14:06:59Z,cartservice,emailservice,0,0,0,0,0,0,0
2026-10-04T14:06:59Z,cartservice,frontend,0,0,0,0,0,0,0
2026-10-04T14:06:59Z,cartservice,kubernetes,0,0,0,0,0,0,0
2026-10-04T14:06:59Z,cartservice,paymentservice,0,0,0,0,0,0,0
2026-10-04T14:06:59Z,cartservice,productcatalogservice,0,0,0,0,0,0,0
2026-10-04T14:06:59Z,cartservice,recommendationservice,0,0,0,0,0,0,0
2026-10-04T14:06:59Z,cartservice,redis-cart,2,0,0,0,0,0,0
2026-10-04T14:06:59Z,cartservice,shippingservice,0,0,0,0,0,0,0
2026-10-04T14:06:59Z,checkoutservice,adservice,0,0,0,0,0,0,0
2026-10-04T14:06:59Z,checkoutservice,cartservice,41314,40382,0,100,0,608999,40094
2026-10-04T14:06:59Z,checkoutservice,checkoutservice,0,0,0,0,0,0,0
2026-10-04T14:06:59Z,checkoutservice,currencyservice,32055,32055,0,0,0,525821,31911
2026-10-04T14:06:59Z,checkoutservice,emailservice,3290,3002,0,66,0,145550,2862
2026-10-04T14:06:59Z,checkoutservice,frontend,0,0,0,0,0,0,0
2026-10-04T14:06:59Z,checkoutservice,kubernetes,0,0,0,0,0,0,0
2026-10-04T14:06:59Z,checkoutservice,paymentservice,25324,23472,0,192,0,396528,23184
2026-10-04T14:06:59Z,checkoutservice,productcatalogservice,0,0,0,0,0,0,0
2026-10-04T14:06:59Z,checkoutservice,recommendationservice,0,0,0,0,0,0,0
2026-10-04T14:06:59Z,checkoutservice,redis-cart,0,0,0,0,0,0,0
2026-10-04T14:06:59Z,checkoutservice,shippingservice,46626,44522,0,154,0,469351,44235
2026-10-04T14:06:59Z,currencyservice,adservice,0,0,0,0,0,0,0
2026-10-04T14:06:59Z,currencyservice,cartservice,0,0,0,0,0,0,0
2026-10-04T14:06:59Z,currencyservice,checkoutservice,0,0,0,0,0,0,0
2026-10-04T14:06:59Z,currencyservice,currencyservice,0,0,0,0,0,0,0
2026-10-04T14:06:59Z,currencyservice,emailservice,0,0,0,0,0,0,0
2026-10-04T14:06:59Z,currencyservice,frontend,0,0,0,0,0,0,0
2026-10-04T14:06:59Z,currencyservice,kubernetes,0,0,0,0,0,0,0
2026-10-04T14:06:59Z,currencyservice,paymentservice,0,0,0,0,0,0,0
2026-10-04T14:06:59Z,currencyservice,productcatalogservice,0,0,0,0,0,0,0
2026-10-04T14:06:59Z,currencyservice,recommendationservice,0,0,0,0,0,0,0
2026-10-04T14:06:59Z,currencyservice,redis-cart,0,0,0,0,0,0,0
2026-10-04T14:06:59Z,currencyservice,shippingservice,0,0,0,0,0,0,0
2026-10-04T14:06:59Z,emailservice,adservice,0,0,0,0,0,0,0
2026-10-04T14:06:59Z,emailservice,cartservice,0,0,0,0,0,0,0
2026-10-04T14:06:59Z,emailservice,checkoutservice,0,0,0,0,0,0,0
2026-10-04T14:06:59Z,emailservice,currencyservice,0,0,0,0,0,0,0
2026-10-04T14:06:59Z,emailservice,emailservice,0,0,0,0,0,0,0
2026-10-04T14:06:59Z,emailservice,frontend,0,0,0,0,0,0,0
2026-10-04T14:06:59Z,emailservice,kubernetes,0,0,0,0,0,0,0
2026-10-04T14:06:59Z,emailservice,paymentservice,0,0,0,0,0,0,0
2026-10-04T14:06:59Z,emailservice,productcatalogservice,0,0,0,0,0,0,0
2026-10-04T14:06:59Z,emailservice,recommendationservice,0,0,0,0,0,0,0
2026-10-04T14:06:59Z,emailservice,redis-cart,0,0,0,0,0,0,0
2026-10-04T14:06:59Z,emailservice,shippingservice,0,0,0,0,0,0,0
2026-10-04T14:06:59Z,frontend,adservice,825867,825865,0,0,0,2492795,825722
2026-10-04T14:06:59Z,frontend,cartservice,1822131,1822118,0,0,4,10167474,1821777
2026-10-04T14:06:59Z,frontend,checkoutservice,391051,181079,0,40061,169937,61671783,181036
2026-10-04T14:06:59Z,frontend,currencyservice,2897627,2897619,0,0,0,15426646,2897089
2026-10-04T14:06:59Z,frontend,emailservice,0,0,0,0,0,0,0
2026-10-04T14:06:59Z,frontend,frontend,0,0,0,0,0,0,0
2026-10-04T14:06:59Z,frontend,kubernetes,0,0,0,0,0,0,0
2026-10-04T14:06:59Z,frontend,paymentservice,0,0,0,0,0,0,0
2026-10-04T14:06:59Z,frontend,productcatalogservice,8169323,8169247,0,0,0,55997158,8167787
2026-10-04T14:06:59Z,frontend,recommendationservice,2614651,1610445,0,104578,897096,784291541,1610133
2026-10-04T14:06:59Z,frontend,redis-cart,0,0,0,0,0,0,0
2026-10-04T14:06:59Z,frontend,shippingservice,302849,302846,0,0,0,923007,302805
2026-10-04T14:06:59Z,paymentservice,adservice,0,0,0,0,0,0,0
2026-10-04T14:06:59Z,paymentservice,cartservice,0,0,0,0,0,0,0
2026-10-04T14:06:59Z,paymentservice,checkoutservice,0,0,0,0,0,0,0
2026-10-04T14:06:59Z,paymentservice,currencyservice,0,0,0,0,0,0,0
2026-10-04T14:06:59Z,paymentservice,emailservice,0,0,0,0,0,0,0
2026-10-04T14:06:59Z,paymentservice,frontend,0,0,0,0,0,0,0
2026-10-04T14:06:59Z,paymentservice,kubernetes,0,0,0,0,0,0,0
2026-10-04T14:06:59Z,paymentservice,paymentservice,0,0,0,0,0,0,0
2026-10-04T14:06:59Z,paymentservice,productcatalogservice,0,0,0,0,0,0,0
2026-10-04T14:06:59Z,paymentservice,recommendationservice,0,0,0,0,0,0,0
2026-10-04T14:06:59Z,paymentservice,redis-cart,0,0,0,0,0,0,0
2026-10-04T14:06:59Z,paymentservice,shippingservice,0,0,0,0,0,0,0
2026-10-04T14:06:59Z,productcatalogservice,adservice,0,0,0,0,0,0,0
2026-10-04T14:06:59Z,productcatalogservice,cartservice,0,0,0,0,0,0,0
2026-10-04T14:06:59Z,productcatalogservice,checkoutservice,0,0,0,0,0,0,0
2026-10-04T14:06:59Z,productcatalogservice,currencyservice,0,0,0,0,0,0,0
2026-10-04T14:06:59Z,productcatalogservice,emailservice,0,0,0,0,0,0,0
2026-10-04T14:06:59Z,productcatalogservice,frontend,0,0,0,0,0,0,0
2026-10-04T14:06:59Z,productcatalogservice,kubernetes,0,0,0,0,0,0,0
2026-10-04T14:06:59Z,productcatalogservice,paymentservice,0,0,0,0,0,0,0
2026-10-04T14:06:59Z,productcatalogservice,productcatalogservice,0,0,0,0,0,0,0
2026-10-04T14:06:59Z,productcatalogservice,recommendationservice,0,0,0,0,0,0,0
2026-10-04T14:06:59Z,productcatalogservice,redis-cart,0,0,0,0,0,0,0
2026-10-04T14:06:59Z,productcatalogservice,shippingservice,0,0,0,0,0,0,0
2026-10-04T14:06:59Z,recommendationservice,adservice,0,0,0,0,0,0,0
2026-10-04T14:06:59Z,recommendationservice,cartservice,0,0,0,0,0,0,0
2026-10-04T14:06:59Z,recommendationservice,checkoutservice,0,0,0,0,0,0,0
2026-10-04T14:06:59Z,recommendationservice,currencyservice,0,0,0,0,0,0,0
2026-10-04T14:06:59Z,recommendationservice,emailservice,0,0,0,0,0,0,0
2026-10-04T14:06:59Z,recommendationservice,frontend,0,0,0,0,0,0,0
2026-10-04T14:06:59Z,recommendationservice,kubernetes,0,0,0,0,0,0,0
2026-10-04T14:06:59Z,recommendationservice,paymentservice,0,0,0,0,0,0,0
2026-10-04T14:06:59Z,recommendationservice,productcatalogservice,86682,86681,0,0,0,698944,84906
2026-10-04T14:06:59Z,recommendationservice,recommendationservice,0,0,0,0,0,0,0
2026-10-04T14:06:59Z,recommendationservice,redis-cart,0,0,0,0,0,0,0
2026-10-04T14:06:59Z,recommendationservice,shippingservice,0,0,0,0,0,0,0
2026-10-04T14:06:59Z,redis-cart,adservice,0,0,0,0,0,0,0
2026-10-04T14:06:59Z,redis-cart,cartservice,0,0,0,0,0,0,0
2026-10-04T14:06:59Z,redis-cart,checkoutservice,0,0,0,0,0,0,0
2026-10-04T14:06:59Z,redis-cart,currencyservice,0,0,0,0,0,0,0
2026-10-04T14:06:59Z,redis-cart,emailservice,0,0,0,0,0,0,0
2026-10-04T14:06:59Z,redis-cart,frontend,0,0,0,0,0,0,0
2026-10-04T14:06:59Z,redis-cart,kubernetes,0,0,0,0,0,0,0
2026-10-04T14:06:59Z,redis-cart,paymentservice,0,0,0,0,0,0,0
2026-10-04T14:06:59Z,redis-cart,productcatalogservice,0,0,0,0,0,0,0
2026-10-04T14:06:59Z,redis-cart,recommendationservice,0,0,0,0,0,0,0
2026-10-04T14:06:59Z,redis-cart,redis-cart,0,0,0,0,0,0,0
2026-10-04T14:06:59Z,redis-cart,shippingservice,0,0,0,0,0,0,0
2026-10-04T14:06:59Z,shippingservice,adservice,0,0,0,0,0,0,0
2026-10-04T14:06:59Z,shippingservice,cartservice,0,0,0,0,0,0,0
2026-10-04T14:06:59Z,shippingservice,checkoutservice,0,0,0,0,0,0,0
2026-10-04T14:06:59Z,shippingservice,currencyservice,0,0,0,0,0,0,0
2026-10-04T14:06:59Z,shippingservice,emailservice,0,0,0,0,0,0,0
2026-10-04T14:06:59Z,shippingservice,frontend,0,0,0,0,0,0,0
2026-10-04T14:06:59Z,shippingservice,kubernetes,0,0,0,0,0,0,0
2026-10-04T14:06:59Z,shippingservice,paymentservice,0,0,0,0,0,0,0
2026-10-04T14:06:59Z,shippingservice,productcatalogservice,0,0,0,0,0,0,0
2026-10-04T14:06:59Z,shippingservice,recommendationservice,0,0,0,0,0,0,0
2026-10-04T14:06:59Z,shippingservice,redis-cart,0,0,0,0,0,0,0
2026-10-04T14:06:59Z,shippingservice,shippingservice,0,0,0,0,0,0,0
2026-10-04T14:07:00Z,adservice,adservice,0,0,0,0,0,0,0
2026-10-04T14:07:00Z,adservice,cartservice,0,0,0,0,0,0,0
2026-10-04T14:07:00Z,adservice,checkoutservice,0,0,0,0,0,0,0
2026-10-04T14:07:00Z,adservice,currencyservice,0,0,0,0,0,0,0
2026-10-04T14:07:00Z,adservice,emailservice,0,0,0,0,0,0,0
2026-10-04T14:07:00Z,adservice,frontend,0,0,0,0,0,0,0
2026-10-04T14:07:00Z,adservice,kubernetes,0,0,0,0,0,0,0
2026-10-04T14:07:00Z,adservice,paymentservice,0,0,0,0,0,0,0
2026-10-04T14:07:00Z,adservice,productcatalogservice,0,0,0,0,0,0,0
2026-10-04T14:07:00Z,adservice,recommendationservice,0,0,0,0,0,0,0
2026-10-04T14:07:00Z,adservice,redis-cart,0,0,0,0,0,0,0
2026-10-04T14:07:00Z,adservice,shippingservice,0,0,0,0,0,0,0
2026-10-04T14:07:00Z,cartservice,adservice,0,0,0,0,0,0,0
2026-10-04T14:07:00Z,cartservice,cartservice,0,0,0,0,0,0,0
2026-10-04T14:07:00Z,cartservice,checkoutservice,0,0,0,0,0,0,0
2026-10-04T14:07:00Z,cartservice,currencyservice,0,0,0,0,0,0,0
2026-10-04T14:07:00Z,cartservice,emailservice,0,0,0,0,0,0,0
2026-10-04T14:07:00Z,cartservice,frontend,0,0,0,0,0,0,0
2026-10-04T14:07:00Z,cartservice,kubernetes,0,0,0,0,0,0,0
2026-10-04T14:07:00Z,cartservice,paymentservice,0,0,0,0,0,0,0
2026-10-04T14:07:00Z,cartservice,productcatalogservice,0,0,0,0,0,0,0
2026-10-04T14:07:00Z,cartservice,recommendationservice,0,0,0,0,0,0,0
2026-10-04T14:07:00Z,cartservice,redis-cart,2,0,0,0,0,0,0
2026-10-04T14:07:00Z,cartservice,shippingservice,0,0,0,0,0,0,0
2026-10-04T14:07:00Z,checkoutservice,adservice,0,0,0,0,0,0,0
2026-10-04T14:07:00Z,checkoutservice,cartservice,41423,40492,0,100,0,608999,40094
2026-10-04T14:07:00Z,checkoutservice,checkoutservice,0,0,0,0,0,0,0
2026-10-04T14:07:00Z,checkoutservice,currencyservice,32108,32108,0,0,0,525821,31911
2026-10-04T14:07:00Z,checkoutservice,emailservice,3348,3062,0,66,0,145550,2862
2026-10-04T14:07:00Z,checkoutservice,frontend,0,0,0,0,0,0,0
2026-10-04T14:07:00Z,checkoutservice,kubernetes,0,0,0,0,0,0,0
2026-10-04T14:07:00Z,checkoutservice,paymentservice,25377,23529,0,192,0,396528,23184
2026-10-04T14:07:00Z,checkoutservice,productcatalogservice,0,0,0,0,0,0,0
2026-10-04T14:07:00Z,checkoutservice,recommendationservice,0,0,0,0,0,0,0
2026-10-04T14:07:00Z,checkoutservice,redis-cart,0,0,0,0,0,0,0
2026-10-04T14:07:00Z,checkoutservice,shippingservice,46735,44631,0,154,0,469351,44235
2026-10-04T14:07:00Z,currencyservice,adservice,0,0,0,0,0,0,0
2026-10-04T14:07:00Z,currencyservice,cartservice,0,0,0,0,0,0,0
2026-10-04T14:07:00Z,currencyservice,checkoutservice,0,0,0,0,0,0,0
2026-10-04T14:07:00Z,currencyservice,currencyservice,0,0,0,0,0,0,0
2026-10-04T14:07:00Z,currencyservice,emailservice,0,0,0,0,0,0,0
2026-10-04T14:07:00Z,currencyservice,frontend,0,0,0,0,0,0,0
2026-10-04T14:07:00Z,currencyservice,kubernetes,0,0,0,0,0,0,0
2026-10-04T14:07:00Z,currencyservice,paymentservice,0,0,0,0,0,0,0
2026-10-04T14:07:00Z,currencyservice,productcatalogservice,0,0,0,0,0,0,0
2026-10-04T14:07:00Z,currencyservice,recommendationservice,0,0,0,0,0,0,0
2026-10-04T14:07:00Z,currencyservice,redis-cart,0,0,0,0,0,0,0
2026-10-04T14:07:00Z,currencyservice,shippingservice,0,0,0,0,0,0,0
2026-10-04T14:07:00Z,emailservice,adservice,0,0,0,0,0,0,0
2026-10-04T14:07:00Z,emailservice,cartservice,0,0,0,0,0,0,0
2026-10-04T14:07:00Z,emailservice,checkoutservice,0,0,0,0,0,0,0
2026-10-04T14:07:00Z,emailservice,currencyservice,0,0,0,0,0,0,0
2026-10-04T14:07:00Z,emailservice,emailservice,0,0,0,0,0,0,0
2026-10-04T14:07:00Z,emailservice,frontend,0,0,0,0,0,0,0
2026-10-04T14:07:00Z,emailservice,kubernetes,0,0,0,0,0,0,0
2026-10-04T14:07:00Z,emailservice,paymentservice,0,0,0,0,0,0,0
2026-10-04T14:07:00Z,emailservice,productcatalogservice,0,0,0,0,0,0,0
2026-10-04T14:07:00Z,emailservice,recommendationservice,0,0,0,0,0,0,0
2026-10-04T14:07:00Z,emailservice,redis-cart,0,0,0,0,0,0,0
2026-10-04T14:07:00Z,emailservice,shippingservice,0,0,0,0,0,0,0
2026-10-04T14:07:00Z,frontend,adservice,826036,826031,0,0,0,2492795,825722
2026-10-04T14:07:00Z,frontend,cartservice,1822557,1822540,0,0,4,10167474,1821777
2026-10-04T14:07:00Z,frontend,checkoutservice,391102,181138,0,40061,169938,61671783,181036
2026-10-04T14:07:00Z,frontend,currencyservice,2898278,2898269,0,0,0,15426646,2897089
2026-10-04T14:07:00Z,frontend,emailservice,0,0,0,0,0,0,0
2026-10-04T14:07:00Z,frontend,frontend,0,0,0,0,0,0,0
2026-10-04T14:07:00Z,frontend,kubernetes,0,0,0,0,0,0,0
2026-10-04T14:07:00Z,frontend,paymentservice,0,0,0,0,0,0,0
2026-10-04T14:07:00Z,frontend,productcatalogservice,8170988,8170911,0,0,0,55997158,8167787
2026-10-04T14:07:00Z,frontend,recommendationservice,2615412,1610811,0,104624,897442,784291541,1610133
2026-10-04T14:07:00Z,frontend,redis-cart,0,0,0,0,0,0,0
2026-10-04T14:07:00Z,frontend,shippingservice,302897,302895,0,0,0,923007,302805
2026-10-04T14:07:00Z,paymentservice,adservice,0,0,0,0,0,0,0
2026-10-04T14:07:00Z,paymentservice,cartservice,0,0,0,0,0,0,0
2026-10-04T14:07:00Z,paymentservice,checkoutservice,0,0,0,0,0,0,0
2026-10-04T14:07:00Z,paymentservice,currencyservice,0,0,0,0,0,0,0
2026-10-04T14:07:00Z,paymentservice,emailservice,0,0,0,0,0,0,0
2026-10-04T14:07:00Z,paymentservice,frontend,0,0,0,0,0,0,0
2026-10-04T14:07:00Z,paymentservice,kubernetes,0,0,0,0,0,0,0
2026-10-04T14:07:00Z,paymentservice,paymentservice,0,0,0,0,0,0,0
2026-10-04T14:07:00Z,paymentservice,productcatalogservice,0,0,0,0,0,0,0
2026-10-04T14:07:00Z,paymentservice,recommendationservice,0,0,0,0,0,0,0
2026-10-04T14:07:00Z,paymentservice,redis-cart,0,0,0,0,0,0,0
2026-10-04T14:07:00Z,paymentservice,shippingservice,0,0,0,0,0,0,0
2026-10-04T14:07:00Z,productcatalogservice,adservice,0,0,0,0,0,0,0
2026-10-04T14:07:00Z,productcatalogservice,cartservice,0,0,0,0,0,0,0
2026-10-04T14:07:00Z,productcatalogservice,checkoutservice,0,0,0,0,0,0,0
2026-10-04T14:07:00Z,productcatalogservice,currencyservice,0,0,0,0,0,0,0
2026-10-04T14:07:00Z,productcatalogservice,emailservice,0,0,0,0,0,0,0
2026-10-04T14:07:00Z,productcatalogservice,frontend,0,0,0,0,0,0,0
2026-10-04T14:07:00Z,productcatalogservice,kubernetes,0,0,0,0,0,0,0
2026-10-04T14:07:00Z,productcatalogservice,paymentservice,0,0,0,0,0,0,0
2026-10-04T14:07:00Z,productcatalogservice,productcatalogservice,0,0,0,0,0,0,0
2026-10-04T14:07:00Z,productcatalogservice,recommendationservice,0,0,0,0,0,0,0
2026-10-04T14:07:00Z,productcatalogservice,redis-cart,0,0,0,0,0,0,0
2026-10-04T14:07:00Z,productcatalogservice,shippingservice,0,0,0,0,0,0,0
2026-10-04T14:07:00Z,recommendationservice,adservice,0,0,0,0,0,0,0
2026-10-04T14:07:00Z,recommendationservice,cartservice,0,0,0,0,0,0,0
2026-10-04T14:07:00Z,recommendationservice,checkoutservice,0,0,0,0,0,0,0
2026-10-04T14:07:00Z,recommendationservice,currencyservice,0,0,0,0,0,0,0
2026-10-04T14:07:00Z,recommendationservice,emailservice,0,0,0,0,0,0,0
2026-10-04T14:07:00Z,recommendationservice,frontend,0,0,0,0,0,0,0
2026-10-04T14:07:00Z,recommendationservice,kubernetes,0,0,0,0,0,0,0
2026-10-04T14:07:00Z,recommendationservice,paymentservice,0,0,0,0,0,0,0
2026-10-04T14:07:00Z,recommendationservice,productcatalogservice,87117,87116,0,0,0,710506,86977
2026-10-04T14:07:00Z,recommendationservice,recommendationservice,0,0,0,0,0,0,0
2026-10-04T14:07:00Z,recommendationservice,redis-cart,0,0,0,0,0,0,0
2026-10-04T14:07:00Z,recommendationservice,shippingservice,0,0,0,0,0,0,0
2026-10-04T14:07:00Z,redis-cart,adservice,0,0,0,0,0,0,0
2026-10-04T14:07:00Z,redis-cart,cartservice,0,0,0,0,0,0,0
2026-10-04T14:07:00Z,redis-cart,checkoutservice,0,0,0,0,0,0,0
2026-10-04T14:07:00Z,redis-cart,currencyservice,0,0,0,0,0,0,0
2026-10-04T14:07:00Z,redis-cart,emailservice,0,0,0,0,0,0,0
2026-10-04T14:07:00Z,redis-cart,frontend,0,0,0,0,0,0,0
2026-10-04T14:07:00Z,redis-cart,kubernetes,0,0,0,0,0,0,0
2026-10-04T14:07:00Z,redis-cart,paymentservice,0,0,0,0,0,0,0
2026-10-04T14:07:00Z,redis-cart,productcatalogservice,0,0,0,0,0,0,0
2026-10-04T14:07:00Z,redis-cart,recommendationservice,0,0,0,0,0,0,0
2026-10-04T14:07:00Z,redis-cart,redis-cart,0,0,0,0,0,0,0
2026-10-04T14:07:00Z,redis-cart,shippingservice,0,0,0,0,0,0,0
2026-10-04T14:07:00Z,shippingservice,adservice,0,0,0,0,0,0,0
2026-10-04T14:07:00Z,shippingservice,cartservice,0,0,0,0,0,0,0
2026-10-04T14:07:00Z,shippingservice,checkoutservice,0,0,0,0,0,0,0
2026-10-04T14:07:00Z,shippingservice,currencyservice,0,0,0,0,0,0,0
2026-10-04T14:07:00Z,shippingservice,emailservice,0,0,0,0,0,0,0
2026-10-04T14:07:00Z,shippingservice,frontend,0,0,0,0,0,0,0
2026-10-04T14:07:00Z,shippingservice,kubernetes,0,0,0,0,0,0,0
2026-10-04T14:07:00Z,shippingservice,paymentservice,0,0,0,0,0,0,0
2026-10-04T14:07:00Z,shippingservice,productcatalogservice,0,0,0,0,0,0,0
2026-10-04T14:07:00Z,shippingservice,recommendationservice,0,0,0,0,0,0,0
2026-10-04T14:07:00Z,shippingservice,redis-cart,0,0,0,0,0,0,0
2026-10-04T14:07:00Z,shippingservice,shippingservice,0,0,0,0,0,0,0
2026-10-04T14:07:01Z,adservice,adservice,0,0,0,0,0,0,0
2026-10-04T14:07:01Z,adservice,cartservice,0,0,0,0,0,0,0
2026-10-04T14:07:01Z,adservice,checkoutservice,0,0,0,0,0,0,0
2026-10-04T14:07:01Z,adservice,currencyservice,0,0,0,0,0,0,0
2026-10-04T14:07:01Z,adservice,emailservice,0,0,0,0,0,0,0
2026-10-04T14:07:01Z,adservice,frontend,0,0,0,0,0,0,0
2026-10-04T14:07:01Z,adservice,kubernetes,0,0,0,0,0,0,0
2026-10-04T14:07:01Z,adservice,paymentservice,0,0,0,0,0,0,0
2026-10-04T14:07:01Z,adservice,productcatalogservice,0,0,0,0,0,0,0
2026-10-04T14:07:01Z,adservice,recommendationservice,0,0,0,0,0,0,0
2026-10-04T14:07:01Z,adservice,redis-cart,0,0,0,0,0,0,0
2026-10-04T14:07:01Z,adservice,shippingservice,0,0,0,0,0,0,0
2026-10-04T14:07:01Z,cartservice,adservice,0,0,0,0,0,0,0
2026-10-04T14:07:01Z,cartservice,cartservice,0,0,0,0,0,0,0
2026-10-04T14:07:01Z,cartservice,checkoutservice,0,0,0,0,0,0,0
2026-10-04T14:07:01Z,cartservice,currencyservice,0,0,0,0,0,0,0
2026-10-04T14:07:01Z,cartservice,emailservice,0,0,0,0,0,0,0
2026-10-04T14:07:01Z,cartservice,frontend,0,0,0,0,0,0,0
2026-10-04T14:07:01Z,cartservice,kubernetes,0,0,0,0,0,0,0
2026-10-04T14:07:01Z,cartservice,paymentservice,0,0,0,0,0,0,0
2026-10-04T14:07:01Z,cartservice,productcatalogservice,0,0,0,0,0,0,0
2026-10-04T14:07:01Z,cartservice,recommendationservice,0,0,0,0,0,0,0
2026-10-04T14:07:01Z,cartservice,redis-cart,2,0,0,0,0,0,0
2026-10-04T14:07:01Z,cartservice,shippingservice,0,0,0,0,0,0,0
2026-10-04T14:07:01Z,checkoutservice,adservice,0,0,0,0,0,0,0
2026-10-04T14:07:01Z,checkoutservice,cartservice,41540,40609,0,100,0,608999,40094
2026-10-04T14:07:01Z,checkoutservice,checkoutservice,0,0,0,0,0,0,0
2026-10-04T14:07:01Z,checkoutservice,currencyservice,32167,32167,0,0,0,525821,31911
2026-10-04T14:07:01Z,checkoutservice,emailservice,3407,3122,0,66,0,145550,2862
2026-10-04T14:07:01Z,checkoutservice,frontend,0,0,0,0,0,0,0
2026-10-04T14:07:01Z,checkoutservice,kubernetes,0,0,0,0,0,0,0
2026-10-04T14:07:01Z,checkoutservice,paymentservice,25436,23588,0,192,0,396528,23184
2026-10-04T14:07:01Z,checkoutservice,productcatalogservice,0,0,0,0,0,0,0
2026-10-04T14:07:01Z,checkoutservice,recommendationservice,0,0,0,0,0,0,0
2026-10-04T14:07:01Z,checkoutservice,redis-cart,0,0,0,0,0,0,0
2026-10-04T14:07:01Z,checkoutservice,shippingservice,46853,44750,0,154,0,469351,44235
2026-10-04T14:07:01Z,currencyservice,adservice,0,0,0,0,0,0,0
2026-10-04T14:07:01Z,currencyservice,cartservice,0,0,0,0,0,0,0
2026-10-04T14:07:01Z,currencyservice,checkoutservice,0,0,0,0,0,0,0
2026-10-04T14:07:01Z,currencyservice,currencyservice,0,0,0,0,0,0,0
2026-10-04T14:07:01Z,currencyservice,emailservice,0,0,0,0,0,0,0
2026-10-04T14:07:01Z,currencyservice,frontend,0,0,0,0,0,0,0
2026-10-04T14:07:01Z,currencyservice,kubernetes,0,0,0,0,0,0,0
2026-10-04T14:07:01Z,currencyservice,paymentservice,0,0,0,0,0,0,0
2026-10-04T14:07:01Z,currencyservice,productcatalogservice,0,0,0,0,0,0,0
2026-10-04T14:07:01Z,currencyservice,recommendationservice,0,0,0,0,0,0,0
2026-10-04T14:07:01Z,currencyservice,redis-cart,0,0,0,0,0,0,0
2026-10-04T14:07:01Z,currencyservice,shippingservice,0,0,0,0,0,0,0
2026-10-04T14:07:01Z,emailservice,adservice,0,0,0,0,0,0,0
2026-10-04T14:07:01Z,emailservice,cartservice,0,0,0,0,0,0,0
2026-10-04T14:07:01Z,emailservice,checkoutservice,0,0,0,0,0,0,0
2026-10-04T14:07:01Z,emailservice,currencyservice,0,0,0,0,0,0,0
2026-10-04T14:07:01Z,emailservice,emailservice,0,0,0,0,0,0,0
2026-10-04T14:07:01Z,emailservice,frontend,0,0,0,0,0,0,0
2026-10-04T14:07:01Z,emailservice,kubernetes,0,0,0,0,0,0,0
2026-10-04T14:07:01Z,emailservice,paymentservice,0,0,0,0,0,0,0
2026-10-04T14:07:01Z,emailservice,productcatalogservice,0,0,0,0,0,0,0
2026-10-04T14:07:01Z,emailservice,recommendationservice,0,0,0,0,0,0,0
2026-10-04T14:07:01Z,emailservice,redis-cart,0,0,0,0,0,0,0
2026-10-04T14:07:01Z,emailservice,shippingservice,0,0,0,0,0,0,0
2026-10-04T14:07:01Z,frontend,adservice,826196,826192,0,0,0,2492795,825722
2026-10-04T14:07:01Z,frontend,cartservice,1822928,1822915,0,0,4,10167474,1821777
2026-10-04T14:07:01Z,frontend,checkoutservice,391160,181197,0,40061,169938,61671783,181036
2026-10-04T14:07:01Z,frontend,currencyservice,2898888,2898879,0,0,0,15426646,2897089
2026-10-04T14:07:01Z,frontend,emailservice,0,0,0,0,0,0,0
2026-10-04T14:07:01Z,frontend,frontend,0,0,0,0,0,0,0
2026-10-04T14:07:01Z,frontend,kubernetes,0,0,0,0,0,0,0
2026-10-04T14:07:01Z,frontend,paymentservice,0,0,0,0,0,0,0
2026-10-04T14:07:01Z,frontend,productcatalogservice,8172565,8172495,0,0,0,55997158,8167787
2026-10-04T14:07:01Z,frontend,recommendationservice,2616170,1611144,0,104665,897836,784291541,1610133
2026-10-04T14:07:01Z,frontend,redis-cart,0,0,0,0,0,0,0
2026-10-04T14:07:01Z,frontend,shippingservice,302935,302933,0,0,0,923007,302805
2026-10-04T14:07:01Z,paymentservice,adservice,0,0,0,0,0,0,0
2026-10-04T14:07:01Z,paymentservice,cartservice,0,0,0,0,0,0,0
2026-10-04T14:07:01Z,paymentservice,checkoutservice,0,0,0,0,0,0,0
2026-10-04T14:07:01Z,paymentservice,currencyservice,0,0,0,0,0,0,0
2026-10-04T14:07:01Z,paymentservice,emailservice,0,0,0,0,0,0,0
2026-10-04T14:07:01Z,paymentservice,frontend,0,0,0,0,0,0,0
2026-10-04T14:07:01Z,paymentservice,kubernetes,0,0,0,0,0,0,0
2026-10-04T14:07:01Z,paymentservice,paymentservice,0,0,0,0,0,0,0
2026-10-04T14:07:01Z,paymentservice,productcatalogservice,0,0,0,0,0,0,0
2026-10-04T14:07:01Z,paymentservice,recommendationservice,0,0,0,0,0,0,0
2026-10-04T14:07:01Z,paymentservice,redis-cart,0,0,0,0,0,0,0
2026-10-04T14:07:01Z,paymentservice,shippingservice,0,0,0,0,0,0,0
2026-10-04T14:07:01Z,productcatalogservice,adservice,0,0,0,0,0,0,0
2026-10-04T14:07:01Z,productcatalogservice,cartservice,0,0,0,0,0,0,0
2026-10-04T14:07:01Z,productcatalogservice,checkoutservice,0,0,0,0,0,0,0
2026-10-04T14:07:01Z,productcatalogservice,currencyservice,0,0,0,0,0,0,0
2026-10-04T14:07:01Z,productcatalogservice,emailservice,0,0,0,0,0,0,0
2026-10-04T14:07:01Z,productcatalogservice,frontend,0,0,0,0,0,0,0
2026-10-04T14:07:01Z,productcatalogservice,kubernetes,0,0,0,0,0,0,0
2026-10-04T14:07:01Z,productcatalogservice,paymentservice,0,0,0,0,0,0,0
2026-10-04T14:07:01Z,productcatalogservice,productcatalogservice,0,0,0,0,0,0,0
2026-10-04T14:07:01Z,productcatalogservice,recommendationservice,0,0,0,0,0,0,0
2026-10-04T14:07:01Z,productcatalogservice,redis-cart,0,0,0,0,0,0,0
2026-10-04T14:07:01Z,productcatalogservice,shippingservice,0,0,0,0,0,0,0
2026-10-04T14:07:01Z,recommendationservice,adservice,0,0,0,0,0,0,0
2026-10-04T14:07:01Z,recommendationservice,cartservice,0,0,0,0,0,0,0
2026-10-04T14:07:01Z,recommendationservice,checkoutservice,0,0,0,0,0,0,0
2026-10-04T14:07:01Z,recommendationservice,currencyservice,0,0,0,0,0,0,0
2026-10-04T14:07:01Z,recommendationservice,emailservice,0,0,0,0,0,0,0
2026-10-04T14:07:01Z,recommendationservice,frontend,0,0,0,0,0,0,0
2026-10-04T14:07:01Z,recommendationservice,kubernetes,0,0,0,0,0,0,0
2026-10-04T14:07:01Z,recommendationservice,paymentservice,0,0,0,0,0,0,0
2026-10-04T14:07:01Z,recommendationservice,productcatalogservice,87516,87507,0,0,0,710506,86977
2026-10-04T14:07:01Z,recommendationservice,recommendationservice,0,0,0,0,0,0,0
2026-10-04T14:07:01Z,recommendationservice,redis-cart,0,0,0,0,0,0,0
2026-10-04T14:07:01Z,recommendationservice,shippingservice,0,0,0,0,0,0,0
2026-10-04T14:07:01Z,redis-cart,adservice,0,0,0,0,0,0,0
2026-10-04T14:07:01Z,redis-cart,cartservice,0,0,0,0,0,0,0
2026-10-04T14:07:01Z,redis-cart,checkoutservice,0,0,0,0,0,0,0
2026-10-04T14:07:01Z,redis-cart,currencyservice,0,0,0,0,0,0,0
2026-10-04T14:07:01Z,redis-cart,emailservice,0,0,0,0,0,0,0
2026-10-04T14:07:01Z,redis-cart,frontend,0,0,0,0,0,0,0
2026-10-04T14:07:01Z,redis-cart,kubernetes,0,0,0,0,0,0,0
2026-10-04T14:07:01Z,redis-cart,paymentservice,0,0,0,0,0,0,0
2026-10-04T14:07:01Z,redis-cart,productcatalogservice,0,0,0,0,0,0,0
2026-10-04T14:07:01Z,redis-cart,recommendationservice,0,0,0,0,0,0,0
2026-10-04T14:07:01Z,redis-cart,redis-cart,0,0,0,0,0,0,0
2026-10-04T14:07:01Z,redis-cart,shippingservice,0,0,0,0,0,0,0
2026-10-04T14:07:01Z,shippingservice,adservice,0,0,0,0,0,0,0
2026-10-04T14:07:01Z,shippingservice,cartservice,0,0,0,0,0,0,0
2026-10-04T14:07:01Z,shippingservice,checkoutservice,0,0,0,0,0,0,0
2026-10-04T14:07:01Z,shippingservice,currencyservice,0,0,0,0,0,0,0
2026-10-04T14:07:01Z,shippingservice,emailservice,0,0,0,0,0,0,0
2026-10-04T14:07:01Z,shippingservice,frontend,0,0,0,0,0,0,0
2026-10-04T14:07:01Z,shippingservice,kubernetes,0,0,0,0,0,0,0
2026-10-04T14:07:01Z,shippingservice,paymentservice,0,0,0,0,0,0,0
2026-10-04T14:07:01Z,shippingservice,productcatalogservice,0,0,0,0,0,0,0
2026-10-04T14:07:01Z,shippingservice,recommendationservice,0,0,0,0,0,0,0
2026-10-04T14:07:01Z,shippingservice,redis-cart,0,0,0,0,0,0,0
2026-10-04T14:07:01Z,shippingservice,shippingservice,0,0,0,0,0,0,0
2026-10-04T14:07:02Z,adservice,adservice,0,0,0,0,0,0,0
2026-10-04T14:07:02Z,adservice,cartservice,0,0,0,0,0,0,0
2026-10-04T14:07:02Z,adservice,checkoutservice,0,0,0,0,0,0,0
2026-10-04T14:07:02Z,adservice,currencyservice,0,0,0,0,0,0,0
2026-10-04T14:07:02Z,adservice,emailservice,0,0,0,0,0,0,0
2026-10-04T14:07:02Z,adservice,frontend,0,0,0,0,0,0,0
2026-10-04T14:07:02Z,adservice,kubernetes,0,0,0,0,0,0,0
2026-10-04T14:07:02Z,adservice,paymentservice,0,0,0,0,0,0,0
2026-10-04T14:07:02Z,adservice,productcatalogservice,0,0,0,0,0,0,0
2026-10-04T14:07:02Z,adservice,recommendationservice,0,0,0,0,0,0,0
2026-10-04T14:07:02Z,adservice,redis-cart,0,0,0,0,0,0,0
2026-10-04T14:07:02Z,adservice,shippingservice,0,0,0,0,0,0,0
2026-10-04T14:07:02Z,cartservice,adservice,0,0,0,0,0,0,0
2026-10-04T14:07:02Z,cartservice,cartservice,0,0,0,0,0,0,0
2026-10-04T14:07:02Z,cartservice,checkoutservice,0,0,0,0,0,0,0
2026-10-04T14:07:02Z,cartservice,currencyservice,0,0,0,0,0,0,0
2026-10-04T14:07:02Z,cartservice,emailservice,0,0,0,0,0,0,0
2026-10-04T14:07:02Z,cartservice,frontend,0,0,0,0,0,0,0
2026-10-04T14:07:02Z,cartservice,kubernetes,0,0,0,0,0,0,0
2026-10-04T14:07:02Z,cartservice,paymentservice,0,0,0,0,0,0,0
2026-10-04T14:07:02Z,cartservice,productcatalogservice,0,0,0,0,0,0,0
2026-10-04T14:07:02Z,cartservice,recommendationservice,0,0,0,0,0,0,0
2026-10-04T14:07:02Z,cartservice,redis-cart,2,0,0,0,0,0,0
2026-10-04T14:07:02Z,cartservice,shippingservice,0,0,0,0,0,0,0
2026-10-04T14:07:02Z,checkoutservice,adservice,0,0,0,0,0,0,0
2026-10-04T14:07:02Z,checkoutservice,cartservice,41643,40712,0,100,0,611876,40673
2026-10-04T14:07:02Z,checkoutservice,checkoutservice,0,0,0,0,0,0,0
2026-10-04T14:07:02Z,checkoutservice,currencyservice,32218,32218,0,0,0,527133,32202
2026-10-04T14:07:02Z,checkoutservice,emailservice,3459,3174,0,66,0,153371,3149
2026-10-04T14:07:02Z,checkoutservice,frontend,0,0,0,0,0,0,0
2026-10-04T14:07:02Z,checkoutservice,kubernetes,0,0,0,0,0,0,0
2026-10-04T14:07:02Z,checkoutservice,paymentservice,25487,23639,0,192,0,397814,23473
2026-10-04T14:07:02Z,checkoutservice,productcatalogservice,0,0,0,0,0,0,0
2026-10-04T14:07:02Z,checkoutservice,recommendationservice,0,0,0,0,0,0,0
2026-10-04T14:07:02Z,checkoutservice,redis-cart,0,0,0,0,0,0,0
2026-10-04T14:07:02Z,checkoutservice,shippingservice,46955,44852,0,154,0,470701,44812
2026-10-04T14:07:02Z,currencyservice,adservice,0,0,0,0,0,0,0
2026-10-04T14:07:02Z,currencyservice,cartservice,0,0,0,0,0,0,0
2026-10-04T14:07:02Z,currencyservice,checkoutservice,0,0,0,0,0,0,0
2026-10-04T14:07:02Z,currencyservice,currencyservice,0,0,0,0,0,0,0
2026-10-04T14:07:02Z,currencyservice,emailservice,0,0,0,0,0,0,0
2026-10-04T14:07:02Z,currencyservice,frontend,0,0,0,0,0,0,0
2026-10-04T14:07:02Z,currencyservice,kubernetes,0,0,0,0,0,0,0
2026-10-04T14:07:02Z,currencyservice,paymentservice,0,0,0,0,0,0,0
2026-10-04T14:07:02Z,currencyservice,productcatalogservice,0,0,0,0,0,0,0
2026-10-04T14:07:02Z,currencyservice,recommendationservice,0,0,0,0,0,0,0
2026-10-04T14:07:02Z,currencyservice,redis-cart,0,0,0,0,0,0,0
2026-10-04T14:07:02Z,currencyservice,shippingservice,0,0,0,0,0,0,0
2026-10-04T14:07:02Z,emailservice,adservice,0,0,0,0,0,0,0
2026-10-04T14:07:02Z,emailservice,cartservice,0,0,0,0,0,0,0
2026-10-04T14:07:02Z,emailservice,checkoutservice,0,0,0,0,0,0,0
2026-10-04T14:07:02Z,emailservice,currencyservice,0,0,0,0,0,0,0
2026-10-04T14:07:02Z,emailservice,emailservice,0,0,0,0,0,0,0
2026-10-04T14:07:02Z,emailservice,frontend,0,0,0,0,0,0,0
2026-10-04T14:07:02Z,emailservice,kubernetes,0,0,0,0,0,0,0
2026-10-04T14:07:02Z,emailservice,paymentservice,0,0,0,0,0,0,0
2026-10-04T14:07:02Z,emailservice,productcatalogservice,0,0,0,0,0,0,0
2026-10-04T14:07:02Z,emailservice,recommendationservice,0,0,0,0,0,0,0
2026-10-04T14:07:02Z,emailservice,redis-cart,0,0,0,0,0,0,0
2026-10-04T14:07:02Z,emailservice,shippingservice,0,0,0,0,0,0,0
2026-10-04T14:07:02Z,frontend,adservice,826351,826349,0,0,0,2492795,825722
2026-10-04T14:07:02Z,frontend,cartservice,1823321,1823306,0,0,4,10167474,1821777
2026-10-04T14:07:02Z,frontend,checkoutservice,391211,181252,0,40061,169938,61671783,181036
2026-10-04T14:07:02Z,frontend,currencyservice,2899500,2899487,0,0,0,15426646,2897089
2026-10-04T14:07:02Z,frontend,emailservice,0,0,0,0,0,0,0
2026-10-04T14:07:02Z,frontend,frontend,0,0,0,0,0,0,0
2026-10-04T14:07:02Z,frontend,kubernetes,0,0,0,0,0,0,0
2026-10-04T14:07:02Z,frontend,paymentservice,0,0,0,0,0,0,0
2026-10-04T14:07:02Z,frontend,productcatalogservice,8174108,8174038,0,0,0,55997158,8167787
2026-10-04T14:07:02Z,frontend,recommendationservice,2616883,1611499,0,104707,898149,784291541,1610133
2026-10-04T14:07:02Z,frontend,redis-cart,0,0,0,0,0,0,0
2026-10-04T14:07:02Z,frontend,shippingservice,302981,302979,0,0,0,923007,302805
2026-10-04T14:07:02Z,paymentservice,adservice,0,0,0,0,0,0,0
2026-10-04T14:07:02Z,paymentservice,cartservice,0,0,0,0,0,0,0
2026-10-04T14:07:02Z,paymentservice,checkoutservice,0,0,0,0,0,0,0
2026-10-04T14:07:02Z,paymentservice,currencyservice,0,0,0,0,0,0,0
2026-10-04T14:07:02Z,paymentservice,emailservice,0,0,0,0,0,0,0
2026-10-04T14:07:02Z,paymentservice,frontend,0,0,0,0,0,0,0
2026-10-04T14:07:02Z,paymentservice,kubernetes,0,0,0,0,0,0,0
2026-10-04T14:07:02Z,paymentservice,paymentservice,0,0,0,0,0,0,0
2026-10-04T14:07:02Z,paymentservice,productcatalogservice,0,0,0,0,0,0,0
2026-10-04T14:07:02Z,paymentservice,recommendationservice,0,0,0,0,0,0,0
2026-10-04T14:07:02Z,paymentservice,redis-cart,0,0,0,0,0,0,0
2026-10-04T14:07:02Z,paymentservice,shippingservice,0,0,0,0,0,0,0
2026-10-04T14:07:02Z,productcatalogservice,adservice,0,0,0,0,0,0,0
2026-10-04T14:07:02Z,productcatalogservice,cartservice,0,0,0,0,0,0,0
2026-10-04T14:07:02Z,productcatalogservice,checkoutservice,0,0,0,0,0,0,0
2026-10-04T14:07:02Z,productcatalogservice,currencyservice,0,0,0,0,0,0,0
2026-10-04T14:07:02Z,productcatalogservice,emailservice,0,0,0,0,0,0,0
2026-10-04T14:07:02Z,productcatalogservice,frontend,0,0,0,0,0,0,0
2026-10-04T14:07:02Z,productcatalogservice,kubernetes,0,0,0,0,0,0,0
2026-10-04T14:07:02Z,productcatalogservice,paymentservice,0,0,0,0,0,0,0
2026-10-04T14:07:02Z,productcatalogservice,productcatalogservice,0,0,0,0,0,0,0
2026-10-04T14:07:02Z,productcatalogservice,recommendationservice,0,0,0,0,0,0,0
2026-10-04T14:07:02Z,productcatalogservice,redis-cart,0,0,0,0,0,0,0
2026-10-04T14:07:02Z,productcatalogservice,shippingservice,0,0,0,0,0,0,0
2026-10-04T14:07:02Z,recommendationservice,adservice,0,0,0,0,0,0,0
2026-10-04T14:07:02Z,recommendationservice,cartservice,0,0,0,0,0,0,0
2026-10-04T14:07:02Z,recommendationservice,checkoutservice,0,0,0,0,0,0,0
2026-10-04T14:07:02Z,recommendationservice,currencyservice,0,0,0,0,0,0,0
2026-10-04T14:07:02Z,recommendationservice,emailservice,0,0,0,0,0,0,0
2026-10-04T14:07:02Z,recommendationservice,frontend,0,0,0,0,0,0,0
2026-10-04T14:07:02Z,recommendationservice,kubernetes,0,0,0,0,0,0,0
2026-10-04T14:07:02Z,recommendationservice,paymentservice,0,0,0,0,0,0,0
2026-10-04T14:07:02Z,recommendationservice,productcatalogservice,87917,87912,0,0,0,710506,86977
2026-10-04T14:07:02Z,recommendationservice,recommendationservice,0,0,0,0,0,0,0
2026-10-04T14:07:02Z,recommendationservice,redis-cart,0,0,0,0,0,0,0
2026-10-04T14:07:02Z,recommendationservice,shippingservice,0,0,0,0,0,0,0
2026-10-04T14:07:02Z,redis-cart,adservice,0,0,0,0,0,0,0
2026-10-04T14:07:02Z,redis-cart,cartservice,0,0,0,0,0,0,0
2026-10-04T14:07:02Z,redis-cart,checkoutservice,0,0,0,0,0,0,0
2026-10-04T14:07:02Z,redis-cart,currencyservice,0,0,0,0,0,0,0
2026-10-04T14:07:02Z,redis-cart,emailservice,0,0,0,0,0,0,0
2026-10-04T14:07:02Z,redis-cart,frontend,0,0,0,0,0,0,0
2026-10-04T14:07:02Z,redis-cart,kubernetes,0,0,0,0,0,0,0
2026-10-04T14:07:02Z,redis-cart,paymentservice,0,0,0,0,0,0,0
2026-10-04T14:07:02Z,redis-cart,productcatalogservice,0,0,0,0,0,0,0
2026-10-04T14:07:02Z,redis-cart,recommendationservice,0,0,0,0,0,0,0
2026-10-04T14:07:02Z,redis-cart,redis-cart,0,0,0,0,0,0,0
2026-10-04T14:07:02Z,redis-cart,shippingservice,0,0,0,0,0,0,0
2026-10-04T14:07:02Z,shippingservice,adservice,0,0,0,0,0,0,0
2026-10-04T14:07:02Z,shippingservice,cartservice,0,0,0,0,0,0,0
2026-10-04T14:07:02Z,shippingservice,checkoutservice,0,0,0,0,0,0,0
2026-10-04T14:07:02Z,shippingservice,currencyservice,0,0,0,0,0,0,0
2026-10-04T14:07:02Z,shippingservice,emailservice,0,0,0,0,0,0,0
2026-10-04T14:07:02Z,shippingservice,frontend,0,0,0,0,0,0,0
2026-10-04T14:07:02Z,shippingservice,kubernetes,0,0,0,0,0,0,0
2026-10-04T14:07:02Z,shippingservice,paymentservice,0,0,0,0,0,0,0
2026-10-04T14:07:02Z,shippingservice,productcatalogservice,0,0,0,0,0,0,0
2026-10-04T14:07:02Z,shippingservice,recommendationservice,0,0,0,0,0,0,0
2026-10-04T14:07:02Z,shippingservice,redis-cart,0,0,0,0,0,0,0
2026-10-04T14:07:02Z,shippingservice,shippingservice,0,0,0,0,0,0,0
2026-10-04T14:07:03Z,adservice,adservice,0,0,0,0,0,0,0
2026-10-04T14:07:03Z,adservice,cartservice,0,0,0,0,0,0,0
2026-10-04T14:07:03Z,adservice,checkoutservice,0,0,0,0,0,0,0
2026-10-04T14:07:03Z,adservice,currencyservice,0,0,0,0,0,0,0
2026-10-04T14:07:03Z,adservice,emailservice,0,0,0,0,0,0,0
2026-10-04T14:07:03Z,adservice,frontend,0,0,0,0,0,0,0
2026-10-04T14:07:03Z,adservice,kubernetes,0,0,0,0,0,0,0
2026-10-04T14:07:03Z,adservice,paymentservice,0,0,0,0,0,0,0
2026-10-04T14:07:03Z,adservice,productcatalogservice,0,0,0,0,0,0,0
2026-10-04T14:07:03Z,adservice,recommendationservice,0,0,0,0,0,0,0
2026-10-04T14:07:03Z,adservice,redis-cart,0,0,0,0,0,0,0
2026-10-04T14:07:03Z,adservice,shippingservice,0,0,0,0,0,0,0
2026-10-04T14:07:03Z,cartservice,adservice,0,0,0,0,0,0,0
2026-10-04T14:07:03Z,cartservice,cartservice,0,0,0,0,0,0,0
2026-10-04T14:07:03Z,cartservice,checkoutservice,0,0,0,0,0,0,0
2026-10-04T14:07:03Z,cartservice,currencyservice,0,0,0,0,0,0,0
2026-10-04T14:07:03Z,cartservice,emailservice,0,0,0,0,0,0,0
2026-10-04T14:07:03Z,cartservice,frontend,0,0,0,0,0,0,0
2026-10-04T14:07:03Z,cartservice,kubernetes,0,0,0,0,0,0,0
2026-10-04T14:07:03Z,cartservice,paymentservice,0,0,0,0,0,0,0
2026-10-04T14:07:03Z,cartservice,productcatalogservice,0,0,0,0,0,0,0
2026-10-04T14:07:03Z,cartservice,recommendationservice,0,0,0,0,0,0,0
2026-10-04T14:07:03Z,cartservice,redis-cart,2,0,0,0,0,0,0
2026-10-04T14:07:03Z,cartservice,shippingservice,0,0,0,0,0,0,0
2026-10-04T14:07:03Z,checkoutservice,adservice,0,0,0,0,0,0,0
2026-10-04T14:07:03Z,checkoutservice,cartservice,41743,40812,0,100,0,611876,40673
2026-10-04T14:07:03Z,checkoutservice,checkoutservice,0,0,0,0,0,0,0
2026-10-04T14:07:03Z,checkoutservice,currencyservice,32268,32268,0,0,0,527133,32202
2026-10-04T14:07:03Z,checkoutservice,emailservice,3509,3224,0,66,0,153371,3149
2026-10-04T14:07:03Z,checkoutservice,frontend,0,0,0,0,0,0,0
2026-10-04T14:07:03Z,checkoutservice,kubernetes,0,0,0,0,0,0,0
2026-10-04T14:07:03Z,checkoutservice,paymentservice,25537,23689,0,192,0,397814,23473
2026-10-04T14:07:03Z,checkoutservice,productcatalogservice,0,0,0,0,0,0,0
2026-10-04T14:07:03Z,checkoutservice,recommendationservice,0,0,0,0,0,0,0
2026-10-04T14:07:03Z,checkoutservice,redis-cart,0,0,0,0,0,0,0
2026-10-04T14:07:03Z,checkoutservice,shippingservice,47055,44952,0,154,0,470701,44812
2026-10-04T14:07:03Z,currencyservice,adservice,0,0,0,0,0,0,0
2026-10-04T14:07:03Z,currencyservice,cartservice,0,0,0,0,0,0,0
2026-10-04T14:07:03Z,currencyservice,checkoutservice,0,0,0,0,0,0,0
2026-10-04T14:07:03Z,currencyservice,currencyservice,0,0,0,0,0,0,0
2026-10-04T14:07:03Z,currencyservice,emailservice,0,0,0,0,0,0,0
2026-10-04T14:07:03Z,currencyservice,frontend,0,0,0,0,0,0,0
2026-10-04T14:07:03Z,currencyservice,kubernetes,0,0,0,0,0,0,0
2026-10-04T14:07:03Z,currencyservice,paymentservice,0,0,0,0,0,0,0
2026-10-04T14:07:03Z,currencyservice,productcatalogservice,0,0,0,0,0,0,0
2026-10-04T14:07:03Z,currencyservice,recommendationservice,0,0,0,0,0,0,0
2026-10-04T14:07:03Z,currencyservice,redis-cart,0,0,0,0,0,0,0
2026-10-04T14:07:03Z,currencyservice,shippingservice,0,0,0,0,0,0,0
2026-10-04T14:07:03Z,emailservice,adservice,0,0,0,0,0,0,0
2026-10-04T14:07:03Z,emailservice,cartservice,0,0,0,0,0,0,0
2026-10-04T14:07:03Z,emailservice,checkoutservice,0,0,0,0,0,0,0
2026-10-04T14:07:03Z,emailservice,currencyservice,0,0,0,0,0,0,0
2026-10-04T14:07:03Z,emailservice,emailservice,0,0,0,0,0,0,0
2026-10-04T14:07:03Z,emailservice,frontend,0,0,0,0,0,0,0
2026-10-04T14:07:03Z,emailservice,kubernetes,0,0,0,0,0,0,0
2026-10-04T14:07:03Z,emailservice,paymentservice,0,0,0,0,0,0,0
2026-10-04T14:07:03Z,emailservice,productcatalogservice,0,0,0,0,0,0,0
2026-10-04T14:07:03Z,emailservice,recommendationservice,0,0,0,0,0,0,0
2026-10-04T14:07:03Z,emailservice,redis-cart,0,0,0,0,0,0,0
2026-10-04T14:07:03Z,emailservice,shippingservice,0,0,0,0,0,0,0
2026-10-04T14:07:03Z,frontend,adservice,826463,826461,0,0,0,2493254,825900
2026-10-04T14:07:03Z,frontend,cartservice,1823709,1823696,0,0,4,10169842,1822291
2026-10-04T14:07:03Z,frontend,checkoutservice,391254,181294,0,40061,169938,61681178,181111
2026-10-04T14:07:03Z,frontend,currencyservice,2900130,2900122,0,0,0,15430138,2897879
2026-10-04T14:07:03Z,frontend,emailservice,0,0,0,0,0,0,0
2026-10-04T14:07:03Z,frontend,frontend,0,0,0,0,0,0,0
2026-10-04T14:07:03Z,frontend,kubernetes,0,0,0,0,0,0,0
2026-10-04T14:07:03Z,frontend,paymentservice,0,0,0,0,0,0,0
2026-10-04T14:07:03Z,frontend,productcatalogservice,8175557,8175477,0,0,0,56011215,8169728
2026-10-04T14:07:03Z,frontend,recommendationservice,2617611,1611824,0,104745,898491,784662381,1610611
2026-10-04T14:07:03Z,frontend,redis-cart,0,0,0,0,0,0,0
2026-10-04T14:07:03Z,frontend,shippingservice,303048,303046,0,0,0,923109,302862
2026-10-04T14:07:03Z,paymentservice,adservice,0,0,0,0,0,0,0
2026-10-04T14:07:03Z,paymentservice,cartservice,0,0,0,0,0,0,0
2026-10-04T14:07:03Z,paymentservice,checkoutservice,0,0,0,0,0,0,0
2026-10-04T14:07:03Z,paymentservice,currencyservice,0,0,0,0,0,0,0
2026-10-04T14:07:03Z,paymentservice,emailservice,0,0,0,0,0,0,0
2026-10-04T14:07:03Z,paymentservice,frontend,0,0,0,0,0,0,0
2026-10-04T14:07:03Z,paymentservice,kubernetes,0,0,0,0,0,0,0
2026-10-04T14:07:03Z,paymentservice,paymentservice,0,0,0,0,0,0,0
2026-10-04T14:07:03Z,paymentservice,productcatalogservice,0,0,0,0,0,0,0
2026-10-04T14:07:03Z,paymentservice,recommendationservice,0,0,0,0,0,0,0
2026-10-04T14:07:03Z,paymentservice,redis-cart,0,0,0,0,0,0,0
2026-10-04T14:07:03Z,paymentservice,shippingservice,0,0,0,0,0,0,0
2026-10-04T14:07:03Z,productcatalogservice,adservice,0,0,0,0,0,0,0
2026-10-04T14:07:03Z,productcatalogservice,cartservice,0,0,0,0,0,0,0
2026-10-04T14:07:03Z,productcatalogservice,checkoutservice,0,0,0,0,0,0,0
2026-10-04T14:07:03Z,productcatalogservice,currencyservice,0,0,0,0,0,0,0
2026-10-04T14:07:03Z,productcatalogservice,emailservice,0,0,0,0,0,0,0
2026-10-04T14:07:03Z,productcatalogservice,frontend,0,0,0,0,0,0,0
2026-10-04T14:07:03Z,productcatalogservice,kubernetes,0,0,0,0,0,0,0
2026-10-04T14:07:03Z,productcatalogservice,paymentservice,0,0,0,0,0,0,0
2026-10-04T14:07:03Z,productcatalogservice,productcatalogservice,0,0,0,0,0,0,0
2026-10-04T14:07:03Z,productcatalogservice,recommendationservice,0,0,0,0,0,0,0
2026-10-04T14:07:03Z,productcatalogservice,redis-cart,0,0,0,0,0,0,0
2026-10-04T14:07:03Z,productcatalogservice,shippingservice,0,0,0,0,0,0,0
2026-10-04T14:07:03Z,recommendationservice,adservice,0,0,0,0,0,0,0
2026-10-04T14:07:03Z,recommendationservice,cartservice,0,0,0,0,0,0,0
2026-10-04T14:07:03Z,recommendationservice,checkoutservice,0,0,0,0,0,0,0
2026-10-04T14:07:03Z,recommendationservice,currencyservice,0,0,0,0,0,0,0
2026-10-04T14:07:03Z,recommendationservice,emailservice,0,0,0,0,0,0,0
2026-10-04T14:07:03Z,recommendationservice,frontend,0,0,0,0,0,0,0
2026-10-04T14:07:03Z,recommendationservice,kubernetes,0,0,0,0,0,0,0
2026-10-04T14:07:03Z,recommendationservice,paymentservice,0,0,0,0,0,0,0
2026-10-04T14:07:03Z,recommendationservice,productcatalogservice,88284,88284,0,0,0,710506,86977
2026-10-04T14:07:03Z,recommendationservice,recommendationservice,0,0,0,0,0,0,0
2026-10-04T14:07:03Z,recommendationservice,redis-cart,0,0,0,0,0,0,0
2026-10-04T14:07:03Z,recommendationservice,shippingservice,0,0,0,0,0,0,0
2026-10-04T14:07:03Z,redis-cart,adservice,0,0,0,0,0,0,0
2026-10-04T14:07:03Z,redis-cart,cartservice,0,0,0,0,0,0,0
2026-10-04T14:07:03Z,redis-cart,checkoutservice,0,0,0,0,0,0,0
2026-10-04T14:07:03Z,redis-cart,currencyservice,0,0,0,0,0,0,0
2026-10-04T14:07:03Z,redis-cart,emailservice,0,0,0,0,0,0,0
2026-10-04T14:07:03Z,redis-cart,frontend,0,0,0,0,0,0,0
2026-10-04T14:07:03Z,redis-cart,kubernetes,0,0,0,0,0,0,0
2026-10-04T14:07:03Z,redis-cart,paymentservice,0,0,0,0,0,0,0
2026-10-04T14:07:03Z,redis-cart,productcatalogservice,0,0,0,0,0,0,0
2026-10-04T14:07:03Z,redis-cart,recommendationservice,0,0,0,0,0,0,0
2026-10-04T14:07:03Z,redis-cart,redis-cart,0,0,0,0,0,0,0
2026-10-04T14:07:03Z,redis-cart,shippingservice,0,0,0,0,0,0,0
2026-10-04T14:07:03Z,shippingservice,adservice,0,0,0,0,0,0,0
2026-10-04T14:07:03Z,shippingservice,cartservice,0,0,0,0,0,0,0
2026-10-04T14:07:03Z,shippingservice,checkoutservice,0,0,0,0,0,0,0
2026-10-04T14:07:03Z,shippingservice,currencyservice,0,0,0,0,0,0,0
2026-10-04T14:07:03Z,shippingservice,emailservice,0,0,0,0,0,0,0
2026-10-04T14:07:03Z,shippingservice,frontend,0,0,0,0,0,0,0
2026-10-04T14:07:03Z,shippingservice,kubernetes,0,0,0,0,0,0,0
2026-10-04T14:07:03Z,shippingservice,paymentservice,0,0,0,0,0,0,0
2026-10-04T14:07:03Z,shippingservice,productcatalogservice,0,0,0,0,0,0,0
2026-10-04T14:07:03Z,shippingservice,recommendationservice,0,0,0,0,0,0,0
2026-10-04T14:07:03Z,shippingservice,redis-cart,0,0,0,0,0,0,0
2026-10-04T14:07:03Z,shippingservice,shippingservice,0,0,0,0,0,0,0
2026-10-04T14:07:04Z,adservice,adservice,0,0,0,0,0,0,0
2026-10-04T14:07:04Z,adservice,cartservice,0,0,0,0,0,0,0
2026-10-04T14:07:04Z,adservice,checkoutservice,0,0,0,0,0,0,0
2026-10-04T14:07:04Z,adservice,currencyservice,0,0,0,0,0,0,0
2026-10-04T14:07:04Z,adservice,emailservice,0,0,0,0,0,0,0
2026-10-04T14:07:04Z,adservice,frontend,0,0,0,0,0,0,0
2026-10-04T14:07:04Z,adservice,kubernetes,0,0,0,0,0,0,0
2026-10-04T14:07:04Z,adservice,paymentservice,0,0,0,0,0,0,0
2026-10-04T14:07:04Z,adservice,productcatalogservice,0,0,0,0,0,0,0
2026-10-04T14:07:04Z,adservice,recommendationservice,0,0,0,0,0,0,0
2026-10-04T14:07:04Z,adservice,redis-cart,0,0,0,0,0,0,0
2026-10-04T14:07:04Z,adservice,shippingservice,0,0,0,0,0,0,0
2026-10-04T14:07:04Z,cartservice,adservice,0,0,0,0,0,0,0
2026-10-04T14:07:04Z,cartservice,cartservice,0,0,0,0,0,0,0
2026-10-04T14:07:04Z,cartservice,checkoutservice,0,0,0,0,0,0,0
2026-10-04T14:07:04Z,cartservice,currencyservice,0,0,0,0,0,0,0
2026-10-04T14:07:04Z,cartservice,emailservice,0,0,0,0,0,0,0
2026-10-04T14:07:04Z,cartservice,frontend,0,0,0,0,0,0,0
2026-10-04T14:07:04Z,cartservice,kubernetes,0,0,0,0,0,0,0
2026-10-04T14:07:04Z,cartservice,paymentservice,0,0,0,0,0,0,0
2026-10-04T14:07:04Z,cartservice,productcatalogservice,0,0,0,0,0,0,0
2026-10-04T14:07:04Z,cartservice,recommendationservice,0,0,0,0,0,0,0
2026-10-04T14:07:04Z,cartservice,redis-cart,2,0,0,0,0,0,0
2026-10-04T14:07:04Z,cartservice,shippingservice,0,0,0,0,0,0,0
2026-10-04T14:07:04Z,checkoutservice,adservice,0,0,0,0,0,0,0
2026-10-04T14:07:04Z,checkoutservice,cartservice,41820,40889,0,100,0,611876,40673
2026-10-04T14:07:04Z,checkoutservice,checkoutservice,0,0,0,0,0,0,0
2026-10-04T14:07:04Z,checkoutservice,currencyservice,32310,32309,0,0,0,527133,32202
2026-10-04T14:07:04Z,checkoutservice,emailservice,3542,3257,0,66,0,153371,3149
2026-10-04T14:07:04Z,checkoutservice,frontend,0,0,0,0,0,0,0
2026-10-04T14:07:04Z,checkoutservice,kubernetes,0,0,0,0,0,0,0
2026-10-04T14:07:04Z,checkoutservice,paymentservice,25573,23725,0,192,0,397814,23473
2026-10-04T14:07:04Z,checkoutservice,productcatalogservice,0,0,0,0,0,0,0
2026-10-04T14:07:04Z,checkoutservice,recommendationservice,0,0,0,0,0,0,0
2026-10-04T14:07:04Z,checkoutservice,redis-cart,0,0,0,0,0,0,0
2026-10-04T14:07:04Z,checkoutservice,shippingservice,47131,45028,0,154,0,470701,44812
2026-10-04T14:07:04Z,currencyservice,adservice,0,0,0,0,0,0,0
2026-10-04T14:07:04Z,currencyservice,cartservice,0,0,0,0,0,0,0
2026-10-04T14:07:04Z,currencyservice,checkoutservice,0,0,0,0,0,0,0
2026-10-04T14:07:04Z,currencyservice,currencyservice,0,0,0,0,0,0,0
2026-10-04T14:07:04Z,currencyservice,emailservice,0,0,0,0,0,0,0
2026-10-04T14:07:04Z,currencyservice,frontend,0,0,0,0,0,0,0
2026-10-04T14:07:04Z,currencyservice,kubernetes,0,0,0,0,0,0,0
2026-10-04T14:07:04Z,currencyservice,paymentservice,0,0,0,0,0,0,0
2026-10-04T14:07:04Z,currencyservice,productcatalogservice,0,0,0,0,0,0,0
2026-10-04T14:07:04Z,currencyservice,recommendationservice,0,0,0,0,0,0,0
2026-10-04T14:07:04Z,currencyservice,redis-cart,0,0,0,0,0,0,0
2026-10-04T14:07:04Z,currencyservice,shippingservice,0,0,0,0,0,0,0
2026-10-04T14:07:04Z,emailservice,adservice,0,0,0,0,0,0,0
2026-10-04T14:07:04Z,emailservice,cartservice,0,0,0,0,0,0,0
2026-10-04T14:07:04Z,emailservice,checkoutservice,0,0,0,0,0,0,0
2026-10-04T14:07:04Z,emailservice,currencyservice,0,0,0,0,0,0,0
2026-10-04T14:07:04Z,emailservice,emailservice,0,0,0,0,0,0,0
2026-10-04T14:07:04Z,emailservice,frontend,0,0,0,0,0,0,0
2026-10-04T14:07:04Z,emailservice,kubernetes,0,0,0,0,0,0,0
2026-10-04T14:07:04Z,emailservice,paymentservice,0,0,0,0,0,0,0
2026-10-04T14:07:04Z,emailservice,productcatalogservice,0,0,0,0,0,0,0
2026-10-04T14:07:04Z,emailservice,recommendationservice,0,0,0,0,0,0,0
2026-10-04T14:07:04Z,emailservice,redis-cart,0,0,0,0,0,0,0
2026-10-04T14:07:04Z,emailservice,shippingservice,0,0,0,0,0,0,0
2026-10-04T14:07:04Z,frontend,adservice,826557,826554,0,0,0,2494997,826478
2026-10-04T14:07:04Z,frontend,cartservice,1824056,1824039,0,0,4,10176596,1823725
2026-10-04T14:07:04Z,frontend,checkoutservice,391299,181337,0,40061,169939,61704095,181296
2026-10-04T14:07:04Z,frontend,currencyservice,2900667,2900657,0,0,0,15439495,2900158
2026-10-04T14:07:04Z,frontend,emailservice,0,0,0,0,0,0,0
2026-10-04T14:07:04Z,frontend,frontend,0,0,0,0,0,0,0
2026-10-04T14:07:04Z,frontend,kubernetes,0,0,0,0,0,0,0
2026-10-04T14:07:04Z,frontend,paymentservice,0,0,0,0,0,0,0
2026-10-04T14:07:04Z,frontend,productcatalogservice,8176736,8176673,0,0,0,56046197,8175598
2026-10-04T14:07:04Z,frontend,recommendationservice,2618384,1612093,0,104798,898934,785635231,1611837
2026-10-04T14:07:04Z,frontend,redis-cart,0,0,0,0,0,0,0
2026-10-04T14:07:04Z,frontend,shippingservice,303099,303097,0,0,0,923583,303048
2026-10-04T14:07:04Z,paymentservice,adservice,0,0,0,0,0,0,0
2026-10-04T14:07:04Z,paymentservice,cartservice,0,0,0,0,0,0,0
2026-10-04T14:07:04Z,paymentservice,checkoutservice,0,0,0,0,0,0,0
2026-10-04T14:07:04Z,paymentservice,currencyservice,0,0,0,0,0,0,0
2026-10-04T14:07:04Z,paymentservice,emailservice,0,0,0,0,0,0,0
2026-10-04T14:07:04Z,paymentservice,frontend,0,0,0,0,0,0,0
2026-10-04T14:07:04Z,paymentservice,kubernetes,0,0,0,0,0,0,0
2026-10-04T14:07:04Z,paymentservice,paymentservice,0,0,0,0,0,0,0
2026-10-04T14:07:04Z,paymentservice,productcatalogservice,0,0,0,0,0,0,0
2026-10-04T14:07:04Z,paymentservice,recommendationservice,0,0,0,0,0,0,0
2026-10-04T14:07:04Z,paymentservice,redis-cart,0,0,0,0,0,0,0
2026-10-04T14:07:04Z,paymentservice,shippingservice,0,0,0,0,0,0,0
2026-10-04T14:07:04Z,productcatalogservice,adservice,0,0,0,0,0,0,0
2026-10-04T14:07:04Z,productcatalogservice,cartservice,0,0,0,0,0,0,0
2026-10-04T14:07:04Z,productcatalogservice,checkoutservice,0,0,0,0,0,0,0
2026-10-04T14:07:04Z,productcatalogservice,currencyservice,0,0,0,0,0,0,0
2026-10-04T14:07:04Z,productcatalogservice,emailservice,0,0,0,0,0,0,0
2026-10-04T14:07:04Z,productcatalogservice,frontend,0,0,0,0,0,0,0
2026-10-04T14:07:04Z,productcatalogservice,kubernetes,0,0,0,0,0,0,0
2026-10-04T14:07:04Z,productcatalogservice,paymentservice,0,0,0,0,0,0,0
2026-10-04T14:07:04Z,productcatalogservice,productcatalogservice,0,0,0,0,0,0,0
2026-10-04T14:07:04Z,productcatalogservice,recommendationservice,0,0,0,0,0,0,0
2026-10-04T14:07:04Z,productcatalogservice,redis-cart,0,0,0,0,0,0,0
2026-10-04T14:07:04Z,productcatalogservice,shippingservice,0,0,0,0,0,0,0
2026-10-04T14:07:04Z,recommendationservice,adservice,0,0,0,0,0,0,0
2026-10-04T14:07:04Z,recommendationservice,cartservice,0,0,0,0,0,0,0
2026-10-04T14:07:04Z,recommendationservice,checkoutservice,0,0,0,0,0,0,0
2026-10-04T14:07:04Z,recommendationservice,currencyservice,0,0,0,0,0,0,0
2026-10-04T14:07:04Z,recommendationservice,emailservice,0,0,0,0,0,0,0
2026-10-04T14:07:04Z,recommendationservice,frontend,0,0,0,0,0,0,0
2026-10-04T14:07:04Z,recommendationservice,kubernetes,0,0,0,0,0,0,0
2026-10-04T14:07:04Z,recommendationservice,paymentservice,0,0,0,0,0,0,0
2026-10-04T14:07:04Z,recommendationservice,productcatalogservice,88670,88670,0,0,0,710506,86977
2026-10-04T14:07:04Z,recommendationservice,recommendationservice,0,0,0,0,0,0,0
2026-10-04T14:07:04Z,recommendationservice,redis-cart,0,0,0,0,0,0,0
2026-10-04T14:07:04Z,recommendationservice,shippingservice,0,0,0,0,0,0,0
2026-10-04T14:07:04Z,redis-cart,adservice,0,0,0,0,0,0,0
2026-10-04T14:07:04Z,redis-cart,cartservice,0,0,0,0,0,0,0
2026-10-04T14:07:04Z,redis-cart,checkoutservice,0,0,0,0,0,0,0
2026-10-04T14:07:04Z,redis-cart,currencyservice,0,0,0,0,0,0,0
2026-10-04T14:07:04Z,redis-cart,emailservice,0,0,0,0,0,0,0
2026-10-04T14:07:04Z,redis-cart,frontend,0,0,0,0,0,0,0
2026-10-04T14:07:04Z,redis-cart,kubernetes,0,0,0,0,0,0,0
2026-10-04T14:07:04Z,redis-cart,paymentservice,0,0,0,0,0,0,0
2026-10-04T14:07:04Z,redis-cart,productcatalogservice,0,0,0,0,0,0,0
2026-10-04T14:07:04Z,redis-cart,recommendationservice,0,0,0,0,0,0,0
2026-10-04T14:07:04Z,redis-cart,redis-cart,0,0,0,0,0,0,0
2026-10-04T14:07:04Z,redis-cart,shippingservice,0,0,0,0,0,0,0
2026-10-04T14:07:04Z,shippingservice,adservice,0,0,0,0,0,0,0
2026-10-04T14:07:04Z,shippingservice,cartservice,0,0,0,0,0,0,0
2026-10-04T14:07:04Z,shippingservice,checkoutservice,0,0,0,0,0,0,0
2026-10-04T14:07:04Z,shippingservice,currencyservice,0,0,0,0,0,0,0
2026-10-04T14:07:04Z,shippingservice,emailservice,0,0,0,0,0,0,0
2026-10-04T14:07:04Z,shippingservice,frontend,0,0,0,0,0,0,0
2026-10-04T14:07:04Z,shippingservice,kubernetes,0,0,0,0,0,0,0
2026-10-04T14:07:04Z,shippingservice,paymentservice,0,0,0,0,0,0,0
2026-10-04T14:07:04Z,shippingservice,productcatalogservice,0,0,0,0,0,0,0
2026-10-04T14:07:04Z,shippingservice,recommendationservice,0,0,0,0,0,0,0
2026-10-04T14:07:04Z,shippingservice,redis-cart,0,0,0,0,0,0,0
2026-10-04T14:07:04Z,shippingservice,shippingservice,0,0,0,0,0,0,0
2026-10-04T14:07:05Z,adservice,adservice,0,0,0,0,0,0,0
2026-10-04T14:07:05Z,adservice,cartservice,0,0,0,0,0,0,0
2026-10-04T14:07:05Z,adservice,checkoutservice,0,0,0,0,0,0,0
2026-10-04T14:07:05Z,adservice,currencyservice,0,0,0,0,0,0,0
2026-10-04T14:07:05Z,adservice,emailservice,0,0,0,0,0,0,0
2026-10-04T14:07:05Z,adservice,frontend,0,0,0,0,0,0,0
2026-10-04T14:07:05Z,adservice,kubernetes,0,0,0,0,0,0,0
2026-10-04T14:07:05Z,adservice,paymentservice,0,0,0,0,0,0,0
2026-10-04T14:07:05Z,adservice,productcatalogservice,0,0,0,0,0,0,0
2026-10-04T14:07:05Z,adservice,recommendationservice,0,0,0,0,0,0,0
2026-10-04T14:07:05Z,adservice,redis-cart,0,0,0,0,0,0,0
2026-10-04T14:07:05Z,adservice,shippingservice,0,0,0,0,0,0,0
2026-10-04T14:07:05Z,cartservice,adservice,0,0,0,0,0,0,0
2026-10-04T14:07:05Z,cartservice,cartservice,0,0,0,0,0,0,0
2026-10-04T14:07:05Z,cartservice,checkoutservice,0,0,0,0,0,0,0
2026-10-04T14:07:05Z,cartservice,currencyservice,0,0,0,0,0,0,0
2026-10-04T14:07:05Z,cartservice,emailservice,0,0,0,0,0,0,0
2026-10-04T14:07:05Z,cartservice,frontend,0,0,0,0,0,0,0
2026-10-04T14:07:05Z,cartservice,kubernetes,0,0,0,0,0,0,0
2026-10-04T14:07:05Z,cartservice,paymentservice,0,0,0,0,0,0,0
2026-10-04T14:07:05Z,cartservice,productcatalogservice,0,0,0,0,0,0,0
2026-10-04T14:07:05Z,cartservice,recommendationservice,0,0,0,0,0,0,0
2026-10-04T14:07:05Z,cartservice,redis-cart,2,0,0,0,0,0,0
2026-10-04T14:07:05Z,cartservice,shippingservice,0,0,0,0,0,0,0
2026-10-04T14:07:05Z,checkoutservice,adservice,0,0,0,0,0,0,0
2026-10-04T14:07:05Z,checkoutservice,cartservice,41917,40986,0,100,0,611876,40673
2026-10-04T14:07:05Z,checkoutservice,checkoutservice,0,0,0,0,0,0,0
2026-10-04T14:07:05Z,checkoutservice,currencyservice,32356,32356,0,0,0,527133,32202
2026-10-04T14:07:05Z,checkoutservice,emailservice,3592,3307,0,66,0,153371,3149
2026-10-04T14:07:05Z,checkoutservice,frontend,0,0,0,0,0,0,0
2026-10-04T14:07:05Z,checkoutservice,kubernetes,0,0,0,0,0,0,0
2026-10-04T14:07:05Z,checkoutservice,paymentservice,25622,23774,0,192,0,397814,23473
2026-10-04T14:07:05Z,checkoutservice,productcatalogservice,0,0,0,0,0,0,0
2026-10-04T14:07:05Z,checkoutservice,recommendationservice,0,0,0,0,0,0,0
2026-10-04T14:07:05Z,checkoutservice,redis-cart,0,0,0,0,0,0,0
2026-10-04T14:07:05Z,checkoutservice,shippingservice,47228,45125,0,154,0,470701,44812
2026-10-04T14:07:05Z,currencyservice,adservice,0,0,0,0,0,0,0
2026-10-04T14:07:05Z,currencyservice,cartservice,0,0,0,0,0,0,0
2026-10-04T14:07:05Z,currencyservice,checkoutservice,0,0,0,0,0,0,0
2026-10-04T14:07:05Z,currencyservice,currencyservice,0,0,0,0,0,0,0
2026-10-04T14:07:05Z,currencyservice,emailservice,0,0,0,0,0,0,0
2026-10-04T14:07:05Z,currencyservice,frontend,0,0,0,0,0,0,0
2026-10-04T14:07:05Z,currencyservice,kubernetes,0,0,0,0,0,0,0
2026-10-04T14:07:05Z,currencyservice,paymentservice,0,0,0,0,0,0,0
2026-10-04T14:07:05Z,currencyservice,productcatalogservice,0,0,0,0,0,0,0
2026-10-04T14:07:05Z,currencyservice,recommendationservice,0,0,0,0,0,0,0
2026-10-04T14:07:05Z,currencyservice,redis-cart,0,0,0,0,0,0,0
2026-10-04T14:07:05Z,currencyservice,shippingservice,0,0,0,0,0,0,0
2026-10-04T14:07:05Z,emailservice,adservice,0,0,0,0,0,0,0
2026-10-04T14:07:05Z,emailservice,cartservice,0,0,0,0,0,0,0
2026-10-04T14:07:05Z,emailservice,checkoutservice,0,0,0,0,0,0,0
2026-10-04T14:07:05Z,emailservice,currencyservice,0,0,0,0,0,0,0
2026-10-04T14:07:05Z,emailservice,emailservice,0,0,0,0,0,0,0
2026-10-04T14:07:05Z,emailservice,frontend,0,0,0,0,0,0,0
2026-10-04T14:07:05Z,emailservice,kubernetes,0,0,0,0,0,0,0
2026-10-04T14:07:05Z,emailservice,paymentservice,0,0,0,0,0,0,0
2026-10-04T14:07:05Z,emailservice,productcatalogservice,0,0,0,0,0,0,0
2026-10-04T14:07:05Z,emailservice,recommendationservice,0,0,0,0,0,0,0
2026-10-04T14:07:05Z,emailservice,redis-cart,0,0,0,0,0,0,0
2026-10-04T14:07:05Z,emailservice,shippingservice,0,0,0,0,0,0,0
2026-10-04T14:07:05Z,frontend,adservice,826690,826688,0,0,0,2494997,826478
2026-10-04T14:07:05Z,frontend,cartservice,1824437,1824424,0,0,4,10176596,1823725
2026-10-04T14:07:05Z,frontend,checkoutservice,391354,181382,0,40061,169939,61704095,181296
2026-10-04T14:07:05Z,frontend,currencyservice,2901280,2901269,0,0,0,15439495,2900158
2026-10-04T14:07:05Z,frontend,emailservice,0,0,0,0,0,0,0
2026-10-04T14:07:05Z,frontend,frontend,0,0,0,0,0,0,0
2026-10-04T14:07:05Z,frontend,kubernetes,0,0,0,0,0,0,0
2026-10-04T14:07:05Z,frontend,paymentservice,0,0,0,0,0,0,0
2026-10-04T14:07:05Z,frontend,productcatalogservice,8178251,8178182,0,0,0,56046197,8175598
2026-10-04T14:07:05Z,frontend,recommendationservice,2619145,1612434,0,104865,899310,785635231,1611837
2026-10-04T14:07:05Z,frontend,redis-cart,0,0,0,0,0,0,0
2026-10-04T14:07:05Z,frontend,shippingservice,303155,303153,0,0,0,923583,303048
2026-10-04T14:07:05Z,paymentservice,adservice,0,0,0,0,0,0,0
2026-10-04T14:07:05Z,paymentservice,cartservice,0,0,0,0,0,0,0
2026-10-04T14:07:05Z,paymentservice,checkoutservice,0,0,0,0,0,0,0
2026-10-04T14:07:05Z,paymentservice,currencyservice,0,0,0,0,0,0,0
2026-10-04T14:07:05Z,paymentservice,emailservice,0,0,0,0,0,0,0
2026-10-04T14:07:05Z,paymentservice,frontend,0,0,0,0,0,0,0
2026-10-04T14:07:05Z,paymentservice,kubernetes,0,0,0,0,0,0,0
2026-10-04T14:07:05Z,paymentservice,paymentservice,0,0,0,0,0,0,0
2026-10-04T14:07:05Z,paymentservice,productcatalogservice,0,0,0,0,0,0,0
2026-10-04T14:07:05Z,paymentservice,recommendationservice,0,0,0,0,0,0,0
2026-10-04T14:07:05Z,paymentservice,redis-cart,0,0,0,0,0,0,0
2026-10-04T14:07:05Z,paymentservice,shippingservice,0,0,0,0,0,0,0
2026-10-04T14:07:05Z,productcatalogservice,adservice,0,0,0,0,0,0,0
2026-10-04T14:07:05Z,productcatalogservice,cartservice,0,0,0,0,0,0,0
2026-10-04T14:07:05Z,productcatalogservice,checkoutservice,0,0,0,0,0,0,0
2026-10-04T14:07:05Z,productcatalogservice,currencyservice,0,0,0,0,0,0,0
2026-10-04T14:07:05Z,productcatalogservice,emailservice,0,0,0,0,0,0,0
2026-10-04T14:07:05Z,productcatalogservice,frontend,0,0,0,0,0,0,0
2026-10-04T14:07:05Z,productcatalogservice,kubernetes,0,0,0,0,0,0,0
2026-10-04T14:07:05Z,productcatalogservice,paymentservice,0,0,0,0,0,0,0
2026-10-04T14:07:05Z,productcatalogservice,productcatalogservice,0,0,0,0,0,0,0
2026-10-04T14:07:05Z,productcatalogservice,recommendationservice,0,0,0,0,0,0,0
2026-10-04T14:07:05Z,productcatalogservice,redis-cart,0,0,0,0,0,0,0
2026-10-04T14:07:05Z,productcatalogservice,shippingservice,0,0,0,0,0,0,0
2026-10-04T14:07:05Z,recommendationservice,adservice,0,0,0,0,0,0,0
2026-10-04T14:07:05Z,recommendationservice,cartservice,0,0,0,0,0,0,0
2026-10-04T14:07:05Z,recommendationservice,checkoutservice,0,0,0,0,0,0,0
2026-10-04T14:07:05Z,recommendationservice,currencyservice,0,0,0,0,0,0,0
2026-10-04T14:07:05Z,recommendationservice,emailservice,0,0,0,0,0,0,0
2026-10-04T14:07:05Z,recommendationservice,frontend,0,0,0,0,0,0,0
2026-10-04T14:07:05Z,recommendationservice,kubernetes,0,0,0,0,0,0,0
2026-10-04T14:07:05Z,recommendationservice,paymentservice,0,0,0,0,0,0,0
2026-10-04T14:07:05Z,recommendationservice,productcatalogservice,89112,89109,0,0,0,721704,88976
2026-10-04T14:07:05Z,recommendationservice,recommendationservice,0,0,0,0,0,0,0
2026-10-04T14:07:05Z,recommendationservice,redis-cart,0,0,0,0,0,0,0
2026-10-04T14:07:05Z,recommendationservice,shippingservice,0,0,0,0,0,0,0
2026-10-04T14:07:05Z,redis-cart,adservice,0,0,0,0,0,0,0
2026-10-04T14:07:05Z,redis-cart,cartservice,0,0,0,0,0,0,0
2026-10-04T14:07:05Z,redis-cart,checkoutservice,0,0,0,0,0,0,0
2026-10-04T14:07:05Z,redis-cart,currencyservice,0,0,0,0,0,0,0
2026-10-04T14:07:05Z,redis-cart,emailservice,0,0,0,0,0,0,0
2026-10-04T14:07:05Z,redis-cart,frontend,0,0,0,0,0,0,0
2026-10-04T14:07:05Z,redis-cart,kubernetes,0,0,0,0,0,0,0
2026-10-04T14:07:05Z,redis-cart,paymentservice,0,0,0,0,0,0,0
2026-10-04T14:07:05Z,redis-cart,productcatalogservice,0,0,0,0,0,0,0
2026-10-04T14:07:05Z,redis-cart,recommendationservice,0,0,0,0,0,0,0
2026-10-04T14:07:05Z,redis-cart,redis-cart,0,0,0,0,0,0,0
2026-10-04T14:07:05Z,redis-cart,shippingservice,0,0,0,0,0,0,0
2026-10-04T14:07:05Z,shippingservice,adservice,0,0,0,0,0,0,0
2026-10-04T14:07:05Z,shippingservice,cartservice,0,0,0,0,0,0,0
2026-10-04T14:07:05Z,shippingservice,checkoutservice,0,0,0,0,0,0,0
2026-10-04T14:07:05Z,shippingservice,currencyservice,0,0,0,0,0,0,0
2026-10-04T14:07:05Z,shippingservice,emailservice,0,0,0,0,0,0,0
2026-10-04T14:07:05Z,shippingservice,frontend,0,0,0,0,0,0,0
2026-10-04T14:07:05Z,shippingservice,kubernetes,0,0,0,0,0,0,0
2026-10-04T14:07:05Z,shippingservice,paymentservice,0,0,0,0,0,0,0
2026-10-04T14:07:05Z,shippingservice,productcatalogservice,0,0,0,0,0,0,0
2026-10-04T14:07:05Z,shippingservice,recommendationservice,0,0,0,0,0,0,0
2026-10-04T14:07:05Z,shippingservice,redis-cart,0,0,0,0,0,0,0
2026-10-04T14:07:05Z,shippingservice,shippingservice,0,0,0,0,0,0,0
2026-10-04T14:07:06Z,adservice,adservice,0,0,0,0,0,0,0
2026-10-04T14:07:06Z,adservice,cartservice,0,0,0,0,0,0,0
2026-10-04T14:07:06Z,adservice,checkoutservice,0,0,0,0,0,0,0
2026-10-04T14:07:06Z,adservice,currencyservice,0,0,0,0,0,0,0
2026-10-04T14:07:06Z,adservice,emailservice,0,0,0,0,0,0,0
2026-10-04T14:07:06Z,adservice,frontend,0,0,0,0,0,0,0
2026-10-04T14:07:06Z,adservice,kubernetes,0,0,0,0,0,0,0
2026-10-04T14:07:06Z,adservice,paymentservice,0,0,0,0,0,0,0
2026-10-04T14:07:06Z,adservice,productcatalogservice,0,0,0,0,0,0,0
2026-10-04T14:07:06Z,adservice,recommendationservice,0,0,0,0,0,0,0
2026-10-04T14:07:06Z,adservice,redis-cart,0,0,0,0,0,0,0
2026-10-04T14:07:06Z,adservice,shippingservice,0,0,0,0,0,0,0
2026-10-04T14:07:06Z,cartservice,adservice,0,0,0,0,0,0,0
2026-10-04T14:07:06Z,cartservice,cartservice,0,0,0,0,0,0,0
2026-10-04T14:07:06Z,cartservice,checkoutservice,0,0,0,0,0,0,0
2026-10-04T14:07:06Z,cartservice,currencyservice,0,0,0,0,0,0,0
2026-10-04T14:07:06Z,cartservice,emailservice,0,0,0,0,0,0,0
2026-10-04T14:07:06Z,cartservice,frontend,0,0,0,0,0,0,0
2026-10-04T14:07:06Z,cartservice,kubernetes,0,0,0,0,0,0,0
2026-10-04T14:07:06Z,cartservice,paymentservice,0,0,0,0,0,0,0
2026-10-04T14:07:06Z,cartservice,productcatalogservice,0,0,0,0,0,0,0
2026-10-04T14:07:06Z,cartservice,recommendationservice,0,0,0,0,0,0,0
2026-10-04T14:07:06Z,cartservice,redis-cart,2,0,0,0,0,0,0
2026-10-04T14:07:06Z,cartservice,shippingservice,0,0,0,0,0,0,0
2026-10-04T14:07:06Z,checkoutservice,adservice,0,0,0,0,0,0,0
2026-10-04T14:07:06Z,checkoutservice,cartservice,42013,41082,0,100,0,611876,40673
2026-10-04T14:07:06Z,checkoutservice,checkoutservice,0,0,0,0,0,0,0
2026-10-04T14:07:06Z,checkoutservice,currencyservice,32403,32403,0,0,0,527133,32202
2026-10-04T14:07:06Z,checkoutservice,emailservice,3643,3358,0,66,0,153371,3149
2026-10-04T14:07:06Z,checkoutservice,frontend,0,0,0,0,0,0,0
2026-10-04T14:07:06Z,checkoutservice,kubernetes,0,0,0,0,0,0,0
2026-10-04T14:07:06Z,checkoutservice,paymentservice,25671,23823,0,192,0,397814,23473
2026-10-04T14:07:06Z,checkoutservice,productcatalogservice,0,0,0,0,0,0,0
2026-10-04T14:07:06Z,checkoutservice,recommendationservice,0,0,0,0,0,0,0
2026-10-04T14:07:06Z,checkoutservice,redis-cart,0,0,0,0,0,0,0
2026-10-04T14:07:06Z,checkoutservice,shippingservice,47325,45222,0,154,0,470701,44812
2026-10-04T14:07:06Z,currencyservice,adservice,0,0,0,0,0,0,0
2026-10-04T14:07:06Z,currencyservice,cartservice,0,0,0,0,0,0,0
2026-10-04T14:07:06Z,currencyservice,checkoutservice,0,0,0,0,0,0,0
2026-10-04T14:07:06Z,currencyservice,currencyservice,0,0,0,0,0,0,0
2026-10-04T14:07:06Z,currencyservice,emailservice,0,0,0,0,0,0,0
2026-10-04T14:07:06Z,currencyservice,frontend,0,0,0,0,0,0,0
2026-10-04T14:07:06Z,currencyservice,kubernetes,0,0,0,0,0,0,0
2026-10-04T14:07:06Z,currencyservice,paymentservice,0,0,0,0,0,0,0
2026-10-04T14:07:06Z,currencyservice,productcatalogservice,0,0,0,0,0,0,0
2026-10-04T14:07:06Z,currencyservice,recommendationservice,0,0,0,0,0,0,0
2026-10-04T14:07:06Z,currencyservice,redis-cart,0,0,0,0,0,0,0
2026-10-04T14:07:06Z,currencyservice,shippingservice,0,0,0,0,0,0,0
2026-10-04T14:07:06Z,emailservice,adservice,0,0,0,0,0,0,0
2026-10-04T14:07:06Z,emailservice,cartservice,0,0,0,0,0,0,0
2026-10-04T14:07:06Z,emailservice,checkoutservice,0,0,0,0,0,0,0
2026-10-04T14:07:06Z,emailservice,currencyservice,0,0,0,0,0,0,0
2026-10-04T14:07:06Z,emailservice,emailservice,0,0,0,0,0,0,0
2026-10-04T14:07:06Z,emailservice,frontend,0,0,0,0,0,0,0
2026-10-04T14:07:06Z,emailservice,kubernetes,0,0,0,0,0,0,0
2026-10-04T14:07:06Z,emailservice,paymentservice,0,0,0,0,0,0,0
2026-10-04T14:07:06Z,emailservice,productcatalogservice,0,0,0,0,0,0,0
2026-10-04T14:07:06Z,emailservice,recommendationservice,0,0,0,0,0,0,0
2026-10-04T14:07:06Z,emailservice,redis-cart,0,0,0,0,0,0,0
2026-10-04T14:07:06Z,emailservice,shippingservice,0,0,0,0,0,0,0
2026-10-04T14:07:06Z,frontend,adservice,826794,826792,0,0,0,2494997,826478
2026-10-04T14:07:06Z,frontend,cartservice,1824830,1824818,0,0,4,10176596,1823725
2026-10-04T14:07:06Z,frontend,checkoutservice,391410,181446,0,40061,169941,61704095,181296
2026-10-04T14:07:06Z,frontend,currencyservice,2901876,2901867,0,0,0,15439495,2900158
2026-10-04T14:07:06Z,frontend,emailservice,0,0,0,0,0,0,0
2026-10-04T14:07:06Z,frontend,frontend,0,0,0,0,0,0,0
2026-10-04T14:07:06Z,frontend,kubernetes,0,0,0,0,0,0,0
2026-10-04T14:07:06Z,frontend,paymentservice,0,0,0,0,0,0,0
2026-10-04T14:07:06Z,frontend,productcatalogservice,8179525,8179459,0,0,0,56046197,8175598
2026-10-04T14:07:06Z,frontend,recommendationservice,2619959,1612746,0,104926,899727,785635231,1611837
2026-10-04T14:07:06Z,frontend,redis-cart,0,0,0,0,0,0,0
2026-10-04T14:07:06Z,frontend,shippingservice,303190,303188,0,0,0,923583,303048
2026-10-04T14:07:06Z,paymentservice,adservice,0,0,0,0,0,0,0
2026-10-04T14:07:06Z,paymentservice,cartservice,0,0,0,0,0,0,0
2026-10-04T14:07:06Z,paymentservice,checkoutservice,0,0,0,0,0,0,0
2026-10-04T14:07:06Z,paymentservice,currencyservice,0,0,0,0,0,0,0
2026-10-04T14:07:06Z,paymentservice,emailservice,0,0,0,0,0,0,0
2026-10-04T14:07:06Z,paymentservice,frontend,0,0,0,0,0,0,0
2026-10-04T14:07:06Z,paymentservice,kubernetes,0,0,0,0,0,0,0
2026-10-04T14:07:06Z,paymentservice,paymentservice,0,0,0,0,0,0,0
2026-10-04T14:07:06Z,paymentservice,productcatalogservice,0,0,0,0,0,0,0
2026-10-04T14:07:06Z,paymentservice,recommendationservice,0,0,0,0,0,0,0
2026-10-04T14:07:06Z,paymentservice,redis-cart,0,0,0,0,0,0,0
2026-10-04T14:07:06Z,paymentservice,shippingservice,0,0,0,0,0,0,0
2026-10-04T14:07:06Z,productcatalogservice,adservice,0,0,0,0,0,0,0
2026-10-04T14:07:06Z,productcatalogservice,cartservice,0,0,0,0,0,0,0
2026-10-04T14:07:06Z,productcatalogservice,checkoutservice,0,0,0,0,0,0,0
2026-10-04T14:07:06Z,productcatalogservice,currencyservice,0,0,0,0,0,0,0
2026-10-04T14:07:06Z,productcatalogservice,emailservice,0,0,0,0,0,0,0
2026-10-04T14:07:06Z,productcatalogservice,frontend,0,0,0,0,0,0,0
2026-10-04T14:07:06Z,productcatalogservice,kubernetes,0,0,0,0,0,0,0
2026-10-04T14:07:06Z,productcatalogservice,paymentservice,0,0,0,0,0,0,0
2026-10-04T14:07:06Z,productcatalogservice,productcatalogservice,0,0,0,0,0,0,0
2026-10-04T14:07:06Z,productcatalogservice,recommendationservice,0,0,0,0,0,0,0
2026-10-04T14:07:06Z,productcatalogservice,redis-cart,0,0,0,0,0,0,0
2026-10-04T14:07:06Z,productcatalogservice,shippingservice,0,0,0,0,0,0,0
2026-10-04T14:07:06Z,recommendationservice,adservice,0,0,0,0,0,0,0
2026-10-04T14:07:06Z,recommendationservice,cartservice,0,0,0,0,0,0,0
2026-10-04T14:07:06Z,recommendationservice,checkoutservice,0,0,0,0,0,0,0
2026-10-04T14:07:06Z,recommendationservice,currencyservice,0,0,0,0,0,0,0
2026-10-04T14:07:06Z,recommendationservice,emailservice,0,0,0,0,0,0,0
2026-10-04T14:07:06Z,recommendationservice,frontend,0,0,0,0,0,0,0
2026-10-04T14:07:06Z,recommendationservice,kubernetes,0,0,0,0,0,0,0
2026-10-04T14:07:06Z,recommendationservice,paymentservice,0,0,0,0,0,0,0
2026-10-04T14:07:06Z,recommendationservice,productcatalogservice,89518,89517,0,0,0,721704,88976
2026-10-04T14:07:06Z,recommendationservice,recommendationservice,0,0,0,0,0,0,0
2026-10-04T14:07:06Z,recommendationservice,redis-cart,0,0,0,0,0,0,0
2026-10-04T14:07:06Z,recommendationservice,shippingservice,0,0,0,0,0,0,0
2026-10-04T14:07:06Z,redis-cart,adservice,0,0,0,0,0,0,0
2026-10-04T14:07:06Z,redis-cart,cartservice,0,0,0,0,0,0,0
2026-10-04T14:07:06Z,redis-cart,checkoutservice,0,0,0,0,0,0,0
2026-10-04T14:07:06Z,redis-cart,currencyservice,0,0,0,0,0,0,0
2026-10-04T14:07:06Z,redis-cart,emailservice,0,0,0,0,0,0,0
2026-10-04T14:07:06Z,redis-cart,frontend,0,0,0,0,0,0,0
2026-10-04T14:07:06Z,redis-cart,kubernetes,0,0,0,0,0,0,0
2026-10-04T14:07:06Z,redis-cart,paymentservice,0,0,0,0,0,0,0
2026-10-04T14:07:06Z,redis-cart,productcatalogservice,0,0,0,0,0,0,0
2026-10-04T14:07:06Z,redis-cart,recommendationservice,0,0,0,0,0,0,0
2026-10-04T14:07:06Z,redis-cart,redis-cart,0,0,0,0,0,0,0
2026-10-04T14:07:06Z,redis-cart,shippingservice,0,0,0,0,0,0,0
2026-10-04T14:07:06Z,shippingservice,adservice,0,0,0,0,0,0,0
2026-10-04T14:07:06Z,shippingservice,cartservice,0,0,0,0,0,0,0
2026-10-04T14:07:06Z,shippingservice,checkoutservice,0,0,0,0,0,0,0
2026-10-04T14:07:06Z,shippingservice,currencyservice,0,0,0,0,0,0,0
2026-10-04T14:07:06Z,shippingservice,emailservice,0,0,0,0,0,0,0
2026-10-04T14:07:06Z,shippingservice,frontend,0,0,0,0,0,0,0
2026-10-04T14:07:06Z,shippingservice,kubernetes,0,0,0,0,0,0,0
2026-10-04T14:07:06Z,shippingservice,paymentservice,0,0,0,0,0,0,0
2026-10-04T14:07:06Z,shippingservice,productcatalogservice,0,0,0,0,0,0,0
2026-10-04T14:07:06Z,shippingservice,recommendationservice,0,0,0,0,0,0,0
2026-10-04T14:07:06Z,shippingservice,redis-cart,0,0,0,0,0,0,0
2026-10-04T14:07:06Z,shippingservice,shippingservice,0,0,0,0,0,0,0
2026-10-04T14:07:07Z,adservice,adservice,0,0,0,0,0,0,0
2026-10-04T14:07:07Z,adservice,cartservice,0,0,0,0,0,0,0
2026-10-04T14:07:07Z,adservice,checkoutservice,0,0,0,0,0,0,0
2026-10-04T14:07:07Z,adservice,currencyservice,0,0,0,0,0,0,0
2026-10-04T14:07:07Z,adservice,emailservice,0,0,0,0,0,0,0
2026-10-04T14:07:07Z,adservice,frontend,0,0,0,0,0,0,0
2026-10-04T14:07:07Z,adservice,kubernetes,0,0,0,0,0,0,0
2026-10-04T14:07:07Z,adservice,paymentservice,0,0,0,0,0,0,0
2026-10-04T14:07:07Z,adservice,productcatalogservice,0,0,0,0,0,0,0
2026-10-04T14:07:07Z,adservice,recommendationservice,0,0,0,0,0,0,0
2026-10-04T14:07:07Z,adservice,redis-cart,0,0,0,0,0,0,0
2026-10-04T14:07:07Z,adservice,shippingservice,0,0,0,0,0,0,0
2026-10-04T14:07:07Z,cartservice,adservice,0,0,0,0,0,0,0
2026-10-04T14:07:07Z,cartservice,cartservice,0,0,0,0,0,0,0
2026-10-04T14:07:07Z,cartservice,checkoutservice,0,0,0,0,0,0,0
2026-10-04T14:07:07Z,cartservice,currencyservice,0,0,0,0,0,0,0
2026-10-04T14:07:07Z,cartservice,emailservice,0,0,0,0,0,0,0
2026-10-04T14:07:07Z,cartservice,frontend,0,0,0,0,0,0,0
2026-10-04T14:07:07Z,cartservice,kubernetes,0,0,0,0,0,0,0
2026-10-04T14:07:07Z,cartservice,paymentservice,0,0,0,0,0,0,0
2026-10-04T14:07:07Z,cartservice,productcatalogservice,0,0,0,0,0,0,0
2026-10-04T14:07:07Z,cartservice,recommendationservice,0,0,0,0,0,0,0
2026-10-04T14:07:07Z,cartservice,redis-cart,2,0,0,0,0,0,0
2026-10-04T14:07:07Z,cartservice,shippingservice,0,0,0,0,0,0,0
2026-10-04T14:07:07Z,checkoutservice,adservice,0,0,0,0,0,0,0
2026-10-04T14:07:07Z,checkoutservice,cartservice,42124,41193,0,100,0,614018,41163
2026-10-04T14:07:07Z,checkoutservice,checkoutservice,0,0,0,0,0,0,0
2026-10-04T14:07:07Z,checkoutservice,currencyservice,32460,32460,0,0,0,528030,32444
2026-10-04T14:07:07Z,checkoutservice,emailservice,3698,3413,0,66,0,160839,3397
2026-10-04T14:07:07Z,checkoutservice,frontend,0,0,0,0,0,0,0
2026-10-04T14:07:07Z,checkoutservice,kubernetes,0,0,0,0,0,0,0
2026-10-04T14:07:07Z,checkoutservice,paymentservice,25726,23878,0,192,0,398580,23716
2026-10-04T14:07:07Z,checkoutservice,productcatalogservice,0,0,0,0,0,0,0
2026-10-04T14:07:07Z,checkoutservice,recommendationservice,0,0,0,0,0,0,0
2026-10-04T14:07:07Z,checkoutservice,redis-cart,0,0,0,0,0,0,0
2026-10-04T14:07:07Z,checkoutservice,shippingservice,47436,45333,0,154,0,471755,45302
2026-10-04T14:07:07Z,currencyservice,adservice,0,0,0,0,0,0,0
2026-10-04T14:07:07Z,currencyservice,cartservice,0,0,0,0,0,0,0
2026-10-04T14:07:07Z,currencyservice,checkoutservice,0,0,0,0,0,0,0
2026-10-04T14:07:07Z,currencyservice,currencyservice,0,0,0,0,0,0,0
2026-10-04T14:07:07Z,currencyservice,emailservice,0,0,0,0,0,0,0
2026-10-04T14:07:07Z,currencyservice,frontend,0,0,0,0,0,0,0
2026-10-04T14:07:07Z,currencyservice,kubernetes,0,0,0,0,0,0,0
2026-10-04T14:07:07Z,currencyservice,paymentservice,0,0,0,0,0,0,0
2026-10-04T14:07:07Z,currencyservice,productcatalogservice,0,0,0,0,0,0,0
2026-10-04T14:07:07Z,currencyservice,recommendationservice,0,0,0,0,0,0,0
2026-10-04T14:07:07Z,currencyservice,redis-cart,0,0,0,0,0,0,0
2026-10-04T14:07:07Z,currencyservice,shippingservice,0,0,0,0,0,0,0
2026-10-04T14:07:07Z,emailservice,adservice,0,0,0,0,0,0,0
2026-10-04T14:07:07Z,emailservice,cartservice,0,0,0,0,0,0,0
2026-10-04T14:07:07Z,emailservice,checkoutservice,0,0,0,0,0,0,0
2026-10-04T14:07:07Z,emailservice,currencyservice,0,0,0,0,0,0,0
2026-10-04T14:07:07Z,emailservice,emailservice,0,0,0,0,0,0,0
2026-10-04T14:07:07Z,emailservice,frontend,0,0,0,0,0,0,0
2026-10-04T14:07:07Z,emailservice,kubernetes,0,0,0,0,0,0,0
2026-10-04T14:07:07Z,emailservice,paymentservice,0,0,0,0,0,0,0
2026-10-04T14:07:07Z,emailservice,productcatalogservice,0,0,0,0,0,0,0
2026-10-04T14:07:07Z,emailservice,recommendationservice,0,0,0,0,0,0,0
2026-10-04T14:07:07Z,emailservice,redis-cart,0,0,0,0,0,0,0
2026-10-04T14:07:07Z,emailservice,shippingservice,0,0,0,0,0,0,0
2026-10-04T14:07:07Z,frontend,adservice,826904,826902,0,0,0,2494997,826478
2026-10-04T14:07:07Z,frontend,cartservice,1825175,1825160,0,0,4,10176596,1823725
2026-10-04T14:07:07Z,frontend,checkoutservice,391453,181486,0,40061,169941,61704095,181296
2026-10-04T14:07:07Z,frontend,currencyservice,2902403,2902394,0,0,0,15439495,2900158
2026-10-04T14:07:07Z,frontend,emailservice,0,0,0,0,0,0,0
2026-10-04T14:07:07Z,frontend,frontend,0,0,0,0,0,0,0
2026-10-04T14:07:07Z,frontend,kubernetes,0,0,0,0,0,0,0
2026-10-04T14:07:07Z,frontend,paymentservice,0,0,0,0,0,0,0
2026-10-04T14:07:07Z,frontend,productcatalogservice,8180711,8180644,0,0,0,56046197,8175598
2026-10-04T14:07:07Z,frontend,recommendationservice,2620670,1613040,0,104970,900109,785635231,1611837
2026-10-04T14:07:07Z,frontend,redis-cart,0,0,0,0,0,0,0
2026-10-04T14:07:07Z,frontend,shippingservice,303218,303216,0,0,0,923583,303048
2026-10-04T14:07:07Z,paymentservice,adservice,0,0,0,0,0,0,0
2026-10-04T14:07:07Z,paymentservice,cartservice,0,0,0,0,0,0,0
2026-10-04T14:07:07Z,paymentservice,checkoutservice,0,0,0,0,0,0,0
2026-10-04T14:07:07Z,paymentservice,currencyservice,0,0,0,0,0,0,0
2026-10-04T14:07:07Z,paymentservice,emailservice,0,0,0,0,0,0,0
2026-10-04T14:07:07Z,paymentservice,frontend,0,0,0,0,0,0,0
2026-10-04T14:07:07Z,paymentservice,kubernetes,0,0,0,0,0,0,0
2026-10-04T14:07:07Z,paymentservice,paymentservice,0,0,0,0,0,0,0
2026-10-04T14:07:07Z,paymentservice,productcatalogservice,0,0,0,0,0,0,0
2026-10-04T14:07:07Z,paymentservice,recommendationservice,0,0,0,0,0,0,0
2026-10-04T14:07:07Z,paymentservice,redis-cart,0,0,0,0,0,0,0
2026-10-04T14:07:07Z,paymentservice,shippingservice,0,0,0,0,0,0,0
2026-10-04T14:07:07Z,productcatalogservice,adservice,0,0,0,0,0,0,0
2026-10-04T14:07:07Z,productcatalogservice,cartservice,0,0,0,0,0,0,0
2026-10-04T14:07:07Z,productcatalogservice,checkoutservice,0,0,0,0,0,0,0
2026-10-04T14:07:07Z,productcatalogservice,currencyservice,0,0,0,0,0,0,0
2026-10-04T14:07:07Z,productcatalogservice,emailservice,0,0,0,0,0,0,0
2026-10-04T14:07:07Z,productcatalogservice,frontend,0,0,0,0,0,0,0
2026-10-04T14:07:07Z,productcatalogservice,kubernetes,0,0,0,0,0,0,0
2026-10-04T14:07:07Z,productcatalogservice,paymentservice,0,0,0,0,0,0,0
2026-10-04T14:07:07Z,productcatalogservice,productcatalogservice,0,0,0,0,0,0,0
2026-10-04T14:07:07Z,productcatalogservice,recommendationservice,0,0,0,0,0,0,0
2026-10-04T14:07:07Z,productcatalogservice,redis-cart,0,0,0,0,0,0,0
2026-10-04T14:07:07Z,productcatalogservice,shippingservice,0,0,0,0,0,0,0
2026-10-04T14:07:07Z,recommendationservice,adservice,0,0,0,0,0,0,0
2026-10-04T14:07:07Z,recommendationservice,cartservice,0,0,0,0,0,0,0
2026-10-04T14:07:07Z,recommendationservice,checkoutservice,0,0,0,0,0,0,0
2026-10-04T14:07:07Z,recommendationservice,currencyservice,0,0,0,0,0,0,0
2026-10-04T14:07:07Z,recommendationservice,emailservice,0,0,0,0,0,0,0
2026-10-04T14:07:07Z,recommendationservice,frontend,0,0,0,0,0,0,0
2026-10-04T14:07:07Z,recommendationservice,kubernetes,0,0,0,0,0,0,0
2026-10-04T14:07:07Z,recommendationservice,paymentservice,0,0,0,0,0,0,0
2026-10-04T14:07:07Z,recommendationservice,productcatalogservice,89951,89950,0,0,0,721704,88976
2026-10-04T14:07:07Z,recommendationservice,recommendationservice,0,0,0,0,0,0,0
2026-10-04T14:07:07Z,recommendationservice,redis-cart,0,0,0,0,0,0,0
2026-10-04T14:07:07Z,recommendationservice,shippingservice,0,0,0,0,0,0,0
2026-10-04T14:07:07Z,redis-cart,adservice,0,0,0,0,0,0,0
2026-10-04T14:07:07Z,redis-cart,cartservice,0,0,0,0,0,0,0
2026-10-04T14:07:07Z,redis-cart,checkoutservice,0,0,0,0,0,0,0
2026-10-04T14:07:07Z,redis-cart,currencyservice,0,0,0,0,0,0,0
2026-10-04T14:07:07Z,redis-cart,emailservice,0,0,0,0,0,0,0
2026-10-04T14:07:07Z,redis-cart,frontend,0,0,0,0,0,0,0
2026-10-04T14:07:07Z,redis-cart,kubernetes,0,0,0,0,0,0,0
2026-10-04T14:07:07Z,redis-cart,paymentservice,0,0,0,0,0,0,0
2026-10-04T14:07:07Z,redis-cart,productcatalogservice,0,0,0,0,0,0,0
2026-10-04T14:07:07Z,redis-cart,recommendationservice,0,0,0,0,0,0,0
2026-10-04T14:07:07Z,redis-cart,redis-cart,0,0,0,0,0,0,0
2026-10-04T14:07:07Z,redis-cart,shippingservice,0,0,0,0,0,0,0
2026-10-04T14:07:07Z,shippingservice,adservice,0,0,0,0,0,0,0
2026-10-04T14:07:07Z,shippingservice,cartservice,0,0,0,0,0,0,0
2026-10-04T14:07:07Z,shippingservice,checkoutservice,0,0,0,0,0,0,0
2026-10-04T14:07:07Z,shippingservice,currencyservice,0,0,0,0,0,0,0
2026-10-04T14:07:07Z,shippingservice,emailservice,0,0,0,0,0,0,0
2026-10-04T14:07:07Z,shippingservice,frontend,0,0,0,0,0,0,0
2026-10-04T14:07:07Z,shippingservice,kubernetes,0,0,0,0,0,0,0
2026-10-04T14:07:07Z,shippingservice,paymentservice,0,0,0,0,0,0,0
2026-10-04T14:07:07Z,shippingservice,productcatalogservice,0,0,0,0,0,0,0
2026-10-04T14:07:07Z,shippingservice,recommendationservice,0,0,0,0,0,0,0
2026-10-04T14:07:07Z,shippingservice,redis-cart,0,0,0,0,0,0,0
2026-10-04T14:07:07Z,shippingservice,shippingservice,0,0,0,0,0,0,0
2026-10-04T14:07:08Z,adservice,adservice,0,0,0,0,0,0,0
2026-10-04T14:07:08Z,adservice,cartservice,0,0,0,0,0,0,0
2026-10-04T14:07:08Z,adservice,checkoutservice,0,0,0,0,0,0,0
2026-10-04T14:07:08Z,adservice,currencyservice,0,0,0,0,0,0,0
2026-10-04T14:07:08Z,adservice,emailservice,0,0,0,0,0,0,0
2026-10-04T14:07:08Z,adservice,frontend,0,0,0,0,0,0,0
2026-10-04T14:07:08Z,adservice,kubernetes,0,0,0,0,0,0,0
2026-10-04T14:07:08Z,adservice,paymentservice,0,0,0,0,0,0,0
2026-10-04T14:07:08Z,adservice,productcatalogservice,0,0,0,0,0,0,0
2026-10-04T14:07:08Z,adservice,recommendationservice,0,0,0,0,0,0,0
2026-10-04T14:07:08Z,adservice,redis-cart,0,0,0,0,0,0,0
2026-10-04T14:07:08Z,adservice,shippingservice,0,0,0,0,0,0,0
2026-10-04T14:07:08Z,cartservice,adservice,0,0,0,0,0,0,0
2026-10-04T14:07:08Z,cartservice,cartservice,0,0,0,0,0,0,0
2026-10-04T14:07:08Z,cartservice,checkoutservice,0,0,0,0,0,0,0
2026-10-04T14:07:08Z,cartservice,currencyservice,0,0,0,0,0,0,0
2026-10-04T14:07:08Z,cartservice,emailservice,0,0,0,0,0,0,0
2026-10-04T14:07:08Z,cartservice,frontend,0,0,0,0,0,0,0
2026-10-04T14:07:08Z,cartservice,kubernetes,0,0,0,0,0,0,0
2026-10-04T14:07:08Z,cartservice,paymentservice,0,0,0,0,0,0,0
2026-10-04T14:07:08Z,cartservice,productcatalogservice,0,0,0,0,0,0,0
2026-10-04T14:07:08Z,cartservice,recommendationservice,0,0,0,0,0,0,0
2026-10-04T14:07:08Z,cartservice,redis-cart,2,0,0,0,0,0,0
2026-10-04T14:07:08Z,cartservice,shippingservice,0,0,0,0,0,0,0
2026-10-04T14:07:08Z,checkoutservice,adservice,0,0,0,0,0,0,0
2026-10-04T14:07:08Z,checkoutservice,cartservice,42226,41295,0,100,0,614018,41163
2026-10-04T14:07:08Z,checkoutservice,checkoutservice,0,0,0,0,0,0,0
2026-10-04T14:07:08Z,checkoutservice,currencyservice,32511,32511,0,0,0,528030,32444
2026-10-04T14:07:08Z,checkoutservice,emailservice,3749,3462,0,66,0,160839,3397
2026-10-04T14:07:08Z,checkoutservice,frontend,0,0,0,0,0,0,0
2026-10-04T14:07:08Z,checkoutservice,kubernetes,0,0,0,0,0,0,0
2026-10-04T14:07:08Z,checkoutservice,paymentservice,25777,23929,0,192,0,398580,23716
2026-10-04T14:07:08Z,checkoutservice,productcatalogservice,0,0,0,0,0,0,0
2026-10-04T14:07:08Z,checkoutservice,recommendationservice,0,0,0,0,0,0,0
2026-10-04T14:07:08Z,checkoutservice,redis-cart,0,0,0,0,0,0,0
2026-10-04T14:07:08Z,checkoutservice,shippingservice,47538,45435,0,154,0,471755,45302
2026-10-04T14:07:08Z,currencyservice,adservice,0,0,0,0,0,0,0
2026-10-04T14:07:08Z,currencyservice,cartservice,0,0,0,0,0,0,0
2026-10-04T14:07:08Z,currencyservice,checkoutservice,0,0,0,0,0,0,0
2026-10-04T14:07:08Z,currencyservice,currencyservice,0,0,0,0,0,0,0
2026-10-04T14:07:08Z,currencyservice,emailservice,0,0,0,0,0,0,0
2026-10-04T14:07:08Z,currencyservice,frontend,0,0,0,0,0,0,0
2026-10-04T14:07:08Z,currencyservice,kubernetes,0,0,0,0,0,0,0
2026-10-04T14:07:08Z,currencyservice,paymentservice,0,0,0,0,0,0,0
2026-10-04T14:07:08Z,currencyservice,productcatalogservice,0,0,0,0,0,0,0
2026-10-04T14:07:08Z,currencyservice,recommendationservice,0,0,0,0,0,0,0
2026-10-04T14:07:08Z,currencyservice,redis-cart,0,0,0,0,0,0,0
2026-10-04T14:07:08Z,currencyservice,shippingservice,0,0,0,0,0,0,0
2026-10-04T14:07:08Z,emailservice,adservice,0,0,0,0,0,0,0
2026-10-04T14:07:08Z,emailservice,cartservice,0,0,0,0,0,0,0
2026-10-04T14:07:08Z,emailservice,checkoutservice,0,0,0,0,0,0,0
2026-10-04T14:07:08Z,emailservice,currencyservice,0,0,0,0,0,0,0
2026-10-04T14:07:08Z,emailservice,emailservice,0,0,0,0,0,0,0
2026-10-04T14:07:08Z,emailservice,frontend,0,0,0,0,0,0,0
2026-10-04T14:07:08Z,emailservice,kubernetes,0,0,0,0,0,0,0
2026-10-04T14:07:08Z,emailservice,paymentservice,0,0,0,0,0,0,0
2026-10-04T14:07:08Z,emailservice,productcatalogservice,0,0,0,0,0,0,0
2026-10-04T14:07:08Z,emailservice,recommendationservice,0,0,0,0,0,0,0
2026-10-04T14:07:08Z,emailservice,redis-cart,0,0,0,0,0,0,0
2026-10-04T14:07:08Z,emailservice,shippingservice,0,0,0,0,0,0,0
2026-10-04T14:07:08Z,frontend,adservice,827010,827008,0,0,0,2495351,826609
2026-10-04T14:07:08Z,frontend,cartservice,1825565,1825551,0,0,4,10178490,1824166
2026-10-04T14:07:08Z,frontend,checkoutservice,391495,181532,0,40061,169942,61710247,181354
2026-10-04T14:07:08Z,frontend,currencyservice,2903003,2902992,0,0,0,15442272,2900851
2026-10-04T14:07:08Z,frontend,emailservice,0,0,0,0,0,0,0
2026-10-04T14:07:08Z,frontend,frontend,0,0,0,0,0,0,0
2026-10-04T14:07:08Z,frontend,kubernetes,0,0,0,0,0,0,0
2026-10-04T14:07:08Z,frontend,paymentservice,0,0,0,0,0,0,0
2026-10-04T14:07:08Z,frontend,productcatalogservice,8181919,8181849,0,0,0,56054480,8177105
2026-10-04T14:07:08Z,frontend,recommendationservice,2621418,1613399,0,105010,900454,785991461,1612248
2026-10-04T14:07:08Z,frontend,redis-cart,0,0,0,0,0,0,0
2026-10-04T14:07:08Z,frontend,shippingservice,303249,303247,0,0,0,923673,303092
2026-10-04T14:07:08Z,paymentservice,adservice,0,0,0,0,0,0,0
2026-10-04T14:07:08Z,paymentservice,cartservice,0,0,0,0,0,0,0
2026-10-04T14:07:08Z,paymentservice,checkoutservice,0,0,0,0,0,0,0
2026-10-04T14:07:08Z,paymentservice,currencyservice,0,0,0,0,0,0,0
2026-10-04T14:07:08Z,paymentservice,emailservice,0,0,0,0,0,0,0
2026-10-04T14:07:08Z,paymentservice,frontend,0,0,0,0,0,0,0
2026-10-04T14:07:08Z,paymentservice,kubernetes,0,0,0,0,0,0,0
2026-10-04T14:07:08Z,paymentservice,paymentservice,0,0,0,0,0,0,0
2026-10-04T14:07:08Z,paymentservice,productcatalogservice,0,0,0,0,0,0,0
2026-10-04T14:07:08Z,paymentservice,recommendationservice,0,0,0,0,0,0,0
2026-10-04T14:07:08Z,paymentservice,redis-cart,0,0,0,0,0,0,0
2026-10-04T14:07:08Z,paymentservice,shippingservice,0,0,0,0,0,0,0
2026-10-04T14:07:08Z,productcatalogservice,adservice,0,0,0,0,0,0,0
2026-10-04T14:07:08Z,productcatalogservice,cartservice,0,0,0,0,0,0,0
2026-10-04T14:07:08Z,productcatalogservice,checkoutservice,0,0,0,0,0,0,0
2026-10-04T14:07:08Z,productcatalogservice,currencyservice,0,0,0,0,0,0,0
2026-10-04T14:07:08Z,productcatalogservice,emailservice,0,0,0,0,0,0,0
2026-10-04T14:07:08Z,productcatalogservice,frontend,0,0,0,0,0,0,0
2026-10-04T14:07:08Z,productcatalogservice,kubernetes,0,0,0,0,0,0,0
2026-10-04T14:07:08Z,productcatalogservice,paymentservice,0,0,0,0,0,0,0
2026-10-04T14:07:08Z,productcatalogservice,productcatalogservice,0,0,0,0,0,0,0
2026-10-04T14:07:08Z,productcatalogservice,recommendationservice,0,0,0,0,0,0,0
2026-10-04T14:07:08Z,productcatalogservice,redis-cart,0,0,0,0,0,0,0
2026-10-04T14:07:08Z,productcatalogservice,shippingservice,0,0,0,0,0,0,0
2026-10-04T14:07:08Z,recommendationservice,adservice,0,0,0,0,0,0,0
2026-10-04T14:07:08Z,recommendationservice,cartservice,0,0,0,0,0,0,0
2026-10-04T14:07:08Z,recommendationservice,checkoutservice,0,0,0,0,0,0,0
2026-10-04T14:07:08Z,recommendationservice,currencyservice,0,0,0,0,0,0,0
2026-10-04T14:07:08Z,recommendationservice,emailservice,0,0,0,0,0,0,0
2026-10-04T14:07:08Z,recommendationservice,frontend,0,0,0,0,0,0,0
2026-10-04T14:07:08Z,recommendationservice,kubernetes,0,0,0,0,0,0,0
2026-10-04T14:07:08Z,recommendationservice,paymentservice,0,0,0,0,0,0,0
2026-10-04T14:07:08Z,recommendationservice,productcatalogservice,90374,90374,0,0,0,721704,88976
2026-10-04T14:07:08Z,recommendationservice,recommendationservice,0,0,0,0,0,0,0
2026-10-04T14:07:08Z,recommendationservice,redis-cart,0,0,0,0,0,0,0
2026-10-04T14:07:08Z,recommendationservice,shippingservice,0,0,0,0,0,0,0
2026-10-04T14:07:08Z,redis-cart,adservice,0,0,0,0,0,0,0
2026-10-04T14:07:08Z,redis-cart,cartservice,0,0,0,0,0,0,0
2026-10-04T14:07:08Z,redis-cart,checkoutservice,0,0,0,0,0,0,0
2026-10-04T14:07:08Z,redis-cart,currencyservice,0,0,0,0,0,0,0
2026-10-04T14:07:08Z,redis-cart,emailservice,0,0,0,0,0,0,0
2026-10-04T14:07:08Z,redis-cart,frontend,0,0,0,0,0,0,0
2026-10-04T14:07:08Z,redis-cart,kubernetes,0,0,0,0,0,0,0
2026-10-04T14:07:08Z,redis-cart,paymentservice,0,0,0,0,0,0,0
2026-10-04T14:07:08Z,redis-cart,productcatalogservice,0,0,0,0,0,0,0
2026-10-04T14:07:08Z,redis-cart,recommendationservice,0,0,0,0,0,0,0
2026-10-04T14:07:08Z,redis-cart,redis-cart,0,0,0,0,0,0,0
2026-10-04T14:07:08Z,redis-cart,shippingservice,0,0,0,0,0,0,0
2026-10-04T14:07:08Z,shippingservice,adservice,0,0,0,0,0,0,0
2026-10-04T14:07:08Z,shippingservice,cartservice,0,0,0,0,0,0,0
2026-10-04T14:07:08Z,shippingservice,checkoutservice,0,0,0,0,0,0,0
2026-10-04T14:07:08Z,shippingservice,currencyservice,0,0,0,0,0,0,0
2026-10-04T14:07:08Z,shippingservice,emailservice,0,0,0,0,0,0,0
2026-10-04T14:07:08Z,shippingservice,frontend,0,0,0,0,0,0,0
2026-10-04T14:07:08Z,shippingservice,kubernetes,0,0,0,0,0,0,0
2026-10-04T14:07:08Z,shippingservice,paymentservice,0,0,0,0,0,0,0
2026-10-04T14:07:08Z,shippingservice,productcatalogservice,0,0,0,0,0,0,0
2026-10-04T14:07:08Z,shippingservice,recommendationservice,0,0,0,0,0,0,0
2026-10-04T14:07:08Z,shippingservice,redis-cart,0,0,0,0,0,0,0
2026-10-04T14:07:08Z,shippingservice,shippingservice,0,0,0,0,0,0,0
2026-10-04T14:07:09Z,adservice,adservice,0,0,0,0,0,0,0
2026-10-04T14:07:09Z,adservice,cartservice,0,0,0,0,0,0,0
2026-10-04T14:07:09Z,adservice,checkoutservice,0,0,0,0,0,0,0
2026-10-04T14:07:09Z,adservice,currencyservice,0,0,0,0,0,0,0
2026-10-04T14:07:09Z,adservice,emailservice,0,0,0,0,0,0,0
2026-10-04T14:07:09Z,adservice,frontend,0,0,0,0,0,0,0
2026-10-04T14:07:09Z,adservice,kubernetes,0,0,0,0,0,0,0
2026-10-04T14:07:09Z,adservice,paymentservice,0,0,0,0,0,0,0
2026-10-04T14:07:09Z,adservice,productcatalogservice,0,0,0,0,0,0,0
2026-10-04T14:07:09Z,adservice,recommendationservice,0,0,0,0,0,0,0
2026-10-04T14:07:09Z,adservice,redis-cart,0,0,0,0,0,0,0
2026-10-04T14:07:09Z,adservice,shippingservice,0,0,0,0,0,0,0
2026-10-04T14:07:09Z,cartservice,adservice,0,0,0,0,0,0,0
2026-10-04T14:07:09Z,cartservice,cartservice,0,0,0,0,0,0,0
2026-10-04T14:07:09Z,cartservice,checkoutservice,0,0,0,0,0,0,0
2026-10-04T14:07:09Z,cartservice,currencyservice,0,0,0,0,0,0,0
2026-10-04T14:07:09Z,cartservice,emailservice,0,0,0,0,0,0,0
2026-10-04T14:07:09Z,cartservice,frontend,0,0,0,0,0,0,0
2026-10-04T14:07:09Z,cartservice,kubernetes,0,0,0,0,0,0,0
2026-10-04T14:07:09Z,cartservice,paymentservice,0,0,0,0,0,0,0
2026-10-04T14:07:09Z,cartservice,productcatalogservice,0,0,0,0,0,0,0
2026-10-04T14:07:09Z,cartservice,recommendationservice,0,0,0,0,0,0,0
2026-10-04T14:07:09Z,cartservice,redis-cart,2,0,0,0,0,0,0
2026-10-04T14:07:09Z,cartservice,shippingservice,0,0,0,0,0,0,0
2026-10-04T14:07:09Z,checkoutservice,adservice,0,0,0,0,0,0,0
2026-10-04T14:07:09Z,checkoutservice,cartservice,42300,41369,0,100,0,614018,41163
2026-10-04T14:07:09Z,checkoutservice,checkoutservice,0,0,0,0,0,0,0
2026-10-04T14:07:09Z,checkoutservice,currencyservice,32545,32545,0,0,0,528030,32444
2026-10-04T14:07:09Z,checkoutservice,emailservice,3777,3492,0,66,0,160839,3397
2026-10-04T14:07:09Z,checkoutservice,frontend,0,0,0,0,0,0,0
2026-10-04T14:07:09Z,checkoutservice,kubernetes,0,0,0,0,0,0,0
2026-10-04T14:07:09Z,checkoutservice,paymentservice,25811,23963,0,192,0,398580,23716
2026-10-04T14:07:09Z,checkoutservice,productcatalogservice,0,0,0,0,0,0,0
2026-10-04T14:07:09Z,checkoutservice,recommendationservice,0,0,0,0,0,0,0
2026-10-04T14:07:09Z,checkoutservice,redis-cart,0,0,0,0,0,0,0
2026-10-04T14:07:09Z,checkoutservice,shippingservice,47609,45506,0,154,0,471755,45302
2026-10-04T14:07:09Z,currencyservice,adservice,0,0,0,0,0,0,0
2026-10-04T14:07:09Z,currencyservice,cartservice,0,0,0,0,0,0,0
2026-10-04T14:07:09Z,currencyservice,checkoutservice,0,0,0,0,0,0,0
2026-10-04T14:07:09Z,currencyservice,currencyservice,0,0,0,0,0,0,0
2026-10-04T14:07:09Z,currencyservice,emailservice,0,0,0,0,0,0,0
2026-10-04T14:07:09Z,currencyservice,frontend,0,0,0,0,0,0,0
2026-10-04T14:07:09Z,currencyservice,kubernetes,0,0,0,0,0,0,0
2026-10-04T14:07:09Z,currencyservice,paymentservice,0,0,0,0,0,0,0
2026-10-04T14:07:09Z,currencyservice,productcatalogservice,0,0,0,0,0,0,0
2026-10-04T14:07:09Z,currencyservice,recommendationservice,0,0,0,0,0,0,0
2026-10-04T14:07:09Z,currencyservice,redis-cart,0,0,0,0,0,0,0
2026-10-04T14:07:09Z,currencyservice,shippingservice,0,0,0,0,0,0,0
2026-10-04T14:07:09Z,emailservice,adservice,0,0,0,0,0,0,0
2026-10-04T14:07:09Z,emailservice,cartservice,0,0,0,0,0,0,0
2026-10-04T14:07:09Z,emailservice,checkoutservice,0,0,0,0,0,0,0
2026-10-04T14:07:09Z,emailservice,currencyservice,0,0,0,0,0,0,0
2026-10-04T14:07:09Z,emailservice,emailservice,0,0,0,0,0,0,0
2026-10-04T14:07:09Z,emailservice,frontend,0,0,0,0,0,0,0
2026-10-04T14:07:09Z,emailservice,kubernetes,0,0,0,0,0,0,0
2026-10-04T14:07:09Z,emailservice,paymentservice,0,0,0,0,0,0,0
2026-10-04T14:07:09Z,emailservice,productcatalogservice,0,0,0,0,0,0,0
2026-10-04T14:07:09Z,emailservice,recommendationservice,0,0,0,0,0,0,0
2026-10-04T14:07:09Z,emailservice,redis-cart,0,0,0,0,0,0,0
2026-10-04T14:07:09Z,emailservice,shippingservice,0,0,0,0,0,0,0
2026-10-04T14:07:09Z,frontend,adservice,827116,827114,0,0,0,2496535,827024
2026-10-04T14:07:09Z,frontend,cartservice,1825919,1825905,0,0,4,10184495,1825588
2026-10-04T14:07:09Z,frontend,checkoutservice,391536,181564,0,40061,169942,61731889,181535
2026-10-04T14:07:09Z,frontend,currencyservice,2903515,2903502,0,0,0,15450392,2903042
2026-10-04T14:07:09Z,frontend,emailservice,0,0,0,0,0,0,0
2026-10-04T14:07:09Z,frontend,frontend,0,0,0,0,0,0,0
2026-10-04T14:07:09Z,frontend,kubernetes,0,0,0,0,0,0,0
2026-10-04T14:07:09Z,frontend,paymentservice,0,0,0,0,0,0,0
2026-10-04T14:07:09Z,frontend,productcatalogservice,8183105,8183027,0,0,0,56078851,8181998
2026-10-04T14:07:09Z,frontend,recommendationservice,2622169,1613730,0,105044,900869,787041556,1613424
2026-10-04T14:07:09Z,frontend,redis-cart,0,0,0,0,0,0,0
2026-10-04T14:07:09Z,frontend,shippingservice,303280,303278,0,0,0,924031,303248
2026-10-04T14:07:09Z,paymentservice,adservice,0,0,0,0,0,0,0
2026-10-04T14:07:09Z,paymentservice,cartservice,0,0,0,0,0,0,0
2026-10-04T14:07:09Z,paymentservice,checkoutservice,0,0,0,0,0,0,0
2026-10-04T14:07:09Z,paymentservice,currencyservice,0,0,0,0,0,0,0
2026-10-04T14:07:09Z,paymentservice,emailservice,0,0,0,0,0,0,0
2026-10-04T14:07:09Z,paymentservice,frontend,0,0,0,0,0,0,0
2026-10-04T14:07:09Z,paymentservice,kubernetes,0,0,0,0,0,0,0
2026-10-04T14:07:09Z,paymentservice,paymentservice,0,0,0,0,0,0,0
2026-10-04T14:07:09Z,paymentservice,productcatalogservice,0,0,0,0,0,0,0
2026-10-04T14:07:09Z,paymentservice,recommendationservice,0,0,0,0,0,0,0
2026-10-04T14:07:09Z,paymentservice,redis-cart,0,0,0,0,0,0,0
2026-10-04T14:07:09Z,paymentservice,shippingservice,0,0,0,0,0,0,0
2026-10-04T14:07:09Z,productcatalogservice,adservice,0,0,0,0,0,0,0
2026-10-04T14:07:09Z,productcatalogservice,cartservice,0,0,0,0,0,0,0
2026-10-04T14:07:09Z,productcatalogservice,checkoutservice,0,0,0,0,0,0,0
2026-10-04T14:07:09Z,productcatalogservice,currencyservice,0,0,0,0,0,0,0
2026-10-04T14:07:09Z,productcatalogservice,emailservice,0,0,0,0,0,0,0
2026-10-04T14:07:09Z,productcatalogservice,frontend,0,0,0,0,0,0,0
2026-10-04T14:07:09Z,productcatalogservice,kubernetes,0,0,0,0,0,0,0
2026-10-04T14:07:09Z,productcatalogservice,paymentservice,0,0,0,0,0,0,0
2026-10-04T14:07:09Z,productcatalogservice,productcatalogservice,0,0,0,0,0,0,0
2026-10-04T14:07:09Z,productcatalogservice,recommendationservice,0,0,0,0,0,0,0
2026-10-04T14:07:09Z,productcatalogservice,redis-cart,0,0,0,0,0,0,0
2026-10-04T14:07:09Z,productcatalogservice,shippingservice,0,0,0,0,0,0,0
2026-10-04T14:07:09Z,recommendationservice,adservice,0,0,0,0,0,0,0
2026-10-04T14:07:09Z,recommendationservice,cartservice,0,0,0,0,0,0,0
2026-10-04T14:07:09Z,recommendationservice,checkoutservice,0,0,0,0,0,0,0
2026-10-04T14:07:09Z,recommendationservice,currencyservice,0,0,0,0,0,0,0
2026-10-04T14:07:09Z,recommendationservice,emailservice,0,0,0,0,0,0,0
2026-10-04T14:07:09Z,recommendationservice,frontend,0,0,0,0,0,0,0
2026-10-04T14:07:09Z,recommendationservice,kubernetes,0,0,0,0,0,0,0
2026-10-04T14:07:09Z,recommendationservice,paymentservice,0,0,0,0,0,0,0
2026-10-04T14:07:09Z,recommendationservice,productcatalogservice,90771,90771,0,0,0,721704,88976
2026-10-04T14:07:09Z,recommendationservice,recommendationservice,0,0,0,0,0,0,0
2026-10-04T14:07:09Z,recommendationservice,redis-cart,0,0,0,0,0,0,0
2026-10-04T14:07:09Z,recommendationservice,shippingservice,0,0,0,0,0,0,0
2026-10-04T14:07:09Z,redis-cart,adservice,0,0,0,0,0,0,0
2026-10-04T14:07:09Z,redis-cart,cartservice,0,0,0,0,0,0,0
2026-10-04T14:07:09Z,redis-cart,checkoutservice,0,0,0,0,0,0,0
2026-10-04T14:07:09Z,redis-cart,currencyservice,0,0,0,0,0,0,0
2026-10-04T14:07:09Z,redis-cart,emailservice,0,0,0,0,0,0,0
2026-10-04T14:07:09Z,redis-cart,frontend,0,0,0,0,0,0,0
2026-10-04T14:07:09Z,redis-cart,kubernetes,0,0,0,0,0,0,0
2026-10-04T14:07:09Z,redis-cart,paymentservice,0,0,0,0,0,0,0
2026-10-04T14:07:09Z,redis-cart,productcatalogservice,0,0,0,0,0,0,0
2026-10-04T14:07:09Z,redis-cart,recommendationservice,0,0,0,0,0,0,0
2026-10-04T14:07:09Z,redis-cart,redis-cart,0,0,0,0,0,0,0
2026-10-04T14:07:09Z,redis-cart,shippingservice,0,0,0,0,0,0,0
2026-10-04T14:07:09Z,shippingservice,adservice,0,0,0,0,0,0,0
2026-10-04T14:07:09Z,shippingservice,cartservice,0,0,0,0,0,0,0
2026-10-04T14:07:09Z,shippingservice,checkoutservice,0,0,0,0,0,0,0
2026-10-04T14:07:09Z,shippingservice,currencyservice,0,0,0,0,0,0,0
2026-10-04T14:07:09Z,shippingservice,emailservice,0,0,0,0,0,0,0
2026-10-04T14:07:09Z,shippingservice,frontend,0,0,0,0,0,0,0
2026-10-04T14:07:09Z,shippingservice,kubernetes,0,0,0,0,0,0,0
2026-10-04T14:07:09Z,shippingservice,paymentservice,0,0,0,0,0,0,0
2026-10-04T14:07:09Z,shippingservice,productcatalogservice,0,0,0,0,0,0,0
2026-10-04T14:07:09Z,shippingservice,recommendationservice,0,0,0,0,0,0,0
2026-10-04T14:07:09Z,shippingservice,redis-cart,0,0,0,0,0,0,0
2026-10-04T14:07:09Z,shippingservice,shippingservice,0,0,0,0,0,0,0
2026-10-04T14:07:10Z,adservice,adservice,0,0,0,0,0,0,0
2026-10-04T14:07:10Z,adservice,cartservice,0,0,0,0,0,0,0
2026-10-04T14:07:10Z,adservice,checkoutservice,0,0,0,0,0,0,0
2026-10-04T14:07:10Z,adservice,currencyservice,0,0,0,0,0,0,0
2026-10-04T14:07:10Z,adservice,emailservice,0,0,0,0,0,0,0
2026-10-04T14:07:10Z,adservice,frontend,0,0,0,0,0,0,0
2026-10-04T14:07:10Z,adservice,kubernetes,0,0,0,0,0,0,0
2026-10-04T14:07:10Z,adservice,paymentservice,0,0,0,0,0,0,0
2026-10-04T14:07:10Z,adservice,productcatalogservice,0,0,0,0,0,0,0
2026-10-04T14:07:10Z,adservice,recommendationservice,0,0,0,0,0,0,0
2026-10-04T14:07:10Z,adservice,redis-cart,0,0,0,0,0,0,0
2026-10-04T14:07:10Z,adservice,shippingservice,0,0,0,0,0,0,0
2026-10-04T14:07:10Z,cartservice,adservice,0,0,0,0,0,0,0
2026-10-04T14:07:10Z,cartservice,cartservice,0,0,0,0,0,0,0
2026-10-04T14:07:10Z,cartservice,checkoutservice,0,0,0,0,0,0,0
2026-10-04T14:07:10Z,cartservice,currencyservice,0,0,0,0,0,0,0
2026-10-04T14:07:10Z,cartservice,emailservice,0,0,0,0,0,0,0
2026-10-04T14:07:10Z,cartservice,frontend,0,0,0,0,0,0,0
2026-10-04T14:07:10Z,cartservice,kubernetes,0,0,0,0,0,0,0
2026-10-04T14:07:10Z,cartservice,paymentservice,0,0,0,0,0,0,0
2026-10-04T14:07:10Z,cartservice,productcatalogservice,0,0,0,0,0,0,0
2026-10-04T14:07:10Z,cartservice,recommendationservice,0,0,0,0,0,0,0
2026-10-04T14:07:10Z,cartservice,redis-cart,2,0,0,0,0,0,0
2026-10-04T14:07:10Z,cartservice,shippingservice,0,0,0,0,0,0,0
2026-10-04T14:07:10Z,checkoutservice,adservice,0,0,0,0,0,0,0
2026-10-04T14:07:10Z,checkoutservice,cartservice,42367,41435,0,100,0,614018,41163
2026-10-04T14:07:10Z,checkoutservice,checkoutservice,0,0,0,0,0,0,0
2026-10-04T14:07:10Z,checkoutservice,currencyservice,32581,32581,0,0,0,528030,32444
2026-10-04T14:07:10Z,checkoutservice,emailservice,3815,3530,0,66,0,160839,3397
2026-10-04T14:07:10Z,checkoutservice,frontend,0,0,0,0,0,0,0
2026-10-04T14:07:10Z,checkoutservice,kubernetes,0,0,0,0,0,0,0
2026-10-04T14:07:10Z,checkoutservice,paymentservice,25845,23997,0,192,0,398580,23716
2026-10-04T14:07:10Z,checkoutservice,productcatalogservice,0,0,0,0,0,0,0
2026-10-04T14:07:10Z,checkoutservice,recommendationservice,0,0,0,0,0,0,0
2026-10-04T14:07:10Z,checkoutservice,redis-cart,0,0,0,0,0,0,0
2026-10-04T14:07:10Z,checkoutservice,shippingservice,47677,45574,0,154,0,471755,45302
2026-10-04T14:07:10Z,currencyservice,adservice,0,0,0,0,0,0,0
2026-10-04T14:07:10Z,currencyservice,cartservice,0,0,0,0,0,0,0
2026-10-04T14:07:10Z,currencyservice,checkoutservice,0,0,0,0,0,0,0
2026-10-04T14:07:10Z,currencyservice,currencyservice,0,0,0,0,0,0,0
2026-10-04T14:07:10Z,currencyservice,emailservice,0,0,0,0,0,0,0
2026-10-04T14:07:10Z,currencyservice,frontend,0,0,0,0,0,0,0
2026-10-04T14:07:10Z,currencyservice,kubernetes,0,0,0,0,0,0,0
2026-10-04T14:07:10Z,currencyservice,paymentservice,0,0,0,0,0,0,0
2026-10-04T14:07:10Z,currencyservice,productcatalogservice,0,0,0,0,0,0,0
2026-10-04T14:07:10Z,currencyservice,recommendationservice,0,0,0,0,0,0,0
2026-10-04T14:07:10Z,currencyservice,redis-cart,0,0,0,0,0,0,0
2026-10-04T14:07:10Z,currencyservice,shippingservice,0,0,0,0,0,0,0
2026-10-04T14:07:10Z,emailservice,adservice,0,0,0,0,0,0,0
2026-10-04T14:07:10Z,emailservice,cartservice,0,0,0,0,0,0,0
2026-10-04T14:07:10Z,emailservice,checkoutservice,0,0,0,0,0,0,0
2026-10-04T14:07:10Z,emailservice,currencyservice,0,0,0,0,0,0,0
2026-10-04T14:07:10Z,emailservice,emailservice,0,0,0,0,0,0,0
2026-10-04T14:07:10Z,emailservice,frontend,0,0,0,0,0,0,0
2026-10-04T14:07:10Z,emailservice,kubernetes,0,0,0,0,0,0,0
2026-10-04T14:07:10Z,emailservice,paymentservice,0,0,0,0,0,0,0
2026-10-04T14:07:10Z,emailservice,productcatalogservice,0,0,0,0,0,0,0
2026-10-04T14:07:10Z,emailservice,recommendationservice,0,0,0,0,0,0,0
2026-10-04T14:07:10Z,emailservice,redis-cart,0,0,0,0,0,0,0
2026-10-04T14:07:10Z,emailservice,shippingservice,0,0,0,0,0,0,0
2026-10-04T14:07:10Z,frontend,adservice,827213,827211,0,0,0,2496535,827024
2026-10-04T14:07:10Z,frontend,cartservice,1826322,1826308,0,0,4,10184495,1825588
2026-10-04T14:07:10Z,frontend,checkoutservice,391576,181610,0,40061,169942,61731889,181535
2026-10-04T14:07:10Z,frontend,currencyservice,2904134,2904123,0,0,0,15450392,2903042
2026-10-04T14:07:10Z,frontend,emailservice,0,0,0,0,0,0,0
2026-10-04T14:07:10Z,frontend,frontend,0,0,0,0,0,0,0
2026-10-04T14:07:10Z,frontend,kubernetes,0,0,0,0,0,0,0
2026-10-04T14:07:10Z,frontend,paymentservice,0,0,0,0,0,0,0
2026-10-04T14:07:10Z,frontend,productcatalogservice,8184289,8184212,0,0,0,56078851,8181998
2026-10-04T14:07:10Z,frontend,recommendationservice,2623025,1614041,0,105107,901313,787041556,1613424
2026-10-04T14:07:10Z,frontend,redis-cart,0,0,0,0,0,0,0
2026-10-04T14:07:10Z,frontend,shippingservice,303314,303312,0,0,0,924031,303248
2026-10-04T14:07:10Z,paymentservice,adservice,0,0,0,0,0,0,0
2026-10-04T14:07:10Z,paymentservice,cartservice,0,0,0,0,0,0,0
2026-10-04T14:07:10Z,paymentservice,checkoutservice,0,0,0,0,0,0,0
2026-10-04T14:07:10Z,paymentservice,currencyservice,0,0,0,0,0,0,0
2026-10-04T14:07:10Z,paymentservice,emailservice,0,0,0,0,0,0,0
2026-10-04T14:07:10Z,paymentservice,frontend,0,0,0,0,0,0,0
2026-10-04T14:07:10Z,paymentservice,kubernetes,0,0,0,0,0,0,0
2026-10-04T14:07:10Z,paymentservice,paymentservice,0,0,0,0,0,0,0
2026-10-04T14:07:10Z,paymentservice,productcatalogservice,0,0,0,0,0,0,0
2026-10-04T14:07:10Z,paymentservice,recommendationservice,0,0,0,0,0,0,0
2026-10-04T14:07:10Z,paymentservice,redis-cart,0,0,0,0,0,0,0
2026-10-04T14:07:10Z,paymentservice,shippingservice,0,0,0,0,0,0,0
2026-10-04T14:07:10Z,productcatalogservice,adservice,0,0,0,0,0,0,0
2026-10-04T14:07:10Z,productcatalogservice,cartservice,0,0,0,0,0,0,0
2026-10-04T14:07:10Z,productcatalogservice,checkoutservice,0,0,0,0,0,0,0
2026-10-04T14:07:10Z,productcatalogservice,currencyservice,0,0,0,0,0,0,0
2026-10-04T14:07:10Z,productcatalogservice,emailservice,0,0,0,0,0,0,0
2026-10-04T14:07:10Z,productcatalogservice,frontend,0,0,0,0,0,0,0
2026-10-04T14:07:10Z,productcatalogservice,kubernetes,0,0,0,0,0,0,0
2026-10-04T14:07:10Z,productcatalogservice,paymentservice,0,0,0,0,0,0,0
2026-10-04T14:07:10Z,productcatalogservice,productcatalogservice,0,0,0,0,0,0,0
2026-10-04T14:07:10Z,productcatalogservice,recommendationservice,0,0,0,0,0,0,0
2026-10-04T14:07:10Z,productcatalogservice,redis-cart,0,0,0,0,0,0,0
2026-10-04T14:07:10Z,productcatalogservice,shippingservice,0,0,0,0,0,0,0
2026-10-04T14:07:10Z,recommendationservice,adservice,0,0,0,0,0,0,0
2026-10-04T14:07:10Z,recommendationservice,cartservice,0,0,0,0,0,0,0
2026-10-04T14:07:10Z,recommendationservice,checkoutservice,0,0,0,0,0,0,0
2026-10-04T14:07:10Z,recommendationservice,currencyservice,0,0,0,0,0,0,0
2026-10-04T14:07:10Z,recommendationservice,emailservice,0,0,0,0,0,0,0
2026-10-04T14:07:10Z,recommendationservice,frontend,0,0,0,0,0,0,0
2026-10-04T14:07:10Z,recommendationservice,kubernetes,0,0,0,0,0,0,0
2026-10-04T14:07:10Z,recommendationservice,paymentservice,0,0,0,0,0,0,0
2026-10-04T14:07:10Z,recommendationservice,productcatalogservice,91174,91173,0,0,0,731478,91049
2026-10-04T14:07:10Z,recommendationservice,recommendationservice,0,0,0,0,0,0,0
2026-10-04T14:07:10Z,recommendationservice,redis-cart,0,0,0,0,0,0,0
2026-10-04T14:07:10Z,recommendationservice,shippingservice,0,0,0,0,0,0,0
2026-10-04T14:07:10Z,redis-cart,adservice,0,0,0,0,0,0,0
2026-10-04T14:07:10Z,redis-cart,cartservice,0,0,0,0,0,0,0
2026-10-04T14:07:10Z,redis-cart,checkoutservice,0,0,0,0,0,0,0
2026-10-04T14:07:10Z,redis-cart,currencyservice,0,0,0,0,0,0,0
2026-10-04T14:07:10Z,redis-cart,emailservice,0,0,0,0,0,0,0
2026-10-04T14:07:10Z,redis-cart,frontend,0,0,0,0,0,0,0
2026-10-04T14:07:10Z,redis-cart,kubernetes,0,0,0,0,0,0,0
2026-10-04T14:07:10Z,redis-cart,paymentservice,0,0,0,0,0,0,0
2026-10-04T14:07:10Z,redis-cart,productcatalogservice,0,0,0,0,0,0,0
2026-10-04T14:07:10Z,redis-cart,recommendationservice,0,0,0,0,0,0,0
2026-10-04T14:07:10Z,redis-cart,redis-cart,0,0,0,0,0,0,0
2026-10-04T14:07:10Z,redis-cart,shippingservice,0,0,0,0,0,0,0
2026-10-04T14:07:10Z,shippingservice,adservice,0,0,0,0,0,0,0
2026-10-04T14:07:10Z,shippingservice,cartservice,0,0,0,0,0,0,0
2026-10-04T14:07:10Z,shippingservice,checkoutservice,0,0,0,0,0,0,0
2026-10-04T14:07:10Z,shippingservice,currencyservice,0,0,0,0,0,0,0
2026-10-04T14:07:10Z,shippingservice,emailservice,0,0,0,0,0,0,0
2026-10-04T14:07:10Z,shippingservice,frontend,0,0,0,0,0,0,0
2026-10-04T14:07:10Z,shippingservice,kubernetes,0,0,0,0,0,0,0
2026-10-04T14:07:10Z,shippingservice,paymentservice,0,0,0,0,0,0,0
2026-10-04T14:07:10Z,shippingservice,productcatalogservice,0,0,0,0,0,0,0
2026-10-04T14:07:10Z,shippingservice,recommendationservice,0,0,0,0,0,0,0
2026-10-04T14:07:10Z,shippingservice,redis-cart,0,0,0,0,0,0,0
2026-10-04T14:07:10Z,shippingservice,shippingservice,0,0,0,0,0,0,0
2026-10-04T14:07:11Z,adservice,adservice,0,0,0,0,0,0,0
2026-10-04T14:07:11Z,adservice,cartservice,0,0,0,0,0,0,0
2026-10-04T14:07:11Z,adservice,checkoutservice,0,0,0,0,0,0,0
2026-10-04T14:07:11Z,adservice,currencyservice,0,0,0,0,0,0,0
2026-10-04T14:07:11Z,adservice,emailservice,0,0,0,0,0,0,0
2026-10-04T14:07:11Z,adservice,frontend,0,0,0,0,0,0,0
2026-10-04T14:07:11Z,adservice,kubernetes,0,0,0,0,0,0,0
2026-10-04T14:07:11Z,adservice,paymentservice,0,0,0,0,0,0,0
2026-10-04T14:07:11Z,adservice,productcatalogservice,0,0,0,0,0,0,0
2026-10-04T14:07:11Z,adservice,recommendationservice,0,0,0,0,0,0,0
2026-10-04T14:07:11Z,adservice,redis-cart,0,0,0,0,0,0,0
2026-10-04T14:07:11Z,adservice,shippingservice,0,0,0,0,0,0,0
2026-10-04T14:07:11Z,cartservice,adservice,0,0,0,0,0,0,0
2026-10-04T14:07:11Z,cartservice,cartservice,0,0,0,0,0,0,0
2026-10-04T14:07:11Z,cartservice,checkoutservice,0,0,0,0,0,0,0
2026-10-04T14:07:11Z,cartservice,currencyservice,0,0,0,0,0,0,0
2026-10-04T14:07:11Z,cartservice,emailservice,0,0,0,0,0,0,0
2026-10-04T14:07:11Z,cartservice,frontend,0,0,0,0,0,0,0
2026-10-04T14:07:11Z,cartservice,kubernetes,0,0,0,0,0,0,0
2026-10-04T14:07:11Z,cartservice,paymentservice,0,0,0,0,0,0,0
2026-10-04T14:07:11Z,cartservice,productcatalogservice,0,0,0,0,0,0,0
2026-10-04T14:07:11Z,cartservice,recommendationservice,0,0,0,0,0,0,0
2026-10-04T14:07:11Z,cartservice,redis-cart,2,0,0,0,0,0,0
2026-10-04T14:07:11Z,cartservice,shippingservice,0,0,0,0,0,0,0
2026-10-04T14:07:11Z,checkoutservice,adservice,0,0,0,0,0,0,0
2026-10-04T14:07:11Z,checkoutservice,cartservice,42419,41488,0,100,0,614018,41163
2026-10-04T14:07:11Z,checkoutservice,checkoutservice,0,0,0,0,0,0,0
2026-10-04T14:07:11Z,checkoutservice,currencyservice,32608,32608,0,0,0,528030,32444
2026-10-04T14:07:11Z,checkoutservice,emailservice,3845,3560,0,66,0,160839,3397
2026-10-04T14:07:11Z,checkoutservice,frontend,0,0,0,0,0,0,0
2026-10-04T14:07:11Z,checkoutservice,kubernetes,0,0,0,0,0,0,0
2026-10-04T14:07:11Z,checkoutservice,paymentservice,25874,24026,0,192,0,398580,23716
2026-10-04T14:07:11Z,checkoutservice,productcatalogservice,0,0,0,0,0,0,0
2026-10-04T14:07:11Z,checkoutservice,recommendationservice,0,0,0,0,0,0,0
2026-10-04T14:07:11Z,checkoutservice,redis-cart,0,0,0,0,0,0,0
2026-10-04T14:07:11Z,checkoutservice,shippingservice,47731,45628,0,154,0,471755,45302
2026-10-04T14:07:11Z,currencyservice,adservice,0,0,0,0,0,0,0
2026-10-04T14:07:11Z,currencyservice,cartservice,0,0,0,0,0,0,0
2026-10-04T14:07:11Z,currencyservice,checkoutservice,0,0,0,0,0,0,0
2026-10-04T14:07:11Z,currencyservice,currencyservice,0,0,0,0,0,0,0
2026-10-04T14:07:11Z,currencyservice,emailservice,0,0,0,0,0,0,0
2026-10-04T14:07:11Z,currencyservice,frontend,0,0,0,0,0,0,0
2026-10-04T14:07:11Z,currencyservice,kubernetes,0,0,0,0,0,0,0
2026-10-04T14:07:11Z,currencyservice,paymentservice,0,0,0,0,0,0,0
2026-10-04T14:07:11Z,currencyservice,productcatalogservice,0,0,0,0,0,0,0
2026-10-04T14:07:11Z,currencyservice,recommendationservice,0,0,0,0,0,0,0
2026-10-04T14:07:11Z,currencyservice,redis-cart,0,0,0,0,0,0,0
2026-10-04T14:07:11Z,currencyservice,shippingservice,0,0,0,0,0,0,0
2026-10-04T14:07:11Z,emailservice,adservice,0,0,0,0,0,0,0
2026-10-04T14:07:11Z,emailservice,cartservice,0,0,0,0,0,0,0
2026-10-04T14:07:11Z,emailservice,checkoutservice,0,0,0,0,0,0,0
2026-10-04T14:07:11Z,emailservice,currencyservice,0,0,0,0,0,0,0
2026-10-04T14:07:11Z,emailservice,emailservice,0,0,0,0,0,0,0
2026-10-04T14:07:11Z,emailservice,frontend,0,0,0,0,0,0,0
2026-10-04T14:07:11Z,emailservice,kubernetes,0,0,0,0,0,0,0
2026-10-04T14:07:11Z,emailservice,paymentservice,0,0,0,0,0,0,0
2026-10-04T14:07:11Z,emailservice,productcatalogservice,0,0,0,0,0,0,0
2026-10-04T14:07:11Z,emailservice,recommendationservice,0,0,0,0,0,0,0
2026-10-04T14:07:11Z,emailservice,redis-cart,0,0,0,0,0,0,0
2026-10-04T14:07:11Z,emailservice,shippingservice,0,0,0,0,0,0,0
2026-10-04T14:07:11Z,frontend,adservice,827291,827289,0,0,0,2496535,827024
2026-10-04T14:07:11Z,frontend,cartservice,1826658,1826645,0,0,4,10184495,1825588
2026-10-04T14:07:11Z,frontend,checkoutservice,391603,181637,0,40061,169942,61731889,181535
2026-10-04T14:07:11Z,frontend,currencyservice,2904645,2904630,0,0,0,15450392,2903042
2026-10-04T14:07:11Z,frontend,emailservice,0,0,0,0,0,0,0
2026-10-04T14:07:11Z,frontend,frontend,0,0,0,0,0,0,0
2026-10-04T14:07:11Z,frontend,kubernetes,0,0,0,0,0,0,0
2026-10-04T14:07:11Z,frontend,paymentservice,0,0,0,0,0,0,0
2026-10-04T14:07:11Z,frontend,productcatalogservice,8185223,8185157,0,0,0,56078851,8181998
2026-10-04T14:07:11Z,frontend,recommendationservice,2623759,1614327,0,105157,901721,787041556,1613424
2026-10-04T14:07:11Z,frontend,redis-cart,0,0,0,0,0,0,0
2026-10-04T14:07:11Z,frontend,shippingservice,303351,303349,0,0,0,924031,303248
2026-10-04T14:07:11Z,paymentservice,adservice,0,0,0,0,0,0,0
2026-10-04T14:07:11Z,paymentservice,cartservice,0,0,0,0,0,0,0
2026-10-04T14:07:11Z,paymentservice,checkoutservice,0,0,0,0,0,0,0
2026-10-04T14:07:11Z,paymentservice,currencyservice,0,0,0,0,0,0,0
2026-10-04T14:07:11Z,paymentservice,emailservice,0,0,0,0,0,0,0
2026-10-04T14:07:11Z,paymentservice,frontend,0,0,0,0,0,0,0
2026-10-04T14:07:11Z,paymentservice,kubernetes,0,0,0,0,0,0,0
2026-10-04T14:07:11Z,paymentservice,paymentservice,0,0,0,0,0,0,0
2026-10-04T14:07:11Z,paymentservice,productcatalogservice,0,0,0,0,0,0,0
2026-10-04T14:07:11Z,paymentservice,recommendationservice,0,0,0,0,0,0,0
2026-10-04T14:07:11Z,paymentservice,redis-cart,0,0,0,0,0,0,0
2026-10-04T14:07:11Z,paymentservice,shippingservice,0,0,0,0,0,0,0
2026-10-04T14:07:11Z,productcatalogservice,adservice,0,0,0,0,0,0,0
2026-10-04T14:07:11Z,productcatalogservice,cartservice,0,0,0,0,0,0,0
2026-10-04T14:07:11Z,productcatalogservice,checkoutservice,0,0,0,0,0,0,0
2026-10-04T14:07:11Z,productcatalogservice,currencyservice,0,0,0,0,0,0,0
2026-10-04T14:07:11Z,productcatalogservice,emailservice,0,0,0,0,0,0,0
2026-10-04T14:07:11Z,productcatalogservice,frontend,0,0,0,0,0,0,0
2026-10-04T14:07:11Z,productcatalogservice,kubernetes,0,0,0,0,0,0,0
2026-10-04T14:07:11Z,productcatalogservice,paymentservice,0,0,0,0,0,0,0
2026-10-04T14:07:11Z,productcatalogservice,productcatalogservice,0,0,0,0,0,0,0
2026-10-04T14:07:11Z,productcatalogservice,recommendationservice,0,0,0,0,0,0,0
2026-10-04T14:07:11Z,productcatalogservice,redis-cart,0,0,0,0,0,0,0
2026-10-04T14:07:11Z,productcatalogservice,shippingservice,0,0,0,0,0,0,0
2026-10-04T14:07:11Z,recommendationservice,adservice,0,0,0,0,0,0,0
2026-10-04T14:07:11Z,recommendationservice,cartservice,0,0,0,0,0,0,0
2026-10-04T14:07:11Z,recommendationservice,checkoutservice,0,0,0,0,0,0,0
2026-10-04T14:07:11Z,recommendationservice,currencyservice,0,0,0,0,0,0,0
2026-10-04T14:07:11Z,recommendationservice,emailservice,0,0,0,0,0,0,0
2026-10-04T14:07:11Z,recommendationservice,frontend,0,0,0,0,0,0,0
2026-10-04T14:07:11Z,recommendationservice,kubernetes,0,0,0,0,0,0,0
2026-10-04T14:07:11Z,recommendationservice,paymentservice,0,0,0,0,0,0,0
2026-10-04T14:07:11Z,recommendationservice,productcatalogservice,91577,91576,0,0,0,731478,91049
2026-10-04T14:07:11Z,recommendationservice,recommendationservice,0,0,0,0,0,0,0
2026-10-04T14:07:11Z,recommendationservice,redis-cart,0,0,0,0,0,0,0
2026-10-04T14:07:11Z,recommendationservice,shippingservice,0,0,0,0,0,0,0
2026-10-04T14:07:11Z,redis-cart,adservice,0,0,0,0,0,0,0
2026-10-04T14:07:11Z,redis-cart,cartservice,0,0,0,0,0,0,0
2026-10-04T14:07:11Z,redis-cart,checkoutservice,0,0,0,0,0,0,0
2026-10-04T14:07:11Z,redis-cart,currencyservice,0,0,0,0,0,0,0
2026-10-04T14:07:11Z,redis-cart,emailservice,0,0,0,0,0,0,0
2026-10-04T14:07:11Z,redis-cart,frontend,0,0,0,0,0,0,0
2026-10-04T14:07:11Z,redis-cart,kubernetes,0,0,0,0,0,0,0
2026-10-04T14:07:11Z,redis-cart,paymentservice,0,0,0,0,0,0,0
2026-10-04T14:07:11Z,redis-cart,productcatalogservice,0,0,0,0,0,0,0
2026-10-04T14:07:11Z,redis-cart,recommendationservice,0,0,0,0,0,0,0
2026-10-04T14:07:11Z,redis-cart,redis-cart,0,0,0,0,0,0,0
2026-10-04T14:07:11Z,redis-cart,shippingservice,0,0,0,0,0,0,0
2026-10-04T14:07:11Z,shippingservice,adservice,0,0,0,0,0,0,0
2026-10-04T14:07:11Z,shippingservice,cartservice,0,0,0,0,0,0,0
2026-10-04T14:07:11Z,shippingservice,checkoutservice,0,0,0,0,0,0,0
2026-10-04T14:07:11Z,shippingservice,currencyservice,0,0,0,0,0,0,0
2026-10-04T14:07:11Z,shippingservice,emailservice,0,0,0,0,0,0,0
2026-10-04T14:07:11Z,shippingservice,frontend,0,0,0,0,0,0,0
2026-10-04T14:07:11Z,shippingservice,kubernetes,0,0,0,0,0,0,0
2026-10-04T14:07:11Z,shippingservice,paymentservice,0,0,0,0,0,0,0
2026-10-04T14:07:11Z,shippingservice,productcatalogservice,0,0,0,0,0,0,0
2026-10-04T14:07:11Z,shippingservice,recommendationservice,0,0,0,0,0,0,0
2026-10-04T14:07:11Z,shippingservice,redis-cart,0,0,0,0,0,0,0
2026-10-04T14:07:11Z,shippingservice,shippingservice,0,0,0,0,0,0,0
2026-10-04T14:07:12Z,adservice,adservice,0,0,0,0,0,0,0
2026-10-04T14:07:12Z,adservice,cartservice,0,0,0,0,0,0,0
2026-10-04T14:07:12Z,adservice,checkoutservice,0,0,0,0,0,0,0
2026-10-04T14:07:12Z,adservice,currencyservice,0,0,0,0,0,0,0
2026-10-04T14:07:12Z,adservice,emailservice,0,0,0,0,0,0,0
2026-10-04T14:07:12Z,adservice,frontend,0,0,0,0,0,0,0
2026-10-04T14:07:12Z,adservice,kubernetes,0,0,0,0,0,0,0
2026-10-04T14:07:12Z,adservice,paymentservice,0,0,0,0,0,0,0
2026-10-04T14:07:12Z,adservice,productcatalogservice,0,0,0,0,0,0,0
2026-10-04T14:07:12Z,adservice,recommendationservice,0,0,0,0,0,0,0
2026-10-04T14:07:12Z,adservice,redis-cart,0,0,0,0,0,0,0
2026-10-04T14:07:12Z,adservice,shippingservice,0,0,0,0,0,0,0
2026-10-04T14:07:12Z,cartservice,adservice,0,0,0,0,0,0,0
2026-10-04T14:07:12Z,cartservice,cartservice,0,0,0,0,0,0,0
2026-10-04T14:07:12Z,cartservice,checkoutservice,0,0,0,0,0,0,0
2026-10-04T14:07:12Z,cartservice,currencyservice,0,0,0,0,0,0,0
2026-10-04T14:07:12Z,cartservice,emailservice,0,0,0,0,0,0,0
2026-10-04T14:07:12Z,cartservice,frontend,0,0,0,0,0,0,0
2026-10-04T14:07:12Z,cartservice,kubernetes,0,0,0,0,0,0,0
2026-10-04T14:07:12Z,cartservice,paymentservice,0,0,0,0,0,0,0
2026-10-04T14:07:12Z,cartservice,productcatalogservice,0,0,0,0,0,0,0
2026-10-04T14:07:12Z,cartservice,recommendationservice,0,0,0,0,0,0,0
2026-10-04T14:07:12Z,cartservice,redis-cart,2,0,0,0,0,0,0
2026-10-04T14:07:12Z,cartservice,shippingservice,0,0,0,0,0,0,0
2026-10-04T14:07:12Z,checkoutservice,adservice,0,0,0,0,0,0,0
2026-10-04T14:07:12Z,checkoutservice,cartservice,42508,41577,0,100,0,615704,41544
2026-10-04T14:07:12Z,checkoutservice,checkoutservice,0,0,0,0,0,0,0
2026-10-04T14:07:12Z,checkoutservice,currencyservice,32652,32652,0,0,0,528860,32636
2026-10-04T14:07:12Z,checkoutservice,emailservice,3890,3605,0,66,0,166385,3586
2026-10-04T14:07:12Z,checkoutservice,frontend,0,0,0,0,0,0,0
2026-10-04T14:07:12Z,checkoutservice,kubernetes,0,0,0,0,0,0,0
2026-10-04T14:07:12Z,checkoutservice,paymentservice,25918,24070,0,192,0,399524,23905
2026-10-04T14:07:12Z,checkoutservice,productcatalogservice,0,0,0,0,0,0,0
2026-10-04T14:07:12Z,checkoutservice,recommendationservice,0,0,0,0,0,0,0
2026-10-04T14:07:12Z,checkoutservice,redis-cart,0,0,0,0,0,0,0
2026-10-04T14:07:12Z,checkoutservice,shippingservice,47820,45717,0,154,0,472522,45682
2026-10-04T14:07:12Z,currencyservice,adservice,0,0,0,0,0,0,0
2026-10-04T14:07:12Z,currencyservice,cartservice,0,0,0,0,0,0,0
2026-10-04T14:07:12Z,currencyservice,checkoutservice,0,0,0,0,0,0,0
2026-10-04T14:07:12Z,currencyservice,currencyservice,0,0,0,0,0,0,0
2026-10-04T14:07:12Z,currencyservice,emailservice,0,0,0,0,0,0,0
2026-10-04T14:07:12Z,currencyservice,frontend,0,0,0,0,0,0,0
2026-10-04T14:07:12Z,currencyservice,kubernetes,0,0,0,0,0,0,0
2026-10-04T14:07:12Z,currencyservice,paymentservice,0,0,0,0,0,0,0
2026-10-04T14:07:12Z,currencyservice,productcatalogservice,0,0,0,0,0,0,0
2026-10-04T14:07:12Z,currencyservice,recommendationservice,0,0,0,0,0,0,0
2026-10-04T14:07:12Z,currencyservice,redis-cart,0,0,0,0,0,0,0
2026-10-04T14:07:12Z,currencyservice,shippingservice,0,0,0,0,0,0,0
2026-10-04T14:07:12Z,emailservice,adservice,0,0,0,0,0,0,0
2026-10-04T14:07:12Z,emailservice,cartservice,0,0,0,0,0,0,0
2026-10-04T14:07:12Z,emailservice,checkoutservice,0,0,0,0,0,0,0
2026-10-04T14:07:12Z,emailservice,currencyservice,0,0,0,0,0,0,0
2026-10-04T14:07:12Z,emailservice,emailservice,0,0,0,0,0,0,0
2026-10-04T14:07:12Z,emailservice,frontend,0,0,0,0,0,0,0
2026-10-04T14:07:12Z,emailservice,kubernetes,0,0,0,0,0,0,0
2026-10-04T14:07:12Z,emailservice,paymentservice,0,0,0,0,0,0,0
2026-10-04T14:07:12Z,emailservice,productcatalogservice,0,0,0,0,0,0,0
2026-10-04T14:07:12Z,emailservice,recommendationservice,0,0,0,0,0,0,0
2026-10-04T14:07:12Z,emailservice,redis-cart,0,0,0,0,0,0,0
2026-10-04T14:07:12Z,emailservice,shippingservice,0,0,0,0,0,0,0
2026-10-04T14:07:12Z,frontend,adservice,827390,827388,0,0,0,2496535,827024
2026-10-04T14:07:12Z,frontend,cartservice,1827058,1827044,0,0,4,10184495,1825588
2026-10-04T14:07:12Z,frontend,checkoutservice,391642,181679,0,40061,169942,61731889,181535
2026-10-04T14:07:12Z,frontend,currencyservice,2905247,2905239,0,0,0,15450392,2903042
2026-10-04T14:07:12Z,frontend,emailservice,0,0,0,0,0,0,0
2026-10-04T14:07:12Z,frontend,frontend,0,0,0,0,0,0,0
2026-10-04T14:07:12Z,frontend,kubernetes,0,0,0,0,0,0,0
2026-10-04T14:07:12Z,frontend,paymentservice,0,0,0,0,0,0,0
2026-10-04T14:07:12Z,frontend,productcatalogservice,8186420,8186353,0,0,0,56078851,8181998
2026-10-04T14:07:12Z,frontend,recommendationservice,2624539,1614679,0,105209,902090,787041556,1613424
2026-10-04T14:07:12Z,frontend,redis-cart,0,0,0,0,0,0,0
2026-10-04T14:07:12Z,frontend,shippingservice,303388,303386,0,0,0,924031,303248
2026-10-04T14:07:12Z,paymentservice,adservice,0,0,0,0,0,0,0
2026-10-04T14:07:12Z,paymentservice,cartservice,0,0,0,0,0,0,0
2026-10-04T14:07:12Z,paymentservice,checkoutservice,0,0,0,0,0,0,0
2026-10-04T14:07:12Z,paymentservice,currencyservice,0,0,0,0,0,0,0
2026-10-04T14:07:12Z,paymentservice,emailservice,0,0,0,0,0,0,0
2026-10-04T14:07:12Z,paymentservice,frontend,0,0,0,0,0,0,0
2026-10-04T14:07:12Z,paymentservice,kubernetes,0,0,0,0,0,0,0
2026-10-04T14:07:12Z,paymentservice,paymentservice,0,0,0,0,0,0,0
2026-10-04T14:07:12Z,paymentservice,productcatalogservice,0,0,0,0,0,0,0
2026-10-04T14:07:12Z,paymentservice,recommendationservice,0,0,0,0,0,0,0
2026-10-04T14:07:12Z,paymentservice,redis-cart,0,0,0,0,0,0,0
2026-10-04T14:07:12Z,paymentservice,shippingservice,0,0,0,0,0,0,0
2026-10-04T14:07:12Z,productcatalogservice,adservice,0,0,0,0,0,0,0
2026-10-04T14:07:12Z,productcatalogservice,cartservice,0,0,0,0,0,0,0
2026-10-04T14:07:12Z,productcatalogservice,checkoutservice,0,0,0,0,0,0,0
2026-10-04T14:07:12Z,productcatalogservice,currencyservice,0,0,0,0,0,0,0
2026-10-04T14:07:12Z,productcatalogservice,emailservice,0,0,0,0,0,0,0
2026-10-04T14:07:12Z,productcatalogservice,frontend,0,0,0,0,0,0,0
2026-10-04T14:07:12Z,productcatalogservice,kubernetes,0,0,0,0,0,0,0
2026-10-04T14:07:12Z,productcatalogservice,paymentservice,0,0,0,0,0,0,0
2026-10-04T14:07:12Z,productcatalogservice,productcatalogservice,0,0,0,0,0,0,0
2026-10-04T14:07:12Z,productcatalogservice,recommendationservice,0,0,0,0,0,0,0
2026-10-04T14:07:12Z,productcatalogservice,redis-cart,0,0,0,0,0,0,0
2026-10-04T14:07:12Z,productcatalogservice,shippingservice,0,0,0,0,0,0,0
2026-10-04T14:07:12Z,recommendationservice,adservice,0,0,0,0,0,0,0
2026-10-04T14:07:12Z,recommendationservice,cartservice,0,0,0,0,0,0,0
2026-10-04T14:07:12Z,recommendationservice,checkoutservice,0,0,0,0,0,0,0
2026-10-04T14:07:12Z,recommendationservice,currencyservice,0,0,0,0,0,0,0
2026-10-04T14:07:12Z,recommendationservice,emailservice,0,0,0,0,0,0,0
2026-10-04T14:07:12Z,recommendationservice,frontend,0,0,0,0,0,0,0
2026-10-04T14:07:12Z,recommendationservice,kubernetes,0,0,0,0,0,0,0
2026-10-04T14:07:12Z,recommendationservice,paymentservice,0,0,0,0,0,0,0
2026-10-04T14:07:12Z,recommendationservice,productcatalogservice,92013,92011,0,0,0,731478,91049
2026-10-04T14:07:12Z,recommendationservice,recommendationservice,0,0,0,0,0,0,0
2026-10-04T14:07:12Z,recommendationservice,redis-cart,0,0,0,0,0,0,0
2026-10-04T14:07:12Z,recommendationservice,shippingservice,0,0,0,0,0,0,0
2026-10-04T14:07:12Z,redis-cart,adservice,0,0,0,0,0,0,0
2026-10-04T14:07:12Z,redis-cart,cartservice,0,0,0,0,0,0,0
2026-10-04T14:07:12Z,redis-cart,checkoutservice,0,0,0,0,0,0,0
2026-10-04T14:07:12Z,redis-cart,currencyservice,0,0,0,0,0,0,0
2026-10-04T14:07:12Z,redis-cart,emailservice,0,0,0,0,0,0,0
2026-10-04T14:07:12Z,redis-cart,frontend,0,0,0,0,0,0,0
2026-10-04T14:07:12Z,redis-cart,kubernetes,0,0,0,0,0,0,0
2026-10-04T14:07:12Z,redis-cart,paymentservice,0,0,0,0,0,0,0
2026-10-04T14:07:12Z,redis-cart,productcatalogservice,0,0,0,0,0,0,0
2026-10-04T14:07:12Z,redis-cart,recommendationservice,0,0,0,0,0,0,0
2026-10-04T14:07:12Z,redis-cart,redis-cart,0,0,0,0,0,0,0
2026-10-04T14:07:12Z,redis-cart,shippingservice,0,0,0,0,0,0,0
2026-10-04T14:07:12Z,shippingservice,adservice,0,0,0,0,0,0,0
2026-10-04T14:07:12Z,shippingservice,cartservice,0,0,0,0,0,0,0
2026-10-04T14:07:12Z,shippingservice,checkoutservice,0,0,0,0,0,0,0
2026-10-04T14:07:12Z,shippingservice,currencyservice,0,0,0,0,0,0,0
2026-10-04T14:07:12Z,shippingservice,emailservice,0,0,0,0,0,0,0
2026-10-04T14:07:12Z,shippingservice,frontend,0,0,0,0,0,0,0
2026-10-04T14:07:12Z,shippingservice,kubernetes,0,0,0,0,0,0,0
2026-10-04T14:07:12Z,shippingservice,paymentservice,0,0,0,0,0,0,0
2026-10-04T14:07:12Z,shippingservice,productcatalogservice,0,0,0,0,0,0,0
2026-10-04T14:07:12Z,shippingservice,recommendationservice,0,0,0,0,0,0,0
2026-10-04T14:07:12Z,shippingservice,redis-cart,0,0,0,0,0,0,0
2026-10-04T14:07:12Z,shippingservice,shippingservice,0,0,0,0,0,0,0
2026-10-04T14:07:13Z,adservice,adservice,0,0,0,0,0,0,0
2026-10-04T14:07:13Z,adservice,cartservice,0,0,0,0,0,0,0
2026-10-04T14:07:13Z,adservice,checkoutservice,0,0,0,0,0,0,0
2026-10-04T14:07:13Z,adservice,currencyservice,0,0,0,0,0,0,0
2026-10-04T14:07:13Z,adservice,emailservice,0,0,0,0,0,0,0
2026-10-04T14:07:13Z,adservice,frontend,0,0,0,0,0,0,0
2026-10-04T14:07:13Z,adservice,kubernetes,0,0,0,0,0,0,0
2026-10-04T14:07:13Z,adservice,paymentservice,0,0,0,0,0,0,0
2026-10-04T14:07:13Z,adservice,productcatalogservice,0,0,0,0,0,0,0
2026-10-04T14:07:13Z,adservice,recommendationservice,0,0,0,0,0,0,0
2026-10-04T14:07:13Z,adservice,redis-cart,0,0,0,0,0,0,0
2026-10-04T14:07:13Z,adservice,shippingservice,0,0,0,0,0,0,0
2026-10-04T14:07:13Z,cartservice,adservice,0,0,0,0,0,0,0
2026-10-04T14:07:13Z,cartservice,cartservice,0,0,0,0,0,0,0
2026-10-04T14:07:13Z,cartservice,checkoutservice,0,0,0,0,0,0,0
2026-10-04T14:07:13Z,cartservice,currencyservice,0,0,0,0,0,0,0
2026-10-04T14:07:13Z,cartservice,emailservice,0,0,0,0,0,0,0
2026-10-04T14:07:13Z,cartservice,frontend,0,0,0,0,0,0,0
2026-10-04T14:07:13Z,cartservice,kubernetes,0,0,0,0,0,0,0
2026-10-04T14:07:13Z,cartservice,paymentservice,0,0,0,0,0,0,0
2026-10-04T14:07:13Z,cartservice,productcatalogservice,0,0,0,0,0,0,0
2026-10-04T14:07:13Z,cartservice,recommendationservice,0,0,0,0,0,0,0
2026-10-04T14:07:13Z,cartservice,redis-cart,2,0,0,0,0,0,0
2026-10-04T14:07:13Z,cartservice,shippingservice,0,0,0,0,0,0,0
2026-10-04T14:07:13Z,checkoutservice,adservice,0,0,0,0,0,0,0
2026-10-04T14:07:13Z,checkoutservice,cartservice,42588,41657,0,100,0,615704,41544
2026-10-04T14:07:13Z,checkoutservice,checkoutservice,0,0,0,0,0,0,0
2026-10-04T14:07:13Z,checkoutservice,currencyservice,32692,32692,0,0,0,528860,32636
2026-10-04T14:07:13Z,checkoutservice,emailservice,3930,3645,0,66,0,166385,3586
2026-10-04T14:07:13Z,checkoutservice,frontend,0,0,0,0,0,0,0
2026-10-04T14:07:13Z,checkoutservice,kubernetes,0,0,0,0,0,0,0
2026-10-04T14:07:13Z,checkoutservice,paymentservice,25958,24110,0,192,0,399524,23905
2026-10-04T14:07:13Z,checkoutservice,productcatalogservice,0,0,0,0,0,0,0
2026-10-04T14:07:13Z,checkoutservice,recommendationservice,0,0,0,0,0,0,0
2026-10-04T14:07:13Z,checkoutservice,redis-cart,0,0,0,0,0,0,0
2026-10-04T14:07:13Z,checkoutservice,shippingservice,47900,45797,0,154,0,472522,45682
2026-10-04T14:07:13Z,currencyservice,adservice,0,0,0,0,0,0,0
2026-10-04T14:07:13Z,currencyservice,cartservice,0,0,0,0,0,0,0
2026-10-04T14:07:13Z,currencyservice,checkoutservice,0,0,0,0,0,0,0
2026-10-04T14:07:13Z,currencyservice,currencyservice,0,0,0,0,0,0,0
2026-10-04T14:07:13Z,currencyservice,emailservice,0,0,0,0,0,0,0
2026-10-04T14:07:13Z,currencyservice,frontend,0,0,0,0,0,0,0
2026-10-04T14:07:13Z,currencyservice,kubernetes,0,0,0,0,0,0,0
2026-10-04T14:07:13Z,currencyservice,paymentservice,0,0,0,0,0,0,0
2026-10-04T14:07:13Z,currencyservice,productcatalogservice,0,0,0,0,0,0,0
2026-10-04T14:07:13Z,currencyservice,recommendationservice,0,0,0,0,0,0,0
2026-10-04T14:07:13Z,currencyservice,redis-cart,0,0,0,0,0,0,0
2026-10-04T14:07:13Z,currencyservice,shippingservice,0,0,0,0,0,0,0
2026-10-04T14:07:13Z,emailservice,adservice,0,0,0,0,0,0,0
2026-10-04T14:07:13Z,emailservice,cartservice,0,0,0,0,0,0,0
2026-10-04T14:07:13Z,emailservice,checkoutservice,0,0,0,0,0,0,0
2026-10-04T14:07:13Z,emailservice,currencyservice,0,0,0,0,0,0,0
2026-10-04T14:07:13Z,emailservice,emailservice,0,0,0,0,0,0,0
2026-10-04T14:07:13Z,emailservice,frontend,0,0,0,0,0,0,0
2026-10-04T14:07:13Z,emailservice,kubernetes,0,0,0,0,0,0,0
2026-10-04T14:07:13Z,emailservice,paymentservice,0,0,0,0,0,0,0
2026-10-04T14:07:13Z,emailservice,productcatalogservice,0,0,0,0,0,0,0
2026-10-04T14:07:13Z,emailservice,recommendationservice,0,0,0,0,0,0,0
2026-10-04T14:07:13Z,emailservice,redis-cart,0,0,0,0,0,0,0
2026-10-04T14:07:13Z,emailservice,shippingservice,0,0,0,0,0,0,0
2026-10-04T14:07:13Z,frontend,adservice,827492,827490,0,0,0,2496865,827135
2026-10-04T14:07:13Z,frontend,cartservice,1827444,1827430,0,0,4,10186671,1826078
2026-10-04T14:07:13Z,frontend,checkoutservice,391688,181719,0,40061,169942,61737072,181578
2026-10-04T14:07:13Z,frontend,currencyservice,2905838,2905829,0,0,0,15453477,2903769
2026-10-04T14:07:13Z,frontend,emailservice,0,0,0,0,0,0,0
2026-10-04T14:07:13Z,frontend,frontend,0,0,0,0,0,0,0
2026-10-04T14:07:13Z,frontend,kubernetes,0,0,0,0,0,0,0
2026-10-04T14:07:13Z,frontend,paymentservice,0,0,0,0,0,0,0
2026-10-04T14:07:13Z,frontend,productcatalogservice,8187693,8187627,0,0,0,56087058,8183361
2026-10-04T14:07:13Z,frontend,recommendationservice,2625302,1615038,0,105244,902485,787416186,1613865
2026-10-04T14:07:13Z,frontend,redis-cart,0,0,0,0,0,0,0
2026-10-04T14:07:13Z,frontend,shippingservice,303435,303432,0,0,0,924098,303286
2026-10-04T14:07:13Z,paymentservice,adservice,0,0,0,0,0,0,0
2026-10-04T14:07:13Z,paymentservice,cartservice,0,0,0,0,0,0,0
2026-10-04T14:07:13Z,paymentservice,checkoutservice,0,0,0,0,0,0,0
2026-10-04T14:07:13Z,paymentservice,currencyservice,0,0,0,0,0,0,0
2026-10-04T14:07:13Z,paymentservice,emailservice,0,0,0,0,0,0,0
2026-10-04T14:07:13Z,paymentservice,frontend,0,0,0,0,0,0,0
2026-10-04T14:07:13Z,paymentservice,kubernetes,0,0,0,0,0,0,0
2026-10-04T14:07:13Z,paymentservice,paymentservice,0,0,0,0,0,0,0
2026-10-04T14:07:13Z,paymentservice,productcatalogservice,0,0,0,0,0,0,0
2026-10-04T14:07:13Z,paymentservice,recommendationservice,0,0,0,0,0,0,0
2026-10-04T14:07:13Z,paymentservice,redis-cart,0,0,0,0,0,0,0
2026-10-04T14:07:13Z,paymentservice,shippingservice,0,0,0,0,0,0,0
2026-10-04T14:07:13Z,productcatalogservice,adservice,0,0,0,0,0,0,0
2026-10-04T14:07:13Z,productcatalogservice,cartservice,0,0,0,0,0,0,0
2026-10-04T14:07:13Z,productcatalogservice,checkoutservice,0,0,0,0,0,0,0
2026-10-04T14:07:13Z,productcatalogservice,currencyservice,0,0,0,0,0,0,0
2026-10-04T14:07:13Z,productcatalogservice,emailservice,0,0,0,0,0,0,0
2026-10-04T14:07:13Z,productcatalogservice,frontend,0,0,0,0,0,0,0
2026-10-04T14:07:13Z,productcatalogservice,kubernetes,0,0,0,0,0,0,0
2026-10-04T14:07:13Z,productcatalogservice,paymentservice,0,0,0,0,0,0,0
2026-10-04T14:07:13Z,productcatalogservice,productcatalogservice,0,0,0,0,0,0,0
2026-10-04T14:07:13Z,productcatalogservice,recommendationservice,0,0,0,0,0,0,0
2026-10-04T14:07:13Z,productcatalogservice,redis-cart,0,0,0,0,0,0,0
2026-10-04T14:07:13Z,productcatalogservice,shippingservice,0,0,0,0,0,0,0
2026-10-04T14:07:13Z,recommendationservice,adservice,0,0,0,0,0,0,0
2026-10-04T14:07:13Z,recommendationservice,cartservice,0,0,0,0,0,0,0
2026-10-04T14:07:13Z,recommendationservice,checkoutservice,0,0,0,0,0,0,0
2026-10-04T14:07:13Z,recommendationservice,currencyservice,0,0,0,0,0,0,0
2026-10-04T14:07:13Z,recommendationservice,emailservice,0,0,0,0,0,0,0
2026-10-04T14:07:13Z,recommendationservice,frontend,0,0,0,0,0,0,0
2026-10-04T14:07:13Z,recommendationservice,kubernetes,0,0,0,0,0,0,0
2026-10-04T14:07:13Z,recommendationservice,paymentservice,0,0,0,0,0,0,0
2026-10-04T14:07:13Z,recommendationservice,productcatalogservice,92408,92408,0,0,0,731478,91049
2026-10-04T14:07:13Z,recommendationservice,recommendationservice,0,0,0,0,0,0,0
2026-10-04T14:07:13Z,recommendationservice,redis-cart,0,0,0,0,0,0,0
2026-10-04T14:07:13Z,recommendationservice,shippingservice,0,0,0,0,0,0,0
2026-10-04T14:07:13Z,redis-cart,adservice,0,0,0,0,0,0,0
2026-10-04T14:07:13Z,redis-cart,cartservice,0,0,0,0,0,0,0
2026-10-04T14:07:13Z,redis-cart,checkoutservice,0,0,0,0,0,0,0
2026-10-04T14:07:13Z,redis-cart,currencyservice,0,0,0,0,0,0,0
2026-10-04T14:07:13Z,redis-cart,emailservice,0,0,0,0,0,0,0
2026-10-04T14:07:13Z,redis-cart,frontend,0,0,0,0,0,0,0
2026-10-04T14:07:13Z,redis-cart,kubernetes,0,0,0,0,0,0,0
2026-10-04T14:07:13Z,redis-cart,paymentservice,0,0,0,0,0,0,0
2026-10-04T14:07:13Z,redis-cart,productcatalogservice,0,0,0,0,0,0,0
2026-10-04T14:07:13Z,redis-cart,recommendationservice,0,0,0,0,0,0,0
2026-10-04T14:07:13Z,redis-cart,redis-cart,0,0,0,0,0,0,0
2026-10-04T14:07:13Z,redis-cart,shippingservice,0,0,0,0,0,0,0
2026-10-04T14:07:13Z,shippingservice,adservice,0,0,0,0,0,0,0
2026-10-04T14:07:13Z,shippingservice,cartservice,0,0,0,0,0,0,0
2026-10-04T14:07:13Z,shippingservice,checkoutservice,0,0,0,0,0,0,0
2026-10-04T14:07:13Z,shippingservice,currencyservice,0,0,0,0,0,0,0
2026-10-04T14:07:13Z,shippingservice,emailservice,0,0,0,0,0,0,0
2026-10-04T14:07:13Z,shippingservice,frontend,0,0,0,0,0,0,0
2026-10-04T14:07:13Z,shippingservice,kubernetes,0,0,0,0,0,0,0
2026-10-04T14:07:13Z,shippingservice,paymentservice,0,0,0,0,0,0,0
2026-10-04T14:07:13Z,shippingservice,productcatalogservice,0,0,0,0,0,0,0
2026-10-04T14:07:13Z,shippingservice,recommendationservice,0,0,0,0,0,0,0
2026-10-04T14:07:13Z,shippingservice,redis-cart,0,0,0,0,0,0,0
2026-10-04T14:07:13Z,shippingservice,shippingservice,0,0,0,0,0,0,0
2026-10-04T14:07:14Z,adservice,adservice,0,0,0,0,0,0,0
2026-10-04T14:07:14Z,adservice,cartservice,0,0,0,0,0,0,0
2026-10-04T14:07:14Z,adservice,checkoutservice,0,0,0,0,0,0,0
2026-10-04T14:07:14Z,adservice,currencyservice,0,0,0,0,0,0,0
2026-10-04T14:07:14Z,adservice,emailservice,0,0,0,0,0,0,0
2026-10-04T14:07:14Z,adservice,frontend,0,0,0,0,0,0,0
2026-10-04T14:07:14Z,adservice,kubernetes,0,0,0,0,0,0,0
2026-10-04T14:07:14Z,adservice,paymentservice,0,0,0,0,0,0,0
2026-10-04T14:07:14Z,adservice,productcatalogservice,0,0,0,0,0,0,0
2026-10-04T14:07:14Z,adservice,recommendationservice,0,0,0,0,0,0,0
2026-10-04T14:07:14Z,adservice,redis-cart,0,0,0,0,0,0,0
2026-10-04T14:07:14Z,adservice,shippingservice,0,0,0,0,0,0,0
2026-10-04T14:07:14Z,cartservice,adservice,0,0,0,0,0,0,0
2026-10-04T14:07:14Z,cartservice,cartservice,0,0,0,0,0,0,0
2026-10-04T14:07:14Z,cartservice,checkoutservice,0,0,0,0,0,0,0
2026-10-04T14:07:14Z,cartservice,currencyservice,0,0,0,0,0,0,0
2026-10-04T14:07:14Z,cartservice,emailservice,0,0,0,0,0,0,0
2026-10-04T14:07:14Z,cartservice,frontend,0,0,0,0,0,0,0
2026-10-04T14:07:14Z,cartservice,kubernetes,0,0,0,0,0,0,0
2026-10-04T14:07:14Z,cartservice,paymentservice,0,0,0,0,0,0,0
2026-10-04T14:07:14Z,cartservice,productcatalogservice,0,0,0,0,0,0,0
2026-10-04T14:07:14Z,cartservice,recommendationservice,0,0,0,0,0,0,0
2026-10-04T14:07:14Z,cartservice,redis-cart,2,0,0,0,0,0,0
2026-10-04T14:07:14Z,cartservice,shippingservice,0,0,0,0,0,0,0
2026-10-04T14:07:14Z,checkoutservice,adservice,0,0,0,0,0,0,0
2026-10-04T14:07:14Z,checkoutservice,cartservice,42696,41765,0,100,0,615704,41544
2026-10-04T14:07:14Z,checkoutservice,checkoutservice,0,0,0,0,0,0,0
2026-10-04T14:07:14Z,checkoutservice,currencyservice,32752,32752,0,0,0,528860,32636
2026-10-04T14:07:14Z,checkoutservice,emailservice,3978,3693,0,66,0,166385,3586
2026-10-04T14:07:14Z,checkoutservice,frontend,0,0,0,0,0,0,0
2026-10-04T14:07:14Z,checkoutservice,kubernetes,0,0,0,0,0,0,0
2026-10-04T14:07:14Z,checkoutservice,paymentservice,26018,24170,0,192,0,399524,23905
2026-10-04T14:07:14Z,checkoutservice,productcatalogservice,0,0,0,0,0,0,0
2026-10-04T14:07:14Z,checkoutservice,recommendationservice,0,0,0,0,0,0,0
2026-10-04T14:07:14Z,checkoutservice,redis-cart,0,0,0,0,0,0,0
2026-10-04T14:07:14Z,checkoutservice,shippingservice,48015,45906,0,154,0,472522,45682
2026-10-04T14:07:14Z,currencyservice,adservice,0,0,0,0,0,0,0
2026-10-04T14:07:14Z,currencyservice,cartservice,0,0,0,0,0,0,0
2026-10-04T14:07:14Z,currencyservice,checkoutservice,0,0,0,0,0,0,0
2026-10-04T14:07:14Z,currencyservice,currencyservice,0,0,0,0,0,0,0
2026-10-04T14:07:14Z,currencyservice,emailservice,0,0,0,0,0,0,0
2026-10-04T14:07:14Z,currencyservice,frontend,0,0,0,0,0,0,0
2026-10-04T14:07:14Z,currencyservice,kubernetes,0,0,0,0,0,0,0
2026-10-04T14:07:14Z,currencyservice,paymentservice,0,0,0,0,0,0,0
2026-10-04T14:07:14Z,currencyservice,productcatalogservice,0,0,0,0,0,0,0
2026-10-04T14:07:14Z,currencyservice,recommendationservice,0,0,0,0,0,0,0
2026-10-04T14:07:14Z,currencyservice,redis-cart,0,0,0,0,0,0,0
2026-10-04T14:07:14Z,currencyservice,shippingservice,0,0,0,0,0,0,0
2026-10-04T14:07:14Z,emailservice,adservice,0,0,0,0,0,0,0
2026-10-04T14:07:14Z,emailservice,cartservice,0,0,0,0,0,0,0
2026-10-04T14:07:14Z,emailservice,checkoutservice,0,0,0,0,0,0,0
2026-10-04T14:07:14Z,emailservice,currencyservice,0,0,0,0,0,0,0
2026-10-04T14:07:14Z,emailservice,emailservice,0,0,0,0,0,0,0
2026-10-04T14:07:14Z,emailservice,frontend,0,0,0,0,0,0,0
2026-10-04T14:07:14Z,emailservice,kubernetes,0,0,0,0,0,0,0
2026-10-04T14:07:14Z,emailservice,paymentservice,0,0,0,0,0,0,0
2026-10-04T14:07:14Z,emailservice,productcatalogservice,0,0,0,0,0,0,0
2026-10-04T14:07:14Z,emailservice,recommendationservice,0,0,0,0,0,0,0
2026-10-04T14:07:14Z,emailservice,redis-cart,0,0,0,0,0,0,0
2026-10-04T14:07:14Z,emailservice,shippingservice,0,0,0,0,0,0,0
2026-10-04T14:07:14Z,frontend,adservice,827569,827566,0,0,0,2497924,827493
2026-10-04T14:07:14Z,frontend,cartservice,1827806,1827794,0,0,4,10192537,1827465
2026-10-04T14:07:14Z,frontend,checkoutservice,391742,181772,0,40061,169942,61752965,181725
2026-10-04T14:07:14Z,frontend,currencyservice,2906380,2906372,0,0,0,15460897,2905891
2026-10-04T14:07:14Z,frontend,emailservice,0,0,0,0,0,0,0
2026-10-04T14:07:14Z,frontend,frontend,0,0,0,0,0,0,0
2026-10-04T14:07:14Z,frontend,kubernetes,0,0,0,0,0,0,0
2026-10-04T14:07:14Z,frontend,paymentservice,0,0,0,0,0,0,0
2026-10-04T14:07:14Z,frontend,productcatalogservice,8188797,8188729,0,0,0,56110202,8187737
2026-10-04T14:07:14Z,frontend,recommendationservice,2626055,1615335,0,105293,902880,788528541,1615070
2026-10-04T14:07:14Z,frontend,redis-cart,0,0,0,0,0,0,0
2026-10-04T14:07:14Z,frontend,shippingservice,303467,303465,0,0,0,924470,303436
2026-10-04T14:07:14Z,paymentservice,adservice,0,0,0,0,0,0,0
2026-10-04T14:07:14Z,paymentservice,cartservice,0,0,0,0,0,0,0
2026-10-04T14:07:14Z,paymentservice,checkoutservice,0,0,0,0,0,0,0
2026-10-04T14:07:14Z,paymentservice,currencyservice,0,0,0,0,0,0,0
2026-10-04T14:07:14Z,paymentservice,emailservice,0,0,0,0,0,0,0
2026-10-04T14:07:14Z,paymentservice,frontend,0,0,0,0,0,0,0
2026-10-04T14:07:14Z,paymentservice,kubernetes,0,0,0,0,0,0,0
2026-10-04T14:07:14Z,paymentservice,paymentservice,0,0,0,0,0,0,0
2026-10-04T14:07:14Z,paymentservice,productcatalogservice,0,0,0,0,0,0,0
2026-10-04T14:07:14Z,paymentservice,recommendationservice,0,0,0,0,0,0,0
2026-10-04T14:07:14Z,paymentservice,redis-cart,0,0,0,0,0,0,0
2026-10-04T14:07:14Z,paymentservice,shippingservice,0,0,0,0,0,0,0
2026-10-04T14:07:14Z,productcatalogservice,adservice,0,0,0,0,0,0,0
2026-10-04T14:07:14Z,productcatalogservice,cartservice,0,0,0,0,0,0,0
2026-10-04T14:07:14Z,productcatalogservice,checkoutservice,0,0,0,0,0,0,0
2026-10-04T14:07:14Z,productcatalogservice,currencyservice,0,0,0,0,0,0,0
2026-10-04T14:07:14Z,productcatalogservice,emailservice,0,0,0,0,0,0,0
2026-10-04T14:07:14Z,productcatalogservice,frontend,0,0,0,0,0,0,0
2026-10-04T14:07:14Z,productcatalogservice,kubernetes,0,0,0,0,0,0,0
2026-10-04T14:07:14Z,productcatalogservice,paymentservice,0,0,0,0,0,0,0
2026-10-04T14:07:14Z,productcatalogservice,productcatalogservice,0,0,0,0,0,0,0
2026-10-04T14:07:14Z,productcatalogservice,recommendationservice,0,0,0,0,0,0,0
2026-10-04T14:07:14Z,productcatalogservice,redis-cart,0,0,0,0,0,0,0
2026-10-04T14:07:14Z,productcatalogservice,shippingservice,0,0,0,0,0,0,0
2026-10-04T14:07:14Z,recommendationservice,adservice,0,0,0,0,0,0,0
2026-10-04T14:07:14Z,recommendationservice,cartservice,0,0,0,0,0,0,0
2026-10-04T14:07:14Z,recommendationservice,checkoutservice,0,0,0,0,0,0,0
2026-10-04T14:07:14Z,recommendationservice,currencyservice,0,0,0,0,0,0,0
2026-10-04T14:07:14Z,recommendationservice,emailservice,0,0,0,0,0,0,0
2026-10-04T14:07:14Z,recommendationservice,frontend,0,0,0,0,0,0,0
2026-10-04T14:07:14Z,recommendationservice,kubernetes,0,0,0,0,0,0,0
2026-10-04T14:07:14Z,recommendationservice,paymentservice,0,0,0,0,0,0,0
2026-10-04T14:07:14Z,recommendationservice,productcatalogservice,92828,92825,0,0,0,731478,91049
2026-10-04T14:07:14Z,recommendationservice,recommendationservice,0,0,0,0,0,0,0
2026-10-04T14:07:14Z,recommendationservice,redis-cart,0,0,0,0,0,0,0
2026-10-04T14:07:14Z,recommendationservice,shippingservice,0,0,0,0,0,0,0
2026-10-04T14:07:14Z,redis-cart,adservice,0,0,0,0,0,0,0
2026-10-04T14:07:14Z,redis-cart,cartservice,0,0,0,0,0,0,0
2026-10-04T14:07:14Z,redis-cart,checkoutservice,0,0,0,0,0,0,0
2026-10-04T14:07:14Z,redis-cart,currencyservice,0,0,0,0,0,0,0
2026-10-04T14:07:14Z,redis-cart,emailservice,0,0,0,0,0,0,0
2026-10-04T14:07:14Z,redis-cart,frontend,0,0,0,0,0,0,0
2026-10-04T14:07:14Z,redis-cart,kubernetes,0,0,0,0,0,0,0
2026-10-04T14:07:14Z,redis-cart,paymentservice,0,0,0,0,0,0,0
2026-10-04T14:07:14Z,redis-cart,productcatalogservice,0,0,0,0,0,0,0
2026-10-04T14:07:14Z,redis-cart,recommendationservice,0,0,0,0,0,0,0
2026-10-04T14:07:14Z,redis-cart,redis-cart,0,0,0,0,0,0,0
2026-10-04T14:07:14Z,redis-cart,shippingservice,0,0,0,0,0,0,0
2026-10-04T14:07:14Z,shippingservice,adservice,0,0,0,0,0,0,0
2026-10-04T14:07:14Z,shippingservice,cartservice,0,0,0,0,0,0,0
2026-10-04T14:07:14Z,shippingservice,checkoutservice,0,0,0,0,0,0,0
2026-10-04T14:07:14Z,shippingservice,currencyservice,0,0,0,0,0,0,0
2026-10-04T14:07:14Z,shippingservice,emailservice,0,0,0,0,0,0,0
2026-10-04T14:07:14Z,shippingservice,frontend,0,0,0,0,0,0,0
2026-10-04T14:07:14Z,shippingservice,kubernetes,0,0,0,0,0,0,0
2026-10-04T14:07:14Z,shippingservice,paymentservice,0,0,0,0,0,0,0
2026-10-04T14:07:14Z,shippingservice,productcatalogservice,0,0,0,0,0,0,0
2026-10-04T14:07:14Z,shippingservice,recommendationservice,0,0,0,0,0,0,0
2026-10-04T14:07:14Z,shippingservice,redis-cart,0,0,0,0,0,0,0
2026-10-04T14:07:14Z,shippingservice,shippingservice,0,0,0,0,0,0,0
2026-10-04T14:07:15Z,adservice,adservice,0,0,0,0,0,0,0
2026-10-04T14:07:15Z,adservice,cartservice,0,0,0,0,0,0,0
2026-10-04T14:07:15Z,adservice,checkoutservice,0,0,0,0,0,0,0
2026-10-04T14:07:15Z,adservice,currencyservice,0,0,0,0,0,0,0
2026-10-04T14:07:15Z,adservice,emailservice,0,0,0,0,0,0,0
2026-10-04T14:07:15Z,adservice,frontend,0,0,0,0,0,0,0
2026-10-04T14:07:15Z,adservice,kubernetes,0,0,0,0,0,0,0
2026-10-04T14:07:15Z,adservice,paymentservice,0,0,0,0,0,0,0
2026-10-04T14:07:15Z,adservice,productcatalogservice,0,0,0,0,0,0,0
2026-10-04T14:07:15Z,adservice,recommendationservice,0,0,0,0,0,0,0
2026-10-04T14:07:15Z,adservice,redis-cart,0,0,0,0,0,0,0
2026-10-04T14:07:15Z,adservice,shippingservice,0,0,0,0,0,0,0
2026-10-04T14:07:15Z,cartservice,adservice,0,0,0,0,0,0,0
2026-10-04T14:07:15Z,cartservice,cartservice,0,0,0,0,0,0,0
2026-10-04T14:07:15Z,cartservice,checkoutservice,0,0,0,0,0,0,0
2026-10-04T14:07:15Z,cartservice,currencyservice,0,0,0,0,0,0,0
2026-10-04T14:07:15Z,cartservice,emailservice,0,0,0,0,0,0,0
2026-10-04T14:07:15Z,cartservice,frontend,0,0,0,0,0,0,0
2026-10-04T14:07:15Z,cartservice,kubernetes,0,0,0,0,0,0,0
2026-10-04T14:07:15Z,cartservice,paymentservice,0,0,0,0,0,0,0
2026-10-04T14:07:15Z,cartservice,productcatalogservice,0,0,0,0,0,0,0
2026-10-04T14:07:15Z,cartservice,recommendationservice,0,0,0,0,0,0,0
2026-10-04T14:07:15Z,cartservice,redis-cart,2,0,0,0,0,0,0
2026-10-04T14:07:15Z,cartservice,shippingservice,0,0,0,0,0,0,0
2026-10-04T14:07:15Z,checkoutservice,adservice,0,0,0,0,0,0,0
2026-10-04T14:07:15Z,checkoutservice,cartservice,42797,41859,0,100,0,615704,41544
2026-10-04T14:07:15Z,checkoutservice,checkoutservice,0,0,0,0,0,0,0
2026-10-04T14:07:15Z,checkoutservice,currencyservice,32796,32795,0,0,0,528860,32636
2026-10-04T14:07:15Z,checkoutservice,emailservice,4024,3737,0,66,0,166385,3586
2026-10-04T14:07:15Z,checkoutservice,frontend,0,0,0,0,0,0,0
2026-10-04T14:07:15Z,checkoutservice,kubernetes,0,0,0,0,0,0,0
2026-10-04T14:07:15Z,checkoutservice,paymentservice,26060,24211,0,192,0,399524,23905
2026-10-04T14:07:15Z,checkoutservice,productcatalogservice,0,0,0,0,0,0,0
2026-10-04T14:07:15Z,checkoutservice,recommendationservice,0,0,0,0,0,0,0
2026-10-04T14:07:15Z,checkoutservice,redis-cart,0,0,0,0,0,0,0
2026-10-04T14:07:15Z,checkoutservice,shippingservice,48107,46001,0,154,0,472522,45682
2026-10-04T14:07:15Z,currencyservice,adservice,0,0,0,0,0,0,0
2026-10-04T14:07:15Z,currencyservice,cartservice,0,0,0,0,0,0,0
2026-10-04T14:07:15Z,currencyservice,checkoutservice,0,0,0,0,0,0,0
2026-10-04T14:07:15Z,currencyservice,currencyservice,0,0,0,0,0,0,0
2026-10-04T14:07:15Z,currencyservice,emailservice,0,0,0,0,0,0,0
2026-10-04T14:07:15Z,currencyservice,frontend,0,0,0,0,0,0,0
2026-10-04T14:07:15Z,currencyservice,kubernetes,0,0,0,0,0,0,0
2026-10-04T14:07:15Z,currencyservice,paymentservice,0,0,0,0,0,0,0
2026-10-04T14:07:15Z,currencyservice,productcatalogservice,0,0,0,0,0,0,0
2026-10-04T14:07:15Z,currencyservice,recommendationservice,0,0,0,0,0,0,0
2026-10-04T14:07:15Z,currencyservice,redis-cart,0,0,0,0,0,0,0
2026-10-04T14:07:15Z,currencyservice,shippingservice,0,0,0,0,0,0,0
2026-10-04T14:07:15Z,emailservice,adservice,0,0,0,0,0,0,0
2026-10-04T14:07:15Z,emailservice,cartservice,0,0,0,0,0,0,0
2026-10-04T14:07:15Z,emailservice,checkoutservice,0,0,0,0,0,0,0
2026-10-04T14:07:15Z,emailservice,currencyservice,0,0,0,0,0,0,0
2026-10-04T14:07:15Z,emailservice,emailservice,0,0,0,0,0,0,0
2026-10-04T14:07:15Z,emailservice,frontend,0,0,0,0,0,0,0
2026-10-04T14:07:15Z,emailservice,kubernetes,0,0,0,0,0,0,0
2026-10-04T14:07:15Z,emailservice,paymentservice,0,0,0,0,0,0,0
2026-10-04T14:07:15Z,emailservice,productcatalogservice,0,0,0,0,0,0,0
2026-10-04T14:07:15Z,emailservice,recommendationservice,0,0,0,0,0,0,0
2026-10-04T14:07:15Z,emailservice,redis-cart,0,0,0,0,0,0,0
2026-10-04T14:07:15Z,emailservice,shippingservice,0,0,0,0,0,0,0
2026-10-04T14:07:15Z,frontend,adservice,827667,827665,0,0,0,2497924,827493
2026-10-04T14:07:15Z,frontend,cartservice,1828192,1828179,0,0,4,10192537,1827465
2026-10-04T14:07:15Z,frontend,checkoutservice,391786,181814,0,40061,169942,61752965,181725
2026-10-04T14:07:15Z,frontend,currencyservice,2906982,2906975,0,0,0,15460897,2905891
2026-10-04T14:07:15Z,frontend,emailservice,0,0,0,0,0,0,0
2026-10-04T14:07:15Z,frontend,frontend,0,0,0,0,0,0,0
2026-10-04T14:07:15Z,frontend,kubernetes,0,0,0,0,0,0,0
2026-10-04T14:07:15Z,frontend,paymentservice,0,0,0,0,0,0,0
2026-10-04T14:07:15Z,frontend,productcatalogservice,8190009,8189940,0,0,0,56110202,8187737
2026-10-04T14:07:15Z,frontend,recommendationservice,2626860,1615670,0,105345,903288,788528541,1615070
2026-10-04T14:07:15Z,frontend,redis-cart,0,0,0,0,0,0,0
2026-10-04T14:07:15Z,frontend,shippingservice,303499,303497,0,0,0,924470,303436
2026-10-04T14:07:15Z,paymentservice,adservice,0,0,0,0,0,0,0
2026-10-04T14:07:15Z,paymentservice,cartservice,0,0,0,0,0,0,0
2026-10-04T14:07:15Z,paymentservice,checkoutservice,0,0,0,0,0,0,0
2026-10-04T14:07:15Z,paymentservice,currencyservice,0,0,0,0,0,0,0
2026-10-04T14:07:15Z,paymentservice,emailservice,0,0,0,0,0,0,0
2026-10-04T14:07:15Z,paymentservice,frontend,0,0,0,0,0,0,0
2026-10-04T14:07:15Z,paymentservice,kubernetes,0,0,0,0,0,0,0
2026-10-04T14:07:15Z,paymentservice,paymentservice,0,0,0,0,0,0,0
2026-10-04T14:07:15Z,paymentservice,productcatalogservice,0,0,0,0,0,0,0
2026-10-04T14:07:15Z,paymentservice,recommendationservice,0,0,0,0,0,0,0
2026-10-04T14:07:15Z,paymentservice,redis-cart,0,0,0,0,0,0,0
2026-10-04T14:07:15Z,paymentservice,shippingservice,0,0,0,0,0,0,0
2026-10-04T14:07:15Z,productcatalogservice,adservice,0,0,0,0,0,0,0
2026-10-04T14:07:15Z,productcatalogservice,cartservice,0,0,0,0,0,0,0
2026-10-04T14:07:15Z,productcatalogservice,checkoutservice,0,0,0,0,0,0,0
2026-10-04T14:07:15Z,productcatalogservice,currencyservice,0,0,0,0,0,0,0
2026-10-04T14:07:15Z,productcatalogservice,emailservice,0,0,0,0,0,0,0
2026-10-04T14:07:15Z,productcatalogservice,frontend,0,0,0,0,0,0,0
2026-10-04T14:07:15Z,productcatalogservice,kubernetes,0,0,0,0,0,0,0
2026-10-04T14:07:15Z,productcatalogservice,paymentservice,0,0,0,0,0,0,0
2026-10-04T14:07:15Z,productcatalogservice,productcatalogservice,0,0,0,0,0,0,0
2026-10-04T14:07:15Z,productcatalogservice,recommendationservice,0,0,0,0,0,0,0
2026-10-04T14:07:15Z,productcatalogservice,redis-cart,0,0,0,0,0,0,0
2026-10-04T14:07:15Z,productcatalogservice,shippingservice,0,0,0,0,0,0,0
2026-10-04T14:07:15Z,recommendationservice,adservice,0,0,0,0,0,0,0
2026-10-04T14:07:15Z,recommendationservice,cartservice,0,0,0,0,0,0,0
2026-10-04T14:07:15Z,recommendationservice,checkoutservice,0,0,0,0,0,0,0
2026-10-04T14:07:15Z,recommendationservice,currencyservice,0,0,0,0,0,0,0
2026-10-04T14:07:15Z,recommendationservice,emailservice,0,0,0,0,0,0,0
2026-10-04T14:07:15Z,recommendationservice,frontend,0,0,0,0,0,0,0
2026-10-04T14:07:15Z,recommendationservice,kubernetes,0,0,0,0,0,0,0
2026-10-04T14:07:15Z,recommendationservice,paymentservice,0,0,0,0,0,0,0
2026-10-04T14:07:15Z,recommendationservice,productcatalogservice,93252,93252,0,0,0,740959,93135
2026-10-04T14:07:15Z,recommendationservice,recommendationservice,0,0,0,0,0,0,0
2026-10-04T14:07:15Z,recommendationservice,redis-cart,0,0,0,0,0,0,0
2026-10-04T14:07:15Z,recommendationservice,shippingservice,0,0,0,0,0,0,0
2026-10-04T14:07:15Z,redis-cart,adservice,0,0,0,0,0,0,0
2026-10-04T14:07:15Z,redis-cart,cartservice,0,0,0,0,0,0,0
2026-10-04T14:07:15Z,redis-cart,checkoutservice,0,0,0,0,0,0,0
2026-10-04T14:07:15Z,redis-cart,currencyservice,0,0,0,0,0,0,0
2026-10-04T14:07:15Z,redis-cart,emailservice,0,0,0,0,0,0,0
2026-10-04T14:07:15Z,redis-cart,frontend,0,0,0,0,0,0,0
2026-10-04T14:07:15Z,redis-cart,kubernetes,0,0,0,0,0,0,0
2026-10-04T14:07:15Z,redis-cart,paymentservice,0,0,0,0,0,0,0
2026-10-04T14:07:15Z,redis-cart,productcatalogservice,0,0,0,0,0,0,0
2026-10-04T14:07:15Z,redis-cart,recommendationservice,0,0,0,0,0,0,0
2026-10-04T14:07:15Z,redis-cart,redis-cart,0,0,0,0,0,0,0
2026-10-04T14:07:15Z,redis-cart,shippingservice,0,0,0,0,0,0,0
2026-10-04T14:07:15Z,shippingservice,adservice,0,0,0,0,0,0,0
2026-10-04T14:07:15Z,shippingservice,cartservice,0,0,0,0,0,0,0
2026-10-04T14:07:15Z,shippingservice,checkoutservice,0,0,0,0,0,0,0
2026-10-04T14:07:15Z,shippingservice,currencyservice,0,0,0,0,0,0,0
2026-10-04T14:07:15Z,shippingservice,emailservice,0,0,0,0,0,0,0
2026-10-04T14:07:15Z,shippingservice,frontend,0,0,0,0,0,0,0
2026-10-04T14:07:15Z,shippingservice,kubernetes,0,0,0,0,0,0,0
2026-10-04T14:07:15Z,shippingservice,paymentservice,0,0,0,0,0,0,0
2026-10-04T14:07:15Z,shippingservice,productcatalogservice,0,0,0,0,0,0,0
2026-10-04T14:07:15Z,shippingservice,recommendationservice,0,0,0,0,0,0,0
2026-10-04T14:07:15Z,shippingservice,redis-cart,0,0,0,0,0,0,0
2026-10-04T14:07:15Z,shippingservice,shippingservice,0,0,0,0,0,0,0
2026-10-04T14:07:16Z,adservice,adservice,0,0,0,0,0,0,0
2026-10-04T14:07:16Z,adservice,cartservice,0,0,0,0,0,0,0
2026-10-04T14:07:16Z,adservice,checkoutservice,0,0,0,0,0,0,0
2026-10-04T14:07:16Z,adservice,currencyservice,0,0,0,0,0,0,0
2026-10-04T14:07:16Z,adservice,emailservice,0,0,0,0,0,0,0
2026-10-04T14:07:16Z,adservice,frontend,0,0,0,0,0,0,0
2026-10-04T14:07:16Z,adservice,kubernetes,0,0,0,0,0,0,0
2026-10-04T14:07:16Z,adservice,paymentservice,0,0,0,0,0,0,0
2026-10-04T14:07:16Z,adservice,productcatalogservice,0,0,0,0,0,0,0
2026-10-04T14:07:16Z,adservice,recommendationservice,0,0,0,0,0,0,0
2026-10-04T14:07:16Z,adservice,redis-cart,0,0,0,0,0,0,0
2026-10-04T14:07:16Z,adservice,shippingservice,0,0,0,0,0,0,0
2026-10-04T14:07:16Z,cartservice,adservice,0,0,0,0,0,0,0
2026-10-04T14:07:16Z,cartservice,cartservice,0,0,0,0,0,0,0
2026-10-04T14:07:16Z,cartservice,checkoutservice,0,0,0,0,0,0,0
2026-10-04T14:07:16Z,cartservice,currencyservice,0,0,0,0,0,0,0
2026-10-04T14:07:16Z,cartservice,emailservice,0,0,0,0,0,0,0
2026-10-04T14:07:16Z,cartservice,frontend,0,0,0,0,0,0,0
2026-10-04T14:07:16Z,cartservice,kubernetes,0,0,0,0,0,0,0
2026-10-04T14:07:16Z,cartservice,paymentservice,0,0,0,0,0,0,0
2026-10-04T14:07:16Z,cartservice,productcatalogservice,0,0,0,0,0,0,0
2026-10-04T14:07:16Z,cartservice,recommendationservice,0,0,0,0,0,0,0
2026-10-04T14:07:16Z,cartservice,redis-cart,2,0,0,0,0,0,0
2026-10-04T14:07:16Z,cartservice,shippingservice,0,0,0,0,0,0,0
2026-10-04T14:07:16Z,checkoutservice,adservice,0,0,0,0,0,0,0
2026-10-04T14:07:16Z,checkoutservice,cartservice,42861,41930,0,100,0,615704,41544
2026-10-04T14:07:16Z,checkoutservice,checkoutservice,0,0,0,0,0,0,0
2026-10-04T14:07:16Z,checkoutservice,currencyservice,32830,32827,0,0,0,528860,32636
2026-10-04T14:07:16Z,checkoutservice,emailservice,4063,3778,0,66,0,166385,3586
2026-10-04T14:07:16Z,checkoutservice,frontend,0,0,0,0,0,0,0
2026-10-04T14:07:16Z,checkoutservice,kubernetes,0,0,0,0,0,0,0
2026-10-04T14:07:16Z,checkoutservice,paymentservice,26091,24243,0,192,0,399524,23905
2026-10-04T14:07:16Z,checkoutservice,productcatalogservice,0,0,0,0,0,0,0
2026-10-04T14:07:16Z,checkoutservice,recommendationservice,0,0,0,0,0,0,0
2026-10-04T14:07:16Z,checkoutservice,redis-cart,0,0,0,0,0,0,0
2026-10-04T14:07:16Z,checkoutservice,shippingservice,48172,46068,0,154,0,472522,45682
2026-10-04T14:07:16Z,currencyservice,adservice,0,0,0,0,0,0,0
2026-10-04T14:07:16Z,currencyservice,cartservice,0,0,0,0,0,0,0
2026-10-04T14:07:16Z,currencyservice,checkoutservice,0,0,0,0,0,0,0
2026-10-04T14:07:16Z,currencyservice,currencyservice,0,0,0,0,0,0,0
2026-10-04T14:07:16Z,currencyservice,emailservice,0,0,0,0,0,0,0
2026-10-04T14:07:16Z,currencyservice,frontend,0,0,0,0,0,0,0
2026-10-04T14:07:16Z,currencyservice,kubernetes,0,0,0,0,0,0,0
2026-10-04T14:07:16Z,currencyservice,paymentservice,0,0,0,0,0,0,0
2026-10-04T14:07:16Z,currencyservice,productcatalogservice,0,0,0,0,0,0,0
2026-10-04T14:07:16Z,currencyservice,recommendationservice,0,0,0,0,0,0,0
2026-10-04T14:07:16Z,currencyservice,redis-cart,0,0,0,0,0,0,0
2026-10-04T14:07:16Z,currencyservice,shippingservice,0,0,0,0,0,0,0
2026-10-04T14:07:16Z,emailservice,adservice,0,0,0,0,0,0,0
2026-10-04T14:07:16Z,emailservice,cartservice,0,0,0,0,0,0,0
2026-10-04T14:07:16Z,emailservice,checkoutservice,0,0,0,0,0,0,0
2026-10-04T14:07:16Z,emailservice,currencyservice,0,0,0,0,0,0,0
2026-10-04T14:07:16Z,emailservice,emailservice,0,0,0,0,0,0,0
2026-10-04T14:07:16Z,emailservice,frontend,0,0,0,0,0,0,0
2026-10-04T14:07:16Z,emailservice,kubernetes,0,0,0,0,0,0,0
2026-10-04T14:07:16Z,emailservice,paymentservice,0,0,0,0,0,0,0
2026-10-04T14:07:16Z,emailservice,productcatalogservice,0,0,0,0,0,0,0
2026-10-04T14:07:16Z,emailservice,recommendationservice,0,0,0,0,0,0,0
2026-10-04T14:07:16Z,emailservice,redis-cart,0,0,0,0,0,0,0
2026-10-04T14:07:16Z,emailservice,shippingservice,0,0,0,0,0,0,0
2026-10-04T14:07:16Z,frontend,adservice,827788,827785,0,0,0,2497924,827493
2026-10-04T14:07:16Z,frontend,cartservice,1828549,1828534,0,0,4,10192537,1827465
2026-10-04T14:07:16Z,frontend,checkoutservice,391823,181857,0,40061,169942,61752965,181725
2026-10-04T14:07:16Z,frontend,currencyservice,2907515,2907505,0,0,0,15460897,2905891
2026-10-04T14:07:16Z,frontend,emailservice,0,0,0,0,0,0,0
2026-10-04T14:07:16Z,frontend,frontend,0,0,0,0,0,0,0
2026-10-04T14:07:16Z,frontend,kubernetes,0,0,0,0,0,0,0
2026-10-04T14:07:16Z,frontend,paymentservice,0,0,0,0,0,0,0
2026-10-04T14:07:16Z,frontend,productcatalogservice,8191253,8191178,0,0,0,56110202,8187737
2026-10-04T14:07:16Z,frontend,recommendationservice,2627623,1615957,0,105404,903714,788528541,1615070
2026-10-04T14:07:16Z,frontend,redis-cart,0,0,0,0,0,0,0
2026-10-04T14:07:16Z,frontend,shippingservice,303534,303531,0,0,0,924470,303436
2026-10-04T14:07:16Z,paymentservice,adservice,0,0,0,0,0,0,0
2026-10-04T14:07:16Z,paymentservice,cartservice,0,0,0,0,0,0,0
2026-10-04T14:07:16Z,paymentservice,checkoutservice,0,0,0,0,0,0,0
2026-10-04T14:07:16Z,paymentservice,currencyservice,0,0,0,0,0,0,0
2026-10-04T14:07:16Z,paymentservice,emailservice,0,0,0,0,0,0,0
2026-10-04T14:07:16Z,paymentservice,frontend,0,0,0,0,0,0,0
2026-10-04T14:07:16Z,paymentservice,kubernetes,0,0,0,0,0,0,0
2026-10-04T14:07:16Z,paymentservice,paymentservice,0,0,0,0,0,0,0
2026-10-04T14:07:16Z,paymentservice,productcatalogservice,0,0,0,0,0,0,0
2026-10-04T14:07:16Z,paymentservice,recommendationservice,0,0,0,0,0,0,0
2026-10-04T14:07:16Z,paymentservice,redis-cart,0,0,0,0,0,0,0
2026-10-04T14:07:16Z,paymentservice,shippingservice,0,0,0,0,0,0,0
2026-10-04T14:07:16Z,productcatalogservice,adservice,0,0,0,0,0,0,0
2026-10-04T14:07:16Z,productcatalogservice,cartservice,0,0,0,0,0,0,0
2026-10-04T14:07:16Z,productcatalogservice,checkoutservice,0,0,0,0,0,0,0
2026-10-04T14:07:16Z,productcatalogservice,currencyservice,0,0,0,0,0,0,0
2026-10-04T14:07:16Z,productcatalogservice,emailservice,0,0,0,0,0,0,0
2026-10-04T14:07:16Z,productcatalogservice,frontend,0,0,0,0,0,0,0
2026-10-04T14:07:16Z,productcatalogservice,kubernetes,0,0,0,0,0,0,0
2026-10-04T14:07:16Z,productcatalogservice,paymentservice,0,0,0,0,0,0,0
2026-10-04T14:07:16Z,productcatalogservice,productcatalogservice,0,0,0,0,0,0,0
2026-10-04T14:07:16Z,productcatalogservice,recommendationservice,0,0,0,0,0,0,0
2026-10-04T14:07:16Z,productcatalogservice,redis-cart,0,0,0,0,0,0,0
2026-10-04T14:07:16Z,productcatalogservice,shippingservice,0,0,0,0,0,0,0
2026-10-04T14:07:16Z,recommendationservice,adservice,0,0,0,0,0,0,0
2026-10-04T14:07:16Z,recommendationservice,cartservice,0,0,0,0,0,0,0
2026-10-04T14:07:16Z,recommendationservice,checkoutservice,0,0,0,0,0,0,0
2026-10-04T14:07:16Z,recommendationservice,currencyservice,0,0,0,0,0,0,0
2026-10-04T14:07:16Z,recommendationservice,emailservice,0,0,0,0,0,0,0
2026-10-04T14:07:16Z,recommendationservice,frontend,0,0,0,0,0,0,0
2026-10-04T14:07:16Z,recommendationservice,kubernetes,0,0,0,0,0,0,0
2026-10-04T14:07:16Z,recommendationservice,paymentservice,0,0,0,0,0,0,0
2026-10-04T14:07:16Z,recommendationservice,productcatalogservice,93639,93638,0,0,0,740959,93135
2026-10-04T14:07:16Z,recommendationservice,recommendationservice,0,0,0,0,0,0,0
2026-10-04T14:07:16Z,recommendationservice,redis-cart,0,0,0,0,0,0,0
2026-10-04T14:07:16Z,recommendationservice,shippingservice,0,0,0,0,0,0,0
2026-10-04T14:07:16Z,redis-cart,adservice,0,0,0,0,0,0,0
2026-10-04T14:07:16Z,redis-cart,cartservice,0,0,0,0,0,0,0
2026-10-04T14:07:16Z,redis-cart,checkoutservice,0,0,0,0,0,0,0
2026-10-04T14:07:16Z,redis-cart,currencyservice,0,0,0,0,0,0,0
2026-10-04T14:07:16Z,redis-cart,emailservice,0,0,0,0,0,0,0
2026-10-04T14:07:16Z,redis-cart,frontend,0,0,0,0,0,0,0
2026-10-04T14:07:16Z,redis-cart,kubernetes,0,0,0,0,0,0,0
2026-10-04T14:07:16Z,redis-cart,paymentservice,0,0,0,0,0,0,0
2026-10-04T14:07:16Z,redis-cart,productcatalogservice,0,0,0,0,0,0,0
2026-10-04T14:07:16Z,redis-cart,recommendationservice,0,0,0,0,0,0,0
2026-10-04T14:07:16Z,redis-cart,redis-cart,0,0,0,0,0,0,0
2026-10-04T14:07:16Z,redis-cart,shippingservice,0,0,0,0,0,0,0
2026-10-04T14:07:16Z,shippingservice,adservice,0,0,0,0,0,0,0
2026-10-04T14:07:16Z,shippingservice,cartservice,0,0,0,0,0,0,0
2026-10-04T14:07:16Z,shippingservice,checkoutservice,0,0,0,0,0,0,0
2026-10-04T14:07:16Z,shippingservice,currencyservice,0,0,0,0,0,0,0
2026-10-04T14:07:16Z,shippingservice,emailservice,0,0,0,0,0,0,0
2026-10-04T14:07:16Z,shippingservice,frontend,0,0,0,0,0,0,0
2026-10-04T14:07:16Z,shippingservice,kubernetes,0,0,0,0,0,0,0
2026-10-04T14:07:16Z,shippingservice,paymentservice,0,0,0,0,0,0,0
2026-10-04T14:07:16Z,shippingservice,productcatalogservice,0,0,0,0,0,0,0
2026-10-04T14:07:16Z,shippingservice,recommendationservice,0,0,0,0,0,0,0
2026-10-04T14:07:16Z,shippingservice,redis-cart,0,0,0,0,0,0,0
2026-10-04T14:07:16Z,shippingservice,shippingservice,0,0,0,0,0,0,0
2026-10-04T14:07:17Z,adservice,adservice,0,0,0,0,0,0,0
2026-10-04T14:07:17Z,adservice,cartservice,0,0,0,0,0,0,0
2026-10-04T14:07:17Z,adservice,checkoutservice,0,0,0,0,0,0,0
2026-10-04T14:07:17Z,adservice,currencyservice,0,0,0,0,0,0,0
2026-10-04T14:07:17Z,adservice,emailservice,0,0,0,0,0,0,0
2026-10-04T14:07:17Z,adservice,frontend,0,0,0,0,0,0,0
2026-10-04T14:07:17Z,adservice,kubernetes,0,0,0,0,0,0,0
2026-10-04T14:07:17Z,adservice,paymentservice,0,0,0,0,0,0,0
2026-10-04T14:07:17Z,adservice,productcatalogservice,0,0,0,0,0,0,0
2026-10-04T14:07:17Z,adservice,recommendationservice,0,0,0,0,0,0,0
2026-10-04T14:07:17Z,adservice,redis-cart,0,0,0,0,0,0,0
2026-10-04T14:07:17Z,adservice,shippingservice,0,0,0,0,0,0,0
2026-10-04T14:07:17Z,cartservice,adservice,0,0,0,0,0,0,0
2026-10-04T14:07:17Z,cartservice,cartservice,0,0,0,0,0,0,0
2026-10-04T14:07:17Z,cartservice,checkoutservice,0,0,0,0,0,0,0
2026-10-04T14:07:17Z,cartservice,currencyservice,0,0,0,0,0,0,0
2026-10-04T14:07:17Z,cartservice,emailservice,0,0,0,0,0,0,0
2026-10-04T14:07:17Z,cartservice,frontend,0,0,0,0,0,0,0
2026-10-04T14:07:17Z,cartservice,kubernetes,0,0,0,0,0,0,0
2026-10-04T14:07:17Z,cartservice,paymentservice,0,0,0,0,0,0,0
2026-10-04T14:07:17Z,cartservice,productcatalogservice,0,0,0,0,0,0,0
2026-10-04T14:07:17Z,cartservice,recommendationservice,0,0,0,0,0,0,0
2026-10-04T14:07:17Z,cartservice,redis-cart,2,0,0,0,0,0,0
2026-10-04T14:07:17Z,cartservice,shippingservice,0,0,0,0,0,0,0
2026-10-04T14:07:17Z,checkoutservice,adservice,0,0,0,0,0,0,0
2026-10-04T14:07:17Z,checkoutservice,cartservice,42926,41995,0,100,0,617657,41978
2026-10-04T14:07:17Z,checkoutservice,checkoutservice,0,0,0,0,0,0,0
2026-10-04T14:07:17Z,checkoutservice,currencyservice,32860,32860,0,0,0,529856,32853
2026-10-04T14:07:17Z,checkoutservice,emailservice,4098,3813,0,66,0,172865,3805
2026-10-04T14:07:17Z,checkoutservice,frontend,0,0,0,0,0,0,0
2026-10-04T14:07:17Z,checkoutservice,kubernetes,0,0,0,0,0,0,0
2026-10-04T14:07:17Z,checkoutservice,paymentservice,26126,24278,0,192,0,400337,24122
2026-10-04T14:07:17Z,checkoutservice,productcatalogservice,0,0,0,0,0,0,0
2026-10-04T14:07:17Z,checkoutservice,recommendationservice,0,0,0,0,0,0,0
2026-10-04T14:07:17Z,checkoutservice,redis-cart,0,0,0,0,0,0,0
2026-10-04T14:07:17Z,checkoutservice,shippingservice,48238,46133,0,154,0,473519,46117
2026-10-04T14:07:17Z,currencyservice,adservice,0,0,0,0,0,0,0
2026-10-04T14:07:17Z,currencyservice,cartservice,0,0,0,0,0,0,0
2026-10-04T14:07:17Z,currencyservice,checkoutservice,0,0,0,0,0,0,0
2026-10-04T14:07:17Z,currencyservice,currencyservice,0,0,0,0,0,0,0
2026-10-04T14:07:17Z,currencyservice,emailservice,0,0,0,0,0,0,0
2026-10-04T14:07:17Z,currencyservice,frontend,0,0,0,0,0,0,0
2026-10-04T14:07:17Z,currencyservice,kubernetes,0,0,0,0,0,0,0
2026-10-04T14:07:17Z,currencyservice,paymentservice,0,0,0,0,0,0,0
2026-10-04T14:07:17Z,currencyservice,productcatalogservice,0,0,0,0,0,0,0
2026-10-04T14:07:17Z,currencyservice,recommendationservice,0,0,0,0,0,0,0
2026-10-04T14:07:17Z,currencyservice,redis-cart,0,0,0,0,0,0,0
2026-10-04T14:07:17Z,currencyservice,shippingservice,0,0,0,0,0,0,0
2026-10-04T14:07:17Z,emailservice,adservice,0,0,0,0,0,0,0
2026-10-04T14:07:17Z,emailservice,cartservice,0,0,0,0,0,0,0
2026-10-04T14:07:17Z,emailservice,checkoutservice,0,0,0,0,0,0,0
2026-10-04T14:07:17Z,emailservice,currencyservice,0,0,0,0,0,0,0
2026-10-04T14:07:17Z,emailservice,emailservice,0,0,0,0,0,0,0
2026-10-04T14:07:17Z,emailservice,frontend,0,0,0,0,0,0,0
2026-10-04T14:07:17Z,emailservice,kubernetes,0,0,0,0,0,0,0
2026-10-04T14:07:17Z,emailservice,paymentservice,0,0,0,0,0,0,0
2026-10-04T14:07:17Z,emailservice,productcatalogservice,0,0,0,0,0,0,0
2026-10-04T14:07:17Z,emailservice,recommendationservice,0,0,0,0,0,0,0
2026-10-04T14:07:17Z,emailservice,redis-cart,0,0,0,0,0,0,0
2026-10-04T14:07:17Z,emailservice,shippingservice,0,0,0,0,0,0,0
2026-10-04T14:07:17Z,frontend,adservice,827913,827911,0,0,0,2497924,827493
2026-10-04T14:07:17Z,frontend,cartservice,1828947,1828935,0,0,4,10192537,1827465
2026-10-04T14:07:17Z,frontend,checkoutservice,391855,181892,0,40061,169942,61752965,181725
2026-10-04T14:07:17Z,frontend,currencyservice,2908108,2908098,0,0,0,15460897,2905891
2026-10-04T14:07:17Z,frontend,emailservice,0,0,0,0,0,0,0
2026-10-04T14:07:17Z,frontend,frontend,0,0,0,0,0,0,0
2026-10-04T14:07:17Z,frontend,kubernetes,0,0,0,0,0,0,0
2026-10-04T14:07:17Z,frontend,paymentservice,0,0,0,0,0,0,0
2026-10-04T14:07:17Z,frontend,productcatalogservice,8192542,8192467,0,0,0,56110202,8187737
2026-10-04T14:07:17Z,frontend,recommendationservice,2628349,1616294,0,105458,904050,788528541,1615070
2026-10-04T14:07:17Z,frontend,redis-cart,0,0,0,0,0,0,0
2026-10-04T14:07:17Z,frontend,shippingservice,303576,303574,0,0,0,924470,303436
2026-10-04T14:07:17Z,paymentservice,adservice,0,0,0,0,0,0,0
2026-10-04T14:07:17Z,paymentservice,cartservice,0,0,0,0,0,0,0
2026-10-04T14:07:17Z,paymentservice,checkoutservice,0,0,0,0,0,0,0
2026-10-04T14:07:17Z,paymentservice,currencyservice,0,0,0,0,0,0,0
2026-10-04T14:07:17Z,paymentservice,emailservice,0,0,0,0,0,0,0
2026-10-04T14:07:17Z,paymentservice,frontend,0,0,0,0,0,0,0
2026-10-04T14:07:17Z,paymentservice,kubernetes,0,0,0,0,0,0,0
2026-10-04T14:07:17Z,paymentservice,paymentservice,0,0,0,0,0,0,0
2026-10-04T14:07:17Z,paymentservice,productcatalogservice,0,0,0,0,0,0,0
2026-10-04T14:07:17Z,paymentservice,recommendationservice,0,0,0,0,0,0,0
2026-10-04T14:07:17Z,paymentservice,redis-cart,0,0,0,0,0,0,0
2026-10-04T14:07:17Z,paymentservice,shippingservice,0,0,0,0,0,0,0
2026-10-04T14:07:17Z,productcatalogservice,adservice,0,0,0,0,0,0,0
2026-10-04T14:07:17Z,productcatalogservice,cartservice,0,0,0,0,0,0,0
2026-10-04T14:07:17Z,productcatalogservice,checkoutservice,0,0,0,0,0,0,0
2026-10-04T14:07:17Z,productcatalogservice,currencyservice,0,0,0,0,0,0,0
2026-10-04T14:07:17Z,productcatalogservice,emailservice,0,0,0,0,0,0,0
2026-10-04T14:07:17Z,productcatalogservice,frontend,0,0,0,0,0,0,0
2026-10-04T14:07:17Z,productcatalogservice,kubernetes,0,0,0,0,0,0,0
2026-10-04T14:07:17Z,productcatalogservice,paymentservice,0,0,0,0,0,0,0
2026-10-04T14:07:17Z,productcatalogservice,productcatalogservice,0,0,0,0,0,0,0
2026-10-04T14:07:17Z,productcatalogservice,recommendationservice,0,0,0,0,0,0,0
2026-10-04T14:07:17Z,productcatalogservice,redis-cart,0,0,0,0,0,0,0
2026-10-04T14:07:17Z,productcatalogservice,shippingservice,0,0,0,0,0,0,0
2026-10-04T14:07:17Z,recommendationservice,adservice,0,0,0,0,0,0,0
2026-10-04T14:07:17Z,recommendationservice,cartservice,0,0,0,0,0,0,0
2026-10-04T14:07:17Z,recommendationservice,checkoutservice,0,0,0,0,0,0,0
2026-10-04T14:07:17Z,recommendationservice,currencyservice,0,0,0,0,0,0,0
2026-10-04T14:07:17Z,recommendationservice,emailservice,0,0,0,0,0,0,0
2026-10-04T14:07:17Z,recommendationservice,frontend,0,0,0,0,0,0,0
2026-10-04T14:07:17Z,recommendationservice,kubernetes,0,0,0,0,0,0,0
2026-10-04T14:07:17Z,recommendationservice,paymentservice,0,0,0,0,0,0,0
2026-10-04T14:07:17Z,recommendationservice,productcatalogservice,94043,94040,0,0,0,740959,93135
2026-10-04T14:07:17Z,recommendationservice,recommendationservice,0,0,0,0,0,0,0
2026-10-04T14:07:17Z,recommendationservice,redis-cart,0,0,0,0,0,0,0
2026-10-04T14:07:17Z,recommendationservice,shippingservice,0,0,0,0,0,0,0
2026-10-04T14:07:17Z,redis-cart,adservice,0,0,0,0,0,0,0
2026-10-04T14:07:17Z,redis-cart,cartservice,0,0,0,0,0,0,0
2026-10-04T14:07:17Z,redis-cart,checkoutservice,0,0,0,0,0,0,0
2026-10-04T14:07:17Z,redis-cart,currencyservice,0,0,0,0,0,0,0
2026-10-04T14:07:17Z,redis-cart,emailservice,0,0,0,0,0,0,0
2026-10-04T14:07:17Z,redis-cart,frontend,0,0,0,0,0,0,0
2026-10-04T14:07:17Z,redis-cart,kubernetes,0,0,0,0,0,0,0
2026-10-04T14:07:17Z,redis-cart,paymentservice,0,0,0,0,0,0,0
2026-10-04T14:07:17Z,redis-cart,productcatalogservice,0,0,0,0,0,0,0
2026-10-04T14:07:17Z,redis-cart,recommendationservice,0,0,0,0,0,0,0
2026-10-04T14:07:17Z,redis-cart,redis-cart,0,0,0,0,0,0,0
2026-10-04T14:07:17Z,redis-cart,shippingservice,0,0,0,0,0,0,0
2026-10-04T14:07:17Z,shippingservice,adservice,0,0,0,0,0,0,0
2026-10-04T14:07:17Z,shippingservice,cartservice,0,0,0,0,0,0,0
2026-10-04T14:07:17Z,shippingservice,checkoutservice,0,0,0,0,0,0,0
2026-10-04T14:07:17Z,shippingservice,currencyservice,0,0,0,0,0,0,0
2026-10-04T14:07:17Z,shippingservice,emailservice,0,0,0,0,0,0,0
2026-10-04T14:07:17Z,shippingservice,frontend,0,0,0,0,0,0,0
2026-10-04T14:07:17Z,shippingservice,kubernetes,0,0,0,0,0,0,0
2026-10-04T14:07:17Z,shippingservice,paymentservice,0,0,0,0,0,0,0
2026-10-04T14:07:17Z,shippingservice,productcatalogservice,0,0,0,0,0,0,0
2026-10-04T14:07:17Z,shippingservice,recommendationservice,0,0,0,0,0,0,0
2026-10-04T14:07:17Z,shippingservice,redis-cart,0,0,0,0,0,0,0
2026-10-04T14:07:17Z,shippingservice,shippingservice,0,0,0,0,0,0,0
2026-10-04T14:07:18Z,adservice,adservice,0,0,0,0,0,0,0
2026-10-04T14:07:18Z,adservice,cartservice,0,0,0,0,0,0,0
2026-10-04T14:07:18Z,adservice,checkoutservice,0,0,0,0,0,0,0
2026-10-04T14:07:18Z,adservice,currencyservice,0,0,0,0,0,0,0
2026-10-04T14:07:18Z,adservice,emailservice,0,0,0,0,0,0,0
2026-10-04T14:07:18Z,adservice,frontend,0,0,0,0,0,0,0
2026-10-04T14:07:18Z,adservice,kubernetes,0,0,0,0,0,0,0
2026-10-04T14:07:18Z,adservice,paymentservice,0,0,0,0,0,0,0
2026-10-04T14:07:18Z,adservice,productcatalogservice,0,0,0,0,0,0,0
2026-10-04T14:07:18Z,adservice,recommendationservice,0,0,0,0,0,0,0
2026-10-04T14:07:18Z,adservice,redis-cart,0,0,0,0,0,0,0
2026-10-04T14:07:18Z,adservice,shippingservice,0,0,0,0,0,0,0
2026-10-04T14:07:18Z,cartservice,adservice,0,0,0,0,0,0,0
2026-10-04T14:07:18Z,cartservice,cartservice,0,0,0,0,0,0,0
2026-10-04T14:07:18Z,cartservice,checkoutservice,0,0,0,0,0,0,0
2026-10-04T14:07:18Z,cartservice,currencyservice,0,0,0,0,0,0,0
2026-10-04T14:07:18Z,cartservice,emailservice,0,0,0,0,0,0,0
2026-10-04T14:07:18Z,cartservice,frontend,0,0,0,0,0,0,0
2026-10-04T14:07:18Z,cartservice,kubernetes,0,0,0,0,0,0,0
2026-10-04T14:07:18Z,cartservice,paymentservice,0,0,0,0,0,0,0
2026-10-04T14:07:18Z,cartservice,productcatalogservice,0,0,0,0,0,0,0
2026-10-04T14:07:18Z,cartservice,recommendationservice,0,0,0,0,0,0,0
2026-10-04T14:07:18Z,cartservice,redis-cart,2,0,0,0,0,0,0
2026-10-04T14:07:18Z,cartservice,shippingservice,0,0,0,0,0,0,0
2026-10-04T14:07:18Z,checkoutservice,adservice,0,0,0,0,0,0,0
2026-10-04T14:07:18Z,checkoutservice,cartservice,43008,42077,0,100,0,617657,41978
2026-10-04T14:07:18Z,checkoutservice,checkoutservice,0,0,0,0,0,0,0
2026-10-04T14:07:18Z,checkoutservice,currencyservice,32902,32902,0,0,0,529856,32853
2026-10-04T14:07:18Z,checkoutservice,emailservice,4140,3855,0,66,0,172865,3805
2026-10-04T14:07:18Z,checkoutservice,frontend,0,0,0,0,0,0,0
2026-10-04T14:07:18Z,checkoutservice,kubernetes,0,0,0,0,0,0,0
2026-10-04T14:07:18Z,checkoutservice,paymentservice,26168,24320,0,192,0,400337,24122
2026-10-04T14:07:18Z,checkoutservice,productcatalogservice,0,0,0,0,0,0,0
2026-10-04T14:07:18Z,checkoutservice,recommendationservice,0,0,0,0,0,0,0
2026-10-04T14:07:18Z,checkoutservice,redis-cart,0,0,0,0,0,0,0
2026-10-04T14:07:18Z,checkoutservice,shippingservice,48320,46217,0,154,0,473519,46117
2026-10-04T14:07:18Z,currencyservice,adservice,0,0,0,0,0,0,0
2026-10-04T14:07:18Z,currencyservice,cartservice,0,0,0,0,0,0,0
2026-10-04T14:07:18Z,currencyservice,checkoutservice,0,0,0,0,0,0,0
2026-10-04T14:07:18Z,currencyservice,currencyservice,0,0,0,0,0,0,0
2026-10-04T14:07:18Z,currencyservice,emailservice,0,0,0,0,0,0,0
2026-10-04T14:07:18Z,currencyservice,frontend,0,0,0,0,0,0,0
2026-10-04T14:07:18Z,currencyservice,kubernetes,0,0,0,0,0,0,0
2026-10-04T14:07:18Z,currencyservice,paymentservice,0,0,0,0,0,0,0
2026-10-04T14:07:18Z,currencyservice,productcatalogservice,0,0,0,0,0,0,0
2026-10-04T14:07:18Z,currencyservice,recommendationservice,0,0,0,0,0,0,0
2026-10-04T14:07:18Z,currencyservice,redis-cart,0,0,0,0,0,0,0
2026-10-04T14:07:18Z,currencyservice,shippingservice,0,0,0,0,0,0,0
2026-10-04T14:07:18Z,emailservice,adservice,0,0,0,0,0,0,0
2026-10-04T14:07:18Z,emailservice,cartservice,0,0,0,0,0,0,0
2026-10-04T14:07:18Z,emailservice,checkoutservice,0,0,0,0,0,0,0
2026-10-04T14:07:18Z,emailservice,currencyservice,0,0,0,0,0,0,0
2026-10-04T14:07:18Z,emailservice,emailservice,0,0,0,0,0,0,0
2026-10-04T14:07:18Z,emailservice,frontend,0,0,0,0,0,0,0
2026-10-04T14:07:18Z,emailservice,kubernetes,0,0,0,0,0,0,0
2026-10-04T14:07:18Z,emailservice,paymentservice,0,0,0,0,0,0,0
2026-10-04T14:07:18Z,emailservice,productcatalogservice,0,0,0,0,0,0,0
2026-10-04T14:07:18Z,emailservice,recommendationservice,0,0,0,0,0,0,0
2026-10-04T14:07:18Z,emailservice,redis-cart,0,0,0,0,0,0,0
2026-10-04T14:07:18Z,emailservice,shippingservice,0,0,0,0,0,0,0
2026-10-04T14:07:18Z,frontend,adservice,828052,828050,0,0,0,2498256,827613
2026-10-04T14:07:18Z,frontend,cartservice,1829327,1829315,0,0,4,10194496,1827943
2026-10-04T14:07:18Z,frontend,checkoutservice,391894,181931,0,40061,169942,61757951,181770
2026-10-04T14:07:18Z,frontend,currencyservice,2908706,2908697,0,0,0,15463362,2906576
2026-10-04T14:07:18Z,frontend,emailservice,0,0,0,0,0,0,0
2026-10-04T14:07:18Z,frontend,frontend,0,0,0,0,0,0,0
2026-10-04T14:07:18Z,frontend,kubernetes,0,0,0,0,0,0,0
2026-10-04T14:07:18Z,frontend,paymentservice,0,0,0,0,0,0,0
2026-10-04T14:07:18Z,frontend,productcatalogservice,8193996,8193922,0,0,0,56117653,8189102
2026-10-04T14:07:18Z,frontend,recommendationservice,2629088,1616618,0,105510,904420,788886591,1615492
2026-10-04T14:07:18Z,frontend,redis-cart,0,0,0,0,0,0,0
2026-10-04T14:07:18Z,frontend,shippingservice,303629,303626,0,0,0,924520,303467
2026-10-04T14:07:18Z,paymentservice,adservice,0,0,0,0,0,0,0
2026-10-04T14:07:18Z,paymentservice,cartservice,0,0,0,0,0,0,0
2026-10-04T14:07:18Z,paymentservice,checkoutservice,0,0,0,0,0,0,0
2026-10-04T14:07:18Z,paymentservice,currencyservice,0,0,0,0,0,0,0
2026-10-04T14:07:18Z,paymentservice,emailservice,0,0,0,0,0,0,0
2026-10-04T14:07:18Z,paymentservice,frontend,0,0,0,0,0,0,0
2026-10-04T14:07:18Z,paymentservice,kubernetes,0,0,0,0,0,0,0
2026-10-04T14:07:18Z,paymentservice,paymentservice,0,0,0,0,0,0,0
2026-10-04T14:07:18Z,paymentservice,productcatalogservice,0,0,0,0,0,0,0
2026-10-04T14:07:18Z,paymentservice,recommendationservice,0,0,0,0,0,0,0
2026-10-04T14:07:18Z,paymentservice,redis-cart,0,0,0,0,0,0,0
2026-10-04T14:07:18Z,paymentservice,shippingservice,0,0,0,0,0,0,0
2026-10-04T14:07:18Z,productcatalogservice,adservice,0,0,0,0,0,0,0
2026-10-04T14:07:18Z,productcatalogservice,cartservice,0,0,0,0,0,0,0
2026-10-04T14:07:18Z,productcatalogservice,checkoutservice,0,0,0,0,0,0,0
2026-10-04T14:07:18Z,productcatalogservice,currencyservice,0,0,0,0,0,0,0
2026-10-04T14:07:18Z,productcatalogservice,emailservice,0,0,0,0,0,0,0
2026-10-04T14:07:18Z,productcatalogservice,frontend,0,0,0,0,0,0,0
2026-10-04T14:07:18Z,productcatalogservice,kubernetes,0,0,0,0,0,0,0
2026-10-04T14:07:18Z,productcatalogservice,paymentservice,0,0,0,0,0,0,0
2026-10-04T14:07:18Z,productcatalogservice,productcatalogservice,0,0,0,0,0,0,0
2026-10-04T14:07:18Z,productcatalogservice,recommendationservice,0,0,0,0,0,0,0
2026-10-04T14:07:18Z,productcatalogservice,redis-cart,0,0,0,0,0,0,0
2026-10-04T14:07:18Z,productcatalogservice,shippingservice,0,0,0,0,0,0,0
2026-10-04T14:07:18Z,recommendationservice,adservice,0,0,0,0,0,0,0
2026-10-04T14:07:18Z,recommendationservice,cartservice,0,0,0,0,0,0,0
2026-10-04T14:07:18Z,recommendationservice,checkoutservice,0,0,0,0,0,0,0
2026-10-04T14:07:18Z,recommendationservice,currencyservice,0,0,0,0,0,0,0
2026-10-04T14:07:18Z,recommendationservice,emailservice,0,0,0,0,0,0,0
2026-10-04T14:07:18Z,recommendationservice,frontend,0,0,0,0,0,0,0
2026-10-04T14:07:18Z,recommendationservice,kubernetes,0,0,0,0,0,0,0
2026-10-04T14:07:18Z,recommendationservice,paymentservice,0,0,0,0,0,0,0
2026-10-04T14:07:18Z,recommendationservice,productcatalogservice,94432,94432,0,0,0,740959,93135
2026-10-04T14:07:18Z,recommendationservice,recommendationservice,0,0,0,0,0,0,0
2026-10-04T14:07:18Z,recommendationservice,redis-cart,0,0,0,0,0,0,0
2026-10-04T14:07:18Z,recommendationservice,shippingservice,0,0,0,0,0,0,0
2026-10-04T14:07:18Z,redis-cart,adservice,0,0,0,0,0,0,0
2026-10-04T14:07:18Z,redis-cart,cartservice,0,0,0,0,0,0,0
2026-10-04T14:07:18Z,redis-cart,checkoutservice,0,0,0,0,0,0,0
2026-10-04T14:07:18Z,redis-cart,currencyservice,0,0,0,0,0,0,0
2026-10-04T14:07:18Z,redis-cart,emailservice,0,0,0,0,0,0,0
2026-10-04T14:07:18Z,redis-cart,frontend,0,0,0,0,0,0,0
2026-10-04T14:07:18Z,redis-cart,kubernetes,0,0,0,0,0,0,0
2026-10-04T14:07:18Z,redis-cart,paymentservice,0,0,0,0,0,0,0
2026-10-04T14:07:18Z,redis-cart,productcatalogservice,0,0,0,0,0,0,0
2026-10-04T14:07:18Z,redis-cart,recommendationservice,0,0,0,0,0,0,0
2026-10-04T14:07:18Z,redis-cart,redis-cart,0,0,0,0,0,0,0
2026-10-04T14:07:18Z,redis-cart,shippingservice,0,0,0,0,0,0,0
2026-10-04T14:07:18Z,shippingservice,adservice,0,0,0,0,0,0,0
2026-10-04T14:07:18Z,shippingservice,cartservice,0,0,0,0,0,0,0
2026-10-04T14:07:18Z,shippingservice,checkoutservice,0,0,0,0,0,0,0
2026-10-04T14:07:18Z,shippingservice,currencyservice,0,0,0,0,0,0,0
2026-10-04T14:07:18Z,shippingservice,emailservice,0,0,0,0,0,0,0
2026-10-04T14:07:18Z,shippingservice,frontend,0,0,0,0,0,0,0
2026-10-04T14:07:18Z,shippingservice,kubernetes,0,0,0,0,0,0,0
2026-10-04T14:07:18Z,shippingservice,paymentservice,0,0,0,0,0,0,0
2026-10-04T14:07:18Z,shippingservice,productcatalogservice,0,0,0,0,0,0,0
2026-10-04T14:07:18Z,shippingservice,recommendationservice,0,0,0,0,0,0,0
2026-10-04T14:07:18Z,shippingservice,redis-cart,0,0,0,0,0,0,0
2026-10-04T14:07:18Z,shippingservice,shippingservice,0,0,0,0,0,0,0
2026-10-04T14:07:19Z,adservice,adservice,0,0,0,0,0,0,0
2026-10-04T14:07:19Z,adservice,cartservice,0,0,0,0,0,0,0
2026-10-04T14:07:19Z,adservice,checkoutservice,0,0,0,0,0,0,0
2026-10-04T14:07:19Z,adservice,currencyservice,0,0,0,0,0,0,0
2026-10-04T14:07:19Z,adservice,emailservice,0,0,0,0,0,0,0
2026-10-04T14:07:19Z,adservice,frontend,0,0,0,0,0,0,0
2026-10-04T14:07:19Z,adservice,kubernetes,0,0,0,0,0,0,0
2026-10-04T14:07:19Z,adservice,paymentservice,0,0,0,0,0,0,0
2026-10-04T14:07:19Z,adservice,productcatalogservice,0,0,0,0,0,0,0
2026-10-04T14:07:19Z,adservice,recommendationservice,0,0,0,0,0,0,0
2026-10-04T14:07:19Z,adservice,redis-cart,0,0,0,0,0,0,0
2026-10-04T14:07:19Z,adservice,shippingservice,0,0,0,0,0,0,0
2026-10-04T14:07:19Z,cartservice,adservice,0,0,0,0,0,0,0
2026-10-04T14:07:19Z,cartservice,cartservice,0,0,0,0,0,0,0
2026-10-04T14:07:19Z,cartservice,checkoutservice,0,0,0,0,0,0,0
2026-10-04T14:07:19Z,cartservice,currencyservice,0,0,0,0,0,0,0
2026-10-04T14:07:19Z,cartservice,emailservice,0,0,0,0,0,0,0
2026-10-04T14:07:19Z,cartservice,frontend,0,0,0,0,0,0,0
2026-10-04T14:07:19Z,cartservice,kubernetes,0,0,0,0,0,0,0
2026-10-04T14:07:19Z,cartservice,paymentservice,0,0,0,0,0,0,0
2026-10-04T14:07:19Z,cartservice,productcatalogservice,0,0,0,0,0,0,0
2026-10-04T14:07:19Z,cartservice,recommendationservice,0,0,0,0,0,0,0
2026-10-04T14:07:19Z,cartservice,redis-cart,2,0,0,0,0,0,0
2026-10-04T14:07:19Z,cartservice,shippingservice,0,0,0,0,0,0,0
2026-10-04T14:07:19Z,checkoutservice,adservice,0,0,0,0,0,0,0
2026-10-04T14:07:19Z,checkoutservice,cartservice,43122,42189,0,100,0,617657,41978
2026-10-04T14:07:19Z,checkoutservice,checkoutservice,0,0,0,0,0,0,0
2026-10-04T14:07:19Z,checkoutservice,currencyservice,32958,32957,0,0,0,529856,32853
2026-10-04T14:07:19Z,checkoutservice,emailservice,4190,3905,0,66,0,172865,3805
2026-10-04T14:07:19Z,checkoutservice,frontend,0,0,0,0,0,0,0
2026-10-04T14:07:19Z,checkoutservice,kubernetes,0,0,0,0,0,0,0
2026-10-04T14:07:19Z,checkoutservice,paymentservice,26221,24372,0,192,0,400337,24122
2026-10-04T14:07:19Z,checkoutservice,productcatalogservice,0,0,0,0,0,0,0
2026-10-04T14:07:19Z,checkoutservice,recommendationservice,0,0,0,0,0,0,0
2026-10-04T14:07:19Z,checkoutservice,redis-cart,0,0,0,0,0,0,0
2026-10-04T14:07:19Z,checkoutservice,shippingservice,48434,46327,0,154,0,473519,46117
2026-10-04T14:07:19Z,currencyservice,adservice,0,0,0,0,0,0,0
2026-10-04T14:07:19Z,currencyservice,cartservice,0,0,0,0,0,0,0
2026-10-04T14:07:19Z,currencyservice,checkoutservice,0,0,0,0,0,0,0
2026-10-04T14:07:19Z,currencyservice,currencyservice,0,0,0,0,0,0,0
2026-10-04T14:07:19Z,currencyservice,emailservice,0,0,0,0,0,0,0
2026-10-04T14:07:19Z,currencyservice,frontend,0,0,0,0,0,0,0
2026-10-04T14:07:19Z,currencyservice,kubernetes,0,0,0,0,0,0,0
2026-10-04T14:07:19Z,currencyservice,paymentservice,0,0,0,0,0,0,0
2026-10-04T14:07:19Z,currencyservice,productcatalogservice,0,0,0,0,0,0,0
2026-10-04T14:07:19Z,currencyservice,recommendationservice,0,0,0,0,0,0,0
2026-10-04T14:07:19Z,currencyservice,redis-cart,0,0,0,0,0,0,0
2026-10-04T14:07:19Z,currencyservice,shippingservice,0,0,0,0,0,0,0
2026-10-04T14:07:19Z,emailservice,adservice,0,0,0,0,0,0,0
2026-10-04T14:07:19Z,emailservice,cartservice,0,0,0,0,0,0,0
2026-10-04T14:07:19Z,emailservice,checkoutservice,0,0,0,0,0,0,0
2026-10-04T14:07:19Z,emailservice,currencyservice,0,0,0,0,0,0,0
2026-10-04T14:07:19Z,emailservice,emailservice,0,0,0,0,0,0,0
2026-10-04T14:07:19Z,emailservice,frontend,0,0,0,0,0,0,0
2026-10-04T14:07:19Z,emailservice,kubernetes,0,0,0,0,0,0,0
2026-10-04T14:07:19Z,emailservice,paymentservice,0,0,0,0,0,0,0
2026-10-04T14:07:19Z,emailservice,productcatalogservice,0,0,0,0,0,0,0
2026-10-04T14:07:19Z,emailservice,recommendationservice,0,0,0,0,0,0,0
2026-10-04T14:07:19Z,emailservice,redis-cart,0,0,0,0,0,0,0
2026-10-04T14:07:19Z,emailservice,shippingservice,0,0,0,0,0,0,0
2026-10-04T14:07:19Z,frontend,adservice,828173,828171,0,0,0,2499565,828069
2026-10-04T14:07:19Z,frontend,cartservice,1829697,1829683,0,0,4,10200520,1829360
2026-10-04T14:07:19Z,frontend,checkoutservice,391953,181980,0,40061,169942,61778336,181938
2026-10-04T14:07:19Z,frontend,currencyservice,2909276,2909263,0,0,0,15471283,2908762
2026-10-04T14:07:19Z,frontend,emailservice,0,0,0,0,0,0,0
2026-10-04T14:07:19Z,frontend,frontend,0,0,0,0,0,0,0
2026-10-04T14:07:19Z,frontend,kubernetes,0,0,0,0,0,0,0
2026-10-04T14:07:19Z,frontend,paymentservice,0,0,0,0,0,0,0
2026-10-04T14:07:19Z,frontend,productcatalogservice,8195374,8195307,0,0,0,56144811,8194152
2026-10-04T14:07:19Z,frontend,recommendationservice,2629845,1616919,0,105568,904813,789880781,1616654
2026-10-04T14:07:19Z,frontend,redis-cart,0,0,0,0,0,0,0
2026-10-04T14:07:19Z,frontend,shippingservice,303670,303668,0,0,0,924898,303636
2026-10-04T14:07:19Z,paymentservice,adservice,0,0,0,0,0,0,0
2026-10-04T14:07:19Z,paymentservice,cartservice,0,0,0,0,0,0,0
2026-10-04T14:07:19Z,paymentservice,checkoutservice,0,0,0,0,0,0,0
2026-10-04T14:07:19Z,paymentservice,currencyservice,0,0,0,0,0,0,0
2026-10-04T14:07:19Z,paymentservice,emailservice,0,0,0,0,0,0,0
2026-10-04T14:07:19Z,paymentservice,frontend,0,0,0,0,0,0,0
2026-10-04T14:07:19Z,paymentservice,kubernetes,0,0,0,0,0,0,0
2026-10-04T14:07:19Z,paymentservice,paymentservice,0,0,0,0,0,0,0
2026-10-04T14:07:19Z,paymentservice,productcatalogservice,0,0,0,0,0,0,0
2026-10-04T14:07:19Z,paymentservice,recommendationservice,0,0,0,0,0,0,0
2026-10-04T14:07:19Z,paymentservice,redis-cart,0,0,0,0,0,0,0
2026-10-04T14:07:19Z,paymentservice,shippingservice,0,0,0,0,0,0,0
2026-10-04T14:07:19Z,productcatalogservice,adservice,0,0,0,0,0,0,0
2026-10-04T14:07:19Z,productcatalogservice,cartservice,0,0,0,0,0,0,0
2026-10-04T14:07:19Z,productcatalogservice,checkoutservice,0,0,0,0,0,0,0
2026-10-04T14:07:19Z,productcatalogservice,currencyservice,0,0,0,0,0,0,0
2026-10-04T14:07:19Z,productcatalogservice,emailservice,0,0,0,0,0,0,0
2026-10-04T14:07:19Z,productcatalogservice,frontend,0,0,0,0,0,0,0
2026-10-04T14:07:19Z,productcatalogservice,kubernetes,0,0,0,0,0,0,0
2026-10-04T14:07:19Z,productcatalogservice,paymentservice,0,0,0,0,0,0,0
2026-10-04T14:07:19Z,productcatalogservice,productcatalogservice,0,0,0,0,0,0,0
2026-10-04T14:07:19Z,productcatalogservice,recommendationservice,0,0,0,0,0,0,0
2026-10-04T14:07:19Z,productcatalogservice,redis-cart,0,0,0,0,0,0,0
2026-10-04T14:07:19Z,productcatalogservice,shippingservice,0,0,0,0,0,0,0
2026-10-04T14:07:19Z,recommendationservice,adservice,0,0,0,0,0,0,0
2026-10-04T14:07:19Z,recommendationservice,cartservice,0,0,0,0,0,0,0
2026-10-04T14:07:19Z,recommendationservice,checkoutservice,0,0,0,0,0,0,0
2026-10-04T14:07:19Z,recommendationservice,currencyservice,0,0,0,0,0,0,0
2026-10-04T14:07:19Z,recommendationservice,emailservice,0,0,0,0,0,0,0
2026-10-04T14:07:19Z,recommendationservice,frontend,0,0,0,0,0,0,0
2026-10-04T14:07:19Z,recommendationservice,kubernetes,0,0,0,0,0,0,0
2026-10-04T14:07:19Z,recommendationservice,paymentservice,0,0,0,0,0,0,0
2026-10-04T14:07:19Z,recommendationservice,productcatalogservice,94859,94858,0,0,0,740959,93135
2026-10-04T14:07:19Z,recommendationservice,recommendationservice,0,0,0,0,0,0,0
2026-10-04T14:07:19Z,recommendationservice,redis-cart,0,0,0,0,0,0,0
2026-10-04T14:07:19Z,recommendationservice,shippingservice,0,0,0,0,0,0,0
2026-10-04T14:07:19Z,redis-cart,adservice,0,0,0,0,0,0,0
2026-10-04T14:07:19Z,redis-cart,cartservice,0,0,0,0,0,0,0
2026-10-04T14:07:19Z,redis-cart,checkoutservice,0,0,0,0,0,0,0
2026-10-04T14:07:19Z,redis-cart,currencyservice,0,0,0,0,0,0,0
2026-10-04T14:07:19Z,redis-cart,emailservice,0,0,0,0,0,0,0
2026-10-04T14:07:19Z,redis-cart,frontend,0,0,0,0,0,0,0
2026-10-04T14:07:19Z,redis-cart,kubernetes,0,0,0,0,0,0,0
2026-10-04T14:07:19Z,redis-cart,paymentservice,0,0,0,0,0,0,0
2026-10-04T14:07:19Z,redis-cart,productcatalogservice,0,0,0,0,0,0,0
2026-10-04T14:07:19Z,redis-cart,recommendationservice,0,0,0,0,0,0,0
2026-10-04T14:07:19Z,redis-cart,redis-cart,0,0,0,0,0,0,0
2026-10-04T14:07:19Z,redis-cart,shippingservice,0,0,0,0,0,0,0
2026-10-04T14:07:19Z,shippingservice,adservice,0,0,0,0,0,0,0
2026-10-04T14:07:19Z,shippingservice,cartservice,0,0,0,0,0,0,0
2026-10-04T14:07:19Z,shippingservice,checkoutservice,0,0,0,0,0,0,0
2026-10-04T14:07:19Z,shippingservice,currencyservice,0,0,0,0,0,0,0
2026-10-04T14:07:19Z,shippingservice,emailservice,0,0,0,0,0,0,0
2026-10-04T14:07:19Z,shippingservice,frontend,0,0,0,0,0,0,0
2026-10-04T14:07:19Z,shippingservice,kubernetes,0,0,0,0,0,0,0
2026-10-04T14:07:19Z,shippingservice,paymentservice,0,0,0,0,0,0,0
2026-10-04T14:07:19Z,shippingservice,productcatalogservice,0,0,0,0,0,0,0
2026-10-04T14:07:19Z,shippingservice,recommendationservice,0,0,0,0,0,0,0
2026-10-04T14:07:19Z,shippingservice,redis-cart,0,0,0,0,0,0,0
2026-10-04T14:07:19Z,shippingservice,shippingservice,0,0,0,0,0,0,0
2026-10-04T14:07:20Z,adservice,adservice,0,0,0,0,0,0,0
2026-10-04T14:07:20Z,adservice,cartservice,0,0,0,0,0,0,0
2026-10-04T14:07:20Z,adservice,checkoutservice,0,0,0,0,0,0,0
2026-10-04T14:07:20Z,adservice,currencyservice,0,0,0,0,0,0,0
2026-10-04T14:07:20Z,adservice,emailservice,0,0,0,0,0,0,0
2026-10-04T14:07:20Z,adservice,frontend,0,0,0,0,0,0,0
2026-10-04T14:07:20Z,adservice,kubernetes,0,0,0,0,0,0,0
2026-10-04T14:07:20Z,adservice,paymentservice,0,0,0,0,0,0,0
2026-10-04T14:07:20Z,adservice,productcatalogservice,0,0,0,0,0,0,0
2026-10-04T14:07:20Z,adservice,recommendationservice,0,0,0,0,0,0,0
2026-10-04T14:07:20Z,adservice,redis-cart,0,0,0,0,0,0,0
2026-10-04T14:07:20Z,adservice,shippingservice,0,0,0,0,0,0,0
2026-10-04T14:07:20Z,cartservice,adservice,0,0,0,0,0,0,0
2026-10-04T14:07:20Z,cartservice,cartservice,0,0,0,0,0,0,0
2026-10-04T14:07:20Z,cartservice,checkoutservice,0,0,0,0,0,0,0
2026-10-04T14:07:20Z,cartservice,currencyservice,0,0,0,0,0,0,0
2026-10-04T14:07:20Z,cartservice,emailservice,0,0,0,0,0,0,0
2026-10-04T14:07:20Z,cartservice,frontend,0,0,0,0,0,0,0
2026-10-04T14:07:20Z,cartservice,kubernetes,0,0,0,0,0,0,0
2026-10-04T14:07:20Z,cartservice,paymentservice,0,0,0,0,0,0,0
2026-10-04T14:07:20Z,cartservice,productcatalogservice,0,0,0,0,0,0,0
2026-10-04T14:07:20Z,cartservice,recommendationservice,0,0,0,0,0,0,0
2026-10-04T14:07:20Z,cartservice,redis-cart,2,0,0,0,0,0,0
2026-10-04T14:07:20Z,cartservice,shippingservice,0,0,0,0,0,0,0
2026-10-04T14:07:20Z,checkoutservice,adservice,0,0,0,0,0,0,0
2026-10-04T14:07:20Z,checkoutservice,cartservice,43232,42299,0,100,0,617657,41978
2026-10-04T14:07:20Z,checkoutservice,checkoutservice,0,0,0,0,0,0,0
2026-10-04T14:07:20Z,checkoutservice,currencyservice,33013,33010,0,0,0,529856,32853
2026-10-04T14:07:20Z,checkoutservice,emailservice,4244,3957,0,66,0,172865,3805
2026-10-04T14:07:20Z,checkoutservice,frontend,0,0,0,0,0,0,0
2026-10-04T14:07:20Z,checkoutservice,kubernetes,0,0,0,0,0,0,0
2026-10-04T14:07:20Z,checkoutservice,paymentservice,26275,24427,0,192,0,400337,24122
2026-10-04T14:07:20Z,checkoutservice,productcatalogservice,0,0,0,0,0,0,0
2026-10-04T14:07:20Z,checkoutservice,recommendationservice,0,0,0,0,0,0,0
2026-10-04T14:07:20Z,checkoutservice,redis-cart,0,0,0,0,0,0,0
2026-10-04T14:07:20Z,checkoutservice,shippingservice,48543,46439,0,154,0,473519,46117
2026-10-04T14:07:20Z,currencyservice,adservice,0,0,0,0,0,0,0
2026-10-04T14:07:20Z,currencyservice,cartservice,0,0,0,0,0,0,0
2026-10-04T14:07:20Z,currencyservice,checkoutservice,0,0,0,0,0,0,0
2026-10-04T14:07:20Z,currencyservice,currencyservice,0,0,0,0,0,0,0
2026-10-04T14:07:20Z,currencyservice,emailservice,0,0,0,0,0,0,0
2026-10-04T14:07:20Z,currencyservice,frontend,0,0,0,0,0,0,0
2026-10-04T14:07:20Z,currencyservice,kubernetes,0,0,0,0,0,0,0
2026-10-04T14:07:20Z,currencyservice,paymentservice,0,0,0,0,0,0,0
2026-10-04T14:07:20Z,currencyservice,productcatalogservice,0,0,0,0,0,0,0
2026-10-04T14:07:20Z,currencyservice,recommendationservice,0,0,0,0,0,0,0
2026-10-04T14:07:20Z,currencyservice,redis-cart,0,0,0,0,0,0,0
2026-10-04T14:07:20Z,currencyservice,shippingservice,0,0,0,0,0,0,0
2026-10-04T14:07:20Z,emailservice,adservice,0,0,0,0,0,0,0
2026-10-04T14:07:20Z,emailservice,cartservice,0,0,0,0,0,0,0
2026-10-04T14:07:20Z,emailservice,checkoutservice,0,0,0,0,0,0,0
2026-10-04T14:07:20Z,emailservice,currencyservice,0,0,0,0,0,0,0
2026-10-04T14:07:20Z,emailservice,emailservice,0,0,0,0,0,0,0
2026-10-04T14:07:20Z,emailservice,frontend,0,0,0,0,0,0,0
2026-10-04T14:07:20Z,emailservice,kubernetes,0,0,0,0,0,0,0
2026-10-04T14:07:20Z,emailservice,paymentservice,0,0,0,0,0,0,0
2026-10-04T14:07:20Z,emailservice,productcatalogservice,0,0,0,0,0,0,0
2026-10-04T14:07:20Z,emailservice,recommendationservice,0,0,0,0,0,0,0
2026-10-04T14:07:20Z,emailservice,redis-cart,0,0,0,0,0,0,0
2026-10-04T14:07:20Z,emailservice,shippingservice,0,0,0,0,0,0,0
2026-10-04T14:07:20Z,frontend,adservice,828272,828270,0,0,0,2499565,828069
2026-10-04T14:07:20Z,frontend,cartservice,1830066,1830053,0,0,4,10200520,1829360
2026-10-04T14:07:20Z,frontend,checkoutservice,392015,182036,0,40061,169942,61778336,181938
2026-10-04T14:07:20Z,frontend,currencyservice,2909835,2909828,0,0,0,15471283,2908762
2026-10-04T14:07:20Z,frontend,emailservice,0,0,0,0,0,0,0
2026-10-04T14:07:20Z,frontend,frontend,0,0,0,0,0,0,0
2026-10-04T14:07:20Z,frontend,kubernetes,0,0,0,0,0,0,0
2026-10-04T14:07:20Z,frontend,paymentservice,0,0,0,0,0,0,0
2026-10-04T14:07:20Z,frontend,productcatalogservice,8196680,8196602,0,0,0,56144811,8194152
2026-10-04T14:07:20Z,frontend,recommendationservice,2630640,1617205,0,105650,905239,789880781,1616654
2026-10-04T14:07:20Z,frontend,redis-cart,0,0,0,0,0,0,0
2026-10-04T14:07:20Z,frontend,shippingservice,303704,303702,0,0,0,924898,303636
2026-10-04T14:07:20Z,paymentservice,adservice,0,0,0,0,0,0,0
2026-10-04T14:07:20Z,paymentservice,cartservice,0,0,0,0,0,0,0
2026-10-04T14:07:20Z,paymentservice,checkoutservice,0,0,0,0,0,0,0
2026-10-04T14:07:20Z,paymentservice,currencyservice,0,0,0,0,0,0,0
2026-10-04T14:07:20Z,paymentservice,emailservice,0,0,0,0,0,0,0
2026-10-04T14:07:20Z,paymentservice,frontend,0,0,0,0,0,0,0
2026-10-04T14:07:20Z,paymentservice,kubernetes,0,0,0,0,0,0,0
2026-10-04T14:07:20Z,paymentservice,paymentservice,0,0,0,0,0,0,0
2026-10-04T14:07:20Z,paymentservice,productcatalogservice,0,0,0,0,0,0,0
2026-10-04T14:07:20Z,paymentservice,recommendationservice,0,0,0,0,0,0,0
2026-10-04T14:07:20Z,paymentservice,redis-cart,0,0,0,0,0,0,0
2026-10-04T14:07:20Z,paymentservice,shippingservice,0,0,0,0,0,0,0
2026-10-04T14:07:20Z,productcatalogservice,adservice,0,0,0,0,0,0,0
2026-10-04T14:07:20Z,productcatalogservice,cartservice,0,0,0,0,0,0,0
2026-10-04T14:07:20Z,productcatalogservice,checkoutservice,0,0,0,0,0,0,0
2026-10-04T14:07:20Z,productcatalogservice,currencyservice,0,0,0,0,0,0,0
2026-10-04T14:07:20Z,productcatalogservice,emailservice,0,0,0,0,0,0,0
2026-10-04T14:07:20Z,productcatalogservice,frontend,0,0,0,0,0,0,0
2026-10-04T14:07:20Z,productcatalogservice,kubernetes,0,0,0,0,0,0,0
2026-10-04T14:07:20Z,productcatalogservice,paymentservice,0,0,0,0,0,0,0
2026-10-04T14:07:20Z,productcatalogservice,productcatalogservice,0,0,0,0,0,0,0
2026-10-04T14:07:20Z,productcatalogservice,recommendationservice,0,0,0,0,0,0,0
2026-10-04T14:07:20Z,productcatalogservice,redis-cart,0,0,0,0,0,0,0
2026-10-04T14:07:20Z,productcatalogservice,shippingservice,0,0,0,0,0,0,0
2026-10-04T14:07:20Z,recommendationservice,adservice,0,0,0,0,0,0,0
2026-10-04T14:07:20Z,recommendationservice,cartservice,0,0,0,0,0,0,0
2026-10-04T14:07:20Z,recommendationservice,checkoutservice,0,0,0,0,0,0,0
2026-10-04T14:07:20Z,recommendationservice,currencyservice,0,0,0,0,0,0,0
2026-10-04T14:07:20Z,recommendationservice,emailservice,0,0,0,0,0,0,0
2026-10-04T14:07:20Z,recommendationservice,frontend,0,0,0,0,0,0,0
2026-10-04T14:07:20Z,recommendationservice,kubernetes,0,0,0,0,0,0,0
2026-10-04T14:07:20Z,recommendationservice,paymentservice,0,0,0,0,0,0,0
2026-10-04T14:07:20Z,recommendationservice,productcatalogservice,95263,95259,0,0,0,751199,95133
2026-10-04T14:07:20Z,recommendationservice,recommendationservice,0,0,0,0,0,0,0
2026-10-04T14:07:20Z,recommendationservice,redis-cart,0,0,0,0,0,0,0
2026-10-04T14:07:20Z,recommendationservice,shippingservice,0,0,0,0,0,0,0
2026-10-04T14:07:20Z,redis-cart,adservice,0,0,0,0,0,0,0
2026-10-04T14:07:20Z,redis-cart,cartservice,0,0,0,0,0,0,0
2026-10-04T14:07:20Z,redis-cart,checkoutservice,0,0,0,0,0,0,0
2026-10-04T14:07:20Z,redis-cart,currencyservice,0,0,0,0,0,0,0
2026-10-04T14:07:20Z,redis-cart,emailservice,0,0,0,0,0,0,0
2026-10-04T14:07:20Z,redis-cart,frontend,0,0,0,0,0,0,0
2026-10-04T14:07:20Z,redis-cart,kubernetes,0,0,0,0,0,0,0
2026-10-04T14:07:20Z,redis-cart,paymentservice,0,0,0,0,0,0,0
2026-10-04T14:07:20Z,redis-cart,productcatalogservice,0,0,0,0,0,0,0
2026-10-04T14:07:20Z,redis-cart,recommendationservice,0,0,0,0,0,0,0
2026-10-04T14:07:20Z,redis-cart,redis-cart,0,0,0,0,0,0,0
2026-10-04T14:07:20Z,redis-cart,shippingservice,0,0,0,0,0,0,0
2026-10-04T14:07:20Z,shippingservice,adservice,0,0,0,0,0,0,0
2026-10-04T14:07:20Z,shippingservice,cartservice,0,0,0,0,0,0,0
2026-10-04T14:07:20Z,shippingservice,checkoutservice,0,0,0,0,0,0,0
2026-10-04T14:07:20Z,shippingservice,currencyservice,0,0,0,0,0,0,0
2026-10-04T14:07:20Z,shippingservice,emailservice,0,0,0,0,0,0,0
2026-10-04T14:07:20Z,shippingservice,frontend,0,0,0,0,0,0,0
2026-10-04T14:07:20Z,shippingservice,kubernetes,0,0,0,0,0,0,0
2026-10-04T14:07:20Z,shippingservice,paymentservice,0,0,0,0,0,0,0
2026-10-04T14:07:20Z,shippingservice,productcatalogservice,0,0,0,0,0,0,0
2026-10-04T14:07:20Z,shippingservice,recommendationservice,0,0,0,0,0,0,0
2026-10-04T14:07:20Z,shippingservice,redis-cart,0,0,0,0,0,0,0
2026-10-04T14:07:20Z,shippingservice,shippingservice,0,0,0,0,0,0,0
2026-10-04T14:07:21Z,adservice,adservice,0,0,0,0,0,0,0
2026-10-04T14:07:21Z,adservice,cartservice,0,0,0,0,0,0,0
2026-10-04T14:07:21Z,adservice,checkoutservice,0,0,0,0,0,0,0
2026-10-04T14:07:21Z,adservice,currencyservice,0,0,0,0,0,0,0
2026-10-04T14:07:21Z,adservice,emailservice,0,0,0,0,0,0,0
2026-10-04T14:07:21Z,adservice,frontend,0,0,0,0,0,0,0
2026-10-04T14:07:21Z,adservice,kubernetes,0,0,0,0,0,0,0
2026-10-04T14:07:21Z,adservice,paymentservice,0,0,0,0,0,0,0
2026-10-04T14:07:21Z,adservice,productcatalogservice,0,0,0,0,0,0,0
2026-10-04T14:07:21Z,adservice,recommendationservice,0,0,0,0,0,0,0
2026-10-04T14:07:21Z,adservice,redis-cart,0,0,0,0,0,0,0
2026-10-04T14:07:21Z,adservice,shippingservice,0,0,0,0,0,0,0
2026-10-04T14:07:21Z,cartservice,adservice,0,0,0,0,0,0,0
2026-10-04T14:07:21Z,cartservice,cartservice,0,0,0,0,0,0,0
2026-10-04T14:07:21Z,cartservice,checkoutservice,0,0,0,0,0,0,0
2026-10-04T14:07:21Z,cartservice,currencyservice,0,0,0,0,0,0,0
2026-10-04T14:07:21Z,cartservice,emailservice,0,0,0,0,0,0,0
2026-10-04T14:07:21Z,cartservice,frontend,0,0,0,0,0,0,0
2026-10-04T14:07:21Z,cartservice,kubernetes,0,0,0,0,0,0,0
2026-10-04T14:07:21Z,cartservice,paymentservice,0,0,0,0,0,0,0
2026-10-04T14:07:21Z,cartservice,productcatalogservice,0,0,0,0,0,0,0
2026-10-04T14:07:21Z,cartservice,recommendationservice,0,0,0,0,0,0,0
2026-10-04T14:07:21Z,cartservice,redis-cart,2,0,0,0,0,0,0
2026-10-04T14:07:21Z,cartservice,shippingservice,0,0,0,0,0,0,0
2026-10-04T14:07:21Z,checkoutservice,adservice,0,0,0,0,0,0,0
2026-10-04T14:07:21Z,checkoutservice,cartservice,43345,42414,0,100,0,617657,41978
2026-10-04T14:07:21Z,checkoutservice,checkoutservice,0,0,0,0,0,0,0
2026-10-04T14:07:21Z,checkoutservice,currencyservice,33070,33070,0,0,0,529856,32853
2026-10-04T14:07:21Z,checkoutservice,emailservice,4308,4023,0,66,0,172865,3805
2026-10-04T14:07:21Z,checkoutservice,frontend,0,0,0,0,0,0,0
2026-10-04T14:07:21Z,checkoutservice,kubernetes,0,0,0,0,0,0,0
2026-10-04T14:07:21Z,checkoutservice,paymentservice,26336,24488,0,192,0,400337,24122
2026-10-04T14:07:21Z,checkoutservice,productcatalogservice,0,0,0,0,0,0,0
2026-10-04T14:07:21Z,checkoutservice,recommendationservice,0,0,0,0,0,0,0
2026-10-04T14:07:21Z,checkoutservice,redis-cart,0,0,0,0,0,0,0
2026-10-04T14:07:21Z,checkoutservice,shippingservice,48656,46553,0,154,0,473519,46117
2026-10-04T14:07:21Z,currencyservice,adservice,0,0,0,0,0,0,0
2026-10-04T14:07:21Z,currencyservice,cartservice,0,0,0,0,0,0,0
2026-10-04T14:07:21Z,currencyservice,checkoutservice,0,0,0,0,0,0,0
2026-10-04T14:07:21Z,currencyservice,currencyservice,0,0,0,0,0,0,0
2026-10-04T14:07:21Z,currencyservice,emailservice,0,0,0,0,0,0,0
2026-10-04T14:07:21Z,currencyservice,frontend,0,0,0,0,0,0,0
2026-10-04T14:07:21Z,currencyservice,kubernetes,0,0,0,0,0,0,0
2026-10-04T14:07:21Z,currencyservice,paymentservice,0,0,0,0,0,0,0
2026-10-04T14:07:21Z,currencyservice,productcatalogservice,0,0,0,0,0,0,0
2026-10-04T14:07:21Z,currencyservice,recommendationservice,0,0,0,0,0,0,0
2026-10-04T14:07:21Z,currencyservice,redis-cart,0,0,0,0,0,0,0
2026-10-04T14:07:21Z,currencyservice,shippingservice,0,0,0,0,0,0,0
2026-10-04T14:07:21Z,emailservice,adservice,0,0,0,0,0,0,0
2026-10-04T14:07:21Z,emailservice,cartservice,0,0,0,0,0,0,0
2026-10-04T14:07:21Z,emailservice,checkoutservice,0,0,0,0,0,0,0
2026-10-04T14:07:21Z,emailservice,currencyservice,0,0,0,0,0,0,0
2026-10-04T14:07:21Z,emailservice,emailservice,0,0,0,0,0,0,0
2026-10-04T14:07:21Z,emailservice,frontend,0,0,0,0,0,0,0
2026-10-04T14:07:21Z,emailservice,kubernetes,0,0,0,0,0,0,0
2026-10-04T14:07:21Z,emailservice,paymentservice,0,0,0,0,0,0,0
2026-10-04T14:07:21Z,emailservice,productcatalogservice,0,0,0,0,0,0,0
2026-10-04T14:07:21Z,emailservice,recommendationservice,0,0,0,0,0,0,0
2026-10-04T14:07:21Z,emailservice,redis-cart,0,0,0,0,0,0,0
2026-10-04T14:07:21Z,emailservice,shippingservice,0,0,0,0,0,0,0
2026-10-04T14:07:21Z,frontend,adservice,828374,828372,0,0,0,2499565,828069
2026-10-04T14:07:21Z,frontend,cartservice,1830445,1830430,0,0,4,10200520,1829360
2026-10-04T14:07:21Z,frontend,checkoutservice,392058,182093,0,40061,169942,61778336,181938
2026-10-04T14:07:21Z,frontend,currencyservice,2910439,2910431,0,0,0,15471283,2908762
2026-10-04T14:07:21Z,frontend,emailservice,0,0,0,0,0,0,0
2026-10-04T14:07:21Z,frontend,frontend,0,0,0,0,0,0,0
2026-10-04T14:07:21Z,frontend,kubernetes,0,0,0,0,0,0,0
2026-10-04T14:07:21Z,frontend,paymentservice,0,0,0,0,0,0,0
2026-10-04T14:07:21Z,frontend,productcatalogservice,8197900,8197828,0,0,0,56144811,8194152
2026-10-04T14:07:21Z,frontend,recommendationservice,2631372,1617521,0,105692,905597,789880781,1616654
2026-10-04T14:07:21Z,frontend,redis-cart,0,0,0,0,0,0,0
2026-10-04T14:07:21Z,frontend,shippingservice,303748,303746,0,0,0,924898,303636
2026-10-04T14:07:21Z,paymentservice,adservice,0,0,0,0,0,0,0
2026-10-04T14:07:21Z,paymentservice,cartservice,0,0,0,0,0,0,0
2026-10-04T14:07:21Z,paymentservice,checkoutservice,0,0,0,0,0,0,0
2026-10-04T14:07:21Z,paymentservice,currencyservice,0,0,0,0,0,0,0
2026-10-04T14:07:21Z,paymentservice,emailservice,0,0,0,0,0,0,0
2026-10-04T14:07:21Z,paymentservice,frontend,0,0,0,0,0,0,0
2026-10-04T14:07:21Z,paymentservice,kubernetes,0,0,0,0,0,0,0
2026-10-04T14:07:21Z,paymentservice,paymentservice,0,0,0,0,0,0,0
2026-10-04T14:07:21Z,paymentservice,productcatalogservice,0,0,0,0,0,0,0
2026-10-04T14:07:21Z,paymentservice,recommendationservice,0,0,0,0,0,0,0
2026-10-04T14:07:21Z,paymentservice,redis-cart,0,0,0,0,0,0,0
2026-10-04T14:07:21Z,paymentservice,shippingservice,0,0,0,0,0,0,0
2026-10-04T14:07:21Z,productcatalogservice,adservice,0,0,0,0,0,0,0
2026-10-04T14:07:21Z,productcatalogservice,cartservice,0,0,0,0,0,0,0
2026-10-04T14:07:21Z,productcatalogservice,checkoutservice,0,0,0,0,0,0,0
2026-10-04T14:07:21Z,productcatalogservice,currencyservice,0,0,0,0,0,0,0
2026-10-04T14:07:21Z,productcatalogservice,emailservice,0,0,0,0,0,0,0
2026-10-04T14:07:21Z,productcatalogservice,frontend,0,0,0,0,0,0,0
2026-10-04T14:07:21Z,productcatalogservice,kubernetes,0,0,0,0,0,0,0
2026-10-04T14:07:21Z,productcatalogservice,paymentservice,0,0,0,0,0,0,0
2026-10-04T14:07:21Z,productcatalogservice,productcatalogservice,0,0,0,0,0,0,0
2026-10-04T14:07:21Z,productcatalogservice,recommendationservice,0,0,0,0,0,0,0
2026-10-04T14:07:21Z,productcatalogservice,redis-cart,0,0,0,0,0,0,0
2026-10-04T14:07:21Z,productcatalogservice,shippingservice,0,0,0,0,0,0,0
2026-10-04T14:07:21Z,recommendationservice,adservice,0,0,0,0,0,0,0
2026-10-04T14:07:21Z,recommendationservice,cartservice,0,0,0,0,0,0,0
2026-10-04T14:07:21Z,recommendationservice,checkoutservice,0,0,0,0,0,0,0
2026-10-04T14:07:21Z,recommendationservice,currencyservice,0,0,0,0,0,0,0
2026-10-04T14:07:21Z,recommendationservice,emailservice,0,0,0,0,0,0,0
2026-10-04T14:07:21Z,recommendationservice,frontend,0,0,0,0,0,0,0
2026-10-04T14:07:21Z,recommendationservice,kubernetes,0,0,0,0,0,0,0
2026-10-04T14:07:21Z,recommendationservice,paymentservice,0,0,0,0,0,0,0
2026-10-04T14:07:21Z,recommendationservice,productcatalogservice,95663,95658,0,0,0,751199,95133
2026-10-04T14:07:21Z,recommendationservice,recommendationservice,0,0,0,0,0,0,0
2026-10-04T14:07:21Z,recommendationservice,redis-cart,0,0,0,0,0,0,0
2026-10-04T14:07:21Z,recommendationservice,shippingservice,0,0,0,0,0,0,0
2026-10-04T14:07:21Z,redis-cart,adservice,0,0,0,0,0,0,0
2026-10-04T14:07:21Z,redis-cart,cartservice,0,0,0,0,0,0,0
2026-10-04T14:07:21Z,redis-cart,checkoutservice,0,0,0,0,0,0,0
2026-10-04T14:07:21Z,redis-cart,currencyservice,0,0,0,0,0,0,0
2026-10-04T14:07:21Z,redis-cart,emailservice,0,0,0,0,0,0,0
2026-10-04T14:07:21Z,redis-cart,frontend,0,0,0,0,0,0,0
2026-10-04T14:07:21Z,redis-cart,kubernetes,0,0,0,0,0,0,0
2026-10-04T14:07:21Z,redis-cart,paymentservice,0,0,0,0,0,0,0
2026-10-04T14:07:21Z,redis-cart,productcatalogservice,0,0,0,0,0,0,0
2026-10-04T14:07:21Z,redis-cart,recommendationservice,0,0,0,0,0,0,0
2026-10-04T14:07:21Z,redis-cart,redis-cart,0,0,0,0,0,0,0
2026-10-04T14:07:21Z,redis-cart,shippingservice,0,0,0,0,0,0,0
2026-10-04T14:07:21Z,shippingservice,adservice,0,0,0,0,0,0,0
2026-10-04T14:07:21Z,shippingservice,cartservice,0,0,0,0,0,0,0
2026-10-04T14:07:21Z,shippingservice,checkoutservice,0,0,0,0,0,0,0
2026-10-04T14:07:21Z,shippingservice,currencyservice,0,0,0,0,0,0,0
2026-10-04T14:07:21Z,shippingservice,emailservice,0,0,0,0,0,0,0
2026-10-04T14:07:21Z,shippingservice,frontend,0,0,0,0,0,0,0
2026-10-04T14:07:21Z,shippingservice,kubernetes,0,0,0,0,0,0,0
2026-10-04T14:07:21Z,shippingservice,paymentservice,0,0,0,0,0,0,0
2026-10-04T14:07:21Z,shippingservice,productcatalogservice,0,0,0,0,0,0,0
2026-10-04T14:07:21Z,shippingservice,recommendationservice,0,0,0,0,0,0,0
2026-10-04T14:07:21Z,shippingservice,redis-cart,0,0,0,0,0,0,0
2026-10-04T14:07:21Z,shippingservice,shippingservice,0,0,0,0,0,0,0
2026-10-04T14:07:22Z,adservice,adservice,0,0,0,0,0,0,0
2026-10-04T14:07:22Z,adservice,cartservice,0,0,0,0,0,0,0
2026-10-04T14:07:22Z,adservice,checkoutservice,0,0,0,0,0,0,0
2026-10-04T14:07:22Z,adservice,currencyservice,0,0,0,0,0,0,0
2026-10-04T14:07:22Z,adservice,emailservice,0,0,0,0,0,0,0
2026-10-04T14:07:22Z,adservice,frontend,0,0,0,0,0,0,0
2026-10-04T14:07:22Z,adservice,kubernetes,0,0,0,0,0,0,0
2026-10-04T14:07:22Z,adservice,paymentservice,0,0,0,0,0,0,0
2026-10-04T14:07:22Z,adservice,productcatalogservice,0,0,0,0,0,0,0
2026-10-04T14:07:22Z,adservice,recommendationservice,0,0,0,0,0,0,0
2026-10-04T14:07:22Z,adservice,redis-cart,0,0,0,0,0,0,0
2026-10-04T14:07:22Z,adservice,shippingservice,0,0,0,0,0,0,0
2026-10-04T14:07:22Z,cartservice,adservice,0,0,0,0,0,0,0
2026-10-04T14:07:22Z,cartservice,cartservice,0,0,0,0,0,0,0
2026-10-04T14:07:22Z,cartservice,checkoutservice,0,0,0,0,0,0,0
2026-10-04T14:07:22Z,cartservice,currencyservice,0,0,0,0,0,0,0
2026-10-04T14:07:22Z,cartservice,emailservice,0,0,0,0,0,0,0
2026-10-04T14:07:22Z,cartservice,frontend,0,0,0,0,0,0,0
2026-10-04T14:07:22Z,cartservice,kubernetes,0,0,0,0,0,0,0
2026-10-04T14:07:22Z,cartservice,paymentservice,0,0,0,0,0,0,0
2026-10-04T14:07:22Z,cartservice,productcatalogservice,0,0,0,0,0,0,0
2026-10-04T14:07:22Z,cartservice,recommendationservice,0,0,0,0,0,0,0
2026-10-04T14:07:22Z,cartservice,redis-cart,2,0,0,0,0,0,0
2026-10-04T14:07:22Z,cartservice,shippingservice,0,0,0,0,0,0,0
2026-10-04T14:07:22Z,checkoutservice,adservice,0,0,0,0,0,0,0
2026-10-04T14:07:22Z,checkoutservice,cartservice,43402,42471,0,100,0,619792,42450
2026-10-04T14:07:22Z,checkoutservice,checkoutservice,0,0,0,0,0,0,0
2026-10-04T14:07:22Z,checkoutservice,currencyservice,33099,33099,0,0,0,530822,33089
2026-10-04T14:07:22Z,checkoutservice,emailservice,4337,4052,0,66,0,183310,4042
2026-10-04T14:07:22Z,checkoutservice,frontend,0,0,0,0,0,0,0
2026-10-04T14:07:22Z,checkoutservice,kubernetes,0,0,0,0,0,0,0
2026-10-04T14:07:22Z,checkoutservice,paymentservice,26365,24517,0,192,0,401798,24359
2026-10-04T14:07:22Z,checkoutservice,productcatalogservice,0,0,0,0,0,0,0
2026-10-04T14:07:22Z,checkoutservice,recommendationservice,0,0,0,0,0,0,0
2026-10-04T14:07:22Z,checkoutservice,redis-cart,0,0,0,0,0,0,0
2026-10-04T14:07:22Z,checkoutservice,shippingservice,48714,46611,0,154,0,474546,46589
2026-10-04T14:07:22Z,currencyservice,adservice,0,0,0,0,0,0,0
2026-10-04T14:07:22Z,currencyservice,cartservice,0,0,0,0,0,0,0
2026-10-04T14:07:22Z,currencyservice,checkoutservice,0,0,0,0,0,0,0
2026-10-04T14:07:22Z,currencyservice,currencyservice,0,0,0,0,0,0,0
2026-10-04T14:07:22Z,currencyservice,emailservice,0,0,0,0,0,0,0
2026-10-04T14:07:22Z,currencyservice,frontend,0,0,0,0,0,0,0
2026-10-04T14:07:22Z,currencyservice,kubernetes,0,0,0,0,0,0,0
2026-10-04T14:07:22Z,currencyservice,paymentservice,0,0,0,0,0,0,0
2026-10-04T14:07:22Z,currencyservice,productcatalogservice,0,0,0,0,0,0,0
2026-10-04T14:07:22Z,currencyservice,recommendationservice,0,0,0,0,0,0,0
2026-10-04T14:07:22Z,currencyservice,redis-cart,0,0,0,0,0,0,0
2026-10-04T14:07:22Z,currencyservice,shippingservice,0,0,0,0,0,0,0
2026-10-04T14:07:22Z,emailservice,adservice,0,0,0,0,0,0,0
2026-10-04T14:07:22Z,emailservice,cartservice,0,0,0,0,0,0,0
2026-10-04T14:07:22Z,emailservice,checkoutservice,0,0,0,0,0,0,0
2026-10-04T14:07:22Z,emailservice,currencyservice,0,0,0,0,0,0,0
2026-10-04T14:07:22Z,emailservice,emailservice,0,0,0,0,0,0,0
2026-10-04T14:07:22Z,emailservice,frontend,0,0,0,0,0,0,0
2026-10-04T14:07:22Z,emailservice,kubernetes,0,0,0,0,0,0,0
2026-10-04T14:07:22Z,emailservice,paymentservice,0,0,0,0,0,0,0
2026-10-04T14:07:22Z,emailservice,productcatalogservice,0,0,0,0,0,0,0
2026-10-04T14:07:22Z,emailservice,recommendationservice,0,0,0,0,0,0,0
2026-10-04T14:07:22Z,emailservice,redis-cart,0,0,0,0,0,0,0
2026-10-04T14:07:22Z,emailservice,shippingservice,0,0,0,0,0,0,0
2026-10-04T14:07:22Z,frontend,adservice,828504,828502,0,0,0,2499565,828069
2026-10-04T14:07:22Z,frontend,cartservice,1830816,1830801,0,0,4,10200520,1829360
2026-10-04T14:07:22Z,frontend,checkoutservice,392084,182122,0,40061,169942,61778336,181938
2026-10-04T14:07:22Z,frontend,currencyservice,2910994,2910987,0,0,0,15471283,2908762
2026-10-04T14:07:22Z,frontend,emailservice,0,0,0,0,0,0,0
2026-10-04T14:07:22Z,frontend,frontend,0,0,0,0,0,0,0
2026-10-04T14:07:22Z,frontend,kubernetes,0,0,0,0,0,0,0
2026-10-04T14:07:22Z,frontend,paymentservice,0,0,0,0,0,0,0
2026-10-04T14:07:22Z,frontend,productcatalogservice,8199169,8199101,0,0,0,56144811,8194152
2026-10-04T14:07:22Z,frontend,recommendationservice,2632172,1617836,0,105739,906044,789880781,1616654
2026-10-04T14:07:22Z,frontend,redis-cart,0,0,0,0,0,0,0
2026-10-04T14:07:22Z,frontend,shippingservice,303790,303788,0,0,0,924898,303636
2026-10-04T14:07:22Z,paymentservice,adservice,0,0,0,0,0,0,0
2026-10-04T14:07:22Z,paymentservice,cartservice,0,0,0,0,0,0,0
2026-10-04T14:07:22Z,paymentservice,checkoutservice,0,0,0,0,0,0,0
2026-10-04T14:07:22Z,paymentservice,currencyservice,0,0,0,0,0,0,0
2026-10-04T14:07:22Z,paymentservice,emailservice,0,0,0,0,0,0,0
2026-10-04T14:07:22Z,paymentservice,frontend,0,0,0,0,0,0,0
2026-10-04T14:07:22Z,paymentservice,kubernetes,0,0,0,0,0,0,0
2026-10-04T14:07:22Z,paymentservice,paymentservice,0,0,0,0,0,0,0
2026-10-04T14:07:22Z,paymentservice,productcatalogservice,0,0,0,0,0,0,0
2026-10-04T14:07:22Z,paymentservice,recommendationservice,0,0,0,0,0,0,0
2026-10-04T14:07:22Z,paymentservice,redis-cart,0,0,0,0,0,0,0
2026-10-04T14:07:22Z,paymentservice,shippingservice,0,0,0,0,0,0,0
2026-10-04T14:07:22Z,productcatalogservice,adservice,0,0,0,0,0,0,0
2026-10-04T14:07:22Z,productcatalogservice,cartservice,0,0,0,0,0,0,0
2026-10-04T14:07:22Z,productcatalogservice,checkoutservice,0,0,0,0,0,0,0
2026-10-04T14:07:22Z,productcatalogservice,currencyservice,0,0,0,0,0,0,0
2026-10-04T14:07:22Z,productcatalogservice,emailservice,0,0,0,0,0,0,0
2026-10-04T14:07:22Z,productcatalogservice,frontend,0,0,0,0,0,0,0
2026-10-04T14:07:22Z,productcatalogservice,kubernetes,0,0,0,0,0,0,0
2026-10-04T14:07:22Z,productcatalogservice,paymentservice,0,0,0,0,0,0,0
2026-10-04T14:07:22Z,productcatalogservice,productcatalogservice,0,0,0,0,0,0,0
2026-10-04T14:07:22Z,productcatalogservice,recommendationservice,0,0,0,0,0,0,0
2026-10-04T14:07:22Z,productcatalogservice,redis-cart,0,0,0,0,0,0,0
2026-10-04T14:07:22Z,productcatalogservice,shippingservice,0,0,0,0,0,0,0
2026-10-04T14:07:22Z,recommendationservice,adservice,0,0,0,0,0,0,0
2026-10-04T14:07:22Z,recommendationservice,cartservice,0,0,0,0,0,0,0
2026-10-04T14:07:22Z,recommendationservice,checkoutservice,0,0,0,0,0,0,0
2026-10-04T14:07:22Z,recommendationservice,currencyservice,0,0,0,0,0,0,0
2026-10-04T14:07:22Z,recommendationservice,emailservice,0,0,0,0,0,0,0
2026-10-04T14:07:22Z,recommendationservice,frontend,0,0,0,0,0,0,0
2026-10-04T14:07:22Z,recommendationservice,kubernetes,0,0,0,0,0,0,0
2026-10-04T14:07:22Z,recommendationservice,paymentservice,0,0,0,0,0,0,0
2026-10-04T14:07:22Z,recommendationservice,productcatalogservice,96055,96049,0,0,0,751199,95133
2026-10-04T14:07:22Z,recommendationservice,recommendationservice,0,0,0,0,0,0,0
2026-10-04T14:07:22Z,recommendationservice,redis-cart,0,0,0,0,0,0,0
2026-10-04T14:07:22Z,recommendationservice,shippingservice,0,0,0,0,0,0,0
2026-10-04T14:07:22Z,redis-cart,adservice,0,0,0,0,0,0,0
2026-10-04T14:07:22Z,redis-cart,cartservice,0,0,0,0,0,0,0
2026-10-04T14:07:22Z,redis-cart,checkoutservice,0,0,0,0,0,0,0
2026-10-04T14:07:22Z,redis-cart,currencyservice,0,0,0,0,0,0,0
2026-10-04T14:07:22Z,redis-cart,emailservice,0,0,0,0,0,0,0
2026-10-04T14:07:22Z,redis-cart,frontend,0,0,0,0,0,0,0
2026-10-04T14:07:22Z,redis-cart,kubernetes,0,0,0,0,0,0,0
2026-10-04T14:07:22Z,redis-cart,paymentservice,0,0,0,0,0,0,0
2026-10-04T14:07:22Z,redis-cart,productcatalogservice,0,0,0,0,0,0,0
2026-10-04T14:07:22Z,redis-cart,recommendationservice,0,0,0,0,0,0,0
2026-10-04T14:07:22Z,redis-cart,redis-cart,0,0,0,0,0,0,0
2026-10-04T14:07:22Z,redis-cart,shippingservice,0,0,0,0,0,0,0
2026-10-04T14:07:22Z,shippingservice,adservice,0,0,0,0,0,0,0
2026-10-04T14:07:22Z,shippingservice,cartservice,0,0,0,0,0,0,0
2026-10-04T14:07:22Z,shippingservice,checkoutservice,0,0,0,0,0,0,0
2026-10-04T14:07:22Z,shippingservice,currencyservice,0,0,0,0,0,0,0
2026-10-04T14:07:22Z,shippingservice,emailservice,0,0,0,0,0,0,0
2026-10-04T14:07:22Z,shippingservice,frontend,0,0,0,0,0,0,0
2026-10-04T14:07:22Z,shippingservice,kubernetes,0,0,0,0,0,0,0
2026-10-04T14:07:22Z,shippingservice,paymentservice,0,0,0,0,0,0,0
2026-10-04T14:07:22Z,shippingservice,productcatalogservice,0,0,0,0,0,0,0
2026-10-04T14:07:22Z,shippingservice,recommendationservice,0,0,0,0,0,0,0
2026-10-04T14:07:22Z,shippingservice,redis-cart,0,0,0,0,0,0,0
2026-10-04T14:07:22Z,shippingservice,shippingservice,0,0,0,0,0,0,0
2026-10-04T14:07:23Z,adservice,adservice,0,0,0,0,0,0,0
2026-10-04T14:07:23Z,adservice,cartservice,0,0,0,0,0,0,0
2026-10-04T14:07:23Z,adservice,checkoutservice,0,0,0,0,0,0,0
2026-10-04T14:07:23Z,adservice,currencyservice,0,0,0,0,0,0,0
2026-10-04T14:07:23Z,adservice,emailservice,0,0,0,0,0,0,0
2026-10-04T14:07:23Z,adservice,frontend,0,0,0,0,0,0,0
2026-10-04T14:07:23Z,adservice,kubernetes,0,0,0,0,0,0,0
2026-10-04T14:07:23Z,adservice,paymentservice,0,0,0,0,0,0,0
2026-10-04T14:07:23Z,adservice,productcatalogservice,0,0,0,0,0,0,0
2026-10-04T14:07:23Z,adservice,recommendationservice,0,0,0,0,0,0,0
2026-10-04T14:07:23Z,adservice,redis-cart,0,0,0,0,0,0,0
2026-10-04T14:07:23Z,adservice,shippingservice,0,0,0,0,0,0,0
2026-10-04T14:07:23Z,cartservice,adservice,0,0,0,0,0,0,0
2026-10-04T14:07:23Z,cartservice,cartservice,0,0,0,0,0,0,0
2026-10-04T14:07:23Z,cartservice,checkoutservice,0,0,0,0,0,0,0
2026-10-04T14:07:23Z,cartservice,currencyservice,0,0,0,0,0,0,0
2026-10-04T14:07:23Z,cartservice,emailservice,0,0,0,0,0,0,0
2026-10-04T14:07:23Z,cartservice,frontend,0,0,0,0,0,0,0
2026-10-04T14:07:23Z,cartservice,kubernetes,0,0,0,0,0,0,0
2026-10-04T14:07:23Z,cartservice,paymentservice,0,0,0,0,0,0,0
2026-10-04T14:07:23Z,cartservice,productcatalogservice,0,0,0,0,0,0,0
2026-10-04T14:07:23Z,cartservice,recommendationservice,0,0,0,0,0,0,0
2026-10-04T14:07:23Z,cartservice,redis-cart,2,0,0,0,0,0,0
2026-10-04T14:07:23Z,cartservice,shippingservice,0,0,0,0,0,0,0
2026-10-04T14:07:23Z,checkoutservice,adservice,0,0,0,0,0,0,0
2026-10-04T14:07:23Z,checkoutservice,cartservice,43469,42538,0,100,0,619792,42450
2026-10-04T14:07:23Z,checkoutservice,checkoutservice,0,0,0,0,0,0,0
2026-10-04T14:07:23Z,checkoutservice,currencyservice,33133,33133,0,0,0,530822,33089
2026-10-04T14:07:23Z,checkoutservice,emailservice,4370,4085,0,66,0,183310,4042
2026-10-04T14:07:23Z,checkoutservice,frontend,0,0,0,0,0,0,0
2026-10-04T14:07:23Z,checkoutservice,kubernetes,0,0,0,0,0,0,0
2026-10-04T14:07:23Z,checkoutservice,paymentservice,26399,24550,0,192,0,401798,24359
2026-10-04T14:07:23Z,checkoutservice,productcatalogservice,0,0,0,0,0,0,0
2026-10-04T14:07:23Z,checkoutservice,recommendationservice,0,0,0,0,0,0,0
2026-10-04T14:07:23Z,checkoutservice,redis-cart,0,0,0,0,0,0,0
2026-10-04T14:07:23Z,checkoutservice,shippingservice,48781,46678,0,154,0,474546,46589
2026-10-04T14:07:23Z,currencyservice,adservice,0,0,0,0,0,0,0
2026-10-04T14:07:23Z,currencyservice,cartservice,0,0,0,0,0,0,0
2026-10-04T14:07:23Z,currencyservice,checkoutservice,0,0,0,0,0,0,0
2026-10-04T14:07:23Z,currencyservice,currencyservice,0,0,0,0,0,0,0
2026-10-04T14:07:23Z,currencyservice,emailservice,0,0,0,0,0,0,0
2026-10-04T14:07:23Z,currencyservice,frontend,0,0,0,0,0,0,0
2026-10-04T14:07:23Z,currencyservice,kubernetes,0,0,0,0,0,0,0
2026-10-04T14:07:23Z,currencyservice,paymentservice,0,0,0,0,0,0,0
2026-10-04T14:07:23Z,currencyservice,productcatalogservice,0,0,0,0,0,0,0
2026-10-04T14:07:23Z,currencyservice,recommendationservice,0,0,0,0,0,0,0
2026-10-04T14:07:23Z,currencyservice,redis-cart,0,0,0,0,0,0,0
2026-10-04T14:07:23Z,currencyservice,shippingservice,0,0,0,0,0,0,0
2026-10-04T14:07:23Z,emailservice,adservice,0,0,0,0,0,0,0
2026-10-04T14:07:23Z,emailservice,cartservice,0,0,0,0,0,0,0
2026-10-04T14:07:23Z,emailservice,checkoutservice,0,0,0,0,0,0,0
2026-10-04T14:07:23Z,emailservice,currencyservice,0,0,0,0,0,0,0
2026-10-04T14:07:23Z,emailservice,emailservice,0,0,0,0,0,0,0
2026-10-04T14:07:23Z,emailservice,frontend,0,0,0,0,0,0,0
2026-10-04T14:07:23Z,emailservice,kubernetes,0,0,0,0,0,0,0
2026-10-04T14:07:23Z,emailservice,paymentservice,0,0,0,0,0,0,0
2026-10-04T14:07:23Z,emailservice,productcatalogservice,0,0,0,0,0,0,0
2026-10-04T14:07:23Z,emailservice,recommendationservice,0,0,0,0,0,0,0
2026-10-04T14:07:23Z,emailservice,redis-cart,0,0,0,0,0,0,0
2026-10-04T14:07:23Z,emailservice,shippingservice,0,0,0,0,0,0,0
2026-10-04T14:07:23Z,frontend,adservice,828634,828632,0,0,0,2499888,828193
2026-10-04T14:07:23Z,frontend,cartservice,1831206,1831191,0,0,4,10202610,1829829
2026-10-04T14:07:23Z,frontend,checkoutservice,392117,182153,0,40061,169942,61784434,181988
2026-10-04T14:07:23Z,frontend,currencyservice,2911580,2911570,0,0,0,15474187,2909475
2026-10-04T14:07:23Z,frontend,emailservice,0,0,0,0,0,0,0
2026-10-04T14:07:23Z,frontend,frontend,0,0,0,0,0,0,0
2026-10-04T14:07:23Z,frontend,kubernetes,0,0,0,0,0,0,0
2026-10-04T14:07:23Z,frontend,paymentservice,0,0,0,0,0,0,0
2026-10-04T14:07:23Z,frontend,productcatalogservice,8200512,8200445,0,0,0,56154447,8195631
2026-10-04T14:07:23Z,frontend,recommendationservice,2632915,1618160,0,105803,906408,790216956,1617052
2026-10-04T14:07:23Z,frontend,redis-cart,0,0,0,0,0,0,0
2026-10-04T14:07:23Z,frontend,shippingservice,303833,303831,0,0,0,924997,303684
2026-10-04T14:07:23Z,paymentservice,adservice,0,0,0,0,0,0,0
2026-10-04T14:07:23Z,paymentservice,cartservice,0,0,0,0,0,0,0
2026-10-04T14:07:23Z,paymentservice,checkoutservice,0,0,0,0,0,0,0
2026-10-04T14:07:23Z,paymentservice,currencyservice,0,0,0,0,0,0,0
2026-10-04T14:07:23Z,paymentservice,emailservice,0,0,0,0,0,0,0
2026-10-04T14:07:23Z,paymentservice,frontend,0,0,0,0,0,0,0
2026-10-04T14:07:23Z,paymentservice,kubernetes,0,0,0,0,0,0,0
2026-10-04T14:07:23Z,paymentservice,paymentservice,0,0,0,0,0,0,0
2026-10-04T14:07:23Z,paymentservice,productcatalogservice,0,0,0,0,0,0,0
2026-10-04T14:07:23Z,paymentservice,recommendationservice,0,0,0,0,0,0,0
2026-10-04T14:07:23Z,paymentservice,redis-cart,0,0,0,0,0,0,0
2026-10-04T14:07:23Z,paymentservice,shippingservice,0,0,0,0,0,0,0
2026-10-04T14:07:23Z,productcatalogservice,adservice,0,0,0,0,0,0,0
2026-10-04T14:07:23Z,productcatalogservice,cartservice,0,0,0,0,0,0,0
2026-10-04T14:07:23Z,productcatalogservice,checkoutservice,0,0,0,0,0,0,0
2026-10-04T14:07:23Z,productcatalogservice,currencyservice,0,0,0,0,0,0,0
2026-10-04T14:07:23Z,productcatalogservice,emailservice,0,0,0,0,0,0,0
2026-10-04T14:07:23Z,productcatalogservice,frontend,0,0,0,0,0,0,0
2026-10-04T14:07:23Z,productcatalogservice,kubernetes,0,0,0,0,0,0,0
2026-10-04T14:07:23Z,productcatalogservice,paymentservice,0,0,0,0,0,0,0
2026-10-04T14:07:23Z,productcatalogservice,productcatalogservice,0,0,0,0,0,0,0
2026-10-04T14:07:23Z,productcatalogservice,recommendationservice,0,0,0,0,0,0,0
2026-10-04T14:07:23Z,productcatalogservice,redis-cart,0,0,0,0,0,0,0
2026-10-04T14:07:23Z,productcatalogservice,shippingservice,0,0,0,0,0,0,0
2026-10-04T14:07:23Z,recommendationservice,adservice,0,0,0,0,0,0,0
2026-10-04T14:07:23Z,recommendationservice,cartservice,0,0,0,0,0,0,0
2026-10-04T14:07:23Z,recommendationservice,checkoutservice,0,0,0,0,0,0,0
2026-10-04T14:07:23Z,recommendationservice,currencyservice,0,0,0,0,0,0,0
2026-10-04T14:07:23Z,recommendationservice,emailservice,0,0,0,0,0,0,0
2026-10-04T14:07:23Z,recommendationservice,frontend,0,0,0,0,0,0,0
2026-10-04T14:07:23Z,recommendationservice,kubernetes,0,0,0,0,0,0,0
2026-10-04T14:07:23Z,recommendationservice,paymentservice,0,0,0,0,0,0,0
2026-10-04T14:07:23Z,recommendationservice,productcatalogservice,96453,96453,0,0,0,751199,95133
2026-10-04T14:07:23Z,recommendationservice,recommendationservice,0,0,0,0,0,0,0
2026-10-04T14:07:23Z,recommendationservice,redis-cart,0,0,0,0,0,0,0
2026-10-04T14:07:23Z,recommendationservice,shippingservice,0,0,0,0,0,0,0
2026-10-04T14:07:23Z,redis-cart,adservice,0,0,0,0,0,0,0
2026-10-04T14:07:23Z,redis-cart,cartservice,0,0,0,0,0,0,0
2026-10-04T14:07:23Z,redis-cart,checkoutservice,0,0,0,0,0,0,0
2026-10-04T14:07:23Z,redis-cart,currencyservice,0,0,0,0,0,0,0
2026-10-04T14:07:23Z,redis-cart,emailservice,0,0,0,0,0,0,0
2026-10-04T14:07:23Z,redis-cart,frontend,0,0,0,0,0,0,0
2026-10-04T14:07:23Z,redis-cart,kubernetes,0,0,0,0,0,0,0
2026-10-04T14:07:23Z,redis-cart,paymentservice,0,0,0,0,0,0,0
2026-10-04T14:07:23Z,redis-cart,productcatalogservice,0,0,0,0,0,0,0
2026-10-04T14:07:23Z,redis-cart,recommendationservice,0,0,0,0,0,0,0
2026-10-04T14:07:23Z,redis-cart,redis-cart,0,0,0,0,0,0,0
2026-10-04T14:07:23Z,redis-cart,shippingservice,0,0,0,0,0,0,0
2026-10-04T14:07:23Z,shippingservice,adservice,0,0,0,0,0,0,0
2026-10-04T14:07:23Z,shippingservice,cartservice,0,0,0,0,0,0,0
2026-10-04T14:07:23Z,shippingservice,checkoutservice,0,0,0,0,0,0,0
2026-10-04T14:07:23Z,shippingservice,currencyservice,0,0,0,0,0,0,0
2026-10-04T14:07:23Z,shippingservice,emailservice,0,0,0,0,0,0,0
2026-10-04T14:07:23Z,shippingservice,frontend,0,0,0,0,0,0,0
2026-10-04T14:07:23Z,shippingservice,kubernetes,0,0,0,0,0,0,0
2026-10-04T14:07:23Z,shippingservice,paymentservice,0,0,0,0,0,0,0
2026-10-04T14:07:23Z,shippingservice,productcatalogservice,0,0,0,0,0,0,0
2026-10-04T14:07:23Z,shippingservice,recommendationservice,0,0,0,0,0,0,0
2026-10-04T14:07:23Z,shippingservice,redis-cart,0,0,0,0,0,0,0
2026-10-04T14:07:23Z,shippingservice,shippingservice,0,0,0,0,0,0,0
2026-10-04T14:07:24Z,adservice,adservice,0,0,0,0,0,0,0
2026-10-04T14:07:24Z,adservice,cartservice,0,0,0,0,0,0,0
2026-10-04T14:07:24Z,adservice,checkoutservice,0,0,0,0,0,0,0
2026-10-04T14:07:24Z,adservice,currencyservice,0,0,0,0,0,0,0
2026-10-04T14:07:24Z,adservice,emailservice,0,0,0,0,0,0,0
2026-10-04T14:07:24Z,adservice,frontend,0,0,0,0,0,0,0
2026-10-04T14:07:24Z,adservice,kubernetes,0,0,0,0,0,0,0
2026-10-04T14:07:24Z,adservice,paymentservice,0,0,0,0,0,0,0
2026-10-04T14:07:24Z,adservice,productcatalogservice,0,0,0,0,0,0,0
2026-10-04T14:07:24Z,adservice,recommendationservice,0,0,0,0,0,0,0
2026-10-04T14:07:24Z,adservice,redis-cart,0,0,0,0,0,0,0
2026-10-04T14:07:24Z,adservice,shippingservice,0,0,0,0,0,0,0
2026-10-04T14:07:24Z,cartservice,adservice,0,0,0,0,0,0,0
2026-10-04T14:07:24Z,cartservice,cartservice,0,0,0,0,0,0,0
2026-10-04T14:07:24Z,cartservice,checkoutservice,0,0,0,0,0,0,0
2026-10-04T14:07:24Z,cartservice,currencyservice,0,0,0,0,0,0,0
2026-10-04T14:07:24Z,cartservice,emailservice,0,0,0,0,0,0,0
2026-10-04T14:07:24Z,cartservice,frontend,0,0,0,0,0,0,0
2026-10-04T14:07:24Z,cartservice,kubernetes,0,0,0,0,0,0,0
2026-10-04T14:07:24Z,cartservice,paymentservice,0,0,0,0,0,0,0
2026-10-04T14:07:24Z,cartservice,productcatalogservice,0,0,0,0,0,0,0
2026-10-04T14:07:24Z,cartservice,recommendationservice,0,0,0,0,0,0,0
2026-10-04T14:07:24Z,cartservice,redis-cart,2,0,0,0,0,0,0
2026-10-04T14:07:24Z,cartservice,shippingservice,0,0,0,0,0,0,0
2026-10-04T14:07:24Z,checkoutservice,adservice,0,0,0,0,0,0,0
2026-10-04T14:07:24Z,checkoutservice,cartservice,43567,42636,0,100,0,619792,42450
2026-10-04T14:07:24Z,checkoutservice,checkoutservice,0,0,0,0,0,0,0
2026-10-04T14:07:24Z,checkoutservice,currencyservice,33182,33180,0,0,0,530822,33089
2026-10-04T14:07:24Z,checkoutservice,emailservice,4416,4131,0,66,0,183310,4042
2026-10-04T14:07:24Z,checkoutservice,frontend,0,0,0,0,0,0,0
2026-10-04T14:07:24Z,checkoutservice,kubernetes,0,0,0,0,0,0,0
2026-10-04T14:07:24Z,checkoutservice,paymentservice,26445,24597,0,192,0,401798,24359
2026-10-04T14:07:24Z,checkoutservice,productcatalogservice,0,0,0,0,0,0,0
2026-10-04T14:07:24Z,checkoutservice,recommendationservice,0,0,0,0,0,0,0
2026-10-04T14:07:24Z,checkoutservice,redis-cart,0,0,0,0,0,0,0
2026-10-04T14:07:24Z,checkoutservice,shippingservice,48879,46776,0,154,0,474546,46589
2026-10-04T14:07:24Z,currencyservice,adservice,0,0,0,0,0,0,0
2026-10-04T14:07:24Z,currencyservice,cartservice,0,0,0,0,0,0,0
2026-10-04T14:07:24Z,currencyservice,checkoutservice,0,0,0,0,0,0,0
2026-10-04T14:07:24Z,currencyservice,currencyservice,0,0,0,0,0,0,0
2026-10-04T14:07:24Z,currencyservice,emailservice,0,0,0,0,0,0,0
2026-10-04T14:07:24Z,currencyservice,frontend,0,0,0,0,0,0,0
2026-10-04T14:07:24Z,currencyservice,kubernetes,0,0,0,0,0,0,0
2026-10-04T14:07:24Z,currencyservice,paymentservice,0,0,0,0,0,0,0
2026-10-04T14:07:24Z,currencyservice,productcatalogservice,0,0,0,0,0,0,0
2026-10-04T14:07:24Z,currencyservice,recommendationservice,0,0,0,0,0,0,0
2026-10-04T14:07:24Z,currencyservice,redis-cart,0,0,0,0,0,0,0
2026-10-04T14:07:24Z,currencyservice,shippingservice,0,0,0,0,0,0,0
2026-10-04T14:07:24Z,emailservice,adservice,0,0,0,0,0,0,0
2026-10-04T14:07:24Z,emailservice,cartservice,0,0,0,0,0,0,0
2026-10-04T14:07:24Z,emailservice,checkoutservice,0,0,0,0,0,0,0
2026-10-04T14:07:24Z,emailservice,currencyservice,0,0,0,0,0,0,0
2026-10-04T14:07:24Z,emailservice,emailservice,0,0,0,0,0,0,0
2026-10-04T14:07:24Z,emailservice,frontend,0,0,0,0,0,0,0
2026-10-04T14:07:24Z,emailservice,kubernetes,0,0,0,0,0,0,0
2026-10-04T14:07:24Z,emailservice,paymentservice,0,0,0,0,0,0,0
2026-10-04T14:07:24Z,emailservice,productcatalogservice,0,0,0,0,0,0,0
2026-10-04T14:07:24Z,emailservice,recommendationservice,0,0,0,0,0,0,0
2026-10-04T14:07:24Z,emailservice,redis-cart,0,0,0,0,0,0,0
2026-10-04T14:07:24Z,emailservice,shippingservice,0,0,0,0,0,0,0
2026-10-04T14:07:24Z,frontend,adservice,828766,828763,0,0,0,2501178,828645
2026-10-04T14:07:24Z,frontend,cartservice,1831616,1831599,0,0,4,10208708,1831243
2026-10-04T14:07:24Z,frontend,checkoutservice,392181,182206,0,40061,169942,61808499,182160
2026-10-04T14:07:24Z,frontend,currencyservice,2912222,2912211,0,0,0,15482317,2911653
2026-10-04T14:07:24Z,frontend,emailservice,0,0,0,0,0,0,0
2026-10-04T14:07:24Z,frontend,frontend,0,0,0,0,0,0,0
2026-10-04T14:07:24Z,frontend,kubernetes,0,0,0,0,0,0,0
2026-10-04T14:07:24Z,frontend,paymentservice,0,0,0,0,0,0,0
2026-10-04T14:07:24Z,frontend,productcatalogservice,8202106,8202038,0,0,0,56182300,8200651
2026-10-04T14:07:24Z,frontend,recommendationservice,2633676,1618512,0,105862,906760,791207671,1618202
2026-10-04T14:07:24Z,frontend,redis-cart,0,0,0,0,0,0,0
2026-10-04T14:07:24Z,frontend,shippingservice,303891,303889,0,0,0,925410,303838
2026-10-04T14:07:24Z,paymentservice,adservice,0,0,0,0,0,0,0
2026-10-04T14:07:24Z,paymentservice,cartservice,0,0,0,0,0,0,0
2026-10-04T14:07:24Z,paymentservice,checkoutservice,0,0,0,0,0,0,0
2026-10-04T14:07:24Z,paymentservice,currencyservice,0,0,0,0,0,0,0
2026-10-04T14:07:24Z,paymentservice,emailservice,0,0,0,0,0,0,0
2026-10-04T14:07:24Z,paymentservice,frontend,0,0,0,0,0,0,0
2026-10-04T14:07:24Z,paymentservice,kubernetes,0,0,0,0,0,0,0
2026-10-04T14:07:24Z,paymentservice,paymentservice,0,0,0,0,0,0,0
2026-10-04T14:07:24Z,paymentservice,productcatalogservice,0,0,0,0,0,0,0
2026-10-04T14:07:24Z,paymentservice,recommendationservice,0,0,0,0,0,0,0
2026-10-04T14:07:24Z,paymentservice,redis-cart,0,0,0,0,0,0,0
2026-10-04T14:07:24Z,paymentservice,shippingservice,0,0,0,0,0,0,0
2026-10-04T14:07:24Z,productcatalogservice,adservice,0,0,0,0,0,0,0
2026-10-04T14:07:24Z,productcatalogservice,cartservice,0,0,0,0,0,0,0
2026-10-04T14:07:24Z,productcatalogservice,checkoutservice,0,0,0,0,0,0,0
2026-10-04T14:07:24Z,productcatalogservice,currencyservice,0,0,0,0,0,0,0
2026-10-04T14:07:24Z,productcatalogservice,emailservice,0,0,0,0,0,0,0
2026-10-04T14:07:24Z,productcatalogservice,frontend,0,0,0,0,0,0,0
2026-10-04T14:07:24Z,productcatalogservice,kubernetes,0,0,0,0,0,0,0
2026-10-04T14:07:24Z,productcatalogservice,paymentservice,0,0,0,0,0,0,0
2026-10-04T14:07:24Z,productcatalogservice,productcatalogservice,0,0,0,0,0,0,0
2026-10-04T14:07:24Z,productcatalogservice,recommendationservice,0,0,0,0,0,0,0
2026-10-04T14:07:24Z,productcatalogservice,redis-cart,0,0,0,0,0,0,0
2026-10-04T14:07:24Z,productcatalogservice,shippingservice,0,0,0,0,0,0,0
2026-10-04T14:07:24Z,recommendationservice,adservice,0,0,0,0,0,0,0
2026-10-04T14:07:24Z,recommendationservice,cartservice,0,0,0,0,0,0,0
2026-10-04T14:07:24Z,recommendationservice,checkoutservice,0,0,0,0,0,0,0
2026-10-04T14:07:24Z,recommendationservice,currencyservice,0,0,0,0,0,0,0
2026-10-04T14:07:24Z,recommendationservice,emailservice,0,0,0,0,0,0,0
2026-10-04T14:07:24Z,recommendationservice,frontend,0,0,0,0,0,0,0
2026-10-04T14:07:24Z,recommendationservice,kubernetes,0,0,0,0,0,0,0
2026-10-04T14:07:24Z,recommendationservice,paymentservice,0,0,0,0,0,0,0
2026-10-04T14:07:24Z,recommendationservice,productcatalogservice,96864,96864,0,0,0,751199,95133
2026-10-04T14:07:24Z,recommendationservice,recommendationservice,0,0,0,0,0,0,0
2026-10-04T14:07:24Z,recommendationservice,redis-cart,0,0,0,0,0,0,0
2026-10-04T14:07:24Z,recommendationservice,shippingservice,0,0,0,0,0,0,0
2026-10-04T14:07:24Z,redis-cart,adservice,0,0,0,0,0,0,0
2026-10-04T14:07:24Z,redis-cart,cartservice,0,0,0,0,0,0,0
2026-10-04T14:07:24Z,redis-cart,checkoutservice,0,0,0,0,0,0,0
2026-10-04T14:07:24Z,redis-cart,currencyservice,0,0,0,0,0,0,0
2026-10-04T14:07:24Z,redis-cart,emailservice,0,0,0,0,0,0,0
2026-10-04T14:07:24Z,redis-cart,frontend,0,0,0,0,0,0,0
2026-10-04T14:07:24Z,redis-cart,kubernetes,0,0,0,0,0,0,0
2026-10-04T14:07:24Z,redis-cart,paymentservice,0,0,0,0,0,0,0
2026-10-04T14:07:24Z,redis-cart,productcatalogservice,0,0,0,0,0,0,0
2026-10-04T14:07:24Z,redis-cart,recommendationservice,0,0,0,0,0,0,0
2026-10-04T14:07:24Z,redis-cart,redis-cart,0,0,0,0,0,0,0
2026-10-04T14:07:24Z,redis-cart,shippingservice,0,0,0,0,0,0,0
2026-10-04T14:07:24Z,shippingservice,adservice,0,0,0,0,0,0,0
2026-10-04T14:07:24Z,shippingservice,cartservice,0,0,0,0,0,0,0
2026-10-04T14:07:24Z,shippingservice,checkoutservice,0,0,0,0,0,0,0
2026-10-04T14:07:24Z,shippingservice,currencyservice,0,0,0,0,0,0,0
2026-10-04T14:07:24Z,shippingservice,emailservice,0,0,0,0,0,0,0
2026-10-04T14:07:24Z,shippingservice,frontend,0,0,0,0,0,0,0
2026-10-04T14:07:24Z,shippingservice,kubernetes,0,0,0,0,0,0,0
2026-10-04T14:07:24Z,shippingservice,paymentservice,0,0,0,0,0,0,0
2026-10-04T14:07:24Z,shippingservice,productcatalogservice,0,0,0,0,0,0,0
2026-10-04T14:07:24Z,shippingservice,recommendationservice,0,0,0,0,0,0,0
2026-10-04T14:07:24Z,shippingservice,redis-cart,0,0,0,0,0,0,0
2026-10-04T14:07:24Z,shippingservice,shippingservice,0,0,0,0,0,0,0
2026-10-04T14:07:25Z,adservice,adservice,0,0,0,0,0,0,0
2026-10-04T14:07:25Z,adservice,cartservice,0,0,0,0,0,0,0
2026-10-04T14:07:25Z,adservice,checkoutservice,0,0,0,0,0,0,0
2026-10-04T14:07:25Z,adservice,currencyservice,0,0,0,0,0,0,0
2026-10-04T14:07:25Z,adservice,emailservice,0,0,0,0,0,0,0
2026-10-04T14:07:25Z,adservice,frontend,0,0,0,0,0,0,0
2026-10-04T14:07:25Z,adservice,kubernetes,0,0,0,0,0,0,0
2026-10-04T14:07:25Z,adservice,paymentservice,0,0,0,0,0,0,0
2026-10-04T14:07:25Z,adservice,productcatalogservice,0,0,0,0,0,0,0
2026-10-04T14:07:25Z,adservice,recommendationservice,0,0,0,0,0,0,0
2026-10-04T14:07:25Z,adservice,redis-cart,0,0,0,0,0,0,0
2026-10-04T14:07:25Z,adservice,shippingservice,0,0,0,0,0,0,0
2026-10-04T14:07:25Z,cartservice,adservice,0,0,0,0,0,0,0
2026-10-04T14:07:25Z,cartservice,cartservice,0,0,0,0,0,0,0
2026-10-04T14:07:25Z,cartservice,checkoutservice,0,0,0,0,0,0,0
2026-10-04T14:07:25Z,cartservice,currencyservice,0,0,0,0,0,0,0
2026-10-04T14:07:25Z,cartservice,emailservice,0,0,0,0,0,0,0
2026-10-04T14:07:25Z,cartservice,frontend,0,0,0,0,0,0,0
2026-10-04T14:07:25Z,cartservice,kubernetes,0,0,0,0,0,0,0
2026-10-04T14:07:25Z,cartservice,paymentservice,0,0,0,0,0,0,0
2026-10-04T14:07:25Z,cartservice,productcatalogservice,0,0,0,0,0,0,0
2026-10-04T14:07:25Z,cartservice,recommendationservice,0,0,0,0,0,0,0
2026-10-04T14:07:25Z,cartservice,redis-cart,2,0,0,0,0,0,0
2026-10-04T14:07:25Z,cartservice,shippingservice,0,0,0,0,0,0,0
2026-10-04T14:07:25Z,checkoutservice,adservice,0,0,0,0,0,0,0
2026-10-04T14:07:25Z,checkoutservice,cartservice,43668,42736,0,100,0,619792,42450
2026-10-04T14:07:25Z,checkoutservice,checkoutservice,0,0,0,0,0,0,0
2026-10-04T14:07:25Z,checkoutservice,currencyservice,33232,33232,0,0,0,530822,33089
2026-10-04T14:07:25Z,checkoutservice,emailservice,4469,4184,0,66,0,183310,4042
2026-10-04T14:07:25Z,checkoutservice,frontend,0,0,0,0,0,0,0
2026-10-04T14:07:25Z,checkoutservice,kubernetes,0,0,0,0,0,0,0
2026-10-04T14:07:25Z,checkoutservice,paymentservice,26498,24650,0,192,0,401798,24359
2026-10-04T14:07:25Z,checkoutservice,productcatalogservice,0,0,0,0,0,0,0
2026-10-04T14:07:25Z,checkoutservice,recommendationservice,0,0,0,0,0,0,0
2026-10-04T14:07:25Z,checkoutservice,redis-cart,0,0,0,0,0,0,0
2026-10-04T14:07:25Z,checkoutservice,shippingservice,48980,46877,0,154,0,474546,46589
2026-10-04T14:07:25Z,currencyservice,adservice,0,0,0,0,0,0,0
2026-10-04T14:07:25Z,currencyservice,cartservice,0,0,0,0,0,0,0
2026-10-04T14:07:25Z,currencyservice,checkoutservice,0,0,0,0,0,0,0
2026-10-04T14:07:25Z,currencyservice,currencyservice,0,0,0,0,0,0,0
2026-10-04T14:07:25Z,currencyservice,emailservice,0,0,0,0,0,0,0
2026-10-04T14:07:25Z,currencyservice,frontend,0,0,0,0,0,0,0
2026-10-04T14:07:25Z,currencyservice,kubernetes,0,0,0,0,0,0,0
2026-10-04T14:07:25Z,currencyservice,paymentservice,0,0,0,0,0,0,0
2026-10-04T14:07:25Z,currencyservice,productcatalogservice,0,0,0,0,0,0,0
2026-10-04T14:07:25Z,currencyservice,recommendationservice,0,0,0,0,0,0,0
2026-10-04T14:07:25Z,currencyservice,redis-cart,0,0,0,0,0,0,0
2026-10-04T14:07:25Z,currencyservice,shippingservice,0,0,0,0,0,0,0
2026-10-04T14:07:25Z,emailservice,adservice,0,0,0,0,0,0,0
2026-10-04T14:07:25Z,emailservice,cartservice,0,0,0,0,0,0,0
2026-10-04T14:07:25Z,emailservice,checkoutservice,0,0,0,0,0,0,0
2026-10-04T14:07:25Z,emailservice,currencyservice,0,0,0,0,0,0,0
2026-10-04T14:07:25Z,emailservice,emailservice,0,0,0,0,0,0,0
2026-10-04T14:07:25Z,emailservice,frontend,0,0,0,0,0,0,0
2026-10-04T14:07:25Z,emailservice,kubernetes,0,0,0,0,0,0,0
2026-10-04T14:07:25Z,emailservice,paymentservice,0,0,0,0,0,0,0
2026-10-04T14:07:25Z,emailservice,productcatalogservice,0,0,0,0,0,0,0
2026-10-04T14:07:25Z,emailservice,recommendationservice,0,0,0,0,0,0,0
2026-10-04T14:07:25Z,emailservice,redis-cart,0,0,0,0,0,0,0
2026-10-04T14:07:25Z,emailservice,shippingservice,0,0,0,0,0,0,0
2026-10-04T14:07:25Z,frontend,adservice,828858,828856,0,0,0,2501178,828645
2026-10-04T14:07:25Z,frontend,cartservice,1831951,1831939,0,0,4,10208708,1831243
2026-10-04T14:07:25Z,frontend,checkoutservice,392231,182253,0,40061,169942,61808499,182160
2026-10-04T14:07:25Z,frontend,currencyservice,2912758,2912748,0,0,0,15482317,2911653
2026-10-04T14:07:25Z,frontend,emailservice,0,0,0,0,0,0,0
2026-10-04T14:07:25Z,frontend,frontend,0,0,0,0,0,0,0
2026-10-04T14:07:25Z,frontend,kubernetes,0,0,0,0,0,0,0
2026-10-04T14:07:25Z,frontend,paymentservice,0,0,0,0,0,0,0
2026-10-04T14:07:25Z,frontend,productcatalogservice,8203308,8203232,0,0,0,56182300,8200651
2026-10-04T14:07:25Z,frontend,recommendationservice,2634431,1618798,0,105910,907172,791207671,1618202
2026-10-04T14:07:25Z,frontend,redis-cart,0,0,0,0,0,0,0
2026-10-04T14:07:25Z,frontend,shippingservice,303932,303930,0,0,0,925410,303838
2026-10-04T14:07:25Z,paymentservice,adservice,0,0,0,0,0,0,0
2026-10-04T14:07:25Z,paymentservice,cartservice,0,0,0,0,0,0,0
2026-10-04T14:07:25Z,paymentservice,checkoutservice,0,0,0,0,0,0,0
2026-10-04T14:07:25Z,paymentservice,currencyservice,0,0,0,0,0,0,0
2026-10-04T14:07:25Z,paymentservice,emailservice,0,0,0,0,0,0,0
2026-10-04T14:07:25Z,paymentservice,frontend,0,0,0,0,0,0,0
2026-10-04T14:07:25Z,paymentservice,kubernetes,0,0,0,0,0,0,0
2026-10-04T14:07:25Z,paymentservice,paymentservice,0,0,0,0,0,0,0
2026-10-04T14:07:25Z,paymentservice,productcatalogservice,0,0,0,0,0,0,0
2026-10-04T14:07:25Z,paymentservice,recommendationservice,0,0,0,0,0,0,0
2026-10-04T14:07:25Z,paymentservice,redis-cart,0,0,0,0,0,0,0
2026-10-04T14:07:25Z,paymentservice,shippingservice,0,0,0,0,0,0,0
2026-10-04T14:07:25Z,productcatalogservice,adservice,0,0,0,0,0,0,0
2026-10-04T14:07:25Z,productcatalogservice,cartservice,0,0,0,0,0,0,0
2026-10-04T14:07:25Z,productcatalogservice,checkoutservice,0,0,0,0,0,0,0
2026-10-04T14:07:25Z,productcatalogservice,currencyservice,0,0,0,0,0,0,0
2026-10-04T14:07:25Z,productcatalogservice,emailservice,0,0,0,0,0,0,0
2026-10-04T14:07:25Z,productcatalogservice,frontend,0,0,0,0,0,0,0
2026-10-04T14:07:25Z,productcatalogservice,kubernetes,0,0,0,0,0,0,0
2026-10-04T14:07:25Z,productcatalogservice,paymentservice,0,0,0,0,0,0,0
2026-10-04T14:07:25Z,productcatalogservice,productcatalogservice,0,0,0,0,0,0,0
2026-10-04T14:07:25Z,productcatalogservice,recommendationservice,0,0,0,0,0,0,0
2026-10-04T14:07:25Z,productcatalogservice,redis-cart,0,0,0,0,0,0,0
2026-10-04T14:07:25Z,productcatalogservice,shippingservice,0,0,0,0,0,0,0
2026-10-04T14:07:25Z,recommendationservice,adservice,0,0,0,0,0,0,0
2026-10-04T14:07:25Z,recommendationservice,cartservice,0,0,0,0,0,0,0
2026-10-04T14:07:25Z,recommendationservice,checkoutservice,0,0,0,0,0,0,0
2026-10-04T14:07:25Z,recommendationservice,currencyservice,0,0,0,0,0,0,0
2026-10-04T14:07:25Z,recommendationservice,emailservice,0,0,0,0,0,0,0
2026-10-04T14:07:25Z,recommendationservice,frontend,0,0,0,0,0,0,0
2026-10-04T14:07:25Z,recommendationservice,kubernetes,0,0,0,0,0,0,0
2026-10-04T14:07:25Z,recommendationservice,paymentservice,0,0,0,0,0,0,0
2026-10-04T14:07:25Z,recommendationservice,productcatalogservice,97292,97292,0,0,0,761800,97164
2026-10-04T14:07:25Z,recommendationservice,recommendationservice,0,0,0,0,0,0,0
2026-10-04T14:07:25Z,recommendationservice,redis-cart,0,0,0,0,0,0,0
2026-10-04T14:07:25Z,recommendationservice,shippingservice,0,0,0,0,0,0,0
2026-10-04T14:07:25Z,redis-cart,adservice,0,0,0,0,0,0,0
2026-10-04T14:07:25Z,redis-cart,cartservice,0,0,0,0,0,0,0
2026-10-04T14:07:25Z,redis-cart,checkoutservice,0,0,0,0,0,0,0
2026-10-04T14:07:25Z,redis-cart,currencyservice,0,0,0,0,0,0,0
2026-10-04T14:07:25Z,redis-cart,emailservice,0,0,0,0,0,0,0
2026-10-04T14:07:25Z,redis-cart,frontend,0,0,0,0,0,0,0
2026-10-04T14:07:25Z,redis-cart,kubernetes,0,0,0,0,0,0,0
2026-10-04T14:07:25Z,redis-cart,paymentservice,0,0,0,0,0,0,0
2026-10-04T14:07:25Z,redis-cart,productcatalogservice,0,0,0,0,0,0,0
2026-10-04T14:07:25Z,redis-cart,recommendationservice,0,0,0,0,0,0,0
2026-10-04T14:07:25Z,redis-cart,redis-cart,0,0,0,0,0,0,0
2026-10-04T14:07:25Z,redis-cart,shippingservice,0,0,0,0,0,0,0
2026-10-04T14:07:25Z,shippingservice,adservice,0,0,0,0,0,0,0
2026-10-04T14:07:25Z,shippingservice,cartservice,0,0,0,0,0,0,0
2026-10-04T14:07:25Z,shippingservice,checkoutservice,0,0,0,0,0,0,0
2026-10-04T14:07:25Z,shippingservice,currencyservice,0,0,0,0,0,0,0
2026-10-04T14:07:25Z,shippingservice,emailservice,0,0,0,0,0,0,0
2026-10-04T14:07:25Z,shippingservice,frontend,0,0,0,0,0,0,0
2026-10-04T14:07:25Z,shippingservice,kubernetes,0,0,0,0,0,0,0
2026-10-04T14:07:25Z,shippingservice,paymentservice,0,0,0,0,0,0,0
2026-10-04T14:07:25Z,shippingservice,productcatalogservice,0,0,0,0,0,0,0
2026-10-04T14:07:25Z,shippingservice,recommendationservice,0,0,0,0,0,0,0
2026-10-04T14:07:25Z,shippingservice,redis-cart,0,0,0,0,0,0,0
2026-10-04T14:07:25Z,shippingservice,shippingservice,0,0,0,0,0,0,0
2026-10-04T14:07:26Z,adservice,adservice,0,0,0,0,0,0,0
2026-10-04T14:07:26Z,adservice,cartservice,0,0,0,0,0,0,0
2026-10-04T14:07:26Z,adservice,checkoutservice,0,0,0,0,0,0,0
2026-10-04T14:07:26Z,adservice,currencyservice,0,0,0,0,0,0,0
2026-10-04T14:07:26Z,adservice,emailservice,0,0,0,0,0,0,0
2026-10-04T14:07:26Z,adservice,frontend,0,0,0,0,0,0,0
2026-10-04T14:07:26Z,adservice,kubernetes,0,0,0,0,0,0,0
2026-10-04T14:07:26Z,adservice,paymentservice,0,0,0,0,0,0,0
2026-10-04T14:07:26Z,adservice,productcatalogservice,0,0,0,0,0,0,0
2026-10-04T14:07:26Z,adservice,recommendationservice,0,0,0,0,0,0,0
2026-10-04T14:07:26Z,adservice,redis-cart,0,0,0,0,0,0,0
2026-10-04T14:07:26Z,adservice,shippingservice,0,0,0,0,0,0,0
2026-10-04T14:07:26Z,cartservice,adservice,0,0,0,0,0,0,0
2026-10-04T14:07:26Z,cartservice,cartservice,0,0,0,0,0,0,0
2026-10-04T14:07:26Z,cartservice,checkoutservice,0,0,0,0,0,0,0
2026-10-04T14:07:26Z,cartservice,currencyservice,0,0,0,0,0,0,0
2026-10-04T14:07:26Z,cartservice,emailservice,0,0,0,0,0,0,0
2026-10-04T14:07:26Z,cartservice,frontend,0,0,0,0,0,0,0
2026-10-04T14:07:26Z,cartservice,kubernetes,0,0,0,0,0,0,0
2026-10-04T14:07:26Z,cartservice,paymentservice,0,0,0,0,0,0,0
2026-10-04T14:07:26Z,cartservice,productcatalogservice,0,0,0,0,0,0,0
2026-10-04T14:07:26Z,cartservice,recommendationservice,0,0,0,0,0,0,0
2026-10-04T14:07:26Z,cartservice,redis-cart,2,0,0,0,0,0,0
2026-10-04T14:07:26Z,cartservice,shippingservice,0,0,0,0,0,0,0
2026-10-04T14:07:26Z,checkoutservice,adservice,0,0,0,0,0,0,0
2026-10-04T14:07:26Z,checkoutservice,cartservice,43753,42820,0,100,0,619792,42450
2026-10-04T14:07:26Z,checkoutservice,checkoutservice,0,0,0,0,0,0,0
2026-10-04T14:07:26Z,checkoutservice,currencyservice,33273,33272,0,0,0,530822,33089
2026-10-04T14:07:26Z,checkoutservice,emailservice,4509,4223,0,66,0,183310,4042
2026-10-04T14:07:26Z,checkoutservice,frontend,0,0,0,0,0,0,0
2026-10-04T14:07:26Z,checkoutservice,kubernetes,0,0,0,0,0,0,0
2026-10-04T14:07:26Z,checkoutservice,paymentservice,26538,24690,0,192,0,401798,24359
2026-10-04T14:07:26Z,checkoutservice,productcatalogservice,0,0,0,0,0,0,0
2026-10-04T14:07:26Z,checkoutservice,recommendationservice,0,0,0,0,0,0,0
2026-10-04T14:07:26Z,checkoutservice,redis-cart,0,0,0,0,0,0,0
2026-10-04T14:07:26Z,checkoutservice,shippingservice,49061,46958,0,154,0,474546,46589
2026-10-04T14:07:26Z,currencyservice,adservice,0,0,0,0,0,0,0
2026-10-04T14:07:26Z,currencyservice,cartservice,0,0,0,0,0,0,0
2026-10-04T14:07:26Z,currencyservice,checkoutservice,0,0,0,0,0,0,0
2026-10-04T14:07:26Z,currencyservice,currencyservice,0,0,0,0,0,0,0
2026-10-04T14:07:26Z,currencyservice,emailservice,0,0,0,0,0,0,0
2026-10-04T14:07:26Z,currencyservice,frontend,0,0,0,0,0,0,0
2026-10-04T14:07:26Z,currencyservice,kubernetes,0,0,0,0,0,0,0
2026-10-04T14:07:26Z,currencyservice,paymentservice,0,0,0,0,0,0,0
2026-10-04T14:07:26Z,currencyservice,productcatalogservice,0,0,0,0,0,0,0
2026-10-04T14:07:26Z,currencyservice,recommendationservice,0,0,0,0,0,0,0
2026-10-04T14:07:26Z,currencyservice,redis-cart,0,0,0,0,0,0,0
2026-10-04T14:07:26Z,currencyservice,shippingservice,0,0,0,0,0,0,0
2026-10-04T14:07:26Z,emailservice,adservice,0,0,0,0,0,0,0
2026-10-04T14:07:26Z,emailservice,cartservice,0,0,0,0,0,0,0
2026-10-04T14:07:26Z,emailservice,checkoutservice,0,0,0,0,0,0,0
2026-10-04T14:07:26Z,emailservice,currencyservice,0,0,0,0,0,0,0
2026-10-04T14:07:26Z,emailservice,emailservice,0,0,0,0,0,0,0
2026-10-04T14:07:26Z,emailservice,frontend,0,0,0,0,0,0,0
2026-10-04T14:07:26Z,emailservice,kubernetes,0,0,0,0,0,0,0
2026-10-04T14:07:26Z,emailservice,paymentservice,0,0,0,0,0,0,0
2026-10-04T14:07:26Z,emailservice,productcatalogservice,0,0,0,0,0,0,0
2026-10-04T14:07:26Z,emailservice,recommendationservice,0,0,0,0,0,0,0
2026-10-04T14:07:26Z,emailservice,redis-cart,0,0,0,0,0,0,0
2026-10-04T14:07:26Z,emailservice,shippingservice,0,0,0,0,0,0,0
2026-10-04T14:07:26Z,frontend,adservice,828947,828941,0,0,0,2501178,828645
2026-10-04T14:07:26Z,frontend,cartservice,1832338,1832326,0,0,4,10208708,1831243
2026-10-04T14:07:26Z,frontend,checkoutservice,392270,182303,0,40061,169943,61808499,182160
2026-10-04T14:07:26Z,frontend,currencyservice,2913345,2913336,0,0,0,15482317,2911653
2026-10-04T14:07:26Z,frontend,emailservice,0,0,0,0,0,0,0
2026-10-04T14:07:26Z,frontend,frontend,0,0,0,0,0,0,0
2026-10-04T14:07:26Z,frontend,kubernetes,0,0,0,0,0,0,0
2026-10-04T14:07:26Z,frontend,paymentservice,0,0,0,0,0,0,0
2026-10-04T14:07:26Z,frontend,productcatalogservice,8204400,8204334,0,0,0,56182300,8200651
2026-10-04T14:07:26Z,frontend,recommendationservice,2635171,1619125,0,105960,907536,791207671,1618202
2026-10-04T14:07:26Z,frontend,redis-cart,0,0,0,0,0,0,0
2026-10-04T14:07:26Z,frontend,shippingservice,303967,303964,0,0,0,925410,303838
2026-10-04T14:07:26Z,paymentservice,adservice,0,0,0,0,0,0,0
2026-10-04T14:07:26Z,paymentservice,cartservice,0,0,0,0,0,0,0
2026-10-04T14:07:26Z,paymentservice,checkoutservice,0,0,0,0,0,0,0
2026-10-04T14:07:26Z,paymentservice,currencyservice,0,0,0,0,0,0,0
2026-10-04T14:07:26Z,paymentservice,emailservice,0,0,0,0,0,0,0
2026-10-04T14:07:26Z,paymentservice,frontend,0,0,0,0,0,0,0
2026-10-04T14:07:26Z,paymentservice,kubernetes,0,0,0,0,0,0,0
2026-10-04T14:07:26Z,paymentservice,paymentservice,0,0,0,0,0,0,0
2026-10-04T14:07:26Z,paymentservice,productcatalogservice,0,0,0,0,0,0,0
2026-10-04T14:07:26Z,paymentservice,recommendationservice,0,0,0,0,0,0,0
2026-10-04T14:07:26Z,paymentservice,redis-cart,0,0,0,0,0,0,0
2026-10-04T14:07:26Z,paymentservice,shippingservice,0,0,0,0,0,0,0
2026-10-04T14:07:26Z,productcatalogservice,adservice,0,0,0,0,0,0,0
2026-10-04T14:07:26Z,productcatalogservice,cartservice,0,0,0,0,0,0,0
2026-10-04T14:07:26Z,productcatalogservice,checkoutservice,0,0,0,0,0,0,0
2026-10-04T14:07:26Z,productcatalogservice,currencyservice,0,0,0,0,0,0,0
2026-10-04T14:07:26Z,productcatalogservice,emailservice,0,0,0,0,0,0,0
2026-10-04T14:07:26Z,productcatalogservice,frontend,0,0,0,0,0,0,0
2026-10-04T14:07:26Z,productcatalogservice,kubernetes,0,0,0,0,0,0,0
2026-10-04T14:07:26Z,productcatalogservice,paymentservice,0,0,0,0,0,0,0
2026-10-04T14:07:26Z,productcatalogservice,productcatalogservice,0,0,0,0,0,0,0
2026-10-04T14:07:26Z,productcatalogservice,recommendationservice,0,0,0,0,0,0,0
2026-10-04T14:07:26Z,productcatalogservice,redis-cart,0,0,0,0,0,0,0
2026-10-04T14:07:26Z,productcatalogservice,shippingservice,0,0,0,0,0,0,0
2026-10-04T14:07:26Z,recommendationservice,adservice,0,0,0,0,0,0,0
2026-10-04T14:07:26Z,recommendationservice,cartservice,0,0,0,0,0,0,0
2026-10-04T14:07:26Z,recommendationservice,checkoutservice,0,0,0,0,0,0,0
2026-10-04T14:07:26Z,recommendationservice,currencyservice,0,0,0,0,0,0,0
2026-10-04T14:07:26Z,recommendationservice,emailservice,0,0,0,0,0,0,0
2026-10-04T14:07:26Z,recommendationservice,frontend,0,0,0,0,0,0,0
2026-10-04T14:07:26Z,recommendationservice,kubernetes,0,0,0,0,0,0,0
2026-10-04T14:07:26Z,recommendationservice,paymentservice,0,0,0,0,0,0,0
2026-10-04T14:07:26Z,recommendationservice,productcatalogservice,97716,97713,0,0,0,761800,97164
2026-10-04T14:07:26Z,recommendationservice,recommendationservice,0,0,0,0,0,0,0
2026-10-04T14:07:26Z,recommendationservice,redis-cart,0,0,0,0,0,0,0
2026-10-04T14:07:26Z,recommendationservice,shippingservice,0,0,0,0,0,0,0
2026-10-04T14:07:26Z,redis-cart,adservice,0,0,0,0,0,0,0
2026-10-04T14:07:26Z,redis-cart,cartservice,0,0,0,0,0,0,0
2026-10-04T14:07:26Z,redis-cart,checkoutservice,0,0,0,0,0,0,0
2026-10-04T14:07:26Z,redis-cart,currencyservice,0,0,0,0,0,0,0
2026-10-04T14:07:26Z,redis-cart,emailservice,0,0,0,0,0,0,0
2026-10-04T14:07:26Z,redis-cart,frontend,0,0,0,0,0,0,0
2026-10-04T14:07:26Z,redis-cart,kubernetes,0,0,0,0,0,0,0
2026-10-04T14:07:26Z,redis-cart,paymentservice,0,0,0,0,0,0,0
2026-10-04T14:07:26Z,redis-cart,productcatalogservice,0,0,0,0,0,0,0
2026-10-04T14:07:26Z,redis-cart,recommendationservice,0,0,0,0,0,0,0
2026-10-04T14:07:26Z,redis-cart,redis-cart,0,0,0,0,0,0,0
2026-10-04T14:07:26Z,redis-cart,shippingservice,0,0,0,0,0,0,0
2026-10-04T14:07:26Z,shippingservice,adservice,0,0,0,0,0,0,0
2026-10-04T14:07:26Z,shippingservice,cartservice,0,0,0,0,0,0,0
2026-10-04T14:07:26Z,shippingservice,checkoutservice,0,0,0,0,0,0,0
2026-10-04T14:07:26Z,shippingservice,currencyservice,0,0,0,0,0,0,0
2026-10-04T14:07:26Z,shippingservice,emailservice,0,0,0,0,0,0,0
2026-10-04T14:07:26Z,shippingservice,frontend,0,0,0,0,0,0,0
2026-10-04T14:07:26Z,shippingservice,kubernetes,0,0,0,0,0,0,0
2026-10-04T14:07:26Z,shippingservice,paymentservice,0,0,0,0,0,0,0
2026-10-04T14:07:26Z,shippingservice,productcatalogservice,0,0,0,0,0,0,0
2026-10-04T14:07:26Z,shippingservice,recommendationservice,0,0,0,0,0,0,0
2026-10-04T14:07:26Z,shippingservice,redis-cart,0,0,0,0,0,0,0
2026-10-04T14:07:26Z,shippingservice,shippingservice,0,0,0,0,0,0,0
2026-10-04T14:07:27Z,adservice,adservice,0,0,0,0,0,0,0
2026-10-04T14:07:27Z,adservice,cartservice,0,0,0,0,0,0,0
2026-10-04T14:07:27Z,adservice,checkoutservice,0,0,0,0,0,0,0
2026-10-04T14:07:27Z,adservice,currencyservice,0,0,0,0,0,0,0
2026-10-04T14:07:27Z,adservice,emailservice,0,0,0,0,0,0,0
2026-10-04T14:07:27Z,adservice,frontend,0,0,0,0,0,0,0
2026-10-04T14:07:27Z,adservice,kubernetes,0,0,0,0,0,0,0
2026-10-04T14:07:27Z,adservice,paymentservice,0,0,0,0,0,0,0
2026-10-04T14:07:27Z,adservice,productcatalogservice,0,0,0,0,0,0,0
2026-10-04T14:07:27Z,adservice,recommendationservice,0,0,0,0,0,0,0
2026-10-04T14:07:27Z,adservice,redis-cart,0,0,0,0,0,0,0
2026-10-04T14:07:27Z,adservice,shippingservice,0,0,0,0,0,0,0
2026-10-04T14:07:27Z,cartservice,adservice,0,0,0,0,0,0,0
2026-10-04T14:07:27Z,cartservice,cartservice,0,0,0,0,0,0,0
2026-10-04T14:07:27Z,cartservice,checkoutservice,0,0,0,0,0,0,0
2026-10-04T14:07:27Z,cartservice,currencyservice,0,0,0,0,0,0,0
2026-10-04T14:07:27Z,cartservice,emailservice,0,0,0,0,0,0,0
2026-10-04T14:07:27Z,cartservice,frontend,0,0,0,0,0,0,0
2026-10-04T14:07:27Z,cartservice,kubernetes,0,0,0,0,0,0,0
2026-10-04T14:07:27Z,cartservice,paymentservice,0,0,0,0,0,0,0
2026-10-04T14:07:27Z,cartservice,productcatalogservice,0,0,0,0,0,0,0
2026-10-04T14:07:27Z,cartservice,recommendationservice,0,0,0,0,0,0,0
2026-10-04T14:07:27Z,cartservice,redis-cart,2,0,0,0,0,0,0
2026-10-04T14:07:27Z,cartservice,shippingservice,0,0,0,0,0,0,0
2026-10-04T14:07:27Z,checkoutservice,adservice,0,0,0,0,0,0,0
2026-10-04T14:07:27Z,checkoutservice,cartservice,43856,42925,0,100,0,621829,42889
2026-10-04T14:07:27Z,checkoutservice,checkoutservice,0,0,0,0,0,0,0
2026-10-04T14:07:27Z,checkoutservice,currencyservice,33326,33326,0,0,0,531735,33310
2026-10-04T14:07:27Z,checkoutservice,emailservice,4564,4278,0,66,0,191915,4256
2026-10-04T14:07:27Z,checkoutservice,frontend,0,0,0,0,0,0,0
2026-10-04T14:07:27Z,checkoutservice,kubernetes,0,0,0,0,0,0,0
2026-10-04T14:07:27Z,checkoutservice,paymentservice,26592,24744,0,192,0,402528,24580
2026-10-04T14:07:27Z,checkoutservice,productcatalogservice,0,0,0,0,0,0,0
2026-10-04T14:07:27Z,checkoutservice,recommendationservice,0,0,0,0,0,0,0
2026-10-04T14:07:27Z,checkoutservice,redis-cart,0,0,0,0,0,0,0
2026-10-04T14:07:27Z,checkoutservice,shippingservice,49168,47065,0,154,0,475506,47028
2026-10-04T14:07:27Z,currencyservice,adservice,0,0,0,0,0,0,0
2026-10-04T14:07:27Z,currencyservice,cartservice,0,0,0,0,0,0,0
2026-10-04T14:07:27Z,currencyservice,checkoutservice,0,0,0,0,0,0,0
2026-10-04T14:07:27Z,currencyservice,currencyservice,0,0,0,0,0,0,0
2026-10-04T14:07:27Z,currencyservice,emailservice,0,0,0,0,0,0,0
2026-10-04T14:07:27Z,currencyservice,frontend,0,0,0,0,0,0,0
2026-10-04T14:07:27Z,currencyservice,kubernetes,0,0,0,0,0,0,0
2026-10-04T14:07:27Z,currencyservice,paymentservice,0,0,0,0,0,0,0
2026-10-04T14:07:27Z,currencyservice,productcatalogservice,0,0,0,0,0,0,0
2026-10-04T14:07:27Z,currencyservice,recommendationservice,0,0,0,0,0,0,0
2026-10-04T14:07:27Z,currencyservice,redis-cart,0,0,0,0,0,0,0
2026-10-04T14:07:27Z,currencyservice,shippingservice,0,0,0,0,0,0,0
2026-10-04T14:07:27Z,emailservice,adservice,0,0,0,0,0,0,0
2026-10-04T14:07:27Z,emailservice,cartservice,0,0,0,0,0,0,0
2026-10-04T14:07:27Z,emailservice,checkoutservice,0,0,0,0,0,0,0
2026-10-04T14:07:27Z,emailservice,currencyservice,0,0,0,0,0,0,0
2026-10-04T14:07:27Z,emailservice,emailservice,0,0,0,0,0,0,0
2026-10-04T14:07:27Z,emailservice,frontend,0,0,0,0,0,0,0
2026-10-04T14:07:27Z,emailservice,kubernetes,0,0,0,0,0,0,0
2026-10-04T14:07:27Z,emailservice,paymentservice,0,0,0,0,0,0,0
2026-10-04T14:07:27Z,emailservice,productcatalogservice,0,0,0,0,0,0,0
2026-10-04T14:07:27Z,emailservice,recommendationservice,0,0,0,0,0,0,0
2026-10-04T14:07:27Z,emailservice,redis-cart,0,0,0,0,0,0,0
2026-10-04T14:07:27Z,emailservice,shippingservice,0,0,0,0,0,0,0
2026-10-04T14:07:27Z,frontend,adservice,829077,829075,0,0,0,2501178,828645
2026-10-04T14:07:27Z,frontend,cartservice,1832737,1832724,0,0,4,10208708,1831243
2026-10-04T14:07:27Z,frontend,checkoutservice,392320,182350,0,40061,169943,61808499,182160
2026-10-04T14:07:27Z,frontend,currencyservice,2913958,2913950,0,0,0,15482317,2911653
2026-10-04T14:07:27Z,frontend,emailservice,0,0,0,0,0,0,0
2026-10-04T14:07:27Z,frontend,frontend,0,0,0,0,0,0,0
2026-10-04T14:07:27Z,frontend,kubernetes,0,0,0,0,0,0,0
2026-10-04T14:07:27Z,frontend,paymentservice,0,0,0,0,0,0,0
2026-10-04T14:07:27Z,frontend,productcatalogservice,8205805,8205735,0,0,0,56182300,8200651
2026-10-04T14:07:27Z,frontend,recommendationservice,2635946,1619480,0,105997,907916,791207671,1618202
2026-10-04T14:07:27Z,frontend,redis-cart,0,0,0,0,0,0,0
2026-10-04T14:07:27Z,frontend,shippingservice,304007,304005,0,0,0,925410,303838
2026-10-04T14:07:27Z,paymentservice,adservice,0,0,0,0,0,0,0
2026-10-04T14:07:27Z,paymentservice,cartservice,0,0,0,0,0,0,0
2026-10-04T14:07:27Z,paymentservice,checkoutservice,0,0,0,0,0,0,0
2026-10-04T14:07:27Z,paymentservice,currencyservice,0,0,0,0,0,0,0
2026-10-04T14:07:27Z,paymentservice,emailservice,0,0,0,0,0,0,0
2026-10-04T14:07:27Z,paymentservice,frontend,0,0,0,0,0,0,0
2026-10-04T14:07:27Z,paymentservice,kubernetes,0,0,0,0,0,0,0
2026-10-04T14:07:27Z,paymentservice,paymentservice,0,0,0,0,0,0,0
2026-10-04T14:07:27Z,paymentservice,productcatalogservice,0,0,0,0,0,0,0
2026-10-04T14:07:27Z,paymentservice,recommendationservice,0,0,0,0,0,0,0
2026-10-04T14:07:27Z,paymentservice,redis-cart,0,0,0,0,0,0,0
2026-10-04T14:07:27Z,paymentservice,shippingservice,0,0,0,0,0,0,0
2026-10-04T14:07:27Z,productcatalogservice,adservice,0,0,0,0,0,0,0
2026-10-04T14:07:27Z,productcatalogservice,cartservice,0,0,0,0,0,0,0
2026-10-04T14:07:27Z,productcatalogservice,checkoutservice,0,0,0,0,0,0,0
2026-10-04T14:07:27Z,productcatalogservice,currencyservice,0,0,0,0,0,0,0
2026-10-04T14:07:27Z,productcatalogservice,emailservice,0,0,0,0,0,0,0
2026-10-04T14:07:27Z,productcatalogservice,frontend,0,0,0,0,0,0,0
2026-10-04T14:07:27Z,productcatalogservice,kubernetes,0,0,0,0,0,0,0
2026-10-04T14:07:27Z,productcatalogservice,paymentservice,0,0,0,0,0,0,0
2026-10-04T14:07:27Z,productcatalogservice,productcatalogservice,0,0,0,0,0,0,0
2026-10-04T14:07:27Z,productcatalogservice,recommendationservice,0,0,0,0,0,0,0
2026-10-04T14:07:27Z,productcatalogservice,redis-cart,0,0,0,0,0,0,0
2026-10-04T14:07:27Z,productcatalogservice,shippingservice,0,0,0,0,0,0,0
2026-10-04T14:07:27Z,recommendationservice,adservice,0,0,0,0,0,0,0
2026-10-04T14:07:27Z,recommendationservice,cartservice,0,0,0,0,0,0,0
2026-10-04T14:07:27Z,recommendationservice,checkoutservice,0,0,0,0,0,0,0
2026-10-04T14:07:27Z,recommendationservice,currencyservice,0,0,0,0,0,0,0
2026-10-04T14:07:27Z,recommendationservice,emailservice,0,0,0,0,0,0,0
2026-10-04T14:07:27Z,recommendationservice,frontend,0,0,0,0,0,0,0
2026-10-04T14:07:27Z,recommendationservice,kubernetes,0,0,0,0,0,0,0
2026-10-04T14:07:27Z,recommendationservice,paymentservice,0,0,0,0,0,0,0
2026-10-04T14:07:27Z,recommendationservice,productcatalogservice,98141,98141,0,0,0,761800,97164
2026-10-04T14:07:27Z,recommendationservice,recommendationservice,0,0,0,0,0,0,0
2026-10-04T14:07:27Z,recommendationservice,redis-cart,0,0,0,0,0,0,0
2026-10-04T14:07:27Z,recommendationservice,shippingservice,0,0,0,0,0,0,0
2026-10-04T14:07:27Z,redis-cart,adservice,0,0,0,0,0,0,0
2026-10-04T14:07:27Z,redis-cart,cartservice,0,0,0,0,0,0,0
2026-10-04T14:07:27Z,redis-cart,checkoutservice,0,0,0,0,0,0,0
2026-10-04T14:07:27Z,redis-cart,currencyservice,0,0,0,0,0,0,0
2026-10-04T14:07:27Z,redis-cart,emailservice,0,0,0,0,0,0,0
2026-10-04T14:07:27Z,redis-cart,frontend,0,0,0,0,0,0,0
2026-10-04T14:07:27Z,redis-cart,kubernetes,0,0,0,0,0,0,0
2026-10-04T14:07:27Z,redis-cart,paymentservice,0,0,0,0,0,0,0
2026-10-04T14:07:27Z,redis-cart,productcatalogservice,0,0,0,0,0,0,0
2026-10-04T14:07:27Z,redis-cart,recommendationservice,0,0,0,0,0,0,0
2026-10-04T14:07:27Z,redis-cart,redis-cart,0,0,0,0,0,0,0
2026-10-04T14:07:27Z,redis-cart,shippingservice,0,0,0,0,0,0,0
2026-10-04T14:07:27Z,shippingservice,adservice,0,0,0,0,0,0,0
2026-10-04T14:07:27Z,shippingservice,cartservice,0,0,0,0,0,0,0
2026-10-04T14:07:27Z,shippingservice,checkoutservice,0,0,0,0,0,0,0
2026-10-04T14:07:27Z,shippingservice,currencyservice,0,0,0,0,0,0,0
2026-10-04T14:07:27Z,shippingservice,emailservice,0,0,0,0,0,0,0
2026-10-04T14:07:27Z,shippingservice,frontend,0,0,0,0,0,0,0
2026-10-04T14:07:27Z,shippingservice,kubernetes,0,0,0,0,0,0,0
2026-10-04T14:07:27Z,shippingservice,paymentservice,0,0,0,0,0,0,0
2026-10-04T14:07:27Z,shippingservice,productcatalogservice,0,0,0,0,0,0,0
2026-10-04T14:07:27Z,shippingservice,recommendationservice,0,0,0,0,0,0,0
2026-10-04T14:07:27Z,shippingservice,redis-cart,0,0,0,0,0,0,0
2026-10-04T14:07:27Z,shippingservice,shippingservice,0,0,0,0,0,0,0
2026-10-04T14:07:28Z,adservice,adservice,0,0,0,0,0,0,0
2026-10-04T14:07:28Z,adservice,cartservice,0,0,0,0,0,0,0
2026-10-04T14:07:28Z,adservice,checkoutservice,0,0,0,0,0,0,0
2026-10-04T14:07:28Z,adservice,currencyservice,0,0,0,0,0,0,0
2026-10-04T14:07:28Z,adservice,emailservice,0,0,0,0,0,0,0
2026-10-04T14:07:28Z,adservice,frontend,0,0,0,0,0,0,0
2026-10-04T14:07:28Z,adservice,kubernetes,0,0,0,0,0,0,0
2026-10-04T14:07:28Z,adservice,paymentservice,0,0,0,0,0,0,0
2026-10-04T14:07:28Z,adservice,productcatalogservice,0,0,0,0,0,0,0
2026-10-04T14:07:28Z,adservice,recommendationservice,0,0,0,0,0,0,0
2026-10-04T14:07:28Z,adservice,redis-cart,0,0,0,0,0,0,0
2026-10-04T14:07:28Z,adservice,shippingservice,0,0,0,0,0,0,0
2026-10-04T14:07:28Z,cartservice,adservice,0,0,0,0,0,0,0
2026-10-04T14:07:28Z,cartservice,cartservice,0,0,0,0,0,0,0
2026-10-04T14:07:28Z,cartservice,checkoutservice,0,0,0,0,0,0,0
2026-10-04T14:07:28Z,cartservice,currencyservice,0,0,0,0,0,0,0
2026-10-04T14:07:28Z,cartservice,emailservice,0,0,0,0,0,0,0
2026-10-04T14:07:28Z,cartservice,frontend,0,0,0,0,0,0,0
2026-10-04T14:07:28Z,cartservice,kubernetes,0,0,0,0,0,0,0
2026-10-04T14:07:28Z,cartservice,paymentservice,0,0,0,0,0,0,0
2026-10-04T14:07:28Z,cartservice,productcatalogservice,0,0,0,0,0,0,0
2026-10-04T14:07:28Z,cartservice,recommendationservice,0,0,0,0,0,0,0
2026-10-04T14:07:28Z,cartservice,redis-cart,2,0,0,0,0,0,0
2026-10-04T14:07:28Z,cartservice,shippingservice,0,0,0,0,0,0,0
2026-10-04T14:07:28Z,checkoutservice,adservice,0,0,0,0,0,0,0
2026-10-04T14:07:28Z,checkoutservice,cartservice,43944,43013,0,100,0,621829,42889
2026-10-04T14:07:28Z,checkoutservice,checkoutservice,0,0,0,0,0,0,0
2026-10-04T14:07:28Z,checkoutservice,currencyservice,33370,33370,0,0,0,531735,33310
2026-10-04T14:07:28Z,checkoutservice,emailservice,4608,4322,0,66,0,191915,4256
2026-10-04T14:07:28Z,checkoutservice,frontend,0,0,0,0,0,0,0
2026-10-04T14:07:28Z,checkoutservice,kubernetes,0,0,0,0,0,0,0
2026-10-04T14:07:28Z,checkoutservice,paymentservice,26636,24788,0,192,0,402528,24580
2026-10-04T14:07:28Z,checkoutservice,productcatalogservice,0,0,0,0,0,0,0
2026-10-04T14:07:28Z,checkoutservice,recommendationservice,0,0,0,0,0,0,0
2026-10-04T14:07:28Z,checkoutservice,redis-cart,0,0,0,0,0,0,0
2026-10-04T14:07:28Z,checkoutservice,shippingservice,49256,47153,0,154,0,475506,47028
2026-10-04T14:07:28Z,currencyservice,adservice,0,0,0,0,0,0,0
2026-10-04T14:07:28Z,currencyservice,cartservice,0,0,0,0,0,0,0
2026-10-04T14:07:28Z,currencyservice,checkoutservice,0,0,0,0,0,0,0
2026-10-04T14:07:28Z,currencyservice,currencyservice,0,0,0,0,0,0,0
2026-10-04T14:07:28Z,currencyservice,emailservice,0,0,0,0,0,0,0
2026-10-04T14:07:28Z,currencyservice,frontend,0,0,0,0,0,0,0
2026-10-04T14:07:28Z,currencyservice,kubernetes,0,0,0,0,0,0,0
2026-10-04T14:07:28Z,currencyservice,paymentservice,0,0,0,0,0,0,0
2026-10-04T14:07:28Z,currencyservice,productcatalogservice,0,0,0,0,0,0,0
2026-10-04T14:07:28Z,currencyservice,recommendationservice,0,0,0,0,0,0,0
2026-10-04T14:07:28Z,currencyservice,redis-cart,0,0,0,0,0,0,0
2026-10-04T14:07:28Z,currencyservice,shippingservice,0,0,0,0,0,0,0
2026-10-04T14:07:28Z,emailservice,adservice,0,0,0,0,0,0,0
2026-10-04T14:07:28Z,emailservice,cartservice,0,0,0,0,0,0,0
2026-10-04T14:07:28Z,emailservice,checkoutservice,0,0,0,0,0,0,0
2026-10-04T14:07:28Z,emailservice,currencyservice,0,0,0,0,0,0,0
2026-10-04T14:07:28Z,emailservice,emailservice,0,0,0,0,0,0,0
2026-10-04T14:07:28Z,emailservice,frontend,0,0,0,0,0,0,0
2026-10-04T14:07:28Z,emailservice,kubernetes,0,0,0,0,0,0,0
2026-10-04T14:07:28Z,emailservice,paymentservice,0,0,0,0,0,0,0
2026-10-04T14:07:28Z,emailservice,productcatalogservice,0,0,0,0,0,0,0
2026-10-04T14:07:28Z,emailservice,recommendationservice,0,0,0,0,0,0,0
2026-10-04T14:07:28Z,emailservice,redis-cart,0,0,0,0,0,0,0
2026-10-04T14:07:28Z,emailservice,shippingservice,0,0,0,0,0,0,0
2026-10-04T14:07:28Z,frontend,adservice,829217,829215,0,0,0,2501501,828772
2026-10-04T14:07:28Z,frontend,cartservice,1833146,1833134,0,0,4,10210651,1831709
2026-10-04T14:07:28Z,frontend,checkoutservice,392359,182392,0,40061,169943,61816735,182223
2026-10-04T14:07:28Z,frontend,currencyservice,2914594,2914585,0,0,0,15485179,2912400
2026-10-04T14:07:28Z,frontend,emailservice,0,0,0,0,0,0,0
2026-10-04T14:07:28Z,frontend,frontend,0,0,0,0,0,0,0
2026-10-04T14:07:28Z,frontend,kubernetes,0,0,0,0,0,0,0
2026-10-04T14:07:28Z,frontend,paymentservice,0,0,0,0,0,0,0
2026-10-04T14:07:28Z,frontend,productcatalogservice,8207251,8207170,0,0,0,56192482,8202203
2026-10-04T14:07:28Z,frontend,recommendationservice,2636665,1619866,0,106032,908237,791548306,1618641
2026-10-04T14:07:28Z,frontend,redis-cart,0,0,0,0,0,0,0
2026-10-04T14:07:28Z,frontend,shippingservice,304049,304047,0,0,0,925511,303887
2026-10-04T14:07:28Z,paymentservice,adservice,0,0,0,0,0,0,0
2026-10-04T14:07:28Z,paymentservice,cartservice,0,0,0,0,0,0,0
2026-10-04T14:07:28Z,paymentservice,checkoutservice,0,0,0,0,0,0,0
2026-10-04T14:07:28Z,paymentservice,currencyservice,0,0,0,0,0,0,0
2026-10-04T14:07:28Z,paymentservice,emailservice,0,0,0,0,0,0,0
2026-10-04T14:07:28Z,paymentservice,frontend,0,0,0,0,0,0,0
2026-10-04T14:07:28Z,paymentservice,kubernetes,0,0,0,0,0,0,0
2026-10-04T14:07:28Z,paymentservice,paymentservice,0,0,0,0,0,0,0
2026-10-04T14:07:28Z,paymentservice,productcatalogservice,0,0,0,0,0,0,0
2026-10-04T14:07:28Z,paymentservice,recommendationservice,0,0,0,0,0,0,0
2026-10-04T14:07:28Z,paymentservice,redis-cart,0,0,0,0,0,0,0
2026-10-04T14:07:28Z,paymentservice,shippingservice,0,0,0,0,0,0,0
2026-10-04T14:07:28Z,productcatalogservice,adservice,0,0,0,0,0,0,0
2026-10-04T14:07:28Z,productcatalogservice,cartservice,0,0,0,0,0,0,0
2026-10-04T14:07:28Z,productcatalogservice,checkoutservice,0,0,0,0,0,0,0
2026-10-04T14:07:28Z,productcatalogservice,currencyservice,0,0,0,0,0,0,0
2026-10-04T14:07:28Z,productcatalogservice,emailservice,0,0,0,0,0,0,0
2026-10-04T14:07:28Z,productcatalogservice,frontend,0,0,0,0,0,0,0
2026-10-04T14:07:28Z,productcatalogservice,kubernetes,0,0,0,0,0,0,0
2026-10-04T14:07:28Z,productcatalogservice,paymentservice,0,0,0,0,0,0,0
2026-10-04T14:07:28Z,productcatalogservice,productcatalogservice,0,0,0,0,0,0,0
2026-10-04T14:07:28Z,productcatalogservice,recommendationservice,0,0,0,0,0,0,0
2026-10-04T14:07:28Z,productcatalogservice,redis-cart,0,0,0,0,0,0,0
2026-10-04T14:07:28Z,productcatalogservice,shippingservice,0,0,0,0,0,0,0
2026-10-04T14:07:28Z,recommendationservice,adservice,0,0,0,0,0,0,0
2026-10-04T14:07:28Z,recommendationservice,cartservice,0,0,0,0,0,0,0
2026-10-04T14:07:28Z,recommendationservice,checkoutservice,0,0,0,0,0,0,0
2026-10-04T14:07:28Z,recommendationservice,currencyservice,0,0,0,0,0,0,0
2026-10-04T14:07:28Z,recommendationservice,emailservice,0,0,0,0,0,0,0
2026-10-04T14:07:28Z,recommendationservice,frontend,0,0,0,0,0,0,0
2026-10-04T14:07:28Z,recommendationservice,kubernetes,0,0,0,0,0,0,0
2026-10-04T14:07:28Z,recommendationservice,paymentservice,0,0,0,0,0,0,0
2026-10-04T14:07:28Z,recommendationservice,productcatalogservice,98547,98546,0,0,0,761800,97164
2026-10-04T14:07:28Z,recommendationservice,recommendationservice,0,0,0,0,0,0,0
2026-10-04T14:07:28Z,recommendationservice,redis-cart,0,0,0,0,0,0,0
2026-10-04T14:07:28Z,recommendationservice,shippingservice,0,0,0,0,0,0,0
2026-10-04T14:07:28Z,redis-cart,adservice,0,0,0,0,0,0,0
2026-10-04T14:07:28Z,redis-cart,cartservice,0,0,0,0,0,0,0
2026-10-04T14:07:28Z,redis-cart,checkoutservice,0,0,0,0,0,0,0
2026-10-04T14:07:28Z,redis-cart,currencyservice,0,0,0,0,0,0,0
2026-10-04T14:07:28Z,redis-cart,emailservice,0,0,0,0,0,0,0
2026-10-04T14:07:28Z,redis-cart,frontend,0,0,0,0,0,0,0
2026-10-04T14:07:28Z,redis-cart,kubernetes,0,0,0,0,0,0,0
2026-10-04T14:07:28Z,redis-cart,paymentservice,0,0,0,0,0,0,0
2026-10-04T14:07:28Z,redis-cart,productcatalogservice,0,0,0,0,0,0,0
2026-10-04T14:07:28Z,redis-cart,recommendationservice,0,0,0,0,0,0,0
2026-10-04T14:07:28Z,redis-cart,redis-cart,0,0,0,0,0,0,0
2026-10-04T14:07:28Z,redis-cart,shippingservice,0,0,0,0,0,0,0
2026-10-04T14:07:28Z,shippingservice,adservice,0,0,0,0,0,0,0
2026-10-04T14:07:28Z,shippingservice,cartservice,0,0,0,0,0,0,0
2026-10-04T14:07:28Z,shippingservice,checkoutservice,0,0,0,0,0,0,0
2026-10-04T14:07:28Z,shippingservice,currencyservice,0,0,0,0,0,0,0
2026-10-04T14:07:28Z,shippingservice,emailservice,0,0,0,0,0,0,0
2026-10-04T14:07:28Z,shippingservice,frontend,0,0,0,0,0,0,0
2026-10-04T14:07:28Z,shippingservice,kubernetes,0,0,0,0,0,0,0
2026-10-04T14:07:28Z,shippingservice,paymentservice,0,0,0,0,0,0,0
2026-10-04T14:07:28Z,shippingservice,productcatalogservice,0,0,0,0,0,0,0
2026-10-04T14:07:28Z,shippingservice,recommendationservice,0,0,0,0,0,0,0
2026-10-04T14:07:28Z,shippingservice,redis-cart,0,0,0,0,0,0,0
2026-10-04T14:07:28Z,shippingservice,shippingservice,0,0,0,0,0,0,0
2026-10-04T14:07:29Z,adservice,adservice,0,0,0,0,0,0,0
2026-10-04T14:07:29Z,adservice,cartservice,0,0,0,0,0,0,0
2026-10-04T14:07:29Z,adservice,checkoutservice,0,0,0,0,0,0,0
2026-10-04T14:07:29Z,adservice,currencyservice,0,0,0,0,0,0,0
2026-10-04T14:07:29Z,adservice,emailservice,0,0,0,0,0,0,0
2026-10-04T14:07:29Z,adservice,frontend,0,0,0,0,0,0,0
2026-10-04T14:07:29Z,adservice,kubernetes,0,0,0,0,0,0,0
2026-10-04T14:07:29Z,adservice,paymentservice,0,0,0,0,0,0,0
2026-10-04T14:07:29Z,adservice,productcatalogservice,0,0,0,0,0,0,0
2026-10-04T14:07:29Z,adservice,recommendationservice,0,0,0,0,0,0,0
2026-10-04T14:07:29Z,adservice,redis-cart,0,0,0,0,0,0,0
2026-10-04T14:07:29Z,adservice,shippingservice,0,0,0,0,0,0,0
2026-10-04T14:07:29Z,cartservice,adservice,0,0,0,0,0,0,0
2026-10-04T14:07:29Z,cartservice,cartservice,0,0,0,0,0,0,0
2026-10-04T14:07:29Z,cartservice,checkoutservice,0,0,0,0,0,0,0
2026-10-04T14:07:29Z,cartservice,currencyservice,0,0,0,0,0,0,0
2026-10-04T14:07:29Z,cartservice,emailservice,0,0,0,0,0,0,0
2026-10-04T14:07:29Z,cartservice,frontend,0,0,0,0,0,0,0
2026-10-04T14:07:29Z,cartservice,kubernetes,0,0,0,0,0,0,0
2026-10-04T14:07:29Z,cartservice,paymentservice,0,0,0,0,0,0,0
2026-10-04T14:07:29Z,cartservice,productcatalogservice,0,0,0,0,0,0,0
2026-10-04T14:07:29Z,cartservice,recommendationservice,0,0,0,0,0,0,0
2026-10-04T14:07:29Z,cartservice,redis-cart,2,0,0,0,0,0,0
2026-10-04T14:07:29Z,cartservice,shippingservice,0,0,0,0,0,0,0
2026-10-04T14:07:29Z,checkoutservice,adservice,0,0,0,0,0,0,0
2026-10-04T14:07:29Z,checkoutservice,cartservice,44037,43105,0,100,0,621829,42889
2026-10-04T14:07:29Z,checkoutservice,checkoutservice,0,0,0,0,0,0,0
2026-10-04T14:07:29Z,checkoutservice,currencyservice,33417,33415,0,0,0,531735,33310
2026-10-04T14:07:29Z,checkoutservice,emailservice,4645,4358,0,66,0,191915,4256
2026-10-04T14:07:29Z,checkoutservice,frontend,0,0,0,0,0,0,0
2026-10-04T14:07:29Z,checkoutservice,kubernetes,0,0,0,0,0,0,0
2026-10-04T14:07:29Z,checkoutservice,paymentservice,26678,24828,0,192,0,402528,24580
2026-10-04T14:07:29Z,checkoutservice,productcatalogservice,0,0,0,0,0,0,0
2026-10-04T14:07:29Z,checkoutservice,recommendationservice,0,0,0,0,0,0,0
2026-10-04T14:07:29Z,checkoutservice,redis-cart,0,0,0,0,0,0,0
2026-10-04T14:07:29Z,checkoutservice,shippingservice,49348,47243,0,154,0,475506,47028
2026-10-04T14:07:29Z,currencyservice,adservice,0,0,0,0,0,0,0
2026-10-04T14:07:29Z,currencyservice,cartservice,0,0,0,0,0,0,0
2026-10-04T14:07:29Z,currencyservice,checkoutservice,0,0,0,0,0,0,0
2026-10-04T14:07:29Z,currencyservice,currencyservice,0,0,0,0,0,0,0
2026-10-04T14:07:29Z,currencyservice,emailservice,0,0,0,0,0,0,0
2026-10-04T14:07:29Z,currencyservice,frontend,0,0,0,0,0,0,0
2026-10-04T14:07:29Z,currencyservice,kubernetes,0,0,0,0,0,0,0
2026-10-04T14:07:29Z,currencyservice,paymentservice,0,0,0,0,0,0,0
2026-10-04T14:07:29Z,currencyservice,productcatalogservice,0,0,0,0,0,0,0
2026-10-04T14:07:29Z,currencyservice,recommendationservice,0,0,0,0,0,0,0
2026-10-04T14:07:29Z,currencyservice,redis-cart,0,0,0,0,0,0,0
2026-10-04T14:07:29Z,currencyservice,shippingservice,0,0,0,0,0,0,0
2026-10-04T14:07:29Z,emailservice,adservice,0,0,0,0,0,0,0
2026-10-04T14:07:29Z,emailservice,cartservice,0,0,0,0,0,0,0
2026-10-04T14:07:29Z,emailservice,checkoutservice,0,0,0,0,0,0,0
2026-10-04T14:07:29Z,emailservice,currencyservice,0,0,0,0,0,0,0
2026-10-04T14:07:29Z,emailservice,emailservice,0,0,0,0,0,0,0
2026-10-04T14:07:29Z,emailservice,frontend,0,0,0,0,0,0,0
2026-10-04T14:07:29Z,emailservice,kubernetes,0,0,0,0,0,0,0
2026-10-04T14:07:29Z,emailservice,paymentservice,0,0,0,0,0,0,0
2026-10-04T14:07:29Z,emailservice,productcatalogservice,0,0,0,0,0,0,0
2026-10-04T14:07:29Z,emailservice,recommendationservice,0,0,0,0,0,0,0
2026-10-04T14:07:29Z,emailservice,redis-cart,0,0,0,0,0,0,0
2026-10-04T14:07:29Z,emailservice,shippingservice,0,0,0,0,0,0,0
2026-10-04T14:07:29Z,frontend,adservice,829353,829350,0,0,0,2502927,829231
2026-10-04T14:07:29Z,frontend,cartservice,1833516,1833502,0,0,4,10217271,1833186
2026-10-04T14:07:29Z,frontend,checkoutservice,392413,182431,0,40061,169943,61839747,182397
2026-10-04T14:07:29Z,frontend,currencyservice,2915153,2915146,0,0,0,15493327,2914657
2026-10-04T14:07:29Z,frontend,emailservice,0,0,0,0,0,0,0
2026-10-04T14:07:29Z,frontend,frontend,0,0,0,0,0,0,0
2026-10-04T14:07:29Z,frontend,kubernetes,0,0,0,0,0,0,0
2026-10-04T14:07:29Z,frontend,paymentservice,0,0,0,0,0,0,0
2026-10-04T14:07:29Z,frontend,productcatalogservice,8208721,8208656,0,0,0,56221826,8207389
2026-10-04T14:07:29Z,frontend,recommendationservice,2637418,1620171,0,106068,908642,792642931,1619899
2026-10-04T14:07:29Z,frontend,redis-cart,0,0,0,0,0,0,0
2026-10-04T14:07:29Z,frontend,shippingservice,304099,304097,0,0,0,925940,304053
2026-10-04T14:07:29Z,paymentservice,adservice,0,0,0,0,0,0,0
2026-10-04T14:07:29Z,paymentservice,cartservice,0,0,0,0,0,0,0
2026-10-04T14:07:29Z,paymentservice,checkoutservice,0,0,0,0,0,0,0
2026-10-04T14:07:29Z,paymentservice,currencyservice,0,0,0,0,0,0,0
2026-10-04T14:07:29Z,paymentservice,emailservice,0,0,0,0,0,0,0
2026-10-04T14:07:29Z,paymentservice,frontend,0,0,0,0,0,0,0
2026-10-04T14:07:29Z,paymentservice,kubernetes,0,0,0,0,0,0,0
2026-10-04T14:07:29Z,paymentservice,paymentservice,0,0,0,0,0,0,0
2026-10-04T14:07:29Z,paymentservice,productcatalogservice,0,0,0,0,0,0,0
2026-10-04T14:07:29Z,paymentservice,recommendationservice,0,0,0,0,0,0,0
2026-10-04T14:07:29Z,paymentservice,redis-cart,0,0,0,0,0,0,0
2026-10-04T14:07:29Z,paymentservice,shippingservice,0,0,0,0,0,0,0
2026-10-04T14:07:29Z,productcatalogservice,adservice,0,0,0,0,0,0,0
2026-10-04T14:07:29Z,productcatalogservice,cartservice,0,0,0,0,0,0,0
2026-10-04T14:07:29Z,productcatalogservice,checkoutservice,0,0,0,0,0,0,0
2026-10-04T14:07:29Z,productcatalogservice,currencyservice,0,0,0,0,0,0,0
2026-10-04T14:07:29Z,productcatalogservice,emailservice,0,0,0,0,0,0,0
2026-10-04T14:07:29Z,productcatalogservice,frontend,0,0,0,0,0,0,0
2026-10-04T14:07:29Z,productcatalogservice,kubernetes,0,0,0,0,0,0,0
2026-10-04T14:07:29Z,productcatalogservice,paymentservice,0,0,0,0,0,0,0
2026-10-04T14:07:29Z,productcatalogservice,productcatalogservice,0,0,0,0,0,0,0
2026-10-04T14:07:29Z,productcatalogservice,recommendationservice,0,0,0,0,0,0,0
2026-10-04T14:07:29Z,productcatalogservice,redis-cart,0,0,0,0,0,0,0
2026-10-04T14:07:29Z,productcatalogservice,shippingservice,0,0,0,0,0,0,0
2026-10-04T14:07:29Z,recommendationservice,adservice,0,0,0,0,0,0,0
2026-10-04T14:07:29Z,recommendationservice,cartservice,0,0,0,0,0,0,0
2026-10-04T14:07:29Z,recommendationservice,checkoutservice,0,0,0,0,0,0,0
2026-10-04T14:07:29Z,recommendationservice,currencyservice,0,0,0,0,0,0,0
2026-10-04T14:07:29Z,recommendationservice,emailservice,0,0,0,0,0,0,0
2026-10-04T14:07:29Z,recommendationservice,frontend,0,0,0,0,0,0,0
2026-10-04T14:07:29Z,recommendationservice,kubernetes,0,0,0,0,0,0,0
2026-10-04T14:07:29Z,recommendationservice,paymentservice,0,0,0,0,0,0,0
2026-10-04T14:07:29Z,recommendationservice,productcatalogservice,98968,98968,0,0,0,761800,97164
2026-10-04T14:07:29Z,recommendationservice,recommendationservice,0,0,0,0,0,0,0
2026-10-04T14:07:29Z,recommendationservice,redis-cart,0,0,0,0,0,0,0
2026-10-04T14:07:29Z,recommendationservice,shippingservice,0,0,0,0,0,0,0
2026-10-04T14:07:29Z,redis-cart,adservice,0,0,0,0,0,0,0
2026-10-04T14:07:29Z,redis-cart,cartservice,0,0,0,0,0,0,0
2026-10-04T14:07:29Z,redis-cart,checkoutservice,0,0,0,0,0,0,0
2026-10-04T14:07:29Z,redis-cart,currencyservice,0,0,0,0,0,0,0
2026-10-04T14:07:29Z,redis-cart,emailservice,0,0,0,0,0,0,0
2026-10-04T14:07:29Z,redis-cart,frontend,0,0,0,0,0,0,0
2026-10-04T14:07:29Z,redis-cart,kubernetes,0,0,0,0,0,0,0
2026-10-04T14:07:29Z,redis-cart,paymentservice,0,0,0,0,0,0,0
2026-10-04T14:07:29Z,redis-cart,productcatalogservice,0,0,0,0,0,0,0
2026-10-04T14:07:29Z,redis-cart,recommendationservice,0,0,0,0,0,0,0
2026-10-04T14:07:29Z,redis-cart,redis-cart,0,0,0,0,0,0,0
2026-10-04T14:07:29Z,redis-cart,shippingservice,0,0,0,0,0,0,0
2026-10-04T14:07:29Z,shippingservice,adservice,0,0,0,0,0,0,0
2026-10-04T14:07:29Z,shippingservice,cartservice,0,0,0,0,0,0,0
2026-10-04T14:07:29Z,shippingservice,checkoutservice,0,0,0,0,0,0,0
2026-10-04T14:07:29Z,shippingservice,currencyservice,0,0,0,0,0,0,0
2026-10-04T14:07:29Z,shippingservice,emailservice,0,0,0,0,0,0,0
2026-10-04T14:07:29Z,shippingservice,frontend,0,0,0,0,0,0,0
2026-10-04T14:07:29Z,shippingservice,kubernetes,0,0,0,0,0,0,0
2026-10-04T14:07:29Z,shippingservice,paymentservice,0,0,0,0,0,0,0
2026-10-04T14:07:29Z,shippingservice,productcatalogservice,0,0,0,0,0,0,0
2026-10-04T14:07:29Z,shippingservice,recommendationservice,0,0,0,0,0,0,0
2026-10-04T14:07:29Z,shippingservice,redis-cart,0,0,0,0,0,0,0
2026-10-04T14:07:29Z,shippingservice,shippingservice,0,0,0,0,0,0,0
2026-10-04T14:07:30Z,adservice,adservice,0,0,0,0,0,0,0
2026-10-04T14:07:30Z,adservice,cartservice,0,0,0,0,0,0,0
2026-10-04T14:07:30Z,adservice,checkoutservice,0,0,0,0,0,0,0
2026-10-04T14:07:30Z,adservice,currencyservice,0,0,0,0,0,0,0
2026-10-04T14:07:30Z,adservice,emailservice,0,0,0,0,0,0,0
2026-10-04T14:07:30Z,adservice,frontend,0,0,0,0,0,0,0
2026-10-04T14:07:30Z,adservice,kubernetes,0,0,0,0,0,0,0
2026-10-04T14:07:30Z,adservice,paymentservice,0,0,0,0,0,0,0
2026-10-04T14:07:30Z,adservice,productcatalogservice,0,0,0,0,0,0,0
2026-10-04T14:07:30Z,adservice,recommendationservice,0,0,0,0,0,0,0
2026-10-04T14:07:30Z,adservice,redis-cart,0,0,0,0,0,0,0
2026-10-04T14:07:30Z,adservice,shippingservice,0,0,0,0,0,0,0
2026-10-04T14:07:30Z,cartservice,adservice,0,0,0,0,0,0,0
2026-10-04T14:07:30Z,cartservice,cartservice,0,0,0,0,0,0,0
2026-10-04T14:07:30Z,cartservice,checkoutservice,0,0,0,0,0,0,0
2026-10-04T14:07:30Z,cartservice,currencyservice,0,0,0,0,0,0,0
2026-10-04T14:07:30Z,cartservice,emailservice,0,0,0,0,0,0,0
2026-10-04T14:07:30Z,cartservice,frontend,0,0,0,0,0,0,0
2026-10-04T14:07:30Z,cartservice,kubernetes,0,0,0,0,0,0,0
2026-10-04T14:07:30Z,cartservice,paymentservice,0,0,0,0,0,0,0
2026-10-04T14:07:30Z,cartservice,productcatalogservice,0,0,0,0,0,0,0
2026-10-04T14:07:30Z,cartservice,recommendationservice,0,0,0,0,0,0,0
2026-10-04T14:07:30Z,cartservice,redis-cart,2,0,0,0,0,0,0
2026-10-04T14:07:30Z,cartservice,shippingservice,0,0,0,0,0,0,0
2026-10-04T14:07:30Z,checkoutservice,adservice,0,0,0,0,0,0,0
2026-10-04T14:07:30Z,checkoutservice,cartservice,44133,43202,0,100,0,621829,42889
2026-10-04T14:07:30Z,checkoutservice,checkoutservice,0,0,0,0,0,0,0
2026-10-04T14:07:30Z,checkoutservice,currencyservice,33466,33466,0,0,0,531735,33310
2026-10-04T14:07:30Z,checkoutservice,emailservice,4700,4413,0,66,0,191915,4256
2026-10-04T14:07:30Z,checkoutservice,frontend,0,0,0,0,0,0,0
2026-10-04T14:07:30Z,checkoutservice,kubernetes,0,0,0,0,0,0,0
2026-10-04T14:07:30Z,checkoutservice,paymentservice,26732,24884,0,192,0,402528,24580
2026-10-04T14:07:30Z,checkoutservice,productcatalogservice,0,0,0,0,0,0,0
2026-10-04T14:07:30Z,checkoutservice,recommendationservice,0,0,0,0,0,0,0
2026-10-04T14:07:30Z,checkoutservice,redis-cart,0,0,0,0,0,0,0
2026-10-04T14:07:30Z,checkoutservice,shippingservice,49449,47343,0,154,0,475506,47028
2026-10-04T14:07:30Z,currencyservice,adservice,0,0,0,0,0,0,0
2026-10-04T14:07:30Z,currencyservice,cartservice,0,0,0,0,0,0,0
2026-10-04T14:07:30Z,currencyservice,checkoutservice,0,0,0,0,0,0,0
2026-10-04T14:07:30Z,currencyservice,currencyservice,0,0,0,0,0,0,0
2026-10-04T14:07:30Z,currencyservice,emailservice,0,0,0,0,0,0,0
2026-10-04T14:07:30Z,currencyservice,frontend,0,0,0,0,0,0,0
2026-10-04T14:07:30Z,currencyservice,kubernetes,0,0,0,0,0,0,0
2026-10-04T14:07:30Z,currencyservice,paymentservice,0,0,0,0,0,0,0
2026-10-04T14:07:30Z,currencyservice,productcatalogservice,0,0,0,0,0,0,0
2026-10-04T14:07:30Z,currencyservice,recommendationservice,0,0,0,0,0,0,0
2026-10-04T14:07:30Z,currencyservice,redis-cart,0,0,0,0,0,0,0
2026-10-04T14:07:30Z,currencyservice,shippingservice,0,0,0,0,0,0,0
2026-10-04T14:07:30Z,emailservice,adservice,0,0,0,0,0,0,0
2026-10-04T14:07:30Z,emailservice,cartservice,0,0,0,0,0,0,0
2026-10-04T14:07:30Z,emailservice,checkoutservice,0,0,0,0,0,0,0
2026-10-04T14:07:30Z,emailservice,currencyservice,0,0,0,0,0,0,0
2026-10-04T14:07:30Z,emailservice,emailservice,0,0,0,0,0,0,0
2026-10-04T14:07:30Z,emailservice,frontend,0,0,0,0,0,0,0
2026-10-04T14:07:30Z,emailservice,kubernetes,0,0,0,0,0,0,0
2026-10-04T14:07:30Z,emailservice,paymentservice,0,0,0,0,0,0,0
2026-10-04T14:07:30Z,emailservice,productcatalogservice,0,0,0,0,0,0,0
2026-10-04T14:07:30Z,emailservice,recommendationservice,0,0,0,0,0,0,0
2026-10-04T14:07:30Z,emailservice,redis-cart,0,0,0,0,0,0,0
2026-10-04T14:07:30Z,emailservice,shippingservice,0,0,0,0,0,0,0
2026-10-04T14:07:30Z,frontend,adservice,829506,829504,0,0,0,2502927,829231
2026-10-04T14:07:30Z,frontend,cartservice,1833921,1833908,0,0,4,10217271,1833186
2026-10-04T14:07:30Z,frontend,checkoutservice,392453,182489,0,40061,169943,61839747,182397
2026-10-04T14:07:30Z,frontend,currencyservice,2915805,2915791,0,0,0,15493327,2914657
2026-10-04T14:07:30Z,frontend,emailservice,0,0,0,0,0,0,0
2026-10-04T14:07:30Z,frontend,frontend,0,0,0,0,0,0,0
2026-10-04T14:07:30Z,frontend,kubernetes,0,0,0,0,0,0,0
2026-10-04T14:07:30Z,frontend,paymentservice,0,0,0,0,0,0,0
2026-10-04T14:07:30Z,frontend,productcatalogservice,8210270,8210202,0,0,0,56221826,8207389
2026-10-04T14:07:30Z,frontend,recommendationservice,2638188,1620518,0,106133,909004,792642931,1619899
2026-10-04T14:07:30Z,frontend,redis-cart,0,0,0,0,0,0,0
2026-10-04T14:07:30Z,frontend,shippingservice,304153,304151,0,0,0,925940,304053
2026-10-04T14:07:30Z,paymentservice,adservice,0,0,0,0,0,0,0
2026-10-04T14:07:30Z,paymentservice,cartservice,0,0,0,0,0,0,0
2026-10-04T14:07:30Z,paymentservice,checkoutservice,0,0,0,0,0,0,0
2026-10-04T14:07:30Z,paymentservice,currencyservice,0,0,0,0,0,0,0
2026-10-04T14:07:30Z,paymentservice,emailservice,0,0,0,0,0,0,0
2026-10-04T14:07:30Z,paymentservice,frontend,0,0,0,0,0,0,0
2026-10-04T14:07:30Z,paymentservice,kubernetes,0,0,0,0,0,0,0
2026-10-04T14:07:30Z,paymentservice,paymentservice,0,0,0,0,0,0,0
2026-10-04T14:07:30Z,paymentservice,productcatalogservice,0,0,0,0,0,0,0
2026-10-04T14:07:30Z,paymentservice,recommendationservice,0,0,0,0,0,0,0
2026-10-04T14:07:30Z,paymentservice,redis-cart,0,0,0,0,0,0,0
2026-10-04T14:07:30Z,paymentservice,shippingservice,0,0,0,0,0,0,0
2026-10-04T14:07:30Z,productcatalogservice,adservice,0,0,0,0,0,0,0
2026-10-04T14:07:30Z,productcatalogservice,cartservice,0,0,0,0,0,0,0
2026-10-04T14:07:30Z,productcatalogservice,checkoutservice,0,0,0,0,0,0,0
2026-10-04T14:07:30Z,productcatalogservice,currencyservice,0,0,0,0,0,0,0
2026-10-04T14:07:30Z,productcatalogservice,emailservice,0,0,0,0,0,0,0
2026-10-04T14:07:30Z,productcatalogservice,frontend,0,0,0,0,0,0,0
2026-10-04T14:07:30Z,productcatalogservice,kubernetes,0,0,0,0,0,0,0
2026-10-04T14:07:30Z,productcatalogservice,paymentservice,0,0,0,0,0,0,0
2026-10-04T14:07:30Z,productcatalogservice,productcatalogservice,0,0,0,0,0,0,0
2026-10-04T14:07:30Z,productcatalogservice,recommendationservice,0,0,0,0,0,0,0
2026-10-04T14:07:30Z,productcatalogservice,redis-cart,0,0,0,0,0,0,0
2026-10-04T14:07:30Z,productcatalogservice,shippingservice,0,0,0,0,0,0,0
2026-10-04T14:07:30Z,recommendationservice,adservice,0,0,0,0,0,0,0
2026-10-04T14:07:30Z,recommendationservice,cartservice,0,0,0,0,0,0,0
2026-10-04T14:07:30Z,recommendationservice,checkoutservice,0,0,0,0,0,0,0
2026-10-04T14:07:30Z,recommendationservice,currencyservice,0,0,0,0,0,0,0
2026-10-04T14:07:30Z,recommendationservice,emailservice,0,0,0,0,0,0,0
2026-10-04T14:07:30Z,recommendationservice,frontend,0,0,0,0,0,0,0
2026-10-04T14:07:30Z,recommendationservice,kubernetes,0,0,0,0,0,0,0
2026-10-04T14:07:30Z,recommendationservice,paymentservice,0,0,0,0,0,0,0
2026-10-04T14:07:30Z,recommendationservice,productcatalogservice,99422,99421,0,0,0,771931,99283
2026-10-04T14:07:30Z,recommendationservice,recommendationservice,0,0,0,0,0,0,0
2026-10-04T14:07:30Z,recommendationservice,redis-cart,0,0,0,0,0,0,0
2026-10-04T14:07:30Z,recommendationservice,shippingservice,0,0,0,0,0,0,0
2026-10-04T14:07:30Z,redis-cart,adservice,0,0,0,0,0,0,0
2026-10-04T14:07:30Z,redis-cart,cartservice,0,0,0,0,0,0,0
2026-10-04T14:07:30Z,redis-cart,checkoutservice,0,0,0,0,0,0,0
2026-10-04T14:07:30Z,redis-cart,currencyservice,0,0,0,0,0,0,0
2026-10-04T14:07:30Z,redis-cart,emailservice,0,0,0,0,0,0,0
2026-10-04T14:07:30Z,redis-cart,frontend,0,0,0,0,0,0,0
2026-10-04T14:07:30Z,redis-cart,kubernetes,0,0,0,0,0,0,0
2026-10-04T14:07:30Z,redis-cart,paymentservice,0,0,0,0,0,0,0
2026-10-04T14:07:30Z,redis-cart,productcatalogservice,0,0,0,0,0,0,0
2026-10-04T14:07:30Z,redis-cart,recommendationservice,0,0,0,0,0,0,0
2026-10-04T14:07:30Z,redis-cart,redis-cart,0,0,0,0,0,0,0
2026-10-04T14:07:30Z,redis-cart,shippingservice,0,0,0,0,0,0,0
2026-10-04T14:07:30Z,shippingservice,adservice,0,0,0,0,0,0,0
2026-10-04T14:07:30Z,shippingservice,cartservice,0,0,0,0,0,0,0
2026-10-04T14:07:30Z,shippingservice,checkoutservice,0,0,0,0,0,0,0
2026-10-04T14:07:30Z,shippingservice,currencyservice,0,0,0,0,0,0,0
2026-10-04T14:07:30Z,shippingservice,emailservice,0,0,0,0,0,0,0
2026-10-04T14:07:30Z,shippingservice,frontend,0,0,0,0,0,0,0
2026-10-04T14:07:30Z,shippingservice,kubernetes,0,0,0,0,0,0,0
2026-10-04T14:07:30Z,shippingservice,paymentservice,0,0,0,0,0,0,0
2026-10-04T14:07:30Z,shippingservice,productcatalogservice,0,0,0,0,0,0,0
2026-10-04T14:07:30Z,shippingservice,recommendationservice,0,0,0,0,0,0,0
2026-10-04T14:07:30Z,shippingservice,redis-cart,0,0,0,0,0,0,0
2026-10-04T14:07:30Z,shippingservice,shippingservice,0,0,0,0,0,0,0
2026-10-04T14:07:31Z,adservice,adservice,0,0,0,0,0,0,0
2026-10-04T14:07:31Z,adservice,cartservice,0,0,0,0,0,0,0
2026-10-04T14:07:31Z,adservice,checkoutservice,0,0,0,0,0,0,0
2026-10-04T14:07:31Z,adservice,currencyservice,0,0,0,0,0,0,0
2026-10-04T14:07:31Z,adservice,emailservice,0,0,0,0,0,0,0
2026-10-04T14:07:31Z,adservice,frontend,0,0,0,0,0,0,0
2026-10-04T14:07:31Z,adservice,kubernetes,0,0,0,0,0,0,0
2026-10-04T14:07:31Z,adservice,paymentservice,0,0,0,0,0,0,0
2026-10-04T14:07:31Z,adservice,productcatalogservice,0,0,0,0,0,0,0
2026-10-04T14:07:31Z,adservice,recommendationservice,0,0,0,0,0,0,0
2026-10-04T14:07:31Z,adservice,redis-cart,0,0,0,0,0,0,0
2026-10-04T14:07:31Z,adservice,shippingservice,0,0,0,0,0,0,0
2026-10-04T14:07:31Z,cartservice,adservice,0,0,0,0,0,0,0
2026-10-04T14:07:31Z,cartservice,cartservice,0,0,0,0,0,0,0
2026-10-04T14:07:31Z,cartservice,checkoutservice,0,0,0,0,0,0,0
2026-10-04T14:07:31Z,cartservice,currencyservice,0,0,0,0,0,0,0
2026-10-04T14:07:31Z,cartservice,emailservice,0,0,0,0,0,0,0
2026-10-04T14:07:31Z,cartservice,frontend,0,0,0,0,0,0,0
2026-10-04T14:07:31Z,cartservice,kubernetes,0,0,0,0,0,0,0
2026-10-04T14:07:31Z,cartservice,paymentservice,0,0,0,0,0,0,0
2026-10-04T14:07:31Z,cartservice,productcatalogservice,0,0,0,0,0,0,0
2026-10-04T14:07:31Z,cartservice,recommendationservice,0,0,0,0,0,0,0
2026-10-04T14:07:31Z,cartservice,redis-cart,2,0,0,0,0,0,0
2026-10-04T14:07:31Z,cartservice,shippingservice,0,0,0,0,0,0,0
2026-10-04T14:07:31Z,checkoutservice,adservice,0,0,0,0,0,0,0
2026-10-04T14:07:31Z,checkoutservice,cartservice,44222,43290,0,100,0,621829,42889
2026-10-04T14:07:31Z,checkoutservice,checkoutservice,0,0,0,0,0,0,0
2026-10-04T14:07:31Z,checkoutservice,currencyservice,33509,33509,0,0,0,531735,33310
2026-10-04T14:07:31Z,checkoutservice,emailservice,4746,4460,0,66,0,191915,4256
2026-10-04T14:07:31Z,checkoutservice,frontend,0,0,0,0,0,0,0
2026-10-04T14:07:31Z,checkoutservice,kubernetes,0,0,0,0,0,0,0
2026-10-04T14:07:31Z,checkoutservice,paymentservice,26775,24927,0,192,0,402528,24580
2026-10-04T14:07:31Z,checkoutservice,productcatalogservice,0,0,0,0,0,0,0
2026-10-04T14:07:31Z,checkoutservice,recommendationservice,0,0,0,0,0,0,0
2026-10-04T14:07:31Z,checkoutservice,redis-cart,0,0,0,0,0,0,0
2026-10-04T14:07:31Z,checkoutservice,shippingservice,49534,47431,0,154,0,475506,47028
2026-10-04T14:07:31Z,currencyservice,adservice,0,0,0,0,0,0,0
2026-10-04T14:07:31Z,currencyservice,cartservice,0,0,0,0,0,0,0
2026-10-04T14:07:31Z,currencyservice,checkoutservice,0,0,0,0,0,0,0
2026-10-04T14:07:31Z,currencyservice,currencyservice,0,0,0,0,0,0,0
2026-10-04T14:07:31Z,currencyservice,emailservice,0,0,0,0,0,0,0
2026-10-04T14:07:31Z,currencyservice,frontend,0,0,0,0,0,0,0
2026-10-04T14:07:31Z,currencyservice,kubernetes,0,0,0,0,0,0,0
2026-10-04T14:07:31Z,currencyservice,paymentservice,0,0,0,0,0,0,0
2026-10-04T14:07:31Z,currencyservice,productcatalogservice,0,0,0,0,0,0,0
2026-10-04T14:07:31Z,currencyservice,recommendationservice,0,0,0,0,0,0,0
2026-10-04T14:07:31Z,currencyservice,redis-cart,0,0,0,0,0,0,0
2026-10-04T14:07:31Z,currencyservice,shippingservice,0,0,0,0,0,0,0
2026-10-04T14:07:31Z,emailservice,adservice,0,0,0,0,0,0,0
2026-10-04T14:07:31Z,emailservice,cartservice,0,0,0,0,0,0,0
2026-10-04T14:07:31Z,emailservice,checkoutservice,0,0,0,0,0,0,0
2026-10-04T14:07:31Z,emailservice,currencyservice,0,0,0,0,0,0,0
2026-10-04T14:07:31Z,emailservice,emailservice,0,0,0,0,0,0,0
2026-10-04T14:07:31Z,emailservice,frontend,0,0,0,0,0,0,0
2026-10-04T14:07:31Z,emailservice,kubernetes,0,0,0,0,0,0,0
2026-10-04T14:07:31Z,emailservice,paymentservice,0,0,0,0,0,0,0
2026-10-04T14:07:31Z,emailservice,productcatalogservice,0,0,0,0,0,0,0
2026-10-04T14:07:31Z,emailservice,recommendationservice,0,0,0,0,0,0,0
2026-10-04T14:07:31Z,emailservice,redis-cart,0,0,0,0,0,0,0
2026-10-04T14:07:31Z,emailservice,shippingservice,0,0,0,0,0,0,0
2026-10-04T14:07:31Z,frontend,adservice,829631,829629,0,0,0,2502927,829231
2026-10-04T14:07:31Z,frontend,cartservice,1834330,1834316,0,0,4,10217271,1833186
2026-10-04T14:07:31Z,frontend,checkoutservice,392509,182539,0,40061,169943,61839747,182397
2026-10-04T14:07:31Z,frontend,currencyservice,2916459,2916450,0,0,0,15493327,2914657
2026-10-04T14:07:31Z,frontend,emailservice,0,0,0,0,0,0,0
2026-10-04T14:07:31Z,frontend,frontend,0,0,0,0,0,0,0
2026-10-04T14:07:31Z,frontend,kubernetes,0,0,0,0,0,0,0
2026-10-04T14:07:31Z,frontend,paymentservice,0,0,0,0,0,0,0
2026-10-04T14:07:31Z,frontend,productcatalogservice,8211794,8211715,0,0,0,56221826,8207389
2026-10-04T14:07:31Z,frontend,recommendationservice,2638985,1620882,0,106187,909389,792642931,1619899
2026-10-04T14:07:31Z,frontend,redis-cart,0,0,0,0,0,0,0
2026-10-04T14:07:31Z,frontend,shippingservice,304202,304199,0,0,0,925940,304053
2026-10-04T14:07:31Z,paymentservice,adservice,0,0,0,0,0,0,0
2026-10-04T14:07:31Z,paymentservice,cartservice,0,0,0,0,0,0,0
2026-10-04T14:07:31Z,paymentservice,checkoutservice,0,0,0,0,0,0,0
2026-10-04T14:07:31Z,paymentservice,currencyservice,0,0,0,0,0,0,0
2026-10-04T14:07:31Z,paymentservice,emailservice,0,0,0,0,0,0,0
2026-10-04T14:07:31Z,paymentservice,frontend,0,0,0,0,0,0,0
2026-10-04T14:07:31Z,paymentservice,kubernetes,0,0,0,0,0,0,0
2026-10-04T14:07:31Z,paymentservice,paymentservice,0,0,0,0,0,0,0
2026-10-04T14:07:31Z,paymentservice,productcatalogservice,0,0,0,0,0,0,0
2026-10-04T14:07:31Z,paymentservice,recommendationservice,0,0,0,0,0,0,0
2026-10-04T14:07:31Z,paymentservice,redis-cart,0,0,0,0,0,0,0
2026-10-04T14:07:31Z,paymentservice,shippingservice,0,0,0,0,0,0,0
2026-10-04T14:07:31Z,productcatalogservice,adservice,0,0,0,0,0,0,0
2026-10-04T14:07:31Z,productcatalogservice,cartservice,0,0,0,0,0,0,0
2026-10-04T14:07:31Z,productcatalogservice,checkoutservice,0,0,0,0,0,0,0
2026-10-04T14:07:31Z,productcatalogservice,currencyservice,0,0,0,0,0,0,0
2026-10-04T14:07:31Z,productcatalogservice,emailservice,0,0,0,0,0,0,0
2026-10-04T14:07:31Z,productcatalogservice,frontend,0,0,0,0,0,0,0
2026-10-04T14:07:31Z,productcatalogservice,kubernetes,0,0,0,0,0,0,0
2026-10-04T14:07:31Z,productcatalogservice,paymentservice,0,0,0,0,0,0,0
2026-10-04T14:07:31Z,productcatalogservice,productcatalogservice,0,0,0,0,0,0,0
2026-10-04T14:07:31Z,productcatalogservice,recommendationservice,0,0,0,0,0,0,0
2026-10-04T14:07:31Z,productcatalogservice,redis-cart,0,0,0,0,0,0,0
2026-10-04T14:07:31Z,productcatalogservice,shippingservice,0,0,0,0,0,0,0
2026-10-04T14:07:31Z,recommendationservice,adservice,0,0,0,0,0,0,0
2026-10-04T14:07:31Z,recommendationservice,cartservice,0,0,0,0,0,0,0
2026-10-04T14:07:31Z,recommendationservice,checkoutservice,0,0,0,0,0,0,0
2026-10-04T14:07:31Z,recommendationservice,currencyservice,0,0,0,0,0,0,0
2026-10-04T14:07:31Z,recommendationservice,emailservice,0,0,0,0,0,0,0
2026-10-04T14:07:31Z,recommendationservice,frontend,0,0,0,0,0,0,0
2026-10-04T14:07:31Z,recommendationservice,kubernetes,0,0,0,0,0,0,0
2026-10-04T14:07:31Z,recommendationservice,paymentservice,0,0,0,0,0,0,0
2026-10-04T14:07:31Z,recommendationservice,productcatalogservice,99864,99854,0,0,0,771931,99283
2026-10-04T14:07:31Z,recommendationservice,recommendationservice,0,0,0,0,0,0,0
2026-10-04T14:07:31Z,recommendationservice,redis-cart,0,0,0,0,0,0,0
2026-10-04T14:07:31Z,recommendationservice,shippingservice,0,0,0,0,0,0,0
2026-10-04T14:07:31Z,redis-cart,adservice,0,0,0,0,0,0,0
2026-10-04T14:07:31Z,redis-cart,cartservice,0,0,0,0,0,0,0
2026-10-04T14:07:31Z,redis-cart,checkoutservice,0,0,0,0,0,0,0
2026-10-04T14:07:31Z,redis-cart,currencyservice,0,0,0,0,0,0,0
2026-10-04T14:07:31Z,redis-cart,emailservice,0,0,0,0,0,0,0
2026-10-04T14:07:31Z,redis-cart,frontend,0,0,0,0,0,0,0
2026-10-04T14:07:31Z,redis-cart,kubernetes,0,0,0,0,0,0,0
2026-10-04T14:07:31Z,redis-cart,paymentservice,0,0,0,0,0,0,0
2026-10-04T14:07:31Z,redis-cart,productcatalogservice,0,0,0,0,0,0,0
2026-10-04T14:07:31Z,redis-cart,recommendationservice,0,0,0,0,0,0,0
2026-10-04T14:07:31Z,redis-cart,redis-cart,0,0,0,0,0,0,0
2026-10-04T14:07:31Z,redis-cart,shippingservice,0,0,0,0,0,0,0
2026-10-04T14:07:31Z,shippingservice,adservice,0,0,0,0,0,0,0
2026-10-04T14:07:31Z,shippingservice,cartservice,0,0,0,0,0,0,0
2026-10-04T14:07:31Z,shippingservice,checkoutservice,0,0,0,0,0,0,0
2026-10-04T14:07:31Z,shippingservice,currencyservice,0,0,0,0,0,0,0
2026-10-04T14:07:31Z,shippingservice,emailservice,0,0,0,0,0,0,0
2026-10-04T14:07:31Z,shippingservice,frontend,0,0,0,0,0,0,0
2026-10-04T14:07:31Z,shippingservice,kubernetes,0,0,0,0,0,0,0
2026-10-04T14:07:31Z,shippingservice,paymentservice,0,0,0,0,0,0,0
2026-10-04T14:07:31Z,shippingservice,productcatalogservice,0,0,0,0,0,0,0
2026-10-04T14:07:31Z,shippingservice,recommendationservice,0,0,0,0,0,0,0
2026-10-04T14:07:31Z,shippingservice,redis-cart,0,0,0,0,0,0,0
2026-10-04T14:07:31Z,shippingservice,shippingservice,0,0,0,0,0,0,0
2026-10-04T14:07:32Z,adservice,adservice,0,0,0,0,0,0,0
2026-10-04T14:07:32Z,adservice,cartservice,0,0,0,0,0,0,0
2026-10-04T14:07:32Z,adservice,checkoutservice,0,0,0,0,0,0,0
2026-10-04T14:07:32Z,adservice,currencyservice,0,0,0,0,0,0,0
2026-10-04T14:07:32Z,adservice,emailservice,0,0,0,0,0,0,0
2026-10-04T14:07:32Z,adservice,frontend,0,0,0,0,0,0,0
2026-10-04T14:07:32Z,adservice,kubernetes,0,0,0,0,0,0,0
2026-10-04T14:07:32Z,adservice,paymentservice,0,0,0,0,0,0,0
2026-10-04T14:07:32Z,adservice,productcatalogservice,0,0,0,0,0,0,0
2026-10-04T14:07:32Z,adservice,recommendationservice,0,0,0,0,0,0,0
2026-10-04T14:07:32Z,adservice,redis-cart,0,0,0,0,0,0,0
2026-10-04T14:07:32Z,adservice,shippingservice,0,0,0,0,0,0,0
2026-10-04T14:07:32Z,cartservice,adservice,0,0,0,0,0,0,0
2026-10-04T14:07:32Z,cartservice,cartservice,0,0,0,0,0,0,0
2026-10-04T14:07:32Z,cartservice,checkoutservice,0,0,0,0,0,0,0
2026-10-04T14:07:32Z,cartservice,currencyservice,0,0,0,0,0,0,0
2026-10-04T14:07:32Z,cartservice,emailservice,0,0,0,0,0,0,0
2026-10-04T14:07:32Z,cartservice,frontend,0,0,0,0,0,0,0
2026-10-04T14:07:32Z,cartservice,kubernetes,0,0,0,0,0,0,0
2026-10-04T14:07:32Z,cartservice,paymentservice,0,0,0,0,0,0,0
2026-10-04T14:07:32Z,cartservice,productcatalogservice,0,0,0,0,0,0,0
2026-10-04T14:07:32Z,cartservice,recommendationservice,0,0,0,0,0,0,0
2026-10-04T14:07:32Z,cartservice,redis-cart,2,0,0,0,0,0,0
2026-10-04T14:07:32Z,cartservice,shippingservice,0,0,0,0,0,0,0
2026-10-04T14:07:32Z,checkoutservice,adservice,0,0,0,0,0,0,0
2026-10-04T14:07:32Z,checkoutservice,cartservice,44359,43428,0,100,0,623926,43370
2026-10-04T14:07:32Z,checkoutservice,checkoutservice,0,0,0,0,0,0,0
2026-10-04T14:07:32Z,checkoutservice,currencyservice,33578,33578,0,0,0,532696,33549
2026-10-04T14:07:32Z,checkoutservice,emailservice,4815,4527,0,66,0,196027,4499
2026-10-04T14:07:32Z,checkoutservice,frontend,0,0,0,0,0,0,0
2026-10-04T14:07:32Z,checkoutservice,kubernetes,0,0,0,0,0,0,0
2026-10-04T14:07:32Z,checkoutservice,paymentservice,26844,24996,0,192,0,403737,24819
2026-10-04T14:07:32Z,checkoutservice,productcatalogservice,0,0,0,0,0,0,0
2026-10-04T14:07:32Z,checkoutservice,recommendationservice,0,0,0,0,0,0,0
2026-10-04T14:07:32Z,checkoutservice,redis-cart,0,0,0,0,0,0,0
2026-10-04T14:07:32Z,checkoutservice,shippingservice,49671,47568,0,154,0,476544,47509
2026-10-04T14:07:32Z,currencyservice,adservice,0,0,0,0,0,0,0
2026-10-04T14:07:32Z,currencyservice,cartservice,0,0,0,0,0,0,0
2026-10-04T14:07:32Z,currencyservice,checkoutservice,0,0,0,0,0,0,0
2026-10-04T14:07:32Z,currencyservice,currencyservice,0,0,0,0,0,0,0
2026-10-04T14:07:32Z,currencyservice,emailservice,0,0,0,0,0,0,0
2026-10-04T14:07:32Z,currencyservice,frontend,0,0,0,0,0,0,0
2026-10-04T14:07:32Z,currencyservice,kubernetes,0,0,0,0,0,0,0
2026-10-04T14:07:32Z,currencyservice,paymentservice,0,0,0,0,0,0,0
2026-10-04T14:07:32Z,currencyservice,productcatalogservice,0,0,0,0,0,0,0
2026-10-04T14:07:32Z,currencyservice,recommendationservice,0,0,0,0,0,0,0
2026-10-04T14:07:32Z,currencyservice,redis-cart,0,0,0,0,0,0,0
2026-10-04T14:07:32Z,currencyservice,shippingservice,0,0,0,0,0,0,0
2026-10-04T14:07:32Z,emailservice,adservice,0,0,0,0,0,0,0
2026-10-04T14:07:32Z,emailservice,cartservice,0,0,0,0,0,0,0
2026-10-04T14:07:32Z,emailservice,checkoutservice,0,0,0,0,0,0,0
2026-10-04T14:07:32Z,emailservice,currencyservice,0,0,0,0,0,0,0
2026-10-04T14:07:32Z,emailservice,emailservice,0,0,0,0,0,0,0
2026-10-04T14:07:32Z,emailservice,frontend,0,0,0,0,0,0,0
2026-10-04T14:07:32Z,emailservice,kubernetes,0,0,0,0,0,0,0
2026-10-04T14:07:32Z,emailservice,paymentservice,0,0,0,0,0,0,0
2026-10-04T14:07:32Z,emailservice,productcatalogservice,0,0,0,0,0,0,0
2026-10-04T14:07:32Z,emailservice,recommendationservice,0,0,0,0,0,0,0
2026-10-04T14:07:32Z,emailservice,redis-cart,0,0,0,0,0,0,0
2026-10-04T14:07:32Z,emailservice,shippingservice,0,0,0,0,0,0,0
2026-10-04T14:07:32Z,frontend,adservice,829783,829780,0,0,0,2502927,829231
2026-10-04T14:07:32Z,frontend,cartservice,1834710,1834695,0,0,4,10217271,1833186
2026-10-04T14:07:32Z,frontend,checkoutservice,392576,182608,0,40061,169943,61839747,182397
2026-10-04T14:07:32Z,frontend,currencyservice,2917053,2917046,0,0,0,15493327,2914657
2026-10-04T14:07:32Z,frontend,emailservice,0,0,0,0,0,0,0
2026-10-04T14:07:32Z,frontend,frontend,0,0,0,0,0,0,0
2026-10-04T14:07:32Z,frontend,kubernetes,0,0,0,0,0,0,0
2026-10-04T14:07:32Z,frontend,paymentservice,0,0,0,0,0,0,0
2026-10-04T14:07:32Z,frontend,productcatalogservice,8213427,8213353,0,0,0,56221826,8207389
2026-10-04T14:07:32Z,frontend,recommendationservice,2639690,1621205,0,106229,909722,792642931,1619899
2026-10-04T14:07:32Z,frontend,redis-cart,0,0,0,0,0,0,0
2026-10-04T14:07:32Z,frontend,shippingservice,304255,304253,0,0,0,925940,304053
2026-10-04T14:07:32Z,paymentservice,adservice,0,0,0,0,0,0,0
2026-10-04T14:07:32Z,paymentservice,cartservice,0,0,0,0,0,0,0
2026-10-04T14:07:32Z,paymentservice,checkoutservice,0,0,0,0,0,0,0
2026-10-04T14:07:32Z,paymentservice,currencyservice,0,0,0,0,0,0,0
2026-10-04T14:07:32Z,paymentservice,emailservice,0,0,0,0,0,0,0
2026-10-04T14:07:32Z,paymentservice,frontend,0,0,0,0,0,0,0
2026-10-04T14:07:32Z,paymentservice,kubernetes,0,0,0,0,0,0,0
2026-10-04T14:07:32Z,paymentservice,paymentservice,0,0,0,0,0,0,0
2026-10-04T14:07:32Z,paymentservice,productcatalogservice,0,0,0,0,0,0,0
2026-10-04T14:07:32Z,paymentservice,recommendationservice,0,0,0,0,0,0,0
2026-10-04T14:07:32Z,paymentservice,redis-cart,0,0,0,0,0,0,0
2026-10-04T14:07:32Z,paymentservice,shippingservice,0,0,0,0,0,0,0
2026-10-04T14:07:32Z,productcatalogservice,adservice,0,0,0,0,0,0,0
2026-10-04T14:07:32Z,productcatalogservice,cartservice,0,0,0,0,0,0,0
2026-10-04T14:07:32Z,productcatalogservice,checkoutservice,0,0,0,0,0,0,0
2026-10-04T14:07:32Z,productcatalogservice,currencyservice,0,0,0,0,0,0,0
2026-10-04T14:07:32Z,productcatalogservice,emailservice,0,0,0,0,0,0,0
2026-10-04T14:07:32Z,productcatalogservice,frontend,0,0,0,0,0,0,0
2026-10-04T14:07:32Z,productcatalogservice,kubernetes,0,0,0,0,0,0,0
2026-10-04T14:07:32Z,productcatalogservice,paymentservice,0,0,0,0,0,0,0
2026-10-04T14:07:32Z,productcatalogservice,productcatalogservice,0,0,0,0,0,0,0
2026-10-04T14:07:32Z,productcatalogservice,recommendationservice,0,0,0,0,0,0,0
2026-10-04T14:07:32Z,productcatalogservice,redis-cart,0,0,0,0,0,0,0
2026-10-04T14:07:32Z,productcatalogservice,shippingservice,0,0,0,0,0,0,0
2026-10-04T14:07:32Z,recommendationservice,adservice,0,0,0,0,0,0,0
2026-10-04T14:07:32Z,recommendationservice,cartservice,0,0,0,0,0,0,0
2026-10-04T14:07:32Z,recommendationservice,checkoutservice,0,0,0,0,0,0,0
2026-10-04T14:07:32Z,recommendationservice,currencyservice,0,0,0,0,0,0,0
2026-10-04T14:07:32Z,recommendationservice,emailservice,0,0,0,0,0,0,0
2026-10-04T14:07:32Z,recommendationservice,frontend,0,0,0,0,0,0,0
2026-10-04T14:07:32Z,recommendationservice,kubernetes,0,0,0,0,0,0,0
2026-10-04T14:07:32Z,recommendationservice,paymentservice,0,0,0,0,0,0,0
2026-10-04T14:07:32Z,recommendationservice,productcatalogservice,100262,100258,0,0,0,771931,99283
2026-10-04T14:07:32Z,recommendationservice,recommendationservice,0,0,0,0,0,0,0
2026-10-04T14:07:32Z,recommendationservice,redis-cart,0,0,0,0,0,0,0
2026-10-04T14:07:32Z,recommendationservice,shippingservice,0,0,0,0,0,0,0
2026-10-04T14:07:32Z,redis-cart,adservice,0,0,0,0,0,0,0
2026-10-04T14:07:32Z,redis-cart,cartservice,0,0,0,0,0,0,0
2026-10-04T14:07:32Z,redis-cart,checkoutservice,0,0,0,0,0,0,0
2026-10-04T14:07:32Z,redis-cart,currencyservice,0,0,0,0,0,0,0
2026-10-04T14:07:32Z,redis-cart,emailservice,0,0,0,0,0,0,0
2026-10-04T14:07:32Z,redis-cart,frontend,0,0,0,0,0,0,0
2026-10-04T14:07:32Z,redis-cart,kubernetes,0,0,0,0,0,0,0
2026-10-04T14:07:32Z,redis-cart,paymentservice,0,0,0,0,0,0,0
2026-10-04T14:07:32Z,redis-cart,productcatalogservice,0,0,0,0,0,0,0
2026-10-04T14:07:32Z,redis-cart,recommendationservice,0,0,0,0,0,0,0
2026-10-04T14:07:32Z,redis-cart,redis-cart,0,0,0,0,0,0,0
2026-10-04T14:07:32Z,redis-cart,shippingservice,0,0,0,0,0,0,0
2026-10-04T14:07:32Z,shippingservice,adservice,0,0,0,0,0,0,0
2026-10-04T14:07:32Z,shippingservice,cartservice,0,0,0,0,0,0,0
2026-10-04T14:07:32Z,shippingservice,checkoutservice,0,0,0,0,0,0,0
2026-10-04T14:07:32Z,shippingservice,currencyservice,0,0,0,0,0,0,0
2026-10-04T14:07:32Z,shippingservice,emailservice,0,0,0,0,0,0,0
2026-10-04T14:07:32Z,shippingservice,frontend,0,0,0,0,0,0,0
2026-10-04T14:07:32Z,shippingservice,kubernetes,0,0,0,0,0,0,0
2026-10-04T14:07:32Z,shippingservice,paymentservice,0,0,0,0,0,0,0
2026-10-04T14:07:32Z,shippingservice,productcatalogservice,0,0,0,0,0,0,0
2026-10-04T14:07:32Z,shippingservice,recommendationservice,0,0,0,0,0,0,0
2026-10-04T14:07:32Z,shippingservice,redis-cart,0,0,0,0,0,0,0
2026-10-04T14:07:32Z,shippingservice,shippingservice,0,0,0,0,0,0,0
2026-10-04T14:07:33Z,adservice,adservice,0,0,0,0,0,0,0
2026-10-04T14:07:33Z,adservice,cartservice,0,0,0,0,0,0,0
2026-10-04T14:07:33Z,adservice,checkoutservice,0,0,0,0,0,0,0
2026-10-04T14:07:33Z,adservice,currencyservice,0,0,0,0,0,0,0
2026-10-04T14:07:33Z,adservice,emailservice,0,0,0,0,0,0,0
2026-10-04T14:07:33Z,adservice,frontend,0,0,0,0,0,0,0
2026-10-04T14:07:33Z,adservice,kubernetes,0,0,0,0,0,0,0
2026-10-04T14:07:33Z,adservice,paymentservice,0,0,0,0,0,0,0
2026-10-04T14:07:33Z,adservice,productcatalogservice,0,0,0,0,0,0,0
2026-10-04T14:07:33Z,adservice,recommendationservice,0,0,0,0,0,0,0
2026-10-04T14:07:33Z,adservice,redis-cart,0,0,0,0,0,0,0
2026-10-04T14:07:33Z,adservice,shippingservice,0,0,0,0,0,0,0
2026-10-04T14:07:33Z,cartservice,adservice,0,0,0,0,0,0,0
2026-10-04T14:07:33Z,cartservice,cartservice,0,0,0,0,0,0,0
2026-10-04T14:07:33Z,cartservice,checkoutservice,0,0,0,0,0,0,0
2026-10-04T14:07:33Z,cartservice,currencyservice,0,0,0,0,0,0,0
2026-10-04T14:07:33Z,cartservice,emailservice,0,0,0,0,0,0,0
2026-10-04T14:07:33Z,cartservice,frontend,0,0,0,0,0,0,0
2026-10-04T14:07:33Z,cartservice,kubernetes,0,0,0,0,0,0,0
2026-10-04T14:07:33Z,cartservice,paymentservice,0,0,0,0,0,0,0
2026-10-04T14:07:33Z,cartservice,productcatalogservice,0,0,0,0,0,0,0
2026-10-04T14:07:33Z,cartservice,recommendationservice,0,0,0,0,0,0,0
2026-10-04T14:07:33Z,cartservice,redis-cart,2,0,0,0,0,0,0
2026-10-04T14:07:33Z,cartservice,shippingservice,0,0,0,0,0,0,0
2026-10-04T14:07:33Z,checkoutservice,adservice,0,0,0,0,0,0,0
2026-10-04T14:07:33Z,checkoutservice,cartservice,44504,43573,0,100,0,623926,43370
2026-10-04T14:07:33Z,checkoutservice,checkoutservice,0,0,0,0,0,0,0
2026-10-04T14:07:33Z,checkoutservice,currencyservice,33650,33650,0,0,0,532696,33549
2026-10-04T14:07:33Z,checkoutservice,emailservice,4888,4596,0,66,0,196027,4499
2026-10-04T14:07:33Z,checkoutservice,frontend,0,0,0,0,0,0,0
2026-10-04T14:07:33Z,checkoutservice,kubernetes,0,0,0,0,0,0,0
2026-10-04T14:07:33Z,checkoutservice,paymentservice,26916,25068,0,192,0,403737,24819
2026-10-04T14:07:33Z,checkoutservice,productcatalogservice,0,0,0,0,0,0,0
2026-10-04T14:07:33Z,checkoutservice,recommendationservice,0,0,0,0,0,0,0
2026-10-04T14:07:33Z,checkoutservice,redis-cart,0,0,0,0,0,0,0
2026-10-04T14:07:33Z,checkoutservice,shippingservice,49816,47713,0,154,0,476544,47509
2026-10-04T14:07:33Z,currencyservice,adservice,0,0,0,0,0,0,0
2026-10-04T14:07:33Z,currencyservice,cartservice,0,0,0,0,0,0,0
2026-10-04T14:07:33Z,currencyservice,checkoutservice,0,0,0,0,0,0,0
2026-10-04T14:07:33Z,currencyservice,currencyservice,0,0,0,0,0,0,0
2026-10-04T14:07:33Z,currencyservice,emailservice,0,0,0,0,0,0,0
2026-10-04T14:07:33Z,currencyservice,frontend,0,0,0,0,0,0,0
2026-10-04T14:07:33Z,currencyservice,kubernetes,0,0,0,0,0,0,0
2026-10-04T14:07:33Z,currencyservice,paymentservice,0,0,0,0,0,0,0
2026-10-04T14:07:33Z,currencyservice,productcatalogservice,0,0,0,0,0,0,0
2026-10-04T14:07:33Z,currencyservice,recommendationservice,0,0,0,0,0,0,0
2026-10-04T14:07:33Z,currencyservice,redis-cart,0,0,0,0,0,0,0
2026-10-04T14:07:33Z,currencyservice,shippingservice,0,0,0,0,0,0,0
2026-10-04T14:07:33Z,emailservice,adservice,0,0,0,0,0,0,0
2026-10-04T14:07:33Z,emailservice,cartservice,0,0,0,0,0,0,0
2026-10-04T14:07:33Z,emailservice,checkoutservice,0,0,0,0,0,0,0
2026-10-04T14:07:33Z,emailservice,currencyservice,0,0,0,0,0,0,0
2026-10-04T14:07:33Z,emailservice,emailservice,0,0,0,0,0,0,0
2026-10-04T14:07:33Z,emailservice,frontend,0,0,0,0,0,0,0
2026-10-04T14:07:33Z,emailservice,kubernetes,0,0,0,0,0,0,0
2026-10-04T14:07:33Z,emailservice,paymentservice,0,0,0,0,0,0,0
2026-10-04T14:07:33Z,emailservice,productcatalogservice,0,0,0,0,0,0,0
2026-10-04T14:07:33Z,emailservice,recommendationservice,0,0,0,0,0,0,0
2026-10-04T14:07:33Z,emailservice,redis-cart,0,0,0,0,0,0,0
2026-10-04T14:07:33Z,emailservice,shippingservice,0,0,0,0,0,0,0
2026-10-04T14:07:33Z,frontend,adservice,829933,829931,0,0,0,2503347,829396
2026-10-04T14:07:33Z,frontend,cartservice,1835113,1835101,0,0,4,10219665,1833696
2026-10-04T14:07:33Z,frontend,checkoutservice,392641,182674,0,40061,169943,61845791,182452
2026-10-04T14:07:33Z,frontend,currencyservice,2917743,2917734,0,0,0,15496434,2915409
2026-10-04T14:07:33Z,frontend,emailservice,0,0,0,0,0,0,0
2026-10-04T14:07:33Z,frontend,frontend,0,0,0,0,0,0,0
2026-10-04T14:07:33Z,frontend,kubernetes,0,0,0,0,0,0,0
2026-10-04T14:07:33Z,frontend,paymentservice,0,0,0,0,0,0,0
2026-10-04T14:07:33Z,frontend,productcatalogservice,8215096,8215028,0,0,0,56235965,8209289
2026-10-04T14:07:33Z,frontend,recommendationservice,2640365,1621554,0,106283,909983,792994491,1620344
2026-10-04T14:07:33Z,frontend,redis-cart,0,0,0,0,0,0,0
2026-10-04T14:07:33Z,frontend,shippingservice,304313,304311,0,0,0,926079,304128
2026-10-04T14:07:33Z,paymentservice,adservice,0,0,0,0,0,0,0
2026-10-04T14:07:33Z,paymentservice,cartservice,0,0,0,0,0,0,0
2026-10-04T14:07:33Z,paymentservice,checkoutservice,0,0,0,0,0,0,0
2026-10-04T14:07:33Z,paymentservice,currencyservice,0,0,0,0,0,0,0
2026-10-04T14:07:33Z,paymentservice,emailservice,0,0,0,0,0,0,0
2026-10-04T14:07:33Z,paymentservice,frontend,0,0,0,0,0,0,0
2026-10-04T14:07:33Z,paymentservice,kubernetes,0,0,0,0,0,0,0
2026-10-04T14:07:33Z,paymentservice,paymentservice,0,0,0,0,0,0,0
2026-10-04T14:07:33Z,paymentservice,productcatalogservice,0,0,0,0,0,0,0
2026-10-04T14:07:33Z,paymentservice,recommendationservice,0,0,0,0,0,0,0
2026-10-04T14:07:33Z,paymentservice,redis-cart,0,0,0,0,0,0,0
2026-10-04T14:07:33Z,paymentservice,shippingservice,0,0,0,0,0,0,0
2026-10-04T14:07:33Z,productcatalogservice,adservice,0,0,0,0,0,0,0
2026-10-04T14:07:33Z,productcatalogservice,cartservice,0,0,0,0,0,0,0
2026-10-04T14:07:33Z,productcatalogservice,checkoutservice,0,0,0,0,0,0,0
2026-10-04T14:07:33Z,productcatalogservice,currencyservice,0,0,0,0,0,0,0
2026-10-04T14:07:33Z,productcatalogservice,emailservice,0,0,0,0,0,0,0
2026-10-04T14:07:33Z,productcatalogservice,frontend,0,0,0,0,0,0,0
2026-10-04T14:07:33Z,productcatalogservice,kubernetes,0,0,0,0,0,0,0
2026-10-04T14:07:33Z,productcatalogservice,paymentservice,0,0,0,0,0,0,0
2026-10-04T14:07:33Z,productcatalogservice,productcatalogservice,0,0,0,0,0,0,0
2026-10-04T14:07:33Z,productcatalogservice,recommendationservice,0,0,0,0,0,0,0
2026-10-04T14:07:33Z,productcatalogservice,redis-cart,0,0,0,0,0,0,0
2026-10-04T14:07:33Z,productcatalogservice,shippingservice,0,0,0,0,0,0,0
2026-10-04T14:07:33Z,recommendationservice,adservice,0,0,0,0,0,0,0
2026-10-04T14:07:33Z,recommendationservice,cartservice,0,0,0,0,0,0,0
2026-10-04T14:07:33Z,recommendationservice,checkoutservice,0,0,0,0,0,0,0
2026-10-04T14:07:33Z,recommendationservice,currencyservice,0,0,0,0,0,0,0
2026-10-04T14:07:33Z,recommendationservice,emailservice,0,0,0,0,0,0,0
2026-10-04T14:07:33Z,recommendationservice,frontend,0,0,0,0,0,0,0
2026-10-04T14:07:33Z,recommendationservice,kubernetes,0,0,0,0,0,0,0
2026-10-04T14:07:33Z,recommendationservice,paymentservice,0,0,0,0,0,0,0
2026-10-04T14:07:33Z,recommendationservice,productcatalogservice,100675,100675,0,0,0,771931,99283
2026-10-04T14:07:33Z,recommendationservice,recommendationservice,0,0,0,0,0,0,0
2026-10-04T14:07:33Z,recommendationservice,redis-cart,0,0,0,0,0,0,0
2026-10-04T14:07:33Z,recommendationservice,shippingservice,0,0,0,0,0,0,0
2026-10-04T14:07:33Z,redis-cart,adservice,0,0,0,0,0,0,0
2026-10-04T14:07:33Z,redis-cart,cartservice,0,0,0,0,0,0,0
2026-10-04T14:07:33Z,redis-cart,checkoutservice,0,0,0,0,0,0,0
2026-10-04T14:07:33Z,redis-cart,currencyservice,0,0,0,0,0,0,0
2026-10-04T14:07:33Z,redis-cart,emailservice,0,0,0,0,0,0,0
2026-10-04T14:07:33Z,redis-cart,frontend,0,0,0,0,0,0,0
2026-10-04T14:07:33Z,redis-cart,kubernetes,0,0,0,0,0,0,0
2026-10-04T14:07:33Z,redis-cart,paymentservice,0,0,0,0,0,0,0
2026-10-04T14:07:33Z,redis-cart,productcatalogservice,0,0,0,0,0,0,0
2026-10-04T14:07:33Z,redis-cart,recommendationservice,0,0,0,0,0,0,0
2026-10-04T14:07:33Z,redis-cart,redis-cart,0,0,0,0,0,0,0
2026-10-04T14:07:33Z,redis-cart,shippingservice,0,0,0,0,0,0,0
2026-10-04T14:07:33Z,shippingservice,adservice,0,0,0,0,0,0,0
2026-10-04T14:07:33Z,shippingservice,cartservice,0,0,0,0,0,0,0
2026-10-04T14:07:33Z,shippingservice,checkoutservice,0,0,0,0,0,0,0
2026-10-04T14:07:33Z,shippingservice,currencyservice,0,0,0,0,0,0,0
2026-10-04T14:07:33Z,shippingservice,emailservice,0,0,0,0,0,0,0
2026-10-04T14:07:33Z,shippingservice,frontend,0,0,0,0,0,0,0
2026-10-04T14:07:33Z,shippingservice,kubernetes,0,0,0,0,0,0,0
2026-10-04T14:07:33Z,shippingservice,paymentservice,0,0,0,0,0,0,0
2026-10-04T14:07:33Z,shippingservice,productcatalogservice,0,0,0,0,0,0,0
2026-10-04T14:07:33Z,shippingservice,recommendationservice,0,0,0,0,0,0,0
2026-10-04T14:07:33Z,shippingservice,redis-cart,0,0,0,0,0,0,0
2026-10-04T14:07:33Z,shippingservice,shippingservice,0,0,0,0,0,0,0
2026-10-04T14:07:34Z,adservice,adservice,0,0,0,0,0,0,0
2026-10-04T14:07:34Z,adservice,cartservice,0,0,0,0,0,0,0
2026-10-04T14:07:34Z,adservice,checkoutservice,0,0,0,0,0,0,0
2026-10-04T14:07:34Z,adservice,currencyservice,0,0,0,0,0,0,0
2026-10-04T14:07:34Z,adservice,emailservice,0,0,0,0,0,0,0
2026-10-04T14:07:34Z,adservice,frontend,0,0,0,0,0,0,0
2026-10-04T14:07:34Z,adservice,kubernetes,0,0,0,0,0,0,0
2026-10-04T14:07:34Z,adservice,paymentservice,0,0,0,0,0,0,0
2026-10-04T14:07:34Z,adservice,productcatalogservice,0,0,0,0,0,0,0
2026-10-04T14:07:34Z,adservice,recommendationservice,0,0,0,0,0,0,0
2026-10-04T14:07:34Z,adservice,redis-cart,0,0,0,0,0,0,0
2026-10-04T14:07:34Z,adservice,shippingservice,0,0,0,0,0,0,0
2026-10-04T14:07:34Z,cartservice,adservice,0,0,0,0,0,0,0
2026-10-04T14:07:34Z,cartservice,cartservice,0,0,0,0,0,0,0
2026-10-04T14:07:34Z,cartservice,checkoutservice,0,0,0,0,0,0,0
2026-10-04T14:07:34Z,cartservice,currencyservice,0,0,0,0,0,0,0
2026-10-04T14:07:34Z,cartservice,emailservice,0,0,0,0,0,0,0
2026-10-04T14:07:34Z,cartservice,frontend,0,0,0,0,0,0,0
2026-10-04T14:07:34Z,cartservice,kubernetes,0,0,0,0,0,0,0
2026-10-04T14:07:34Z,cartservice,paymentservice,0,0,0,0,0,0,0
2026-10-04T14:07:34Z,cartservice,productcatalogservice,0,0,0,0,0,0,0
2026-10-04T14:07:34Z,cartservice,recommendationservice,0,0,0,0,0,0,0
2026-10-04T14:07:34Z,cartservice,redis-cart,2,0,0,0,0,0,0
2026-10-04T14:07:34Z,cartservice,shippingservice,0,0,0,0,0,0,0
2026-10-04T14:07:34Z,checkoutservice,adservice,0,0,0,0,0,0,0
2026-10-04T14:07:34Z,checkoutservice,cartservice,44615,43682,0,100,0,623926,43370
2026-10-04T14:07:34Z,checkoutservice,checkoutservice,0,0,0,0,0,0,0
2026-10-04T14:07:34Z,checkoutservice,currencyservice,33707,33707,0,0,0,532696,33549
2026-10-04T14:07:34Z,checkoutservice,emailservice,4937,4651,0,66,0,196027,4499
2026-10-04T14:07:34Z,checkoutservice,frontend,0,0,0,0,0,0,0
2026-10-04T14:07:34Z,checkoutservice,kubernetes,0,0,0,0,0,0,0
2026-10-04T14:07:34Z,checkoutservice,paymentservice,26970,25122,0,192,0,403737,24819
2026-10-04T14:07:34Z,checkoutservice,productcatalogservice,0,0,0,0,0,0,0
2026-10-04T14:07:34Z,checkoutservice,recommendationservice,0,0,0,0,0,0,0
2026-10-04T14:07:34Z,checkoutservice,redis-cart,0,0,0,0,0,0,0
2026-10-04T14:07:34Z,checkoutservice,shippingservice,49926,47823,0,154,0,476544,47509
2026-10-04T14:07:34Z,currencyservice,adservice,0,0,0,0,0,0,0
2026-10-04T14:07:34Z,currencyservice,cartservice,0,0,0,0,0,0,0
2026-10-04T14:07:34Z,currencyservice,checkoutservice,0,0,0,0,0,0,0
2026-10-04T14:07:34Z,currencyservice,currencyservice,0,0,0,0,0,0,0
2026-10-04T14:07:34Z,currencyservice,emailservice,0,0,0,0,0,0,0
2026-10-04T14:07:34Z,currencyservice,frontend,0,0,0,0,0,0,0
2026-10-04T14:07:34Z,currencyservice,kubernetes,0,0,0,0,0,0,0
2026-10-04T14:07:34Z,currencyservice,paymentservice,0,0,0,0,0,0,0
2026-10-04T14:07:34Z,currencyservice,productcatalogservice,0,0,0,0,0,0,0
2026-10-04T14:07:34Z,currencyservice,recommendationservice,0,0,0,0,0,0,0
2026-10-04T14:07:34Z,currencyservice,redis-cart,0,0,0,0,0,0,0
2026-10-04T14:07:34Z,currencyservice,shippingservice,0,0,0,0,0,0,0
2026-10-04T14:07:34Z,emailservice,adservice,0,0,0,0,0,0,0
2026-10-04T14:07:34Z,emailservice,cartservice,0,0,0,0,0,0,0
2026-10-04T14:07:34Z,emailservice,checkoutservice,0,0,0,0,0,0,0
2026-10-04T14:07:34Z,emailservice,currencyservice,0,0,0,0,0,0,0
2026-10-04T14:07:34Z,emailservice,emailservice,0,0,0,0,0,0,0
2026-10-04T14:07:34Z,emailservice,frontend,0,0,0,0,0,0,0
2026-10-04T14:07:34Z,emailservice,kubernetes,0,0,0,0,0,0,0
2026-10-04T14:07:34Z,emailservice,paymentservice,0,0,0,0,0,0,0
2026-10-04T14:07:34Z,emailservice,productcatalogservice,0,0,0,0,0,0,0
2026-10-04T14:07:34Z,emailservice,recommendationservice,0,0,0,0,0,0,0
2026-10-04T14:07:34Z,emailservice,redis-cart,0,0,0,0,0,0,0
2026-10-04T14:07:34Z,emailservice,shippingservice,0,0,0,0,0,0,0
2026-10-04T14:07:34Z,frontend,adservice,830064,830061,0,0,0,2505112,829956
2026-10-04T14:07:34Z,frontend,cartservice,1835495,1835482,0,0,4,10226281,1835161
2026-10-04T14:07:34Z,frontend,checkoutservice,392696,182726,0,40061,169943,61871581,182682
2026-10-04T14:07:34Z,frontend,currencyservice,2918328,2918320,0,0,0,15505733,2917828
2026-10-04T14:07:34Z,frontend,emailservice,0,0,0,0,0,0,0
2026-10-04T14:07:34Z,frontend,frontend,0,0,0,0,0,0,0
2026-10-04T14:07:34Z,frontend,kubernetes,0,0,0,0,0,0,0
2026-10-04T14:07:34Z,frontend,paymentservice,0,0,0,0,0,0,0
2026-10-04T14:07:34Z,frontend,productcatalogservice,8216572,8216507,0,0,0,56271314,8215388
2026-10-04T14:07:34Z,frontend,recommendationservice,2641098,1621902,0,106313,910346,794004671,1621637
2026-10-04T14:07:34Z,frontend,redis-cart,0,0,0,0,0,0,0
2026-10-04T14:07:34Z,frontend,shippingservice,304366,304364,0,0,0,926559,304331
2026-10-04T14:07:34Z,paymentservice,adservice,0,0,0,0,0,0,0
2026-10-04T14:07:34Z,paymentservice,cartservice,0,0,0,0,0,0,0
2026-10-04T14:07:34Z,paymentservice,checkoutservice,0,0,0,0,0,0,0
2026-10-04T14:07:34Z,paymentservice,currencyservice,0,0,0,0,0,0,0
2026-10-04T14:07:34Z,paymentservice,emailservice,0,0,0,0,0,0,0
2026-10-04T14:07:34Z,paymentservice,frontend,0,0,0,0,0,0,0
2026-10-04T14:07:34Z,paymentservice,kubernetes,0,0,0,0,0,0,0
2026-10-04T14:07:34Z,paymentservice,paymentservice,0,0,0,0,0,0,0
2026-10-04T14:07:34Z,paymentservice,productcatalogservice,0,0,0,0,0,0,0
2026-10-04T14:07:34Z,paymentservice,recommendationservice,0,0,0,0,0,0,0
2026-10-04T14:07:34Z,paymentservice,redis-cart,0,0,0,0,0,0,0
2026-10-04T14:07:34Z,paymentservice,shippingservice,0,0,0,0,0,0,0
2026-10-04T14:07:34Z,productcatalogservice,adservice,0,0,0,0,0,0,0
2026-10-04T14:07:34Z,productcatalogservice,cartservice,0,0,0,0,0,0,0
2026-10-04T14:07:34Z,productcatalogservice,checkoutservice,0,0,0,0,0,0,0
2026-10-04T14:07:34Z,productcatalogservice,currencyservice,0,0,0,0,0,0,0
2026-10-04T14:07:34Z,productcatalogservice,emailservice,0,0,0,0,0,0,0
2026-10-04T14:07:34Z,productcatalogservice,frontend,0,0,0,0,0,0,0
2026-10-04T14:07:34Z,productcatalogservice,kubernetes,0,0,0,0,0,0,0
2026-10-04T14:07:34Z,productcatalogservice,paymentservice,0,0,0,0,0,0,0
2026-10-04T14:07:34Z,productcatalogservice,productcatalogservice,0,0,0,0,0,0,0
2026-10-04T14:07:34Z,productcatalogservice,recommendationservice,0,0,0,0,0,0,0
2026-10-04T14:07:34Z,productcatalogservice,redis-cart,0,0,0,0,0,0,0
2026-10-04T14:07:34Z,productcatalogservice,shippingservice,0,0,0,0,0,0,0
2026-10-04T14:07:34Z,recommendationservice,adservice,0,0,0,0,0,0,0
2026-10-04T14:07:34Z,recommendationservice,cartservice,0,0,0,0,0,0,0
2026-10-04T14:07:34Z,recommendationservice,checkoutservice,0,0,0,0,0,0,0
2026-10-04T14:07:34Z,recommendationservice,currencyservice,0,0,0,0,0,0,0
2026-10-04T14:07:34Z,recommendationservice,emailservice,0,0,0,0,0,0,0
2026-10-04T14:07:34Z,recommendationservice,frontend,0,0,0,0,0,0,0
2026-10-04T14:07:34Z,recommendationservice,kubernetes,0,0,0,0,0,0,0
2026-10-04T14:07:34Z,recommendationservice,paymentservice,0,0,0,0,0,0,0
2026-10-04T14:07:34Z,recommendationservice,productcatalogservice,101107,101106,0,0,0,771931,99283
2026-10-04T14:07:34Z,recommendationservice,recommendationservice,0,0,0,0,0,0,0
2026-10-04T14:07:34Z,recommendationservice,redis-cart,0,0,0,0,0,0,0
2026-10-04T14:07:34Z,recommendationservice,shippingservice,0,0,0,0,0,0,0
2026-10-04T14:07:34Z,redis-cart,adservice,0,0,0,0,0,0,0
2026-10-04T14:07:34Z,redis-cart,cartservice,0,0,0,0,0,0,0
2026-10-04T14:07:34Z,redis-cart,checkoutservice,0,0,0,0,0,0,0
2026-10-04T14:07:34Z,redis-cart,currencyservice,0,0,0,0,0,0,0
2026-10-04T14:07:34Z,redis-cart,emailservice,0,0,0,0,0,0,0
2026-10-04T14:07:34Z,redis-cart,frontend,0,0,0,0,0,0,0
2026-10-04T14:07:34Z,redis-cart,kubernetes,0,0,0,0,0,0,0
2026-10-04T14:07:34Z,redis-cart,paymentservice,0,0,0,0,0,0,0
2026-10-04T14:07:34Z,redis-cart,productcatalogservice,0,0,0,0,0,0,0
2026-10-04T14:07:34Z,redis-cart,recommendationservice,0,0,0,0,0,0,0
2026-10-04T14:07:34Z,redis-cart,redis-cart,0,0,0,0,0,0,0
2026-10-04T14:07:34Z,redis-cart,shippingservice,0,0,0,0,0,0,0
2026-10-04T14:07:34Z,shippingservice,adservice,0,0,0,0,0,0,0
2026-10-04T14:07:34Z,shippingservice,cartservice,0,0,0,0,0,0,0
2026-10-04T14:07:34Z,shippingservice,checkoutservice,0,0,0,0,0,0,0
2026-10-04T14:07:34Z,shippingservice,currencyservice,0,0,0,0,0,0,0
2026-10-04T14:07:34Z,shippingservice,emailservice,0,0,0,0,0,0,0
2026-10-04T14:07:34Z,shippingservice,frontend,0,0,0,0,0,0,0
2026-10-04T14:07:34Z,shippingservice,kubernetes,0,0,0,0,0,0,0
2026-10-04T14:07:34Z,shippingservice,paymentservice,0,0,0,0,0,0,0
2026-10-04T14:07:34Z,shippingservice,productcatalogservice,0,0,0,0,0,0,0
2026-10-04T14:07:34Z,shippingservice,recommendationservice,0,0,0,0,0,0,0
2026-10-04T14:07:34Z,shippingservice,redis-cart,0,0,0,0,0,0,0
2026-10-04T14:07:34Z,shippingservice,shippingservice,0,0,0,0,0,0,0
2026-10-04T14:07:35Z,adservice,adservice,0,0,0,0,0,0,0
2026-10-04T14:07:35Z,adservice,cartservice,0,0,0,0,0,0,0
2026-10-04T14:07:35Z,adservice,checkoutservice,0,0,0,0,0,0,0
2026-10-04T14:07:35Z,adservice,currencyservice,0,0,0,0,0,0,0
2026-10-04T14:07:35Z,adservice,emailservice,0,0,0,0,0,0,0
2026-10-04T14:07:35Z,adservice,frontend,0,0,0,0,0,0,0
2026-10-04T14:07:35Z,adservice,kubernetes,0,0,0,0,0,0,0
2026-10-04T14:07:35Z,adservice,paymentservice,0,0,0,0,0,0,0
2026-10-04T14:07:35Z,adservice,productcatalogservice,0,0,0,0,0,0,0
2026-10-04T14:07:35Z,adservice,recommendationservice,0,0,0,0,0,0,0
2026-10-04T14:07:35Z,adservice,redis-cart,0,0,0,0,0,0,0
2026-10-04T14:07:35Z,adservice,shippingservice,0,0,0,0,0,0,0
2026-10-04T14:07:35Z,cartservice,adservice,0,0,0,0,0,0,0
2026-10-04T14:07:35Z,cartservice,cartservice,0,0,0,0,0,0,0
2026-10-04T14:07:35Z,cartservice,checkoutservice,0,0,0,0,0,0,0
2026-10-04T14:07:35Z,cartservice,currencyservice,0,0,0,0,0,0,0
2026-10-04T14:07:35Z,cartservice,emailservice,0,0,0,0,0,0,0
2026-10-04T14:07:35Z,cartservice,frontend,0,0,0,0,0,0,0
2026-10-04T14:07:35Z,cartservice,kubernetes,0,0,0,0,0,0,0
2026-10-04T14:07:35Z,cartservice,paymentservice,0,0,0,0,0,0,0
2026-10-04T14:07:35Z,cartservice,productcatalogservice,0,0,0,0,0,0,0
2026-10-04T14:07:35Z,cartservice,recommendationservice,0,0,0,0,0,0,0
2026-10-04T14:07:35Z,cartservice,redis-cart,2,0,0,0,0,0,0
2026-10-04T14:07:35Z,cartservice,shippingservice,0,0,0,0,0,0,0
2026-10-04T14:07:35Z,checkoutservice,adservice,0,0,0,0,0,0,0
2026-10-04T14:07:35Z,checkoutservice,cartservice,44713,43780,0,100,0,623926,43370
2026-10-04T14:07:35Z,checkoutservice,checkoutservice,0,0,0,0,0,0,0
2026-10-04T14:07:35Z,checkoutservice,currencyservice,33758,33754,0,0,0,532696,33549
2026-10-04T14:07:35Z,checkoutservice,emailservice,4985,4697,0,66,0,196027,4499
2026-10-04T14:07:35Z,checkoutservice,frontend,0,0,0,0,0,0,0
2026-10-04T14:07:35Z,checkoutservice,kubernetes,0,0,0,0,0,0,0
2026-10-04T14:07:35Z,checkoutservice,paymentservice,27017,25167,0,192,0,403737,24819
2026-10-04T14:07:35Z,checkoutservice,productcatalogservice,0,0,0,0,0,0,0
2026-10-04T14:07:35Z,checkoutservice,recommendationservice,0,0,0,0,0,0,0
2026-10-04T14:07:35Z,checkoutservice,redis-cart,0,0,0,0,0,0,0
2026-10-04T14:07:35Z,checkoutservice,shippingservice,50025,47921,0,154,0,476544,47509
2026-10-04T14:07:35Z,currencyservice,adservice,0,0,0,0,0,0,0
2026-10-04T14:07:35Z,currencyservice,cartservice,0,0,0,0,0,0,0
2026-10-04T14:07:35Z,currencyservice,checkoutservice,0,0,0,0,0,0,0
2026-10-04T14:07:35Z,currencyservice,currencyservice,0,0,0,0,0,0,0
2026-10-04T14:07:35Z,currencyservice,emailservice,0,0,0,0,0,0,0
2026-10-04T14:07:35Z,currencyservice,frontend,0,0,0,0,0,0,0
2026-10-04T14:07:35Z,currencyservice,kubernetes,0,0,0,0,0,0,0
2026-10-04T14:07:35Z,currencyservice,paymentservice,0,0,0,0,0,0,0
2026-10-04T14:07:35Z,currencyservice,productcatalogservice,0,0,0,0,0,0,0
2026-10-04T14:07:35Z,currencyservice,recommendationservice,0,0,0,0,0,0,0
2026-10-04T14:07:35Z,currencyservice,redis-cart,0,0,0,0,0,0,0
2026-10-04T14:07:35Z,currencyservice,shippingservice,0,0,0,0,0,0,0
2026-10-04T14:07:35Z,emailservice,adservice,0,0,0,0,0,0,0
2026-10-04T14:07:35Z,emailservice,cartservice,0,0,0,0,0,0,0
2026-10-04T14:07:35Z,emailservice,checkoutservice,0,0,0,0,0,0,0
2026-10-04T14:07:35Z,emailservice,currencyservice,0,0,0,0,0,0,0
2026-10-04T14:07:35Z,emailservice,emailservice,0,0,0,0,0,0,0
2026-10-04T14:07:35Z,emailservice,frontend,0,0,0,0,0,0,0
2026-10-04T14:07:35Z,emailservice,kubernetes,0,0,0,0,0,0,0
2026-10-04T14:07:35Z,emailservice,paymentservice,0,0,0,0,0,0,0
2026-10-04T14:07:35Z,emailservice,productcatalogservice,0,0,0,0,0,0,0
2026-10-04T14:07:35Z,emailservice,recommendationservice,0,0,0,0,0,0,0
2026-10-04T14:07:35Z,emailservice,redis-cart,0,0,0,0,0,0,0
2026-10-04T14:07:35Z,emailservice,shippingservice,0,0,0,0,0,0,0
2026-10-04T14:07:35Z,frontend,adservice,830209,830207,0,0,0,2505112,829956
2026-10-04T14:07:35Z,frontend,cartservice,1835914,1835899,0,0,4,10226281,1835161
2026-10-04T14:07:35Z,frontend,checkoutservice,392754,182771,0,40061,169943,61871581,182682
2026-10-04T14:07:35Z,frontend,currencyservice,2918965,2918957,0,0,0,15505733,2917828
2026-10-04T14:07:35Z,frontend,emailservice,0,0,0,0,0,0,0
2026-10-04T14:07:35Z,frontend,frontend,0,0,0,0,0,0,0
2026-10-04T14:07:35Z,frontend,kubernetes,0,0,0,0,0,0,0
2026-10-04T14:07:35Z,frontend,paymentservice,0,0,0,0,0,0,0
2026-10-04T14:07:35Z,frontend,productcatalogservice,8218212,8218128,0,0,0,56271314,8215388
2026-10-04T14:07:35Z,frontend,recommendationservice,2641884,1622258,0,106380,910714,794004671,1621637
2026-10-04T14:07:35Z,frontend,redis-cart,0,0,0,0,0,0,0
2026-10-04T14:07:35Z,frontend,shippingservice,304419,304417,0,0,0,926559,304331
2026-10-04T14:07:35Z,paymentservice,adservice,0,0,0,0,0,0,0
2026-10-04T14:07:35Z,paymentservice,cartservice,0,0,0,0,0,0,0
2026-10-04T14:07:35Z,paymentservice,checkoutservice,0,0,0,0,0,0,0
2026-10-04T14:07:35Z,paymentservice,currencyservice,0,0,0,0,0,0,0
2026-10-04T14:07:35Z,paymentservice,emailservice,0,0,0,0,0,0,0
2026-10-04T14:07:35Z,paymentservice,frontend,0,0,0,0,0,0,0
2026-10-04T14:07:35Z,paymentservice,kubernetes,0,0,0,0,0,0,0
2026-10-04T14:07:35Z,paymentservice,paymentservice,0,0,0,0,0,0,0
2026-10-04T14:07:35Z,paymentservice,productcatalogservice,0,0,0,0,0,0,0
2026-10-04T14:07:35Z,paymentservice,recommendationservice,0,0,0,0,0,0,0
2026-10-04T14:07:35Z,paymentservice,redis-cart,0,0,0,0,0,0,0
2026-10-04T14:07:35Z,paymentservice,shippingservice,0,0,0,0,0,0,0
2026-10-04T14:07:35Z,productcatalogservice,adservice,0,0,0,0,0,0,0
2026-10-04T14:07:35Z,productcatalogservice,cartservice,0,0,0,0,0,0,0
2026-10-04T14:07:35Z,productcatalogservice,checkoutservice,0,0,0,0,0,0,0
2026-10-04T14:07:35Z,productcatalogservice,currencyservice,0,0,0,0,0,0,0
2026-10-04T14:07:35Z,productcatalogservice,emailservice,0,0,0,0,0,0,0
2026-10-04T14:07:35Z,productcatalogservice,frontend,0,0,0,0,0,0,0
2026-10-04T14:07:35Z,productcatalogservice,kubernetes,0,0,0,0,0,0,0
2026-10-04T14:07:35Z,productcatalogservice,paymentservice,0,0,0,0,0,0,0
2026-10-04T14:07:35Z,productcatalogservice,productcatalogservice,0,0,0,0,0,0,0
2026-10-04T14:07:35Z,productcatalogservice,recommendationservice,0,0,0,0,0,0,0
2026-10-04T14:07:35Z,productcatalogservice,redis-cart,0,0,0,0,0,0,0
2026-10-04T14:07:35Z,productcatalogservice,shippingservice,0,0,0,0,0,0,0
2026-10-04T14:07:35Z,recommendationservice,adservice,0,0,0,0,0,0,0
2026-10-04T14:07:35Z,recommendationservice,cartservice,0,0,0,0,0,0,0
2026-10-04T14:07:35Z,recommendationservice,checkoutservice,0,0,0,0,0,0,0
2026-10-04T14:07:35Z,recommendationservice,currencyservice,0,0,0,0,0,0,0
2026-10-04T14:07:35Z,recommendationservice,emailservice,0,0,0,0,0,0,0
2026-10-04T14:07:35Z,recommendationservice,frontend,0,0,0,0,0,0,0
2026-10-04T14:07:35Z,recommendationservice,kubernetes,0,0,0,0,0,0,0
2026-10-04T14:07:35Z,recommendationservice,paymentservice,0,0,0,0,0,0,0
2026-10-04T14:07:35Z,recommendationservice,productcatalogservice,101533,101531,0,0,0,783415,101416
2026-10-04T14:07:35Z,recommendationservice,recommendationservice,0,0,0,0,0,0,0
2026-10-04T14:07:35Z,recommendationservice,redis-cart,0,0,0,0,0,0,0
2026-10-04T14:07:35Z,recommendationservice,shippingservice,0,0,0,0,0,0,0
2026-10-04T14:07:35Z,redis-cart,adservice,0,0,0,0,0,0,0
2026-10-04T14:07:35Z,redis-cart,cartservice,0,0,0,0,0,0,0
2026-10-04T14:07:35Z,redis-cart,checkoutservice,0,0,0,0,0,0,0
2026-10-04T14:07:35Z,redis-cart,currencyservice,0,0,0,0,0,0,0
2026-10-04T14:07:35Z,redis-cart,emailservice,0,0,0,0,0,0,0
2026-10-04T14:07:35Z,redis-cart,frontend,0,0,0,0,0,0,0
2026-10-04T14:07:35Z,redis-cart,kubernetes,0,0,0,0,0,0,0
2026-10-04T14:07:35Z,redis-cart,paymentservice,0,0,0,0,0,0,0
2026-10-04T14:07:35Z,redis-cart,productcatalogservice,0,0,0,0,0,0,0
2026-10-04T14:07:35Z,redis-cart,recommendationservice,0,0,0,0,0,0,0
2026-10-04T14:07:35Z,redis-cart,redis-cart,0,0,0,0,0,0,0
2026-10-04T14:07:35Z,redis-cart,shippingservice,0,0,0,0,0,0,0
2026-10-04T14:07:35Z,shippingservice,adservice,0,0,0,0,0,0,0
2026-10-04T14:07:35Z,shippingservice,cartservice,0,0,0,0,0,0,0
2026-10-04T14:07:35Z,shippingservice,checkoutservice,0,0,0,0,0,0,0
2026-10-04T14:07:35Z,shippingservice,currencyservice,0,0,0,0,0,0,0
2026-10-04T14:07:35Z,shippingservice,emailservice,0,0,0,0,0,0,0
2026-10-04T14:07:35Z,shippingservice,frontend,0,0,0,0,0,0,0
2026-10-04T14:07:35Z,shippingservice,kubernetes,0,0,0,0,0,0,0
2026-10-04T14:07:35Z,shippingservice,paymentservice,0,0,0,0,0,0,0
2026-10-04T14:07:35Z,shippingservice,productcatalogservice,0,0,0,0,0,0,0
2026-10-04T14:07:35Z,shippingservice,recommendationservice,0,0,0,0,0,0,0
2026-10-04T14:07:35Z,shippingservice,redis-cart,0,0,0,0,0,0,0
2026-10-04T14:07:35Z,shippingservice,shippingservice,0,0,0,0,0,0,0
2026-10-04T14:07:36Z,adservice,adservice,0,0,0,0,0,0,0
2026-10-04T14:07:36Z,adservice,cartservice,0,0,0,0,0,0,0
2026-10-04T14:07:36Z,adservice,checkoutservice,0,0,0,0,0,0,0
2026-10-04T14:07:36Z,adservice,currencyservice,0,0,0,0,0,0,0
2026-10-04T14:07:36Z,adservice,emailservice,0,0,0,0,0,0,0
2026-10-04T14:07:36Z,adservice,frontend,0,0,0,0,0,0,0
2026-10-04T14:07:36Z,adservice,kubernetes,0,0,0,0,0,0,0
2026-10-04T14:07:36Z,adservice,paymentservice,0,0,0,0,0,0,0
2026-10-04T14:07:36Z,adservice,productcatalogservice,0,0,0,0,0,0,0
2026-10-04T14:07:36Z,adservice,recommendationservice,0,0,0,0,0,0,0
2026-10-04T14:07:36Z,adservice,redis-cart,0,0,0,0,0,0,0
2026-10-04T14:07:36Z,adservice,shippingservice,0,0,0,0,0,0,0
2026-10-04T14:07:36Z,cartservice,adservice,0,0,0,0,0,0,0
2026-10-04T14:07:36Z,cartservice,cartservice,0,0,0,0,0,0,0
2026-10-04T14:07:36Z,cartservice,checkoutservice,0,0,0,0,0,0,0
2026-10-04T14:07:36Z,cartservice,currencyservice,0,0,0,0,0,0,0
2026-10-04T14:07:36Z,cartservice,emailservice,0,0,0,0,0,0,0
2026-10-04T14:07:36Z,cartservice,frontend,0,0,0,0,0,0,0
2026-10-04T14:07:36Z,cartservice,kubernetes,0,0,0,0,0,0,0
2026-10-04T14:07:36Z,cartservice,paymentservice,0,0,0,0,0,0,0
2026-10-04T14:07:36Z,cartservice,productcatalogservice,0,0,0,0,0,0,0
2026-10-04T14:07:36Z,cartservice,recommendationservice,0,0,0,0,0,0,0
2026-10-04T14:07:36Z,cartservice,redis-cart,2,0,0,0,0,0,0
2026-10-04T14:07:36Z,cartservice,shippingservice,0,0,0,0,0,0,0
2026-10-04T14:07:36Z,checkoutservice,adservice,0,0,0,0,0,0,0
2026-10-04T14:07:36Z,checkoutservice,cartservice,44833,43899,0,100,0,623926,43370
2026-10-04T14:07:36Z,checkoutservice,checkoutservice,0,0,0,0,0,0,0
2026-10-04T14:07:36Z,checkoutservice,currencyservice,33813,33813,0,0,0,532696,33549
2026-10-04T14:07:36Z,checkoutservice,emailservice,5047,4759,0,66,0,196027,4499
2026-10-04T14:07:36Z,checkoutservice,frontend,0,0,0,0,0,0,0
2026-10-04T14:07:36Z,checkoutservice,kubernetes,0,0,0,0,0,0,0
2026-10-04T14:07:36Z,checkoutservice,paymentservice,27078,25230,0,192,0,403737,24819
2026-10-04T14:07:36Z,checkoutservice,productcatalogservice,0,0,0,0,0,0,0
2026-10-04T14:07:36Z,checkoutservice,recommendationservice,0,0,0,0,0,0,0
2026-10-04T14:07:36Z,checkoutservice,redis-cart,0,0,0,0,0,0,0
2026-10-04T14:07:36Z,checkoutservice,shippingservice,50144,48041,0,154,0,476544,47509
2026-10-04T14:07:36Z,currencyservice,adservice,0,0,0,0,0,0,0
2026-10-04T14:07:36Z,currencyservice,cartservice,0,0,0,0,0,0,0
2026-10-04T14:07:36Z,currencyservice,checkoutservice,0,0,0,0,0,0,0
2026-10-04T14:07:36Z,currencyservice,currencyservice,0,0,0,0,0,0,0
2026-10-04T14:07:36Z,currencyservice,emailservice,0,0,0,0,0,0,0
2026-10-04T14:07:36Z,currencyservice,frontend,0,0,0,0,0,0,0
2026-10-04T14:07:36Z,currencyservice,kubernetes,0,0,0,0,0,0,0
2026-10-04T14:07:36Z,currencyservice,paymentservice,0,0,0,0,0,0,0
2026-10-04T14:07:36Z,currencyservice,productcatalogservice,0,0,0,0,0,0,0
2026-10-04T14:07:36Z,currencyservice,recommendationservice,0,0,0,0,0,0,0
2026-10-04T14:07:36Z,currencyservice,redis-cart,0,0,0,0,0,0,0
2026-10-04T14:07:36Z,currencyservice,shippingservice,0,0,0,0,0,0,0
2026-10-04T14:07:36Z,emailservice,adservice,0,0,0,0,0,0,0
2026-10-04T14:07:36Z,emailservice,cartservice,0,0,0,0,0,0,0
2026-10-04T14:07:36Z,emailservice,checkoutservice,0,0,0,0,0,0,0
2026-10-04T14:07:36Z,emailservice,currencyservice,0,0,0,0,0,0,0
2026-10-04T14:07:36Z,emailservice,emailservice,0,0,0,0,0,0,0
2026-10-04T14:07:36Z,emailservice,frontend,0,0,0,0,0,0,0
2026-10-04T14:07:36Z,emailservice,kubernetes,0,0,0,0,0,0,0
2026-10-04T14:07:36Z,emailservice,paymentservice,0,0,0,0,0,0,0
2026-10-04T14:07:36Z,emailservice,productcatalogservice,0,0,0,0,0,0,0
2026-10-04T14:07:36Z,emailservice,recommendationservice,0,0,0,0,0,0,0
2026-10-04T14:07:36Z,emailservice,redis-cart,0,0,0,0,0,0,0
2026-10-04T14:07:36Z,emailservice,shippingservice,0,0,0,0,0,0,0
2026-10-04T14:07:36Z,frontend,adservice,830344,830341,0,0,0,2505112,829956
2026-10-04T14:07:36Z,frontend,cartservice,1836277,1836261,0,0,4,10226281,1835161
2026-10-04T14:07:36Z,frontend,checkoutservice,392813,182838,0,40061,169943,61871581,182682
2026-10-04T14:07:36Z,frontend,currencyservice,2919568,2919559,0,0,0,15505733,2917828
2026-10-04T14:07:36Z,frontend,emailservice,0,0,0,0,0,0,0
2026-10-04T14:07:36Z,frontend,frontend,0,0,0,0,0,0,0
2026-10-04T14:07:36Z,frontend,kubernetes,0,0,0,0,0,0,0
2026-10-04T14:07:36Z,frontend,paymentservice,0,0,0,0,0,0,0
2026-10-04T14:07:36Z,frontend,productcatalogservice,8219709,8219633,0,0,0,56271314,8215388
2026-10-04T14:07:36Z,frontend,recommendationservice,2642567,1622604,0,106415,911023,794004671,1621637
2026-10-04T14:07:36Z,frontend,redis-cart,0,0,0,0,0,0,0
2026-10-04T14:07:36Z,frontend,shippingservice,304466,304463,0,0,0,926559,304331
2026-10-04T14:07:36Z,paymentservice,adservice,0,0,0,0,0,0,0
2026-10-04T14:07:36Z,paymentservice,cartservice,0,0,0,0,0,0,0
2026-10-04T14:07:36Z,paymentservice,checkoutservice,0,0,0,0,0,0,0
2026-10-04T14:07:36Z,paymentservice,currencyservice,0,0,0,0,0,0,0
2026-10-04T14:07:36Z,paymentservice,emailservice,0,0,0,0,0,0,0
2026-10-04T14:07:36Z,paymentservice,frontend,0,0,0,0,0,0,0
2026-10-04T14:07:36Z,paymentservice,kubernetes,0,0,0,0,0,0,0
2026-10-04T14:07:36Z,paymentservice,paymentservice,0,0,0,0,0,0,0
2026-10-04T14:07:36Z,paymentservice,productcatalogservice,0,0,0,0,0,0,0
2026-10-04T14:07:36Z,paymentservice,recommendationservice,0,0,0,0,0,0,0
2026-10-04T14:07:36Z,paymentservice,redis-cart,0,0,0,0,0,0,0
2026-10-04T14:07:36Z,paymentservice,shippingservice,0,0,0,0,0,0,0
2026-10-04T14:07:36Z,productcatalogservice,adservice,0,0,0,0,0,0,0
2026-10-04T14:07:36Z,productcatalogservice,cartservice,0,0,0,0,0,0,0
2026-10-04T14:07:36Z,productcatalogservice,checkoutservice,0,0,0,0,0,0,0
2026-10-04T14:07:36Z,productcatalogservice,currencyservice,0,0,0,0,0,0,0
2026-10-04T14:07:36Z,productcatalogservice,emailservice,0,0,0,0,0,0,0
2026-10-04T14:07:36Z,productcatalogservice,frontend,0,0,0,0,0,0,0
2026-10-04T14:07:36Z,productcatalogservice,kubernetes,0,0,0,0,0,0,0
2026-10-04T14:07:36Z,productcatalogservice,paymentservice,0,0,0,0,0,0,0
2026-10-04T14:07:36Z,productcatalogservice,productcatalogservice,0,0,0,0,0,0,0
2026-10-04T14:07:36Z,productcatalogservice,recommendationservice,0,0,0,0,0,0,0
2026-10-04T14:07:36Z,productcatalogservice,redis-cart,0,0,0,0,0,0,0
2026-10-04T14:07:36Z,productcatalogservice,shippingservice,0,0,0,0,0,0,0
2026-10-04T14:07:36Z,recommendationservice,adservice,0,0,0,0,0,0,0
2026-10-04T14:07:36Z,recommendationservice,cartservice,0,0,0,0,0,0,0
2026-10-04T14:07:36Z,recommendationservice,checkoutservice,0,0,0,0,0,0,0
2026-10-04T14:07:36Z,recommendationservice,currencyservice,0,0,0,0,0,0,0
2026-10-04T14:07:36Z,recommendationservice,emailservice,0,0,0,0,0,0,0
2026-10-04T14:07:36Z,recommendationservice,frontend,0,0,0,0,0,0,0
2026-10-04T14:07:36Z,recommendationservice,kubernetes,0,0,0,0,0,0,0
2026-10-04T14:07:36Z,recommendationservice,paymentservice,0,0,0,0,0,0,0
2026-10-04T14:07:36Z,recommendationservice,productcatalogservice,101949,101946,0,0,0,783415,101416
2026-10-04T14:07:36Z,recommendationservice,recommendationservice,0,0,0,0,0,0,0
2026-10-04T14:07:36Z,recommendationservice,redis-cart,0,0,0,0,0,0,0
2026-10-04T14:07:36Z,recommendationservice,shippingservice,0,0,0,0,0,0,0
2026-10-04T14:07:36Z,redis-cart,adservice,0,0,0,0,0,0,0
2026-10-04T14:07:36Z,redis-cart,cartservice,0,0,0,0,0,0,0
2026-10-04T14:07:36Z,redis-cart,checkoutservice,0,0,0,0,0,0,0
2026-10-04T14:07:36Z,redis-cart,currencyservice,0,0,0,0,0,0,0
2026-10-04T14:07:36Z,redis-cart,emailservice,0,0,0,0,0,0,0
2026-10-04T14:07:36Z,redis-cart,frontend,0,0,0,0,0,0,0
2026-10-04T14:07:36Z,redis-cart,kubernetes,0,0,0,0,0,0,0
2026-10-04T14:07:36Z,redis-cart,paymentservice,0,0,0,0,0,0,0
2026-10-04T14:07:36Z,redis-cart,productcatalogservice,0,0,0,0,0,0,0
2026-10-04T14:07:36Z,redis-cart,recommendationservice,0,0,0,0,0,0,0
2026-10-04T14:07:36Z,redis-cart,redis-cart,0,0,0,0,0,0,0
2026-10-04T14:07:36Z,redis-cart,shippingservice,0,0,0,0,0,0,0
2026-10-04T14:07:36Z,shippingservice,adservice,0,0,0,0,0,0,0
2026-10-04T14:07:36Z,shippingservice,cartservice,0,0,0,0,0,0,0
2026-10-04T14:07:36Z,shippingservice,checkoutservice,0,0,0,0,0,0,0
2026-10-04T14:07:36Z,shippingservice,currencyservice,0,0,0,0,0,0,0
2026-10-04T14:07:36Z,shippingservice,emailservice,0,0,0,0,0,0,0
2026-10-04T14:07:36Z,shippingservice,frontend,0,0,0,0,0,0,0
2026-10-04T14:07:36Z,shippingservice,kubernetes,0,0,0,0,0,0,0
2026-10-04T14:07:36Z,shippingservice,paymentservice,0,0,0,0,0,0,0
2026-10-04T14:07:36Z,shippingservice,productcatalogservice,0,0,0,0,0,0,0
2026-10-04T14:07:36Z,shippingservice,recommendationservice,0,0,0,0,0,0,0
2026-10-04T14:07:36Z,shippingservice,redis-cart,0,0,0,0,0,0,0
2026-10-04T14:07:36Z,shippingservice,shippingservice,0,0,0,0,0,0,0
2026-10-04T14:07:37Z,adservice,adservice,0,0,0,0,0,0,0
2026-10-04T14:07:37Z,adservice,cartservice,0,0,0,0,0,0,0
2026-10-04T14:07:37Z,adservice,checkoutservice,0,0,0,0,0,0,0
2026-10-04T14:07:37Z,adservice,currencyservice,0,0,0,0,0,0,0
2026-10-04T14:07:37Z,adservice,emailservice,0,0,0,0,0,0,0
2026-10-04T14:07:37Z,adservice,frontend,0,0,0,0,0,0,0
2026-10-04T14:07:37Z,adservice,kubernetes,0,0,0,0,0,0,0
2026-10-04T14:07:37Z,adservice,paymentservice,0,0,0,0,0,0,0
2026-10-04T14:07:37Z,adservice,productcatalogservice,0,0,0,0,0,0,0
2026-10-04T14:07:37Z,adservice,recommendationservice,0,0,0,0,0,0,0
2026-10-04T14:07:37Z,adservice,redis-cart,0,0,0,0,0,0,0
2026-10-04T14:07:37Z,adservice,shippingservice,0,0,0,0,0,0,0
2026-10-04T14:07:37Z,cartservice,adservice,0,0,0,0,0,0,0
2026-10-04T14:07:37Z,cartservice,cartservice,0,0,0,0,0,0,0
2026-10-04T14:07:37Z,cartservice,checkoutservice,0,0,0,0,0,0,0
2026-10-04T14:07:37Z,cartservice,currencyservice,0,0,0,0,0,0,0
2026-10-04T14:07:37Z,cartservice,emailservice,0,0,0,0,0,0,0
2026-10-04T14:07:37Z,cartservice,frontend,0,0,0,0,0,0,0
2026-10-04T14:07:37Z,cartservice,kubernetes,0,0,0,0,0,0,0
2026-10-04T14:07:37Z,cartservice,paymentservice,0,0,0,0,0,0,0
2026-10-04T14:07:37Z,cartservice,productcatalogservice,0,0,0,0,0,0,0
2026-10-04T14:07:37Z,cartservice,recommendationservice,0,0,0,0,0,0,0
2026-10-04T14:07:37Z,cartservice,redis-cart,2,0,0,0,0,0,0
2026-10-04T14:07:37Z,cartservice,shippingservice,0,0,0,0,0,0,0
2026-10-04T14:07:37Z,checkoutservice,adservice,0,0,0,0,0,0,0
2026-10-04T14:07:37Z,checkoutservice,cartservice,44940,44009,0,100,0,627022,43972
2026-10-04T14:07:37Z,checkoutservice,checkoutservice,0,0,0,0,0,0,0
2026-10-04T14:07:37Z,checkoutservice,currencyservice,33868,33868,0,0,0,534111,33850
2026-10-04T14:07:37Z,checkoutservice,emailservice,5106,4820,0,66,0,206918,4797
2026-10-04T14:07:37Z,checkoutservice,frontend,0,0,0,0,0,0,0
2026-10-04T14:07:37Z,checkoutservice,kubernetes,0,0,0,0,0,0,0
2026-10-04T14:07:37Z,checkoutservice,paymentservice,27134,25286,0,192,0,404936,25120
2026-10-04T14:07:37Z,checkoutservice,productcatalogservice,0,0,0,0,0,0,0
2026-10-04T14:07:37Z,checkoutservice,recommendationservice,0,0,0,0,0,0,0
2026-10-04T14:07:37Z,checkoutservice,redis-cart,0,0,0,0,0,0,0
2026-10-04T14:07:37Z,checkoutservice,shippingservice,50252,48149,0,154,0,478005,48111
2026-10-04T14:07:37Z,currencyservice,adservice,0,0,0,0,0,0,0
2026-10-04T14:07:37Z,currencyservice,cartservice,0,0,0,0,0,0,0
2026-10-04T14:07:37Z,currencyservice,checkoutservice,0,0,0,0,0,0,0
2026-10-04T14:07:37Z,currencyservice,currencyservice,0,0,0,0,0,0,0
2026-10-04T14:07:37Z,currencyservice,emailservice,0,0,0,0,0,0,0
2026-10-04T14:07:37Z,currencyservice,frontend,0,0,0,0,0,0,0
2026-10-04T14:07:37Z,currencyservice,kubernetes,0,0,0,0,0,0,0
2026-10-04T14:07:37Z,currencyservice,paymentservice,0,0,0,0,0,0,0
2026-10-04T14:07:37Z,currencyservice,productcatalogservice,0,0,0,0,0,0,0
2026-10-04T14:07:37Z,currencyservice,recommendationservice,0,0,0,0,0,0,0
2026-10-04T14:07:37Z,currencyservice,redis-cart,0,0,0,0,0,0,0
2026-10-04T14:07:37Z,currencyservice,shippingservice,0,0,0,0,0,0,0
2026-10-04T14:07:37Z,emailservice,adservice,0,0,0,0,0,0,0
2026-10-04T14:07:37Z,emailservice,cartservice,0,0,0,0,0,0,0
2026-10-04T14:07:37Z,emailservice,checkoutservice,0,0,0,0,0,0,0
2026-10-04T14:07:37Z,emailservice,currencyservice,0,0,0,0,0,0,0
2026-10-04T14:07:37Z,emailservice,emailservice,0,0,0,0,0,0,0
2026-10-04T14:07:37Z,emailservice,frontend,0,0,0,0,0,0,0
2026-10-04T14:07:37Z,emailservice,kubernetes,0,0,0,0,0,0,0
2026-10-04T14:07:37Z,emailservice,paymentservice,0,0,0,0,0,0,0
2026-10-04T14:07:37Z,emailservice,productcatalogservice,0,0,0,0,0,0,0
2026-10-04T14:07:37Z,emailservice,recommendationservice,0,0,0,0,0,0,0
2026-10-04T14:07:37Z,emailservice,redis-cart,0,0,0,0,0,0,0
2026-10-04T14:07:37Z,emailservice,shippingservice,0,0,0,0,0,0,0
2026-10-04T14:07:37Z,frontend,adservice,830506,830503,0,0,0,2505112,829956
2026-10-04T14:07:37Z,frontend,cartservice,1836685,1836670,0,0,4,10226281,1835161
2026-10-04T14:07:37Z,frontend,checkoutservice,392864,182900,0,40061,169943,61871581,182682
2026-10-04T14:07:37Z,frontend,currencyservice,2920219,2920211,0,0,0,15505733,2917828
2026-10-04T14:07:37Z,frontend,emailservice,0,0,0,0,0,0,0
2026-10-04T14:07:37Z,frontend,frontend,0,0,0,0,0,0,0
2026-10-04T14:07:37Z,frontend,kubernetes,0,0,0,0,0,0,0
2026-10-04T14:07:37Z,frontend,paymentservice,0,0,0,0,0,0,0
2026-10-04T14:07:37Z,frontend,productcatalogservice,8221371,8221296,0,0,0,56271314,8215388
2026-10-04T14:07:37Z,frontend,recommendationservice,2643319,1622951,0,106458,911381,794004671,1621637
2026-10-04T14:07:37Z,frontend,redis-cart,0,0,0,0,0,0,0
2026-10-04T14:07:37Z,frontend,shippingservice,304523,304521,0,0,0,926559,304331
2026-10-04T14:07:37Z,paymentservice,adservice,0,0,0,0,0,0,0
2026-10-04T14:07:37Z,paymentservice,cartservice,0,0,0,0,0,0,0
2026-10-04T14:07:37Z,paymentservice,checkoutservice,0,0,0,0,0,0,0
2026-10-04T14:07:37Z,paymentservice,currencyservice,0,0,0,0,0,0,0
2026-10-04T14:07:37Z,paymentservice,emailservice,0,0,0,0,0,0,0
2026-10-04T14:07:37Z,paymentservice,frontend,0,0,0,0,0,0,0
2026-10-04T14:07:37Z,paymentservice,kubernetes,0,0,0,0,0,0,0
2026-10-04T14:07:37Z,paymentservice,paymentservice,0,0,0,0,0,0,0
2026-10-04T14:07:37Z,paymentservice,productcatalogservice,0,0,0,0,0,0,0
2026-10-04T14:07:37Z,paymentservice,recommendationservice,0,0,0,0,0,0,0
2026-10-04T14:07:37Z,paymentservice,redis-cart,0,0,0,0,0,0,0
2026-10-04T14:07:37Z,paymentservice,shippingservice,0,0,0,0,0,0,0
2026-10-04T14:07:37Z,productcatalogservice,adservice,0,0,0,0,0,0,0
2026-10-04T14:07:37Z,productcatalogservice,cartservice,0,0,0,0,0,0,0
2026-10-04T14:07:37Z,productcatalogservice,checkoutservice,0,0,0,0,0,0,0
2026-10-04T14:07:37Z,productcatalogservice,currencyservice,0,0,0,0,0,0,0
2026-10-04T14:07:37Z,productcatalogservice,emailservice,0,0,0,0,0,0,0
2026-10-04T14:07:37Z,productcatalogservice,frontend,0,0,0,0,0,0,0
2026-10-04T14:07:37Z,productcatalogservice,kubernetes,0,0,0,0,0,0,0
2026-10-04T14:07:37Z,productcatalogservice,paymentservice,0,0,0,0,0,0,0
2026-10-04T14:07:37Z,productcatalogservice,productcatalogservice,0,0,0,0,0,0,0
2026-10-04T14:07:37Z,productcatalogservice,recommendationservice,0,0,0,0,0,0,0
2026-10-04T14:07:37Z,productcatalogservice,redis-cart,0,0,0,0,0,0,0
2026-10-04T14:07:37Z,productcatalogservice,shippingservice,0,0,0,0,0,0,0
2026-10-04T14:07:37Z,recommendationservice,adservice,0,0,0,0,0,0,0
2026-10-04T14:07:37Z,recommendationservice,cartservice,0,0,0,0,0,0,0
2026-10-04T14:07:37Z,recommendationservice,checkoutservice,0,0,0,0,0,0,0
2026-10-04T14:07:37Z,recommendationservice,currencyservice,0,0,0,0,0,0,0
2026-10-04T14:07:37Z,recommendationservice,emailservice,0,0,0,0,0,0,0
2026-10-04T14:07:37Z,recommendationservice,frontend,0,0,0,0,0,0,0
2026-10-04T14:07:37Z,recommendationservice,kubernetes,0,0,0,0,0,0,0
2026-10-04T14:07:37Z,recommendationservice,paymentservice,0,0,0,0,0,0,0
2026-10-04T14:07:37Z,recommendationservice,productcatalogservice,102356,102355,0,0,0,783415,101416
2026-10-04T14:07:37Z,recommendationservice,recommendationservice,0,0,0,0,0,0,0
2026-10-04T14:07:37Z,recommendationservice,redis-cart,0,0,0,0,0,0,0
2026-10-04T14:07:37Z,recommendationservice,shippingservice,0,0,0,0,0,0,0
2026-10-04T14:07:37Z,redis-cart,adservice,0,0,0,0,0,0,0
2026-10-04T14:07:37Z,redis-cart,cartservice,0,0,0,0,0,0,0
2026-10-04T14:07:37Z,redis-cart,checkoutservice,0,0,0,0,0,0,0
2026-10-04T14:07:37Z,redis-cart,currencyservice,0,0,0,0,0,0,0
2026-10-04T14:07:37Z,redis-cart,emailservice,0,0,0,0,0,0,0
2026-10-04T14:07:37Z,redis-cart,frontend,0,0,0,0,0,0,0
2026-10-04T14:07:37Z,redis-cart,kubernetes,0,0,0,0,0,0,0
2026-10-04T14:07:37Z,redis-cart,paymentservice,0,0,0,0,0,0,0
2026-10-04T14:07:37Z,redis-cart,productcatalogservice,0,0,0,0,0,0,0
2026-10-04T14:07:37Z,redis-cart,recommendationservice,0,0,0,0,0,0,0
2026-10-04T14:07:37Z,redis-cart,redis-cart,0,0,0,0,0,0,0
2026-10-04T14:07:37Z,redis-cart,shippingservice,0,0,0,0,0,0,0
2026-10-04T14:07:37Z,shippingservice,adservice,0,0,0,0,0,0,0
2026-10-04T14:07:37Z,shippingservice,cartservice,0,0,0,0,0,0,0
2026-10-04T14:07:37Z,shippingservice,checkoutservice,0,0,0,0,0,0,0
2026-10-04T14:07:37Z,shippingservice,currencyservice,0,0,0,0,0,0,0
2026-10-04T14:07:37Z,shippingservice,emailservice,0,0,0,0,0,0,0
2026-10-04T14:07:37Z,shippingservice,frontend,0,0,0,0,0,0,0
2026-10-04T14:07:37Z,shippingservice,kubernetes,0,0,0,0,0,0,0
2026-10-04T14:07:37Z,shippingservice,paymentservice,0,0,0,0,0,0,0
2026-10-04T14:07:37Z,shippingservice,productcatalogservice,0,0,0,0,0,0,0
2026-10-04T14:07:37Z,shippingservice,recommendationservice,0,0,0,0,0,0,0
2026-10-04T14:07:37Z,shippingservice,redis-cart,0,0,0,0,0,0,0
2026-10-04T14:07:37Z,shippingservice,shippingservice,0,0,0,0,0,0,0
2026-10-04T14:07:38Z,adservice,adservice,0,0,0,0,0,0,0
2026-10-04T14:07:38Z,adservice,cartservice,0,0,0,0,0,0,0
2026-10-04T14:07:38Z,adservice,checkoutservice,0,0,0,0,0,0,0
2026-10-04T14:07:38Z,adservice,currencyservice,0,0,0,0,0,0,0
2026-10-04T14:07:38Z,adservice,emailservice,0,0,0,0,0,0,0
2026-10-04T14:07:38Z,adservice,frontend,0,0,0,0,0,0,0
2026-10-04T14:07:38Z,adservice,kubernetes,0,0,0,0,0,0,0
2026-10-04T14:07:38Z,adservice,paymentservice,0,0,0,0,0,0,0
2026-10-04T14:07:38Z,adservice,productcatalogservice,0,0,0,0,0,0,0
2026-10-04T14:07:38Z,adservice,recommendationservice,0,0,0,0,0,0,0
2026-10-04T14:07:38Z,adservice,redis-cart,0,0,0,0,0,0,0
2026-10-04T14:07:38Z,adservice,shippingservice,0,0,0,0,0,0,0
2026-10-04T14:07:38Z,cartservice,adservice,0,0,0,0,0,0,0
2026-10-04T14:07:38Z,cartservice,cartservice,0,0,0,0,0,0,0
2026-10-04T14:07:38Z,cartservice,checkoutservice,0,0,0,0,0,0,0
2026-10-04T14:07:38Z,cartservice,currencyservice,0,0,0,0,0,0,0
2026-10-04T14:07:38Z,cartservice,emailservice,0,0,0,0,0,0,0
2026-10-04T14:07:38Z,cartservice,frontend,0,0,0,0,0,0,0
2026-10-04T14:07:38Z,cartservice,kubernetes,0,0,0,0,0,0,0
2026-10-04T14:07:38Z,cartservice,paymentservice,0,0,0,0,0,0,0
2026-10-04T14:07:38Z,cartservice,productcatalogservice,0,0,0,0,0,0,0
2026-10-04T14:07:38Z,cartservice,recommendationservice,0,0,0,0,0,0,0
2026-10-04T14:07:38Z,cartservice,redis-cart,2,0,0,0,0,0,0
2026-10-04T14:07:38Z,cartservice,shippingservice,0,0,0,0,0,0,0
2026-10-04T14:07:38Z,checkoutservice,adservice,0,0,0,0,0,0,0
2026-10-04T14:07:38Z,checkoutservice,cartservice,45060,44129,0,100,0,627022,43972
2026-10-04T14:07:38Z,checkoutservice,checkoutservice,0,0,0,0,0,0,0
2026-10-04T14:07:38Z,checkoutservice,currencyservice,33928,33928,0,0,0,534111,33850
2026-10-04T14:07:38Z,checkoutservice,emailservice,5166,4880,0,66,0,206918,4797
2026-10-04T14:07:38Z,checkoutservice,frontend,0,0,0,0,0,0,0
2026-10-04T14:07:38Z,checkoutservice,kubernetes,0,0,0,0,0,0,0
2026-10-04T14:07:38Z,checkoutservice,paymentservice,27194,25346,0,192,0,404936,25120
2026-10-04T14:07:38Z,checkoutservice,productcatalogservice,0,0,0,0,0,0,0
2026-10-04T14:07:38Z,checkoutservice,recommendationservice,0,0,0,0,0,0,0
2026-10-04T14:07:38Z,checkoutservice,redis-cart,0,0,0,0,0,0,0
2026-10-04T14:07:38Z,checkoutservice,shippingservice,50372,48269,0,154,0,478005,48111
2026-10-04T14:07:38Z,currencyservice,adservice,0,0,0,0,0,0,0
2026-10-04T14:07:38Z,currencyservice,cartservice,0,0,0,0,0,0,0
2026-10-04T14:07:38Z,currencyservice,checkoutservice,0,0,0,0,0,0,0
2026-10-04T14:07:38Z,currencyservice,currencyservice,0,0,0,0,0,0,0
2026-10-04T14:07:38Z,currencyservice,emailservice,0,0,0,0,0,0,0
2026-10-04T14:07:38Z,currencyservice,frontend,0,0,0,0,0,0,0
2026-10-04T14:07:38Z,currencyservice,kubernetes,0,0,0,0,0,0,0
2026-10-04T14:07:38Z,currencyservice,paymentservice,0,0,0,0,0,0,0
2026-10-04T14:07:38Z,currencyservice,productcatalogservice,0,0,0,0,0,0,0
2026-10-04T14:07:38Z,currencyservice,recommendationservice,0,0,0,0,0,0,0
2026-10-04T14:07:38Z,currencyservice,redis-cart,0,0,0,0,0,0,0
2026-10-04T14:07:38Z,currencyservice,shippingservice,0,0,0,0,0,0,0
2026-10-04T14:07:38Z,emailservice,adservice,0,0,0,0,0,0,0
2026-10-04T14:07:38Z,emailservice,cartservice,0,0,0,0,0,0,0
2026-10-04T14:07:38Z,emailservice,checkoutservice,0,0,0,0,0,0,0
2026-10-04T14:07:38Z,emailservice,currencyservice,0,0,0,0,0,0,0
2026-10-04T14:07:38Z,emailservice,emailservice,0,0,0,0,0,0,0
2026-10-04T14:07:38Z,emailservice,frontend,0,0,0,0,0,0,0
2026-10-04T14:07:38Z,emailservice,kubernetes,0,0,0,0,0,0,0
2026-10-04T14:07:38Z,emailservice,paymentservice,0,0,0,0,0,0,0
2026-10-04T14:07:38Z,emailservice,productcatalogservice,0,0,0,0,0,0,0
2026-10-04T14:07:38Z,emailservice,recommendationservice,0,0,0,0,0,0,0
2026-10-04T14:07:38Z,emailservice,redis-cart,0,0,0,0,0,0,0
2026-10-04T14:07:38Z,emailservice,shippingservice,0,0,0,0,0,0,0
2026-10-04T14:07:38Z,frontend,adservice,830651,830649,0,0,0,2505500,830106
2026-10-04T14:07:38Z,frontend,cartservice,1837064,1837051,0,0,4,10228682,1835650
2026-10-04T14:07:38Z,frontend,checkoutservice,392915,182952,0,40061,169943,61881209,182742
2026-10-04T14:07:38Z,frontend,currencyservice,2920831,2920823,0,0,0,15508899,2918553
2026-10-04T14:07:38Z,frontend,emailservice,0,0,0,0,0,0,0
2026-10-04T14:07:38Z,frontend,frontend,0,0,0,0,0,0,0
2026-10-04T14:07:38Z,frontend,kubernetes,0,0,0,0,0,0,0
2026-10-04T14:07:38Z,frontend,paymentservice,0,0,0,0,0,0,0
2026-10-04T14:07:38Z,frontend,productcatalogservice,8222929,8222855,0,0,0,56282836,8217052
2026-10-04T14:07:38Z,frontend,recommendationservice,2644056,1623275,0,106498,911737,794336401,1622052
2026-10-04T14:07:38Z,frontend,redis-cart,0,0,0,0,0,0,0
2026-10-04T14:07:38Z,frontend,shippingservice,304581,304579,0,0,0,926673,304383
2026-10-04T14:07:38Z,paymentservice,adservice,0,0,0,0,0,0,0
2026-10-04T14:07:38Z,paymentservice,cartservice,0,0,0,0,0,0,0
2026-10-04T14:07:38Z,paymentservice,checkoutservice,0,0,0,0,0,0,0
2026-10-04T14:07:38Z,paymentservice,currencyservice,0,0,0,0,0,0,0
2026-10-04T14:07:38Z,paymentservice,emailservice,0,0,0,0,0,0,0
2026-10-04T14:07:38Z,paymentservice,frontend,0,0,0,0,0,0,0
2026-10-04T14:07:38Z,paymentservice,kubernetes,0,0,0,0,0,0,0
2026-10-04T14:07:38Z,paymentservice,paymentservice,0,0,0,0,0,0,0
2026-10-04T14:07:38Z,paymentservice,productcatalogservice,0,0,0,0,0,0,0
2026-10-04T14:07:38Z,paymentservice,recommendationservice,0,0,0,0,0,0,0
2026-10-04T14:07:38Z,paymentservice,redis-cart,0,0,0,0,0,0,0
2026-10-04T14:07:38Z,paymentservice,shippingservice,0,0,0,0,0,0,0
2026-10-04T14:07:38Z,productcatalogservice,adservice,0,0,0,0,0,0,0
2026-10-04T14:07:38Z,productcatalogservice,cartservice,0,0,0,0,0,0,0
2026-10-04T14:07:38Z,productcatalogservice,checkoutservice,0,0,0,0,0,0,0
2026-10-04T14:07:38Z,productcatalogservice,currencyservice,0,0,0,0,0,0,0
2026-10-04T14:07:38Z,productcatalogservice,emailservice,0,0,0,0,0,0,0
2026-10-04T14:07:38Z,productcatalogservice,frontend,0,0,0,0,0,0,0
2026-10-04T14:07:38Z,productcatalogservice,kubernetes,0,0,0,0,0,0,0
2026-10-04T14:07:38Z,productcatalogservice,paymentservice,0,0,0,0,0,0,0
2026-10-04T14:07:38Z,productcatalogservice,productcatalogservice,0,0,0,0,0,0,0
2026-10-04T14:07:38Z,productcatalogservice,recommendationservice,0,0,0,0,0,0,0
2026-10-04T14:07:38Z,productcatalogservice,redis-cart,0,0,0,0,0,0,0
2026-10-04T14:07:38Z,productcatalogservice,shippingservice,0,0,0,0,0,0,0
2026-10-04T14:07:38Z,recommendationservice,adservice,0,0,0,0,0,0,0
2026-10-04T14:07:38Z,recommendationservice,cartservice,0,0,0,0,0,0,0
2026-10-04T14:07:38Z,recommendationservice,checkoutservice,0,0,0,0,0,0,0
2026-10-04T14:07:38Z,recommendationservice,currencyservice,0,0,0,0,0,0,0
2026-10-04T14:07:38Z,recommendationservice,emailservice,0,0,0,0,0,0,0
2026-10-04T14:07:38Z,recommendationservice,frontend,0,0,0,0,0,0,0
2026-10-04T14:07:38Z,recommendationservice,kubernetes,0,0,0,0,0,0,0
2026-10-04T14:07:38Z,recommendationservice,paymentservice,0,0,0,0,0,0,0
2026-10-04T14:07:38Z,recommendationservice,productcatalogservice,102759,102758,0,0,0,783415,101416
2026-10-04T14:07:38Z,recommendationservice,recommendationservice,0,0,0,0,0,0,0
2026-10-04T14:07:38Z,recommendationservice,redis-cart,0,0,0,0,0,0,0
2026-10-04T14:07:38Z,recommendationservice,shippingservice,0,0,0,0,0,0,0
2026-10-04T14:07:38Z,redis-cart,adservice,0,0,0,0,0,0,0
2026-10-04T14:07:38Z,redis-cart,cartservice,0,0,0,0,0,0,0
2026-10-04T14:07:38Z,redis-cart,checkoutservice,0,0,0,0,0,0,0
2026-10-04T14:07:38Z,redis-cart,currencyservice,0,0,0,0,0,0,0
2026-10-04T14:07:38Z,redis-cart,emailservice,0,0,0,0,0,0,0
2026-10-04T14:07:38Z,redis-cart,frontend,0,0,0,0,0,0,0
2026-10-04T14:07:38Z,redis-cart,kubernetes,0,0,0,0,0,0,0
2026-10-04T14:07:38Z,redis-cart,paymentservice,0,0,0,0,0,0,0
2026-10-04T14:07:38Z,redis-cart,productcatalogservice,0,0,0,0,0,0,0
2026-10-04T14:07:38Z,redis-cart,recommendationservice,0,0,0,0,0,0,0
2026-10-04T14:07:38Z,redis-cart,redis-cart,0,0,0,0,0,0,0
2026-10-04T14:07:38Z,redis-cart,shippingservice,0,0,0,0,0,0,0
2026-10-04T14:07:38Z,shippingservice,adservice,0,0,0,0,0,0,0
2026-10-04T14:07:38Z,shippingservice,cartservice,0,0,0,0,0,0,0
2026-10-04T14:07:38Z,shippingservice,checkoutservice,0,0,0,0,0,0,0
2026-10-04T14:07:38Z,shippingservice,currencyservice,0,0,0,0,0,0,0
2026-10-04T14:07:38Z,shippingservice,emailservice,0,0,0,0,0,0,0
2026-10-04T14:07:38Z,shippingservice,frontend,0,0,0,0,0,0,0
2026-10-04T14:07:38Z,shippingservice,kubernetes,0,0,0,0,0,0,0
2026-10-04T14:07:38Z,shippingservice,paymentservice,0,0,0,0,0,0,0
2026-10-04T14:07:38Z,shippingservice,productcatalogservice,0,0,0,0,0,0,0
2026-10-04T14:07:38Z,shippingservice,recommendationservice,0,0,0,0,0,0,0
2026-10-04T14:07:38Z,shippingservice,redis-cart,0,0,0,0,0,0,0
2026-10-04T14:07:38Z,shippingservice,shippingservice,0,0,0,0,0,0,0
2026-10-04T14:07:39Z,adservice,adservice,0,0,0,0,0,0,0
2026-10-04T14:07:39Z,adservice,cartservice,0,0,0,0,0,0,0
2026-10-04T14:07:39Z,adservice,checkoutservice,0,0,0,0,0,0,0
2026-10-04T14:07:39Z,adservice,currencyservice,0,0,0,0,0,0,0
2026-10-04T14:07:39Z,adservice,emailservice,0,0,0,0,0,0,0
2026-10-04T14:07:39Z,adservice,frontend,0,0,0,0,0,0,0
2026-10-04T14:07:39Z,adservice,kubernetes,0,0,0,0,0,0,0
2026-10-04T14:07:39Z,adservice,paymentservice,0,0,0,0,0,0,0
2026-10-04T14:07:39Z,adservice,productcatalogservice,0,0,0,0,0,0,0
2026-10-04T14:07:39Z,adservice,recommendationservice,0,0,0,0,0,0,0
2026-10-04T14:07:39Z,adservice,redis-cart,0,0,0,0,0,0,0
2026-10-04T14:07:39Z,adservice,shippingservice,0,0,0,0,0,0,0
2026-10-04T14:07:39Z,cartservice,adservice,0,0,0,0,0,0,0
2026-10-04T14:07:39Z,cartservice,cartservice,0,0,0,0,0,0,0
2026-10-04T14:07:39Z,cartservice,checkoutservice,0,0,0,0,0,0,0
2026-10-04T14:07:39Z,cartservice,currencyservice,0,0,0,0,0,0,0
2026-10-04T14:07:39Z,cartservice,emailservice,0,0,0,0,0,0,0
2026-10-04T14:07:39Z,cartservice,frontend,0,0,0,0,0,0,0
2026-10-04T14:07:39Z,cartservice,kubernetes,0,0,0,0,0,0,0
2026-10-04T14:07:39Z,cartservice,paymentservice,0,0,0,0,0,0,0
2026-10-04T14:07:39Z,cartservice,productcatalogservice,0,0,0,0,0,0,0
2026-10-04T14:07:39Z,cartservice,recommendationservice,0,0,0,0,0,0,0
2026-10-04T14:07:39Z,cartservice,redis-cart,2,0,0,0,0,0,0
2026-10-04T14:07:39Z,cartservice,shippingservice,0,0,0,0,0,0,0
2026-10-04T14:07:39Z,checkoutservice,adservice,0,0,0,0,0,0,0
2026-10-04T14:07:39Z,checkoutservice,cartservice,45151,44220,0,100,0,627022,43972
2026-10-04T14:07:39Z,checkoutservice,checkoutservice,0,0,0,0,0,0,0
2026-10-04T14:07:39Z,checkoutservice,currencyservice,33971,33971,0,0,0,534111,33850
2026-10-04T14:07:39Z,checkoutservice,emailservice,5206,4918,0,66,0,206918,4797
2026-10-04T14:07:39Z,checkoutservice,frontend,0,0,0,0,0,0,0
2026-10-04T14:07:39Z,checkoutservice,kubernetes,0,0,0,0,0,0,0
2026-10-04T14:07:39Z,checkoutservice,paymentservice,27237,25389,0,192,0,404936,25120
2026-10-04T14:07:39Z,checkoutservice,productcatalogservice,0,0,0,0,0,0,0
2026-10-04T14:07:39Z,checkoutservice,recommendationservice,0,0,0,0,0,0,0
2026-10-04T14:07:39Z,checkoutservice,redis-cart,0,0,0,0,0,0,0
2026-10-04T14:07:39Z,checkoutservice,shippingservice,50463,48360,0,154,0,478005,48111
2026-10-04T14:07:39Z,currencyservice,adservice,0,0,0,0,0,0,0
2026-10-04T14:07:39Z,currencyservice,cartservice,0,0,0,0,0,0,0
2026-10-04T14:07:39Z,currencyservice,checkoutservice,0,0,0,0,0,0,0
2026-10-04T14:07:39Z,currencyservice,currencyservice,0,0,0,0,0,0,0
2026-10-04T14:07:39Z,currencyservice,emailservice,0,0,0,0,0,0,0
2026-10-04T14:07:39Z,currencyservice,frontend,0,0,0,0,0,0,0
2026-10-04T14:07:39Z,currencyservice,kubernetes,0,0,0,0,0,0,0
2026-10-04T14:07:39Z,currencyservice,paymentservice,0,0,0,0,0,0,0
2026-10-04T14:07:39Z,currencyservice,productcatalogservice,0,0,0,0,0,0,0
2026-10-04T14:07:39Z,currencyservice,recommendationservice,0,0,0,0,0,0,0
2026-10-04T14:07:39Z,currencyservice,redis-cart,0,0,0,0,0,0,0
2026-10-04T14:07:39Z,currencyservice,shippingservice,0,0,0,0,0,0,0
2026-10-04T14:07:39Z,emailservice,adservice,0,0,0,0,0,0,0
2026-10-04T14:07:39Z,emailservice,cartservice,0,0,0,0,0,0,0
2026-10-04T14:07:39Z,emailservice,checkoutservice,0,0,0,0,0,0,0
2026-10-04T14:07:39Z,emailservice,currencyservice,0,0,0,0,0,0,0
2026-10-04T14:07:39Z,emailservice,emailservice,0,0,0,0,0,0,0
2026-10-04T14:07:39Z,emailservice,frontend,0,0,0,0,0,0,0
2026-10-04T14:07:39Z,emailservice,kubernetes,0,0,0,0,0,0,0
2026-10-04T14:07:39Z,emailservice,paymentservice,0,0,0,0,0,0,0
2026-10-04T14:07:39Z,emailservice,productcatalogservice,0,0,0,0,0,0,0
2026-10-04T14:07:39Z,emailservice,recommendationservice,0,0,0,0,0,0,0
2026-10-04T14:07:39Z,emailservice,redis-cart,0,0,0,0,0,0,0
2026-10-04T14:07:39Z,emailservice,shippingservice,0,0,0,0,0,0,0
2026-10-04T14:07:39Z,frontend,adservice,830785,830783,0,0,0,2507165,830667
2026-10-04T14:07:39Z,frontend,cartservice,1837454,1837440,0,0,4,10235503,1837116
2026-10-04T14:07:39Z,frontend,checkoutservice,392965,182994,0,40061,169943,61908625,182957
2026-10-04T14:07:39Z,frontend,currencyservice,2921427,2921419,0,0,0,15518361,2920917
2026-10-04T14:07:39Z,frontend,emailservice,0,0,0,0,0,0,0
2026-10-04T14:07:39Z,frontend,frontend,0,0,0,0,0,0,0
2026-10-04T14:07:39Z,frontend,kubernetes,0,0,0,0,0,0,0
2026-10-04T14:07:39Z,frontend,paymentservice,0,0,0,0,0,0,0
2026-10-04T14:07:39Z,frontend,productcatalogservice,8224369,8224304,0,0,0,56319887,8223104
2026-10-04T14:07:39Z,frontend,recommendationservice,2644808,1623580,0,106556,912129,795310031,1623331
2026-10-04T14:07:39Z,frontend,redis-cart,0,0,0,0,0,0,0
2026-10-04T14:07:39Z,frontend,shippingservice,304628,304626,0,0,0,927227,304588
2026-10-04T14:07:39Z,paymentservice,adservice,0,0,0,0,0,0,0
2026-10-04T14:07:39Z,paymentservice,cartservice,0,0,0,0,0,0,0
2026-10-04T14:07:39Z,paymentservice,checkoutservice,0,0,0,0,0,0,0
2026-10-04T14:07:39Z,paymentservice,currencyservice,0,0,0,0,0,0,0
2026-10-04T14:07:39Z,paymentservice,emailservice,0,0,0,0,0,0,0
2026-10-04T14:07:39Z,paymentservice,frontend,0,0,0,0,0,0,0
2026-10-04T14:07:39Z,paymentservice,kubernetes,0,0,0,0,0,0,0
2026-10-04T14:07:39Z,paymentservice,paymentservice,0,0,0,0,0,0,0
2026-10-04T14:07:39Z,paymentservice,productcatalogservice,0,0,0,0,0,0,0
2026-10-04T14:07:39Z,paymentservice,recommendationservice,0,0,0,0,0,0,0
2026-10-04T14:07:39Z,paymentservice,redis-cart,0,0,0,0,0,0,0
2026-10-04T14:07:39Z,paymentservice,shippingservice,0,0,0,0,0,0,0
2026-10-04T14:07:39Z,productcatalogservice,adservice,0,0,0,0,0,0,0
2026-10-04T14:07:39Z,productcatalogservice,cartservice,0,0,0,0,0,0,0
2026-10-04T14:07:39Z,productcatalogservice,checkoutservice,0,0,0,0,0,0,0
2026-10-04T14:07:39Z,productcatalogservice,currencyservice,0,0,0,0,0,0,0
2026-10-04T14:07:39Z,productcatalogservice,emailservice,0,0,0,0,0,0,0
2026-10-04T14:07:39Z,productcatalogservice,frontend,0,0,0,0,0,0,0
2026-10-04T14:07:39Z,productcatalogservice,kubernetes,0,0,0,0,0,0,0
2026-10-04T14:07:39Z,productcatalogservice,paymentservice,0,0,0,0,0,0,0
2026-10-04T14:07:39Z,productcatalogservice,productcatalogservice,0,0,0,0,0,0,0
2026-10-04T14:07:39Z,productcatalogservice,recommendationservice,0,0,0,0,0,0,0
2026-10-04T14:07:39Z,productcatalogservice,redis-cart,0,0,0,0,0,0,0
2026-10-04T14:07:39Z,productcatalogservice,shippingservice,0,0,0,0,0,0,0
2026-10-04T14:07:39Z,recommendationservice,adservice,0,0,0,0,0,0,0
2026-10-04T14:07:39Z,recommendationservice,cartservice,0,0,0,0,0,0,0
2026-10-04T14:07:39Z,recommendationservice,checkoutservice,0,0,0,0,0,0,0
2026-10-04T14:07:39Z,recommendationservice,currencyservice,0,0,0,0,0,0,0
2026-10-04T14:07:39Z,recommendationservice,emailservice,0,0,0,0,0,0,0
2026-10-04T14:07:39Z,recommendationservice,frontend,0,0,0,0,0,0,0
2026-10-04T14:07:39Z,recommendationservice,kubernetes,0,0,0,0,0,0,0
2026-10-04T14:07:39Z,recommendationservice,paymentservice,0,0,0,0,0,0,0
2026-10-04T14:07:39Z,recommendationservice,productcatalogservice,103160,103158,0,0,0,783415,101416
2026-10-04T14:07:39Z,recommendationservice,recommendationservice,0,0,0,0,0,0,0
2026-10-04T14:07:39Z,recommendationservice,redis-cart,0,0,0,0,0,0,0
2026-10-04T14:07:39Z,recommendationservice,shippingservice,0,0,0,0,0,0,0
2026-10-04T14:07:39Z,redis-cart,adservice,0,0,0,0,0,0,0
2026-10-04T14:07:39Z,redis-cart,cartservice,0,0,0,0,0,0,0
2026-10-04T14:07:39Z,redis-cart,checkoutservice,0,0,0,0,0,0,0
2026-10-04T14:07:39Z,redis-cart,currencyservice,0,0,0,0,0,0,0
2026-10-04T14:07:39Z,redis-cart,emailservice,0,0,0,0,0,0,0
2026-10-04T14:07:39Z,redis-cart,frontend,0,0,0,0,0,0,0
2026-10-04T14:07:39Z,redis-cart,kubernetes,0,0,0,0,0,0,0
2026-10-04T14:07:39Z,redis-cart,paymentservice,0,0,0,0,0,0,0
2026-10-04T14:07:39Z,redis-cart,productcatalogservice,0,0,0,0,0,0,0
2026-10-04T14:07:39Z,redis-cart,recommendationservice,0,0,0,0,0,0,0
2026-10-04T14:07:39Z,redis-cart,redis-cart,0,0,0,0,0,0,0
2026-10-04T14:07:39Z,redis-cart,shippingservice,0,0,0,0,0,0,0
2026-10-04T14:07:39Z,shippingservice,adservice,0,0,0,0,0,0,0
2026-10-04T14:07:39Z,shippingservice,cartservice,0,0,0,0,0,0,0
2026-10-04T14:07:39Z,shippingservice,checkoutservice,0,0,0,0,0,0,0
2026-10-04T14:07:39Z,shippingservice,currencyservice,0,0,0,0,0,0,0
2026-10-04T14:07:39Z,shippingservice,emailservice,0,0,0,0,0,0,0
2026-10-04T14:07:39Z,shippingservice,frontend,0,0,0,0,0,0,0
2026-10-04T14:07:39Z,shippingservice,kubernetes,0,0,0,0,0,0,0
2026-10-04T14:07:39Z,shippingservice,paymentservice,0,0,0,0,0,0,0
2026-10-04T14:07:39Z,shippingservice,productcatalogservice,0,0,0,0,0,0,0
2026-10-04T14:07:39Z,shippingservice,recommendationservice,0,0,0,0,0,0,0
2026-10-04T14:07:39Z,shippingservice,redis-cart,0,0,0,0,0,0,0
2026-10-04T14:07:39Z,shippingservice,shippingservice,0,0,0,0,0,0,0
2026-10-04T14:07:40Z,adservice,adservice,0,0,0,0,0,0,0
2026-10-04T14:07:40Z,adservice,cartservice,0,0,0,0,0,0,0
2026-10-04T14:07:40Z,adservice,checkoutservice,0,0,0,0,0,0,0
2026-10-04T14:07:40Z,adservice,currencyservice,0,0,0,0,0,0,0
2026-10-04T14:07:40Z,adservice,emailservice,0,0,0,0,0,0,0
2026-10-04T14:07:40Z,adservice,frontend,0,0,0,0,0,0,0
2026-10-04T14:07:40Z,adservice,kubernetes,0,0,0,0,0,0,0
2026-10-04T14:07:40Z,adservice,paymentservice,0,0,0,0,0,0,0
2026-10-04T14:07:40Z,adservice,productcatalogservice,0,0,0,0,0,0,0
2026-10-04T14:07:40Z,adservice,recommendationservice,0,0,0,0,0,0,0
2026-10-04T14:07:40Z,adservice,redis-cart,0,0,0,0,0,0,0
2026-10-04T14:07:40Z,adservice,shippingservice,0,0,0,0,0,0,0
2026-10-04T14:07:40Z,cartservice,adservice,0,0,0,0,0,0,0
2026-10-04T14:07:40Z,cartservice,cartservice,0,0,0,0,0,0,0
2026-10-04T14:07:40Z,cartservice,checkoutservice,0,0,0,0,0,0,0
2026-10-04T14:07:40Z,cartservice,currencyservice,0,0,0,0,0,0,0
2026-10-04T14:07:40Z,cartservice,emailservice,0,0,0,0,0,0,0
2026-10-04T14:07:40Z,cartservice,frontend,0,0,0,0,0,0,0
2026-10-04T14:07:40Z,cartservice,kubernetes,0,0,0,0,0,0,0
2026-10-04T14:07:40Z,cartservice,paymentservice,0,0,0,0,0,0,0
2026-10-04T14:07:40Z,cartservice,productcatalogservice,0,0,0,0,0,0,0
2026-10-04T14:07:40Z,cartservice,recommendationservice,0,0,0,0,0,0,0
2026-10-04T14:07:40Z,cartservice,redis-cart,2,0,0,0,0,0,0
2026-10-04T14:07:40Z,cartservice,shippingservice,0,0,0,0,0,0,0
2026-10-04T14:07:40Z,checkoutservice,adservice,0,0,0,0,0,0,0
2026-10-04T14:07:40Z,checkoutservice,cartservice,45248,44317,0,100,0,627022,43972
2026-10-04T14:07:40Z,checkoutservice,checkoutservice,0,0,0,0,0,0,0
2026-10-04T14:07:40Z,checkoutservice,currencyservice,34023,34021,0,0,0,534111,33850
2026-10-04T14:07:40Z,checkoutservice,emailservice,5255,4969,0,66,0,206918,4797
2026-10-04T14:07:40Z,checkoutservice,frontend,0,0,0,0,0,0,0
2026-10-04T14:07:40Z,checkoutservice,kubernetes,0,0,0,0,0,0,0
2026-10-04T14:07:40Z,checkoutservice,paymentservice,27285,25436,0,192,0,404936,25120
2026-10-04T14:07:40Z,checkoutservice,productcatalogservice,0,0,0,0,0,0,0
2026-10-04T14:07:40Z,checkoutservice,recommendationservice,0,0,0,0,0,0,0
2026-10-04T14:07:40Z,checkoutservice,redis-cart,0,0,0,0,0,0,0
2026-10-04T14:07:40Z,checkoutservice,shippingservice,50559,48455,0,154,0,478005,48111
2026-10-04T14:07:40Z,currencyservice,adservice,0,0,0,0,0,0,0
2026-10-04T14:07:40Z,currencyservice,cartservice,0,0,0,0,0,0,0
2026-10-04T14:07:40Z,currencyservice,checkoutservice,0,0,0,0,0,0,0
2026-10-04T14:07:40Z,currencyservice,currencyservice,0,0,0,0,0,0,0
2026-10-04T14:07:40Z,currencyservice,emailservice,0,0,0,0,0,0,0
2026-10-04T14:07:40Z,currencyservice,frontend,0,0,0,0,0,0,0
2026-10-04T14:07:40Z,currencyservice,kubernetes,0,0,0,0,0,0,0
2026-10-04T14:07:40Z,currencyservice,paymentservice,0,0,0,0,0,0,0
2026-10-04T14:07:40Z,currencyservice,productcatalogservice,0,0,0,0,0,0,0
2026-10-04T14:07:40Z,currencyservice,recommendationservice,0,0,0,0,0,0,0
2026-10-04T14:07:40Z,currencyservice,redis-cart,0,0,0,0,0,0,0
2026-10-04T14:07:40Z,currencyservice,shippingservice,0,0,0,0,0,0,0
2026-10-04T14:07:40Z,emailservice,adservice,0,0,0,0,0,0,0
2026-10-04T14:07:40Z,emailservice,cartservice,0,0,0,0,0,0,0
2026-10-04T14:07:40Z,emailservice,checkoutservice,0,0,0,0,0,0,0
2026-10-04T14:07:40Z,emailservice,currencyservice,0,0,0,0,0,0,0
2026-10-04T14:07:40Z,emailservice,emailservice,0,0,0,0,0,0,0
2026-10-04T14:07:40Z,emailservice,frontend,0,0,0,0,0,0,0
2026-10-04T14:07:40Z,emailservice,kubernetes,0,0,0,0,0,0,0
2026-10-04T14:07:40Z,emailservice,paymentservice,0,0,0,0,0,0,0
2026-10-04T14:07:40Z,emailservice,productcatalogservice,0,0,0,0,0,0,0
2026-10-04T14:07:40Z,emailservice,recommendationservice,0,0,0,0,0,0,0
2026-10-04T14:07:40Z,emailservice,redis-cart,0,0,0,0,0,0,0
2026-10-04T14:07:40Z,emailservice,shippingservice,0,0,0,0,0,0,0
2026-10-04T14:07:40Z,frontend,adservice,830922,830920,0,0,0,2507165,830667
2026-10-04T14:07:40Z,frontend,cartservice,1837848,1837835,0,0,4,10235503,1837116
2026-10-04T14:07:40Z,frontend,checkoutservice,393015,183037,0,40061,169943,61908625,182957
2026-10-04T14:07:40Z,frontend,currencyservice,2922053,2922042,0,0,0,15518361,2920917
2026-10-04T14:07:40Z,frontend,emailservice,0,0,0,0,0,0,0
2026-10-04T14:07:40Z,frontend,frontend,0,0,0,0,0,0,0
2026-10-04T14:07:40Z,frontend,kubernetes,0,0,0,0,0,0,0
2026-10-04T14:07:40Z,frontend,paymentservice,0,0,0,0,0,0,0
2026-10-04T14:07:40Z,frontend,productcatalogservice,8225914,8225838,0,0,0,56319887,8223104
2026-10-04T14:07:40Z,frontend,recommendationservice,2645570,1623941,0,106612,912487,795310031,1623331
2026-10-04T14:07:40Z,frontend,redis-cart,0,0,0,0,0,0,0
2026-10-04T14:07:40Z,frontend,shippingservice,304680,304678,0,0,0,927227,304588
2026-10-04T14:07:40Z,paymentservice,adservice,0,0,0,0,0,0,0
2026-10-04T14:07:40Z,paymentservice,cartservice,0,0,0,0,0,0,0
2026-10-04T14:07:40Z,paymentservice,checkoutservice,0,0,0,0,0,0,0
2026-10-04T14:07:40Z,paymentservice,currencyservice,0,0,0,0,0,0,0
2026-10-04T14:07:40Z,paymentservice,emailservice,0,0,0,0,0,0,0
2026-10-04T14:07:40Z,paymentservice,frontend,0,0,0,0,0,0,0
2026-10-04T14:07:40Z,paymentservice,kubernetes,0,0,0,0,0,0,0
2026-10-04T14:07:40Z,paymentservice,paymentservice,0,0,0,0,0,0,0
2026-10-04T14:07:40Z,paymentservice,productcatalogservice,0,0,0,0,0,0,0
2026-10-04T14:07:40Z,paymentservice,recommendationservice,0,0,0,0,0,0,0
2026-10-04T14:07:40Z,paymentservice,redis-cart,0,0,0,0,0,0,0
2026-10-04T14:07:40Z,paymentservice,shippingservice,0,0,0,0,0,0,0
2026-10-04T14:07:40Z,productcatalogservice,adservice,0,0,0,0,0,0,0
2026-10-04T14:07:40Z,productcatalogservice,cartservice,0,0,0,0,0,0,0
2026-10-04T14:07:40Z,productcatalogservice,checkoutservice,0,0,0,0,0,0,0
2026-10-04T14:07:40Z,productcatalogservice,currencyservice,0,0,0,0,0,0,0
2026-10-04T14:07:40Z,productcatalogservice,emailservice,0,0,0,0,0,0,0
2026-10-04T14:07:40Z,productcatalogservice,frontend,0,0,0,0,0,0,0
2026-10-04T14:07:40Z,productcatalogservice,kubernetes,0,0,0,0,0,0,0
2026-10-04T14:07:40Z,productcatalogservice,paymentservice,0,0,0,0,0,0,0
2026-10-04T14:07:40Z,productcatalogservice,productcatalogservice,0,0,0,0,0,0,0
2026-10-04T14:07:40Z,productcatalogservice,recommendationservice,0,0,0,0,0,0,0
2026-10-04T14:07:40Z,productcatalogservice,redis-cart,0,0,0,0,0,0,0
2026-10-04T14:07:40Z,productcatalogservice,shippingservice,0,0,0,0,0,0,0
2026-10-04T14:07:40Z,recommendationservice,adservice,0,0,0,0,0,0,0
2026-10-04T14:07:40Z,recommendationservice,cartservice,0,0,0,0,0,0,0
2026-10-04T14:07:40Z,recommendationservice,checkoutservice,0,0,0,0,0,0,0
2026-10-04T14:07:40Z,recommendationservice,currencyservice,0,0,0,0,0,0,0
2026-10-04T14:07:40Z,recommendationservice,emailservice,0,0,0,0,0,0,0
2026-10-04T14:07:40Z,recommendationservice,frontend,0,0,0,0,0,0,0
2026-10-04T14:07:40Z,recommendationservice,kubernetes,0,0,0,0,0,0,0
2026-10-04T14:07:40Z,recommendationservice,paymentservice,0,0,0,0,0,0,0
2026-10-04T14:07:40Z,recommendationservice,productcatalogservice,103595,103594,0,0,0,795046,103478
2026-10-04T14:07:40Z,recommendationservice,recommendationservice,0,0,0,0,0,0,0
2026-10-04T14:07:40Z,recommendationservice,redis-cart,0,0,0,0,0,0,0
2026-10-04T14:07:40Z,recommendationservice,shippingservice,0,0,0,0,0,0,0
2026-10-04T14:07:40Z,redis-cart,adservice,0,0,0,0,0,0,0
2026-10-04T14:07:40Z,redis-cart,cartservice,0,0,0,0,0,0,0
2026-10-04T14:07:40Z,redis-cart,checkoutservice,0,0,0,0,0,0,0
2026-10-04T14:07:40Z,redis-cart,currencyservice,0,0,0,0,0,0,0
2026-10-04T14:07:40Z,redis-cart,emailservice,0,0,0,0,0,0,0
2026-10-04T14:07:40Z,redis-cart,frontend,0,0,0,0,0,0,0
2026-10-04T14:07:40Z,redis-cart,kubernetes,0,0,0,0,0,0,0
2026-10-04T14:07:40Z,redis-cart,paymentservice,0,0,0,0,0,0,0
2026-10-04T14:07:40Z,redis-cart,productcatalogservice,0,0,0,0,0,0,0
2026-10-04T14:07:40Z,redis-cart,recommendationservice,0,0,0,0,0,0,0
2026-10-04T14:07:40Z,redis-cart,redis-cart,0,0,0,0,0,0,0
2026-10-04T14:07:40Z,redis-cart,shippingservice,0,0,0,0,0,0,0
2026-10-04T14:07:40Z,shippingservice,adservice,0,0,0,0,0,0,0
2026-10-04T14:07:40Z,shippingservice,cartservice,0,0,0,0,0,0,0
2026-10-04T14:07:40Z,shippingservice,checkoutservice,0,0,0,0,0,0,0
2026-10-04T14:07:40Z,shippingservice,currencyservice,0,0,0,0,0,0,0
2026-10-04T14:07:40Z,shippingservice,emailservice,0,0,0,0,0,0,0
2026-10-04T14:07:40Z,shippingservice,frontend,0,0,0,0,0,0,0
2026-10-04T14:07:40Z,shippingservice,kubernetes,0,0,0,0,0,0,0
2026-10-04T14:07:40Z,shippingservice,paymentservice,0,0,0,0,0,0,0
2026-10-04T14:07:40Z,shippingservice,productcatalogservice,0,0,0,0,0,0,0
2026-10-04T14:07:40Z,shippingservice,recommendationservice,0,0,0,0,0,0,0
2026-10-04T14:07:40Z,shippingservice,redis-cart,0,0,0,0,0,0,0
2026-10-04T14:07:40Z,shippingservice,shippingservice,0,0,0,0,0,0,0
2026-10-04T14:07:41Z,adservice,adservice,0,0,0,0,0,0,0
2026-10-04T14:07:41Z,adservice,cartservice,0,0,0,0,0,0,0
2026-10-04T14:07:41Z,adservice,checkoutservice,0,0,0,0,0,0,0
2026-10-04T14:07:41Z,adservice,currencyservice,0,0,0,0,0,0,0
2026-10-04T14:07:41Z,adservice,emailservice,0,0,0,0,0,0,0
2026-10-04T14:07:41Z,adservice,frontend,0,0,0,0,0,0,0
2026-10-04T14:07:41Z,adservice,kubernetes,0,0,0,0,0,0,0
2026-10-04T14:07:41Z,adservice,paymentservice,0,0,0,0,0,0,0
2026-10-04T14:07:41Z,adservice,productcatalogservice,0,0,0,0,0,0,0
2026-10-04T14:07:41Z,adservice,recommendationservice,0,0,0,0,0,0,0
2026-10-04T14:07:41Z,adservice,redis-cart,0,0,0,0,0,0,0
2026-10-04T14:07:41Z,adservice,shippingservice,0,0,0,0,0,0,0
2026-10-04T14:07:41Z,cartservice,adservice,0,0,0,0,0,0,0
2026-10-04T14:07:41Z,cartservice,cartservice,0,0,0,0,0,0,0
2026-10-04T14:07:41Z,cartservice,checkoutservice,0,0,0,0,0,0,0
2026-10-04T14:07:41Z,cartservice,currencyservice,0,0,0,0,0,0,0
2026-10-04T14:07:41Z,cartservice,emailservice,0,0,0,0,0,0,0
2026-10-04T14:07:41Z,cartservice,frontend,0,0,0,0,0,0,0
2026-10-04T14:07:41Z,cartservice,kubernetes,0,0,0,0,0,0,0
2026-10-04T14:07:41Z,cartservice,paymentservice,0,0,0,0,0,0,0
2026-10-04T14:07:41Z,cartservice,productcatalogservice,0,0,0,0,0,0,0
2026-10-04T14:07:41Z,cartservice,recommendationservice,0,0,0,0,0,0,0
2026-10-04T14:07:41Z,cartservice,redis-cart,2,0,0,0,0,0,0
2026-10-04T14:07:41Z,cartservice,shippingservice,0,0,0,0,0,0,0
2026-10-04T14:07:41Z,checkoutservice,adservice,0,0,0,0,0,0,0
2026-10-04T14:07:41Z,checkoutservice,cartservice,45353,44422,0,100,0,627022,43972
2026-10-04T14:07:41Z,checkoutservice,checkoutservice,0,0,0,0,0,0,0
2026-10-04T14:07:41Z,checkoutservice,currencyservice,34075,34075,0,0,0,534111,33850
2026-10-04T14:07:41Z,checkoutservice,emailservice,5312,5026,0,66,0,206918,4797
2026-10-04T14:07:41Z,checkoutservice,frontend,0,0,0,0,0,0,0
2026-10-04T14:07:41Z,checkoutservice,kubernetes,0,0,0,0,0,0,0
2026-10-04T14:07:41Z,checkoutservice,paymentservice,27340,25492,0,192,0,404936,25120
2026-10-04T14:07:41Z,checkoutservice,productcatalogservice,0,0,0,0,0,0,0
2026-10-04T14:07:41Z,checkoutservice,recommendationservice,0,0,0,0,0,0,0
2026-10-04T14:07:41Z,checkoutservice,redis-cart,0,0,0,0,0,0,0
2026-10-04T14:07:41Z,checkoutservice,shippingservice,50665,48562,0,154,0,478005,48111
2026-10-04T14:07:41Z,currencyservice,adservice,0,0,0,0,0,0,0
2026-10-04T14:07:41Z,currencyservice,cartservice,0,0,0,0,0,0,0
2026-10-04T14:07:41Z,currencyservice,checkoutservice,0,0,0,0,0,0,0
2026-10-04T14:07:41Z,currencyservice,currencyservice,0,0,0,0,0,0,0
2026-10-04T14:07:41Z,currencyservice,emailservice,0,0,0,0,0,0,0
2026-10-04T14:07:41Z,currencyservice,frontend,0,0,0,0,0,0,0
2026-10-04T14:07:41Z,currencyservice,kubernetes,0,0,0,0,0,0,0
2026-10-04T14:07:41Z,currencyservice,paymentservice,0,0,0,0,0,0,0
2026-10-04T14:07:41Z,currencyservice,productcatalogservice,0,0,0,0,0,0,0
2026-10-04T14:07:41Z,currencyservice,recommendationservice,0,0,0,0,0,0,0
2026-10-04T14:07:41Z,currencyservice,redis-cart,0,0,0,0,0,0,0
2026-10-04T14:07:41Z,currencyservice,shippingservice,0,0,0,0,0,0,0
2026-10-04T14:07:41Z,emailservice,adservice,0,0,0,0,0,0,0
2026-10-04T14:07:41Z,emailservice,cartservice,0,0,0,0,0,0,0
2026-10-04T14:07:41Z,emailservice,checkoutservice,0,0,0,0,0,0,0
2026-10-04T14:07:41Z,emailservice,currencyservice,0,0,0,0,0,0,0
2026-10-04T14:07:41Z,emailservice,emailservice,0,0,0,0,0,0,0
2026-10-04T14:07:41Z,emailservice,frontend,0,0,0,0,0,0,0
2026-10-04T14:07:41Z,emailservice,kubernetes,0,0,0,0,0,0,0
2026-10-04T14:07:41Z,emailservice,paymentservice,0,0,0,0,0,0,0
2026-10-04T14:07:41Z,emailservice,productcatalogservice,0,0,0,0,0,0,0
2026-10-04T14:07:41Z,emailservice,recommendationservice,0,0,0,0,0,0,0
2026-10-04T14:07:41Z,emailservice,redis-cart,0,0,0,0,0,0,0
2026-10-04T14:07:41Z,emailservice,shippingservice,0,0,0,0,0,0,0
2026-10-04T14:07:41Z,frontend,adservice,831014,831009,0,0,0,2507165,830667
2026-10-04T14:07:41Z,frontend,cartservice,1838213,1838201,0,0,4,10235503,1837116
2026-10-04T14:07:41Z,frontend,checkoutservice,393062,183099,0,40061,169943,61908625,182957
2026-10-04T14:07:41Z,frontend,currencyservice,2922618,2922611,0,0,0,15518361,2920917
2026-10-04T14:07:41Z,frontend,emailservice,0,0,0,0,0,0,0
2026-10-04T14:07:41Z,frontend,frontend,0,0,0,0,0,0,0
2026-10-04T14:07:41Z,frontend,kubernetes,0,0,0,0,0,0,0
2026-10-04T14:07:41Z,frontend,paymentservice,0,0,0,0,0,0,0
2026-10-04T14:07:41Z,frontend,productcatalogservice,8227038,8226963,0,0,0,56319887,8223104
2026-10-04T14:07:41Z,frontend,recommendationservice,2646332,1624223,0,106661,912881,795310031,1623331
2026-10-04T14:07:41Z,frontend,redis-cart,0,0,0,0,0,0,0
2026-10-04T14:07:41Z,frontend,shippingservice,304713,304711,0,0,0,927227,304588
2026-10-04T14:07:41Z,paymentservice,adservice,0,0,0,0,0,0,0
2026-10-04T14:07:41Z,paymentservice,cartservice,0,0,0,0,0,0,0
2026-10-04T14:07:41Z,paymentservice,checkoutservice,0,0,0,0,0,0,0
2026-10-04T14:07:41Z,paymentservice,currencyservice,0,0,0,0,0,0,0
2026-10-04T14:07:41Z,paymentservice,emailservice,0,0,0,0,0,0,0
2026-10-04T14:07:41Z,paymentservice,frontend,0,0,0,0,0,0,0
2026-10-04T14:07:41Z,paymentservice,kubernetes,0,0,0,0,0,0,0
2026-10-04T14:07:41Z,paymentservice,paymentservice,0,0,0,0,0,0,0
2026-10-04T14:07:41Z,paymentservice,productcatalogservice,0,0,0,0,0,0,0
2026-10-04T14:07:41Z,paymentservice,recommendationservice,0,0,0,0,0,0,0
2026-10-04T14:07:41Z,paymentservice,redis-cart,0,0,0,0,0,0,0
2026-10-04T14:07:41Z,paymentservice,shippingservice,0,0,0,0,0,0,0
2026-10-04T14:07:41Z,productcatalogservice,adservice,0,0,0,0,0,0,0
2026-10-04T14:07:41Z,productcatalogservice,cartservice,0,0,0,0,0,0,0
2026-10-04T14:07:41Z,productcatalogservice,checkoutservice,0,0,0,0,0,0,0
2026-10-04T14:07:41Z,productcatalogservice,currencyservice,0,0,0,0,0,0,0
2026-10-04T14:07:41Z,productcatalogservice,emailservice,0,0,0,0,0,0,0
2026-10-04T14:07:41Z,productcatalogservice,frontend,0,0,0,0,0,0,0
2026-10-04T14:07:41Z,productcatalogservice,kubernetes,0,0,0,0,0,0,0
2026-10-04T14:07:41Z,productcatalogservice,paymentservice,0,0,0,0,0,0,0
2026-10-04T14:07:41Z,productcatalogservice,productcatalogservice,0,0,0,0,0,0,0
2026-10-04T14:07:41Z,productcatalogservice,recommendationservice,0,0,0,0,0,0,0
2026-10-04T14:07:41Z,productcatalogservice,redis-cart,0,0,0,0,0,0,0
2026-10-04T14:07:41Z,productcatalogservice,shippingservice,0,0,0,0,0,0,0
2026-10-04T14:07:41Z,recommendationservice,adservice,0,0,0,0,0,0,0
2026-10-04T14:07:41Z,recommendationservice,cartservice,0,0,0,0,0,0,0
2026-10-04T14:07:41Z,recommendationservice,checkoutservice,0,0,0,0,0,0,0
2026-10-04T14:07:41Z,recommendationservice,currencyservice,0,0,0,0,0,0,0
2026-10-04T14:07:41Z,recommendationservice,emailservice,0,0,0,0,0,0,0
2026-10-04T14:07:41Z,recommendationservice,frontend,0,0,0,0,0,0,0
2026-10-04T14:07:41Z,recommendationservice,kubernetes,0,0,0,0,0,0,0
2026-10-04T14:07:41Z,recommendationservice,paymentservice,0,0,0,0,0,0,0
2026-10-04T14:07:41Z,recommendationservice,productcatalogservice,103977,103973,0,0,0,795046,103478
2026-10-04T14:07:41Z,recommendationservice,recommendationservice,0,0,0,0,0,0,0
2026-10-04T14:07:41Z,recommendationservice,redis-cart,0,0,0,0,0,0,0
2026-10-04T14:07:41Z,recommendationservice,shippingservice,0,0,0,0,0,0,0
2026-10-04T14:07:41Z,redis-cart,adservice,0,0,0,0,0,0,0
2026-10-04T14:07:41Z,redis-cart,cartservice,0,0,0,0,0,0,0
2026-10-04T14:07:41Z,redis-cart,checkoutservice,0,0,0,0,0,0,0
2026-10-04T14:07:41Z,redis-cart,currencyservice,0,0,0,0,0,0,0
2026-10-04T14:07:41Z,redis-cart,emailservice,0,0,0,0,0,0,0
2026-10-04T14:07:41Z,redis-cart,frontend,0,0,0,0,0,0,0
2026-10-04T14:07:41Z,redis-cart,kubernetes,0,0,0,0,0,0,0
2026-10-04T14:07:41Z,redis-cart,paymentservice,0,0,0,0,0,0,0
2026-10-04T14:07:41Z,redis-cart,productcatalogservice,0,0,0,0,0,0,0
2026-10-04T14:07:41Z,redis-cart,recommendationservice,0,0,0,0,0,0,0
2026-10-04T14:07:41Z,redis-cart,redis-cart,0,0,0,0,0,0,0
2026-10-04T14:07:41Z,redis-cart,shippingservice,0,0,0,0,0,0,0
2026-10-04T14:07:41Z,shippingservice,adservice,0,0,0,0,0,0,0
2026-10-04T14:07:41Z,shippingservice,cartservice,0,0,0,0,0,0,0
2026-10-04T14:07:41Z,shippingservice,checkoutservice,0,0,0,0,0,0,0
2026-10-04T14:07:41Z,shippingservice,currencyservice,0,0,0,0,0,0,0
2026-10-04T14:07:41Z,shippingservice,emailservice,0,0,0,0,0,0,0
2026-10-04T14:07:41Z,shippingservice,frontend,0,0,0,0,0,0,0
2026-10-04T14:07:41Z,shippingservice,kubernetes,0,0,0,0,0,0,0
2026-10-04T14:07:41Z,shippingservice,paymentservice,0,0,0,0,0,0,0
2026-10-04T14:07:41Z,shippingservice,productcatalogservice,0,0,0,0,0,0,0
2026-10-04T14:07:41Z,shippingservice,recommendationservice,0,0,0,0,0,0,0
2026-10-04T14:07:41Z,shippingservice,redis-cart,0,0,0,0,0,0,0
2026-10-04T14:07:41Z,shippingservice,shippingservice,0,0,0,0,0,0,0
2026-10-04T14:07:42Z,adservice,adservice,0,0,0,0,0,0,0
2026-10-04T14:07:42Z,adservice,cartservice,0,0,0,0,0,0,0
2026-10-04T14:07:42Z,adservice,checkoutservice,0,0,0,0,0,0,0
2026-10-04T14:07:42Z,adservice,currencyservice,0,0,0,0,0,0,0
2026-10-04T14:07:42Z,adservice,emailservice,0,0,0,0,0,0,0
2026-10-04T14:07:42Z,adservice,frontend,0,0,0,0,0,0,0
2026-10-04T14:07:42Z,adservice,kubernetes,0,0,0,0,0,0,0
2026-10-04T14:07:42Z,adservice,paymentservice,0,0,0,0,0,0,0
2026-10-04T14:07:42Z,adservice,productcatalogservice,0,0,0,0,0,0,0
2026-10-04T14:07:42Z,adservice,recommendationservice,0,0,0,0,0,0,0
2026-10-04T14:07:42Z,adservice,redis-cart,0,0,0,0,0,0,0
2026-10-04T14:07:42Z,adservice,shippingservice,0,0,0,0,0,0,0
2026-10-04T14:07:42Z,cartservice,adservice,0,0,0,0,0,0,0
2026-10-04T14:07:42Z,cartservice,cartservice,0,0,0,0,0,0,0
2026-10-04T14:07:42Z,cartservice,checkoutservice,0,0,0,0,0,0,0
2026-10-04T14:07:42Z,cartservice,currencyservice,0,0,0,0,0,0,0
2026-10-04T14:07:42Z,cartservice,emailservice,0,0,0,0,0,0,0
2026-10-04T14:07:42Z,cartservice,frontend,0,0,0,0,0,0,0
2026-10-04T14:07:42Z,cartservice,kubernetes,0,0,0,0,0,0,0
2026-10-04T14:07:42Z,cartservice,paymentservice,0,0,0,0,0,0,0
2026-10-04T14:07:42Z,cartservice,productcatalogservice,0,0,0,0,0,0,0
2026-10-04T14:07:42Z,cartservice,recommendationservice,0,0,0,0,0,0,0
2026-10-04T14:07:42Z,cartservice,redis-cart,2,0,0,0,0,0,0
2026-10-04T14:07:42Z,cartservice,shippingservice,0,0,0,0,0,0,0
2026-10-04T14:07:42Z,checkoutservice,adservice,0,0,0,0,0,0,0
2026-10-04T14:07:42Z,checkoutservice,cartservice,45458,44527,0,100,0,629430,44485
2026-10-04T14:07:42Z,checkoutservice,checkoutservice,0,0,0,0,0,0,0
2026-10-04T14:07:42Z,checkoutservice,currencyservice,34127,34127,0,0,0,535249,34108
2026-10-04T14:07:42Z,checkoutservice,emailservice,5365,5079,0,66,0,216819,5056
2026-10-04T14:07:42Z,checkoutservice,frontend,0,0,0,0,0,0,0
2026-10-04T14:07:42Z,checkoutservice,kubernetes,0,0,0,0,0,0,0
2026-10-04T14:07:42Z,checkoutservice,paymentservice,27393,25545,0,192,0,407357,25375
2026-10-04T14:07:42Z,checkoutservice,productcatalogservice,0,0,0,0,0,0,0
2026-10-04T14:07:42Z,checkoutservice,recommendationservice,0,0,0,0,0,0,0
2026-10-04T14:07:42Z,checkoutservice,redis-cart,0,0,0,0,0,0,0
2026-10-04T14:07:42Z,checkoutservice,shippingservice,50770,48667,0,154,0,479154,48624
2026-10-04T14:07:42Z,currencyservice,adservice,0,0,0,0,0,0,0
2026-10-04T14:07:42Z,currencyservice,cartservice,0,0,0,0,0,0,0
2026-10-04T14:07:42Z,currencyservice,checkoutservice,0,0,0,0,0,0,0
2026-10-04T14:07:42Z,currencyservice,currencyservice,0,0,0,0,0,0,0
2026-10-04T14:07:42Z,currencyservice,emailservice,0,0,0,0,0,0,0
2026-10-04T14:07:42Z,currencyservice,frontend,0,0,0,0,0,0,0
2026-10-04T14:07:42Z,currencyservice,kubernetes,0,0,0,0,0,0,0
2026-10-04T14:07:42Z,currencyservice,paymentservice,0,0,0,0,0,0,0
2026-10-04T14:07:42Z,currencyservice,productcatalogservice,0,0,0,0,0,0,0
2026-10-04T14:07:42Z,currencyservice,recommendationservice,0,0,0,0,0,0,0
2026-10-04T14:07:42Z,currencyservice,redis-cart,0,0,0,0,0,0,0
2026-10-04T14:07:42Z,currencyservice,shippingservice,0,0,0,0,0,0,0
2026-10-04T14:07:42Z,emailservice,adservice,0,0,0,0,0,0,0
2026-10-04T14:07:42Z,emailservice,cartservice,0,0,0,0,0,0,0
2026-10-04T14:07:42Z,emailservice,checkoutservice,0,0,0,0,0,0,0
2026-10-04T14:07:42Z,emailservice,currencyservice,0,0,0,0,0,0,0
2026-10-04T14:07:42Z,emailservice,emailservice,0,0,0,0,0,0,0
2026-10-04T14:07:42Z,emailservice,frontend,0,0,0,0,0,0,0
2026-10-04T14:07:42Z,emailservice,kubernetes,0,0,0,0,0,0,0
2026-10-04T14:07:42Z,emailservice,paymentservice,0,0,0,0,0,0,0
2026-10-04T14:07:42Z,emailservice,productcatalogservice,0,0,0,0,0,0,0
2026-10-04T14:07:42Z,emailservice,recommendationservice,0,0,0,0,0,0,0
2026-10-04T14:07:42Z,emailservice,redis-cart,0,0,0,0,0,0,0
2026-10-04T14:07:42Z,emailservice,shippingservice,0,0,0,0,0,0,0
2026-10-04T14:07:42Z,frontend,adservice,831145,831143,0,0,0,2507165,830667
2026-10-04T14:07:42Z,frontend,cartservice,1838568,1838554,0,0,4,10235503,1837116
2026-10-04T14:07:42Z,frontend,checkoutservice,393124,183158,0,40061,169943,61908625,182957
2026-10-04T14:07:42Z,frontend,currencyservice,2923195,2923184,0,0,0,15518361,2920917
2026-10-04T14:07:42Z,frontend,emailservice,0,0,0,0,0,0,0
2026-10-04T14:07:42Z,frontend,frontend,0,0,0,0,0,0,0
2026-10-04T14:07:42Z,frontend,kubernetes,0,0,0,0,0,0,0
2026-10-04T14:07:42Z,frontend,paymentservice,0,0,0,0,0,0,0
2026-10-04T14:07:42Z,frontend,productcatalogservice,8228504,8228439,0,0,0,56319887,8223104
2026-10-04T14:07:42Z,frontend,recommendationservice,2647104,1624531,0,106721,913306,795310031,1623331
2026-10-04T14:07:42Z,frontend,redis-cart,0,0,0,0,0,0,0
2026-10-04T14:07:42Z,frontend,shippingservice,304761,304759,0,0,0,927227,304588
2026-10-04T14:07:42Z,paymentservice,adservice,0,0,0,0,0,0,0
2026-10-04T14:07:42Z,paymentservice,cartservice,0,0,0,0,0,0,0
2026-10-04T14:07:42Z,paymentservice,checkoutservice,0,0,0,0,0,0,0
2026-10-04T14:07:42Z,paymentservice,currencyservice,0,0,0,0,0,0,0
2026-10-04T14:07:42Z,paymentservice,emailservice,0,0,0,0,0,0,0
2026-10-04T14:07:42Z,paymentservice,frontend,0,0,0,0,0,0,0
2026-10-04T14:07:42Z,paymentservice,kubernetes,0,0,0,0,0,0,0
2026-10-04T14:07:42Z,paymentservice,paymentservice,0,0,0,0,0,0,0
2026-10-04T14:07:42Z,paymentservice,productcatalogservice,0,0,0,0,0,0,0
2026-10-04T14:07:42Z,paymentservice,recommendationservice,0,0,0,0,0,0,0
2026-10-04T14:07:42Z,paymentservice,redis-cart,0,0,0,0,0,0,0
2026-10-04T14:07:42Z,paymentservice,shippingservice,0,0,0,0,0,0,0
2026-10-04T14:07:42Z,productcatalogservice,adservice,0,0,0,0,0,0,0
2026-10-04T14:07:42Z,productcatalogservice,cartservice,0,0,0,0,0,0,0
2026-10-04T14:07:42Z,productcatalogservice,checkoutservice,0,0,0,0,0,0,0
2026-10-04T14:07:42Z,productcatalogservice,currencyservice,0,0,0,0,0,0,0
2026-10-04T14:07:42Z,productcatalogservice,emailservice,0,0,0,0,0,0,0
2026-10-04T14:07:42Z,productcatalogservice,frontend,0,0,0,0,0,0,0
2026-10-04T14:07:42Z,productcatalogservice,kubernetes,0,0,0,0,0,0,0
2026-10-04T14:07:42Z,productcatalogservice,paymentservice,0,0,0,0,0,0,0
2026-10-04T14:07:42Z,productcatalogservice,productcatalogservice,0,0,0,0,0,0,0
2026-10-04T14:07:42Z,productcatalogservice,recommendationservice,0,0,0,0,0,0,0
2026-10-04T14:07:42Z,productcatalogservice,redis-cart,0,0,0,0,0,0,0
2026-10-04T14:07:42Z,productcatalogservice,shippingservice,0,0,0,0,0,0,0
2026-10-04T14:07:42Z,recommendationservice,adservice,0,0,0,0,0,0,0
2026-10-04T14:07:42Z,recommendationservice,cartservice,0,0,0,0,0,0,0
2026-10-04T14:07:42Z,recommendationservice,checkoutservice,0,0,0,0,0,0,0
2026-10-04T14:07:42Z,recommendationservice,currencyservice,0,0,0,0,0,0,0
2026-10-04T14:07:42Z,recommendationservice,emailservice,0,0,0,0,0,0,0
2026-10-04T14:07:42Z,recommendationservice,frontend,0,0,0,0,0,0,0
2026-10-04T14:07:42Z,recommendationservice,kubernetes,0,0,0,0,0,0,0
2026-10-04T14:07:42Z,recommendationservice,paymentservice,0,0,0,0,0,0,0
2026-10-04T14:07:42Z,recommendationservice,productcatalogservice,104385,104384,0,0,0,795046,103478
2026-10-04T14:07:42Z,recommendationservice,recommendationservice,0,0,0,0,0,0,0
2026-10-04T14:07:42Z,recommendationservice,redis-cart,0,0,0,0,0,0,0
2026-10-04T14:07:42Z,recommendationservice,shippingservice,0,0,0,0,0,0,0
2026-10-04T14:07:42Z,redis-cart,adservice,0,0,0,0,0,0,0
2026-10-04T14:07:42Z,redis-cart,cartservice,0,0,0,0,0,0,0
2026-10-04T14:07:42Z,redis-cart,checkoutservice,0,0,0,0,0,0,0
2026-10-04T14:07:42Z,redis-cart,currencyservice,0,0,0,0,0,0,0
2026-10-04T14:07:42Z,redis-cart,emailservice,0,0,0,0,0,0,0
2026-10-04T14:07:42Z,redis-cart,frontend,0,0,0,0,0,0,0
2026-10-04T14:07:42Z,redis-cart,kubernetes,0,0,0,0,0,0,0
2026-10-04T14:07:42Z,redis-cart,paymentservice,0,0,0,0,0,0,0
2026-10-04T14:07:42Z,redis-cart,productcatalogservice,0,0,0,0,0,0,0
2026-10-04T14:07:42Z,redis-cart,recommendationservice,0,0,0,0,0,0,0
2026-10-04T14:07:42Z,redis-cart,redis-cart,0,0,0,0,0,0,0
2026-10-04T14:07:42Z,redis-cart,shippingservice,0,0,0,0,0,0,0
2026-10-04T14:07:42Z,shippingservice,adservice,0,0,0,0,0,0,0
2026-10-04T14:07:42Z,shippingservice,cartservice,0,0,0,0,0,0,0
2026-10-04T14:07:42Z,shippingservice,checkoutservice,0,0,0,0,0,0,0
2026-10-04T14:07:42Z,shippingservice,currencyservice,0,0,0,0,0,0,0
2026-10-04T14:07:42Z,shippingservice,emailservice,0,0,0,0,0,0,0
2026-10-04T14:07:42Z,shippingservice,frontend,0,0,0,0,0,0,0
2026-10-04T14:07:42Z,shippingservice,kubernetes,0,0,0,0,0,0,0
2026-10-04T14:07:42Z,shippingservice,paymentservice,0,0,0,0,0,0,0
2026-10-04T14:07:42Z,shippingservice,productcatalogservice,0,0,0,0,0,0,0
2026-10-04T14:07:42Z,shippingservice,recommendationservice,0,0,0,0,0,0,0
2026-10-04T14:07:42Z,shippingservice,redis-cart,0,0,0,0,0,0,0
2026-10-04T14:07:42Z,shippingservice,shippingservice,0,0,0,0,0,0,0
2026-10-04T14:07:43Z,adservice,adservice,0,0,0,0,0,0,0
2026-10-04T14:07:43Z,adservice,cartservice,0,0,0,0,0,0,0
2026-10-04T14:07:43Z,adservice,checkoutservice,0,0,0,0,0,0,0
2026-10-04T14:07:43Z,adservice,currencyservice,0,0,0,0,0,0,0
2026-10-04T14:07:43Z,adservice,emailservice,0,0,0,0,0,0,0
2026-10-04T14:07:43Z,adservice,frontend,0,0,0,0,0,0,0
2026-10-04T14:07:43Z,adservice,kubernetes,0,0,0,0,0,0,0
2026-10-04T14:07:43Z,adservice,paymentservice,0,0,0,0,0,0,0
2026-10-04T14:07:43Z,adservice,productcatalogservice,0,0,0,0,0,0,0
2026-10-04T14:07:43Z,adservice,recommendationservice,0,0,0,0,0,0,0
2026-10-04T14:07:43Z,adservice,redis-cart,0,0,0,0,0,0,0
2026-10-04T14:07:43Z,adservice,shippingservice,0,0,0,0,0,0,0
2026-10-04T14:07:43Z,cartservice,adservice,0,0,0,0,0,0,0
2026-10-04T14:07:43Z,cartservice,cartservice,0,0,0,0,0,0,0
2026-10-04T14:07:43Z,cartservice,checkoutservice,0,0,0,0,0,0,0
2026-10-04T14:07:43Z,cartservice,currencyservice,0,0,0,0,0,0,0
2026-10-04T14:07:43Z,cartservice,emailservice,0,0,0,0,0,0,0
2026-10-04T14:07:43Z,cartservice,frontend,0,0,0,0,0,0,0
2026-10-04T14:07:43Z,cartservice,kubernetes,0,0,0,0,0,0,0
2026-10-04T14:07:43Z,cartservice,paymentservice,0,0,0,0,0,0,0
2026-10-04T14:07:43Z,cartservice,productcatalogservice,0,0,0,0,0,0,0
2026-10-04T14:07:43Z,cartservice,recommendationservice,0,0,0,0,0,0,0
2026-10-04T14:07:43Z,cartservice,redis-cart,2,0,0,0,0,0,0
2026-10-04T14:07:43Z,cartservice,shippingservice,0,0,0,0,0,0,0
2026-10-04T14:07:43Z,checkoutservice,adservice,0,0,0,0,0,0,0
2026-10-04T14:07:43Z,checkoutservice,cartservice,45562,44631,0,100,0,629430,44485
2026-10-04T14:07:43Z,checkoutservice,checkoutservice,0,0,0,0,0,0,0
2026-10-04T14:07:43Z,checkoutservice,currencyservice,34179,34179,0,0,0,535249,34108
2026-10-04T14:07:43Z,checkoutservice,emailservice,5417,5131,0,66,0,216819,5056
2026-10-04T14:07:43Z,checkoutservice,frontend,0,0,0,0,0,0,0
2026-10-04T14:07:43Z,checkoutservice,kubernetes,0,0,0,0,0,0,0
2026-10-04T14:07:43Z,checkoutservice,paymentservice,27445,25597,0,192,0,407357,25375
2026-10-04T14:07:43Z,checkoutservice,productcatalogservice,0,0,0,0,0,0,0
2026-10-04T14:07:43Z,checkoutservice,recommendationservice,0,0,0,0,0,0,0
2026-10-04T14:07:43Z,checkoutservice,redis-cart,0,0,0,0,0,0,0
2026-10-04T14:07:43Z,checkoutservice,shippingservice,50874,48771,0,154,0,479154,48624
2026-10-04T14:07:43Z,currencyservice,adservice,0,0,0,0,0,0,0
2026-10-04T14:07:43Z,currencyservice,cartservice,0,0,0,0,0,0,0
2026-10-04T14:07:43Z,currencyservice,checkoutservice,0,0,0,0,0,0,0
2026-10-04T14:07:43Z,currencyservice,currencyservice,0,0,0,0,0,0,0
2026-10-04T14:07:43Z,currencyservice,emailservice,0,0,0,0,0,0,0
2026-10-04T14:07:43Z,currencyservice,frontend,0,0,0,0,0,0,0
2026-10-04T14:07:43Z,currencyservice,kubernetes,0,0,0,0,0,0,0
2026-10-04T14:07:43Z,currencyservice,paymentservice,0,0,0,0,0,0,0
2026-10-04T14:07:43Z,currencyservice,productcatalogservice,0,0,0,0,0,0,0
2026-10-04T14:07:43Z,currencyservice,recommendationservice,0,0,0,0,0,0,0
2026-10-04T14:07:43Z,currencyservice,redis-cart,0,0,0,0,0,0,0
2026-10-04T14:07:43Z,currencyservice,shippingservice,0,0,0,0,0,0,0
2026-10-04T14:07:43Z,emailservice,adservice,0,0,0,0,0,0,0
2026-10-04T14:07:43Z,emailservice,cartservice,0,0,0,0,0,0,0
2026-10-04T14:07:43Z,emailservice,checkoutservice,0,0,0,0,0,0,0
2026-10-04T14:07:43Z,emailservice,currencyservice,0,0,0,0,0,0,0
2026-10-04T14:07:43Z,emailservice,emailservice,0,0,0,0,0,0,0
2026-10-04T14:07:43Z,emailservice,frontend,0,0,0,0,0,0,0
2026-10-04T14:07:43Z,emailservice,kubernetes,0,0,0,0,0,0,0
2026-10-04T14:07:43Z,emailservice,paymentservice,0,0,0,0,0,0,0
2026-10-04T14:07:43Z,emailservice,productcatalogservice,0,0,0,0,0,0,0
2026-10-04T14:07:43Z,emailservice,recommendationservice,0,0,0,0,0,0,0
2026-10-04T14:07:43Z,emailservice,redis-cart,0,0,0,0,0,0,0
2026-10-04T14:07:43Z,emailservice,shippingservice,0,0,0,0,0,0,0
2026-10-04T14:07:43Z,frontend,adservice,831290,831287,0,0,0,2507499,830796
2026-10-04T14:07:43Z,frontend,cartservice,1838987,1838970,0,0,4,10237406,1837556
2026-10-04T14:07:43Z,frontend,checkoutservice,393165,183201,0,40061,169943,61917148,183026
2026-10-04T14:07:43Z,frontend,currencyservice,2923840,2923832,0,0,0,15521173,2921605
2026-10-04T14:07:43Z,frontend,emailservice,0,0,0,0,0,0,0
2026-10-04T14:07:43Z,frontend,frontend,0,0,0,0,0,0,0
2026-10-04T14:07:43Z,frontend,kubernetes,0,0,0,0,0,0,0
2026-10-04T14:07:43Z,frontend,paymentservice,0,0,0,0,0,0,0
2026-10-04T14:07:43Z,frontend,productcatalogservice,8230083,8230008,0,0,0,56329351,8224678
2026-10-04T14:07:43Z,frontend,recommendationservice,2647851,1624884,0,106775,913652,795650591,1623704
2026-10-04T14:07:43Z,frontend,redis-cart,0,0,0,0,0,0,0
2026-10-04T14:07:43Z,frontend,shippingservice,304819,304817,0,0,0,927314,304636
2026-10-04T14:07:43Z,paymentservice,adservice,0,0,0,0,0,0,0
2026-10-04T14:07:43Z,paymentservice,cartservice,0,0,0,0,0,0,0
2026-10-04T14:07:43Z,paymentservice,checkoutservice,0,0,0,0,0,0,0
2026-10-04T14:07:43Z,paymentservice,currencyservice,0,0,0,0,0,0,0
2026-10-04T14:07:43Z,paymentservice,emailservice,0,0,0,0,0,0,0
2026-10-04T14:07:43Z,paymentservice,frontend,0,0,0,0,0,0,0
2026-10-04T14:07:43Z,paymentservice,kubernetes,0,0,0,0,0,0,0
2026-10-04T14:07:43Z,paymentservice,paymentservice,0,0,0,0,0,0,0
2026-10-04T14:07:43Z,paymentservice,productcatalogservice,0,0,0,0,0,0,0
2026-10-04T14:07:43Z,paymentservice,recommendationservice,0,0,0,0,0,0,0
2026-10-04T14:07:43Z,paymentservice,redis-cart,0,0,0,0,0,0,0
2026-10-04T14:07:43Z,paymentservice,shippingservice,0,0,0,0,0,0,0
2026-10-04T14:07:43Z,productcatalogservice,adservice,0,0,0,0,0,0,0
2026-10-04T14:07:43Z,productcatalogservice,cartservice,0,0,0,0,0,0,0
2026-10-04T14:07:43Z,productcatalogservice,checkoutservice,0,0,0,0,0,0,0
2026-10-04T14:07:43Z,productcatalogservice,currencyservice,0,0,0,0,0,0,0
2026-10-04T14:07:43Z,productcatalogservice,emailservice,0,0,0,0,0,0,0
2026-10-04T14:07:43Z,productcatalogservice,frontend,0,0,0,0,0,0,0
2026-10-04T14:07:43Z,productcatalogservice,kubernetes,0,0,0,0,0,0,0
2026-10-04T14:07:43Z,productcatalogservice,paymentservice,0,0,0,0,0,0,0
2026-10-04T14:07:43Z,productcatalogservice,productcatalogservice,0,0,0,0,0,0,0
2026-10-04T14:07:43Z,productcatalogservice,recommendationservice,0,0,0,0,0,0,0
2026-10-04T14:07:43Z,productcatalogservice,redis-cart,0,0,0,0,0,0,0
2026-10-04T14:07:43Z,productcatalogservice,shippingservice,0,0,0,0,0,0,0
2026-10-04T14:07:43Z,recommendationservice,adservice,0,0,0,0,0,0,0
2026-10-04T14:07:43Z,recommendationservice,cartservice,0,0,0,0,0,0,0
2026-10-04T14:07:43Z,recommendationservice,checkoutservice,0,0,0,0,0,0,0
2026-10-04T14:07:43Z,recommendationservice,currencyservice,0,0,0,0,0,0,0
2026-10-04T14:07:43Z,recommendationservice,emailservice,0,0,0,0,0,0,0
2026-10-04T14:07:43Z,recommendationservice,frontend,0,0,0,0,0,0,0
2026-10-04T14:07:43Z,recommendationservice,kubernetes,0,0,0,0,0,0,0
2026-10-04T14:07:43Z,recommendationservice,paymentservice,0,0,0,0,0,0,0
2026-10-04T14:07:43Z,recommendationservice,productcatalogservice,104775,104775,0,0,0,795046,103478
2026-10-04T14:07:43Z,recommendationservice,recommendationservice,0,0,0,0,0,0,0
2026-10-04T14:07:43Z,recommendationservice,redis-cart,0,0,0,0,0,0,0
2026-10-04T14:07:43Z,recommendationservice,shippingservice,0,0,0,0,0,0,0
2026-10-04T14:07:43Z,redis-cart,adservice,0,0,0,0,0,0,0
2026-10-04T14:07:43Z,redis-cart,cartservice,0,0,0,0,0,0,0
2026-10-04T14:07:43Z,redis-cart,checkoutservice,0,0,0,0,0,0,0
2026-10-04T14:07:43Z,redis-cart,currencyservice,0,0,0,0,0,0,0
2026-10-04T14:07:43Z,redis-cart,emailservice,0,0,0,0,0,0,0
2026-10-04T14:07:43Z,redis-cart,frontend,0,0,0,0,0,0,0
2026-10-04T14:07:43Z,redis-cart,kubernetes,0,0,0,0,0,0,0
2026-10-04T14:07:43Z,redis-cart,paymentservice,0,0,0,0,0,0,0
2026-10-04T14:07:43Z,redis-cart,productcatalogservice,0,0,0,0,0,0,0
2026-10-04T14:07:43Z,redis-cart,recommendationservice,0,0,0,0,0,0,0
2026-10-04T14:07:43Z,redis-cart,redis-cart,0,0,0,0,0,0,0
2026-10-04T14:07:43Z,redis-cart,shippingservice,0,0,0,0,0,0,0
2026-10-04T14:07:43Z,shippingservice,adservice,0,0,0,0,0,0,0
2026-10-04T14:07:43Z,shippingservice,cartservice,0,0,0,0,0,0,0
2026-10-04T14:07:43Z,shippingservice,checkoutservice,0,0,0,0,0,0,0
2026-10-04T14:07:43Z,shippingservice,currencyservice,0,0,0,0,0,0,0
2026-10-04T14:07:43Z,shippingservice,emailservice,0,0,0,0,0,0,0
2026-10-04T14:07:43Z,shippingservice,frontend,0,0,0,0,0,0,0
2026-10-04T14:07:43Z,shippingservice,kubernetes,0,0,0,0,0,0,0
2026-10-04T14:07:43Z,shippingservice,paymentservice,0,0,0,0,0,0,0
2026-10-04T14:07:43Z,shippingservice,productcatalogservice,0,0,0,0,0,0,0
2026-10-04T14:07:43Z,shippingservice,recommendationservice,0,0,0,0,0,0,0
2026-10-04T14:07:43Z,shippingservice,redis-cart,0,0,0,0,0,0,0
2026-10-04T14:07:43Z,shippingservice,shippingservice,0,0,0,0,0,0,0
2026-10-04T14:07:44Z,adservice,adservice,0,0,0,0,0,0,0
2026-10-04T14:07:44Z,adservice,cartservice,0,0,0,0,0,0,0
2026-10-04T14:07:44Z,adservice,checkoutservice,0,0,0,0,0,0,0
2026-10-04T14:07:44Z,adservice,currencyservice,0,0,0,0,0,0,0
2026-10-04T14:07:44Z,adservice,emailservice,0,0,0,0,0,0,0
2026-10-04T14:07:44Z,adservice,frontend,0,0,0,0,0,0,0
2026-10-04T14:07:44Z,adservice,kubernetes,0,0,0,0,0,0,0
2026-10-04T14:07:44Z,adservice,paymentservice,0,0,0,0,0,0,0
2026-10-04T14:07:44Z,adservice,productcatalogservice,0,0,0,0,0,0,0
2026-10-04T14:07:44Z,adservice,recommendationservice,0,0,0,0,0,0,0
2026-10-04T14:07:44Z,adservice,redis-cart,0,0,0,0,0,0,0
2026-10-04T14:07:44Z,adservice,shippingservice,0,0,0,0,0,0,0
2026-10-04T14:07:44Z,cartservice,adservice,0,0,0,0,0,0,0
2026-10-04T14:07:44Z,cartservice,cartservice,0,0,0,0,0,0,0
2026-10-04T14:07:44Z,cartservice,checkoutservice,0,0,0,0,0,0,0
2026-10-04T14:07:44Z,cartservice,currencyservice,0,0,0,0,0,0,0
2026-10-04T14:07:44Z,cartservice,emailservice,0,0,0,0,0,0,0
2026-10-04T14:07:44Z,cartservice,frontend,0,0,0,0,0,0,0
2026-10-04T14:07:44Z,cartservice,kubernetes,0,0,0,0,0,0,0
2026-10-04T14:07:44Z,cartservice,paymentservice,0,0,0,0,0,0,0
2026-10-04T14:07:44Z,cartservice,productcatalogservice,0,0,0,0,0,0,0
2026-10-04T14:07:44Z,cartservice,recommendationservice,0,0,0,0,0,0,0
2026-10-04T14:07:44Z,cartservice,redis-cart,2,0,0,0,0,0,0
2026-10-04T14:07:44Z,cartservice,shippingservice,0,0,0,0,0,0,0
2026-10-04T14:07:44Z,checkoutservice,adservice,0,0,0,0,0,0,0
2026-10-04T14:07:44Z,checkoutservice,cartservice,45647,44714,0,100,0,629430,44485
2026-10-04T14:07:44Z,checkoutservice,checkoutservice,0,0,0,0,0,0,0
2026-10-04T14:07:44Z,checkoutservice,currencyservice,34223,34220,0,0,0,535249,34108
2026-10-04T14:07:44Z,checkoutservice,emailservice,5453,5167,0,66,0,216819,5056
2026-10-04T14:07:44Z,checkoutservice,frontend,0,0,0,0,0,0,0
2026-10-04T14:07:44Z,checkoutservice,kubernetes,0,0,0,0,0,0,0
2026-10-04T14:07:44Z,checkoutservice,paymentservice,27485,25637,0,192,0,407357,25375
2026-10-04T14:07:44Z,checkoutservice,productcatalogservice,0,0,0,0,0,0,0
2026-10-04T14:07:44Z,checkoutservice,recommendationservice,0,0,0,0,0,0,0
2026-10-04T14:07:44Z,checkoutservice,redis-cart,0,0,0,0,0,0,0
2026-10-04T14:07:44Z,checkoutservice,shippingservice,50961,48857,0,154,0,479154,48624
2026-10-04T14:07:44Z,currencyservice,adservice,0,0,0,0,0,0,0
2026-10-04T14:07:44Z,currencyservice,cartservice,0,0,0,0,0,0,0
2026-10-04T14:07:44Z,currencyservice,checkoutservice,0,0,0,0,0,0,0
2026-10-04T14:07:44Z,currencyservice,currencyservice,0,0,0,0,0,0,0
2026-10-04T14:07:44Z,currencyservice,emailservice,0,0,0,0,0,0,0
2026-10-04T14:07:44Z,currencyservice,frontend,0,0,0,0,0,0,0
2026-10-04T14:07:44Z,currencyservice,kubernetes,0,0,0,0,0,0,0
2026-10-04T14:07:44Z,currencyservice,paymentservice,0,0,0,0,0,0,0
2026-10-04T14:07:44Z,currencyservice,productcatalogservice,0,0,0,0,0,0,0
2026-10-04T14:07:44Z,currencyservice,recommendationservice,0,0,0,0,0,0,0
2026-10-04T14:07:44Z,currencyservice,redis-cart,0,0,0,0,0,0,0
2026-10-04T14:07:44Z,currencyservice,shippingservice,0,0,0,0,0,0,0
2026-10-04T14:07:44Z,emailservice,adservice,0,0,0,0,0,0,0
2026-10-04T14:07:44Z,emailservice,cartservice,0,0,0,0,0,0,0
2026-10-04T14:07:44Z,emailservice,checkoutservice,0,0,0,0,0,0,0
2026-10-04T14:07:44Z,emailservice,currencyservice,0,0,0,0,0,0,0
2026-10-04T14:07:44Z,emailservice,emailservice,0,0,0,0,0,0,0
2026-10-04T14:07:44Z,emailservice,frontend,0,0,0,0,0,0,0
2026-10-04T14:07:44Z,emailservice,kubernetes,0,0,0,0,0,0,0
2026-10-04T14:07:44Z,emailservice,paymentservice,0,0,0,0,0,0,0
2026-10-04T14:07:44Z,emailservice,productcatalogservice,0,0,0,0,0,0,0
2026-10-04T14:07:44Z,emailservice,recommendationservice,0,0,0,0,0,0,0
2026-10-04T14:07:44Z,emailservice,redis-cart,0,0,0,0,0,0,0
2026-10-04T14:07:44Z,emailservice,shippingservice,0,0,0,0,0,0,0
2026-10-04T14:07:44Z,frontend,adservice,831428,831426,0,0,0,2508951,831295
2026-10-04T14:07:44Z,frontend,cartservice,1839354,1839341,0,0,4,10243821,1839020
2026-10-04T14:07:44Z,frontend,checkoutservice,393214,183245,0,40061,169943,61939383,183212
2026-10-04T14:07:44Z,frontend,currencyservice,2924413,2924402,0,0,0,15529653,2923917
2026-10-04T14:07:44Z,frontend,emailservice,0,0,0,0,0,0,0
2026-10-04T14:07:44Z,frontend,frontend,0,0,0,0,0,0,0
2026-10-04T14:07:44Z,frontend,kubernetes,0,0,0,0,0,0,0
2026-10-04T14:07:44Z,frontend,paymentservice,0,0,0,0,0,0,0
2026-10-04T14:07:44Z,frontend,productcatalogservice,8231511,8231441,0,0,0,56358053,8230179
2026-10-04T14:07:44Z,frontend,recommendationservice,2648599,1625201,0,106824,914031,796649751,1624925
2026-10-04T14:07:44Z,frontend,redis-cart,0,0,0,0,0,0,0
2026-10-04T14:07:44Z,frontend,shippingservice,304863,304860,0,0,0,927795,304823
2026-10-04T14:07:44Z,paymentservice,adservice,0,0,0,0,0,0,0
2026-10-04T14:07:44Z,paymentservice,cartservice,0,0,0,0,0,0,0
2026-10-04T14:07:44Z,paymentservice,checkoutservice,0,0,0,0,0,0,0
2026-10-04T14:07:44Z,paymentservice,currencyservice,0,0,0,0,0,0,0
2026-10-04T14:07:44Z,paymentservice,emailservice,0,0,0,0,0,0,0
2026-10-04T14:07:44Z,paymentservice,frontend,0,0,0,0,0,0,0
2026-10-04T14:07:44Z,paymentservice,kubernetes,0,0,0,0,0,0,0
2026-10-04T14:07:44Z,paymentservice,paymentservice,0,0,0,0,0,0,0
2026-10-04T14:07:44Z,paymentservice,productcatalogservice,0,0,0,0,0,0,0
2026-10-04T14:07:44Z,paymentservice,recommendationservice,0,0,0,0,0,0,0
2026-10-04T14:07:44Z,paymentservice,redis-cart,0,0,0,0,0,0,0
2026-10-04T14:07:44Z,paymentservice,shippingservice,0,0,0,0,0,0,0
2026-10-04T14:07:44Z,productcatalogservice,adservice,0,0,0,0,0,0,0
2026-10-04T14:07:44Z,productcatalogservice,cartservice,0,0,0,0,0,0,0
2026-10-04T14:07:44Z,productcatalogservice,checkoutservice,0,0,0,0,0,0,0
2026-10-04T14:07:44Z,productcatalogservice,currencyservice,0,0,0,0,0,0,0
2026-10-04T14:07:44Z,productcatalogservice,emailservice,0,0,0,0,0,0,0
2026-10-04T14:07:44Z,productcatalogservice,frontend,0,0,0,0,0,0,0
2026-10-04T14:07:44Z,productcatalogservice,kubernetes,0,0,0,0,0,0,0
2026-10-04T14:07:44Z,productcatalogservice,paymentservice,0,0,0,0,0,0,0
2026-10-04T14:07:44Z,productcatalogservice,productcatalogservice,0,0,0,0,0,0,0
2026-10-04T14:07:44Z,productcatalogservice,recommendationservice,0,0,0,0,0,0,0
2026-10-04T14:07:44Z,productcatalogservice,redis-cart,0,0,0,0,0,0,0
2026-10-04T14:07:44Z,productcatalogservice,shippingservice,0,0,0,0,0,0,0
2026-10-04T14:07:44Z,recommendationservice,adservice,0,0,0,0,0,0,0
2026-10-04T14:07:44Z,recommendationservice,cartservice,0,0,0,0,0,0,0
2026-10-04T14:07:44Z,recommendationservice,checkoutservice,0,0,0,0,0,0,0
2026-10-04T14:07:44Z,recommendationservice,currencyservice,0,0,0,0,0,0,0
2026-10-04T14:07:44Z,recommendationservice,emailservice,0,0,0,0,0,0,0
2026-10-04T14:07:44Z,recommendationservice,frontend,0,0,0,0,0,0,0
2026-10-04T14:07:44Z,recommendationservice,kubernetes,0,0,0,0,0,0,0
2026-10-04T14:07:44Z,recommendationservice,paymentservice,0,0,0,0,0,0,0
2026-10-04T14:07:44Z,recommendationservice,productcatalogservice,105195,105189,0,0,0,795046,103478
2026-10-04T14:07:44Z,recommendationservice,recommendationservice,0,0,0,0,0,0,0
2026-10-04T14:07:44Z,recommendationservice,redis-cart,0,0,0,0,0,0,0
2026-10-04T14:07:44Z,recommendationservice,shippingservice,0,0,0,0,0,0,0
2026-10-04T14:07:44Z,redis-cart,adservice,0,0,0,0,0,0,0
2026-10-04T14:07:44Z,redis-cart,cartservice,0,0,0,0,0,0,0
2026-10-04T14:07:44Z,redis-cart,checkoutservice,0,0,0,0,0,0,0
2026-10-04T14:07:44Z,redis-cart,currencyservice,0,0,0,0,0,0,0
2026-10-04T14:07:44Z,redis-cart,emailservice,0,0,0,0,0,0,0
2026-10-04T14:07:44Z,redis-cart,frontend,0,0,0,0,0,0,0
2026-10-04T14:07:44Z,redis-cart,kubernetes,0,0,0,0,0,0,0
2026-10-04T14:07:44Z,redis-cart,paymentservice,0,0,0,0,0,0,0
2026-10-04T14:07:44Z,redis-cart,productcatalogservice,0,0,0,0,0,0,0
2026-10-04T14:07:44Z,redis-cart,recommendationservice,0,0,0,0,0,0,0
2026-10-04T14:07:44Z,redis-cart,redis-cart,0,0,0,0,0,0,0
2026-10-04T14:07:44Z,redis-cart,shippingservice,0,0,0,0,0,0,0
2026-10-04T14:07:44Z,shippingservice,adservice,0,0,0,0,0,0,0
2026-10-04T14:07:44Z,shippingservice,cartservice,0,0,0,0,0,0,0
2026-10-04T14:07:44Z,shippingservice,checkoutservice,0,0,0,0,0,0,0
2026-10-04T14:07:44Z,shippingservice,currencyservice,0,0,0,0,0,0,0
2026-10-04T14:07:44Z,shippingservice,emailservice,0,0,0,0,0,0,0
2026-10-04T14:07:44Z,shippingservice,frontend,0,0,0,0,0,0,0
2026-10-04T14:07:44Z,shippingservice,kubernetes,0,0,0,0,0,0,0
2026-10-04T14:07:44Z,shippingservice,paymentservice,0,0,0,0,0,0,0
2026-10-04T14:07:44Z,shippingservice,productcatalogservice,0,0,0,0,0,0,0
2026-10-04T14:07:44Z,shippingservice,recommendationservice,0,0,0,0,0,0,0
2026-10-04T14:07:44Z,shippingservice,redis-cart,0,0,0,0,0,0,0
2026-10-04T14:07:44Z,shippingservice,shippingservice,0,0,0,0,0,0,0
2026-10-04T14:07:45Z,adservice,adservice,0,0,0,0,0,0,0
2026-10-04T14:07:45Z,adservice,cartservice,0,0,0,0,0,0,0
2026-10-04T14:07:45Z,adservice,checkoutservice,0,0,0,0,0,0,0
2026-10-04T14:07:45Z,adservice,currencyservice,0,0,0,0,0,0,0
2026-10-04T14:07:45Z,adservice,emailservice,0,0,0,0,0,0,0
2026-10-04T14:07:45Z,adservice,frontend,0,0,0,0,0,0,0
2026-10-04T14:07:45Z,adservice,kubernetes,0,0,0,0,0,0,0
2026-10-04T14:07:45Z,adservice,paymentservice,0,0,0,0,0,0,0
2026-10-04T14:07:45Z,adservice,productcatalogservice,0,0,0,0,0,0,0
2026-10-04T14:07:45Z,adservice,recommendationservice,0,0,0,0,0,0,0
2026-10-04T14:07:45Z,adservice,redis-cart,0,0,0,0,0,0,0
2026-10-04T14:07:45Z,adservice,shippingservice,0,0,0,0,0,0,0
2026-10-04T14:07:45Z,cartservice,adservice,0,0,0,0,0,0,0
2026-10-04T14:07:45Z,cartservice,cartservice,0,0,0,0,0,0,0
2026-10-04T14:07:45Z,cartservice,checkoutservice,0,0,0,0,0,0,0
2026-10-04T14:07:45Z,cartservice,currencyservice,0,0,0,0,0,0,0
2026-10-04T14:07:45Z,cartservice,emailservice,0,0,0,0,0,0,0
2026-10-04T14:07:45Z,cartservice,frontend,0,0,0,0,0,0,0
2026-10-04T14:07:45Z,cartservice,kubernetes,0,0,0,0,0,0,0
2026-10-04T14:07:45Z,cartservice,paymentservice,0,0,0,0,0,0,0
2026-10-04T14:07:45Z,cartservice,productcatalogservice,0,0,0,0,0,0,0
2026-10-04T14:07:45Z,cartservice,recommendationservice,0,0,0,0,0,0,0
2026-10-04T14:07:45Z,cartservice,redis-cart,2,0,0,0,0,0,0
2026-10-04T14:07:45Z,cartservice,shippingservice,0,0,0,0,0,0,0
2026-10-04T14:07:45Z,checkoutservice,adservice,0,0,0,0,0,0,0
2026-10-04T14:07:45Z,checkoutservice,cartservice,45734,44803,0,100,0,629430,44485
2026-10-04T14:07:45Z,checkoutservice,checkoutservice,0,0,0,0,0,0,0
2026-10-04T14:07:45Z,checkoutservice,currencyservice,34268,34264,0,0,0,535249,34108
2026-10-04T14:07:45Z,checkoutservice,emailservice,5499,5212,0,66,0,216819,5056
2026-10-04T14:07:45Z,checkoutservice,frontend,0,0,0,0,0,0,0
2026-10-04T14:07:45Z,checkoutservice,kubernetes,0,0,0,0,0,0,0
2026-10-04T14:07:45Z,checkoutservice,paymentservice,27530,25681,0,192,0,407357,25375
2026-10-04T14:07:45Z,checkoutservice,productcatalogservice,0,0,0,0,0,0,0
2026-10-04T14:07:45Z,checkoutservice,recommendationservice,0,0,0,0,0,0,0
2026-10-04T14:07:45Z,checkoutservice,redis-cart,0,0,0,0,0,0,0
2026-10-04T14:07:45Z,checkoutservice,shippingservice,51047,48942,0,154,0,479154,48624
2026-10-04T14:07:45Z,currencyservice,adservice,0,0,0,0,0,0,0
2026-10-04T14:07:45Z,currencyservice,cartservice,0,0,0,0,0,0,0
2026-10-04T14:07:45Z,currencyservice,checkoutservice,0,0,0,0,0,0,0
2026-10-04T14:07:45Z,currencyservice,currencyservice,0,0,0,0,0,0,0
2026-10-04T14:07:45Z,currencyservice,emailservice,0,0,0,0,0,0,0
2026-10-04T14:07:45Z,currencyservice,frontend,0,0,0,0,0,0,0
2026-10-04T14:07:45Z,currencyservice,kubernetes,0,0,0,0,0,0,0
2026-10-04T14:07:45Z,currencyservice,paymentservice,0,0,0,0,0,0,0
2026-10-04T14:07:45Z,currencyservice,productcatalogservice,0,0,0,0,0,0,0
2026-10-04T14:07:45Z,currencyservice,recommendationservice,0,0,0,0,0,0,0
2026-10-04T14:07:45Z,currencyservice,redis-cart,0,0,0,0,0,0,0
2026-10-04T14:07:45Z,currencyservice,shippingservice,0,0,0,0,0,0,0
2026-10-04T14:07:45Z,emailservice,adservice,0,0,0,0,0,0,0
2026-10-04T14:07:45Z,emailservice,cartservice,0,0,0,0,0,0,0
2026-10-04T14:07:45Z,emailservice,checkoutservice,0,0,0,0,0,0,0
2026-10-04T14:07:45Z,emailservice,currencyservice,0,0,0,0,0,0,0
2026-10-04T14:07:45Z,emailservice,emailservice,0,0,0,0,0,0,0
2026-10-04T14:07:45Z,emailservice,frontend,0,0,0,0,0,0,0
2026-10-04T14:07:45Z,emailservice,kubernetes,0,0,0,0,0,0,0
2026-10-04T14:07:45Z,emailservice,paymentservice,0,0,0,0,0,0,0
2026-10-04T14:07:45Z,emailservice,productcatalogservice,0,0,0,0,0,0,0
2026-10-04T14:07:45Z,emailservice,recommendationservice,0,0,0,0,0,0,0
2026-10-04T14:07:45Z,emailservice,redis-cart,0,0,0,0,0,0,0
2026-10-04T14:07:45Z,emailservice,shippingservice,0,0,0,0,0,0,0
2026-10-04T14:07:45Z,frontend,adservice,831558,831556,0,0,0,2508951,831295
2026-10-04T14:07:45Z,frontend,cartservice,1839748,1839734,0,0,4,10243821,1839020
2026-10-04T14:07:45Z,frontend,checkoutservice,393264,183289,0,40061,169943,61939383,183212
2026-10-04T14:07:45Z,frontend,currencyservice,2925023,2925013,0,0,0,15529653,2923917
2026-10-04T14:07:45Z,frontend,emailservice,0,0,0,0,0,0,0
2026-10-04T14:07:45Z,frontend,frontend,0,0,0,0,0,0,0
2026-10-04T14:07:45Z,frontend,kubernetes,0,0,0,0,0,0,0
2026-10-04T14:07:45Z,frontend,paymentservice,0,0,0,0,0,0,0
2026-10-04T14:07:45Z,frontend,productcatalogservice,8232968,8232902,0,0,0,56358053,8230179
2026-10-04T14:07:45Z,frontend,recommendationservice,2649356,1625514,0,106893,914399,796649751,1624925
2026-10-04T14:07:45Z,frontend,redis-cart,0,0,0,0,0,0,0
2026-10-04T14:07:45Z,frontend,shippingservice,304916,304913,0,0,0,927795,304823
2026-10-04T14:07:45Z,paymentservice,adservice,0,0,0,0,0,0,0
2026-10-04T14:07:45Z,paymentservice,cartservice,0,0,0,0,0,0,0
2026-10-04T14:07:45Z,paymentservice,checkoutservice,0,0,0,0,0,0,0
2026-10-04T14:07:45Z,paymentservice,currencyservice,0,0,0,0,0,0,0
2026-10-04T14:07:45Z,paymentservice,emailservice,0,0,0,0,0,0,0
2026-10-04T14:07:45Z,paymentservice,frontend,0,0,0,0,0,0,0
2026-10-04T14:07:45Z,paymentservice,kubernetes,0,0,0,0,0,0,0
2026-10-04T14:07:45Z,paymentservice,paymentservice,0,0,0,0,0,0,0
2026-10-04T14:07:45Z,paymentservice,productcatalogservice,0,0,0,0,0,0,0
2026-10-04T14:07:45Z,paymentservice,recommendationservice,0,0,0,0,0,0,0
2026-10-04T14:07:45Z,paymentservice,redis-cart,0,0,0,0,0,0,0
2026-10-04T14:07:45Z,paymentservice,shippingservice,0,0,0,0,0,0,0
2026-10-04T14:07:45Z,productcatalogservice,adservice,0,0,0,0,0,0,0
2026-10-04T14:07:45Z,productcatalogservice,cartservice,0,0,0,0,0,0,0
2026-10-04T14:07:45Z,productcatalogservice,checkoutservice,0,0,0,0,0,0,0
2026-10-04T14:07:45Z,productcatalogservice,currencyservice,0,0,0,0,0,0,0
2026-10-04T14:07:45Z,productcatalogservice,emailservice,0,0,0,0,0,0,0
2026-10-04T14:07:45Z,productcatalogservice,frontend,0,0,0,0,0,0,0
2026-10-04T14:07:45Z,productcatalogservice,kubernetes,0,0,0,0,0,0,0
2026-10-04T14:07:45Z,productcatalogservice,paymentservice,0,0,0,0,0,0,0
2026-10-04T14:07:45Z,productcatalogservice,productcatalogservice,0,0,0,0,0,0,0
2026-10-04T14:07:45Z,productcatalogservice,recommendationservice,0,0,0,0,0,0,0
2026-10-04T14:07:45Z,productcatalogservice,redis-cart,0,0,0,0,0,0,0
2026-10-04T14:07:45Z,productcatalogservice,shippingservice,0,0,0,0,0,0,0
2026-10-04T14:07:45Z,recommendationservice,adservice,0,0,0,0,0,0,0
2026-10-04T14:07:45Z,recommendationservice,cartservice,0,0,0,0,0,0,0
2026-10-04T14:07:45Z,recommendationservice,checkoutservice,0,0,0,0,0,0,0
2026-10-04T14:07:45Z,recommendationservice,currencyservice,0,0,0,0,0,0,0
2026-10-04T14:07:45Z,recommendationservice,emailservice,0,0,0,0,0,0,0
2026-10-04T14:07:45Z,recommendationservice,frontend,0,0,0,0,0,0,0
2026-10-04T14:07:45Z,recommendationservice,kubernetes,0,0,0,0,0,0,0
2026-10-04T14:07:45Z,recommendationservice,paymentservice,0,0,0,0,0,0,0
2026-10-04T14:07:45Z,recommendationservice,productcatalogservice,105631,105628,0,0,0,805445,105526
2026-10-04T14:07:45Z,recommendationservice,recommendationservice,0,0,0,0,0,0,0
2026-10-04T14:07:45Z,recommendationservice,redis-cart,0,0,0,0,0,0,0
2026-10-04T14:07:45Z,recommendationservice,shippingservice,0,0,0,0,0,0,0
2026-10-04T14:07:45Z,redis-cart,adservice,0,0,0,0,0,0,0
2026-10-04T14:07:45Z,redis-cart,cartservice,0,0,0,0,0,0,0
2026-10-04T14:07:45Z,redis-cart,checkoutservice,0,0,0,0,0,0,0
2026-10-04T14:07:45Z,redis-cart,currencyservice,0,0,0,0,0,0,0
2026-10-04T14:07:45Z,redis-cart,emailservice,0,0,0,0,0,0,0
2026-10-04T14:07:45Z,redis-cart,frontend,0,0,0,0,0,0,0
2026-10-04T14:07:45Z,redis-cart,kubernetes,0,0,0,0,0,0,0
2026-10-04T14:07:45Z,redis-cart,paymentservice,0,0,0,0,0,0,0
2026-10-04T14:07:45Z,redis-cart,productcatalogservice,0,0,0,0,0,0,0
2026-10-04T14:07:45Z,redis-cart,recommendationservice,0,0,0,0,0,0,0
2026-10-04T14:07:45Z,redis-cart,redis-cart,0,0,0,0,0,0,0
2026-10-04T14:07:45Z,redis-cart,shippingservice,0,0,0,0,0,0,0
2026-10-04T14:07:45Z,shippingservice,adservice,0,0,0,0,0,0,0
2026-10-04T14:07:45Z,shippingservice,cartservice,0,0,0,0,0,0,0
2026-10-04T14:07:45Z,shippingservice,checkoutservice,0,0,0,0,0,0,0
2026-10-04T14:07:45Z,shippingservice,currencyservice,0,0,0,0,0,0,0
2026-10-04T14:07:45Z,shippingservice,emailservice,0,0,0,0,0,0,0
2026-10-04T14:07:45Z,shippingservice,frontend,0,0,0,0,0,0,0
2026-10-04T14:07:45Z,shippingservice,kubernetes,0,0,0,0,0,0,0
2026-10-04T14:07:45Z,shippingservice,paymentservice,0,0,0,0,0,0,0
2026-10-04T14:07:45Z,shippingservice,productcatalogservice,0,0,0,0,0,0,0
2026-10-04T14:07:45Z,shippingservice,recommendationservice,0,0,0,0,0,0,0
2026-10-04T14:07:45Z,shippingservice,redis-cart,0,0,0,0,0,0,0
2026-10-04T14:07:45Z,shippingservice,shippingservice,0,0,0,0,0,0,0
2026-10-04T14:07:46Z,adservice,adservice,0,0,0,0,0,0,0
2026-10-04T14:07:46Z,adservice,cartservice,0,0,0,0,0,0,0
2026-10-04T14:07:46Z,adservice,checkoutservice,0,0,0,0,0,0,0
2026-10-04T14:07:46Z,adservice,currencyservice,0,0,0,0,0,0,0
2026-10-04T14:07:46Z,adservice,emailservice,0,0,0,0,0,0,0
2026-10-04T14:07:46Z,adservice,frontend,0,0,0,0,0,0,0
2026-10-04T14:07:46Z,adservice,kubernetes,0,0,0,0,0,0,0
2026-10-04T14:07:46Z,adservice,paymentservice,0,0,0,0,0,0,0
2026-10-04T14:07:46Z,adservice,productcatalogservice,0,0,0,0,0,0,0
2026-10-04T14:07:46Z,adservice,recommendationservice,0,0,0,0,0,0,0
2026-10-04T14:07:46Z,adservice,redis-cart,0,0,0,0,0,0,0
2026-10-04T14:07:46Z,adservice,shippingservice,0,0,0,0,0,0,0
2026-10-04T14:07:46Z,cartservice,adservice,0,0,0,0,0,0,0
2026-10-04T14:07:46Z,cartservice,cartservice,0,0,0,0,0,0,0
2026-10-04T14:07:46Z,cartservice,checkoutservice,0,0,0,0,0,0,0
2026-10-04T14:07:46Z,cartservice,currencyservice,0,0,0,0,0,0,0
2026-10-04T14:07:46Z,cartservice,emailservice,0,0,0,0,0,0,0
2026-10-04T14:07:46Z,cartservice,frontend,0,0,0,0,0,0,0
2026-10-04T14:07:46Z,cartservice,kubernetes,0,0,0,0,0,0,0
2026-10-04T14:07:46Z,cartservice,paymentservice,0,0,0,0,0,0,0
2026-10-04T14:07:46Z,cartservice,productcatalogservice,0,0,0,0,0,0,0
2026-10-04T14:07:46Z,cartservice,recommendationservice,0,0,0,0,0,0,0
2026-10-04T14:07:46Z,cartservice,redis-cart,2,0,0,0,0,0,0
2026-10-04T14:07:46Z,cartservice,shippingservice,0,0,0,0,0,0,0
2026-10-04T14:07:46Z,checkoutservice,adservice,0,0,0,0,0,0,0
2026-10-04T14:07:46Z,checkoutservice,cartservice,45851,44920,0,100,0,629430,44485
2026-10-04T14:07:46Z,checkoutservice,checkoutservice,0,0,0,0,0,0,0
2026-10-04T14:07:46Z,checkoutservice,currencyservice,34318,34318,0,0,0,535249,34108
2026-10-04T14:07:46Z,checkoutservice,emailservice,5553,5267,0,66,0,216819,5056
2026-10-04T14:07:46Z,checkoutservice,frontend,0,0,0,0,0,0,0
2026-10-04T14:07:46Z,checkoutservice,kubernetes,0,0,0,0,0,0,0
2026-10-04T14:07:46Z,checkoutservice,paymentservice,27582,25734,0,192,0,407357,25375
2026-10-04T14:07:46Z,checkoutservice,productcatalogservice,0,0,0,0,0,0,0
2026-10-04T14:07:46Z,checkoutservice,recommendationservice,0,0,0,0,0,0,0
2026-10-04T14:07:46Z,checkoutservice,redis-cart,0,0,0,0,0,0,0
2026-10-04T14:07:46Z,checkoutservice,shippingservice,51157,49053,0,154,0,479154,48624
2026-10-04T14:07:46Z,currencyservice,adservice,0,0,0,0,0,0,0
2026-10-04T14:07:46Z,currencyservice,cartservice,0,0,0,0,0,0,0
2026-10-04T14:07:46Z,currencyservice,checkoutservice,0,0,0,0,0,0,0
2026-10-04T14:07:46Z,currencyservice,currencyservice,0,0,0,0,0,0,0
2026-10-04T14:07:46Z,currencyservice,emailservice,0,0,0,0,0,0,0
2026-10-04T14:07:46Z,currencyservice,frontend,0,0,0,0,0,0,0
2026-10-04T14:07:46Z,currencyservice,kubernetes,0,0,0,0,0,0,0
2026-10-04T14:07:46Z,currencyservice,paymentservice,0,0,0,0,0,0,0
2026-10-04T14:07:46Z,currencyservice,productcatalogservice,0,0,0,0,0,0,0
2026-10-04T14:07:46Z,currencyservice,recommendationservice,0,0,0,0,0,0,0
2026-10-04T14:07:46Z,currencyservice,redis-cart,0,0,0,0,0,0,0
2026-10-04T14:07:46Z,currencyservice,shippingservice,0,0,0,0,0,0,0
2026-10-04T14:07:46Z,emailservice,adservice,0,0,0,0,0,0,0
2026-10-04T14:07:46Z,emailservice,cartservice,0,0,0,0,0,0,0
2026-10-04T14:07:46Z,emailservice,checkoutservice,0,0,0,0,0,0,0
2026-10-04T14:07:46Z,emailservice,currencyservice,0,0,0,0,0,0,0
2026-10-04T14:07:46Z,emailservice,emailservice,0,0,0,0,0,0,0
2026-10-04T14:07:46Z,emailservice,frontend,0,0,0,0,0,0,0
2026-10-04T14:07:46Z,emailservice,kubernetes,0,0,0,0,0,0,0
2026-10-04T14:07:46Z,emailservice,paymentservice,0,0,0,0,0,0,0
2026-10-04T14:07:46Z,emailservice,productcatalogservice,0,0,0,0,0,0,0
2026-10-04T14:07:46Z,emailservice,recommendationservice,0,0,0,0,0,0,0
2026-10-04T14:07:46Z,emailservice,redis-cart,0,0,0,0,0,0,0
2026-10-04T14:07:46Z,emailservice,shippingservice,0,0,0,0,0,0,0
2026-10-04T14:07:46Z,frontend,adservice,831700,831697,0,0,0,2508951,831295
2026-10-04T14:07:46Z,frontend,cartservice,1840155,1840141,0,0,4,10243821,1839020
2026-10-04T14:07:46Z,frontend,checkoutservice,393333,183346,0,40061,169943,61939383,183212
2026-10-04T14:07:46Z,frontend,currencyservice,2925686,2925677,0,0,0,15529653,2923917
2026-10-04T14:07:46Z,frontend,emailservice,0,0,0,0,0,0,0
2026-10-04T14:07:46Z,frontend,frontend,0,0,0,0,0,0,0
2026-10-04T14:07:46Z,frontend,kubernetes,0,0,0,0,0,0,0
2026-10-04T14:07:46Z,frontend,paymentservice,0,0,0,0,0,0,0
2026-10-04T14:07:46Z,frontend,productcatalogservice,8234658,8234590,0,0,0,56358053,8230179
2026-10-04T14:07:46Z,frontend,recommendationservice,2650090,1625880,0,106946,914724,796649751,1624925
2026-10-04T14:07:46Z,frontend,redis-cart,0,0,0,0,0,0,0
2026-10-04T14:07:46Z,frontend,shippingservice,304979,304976,0,0,0,927795,304823
2026-10-04T14:07:46Z,paymentservice,adservice,0,0,0,0,0,0,0
2026-10-04T14:07:46Z,paymentservice,cartservice,0,0,0,0,0,0,0
2026-10-04T14:07:46Z,paymentservice,checkoutservice,0,0,0,0,0,0,0
2026-10-04T14:07:46Z,paymentservice,currencyservice,0,0,0,0,0,0,0
2026-10-04T14:07:46Z,paymentservice,emailservice,0,0,0,0,0,0,0
2026-10-04T14:07:46Z,paymentservice,frontend,0,0,0,0,0,0,0
2026-10-04T14:07:46Z,paymentservice,kubernetes,0,0,0,0,0,0,0
2026-10-04T14:07:46Z,paymentservice,paymentservice,0,0,0,0,0,0,0
2026-10-04T14:07:46Z,paymentservice,productcatalogservice,0,0,0,0,0,0,0
2026-10-04T14:07:46Z,paymentservice,recommendationservice,0,0,0,0,0,0,0
2026-10-04T14:07:46Z,paymentservice,redis-cart,0,0,0,0,0,0,0
2026-10-04T14:07:46Z,paymentservice,shippingservice,0,0,0,0,0,0,0
2026-10-04T14:07:46Z,productcatalogservice,adservice,0,0,0,0,0,0,0
2026-10-04T14:07:46Z,productcatalogservice,cartservice,0,0,0,0,0,0,0
2026-10-04T14:07:46Z,productcatalogservice,checkoutservice,0,0,0,0,0,0,0
2026-10-04T14:07:46Z,productcatalogservice,currencyservice,0,0,0,0,0,0,0
2026-10-04T14:07:46Z,productcatalogservice,emailservice,0,0,0,0,0,0,0
2026-10-04T14:07:46Z,productcatalogservice,frontend,0,0,0,0,0,0,0
2026-10-04T14:07:46Z,productcatalogservice,kubernetes,0,0,0,0,0,0,0
2026-10-04T14:07:46Z,productcatalogservice,paymentservice,0,0,0,0,0,0,0
2026-10-04T14:07:46Z,productcatalogservice,productcatalogservice,0,0,0,0,0,0,0
2026-10-04T14:07:46Z,productcatalogservice,recommendationservice,0,0,0,0,0,0,0
2026-10-04T14:07:46Z,productcatalogservice,redis-cart,0,0,0,0,0,0,0
2026-10-04T14:07:46Z,productcatalogservice,shippingservice,0,0,0,0,0,0,0
2026-10-04T14:07:46Z,recommendationservice,adservice,0,0,0,0,0,0,0
2026-10-04T14:07:46Z,recommendationservice,cartservice,0,0,0,0,0,0,0
2026-10-04T14:07:46Z,recommendationservice,checkoutservice,0,0,0,0,0,0,0
2026-10-04T14:07:46Z,recommendationservice,currencyservice,0,0,0,0,0,0,0
2026-10-04T14:07:46Z,recommendationservice,emailservice,0,0,0,0,0,0,0
2026-10-04T14:07:46Z,recommendationservice,frontend,0,0,0,0,0,0,0
2026-10-04T14:07:46Z,recommendationservice,kubernetes,0,0,0,0,0,0,0
2026-10-04T14:07:46Z,recommendationservice,paymentservice,0,0,0,0,0,0,0
2026-10-04T14:07:46Z,recommendationservice,productcatalogservice,106081,106081,0,0,0,805445,105526
2026-10-04T14:07:46Z,recommendationservice,recommendationservice,0,0,0,0,0,0,0
2026-10-04T14:07:46Z,recommendationservice,redis-cart,0,0,0,0,0,0,0
2026-10-04T14:07:46Z,recommendationservice,shippingservice,0,0,0,0,0,0,0
2026-10-04T14:07:46Z,redis-cart,adservice,0,0,0,0,0,0,0
2026-10-04T14:07:46Z,redis-cart,cartservice,0,0,0,0,0,0,0
2026-10-04T14:07:46Z,redis-cart,checkoutservice,0,0,0,0,0,0,0
2026-10-04T14:07:46Z,redis-cart,currencyservice,0,0,0,0,0,0,0
2026-10-04T14:07:46Z,redis-cart,emailservice,0,0,0,0,0,0,0
2026-10-04T14:07:46Z,redis-cart,frontend,0,0,0,0,0,0,0
2026-10-04T14:07:46Z,redis-cart,kubernetes,0,0,0,0,0,0,0
2026-10-04T14:07:46Z,redis-cart,paymentservice,0,0,0,0,0,0,0
2026-10-04T14:07:46Z,redis-cart,productcatalogservice,0,0,0,0,0,0,0
2026-10-04T14:07:46Z,redis-cart,recommendationservice,0,0,0,0,0,0,0
2026-10-04T14:07:46Z,redis-cart,redis-cart,0,0,0,0,0,0,0
2026-10-04T14:07:46Z,redis-cart,shippingservice,0,0,0,0,0,0,0
2026-10-04T14:07:46Z,shippingservice,adservice,0,0,0,0,0,0,0
2026-10-04T14:07:46Z,shippingservice,cartservice,0,0,0,0,0,0,0
2026-10-04T14:07:46Z,shippingservice,checkoutservice,0,0,0,0,0,0,0
2026-10-04T14:07:46Z,shippingservice,currencyservice,0,0,0,0,0,0,0
2026-10-04T14:07:46Z,shippingservice,emailservice,0,0,0,0,0,0,0
2026-10-04T14:07:46Z,shippingservice,frontend,0,0,0,0,0,0,0
2026-10-04T14:07:46Z,shippingservice,kubernetes,0,0,0,0,0,0,0
2026-10-04T14:07:46Z,shippingservice,paymentservice,0,0,0,0,0,0,0
2026-10-04T14:07:46Z,shippingservice,productcatalogservice,0,0,0,0,0,0,0
2026-10-04T14:07:46Z,shippingservice,recommendationservice,0,0,0,0,0,0,0
2026-10-04T14:07:46Z,shippingservice,redis-cart,0,0,0,0,0,0,0
2026-10-04T14:07:46Z,shippingservice,shippingservice,0,0,0,0,0,0,0
2026-10-04T14:07:47Z,adservice,adservice,0,0,0,0,0,0,0
2026-10-04T14:07:47Z,adservice,cartservice,0,0,0,0,0,0,0
2026-10-04T14:07:47Z,adservice,checkoutservice,0,0,0,0,0,0,0
2026-10-04T14:07:47Z,adservice,currencyservice,0,0,0,0,0,0,0
2026-10-04T14:07:47Z,adservice,emailservice,0,0,0,0,0,0,0
2026-10-04T14:07:47Z,adservice,frontend,0,0,0,0,0,0,0
2026-10-04T14:07:47Z,adservice,kubernetes,0,0,0,0,0,0,0
2026-10-04T14:07:47Z,adservice,paymentservice,0,0,0,0,0,0,0
2026-10-04T14:07:47Z,adservice,productcatalogservice,0,0,0,0,0,0,0
2026-10-04T14:07:47Z,adservice,recommendationservice,0,0,0,0,0,0,0
2026-10-04T14:07:47Z,adservice,redis-cart,0,0,0,0,0,0,0
2026-10-04T14:07:47Z,adservice,shippingservice,0,0,0,0,0,0,0
2026-10-04T14:07:47Z,cartservice,adservice,0,0,0,0,0,0,0
2026-10-04T14:07:47Z,cartservice,cartservice,0,0,0,0,0,0,0
2026-10-04T14:07:47Z,cartservice,checkoutservice,0,0,0,0,0,0,0
2026-10-04T14:07:47Z,cartservice,currencyservice,0,0,0,0,0,0,0
2026-10-04T14:07:47Z,cartservice,emailservice,0,0,0,0,0,0,0
2026-10-04T14:07:47Z,cartservice,frontend,0,0,0,0,0,0,0
2026-10-04T14:07:47Z,cartservice,kubernetes,0,0,0,0,0,0,0
2026-10-04T14:07:47Z,cartservice,paymentservice,0,0,0,0,0,0,0
2026-10-04T14:07:47Z,cartservice,productcatalogservice,0,0,0,0,0,0,0
2026-10-04T14:07:47Z,cartservice,recommendationservice,0,0,0,0,0,0,0
2026-10-04T14:07:47Z,cartservice,redis-cart,2,0,0,0,0,0,0
2026-10-04T14:07:47Z,cartservice,shippingservice,0,0,0,0,0,0,0
2026-10-04T14:07:47Z,checkoutservice,adservice,0,0,0,0,0,0,0
2026-10-04T14:07:47Z,checkoutservice,cartservice,45982,45050,0,100,0,632130,45017
2026-10-04T14:07:47Z,checkoutservice,checkoutservice,0,0,0,0,0,0,0
2026-10-04T14:07:47Z,checkoutservice,currencyservice,34389,34389,0,0,0,536460,34373
2026-10-04T14:07:47Z,checkoutservice,emailservice,5624,5338,0,66,0,225816,5319
2026-10-04T14:07:47Z,checkoutservice,frontend,0,0,0,0,0,0,0
2026-10-04T14:07:47Z,checkoutservice,kubernetes,0,0,0,0,0,0,0
2026-10-04T14:07:47Z,checkoutservice,paymentservice,27655,25807,0,192,0,408342,25643
2026-10-04T14:07:47Z,checkoutservice,productcatalogservice,0,0,0,0,0,0,0
2026-10-04T14:07:47Z,checkoutservice,recommendationservice,0,0,0,0,0,0,0
2026-10-04T14:07:47Z,checkoutservice,redis-cart,0,0,0,0,0,0,0
2026-10-04T14:07:47Z,checkoutservice,shippingservice,51294,49188,0,154,0,480515,49157
2026-10-04T14:07:47Z,currencyservice,adservice,0,0,0,0,0,0,0
2026-10-04T14:07:47Z,currencyservice,cartservice,0,0,0,0,0,0,0
2026-10-04T14:07:47Z,currencyservice,checkoutservice,0,0,0,0,0,0,0
2026-10-04T14:07:47Z,currencyservice,currencyservice,0,0,0,0,0,0,0
2026-10-04T14:07:47Z,currencyservice,emailservice,0,0,0,0,0,0,0
2026-10-04T14:07:47Z,currencyservice,frontend,0,0,0,0,0,0,0
2026-10-04T14:07:47Z,currencyservice,kubernetes,0,0,0,0,0,0,0
2026-10-04T14:07:47Z,currencyservice,paymentservice,0,0,0,0,0,0,0
2026-10-04T14:07:47Z,currencyservice,productcatalogservice,0,0,0,0,0,0,0
2026-10-04T14:07:47Z,currencyservice,recommendationservice,0,0,0,0,0,0,0
2026-10-04T14:07:47Z,currencyservice,redis-cart,0,0,0,0,0,0,0
2026-10-04T14:07:47Z,currencyservice,shippingservice,0,0,0,0,0,0,0
2026-10-04T14:07:47Z,emailservice,adservice,0,0,0,0,0,0,0
2026-10-04T14:07:47Z,emailservice,cartservice,0,0,0,0,0,0,0
2026-10-04T14:07:47Z,emailservice,checkoutservice,0,0,0,0,0,0,0
2026-10-04T14:07:47Z,emailservice,currencyservice,0,0,0,0,0,0,0
2026-10-04T14:07:47Z,emailservice,emailservice,0,0,0,0,0,0,0
2026-10-04T14:07:47Z,emailservice,frontend,0,0,0,0,0,0,0
2026-10-04T14:07:47Z,emailservice,kubernetes,0,0,0,0,0,0,0
2026-10-04T14:07:47Z,emailservice,paymentservice,0,0,0,0,0,0,0
2026-10-04T14:07:47Z,emailservice,productcatalogservice,0,0,0,0,0,0,0
2026-10-04T14:07:47Z,emailservice,recommendationservice,0,0,0,0,0,0,0
2026-10-04T14:07:47Z,emailservice,redis-cart,0,0,0,0,0,0,0
2026-10-04T14:07:47Z,emailservice,shippingservice,0,0,0,0,0,0,0
2026-10-04T14:07:47Z,frontend,adservice,831859,831857,0,0,0,2508951,831295
2026-10-04T14:07:47Z,frontend,cartservice,1840540,1840523,0,0,4,10243821,1839020
2026-10-04T14:07:47Z,frontend,checkoutservice,393398,183420,0,40061,169943,61939383,183212
2026-10-04T14:07:47Z,frontend,currencyservice,2926310,2926295,0,0,0,15529653,2923917
2026-10-04T14:07:47Z,frontend,emailservice,0,0,0,0,0,0,0
2026-10-04T14:07:47Z,frontend,frontend,0,0,0,0,0,0,0
2026-10-04T14:07:47Z,frontend,kubernetes,0,0,0,0,0,0,0
2026-10-04T14:07:47Z,frontend,paymentservice,0,0,0,0,0,0,0
2026-10-04T14:07:47Z,frontend,productcatalogservice,8236314,8236245,0,0,0,56358053,8230179
2026-10-04T14:07:47Z,frontend,recommendationservice,2650827,1626242,0,106994,915079,796649751,1624925
2026-10-04T14:07:47Z,frontend,redis-cart,0,0,0,0,0,0,0
2026-10-04T14:07:47Z,frontend,shippingservice,305023,305021,0,0,0,927795,304823
2026-10-04T14:07:47Z,paymentservice,adservice,0,0,0,0,0,0,0
2026-10-04T14:07:47Z,paymentservice,cartservice,0,0,0,0,0,0,0
2026-10-04T14:07:47Z,paymentservice,checkoutservice,0,0,0,0,0,0,0
2026-10-04T14:07:47Z,paymentservice,currencyservice,0,0,0,0,0,0,0
2026-10-04T14:07:47Z,paymentservice,emailservice,0,0,0,0,0,0,0
2026-10-04T14:07:47Z,paymentservice,frontend,0,0,0,0,0,0,0
2026-10-04T14:07:47Z,paymentservice,kubernetes,0,0,0,0,0,0,0
2026-10-04T14:07:47Z,paymentservice,paymentservice,0,0,0,0,0,0,0
2026-10-04T14:07:47Z,paymentservice,productcatalogservice,0,0,0,0,0,0,0
2026-10-04T14:07:47Z,paymentservice,recommendationservice,0,0,0,0,0,0,0
2026-10-04T14:07:47Z,paymentservice,redis-cart,0,0,0,0,0,0,0
2026-10-04T14:07:47Z,paymentservice,shippingservice,0,0,0,0,0,0,0
2026-10-04T14:07:47Z,productcatalogservice,adservice,0,0,0,0,0,0,0
2026-10-04T14:07:47Z,productcatalogservice,cartservice,0,0,0,0,0,0,0
2026-10-04T14:07:47Z,productcatalogservice,checkoutservice,0,0,0,0,0,0,0
2026-10-04T14:07:47Z,productcatalogservice,currencyservice,0,0,0,0,0,0,0
2026-10-04T14:07:47Z,productcatalogservice,emailservice,0,0,0,0,0,0,0
2026-10-04T14:07:47Z,productcatalogservice,frontend,0,0,0,0,0,0,0
2026-10-04T14:07:47Z,productcatalogservice,kubernetes,0,0,0,0,0,0,0
2026-10-04T14:07:47Z,productcatalogservice,paymentservice,0,0,0,0,0,0,0
2026-10-04T14:07:47Z,productcatalogservice,productcatalogservice,0,0,0,0,0,0,0
2026-10-04T14:07:47Z,productcatalogservice,recommendationservice,0,0,0,0,0,0,0
2026-10-04T14:07:47Z,productcatalogservice,redis-cart,0,0,0,0,0,0,0
2026-10-04T14:07:47Z,productcatalogservice,shippingservice,0,0,0,0,0,0,0
2026-10-04T14:07:47Z,recommendationservice,adservice,0,0,0,0,0,0,0
2026-10-04T14:07:47Z,recommendationservice,cartservice,0,0,0,0,0,0,0
2026-10-04T14:07:47Z,recommendationservice,checkoutservice,0,0,0,0,0,0,0
2026-10-04T14:07:47Z,recommendationservice,currencyservice,0,0,0,0,0,0,0
2026-10-04T14:07:47Z,recommendationservice,emailservice,0,0,0,0,0,0,0
2026-10-04T14:07:47Z,recommendationservice,frontend,0,0,0,0,0,0,0
2026-10-04T14:07:47Z,recommendationservice,kubernetes,0,0,0,0,0,0,0
2026-10-04T14:07:47Z,recommendationservice,paymentservice,0,0,0,0,0,0,0
2026-10-04T14:07:47Z,recommendationservice,productcatalogservice,106515,106505,0,0,0,805445,105526
2026-10-04T14:07:47Z,recommendationservice,recommendationservice,0,0,0,0,0,0,0
2026-10-04T14:07:47Z,recommendationservice,redis-cart,0,0,0,0,0,0,0
2026-10-04T14:07:47Z,recommendationservice,shippingservice,0,0,0,0,0,0,0
2026-10-04T14:07:47Z,redis-cart,adservice,0,0,0,0,0,0,0
2026-10-04T14:07:47Z,redis-cart,cartservice,0,0,0,0,0,0,0
2026-10-04T14:07:47Z,redis-cart,checkoutservice,0,0,0,0,0,0,0
2026-10-04T14:07:47Z,redis-cart,currencyservice,0,0,0,0,0,0,0
2026-10-04T14:07:47Z,redis-cart,emailservice,0,0,0,0,0,0,0
2026-10-04T14:07:47Z,redis-cart,frontend,0,0,0,0,0,0,0
2026-10-04T14:07:47Z,redis-cart,kubernetes,0,0,0,0,0,0,0
2026-10-04T14:07:47Z,redis-cart,paymentservice,0,0,0,0,0,0,0
2026-10-04T14:07:47Z,redis-cart,productcatalogservice,0,0,0,0,0,0,0
2026-10-04T14:07:47Z,redis-cart,recommendationservice,0,0,0,0,0,0,0
2026-10-04T14:07:47Z,redis-cart,redis-cart,0,0,0,0,0,0,0
2026-10-04T14:07:47Z,redis-cart,shippingservice,0,0,0,0,0,0,0
2026-10-04T14:07:47Z,shippingservice,adservice,0,0,0,0,0,0,0
2026-10-04T14:07:47Z,shippingservice,cartservice,0,0,0,0,0,0,0
2026-10-04T14:07:47Z,shippingservice,checkoutservice,0,0,0,0,0,0,0
2026-10-04T14:07:47Z,shippingservice,currencyservice,0,0,0,0,0,0,0
2026-10-04T14:07:47Z,shippingservice,emailservice,0,0,0,0,0,0,0
2026-10-04T14:07:47Z,shippingservice,frontend,0,0,0,0,0,0,0
2026-10-04T14:07:47Z,shippingservice,kubernetes,0,0,0,0,0,0,0
2026-10-04T14:07:47Z,shippingservice,paymentservice,0,0,0,0,0,0,0
2026-10-04T14:07:47Z,shippingservice,productcatalogservice,0,0,0,0,0,0,0
2026-10-04T14:07:47Z,shippingservice,recommendationservice,0,0,0,0,0,0,0
2026-10-04T14:07:47Z,shippingservice,redis-cart,0,0,0,0,0,0,0
2026-10-04T14:07:47Z,shippingservice,shippingservice,0,0,0,0,0,0,0
2026-10-04T14:07:48Z,adservice,adservice,0,0,0,0,0,0,0
2026-10-04T14:07:48Z,adservice,cartservice,0,0,0,0,0,0,0
2026-10-04T14:07:48Z,adservice,checkoutservice,0,0,0,0,0,0,0
2026-10-04T14:07:48Z,adservice,currencyservice,0,0,0,0,0,0,0
2026-10-04T14:07:48Z,adservice,emailservice,0,0,0,0,0,0,0
2026-10-04T14:07:48Z,adservice,frontend,0,0,0,0,0,0,0
2026-10-04T14:07:48Z,adservice,kubernetes,0,0,0,0,0,0,0
2026-10-04T14:07:48Z,adservice,paymentservice,0,0,0,0,0,0,0
2026-10-04T14:07:48Z,adservice,productcatalogservice,0,0,0,0,0,0,0
2026-10-04T14:07:48Z,adservice,recommendationservice,0,0,0,0,0,0,0
2026-10-04T14:07:48Z,adservice,redis-cart,0,0,0,0,0,0,0
2026-10-04T14:07:48Z,adservice,shippingservice,0,0,0,0,0,0,0
2026-10-04T14:07:48Z,cartservice,adservice,0,0,0,0,0,0,0
2026-10-04T14:07:48Z,cartservice,cartservice,0,0,0,0,0,0,0
2026-10-04T14:07:48Z,cartservice,checkoutservice,0,0,0,0,0,0,0
2026-10-04T14:07:48Z,cartservice,currencyservice,0,0,0,0,0,0,0
2026-10-04T14:07:48Z,cartservice,emailservice,0,0,0,0,0,0,0
2026-10-04T14:07:48Z,cartservice,frontend,0,0,0,0,0,0,0
2026-10-04T14:07:48Z,cartservice,kubernetes,0,0,0,0,0,0,0
2026-10-04T14:07:48Z,cartservice,paymentservice,0,0,0,0,0,0,0
2026-10-04T14:07:48Z,cartservice,productcatalogservice,0,0,0,0,0,0,0
2026-10-04T14:07:48Z,cartservice,recommendationservice,0,0,0,0,0,0,0
2026-10-04T14:07:48Z,cartservice,redis-cart,2,0,0,0,0,0,0
2026-10-04T14:07:48Z,cartservice,shippingservice,0,0,0,0,0,0,0
2026-10-04T14:07:48Z,checkoutservice,adservice,0,0,0,0,0,0,0
2026-10-04T14:07:48Z,checkoutservice,cartservice,46138,45207,0,100,0,632130,45017
2026-10-04T14:07:48Z,checkoutservice,checkoutservice,0,0,0,0,0,0,0
2026-10-04T14:07:48Z,checkoutservice,currencyservice,34467,34467,0,0,0,536460,34373
2026-10-04T14:07:48Z,checkoutservice,emailservice,5705,5416,0,66,0,225816,5319
2026-10-04T14:07:48Z,checkoutservice,frontend,0,0,0,0,0,0,0
2026-10-04T14:07:48Z,checkoutservice,kubernetes,0,0,0,0,0,0,0
2026-10-04T14:07:48Z,checkoutservice,paymentservice,27733,25885,0,192,0,408342,25643
2026-10-04T14:07:48Z,checkoutservice,productcatalogservice,0,0,0,0,0,0,0
2026-10-04T14:07:48Z,checkoutservice,recommendationservice,0,0,0,0,0,0,0
2026-10-04T14:07:48Z,checkoutservice,redis-cart,0,0,0,0,0,0,0
2026-10-04T14:07:48Z,checkoutservice,shippingservice,51450,49347,0,154,0,480515,49157
2026-10-04T14:07:48Z,currencyservice,adservice,0,0,0,0,0,0,0
2026-10-04T14:07:48Z,currencyservice,cartservice,0,0,0,0,0,0,0
2026-10-04T14:07:48Z,currencyservice,checkoutservice,0,0,0,0,0,0,0
2026-10-04T14:07:48Z,currencyservice,currencyservice,0,0,0,0,0,0,0
2026-10-04T14:07:48Z,currencyservice,emailservice,0,0,0,0,0,0,0
2026-10-04T14:07:48Z,currencyservice,frontend,0,0,0,0,0,0,0
2026-10-04T14:07:48Z,currencyservice,kubernetes,0,0,0,0,0,0,0
2026-10-04T14:07:48Z,currencyservice,paymentservice,0,0,0,0,0,0,0
2026-10-04T14:07:48Z,currencyservice,productcatalogservice,0,0,0,0,0,0,0
2026-10-04T14:07:48Z,currencyservice,recommendationservice,0,0,0,0,0,0,0
2026-10-04T14:07:48Z,currencyservice,redis-cart,0,0,0,0,0,0,0
2026-10-04T14:07:48Z,currencyservice,shippingservice,0,0,0,0,0,0,0
2026-10-04T14:07:48Z,emailservice,adservice,0,0,0,0,0,0,0
2026-10-04T14:07:48Z,emailservice,cartservice,0,0,0,0,0,0,0
2026-10-04T14:07:48Z,emailservice,checkoutservice,0,0,0,0,0,0,0
2026-10-04T14:07:48Z,emailservice,currencyservice,0,0,0,0,0,0,0
2026-10-04T14:07:48Z,emailservice,emailservice,0,0,0,0,0,0,0
2026-10-04T14:07:48Z,emailservice,frontend,0,0,0,0,0,0,0
2026-10-04T14:07:48Z,emailservice,kubernetes,0,0,0,0,0,0,0
2026-10-04T14:07:48Z,emailservice,paymentservice,0,0,0,0,0,0,0
2026-10-04T14:07:48Z,emailservice,productcatalogservice,0,0,0,0,0,0,0
2026-10-04T14:07:48Z,emailservice,recommendationservice,0,0,0,0,0,0,0
2026-10-04T14:07:48Z,emailservice,redis-cart,0,0,0,0,0,0,0
2026-10-04T14:07:48Z,emailservice,shippingservice,0,0,0,0,0,0,0
2026-10-04T14:07:48Z,frontend,adservice,832028,832026,0,0,0,2509474,831485
2026-10-04T14:07:48Z,frontend,cartservice,1840965,1840949,0,0,4,10245911,1839485
2026-10-04T14:07:48Z,frontend,checkoutservice,393459,183492,0,40061,169943,61950327,183283
2026-10-04T14:07:48Z,frontend,currencyservice,2927001,2926983,0,0,0,15532868,2924671
2026-10-04T14:07:48Z,frontend,emailservice,0,0,0,0,0,0,0
2026-10-04T14:07:48Z,frontend,frontend,0,0,0,0,0,0,0
2026-10-04T14:07:48Z,frontend,kubernetes,0,0,0,0,0,0,0
2026-10-04T14:07:48Z,frontend,paymentservice,0,0,0,0,0,0,0
2026-10-04T14:07:48Z,frontend,productcatalogservice,8238067,8237999,0,0,0,56371513,8232114
2026-10-04T14:07:48Z,frontend,recommendationservice,2651516,1626627,0,107037,915346,797010301,1625388
2026-10-04T14:07:48Z,frontend,redis-cart,0,0,0,0,0,0,0
2026-10-04T14:07:48Z,frontend,shippingservice,305079,305075,0,0,0,927879,304874
2026-10-04T14:07:48Z,paymentservice,adservice,0,0,0,0,0,0,0
2026-10-04T14:07:48Z,paymentservice,cartservice,0,0,0,0,0,0,0
2026-10-04T14:07:48Z,paymentservice,checkoutservice,0,0,0,0,0,0,0
2026-10-04T14:07:48Z,paymentservice,currencyservice,0,0,0,0,0,0,0
2026-10-04T14:07:48Z,paymentservice,emailservice,0,0,0,0,0,0,0
2026-10-04T14:07:48Z,paymentservice,frontend,0,0,0,0,0,0,0
2026-10-04T14:07:48Z,paymentservice,kubernetes,0,0,0,0,0,0,0
2026-10-04T14:07:48Z,paymentservice,paymentservice,0,0,0,0,0,0,0
2026-10-04T14:07:48Z,paymentservice,productcatalogservice,0,0,0,0,0,0,0
2026-10-04T14:07:48Z,paymentservice,recommendationservice,0,0,0,0,0,0,0
2026-10-04T14:07:48Z,paymentservice,redis-cart,0,0,0,0,0,0,0
2026-10-04T14:07:48Z,paymentservice,shippingservice,0,0,0,0,0,0,0
2026-10-04T14:07:48Z,productcatalogservice,adservice,0,0,0,0,0,0,0
2026-10-04T14:07:48Z,productcatalogservice,cartservice,0,0,0,0,0,0,0
2026-10-04T14:07:48Z,productcatalogservice,checkoutservice,0,0,0,0,0,0,0
2026-10-04T14:07:48Z,productcatalogservice,currencyservice,0,0,0,0,0,0,0
2026-10-04T14:07:48Z,productcatalogservice,emailservice,0,0,0,0,0,0,0
2026-10-04T14:07:48Z,productcatalogservice,frontend,0,0,0,0,0,0,0
2026-10-04T14:07:48Z,productcatalogservice,kubernetes,0,0,0,0,0,0,0
2026-10-04T14:07:48Z,productcatalogservice,paymentservice,0,0,0,0,0,0,0
2026-10-04T14:07:48Z,productcatalogservice,productcatalogservice,0,0,0,0,0,0,0
2026-10-04T14:07:48Z,productcatalogservice,recommendationservice,0,0,0,0,0,0,0
2026-10-04T14:07:48Z,productcatalogservice,redis-cart,0,0,0,0,0,0,0
2026-10-04T14:07:48Z,productcatalogservice,shippingservice,0,0,0,0,0,0,0
2026-10-04T14:07:48Z,recommendationservice,adservice,0,0,0,0,0,0,0
2026-10-04T14:07:48Z,recommendationservice,cartservice,0,0,0,0,0,0,0
2026-10-04T14:07:48Z,recommendationservice,checkoutservice,0,0,0,0,0,0,0
2026-10-04T14:07:48Z,recommendationservice,currencyservice,0,0,0,0,0,0,0
2026-10-04T14:07:48Z,recommendationservice,emailservice,0,0,0,0,0,0,0
2026-10-04T14:07:48Z,recommendationservice,frontend,0,0,0,0,0,0,0
2026-10-04T14:07:48Z,recommendationservice,kubernetes,0,0,0,0,0,0,0
2026-10-04T14:07:48Z,recommendationservice,paymentservice,0,0,0,0,0,0,0
2026-10-04T14:07:48Z,recommendationservice,productcatalogservice,106921,106921,0,0,0,805445,105526
2026-10-04T14:07:48Z,recommendationservice,recommendationservice,0,0,0,0,0,0,0
2026-10-04T14:07:48Z,recommendationservice,redis-cart,0,0,0,0,0,0,0
2026-10-04T14:07:48Z,recommendationservice,shippingservice,0,0,0,0,0,0,0
2026-10-04T14:07:48Z,redis-cart,adservice,0,0,0,0,0,0,0
2026-10-04T14:07:48Z,redis-cart,cartservice,0,0,0,0,0,0,0
2026-10-04T14:07:48Z,redis-cart,checkoutservice,0,0,0,0,0,0,0
2026-10-04T14:07:48Z,redis-cart,currencyservice,0,0,0,0,0,0,0
2026-10-04T14:07:48Z,redis-cart,emailservice,0,0,0,0,0,0,0
2026-10-04T14:07:48Z,redis-cart,frontend,0,0,0,0,0,0,0
2026-10-04T14:07:48Z,redis-cart,kubernetes,0,0,0,0,0,0,0
2026-10-04T14:07:48Z,redis-cart,paymentservice,0,0,0,0,0,0,0
2026-10-04T14:07:48Z,redis-cart,productcatalogservice,0,0,0,0,0,0,0
2026-10-04T14:07:48Z,redis-cart,recommendationservice,0,0,0,0,0,0,0
2026-10-04T14:07:48Z,redis-cart,redis-cart,0,0,0,0,0,0,0
2026-10-04T14:07:48Z,redis-cart,shippingservice,0,0,0,0,0,0,0
2026-10-04T14:07:48Z,shippingservice,adservice,0,0,0,0,0,0,0
2026-10-04T14:07:48Z,shippingservice,cartservice,0,0,0,0,0,0,0
2026-10-04T14:07:48Z,shippingservice,checkoutservice,0,0,0,0,0,0,0
2026-10-04T14:07:48Z,shippingservice,currencyservice,0,0,0,0,0,0,0
2026-10-04T14:07:48Z,shippingservice,emailservice,0,0,0,0,0,0,0
2026-10-04T14:07:48Z,shippingservice,frontend,0,0,0,0,0,0,0
2026-10-04T14:07:48Z,shippingservice,kubernetes,0,0,0,0,0,0,0
2026-10-04T14:07:48Z,shippingservice,paymentservice,0,0,0,0,0,0,0
2026-10-04T14:07:48Z,shippingservice,productcatalogservice,0,0,0,0,0,0,0
2026-10-04T14:07:48Z,shippingservice,recommendationservice,0,0,0,0,0,0,0
2026-10-04T14:07:48Z,shippingservice,redis-cart,0,0,0,0,0,0,0
2026-10-04T14:07:48Z,shippingservice,shippingservice,0,0,0,0,0,0,0
2026-10-04T14:07:49Z,adservice,adservice,0,0,0,0,0,0,0
2026-10-04T14:07:49Z,adservice,cartservice,0,0,0,0,0,0,0
2026-10-04T14:07:49Z,adservice,checkoutservice,0,0,0,0,0,0,0
2026-10-04T14:07:49Z,adservice,currencyservice,0,0,0,0,0,0,0
2026-10-04T14:07:49Z,adservice,emailservice,0,0,0,0,0,0,0
2026-10-04T14:07:49Z,adservice,frontend,0,0,0,0,0,0,0
2026-10-04T14:07:49Z,adservice,kubernetes,0,0,0,0,0,0,0
2026-10-04T14:07:49Z,adservice,paymentservice,0,0,0,0,0,0,0
2026-10-04T14:07:49Z,adservice,productcatalogservice,0,0,0,0,0,0,0
2026-10-04T14:07:49Z,adservice,recommendationservice,0,0,0,0,0,0,0
2026-10-04T14:07:49Z,adservice,redis-cart,0,0,0,0,0,0,0
2026-10-04T14:07:49Z,adservice,shippingservice,0,0,0,0,0,0,0
2026-10-04T14:07:49Z,cartservice,adservice,0,0,0,0,0,0,0
2026-10-04T14:07:49Z,cartservice,cartservice,0,0,0,0,0,0,0
2026-10-04T14:07:49Z,cartservice,checkoutservice,0,0,0,0,0,0,0
2026-10-04T14:07:49Z,cartservice,currencyservice,0,0,0,0,0,0,0
2026-10-04T14:07:49Z,cartservice,emailservice,0,0,0,0,0,0,0
2026-10-04T14:07:49Z,cartservice,frontend,0,0,0,0,0,0,0
2026-10-04T14:07:49Z,cartservice,kubernetes,0,0,0,0,0,0,0
2026-10-04T14:07:49Z,cartservice,paymentservice,0,0,0,0,0,0,0
2026-10-04T14:07:49Z,cartservice,productcatalogservice,0,0,0,0,0,0,0
2026-10-04T14:07:49Z,cartservice,recommendationservice,0,0,0,0,0,0,0
2026-10-04T14:07:49Z,cartservice,redis-cart,2,0,0,0,0,0,0
2026-10-04T14:07:49Z,cartservice,shippingservice,0,0,0,0,0,0,0
2026-10-04T14:07:49Z,checkoutservice,adservice,0,0,0,0,0,0,0
2026-10-04T14:07:49Z,checkoutservice,cartservice,46226,45295,0,100,0,632130,45017
2026-10-04T14:07:49Z,checkoutservice,checkoutservice,0,0,0,0,0,0,0
2026-10-04T14:07:49Z,checkoutservice,currencyservice,34515,34515,0,0,0,536460,34373
2026-10-04T14:07:49Z,checkoutservice,emailservice,5745,5458,0,66,0,225816,5319
2026-10-04T14:07:49Z,checkoutservice,frontend,0,0,0,0,0,0,0
2026-10-04T14:07:49Z,checkoutservice,kubernetes,0,0,0,0,0,0,0
2026-10-04T14:07:49Z,checkoutservice,paymentservice,27781,25932,0,192,0,408342,25643
2026-10-04T14:07:49Z,checkoutservice,productcatalogservice,0,0,0,0,0,0,0
2026-10-04T14:07:49Z,checkoutservice,recommendationservice,0,0,0,0,0,0,0
2026-10-04T14:07:49Z,checkoutservice,redis-cart,0,0,0,0,0,0,0
2026-10-04T14:07:49Z,checkoutservice,shippingservice,51543,49435,0,154,0,480515,49157
2026-10-04T14:07:49Z,currencyservice,adservice,0,0,0,0,0,0,0
2026-10-04T14:07:49Z,currencyservice,cartservice,0,0,0,0,0,0,0
2026-10-04T14:07:49Z,currencyservice,checkoutservice,0,0,0,0,0,0,0
2026-10-04T14:07:49Z,currencyservice,currencyservice,0,0,0,0,0,0,0
2026-10-04T14:07:49Z,currencyservice,emailservice,0,0,0,0,0,0,0
2026-10-04T14:07:49Z,currencyservice,frontend,0,0,0,0,0,0,0
2026-10-04T14:07:49Z,currencyservice,kubernetes,0,0,0,0,0,0,0
2026-10-04T14:07:49Z,currencyservice,paymentservice,0,0,0,0,0,0,0
2026-10-04T14:07:49Z,currencyservice,productcatalogservice,0,0,0,0,0,0,0
2026-10-04T14:07:49Z,currencyservice,recommendationservice,0,0,0,0,0,0,0
2026-10-04T14:07:49Z,currencyservice,redis-cart,0,0,0,0,0,0,0
2026-10-04T14:07:49Z,currencyservice,shippingservice,0,0,0,0,0,0,0
2026-10-04T14:07:49Z,emailservice,adservice,0,0,0,0,0,0,0
2026-10-04T14:07:49Z,emailservice,cartservice,0,0,0,0,0,0,0
2026-10-04T14:07:49Z,emailservice,checkoutservice,0,0,0,0,0,0,0
2026-10-04T14:07:49Z,emailservice,currencyservice,0,0,0,0,0,0,0
2026-10-04T14:07:49Z,emailservice,emailservice,0,0,0,0,0,0,0
2026-10-04T14:07:49Z,emailservice,frontend,0,0,0,0,0,0,0
2026-10-04T14:07:49Z,emailservice,kubernetes,0,0,0,0,0,0,0
2026-10-04T14:07:49Z,emailservice,paymentservice,0,0,0,0,0,0,0
2026-10-04T14:07:49Z,emailservice,productcatalogservice,0,0,0,0,0,0,0
2026-10-04T14:07:49Z,emailservice,recommendationservice,0,0,0,0,0,0,0
2026-10-04T14:07:49Z,emailservice,redis-cart,0,0,0,0,0,0,0
2026-10-04T14:07:49Z,emailservice,shippingservice,0,0,0,0,0,0,0
2026-10-04T14:07:49Z,frontend,adservice,832149,832147,0,0,0,2511038,832036
2026-10-04T14:07:49Z,frontend,cartservice,1841326,1841312,0,0,4,10252789,1840985
2026-10-04T14:07:49Z,frontend,checkoutservice,393502,183530,0,40061,169943,61981381,183493
2026-10-04T14:07:49Z,frontend,currencyservice,2927569,2927560,0,0,0,15541998,2927044
2026-10-04T14:07:49Z,frontend,emailservice,0,0,0,0,0,0,0
2026-10-04T14:07:49Z,frontend,frontend,0,0,0,0,0,0,0
2026-10-04T14:07:49Z,frontend,kubernetes,0,0,0,0,0,0,0
2026-10-04T14:07:49Z,frontend,paymentservice,0,0,0,0,0,0,0
2026-10-04T14:07:49Z,frontend,productcatalogservice,8239461,8239385,0,0,0,56404599,8238111
2026-10-04T14:07:49Z,frontend,recommendationservice,2652247,1626952,0,107067,915704,797988411,1626657
2026-10-04T14:07:49Z,frontend,redis-cart,0,0,0,0,0,0,0
2026-10-04T14:07:49Z,frontend,shippingservice,305132,305130,0,0,0,928363,305081
2026-10-04T14:07:49Z,paymentservice,adservice,0,0,0,0,0,0,0
2026-10-04T14:07:49Z,paymentservice,cartservice,0,0,0,0,0,0,0
2026-10-04T14:07:49Z,paymentservice,checkoutservice,0,0,0,0,0,0,0
2026-10-04T14:07:49Z,paymentservice,currencyservice,0,0,0,0,0,0,0
2026-10-04T14:07:49Z,paymentservice,emailservice,0,0,0,0,0,0,0
2026-10-04T14:07:49Z,paymentservice,frontend,0,0,0,0,0,0,0
2026-10-04T14:07:49Z,paymentservice,kubernetes,0,0,0,0,0,0,0
2026-10-04T14:07:49Z,paymentservice,paymentservice,0,0,0,0,0,0,0
2026-10-04T14:07:49Z,paymentservice,productcatalogservice,0,0,0,0,0,0,0
2026-10-04T14:07:49Z,paymentservice,recommendationservice,0,0,0,0,0,0,0
2026-10-04T14:07:49Z,paymentservice,redis-cart,0,0,0,0,0,0,0
2026-10-04T14:07:49Z,paymentservice,shippingservice,0,0,0,0,0,0,0
2026-10-04T14:07:49Z,productcatalogservice,adservice,0,0,0,0,0,0,0
2026-10-04T14:07:49Z,productcatalogservice,cartservice,0,0,0,0,0,0,0
2026-10-04T14:07:49Z,productcatalogservice,checkoutservice,0,0,0,0,0,0,0
2026-10-04T14:07:49Z,productcatalogservice,currencyservice,0,0,0,0,0,0,0
2026-10-04T14:07:49Z,productcatalogservice,emailservice,0,0,0,0,0,0,0
2026-10-04T14:07:49Z,productcatalogservice,frontend,0,0,0,0,0,0,0
2026-10-04T14:07:49Z,productcatalogservice,kubernetes,0,0,0,0,0,0,0
2026-10-04T14:07:49Z,productcatalogservice,paymentservice,0,0,0,0,0,0,0
2026-10-04T14:07:49Z,productcatalogservice,productcatalogservice,0,0,0,0,0,0,0
2026-10-04T14:07:49Z,productcatalogservice,recommendationservice,0,0,0,0,0,0,0
2026-10-04T14:07:49Z,productcatalogservice,redis-cart,0,0,0,0,0,0,0
2026-10-04T14:07:49Z,productcatalogservice,shippingservice,0,0,0,0,0,0,0
2026-10-04T14:07:49Z,recommendationservice,adservice,0,0,0,0,0,0,0
2026-10-04T14:07:49Z,recommendationservice,cartservice,0,0,0,0,0,0,0
2026-10-04T14:07:49Z,recommendationservice,checkoutservice,0,0,0,0,0,0,0
2026-10-04T14:07:49Z,recommendationservice,currencyservice,0,0,0,0,0,0,0
2026-10-04T14:07:49Z,recommendationservice,emailservice,0,0,0,0,0,0,0
2026-10-04T14:07:49Z,recommendationservice,frontend,0,0,0,0,0,0,0
2026-10-04T14:07:49Z,recommendationservice,kubernetes,0,0,0,0,0,0,0
2026-10-04T14:07:49Z,recommendationservice,paymentservice,0,0,0,0,0,0,0
2026-10-04T14:07:49Z,recommendationservice,productcatalogservice,107363,107363,0,0,0,805445,105526
2026-10-04T14:07:49Z,recommendationservice,recommendationservice,0,0,0,0,0,0,0
2026-10-04T14:07:49Z,recommendationservice,redis-cart,0,0,0,0,0,0,0
2026-10-04T14:07:49Z,recommendationservice,shippingservice,0,0,0,0,0,0,0
2026-10-04T14:07:49Z,redis-cart,adservice,0,0,0,0,0,0,0
2026-10-04T14:07:49Z,redis-cart,cartservice,0,0,0,0,0,0,0
2026-10-04T14:07:49Z,redis-cart,checkoutservice,0,0,0,0,0,0,0
2026-10-04T14:07:49Z,redis-cart,currencyservice,0,0,0,0,0,0,0
2026-10-04T14:07:49Z,redis-cart,emailservice,0,0,0,0,0,0,0
2026-10-04T14:07:49Z,redis-cart,frontend,0,0,0,0,0,0,0
2026-10-04T14:07:49Z,redis-cart,kubernetes,0,0,0,0,0,0,0
2026-10-04T14:07:49Z,redis-cart,paymentservice,0,0,0,0,0,0,0
2026-10-04T14:07:49Z,redis-cart,productcatalogservice,0,0,0,0,0,0,0
2026-10-04T14:07:49Z,redis-cart,recommendationservice,0,0,0,0,0,0,0
2026-10-04T14:07:49Z,redis-cart,redis-cart,0,0,0,0,0,0,0
2026-10-04T14:07:49Z,redis-cart,shippingservice,0,0,0,0,0,0,0
2026-10-04T14:07:49Z,shippingservice,adservice,0,0,0,0,0,0,0
2026-10-04T14:07:49Z,shippingservice,cartservice,0,0,0,0,0,0,0
2026-10-04T14:07:49Z,shippingservice,checkoutservice,0,0,0,0,0,0,0
2026-10-04T14:07:49Z,shippingservice,currencyservice,0,0,0,0,0,0,0
2026-10-04T14:07:49Z,shippingservice,emailservice,0,0,0,0,0,0,0
2026-10-04T14:07:49Z,shippingservice,frontend,0,0,0,0,0,0,0
2026-10-04T14:07:49Z,shippingservice,kubernetes,0,0,0,0,0,0,0
2026-10-04T14:07:49Z,shippingservice,paymentservice,0,0,0,0,0,0,0
2026-10-04T14:07:49Z,shippingservice,productcatalogservice,0,0,0,0,0,0,0
2026-10-04T14:07:49Z,shippingservice,recommendationservice,0,0,0,0,0,0,0
2026-10-04T14:07:49Z,shippingservice,redis-cart,0,0,0,0,0,0,0
2026-10-04T14:07:49Z,shippingservice,shippingservice,0,0,0,0,0,0,0
2026-10-04T14:07:50Z,adservice,adservice,0,0,0,0,0,0,0
2026-10-04T14:07:50Z,adservice,cartservice,0,0,0,0,0,0,0
2026-10-04T14:07:50Z,adservice,checkoutservice,0,0,0,0,0,0,0
2026-10-04T14:07:50Z,adservice,currencyservice,0,0,0,0,0,0,0
2026-10-04T14:07:50Z,adservice,emailservice,0,0,0,0,0,0,0
2026-10-04T14:07:50Z,adservice,frontend,0,0,0,0,0,0,0
2026-10-04T14:07:50Z,adservice,kubernetes,0,0,0,0,0,0,0
2026-10-04T14:07:50Z,adservice,paymentservice,0,0,0,0,0,0,0
2026-10-04T14:07:50Z,adservice,productcatalogservice,0,0,0,0,0,0,0
2026-10-04T14:07:50Z,adservice,recommendationservice,0,0,0,0,0,0,0
2026-10-04T14:07:50Z,adservice,redis-cart,0,0,0,0,0,0,0
2026-10-04T14:07:50Z,adservice,shippingservice,0,0,0,0,0,0,0
2026-10-04T14:07:50Z,cartservice,adservice,0,0,0,0,0,0,0
2026-10-04T14:07:50Z,cartservice,cartservice,0,0,0,0,0,0,0
2026-10-04T14:07:50Z,cartservice,checkoutservice,0,0,0,0,0,0,0
2026-10-04T14:07:50Z,cartservice,currencyservice,0,0,0,0,0,0,0
2026-10-04T14:07:50Z,cartservice,emailservice,0,0,0,0,0,0,0
2026-10-04T14:07:50Z,cartservice,frontend,0,0,0,0,0,0,0
2026-10-04T14:07:50Z,cartservice,kubernetes,0,0,0,0,0,0,0
2026-10-04T14:07:50Z,cartservice,paymentservice,0,0,0,0,0,0,0
2026-10-04T14:07:50Z,cartservice,productcatalogservice,0,0,0,0,0,0,0
2026-10-04T14:07:50Z,cartservice,recommendationservice,0,0,0,0,0,0,0
2026-10-04T14:07:50Z,cartservice,redis-cart,2,0,0,0,0,0,0
2026-10-04T14:07:50Z,cartservice,shippingservice,0,0,0,0,0,0,0
2026-10-04T14:07:50Z,checkoutservice,adservice,0,0,0,0,0,0,0
2026-10-04T14:07:50Z,checkoutservice,cartservice,46329,45397,0,100,0,632130,45017
2026-10-04T14:07:50Z,checkoutservice,checkoutservice,0,0,0,0,0,0,0
2026-10-04T14:07:50Z,checkoutservice,currencyservice,34564,34563,0,0,0,536460,34373
2026-10-04T14:07:50Z,checkoutservice,emailservice,5798,5512,0,66,0,225816,5319
2026-10-04T14:07:50Z,checkoutservice,frontend,0,0,0,0,0,0,0
2026-10-04T14:07:50Z,checkoutservice,kubernetes,0,0,0,0,0,0,0
2026-10-04T14:07:50Z,checkoutservice,paymentservice,27829,25981,0,192,0,408342,25643
2026-10-04T14:07:50Z,checkoutservice,productcatalogservice,0,0,0,0,0,0,0
2026-10-04T14:07:50Z,checkoutservice,recommendationservice,0,0,0,0,0,0,0
2026-10-04T14:07:50Z,checkoutservice,redis-cart,0,0,0,0,0,0,0
2026-10-04T14:07:50Z,checkoutservice,shippingservice,51643,49539,0,154,0,480515,49157
2026-10-04T14:07:50Z,currencyservice,adservice,0,0,0,0,0,0,0
2026-10-04T14:07:50Z,currencyservice,cartservice,0,0,0,0,0,0,0
2026-10-04T14:07:50Z,currencyservice,checkoutservice,0,0,0,0,0,0,0
2026-10-04T14:07:50Z,currencyservice,currencyservice,0,0,0,0,0,0,0
2026-10-04T14:07:50Z,currencyservice,emailservice,0,0,0,0,0,0,0
2026-10-04T14:07:50Z,currencyservice,frontend,0,0,0,0,0,0,0
2026-10-04T14:07:50Z,currencyservice,kubernetes,0,0,0,0,0,0,0
2026-10-04T14:07:50Z,currencyservice,paymentservice,0,0,0,0,0,0,0
2026-10-04T14:07:50Z,currencyservice,productcatalogservice,0,0,0,0,0,0,0
2026-10-04T14:07:50Z,currencyservice,recommendationservice,0,0,0,0,0,0,0
2026-10-04T14:07:50Z,currencyservice,redis-cart,0,0,0,0,0,0,0
2026-10-04T14:07:50Z,currencyservice,shippingservice,0,0,0,0,0,0,0
2026-10-04T14:07:50Z,emailservice,adservice,0,0,0,0,0,0,0
2026-10-04T14:07:50Z,emailservice,cartservice,0,0,0,0,0,0,0
2026-10-04T14:07:50Z,emailservice,checkoutservice,0,0,0,0,0,0,0
2026-10-04T14:07:50Z,emailservice,currencyservice,0,0,0,0,0,0,0
2026-10-04T14:07:50Z,emailservice,emailservice,0,0,0,0,0,0,0
2026-10-04T14:07:50Z,emailservice,frontend,0,0,0,0,0,0,0
2026-10-04T14:07:50Z,emailservice,kubernetes,0,0,0,0,0,0,0
2026-10-04T14:07:50Z,emailservice,paymentservice,0,0,0,0,0,0,0
2026-10-04T14:07:50Z,emailservice,productcatalogservice,0,0,0,0,0,0,0
2026-10-04T14:07:50Z,emailservice,recommendationservice,0,0,0,0,0,0,0
2026-10-04T14:07:50Z,emailservice,redis-cart,0,0,0,0,0,0,0
2026-10-04T14:07:50Z,emailservice,shippingservice,0,0,0,0,0,0,0
2026-10-04T14:07:50Z,frontend,adservice,832321,832318,0,0,0,2511038,832036
2026-10-04T14:07:50Z,frontend,cartservice,1841780,1841760,0,0,4,10252789,1840985
2026-10-04T14:07:50Z,frontend,checkoutservice,393561,183587,0,40061,169943,61981381,183493
2026-10-04T14:07:50Z,frontend,currencyservice,2928283,2928276,0,0,0,15541998,2927044
2026-10-04T14:07:50Z,frontend,emailservice,0,0,0,0,0,0,0
2026-10-04T14:07:50Z,frontend,frontend,0,0,0,0,0,0,0
2026-10-04T14:07:50Z,frontend,kubernetes,0,0,0,0,0,0,0
2026-10-04T14:07:50Z,frontend,paymentservice,0,0,0,0,0,0,0
2026-10-04T14:07:50Z,frontend,productcatalogservice,8241276,8241211,0,0,0,56404599,8238111
2026-10-04T14:07:50Z,frontend,recommendationservice,2652991,1627364,0,107105,915998,797988411,1626657
2026-10-04T14:07:50Z,frontend,redis-cart,0,0,0,0,0,0,0
2026-10-04T14:07:50Z,frontend,shippingservice,305194,305192,0,0,0,928363,305081
2026-10-04T14:07:50Z,paymentservice,adservice,0,0,0,0,0,0,0
2026-10-04T14:07:50Z,paymentservice,cartservice,0,0,0,0,0,0,0
2026-10-04T14:07:50Z,paymentservice,checkoutservice,0,0,0,0,0,0,0
2026-10-04T14:07:50Z,paymentservice,currencyservice,0,0,0,0,0,0,0
2026-10-04T14:07:50Z,paymentservice,emailservice,0,0,0,0,0,0,0
2026-10-04T14:07:50Z,paymentservice,frontend,0,0,0,0,0,0,0
2026-10-04T14:07:50Z,paymentservice,kubernetes,0,0,0,0,0,0,0
2026-10-04T14:07:50Z,paymentservice,paymentservice,0,0,0,0,0,0,0
2026-10-04T14:07:50Z,paymentservice,productcatalogservice,0,0,0,0,0,0,0
2026-10-04T14:07:50Z,paymentservice,recommendationservice,0,0,0,0,0,0,0
2026-10-04T14:07:50Z,paymentservice,redis-cart,0,0,0,0,0,0,0
2026-10-04T14:07:50Z,paymentservice,shippingservice,0,0,0,0,0,0,0
2026-10-04T14:07:50Z,productcatalogservice,adservice,0,0,0,0,0,0,0
2026-10-04T14:07:50Z,productcatalogservice,cartservice,0,0,0,0,0,0,0
2026-10-04T14:07:50Z,productcatalogservice,checkoutservice,0,0,0,0,0,0,0
2026-10-04T14:07:50Z,productcatalogservice,currencyservice,0,0,0,0,0,0,0
2026-10-04T14:07:50Z,productcatalogservice,emailservice,0,0,0,0,0,0,0
2026-10-04T14:07:50Z,productcatalogservice,frontend,0,0,0,0,0,0,0
2026-10-04T14:07:50Z,productcatalogservice,kubernetes,0,0,0,0,0,0,0
2026-10-04T14:07:50Z,productcatalogservice,paymentservice,0,0,0,0,0,0,0
2026-10-04T14:07:50Z,productcatalogservice,productcatalogservice,0,0,0,0,0,0,0
2026-10-04T14:07:50Z,productcatalogservice,recommendationservice,0,0,0,0,0,0,0
2026-10-04T14:07:50Z,productcatalogservice,redis-cart,0,0,0,0,0,0,0
2026-10-04T14:07:50Z,productcatalogservice,shippingservice,0,0,0,0,0,0,0
2026-10-04T14:07:50Z,recommendationservice,adservice,0,0,0,0,0,0,0
2026-10-04T14:07:50Z,recommendationservice,cartservice,0,0,0,0,0,0,0
2026-10-04T14:07:50Z,recommendationservice,checkoutservice,0,0,0,0,0,0,0
2026-10-04T14:07:50Z,recommendationservice,currencyservice,0,0,0,0,0,0,0
2026-10-04T14:07:50Z,recommendationservice,emailservice,0,0,0,0,0,0,0
2026-10-04T14:07:50Z,recommendationservice,frontend,0,0,0,0,0,0,0
2026-10-04T14:07:50Z,recommendationservice,kubernetes,0,0,0,0,0,0,0
2026-10-04T14:07:50Z,recommendationservice,paymentservice,0,0,0,0,0,0,0
2026-10-04T14:07:50Z,recommendationservice,productcatalogservice,107832,107832,0,0,0,817444,107713
2026-10-04T14:07:50Z,recommendationservice,recommendationservice,0,0,0,0,0,0,0
2026-10-04T14:07:50Z,recommendationservice,redis-cart,0,0,0,0,0,0,0
2026-10-04T14:07:50Z,recommendationservice,shippingservice,0,0,0,0,0,0,0
2026-10-04T14:07:50Z,redis-cart,adservice,0,0,0,0,0,0,0
2026-10-04T14:07:50Z,redis-cart,cartservice,0,0,0,0,0,0,0
2026-10-04T14:07:50Z,redis-cart,checkoutservice,0,0,0,0,0,0,0
2026-10-04T14:07:50Z,redis-cart,currencyservice,0,0,0,0,0,0,0
2026-10-04T14:07:50Z,redis-cart,emailservice,0,0,0,0,0,0,0
2026-10-04T14:07:50Z,redis-cart,frontend,0,0,0,0,0,0,0
2026-10-04T14:07:50Z,redis-cart,kubernetes,0,0,0,0,0,0,0
2026-10-04T14:07:50Z,redis-cart,paymentservice,0,0,0,0,0,0,0
2026-10-04T14:07:50Z,redis-cart,productcatalogservice,0,0,0,0,0,0,0
2026-10-04T14:07:50Z,redis-cart,recommendationservice,0,0,0,0,0,0,0
2026-10-04T14:07:50Z,redis-cart,redis-cart,0,0,0,0,0,0,0
2026-10-04T14:07:50Z,redis-cart,shippingservice,0,0,0,0,0,0,0
2026-10-04T14:07:50Z,shippingservice,adservice,0,0,0,0,0,0,0
2026-10-04T14:07:50Z,shippingservice,cartservice,0,0,0,0,0,0,0
2026-10-04T14:07:50Z,shippingservice,checkoutservice,0,0,0,0,0,0,0
2026-10-04T14:07:50Z,shippingservice,currencyservice,0,0,0,0,0,0,0
2026-10-04T14:07:50Z,shippingservice,emailservice,0,0,0,0,0,0,0
2026-10-04T14:07:50Z,shippingservice,frontend,0,0,0,0,0,0,0
2026-10-04T14:07:50Z,shippingservice,kubernetes,0,0,0,0,0,0,0
2026-10-04T14:07:50Z,shippingservice,paymentservice,0,0,0,0,0,0,0
2026-10-04T14:07:50Z,shippingservice,productcatalogservice,0,0,0,0,0,0,0
2026-10-04T14:07:50Z,shippingservice,recommendationservice,0,0,0,0,0,0,0
2026-10-04T14:07:50Z,shippingservice,redis-cart,0,0,0,0,0,0,0
2026-10-04T14:07:50Z,shippingservice,shippingservice,0,0,0,0,0,0,0
2026-10-04T14:07:51Z,adservice,adservice,0,0,0,0,0,0,0
2026-10-04T14:07:51Z,adservice,cartservice,0,0,0,0,0,0,0
2026-10-04T14:07:51Z,adservice,checkoutservice,0,0,0,0,0,0,0
2026-10-04T14:07:51Z,adservice,currencyservice,0,0,0,0,0,0,0
2026-10-04T14:07:51Z,adservice,emailservice,0,0,0,0,0,0,0
2026-10-04T14:07:51Z,adservice,frontend,0,0,0,0,0,0,0
2026-10-04T14:07:51Z,adservice,kubernetes,0,0,0,0,0,0,0
2026-10-04T14:07:51Z,adservice,paymentservice,0,0,0,0,0,0,0
2026-10-04T14:07:51Z,adservice,productcatalogservice,0,0,0,0,0,0,0
2026-10-04T14:07:51Z,adservice,recommendationservice,0,0,0,0,0,0,0
2026-10-04T14:07:51Z,adservice,redis-cart,0,0,0,0,0,0,0
2026-10-04T14:07:51Z,adservice,shippingservice,0,0,0,0,0,0,0
2026-10-04T14:07:51Z,cartservice,adservice,0,0,0,0,0,0,0
2026-10-04T14:07:51Z,cartservice,cartservice,0,0,0,0,0,0,0
2026-10-04T14:07:51Z,cartservice,checkoutservice,0,0,0,0,0,0,0
2026-10-04T14:07:51Z,cartservice,currencyservice,0,0,0,0,0,0,0
2026-10-04T14:07:51Z,cartservice,emailservice,0,0,0,0,0,0,0
2026-10-04T14:07:51Z,cartservice,frontend,0,0,0,0,0,0,0
2026-10-04T14:07:51Z,cartservice,kubernetes,0,0,0,0,0,0,0
2026-10-04T14:07:51Z,cartservice,paymentservice,0,0,0,0,0,0,0
2026-10-04T14:07:51Z,cartservice,productcatalogservice,0,0,0,0,0,0,0
2026-10-04T14:07:51Z,cartservice,recommendationservice,0,0,0,0,0,0,0
2026-10-04T14:07:51Z,cartservice,redis-cart,2,0,0,0,0,0,0
2026-10-04T14:07:51Z,cartservice,shippingservice,0,0,0,0,0,0,0
2026-10-04T14:07:51Z,checkoutservice,adservice,0,0,0,0,0,0,0
2026-10-04T14:07:51Z,checkoutservice,cartservice,46445,45514,0,100,0,632130,45017
2026-10-04T14:07:51Z,checkoutservice,checkoutservice,0,0,0,0,0,0,0
2026-10-04T14:07:51Z,checkoutservice,currencyservice,34620,34620,0,0,0,536460,34373
2026-10-04T14:07:51Z,checkoutservice,emailservice,5858,5571,0,66,0,225816,5319
2026-10-04T14:07:51Z,checkoutservice,frontend,0,0,0,0,0,0,0
2026-10-04T14:07:51Z,checkoutservice,kubernetes,0,0,0,0,0,0,0
2026-10-04T14:07:51Z,checkoutservice,paymentservice,27886,26038,0,192,0,408342,25643
2026-10-04T14:07:51Z,checkoutservice,productcatalogservice,0,0,0,0,0,0,0
2026-10-04T14:07:51Z,checkoutservice,recommendationservice,0,0,0,0,0,0,0
2026-10-04T14:07:51Z,checkoutservice,redis-cart,0,0,0,0,0,0,0
2026-10-04T14:07:51Z,checkoutservice,shippingservice,51756,49653,0,154,0,480515,49157
2026-10-04T14:07:51Z,currencyservice,adservice,0,0,0,0,0,0,0
2026-10-04T14:07:51Z,currencyservice,cartservice,0,0,0,0,0,0,0
2026-10-04T14:07:51Z,currencyservice,checkoutservice,0,0,0,0,0,0,0
2026-10-04T14:07:51Z,currencyservice,currencyservice,0,0,0,0,0,0,0
2026-10-04T14:07:51Z,currencyservice,emailservice,0,0,0,0,0,0,0
2026-10-04T14:07:51Z,currencyservice,frontend,0,0,0,0,0,0,0
2026-10-04T14:07:51Z,currencyservice,kubernetes,0,0,0,0,0,0,0
2026-10-04T14:07:51Z,currencyservice,paymentservice,0,0,0,0,0,0,0
2026-10-04T14:07:51Z,currencyservice,productcatalogservice,0,0,0,0,0,0,0
2026-10-04T14:07:51Z,currencyservice,recommendationservice,0,0,0,0,0,0,0
2026-10-04T14:07:51Z,currencyservice,redis-cart,0,0,0,0,0,0,0
2026-10-04T14:07:51Z,currencyservice,shippingservice,0,0,0,0,0,0,0
2026-10-04T14:07:51Z,emailservice,adservice,0,0,0,0,0,0,0
2026-10-04T14:07:51Z,emailservice,cartservice,0,0,0,0,0,0,0
2026-10-04T14:07:51Z,emailservice,checkoutservice,0,0,0,0,0,0,0
2026-10-04T14:07:51Z,emailservice,currencyservice,0,0,0,0,0,0,0
2026-10-04T14:07:51Z,emailservice,emailservice,0,0,0,0,0,0,0
2026-10-04T14:07:51Z,emailservice,frontend,0,0,0,0,0,0,0
2026-10-04T14:07:51Z,emailservice,kubernetes,0,0,0,0,0,0,0
2026-10-04T14:07:51Z,emailservice,paymentservice,0,0,0,0,0,0,0
2026-10-04T14:07:51Z,emailservice,productcatalogservice,0,0,0,0,0,0,0
2026-10-04T14:07:51Z,emailservice,recommendationservice,0,0,0,0,0,0,0
2026-10-04T14:07:51Z,emailservice,redis-cart,0,0,0,0,0,0,0
2026-10-04T14:07:51Z,emailservice,shippingservice,0,0,0,0,0,0,0
2026-10-04T14:07:51Z,frontend,adservice,832455,832452,0,0,0,2511038,832036
2026-10-04T14:07:51Z,frontend,cartservice,1842132,1842120,0,0,4,10252789,1840985
2026-10-04T14:07:51Z,frontend,checkoutservice,393610,183645,0,40061,169943,61981381,183493
2026-10-04T14:07:51Z,frontend,currencyservice,2928872,2928862,0,0,0,15541998,2927044
2026-10-04T14:07:51Z,frontend,emailservice,0,0,0,0,0,0,0
2026-10-04T14:07:51Z,frontend,frontend,0,0,0,0,0,0,0
2026-10-04T14:07:51Z,frontend,kubernetes,0,0,0,0,0,0,0
2026-10-04T14:07:51Z,frontend,paymentservice,0,0,0,0,0,0,0
2026-10-04T14:07:51Z,frontend,productcatalogservice,8242755,8242682,0,0,0,56404599,8238111
2026-10-04T14:07:51Z,frontend,recommendationservice,2653746,1627657,0,107138,916414,797988411,1626657
2026-10-04T14:07:51Z,frontend,redis-cart,0,0,0,0,0,0,0
2026-10-04T14:07:51Z,frontend,shippingservice,305252,305250,0,0,0,928363,305081
2026-10-04T14:07:51Z,paymentservice,adservice,0,0,0,0,0,0,0
2026-10-04T14:07:51Z,paymentservice,cartservice,0,0,0,0,0,0,0
2026-10-04T14:07:51Z,paymentservice,checkoutservice,0,0,0,0,0,0,0
2026-10-04T14:07:51Z,paymentservice,currencyservice,0,0,0,0,0,0,0
2026-10-04T14:07:51Z,paymentservice,emailservice,0,0,0,0,0,0,0
2026-10-04T14:07:51Z,paymentservice,frontend,0,0,0,0,0,0,0
2026-10-04T14:07:51Z,paymentservice,kubernetes,0,0,0,0,0,0,0
2026-10-04T14:07:51Z,paymentservice,paymentservice,0,0,0,0,0,0,0
2026-10-04T14:07:51Z,paymentservice,productcatalogservice,0,0,0,0,0,0,0
2026-10-04T14:07:51Z,paymentservice,recommendationservice,0,0,0,0,0,0,0
2026-10-04T14:07:51Z,paymentservice,redis-cart,0,0,0,0,0,0,0
2026-10-04T14:07:51Z,paymentservice,shippingservice,0,0,0,0,0,0,0
2026-10-04T14:07:51Z,productcatalogservice,adservice,0,0,0,0,0,0,0
2026-10-04T14:07:51Z,productcatalogservice,cartservice,0,0,0,0,0,0,0
2026-10-04T14:07:51Z,productcatalogservice,checkoutservice,0,0,0,0,0,0,0
2026-10-04T14:07:51Z,productcatalogservice,currencyservice,0,0,0,0,0,0,0
2026-10-04T14:07:51Z,productcatalogservice,emailservice,0,0,0,0,0,0,0
2026-10-04T14:07:51Z,productcatalogservice,frontend,0,0,0,0,0,0,0
2026-10-04T14:07:51Z,productcatalogservice,kubernetes,0,0,0,0,0,0,0
2026-10-04T14:07:51Z,productcatalogservice,paymentservice,0,0,0,0,0,0,0
2026-10-04T14:07:51Z,productcatalogservice,productcatalogservice,0,0,0,0,0,0,0
2026-10-04T14:07:51Z,productcatalogservice,recommendationservice,0,0,0,0,0,0,0
2026-10-04T14:07:51Z,productcatalogservice,redis-cart,0,0,0,0,0,0,0
2026-10-04T14:07:51Z,productcatalogservice,shippingservice,0,0,0,0,0,0,0
2026-10-04T14:07:51Z,recommendationservice,adservice,0,0,0,0,0,0,0
2026-10-04T14:07:51Z,recommendationservice,cartservice,0,0,0,0,0,0,0
2026-10-04T14:07:51Z,recommendationservice,checkoutservice,0,0,0,0,0,0,0
2026-10-04T14:07:51Z,recommendationservice,currencyservice,0,0,0,0,0,0,0
2026-10-04T14:07:51Z,recommendationservice,emailservice,0,0,0,0,0,0,0
2026-10-04T14:07:51Z,recommendationservice,frontend,0,0,0,0,0,0,0
2026-10-04T14:07:51Z,recommendationservice,kubernetes,0,0,0,0,0,0,0
2026-10-04T14:07:51Z,recommendationservice,paymentservice,0,0,0,0,0,0,0
2026-10-04T14:07:51Z,recommendationservice,productcatalogservice,108276,108275,0,0,0,817444,107713
2026-10-04T14:07:51Z,recommendationservice,recommendationservice,0,0,0,0,0,0,0
2026-10-04T14:07:51Z,recommendationservice,redis-cart,0,0,0,0,0,0,0
2026-10-04T14:07:51Z,recommendationservice,shippingservice,0,0,0,0,0,0,0
2026-10-04T14:07:51Z,redis-cart,adservice,0,0,0,0,0,0,0
2026-10-04T14:07:51Z,redis-cart,cartservice,0,0,0,0,0,0,0
2026-10-04T14:07:51Z,redis-cart,checkoutservice,0,0,0,0,0,0,0
2026-10-04T14:07:51Z,redis-cart,currencyservice,0,0,0,0,0,0,0
2026-10-04T14:07:51Z,redis-cart,emailservice,0,0,0,0,0,0,0
2026-10-04T14:07:51Z,redis-cart,frontend,0,0,0,0,0,0,0
2026-10-04T14:07:51Z,redis-cart,kubernetes,0,0,0,0,0,0,0
2026-10-04T14:07:51Z,redis-cart,paymentservice,0,0,0,0,0,0,0
2026-10-04T14:07:51Z,redis-cart,productcatalogservice,0,0,0,0,0,0,0
2026-10-04T14:07:51Z,redis-cart,recommendationservice,0,0,0,0,0,0,0
2026-10-04T14:07:51Z,redis-cart,redis-cart,0,0,0,0,0,0,0
2026-10-04T14:07:51Z,redis-cart,shippingservice,0,0,0,0,0,0,0
2026-10-04T14:07:51Z,shippingservice,adservice,0,0,0,0,0,0,0
2026-10-04T14:07:51Z,shippingservice,cartservice,0,0,0,0,0,0,0
2026-10-04T14:07:51Z,shippingservice,checkoutservice,0,0,0,0,0,0,0
2026-10-04T14:07:51Z,shippingservice,currencyservice,0,0,0,0,0,0,0
2026-10-04T14:07:51Z,shippingservice,emailservice,0,0,0,0,0,0,0
2026-10-04T14:07:51Z,shippingservice,frontend,0,0,0,0,0,0,0
2026-10-04T14:07:51Z,shippingservice,kubernetes,0,0,0,0,0,0,0
2026-10-04T14:07:51Z,shippingservice,paymentservice,0,0,0,0,0,0,0
2026-10-04T14:07:51Z,shippingservice,productcatalogservice,0,0,0,0,0,0,0
2026-10-04T14:07:51Z,shippingservice,recommendationservice,0,0,0,0,0,0,0
2026-10-04T14:07:51Z,shippingservice,redis-cart,0,0,0,0,0,0,0
2026-10-04T14:07:51Z,shippingservice,shippingservice,0,0,0,0,0,0,0
2026-10-04T14:07:52Z,adservice,adservice,0,0,0,0,0,0,0
2026-10-04T14:07:52Z,adservice,cartservice,0,0,0,0,0,0,0
2026-10-04T14:07:52Z,adservice,checkoutservice,0,0,0,0,0,0,0
2026-10-04T14:07:52Z,adservice,currencyservice,0,0,0,0,0,0,0
2026-10-04T14:07:52Z,adservice,emailservice,0,0,0,0,0,0,0
2026-10-04T14:07:52Z,adservice,frontend,0,0,0,0,0,0,0
2026-10-04T14:07:52Z,adservice,kubernetes,0,0,0,0,0,0,0
2026-10-04T14:07:52Z,adservice,paymentservice,0,0,0,0,0,0,0
2026-10-04T14:07:52Z,adservice,productcatalogservice,0,0,0,0,0,0,0
2026-10-04T14:07:52Z,adservice,recommendationservice,0,0,0,0,0,0,0
2026-10-04T14:07:52Z,adservice,redis-cart,0,0,0,0,0,0,0
2026-10-04T14:07:52Z,adservice,shippingservice,0,0,0,0,0,0,0
2026-10-04T14:07:52Z,cartservice,adservice,0,0,0,0,0,0,0
2026-10-04T14:07:52Z,cartservice,cartservice,0,0,0,0,0,0,0
2026-10-04T14:07:52Z,cartservice,checkoutservice,0,0,0,0,0,0,0
2026-10-04T14:07:52Z,cartservice,currencyservice,0,0,0,0,0,0,0
2026-10-04T14:07:52Z,cartservice,emailservice,0,0,0,0,0,0,0
2026-10-04T14:07:52Z,cartservice,frontend,0,0,0,0,0,0,0
2026-10-04T14:07:52Z,cartservice,kubernetes,0,0,0,0,0,0,0
2026-10-04T14:07:52Z,cartservice,paymentservice,0,0,0,0,0,0,0
2026-10-04T14:07:52Z,cartservice,productcatalogservice,0,0,0,0,0,0,0
2026-10-04T14:07:52Z,cartservice,recommendationservice,0,0,0,0,0,0,0
2026-10-04T14:07:52Z,cartservice,redis-cart,2,0,0,0,0,0,0
2026-10-04T14:07:52Z,cartservice,shippingservice,0,0,0,0,0,0,0
2026-10-04T14:07:52Z,checkoutservice,adservice,0,0,0,0,0,0,0
2026-10-04T14:07:52Z,checkoutservice,cartservice,46564,45633,0,100,0,634845,45587
2026-10-04T14:07:52Z,checkoutservice,checkoutservice,0,0,0,0,0,0,0
2026-10-04T14:07:52Z,checkoutservice,currencyservice,34680,34680,0,0,0,537577,34656
2026-10-04T14:07:52Z,checkoutservice,emailservice,5918,5630,0,66,0,231731,5604
2026-10-04T14:07:52Z,checkoutservice,frontend,0,0,0,0,0,0,0
2026-10-04T14:07:52Z,checkoutservice,kubernetes,0,0,0,0,0,0,0
2026-10-04T14:07:52Z,checkoutservice,paymentservice,27946,26098,0,192,0,409775,25924
2026-10-04T14:07:52Z,checkoutservice,productcatalogservice,0,0,0,0,0,0,0
2026-10-04T14:07:52Z,checkoutservice,recommendationservice,0,0,0,0,0,0,0
2026-10-04T14:07:52Z,checkoutservice,redis-cart,0,0,0,0,0,0,0
2026-10-04T14:07:52Z,checkoutservice,shippingservice,51876,49773,0,154,0,481734,49724
2026-10-04T14:07:52Z,currencyservice,adservice,0,0,0,0,0,0,0
2026-10-04T14:07:52Z,currencyservice,cartservice,0,0,0,0,0,0,0
2026-10-04T14:07:52Z,currencyservice,checkoutservice,0,0,0,0,0,0,0
2026-10-04T14:07:52Z,currencyservice,currencyservice,0,0,0,0,0,0,0
2026-10-04T14:07:52Z,currencyservice,emailservice,0,0,0,0,0,0,0
2026-10-04T14:07:52Z,currencyservice,frontend,0,0,0,0,0,0,0
2026-10-04T14:07:52Z,currencyservice,kubernetes,0,0,0,0,0,0,0
2026-10-04T14:07:52Z,currencyservice,paymentservice,0,0,0,0,0,0,0
2026-10-04T14:07:52Z,currencyservice,productcatalogservice,0,0,0,0,0,0,0
2026-10-04T14:07:52Z,currencyservice,recommendationservice,0,0,0,0,0,0,0
2026-10-04T14:07:52Z,currencyservice,redis-cart,0,0,0,0,0,0,0
2026-10-04T14:07:52Z,currencyservice,shippingservice,0,0,0,0,0,0,0
2026-10-04T14:07:52Z,emailservice,adservice,0,0,0,0,0,0,0
2026-10-04T14:07:52Z,emailservice,cartservice,0,0,0,0,0,0,0
2026-10-04T14:07:52Z,emailservice,checkoutservice,0,0,0,0,0,0,0
2026-10-04T14:07:52Z,emailservice,currencyservice,0,0,0,0,0,0,0
2026-10-04T14:07:52Z,emailservice,emailservice,0,0,0,0,0,0,0
2026-10-04T14:07:52Z,emailservice,frontend,0,0,0,0,0,0,0
2026-10-04T14:07:52Z,emailservice,kubernetes,0,0,0,0,0,0,0
2026-10-04T14:07:52Z,emailservice,paymentservice,0,0,0,0,0,0,0
2026-10-04T14:07:52Z,emailservice,productcatalogservice,0,0,0,0,0,0,0
2026-10-04T14:07:52Z,emailservice,recommendationservice,0,0,0,0,0,0,0
2026-10-04T14:07:52Z,emailservice,redis-cart,0,0,0,0,0,0,0
2026-10-04T14:07:52Z,emailservice,shippingservice,0,0,0,0,0,0,0
2026-10-04T14:07:52Z,frontend,adservice,832580,832578,0,0,0,2511038,832036
2026-10-04T14:07:52Z,frontend,cartservice,1842521,1842507,0,0,4,10252789,1840985
2026-10-04T14:07:52Z,frontend,checkoutservice,393669,183706,0,40061,169943,61981381,183493
2026-10-04T14:07:52Z,frontend,currencyservice,2929480,2929472,0,0,0,15541998,2927044
2026-10-04T14:07:52Z,frontend,emailservice,0,0,0,0,0,0,0
2026-10-04T14:07:52Z,frontend,frontend,0,0,0,0,0,0,0
2026-10-04T14:07:52Z,frontend,kubernetes,0,0,0,0,0,0,0
2026-10-04T14:07:52Z,frontend,paymentservice,0,0,0,0,0,0,0
2026-10-04T14:07:52Z,frontend,productcatalogservice,8244180,8244111,0,0,0,56404599,8238111
2026-10-04T14:07:52Z,frontend,recommendationservice,2654505,1627958,0,107212,916783,797988411,1626657
2026-10-04T14:07:52Z,frontend,redis-cart,0,0,0,0,0,0,0
2026-10-04T14:07:52Z,frontend,shippingservice,305294,305292,0,0,0,928363,305081
2026-10-04T14:07:52Z,paymentservice,adservice,0,0,0,0,0,0,0
2026-10-04T14:07:52Z,paymentservice,cartservice,0,0,0,0,0,0,0
2026-10-04T14:07:52Z,paymentservice,checkoutservice,0,0,0,0,0,0,0
2026-10-04T14:07:52Z,paymentservice,currencyservice,0,0,0,0,0,0,0
2026-10-04T14:07:52Z,paymentservice,emailservice,0,0,0,0,0,0,0
2026-10-04T14:07:52Z,paymentservice,frontend,0,0,0,0,0,0,0
2026-10-04T14:07:52Z,paymentservice,kubernetes,0,0,0,0,0,0,0
2026-10-04T14:07:52Z,paymentservice,paymentservice,0,0,0,0,0,0,0
2026-10-04T14:07:52Z,paymentservice,productcatalogservice,0,0,0,0,0,0,0
2026-10-04T14:07:52Z,paymentservice,recommendationservice,0,0,0,0,0,0,0
2026-10-04T14:07:52Z,paymentservice,redis-cart,0,0,0,0,0,0,0
2026-10-04T14:07:52Z,paymentservice,shippingservice,0,0,0,0,0,0,0
2026-10-04T14:07:52Z,productcatalogservice,adservice,0,0,0,0,0,0,0
2026-10-04T14:07:52Z,productcatalogservice,cartservice,0,0,0,0,0,0,0
2026-10-04T14:07:52Z,productcatalogservice,checkoutservice,0,0,0,0,0,0,0
2026-10-04T14:07:52Z,productcatalogservice,currencyservice,0,0,0,0,0,0,0
2026-10-04T14:07:52Z,productcatalogservice,emailservice,0,0,0,0,0,0,0
2026-10-04T14:07:52Z,productcatalogservice,frontend,0,0,0,0,0,0,0
2026-10-04T14:07:52Z,productcatalogservice,kubernetes,0,0,0,0,0,0,0
2026-10-04T14:07:52Z,productcatalogservice,paymentservice,0,0,0,0,0,0,0
2026-10-04T14:07:52Z,productcatalogservice,productcatalogservice,0,0,0,0,0,0,0
2026-10-04T14:07:52Z,productcatalogservice,recommendationservice,0,0,0,0,0,0,0
2026-10-04T14:07:52Z,productcatalogservice,redis-cart,0,0,0,0,0,0,0
2026-10-04T14:07:52Z,productcatalogservice,shippingservice,0,0,0,0,0,0,0
2026-10-04T14:07:52Z,recommendationservice,adservice,0,0,0,0,0,0,0
2026-10-04T14:07:52Z,recommendationservice,cartservice,0,0,0,0,0,0,0
2026-10-04T14:07:52Z,recommendationservice,checkoutservice,0,0,0,0,0,0,0
2026-10-04T14:07:52Z,recommendationservice,currencyservice,0,0,0,0,0,0,0
2026-10-04T14:07:52Z,recommendationservice,emailservice,0,0,0,0,0,0,0
2026-10-04T14:07:52Z,recommendationservice,frontend,0,0,0,0,0,0,0
2026-10-04T14:07:52Z,recommendationservice,kubernetes,0,0,0,0,0,0,0
2026-10-04T14:07:52Z,recommendationservice,paymentservice,0,0,0,0,0,0,0
2026-10-04T14:07:52Z,recommendationservice,productcatalogservice,108695,108694,0,0,0,817444,107713
2026-10-04T14:07:52Z,recommendationservice,recommendationservice,0,0,0,0,0,0,0
2026-10-04T14:07:52Z,recommendationservice,redis-cart,0,0,0,0,0,0,0
2026-10-04T14:07:52Z,recommendationservice,shippingservice,0,0,0,0,0,0,0
2026-10-04T14:07:52Z,redis-cart,adservice,0,0,0,0,0,0,0
2026-10-04T14:07:52Z,redis-cart,cartservice,0,0,0,0,0,0,0
2026-10-04T14:07:52Z,redis-cart,checkoutservice,0,0,0,0,0,0,0
2026-10-04T14:07:52Z,redis-cart,currencyservice,0,0,0,0,0,0,0
2026-10-04T14:07:52Z,redis-cart,emailservice,0,0,0,0,0,0,0
2026-10-04T14:07:52Z,redis-cart,frontend,0,0,0,0,0,0,0
2026-10-04T14:07:52Z,redis-cart,kubernetes,0,0,0,0,0,0,0
2026-10-04T14:07:52Z,redis-cart,paymentservice,0,0,0,0,0,0,0
2026-10-04T14:07:52Z,redis-cart,productcatalogservice,0,0,0,0,0,0,0
2026-10-04T14:07:52Z,redis-cart,recommendationservice,0,0,0,0,0,0,0
2026-10-04T14:07:52Z,redis-cart,redis-cart,0,0,0,0,0,0,0
2026-10-04T14:07:52Z,redis-cart,shippingservice,0,0,0,0,0,0,0
2026-10-04T14:07:52Z,shippingservice,adservice,0,0,0,0,0,0,0
2026-10-04T14:07:52Z,shippingservice,cartservice,0,0,0,0,0,0,0
2026-10-04T14:07:52Z,shippingservice,checkoutservice,0,0,0,0,0,0,0
2026-10-04T14:07:52Z,shippingservice,currencyservice,0,0,0,0,0,0,0
2026-10-04T14:07:52Z,shippingservice,emailservice,0,0,0,0,0,0,0
2026-10-04T14:07:52Z,shippingservice,frontend,0,0,0,0,0,0,0
2026-10-04T14:07:52Z,shippingservice,kubernetes,0,0,0,0,0,0,0
2026-10-04T14:07:52Z,shippingservice,paymentservice,0,0,0,0,0,0,0
2026-10-04T14:07:52Z,shippingservice,productcatalogservice,0,0,0,0,0,0,0
2026-10-04T14:07:52Z,shippingservice,recommendationservice,0,0,0,0,0,0,0
2026-10-04T14:07:52Z,shippingservice,redis-cart,0,0,0,0,0,0,0
2026-10-04T14:07:52Z,shippingservice,shippingservice,0,0,0,0,0,0,0
2026-10-04T14:07:53Z,adservice,adservice,0,0,0,0,0,0,0
2026-10-04T14:07:53Z,adservice,cartservice,0,0,0,0,0,0,0
2026-10-04T14:07:53Z,adservice,checkoutservice,0,0,0,0,0,0,0
2026-10-04T14:07:53Z,adservice,currencyservice,0,0,0,0,0,0,0
2026-10-04T14:07:53Z,adservice,emailservice,0,0,0,0,0,0,0
2026-10-04T14:07:53Z,adservice,frontend,0,0,0,0,0,0,0
2026-10-04T14:07:53Z,adservice,kubernetes,0,0,0,0,0,0,0
2026-10-04T14:07:53Z,adservice,paymentservice,0,0,0,0,0,0,0
2026-10-04T14:07:53Z,adservice,productcatalogservice,0,0,0,0,0,0,0
2026-10-04T14:07:53Z,adservice,recommendationservice,0,0,0,0,0,0,0
2026-10-04T14:07:53Z,adservice,redis-cart,0,0,0,0,0,0,0
2026-10-04T14:07:53Z,adservice,shippingservice,0,0,0,0,0,0,0
2026-10-04T14:07:53Z,cartservice,adservice,0,0,0,0,0,0,0
2026-10-04T14:07:53Z,cartservice,cartservice,0,0,0,0,0,0,0
2026-10-04T14:07:53Z,cartservice,checkoutservice,0,0,0,0,0,0,0
2026-10-04T14:07:53Z,cartservice,currencyservice,0,0,0,0,0,0,0
2026-10-04T14:07:53Z,cartservice,emailservice,0,0,0,0,0,0,0
2026-10-04T14:07:53Z,cartservice,frontend,0,0,0,0,0,0,0
2026-10-04T14:07:53Z,cartservice,kubernetes,0,0,0,0,0,0,0
2026-10-04T14:07:53Z,cartservice,paymentservice,0,0,0,0,0,0,0
2026-10-04T14:07:53Z,cartservice,productcatalogservice,0,0,0,0,0,0,0
2026-10-04T14:07:53Z,cartservice,recommendationservice,0,0,0,0,0,0,0
2026-10-04T14:07:53Z,cartservice,redis-cart,2,0,0,0,0,0,0
2026-10-04T14:07:53Z,cartservice,shippingservice,0,0,0,0,0,0,0
2026-10-04T14:07:53Z,checkoutservice,adservice,0,0,0,0,0,0,0
2026-10-04T14:07:53Z,checkoutservice,cartservice,46670,45739,0,100,0,634845,45587
2026-10-04T14:07:53Z,checkoutservice,checkoutservice,0,0,0,0,0,0,0
2026-10-04T14:07:53Z,checkoutservice,currencyservice,34733,34733,0,0,0,537577,34656
2026-10-04T14:07:53Z,checkoutservice,emailservice,5971,5685,0,66,0,231731,5604
2026-10-04T14:07:53Z,checkoutservice,frontend,0,0,0,0,0,0,0
2026-10-04T14:07:53Z,checkoutservice,kubernetes,0,0,0,0,0,0,0
2026-10-04T14:07:53Z,checkoutservice,paymentservice,27999,26151,0,192,0,409775,25924
2026-10-04T14:07:53Z,checkoutservice,productcatalogservice,0,0,0,0,0,0,0
2026-10-04T14:07:53Z,checkoutservice,recommendationservice,0,0,0,0,0,0,0
2026-10-04T14:07:53Z,checkoutservice,redis-cart,0,0,0,0,0,0,0
2026-10-04T14:07:53Z,checkoutservice,shippingservice,51982,49879,0,154,0,481734,49724
2026-10-04T14:07:53Z,currencyservice,adservice,0,0,0,0,0,0,0
2026-10-04T14:07:53Z,currencyservice,cartservice,0,0,0,0,0,0,0
2026-10-04T14:07:53Z,currencyservice,checkoutservice,0,0,0,0,0,0,0
2026-10-04T14:07:53Z,currencyservice,currencyservice,0,0,0,0,0,0,0
2026-10-04T14:07:53Z,currencyservice,emailservice,0,0,0,0,0,0,0
2026-10-04T14:07:53Z,currencyservice,frontend,0,0,0,0,0,0,0
2026-10-04T14:07:53Z,currencyservice,kubernetes,0,0,0,0,0,0,0
2026-10-04T14:07:53Z,currencyservice,paymentservice,0,0,0,0,0,0,0
2026-10-04T14:07:53Z,currencyservice,productcatalogservice,0,0,0,0,0,0,0
2026-10-04T14:07:53Z,currencyservice,recommendationservice,0,0,0,0,0,0,0
2026-10-04T14:07:53Z,currencyservice,redis-cart,0,0,0,0,0,0,0
2026-10-04T14:07:53Z,currencyservice,shippingservice,0,0,0,0,0,0,0
2026-10-04T14:07:53Z,emailservice,adservice,0,0,0,0,0,0,0
2026-10-04T14:07:53Z,emailservice,cartservice,0,0,0,0,0,0,0
2026-10-04T14:07:53Z,emailservice,checkoutservice,0,0,0,0,0,0,0
2026-10-04T14:07:53Z,emailservice,currencyservice,0,0,0,0,0,0,0
2026-10-04T14:07:53Z,emailservice,emailservice,0,0,0,0,0,0,0
2026-10-04T14:07:53Z,emailservice,frontend,0,0,0,0,0,0,0
2026-10-04T14:07:53Z,emailservice,kubernetes,0,0,0,0,0,0,0
2026-10-04T14:07:53Z,emailservice,paymentservice,0,0,0,0,0,0,0
2026-10-04T14:07:53Z,emailservice,productcatalogservice,0,0,0,0,0,0,0
2026-10-04T14:07:53Z,emailservice,recommendationservice,0,0,0,0,0,0,0
2026-10-04T14:07:53Z,emailservice,redis-cart,0,0,0,0,0,0,0
2026-10-04T14:07:53Z,emailservice,shippingservice,0,0,0,0,0,0,0
2026-10-04T14:07:53Z,frontend,adservice,832736,832734,0,0,0,2511382,832189
2026-10-04T14:07:53Z,frontend,cartservice,1842910,1842896,0,0,4,10254768,1841455
2026-10-04T14:07:53Z,frontend,checkoutservice,393729,183757,0,40061,169943,61988834,183557
2026-10-04T14:07:53Z,frontend,currencyservice,2930096,2930085,0,0,0,15544709,2927765
2026-10-04T14:07:53Z,frontend,emailservice,0,0,0,0,0,0,0
2026-10-04T14:07:53Z,frontend,frontend,0,0,0,0,0,0,0
2026-10-04T14:07:53Z,frontend,kubernetes,0,0,0,0,0,0,0
2026-10-04T14:07:53Z,frontend,paymentservice,0,0,0,0,0,0,0
2026-10-04T14:07:53Z,frontend,productcatalogservice,8245813,8245730,0,0,0,56415417,8239846
2026-10-04T14:07:53Z,frontend,recommendationservice,2655233,1628330,0,107257,917121,798319571,1627074
2026-10-04T14:07:53Z,frontend,redis-cart,0,0,0,0,0,0,0
2026-10-04T14:07:53Z,frontend,shippingservice,305340,305338,0,0,0,928473,305141
2026-10-04T14:07:53Z,paymentservice,adservice,0,0,0,0,0,0,0
2026-10-04T14:07:53Z,paymentservice,cartservice,0,0,0,0,0,0,0
2026-10-04T14:07:53Z,paymentservice,checkoutservice,0,0,0,0,0,0,0
2026-10-04T14:07:53Z,paymentservice,currencyservice,0,0,0,0,0,0,0
2026-10-04T14:07:53Z,paymentservice,emailservice,0,0,0,0,0,0,0
2026-10-04T14:07:53Z,paymentservice,frontend,0,0,0,0,0,0,0
2026-10-04T14:07:53Z,paymentservice,kubernetes,0,0,0,0,0,0,0
2026-10-04T14:07:53Z,paymentservice,paymentservice,0,0,0,0,0,0,0
2026-10-04T14:07:53Z,paymentservice,productcatalogservice,0,0,0,0,0,0,0
2026-10-04T14:07:53Z,paymentservice,recommendationservice,0,0,0,0,0,0,0
2026-10-04T14:07:53Z,paymentservice,redis-cart,0,0,0,0,0,0,0
2026-10-04T14:07:53Z,paymentservice,shippingservice,0,0,0,0,0,0,0
2026-10-04T14:07:53Z,productcatalogservice,adservice,0,0,0,0,0,0,0
2026-10-04T14:07:53Z,productcatalogservice,cartservice,0,0,0,0,0,0,0
2026-10-04T14:07:53Z,productcatalogservice,checkoutservice,0,0,0,0,0,0,0
2026-10-04T14:07:53Z,productcatalogservice,currencyservice,0,0,0,0,0,0,0
2026-10-04T14:07:53Z,productcatalogservice,emailservice,0,0,0,0,0,0,0
2026-10-04T14:07:53Z,productcatalogservice,frontend,0,0,0,0,0,0,0
2026-10-04T14:07:53Z,productcatalogservice,kubernetes,0,0,0,0,0,0,0
2026-10-04T14:07:53Z,productcatalogservice,paymentservice,0,0,0,0,0,0,0
2026-10-04T14:07:53Z,productcatalogservice,productcatalogservice,0,0,0,0,0,0,0
2026-10-04T14:07:53Z,productcatalogservice,recommendationservice,0,0,0,0,0,0,0
2026-10-04T14:07:53Z,productcatalogservice,redis-cart,0,0,0,0,0,0,0
2026-10-04T14:07:53Z,productcatalogservice,shippingservice,0,0,0,0,0,0,0
2026-10-04T14:07:53Z,recommendationservice,adservice,0,0,0,0,0,0,0
2026-10-04T14:07:53Z,recommendationservice,cartservice,0,0,0,0,0,0,0
2026-10-04T14:07:53Z,recommendationservice,checkoutservice,0,0,0,0,0,0,0
2026-10-04T14:07:53Z,recommendationservice,currencyservice,0,0,0,0,0,0,0
2026-10-04T14:07:53Z,recommendationservice,emailservice,0,0,0,0,0,0,0
2026-10-04T14:07:53Z,recommendationservice,frontend,0,0,0,0,0,0,0
2026-10-04T14:07:53Z,recommendationservice,kubernetes,0,0,0,0,0,0,0
2026-10-04T14:07:53Z,recommendationservice,paymentservice,0,0,0,0,0,0,0
2026-10-04T14:07:53Z,recommendationservice,productcatalogservice,109149,109149,0,0,0,817444,107713
2026-10-04T14:07:53Z,recommendationservice,recommendationservice,0,0,0,0,0,0,0
2026-10-04T14:07:53Z,recommendationservice,redis-cart,0,0,0,0,0,0,0
2026-10-04T14:07:53Z,recommendationservice,shippingservice,0,0,0,0,0,0,0
2026-10-04T14:07:53Z,redis-cart,adservice,0,0,0,0,0,0,0
2026-10-04T14:07:53Z,redis-cart,cartservice,0,0,0,0,0,0,0
2026-10-04T14:07:53Z,redis-cart,checkoutservice,0,0,0,0,0,0,0
2026-10-04T14:07:53Z,redis-cart,currencyservice,0,0,0,0,0,0,0
2026-10-04T14:07:53Z,redis-cart,emailservice,0,0,0,0,0,0,0
2026-10-04T14:07:53Z,redis-cart,frontend,0,0,0,0,0,0,0
2026-10-04T14:07:53Z,redis-cart,kubernetes,0,0,0,0,0,0,0
2026-10-04T14:07:53Z,redis-cart,paymentservice,0,0,0,0,0,0,0
2026-10-04T14:07:53Z,redis-cart,productcatalogservice,0,0,0,0,0,0,0
2026-10-04T14:07:53Z,redis-cart,recommendationservice,0,0,0,0,0,0,0
2026-10-04T14:07:53Z,redis-cart,redis-cart,0,0,0,0,0,0,0
2026-10-04T14:07:53Z,redis-cart,shippingservice,0,0,0,0,0,0,0
2026-10-04T14:07:53Z,shippingservice,adservice,0,0,0,0,0,0,0
2026-10-04T14:07:53Z,shippingservice,cartservice,0,0,0,0,0,0,0
2026-10-04T14:07:53Z,shippingservice,checkoutservice,0,0,0,0,0,0,0
2026-10-04T14:07:53Z,shippingservice,currencyservice,0,0,0,0,0,0,0
2026-10-04T14:07:53Z,shippingservice,emailservice,0,0,0,0,0,0,0
2026-10-04T14:07:53Z,shippingservice,frontend,0,0,0,0,0,0,0
2026-10-04T14:07:53Z,shippingservice,kubernetes,0,0,0,0,0,0,0
2026-10-04T14:07:53Z,shippingservice,paymentservice,0,0,0,0,0,0,0
2026-10-04T14:07:53Z,shippingservice,productcatalogservice,0,0,0,0,0,0,0
2026-10-04T14:07:53Z,shippingservice,recommendationservice,0,0,0,0,0,0,0
2026-10-04T14:07:53Z,shippingservice,redis-cart,0,0,0,0,0,0,0
2026-10-04T14:07:53Z,shippingservice,shippingservice,0,0,0,0,0,0,0
2026-10-04T14:07:54Z,adservice,adservice,0,0,0,0,0,0,0
2026-10-04T14:07:54Z,adservice,cartservice,0,0,0,0,0,0,0
2026-10-04T14:07:54Z,adservice,checkoutservice,0,0,0,0,0,0,0
2026-10-04T14:07:54Z,adservice,currencyservice,0,0,0,0,0,0,0
2026-10-04T14:07:54Z,adservice,emailservice,0,0,0,0,0,0,0
2026-10-04T14:07:54Z,adservice,frontend,0,0,0,0,0,0,0
2026-10-04T14:07:54Z,adservice,kubernetes,0,0,0,0,0,0,0
2026-10-04T14:07:54Z,adservice,paymentservice,0,0,0,0,0,0,0
2026-10-04T14:07:54Z,adservice,productcatalogservice,0,0,0,0,0,0,0
2026-10-04T14:07:54Z,adservice,recommendationservice,0,0,0,0,0,0,0
2026-10-04T14:07:54Z,adservice,redis-cart,0,0,0,0,0,0,0
2026-10-04T14:07:54Z,adservice,shippingservice,0,0,0,0,0,0,0
2026-10-04T14:07:54Z,cartservice,adservice,0,0,0,0,0,0,0
2026-10-04T14:07:54Z,cartservice,cartservice,0,0,0,0,0,0,0
2026-10-04T14:07:54Z,cartservice,checkoutservice,0,0,0,0,0,0,0
2026-10-04T14:07:54Z,cartservice,currencyservice,0,0,0,0,0,0,0
2026-10-04T14:07:54Z,cartservice,emailservice,0,0,0,0,0,0,0
2026-10-04T14:07:54Z,cartservice,frontend,0,0,0,0,0,0,0
2026-10-04T14:07:54Z,cartservice,kubernetes,0,0,0,0,0,0,0
2026-10-04T14:07:54Z,cartservice,paymentservice,0,0,0,0,0,0,0
2026-10-04T14:07:54Z,cartservice,productcatalogservice,0,0,0,0,0,0,0
2026-10-04T14:07:54Z,cartservice,recommendationservice,0,0,0,0,0,0,0
2026-10-04T14:07:54Z,cartservice,redis-cart,2,0,0,0,0,0,0
2026-10-04T14:07:54Z,cartservice,shippingservice,0,0,0,0,0,0,0
2026-10-04T14:07:54Z,checkoutservice,adservice,0,0,0,0,0,0,0
2026-10-04T14:07:54Z,checkoutservice,cartservice,46787,45856,0,100,0,634845,45587
2026-10-04T14:07:54Z,checkoutservice,checkoutservice,0,0,0,0,0,0,0
2026-10-04T14:07:54Z,checkoutservice,currencyservice,34793,34793,0,0,0,537577,34656
2026-10-04T14:07:54Z,checkoutservice,emailservice,6025,5739,0,66,0,231731,5604
2026-10-04T14:07:54Z,checkoutservice,frontend,0,0,0,0,0,0,0
2026-10-04T14:07:54Z,checkoutservice,kubernetes,0,0,0,0,0,0,0
2026-10-04T14:07:54Z,checkoutservice,paymentservice,28059,26211,0,192,0,409775,25924
2026-10-04T14:07:54Z,checkoutservice,productcatalogservice,0,0,0,0,0,0,0
2026-10-04T14:07:54Z,checkoutservice,recommendationservice,0,0,0,0,0,0,0
2026-10-04T14:07:54Z,checkoutservice,redis-cart,0,0,0,0,0,0,0
2026-10-04T14:07:54Z,checkoutservice,shippingservice,52100,49994,0,154,0,481734,49724
2026-10-04T14:07:54Z,currencyservice,adservice,0,0,0,0,0,0,0
2026-10-04T14:07:54Z,currencyservice,cartservice,0,0,0,0,0,0,0
2026-10-04T14:07:54Z,currencyservice,checkoutservice,0,0,0,0,0,0,0
2026-10-04T14:07:54Z,currencyservice,currencyservice,0,0,0,0,0,0,0
2026-10-04T14:07:54Z,currencyservice,emailservice,0,0,0,0,0,0,0
2026-10-04T14:07:54Z,currencyservice,frontend,0,0,0,0,0,0,0
2026-10-04T14:07:54Z,currencyservice,kubernetes,0,0,0,0,0,0,0
2026-10-04T14:07:54Z,currencyservice,paymentservice,0,0,0,0,0,0,0
2026-10-04T14:07:54Z,currencyservice,productcatalogservice,0,0,0,0,0,0,0
2026-10-04T14:07:54Z,currencyservice,recommendationservice,0,0,0,0,0,0,0
2026-10-04T14:07:54Z,currencyservice,redis-cart,0,0,0,0,0,0,0
2026-10-04T14:07:54Z,currencyservice,shippingservice,0,0,0,0,0,0,0
2026-10-04T14:07:54Z,emailservice,adservice,0,0,0,0,0,0,0
2026-10-04T14:07:54Z,emailservice,cartservice,0,0,0,0,0,0,0
2026-10-04T14:07:54Z,emailservice,checkoutservice,0,0,0,0,0,0,0
2026-10-04T14:07:54Z,emailservice,currencyservice,0,0,0,0,0,0,0
2026-10-04T14:07:54Z,emailservice,emailservice,0,0,0,0,0,0,0
2026-10-04T14:07:54Z,emailservice,frontend,0,0,0,0,0,0,0
2026-10-04T14:07:54Z,emailservice,kubernetes,0,0,0,0,0,0,0
2026-10-04T14:07:54Z,emailservice,paymentservice,0,0,0,0,0,0,0
2026-10-04T14:07:54Z,emailservice,productcatalogservice,0,0,0,0,0,0,0
2026-10-04T14:07:54Z,emailservice,recommendationservice,0,0,0,0,0,0,0
2026-10-04T14:07:54Z,emailservice,redis-cart,0,0,0,0,0,0,0
2026-10-04T14:07:54Z,emailservice,shippingservice,0,0,0,0,0,0,0
2026-10-04T14:07:54Z,frontend,adservice,832906,832904,0,0,0,2512986,832764
2026-10-04T14:07:54Z,frontend,cartservice,1843310,1843297,0,0,4,10261356,1842957
2026-10-04T14:07:54Z,frontend,checkoutservice,393787,183816,0,40061,169943,62009583,183766
2026-10-04T14:07:54Z,frontend,currencyservice,2930736,2930725,0,0,0,15553524,2930174
2026-10-04T14:07:54Z,frontend,emailservice,0,0,0,0,0,0,0
2026-10-04T14:07:54Z,frontend,frontend,0,0,0,0,0,0,0
2026-10-04T14:07:54Z,frontend,kubernetes,0,0,0,0,0,0,0
2026-10-04T14:07:54Z,frontend,paymentservice,0,0,0,0,0,0,0
2026-10-04T14:07:54Z,frontend,productcatalogservice,8247473,8247403,0,0,0,56451764,8245985
2026-10-04T14:07:54Z,frontend,recommendationservice,2655982,1628676,0,107298,917472,799349696,1628362
2026-10-04T14:07:54Z,frontend,redis-cart,0,0,0,0,0,0,0
2026-10-04T14:07:54Z,frontend,shippingservice,305387,305385,0,0,0,928940,305340
2026-10-04T14:07:54Z,paymentservice,adservice,0,0,0,0,0,0,0
2026-10-04T14:07:54Z,paymentservice,cartservice,0,0,0,0,0,0,0
2026-10-04T14:07:54Z,paymentservice,checkoutservice,0,0,0,0,0,0,0
2026-10-04T14:07:54Z,paymentservice,currencyservice,0,0,0,0,0,0,0
2026-10-04T14:07:54Z,paymentservice,emailservice,0,0,0,0,0,0,0
2026-10-04T14:07:54Z,paymentservice,frontend,0,0,0,0,0,0,0
2026-10-04T14:07:54Z,paymentservice,kubernetes,0,0,0,0,0,0,0
2026-10-04T14:07:54Z,paymentservice,paymentservice,0,0,0,0,0,0,0
2026-10-04T14:07:54Z,paymentservice,productcatalogservice,0,0,0,0,0,0,0
2026-10-04T14:07:54Z,paymentservice,recommendationservice,0,0,0,0,0,0,0
2026-10-04T14:07:54Z,paymentservice,redis-cart,0,0,0,0,0,0,0
2026-10-04T14:07:54Z,paymentservice,shippingservice,0,0,0,0,0,0,0
2026-10-04T14:07:54Z,productcatalogservice,adservice,0,0,0,0,0,0,0
2026-10-04T14:07:54Z,productcatalogservice,cartservice,0,0,0,0,0,0,0
2026-10-04T14:07:54Z,productcatalogservice,checkoutservice,0,0,0,0,0,0,0
2026-10-04T14:07:54Z,productcatalogservice,currencyservice,0,0,0,0,0,0,0
2026-10-04T14:07:54Z,productcatalogservice,emailservice,0,0,0,0,0,0,0
2026-10-04T14:07:54Z,productcatalogservice,frontend,0,0,0,0,0,0,0
2026-10-04T14:07:54Z,productcatalogservice,kubernetes,0,0,0,0,0,0,0
2026-10-04T14:07:54Z,productcatalogservice,paymentservice,0,0,0,0,0,0,0
2026-10-04T14:07:54Z,productcatalogservice,productcatalogservice,0,0,0,0,0,0,0
2026-10-04T14:07:54Z,productcatalogservice,recommendationservice,0,0,0,0,0,0,0
2026-10-04T14:07:54Z,productcatalogservice,redis-cart,0,0,0,0,0,0,0
2026-10-04T14:07:54Z,productcatalogservice,shippingservice,0,0,0,0,0,0,0
2026-10-04T14:07:54Z,recommendationservice,adservice,0,0,0,0,0,0,0
2026-10-04T14:07:54Z,recommendationservice,cartservice,0,0,0,0,0,0,0
2026-10-04T14:07:54Z,recommendationservice,checkoutservice,0,0,0,0,0,0,0
2026-10-04T14:07:54Z,recommendationservice,currencyservice,0,0,0,0,0,0,0
2026-10-04T14:07:54Z,recommendationservice,emailservice,0,0,0,0,0,0,0
2026-10-04T14:07:54Z,recommendationservice,frontend,0,0,0,0,0,0,0
2026-10-04T14:07:54Z,recommendationservice,kubernetes,0,0,0,0,0,0,0
2026-10-04T14:07:54Z,recommendationservice,paymentservice,0,0,0,0,0,0,0
2026-10-04T14:07:54Z,recommendationservice,productcatalogservice,109599,109599,0,0,0,817444,107713
2026-10-04T14:07:54Z,recommendationservice,recommendationservice,0,0,0,0,0,0,0
2026-10-04T14:07:54Z,recommendationservice,redis-cart,0,0,0,0,0,0,0
2026-10-04T14:07:54Z,recommendationservice,shippingservice,0,0,0,0,0,0,0
2026-10-04T14:07:54Z,redis-cart,adservice,0,0,0,0,0,0,0
2026-10-04T14:07:54Z,redis-cart,cartservice,0,0,0,0,0,0,0
2026-10-04T14:07:54Z,redis-cart,checkoutservice,0,0,0,0,0,0,0
2026-10-04T14:07:54Z,redis-cart,currencyservice,0,0,0,0,0,0,0
2026-10-04T14:07:54Z,redis-cart,emailservice,0,0,0,0,0,0,0
2026-10-04T14:07:54Z,redis-cart,frontend,0,0,0,0,0,0,0
2026-10-04T14:07:54Z,redis-cart,kubernetes,0,0,0,0,0,0,0
2026-10-04T14:07:54Z,redis-cart,paymentservice,0,0,0,0,0,0,0
2026-10-04T14:07:54Z,redis-cart,productcatalogservice,0,0,0,0,0,0,0
2026-10-04T14:07:54Z,redis-cart,recommendationservice,0,0,0,0,0,0,0
2026-10-04T14:07:54Z,redis-cart,redis-cart,0,0,0,0,0,0,0
2026-10-04T14:07:54Z,redis-cart,shippingservice,0,0,0,0,0,0,0
2026-10-04T14:07:54Z,shippingservice,adservice,0,0,0,0,0,0,0
2026-10-04T14:07:54Z,shippingservice,cartservice,0,0,0,0,0,0,0
2026-10-04T14:07:54Z,shippingservice,checkoutservice,0,0,0,0,0,0,0
2026-10-04T14:07:54Z,shippingservice,currencyservice,0,0,0,0,0,0,0
2026-10-04T14:07:54Z,shippingservice,emailservice,0,0,0,0,0,0,0
2026-10-04T14:07:54Z,shippingservice,frontend,0,0,0,0,0,0,0
2026-10-04T14:07:54Z,shippingservice,kubernetes,0,0,0,0,0,0,0
2026-10-04T14:07:54Z,shippingservice,paymentservice,0,0,0,0,0,0,0
2026-10-04T14:07:54Z,shippingservice,productcatalogservice,0,0,0,0,0,0,0
2026-10-04T14:07:54Z,shippingservice,recommendationservice,0,0,0,0,0,0,0
2026-10-04T14:07:54Z,shippingservice,redis-cart,0,0,0,0,0,0,0
2026-10-04T14:07:54Z,shippingservice,shippingservice,0,0,0,0,0,0,0
2026-10-04T14:07:55Z,adservice,adservice,0,0,0,0,0,0,0
2026-10-04T14:07:55Z,adservice,cartservice,0,0,0,0,0,0,0
2026-10-04T14:07:55Z,adservice,checkoutservice,0,0,0,0,0,0,0
2026-10-04T14:07:55Z,adservice,currencyservice,0,0,0,0,0,0,0
2026-10-04T14:07:55Z,adservice,emailservice,0,0,0,0,0,0,0
2026-10-04T14:07:55Z,adservice,frontend,0,0,0,0,0,0,0
2026-10-04T14:07:55Z,adservice,kubernetes,0,0,0,0,0,0,0
2026-10-04T14:07:55Z,adservice,paymentservice,0,0,0,0,0,0,0
2026-10-04T14:07:55Z,adservice,productcatalogservice,0,0,0,0,0,0,0
2026-10-04T14:07:55Z,adservice,recommendationservice,0,0,0,0,0,0,0
2026-10-04T14:07:55Z,adservice,redis-cart,0,0,0,0,0,0,0
2026-10-04T14:07:55Z,adservice,shippingservice,0,0,0,0,0,0,0
2026-10-04T14:07:55Z,cartservice,adservice,0,0,0,0,0,0,0
2026-10-04T14:07:55Z,cartservice,cartservice,0,0,0,0,0,0,0
2026-10-04T14:07:55Z,cartservice,checkoutservice,0,0,0,0,0,0,0
2026-10-04T14:07:55Z,cartservice,currencyservice,0,0,0,0,0,0,0
2026-10-04T14:07:55Z,cartservice,emailservice,0,0,0,0,0,0,0
2026-10-04T14:07:55Z,cartservice,frontend,0,0,0,0,0,0,0
2026-10-04T14:07:55Z,cartservice,kubernetes,0,0,0,0,0,0,0
2026-10-04T14:07:55Z,cartservice,paymentservice,0,0,0,0,0,0,0
2026-10-04T14:07:55Z,cartservice,productcatalogservice,0,0,0,0,0,0,0
2026-10-04T14:07:55Z,cartservice,recommendationservice,0,0,0,0,0,0,0
2026-10-04T14:07:55Z,cartservice,redis-cart,2,0,0,0,0,0,0
2026-10-04T14:07:55Z,cartservice,shippingservice,0,0,0,0,0,0,0
2026-10-04T14:07:55Z,checkoutservice,adservice,0,0,0,0,0,0,0
2026-10-04T14:07:55Z,checkoutservice,cartservice,46893,45962,0,100,0,634845,45587
2026-10-04T14:07:55Z,checkoutservice,checkoutservice,0,0,0,0,0,0,0
2026-10-04T14:07:55Z,checkoutservice,currencyservice,34848,34847,0,0,0,537577,34656
2026-10-04T14:07:55Z,checkoutservice,emailservice,6077,5790,0,66,0,231731,5604
2026-10-04T14:07:55Z,checkoutservice,frontend,0,0,0,0,0,0,0
2026-10-04T14:07:55Z,checkoutservice,kubernetes,0,0,0,0,0,0,0
2026-10-04T14:07:55Z,checkoutservice,paymentservice,28111,26263,0,192,0,409775,25924
2026-10-04T14:07:55Z,checkoutservice,productcatalogservice,0,0,0,0,0,0,0
2026-10-04T14:07:55Z,checkoutservice,recommendationservice,0,0,0,0,0,0,0
2026-10-04T14:07:55Z,checkoutservice,redis-cart,0,0,0,0,0,0,0
2026-10-04T14:07:55Z,checkoutservice,shippingservice,52210,50107,0,154,0,481734,49724
2026-10-04T14:07:55Z,currencyservice,adservice,0,0,0,0,0,0,0
2026-10-04T14:07:55Z,currencyservice,cartservice,0,0,0,0,0,0,0
2026-10-04T14:07:55Z,currencyservice,checkoutservice,0,0,0,0,0,0,0
2026-10-04T14:07:55Z,currencyservice,currencyservice,0,0,0,0,0,0,0
2026-10-04T14:07:55Z,currencyservice,emailservice,0,0,0,0,0,0,0
2026-10-04T14:07:55Z,currencyservice,frontend,0,0,0,0,0,0,0
2026-10-04T14:07:55Z,currencyservice,kubernetes,0,0,0,0,0,0,0
2026-10-04T14:07:55Z,currencyservice,paymentservice,0,0,0,0,0,0,0
2026-10-04T14:07:55Z,currencyservice,productcatalogservice,0,0,0,0,0,0,0
2026-10-04T14:07:55Z,currencyservice,recommendationservice,0,0,0,0,0,0,0
2026-10-04T14:07:55Z,currencyservice,redis-cart,0,0,0,0,0,0,0
2026-10-04T14:07:55Z,currencyservice,shippingservice,0,0,0,0,0,0,0
2026-10-04T14:07:55Z,emailservice,adservice,0,0,0,0,0,0,0
2026-10-04T14:07:55Z,emailservice,cartservice,0,0,0,0,0,0,0
2026-10-04T14:07:55Z,emailservice,checkoutservice,0,0,0,0,0,0,0
2026-10-04T14:07:55Z,emailservice,currencyservice,0,0,0,0,0,0,0
2026-10-04T14:07:55Z,emailservice,emailservice,0,0,0,0,0,0,0
2026-10-04T14:07:55Z,emailservice,frontend,0,0,0,0,0,0,0
2026-10-04T14:07:55Z,emailservice,kubernetes,0,0,0,0,0,0,0
2026-10-04T14:07:55Z,emailservice,paymentservice,0,0,0,0,0,0,0
2026-10-04T14:07:55Z,emailservice,productcatalogservice,0,0,0,0,0,0,0
2026-10-04T14:07:55Z,emailservice,recommendationservice,0,0,0,0,0,0,0
2026-10-04T14:07:55Z,emailservice,redis-cart,0,0,0,0,0,0,0
2026-10-04T14:07:55Z,emailservice,shippingservice,0,0,0,0,0,0,0
2026-10-04T14:07:55Z,frontend,adservice,833032,833030,0,0,0,2512986,832764
2026-10-04T14:07:55Z,frontend,cartservice,1843726,1843708,0,0,4,10261356,1842957
2026-10-04T14:07:55Z,frontend,checkoutservice,393840,183864,0,40061,169943,62009583,183766
2026-10-04T14:07:55Z,frontend,currencyservice,2931377,2931366,0,0,0,15553524,2930174
2026-10-04T14:07:55Z,frontend,emailservice,0,0,0,0,0,0,0
2026-10-04T14:07:55Z,frontend,frontend,0,0,0,0,0,0,0
2026-10-04T14:07:55Z,frontend,kubernetes,0,0,0,0,0,0,0
2026-10-04T14:07:55Z,frontend,paymentservice,0,0,0,0,0,0,0
2026-10-04T14:07:55Z,frontend,productcatalogservice,8248963,8248887,0,0,0,56451764,8245985
2026-10-04T14:07:55Z,frontend,recommendationservice,2656783,1629027,0,107343,917861,799349696,1628362
2026-10-04T14:07:55Z,frontend,redis-cart,0,0,0,0,0,0,0
2026-10-04T14:07:55Z,frontend,shippingservice,305435,305433,0,0,0,928940,305340
2026-10-04T14:07:55Z,paymentservice,adservice,0,0,0,0,0,0,0
2026-10-04T14:07:55Z,paymentservice,cartservice,0,0,0,0,0,0,0
2026-10-04T14:07:55Z,paymentservice,checkoutservice,0,0,0,0,0,0,0
2026-10-04T14:07:55Z,paymentservice,currencyservice,0,0,0,0,0,0,0
2026-10-04T14:07:55Z,paymentservice,emailservice,0,0,0,0,0,0,0
2026-10-04T14:07:55Z,paymentservice,frontend,0,0,0,0,0,0,0
2026-10-04T14:07:55Z,paymentservice,kubernetes,0,0,0,0,0,0,0
2026-10-04T14:07:55Z,paymentservice,paymentservice,0,0,0,0,0,0,0
2026-10-04T14:07:55Z,paymentservice,productcatalogservice,0,0,0,0,0,0,0
2026-10-04T14:07:55Z,paymentservice,recommendationservice,0,0,0,0,0,0,0
2026-10-04T14:07:55Z,paymentservice,redis-cart,0,0,0,0,0,0,0
2026-10-04T14:07:55Z,paymentservice,shippingservice,0,0,0,0,0,0,0
2026-10-04T14:07:55Z,productcatalogservice,adservice,0,0,0,0,0,0,0
2026-10-04T14:07:55Z,productcatalogservice,cartservice,0,0,0,0,0,0,0
2026-10-04T14:07:55Z,productcatalogservice,checkoutservice,0,0,0,0,0,0,0
2026-10-04T14:07:55Z,productcatalogservice,currencyservice,0,0,0,0,0,0,0
2026-10-04T14:07:55Z,productcatalogservice,emailservice,0,0,0,0,0,0,0
2026-10-04T14:07:55Z,productcatalogservice,frontend,0,0,0,0,0,0,0
2026-10-04T14:07:55Z,productcatalogservice,kubernetes,0,0,0,0,0,0,0
2026-10-04T14:07:55Z,productcatalogservice,paymentservice,0,0,0,0,0,0,0
2026-10-04T14:07:55Z,productcatalogservice,productcatalogservice,0,0,0,0,0,0,0
2026-10-04T14:07:55Z,productcatalogservice,recommendationservice,0,0,0,0,0,0,0
2026-10-04T14:07:55Z,productcatalogservice,redis-cart,0,0,0,0,0,0,0
2026-10-04T14:07:55Z,productcatalogservice,shippingservice,0,0,0,0,0,0,0
2026-10-04T14:07:55Z,recommendationservice,adservice,0,0,0,0,0,0,0
2026-10-04T14:07:55Z,recommendationservice,cartservice,0,0,0,0,0,0,0
2026-10-04T14:07:55Z,recommendationservice,checkoutservice,0,0,0,0,0,0,0
2026-10-04T14:07:55Z,recommendationservice,currencyservice,0,0,0,0,0,0,0
2026-10-04T14:07:55Z,recommendationservice,emailservice,0,0,0,0,0,0,0
2026-10-04T14:07:55Z,recommendationservice,frontend,0,0,0,0,0,0,0
2026-10-04T14:07:55Z,recommendationservice,kubernetes,0,0,0,0,0,0,0
2026-10-04T14:07:55Z,recommendationservice,paymentservice,0,0,0,0,0,0,0
2026-10-04T14:07:55Z,recommendationservice,productcatalogservice,110048,110048,0,0,0,829612,109942
2026-10-04T14:07:55Z,recommendationservice,recommendationservice,0,0,0,0,0,0,0
2026-10-04T14:07:55Z,recommendationservice,redis-cart,0,0,0,0,0,0,0
2026-10-04T14:07:55Z,recommendationservice,shippingservice,0,0,0,0,0,0,0
2026-10-04T14:07:55Z,redis-cart,adservice,0,0,0,0,0,0,0
2026-10-04T14:07:55Z,redis-cart,cartservice,0,0,0,0,0,0,0
2026-10-04T14:07:55Z,redis-cart,checkoutservice,0,0,0,0,0,0,0
2026-10-04T14:07:55Z,redis-cart,currencyservice,0,0,0,0,0,0,0
2026-10-04T14:07:55Z,redis-cart,emailservice,0,0,0,0,0,0,0
2026-10-04T14:07:55Z,redis-cart,frontend,0,0,0,0,0,0,0
2026-10-04T14:07:55Z,redis-cart,kubernetes,0,0,0,0,0,0,0
2026-10-04T14:07:55Z,redis-cart,paymentservice,0,0,0,0,0,0,0
2026-10-04T14:07:55Z,redis-cart,productcatalogservice,0,0,0,0,0,0,0
2026-10-04T14:07:55Z,redis-cart,recommendationservice,0,0,0,0,0,0,0
2026-10-04T14:07:55Z,redis-cart,redis-cart,0,0,0,0,0,0,0
2026-10-04T14:07:55Z,redis-cart,shippingservice,0,0,0,0,0,0,0
2026-10-04T14:07:55Z,shippingservice,adservice,0,0,0,0,0,0,0
2026-10-04T14:07:55Z,shippingservice,cartservice,0,0,0,0,0,0,0
2026-10-04T14:07:55Z,shippingservice,checkoutservice,0,0,0,0,0,0,0
2026-10-04T14:07:55Z,shippingservice,currencyservice,0,0,0,0,0,0,0
2026-10-04T14:07:55Z,shippingservice,emailservice,0,0,0,0,0,0,0
2026-10-04T14:07:55Z,shippingservice,frontend,0,0,0,0,0,0,0
2026-10-04T14:07:55Z,shippingservice,kubernetes,0,0,0,0,0,0,0
2026-10-04T14:07:55Z,shippingservice,paymentservice,0,0,0,0,0,0,0
2026-10-04T14:07:55Z,shippingservice,productcatalogservice,0,0,0,0,0,0,0
2026-10-04T14:07:55Z,shippingservice,recommendationservice,0,0,0,0,0,0,0
2026-10-04T14:07:55Z,shippingservice,redis-cart,0,0,0,0,0,0,0
2026-10-04T14:07:55Z,shippingservice,shippingservice,0,0,0,0,0,0,0
2026-10-04T14:07:56Z,adservice,adservice,0,0,0,0,0,0,0
2026-10-04T14:07:56Z,adservice,cartservice,0,0,0,0,0,0,0
2026-10-04T14:07:56Z,adservice,checkoutservice,0,0,0,0,0,0,0
2026-10-04T14:07:56Z,adservice,currencyservice,0,0,0,0,0,0,0
2026-10-04T14:07:56Z,adservice,emailservice,0,0,0,0,0,0,0
2026-10-04T14:07:56Z,adservice,frontend,0,0,0,0,0,0,0
2026-10-04T14:07:56Z,adservice,kubernetes,0,0,0,0,0,0,0
2026-10-04T14:07:56Z,adservice,paymentservice,0,0,0,0,0,0,0
2026-10-04T14:07:56Z,adservice,productcatalogservice,0,0,0,0,0,0,0
2026-10-04T14:07:56Z,adservice,recommendationservice,0,0,0,0,0,0,0
2026-10-04T14:07:56Z,adservice,redis-cart,0,0,0,0,0,0,0
2026-10-04T14:07:56Z,adservice,shippingservice,0,0,0,0,0,0,0
2026-10-04T14:07:56Z,cartservice,adservice,0,0,0,0,0,0,0
2026-10-04T14:07:56Z,cartservice,cartservice,0,0,0,0,0,0,0
2026-10-04T14:07:56Z,cartservice,checkoutservice,0,0,0,0,0,0,0
2026-10-04T14:07:56Z,cartservice,currencyservice,0,0,0,0,0,0,0
2026-10-04T14:07:56Z,cartservice,emailservice,0,0,0,0,0,0,0
2026-10-04T14:07:56Z,cartservice,frontend,0,0,0,0,0,0,0
2026-10-04T14:07:56Z,cartservice,kubernetes,0,0,0,0,0,0,0
2026-10-04T14:07:56Z,cartservice,paymentservice,0,0,0,0,0,0,0
2026-10-04T14:07:56Z,cartservice,productcatalogservice,0,0,0,0,0,0,0
2026-10-04T14:07:56Z,cartservice,recommendationservice,0,0,0,0,0,0,0
2026-10-04T14:07:56Z,cartservice,redis-cart,2,0,0,0,0,0,0
2026-10-04T14:07:56Z,cartservice,shippingservice,0,0,0,0,0,0,0
2026-10-04T14:07:56Z,checkoutservice,adservice,0,0,0,0,0,0,0
2026-10-04T14:07:56Z,checkoutservice,cartservice,46985,46053,0,100,0,634845,45587
2026-10-04T14:07:56Z,checkoutservice,checkoutservice,0,0,0,0,0,0,0
2026-10-04T14:07:56Z,checkoutservice,currencyservice,34890,34890,0,0,0,537577,34656
2026-10-04T14:07:56Z,checkoutservice,emailservice,6127,5841,0,66,0,231731,5604
2026-10-04T14:07:56Z,checkoutservice,frontend,0,0,0,0,0,0,0
2026-10-04T14:07:56Z,checkoutservice,kubernetes,0,0,0,0,0,0,0
2026-10-04T14:07:56Z,checkoutservice,paymentservice,28156,26308,0,192,0,409775,25924
2026-10-04T14:07:56Z,checkoutservice,productcatalogservice,0,0,0,0,0,0,0
2026-10-04T14:07:56Z,checkoutservice,recommendationservice,0,0,0,0,0,0,0
2026-10-04T14:07:56Z,checkoutservice,redis-cart,0,0,0,0,0,0,0
2026-10-04T14:07:56Z,checkoutservice,shippingservice,52296,50192,0,154,0,481734,49724
2026-10-04T14:07:56Z,currencyservice,adservice,0,0,0,0,0,0,0
2026-10-04T14:07:56Z,currencyservice,cartservice,0,0,0,0,0,0,0
2026-10-04T14:07:56Z,currencyservice,checkoutservice,0,0,0,0,0,0,0
2026-10-04T14:07:56Z,currencyservice,currencyservice,0,0,0,0,0,0,0
2026-10-04T14:07:56Z,currencyservice,emailservice,0,0,0,0,0,0,0
2026-10-04T14:07:56Z,currencyservice,frontend,0,0,0,0,0,0,0
2026-10-04T14:07:56Z,currencyservice,kubernetes,0,0,0,0,0,0,0
2026-10-04T14:07:56Z,currencyservice,paymentservice,0,0,0,0,0,0,0
2026-10-04T14:07:56Z,currencyservice,productcatalogservice,0,0,0,0,0,0,0
2026-10-04T14:07:56Z,currencyservice,recommendationservice,0,0,0,0,0,0,0
2026-10-04T14:07:56Z,currencyservice,redis-cart,0,0,0,0,0,0,0
2026-10-04T14:07:56Z,currencyservice,shippingservice,0,0,0,0,0,0,0
2026-10-04T14:07:56Z,emailservice,adservice,0,0,0,0,0,0,0
2026-10-04T14:07:56Z,emailservice,cartservice,0,0,0,0,0,0,0
2026-10-04T14:07:56Z,emailservice,checkoutservice,0,0,0,0,0,0,0
2026-10-04T14:07:56Z,emailservice,currencyservice,0,0,0,0,0,0,0
2026-10-04T14:07:56Z,emailservice,emailservice,0,0,0,0,0,0,0
2026-10-04T14:07:56Z,emailservice,frontend,0,0,0,0,0,0,0
2026-10-04T14:07:56Z,emailservice,kubernetes,0,0,0,0,0,0,0
2026-10-04T14:07:56Z,emailservice,paymentservice,0,0,0,0,0,0,0
2026-10-04T14:07:56Z,emailservice,productcatalogservice,0,0,0,0,0,0,0
2026-10-04T14:07:56Z,emailservice,recommendationservice,0,0,0,0,0,0,0
2026-10-04T14:07:56Z,emailservice,redis-cart,0,0,0,0,0,0,0
2026-10-04T14:07:56Z,emailservice,shippingservice,0,0,0,0,0,0,0
2026-10-04T14:07:56Z,frontend,adservice,833122,833120,0,0,0,2512986,832764
2026-10-04T14:07:56Z,frontend,cartservice,1844094,1844081,0,0,4,10261356,1842957
2026-10-04T14:07:56Z,frontend,checkoutservice,393881,183918,0,40061,169943,62009583,183766
2026-10-04T14:07:56Z,frontend,currencyservice,2931948,2931940,0,0,0,15553524,2930174
2026-10-04T14:07:56Z,frontend,emailservice,0,0,0,0,0,0,0
2026-10-04T14:07:56Z,frontend,frontend,0,0,0,0,0,0,0
2026-10-04T14:07:56Z,frontend,kubernetes,0,0,0,0,0,0,0
2026-10-04T14:07:56Z,frontend,paymentservice,0,0,0,0,0,0,0
2026-10-04T14:07:56Z,frontend,productcatalogservice,8250115,8250054,0,0,0,56451764,8245985
2026-10-04T14:07:56Z,frontend,recommendationservice,2657559,1629320,0,107391,918278,799349696,1628362
2026-10-04T14:07:56Z,frontend,redis-cart,0,0,0,0,0,0,0
2026-10-04T14:07:56Z,frontend,shippingservice,305486,305484,0,0,0,928940,305340
2026-10-04T14:07:56Z,paymentservice,adservice,0,0,0,0,0,0,0
2026-10-04T14:07:56Z,paymentservice,cartservice,0,0,0,0,0,0,0
2026-10-04T14:07:56Z,paymentservice,checkoutservice,0,0,0,0,0,0,0
2026-10-04T14:07:56Z,paymentservice,currencyservice,0,0,0,0,0,0,0
2026-10-04T14:07:56Z,paymentservice,emailservice,0,0,0,0,0,0,0
2026-10-04T14:07:56Z,paymentservice,frontend,0,0,0,0,0,0,0
2026-10-04T14:07:56Z,paymentservice,kubernetes,0,0,0,0,0,0,0
2026-10-04T14:07:56Z,paymentservice,paymentservice,0,0,0,0,0,0,0
2026-10-04T14:07:56Z,paymentservice,productcatalogservice,0,0,0,0,0,0,0
2026-10-04T14:07:56Z,paymentservice,recommendationservice,0,0,0,0,0,0,0
2026-10-04T14:07:56Z,paymentservice,redis-cart,0,0,0,0,0,0,0
2026-10-04T14:07:56Z,paymentservice,shippingservice,0,0,0,0,0,0,0
2026-10-04T14:07:56Z,productcatalogservice,adservice,0,0,0,0,0,0,0
2026-10-04T14:07:56Z,productcatalogservice,cartservice,0,0,0,0,0,0,0
2026-10-04T14:07:56Z,productcatalogservice,checkoutservice,0,0,0,0,0,0,0
2026-10-04T14:07:56Z,productcatalogservice,currencyservice,0,0,0,0,0,0,0
2026-10-04T14:07:56Z,productcatalogservice,emailservice,0,0,0,0,0,0,0
2026-10-04T14:07:56Z,productcatalogservice,frontend,0,0,0,0,0,0,0
2026-10-04T14:07:56Z,productcatalogservice,kubernetes,0,0,0,0,0,0,0
2026-10-04T14:07:56Z,productcatalogservice,paymentservice,0,0,0,0,0,0,0
2026-10-04T14:07:56Z,productcatalogservice,productcatalogservice,0,0,0,0,0,0,0
2026-10-04T14:07:56Z,productcatalogservice,recommendationservice,0,0,0,0,0,0,0
2026-10-04T14:07:56Z,productcatalogservice,redis-cart,0,0,0,0,0,0,0
2026-10-04T14:07:56Z,productcatalogservice,shippingservice,0,0,0,0,0,0,0
2026-10-04T14:07:56Z,recommendationservice,adservice,0,0,0,0,0,0,0
2026-10-04T14:07:56Z,recommendationservice,cartservice,0,0,0,0,0,0,0
2026-10-04T14:07:56Z,recommendationservice,checkoutservice,0,0,0,0,0,0,0
2026-10-04T14:07:56Z,recommendationservice,currencyservice,0,0,0,0,0,0,0
2026-10-04T14:07:56Z,recommendationservice,emailservice,0,0,0,0,0,0,0
2026-10-04T14:07:56Z,recommendationservice,frontend,0,0,0,0,0,0,0
2026-10-04T14:07:56Z,recommendationservice,kubernetes,0,0,0,0,0,0,0
2026-10-04T14:07:56Z,recommendationservice,paymentservice,0,0,0,0,0,0,0
2026-10-04T14:07:56Z,recommendationservice,productcatalogservice,110495,110495,0,0,0,829612,109942
2026-10-04T14:07:56Z,recommendationservice,recommendationservice,0,0,0,0,0,0,0
2026-10-04T14:07:56Z,recommendationservice,redis-cart,0,0,0,0,0,0,0
2026-10-04T14:07:56Z,recommendationservice,shippingservice,0,0,0,0,0,0,0
2026-10-04T14:07:56Z,redis-cart,adservice,0,0,0,0,0,0,0
2026-10-04T14:07:56Z,redis-cart,cartservice,0,0,0,0,0,0,0
2026-10-04T14:07:56Z,redis-cart,checkoutservice,0,0,0,0,0,0,0
2026-10-04T14:07:56Z,redis-cart,currencyservice,0,0,0,0,0,0,0
2026-10-04T14:07:56Z,redis-cart,emailservice,0,0,0,0,0,0,0
2026-10-04T14:07:56Z,redis-cart,frontend,0,0,0,0,0,0,0
2026-10-04T14:07:56Z,redis-cart,kubernetes,0,0,0,0,0,0,0
2026-10-04T14:07:56Z,redis-cart,paymentservice,0,0,0,0,0,0,0
2026-10-04T14:07:56Z,redis-cart,productcatalogservice,0,0,0,0,0,0,0
2026-10-04T14:07:56Z,redis-cart,recommendationservice,0,0,0,0,0,0,0
2026-10-04T14:07:56Z,redis-cart,redis-cart,0,0,0,0,0,0,0
2026-10-04T14:07:56Z,redis-cart,shippingservice,0,0,0,0,0,0,0
2026-10-04T14:07:56Z,shippingservice,adservice,0,0,0,0,0,0,0
2026-10-04T14:07:56Z,shippingservice,cartservice,0,0,0,0,0,0,0
2026-10-04T14:07:56Z,shippingservice,checkoutservice,0,0,0,0,0,0,0
2026-10-04T14:07:56Z,shippingservice,currencyservice,0,0,0,0,0,0,0
2026-10-04T14:07:56Z,shippingservice,emailservice,0,0,0,0,0,0,0
2026-10-04T14:07:56Z,shippingservice,frontend,0,0,0,0,0,0,0
2026-10-04T14:07:56Z,shippingservice,kubernetes,0,0,0,0,0,0,0
2026-10-04T14:07:56Z,shippingservice,paymentservice,0,0,0,0,0,0,0
2026-10-04T14:07:56Z,shippingservice,productcatalogservice,0,0,0,0,0,0,0
2026-10-04T14:07:56Z,shippingservice,recommendationservice,0,0,0,0,0,0,0
2026-10-04T14:07:56Z,shippingservice,redis-cart,0,0,0,0,0,0,0
2026-10-04T14:07:56Z,shippingservice,shippingservice,0,0,0,0,0,0,0
2026-10-04T14:07:57Z,adservice,adservice,0,0,0,0,0,0,0
2026-10-04T14:07:57Z,adservice,cartservice,0,0,0,0,0,0,0
2026-10-04T14:07:57Z,adservice,checkoutservice,0,0,0,0,0,0,0
2026-10-04T14:07:57Z,adservice,currencyservice,0,0,0,0,0,0,0
2026-10-04T14:07:57Z,adservice,emailservice,0,0,0,0,0,0,0
2026-10-04T14:07:57Z,adservice,frontend,0,0,0,0,0,0,0
2026-10-04T14:07:57Z,adservice,kubernetes,0,0,0,0,0,0,0
2026-10-04T14:07:57Z,adservice,paymentservice,0,0,0,0,0,0,0
2026-10-04T14:07:57Z,adservice,productcatalogservice,0,0,0,0,0,0,0
2026-10-04T14:07:57Z,adservice,recommendationservice,0,0,0,0,0,0,0
2026-10-04T14:07:57Z,adservice,redis-cart,0,0,0,0,0,0,0
2026-10-04T14:07:57Z,adservice,shippingservice,0,0,0,0,0,0,0
2026-10-04T14:07:57Z,cartservice,adservice,0,0,0,0,0,0,0
2026-10-04T14:07:57Z,cartservice,cartservice,0,0,0,0,0,0,0
2026-10-04T14:07:57Z,cartservice,checkoutservice,0,0,0,0,0,0,0
2026-10-04T14:07:57Z,cartservice,currencyservice,0,0,0,0,0,0,0
2026-10-04T14:07:57Z,cartservice,emailservice,0,0,0,0,0,0,0
2026-10-04T14:07:57Z,cartservice,frontend,0,0,0,0,0,0,0
2026-10-04T14:07:57Z,cartservice,kubernetes,0,0,0,0,0,0,0
2026-10-04T14:07:57Z,cartservice,paymentservice,0,0,0,0,0,0,0
2026-10-04T14:07:57Z,cartservice,productcatalogservice,0,0,0,0,0,0,0
2026-10-04T14:07:57Z,cartservice,recommendationservice,0,0,0,0,0,0,0
2026-10-04T14:07:57Z,cartservice,redis-cart,2,0,0,0,0,0,0
2026-10-04T14:07:57Z,cartservice,shippingservice,0,0,0,0,0,0,0
2026-10-04T14:07:57Z,checkoutservice,adservice,0,0,0,0,0,0,0
2026-10-04T14:07:57Z,checkoutservice,cartservice,47072,46141,0,100,0,637313,46108
2026-10-04T14:07:57Z,checkoutservice,checkoutservice,0,0,0,0,0,0,0
2026-10-04T14:07:57Z,checkoutservice,currencyservice,34934,34934,0,0,0,538700,34919
2026-10-04T14:07:57Z,checkoutservice,emailservice,6172,5886,0,66,0,241427,5866
2026-10-04T14:07:57Z,checkoutservice,frontend,0,0,0,0,0,0,0
2026-10-04T14:07:57Z,checkoutservice,kubernetes,0,0,0,0,0,0,0
2026-10-04T14:07:57Z,checkoutservice,paymentservice,28200,26352,0,192,0,410727,26187
2026-10-04T14:07:57Z,checkoutservice,productcatalogservice,0,0,0,0,0,0,0
2026-10-04T14:07:57Z,checkoutservice,recommendationservice,0,0,0,0,0,0,0
2026-10-04T14:07:57Z,checkoutservice,redis-cart,0,0,0,0,0,0,0
2026-10-04T14:07:57Z,checkoutservice,shippingservice,52384,50281,0,154,0,482841,50247
2026-10-04T14:07:57Z,currencyservice,adservice,0,0,0,0,0,0,0
2026-10-04T14:07:57Z,currencyservice,cartservice,0,0,0,0,0,0,0
2026-10-04T14:07:57Z,currencyservice,checkoutservice,0,0,0,0,0,0,0
2026-10-04T14:07:57Z,currencyservice,currencyservice,0,0,0,0,0,0,0
2026-10-04T14:07:57Z,currencyservice,emailservice,0,0,0,0,0,0,0
2026-10-04T14:07:57Z,currencyservice,frontend,0,0,0,0,0,0,0
2026-10-04T14:07:57Z,currencyservice,kubernetes,0,0,0,0,0,0,0
2026-10-04T14:07:57Z,currencyservice,paymentservice,0,0,0,0,0,0,0
2026-10-04T14:07:57Z,currencyservice,productcatalogservice,0,0,0,0,0,0,0
2026-10-04T14:07:57Z,currencyservice,recommendationservice,0,0,0,0,0,0,0
2026-10-04T14:07:57Z,currencyservice,redis-cart,0,0,0,0,0,0,0
2026-10-04T14:07:57Z,currencyservice,shippingservice,0,0,0,0,0,0,0
2026-10-04T14:07:57Z,emailservice,adservice,0,0,0,0,0,0,0
2026-10-04T14:07:57Z,emailservice,cartservice,0,0,0,0,0,0,0
2026-10-04T14:07:57Z,emailservice,checkoutservice,0,0,0,0,0,0,0
2026-10-04T14:07:57Z,emailservice,currencyservice,0,0,0,0,0,0,0
2026-10-04T14:07:57Z,emailservice,emailservice,0,0,0,0,0,0,0
2026-10-04T14:07:57Z,emailservice,frontend,0,0,0,0,0,0,0
2026-10-04T14:07:57Z,emailservice,kubernetes,0,0,0,0,0,0,0
2026-10-04T14:07:57Z,emailservice,paymentservice,0,0,0,0,0,0,0
2026-10-04T14:07:57Z,emailservice,productcatalogservice,0,0,0,0,0,0,0
2026-10-04T14:07:57Z,emailservice,recommendationservice,0,0,0,0,0,0,0
2026-10-04T14:07:57Z,emailservice,redis-cart,0,0,0,0,0,0,0
2026-10-04T14:07:57Z,emailservice,shippingservice,0,0,0,0,0,0,0
2026-10-04T14:07:57Z,frontend,adservice,833236,833234,0,0,0,2512986,832764
2026-10-04T14:07:57Z,frontend,cartservice,1844465,1844453,0,0,4,10261356,1842957
2026-10-04T14:07:57Z,frontend,checkoutservice,393923,183958,0,40061,169943,62009583,183766
2026-10-04T14:07:57Z,frontend,currencyservice,2932520,2932511,0,0,0,15553524,2930174
2026-10-04T14:07:57Z,frontend,emailservice,0,0,0,0,0,0,0
2026-10-04T14:07:57Z,frontend,frontend,0,0,0,0,0,0,0
2026-10-04T14:07:57Z,frontend,kubernetes,0,0,0,0,0,0,0
2026-10-04T14:07:57Z,frontend,paymentservice,0,0,0,0,0,0,0
2026-10-04T14:07:57Z,frontend,productcatalogservice,8251421,8251351,0,0,0,56451764,8245985
2026-10-04T14:07:57Z,frontend,recommendationservice,2658267,1629661,0,107445,918617,799349696,1628362
2026-10-04T14:07:57Z,frontend,redis-cart,0,0,0,0,0,0,0
2026-10-04T14:07:57Z,frontend,shippingservice,305532,305530,0,0,0,928940,305340
2026-10-04T14:07:57Z,paymentservice,adservice,0,0,0,0,0,0,0
2026-10-04T14:07:57Z,paymentservice,cartservice,0,0,0,0,0,0,0
2026-10-04T14:07:57Z,paymentservice,checkoutservice,0,0,0,0,0,0,0
2026-10-04T14:07:57Z,paymentservice,currencyservice,0,0,0,0,0,0,0
2026-10-04T14:07:57Z,paymentservice,emailservice,0,0,0,0,0,0,0
2026-10-04T14:07:57Z,paymentservice,frontend,0,0,0,0,0,0,0
2026-10-04T14:07:57Z,paymentservice,kubernetes,0,0,0,0,0,0,0
2026-10-04T14:07:57Z,paymentservice,paymentservice,0,0,0,0,0,0,0
2026-10-04T14:07:57Z,paymentservice,productcatalogservice,0,0,0,0,0,0,0
2026-10-04T14:07:57Z,paymentservice,recommendationservice,0,0,0,0,0,0,0
2026-10-04T14:07:57Z,paymentservice,redis-cart,0,0,0,0,0,0,0
2026-10-04T14:07:57Z,paymentservice,shippingservice,0,0,0,0,0,0,0
2026-10-04T14:07:57Z,productcatalogservice,adservice,0,0,0,0,0,0,0
2026-10-04T14:07:57Z,productcatalogservice,cartservice,0,0,0,0,0,0,0
2026-10-04T14:07:57Z,productcatalogservice,checkoutservice,0,0,0,0,0,0,0
2026-10-04T14:07:57Z,productcatalogservice,currencyservice,0,0,0,0,0,0,0
2026-10-04T14:07:57Z,productcatalogservice,emailservice,0,0,0,0,0,0,0
2026-10-04T14:07:57Z,productcatalogservice,frontend,0,0,0,0,0,0,0
2026-10-04T14:07:57Z,productcatalogservice,kubernetes,0,0,0,0,0,0,0
2026-10-04T14:07:57Z,productcatalogservice,paymentservice,0,0,0,0,0,0,0
2026-10-04T14:07:57Z,productcatalogservice,productcatalogservice,0,0,0,0,0,0,0
2026-10-04T14:07:57Z,productcatalogservice,recommendationservice,0,0,0,0,0,0,0
2026-10-04T14:07:57Z,productcatalogservice,redis-cart,0,0,0,0,0,0,0
2026-10-04T14:07:57Z,productcatalogservice,shippingservice,0,0,0,0,0,0,0
2026-10-04T14:07:57Z,recommendationservice,adservice,0,0,0,0,0,0,0
2026-10-04T14:07:57Z,recommendationservice,cartservice,0,0,0,0,0,0,0
2026-10-04T14:07:57Z,recommendationservice,checkoutservice,0,0,0,0,0,0,0
2026-10-04T14:07:57Z,recommendationservice,currencyservice,0,0,0,0,0,0,0
2026-10-04T14:07:57Z,recommendationservice,emailservice,0,0,0,0,0,0,0
2026-10-04T14:07:57Z,recommendationservice,frontend,0,0,0,0,0,0,0
2026-10-04T14:07:57Z,recommendationservice,kubernetes,0,0,0,0,0,0,0
2026-10-04T14:07:57Z,recommendationservice,paymentservice,0,0,0,0,0,0,0
2026-10-04T14:07:57Z,recommendationservice,productcatalogservice,110960,110959,0,0,0,829612,109942
2026-10-04T14:07:57Z,recommendationservice,recommendationservice,0,0,0,0,0,0,0
2026-10-04T14:07:57Z,recommendationservice,redis-cart,0,0,0,0,0,0,0
2026-10-04T14:07:57Z,recommendationservice,shippingservice,0,0,0,0,0,0,0
2026-10-04T14:07:57Z,redis-cart,adservice,0,0,0,0,0,0,0
2026-10-04T14:07:57Z,redis-cart,cartservice,0,0,0,0,0,0,0
2026-10-04T14:07:57Z,redis-cart,checkoutservice,0,0,0,0,0,0,0
2026-10-04T14:07:57Z,redis-cart,currencyservice,0,0,0,0,0,0,0
2026-10-04T14:07:57Z,redis-cart,emailservice,0,0,0,0,0,0,0
2026-10-04T14:07:57Z,redis-cart,frontend,0,0,0,0,0,0,0
2026-10-04T14:07:57Z,redis-cart,kubernetes,0,0,0,0,0,0,0
2026-10-04T14:07:57Z,redis-cart,paymentservice,0,0,0,0,0,0,0
2026-10-04T14:07:57Z,redis-cart,productcatalogservice,0,0,0,0,0,0,0
2026-10-04T14:07:57Z,redis-cart,recommendationservice,0,0,0,0,0,0,0
2026-10-04T14:07:57Z,redis-cart,redis-cart,0,0,0,0,0,0,0
2026-10-04T14:07:57Z,redis-cart,shippingservice,0,0,0,0,0,0,0
2026-10-04T14:07:57Z,shippingservice,adservice,0,0,0,0,0,0,0
2026-10-04T14:07:57Z,shippingservice,cartservice,0,0,0,0,0,0,0
2026-10-04T14:07:57Z,shippingservice,checkoutservice,0,0,0,0,0,0,0
2026-10-04T14:07:57Z,shippingservice,currencyservice,0,0,0,0,0,0,0
2026-10-04T14:07:57Z,shippingservice,emailservice,0,0,0,0,0,0,0
2026-10-04T14:07:57Z,shippingservice,frontend,0,0,0,0,0,0,0
2026-10-04T14:07:57Z,shippingservice,kubernetes,0,0,0,0,0,0,0
2026-10-04T14:07:57Z,shippingservice,paymentservice,0,0,0,0,0,0,0
2026-10-04T14:07:57Z,shippingservice,productcatalogservice,0,0,0,0,0,0,0
2026-10-04T14:07:57Z,shippingservice,recommendationservice,0,0,0,0,0,0,0
2026-10-04T14:07:57Z,shippingservice,redis-cart,0,0,0,0,0,0,0
2026-10-04T14:07:57Z,shippingservice,shippingservice,0,0,0,0,0,0,0
2026-10-04T14:07:58Z,adservice,adservice,0,0,0,0,0,0,0
2026-10-04T14:07:58Z,adservice,cartservice,0,0,0,0,0,0,0
2026-10-04T14:07:58Z,adservice,checkoutservice,0,0,0,0,0,0,0
2026-10-04T14:07:58Z,adservice,currencyservice,0,0,0,0,0,0,0
2026-10-04T14:07:58Z,adservice,emailservice,0,0,0,0,0,0,0
2026-10-04T14:07:58Z,adservice,frontend,0,0,0,0,0,0,0
2026-10-04T14:07:58Z,adservice,kubernetes,0,0,0,0,0,0,0
2026-10-04T14:07:58Z,adservice,paymentservice,0,0,0,0,0,0,0
2026-10-04T14:07:58Z,adservice,productcatalogservice,0,0,0,0,0,0,0
2026-10-04T14:07:58Z,adservice,recommendationservice,0,0,0,0,0,0,0
2026-10-04T14:07:58Z,adservice,redis-cart,0,0,0,0,0,0,0
2026-10-04T14:07:58Z,adservice,shippingservice,0,0,0,0,0,0,0
2026-10-04T14:07:58Z,cartservice,adservice,0,0,0,0,0,0,0
2026-10-04T14:07:58Z,cartservice,cartservice,0,0,0,0,0,0,0
2026-10-04T14:07:58Z,cartservice,checkoutservice,0,0,0,0,0,0,0
2026-10-04T14:07:58Z,cartservice,currencyservice,0,0,0,0,0,0,0
2026-10-04T14:07:58Z,cartservice,emailservice,0,0,0,0,0,0,0
2026-10-04T14:07:58Z,cartservice,frontend,0,0,0,0,0,0,0
2026-10-04T14:07:58Z,cartservice,kubernetes,0,0,0,0,0,0,0
2026-10-04T14:07:58Z,cartservice,paymentservice,0,0,0,0,0,0,0
2026-10-04T14:07:58Z,cartservice,productcatalogservice,0,0,0,0,0,0,0
2026-10-04T14:07:58Z,cartservice,recommendationservice,0,0,0,0,0,0,0
2026-10-04T14:07:58Z,cartservice,redis-cart,2,0,0,0,0,0,0
2026-10-04T14:07:58Z,cartservice,shippingservice,0,0,0,0,0,0,0
2026-10-04T14:07:58Z,checkoutservice,adservice,0,0,0,0,0,0,0
2026-10-04T14:07:58Z,checkoutservice,cartservice,47192,46261,0,100,0,637313,46108
2026-10-04T14:07:58Z,checkoutservice,checkoutservice,0,0,0,0,0,0,0
2026-10-04T14:07:58Z,checkoutservice,currencyservice,34994,34994,0,0,0,538700,34919
2026-10-04T14:07:58Z,checkoutservice,emailservice,6232,5941,0,66,0,241427,5866
2026-10-04T14:07:58Z,checkoutservice,frontend,0,0,0,0,0,0,0
2026-10-04T14:07:58Z,checkoutservice,kubernetes,0,0,0,0,0,0,0
2026-10-04T14:07:58Z,checkoutservice,paymentservice,28260,26412,0,192,0,410727,26187
2026-10-04T14:07:58Z,checkoutservice,productcatalogservice,0,0,0,0,0,0,0
2026-10-04T14:07:58Z,checkoutservice,recommendationservice,0,0,0,0,0,0,0
2026-10-04T14:07:58Z,checkoutservice,redis-cart,0,0,0,0,0,0,0
2026-10-04T14:07:58Z,checkoutservice,shippingservice,52504,50401,0,154,0,482841,50247
2026-10-04T14:07:58Z,currencyservice,adservice,0,0,0,0,0,0,0
2026-10-04T14:07:58Z,currencyservice,cartservice,0,0,0,0,0,0,0
2026-10-04T14:07:58Z,currencyservice,checkoutservice,0,0,0,0,0,0,0
2026-10-04T14:07:58Z,currencyservice,currencyservice,0,0,0,0,0,0,0
2026-10-04T14:07:58Z,currencyservice,emailservice,0,0,0,0,0,0,0
2026-10-04T14:07:58Z,currencyservice,frontend,0,0,0,0,0,0,0
2026-10-04T14:07:58Z,currencyservice,kubernetes,0,0,0,0,0,0,0
2026-10-04T14:07:58Z,currencyservice,paymentservice,0,0,0,0,0,0,0
2026-10-04T14:07:58Z,currencyservice,productcatalogservice,0,0,0,0,0,0,0
2026-10-04T14:07:58Z,currencyservice,recommendationservice,0,0,0,0,0,0,0
2026-10-04T14:07:58Z,currencyservice,redis-cart,0,0,0,0,0,0,0
2026-10-04T14:07:58Z,currencyservice,shippingservice,0,0,0,0,0,0,0
2026-10-04T14:07:58Z,emailservice,adservice,0,0,0,0,0,0,0
2026-10-04T14:07:58Z,emailservice,cartservice,0,0,0,0,0,0,0
2026-10-04T14:07:58Z,emailservice,checkoutservice,0,0,0,0,0,0,0
2026-10-04T14:07:58Z,emailservice,currencyservice,0,0,0,0,0,0,0
2026-10-04T14:07:58Z,emailservice,emailservice,0,0,0,0,0,0,0
2026-10-04T14:07:58Z,emailservice,frontend,0,0,0,0,0,0,0
2026-10-04T14:07:58Z,emailservice,kubernetes,0,0,0,0,0,0,0
2026-10-04T14:07:58Z,emailservice,paymentservice,0,0,0,0,0,0,0
2026-10-04T14:07:58Z,emailservice,productcatalogservice,0,0,0,0,0,0,0
2026-10-04T14:07:58Z,emailservice,recommendationservice,0,0,0,0,0,0,0
2026-10-04T14:07:58Z,emailservice,redis-cart,0,0,0,0,0,0,0
2026-10-04T14:07:58Z,emailservice,shippingservice,0,0,0,0,0,0,0
2026-10-04T14:07:58Z,frontend,adservice,833367,833361,0,0,0,2513268,832896
2026-10-04T14:07:58Z,frontend,cartservice,1844875,1844863,0,0,4,10263383,1843461
2026-10-04T14:07:58Z,frontend,checkoutservice,393975,184011,0,40061,169943,62015871,183818
2026-10-04T14:07:58Z,frontend,currencyservice,2933177,2933169,0,0,0,15556559,2930930
2026-10-04T14:07:58Z,frontend,emailservice,0,0,0,0,0,0,0
2026-10-04T14:07:58Z,frontend,frontend,0,0,0,0,0,0,0
2026-10-04T14:07:58Z,frontend,kubernetes,0,0,0,0,0,0,0
2026-10-04T14:07:58Z,frontend,paymentservice,0,0,0,0,0,0,0
2026-10-04T14:07:58Z,frontend,productcatalogservice,8252904,8252840,0,0,0,56461237,8247602
2026-10-04T14:07:58Z,frontend,recommendationservice,2659005,1630047,0,107481,918944,799740976,1628825
2026-10-04T14:07:58Z,frontend,redis-cart,0,0,0,0,0,0,0
2026-10-04T14:07:58Z,frontend,shippingservice,305582,305580,0,0,0,929036,305400
2026-10-04T14:07:58Z,paymentservice,adservice,0,0,0,0,0,0,0
2026-10-04T14:07:58Z,paymentservice,cartservice,0,0,0,0,0,0,0
2026-10-04T14:07:58Z,paymentservice,checkoutservice,0,0,0,0,0,0,0
2026-10-04T14:07:58Z,paymentservice,currencyservice,0,0,0,0,0,0,0
2026-10-04T14:07:58Z,paymentservice,emailservice,0,0,0,0,0,0,0
2026-10-04T14:07:58Z,paymentservice,frontend,0,0,0,0,0,0,0
2026-10-04T14:07:58Z,paymentservice,kubernetes,0,0,0,0,0,0,0
2026-10-04T14:07:58Z,paymentservice,paymentservice,0,0,0,0,0,0,0
2026-10-04T14:07:58Z,paymentservice,productcatalogservice,0,0,0,0,0,0,0
2026-10-04T14:07:58Z,paymentservice,recommendationservice,0,0,0,0,0,0,0
2026-10-04T14:07:58Z,paymentservice,redis-cart,0,0,0,0,0,0,0
2026-10-04T14:07:58Z,paymentservice,shippingservice,0,0,0,0,0,0,0
2026-10-04T14:07:58Z,productcatalogservice,adservice,0,0,0,0,0,0,0
2026-10-04T14:07:58Z,productcatalogservice,cartservice,0,0,0,0,0,0,0
2026-10-04T14:07:58Z,productcatalogservice,checkoutservice,0,0,0,0,0,0,0
2026-10-04T14:07:58Z,productcatalogservice,currencyservice,0,0,0,0,0,0,0
2026-10-04T14:07:58Z,productcatalogservice,emailservice,0,0,0,0,0,0,0
2026-10-04T14:07:58Z,productcatalogservice,frontend,0,0,0,0,0,0,0
2026-10-04T14:07:58Z,productcatalogservice,kubernetes,0,0,0,0,0,0,0
2026-10-04T14:07:58Z,productcatalogservice,paymentservice,0,0,0,0,0,0,0
2026-10-04T14:07:58Z,productcatalogservice,productcatalogservice,0,0,0,0,0,0,0
2026-10-04T14:07:58Z,productcatalogservice,recommendationservice,0,0,0,0,0,0,0
2026-10-04T14:07:58Z,productcatalogservice,redis-cart,0,0,0,0,0,0,0
2026-10-04T14:07:58Z,productcatalogservice,shippingservice,0,0,0,0,0,0,0
2026-10-04T14:07:58Z,recommendationservice,adservice,0,0,0,0,0,0,0
2026-10-04T14:07:58Z,recommendationservice,cartservice,0,0,0,0,0,0,0
2026-10-04T14:07:58Z,recommendationservice,checkoutservice,0,0,0,0,0,0,0
2026-10-04T14:07:58Z,recommendationservice,currencyservice,0,0,0,0,0,0,0
2026-10-04T14:07:58Z,recommendationservice,emailservice,0,0,0,0,0,0,0
2026-10-04T14:07:58Z,recommendationservice,frontend,0,0,0,0,0,0,0
2026-10-04T14:07:58Z,recommendationservice,kubernetes,0,0,0,0,0,0,0
2026-10-04T14:07:58Z,recommendationservice,paymentservice,0,0,0,0,0,0,0
2026-10-04T14:07:58Z,recommendationservice,productcatalogservice,111413,111413,0,0,0,829612,109942
2026-10-04T14:07:58Z,recommendationservice,recommendationservice,0,0,0,0,0,0,0
2026-10-04T14:07:58Z,recommendationservice,redis-cart,0,0,0,0,0,0,0
2026-10-04T14:07:58Z,recommendationservice,shippingservice,0,0,0,0,0,0,0
2026-10-04T14:07:58Z,redis-cart,adservice,0,0,0,0,0,0,0
2026-10-04T14:07:58Z,redis-cart,cartservice,0,0,0,0,0,0,0
2026-10-04T14:07:58Z,redis-cart,checkoutservice,0,0,0,0,0,0,0
2026-10-04T14:07:58Z,redis-cart,currencyservice,0,0,0,0,0,0,0
2026-10-04T14:07:58Z,redis-cart,emailservice,0,0,0,0,0,0,0
2026-10-04T14:07:58Z,redis-cart,frontend,0,0,0,0,0,0,0
2026-10-04T14:07:58Z,redis-cart,kubernetes,0,0,0,0,0,0,0
2026-10-04T14:07:58Z,redis-cart,paymentservice,0,0,0,0,0,0,0
2026-10-04T14:07:58Z,redis-cart,productcatalogservice,0,0,0,0,0,0,0
2026-10-04T14:07:58Z,redis-cart,recommendationservice,0,0,0,0,0,0,0
2026-10-04T14:07:58Z,redis-cart,redis-cart,0,0,0,0,0,0,0
2026-10-04T14:07:58Z,redis-cart,shippingservice,0,0,0,0,0,0,0
2026-10-04T14:07:58Z,shippingservice,adservice,0,0,0,0,0,0,0
2026-10-04T14:07:58Z,shippingservice,cartservice,0,0,0,0,0,0,0
2026-10-04T14:07:58Z,shippingservice,checkoutservice,0,0,0,0,0,0,0
2026-10-04T14:07:58Z,shippingservice,currencyservice,0,0,0,0,0,0,0
2026-10-04T14:07:58Z,shippingservice,emailservice,0,0,0,0,0,0,0
2026-10-04T14:07:58Z,shippingservice,frontend,0,0,0,0,0,0,0
2026-10-04T14:07:58Z,shippingservice,kubernetes,0,0,0,0,0,0,0
2026-10-04T14:07:58Z,shippingservice,paymentservice,0,0,0,0,0,0,0
2026-10-04T14:07:58Z,shippingservice,productcatalogservice,0,0,0,0,0,0,0
2026-10-04T14:07:58Z,shippingservice,recommendationservice,0,0,0,0,0,0,0
2026-10-04T14:07:58Z,shippingservice,redis-cart,0,0,0,0,0,0,0
2026-10-04T14:07:58Z,shippingservice,shippingservice,0,0,0,0,0,0,0
2026-10-04T14:07:59Z,adservice,adservice,0,0,0,0,0,0,0
2026-10-04T14:07:59Z,adservice,cartservice,0,0,0,0,0,0,0
2026-10-04T14:07:59Z,adservice,checkoutservice,0,0,0,0,0,0,0
2026-10-04T14:07:59Z,adservice,currencyservice,0,0,0,0,0,0,0
2026-10-04T14:07:59Z,adservice,emailservice,0,0,0,0,0,0,0
2026-10-04T14:07:59Z,adservice,frontend,0,0,0,0,0,0,0
2026-10-04T14:07:59Z,adservice,kubernetes,0,0,0,0,0,0,0
2026-10-04T14:07:59Z,adservice,paymentservice,0,0,0,0,0,0,0
2026-10-04T14:07:59Z,adservice,productcatalogservice,0,0,0,0,0,0,0
2026-10-04T14:07:59Z,adservice,recommendationservice,0,0,0,0,0,0,0
2026-10-04T14:07:59Z,adservice,redis-cart,0,0,0,0,0,0,0
2026-10-04T14:07:59Z,adservice,shippingservice,0,0,0,0,0,0,0
2026-10-04T14:07:59Z,cartservice,adservice,0,0,0,0,0,0,0
2026-10-04T14:07:59Z,cartservice,cartservice,0,0,0,0,0,0,0
2026-10-04T14:07:59Z,cartservice,checkoutservice,0,0,0,0,0,0,0
2026-10-04T14:07:59Z,cartservice,currencyservice,0,0,0,0,0,0,0
2026-10-04T14:07:59Z,cartservice,emailservice,0,0,0,0,0,0,0
2026-10-04T14:07:59Z,cartservice,frontend,0,0,0,0,0,0,0
2026-10-04T14:07:59Z,cartservice,kubernetes,0,0,0,0,0,0,0
2026-10-04T14:07:59Z,cartservice,paymentservice,0,0,0,0,0,0,0
2026-10-04T14:07:59Z,cartservice,productcatalogservice,0,0,0,0,0,0,0
2026-10-04T14:07:59Z,cartservice,recommendationservice,0,0,0,0,0,0,0
2026-10-04T14:07:59Z,cartservice,redis-cart,2,0,0,0,0,0,0
2026-10-04T14:07:59Z,cartservice,shippingservice,0,0,0,0,0,0,0
2026-10-04T14:07:59Z,checkoutservice,adservice,0,0,0,0,0,0,0
2026-10-04T14:07:59Z,checkoutservice,cartservice,47272,46341,0,100,0,637313,46108
2026-10-04T14:07:59Z,checkoutservice,checkoutservice,0,0,0,0,0,0,0
2026-10-04T14:07:59Z,checkoutservice,currencyservice,35034,35032,0,0,0,538700,34919
2026-10-04T14:07:59Z,checkoutservice,emailservice,6264,5978,0,66,0,241427,5866
2026-10-04T14:07:59Z,checkoutservice,frontend,0,0,0,0,0,0,0
2026-10-04T14:07:59Z,checkoutservice,kubernetes,0,0,0,0,0,0,0
2026-10-04T14:07:59Z,checkoutservice,paymentservice,28294,26446,0,192,0,410727,26187
2026-10-04T14:07:59Z,checkoutservice,productcatalogservice,0,0,0,0,0,0,0
2026-10-04T14:07:59Z,checkoutservice,recommendationservice,0,0,0,0,0,0,0
2026-10-04T14:07:59Z,checkoutservice,redis-cart,0,0,0,0,0,0,0
2026-10-04T14:07:59Z,checkoutservice,shippingservice,52580,50477,0,154,0,482841,50247
2026-10-04T14:07:59Z,currencyservice,adservice,0,0,0,0,0,0,0
2026-10-04T14:07:59Z,currencyservice,cartservice,0,0,0,0,0,0,0
2026-10-04T14:07:59Z,currencyservice,checkoutservice,0,0,0,0,0,0,0
2026-10-04T14:07:59Z,currencyservice,currencyservice,0,0,0,0,0,0,0
2026-10-04T14:07:59Z,currencyservice,emailservice,0,0,0,0,0,0,0
2026-10-04T14:07:59Z,currencyservice,frontend,0,0,0,0,0,0,0
2026-10-04T14:07:59Z,currencyservice,kubernetes,0,0,0,0,0,0,0
2026-10-04T14:07:59Z,currencyservice,paymentservice,0,0,0,0,0,0,0
2026-10-04T14:07:59Z,currencyservice,productcatalogservice,0,0,0,0,0,0,0
2026-10-04T14:07:59Z,currencyservice,recommendationservice,0,0,0,0,0,0,0
2026-10-04T14:07:59Z,currencyservice,redis-cart,0,0,0,0,0,0,0
2026-10-04T14:07:59Z,currencyservice,shippingservice,0,0,0,0,0,0,0
2026-10-04T14:07:59Z,emailservice,adservice,0,0,0,0,0,0,0
2026-10-04T14:07:59Z,emailservice,cartservice,0,0,0,0,0,0,0
2026-10-04T14:07:59Z,emailservice,checkoutservice,0,0,0,0,0,0,0
2026-10-04T14:07:59Z,emailservice,currencyservice,0,0,0,0,0,0,0
2026-10-04T14:07:59Z,emailservice,emailservice,0,0,0,0,0,0,0
2026-10-04T14:07:59Z,emailservice,frontend,0,0,0,0,0,0,0
2026-10-04T14:07:59Z,emailservice,kubernetes,0,0,0,0,0,0,0
2026-10-04T14:07:59Z,emailservice,paymentservice,0,0,0,0,0,0,0
2026-10-04T14:07:59Z,emailservice,productcatalogservice,0,0,0,0,0,0,0
2026-10-04T14:07:59Z,emailservice,recommendationservice,0,0,0,0,0,0,0
2026-10-04T14:07:59Z,emailservice,redis-cart,0,0,0,0,0,0,0
2026-10-04T14:07:59Z,emailservice,shippingservice,0,0,0,0,0,0,0
2026-10-04T14:07:59Z,frontend,adservice,833503,833497,0,0,0,2514627,833375
2026-10-04T14:07:59Z,frontend,cartservice,1845259,1845242,0,0,4,10269380,1844924
2026-10-04T14:07:59Z,frontend,checkoutservice,394033,184059,0,40061,169943,62039241,184012
2026-10-04T14:07:59Z,frontend,currencyservice,2933743,2933733,0,0,0,15564696,2933237
2026-10-04T14:07:59Z,frontend,emailservice,0,0,0,0,0,0,0
2026-10-04T14:07:59Z,frontend,frontend,0,0,0,0,0,0,0
2026-10-04T14:07:59Z,frontend,kubernetes,0,0,0,0,0,0,0
2026-10-04T14:07:59Z,frontend,paymentservice,0,0,0,0,0,0,0
2026-10-04T14:07:59Z,frontend,productcatalogservice,8254368,8254295,0,0,0,56491970,8253035
2026-10-04T14:07:59Z,frontend,recommendationservice,2659750,1630391,0,107508,919318,800796126,1630088
2026-10-04T14:07:59Z,frontend,redis-cart,0,0,0,0,0,0,0
2026-10-04T14:07:59Z,frontend,shippingservice,305617,305615,0,0,0,929503,305584
2026-10-04T14:07:59Z,paymentservice,adservice,0,0,0,0,0,0,0
2026-10-04T14:07:59Z,paymentservice,cartservice,0,0,0,0,0,0,0
2026-10-04T14:07:59Z,paymentservice,checkoutservice,0,0,0,0,0,0,0
2026-10-04T14:07:59Z,paymentservice,currencyservice,0,0,0,0,0,0,0
2026-10-04T14:07:59Z,paymentservice,emailservice,0,0,0,0,0,0,0
2026-10-04T14:07:59Z,paymentservice,frontend,0,0,0,0,0,0,0
2026-10-04T14:07:59Z,paymentservice,kubernetes,0,0,0,0,0,0,0
2026-10-04T14:07:59Z,paymentservice,paymentservice,0,0,0,0,0,0,0
2026-10-04T14:07:59Z,paymentservice,productcatalogservice,0,0,0,0,0,0,0
2026-10-04T14:07:59Z,paymentservice,recommendationservice,0,0,0,0,0,0,0
2026-10-04T14:07:59Z,paymentservice,redis-cart,0,0,0,0,0,0,0
2026-10-04T14:07:59Z,paymentservice,shippingservice,0,0,0,0,0,0,0
2026-10-04T14:07:59Z,productcatalogservice,adservice,0,0,0,0,0,0,0
2026-10-04T14:07:59Z,productcatalogservice,cartservice,0,0,0,0,0,0,0
2026-10-04T14:07:59Z,productcatalogservice,checkoutservice,0,0,0,0,0,0,0
2026-10-04T14:07:59Z,productcatalogservice,currencyservice,0,0,0,0,0,0,0
2026-10-04T14:07:59Z,productcatalogservice,emailservice,0,0,0,0,0,0,0
2026-10-04T14:07:59Z,productcatalogservice,frontend,0,0,0,0,0,0,0
2026-10-04T14:07:59Z,productcatalogservice,kubernetes,0,0,0,0,0,0,0
2026-10-04T14:07:59Z,productcatalogservice,paymentservice,0,0,0,0,0,0,0
2026-10-04T14:07:59Z,productcatalogservice,productcatalogservice,0,0,0,0,0,0,0
2026-10-04T14:07:59Z,productcatalogservice,recommendationservice,0,0,0,0,0,0,0
2026-10-04T14:07:59Z,productcatalogservice,redis-cart,0,0,0,0,0,0,0
2026-10-04T14:07:59Z,productcatalogservice,shippingservice,0,0,0,0,0,0,0
2026-10-04T14:07:59Z,recommendationservice,adservice,0,0,0,0,0,0,0
2026-10-04T14:07:59Z,recommendationservice,cartservice,0,0,0,0,0,0,0
2026-10-04T14:07:59Z,recommendationservice,checkoutservice,0,0,0,0,0,0,0
2026-10-04T14:07:59Z,recommendationservice,currencyservice,0,0,0,0,0,0,0
2026-10-04T14:07:59Z,recommendationservice,emailservice,0,0,0,0,0,0,0
2026-10-04T14:07:59Z,recommendationservice,frontend,0,0,0,0,0,0,0
2026-10-04T14:07:59Z,recommendationservice,kubernetes,0,0,0,0,0,0,0
2026-10-04T14:07:59Z,recommendationservice,paymentservice,0,0,0,0,0,0,0
2026-10-04T14:07:59Z,recommendationservice,productcatalogservice,111853,111853,0,0,0,829612,109942
2026-10-04T14:07:59Z,recommendationservice,recommendationservice,0,0,0,0,0,0,0
2026-10-04T14:07:59Z,recommendationservice,redis-cart,0,0,0,0,0,0,0
2026-10-04T14:07:59Z,recommendationservice,shippingservice,0,0,0,0,0,0,0
2026-10-04T14:07:59Z,redis-cart,adservice,0,0,0,0,0,0,0
2026-10-04T14:07:59Z,redis-cart,cartservice,0,0,0,0,0,0,0
2026-10-04T14:07:59Z,redis-cart,checkoutservice,0,0,0,0,0,0,0
2026-10-04T14:07:59Z,redis-cart,currencyservice,0,0,0,0,0,0,0
2026-10-04T14:07:59Z,redis-cart,emailservice,0,0,0,0,0,0,0
2026-10-04T14:07:59Z,redis-cart,frontend,0,0,0,0,0,0,0
2026-10-04T14:07:59Z,redis-cart,kubernetes,0,0,0,0,0,0,0
2026-10-04T14:07:59Z,redis-cart,paymentservice,0,0,0,0,0,0,0
2026-10-04T14:07:59Z,redis-cart,productcatalogservice,0,0,0,0,0,0,0
2026-10-04T14:07:59Z,redis-cart,recommendationservice,0,0,0,0,0,0,0
2026-10-04T14:07:59Z,redis-cart,redis-cart,0,0,0,0,0,0,0
2026-10-04T14:07:59Z,redis-cart,shippingservice,0,0,0,0,0,0,0
2026-10-04T14:07:59Z,shippingservice,adservice,0,0,0,0,0,0,0
2026-10-04T14:07:59Z,shippingservice,cartservice,0,0,0,0,0,0,0
2026-10-04T14:07:59Z,shippingservice,checkoutservice,0,0,0,0,0,0,0
2026-10-04T14:07:59Z,shippingservice,currencyservice,0,0,0,0,0,0,0
2026-10-04T14:07:59Z,shippingservice,emailservice,0,0,0,0,0,0,0
2026-10-04T14:07:59Z,shippingservice,frontend,0,0,0,0,0,0,0
2026-10-04T14:07:59Z,shippingservice,kubernetes,0,0,0,0,0,0,0
2026-10-04T14:07:59Z,shippingservice,paymentservice,0,0,0,0,0,0,0
2026-10-04T14:07:59Z,shippingservice,productcatalogservice,0,0,0,0,0,0,0
2026-10-04T14:07:59Z,shippingservice,recommendationservice,0,0,0,0,0,0,0
2026-10-04T14:07:59Z,shippingservice,redis-cart,0,0,0,0,0,0,0
2026-10-04T14:07:59Z,shippingservice,shippingservice,0,0,0,0,0,0,0
2026-10-04T14:08:00Z,adservice,adservice,0,0,0,0,0,0,0
2026-10-04T14:08:00Z,adservice,cartservice,0,0,0,0,0,0,0
2026-10-04T14:08:00Z,adservice,checkoutservice,0,0,0,0,0,0,0
2026-10-04T14:08:00Z,adservice,currencyservice,0,0,0,0,0,0,0
2026-10-04T14:08:00Z,adservice,emailservice,0,0,0,0,0,0,0
2026-10-04T14:08:00Z,adservice,frontend,0,0,0,0,0,0,0
2026-10-04T14:08:00Z,adservice,kubernetes,0,0,0,0,0,0,0
2026-10-04T14:08:00Z,adservice,paymentservice,0,0,0,0,0,0,0
2026-10-04T14:08:00Z,adservice,productcatalogservice,0,0,0,0,0,0,0
2026-10-04T14:08:00Z,adservice,recommendationservice,0,0,0,0,0,0,0
2026-10-04T14:08:00Z,adservice,redis-cart,0,0,0,0,0,0,0
2026-10-04T14:08:00Z,adservice,shippingservice,0,0,0,0,0,0,0
2026-10-04T14:08:00Z,cartservice,adservice,0,0,0,0,0,0,0
2026-10-04T14:08:00Z,cartservice,cartservice,0,0,0,0,0,0,0
2026-10-04T14:08:00Z,cartservice,checkoutservice,0,0,0,0,0,0,0
2026-10-04T14:08:00Z,cartservice,currencyservice,0,0,0,0,0,0,0
2026-10-04T14:08:00Z,cartservice,emailservice,0,0,0,0,0,0,0
2026-10-04T14:08:00Z,cartservice,frontend,0,0,0,0,0,0,0
2026-10-04T14:08:00Z,cartservice,kubernetes,0,0,0,0,0,0,0
2026-10-04T14:08:00Z,cartservice,paymentservice,0,0,0,0,0,0,0
2026-10-04T14:08:00Z,cartservice,productcatalogservice,0,0,0,0,0,0,0
2026-10-04T14:08:00Z,cartservice,recommendationservice,0,0,0,0,0,0,0
2026-10-04T14:08:00Z,cartservice,redis-cart,2,0,0,0,0,0,0
2026-10-04T14:08:00Z,cartservice,shippingservice,0,0,0,0,0,0,0
2026-10-04T14:08:00Z,checkoutservice,adservice,0,0,0,0,0,0,0
2026-10-04T14:08:00Z,checkoutservice,cartservice,47382,46449,0,100,0,637313,46108
2026-10-04T14:08:00Z,checkoutservice,checkoutservice,0,0,0,0,0,0,0
2026-10-04T14:08:00Z,checkoutservice,currencyservice,35091,35089,0,0,0,538700,34919
2026-10-04T14:08:00Z,checkoutservice,emailservice,6322,6034,0,66,0,241427,5866
2026-10-04T14:08:00Z,checkoutservice,frontend,0,0,0,0,0,0,0
2026-10-04T14:08:00Z,checkoutservice,kubernetes,0,0,0,0,0,0,0
2026-10-04T14:08:00Z,checkoutservice,paymentservice,28355,26507,0,192,0,410727,26187
2026-10-04T14:08:00Z,checkoutservice,productcatalogservice,0,0,0,0,0,0,0
2026-10-04T14:08:00Z,checkoutservice,recommendationservice,0,0,0,0,0,0,0
2026-10-04T14:08:00Z,checkoutservice,redis-cart,0,0,0,0,0,0,0
2026-10-04T14:08:00Z,checkoutservice,shippingservice,52693,50590,0,154,0,482841,50247
2026-10-04T14:08:00Z,currencyservice,adservice,0,0,0,0,0,0,0
2026-10-04T14:08:00Z,currencyservice,cartservice,0,0,0,0,0,0,0
2026-10-04T14:08:00Z,currencyservice,checkoutservice,0,0,0,0,0,0,0
2026-10-04T14:08:00Z,currencyservice,currencyservice,0,0,0,0,0,0,0
2026-10-04T14:08:00Z,currencyservice,emailservice,0,0,0,0,0,0,0
2026-10-04T14:08:00Z,currencyservice,frontend,0,0,0,0,0,0,0
2026-10-04T14:08:00Z,currencyservice,kubernetes,0,0,0,0,0,0,0
2026-10-04T14:08:00Z,currencyservice,paymentservice,0,0,0,0,0,0,0
2026-10-04T14:08:00Z,currencyservice,productcatalogservice,0,0,0,0,0,0,0
2026-10-04T14:08:00Z,currencyservice,recommendationservice,0,0,0,0,0,0,0
2026-10-04T14:08:00Z,currencyservice,redis-cart,0,0,0,0,0,0,0
2026-10-04T14:08:00Z,currencyservice,shippingservice,0,0,0,0,0,0,0
2026-10-04T14:08:00Z,emailservice,adservice,0,0,0,0,0,0,0
2026-10-04T14:08:00Z,emailservice,cartservice,0,0,0,0,0,0,0
2026-10-04T14:08:00Z,emailservice,checkoutservice,0,0,0,0,0,0,0
2026-10-04T14:08:00Z,emailservice,currencyservice,0,0,0,0,0,0,0
2026-10-04T14:08:00Z,emailservice,emailservice,0,0,0,0,0,0,0
2026-10-04T14:08:00Z,emailservice,frontend,0,0,0,0,0,0,0
2026-10-04T14:08:00Z,emailservice,kubernetes,0,0,0,0,0,0,0
2026-10-04T14:08:00Z,emailservice,paymentservice,0,0,0,0,0,0,0
2026-10-04T14:08:00Z,emailservice,productcatalogservice,0,0,0,0,0,0,0
2026-10-04T14:08:00Z,emailservice,recommendationservice,0,0,0,0,0,0,0
2026-10-04T14:08:00Z,emailservice,redis-cart,0,0,0,0,0,0,0
2026-10-04T14:08:00Z,emailservice,shippingservice,0,0,0,0,0,0,0
2026-10-04T14:08:00Z,frontend,adservice,833629,833626,0,0,0,2514627,833375
2026-10-04T14:08:00Z,frontend,cartservice,1845642,1845628,0,0,4,10269380,1844924
2026-10-04T14:08:00Z,frontend,checkoutservice,394085,184107,0,40061,169943,62039241,184012
2026-10-04T14:08:00Z,frontend,currencyservice,2934351,2934343,0,0,0,15564696,2933237
2026-10-04T14:08:00Z,frontend,emailservice,0,0,0,0,0,0,0
2026-10-04T14:08:00Z,frontend,frontend,0,0,0,0,0,0,0
2026-10-04T14:08:00Z,frontend,kubernetes,0,0,0,0,0,0,0
2026-10-04T14:08:00Z,frontend,paymentservice,0,0,0,0,0,0,0
2026-10-04T14:08:00Z,frontend,productcatalogservice,8255816,8255738,0,0,0,56491970,8253035
2026-10-04T14:08:00Z,frontend,recommendationservice,2660489,1630767,0,107547,919658,800796126,1630088
2026-10-04T14:08:00Z,frontend,redis-cart,0,0,0,0,0,0,0
2026-10-04T14:08:00Z,frontend,shippingservice,305658,305656,0,0,0,929503,305584
2026-10-04T14:08:00Z,paymentservice,adservice,0,0,0,0,0,0,0
2026-10-04T14:08:00Z,paymentservice,cartservice,0,0,0,0,0,0,0
2026-10-04T14:08:00Z,paymentservice,checkoutservice,0,0,0,0,0,0,0
2026-10-04T14:08:00Z,paymentservice,currencyservice,0,0,0,0,0,0,0
2026-10-04T14:08:00Z,paymentservice,emailservice,0,0,0,0,0,0,0
2026-10-04T14:08:00Z,paymentservice,frontend,0,0,0,0,0,0,0
2026-10-04T14:08:00Z,paymentservice,kubernetes,0,0,0,0,0,0,0
2026-10-04T14:08:00Z,paymentservice,paymentservice,0,0,0,0,0,0,0
2026-10-04T14:08:00Z,paymentservice,productcatalogservice,0,0,0,0,0,0,0
2026-10-04T14:08:00Z,paymentservice,recommendationservice,0,0,0,0,0,0,0
2026-10-04T14:08:00Z,paymentservice,redis-cart,0,0,0,0,0,0,0
2026-10-04T14:08:00Z,paymentservice,shippingservice,0,0,0,0,0,0,0
2026-10-04T14:08:00Z,productcatalogservice,adservice,0,0,0,0,0,0,0
2026-10-04T14:08:00Z,productcatalogservice,cartservice,0,0,0,0,0,0,0
2026-10-04T14:08:00Z,productcatalogservice,checkoutservice,0,0,0,0,0,0,0
2026-10-04T14:08:00Z,productcatalogservice,currencyservice,0,0,0,0,0,0,0
2026-10-04T14:08:00Z,productcatalogservice,emailservice,0,0,0,0,0,0,0
2026-10-04T14:08:00Z,productcatalogservice,frontend,0,0,0,0,0,0,0
2026-10-04T14:08:00Z,productcatalogservice,kubernetes,0,0,0,0,0,0,0
2026-10-04T14:08:00Z,productcatalogservice,paymentservice,0,0,0,0,0,0,0
2026-10-04T14:08:00Z,productcatalogservice,productcatalogservice,0,0,0,0,0,0,0
2026-10-04T14:08:00Z,productcatalogservice,recommendationservice,0,0,0,0,0,0,0
2026-10-04T14:08:00Z,productcatalogservice,redis-cart,0,0,0,0,0,0,0
2026-10-04T14:08:00Z,productcatalogservice,shippingservice,0,0,0,0,0,0,0
2026-10-04T14:08:00Z,recommendationservice,adservice,0,0,0,0,0,0,0
2026-10-04T14:08:00Z,recommendationservice,cartservice,0,0,0,0,0,0,0
2026-10-04T14:08:00Z,recommendationservice,checkoutservice,0,0,0,0,0,0,0
2026-10-04T14:08:00Z,recommendationservice,currencyservice,0,0,0,0,0,0,0
2026-10-04T14:08:00Z,recommendationservice,emailservice,0,0,0,0,0,0,0
2026-10-04T14:08:00Z,recommendationservice,frontend,0,0,0,0,0,0,0
2026-10-04T14:08:00Z,recommendationservice,kubernetes,0,0,0,0,0,0,0
2026-10-04T14:08:00Z,recommendationservice,paymentservice,0,0,0,0,0,0,0
2026-10-04T14:08:00Z,recommendationservice,productcatalogservice,112324,112324,0,0,0,840655,112230
2026-10-04T14:08:00Z,recommendationservice,recommendationservice,0,0,0,0,0,0,0
2026-10-04T14:08:00Z,recommendationservice,redis-cart,0,0,0,0,0,0,0
2026-10-04T14:08:00Z,recommendationservice,shippingservice,0,0,0,0,0,0,0
2026-10-04T14:08:00Z,redis-cart,adservice,0,0,0,0,0,0,0
2026-10-04T14:08:00Z,redis-cart,cartservice,0,0,0,0,0,0,0
2026-10-04T14:08:00Z,redis-cart,checkoutservice,0,0,0,0,0,0,0
2026-10-04T14:08:00Z,redis-cart,currencyservice,0,0,0,0,0,0,0
2026-10-04T14:08:00Z,redis-cart,emailservice,0,0,0,0,0,0,0
2026-10-04T14:08:00Z,redis-cart,frontend,0,0,0,0,0,0,0
2026-10-04T14:08:00Z,redis-cart,kubernetes,0,0,0,0,0,0,0
2026-10-04T14:08:00Z,redis-cart,paymentservice,0,0,0,0,0,0,0
2026-10-04T14:08:00Z,redis-cart,productcatalogservice,0,0,0,0,0,0,0
2026-10-04T14:08:00Z,redis-cart,recommendationservice,0,0,0,0,0,0,0
2026-10-04T14:08:00Z,redis-cart,redis-cart,0,0,0,0,0,0,0
2026-10-04T14:08:00Z,redis-cart,shippingservice,0,0,0,0,0,0,0
2026-10-04T14:08:00Z,shippingservice,adservice,0,0,0,0,0,0,0
2026-10-04T14:08:00Z,shippingservice,cartservice,0,0,0,0,0,0,0
2026-10-04T14:08:00Z,shippingservice,checkoutservice,0,0,0,0,0,0,0
2026-10-04T14:08:00Z,shippingservice,currencyservice,0,0,0,0,0,0,0
2026-10-04T14:08:00Z,shippingservice,emailservice,0,0,0,0,0,0,0
2026-10-04T14:08:00Z,shippingservice,frontend,0,0,0,0,0,0,0
2026-10-04T14:08:00Z,shippingservice,kubernetes,0,0,0,0,0,0,0
2026-10-04T14:08:00Z,shippingservice,paymentservice,0,0,0,0,0,0,0
2026-10-04T14:08:00Z,shippingservice,productcatalogservice,0,0,0,0,0,0,0
2026-10-04T14:08:00Z,shippingservice,recommendationservice,0,0,0,0,0,0,0
2026-10-04T14:08:00Z,shippingservice,redis-cart,0,0,0,0,0,0,0
2026-10-04T14:08:00Z,shippingservice,shippingservice,0,0,0,0,0,0,0
2026-10-04T14:08:01Z,adservice,adservice,0,0,0,0,0,0,0
2026-10-04T14:08:01Z,adservice,cartservice,0,0,0,0,0,0,0
2026-10-04T14:08:01Z,adservice,checkoutservice,0,0,0,0,0,0,0
2026-10-04T14:08:01Z,adservice,currencyservice,0,0,0,0,0,0,0
2026-10-04T14:08:01Z,adservice,emailservice,0,0,0,0,0,0,0
2026-10-04T14:08:01Z,adservice,frontend,0,0,0,0,0,0,0
2026-10-04T14:08:01Z,adservice,kubernetes,0,0,0,0,0,0,0
2026-10-04T14:08:01Z,adservice,paymentservice,0,0,0,0,0,0,0
2026-10-04T14:08:01Z,adservice,productcatalogservice,0,0,0,0,0,0,0
2026-10-04T14:08:01Z,adservice,recommendationservice,0,0,0,0,0,0,0
2026-10-04T14:08:01Z,adservice,redis-cart,0,0,0,0,0,0,0
2026-10-04T14:08:01Z,adservice,shippingservice,0,0,0,0,0,0,0
2026-10-04T14:08:01Z,cartservice,adservice,0,0,0,0,0,0,0
2026-10-04T14:08:01Z,cartservice,cartservice,0,0,0,0,0,0,0
2026-10-04T14:08:01Z,cartservice,checkoutservice,0,0,0,0,0,0,0
2026-10-04T14:08:01Z,cartservice,currencyservice,0,0,0,0,0,0,0
2026-10-04T14:08:01Z,cartservice,emailservice,0,0,0,0,0,0,0
2026-10-04T14:08:01Z,cartservice,frontend,0,0,0,0,0,0,0
2026-10-04T14:08:01Z,cartservice,kubernetes,0,0,0,0,0,0,0
2026-10-04T14:08:01Z,cartservice,paymentservice,0,0,0,0,0,0,0
2026-10-04T14:08:01Z,cartservice,productcatalogservice,0,0,0,0,0,0,0
2026-10-04T14:08:01Z,cartservice,recommendationservice,0,0,0,0,0,0,0
2026-10-04T14:08:01Z,cartservice,redis-cart,2,0,0,0,0,0,0
2026-10-04T14:08:01Z,cartservice,shippingservice,0,0,0,0,0,0,0
2026-10-04T14:08:01Z,checkoutservice,adservice,0,0,0,0,0,0,0
2026-10-04T14:08:01Z,checkoutservice,cartservice,47498,46565,0,100,0,637313,46108
2026-10-04T14:08:01Z,checkoutservice,checkoutservice,0,0,0,0,0,0,0
2026-10-04T14:08:01Z,checkoutservice,currencyservice,35149,35149,0,0,0,538700,34919
2026-10-04T14:08:01Z,checkoutservice,emailservice,6380,6092,0,66,0,241427,5866
2026-10-04T14:08:01Z,checkoutservice,frontend,0,0,0,0,0,0,0
2026-10-04T14:08:01Z,checkoutservice,kubernetes,0,0,0,0,0,0,0
2026-10-04T14:08:01Z,checkoutservice,paymentservice,28414,26563,0,192,0,410727,26187
2026-10-04T14:08:01Z,checkoutservice,productcatalogservice,0,0,0,0,0,0,0
2026-10-04T14:08:01Z,checkoutservice,recommendationservice,0,0,0,0,0,0,0
2026-10-04T14:08:01Z,checkoutservice,redis-cart,0,0,0,0,0,0,0
2026-10-04T14:08:01Z,checkoutservice,shippingservice,52809,50706,0,154,0,482841,50247
2026-10-04T14:08:01Z,currencyservice,adservice,0,0,0,0,0,0,0
2026-10-04T14:08:01Z,currencyservice,cartservice,0,0,0,0,0,0,0
2026-10-04T14:08:01Z,currencyservice,checkoutservice,0,0,0,0,0,0,0
2026-10-04T14:08:01Z,currencyservice,currencyservice,0,0,0,0,0,0,0
2026-10-04T14:08:01Z,currencyservice,emailservice,0,0,0,0,0,0,0
2026-10-04T14:08:01Z,currencyservice,frontend,0,0,0,0,0,0,0
2026-10-04T14:08:01Z,currencyservice,kubernetes,0,0,0,0,0,0,0
2026-10-04T14:08:01Z,currencyservice,paymentservice,0,0,0,0,0,0,0
2026-10-04T14:08:01Z,currencyservice,productcatalogservice,0,0,0,0,0,0,0
2026-10-04T14:08:01Z,currencyservice,recommendationservice,0,0,0,0,0,0,0
2026-10-04T14:08:01Z,currencyservice,redis-cart,0,0,0,0,0,0,0
2026-10-04T14:08:01Z,currencyservice,shippingservice,0,0,0,0,0,0,0
2026-10-04T14:08:01Z,emailservice,adservice,0,0,0,0,0,0,0
2026-10-04T14:08:01Z,emailservice,cartservice,0,0,0,0,0,0,0
2026-10-04T14:08:01Z,emailservice,checkoutservice,0,0,0,0,0,0,0
2026-10-04T14:08:01Z,emailservice,currencyservice,0,0,0,0,0,0,0
2026-10-04T14:08:01Z,emailservice,emailservice,0,0,0,0,0,0,0
2026-10-04T14:08:01Z,emailservice,frontend,0,0,0,0,0,0,0
2026-10-04T14:08:01Z,emailservice,kubernetes,0,0,0,0,0,0,0
2026-10-04T14:08:01Z,emailservice,paymentservice,0,0,0,0,0,0,0
2026-10-04T14:08:01Z,emailservice,productcatalogservice,0,0,0,0,0,0,0
2026-10-04T14:08:01Z,emailservice,recommendationservice,0,0,0,0,0,0,0
2026-10-04T14:08:01Z,emailservice,redis-cart,0,0,0,0,0,0,0
2026-10-04T14:08:01Z,emailservice,shippingservice,0,0,0,0,0,0,0
2026-10-04T14:08:01Z,frontend,adservice,833782,833778,0,0,0,2514627,833375
2026-10-04T14:08:01Z,frontend,cartservice,1846044,1846032,0,0,4,10269380,1844924
2026-10-04T14:08:01Z,frontend,checkoutservice,394142,184176,0,40061,169943,62039241,184012
2026-10-04T14:08:01Z,frontend,currencyservice,2935000,2934990,0,0,0,15564696,2933237
2026-10-04T14:08:01Z,frontend,emailservice,0,0,0,0,0,0,0
2026-10-04T14:08:01Z,frontend,frontend,0,0,0,0,0,0,0
2026-10-04T14:08:01Z,frontend,kubernetes,0,0,0,0,0,0,0
2026-10-04T14:08:01Z,frontend,paymentservice,0,0,0,0,0,0,0
2026-10-04T14:08:01Z,frontend,productcatalogservice,8257393,8257315,0,0,0,56491970,8253035
2026-10-04T14:08:01Z,frontend,recommendationservice,2661270,1631112,0,107592,920032,800796126,1630088
2026-10-04T14:08:01Z,frontend,redis-cart,0,0,0,0,0,0,0
2026-10-04T14:08:01Z,frontend,shippingservice,305708,305706,0,0,0,929503,305584
2026-10-04T14:08:01Z,paymentservice,adservice,0,0,0,0,0,0,0
2026-10-04T14:08:01Z,paymentservice,cartservice,0,0,0,0,0,0,0
2026-10-04T14:08:01Z,paymentservice,checkoutservice,0,0,0,0,0,0,0
2026-10-04T14:08:01Z,paymentservice,currencyservice,0,0,0,0,0,0,0
2026-10-04T14:08:01Z,paymentservice,emailservice,0,0,0,0,0,0,0
2026-10-04T14:08:01Z,paymentservice,frontend,0,0,0,0,0,0,0
2026-10-04T14:08:01Z,paymentservice,kubernetes,0,0,0,0,0,0,0
2026-10-04T14:08:01Z,paymentservice,paymentservice,0,0,0,0,0,0,0
2026-10-04T14:08:01Z,paymentservice,productcatalogservice,0,0,0,0,0,0,0
2026-10-04T14:08:01Z,paymentservice,recommendationservice,0,0,0,0,0,0,0
2026-10-04T14:08:01Z,paymentservice,redis-cart,0,0,0,0,0,0,0
2026-10-04T14:08:01Z,paymentservice,shippingservice,0,0,0,0,0,0,0
2026-10-04T14:08:01Z,productcatalogservice,adservice,0,0,0,0,0,0,0
2026-10-04T14:08:01Z,productcatalogservice,cartservice,0,0,0,0,0,0,0
2026-10-04T14:08:01Z,productcatalogservice,checkoutservice,0,0,0,0,0,0,0
2026-10-04T14:08:01Z,productcatalogservice,currencyservice,0,0,0,0,0,0,0
2026-10-04T14:08:01Z,productcatalogservice,emailservice,0,0,0,0,0,0,0
2026-10-04T14:08:01Z,productcatalogservice,frontend,0,0,0,0,0,0,0
2026-10-04T14:08:01Z,productcatalogservice,kubernetes,0,0,0,0,0,0,0
2026-10-04T14:08:01Z,productcatalogservice,paymentservice,0,0,0,0,0,0,0
2026-10-04T14:08:01Z,productcatalogservice,productcatalogservice,0,0,0,0,0,0,0
2026-10-04T14:08:01Z,productcatalogservice,recommendationservice,0,0,0,0,0,0,0
2026-10-04T14:08:01Z,productcatalogservice,redis-cart,0,0,0,0,0,0,0
2026-10-04T14:08:01Z,productcatalogservice,shippingservice,0,0,0,0,0,0,0
2026-10-04T14:08:01Z,recommendationservice,adservice,0,0,0,0,0,0,0
2026-10-04T14:08:01Z,recommendationservice,cartservice,0,0,0,0,0,0,0
2026-10-04T14:08:01Z,recommendationservice,checkoutservice,0,0,0,0,0,0,0
2026-10-04T14:08:01Z,recommendationservice,currencyservice,0,0,0,0,0,0,0
2026-10-04T14:08:01Z,recommendationservice,emailservice,0,0,0,0,0,0,0
2026-10-04T14:08:01Z,recommendationservice,frontend,0,0,0,0,0,0,0
2026-10-04T14:08:01Z,recommendationservice,kubernetes,0,0,0,0,0,0,0
2026-10-04T14:08:01Z,recommendationservice,paymentservice,0,0,0,0,0,0,0
2026-10-04T14:08:01Z,recommendationservice,productcatalogservice,112758,112757,0,0,0,840655,112230
2026-10-04T14:08:01Z,recommendationservice,recommendationservice,0,0,0,0,0,0,0
2026-10-04T14:08:01Z,recommendationservice,redis-cart,0,0,0,0,0,0,0
2026-10-04T14:08:01Z,recommendationservice,shippingservice,0,0,0,0,0,0,0
2026-10-04T14:08:01Z,redis-cart,adservice,0,0,0,0,0,0,0
2026-10-04T14:08:01Z,redis-cart,cartservice,0,0,0,0,0,0,0
2026-10-04T14:08:01Z,redis-cart,checkoutservice,0,0,0,0,0,0,0
2026-10-04T14:08:01Z,redis-cart,currencyservice,0,0,0,0,0,0,0
2026-10-04T14:08:01Z,redis-cart,emailservice,0,0,0,0,0,0,0
2026-10-04T14:08:01Z,redis-cart,frontend,0,0,0,0,0,0,0
2026-10-04T14:08:01Z,redis-cart,kubernetes,0,0,0,0,0,0,0
2026-10-04T14:08:01Z,redis-cart,paymentservice,0,0,0,0,0,0,0
2026-10-04T14:08:01Z,redis-cart,productcatalogservice,0,0,0,0,0,0,0
2026-10-04T14:08:01Z,redis-cart,recommendationservice,0,0,0,0,0,0,0
2026-10-04T14:08:01Z,redis-cart,redis-cart,0,0,0,0,0,0,0
2026-10-04T14:08:01Z,redis-cart,shippingservice,0,0,0,0,0,0,0
2026-10-04T14:08:01Z,shippingservice,adservice,0,0,0,0,0,0,0
2026-10-04T14:08:01Z,shippingservice,cartservice,0,0,0,0,0,0,0
2026-10-04T14:08:01Z,shippingservice,checkoutservice,0,0,0,0,0,0,0
2026-10-04T14:08:01Z,shippingservice,currencyservice,0,0,0,0,0,0,0
2026-10-04T14:08:01Z,shippingservice,emailservice,0,0,0,0,0,0,0
2026-10-04T14:08:01Z,shippingservice,frontend,0,0,0,0,0,0,0
2026-10-04T14:08:01Z,shippingservice,kubernetes,0,0,0,0,0,0,0
2026-10-04T14:08:01Z,shippingservice,paymentservice,0,0,0,0,0,0,0
2026-10-04T14:08:01Z,shippingservice,productcatalogservice,0,0,0,0,0,0,0
2026-10-04T14:08:01Z,shippingservice,recommendationservice,0,0,0,0,0,0,0
2026-10-04T14:08:01Z,shippingservice,redis-cart,0,0,0,0,0,0,0
2026-10-04T14:08:01Z,shippingservice,shippingservice,0,0,0,0,0,0,0
2026-10-04T14:08:02Z,adservice,adservice,0,0,0,0,0,0,0
2026-10-04T14:08:02Z,adservice,cartservice,0,0,0,0,0,0,0
2026-10-04T14:08:02Z,adservice,checkoutservice,0,0,0,0,0,0,0
2026-10-04T14:08:02Z,adservice,currencyservice,0,0,0,0,0,0,0
2026-10-04T14:08:02Z,adservice,emailservice,0,0,0,0,0,0,0
2026-10-04T14:08:02Z,adservice,frontend,0,0,0,0,0,0,0
2026-10-04T14:08:02Z,adservice,kubernetes,0,0,0,0,0,0,0
2026-10-04T14:08:02Z,adservice,paymentservice,0,0,0,0,0,0,0
2026-10-04T14:08:02Z,adservice,productcatalogservice,0,0,0,0,0,0,0
2026-10-04T14:08:02Z,adservice,recommendationservice,0,0,0,0,0,0,0
2026-10-04T14:08:02Z,adservice,redis-cart,0,0,0,0,0,0,0
2026-10-04T14:08:02Z,adservice,shippingservice,0,0,0,0,0,0,0
2026-10-04T14:08:02Z,cartservice,adservice,0,0,0,0,0,0,0
2026-10-04T14:08:02Z,cartservice,cartservice,0,0,0,0,0,0,0
2026-10-04T14:08:02Z,cartservice,checkoutservice,0,0,0,0,0,0,0
2026-10-04T14:08:02Z,cartservice,currencyservice,0,0,0,0,0,0,0
2026-10-04T14:08:02Z,cartservice,emailservice,0,0,0,0,0,0,0
2026-10-04T14:08:02Z,cartservice,frontend,0,0,0,0,0,0,0
2026-10-04T14:08:02Z,cartservice,kubernetes,0,0,0,0,0,0,0
2026-10-04T14:08:02Z,cartservice,paymentservice,0,0,0,0,0,0,0
2026-10-04T14:08:02Z,cartservice,productcatalogservice,0,0,0,0,0,0,0
2026-10-04T14:08:02Z,cartservice,recommendationservice,0,0,0,0,0,0,0
2026-10-04T14:08:02Z,cartservice,redis-cart,2,0,0,0,0,0,0
2026-10-04T14:08:02Z,cartservice,shippingservice,0,0,0,0,0,0,0
2026-10-04T14:08:02Z,checkoutservice,adservice,0,0,0,0,0,0,0
2026-10-04T14:08:02Z,checkoutservice,cartservice,47596,46665,0,100,0,639664,46627
2026-10-04T14:08:02Z,checkoutservice,checkoutservice,0,0,0,0,0,0,0
2026-10-04T14:08:02Z,checkoutservice,currencyservice,35196,35196,0,0,0,539703,35178
2026-10-04T14:08:02Z,checkoutservice,emailservice,6434,6148,0,66,0,251725,6128
2026-10-04T14:08:02Z,checkoutservice,frontend,0,0,0,0,0,0,0
2026-10-04T14:08:02Z,checkoutservice,kubernetes,0,0,0,0,0,0,0
2026-10-04T14:08:02Z,checkoutservice,paymentservice,28462,26614,0,192,0,411663,26448
2026-10-04T14:08:02Z,checkoutservice,productcatalogservice,0,0,0,0,0,0,0
2026-10-04T14:08:02Z,checkoutservice,recommendationservice,0,0,0,0,0,0,0
2026-10-04T14:08:02Z,checkoutservice,redis-cart,0,0,0,0,0,0,0
2026-10-04T14:08:02Z,checkoutservice,shippingservice,52908,50805,0,154,0,483991,50765
2026-10-04T14:08:02Z,currencyservice,adservice,0,0,0,0,0,0,0
2026-10-04T14:08:02Z,currencyservice,cartservice,0,0,0,0,0,0,0
2026-10-04T14:08:02Z,currencyservice,checkoutservice,0,0,0,0,0,0,0
2026-10-04T14:08:02Z,currencyservice,currencyservice,0,0,0,0,0,0,0
2026-10-04T14:08:02Z,currencyservice,emailservice,0,0,0,0,0,0,0
2026-10-04T14:08:02Z,currencyservice,frontend,0,0,0,0,0,0,0
2026-10-04T14:08:02Z,currencyservice,kubernetes,0,0,0,0,0,0,0
2026-10-04T14:08:02Z,currencyservice,paymentservice,0,0,0,0,0,0,0
2026-10-04T14:08:02Z,currencyservice,productcatalogservice,0,0,0,0,0,0,0
2026-10-04T14:08:02Z,currencyservice,recommendationservice,0,0,0,0,0,0,0
2026-10-04T14:08:02Z,currencyservice,redis-cart,0,0,0,0,0,0,0
2026-10-04T14:08:02Z,currencyservice,shippingservice,0,0,0,0,0,0,0
2026-10-04T14:08:02Z,emailservice,adservice,0,0,0,0,0,0,0
2026-10-04T14:08:02Z,emailservice,cartservice,0,0,0,0,0,0,0
2026-10-04T14:08:02Z,emailservice,checkoutservice,0,0,0,0,0,0,0
2026-10-04T14:08:02Z,emailservice,currencyservice,0,0,0,0,0,0,0
2026-10-04T14:08:02Z,emailservice,emailservice,0,0,0,0,0,0,0
2026-10-04T14:08:02Z,emailservice,frontend,0,0,0,0,0,0,0
2026-10-04T14:08:02Z,emailservice,kubernetes,0,0,0,0,0,0,0
2026-10-04T14:08:02Z,emailservice,paymentservice,0,0,0,0,0,0,0
2026-10-04T14:08:02Z,emailservice,productcatalogservice,0,0,0,0,0,0,0
2026-10-04T14:08:02Z,emailservice,recommendationservice,0,0,0,0,0,0,0
2026-10-04T14:08:02Z,emailservice,redis-cart,0,0,0,0,0,0,0
2026-10-04T14:08:02Z,emailservice,shippingservice,0,0,0,0,0,0,0
2026-10-04T14:08:02Z,frontend,adservice,833928,833926,0,0,0,2514627,833375
2026-10-04T14:08:02Z,frontend,cartservice,1846451,1846436,0,0,4,10269380,1844924
2026-10-04T14:08:02Z,frontend,checkoutservice,394195,184230,0,40061,169943,62039241,184012
2026-10-04T14:08:02Z,frontend,currencyservice,2935633,2935625,0,0,0,15564696,2933237
2026-10-04T14:08:02Z,frontend,emailservice,0,0,0,0,0,0,0
2026-10-04T14:08:02Z,frontend,frontend,0,0,0,0,0,0,0
2026-10-04T14:08:02Z,frontend,kubernetes,0,0,0,0,0,0,0
2026-10-04T14:08:02Z,frontend,paymentservice,0,0,0,0,0,0,0
2026-10-04T14:08:02Z,frontend,productcatalogservice,8259001,8258928,0,0,0,56491970,8253035
2026-10-04T14:08:02Z,frontend,recommendationservice,2662009,1631470,0,107643,920371,800796126,1630088
2026-10-04T14:08:02Z,frontend,redis-cart,0,0,0,0,0,0,0
2026-10-04T14:08:02Z,frontend,shippingservice,305768,305766,0,0,0,929503,305584
2026-10-04T14:08:02Z,paymentservice,adservice,0,0,0,0,0,0,0
2026-10-04T14:08:02Z,paymentservice,cartservice,0,0,0,0,0,0,0
2026-10-04T14:08:02Z,paymentservice,checkoutservice,0,0,0,0,0,0,0
2026-10-04T14:08:02Z,paymentservice,currencyservice,0,0,0,0,0,0,0
2026-10-04T14:08:02Z,paymentservice,emailservice,0,0,0,0,0,0,0
2026-10-04T14:08:02Z,paymentservice,frontend,0,0,0,0,0,0,0
2026-10-04T14:08:02Z,paymentservice,kubernetes,0,0,0,0,0,0,0
2026-10-04T14:08:02Z,paymentservice,paymentservice,0,0,0,0,0,0,0
2026-10-04T14:08:02Z,paymentservice,productcatalogservice,0,0,0,0,0,0,0
2026-10-04T14:08:02Z,paymentservice,recommendationservice,0,0,0,0,0,0,0
2026-10-04T14:08:02Z,paymentservice,redis-cart,0,0,0,0,0,0,0
2026-10-04T14:08:02Z,paymentservice,shippingservice,0,0,0,0,0,0,0
2026-10-04T14:08:02Z,productcatalogservice,adservice,0,0,0,0,0,0,0
2026-10-04T14:08:02Z,productcatalogservice,cartservice,0,0,0,0,0,0,0
2026-10-04T14:08:02Z,productcatalogservice,checkoutservice,0,0,0,0,0,0,0
2026-10-04T14:08:02Z,productcatalogservice,currencyservice,0,0,0,0,0,0,0
2026-10-04T14:08:02Z,productcatalogservice,emailservice,0,0,0,0,0,0,0
2026-10-04T14:08:02Z,productcatalogservice,frontend,0,0,0,0,0,0,0
2026-10-04T14:08:02Z,productcatalogservice,kubernetes,0,0,0,0,0,0,0
2026-10-04T14:08:02Z,productcatalogservice,paymentservice,0,0,0,0,0,0,0
2026-10-04T14:08:02Z,productcatalogservice,productcatalogservice,0,0,0,0,0,0,0
2026-10-04T14:08:02Z,productcatalogservice,recommendationservice,0,0,0,0,0,0,0
2026-10-04T14:08:02Z,productcatalogservice,redis-cart,0,0,0,0,0,0,0
2026-10-04T14:08:02Z,productcatalogservice,shippingservice,0,0,0,0,0,0,0
2026-10-04T14:08:02Z,recommendationservice,adservice,0,0,0,0,0,0,0
2026-10-04T14:08:02Z,recommendationservice,cartservice,0,0,0,0,0,0,0
2026-10-04T14:08:02Z,recommendationservice,checkoutservice,0,0,0,0,0,0,0
2026-10-04T14:08:02Z,recommendationservice,currencyservice,0,0,0,0,0,0,0
2026-10-04T14:08:02Z,recommendationservice,emailservice,0,0,0,0,0,0,0
2026-10-04T14:08:02Z,recommendationservice,frontend,0,0,0,0,0,0,0
2026-10-04T14:08:02Z,recommendationservice,kubernetes,0,0,0,0,0,0,0
2026-10-04T14:08:02Z,recommendationservice,paymentservice,0,0,0,0,0,0,0
2026-10-04T14:08:02Z,recommendationservice,productcatalogservice,113186,113180,0,0,0,840655,112230
2026-10-04T14:08:02Z,recommendationservice,recommendationservice,0,0,0,0,0,0,0
2026-10-04T14:08:02Z,recommendationservice,redis-cart,0,0,0,0,0,0,0
2026-10-04T14:08:02Z,recommendationservice,shippingservice,0,0,0,0,0,0,0
2026-10-04T14:08:02Z,redis-cart,adservice,0,0,0,0,0,0,0
2026-10-04T14:08:02Z,redis-cart,cartservice,0,0,0,0,0,0,0
2026-10-04T14:08:02Z,redis-cart,checkoutservice,0,0,0,0,0,0,0
2026-10-04T14:08:02Z,redis-cart,currencyservice,0,0,0,0,0,0,0
2026-10-04T14:08:02Z,redis-cart,emailservice,0,0,0,0,0,0,0
2026-10-04T14:08:02Z,redis-cart,frontend,0,0,0,0,0,0,0
2026-10-04T14:08:02Z,redis-cart,kubernetes,0,0,0,0,0,0,0
2026-10-04T14:08:02Z,redis-cart,paymentservice,0,0,0,0,0,0,0
2026-10-04T14:08:02Z,redis-cart,productcatalogservice,0,0,0,0,0,0,0
2026-10-04T14:08:02Z,redis-cart,recommendationservice,0,0,0,0,0,0,0
2026-10-04T14:08:02Z,redis-cart,redis-cart,0,0,0,0,0,0,0
2026-10-04T14:08:02Z,redis-cart,shippingservice,0,0,0,0,0,0,0
2026-10-04T14:08:02Z,shippingservice,adservice,0,0,0,0,0,0,0
2026-10-04T14:08:02Z,shippingservice,cartservice,0,0,0,0,0,0,0
2026-10-04T14:08:02Z,shippingservice,checkoutservice,0,0,0,0,0,0,0
2026-10-04T14:08:02Z,shippingservice,currencyservice,0,0,0,0,0,0,0
2026-10-04T14:08:02Z,shippingservice,emailservice,0,0,0,0,0,0,0
2026-10-04T14:08:02Z,shippingservice,frontend,0,0,0,0,0,0,0
2026-10-04T14:08:02Z,shippingservice,kubernetes,0,0,0,0,0,0,0
2026-10-04T14:08:02Z,shippingservice,paymentservice,0,0,0,0,0,0,0
2026-10-04T14:08:02Z,shippingservice,productcatalogservice,0,0,0,0,0,0,0
2026-10-04T14:08:02Z,shippingservice,recommendationservice,0,0,0,0,0,0,0
2026-10-04T14:08:02Z,shippingservice,redis-cart,0,0,0,0,0,0,0
2026-10-04T14:08:02Z,shippingservice,shippingservice,0,0,0,0,0,0,0
2026-10-04T14:08:03Z,adservice,adservice,0,0,0,0,0,0,0
2026-10-04T14:08:03Z,adservice,cartservice,0,0,0,0,0,0,0
2026-10-04T14:08:03Z,adservice,checkoutservice,0,0,0,0,0,0,0
2026-10-04T14:08:03Z,adservice,currencyservice,0,0,0,0,0,0,0
2026-10-04T14:08:03Z,adservice,emailservice,0,0,0,0,0,0,0
2026-10-04T14:08:03Z,adservice,frontend,0,0,0,0,0,0,0
2026-10-04T14:08:03Z,adservice,kubernetes,0,0,0,0,0,0,0
2026-10-04T14:08:03Z,adservice,paymentservice,0,0,0,0,0,0,0
2026-10-04T14:08:03Z,adservice,productcatalogservice,0,0,0,0,0,0,0
2026-10-04T14:08:03Z,adservice,recommendationservice,0,0,0,0,0,0,0
2026-10-04T14:08:03Z,adservice,redis-cart,0,0,0,0,0,0,0
2026-10-04T14:08:03Z,adservice,shippingservice,0,0,0,0,0,0,0
2026-10-04T14:08:03Z,cartservice,adservice,0,0,0,0,0,0,0
2026-10-04T14:08:03Z,cartservice,cartservice,0,0,0,0,0,0,0
2026-10-04T14:08:03Z,cartservice,checkoutservice,0,0,0,0,0,0,0
2026-10-04T14:08:03Z,cartservice,currencyservice,0,0,0,0,0,0,0
2026-10-04T14:08:03Z,cartservice,emailservice,0,0,0,0,0,0,0
2026-10-04T14:08:03Z,cartservice,frontend,0,0,0,0,0,0,0
2026-10-04T14:08:03Z,cartservice,kubernetes,0,0,0,0,0,0,0
2026-10-04T14:08:03Z,cartservice,paymentservice,0,0,0,0,0,0,0
2026-10-04T14:08:03Z,cartservice,productcatalogservice,0,0,0,0,0,0,0
2026-10-04T14:08:03Z,cartservice,recommendationservice,0,0,0,0,0,0,0
2026-10-04T14:08:03Z,cartservice,redis-cart,2,0,0,0,0,0,0
2026-10-04T14:08:03Z,cartservice,shippingservice,0,0,0,0,0,0,0
2026-10-04T14:08:03Z,checkoutservice,adservice,0,0,0,0,0,0,0
2026-10-04T14:08:03Z,checkoutservice,cartservice,47711,46780,0,100,0,639664,46627
2026-10-04T14:08:03Z,checkoutservice,checkoutservice,0,0,0,0,0,0,0
2026-10-04T14:08:03Z,checkoutservice,currencyservice,35254,35254,0,0,0,539703,35178
2026-10-04T14:08:03Z,checkoutservice,emailservice,6488,6202,0,66,0,251725,6128
2026-10-04T14:08:03Z,checkoutservice,frontend,0,0,0,0,0,0,0
2026-10-04T14:08:03Z,checkoutservice,kubernetes,0,0,0,0,0,0,0
2026-10-04T14:08:03Z,checkoutservice,paymentservice,28520,26672,0,192,0,411663,26448
2026-10-04T14:08:03Z,checkoutservice,productcatalogservice,0,0,0,0,0,0,0
2026-10-04T14:08:03Z,checkoutservice,recommendationservice,0,0,0,0,0,0,0
2026-10-04T14:08:03Z,checkoutservice,redis-cart,0,0,0,0,0,0,0
2026-10-04T14:08:03Z,checkoutservice,shippingservice,53023,50920,0,154,0,483991,50765
2026-10-04T14:08:03Z,currencyservice,adservice,0,0,0,0,0,0,0
2026-10-04T14:08:03Z,currencyservice,cartservice,0,0,0,0,0,0,0
2026-10-04T14:08:03Z,currencyservice,checkoutservice,0,0,0,0,0,0,0
2026-10-04T14:08:03Z,currencyservice,currencyservice,0,0,0,0,0,0,0
2026-10-04T14:08:03Z,currencyservice,emailservice,0,0,0,0,0,0,0
2026-10-04T14:08:03Z,currencyservice,frontend,0,0,0,0,0,0,0
2026-10-04T14:08:03Z,currencyservice,kubernetes,0,0,0,0,0,0,0
2026-10-04T14:08:03Z,currencyservice,paymentservice,0,0,0,0,0,0,0
2026-10-04T14:08:03Z,currencyservice,productcatalogservice,0,0,0,0,0,0,0
2026-10-04T14:08:03Z,currencyservice,recommendationservice,0,0,0,0,0,0,0
2026-10-04T14:08:03Z,currencyservice,redis-cart,0,0,0,0,0,0,0
2026-10-04T14:08:03Z,currencyservice,shippingservice,0,0,0,0,0,0,0
2026-10-04T14:08:03Z,emailservice,adservice,0,0,0,0,0,0,0
2026-10-04T14:08:03Z,emailservice,cartservice,0,0,0,0,0,0,0
2026-10-04T14:08:03Z,emailservice,checkoutservice,0,0,0,0,0,0,0
2026-10-04T14:08:03Z,emailservice,currencyservice,0,0,0,0,0,0,0
2026-10-04T14:08:03Z,emailservice,emailservice,0,0,0,0,0,0,0
2026-10-04T14:08:03Z,emailservice,frontend,0,0,0,0,0,0,0
2026-10-04T14:08:03Z,emailservice,kubernetes,0,0,0,0,0,0,0
2026-10-04T14:08:03Z,emailservice,paymentservice,0,0,0,0,0,0,0
2026-10-04T14:08:03Z,emailservice,productcatalogservice,0,0,0,0,0,0,0
2026-10-04T14:08:03Z,emailservice,recommendationservice,0,0,0,0,0,0,0
2026-10-04T14:08:03Z,emailservice,redis-cart,0,0,0,0,0,0,0
2026-10-04T14:08:03Z,emailservice,shippingservice,0,0,0,0,0,0,0
2026-10-04T14:08:03Z,frontend,adservice,834076,834073,0,0,0,2515093,833542
2026-10-04T14:08:03Z,frontend,cartservice,1846859,1846846,0,0,4,10271478,1845396
2026-10-04T14:08:03Z,frontend,checkoutservice,394249,184278,0,40061,169943,62049273,184083
2026-10-04T14:08:03Z,frontend,currencyservice,2936294,2936277,0,0,0,15567626,2934003
2026-10-04T14:08:03Z,frontend,emailservice,0,0,0,0,0,0,0
2026-10-04T14:08:03Z,frontend,frontend,0,0,0,0,0,0,0
2026-10-04T14:08:03Z,frontend,kubernetes,0,0,0,0,0,0,0
2026-10-04T14:08:03Z,frontend,paymentservice,0,0,0,0,0,0,0
2026-10-04T14:08:03Z,frontend,productcatalogservice,8260653,8260582,0,0,0,56506008,8254878
2026-10-04T14:08:03Z,frontend,recommendationservice,2662684,1631834,0,107684,920651,801158836,1630543
2026-10-04T14:08:03Z,frontend,redis-cart,0,0,0,0,0,0,0
2026-10-04T14:08:03Z,frontend,shippingservice,305831,305829,0,0,0,929623,305641
2026-10-04T14:08:03Z,paymentservice,adservice,0,0,0,0,0,0,0
2026-10-04T14:08:03Z,paymentservice,cartservice,0,0,0,0,0,0,0
2026-10-04T14:08:03Z,paymentservice,checkoutservice,0,0,0,0,0,0,0
2026-10-04T14:08:03Z,paymentservice,currencyservice,0,0,0,0,0,0,0
2026-10-04T14:08:03Z,paymentservice,emailservice,0,0,0,0,0,0,0
2026-10-04T14:08:03Z,paymentservice,frontend,0,0,0,0,0,0,0
2026-10-04T14:08:03Z,paymentservice,kubernetes,0,0,0,0,0,0,0
2026-10-04T14:08:03Z,paymentservice,paymentservice,0,0,0,0,0,0,0
2026-10-04T14:08:03Z,paymentservice,productcatalogservice,0,0,0,0,0,0,0
2026-10-04T14:08:03Z,paymentservice,recommendationservice,0,0,0,0,0,0,0
2026-10-04T14:08:03Z,paymentservice,redis-cart,0,0,0,0,0,0,0
2026-10-04T14:08:03Z,paymentservice,shippingservice,0,0,0,0,0,0,0
2026-10-04T14:08:03Z,productcatalogservice,adservice,0,0,0,0,0,0,0
2026-10-04T14:08:03Z,productcatalogservice,cartservice,0,0,0,0,0,0,0
2026-10-04T14:08:03Z,productcatalogservice,checkoutservice,0,0,0,0,0,0,0
2026-10-04T14:08:03Z,productcatalogservice,currencyservice,0,0,0,0,0,0,0
2026-10-04T14:08:03Z,productcatalogservice,emailservice,0,0,0,0,0,0,0
2026-10-04T14:08:03Z,productcatalogservice,frontend,0,0,0,0,0,0,0
2026-10-04T14:08:03Z,productcatalogservice,kubernetes,0,0,0,0,0,0,0
2026-10-04T14:08:03Z,productcatalogservice,paymentservice,0,0,0,0,0,0,0
2026-10-04T14:08:03Z,productcatalogservice,productcatalogservice,0,0,0,0,0,0,0
2026-10-04T14:08:03Z,productcatalogservice,recommendationservice,0,0,0,0,0,0,0
2026-10-04T14:08:03Z,productcatalogservice,redis-cart,0,0,0,0,0,0,0
2026-10-04T14:08:03Z,productcatalogservice,shippingservice,0,0,0,0,0,0,0
2026-10-04T14:08:03Z,recommendationservice,adservice,0,0,0,0,0,0,0
2026-10-04T14:08:03Z,recommendationservice,cartservice,0,0,0,0,0,0,0
2026-10-04T14:08:03Z,recommendationservice,checkoutservice,0,0,0,0,0,0,0
2026-10-04T14:08:03Z,recommendationservice,currencyservice,0,0,0,0,0,0,0
2026-10-04T14:08:03Z,recommendationservice,emailservice,0,0,0,0,0,0,0
2026-10-04T14:08:03Z,recommendationservice,frontend,0,0,0,0,0,0,0
2026-10-04T14:08:03Z,recommendationservice,kubernetes,0,0,0,0,0,0,0
2026-10-04T14:08:03Z,recommendationservice,paymentservice,0,0,0,0,0,0,0
2026-10-04T14:08:03Z,recommendationservice,productcatalogservice,113586,113584,0,0,0,840655,112230
2026-10-04T14:08:03Z,recommendationservice,recommendationservice,0,0,0,0,0,0,0
2026-10-04T14:08:03Z,recommendationservice,redis-cart,0,0,0,0,0,0,0
2026-10-04T14:08:03Z,recommendationservice,shippingservice,0,0,0,0,0,0,0
2026-10-04T14:08:03Z,redis-cart,adservice,0,0,0,0,0,0,0
2026-10-04T14:08:03Z,redis-cart,cartservice,0,0,0,0,0,0,0
2026-10-04T14:08:03Z,redis-cart,checkoutservice,0,0,0,0,0,0,0
2026-10-04T14:08:03Z,redis-cart,currencyservice,0,0,0,0,0,0,0
2026-10-04T14:08:03Z,redis-cart,emailservice,0,0,0,0,0,0,0
2026-10-04T14:08:03Z,redis-cart,frontend,0,0,0,0,0,0,0
2026-10-04T14:08:03Z,redis-cart,kubernetes,0,0,0,0,0,0,0
2026-10-04T14:08:03Z,redis-cart,paymentservice,0,0,0,0,0,0,0
2026-10-04T14:08:03Z,redis-cart,productcatalogservice,0,0,0,0,0,0,0
2026-10-04T14:08:03Z,redis-cart,recommendationservice,0,0,0,0,0,0,0
2026-10-04T14:08:03Z,redis-cart,redis-cart,0,0,0,0,0,0,0
2026-10-04T14:08:03Z,redis-cart,shippingservice,0,0,0,0,0,0,0
2026-10-04T14:08:03Z,shippingservice,adservice,0,0,0,0,0,0,0
2026-10-04T14:08:03Z,shippingservice,cartservice,0,0,0,0,0,0,0
2026-10-04T14:08:03Z,shippingservice,checkoutservice,0,0,0,0,0,0,0
2026-10-04T14:08:03Z,shippingservice,currencyservice,0,0,0,0,0,0,0
2026-10-04T14:08:03Z,shippingservice,emailservice,0,0,0,0,0,0,0
2026-10-04T14:08:03Z,shippingservice,frontend,0,0,0,0,0,0,0
2026-10-04T14:08:03Z,shippingservice,kubernetes,0,0,0,0,0,0,0
2026-10-04T14:08:03Z,shippingservice,paymentservice,0,0,0,0,0,0,0
2026-10-04T14:08:03Z,shippingservice,productcatalogservice,0,0,0,0,0,0,0
2026-10-04T14:08:03Z,shippingservice,recommendationservice,0,0,0,0,0,0,0
2026-10-04T14:08:03Z,shippingservice,redis-cart,0,0,0,0,0,0,0
2026-10-04T14:08:03Z,shippingservice,shippingservice,0,0,0,0,0,0,0
2026-10-04T14:08:04Z,adservice,adservice,0,0,0,0,0,0,0
2026-10-04T14:08:04Z,adservice,cartservice,0,0,0,0,0,0,0
2026-10-04T14:08:04Z,adservice,checkoutservice,0,0,0,0,0,0,0
2026-10-04T14:08:04Z,adservice,currencyservice,0,0,0,0,0,0,0
2026-10-04T14:08:04Z,adservice,emailservice,0,0,0,0,0,0,0
2026-10-04T14:08:04Z,adservice,frontend,0,0,0,0,0,0,0
2026-10-04T14:08:04Z,adservice,kubernetes,0,0,0,0,0,0,0
2026-10-04T14:08:04Z,adservice,paymentservice,0,0,0,0,0,0,0
2026-10-04T14:08:04Z,adservice,productcatalogservice,0,0,0,0,0,0,0
2026-10-04T14:08:04Z,adservice,recommendationservice,0,0,0,0,0,0,0
2026-10-04T14:08:04Z,adservice,redis-cart,0,0,0,0,0,0,0
2026-10-04T14:08:04Z,adservice,shippingservice,0,0,0,0,0,0,0
2026-10-04T14:08:04Z,cartservice,adservice,0,0,0,0,0,0,0
2026-10-04T14:08:04Z,cartservice,cartservice,0,0,0,0,0,0,0
2026-10-04T14:08:04Z,cartservice,checkoutservice,0,0,0,0,0,0,0
2026-10-04T14:08:04Z,cartservice,currencyservice,0,0,0,0,0,0,0
2026-10-04T14:08:04Z,cartservice,emailservice,0,0,0,0,0,0,0
2026-10-04T14:08:04Z,cartservice,frontend,0,0,0,0,0,0,0
2026-10-04T14:08:04Z,cartservice,kubernetes,0,0,0,0,0,0,0
2026-10-04T14:08:04Z,cartservice,paymentservice,0,0,0,0,0,0,0
2026-10-04T14:08:04Z,cartservice,productcatalogservice,0,0,0,0,0,0,0
2026-10-04T14:08:04Z,cartservice,recommendationservice,0,0,0,0,0,0,0
2026-10-04T14:08:04Z,cartservice,redis-cart,2,0,0,0,0,0,0
2026-10-04T14:08:04Z,cartservice,shippingservice,0,0,0,0,0,0,0
2026-10-04T14:08:04Z,checkoutservice,adservice,0,0,0,0,0,0,0
2026-10-04T14:08:04Z,checkoutservice,cartservice,47843,46910,0,100,0,639664,46627
2026-10-04T14:08:04Z,checkoutservice,checkoutservice,0,0,0,0,0,0,0
2026-10-04T14:08:04Z,checkoutservice,currencyservice,35320,35315,0,0,0,539703,35178
2026-10-04T14:08:04Z,checkoutservice,emailservice,6551,6262,0,66,0,251725,6128
2026-10-04T14:08:04Z,checkoutservice,frontend,0,0,0,0,0,0,0
2026-10-04T14:08:04Z,checkoutservice,kubernetes,0,0,0,0,0,0,0
2026-10-04T14:08:04Z,checkoutservice,paymentservice,28581,26733,0,192,0,411663,26448
2026-10-04T14:08:04Z,checkoutservice,productcatalogservice,0,0,0,0,0,0,0
2026-10-04T14:08:04Z,checkoutservice,recommendationservice,0,0,0,0,0,0,0
2026-10-04T14:08:04Z,checkoutservice,redis-cart,0,0,0,0,0,0,0
2026-10-04T14:08:04Z,checkoutservice,shippingservice,53155,51048,0,154,0,483991,50765
2026-10-04T14:08:04Z,currencyservice,adservice,0,0,0,0,0,0,0
2026-10-04T14:08:04Z,currencyservice,cartservice,0,0,0,0,0,0,0
2026-10-04T14:08:04Z,currencyservice,checkoutservice,0,0,0,0,0,0,0
2026-10-04T14:08:04Z,currencyservice,currencyservice,0,0,0,0,0,0,0
2026-10-04T14:08:04Z,currencyservice,emailservice,0,0,0,0,0,0,0
2026-10-04T14:08:04Z,currencyservice,frontend,0,0,0,0,0,0,0
2026-10-04T14:08:04Z,currencyservice,kubernetes,0,0,0,0,0,0,0
2026-10-04T14:08:04Z,currencyservice,paymentservice,0,0,0,0,0,0,0
2026-10-04T14:08:04Z,currencyservice,productcatalogservice,0,0,0,0,0,0,0
2026-10-04T14:08:04Z,currencyservice,recommendationservice,0,0,0,0,0,0,0
2026-10-04T14:08:04Z,currencyservice,redis-cart,0,0,0,0,0,0,0
2026-10-04T14:08:04Z,currencyservice,shippingservice,0,0,0,0,0,0,0
2026-10-04T14:08:04Z,emailservice,adservice,0,0,0,0,0,0,0
2026-10-04T14:08:04Z,emailservice,cartservice,0,0,0,0,0,0,0
2026-10-04T14:08:04Z,emailservice,checkoutservice,0,0,0,0,0,0,0
2026-10-04T14:08:04Z,emailservice,currencyservice,0,0,0,0,0,0,0
2026-10-04T14:08:04Z,emailservice,emailservice,0,0,0,0,0,0,0
2026-10-04T14:08:04Z,emailservice,frontend,0,0,0,0,0,0,0
2026-10-04T14:08:04Z,emailservice,kubernetes,0,0,0,0,0,0,0
2026-10-04T14:08:04Z,emailservice,paymentservice,0,0,0,0,0,0,0
2026-10-04T14:08:04Z,emailservice,productcatalogservice,0,0,0,0,0,0,0
2026-10-04T14:08:04Z,emailservice,recommendationservice,0,0,0,0,0,0,0
2026-10-04T14:08:04Z,emailservice,redis-cart,0,0,0,0,0,0,0
2026-10-04T14:08:04Z,emailservice,shippingservice,0,0,0,0,0,0,0
2026-10-04T14:08:04Z,frontend,adservice,834228,834225,0,0,0,2516726,834099
2026-10-04T14:08:04Z,frontend,cartservice,1847242,1847230,0,0,4,10277789,1846902
2026-10-04T14:08:04Z,frontend,checkoutservice,394319,184346,0,40061,169943,62073268,184292
2026-10-04T14:08:04Z,frontend,currencyservice,2936935,2936925,0,0,0,15575843,2936389
2026-10-04T14:08:04Z,frontend,emailservice,0,0,0,0,0,0,0
2026-10-04T14:08:04Z,frontend,frontend,0,0,0,0,0,0,0
2026-10-04T14:08:04Z,frontend,kubernetes,0,0,0,0,0,0,0
2026-10-04T14:08:04Z,frontend,paymentservice,0,0,0,0,0,0,0
2026-10-04T14:08:04Z,frontend,productcatalogservice,8262378,8262305,0,0,0,56542284,8260838
2026-10-04T14:08:04Z,frontend,recommendationservice,2663389,1632194,0,107712,920962,802240756,1631886
2026-10-04T14:08:04Z,frontend,redis-cart,0,0,0,0,0,0,0
2026-10-04T14:08:04Z,frontend,shippingservice,305895,305892,0,0,0,930096,305840
2026-10-04T14:08:04Z,paymentservice,adservice,0,0,0,0,0,0,0
2026-10-04T14:08:04Z,paymentservice,cartservice,0,0,0,0,0,0,0
2026-10-04T14:08:04Z,paymentservice,checkoutservice,0,0,0,0,0,0,0
2026-10-04T14:08:04Z,paymentservice,currencyservice,0,0,0,0,0,0,0
2026-10-04T14:08:04Z,paymentservice,emailservice,0,0,0,0,0,0,0
2026-10-04T14:08:04Z,paymentservice,frontend,0,0,0,0,0,0,0
2026-10-04T14:08:04Z,paymentservice,kubernetes,0,0,0,0,0,0,0
2026-10-04T14:08:04Z,paymentservice,paymentservice,0,0,0,0,0,0,0
2026-10-04T14:08:04Z,paymentservice,productcatalogservice,0,0,0,0,0,0,0
2026-10-04T14:08:04Z,paymentservice,recommendationservice,0,0,0,0,0,0,0
2026-10-04T14:08:04Z,paymentservice,redis-cart,0,0,0,0,0,0,0
2026-10-04T14:08:04Z,paymentservice,shippingservice,0,0,0,0,0,0,0
2026-10-04T14:08:04Z,productcatalogservice,adservice,0,0,0,0,0,0,0
2026-10-04T14:08:04Z,productcatalogservice,cartservice,0,0,0,0,0,0,0
2026-10-04T14:08:04Z,productcatalogservice,checkoutservice,0,0,0,0,0,0,0
2026-10-04T14:08:04Z,productcatalogservice,currencyservice,0,0,0,0,0,0,0
2026-10-04T14:08:04Z,productcatalogservice,emailservice,0,0,0,0,0,0,0
2026-10-04T14:08:04Z,productcatalogservice,frontend,0,0,0,0,0,0,0
2026-10-04T14:08:04Z,productcatalogservice,kubernetes,0,0,0,0,0,0,0
2026-10-04T14:08:04Z,productcatalogservice,paymentservice,0,0,0,0,0,0,0
2026-10-04T14:08:04Z,productcatalogservice,productcatalogservice,0,0,0,0,0,0,0
2026-10-04T14:08:04Z,productcatalogservice,recommendationservice,0,0,0,0,0,0,0
2026-10-04T14:08:04Z,productcatalogservice,redis-cart,0,0,0,0,0,0,0
2026-10-04T14:08:04Z,productcatalogservice,shippingservice,0,0,0,0,0,0,0
2026-10-04T14:08:04Z,recommendationservice,adservice,0,0,0,0,0,0,0
2026-10-04T14:08:04Z,recommendationservice,cartservice,0,0,0,0,0,0,0
2026-10-04T14:08:04Z,recommendationservice,checkoutservice,0,0,0,0,0,0,0
2026-10-04T14:08:04Z,recommendationservice,currencyservice,0,0,0,0,0,0,0
2026-10-04T14:08:04Z,recommendationservice,emailservice,0,0,0,0,0,0,0
2026-10-04T14:08:04Z,recommendationservice,frontend,0,0,0,0,0,0,0
2026-10-04T14:08:04Z,recommendationservice,kubernetes,0,0,0,0,0,0,0
2026-10-04T14:08:04Z,recommendationservice,paymentservice,0,0,0,0,0,0,0
2026-10-04T14:08:04Z,recommendationservice,productcatalogservice,114028,114027,0,0,0,840655,112230
2026-10-04T14:08:04Z,recommendationservice,recommendationservice,0,0,0,0,0,0,0
2026-10-04T14:08:04Z,recommendationservice,redis-cart,0,0,0,0,0,0,0
2026-10-04T14:08:04Z,recommendationservice,shippingservice,0,0,0,0,0,0,0
2026-10-04T14:08:04Z,redis-cart,adservice,0,0,0,0,0,0,0
2026-10-04T14:08:04Z,redis-cart,cartservice,0,0,0,0,0,0,0
2026-10-04T14:08:04Z,redis-cart,checkoutservice,0,0,0,0,0,0,0
2026-10-04T14:08:04Z,redis-cart,currencyservice,0,0,0,0,0,0,0
2026-10-04T14:08:04Z,redis-cart,emailservice,0,0,0,0,0,0,0
2026-10-04T14:08:04Z,redis-cart,frontend,0,0,0,0,0,0,0
2026-10-04T14:08:04Z,redis-cart,kubernetes,0,0,0,0,0,0,0
2026-10-04T14:08:04Z,redis-cart,paymentservice,0,0,0,0,0,0,0
2026-10-04T14:08:04Z,redis-cart,productcatalogservice,0,0,0,0,0,0,0
2026-10-04T14:08:04Z,redis-cart,recommendationservice,0,0,0,0,0,0,0
2026-10-04T14:08:04Z,redis-cart,redis-cart,0,0,0,0,0,0,0
2026-10-04T14:08:04Z,redis-cart,shippingservice,0,0,0,0,0,0,0
2026-10-04T14:08:04Z,shippingservice,adservice,0,0,0,0,0,0,0
2026-10-04T14:08:04Z,shippingservice,cartservice,0,0,0,0,0,0,0
2026-10-04T14:08:04Z,shippingservice,checkoutservice,0,0,0,0,0,0,0
2026-10-04T14:08:04Z,shippingservice,currencyservice,0,0,0,0,0,0,0
2026-10-04T14:08:04Z,shippingservice,emailservice,0,0,0,0,0,0,0
2026-10-04T14:08:04Z,shippingservice,frontend,0,0,0,0,0,0,0
2026-10-04T14:08:04Z,shippingservice,kubernetes,0,0,0,0,0,0,0
2026-10-04T14:08:04Z,shippingservice,paymentservice,0,0,0,0,0,0,0
2026-10-04T14:08:04Z,shippingservice,productcatalogservice,0,0,0,0,0,0,0
2026-10-04T14:08:04Z,shippingservice,recommendationservice,0,0,0,0,0,0,0
2026-10-04T14:08:04Z,shippingservice,redis-cart,0,0,0,0,0,0,0
2026-10-04T14:08:04Z,shippingservice,shippingservice,0,0,0,0,0,0,0
2026-10-04T14:08:05Z,adservice,adservice,0,0,0,0,0,0,0
2026-10-04T14:08:05Z,adservice,cartservice,0,0,0,0,0,0,0
2026-10-04T14:08:05Z,adservice,checkoutservice,0,0,0,0,0,0,0
2026-10-04T14:08:05Z,adservice,currencyservice,0,0,0,0,0,0,0
2026-10-04T14:08:05Z,adservice,emailservice,0,0,0,0,0,0,0
2026-10-04T14:08:05Z,adservice,frontend,0,0,0,0,0,0,0
2026-10-04T14:08:05Z,adservice,kubernetes,0,0,0,0,0,0,0
2026-10-04T14:08:05Z,adservice,paymentservice,0,0,0,0,0,0,0
2026-10-04T14:08:05Z,adservice,productcatalogservice,0,0,0,0,0,0,0
2026-10-04T14:08:05Z,adservice,recommendationservice,0,0,0,0,0,0,0
2026-10-04T14:08:05Z,adservice,redis-cart,0,0,0,0,0,0,0
2026-10-04T14:08:05Z,adservice,shippingservice,0,0,0,0,0,0,0
2026-10-04T14:08:05Z,cartservice,adservice,0,0,0,0,0,0,0
2026-10-04T14:08:05Z,cartservice,cartservice,0,0,0,0,0,0,0
2026-10-04T14:08:05Z,cartservice,checkoutservice,0,0,0,0,0,0,0
2026-10-04T14:08:05Z,cartservice,currencyservice,0,0,0,0,0,0,0
2026-10-04T14:08:05Z,cartservice,emailservice,0,0,0,0,0,0,0
2026-10-04T14:08:05Z,cartservice,frontend,0,0,0,0,0,0,0
2026-10-04T14:08:05Z,cartservice,kubernetes,0,0,0,0,0,0,0
2026-10-04T14:08:05Z,cartservice,paymentservice,0,0,0,0,0,0,0
2026-10-04T14:08:05Z,cartservice,productcatalogservice,0,0,0,0,0,0,0
2026-10-04T14:08:05Z,cartservice,recommendationservice,0,0,0,0,0,0,0
2026-10-04T14:08:05Z,cartservice,redis-cart,2,0,0,0,0,0,0
2026-10-04T14:08:05Z,cartservice,shippingservice,0,0,0,0,0,0,0
2026-10-04T14:08:05Z,checkoutservice,adservice,0,0,0,0,0,0,0
2026-10-04T14:08:05Z,checkoutservice,cartservice,47965,47031,0,100,0,639664,46627
2026-10-04T14:08:05Z,checkoutservice,checkoutservice,0,0,0,0,0,0,0
2026-10-04T14:08:05Z,checkoutservice,currencyservice,35381,35381,0,0,0,539703,35178
2026-10-04T14:08:05Z,checkoutservice,emailservice,6614,6326,0,66,0,251725,6128
2026-10-04T14:08:05Z,checkoutservice,frontend,0,0,0,0,0,0,0
2026-10-04T14:08:05Z,checkoutservice,kubernetes,0,0,0,0,0,0,0
2026-10-04T14:08:05Z,checkoutservice,paymentservice,28647,26796,0,192,0,411663,26448
2026-10-04T14:08:05Z,checkoutservice,productcatalogservice,0,0,0,0,0,0,0
2026-10-04T14:08:05Z,checkoutservice,recommendationservice,0,0,0,0,0,0,0
2026-10-04T14:08:05Z,checkoutservice,redis-cart,0,0,0,0,0,0,0
2026-10-04T14:08:05Z,checkoutservice,shippingservice,53276,51171,0,154,0,483991,50765
2026-10-04T14:08:05Z,currencyservice,adservice,0,0,0,0,0,0,0
2026-10-04T14:08:05Z,currencyservice,cartservice,0,0,0,0,0,0,0
2026-10-04T14:08:05Z,currencyservice,checkoutservice,0,0,0,0,0,0,0
2026-10-04T14:08:05Z,currencyservice,currencyservice,0,0,0,0,0,0,0
2026-10-04T14:08:05Z,currencyservice,emailservice,0,0,0,0,0,0,0
2026-10-04T14:08:05Z,currencyservice,frontend,0,0,0,0,0,0,0
2026-10-04T14:08:05Z,currencyservice,kubernetes,0,0,0,0,0,0,0
2026-10-04T14:08:05Z,currencyservice,paymentservice,0,0,0,0,0,0,0
2026-10-04T14:08:05Z,currencyservice,productcatalogservice,0,0,0,0,0,0,0
2026-10-04T14:08:05Z,currencyservice,recommendationservice,0,0,0,0,0,0,0
2026-10-04T14:08:05Z,currencyservice,redis-cart,0,0,0,0,0,0,0
2026-10-04T14:08:05Z,currencyservice,shippingservice,0,0,0,0,0,0,0
2026-10-04T14:08:05Z,emailservice,adservice,0,0,0,0,0,0,0
2026-10-04T14:08:05Z,emailservice,cartservice,0,0,0,0,0,0,0
2026-10-04T14:08:05Z,emailservice,checkoutservice,0,0,0,0,0,0,0
2026-10-04T14:08:05Z,emailservice,currencyservice,0,0,0,0,0,0,0
2026-10-04T14:08:05Z,emailservice,emailservice,0,0,0,0,0,0,0
2026-10-04T14:08:05Z,emailservice,frontend,0,0,0,0,0,0,0
2026-10-04T14:08:05Z,emailservice,kubernetes,0,0,0,0,0,0,0
2026-10-04T14:08:05Z,emailservice,paymentservice,0,0,0,0,0,0,0
2026-10-04T14:08:05Z,emailservice,productcatalogservice,0,0,0,0,0,0,0
2026-10-04T14:08:05Z,emailservice,recommendationservice,0,0,0,0,0,0,0
2026-10-04T14:08:05Z,emailservice,redis-cart,0,0,0,0,0,0,0
2026-10-04T14:08:05Z,emailservice,shippingservice,0,0,0,0,0,0,0
2026-10-04T14:08:05Z,frontend,adservice,834379,834376,0,0,0,2516726,834099
2026-10-04T14:08:05Z,frontend,cartservice,1847644,1847632,0,0,4,10277789,1846902
2026-10-04T14:08:05Z,frontend,checkoutservice,394376,184397,0,40061,169943,62073268,184292
2026-10-04T14:08:05Z,frontend,currencyservice,2937557,2937549,0,0,0,15575843,2936389
2026-10-04T14:08:05Z,frontend,emailservice,0,0,0,0,0,0,0
2026-10-04T14:08:05Z,frontend,frontend,0,0,0,0,0,0,0
2026-10-04T14:08:05Z,frontend,kubernetes,0,0,0,0,0,0,0
2026-10-04T14:08:05Z,frontend,paymentservice,0,0,0,0,0,0,0
2026-10-04T14:08:05Z,frontend,productcatalogservice,8263955,8263887,0,0,0,56542284,8260838
2026-10-04T14:08:05Z,frontend,recommendationservice,2664154,1632526,0,107748,921333,802240756,1631886
2026-10-04T14:08:05Z,frontend,redis-cart,0,0,0,0,0,0,0
2026-10-04T14:08:05Z,frontend,shippingservice,305946,305944,0,0,0,930096,305840
2026-10-04T14:08:05Z,paymentservice,adservice,0,0,0,0,0,0,0
2026-10-04T14:08:05Z,paymentservice,cartservice,0,0,0,0,0,0,0
2026-10-04T14:08:05Z,paymentservice,checkoutservice,0,0,0,0,0,0,0
2026-10-04T14:08:05Z,paymentservice,currencyservice,0,0,0,0,0,0,0
2026-10-04T14:08:05Z,paymentservice,emailservice,0,0,0,0,0,0,0
2026-10-04T14:08:05Z,paymentservice,frontend,0,0,0,0,0,0,0
2026-10-04T14:08:05Z,paymentservice,kubernetes,0,0,0,0,0,0,0
2026-10-04T14:08:05Z,paymentservice,paymentservice,0,0,0,0,0,0,0
2026-10-04T14:08:05Z,paymentservice,productcatalogservice,0,0,0,0,0,0,0
2026-10-04T14:08:05Z,paymentservice,recommendationservice,0,0,0,0,0,0,0
2026-10-04T14:08:05Z,paymentservice,redis-cart,0,0,0,0,0,0,0
2026-10-04T14:08:05Z,paymentservice,shippingservice,0,0,0,0,0,0,0
2026-10-04T14:08:05Z,productcatalogservice,adservice,0,0,0,0,0,0,0
2026-10-04T14:08:05Z,productcatalogservice,cartservice,0,0,0,0,0,0,0
2026-10-04T14:08:05Z,productcatalogservice,checkoutservice,0,0,0,0,0,0,0
2026-10-04T14:08:05Z,productcatalogservice,currencyservice,0,0,0,0,0,0,0
2026-10-04T14:08:05Z,productcatalogservice,emailservice,0,0,0,0,0,0,0
2026-10-04T14:08:05Z,productcatalogservice,frontend,0,0,0,0,0,0,0
2026-10-04T14:08:05Z,productcatalogservice,kubernetes,0,0,0,0,0,0,0
2026-10-04T14:08:05Z,productcatalogservice,paymentservice,0,0,0,0,0,0,0
2026-10-04T14:08:05Z,productcatalogservice,productcatalogservice,0,0,0,0,0,0,0
2026-10-04T14:08:05Z,productcatalogservice,recommendationservice,0,0,0,0,0,0,0
2026-10-04T14:08:05Z,productcatalogservice,redis-cart,0,0,0,0,0,0,0
2026-10-04T14:08:05Z,productcatalogservice,shippingservice,0,0,0,0,0,0,0
2026-10-04T14:08:05Z,recommendationservice,adservice,0,0,0,0,0,0,0
2026-10-04T14:08:05Z,recommendationservice,cartservice,0,0,0,0,0,0,0
2026-10-04T14:08:05Z,recommendationservice,checkoutservice,0,0,0,0,0,0,0
2026-10-04T14:08:05Z,recommendationservice,currencyservice,0,0,0,0,0,0,0
2026-10-04T14:08:05Z,recommendationservice,emailservice,0,0,0,0,0,0,0
2026-10-04T14:08:05Z,recommendationservice,frontend,0,0,0,0,0,0,0
2026-10-04T14:08:05Z,recommendationservice,kubernetes,0,0,0,0,0,0,0
2026-10-04T14:08:05Z,recommendationservice,paymentservice,0,0,0,0,0,0,0
2026-10-04T14:08:05Z,recommendationservice,productcatalogservice,114453,114452,0,0,0,853205,114355
2026-10-04T14:08:05Z,recommendationservice,recommendationservice,0,0,0,0,0,0,0
2026-10-04T14:08:05Z,recommendationservice,redis-cart,0,0,0,0,0,0,0
2026-10-04T14:08:05Z,recommendationservice,shippingservice,0,0,0,0,0,0,0
2026-10-04T14:08:05Z,redis-cart,adservice,0,0,0,0,0,0,0
2026-10-04T14:08:05Z,redis-cart,cartservice,0,0,0,0,0,0,0
2026-10-04T14:08:05Z,redis-cart,checkoutservice,0,0,0,0,0,0,0
2026-10-04T14:08:05Z,redis-cart,currencyservice,0,0,0,0,0,0,0
2026-10-04T14:08:05Z,redis-cart,emailservice,0,0,0,0,0,0,0
2026-10-04T14:08:05Z,redis-cart,frontend,0,0,0,0,0,0,0
2026-10-04T14:08:05Z,redis-cart,kubernetes,0,0,0,0,0,0,0
2026-10-04T14:08:05Z,redis-cart,paymentservice,0,0,0,0,0,0,0
2026-10-04T14:08:05Z,redis-cart,productcatalogservice,0,0,0,0,0,0,0
2026-10-04T14:08:05Z,redis-cart,recommendationservice,0,0,0,0,0,0,0
2026-10-04T14:08:05Z,redis-cart,redis-cart,0,0,0,0,0,0,0
2026-10-04T14:08:05Z,redis-cart,shippingservice,0,0,0,0,0,0,0
2026-10-04T14:08:05Z,shippingservice,adservice,0,0,0,0,0,0,0
2026-10-04T14:08:05Z,shippingservice,cartservice,0,0,0,0,0,0,0
2026-10-04T14:08:05Z,shippingservice,checkoutservice,0,0,0,0,0,0,0
2026-10-04T14:08:05Z,shippingservice,currencyservice,0,0,0,0,0,0,0
2026-10-04T14:08:05Z,shippingservice,emailservice,0,0,0,0,0,0,0
2026-10-04T14:08:05Z,shippingservice,frontend,0,0,0,0,0,0,0
2026-10-04T14:08:05Z,shippingservice,kubernetes,0,0,0,0,0,0,0
2026-10-04T14:08:05Z,shippingservice,paymentservice,0,0,0,0,0,0,0
2026-10-04T14:08:05Z,shippingservice,productcatalogservice,0,0,0,0,0,0,0
2026-10-04T14:08:05Z,shippingservice,recommendationservice,0,0,0,0,0,0,0
2026-10-04T14:08:05Z,shippingservice,redis-cart,0,0,0,0,0,0,0
2026-10-04T14:08:05Z,shippingservice,shippingservice,0,0,0,0,0,0,0
2026-10-04T14:08:06Z,adservice,adservice,0,0,0,0,0,0,0
2026-10-04T14:08:06Z,adservice,cartservice,0,0,0,0,0,0,0
2026-10-04T14:08:06Z,adservice,checkoutservice,0,0,0,0,0,0,0
2026-10-04T14:08:06Z,adservice,currencyservice,0,0,0,0,0,0,0
2026-10-04T14:08:06Z,adservice,emailservice,0,0,0,0,0,0,0
2026-10-04T14:08:06Z,adservice,frontend,0,0,0,0,0,0,0
2026-10-04T14:08:06Z,adservice,kubernetes,0,0,0,0,0,0,0
2026-10-04T14:08:06Z,adservice,paymentservice,0,0,0,0,0,0,0
2026-10-04T14:08:06Z,adservice,productcatalogservice,0,0,0,0,0,0,0
2026-10-04T14:08:06Z,adservice,recommendationservice,0,0,0,0,0,0,0
2026-10-04T14:08:06Z,adservice,redis-cart,0,0,0,0,0,0,0
2026-10-04T14:08:06Z,adservice,shippingservice,0,0,0,0,0,0,0
2026-10-04T14:08:06Z,cartservice,adservice,0,0,0,0,0,0,0
2026-10-04T14:08:06Z,cartservice,cartservice,0,0,0,0,0,0,0
2026-10-04T14:08:06Z,cartservice,checkoutservice,0,0,0,0,0,0,0
2026-10-04T14:08:06Z,cartservice,currencyservice,0,0,0,0,0,0,0
2026-10-04T14:08:06Z,cartservice,emailservice,0,0,0,0,0,0,0
2026-10-04T14:08:06Z,cartservice,frontend,0,0,0,0,0,0,0
2026-10-04T14:08:06Z,cartservice,kubernetes,0,0,0,0,0,0,0
2026-10-04T14:08:06Z,cartservice,paymentservice,0,0,0,0,0,0,0
2026-10-04T14:08:06Z,cartservice,productcatalogservice,0,0,0,0,0,0,0
2026-10-04T14:08:06Z,cartservice,recommendationservice,0,0,0,0,0,0,0
2026-10-04T14:08:06Z,cartservice,redis-cart,2,0,0,0,0,0,0
2026-10-04T14:08:06Z,cartservice,shippingservice,0,0,0,0,0,0,0
2026-10-04T14:08:06Z,checkoutservice,adservice,0,0,0,0,0,0,0
2026-10-04T14:08:06Z,checkoutservice,cartservice,48070,47138,0,100,0,639664,46627
2026-10-04T14:08:06Z,checkoutservice,checkoutservice,0,0,0,0,0,0,0
2026-10-04T14:08:06Z,checkoutservice,currencyservice,35436,35433,0,0,0,539703,35178
2026-10-04T14:08:06Z,checkoutservice,emailservice,6667,6381,0,66,0,251725,6128
2026-10-04T14:08:06Z,checkoutservice,frontend,0,0,0,0,0,0,0
2026-10-04T14:08:06Z,checkoutservice,kubernetes,0,0,0,0,0,0,0
2026-10-04T14:08:06Z,checkoutservice,paymentservice,28699,26849,0,192,0,411663,26448
2026-10-04T14:08:06Z,checkoutservice,productcatalogservice,0,0,0,0,0,0,0
2026-10-04T14:08:06Z,checkoutservice,recommendationservice,0,0,0,0,0,0,0
2026-10-04T14:08:06Z,checkoutservice,redis-cart,0,0,0,0,0,0,0
2026-10-04T14:08:06Z,checkoutservice,shippingservice,53383,51279,0,154,0,483991,50765
2026-10-04T14:08:06Z,currencyservice,adservice,0,0,0,0,0,0,0
2026-10-04T14:08:06Z,currencyservice,cartservice,0,0,0,0,0,0,0
2026-10-04T14:08:06Z,currencyservice,checkoutservice,0,0,0,0,0,0,0
2026-10-04T14:08:06Z,currencyservice,currencyservice,0,0,0,0,0,0,0
2026-10-04T14:08:06Z,currencyservice,emailservice,0,0,0,0,0,0,0
2026-10-04T14:08:06Z,currencyservice,frontend,0,0,0,0,0,0,0
2026-10-04T14:08:06Z,currencyservice,kubernetes,0,0,0,0,0,0,0
2026-10-04T14:08:06Z,currencyservice,paymentservice,0,0,0,0,0,0,0
2026-10-04T14:08:06Z,currencyservice,productcatalogservice,0,0,0,0,0,0,0
2026-10-04T14:08:06Z,currencyservice,recommendationservice,0,0,0,0,0,0,0
2026-10-04T14:08:06Z,currencyservice,redis-cart,0,0,0,0,0,0,0
2026-10-04T14:08:06Z,currencyservice,shippingservice,0,0,0,0,0,0,0
2026-10-04T14:08:06Z,emailservice,adservice,0,0,0,0,0,0,0
2026-10-04T14:08:06Z,emailservice,cartservice,0,0,0,0,0,0,0
2026-10-04T14:08:06Z,emailservice,checkoutservice,0,0,0,0,0,0,0
2026-10-04T14:08:06Z,emailservice,currencyservice,0,0,0,0,0,0,0
2026-10-04T14:08:06Z,emailservice,emailservice,0,0,0,0,0,0,0
2026-10-04T14:08:06Z,emailservice,frontend,0,0,0,0,0,0,0
2026-10-04T14:08:06Z,emailservice,kubernetes,0,0,0,0,0,0,0
2026-10-04T14:08:06Z,emailservice,paymentservice,0,0,0,0,0,0,0
2026-10-04T14:08:06Z,emailservice,productcatalogservice,0,0,0,0,0,0,0
2026-10-04T14:08:06Z,emailservice,recommendationservice,0,0,0,0,0,0,0
2026-10-04T14:08:06Z,emailservice,redis-cart,0,0,0,0,0,0,0
2026-10-04T14:08:06Z,emailservice,shippingservice,0,0,0,0,0,0,0
2026-10-04T14:08:06Z,frontend,adservice,834488,834486,0,0,0,2516726,834099
2026-10-04T14:08:06Z,frontend,cartservice,1848032,1848020,0,0,4,10277789,1846902
2026-10-04T14:08:06Z,frontend,checkoutservice,394423,184457,0,40061,169943,62073268,184292
2026-10-04T14:08:06Z,frontend,currencyservice,2938181,2938171,0,0,0,15575843,2936389
2026-10-04T14:08:06Z,frontend,emailservice,0,0,0,0,0,0,0
2026-10-04T14:08:06Z,frontend,frontend,0,0,0,0,0,0,0
2026-10-04T14:08:06Z,frontend,kubernetes,0,0,0,0,0,0,0
2026-10-04T14:08:06Z,frontend,paymentservice,0,0,0,0,0,0,0
2026-10-04T14:08:06Z,frontend,productcatalogservice,8265270,8265199,0,0,0,56542284,8260838
2026-10-04T14:08:06Z,frontend,recommendationservice,2664860,1632878,0,107799,921649,802240756,1631886
2026-10-04T14:08:06Z,frontend,redis-cart,0,0,0,0,0,0,0
2026-10-04T14:08:06Z,frontend,shippingservice,305990,305988,0,0,0,930096,305840
2026-10-04T14:08:06Z,paymentservice,adservice,0,0,0,0,0,0,0
2026-10-04T14:08:06Z,paymentservice,cartservice,0,0,0,0,0,0,0
2026-10-04T14:08:06Z,paymentservice,checkoutservice,0,0,0,0,0,0,0
2026-10-04T14:08:06Z,paymentservice,currencyservice,0,0,0,0,0,0,0
2026-10-04T14:08:06Z,paymentservice,emailservice,0,0,0,0,0,0,0
2026-10-04T14:08:06Z,paymentservice,frontend,0,0,0,0,0,0,0
2026-10-04T14:08:06Z,paymentservice,kubernetes,0,0,0,0,0,0,0
2026-10-04T14:08:06Z,paymentservice,paymentservice,0,0,0,0,0,0,0
2026-10-04T14:08:06Z,paymentservice,productcatalogservice,0,0,0,0,0,0,0
2026-10-04T14:08:06Z,paymentservice,recommendationservice,0,0,0,0,0,0,0
2026-10-04T14:08:06Z,paymentservice,redis-cart,0,0,0,0,0,0,0
2026-10-04T14:08:06Z,paymentservice,shippingservice,0,0,0,0,0,0,0
2026-10-04T14:08:06Z,productcatalogservice,adservice,0,0,0,0,0,0,0
2026-10-04T14:08:06Z,productcatalogservice,cartservice,0,0,0,0,0,0,0
2026-10-04T14:08:06Z,productcatalogservice,checkoutservice,0,0,0,0,0,0,0
2026-10-04T14:08:06Z,productcatalogservice,currencyservice,0,0,0,0,0,0,0
2026-10-04T14:08:06Z,productcatalogservice,emailservice,0,0,0,0,0,0,0
2026-10-04T14:08:06Z,productcatalogservice,frontend,0,0,0,0,0,0,0
2026-10-04T14:08:06Z,productcatalogservice,kubernetes,0,0,0,0,0,0,0
2026-10-04T14:08:06Z,productcatalogservice,paymentservice,0,0,0,0,0,0,0
2026-10-04T14:08:06Z,productcatalogservice,productcatalogservice,0,0,0,0,0,0,0
2026-10-04T14:08:06Z,productcatalogservice,recommendationservice,0,0,0,0,0,0,0
2026-10-04T14:08:06Z,productcatalogservice,redis-cart,0,0,0,0,0,0,0
2026-10-04T14:08:06Z,productcatalogservice,shippingservice,0,0,0,0,0,0,0
2026-10-04T14:08:06Z,recommendationservice,adservice,0,0,0,0,0,0,0
2026-10-04T14:08:06Z,recommendationservice,cartservice,0,0,0,0,0,0,0
2026-10-04T14:08:06Z,recommendationservice,checkoutservice,0,0,0,0,0,0,0
2026-10-04T14:08:06Z,recommendationservice,currencyservice,0,0,0,0,0,0,0
2026-10-04T14:08:06Z,recommendationservice,emailservice,0,0,0,0,0,0,0
2026-10-04T14:08:06Z,recommendationservice,frontend,0,0,0,0,0,0,0
2026-10-04T14:08:06Z,recommendationservice,kubernetes,0,0,0,0,0,0,0
2026-10-04T14:08:06Z,recommendationservice,paymentservice,0,0,0,0,0,0,0
2026-10-04T14:08:06Z,recommendationservice,productcatalogservice,114858,114849,0,0,0,853205,114355
2026-10-04T14:08:06Z,recommendationservice,recommendationservice,0,0,0,0,0,0,0
2026-10-04T14:08:06Z,recommendationservice,redis-cart,0,0,0,0,0,0,0
2026-10-04T14:08:06Z,recommendationservice,shippingservice,0,0,0,0,0,0,0
2026-10-04T14:08:06Z,redis-cart,adservice,0,0,0,0,0,0,0
2026-10-04T14:08:06Z,redis-cart,cartservice,0,0,0,0,0,0,0
2026-10-04T14:08:06Z,redis-cart,checkoutservice,0,0,0,0,0,0,0
2026-10-04T14:08:06Z,redis-cart,currencyservice,0,0,0,0,0,0,0
2026-10-04T14:08:06Z,redis-cart,emailservice,0,0,0,0,0,0,0
2026-10-04T14:08:06Z,redis-cart,frontend,0,0,0,0,0,0,0
2026-10-04T14:08:06Z,redis-cart,kubernetes,0,0,0,0,0,0,0
2026-10-04T14:08:06Z,redis-cart,paymentservice,0,0,0,0,0,0,0
2026-10-04T14:08:06Z,redis-cart,productcatalogservice,0,0,0,0,0,0,0
2026-10-04T14:08:06Z,redis-cart,recommendationservice,0,0,0,0,0,0,0
2026-10-04T14:08:06Z,redis-cart,redis-cart,0,0,0,0,0,0,0
2026-10-04T14:08:06Z,redis-cart,shippingservice,0,0,0,0,0,0,0
2026-10-04T14:08:06Z,shippingservice,adservice,0,0,0,0,0,0,0
2026-10-04T14:08:06Z,shippingservice,cartservice,0,0,0,0,0,0,0
2026-10-04T14:08:06Z,shippingservice,checkoutservice,0,0,0,0,0,0,0
2026-10-04T14:08:06Z,shippingservice,currencyservice,0,0,0,0,0,0,0
2026-10-04T14:08:06Z,shippingservice,emailservice,0,0,0,0,0,0,0
2026-10-04T14:08:06Z,shippingservice,frontend,0,0,0,0,0,0,0
2026-10-04T14:08:06Z,shippingservice,kubernetes,0,0,0,0,0,0,0
2026-10-04T14:08:06Z,shippingservice,paymentservice,0,0,0,0,0,0,0
2026-10-04T14:08:06Z,shippingservice,productcatalogservice,0,0,0,0,0,0,0
2026-10-04T14:08:06Z,shippingservice,recommendationservice,0,0,0,0,0,0,0
2026-10-04T14:08:06Z,shippingservice,redis-cart,0,0,0,0,0,0,0
2026-10-04T14:08:06Z,shippingservice,shippingservice,0,0,0,0,0,0,0
2026-10-04T14:08:07Z,adservice,adservice,0,0,0,0,0,0,0
2026-10-04T14:08:07Z,adservice,cartservice,0,0,0,0,0,0,0
2026-10-04T14:08:07Z,adservice,checkoutservice,0,0,0,0,0,0,0
2026-10-04T14:08:07Z,adservice,currencyservice,0,0,0,0,0,0,0
2026-10-04T14:08:07Z,adservice,emailservice,0,0,0,0,0,0,0
2026-10-04T14:08:07Z,adservice,frontend,0,0,0,0,0,0,0
2026-10-04T14:08:07Z,adservice,kubernetes,0,0,0,0,0,0,0
2026-10-04T14:08:07Z,adservice,paymentservice,0,0,0,0,0,0,0
2026-10-04T14:08:07Z,adservice,productcatalogservice,0,0,0,0,0,0,0
2026-10-04T14:08:07Z,adservice,recommendationservice,0,0,0,0,0,0,0
2026-10-04T14:08:07Z,adservice,redis-cart,0,0,0,0,0,0,0
2026-10-04T14:08:07Z,adservice,shippingservice,0,0,0,0,0,0,0
2026-10-04T14:08:07Z,cartservice,adservice,0,0,0,0,0,0,0
2026-10-04T14:08:07Z,cartservice,cartservice,0,0,0,0,0,0,0
2026-10-04T14:08:07Z,cartservice,checkoutservice,0,0,0,0,0,0,0
2026-10-04T14:08:07Z,cartservice,currencyservice,0,0,0,0,0,0,0
2026-10-04T14:08:07Z,cartservice,emailservice,0,0,0,0,0,0,0
2026-10-04T14:08:07Z,cartservice,frontend,0,0,0,0,0,0,0
2026-10-04T14:08:07Z,cartservice,kubernetes,0,0,0,0,0,0,0
2026-10-04T14:08:07Z,cartservice,paymentservice,0,0,0,0,0,0,0
2026-10-04T14:08:07Z,cartservice,productcatalogservice,0,0,0,0,0,0,0
2026-10-04T14:08:07Z,cartservice,recommendationservice,0,0,0,0,0,0,0
2026-10-04T14:08:07Z,cartservice,redis-cart,2,0,0,0,0,0,0
2026-10-04T14:08:07Z,cartservice,shippingservice,0,0,0,0,0,0,0
2026-10-04T14:08:07Z,checkoutservice,adservice,0,0,0,0,0,0,0
2026-10-04T14:08:07Z,checkoutservice,cartservice,48172,47241,0,100,0,642261,47216
2026-10-04T14:08:07Z,checkoutservice,checkoutservice,0,0,0,0,0,0,0
2026-10-04T14:08:07Z,checkoutservice,currencyservice,35484,35484,0,0,0,541001,35472
2026-10-04T14:08:07Z,checkoutservice,emailservice,6722,6436,0,66,0,261638,6419
2026-10-04T14:08:07Z,checkoutservice,frontend,0,0,0,0,0,0,0
2026-10-04T14:08:07Z,checkoutservice,kubernetes,0,0,0,0,0,0,0
2026-10-04T14:08:07Z,checkoutservice,paymentservice,28750,26902,0,192,0,412642,26742
2026-10-04T14:08:07Z,checkoutservice,productcatalogservice,0,0,0,0,0,0,0
2026-10-04T14:08:07Z,checkoutservice,recommendationservice,0,0,0,0,0,0,0
2026-10-04T14:08:07Z,checkoutservice,redis-cart,0,0,0,0,0,0,0
2026-10-04T14:08:07Z,checkoutservice,shippingservice,53484,51381,0,154,0,485284,51356
2026-10-04T14:08:07Z,currencyservice,adservice,0,0,0,0,0,0,0
2026-10-04T14:08:07Z,currencyservice,cartservice,0,0,0,0,0,0,0
2026-10-04T14:08:07Z,currencyservice,checkoutservice,0,0,0,0,0,0,0
2026-10-04T14:08:07Z,currencyservice,currencyservice,0,0,0,0,0,0,0
2026-10-04T14:08:07Z,currencyservice,emailservice,0,0,0,0,0,0,0
2026-10-04T14:08:07Z,currencyservice,frontend,0,0,0,0,0,0,0
2026-10-04T14:08:07Z,currencyservice,kubernetes,0,0,0,0,0,0,0
2026-10-04T14:08:07Z,currencyservice,paymentservice,0,0,0,0,0,0,0
2026-10-04T14:08:07Z,currencyservice,productcatalogservice,0,0,0,0,0,0,0
2026-10-04T14:08:07Z,currencyservice,recommendationservice,0,0,0,0,0,0,0
2026-10-04T14:08:07Z,currencyservice,redis-cart,0,0,0,0,0,0,0
2026-10-04T14:08:07Z,currencyservice,shippingservice,0,0,0,0,0,0,0
2026-10-04T14:08:07Z,emailservice,adservice,0,0,0,0,0,0,0
2026-10-04T14:08:07Z,emailservice,cartservice,0,0,0,0,0,0,0
2026-10-04T14:08:07Z,emailservice,checkoutservice,0,0,0,0,0,0,0
2026-10-04T14:08:07Z,emailservice,currencyservice,0,0,0,0,0,0,0
2026-10-04T14:08:07Z,emailservice,emailservice,0,0,0,0,0,0,0
2026-10-04T14:08:07Z,emailservice,frontend,0,0,0,0,0,0,0
2026-10-04T14:08:07Z,emailservice,kubernetes,0,0,0,0,0,0,0
2026-10-04T14:08:07Z,emailservice,paymentservice,0,0,0,0,0,0,0
2026-10-04T14:08:07Z,emailservice,productcatalogservice,0,0,0,0,0,0,0
2026-10-04T14:08:07Z,emailservice,recommendationservice,0,0,0,0,0,0,0
2026-10-04T14:08:07Z,emailservice,redis-cart,0,0,0,0,0,0,0
2026-10-04T14:08:07Z,emailservice,shippingservice,0,0,0,0,0,0,0
2026-10-04T14:08:07Z,frontend,adservice,834665,834658,0,0,0,2516726,834099
2026-10-04T14:08:07Z,frontend,cartservice,1848450,1848436,0,0,4,10277789,1846902
2026-10-04T14:08:07Z,frontend,checkoutservice,394477,184509,0,40061,169943,62073268,184292
2026-10-04T14:08:07Z,frontend,currencyservice,2938854,2938846,0,0,0,15575843,2936389
2026-10-04T14:08:07Z,frontend,emailservice,0,0,0,0,0,0,0
2026-10-04T14:08:07Z,frontend,frontend,0,0,0,0,0,0,0
2026-10-04T14:08:07Z,frontend,kubernetes,0,0,0,0,0,0,0
2026-10-04T14:08:07Z,frontend,paymentservice,0,0,0,0,0,0,0
2026-10-04T14:08:07Z,frontend,productcatalogservice,8267095,8267020,0,0,0,56542284,8260838
2026-10-04T14:08:07Z,frontend,recommendationservice,2665597,1633272,0,107832,921968,802240756,1631886
2026-10-04T14:08:07Z,frontend,redis-cart,0,0,0,0,0,0,0
2026-10-04T14:08:07Z,frontend,shippingservice,306056,306052,0,0,0,930096,305840
2026-10-04T14:08:07Z,paymentservice,adservice,0,0,0,0,0,0,0
2026-10-04T14:08:07Z,paymentservice,cartservice,0,0,0,0,0,0,0
2026-10-04T14:08:07Z,paymentservice,checkoutservice,0,0,0,0,0,0,0
2026-10-04T14:08:07Z,paymentservice,currencyservice,0,0,0,0,0,0,0
2026-10-04T14:08:07Z,paymentservice,emailservice,0,0,0,0,0,0,0
2026-10-04T14:08:07Z,paymentservice,frontend,0,0,0,0,0,0,0
2026-10-04T14:08:07Z,paymentservice,kubernetes,0,0,0,0,0,0,0
2026-10-04T14:08:07Z,paymentservice,paymentservice,0,0,0,0,0,0,0
2026-10-04T14:08:07Z,paymentservice,productcatalogservice,0,0,0,0,0,0,0
2026-10-04T14:08:07Z,paymentservice,recommendationservice,0,0,0,0,0,0,0
2026-10-04T14:08:07Z,paymentservice,redis-cart,0,0,0,0,0,0,0
2026-10-04T14:08:07Z,paymentservice,shippingservice,0,0,0,0,0,0,0
2026-10-04T14:08:07Z,productcatalogservice,adservice,0,0,0,0,0,0,0
2026-10-04T14:08:07Z,productcatalogservice,cartservice,0,0,0,0,0,0,0
2026-10-04T14:08:07Z,productcatalogservice,checkoutservice,0,0,0,0,0,0,0
2026-10-04T14:08:07Z,productcatalogservice,currencyservice,0,0,0,0,0,0,0
2026-10-04T14:08:07Z,productcatalogservice,emailservice,0,0,0,0,0,0,0
2026-10-04T14:08:07Z,productcatalogservice,frontend,0,0,0,0,0,0,0
2026-10-04T14:08:07Z,productcatalogservice,kubernetes,0,0,0,0,0,0,0
2026-10-04T14:08:07Z,productcatalogservice,paymentservice,0,0,0,0,0,0,0
2026-10-04T14:08:07Z,productcatalogservice,productcatalogservice,0,0,0,0,0,0,0
2026-10-04T14:08:07Z,productcatalogservice,recommendationservice,0,0,0,0,0,0,0
2026-10-04T14:08:07Z,productcatalogservice,redis-cart,0,0,0,0,0,0,0
2026-10-04T14:08:07Z,productcatalogservice,shippingservice,0,0,0,0,0,0,0
2026-10-04T14:08:07Z,recommendationservice,adservice,0,0,0,0,0,0,0
2026-10-04T14:08:07Z,recommendationservice,cartservice,0,0,0,0,0,0,0
2026-10-04T14:08:07Z,recommendationservice,checkoutservice,0,0,0,0,0,0,0
2026-10-04T14:08:07Z,recommendationservice,currencyservice,0,0,0,0,0,0,0
2026-10-04T14:08:07Z,recommendationservice,emailservice,0,0,0,0,0,0,0
2026-10-04T14:08:07Z,recommendationservice,frontend,0,0,0,0,0,0,0
2026-10-04T14:08:07Z,recommendationservice,kubernetes,0,0,0,0,0,0,0
2026-10-04T14:08:07Z,recommendationservice,paymentservice,0,0,0,0,0,0,0
2026-10-04T14:08:07Z,recommendationservice,productcatalogservice,115254,115254,0,0,0,853205,114355
2026-10-04T14:08:07Z,recommendationservice,recommendationservice,0,0,0,0,0,0,0
2026-10-04T14:08:07Z,recommendationservice,redis-cart,0,0,0,0,0,0,0
2026-10-04T14:08:07Z,recommendationservice,shippingservice,0,0,0,0,0,0,0
2026-10-04T14:08:07Z,redis-cart,adservice,0,0,0,0,0,0,0
2026-10-04T14:08:07Z,redis-cart,cartservice,0,0,0,0,0,0,0
2026-10-04T14:08:07Z,redis-cart,checkoutservice,0,0,0,0,0,0,0
2026-10-04T14:08:07Z,redis-cart,currencyservice,0,0,0,0,0,0,0
2026-10-04T14:08:07Z,redis-cart,emailservice,0,0,0,0,0,0,0
2026-10-04T14:08:07Z,redis-cart,frontend,0,0,0,0,0,0,0
2026-10-04T14:08:07Z,redis-cart,kubernetes,0,0,0,0,0,0,0
2026-10-04T14:08:07Z,redis-cart,paymentservice,0,0,0,0,0,0,0
2026-10-04T14:08:07Z,redis-cart,productcatalogservice,0,0,0,0,0,0,0
2026-10-04T14:08:07Z,redis-cart,recommendationservice,0,0,0,0,0,0,0
2026-10-04T14:08:07Z,redis-cart,redis-cart,0,0,0,0,0,0,0
2026-10-04T14:08:07Z,redis-cart,shippingservice,0,0,0,0,0,0,0
2026-10-04T14:08:07Z,shippingservice,adservice,0,0,0,0,0,0,0
2026-10-04T14:08:07Z,shippingservice,cartservice,0,0,0,0,0,0,0
2026-10-04T14:08:07Z,shippingservice,checkoutservice,0,0,0,0,0,0,0
2026-10-04T14:08:07Z,shippingservice,currencyservice,0,0,0,0,0,0,0
2026-10-04T14:08:07Z,shippingservice,emailservice,0,0,0,0,0,0,0
2026-10-04T14:08:07Z,shippingservice,frontend,0,0,0,0,0,0,0
2026-10-04T14:08:07Z,shippingservice,kubernetes,0,0,0,0,0,0,0
2026-10-04T14:08:07Z,shippingservice,paymentservice,0,0,0,0,0,0,0
2026-10-04T14:08:07Z,shippingservice,productcatalogservice,0,0,0,0,0,0,0
2026-10-04T14:08:07Z,shippingservice,recommendationservice,0,0,0,0,0,0,0
2026-10-04T14:08:07Z,shippingservice,redis-cart,0,0,0,0,0,0,0
2026-10-04T14:08:07Z,shippingservice,shippingservice,0,0,0,0,0,0,0
2026-10-04T14:08:08Z,adservice,adservice,0,0,0,0,0,0,0
2026-10-04T14:08:08Z,adservice,cartservice,0,0,0,0,0,0,0
2026-10-04T14:08:08Z,adservice,checkoutservice,0,0,0,0,0,0,0
2026-10-04T14:08:08Z,adservice,currencyservice,0,0,0,0,0,0,0
2026-10-04T14:08:08Z,adservice,emailservice,0,0,0,0,0,0,0
2026-10-04T14:08:08Z,adservice,frontend,0,0,0,0,0,0,0
2026-10-04T14:08:08Z,adservice,kubernetes,0,0,0,0,0,0,0
2026-10-04T14:08:08Z,adservice,paymentservice,0,0,0,0,0,0,0
2026-10-04T14:08:08Z,adservice,productcatalogservice,0,0,0,0,0,0,0
2026-10-04T14:08:08Z,adservice,recommendationservice,0,0,0,0,0,0,0
2026-10-04T14:08:08Z,adservice,redis-cart,0,0,0,0,0,0,0
2026-10-04T14:08:08Z,adservice,shippingservice,0,0,0,0,0,0,0
2026-10-04T14:08:08Z,cartservice,adservice,0,0,0,0,0,0,0
2026-10-04T14:08:08Z,cartservice,cartservice,0,0,0,0,0,0,0
2026-10-04T14:08:08Z,cartservice,checkoutservice,0,0,0,0,0,0,0
2026-10-04T14:08:08Z,cartservice,currencyservice,0,0,0,0,0,0,0
2026-10-04T14:08:08Z,cartservice,emailservice,0,0,0,0,0,0,0
2026-10-04T14:08:08Z,cartservice,frontend,0,0,0,0,0,0,0
2026-10-04T14:08:08Z,cartservice,kubernetes,0,0,0,0,0,0,0
2026-10-04T14:08:08Z,cartservice,paymentservice,0,0,0,0,0,0,0
2026-10-04T14:08:08Z,cartservice,productcatalogservice,0,0,0,0,0,0,0
2026-10-04T14:08:08Z,cartservice,recommendationservice,0,0,0,0,0,0,0
2026-10-04T14:08:08Z,cartservice,redis-cart,2,0,0,0,0,0,0
2026-10-04T14:08:08Z,cartservice,shippingservice,0,0,0,0,0,0,0
2026-10-04T14:08:08Z,checkoutservice,adservice,0,0,0,0,0,0,0
2026-10-04T14:08:08Z,checkoutservice,cartservice,48297,47366,0,100,0,642261,47216
2026-10-04T14:08:08Z,checkoutservice,checkoutservice,0,0,0,0,0,0,0
2026-10-04T14:08:08Z,checkoutservice,currencyservice,35549,35547,0,0,0,541001,35472
2026-10-04T14:08:08Z,checkoutservice,emailservice,6781,6494,0,66,0,261638,6419
2026-10-04T14:08:08Z,checkoutservice,frontend,0,0,0,0,0,0,0
2026-10-04T14:08:08Z,checkoutservice,kubernetes,0,0,0,0,0,0,0
2026-10-04T14:08:08Z,checkoutservice,paymentservice,28812,26964,0,192,0,412642,26742
2026-10-04T14:08:08Z,checkoutservice,productcatalogservice,0,0,0,0,0,0,0
2026-10-04T14:08:08Z,checkoutservice,recommendationservice,0,0,0,0,0,0,0
2026-10-04T14:08:08Z,checkoutservice,redis-cart,0,0,0,0,0,0,0
2026-10-04T14:08:08Z,checkoutservice,shippingservice,53611,51507,0,154,0,485284,51356
2026-10-04T14:08:08Z,currencyservice,adservice,0,0,0,0,0,0,0
2026-10-04T14:08:08Z,currencyservice,cartservice,0,0,0,0,0,0,0
2026-10-04T14:08:08Z,currencyservice,checkoutservice,0,0,0,0,0,0,0
2026-10-04T14:08:08Z,currencyservice,currencyservice,0,0,0,0,0,0,0
2026-10-04T14:08:08Z,currencyservice,emailservice,0,0,0,0,0,0,0
2026-10-04T14:08:08Z,currencyservice,frontend,0,0,0,0,0,0,0
2026-10-04T14:08:08Z,currencyservice,kubernetes,0,0,0,0,0,0,0
2026-10-04T14:08:08Z,currencyservice,paymentservice,0,0,0,0,0,0,0
2026-10-04T14:08:08Z,currencyservice,productcatalogservice,0,0,0,0,0,0,0
2026-10-04T14:08:08Z,currencyservice,recommendationservice,0,0,0,0,0,0,0
2026-10-04T14:08:08Z,currencyservice,redis-cart,0,0,0,0,0,0,0
2026-10-04T14:08:08Z,currencyservice,shippingservice,0,0,0,0,0,0,0
2026-10-04T14:08:08Z,emailservice,adservice,0,0,0,0,0,0,0
2026-10-04T14:08:08Z,emailservice,cartservice,0,0,0,0,0,0,0
2026-10-04T14:08:08Z,emailservice,checkoutservice,0,0,0,0,0,0,0
2026-10-04T14:08:08Z,emailservice,currencyservice,0,0,0,0,0,0,0
2026-10-04T14:08:08Z,emailservice,emailservice,0,0,0,0,0,0,0
2026-10-04T14:08:08Z,emailservice,frontend,0,0,0,0,0,0,0
2026-10-04T14:08:08Z,emailservice,kubernetes,0,0,0,0,0,0,0
2026-10-04T14:08:08Z,emailservice,paymentservice,0,0,0,0,0,0,0
2026-10-04T14:08:08Z,emailservice,productcatalogservice,0,0,0,0,0,0,0
2026-10-04T14:08:08Z,emailservice,recommendationservice,0,0,0,0,0,0,0
2026-10-04T14:08:08Z,emailservice,redis-cart,0,0,0,0,0,0,0
2026-10-04T14:08:08Z,emailservice,shippingservice,0,0,0,0,0,0,0
2026-10-04T14:08:08Z,frontend,adservice,834839,834837,0,0,0,2517264,834291
2026-10-04T14:08:08Z,frontend,cartservice,1848887,1848874,0,0,4,10280216,1847441
2026-10-04T14:08:08Z,frontend,checkoutservice,394542,184577,0,40061,169943,62080902,184356
2026-10-04T14:08:08Z,frontend,currencyservice,2939583,2939568,0,0,0,15579290,2937223
2026-10-04T14:08:08Z,frontend,emailservice,0,0,0,0,0,0,0
2026-10-04T14:08:08Z,frontend,frontend,0,0,0,0,0,0,0
2026-10-04T14:08:08Z,frontend,kubernetes,0,0,0,0,0,0,0
2026-10-04T14:08:08Z,frontend,paymentservice,0,0,0,0,0,0,0
2026-10-04T14:08:08Z,frontend,productcatalogservice,8268961,8268893,0,0,0,56556723,8262848
2026-10-04T14:08:08Z,frontend,recommendationservice,2666288,1633674,0,107868,922227,802604961,1632381
2026-10-04T14:08:08Z,frontend,redis-cart,0,0,0,0,0,0,0
2026-10-04T14:08:08Z,frontend,shippingservice,306126,306124,0,0,0,930216,305901
2026-10-04T14:08:08Z,paymentservice,adservice,0,0,0,0,0,0,0
2026-10-04T14:08:08Z,paymentservice,cartservice,0,0,0,0,0,0,0
2026-10-04T14:08:08Z,paymentservice,checkoutservice,0,0,0,0,0,0,0
2026-10-04T14:08:08Z,paymentservice,currencyservice,0,0,0,0,0,0,0
2026-10-04T14:08:08Z,paymentservice,emailservice,0,0,0,0,0,0,0
2026-10-04T14:08:08Z,paymentservice,frontend,0,0,0,0,0,0,0
2026-10-04T14:08:08Z,paymentservice,kubernetes,0,0,0,0,0,0,0
2026-10-04T14:08:08Z,paymentservice,paymentservice,0,0,0,0,0,0,0
2026-10-04T14:08:08Z,paymentservice,productcatalogservice,0,0,0,0,0,0,0
2026-10-04T14:08:08Z,paymentservice,recommendationservice,0,0,0,0,0,0,0
2026-10-04T14:08:08Z,paymentservice,redis-cart,0,0,0,0,0,0,0
2026-10-04T14:08:08Z,paymentservice,shippingservice,0,0,0,0,0,0,0
2026-10-04T14:08:08Z,productcatalogservice,adservice,0,0,0,0,0,0,0
2026-10-04T14:08:08Z,productcatalogservice,cartservice,0,0,0,0,0,0,0
2026-10-04T14:08:08Z,productcatalogservice,checkoutservice,0,0,0,0,0,0,0
2026-10-04T14:08:08Z,productcatalogservice,currencyservice,0,0,0,0,0,0,0
2026-10-04T14:08:08Z,productcatalogservice,emailservice,0,0,0,0,0,0,0
2026-10-04T14:08:08Z,productcatalogservice,frontend,0,0,0,0,0,0,0
2026-10-04T14:08:08Z,productcatalogservice,kubernetes,0,0,0,0,0,0,0
2026-10-04T14:08:08Z,productcatalogservice,paymentservice,0,0,0,0,0,0,0
2026-10-04T14:08:08Z,productcatalogservice,productcatalogservice,0,0,0,0,0,0,0
2026-10-04T14:08:08Z,productcatalogservice,recommendationservice,0,0,0,0,0,0,0
2026-10-04T14:08:08Z,productcatalogservice,redis-cart,0,0,0,0,0,0,0
2026-10-04T14:08:08Z,productcatalogservice,shippingservice,0,0,0,0,0,0,0
2026-10-04T14:08:08Z,recommendationservice,adservice,0,0,0,0,0,0,0
2026-10-04T14:08:08Z,recommendationservice,cartservice,0,0,0,0,0,0,0
2026-10-04T14:08:08Z,recommendationservice,checkoutservice,0,0,0,0,0,0,0
2026-10-04T14:08:08Z,recommendationservice,currencyservice,0,0,0,0,0,0,0
2026-10-04T14:08:08Z,recommendationservice,emailservice,0,0,0,0,0,0,0
2026-10-04T14:08:08Z,recommendationservice,frontend,0,0,0,0,0,0,0
2026-10-04T14:08:08Z,recommendationservice,kubernetes,0,0,0,0,0,0,0
2026-10-04T14:08:08Z,recommendationservice,paymentservice,0,0,0,0,0,0,0
2026-10-04T14:08:08Z,recommendationservice,productcatalogservice,115694,115686,0,0,0,853205,114355
2026-10-04T14:08:08Z,recommendationservice,recommendationservice,0,0,0,0,0,0,0
2026-10-04T14:08:08Z,recommendationservice,redis-cart,0,0,0,0,0,0,0
2026-10-04T14:08:08Z,recommendationservice,shippingservice,0,0,0,0,0,0,0
2026-10-04T14:08:08Z,redis-cart,adservice,0,0,0,0,0,0,0
2026-10-04T14:08:08Z,redis-cart,cartservice,0,0,0,0,0,0,0
2026-10-04T14:08:08Z,redis-cart,checkoutservice,0,0,0,0,0,0,0
2026-10-04T14:08:08Z,redis-cart,currencyservice,0,0,0,0,0,0,0
2026-10-04T14:08:08Z,redis-cart,emailservice,0,0,0,0,0,0,0
2026-10-04T14:08:08Z,redis-cart,frontend,0,0,0,0,0,0,0
2026-10-04T14:08:08Z,redis-cart,kubernetes,0,0,0,0,0,0,0
2026-10-04T14:08:08Z,redis-cart,paymentservice,0,0,0,0,0,0,0
2026-10-04T14:08:08Z,redis-cart,productcatalogservice,0,0,0,0,0,0,0
2026-10-04T14:08:08Z,redis-cart,recommendationservice,0,0,0,0,0,0,0
2026-10-04T14:08:08Z,redis-cart,redis-cart,0,0,0,0,0,0,0
2026-10-04T14:08:08Z,redis-cart,shippingservice,0,0,0,0,0,0,0
2026-10-04T14:08:08Z,shippingservice,adservice,0,0,0,0,0,0,0
2026-10-04T14:08:08Z,shippingservice,cartservice,0,0,0,0,0,0,0
2026-10-04T14:08:08Z,shippingservice,checkoutservice,0,0,0,0,0,0,0
2026-10-04T14:08:08Z,shippingservice,currencyservice,0,0,0,0,0,0,0
2026-10-04T14:08:08Z,shippingservice,emailservice,0,0,0,0,0,0,0
2026-10-04T14:08:08Z,shippingservice,frontend,0,0,0,0,0,0,0
2026-10-04T14:08:08Z,shippingservice,kubernetes,0,0,0,0,0,0,0
2026-10-04T14:08:08Z,shippingservice,paymentservice,0,0,0,0,0,0,0
2026-10-04T14:08:08Z,shippingservice,productcatalogservice,0,0,0,0,0,0,0
2026-10-04T14:08:08Z,shippingservice,recommendationservice,0,0,0,0,0,0,0
2026-10-04T14:08:08Z,shippingservice,redis-cart,0,0,0,0,0,0,0
2026-10-04T14:08:08Z,shippingservice,shippingservice,0,0,0,0,0,0,0
2026-10-04T14:08:09Z,adservice,adservice,0,0,0,0,0,0,0
2026-10-04T14:08:09Z,adservice,cartservice,0,0,0,0,0,0,0
2026-10-04T14:08:09Z,adservice,checkoutservice,0,0,0,0,0,0,0
2026-10-04T14:08:09Z,adservice,currencyservice,0,0,0,0,0,0,0
2026-10-04T14:08:09Z,adservice,emailservice,0,0,0,0,0,0,0
2026-10-04T14:08:09Z,adservice,frontend,0,0,0,0,0,0,0
2026-10-04T14:08:09Z,adservice,kubernetes,0,0,0,0,0,0,0
2026-10-04T14:08:09Z,adservice,paymentservice,0,0,0,0,0,0,0
2026-10-04T14:08:09Z,adservice,productcatalogservice,0,0,0,0,0,0,0
2026-10-04T14:08:09Z,adservice,recommendationservice,0,0,0,0,0,0,0
2026-10-04T14:08:09Z,adservice,redis-cart,0,0,0,0,0,0,0
2026-10-04T14:08:09Z,adservice,shippingservice,0,0,0,0,0,0,0
2026-10-04T14:08:09Z,cartservice,adservice,0,0,0,0,0,0,0
2026-10-04T14:08:09Z,cartservice,cartservice,0,0,0,0,0,0,0
2026-10-04T14:08:09Z,cartservice,checkoutservice,0,0,0,0,0,0,0
2026-10-04T14:08:09Z,cartservice,currencyservice,0,0,0,0,0,0,0
2026-10-04T14:08:09Z,cartservice,emailservice,0,0,0,0,0,0,0
2026-10-04T14:08:09Z,cartservice,frontend,0,0,0,0,0,0,0
2026-10-04T14:08:09Z,cartservice,kubernetes,0,0,0,0,0,0,0
2026-10-04T14:08:09Z,cartservice,paymentservice,0,0,0,0,0,0,0
2026-10-04T14:08:09Z,cartservice,productcatalogservice,0,0,0,0,0,0,0
2026-10-04T14:08:09Z,cartservice,recommendationservice,0,0,0,0,0,0,0
2026-10-04T14:08:09Z,cartservice,redis-cart,2,0,0,0,0,0,0
2026-10-04T14:08:09Z,cartservice,shippingservice,0,0,0,0,0,0,0
2026-10-04T14:08:09Z,checkoutservice,adservice,0,0,0,0,0,0,0
2026-10-04T14:08:09Z,checkoutservice,cartservice,48420,47489,0,100,0,642261,47216
2026-10-04T14:08:09Z,checkoutservice,checkoutservice,0,0,0,0,0,0,0
2026-10-04T14:08:09Z,checkoutservice,currencyservice,35610,35606,0,0,0,541001,35472
2026-10-04T14:08:09Z,checkoutservice,emailservice,6840,6554,0,66,0,261638,6419
2026-10-04T14:08:09Z,checkoutservice,frontend,0,0,0,0,0,0,0
2026-10-04T14:08:09Z,checkoutservice,kubernetes,0,0,0,0,0,0,0
2026-10-04T14:08:09Z,checkoutservice,paymentservice,28869,27021,0,192,0,412642,26742
2026-10-04T14:08:09Z,checkoutservice,productcatalogservice,0,0,0,0,0,0,0
2026-10-04T14:08:09Z,checkoutservice,recommendationservice,0,0,0,0,0,0,0
2026-10-04T14:08:09Z,checkoutservice,redis-cart,0,0,0,0,0,0,0
2026-10-04T14:08:09Z,checkoutservice,shippingservice,53730,51627,0,154,0,485284,51356
2026-10-04T14:08:09Z,currencyservice,adservice,0,0,0,0,0,0,0
2026-10-04T14:08:09Z,currencyservice,cartservice,0,0,0,0,0,0,0
2026-10-04T14:08:09Z,currencyservice,checkoutservice,0,0,0,0,0,0,0
2026-10-04T14:08:09Z,currencyservice,currencyservice,0,0,0,0,0,0,0
2026-10-04T14:08:09Z,currencyservice,emailservice,0,0,0,0,0,0,0
2026-10-04T14:08:09Z,currencyservice,frontend,0,0,0,0,0,0,0
2026-10-04T14:08:09Z,currencyservice,kubernetes,0,0,0,0,0,0,0
2026-10-04T14:08:09Z,currencyservice,paymentservice,0,0,0,0,0,0,0
2026-10-04T14:08:09Z,currencyservice,productcatalogservice,0,0,0,0,0,0,0
2026-10-04T14:08:09Z,currencyservice,recommendationservice,0,0,0,0,0,0,0
2026-10-04T14:08:09Z,currencyservice,redis-cart,0,0,0,0,0,0,0
2026-10-04T14:08:09Z,currencyservice,shippingservice,0,0,0,0,0,0,0
2026-10-04T14:08:09Z,emailservice,adservice,0,0,0,0,0,0,0
2026-10-04T14:08:09Z,emailservice,cartservice,0,0,0,0,0,0,0
2026-10-04T14:08:09Z,emailservice,checkoutservice,0,0,0,0,0,0,0
2026-10-04T14:08:09Z,emailservice,currencyservice,0,0,0,0,0,0,0
2026-10-04T14:08:09Z,emailservice,emailservice,0,0,0,0,0,0,0
2026-10-04T14:08:09Z,emailservice,frontend,0,0,0,0,0,0,0
2026-10-04T14:08:09Z,emailservice,kubernetes,0,0,0,0,0,0,0
2026-10-04T14:08:09Z,emailservice,paymentservice,0,0,0,0,0,0,0
2026-10-04T14:08:09Z,emailservice,productcatalogservice,0,0,0,0,0,0,0
2026-10-04T14:08:09Z,emailservice,recommendationservice,0,0,0,0,0,0,0
2026-10-04T14:08:09Z,emailservice,redis-cart,0,0,0,0,0,0,0
2026-10-04T14:08:09Z,emailservice,shippingservice,0,0,0,0,0,0,0
2026-10-04T14:08:09Z,frontend,adservice,835005,835003,0,0,0,2518784,834861
2026-10-04T14:08:09Z,frontend,cartservice,1849291,1849277,0,0,4,10286425,1848939
2026-10-04T14:08:09Z,frontend,checkoutservice,394604,184637,0,40061,169943,62107475,184585
2026-10-04T14:08:09Z,frontend,currencyservice,2940234,2940224,0,0,0,15588168,2939671
2026-10-04T14:08:09Z,frontend,emailservice,0,0,0,0,0,0,0
2026-10-04T14:08:09Z,frontend,frontend,0,0,0,0,0,0,0
2026-10-04T14:08:09Z,frontend,kubernetes,0,0,0,0,0,0,0
2026-10-04T14:08:09Z,frontend,paymentservice,0,0,0,0,0,0,0
2026-10-04T14:08:09Z,frontend,productcatalogservice,8270727,8270648,0,0,0,56593297,8269182
2026-10-04T14:08:09Z,frontend,recommendationservice,2666993,1634056,0,107899,922519,803647026,1633724
2026-10-04T14:08:09Z,frontend,redis-cart,0,0,0,0,0,0,0
2026-10-04T14:08:09Z,frontend,shippingservice,306181,306179,0,0,0,930776,306134
2026-10-04T14:08:09Z,paymentservice,adservice,0,0,0,0,0,0,0
2026-10-04T14:08:09Z,paymentservice,cartservice,0,0,0,0,0,0,0
2026-10-04T14:08:09Z,paymentservice,checkoutservice,0,0,0,0,0,0,0
2026-10-04T14:08:09Z,paymentservice,currencyservice,0,0,0,0,0,0,0
2026-10-04T14:08:09Z,paymentservice,emailservice,0,0,0,0,0,0,0
2026-10-04T14:08:09Z,paymentservice,frontend,0,0,0,0,0,0,0
2026-10-04T14:08:09Z,paymentservice,kubernetes,0,0,0,0,0,0,0
2026-10-04T14:08:09Z,paymentservice,paymentservice,0,0,0,0,0,0,0
2026-10-04T14:08:09Z,paymentservice,productcatalogservice,0,0,0,0,0,0,0
2026-10-04T14:08:09Z,paymentservice,recommendationservice,0,0,0,0,0,0,0
2026-10-04T14:08:09Z,paymentservice,redis-cart,0,0,0,0,0,0,0
2026-10-04T14:08:09Z,paymentservice,shippingservice,0,0,0,0,0,0,0
2026-10-04T14:08:09Z,productcatalogservice,adservice,0,0,0,0,0,0,0
2026-10-04T14:08:09Z,productcatalogservice,cartservice,0,0,0,0,0,0,0
2026-10-04T14:08:09Z,productcatalogservice,checkoutservice,0,0,0,0,0,0,0
2026-10-04T14:08:09Z,productcatalogservice,currencyservice,0,0,0,0,0,0,0
2026-10-04T14:08:09Z,productcatalogservice,emailservice,0,0,0,0,0,0,0
2026-10-04T14:08:09Z,productcatalogservice,frontend,0,0,0,0,0,0,0
2026-10-04T14:08:09Z,productcatalogservice,kubernetes,0,0,0,0,0,0,0
2026-10-04T14:08:09Z,productcatalogservice,paymentservice,0,0,0,0,0,0,0
2026-10-04T14:08:09Z,productcatalogservice,productcatalogservice,0,0,0,0,0,0,0
2026-10-04T14:08:09Z,productcatalogservice,recommendationservice,0,0,0,0,0,0,0
2026-10-04T14:08:09Z,productcatalogservice,redis-cart,0,0,0,0,0,0,0
2026-10-04T14:08:09Z,productcatalogservice,shippingservice,0,0,0,0,0,0,0
2026-10-04T14:08:09Z,recommendationservice,adservice,0,0,0,0,0,0,0
2026-10-04T14:08:09Z,recommendationservice,cartservice,0,0,0,0,0,0,0
2026-10-04T14:08:09Z,recommendationservice,checkoutservice,0,0,0,0,0,0,0
2026-10-04T14:08:09Z,recommendationservice,currencyservice,0,0,0,0,0,0,0
2026-10-04T14:08:09Z,recommendationservice,emailservice,0,0,0,0,0,0,0
2026-10-04T14:08:09Z,recommendationservice,frontend,0,0,0,0,0,0,0
2026-10-04T14:08:09Z,recommendationservice,kubernetes,0,0,0,0,0,0,0
2026-10-04T14:08:09Z,recommendationservice,paymentservice,0,0,0,0,0,0,0
2026-10-04T14:08:09Z,recommendationservice,productcatalogservice,116135,116135,0,0,0,853205,114355
2026-10-04T14:08:09Z,recommendationservice,recommendationservice,0,0,0,0,0,0,0
2026-10-04T14:08:09Z,recommendationservice,redis-cart,0,0,0,0,0,0,0
2026-10-04T14:08:09Z,recommendationservice,shippingservice,0,0,0,0,0,0,0
2026-10-04T14:08:09Z,redis-cart,adservice,0,0,0,0,0,0,0
2026-10-04T14:08:09Z,redis-cart,cartservice,0,0,0,0,0,0,0
2026-10-04T14:08:09Z,redis-cart,checkoutservice,0,0,0,0,0,0,0
2026-10-04T14:08:09Z,redis-cart,currencyservice,0,0,0,0,0,0,0
2026-10-04T14:08:09Z,redis-cart,emailservice,0,0,0,0,0,0,0
2026-10-04T14:08:09Z,redis-cart,frontend,0,0,0,0,0,0,0
2026-10-04T14:08:09Z,redis-cart,kubernetes,0,0,0,0,0,0,0
2026-10-04T14:08:09Z,redis-cart,paymentservice,0,0,0,0,0,0,0
2026-10-04T14:08:09Z,redis-cart,productcatalogservice,0,0,0,0,0,0,0
2026-10-04T14:08:09Z,redis-cart,recommendationservice,0,0,0,0,0,0,0
2026-10-04T14:08:09Z,redis-cart,redis-cart,0,0,0,0,0,0,0
2026-10-04T14:08:09Z,redis-cart,shippingservice,0,0,0,0,0,0,0
2026-10-04T14:08:09Z,shippingservice,adservice,0,0,0,0,0,0,0
2026-10-04T14:08:09Z,shippingservice,cartservice,0,0,0,0,0,0,0
2026-10-04T14:08:09Z,shippingservice,checkoutservice,0,0,0,0,0,0,0
2026-10-04T14:08:09Z,shippingservice,currencyservice,0,0,0,0,0,0,0
2026-10-04T14:08:09Z,shippingservice,emailservice,0,0,0,0,0,0,0
2026-10-04T14:08:09Z,shippingservice,frontend,0,0,0,0,0,0,0
2026-10-04T14:08:09Z,shippingservice,kubernetes,0,0,0,0,0,0,0
2026-10-04T14:08:09Z,shippingservice,paymentservice,0,0,0,0,0,0,0
2026-10-04T14:08:09Z,shippingservice,productcatalogservice,0,0,0,0,0,0,0
2026-10-04T14:08:09Z,shippingservice,recommendationservice,0,0,0,0,0,0,0
2026-10-04T14:08:09Z,shippingservice,redis-cart,0,0,0,0,0,0,0
2026-10-04T14:08:09Z,shippingservice,shippingservice,0,0,0,0,0,0,0
2026-10-04T14:08:10Z,adservice,adservice,0,0,0,0,0,0,0
2026-10-04T14:08:10Z,adservice,cartservice,0,0,0,0,0,0,0
2026-10-04T14:08:10Z,adservice,checkoutservice,0,0,0,0,0,0,0
2026-10-04T14:08:10Z,adservice,currencyservice,0,0,0,0,0,0,0
2026-10-04T14:08:10Z,adservice,emailservice,0,0,0,0,0,0,0
2026-10-04T14:08:10Z,adservice,frontend,0,0,0,0,0,0,0
2026-10-04T14:08:10Z,adservice,kubernetes,0,0,0,0,0,0,0
2026-10-04T14:08:10Z,adservice,paymentservice,0,0,0,0,0,0,0
2026-10-04T14:08:10Z,adservice,productcatalogservice,0,0,0,0,0,0,0
2026-10-04T14:08:10Z,adservice,recommendationservice,0,0,0,0,0,0,0
2026-10-04T14:08:10Z,adservice,redis-cart,0,0,0,0,0,0,0
2026-10-04T14:08:10Z,adservice,shippingservice,0,0,0,0,0,0,0
2026-10-04T14:08:10Z,cartservice,adservice,0,0,0,0,0,0,0
2026-10-04T14:08:10Z,cartservice,cartservice,0,0,0,0,0,0,0
2026-10-04T14:08:10Z,cartservice,checkoutservice,0,0,0,0,0,0,0
2026-10-04T14:08:10Z,cartservice,currencyservice,0,0,0,0,0,0,0
2026-10-04T14:08:10Z,cartservice,emailservice,0,0,0,0,0,0,0
2026-10-04T14:08:10Z,cartservice,frontend,0,0,0,0,0,0,0
2026-10-04T14:08:10Z,cartservice,kubernetes,0,0,0,0,0,0,0
2026-10-04T14:08:10Z,cartservice,paymentservice,0,0,0,0,0,0,0
2026-10-04T14:08:10Z,cartservice,productcatalogservice,0,0,0,0,0,0,0
2026-10-04T14:08:10Z,cartservice,recommendationservice,0,0,0,0,0,0,0
2026-10-04T14:08:10Z,cartservice,redis-cart,2,0,0,0,0,0,0
2026-10-04T14:08:10Z,cartservice,shippingservice,0,0,0,0,0,0,0
2026-10-04T14:08:10Z,checkoutservice,adservice,0,0,0,0,0,0,0
2026-10-04T14:08:10Z,checkoutservice,cartservice,48546,47614,0,100,0,642261,47216
2026-10-04T14:08:10Z,checkoutservice,checkoutservice,0,0,0,0,0,0,0
2026-10-04T14:08:10Z,checkoutservice,currencyservice,35668,35668,0,0,0,541001,35472
2026-10-04T14:08:10Z,checkoutservice,emailservice,6900,6613,0,66,0,261638,6419
2026-10-04T14:08:10Z,checkoutservice,frontend,0,0,0,0,0,0,0
2026-10-04T14:08:10Z,checkoutservice,kubernetes,0,0,0,0,0,0,0
2026-10-04T14:08:10Z,checkoutservice,paymentservice,28934,27086,0,192,0,412642,26742
2026-10-04T14:08:10Z,checkoutservice,productcatalogservice,0,0,0,0,0,0,0
2026-10-04T14:08:10Z,checkoutservice,recommendationservice,0,0,0,0,0,0,0
2026-10-04T14:08:10Z,checkoutservice,redis-cart,0,0,0,0,0,0,0
2026-10-04T14:08:10Z,checkoutservice,shippingservice,53857,51753,0,154,0,485284,51356
2026-10-04T14:08:10Z,currencyservice,adservice,0,0,0,0,0,0,0
2026-10-04T14:08:10Z,currencyservice,cartservice,0,0,0,0,0,0,0
2026-10-04T14:08:10Z,currencyservice,checkoutservice,0,0,0,0,0,0,0
2026-10-04T14:08:10Z,currencyservice,currencyservice,0,0,0,0,0,0,0
2026-10-04T14:08:10Z,currencyservice,emailservice,0,0,0,0,0,0,0
2026-10-04T14:08:10Z,currencyservice,frontend,0,0,0,0,0,0,0
2026-10-04T14:08:10Z,currencyservice,kubernetes,0,0,0,0,0,0,0
2026-10-04T14:08:10Z,currencyservice,paymentservice,0,0,0,0,0,0,0
2026-10-04T14:08:10Z,currencyservice,productcatalogservice,0,0,0,0,0,0,0
2026-10-04T14:08:10Z,currencyservice,recommendationservice,0,0,0,0,0,0,0
2026-10-04T14:08:10Z,currencyservice,redis-cart,0,0,0,0,0,0,0
2026-10-04T14:08:10Z,currencyservice,shippingservice,0,0,0,0,0,0,0
2026-10-04T14:08:10Z,emailservice,adservice,0,0,0,0,0,0,0
2026-10-04T14:08:10Z,emailservice,cartservice,0,0,0,0,0,0,0
2026-10-04T14:08:10Z,emailservice,checkoutservice,0,0,0,0,0,0,0
2026-10-04T14:08:10Z,emailservice,currencyservice,0,0,0,0,0,0,0
2026-10-04T14:08:10Z,emailservice,emailservice,0,0,0,0,0,0,0
2026-10-04T14:08:10Z,emailservice,frontend,0,0,0,0,0,0,0
2026-10-04T14:08:10Z,emailservice,kubernetes,0,0,0,0,0,0,0
2026-10-04T14:08:10Z,emailservice,paymentservice,0,0,0,0,0,0,0
2026-10-04T14:08:10Z,emailservice,productcatalogservice,0,0,0,0,0,0,0
2026-10-04T14:08:10Z,emailservice,recommendationservice,0,0,0,0,0,0,0
2026-10-04T14:08:10Z,emailservice,redis-cart,0,0,0,0,0,0,0
2026-10-04T14:08:10Z,emailservice,shippingservice,0,0,0,0,0,0,0
2026-10-04T14:08:10Z,frontend,adservice,835178,835174,0,0,0,2518784,834861
2026-10-04T14:08:10Z,frontend,cartservice,1849737,1849725,0,0,4,10286425,1848939
2026-10-04T14:08:10Z,frontend,checkoutservice,394669,184691,0,40061,169943,62107475,184585
2026-10-04T14:08:10Z,frontend,currencyservice,2940936,2940923,0,0,0,15588168,2939671
2026-10-04T14:08:10Z,frontend,emailservice,0,0,0,0,0,0,0
2026-10-04T14:08:10Z,frontend,frontend,0,0,0,0,0,0,0
2026-10-04T14:08:10Z,frontend,kubernetes,0,0,0,0,0,0,0
2026-10-04T14:08:10Z,frontend,paymentservice,0,0,0,0,0,0,0
2026-10-04T14:08:10Z,frontend,productcatalogservice,8272501,8272430,0,0,0,56593297,8269182
2026-10-04T14:08:10Z,frontend,recommendationservice,2667764,1634432,0,107939,922848,803647026,1633724
2026-10-04T14:08:10Z,frontend,redis-cart,0,0,0,0,0,0,0
2026-10-04T14:08:10Z,frontend,shippingservice,306233,306231,0,0,0,930776,306134
2026-10-04T14:08:10Z,paymentservice,adservice,0,0,0,0,0,0,0
2026-10-04T14:08:10Z,paymentservice,cartservice,0,0,0,0,0,0,0
2026-10-04T14:08:10Z,paymentservice,checkoutservice,0,0,0,0,0,0,0
2026-10-04T14:08:10Z,paymentservice,currencyservice,0,0,0,0,0,0,0
2026-10-04T14:08:10Z,paymentservice,emailservice,0,0,0,0,0,0,0
2026-10-04T14:08:10Z,paymentservice,frontend,0,0,0,0,0,0,0
2026-10-04T14:08:10Z,paymentservice,kubernetes,0,0,0,0,0,0,0
2026-10-04T14:08:10Z,paymentservice,paymentservice,0,0,0,0,0,0,0
2026-10-04T14:08:10Z,paymentservice,productcatalogservice,0,0,0,0,0,0,0
2026-10-04T14:08:10Z,paymentservice,recommendationservice,0,0,0,0,0,0,0
2026-10-04T14:08:10Z,paymentservice,redis-cart,0,0,0,0,0,0,0
2026-10-04T14:08:10Z,paymentservice,shippingservice,0,0,0,0,0,0,0
2026-10-04T14:08:10Z,productcatalogservice,adservice,0,0,0,0,0,0,0
2026-10-04T14:08:10Z,productcatalogservice,cartservice,0,0,0,0,0,0,0
2026-10-04T14:08:10Z,productcatalogservice,checkoutservice,0,0,0,0,0,0,0
2026-10-04T14:08:10Z,productcatalogservice,currencyservice,0,0,0,0,0,0,0
2026-10-04T14:08:10Z,productcatalogservice,emailservice,0,0,0,0,0,0,0
2026-10-04T14:08:10Z,productcatalogservice,frontend,0,0,0,0,0,0,0
2026-10-04T14:08:10Z,productcatalogservice,kubernetes,0,0,0,0,0,0,0
2026-10-04T14:08:10Z,productcatalogservice,paymentservice,0,0,0,0,0,0,0
2026-10-04T14:08:10Z,productcatalogservice,productcatalogservice,0,0,0,0,0,0,0
2026-10-04T14:08:10Z,productcatalogservice,recommendationservice,0,0,0,0,0,0,0
2026-10-04T14:08:10Z,productcatalogservice,redis-cart,0,0,0,0,0,0,0
2026-10-04T14:08:10Z,productcatalogservice,shippingservice,0,0,0,0,0,0,0
2026-10-04T14:08:10Z,recommendationservice,adservice,0,0,0,0,0,0,0
2026-10-04T14:08:10Z,recommendationservice,cartservice,0,0,0,0,0,0,0
2026-10-04T14:08:10Z,recommendationservice,checkoutservice,0,0,0,0,0,0,0
2026-10-04T14:08:10Z,recommendationservice,currencyservice,0,0,0,0,0,0,0
2026-10-04T14:08:10Z,recommendationservice,emailservice,0,0,0,0,0,0,0
2026-10-04T14:08:10Z,recommendationservice,frontend,0,0,0,0,0,0,0
2026-10-04T14:08:10Z,recommendationservice,kubernetes,0,0,0,0,0,0,0
2026-10-04T14:08:10Z,recommendationservice,paymentservice,0,0,0,0,0,0,0
2026-10-04T14:08:10Z,recommendationservice,productcatalogservice,116608,116603,0,0,0,866598,116494
2026-10-04T14:08:10Z,recommendationservice,recommendationservice,0,0,0,0,0,0,0
2026-10-04T14:08:10Z,recommendationservice,redis-cart,0,0,0,0,0,0,0
2026-10-04T14:08:10Z,recommendationservice,shippingservice,0,0,0,0,0,0,0
2026-10-04T14:08:10Z,redis-cart,adservice,0,0,0,0,0,0,0
2026-10-04T14:08:10Z,redis-cart,cartservice,0,0,0,0,0,0,0
2026-10-04T14:08:10Z,redis-cart,checkoutservice,0,0,0,0,0,0,0
2026-10-04T14:08:10Z,redis-cart,currencyservice,0,0,0,0,0,0,0
2026-10-04T14:08:10Z,redis-cart,emailservice,0,0,0,0,0,0,0
2026-10-04T14:08:10Z,redis-cart,frontend,0,0,0,0,0,0,0
2026-10-04T14:08:10Z,redis-cart,kubernetes,0,0,0,0,0,0,0
2026-10-04T14:08:10Z,redis-cart,paymentservice,0,0,0,0,0,0,0
2026-10-04T14:08:10Z,redis-cart,productcatalogservice,0,0,0,0,0,0,0
2026-10-04T14:08:10Z,redis-cart,recommendationservice,0,0,0,0,0,0,0
2026-10-04T14:08:10Z,redis-cart,redis-cart,0,0,0,0,0,0,0
2026-10-04T14:08:10Z,redis-cart,shippingservice,0,0,0,0,0,0,0
2026-10-04T14:08:10Z,shippingservice,adservice,0,0,0,0,0,0,0
2026-10-04T14:08:10Z,shippingservice,cartservice,0,0,0,0,0,0,0
2026-10-04T14:08:10Z,shippingservice,checkoutservice,0,0,0,0,0,0,0
2026-10-04T14:08:10Z,shippingservice,currencyservice,0,0,0,0,0,0,0
2026-10-04T14:08:10Z,shippingservice,emailservice,0,0,0,0,0,0,0
2026-10-04T14:08:10Z,shippingservice,frontend,0,0,0,0,0,0,0
2026-10-04T14:08:10Z,shippingservice,kubernetes,0,0,0,0,0,0,0
2026-10-04T14:08:10Z,shippingservice,paymentservice,0,0,0,0,0,0,0
2026-10-04T14:08:10Z,shippingservice,productcatalogservice,0,0,0,0,0,0,0
2026-10-04T14:08:10Z,shippingservice,recommendationservice,0,0,0,0,0,0,0
2026-10-04T14:08:10Z,shippingservice,redis-cart,0,0,0,0,0,0,0
2026-10-04T14:08:10Z,shippingservice,shippingservice,0,0,0,0,0,0,0
2026-10-04T14:08:11Z,adservice,adservice,0,0,0,0,0,0,0
2026-10-04T14:08:11Z,adservice,cartservice,0,0,0,0,0,0,0
2026-10-04T14:08:11Z,adservice,checkoutservice,0,0,0,0,0,0,0
2026-10-04T14:08:11Z,adservice,currencyservice,0,0,0,0,0,0,0
2026-10-04T14:08:11Z,adservice,emailservice,0,0,0,0,0,0,0
2026-10-04T14:08:11Z,adservice,frontend,0,0,0,0,0,0,0
2026-10-04T14:08:11Z,adservice,kubernetes,0,0,0,0,0,0,0
2026-10-04T14:08:11Z,adservice,paymentservice,0,0,0,0,0,0,0
2026-10-04T14:08:11Z,adservice,productcatalogservice,0,0,0,0,0,0,0
2026-10-04T14:08:11Z,adservice,recommendationservice,0,0,0,0,0,0,0
2026-10-04T14:08:11Z,adservice,redis-cart,0,0,0,0,0,0,0
2026-10-04T14:08:11Z,adservice,shippingservice,0,0,0,0,0,0,0
2026-10-04T14:08:11Z,cartservice,adservice,0,0,0,0,0,0,0
2026-10-04T14:08:11Z,cartservice,cartservice,0,0,0,0,0,0,0
2026-10-04T14:08:11Z,cartservice,checkoutservice,0,0,0,0,0,0,0
2026-10-04T14:08:11Z,cartservice,currencyservice,0,0,0,0,0,0,0
2026-10-04T14:08:11Z,cartservice,emailservice,0,0,0,0,0,0,0
2026-10-04T14:08:11Z,cartservice,frontend,0,0,0,0,0,0,0
2026-10-04T14:08:11Z,cartservice,kubernetes,0,0,0,0,0,0,0
2026-10-04T14:08:11Z,cartservice,paymentservice,0,0,0,0,0,0,0
2026-10-04T14:08:11Z,cartservice,productcatalogservice,0,0,0,0,0,0,0
2026-10-04T14:08:11Z,cartservice,recommendationservice,0,0,0,0,0,0,0
2026-10-04T14:08:11Z,cartservice,redis-cart,2,0,0,0,0,0,0
2026-10-04T14:08:11Z,cartservice,shippingservice,0,0,0,0,0,0,0
2026-10-04T14:08:11Z,checkoutservice,adservice,0,0,0,0,0,0,0
2026-10-04T14:08:11Z,checkoutservice,cartservice,48652,47721,0,100,0,642261,47216
2026-10-04T14:08:11Z,checkoutservice,checkoutservice,0,0,0,0,0,0,0
2026-10-04T14:08:11Z,checkoutservice,currencyservice,35724,35724,0,0,0,541001,35472
2026-10-04T14:08:11Z,checkoutservice,emailservice,6962,6676,0,66,0,261638,6419
2026-10-04T14:08:11Z,checkoutservice,frontend,0,0,0,0,0,0,0
2026-10-04T14:08:11Z,checkoutservice,kubernetes,0,0,0,0,0,0,0
2026-10-04T14:08:11Z,checkoutservice,paymentservice,28990,27142,0,192,0,412642,26742
2026-10-04T14:08:11Z,checkoutservice,productcatalogservice,0,0,0,0,0,0,0
2026-10-04T14:08:11Z,checkoutservice,recommendationservice,0,0,0,0,0,0,0
2026-10-04T14:08:11Z,checkoutservice,redis-cart,0,0,0,0,0,0,0
2026-10-04T14:08:11Z,checkoutservice,shippingservice,53964,51861,0,154,0,485284,51356
2026-10-04T14:08:11Z,currencyservice,adservice,0,0,0,0,0,0,0
2026-10-04T14:08:11Z,currencyservice,cartservice,0,0,0,0,0,0,0
2026-10-04T14:08:11Z,currencyservice,checkoutservice,0,0,0,0,0,0,0
2026-10-04T14:08:11Z,currencyservice,currencyservice,0,0,0,0,0,0,0
2026-10-04T14:08:11Z,currencyservice,emailservice,0,0,0,0,0,0,0
2026-10-04T14:08:11Z,currencyservice,frontend,0,0,0,0,0,0,0
2026-10-04T14:08:11Z,currencyservice,kubernetes,0,0,0,0,0,0,0
2026-10-04T14:08:11Z,currencyservice,paymentservice,0,0,0,0,0,0,0
2026-10-04T14:08:11Z,currencyservice,productcatalogservice,0,0,0,0,0,0,0
2026-10-04T14:08:11Z,currencyservice,recommendationservice,0,0,0,0,0,0,0
2026-10-04T14:08:11Z,currencyservice,redis-cart,0,0,0,0,0,0,0
2026-10-04T14:08:11Z,currencyservice,shippingservice,0,0,0,0,0,0,0
2026-10-04T14:08:11Z,emailservice,adservice,0,0,0,0,0,0,0
2026-10-04T14:08:11Z,emailservice,cartservice,0,0,0,0,0,0,0
2026-10-04T14:08:11Z,emailservice,checkoutservice,0,0,0,0,0,0,0
2026-10-04T14:08:11Z,emailservice,currencyservice,0,0,0,0,0,0,0
2026-10-04T14:08:11Z,emailservice,emailservice,0,0,0,0,0,0,0
2026-10-04T14:08:11Z,emailservice,frontend,0,0,0,0,0,0,0
2026-10-04T14:08:11Z,emailservice,kubernetes,0,0,0,0,0,0,0
2026-10-04T14:08:11Z,emailservice,paymentservice,0,0,0,0,0,0,0
2026-10-04T14:08:11Z,emailservice,productcatalogservice,0,0,0,0,0,0,0
2026-10-04T14:08:11Z,emailservice,recommendationservice,0,0,0,0,0,0,0
2026-10-04T14:08:11Z,emailservice,redis-cart,0,0,0,0,0,0,0
2026-10-04T14:08:11Z,emailservice,shippingservice,0,0,0,0,0,0,0
2026-10-04T14:08:11Z,frontend,adservice,835307,835305,0,0,0,2518784,834861
2026-10-04T14:08:11Z,frontend,cartservice,1850105,1850091,0,0,4,10286425,1848939
2026-10-04T14:08:11Z,frontend,checkoutservice,394722,184754,0,40061,169943,62107475,184585
2026-10-04T14:08:11Z,frontend,currencyservice,2941517,2941509,0,0,0,15588168,2939671
2026-10-04T14:08:11Z,frontend,emailservice,0,0,0,0,0,0,0
2026-10-04T14:08:11Z,frontend,frontend,0,0,0,0,0,0,0
2026-10-04T14:08:11Z,frontend,kubernetes,0,0,0,0,0,0,0
2026-10-04T14:08:11Z,frontend,paymentservice,0,0,0,0,0,0,0
2026-10-04T14:08:11Z,frontend,productcatalogservice,8273871,8273809,0,0,0,56593297,8269182
2026-10-04T14:08:11Z,frontend,recommendationservice,2668518,1634745,0,107975,923244,803647026,1633724
2026-10-04T14:08:11Z,frontend,redis-cart,0,0,0,0,0,0,0
2026-10-04T14:08:11Z,frontend,shippingservice,306273,306271,0,0,0,930776,306134
2026-10-04T14:08:11Z,paymentservice,adservice,0,0,0,0,0,0,0
2026-10-04T14:08:11Z,paymentservice,cartservice,0,0,0,0,0,0,0
2026-10-04T14:08:11Z,paymentservice,checkoutservice,0,0,0,0,0,0,0
2026-10-04T14:08:11Z,paymentservice,currencyservice,0,0,0,0,0,0,0
2026-10-04T14:08:11Z,paymentservice,emailservice,0,0,0,0,0,0,0
2026-10-04T14:08:11Z,paymentservice,frontend,0,0,0,0,0,0,0
2026-10-04T14:08:11Z,paymentservice,kubernetes,0,0,0,0,0,0,0
2026-10-04T14:08:11Z,paymentservice,paymentservice,0,0,0,0,0,0,0
2026-10-04T14:08:11Z,paymentservice,productcatalogservice,0,0,0,0,0,0,0
2026-10-04T14:08:11Z,paymentservice,recommendationservice,0,0,0,0,0,0,0
2026-10-04T14:08:11Z,paymentservice,redis-cart,0,0,0,0,0,0,0
2026-10-04T14:08:11Z,paymentservice,shippingservice,0,0,0,0,0,0,0
2026-10-04T14:08:11Z,productcatalogservice,adservice,0,0,0,0,0,0,0
2026-10-04T14:08:11Z,productcatalogservice,cartservice,0,0,0,0,0,0,0
2026-10-04T14:08:11Z,productcatalogservice,checkoutservice,0,0,0,0,0,0,0
2026-10-04T14:08:11Z,productcatalogservice,currencyservice,0,0,0,0,0,0,0
2026-10-04T14:08:11Z,productcatalogservice,emailservice,0,0,0,0,0,0,0
2026-10-04T14:08:11Z,productcatalogservice,frontend,0,0,0,0,0,0,0
2026-10-04T14:08:11Z,productcatalogservice,kubernetes,0,0,0,0,0,0,0
2026-10-04T14:08:11Z,productcatalogservice,paymentservice,0,0,0,0,0,0,0
2026-10-04T14:08:11Z,productcatalogservice,productcatalogservice,0,0,0,0,0,0,0
2026-10-04T14:08:11Z,productcatalogservice,recommendationservice,0,0,0,0,0,0,0
2026-10-04T14:08:11Z,productcatalogservice,redis-cart,0,0,0,0,0,0,0
2026-10-04T14:08:11Z,productcatalogservice,shippingservice,0,0,0,0,0,0,0
2026-10-04T14:08:11Z,recommendationservice,adservice,0,0,0,0,0,0,0
2026-10-04T14:08:11Z,recommendationservice,cartservice,0,0,0,0,0,0,0
2026-10-04T14:08:11Z,recommendationservice,checkoutservice,0,0,0,0,0,0,0
2026-10-04T14:08:11Z,recommendationservice,currencyservice,0,0,0,0,0,0,0
2026-10-04T14:08:11Z,recommendationservice,emailservice,0,0,0,0,0,0,0
2026-10-04T14:08:11Z,recommendationservice,frontend,0,0,0,0,0,0,0
2026-10-04T14:08:11Z,recommendationservice,kubernetes,0,0,0,0,0,0,0
2026-10-04T14:08:11Z,recommendationservice,paymentservice,0,0,0,0,0,0,0
2026-10-04T14:08:11Z,recommendationservice,productcatalogservice,117050,117044,0,0,0,866598,116494
2026-10-04T14:08:11Z,recommendationservice,recommendationservice,0,0,0,0,0,0,0
2026-10-04T14:08:11Z,recommendationservice,redis-cart,0,0,0,0,0,0,0
2026-10-04T14:08:11Z,recommendationservice,shippingservice,0,0,0,0,0,0,0
2026-10-04T14:08:11Z,redis-cart,adservice,0,0,0,0,0,0,0
2026-10-04T14:08:11Z,redis-cart,cartservice,0,0,0,0,0,0,0
2026-10-04T14:08:11Z,redis-cart,checkoutservice,0,0,0,0,0,0,0
2026-10-04T14:08:11Z,redis-cart,currencyservice,0,0,0,0,0,0,0
2026-10-04T14:08:11Z,redis-cart,emailservice,0,0,0,0,0,0,0
2026-10-04T14:08:11Z,redis-cart,frontend,0,0,0,0,0,0,0
2026-10-04T14:08:11Z,redis-cart,kubernetes,0,0,0,0,0,0,0
2026-10-04T14:08:11Z,redis-cart,paymentservice,0,0,0,0,0,0,0
2026-10-04T14:08:11Z,redis-cart,productcatalogservice,0,0,0,0,0,0,0
2026-10-04T14:08:11Z,redis-cart,recommendationservice,0,0,0,0,0,0,0
2026-10-04T14:08:11Z,redis-cart,redis-cart,0,0,0,0,0,0,0
2026-10-04T14:08:11Z,redis-cart,shippingservice,0,0,0,0,0,0,0
2026-10-04T14:08:11Z,shippingservice,adservice,0,0,0,0,0,0,0
2026-10-04T14:08:11Z,shippingservice,cartservice,0,0,0,0,0,0,0
2026-10-04T14:08:11Z,shippingservice,checkoutservice,0,0,0,0,0,0,0
2026-10-04T14:08:11Z,shippingservice,currencyservice,0,0,0,0,0,0,0
2026-10-04T14:08:11Z,shippingservice,emailservice,0,0,0,0,0,0,0
2026-10-04T14:08:11Z,shippingservice,frontend,0,0,0,0,0,0,0
2026-10-04T14:08:11Z,shippingservice,kubernetes,0,0,0,0,0,0,0
2026-10-04T14:08:11Z,shippingservice,paymentservice,0,0,0,0,0,0,0
2026-10-04T14:08:11Z,shippingservice,productcatalogservice,0,0,0,0,0,0,0
2026-10-04T14:08:11Z,shippingservice,recommendationservice,0,0,0,0,0,0,0
2026-10-04T14:08:11Z,shippingservice,redis-cart,0,0,0,0,0,0,0
2026-10-04T14:08:11Z,shippingservice,shippingservice,0,0,0,0,0,0,0
2026-10-04T14:08:12Z,adservice,adservice,0,0,0,0,0,0,0
2026-10-04T14:08:12Z,adservice,cartservice,0,0,0,0,0,0,0
2026-10-04T14:08:12Z,adservice,checkoutservice,0,0,0,0,0,0,0
2026-10-04T14:08:12Z,adservice,currencyservice,0,0,0,0,0,0,0
2026-10-04T14:08:12Z,adservice,emailservice,0,0,0,0,0,0,0
2026-10-04T14:08:12Z,adservice,frontend,0,0,0,0,0,0,0
2026-10-04T14:08:12Z,adservice,kubernetes,0,0,0,0,0,0,0
2026-10-04T14:08:12Z,adservice,paymentservice,0,0,0,0,0,0,0
2026-10-04T14:08:12Z,adservice,productcatalogservice,0,0,0,0,0,0,0
2026-10-04T14:08:12Z,adservice,recommendationservice,0,0,0,0,0,0,0
2026-10-04T14:08:12Z,adservice,redis-cart,0,0,0,0,0,0,0
2026-10-04T14:08:12Z,adservice,shippingservice,0,0,0,0,0,0,0
2026-10-04T14:08:12Z,cartservice,adservice,0,0,0,0,0,0,0
2026-10-04T14:08:12Z,cartservice,cartservice,0,0,0,0,0,0,0
2026-10-04T14:08:12Z,cartservice,checkoutservice,0,0,0,0,0,0,0
2026-10-04T14:08:12Z,cartservice,currencyservice,0,0,0,0,0,0,0
2026-10-04T14:08:12Z,cartservice,emailservice,0,0,0,0,0,0,0
2026-10-04T14:08:12Z,cartservice,frontend,0,0,0,0,0,0,0
2026-10-04T14:08:12Z,cartservice,kubernetes,0,0,0,0,0,0,0
2026-10-04T14:08:12Z,cartservice,paymentservice,0,0,0,0,0,0,0
2026-10-04T14:08:12Z,cartservice,productcatalogservice,0,0,0,0,0,0,0
2026-10-04T14:08:12Z,cartservice,recommendationservice,0,0,0,0,0,0,0
2026-10-04T14:08:12Z,cartservice,redis-cart,2,0,0,0,0,0,0
2026-10-04T14:08:12Z,cartservice,shippingservice,0,0,0,0,0,0,0
2026-10-04T14:08:12Z,checkoutservice,adservice,0,0,0,0,0,0,0
2026-10-04T14:08:12Z,checkoutservice,cartservice,48740,47809,0,100,0,644760,47791
2026-10-04T14:08:12Z,checkoutservice,checkoutservice,0,0,0,0,0,0,0
2026-10-04T14:08:12Z,checkoutservice,currencyservice,35768,35768,0,0,0,542094,35761
2026-10-04T14:08:12Z,checkoutservice,emailservice,7006,6720,0,66,0,275264,6708
2026-10-04T14:08:12Z,checkoutservice,frontend,0,0,0,0,0,0,0
2026-10-04T14:08:12Z,checkoutservice,kubernetes,0,0,0,0,0,0,0
2026-10-04T14:08:12Z,checkoutservice,paymentservice,29034,27186,0,192,0,413614,27030
2026-10-04T14:08:12Z,checkoutservice,productcatalogservice,0,0,0,0,0,0,0
2026-10-04T14:08:12Z,checkoutservice,recommendationservice,0,0,0,0,0,0,0
2026-10-04T14:08:12Z,checkoutservice,redis-cart,0,0,0,0,0,0,0
2026-10-04T14:08:12Z,checkoutservice,shippingservice,54052,51949,0,154,0,486416,51932
2026-10-04T14:08:12Z,currencyservice,adservice,0,0,0,0,0,0,0
2026-10-04T14:08:12Z,currencyservice,cartservice,0,0,0,0,0,0,0
2026-10-04T14:08:12Z,currencyservice,checkoutservice,0,0,0,0,0,0,0
2026-10-04T14:08:12Z,currencyservice,currencyservice,0,0,0,0,0,0,0
2026-10-04T14:08:12Z,currencyservice,emailservice,0,0,0,0,0,0,0
2026-10-04T14:08:12Z,currencyservice,frontend,0,0,0,0,0,0,0
2026-10-04T14:08:12Z,currencyservice,kubernetes,0,0,0,0,0,0,0
2026-10-04T14:08:12Z,currencyservice,paymentservice,0,0,0,0,0,0,0
2026-10-04T14:08:12Z,currencyservice,productcatalogservice,0,0,0,0,0,0,0
2026-10-04T14:08:12Z,currencyservice,recommendationservice,0,0,0,0,0,0,0
2026-10-04T14:08:12Z,currencyservice,redis-cart,0,0,0,0,0,0,0
2026-10-04T14:08:12Z,currencyservice,shippingservice,0,0,0,0,0,0,0
2026-10-04T14:08:12Z,emailservice,adservice,0,0,0,0,0,0,0
2026-10-04T14:08:12Z,emailservice,cartservice,0,0,0,0,0,0,0
2026-10-04T14:08:12Z,emailservice,checkoutservice,0,0,0,0,0,0,0
2026-10-04T14:08:12Z,emailservice,currencyservice,0,0,0,0,0,0,0
2026-10-04T14:08:12Z,emailservice,emailservice,0,0,0,0,0,0,0
2026-10-04T14:08:12Z,emailservice,frontend,0,0,0,0,0,0,0
2026-10-04T14:08:12Z,emailservice,kubernetes,0,0,0,0,0,0,0
2026-10-04T14:08:12Z,emailservice,paymentservice,0,0,0,0,0,0,0
2026-10-04T14:08:12Z,emailservice,productcatalogservice,0,0,0,0,0,0,0
2026-10-04T14:08:12Z,emailservice,recommendationservice,0,0,0,0,0,0,0
2026-10-04T14:08:12Z,emailservice,redis-cart,0,0,0,0,0,0,0
2026-10-04T14:08:12Z,emailservice,shippingservice,0,0,0,0,0,0,0
2026-10-04T14:08:12Z,frontend,adservice,835417,835415,0,0,0,2518784,834861
2026-10-04T14:08:12Z,frontend,cartservice,1850480,1850466,0,0,4,10286425,1848939
2026-10-04T14:08:12Z,frontend,checkoutservice,394757,184794,0,40061,169943,62107475,184585
2026-10-04T14:08:12Z,frontend,currencyservice,2942103,2942090,0,0,0,15588168,2939671
2026-10-04T14:08:12Z,frontend,emailservice,0,0,0,0,0,0,0
2026-10-04T14:08:12Z,frontend,frontend,0,0,0,0,0,0,0
2026-10-04T14:08:12Z,frontend,kubernetes,0,0,0,0,0,0,0
2026-10-04T14:08:12Z,frontend,paymentservice,0,0,0,0,0,0,0
2026-10-04T14:08:12Z,frontend,productcatalogservice,8275079,8275018,0,0,0,56593297,8269182
2026-10-04T14:08:12Z,frontend,recommendationservice,2669239,1635080,0,108018,923586,803647026,1633724
2026-10-04T14:08:12Z,frontend,redis-cart,0,0,0,0,0,0,0
2026-10-04T14:08:12Z,frontend,shippingservice,306309,306307,0,0,0,930776,306134
2026-10-04T14:08:12Z,paymentservice,adservice,0,0,0,0,0,0,0
2026-10-04T14:08:12Z,paymentservice,cartservice,0,0,0,0,0,0,0
2026-10-04T14:08:12Z,paymentservice,checkoutservice,0,0,0,0,0,0,0
2026-10-04T14:08:12Z,paymentservice,currencyservice,0,0,0,0,0,0,0
2026-10-04T14:08:12Z,paymentservice,emailservice,0,0,0,0,0,0,0
2026-10-04T14:08:12Z,paymentservice,frontend,0,0,0,0,0,0,0
2026-10-04T14:08:12Z,paymentservice,kubernetes,0,0,0,0,0,0,0
2026-10-04T14:08:12Z,paymentservice,paymentservice,0,0,0,0,0,0,0
2026-10-04T14:08:12Z,paymentservice,productcatalogservice,0,0,0,0,0,0,0
2026-10-04T14:08:12Z,paymentservice,recommendationservice,0,0,0,0,0,0,0
2026-10-04T14:08:12Z,paymentservice,redis-cart,0,0,0,0,0,0,0
2026-10-04T14:08:12Z,paymentservice,shippingservice,0,0,0,0,0,0,0
2026-10-04T14:08:12Z,productcatalogservice,adservice,0,0,0,0,0,0,0
2026-10-04T14:08:12Z,productcatalogservice,cartservice,0,0,0,0,0,0,0
2026-10-04T14:08:12Z,productcatalogservice,checkoutservice,0,0,0,0,0,0,0
2026-10-04T14:08:12Z,productcatalogservice,currencyservice,0,0,0,0,0,0,0
2026-10-04T14:08:12Z,productcatalogservice,emailservice,0,0,0,0,0,0,0
2026-10-04T14:08:12Z,productcatalogservice,frontend,0,0,0,0,0,0,0
2026-10-04T14:08:12Z,productcatalogservice,kubernetes,0,0,0,0,0,0,0
2026-10-04T14:08:12Z,productcatalogservice,paymentservice,0,0,0,0,0,0,0
2026-10-04T14:08:12Z,productcatalogservice,productcatalogservice,0,0,0,0,0,0,0
2026-10-04T14:08:12Z,productcatalogservice,recommendationservice,0,0,0,0,0,0,0
2026-10-04T14:08:12Z,productcatalogservice,redis-cart,0,0,0,0,0,0,0
2026-10-04T14:08:12Z,productcatalogservice,shippingservice,0,0,0,0,0,0,0
2026-10-04T14:08:12Z,recommendationservice,adservice,0,0,0,0,0,0,0
2026-10-04T14:08:12Z,recommendationservice,cartservice,0,0,0,0,0,0,0
2026-10-04T14:08:12Z,recommendationservice,checkoutservice,0,0,0,0,0,0,0
2026-10-04T14:08:12Z,recommendationservice,currencyservice,0,0,0,0,0,0,0
2026-10-04T14:08:12Z,recommendationservice,emailservice,0,0,0,0,0,0,0
2026-10-04T14:08:12Z,recommendationservice,frontend,0,0,0,0,0,0,0
2026-10-04T14:08:12Z,recommendationservice,kubernetes,0,0,0,0,0,0,0
2026-10-04T14:08:12Z,recommendationservice,paymentservice,0,0,0,0,0,0,0
2026-10-04T14:08:12Z,recommendationservice,productcatalogservice,117464,117464,0,0,0,866598,116494
2026-10-04T14:08:12Z,recommendationservice,recommendationservice,0,0,0,0,0,0,0
2026-10-04T14:08:12Z,recommendationservice,redis-cart,0,0,0,0,0,0,0
2026-10-04T14:08:12Z,recommendationservice,shippingservice,0,0,0,0,0,0,0
2026-10-04T14:08:12Z,redis-cart,adservice,0,0,0,0,0,0,0
2026-10-04T14:08:12Z,redis-cart,cartservice,0,0,0,0,0,0,0
2026-10-04T14:08:12Z,redis-cart,checkoutservice,0,0,0,0,0,0,0
2026-10-04T14:08:12Z,redis-cart,currencyservice,0,0,0,0,0,0,0
2026-10-04T14:08:12Z,redis-cart,emailservice,0,0,0,0,0,0,0
2026-10-04T14:08:12Z,redis-cart,frontend,0,0,0,0,0,0,0
2026-10-04T14:08:12Z,redis-cart,kubernetes,0,0,0,0,0,0,0
2026-10-04T14:08:12Z,redis-cart,paymentservice,0,0,0,0,0,0,0
2026-10-04T14:08:12Z,redis-cart,productcatalogservice,0,0,0,0,0,0,0
2026-10-04T14:08:12Z,redis-cart,recommendationservice,0,0,0,0,0,0,0
2026-10-04T14:08:12Z,redis-cart,redis-cart,0,0,0,0,0,0,0
2026-10-04T14:08:12Z,redis-cart,shippingservice,0,0,0,0,0,0,0
2026-10-04T14:08:12Z,shippingservice,adservice,0,0,0,0,0,0,0
2026-10-04T14:08:12Z,shippingservice,cartservice,0,0,0,0,0,0,0
2026-10-04T14:08:12Z,shippingservice,checkoutservice,0,0,0,0,0,0,0
2026-10-04T14:08:12Z,shippingservice,currencyservice,0,0,0,0,0,0,0
2026-10-04T14:08:12Z,shippingservice,emailservice,0,0,0,0,0,0,0
2026-10-04T14:08:12Z,shippingservice,frontend,0,0,0,0,0,0,0
2026-10-04T14:08:12Z,shippingservice,kubernetes,0,0,0,0,0,0,0
2026-10-04T14:08:12Z,shippingservice,paymentservice,0,0,0,0,0,0,0
2026-10-04T14:08:12Z,shippingservice,productcatalogservice,0,0,0,0,0,0,0
2026-10-04T14:08:12Z,shippingservice,recommendationservice,0,0,0,0,0,0,0
2026-10-04T14:08:12Z,shippingservice,redis-cart,0,0,0,0,0,0,0
2026-10-04T14:08:12Z,shippingservice,shippingservice,0,0,0,0,0,0,0
2026-10-04T14:08:13Z,adservice,adservice,0,0,0,0,0,0,0
2026-10-04T14:08:13Z,adservice,cartservice,0,0,0,0,0,0,0
2026-10-04T14:08:13Z,adservice,checkoutservice,0,0,0,0,0,0,0
2026-10-04T14:08:13Z,adservice,currencyservice,0,0,0,0,0,0,0
2026-10-04T14:08:13Z,adservice,emailservice,0,0,0,0,0,0,0
2026-10-04T14:08:13Z,adservice,frontend,0,0,0,0,0,0,0
2026-10-04T14:08:13Z,adservice,kubernetes,0,0,0,0,0,0,0
2026-10-04T14:08:13Z,adservice,paymentservice,0,0,0,0,0,0,0
2026-10-04T14:08:13Z,adservice,productcatalogservice,0,0,0,0,0,0,0
2026-10-04T14:08:13Z,adservice,recommendationservice,0,0,0,0,0,0,0
2026-10-04T14:08:13Z,adservice,redis-cart,0,0,0,0,0,0,0
2026-10-04T14:08:13Z,adservice,shippingservice,0,0,0,0,0,0,0
2026-10-04T14:08:13Z,cartservice,adservice,0,0,0,0,0,0,0
2026-10-04T14:08:13Z,cartservice,cartservice,0,0,0,0,0,0,0
2026-10-04T14:08:13Z,cartservice,checkoutservice,0,0,0,0,0,0,0
2026-10-04T14:08:13Z,cartservice,currencyservice,0,0,0,0,0,0,0
2026-10-04T14:08:13Z,cartservice,emailservice,0,0,0,0,0,0,0
2026-10-04T14:08:13Z,cartservice,frontend,0,0,0,0,0,0,0
2026-10-04T14:08:13Z,cartservice,kubernetes,0,0,0,0,0,0,0
2026-10-04T14:08:13Z,cartservice,paymentservice,0,0,0,0,0,0,0
2026-10-04T14:08:13Z,cartservice,productcatalogservice,0,0,0,0,0,0,0
2026-10-04T14:08:13Z,cartservice,recommendationservice,0,0,0,0,0,0,0
2026-10-04T14:08:13Z,cartservice,redis-cart,2,0,0,0,0,0,0
2026-10-04T14:08:13Z,cartservice,shippingservice,0,0,0,0,0,0,0
2026-10-04T14:08:13Z,checkoutservice,adservice,0,0,0,0,0,0,0
2026-10-04T14:08:13Z,checkoutservice,cartservice,48818,47887,0,100,0,644760,47791
2026-10-04T14:08:13Z,checkoutservice,checkoutservice,0,0,0,0,0,0,0
2026-10-04T14:08:13Z,checkoutservice,currencyservice,35807,35807,0,0,0,542094,35761
2026-10-04T14:08:13Z,checkoutservice,emailservice,7045,6759,0,66,0,275264,6708
2026-10-04T14:08:13Z,checkoutservice,frontend,0,0,0,0,0,0,0
2026-10-04T14:08:13Z,checkoutservice,kubernetes,0,0,0,0,0,0,0
2026-10-04T14:08:13Z,checkoutservice,paymentservice,29073,27225,0,192,0,413614,27030
2026-10-04T14:08:13Z,checkoutservice,productcatalogservice,0,0,0,0,0,0,0
2026-10-04T14:08:13Z,checkoutservice,recommendationservice,0,0,0,0,0,0,0
2026-10-04T14:08:13Z,checkoutservice,redis-cart,0,0,0,0,0,0,0
2026-10-04T14:08:13Z,checkoutservice,shippingservice,54130,52027,0,154,0,486416,51932
2026-10-04T14:08:13Z,currencyservice,adservice,0,0,0,0,0,0,0
2026-10-04T14:08:13Z,currencyservice,cartservice,0,0,0,0,0,0,0
2026-10-04T14:08:13Z,currencyservice,checkoutservice,0,0,0,0,0,0,0
2026-10-04T14:08:13Z,currencyservice,currencyservice,0,0,0,0,0,0,0
2026-10-04T14:08:13Z,currencyservice,emailservice,0,0,0,0,0,0,0
2026-10-04T14:08:13Z,currencyservice,frontend,0,0,0,0,0,0,0
2026-10-04T14:08:13Z,currencyservice,kubernetes,0,0,0,0,0,0,0
2026-10-04T14:08:13Z,currencyservice,paymentservice,0,0,0,0,0,0,0
2026-10-04T14:08:13Z,currencyservice,productcatalogservice,0,0,0,0,0,0,0
2026-10-04T14:08:13Z,currencyservice,recommendationservice,0,0,0,0,0,0,0
2026-10-04T14:08:13Z,currencyservice,redis-cart,0,0,0,0,0,0,0
2026-10-04T14:08:13Z,currencyservice,shippingservice,0,0,0,0,0,0,0
2026-10-04T14:08:13Z,emailservice,adservice,0,0,0,0,0,0,0
2026-10-04T14:08:13Z,emailservice,cartservice,0,0,0,0,0,0,0
2026-10-04T14:08:13Z,emailservice,checkoutservice,0,0,0,0,0,0,0
2026-10-04T14:08:13Z,emailservice,currencyservice,0,0,0,0,0,0,0
2026-10-04T14:08:13Z,emailservice,emailservice,0,0,0,0,0,0,0
2026-10-04T14:08:13Z,emailservice,frontend,0,0,0,0,0,0,0
2026-10-04T14:08:13Z,emailservice,kubernetes,0,0,0,0,0,0,0
2026-10-04T14:08:13Z,emailservice,paymentservice,0,0,0,0,0,0,0
2026-10-04T14:08:13Z,emailservice,productcatalogservice,0,0,0,0,0,0,0
2026-10-04T14:08:13Z,emailservice,recommendationservice,0,0,0,0,0,0,0
2026-10-04T14:08:13Z,emailservice,redis-cart,0,0,0,0,0,0,0
2026-10-04T14:08:13Z,emailservice,shippingservice,0,0,0,0,0,0,0
2026-10-04T14:08:13Z,frontend,adservice,835537,835534,0,0,0,2519233,835018
2026-10-04T14:08:13Z,frontend,cartservice,1850857,1850845,0,0,4,10288653,1849442
2026-10-04T14:08:13Z,frontend,checkoutservice,394791,184827,0,40061,169943,62115613,184644
2026-10-04T14:08:13Z,frontend,currencyservice,2942681,2942674,0,0,0,15590997,2940426
2026-10-04T14:08:13Z,frontend,emailservice,0,0,0,0,0,0,0
2026-10-04T14:08:13Z,frontend,frontend,0,0,0,0,0,0,0
2026-10-04T14:08:13Z,frontend,kubernetes,0,0,0,0,0,0,0
2026-10-04T14:08:13Z,frontend,paymentservice,0,0,0,0,0,0,0
2026-10-04T14:08:13Z,frontend,productcatalogservice,8276404,8276336,0,0,0,56606162,8270906
2026-10-04T14:08:13Z,frontend,recommendationservice,2669978,1635437,0,108048,923936,804006696,1634185
2026-10-04T14:08:13Z,frontend,redis-cart,0,0,0,0,0,0,0
2026-10-04T14:08:13Z,frontend,shippingservice,306356,306354,0,0,0,930881,306183
2026-10-04T14:08:13Z,paymentservice,adservice,0,0,0,0,0,0,0
2026-10-04T14:08:13Z,paymentservice,cartservice,0,0,0,0,0,0,0
2026-10-04T14:08:13Z,paymentservice,checkoutservice,0,0,0,0,0,0,0
2026-10-04T14:08:13Z,paymentservice,currencyservice,0,0,0,0,0,0,0
2026-10-04T14:08:13Z,paymentservice,emailservice,0,0,0,0,0,0,0
2026-10-04T14:08:13Z,paymentservice,frontend,0,0,0,0,0,0,0
2026-10-04T14:08:13Z,paymentservice,kubernetes,0,0,0,0,0,0,0
2026-10-04T14:08:13Z,paymentservice,paymentservice,0,0,0,0,0,0,0
2026-10-04T14:08:13Z,paymentservice,productcatalogservice,0,0,0,0,0,0,0
2026-10-04T14:08:13Z,paymentservice,recommendationservice,0,0,0,0,0,0,0
2026-10-04T14:08:13Z,paymentservice,redis-cart,0,0,0,0,0,0,0
2026-10-04T14:08:13Z,paymentservice,shippingservice,0,0,0,0,0,0,0
2026-10-04T14:08:13Z,productcatalogservice,adservice,0,0,0,0,0,0,0
2026-10-04T14:08:13Z,productcatalogservice,cartservice,0,0,0,0,0,0,0
2026-10-04T14:08:13Z,productcatalogservice,checkoutservice,0,0,0,0,0,0,0
2026-10-04T14:08:13Z,productcatalogservice,currencyservice,0,0,0,0,0,0,0
2026-10-04T14:08:13Z,productcatalogservice,emailservice,0,0,0,0,0,0,0
2026-10-04T14:08:13Z,productcatalogservice,frontend,0,0,0,0,0,0,0
2026-10-04T14:08:13Z,productcatalogservice,kubernetes,0,0,0,0,0,0,0
2026-10-04T14:08:13Z,productcatalogservice,paymentservice,0,0,0,0,0,0,0
2026-10-04T14:08:13Z,productcatalogservice,productcatalogservice,0,0,0,0,0,0,0
2026-10-04T14:08:13Z,productcatalogservice,recommendationservice,0,0,0,0,0,0,0
2026-10-04T14:08:13Z,productcatalogservice,redis-cart,0,0,0,0,0,0,0
2026-10-04T14:08:13Z,productcatalogservice,shippingservice,0,0,0,0,0,0,0
2026-10-04T14:08:13Z,recommendationservice,adservice,0,0,0,0,0,0,0
2026-10-04T14:08:13Z,recommendationservice,cartservice,0,0,0,0,0,0,0
2026-10-04T14:08:13Z,recommendationservice,checkoutservice,0,0,0,0,0,0,0
2026-10-04T14:08:13Z,recommendationservice,currencyservice,0,0,0,0,0,0,0
2026-10-04T14:08:13Z,recommendationservice,emailservice,0,0,0,0,0,0,0
2026-10-04T14:08:13Z,recommendationservice,frontend,0,0,0,0,0,0,0
2026-10-04T14:08:13Z,recommendationservice,kubernetes,0,0,0,0,0,0,0
2026-10-04T14:08:13Z,recommendationservice,paymentservice,0,0,0,0,0,0,0
2026-10-04T14:08:13Z,recommendationservice,productcatalogservice,117934,117932,0,0,0,866598,116494
2026-10-04T14:08:13Z,recommendationservice,recommendationservice,0,0,0,0,0,0,0
2026-10-04T14:08:13Z,recommendationservice,redis-cart,0,0,0,0,0,0,0
2026-10-04T14:08:13Z,recommendationservice,shippingservice,0,0,0,0,0,0,0
2026-10-04T14:08:13Z,redis-cart,adservice,0,0,0,0,0,0,0
2026-10-04T14:08:13Z,redis-cart,cartservice,0,0,0,0,0,0,0
2026-10-04T14:08:13Z,redis-cart,checkoutservice,0,0,0,0,0,0,0
2026-10-04T14:08:13Z,redis-cart,currencyservice,0,0,0,0,0,0,0
2026-10-04T14:08:13Z,redis-cart,emailservice,0,0,0,0,0,0,0
2026-10-04T14:08:13Z,redis-cart,frontend,0,0,0,0,0,0,0
2026-10-04T14:08:13Z,redis-cart,kubernetes,0,0,0,0,0,0,0
2026-10-04T14:08:13Z,redis-cart,paymentservice,0,0,0,0,0,0,0
2026-10-04T14:08:13Z,redis-cart,productcatalogservice,0,0,0,0,0,0,0
2026-10-04T14:08:13Z,redis-cart,recommendationservice,0,0,0,0,0,0,0
2026-10-04T14:08:13Z,redis-cart,redis-cart,0,0,0,0,0,0,0
2026-10-04T14:08:13Z,redis-cart,shippingservice,0,0,0,0,0,0,0
2026-10-04T14:08:13Z,shippingservice,adservice,0,0,0,0,0,0,0
2026-10-04T14:08:13Z,shippingservice,cartservice,0,0,0,0,0,0,0
2026-10-04T14:08:13Z,shippingservice,checkoutservice,0,0,0,0,0,0,0
2026-10-04T14:08:13Z,shippingservice,currencyservice,0,0,0,0,0,0,0
2026-10-04T14:08:13Z,shippingservice,emailservice,0,0,0,0,0,0,0
2026-10-04T14:08:13Z,shippingservice,frontend,0,0,0,0,0,0,0
2026-10-04T14:08:13Z,shippingservice,kubernetes,0,0,0,0,0,0,0
2026-10-04T14:08:13Z,shippingservice,paymentservice,0,0,0,0,0,0,0
2026-10-04T14:08:13Z,shippingservice,productcatalogservice,0,0,0,0,0,0,0
2026-10-04T14:08:13Z,shippingservice,recommendationservice,0,0,0,0,0,0,0
2026-10-04T14:08:13Z,shippingservice,redis-cart,0,0,0,0,0,0,0
2026-10-04T14:08:13Z,shippingservice,shippingservice,0,0,0,0,0,0,0
2026-10-04T14:08:14Z,adservice,adservice,0,0,0,0,0,0,0
2026-10-04T14:08:14Z,adservice,cartservice,0,0,0,0,0,0,0
2026-10-04T14:08:14Z,adservice,checkoutservice,0,0,0,0,0,0,0
2026-10-04T14:08:14Z,adservice,currencyservice,0,0,0,0,0,0,0
2026-10-04T14:08:14Z,adservice,emailservice,0,0,0,0,0,0,0
2026-10-04T14:08:14Z,adservice,frontend,0,0,0,0,0,0,0
2026-10-04T14:08:14Z,adservice,kubernetes,0,0,0,0,0,0,0
2026-10-04T14:08:14Z,adservice,paymentservice,0,0,0,0,0,0,0
2026-10-04T14:08:14Z,adservice,productcatalogservice,0,0,0,0,0,0,0
2026-10-04T14:08:14Z,adservice,recommendationservice,0,0,0,0,0,0,0
2026-10-04T14:08:14Z,adservice,redis-cart,0,0,0,0,0,0,0
2026-10-04T14:08:14Z,adservice,shippingservice,0,0,0,0,0,0,0
2026-10-04T14:08:14Z,cartservice,adservice,0,0,0,0,0,0,0
2026-10-04T14:08:14Z,cartservice,cartservice,0,0,0,0,0,0,0
2026-10-04T14:08:14Z,cartservice,checkoutservice,0,0,0,0,0,0,0
2026-10-04T14:08:14Z,cartservice,currencyservice,0,0,0,0,0,0,0
2026-10-04T14:08:14Z,cartservice,emailservice,0,0,0,0,0,0,0
2026-10-04T14:08:14Z,cartservice,frontend,0,0,0,0,0,0,0
2026-10-04T14:08:14Z,cartservice,kubernetes,0,0,0,0,0,0,0
2026-10-04T14:08:14Z,cartservice,paymentservice,0,0,0,0,0,0,0
2026-10-04T14:08:14Z,cartservice,productcatalogservice,0,0,0,0,0,0,0
2026-10-04T14:08:14Z,cartservice,recommendationservice,0,0,0,0,0,0,0
2026-10-04T14:08:14Z,cartservice,redis-cart,2,0,0,0,0,0,0
2026-10-04T14:08:14Z,cartservice,shippingservice,0,0,0,0,0,0,0
2026-10-04T14:08:14Z,checkoutservice,adservice,0,0,0,0,0,0,0
2026-10-04T14:08:14Z,checkoutservice,cartservice,48888,47957,0,100,0,644760,47791
2026-10-04T14:08:14Z,checkoutservice,checkoutservice,0,0,0,0,0,0,0
2026-10-04T14:08:14Z,checkoutservice,currencyservice,35843,35843,0,0,0,542094,35761
2026-10-04T14:08:14Z,checkoutservice,emailservice,7077,6791,0,66,0,275264,6708
2026-10-04T14:08:14Z,checkoutservice,frontend,0,0,0,0,0,0,0
2026-10-04T14:08:14Z,checkoutservice,kubernetes,0,0,0,0,0,0,0
2026-10-04T14:08:14Z,checkoutservice,paymentservice,29109,27261,0,192,0,413614,27030
2026-10-04T14:08:14Z,checkoutservice,productcatalogservice,0,0,0,0,0,0,0
2026-10-04T14:08:14Z,checkoutservice,recommendationservice,0,0,0,0,0,0,0
2026-10-04T14:08:14Z,checkoutservice,redis-cart,0,0,0,0,0,0,0
2026-10-04T14:08:14Z,checkoutservice,shippingservice,54202,52099,0,154,0,486416,51932
2026-10-04T14:08:14Z,currencyservice,adservice,0,0,0,0,0,0,0
2026-10-04T14:08:14Z,currencyservice,cartservice,0,0,0,0,0,0,0
2026-10-04T14:08:14Z,currencyservice,checkoutservice,0,0,0,0,0,0,0
2026-10-04T14:08:14Z,currencyservice,currencyservice,0,0,0,0,0,0,0
2026-10-04T14:08:14Z,currencyservice,emailservice,0,0,0,0,0,0,0
2026-10-04T14:08:14Z,currencyservice,frontend,0,0,0,0,0,0,0
2026-10-04T14:08:14Z,currencyservice,kubernetes,0,0,0,0,0,0,0
2026-10-04T14:08:14Z,currencyservice,paymentservice,0,0,0,0,0,0,0
2026-10-04T14:08:14Z,currencyservice,productcatalogservice,0,0,0,0,0,0,0
2026-10-04T14:08:14Z,currencyservice,recommendationservice,0,0,0,0,0,0,0
2026-10-04T14:08:14Z,currencyservice,redis-cart,0,0,0,0,0,0,0
2026-10-04T14:08:14Z,currencyservice,shippingservice,0,0,0,0,0,0,0
2026-10-04T14:08:14Z,emailservice,adservice,0,0,0,0,0,0,0
2026-10-04T14:08:14Z,emailservice,cartservice,0,0,0,0,0,0,0
2026-10-04T14:08:14Z,emailservice,checkoutservice,0,0,0,0,0,0,0
2026-10-04T14:08:14Z,emailservice,currencyservice,0,0,0,0,0,0,0
2026-10-04T14:08:14Z,emailservice,emailservice,0,0,0,0,0,0,0
2026-10-04T14:08:14Z,emailservice,frontend,0,0,0,0,0,0,0
2026-10-04T14:08:14Z,emailservice,kubernetes,0,0,0,0,0,0,0
2026-10-04T14:08:14Z,emailservice,paymentservice,0,0,0,0,0,0,0
2026-10-04T14:08:14Z,emailservice,productcatalogservice,0,0,0,0,0,0,0
2026-10-04T14:08:14Z,emailservice,recommendationservice,0,0,0,0,0,0,0
2026-10-04T14:08:14Z,emailservice,redis-cart,0,0,0,0,0,0,0
2026-10-04T14:08:14Z,emailservice,shippingservice,0,0,0,0,0,0,0
2026-10-04T14:08:14Z,frontend,adservice,835648,835644,0,0,0,2520797,835558
2026-10-04T14:08:14Z,frontend,cartservice,1851260,1851247,0,0,4,10294835,1850905
2026-10-04T14:08:14Z,frontend,checkoutservice,394833,184862,0,40061,169943,62141504,184836
2026-10-04T14:08:14Z,frontend,currencyservice,2943278,2943271,0,0,0,15598838,2942766
2026-10-04T14:08:14Z,frontend,emailservice,0,0,0,0,0,0,0
2026-10-04T14:08:14Z,frontend,frontend,0,0,0,0,0,0,0
2026-10-04T14:08:14Z,frontend,kubernetes,0,0,0,0,0,0,0
2026-10-04T14:08:14Z,frontend,paymentservice,0,0,0,0,0,0,0
2026-10-04T14:08:14Z,frontend,productcatalogservice,8277696,8277620,0,0,0,56640522,8276583
2026-10-04T14:08:14Z,frontend,recommendationservice,2670728,1635801,0,108087,924291,805053261,1635496
2026-10-04T14:08:14Z,frontend,redis-cart,0,0,0,0,0,0,0
2026-10-04T14:08:14Z,frontend,shippingservice,306397,306395,0,0,0,931307,306362
2026-10-04T14:08:14Z,paymentservice,adservice,0,0,0,0,0,0,0
2026-10-04T14:08:14Z,paymentservice,cartservice,0,0,0,0,0,0,0
2026-10-04T14:08:14Z,paymentservice,checkoutservice,0,0,0,0,0,0,0
2026-10-04T14:08:14Z,paymentservice,currencyservice,0,0,0,0,0,0,0
2026-10-04T14:08:14Z,paymentservice,emailservice,0,0,0,0,0,0,0
2026-10-04T14:08:14Z,paymentservice,frontend,0,0,0,0,0,0,0
2026-10-04T14:08:14Z,paymentservice,kubernetes,0,0,0,0,0,0,0
2026-10-04T14:08:14Z,paymentservice,paymentservice,0,0,0,0,0,0,0
2026-10-04T14:08:14Z,paymentservice,productcatalogservice,0,0,0,0,0,0,0
2026-10-04T14:08:14Z,paymentservice,recommendationservice,0,0,0,0,0,0,0
2026-10-04T14:08:14Z,paymentservice,redis-cart,0,0,0,0,0,0,0
2026-10-04T14:08:14Z,paymentservice,shippingservice,0,0,0,0,0,0,0
2026-10-04T14:08:14Z,productcatalogservice,adservice,0,0,0,0,0,0,0
2026-10-04T14:08:14Z,productcatalogservice,cartservice,0,0,0,0,0,0,0
2026-10-04T14:08:14Z,productcatalogservice,checkoutservice,0,0,0,0,0,0,0
2026-10-04T14:08:14Z,productcatalogservice,currencyservice,0,0,0,0,0,0,0
2026-10-04T14:08:14Z,productcatalogservice,emailservice,0,0,0,0,0,0,0
2026-10-04T14:08:14Z,productcatalogservice,frontend,0,0,0,0,0,0,0
2026-10-04T14:08:14Z,productcatalogservice,kubernetes,0,0,0,0,0,0,0
2026-10-04T14:08:14Z,productcatalogservice,paymentservice,0,0,0,0,0,0,0
2026-10-04T14:08:14Z,productcatalogservice,productcatalogservice,0,0,0,0,0,0,0
2026-10-04T14:08:14Z,productcatalogservice,recommendationservice,0,0,0,0,0,0,0
2026-10-04T14:08:14Z,productcatalogservice,redis-cart,0,0,0,0,0,0,0
2026-10-04T14:08:14Z,productcatalogservice,shippingservice,0,0,0,0,0,0,0
2026-10-04T14:08:14Z,recommendationservice,adservice,0,0,0,0,0,0,0
2026-10-04T14:08:14Z,recommendationservice,cartservice,0,0,0,0,0,0,0
2026-10-04T14:08:14Z,recommendationservice,checkoutservice,0,0,0,0,0,0,0
2026-10-04T14:08:14Z,recommendationservice,currencyservice,0,0,0,0,0,0,0
2026-10-04T14:08:14Z,recommendationservice,emailservice,0,0,0,0,0,0,0
2026-10-04T14:08:14Z,recommendationservice,frontend,0,0,0,0,0,0,0
2026-10-04T14:08:14Z,recommendationservice,kubernetes,0,0,0,0,0,0,0
2026-10-04T14:08:14Z,recommendationservice,paymentservice,0,0,0,0,0,0,0
2026-10-04T14:08:14Z,recommendationservice,productcatalogservice,118361,118361,0,0,0,866598,116494
2026-10-04T14:08:14Z,recommendationservice,recommendationservice,0,0,0,0,0,0,0
2026-10-04T14:08:14Z,recommendationservice,redis-cart,0,0,0,0,0,0,0
2026-10-04T14:08:14Z,recommendationservice,shippingservice,0,0,0,0,0,0,0
2026-10-04T14:08:14Z,redis-cart,adservice,0,0,0,0,0,0,0
2026-10-04T14:08:14Z,redis-cart,cartservice,0,0,0,0,0,0,0
2026-10-04T14:08:14Z,redis-cart,checkoutservice,0,0,0,0,0,0,0
2026-10-04T14:08:14Z,redis-cart,currencyservice,0,0,0,0,0,0,0
2026-10-04T14:08:14Z,redis-cart,emailservice,0,0,0,0,0,0,0
2026-10-04T14:08:14Z,redis-cart,frontend,0,0,0,0,0,0,0
2026-10-04T14:08:14Z,redis-cart,kubernetes,0,0,0,0,0,0,0
2026-10-04T14:08:14Z,redis-cart,paymentservice,0,0,0,0,0,0,0
2026-10-04T14:08:14Z,redis-cart,productcatalogservice,0,0,0,0,0,0,0
2026-10-04T14:08:14Z,redis-cart,recommendationservice,0,0,0,0,0,0,0
2026-10-04T14:08:14Z,redis-cart,redis-cart,0,0,0,0,0,0,0
2026-10-04T14:08:14Z,redis-cart,shippingservice,0,0,0,0,0,0,0
2026-10-04T14:08:14Z,shippingservice,adservice,0,0,0,0,0,0,0
2026-10-04T14:08:14Z,shippingservice,cartservice,0,0,0,0,0,0,0
2026-10-04T14:08:14Z,shippingservice,checkoutservice,0,0,0,0,0,0,0
2026-10-04T14:08:14Z,shippingservice,currencyservice,0,0,0,0,0,0,0
2026-10-04T14:08:14Z,shippingservice,emailservice,0,0,0,0,0,0,0
2026-10-04T14:08:14Z,shippingservice,frontend,0,0,0,0,0,0,0
2026-10-04T14:08:14Z,shippingservice,kubernetes,0,0,0,0,0,0,0
2026-10-04T14:08:14Z,shippingservice,paymentservice,0,0,0,0,0,0,0
2026-10-04T14:08:14Z,shippingservice,productcatalogservice,0,0,0,0,0,0,0
2026-10-04T14:08:14Z,shippingservice,recommendationservice,0,0,0,0,0,0,0
2026-10-04T14:08:14Z,shippingservice,redis-cart,0,0,0,0,0,0,0
2026-10-04T14:08:14Z,shippingservice,shippingservice,0,0,0,0,0,0,0
2026-10-04T14:08:15Z,adservice,adservice,0,0,0,0,0,0,0
2026-10-04T14:08:15Z,adservice,cartservice,0,0,0,0,0,0,0
2026-10-04T14:08:15Z,adservice,checkoutservice,0,0,0,0,0,0,0
2026-10-04T14:08:15Z,adservice,currencyservice,0,0,0,0,0,0,0
2026-10-04T14:08:15Z,adservice,emailservice,0,0,0,0,0,0,0
2026-10-04T14:08:15Z,adservice,frontend,0,0,0,0,0,0,0
2026-10-04T14:08:15Z,adservice,kubernetes,0,0,0,0,0,0,0
2026-10-04T14:08:15Z,adservice,paymentservice,0,0,0,0,0,0,0
2026-10-04T14:08:15Z,adservice,productcatalogservice,0,0,0,0,0,0,0
2026-10-04T14:08:15Z,adservice,recommendationservice,0,0,0,0,0,0,0
2026-10-04T14:08:15Z,adservice,redis-cart,0,0,0,0,0,0,0
2026-10-04T14:08:15Z,adservice,shippingservice,0,0,0,0,0,0,0
2026-10-04T14:08:15Z,cartservice,adservice,0,0,0,0,0,0,0
2026-10-04T14:08:15Z,cartservice,cartservice,0,0,0,0,0,0,0
2026-10-04T14:08:15Z,cartservice,checkoutservice,0,0,0,0,0,0,0
2026-10-04T14:08:15Z,cartservice,currencyservice,0,0,0,0,0,0,0
2026-10-04T14:08:15Z,cartservice,emailservice,0,0,0,0,0,0,0
2026-10-04T14:08:15Z,cartservice,frontend,0,0,0,0,0,0,0
2026-10-04T14:08:15Z,cartservice,kubernetes,0,0,0,0,0,0,0
2026-10-04T14:08:15Z,cartservice,paymentservice,0,0,0,0,0,0,0
2026-10-04T14:08:15Z,cartservice,productcatalogservice,0,0,0,0,0,0,0
2026-10-04T14:08:15Z,cartservice,recommendationservice,0,0,0,0,0,0,0
2026-10-04T14:08:15Z,cartservice,redis-cart,2,0,0,0,0,0,0
2026-10-04T14:08:15Z,cartservice,shippingservice,0,0,0,0,0,0,0
2026-10-04T14:08:15Z,checkoutservice,adservice,0,0,0,0,0,0,0
2026-10-04T14:08:15Z,checkoutservice,cartservice,48968,48037,0,100,0,644760,47791
2026-10-04T14:08:15Z,checkoutservice,checkoutservice,0,0,0,0,0,0,0
2026-10-04T14:08:15Z,checkoutservice,currencyservice,35882,35882,0,0,0,542094,35761
2026-10-04T14:08:15Z,checkoutservice,emailservice,7119,6832,0,66,0,275264,6708
2026-10-04T14:08:15Z,checkoutservice,frontend,0,0,0,0,0,0,0
2026-10-04T14:08:15Z,checkoutservice,kubernetes,0,0,0,0,0,0,0
2026-10-04T14:08:15Z,checkoutservice,paymentservice,29148,27300,0,192,0,413614,27030
2026-10-04T14:08:15Z,checkoutservice,productcatalogservice,0,0,0,0,0,0,0
2026-10-04T14:08:15Z,checkoutservice,recommendationservice,0,0,0,0,0,0,0
2026-10-04T14:08:15Z,checkoutservice,redis-cart,0,0,0,0,0,0,0
2026-10-04T14:08:15Z,checkoutservice,shippingservice,54281,52177,0,154,0,486416,51932
2026-10-04T14:08:15Z,currencyservice,adservice,0,0,0,0,0,0,0
2026-10-04T14:08:15Z,currencyservice,cartservice,0,0,0,0,0,0,0
2026-10-04T14:08:15Z,currencyservice,checkoutservice,0,0,0,0,0,0,0
2026-10-04T14:08:15Z,currencyservice,currencyservice,0,0,0,0,0,0,0
2026-10-04T14:08:15Z,currencyservice,emailservice,0,0,0,0,0,0,0
2026-10-04T14:08:15Z,currencyservice,frontend,0,0,0,0,0,0,0
2026-10-04T14:08:15Z,currencyservice,kubernetes,0,0,0,0,0,0,0
2026-10-04T14:08:15Z,currencyservice,paymentservice,0,0,0,0,0,0,0
2026-10-04T14:08:15Z,currencyservice,productcatalogservice,0,0,0,0,0,0,0
2026-10-04T14:08:15Z,currencyservice,recommendationservice,0,0,0,0,0,0,0
2026-10-04T14:08:15Z,currencyservice,redis-cart,0,0,0,0,0,0,0
2026-10-04T14:08:15Z,currencyservice,shippingservice,0,0,0,0,0,0,0
2026-10-04T14:08:15Z,emailservice,adservice,0,0,0,0,0,0,0
2026-10-04T14:08:15Z,emailservice,cartservice,0,0,0,0,0,0,0
2026-10-04T14:08:15Z,emailservice,checkoutservice,0,0,0,0,0,0,0
2026-10-04T14:08:15Z,emailservice,currencyservice,0,0,0,0,0,0,0
2026-10-04T14:08:15Z,emailservice,emailservice,0,0,0,0,0,0,0
2026-10-04T14:08:15Z,emailservice,frontend,0,0,0,0,0,0,0
2026-10-04T14:08:15Z,emailservice,kubernetes,0,0,0,0,0,0,0
2026-10-04T14:08:15Z,emailservice,paymentservice,0,0,0,0,0,0,0
2026-10-04T14:08:15Z,emailservice,productcatalogservice,0,0,0,0,0,0,0
2026-10-04T14:08:15Z,emailservice,recommendationservice,0,0,0,0,0,0,0
2026-10-04T14:08:15Z,emailservice,redis-cart,0,0,0,0,0,0,0
2026-10-04T14:08:15Z,emailservice,shippingservice,0,0,0,0,0,0,0
2026-10-04T14:08:15Z,frontend,adservice,835740,835738,0,0,0,2520797,835558
2026-10-04T14:08:15Z,frontend,cartservice,1851633,1851620,0,0,4,10294835,1850905
2026-10-04T14:08:15Z,frontend,checkoutservice,394873,184903,0,40061,169943,62141504,184836
2026-10-04T14:08:15Z,frontend,currencyservice,2943832,2943825,0,0,0,15598838,2942766
2026-10-04T14:08:15Z,frontend,emailservice,0,0,0,0,0,0,0
2026-10-04T14:08:15Z,frontend,frontend,0,0,0,0,0,0,0
2026-10-04T14:08:15Z,frontend,kubernetes,0,0,0,0,0,0,0
2026-10-04T14:08:15Z,frontend,paymentservice,0,0,0,0,0,0,0
2026-10-04T14:08:15Z,frontend,productcatalogservice,8278774,8278708,0,0,0,56640522,8276583
2026-10-04T14:08:15Z,frontend,recommendationservice,2671560,1636099,0,108133,924753,805053261,1635496
2026-10-04T14:08:15Z,frontend,redis-cart,0,0,0,0,0,0,0
2026-10-04T14:08:15Z,frontend,shippingservice,306426,306424,0,0,0,931307,306362
2026-10-04T14:08:15Z,paymentservice,adservice,0,0,0,0,0,0,0
2026-10-04T14:08:15Z,paymentservice,cartservice,0,0,0,0,0,0,0
2026-10-04T14:08:15Z,paymentservice,checkoutservice,0,0,0,0,0,0,0
2026-10-04T14:08:15Z,paymentservice,currencyservice,0,0,0,0,0,0,0
2026-10-04T14:08:15Z,paymentservice,emailservice,0,0,0,0,0,0,0
2026-10-04T14:08:15Z,paymentservice,frontend,0,0,0,0,0,0,0
2026-10-04T14:08:15Z,paymentservice,kubernetes,0,0,0,0,0,0,0
2026-10-04T14:08:15Z,paymentservice,paymentservice,0,0,0,0,0,0,0
2026-10-04T14:08:15Z,paymentservice,productcatalogservice,0,0,0,0,0,0,0
2026-10-04T14:08:15Z,paymentservice,recommendationservice,0,0,0,0,0,0,0
2026-10-04T14:08:15Z,paymentservice,redis-cart,0,0,0,0,0,0,0
2026-10-04T14:08:15Z,paymentservice,shippingservice,0,0,0,0,0,0,0
2026-10-04T14:08:15Z,productcatalogservice,adservice,0,0,0,0,0,0,0
2026-10-04T14:08:15Z,productcatalogservice,cartservice,0,0,0,0,0,0,0
2026-10-04T14:08:15Z,productcatalogservice,checkoutservice,0,0,0,0,0,0,0
2026-10-04T14:08:15Z,productcatalogservice,currencyservice,0,0,0,0,0,0,0
2026-10-04T14:08:15Z,productcatalogservice,emailservice,0,0,0,0,0,0,0
2026-10-04T14:08:15Z,productcatalogservice,frontend,0,0,0,0,0,0,0
2026-10-04T14:08:15Z,productcatalogservice,kubernetes,0,0,0,0,0,0,0
2026-10-04T14:08:15Z,productcatalogservice,paymentservice,0,0,0,0,0,0,0
2026-10-04T14:08:15Z,productcatalogservice,productcatalogservice,0,0,0,0,0,0,0
2026-10-04T14:08:15Z,productcatalogservice,recommendationservice,0,0,0,0,0,0,0
2026-10-04T14:08:15Z,productcatalogservice,redis-cart,0,0,0,0,0,0,0
2026-10-04T14:08:15Z,productcatalogservice,shippingservice,0,0,0,0,0,0,0
2026-10-04T14:08:15Z,recommendationservice,adservice,0,0,0,0,0,0,0
2026-10-04T14:08:15Z,recommendationservice,cartservice,0,0,0,0,0,0,0
2026-10-04T14:08:15Z,recommendationservice,checkoutservice,0,0,0,0,0,0,0
2026-10-04T14:08:15Z,recommendationservice,currencyservice,0,0,0,0,0,0,0
2026-10-04T14:08:15Z,recommendationservice,emailservice,0,0,0,0,0,0,0
2026-10-04T14:08:15Z,recommendationservice,frontend,0,0,0,0,0,0,0
2026-10-04T14:08:15Z,recommendationservice,kubernetes,0,0,0,0,0,0,0
2026-10-04T14:08:15Z,recommendationservice,paymentservice,0,0,0,0,0,0,0
2026-10-04T14:08:15Z,recommendationservice,productcatalogservice,118786,118782,0,0,0,877289,118687
2026-10-04T14:08:15Z,recommendationservice,recommendationservice,0,0,0,0,0,0,0
2026-10-04T14:08:15Z,recommendationservice,redis-cart,0,0,0,0,0,0,0
2026-10-04T14:08:15Z,recommendationservice,shippingservice,0,0,0,0,0,0,0
2026-10-04T14:08:15Z,redis-cart,adservice,0,0,0,0,0,0,0
2026-10-04T14:08:15Z,redis-cart,cartservice,0,0,0,0,0,0,0
2026-10-04T14:08:15Z,redis-cart,checkoutservice,0,0,0,0,0,0,0
2026-10-04T14:08:15Z,redis-cart,currencyservice,0,0,0,0,0,0,0
2026-10-04T14:08:15Z,redis-cart,emailservice,0,0,0,0,0,0,0
2026-10-04T14:08:15Z,redis-cart,frontend,0,0,0,0,0,0,0
2026-10-04T14:08:15Z,redis-cart,kubernetes,0,0,0,0,0,0,0
2026-10-04T14:08:15Z,redis-cart,paymentservice,0,0,0,0,0,0,0
2026-10-04T14:08:15Z,redis-cart,productcatalogservice,0,0,0,0,0,0,0
2026-10-04T14:08:15Z,redis-cart,recommendationservice,0,0,0,0,0,0,0
2026-10-04T14:08:15Z,redis-cart,redis-cart,0,0,0,0,0,0,0
2026-10-04T14:08:15Z,redis-cart,shippingservice,0,0,0,0,0,0,0
2026-10-04T14:08:15Z,shippingservice,adservice,0,0,0,0,0,0,0
2026-10-04T14:08:15Z,shippingservice,cartservice,0,0,0,0,0,0,0
2026-10-04T14:08:15Z,shippingservice,checkoutservice,0,0,0,0,0,0,0
2026-10-04T14:08:15Z,shippingservice,currencyservice,0,0,0,0,0,0,0
2026-10-04T14:08:15Z,shippingservice,emailservice,0,0,0,0,0,0,0
2026-10-04T14:08:15Z,shippingservice,frontend,0,0,0,0,0,0,0
2026-10-04T14:08:15Z,shippingservice,kubernetes,0,0,0,0,0,0,0
2026-10-04T14:08:15Z,shippingservice,paymentservice,0,0,0,0,0,0,0
2026-10-04T14:08:15Z,shippingservice,productcatalogservice,0,0,0,0,0,0,0
2026-10-04T14:08:15Z,shippingservice,recommendationservice,0,0,0,0,0,0,0
2026-10-04T14:08:15Z,shippingservice,redis-cart,0,0,0,0,0,0,0
2026-10-04T14:08:15Z,shippingservice,shippingservice,0,0,0,0,0,0,0
2026-10-04T14:08:16Z,adservice,adservice,0,0,0,0,0,0,0
2026-10-04T14:08:16Z,adservice,cartservice,0,0,0,0,0,0,0
2026-10-04T14:08:16Z,adservice,checkoutservice,0,0,0,0,0,0,0
2026-10-04T14:08:16Z,adservice,currencyservice,0,0,0,0,0,0,0
2026-10-04T14:08:16Z,adservice,emailservice,0,0,0,0,0,0,0
2026-10-04T14:08:16Z,adservice,frontend,0,0,0,0,0,0,0
2026-10-04T14:08:16Z,adservice,kubernetes,0,0,0,0,0,0,0
2026-10-04T14:08:16Z,adservice,paymentservice,0,0,0,0,0,0,0
2026-10-04T14:08:16Z,adservice,productcatalogservice,0,0,0,0,0,0,0
2026-10-04T14:08:16Z,adservice,recommendationservice,0,0,0,0,0,0,0
2026-10-04T14:08:16Z,adservice,redis-cart,0,0,0,0,0,0,0
2026-10-04T14:08:16Z,adservice,shippingservice,0,0,0,0,0,0,0
2026-10-04T14:08:16Z,cartservice,adservice,0,0,0,0,0,0,0
2026-10-04T14:08:16Z,cartservice,cartservice,0,0,0,0,0,0,0
2026-10-04T14:08:16Z,cartservice,checkoutservice,0,0,0,0,0,0,0
2026-10-04T14:08:16Z,cartservice,currencyservice,0,0,0,0,0,0,0
2026-10-04T14:08:16Z,cartservice,emailservice,0,0,0,0,0,0,0
2026-10-04T14:08:16Z,cartservice,frontend,0,0,0,0,0,0,0
2026-10-04T14:08:16Z,cartservice,kubernetes,0,0,0,0,0,0,0
2026-10-04T14:08:16Z,cartservice,paymentservice,0,0,0,0,0,0,0
2026-10-04T14:08:16Z,cartservice,productcatalogservice,0,0,0,0,0,0,0
2026-10-04T14:08:16Z,cartservice,recommendationservice,0,0,0,0,0,0,0
2026-10-04T14:08:16Z,cartservice,redis-cart,2,0,0,0,0,0,0
2026-10-04T14:08:16Z,cartservice,shippingservice,0,0,0,0,0,0,0
2026-10-04T14:08:16Z,checkoutservice,adservice,0,0,0,0,0,0,0
2026-10-04T14:08:16Z,checkoutservice,cartservice,49040,48109,0,100,0,644760,47791
2026-10-04T14:08:16Z,checkoutservice,checkoutservice,0,0,0,0,0,0,0
2026-10-04T14:08:16Z,checkoutservice,currencyservice,35918,35918,0,0,0,542094,35761
2026-10-04T14:08:16Z,checkoutservice,emailservice,7156,6870,0,66,0,275264,6708
2026-10-04T14:08:16Z,checkoutservice,frontend,0,0,0,0,0,0,0
2026-10-04T14:08:16Z,checkoutservice,kubernetes,0,0,0,0,0,0,0
2026-10-04T14:08:16Z,checkoutservice,paymentservice,29184,27336,0,192,0,413614,27030
2026-10-04T14:08:16Z,checkoutservice,productcatalogservice,0,0,0,0,0,0,0
2026-10-04T14:08:16Z,checkoutservice,recommendationservice,0,0,0,0,0,0,0
2026-10-04T14:08:16Z,checkoutservice,redis-cart,0,0,0,0,0,0,0
2026-10-04T14:08:16Z,checkoutservice,shippingservice,54352,52249,0,154,0,486416,51932
2026-10-04T14:08:16Z,currencyservice,adservice,0,0,0,0,0,0,0
2026-10-04T14:08:16Z,currencyservice,cartservice,0,0,0,0,0,0,0
2026-10-04T14:08:16Z,currencyservice,checkoutservice,0,0,0,0,0,0,0
2026-10-04T14:08:16Z,currencyservice,currencyservice,0,0,0,0,0,0,0
2026-10-04T14:08:16Z,currencyservice,emailservice,0,0,0,0,0,0,0
2026-10-04T14:08:16Z,currencyservice,frontend,0,0,0,0,0,0,0
2026-10-04T14:08:16Z,currencyservice,kubernetes,0,0,0,0,0,0,0
2026-10-04T14:08:16Z,currencyservice,paymentservice,0,0,0,0,0,0,0
2026-10-04T14:08:16Z,currencyservice,productcatalogservice,0,0,0,0,0,0,0
2026-10-04T14:08:16Z,currencyservice,recommendationservice,0,0,0,0,0,0,0
2026-10-04T14:08:16Z,currencyservice,redis-cart,0,0,0,0,0,0,0
2026-10-04T14:08:16Z,currencyservice,shippingservice,0,0,0,0,0,0,0
2026-10-04T14:08:16Z,emailservice,adservice,0,0,0,0,0,0,0
2026-10-04T14:08:16Z,emailservice,cartservice,0,0,0,0,0,0,0
2026-10-04T14:08:16Z,emailservice,checkoutservice,0,0,0,0,0,0,0
2026-10-04T14:08:16Z,emailservice,currencyservice,0,0,0,0,0,0,0
2026-10-04T14:08:16Z,emailservice,emailservice,0,0,0,0,0,0,0
2026-10-04T14:08:16Z,emailservice,frontend,0,0,0,0,0,0,0
2026-10-04T14:08:16Z,emailservice,kubernetes,0,0,0,0,0,0,0
2026-10-04T14:08:16Z,emailservice,paymentservice,0,0,0,0,0,0,0
2026-10-04T14:08:16Z,emailservice,productcatalogservice,0,0,0,0,0,0,0
2026-10-04T14:08:16Z,emailservice,recommendationservice,0,0,0,0,0,0,0
2026-10-04T14:08:16Z,emailservice,redis-cart,0,0,0,0,0,0,0
2026-10-04T14:08:16Z,emailservice,shippingservice,0,0,0,0,0,0,0
2026-10-04T14:08:16Z,frontend,adservice,835832,835830,0,0,0,2520797,835558
2026-10-04T14:08:16Z,frontend,cartservice,1851964,1851952,0,0,4,10294835,1850905
2026-10-04T14:08:16Z,frontend,checkoutservice,394912,184948,0,40061,169943,62141504,184836
2026-10-04T14:08:16Z,frontend,currencyservice,2944348,2944339,0,0,0,15598838,2942766
2026-10-04T14:08:16Z,frontend,emailservice,0,0,0,0,0,0,0
2026-10-04T14:08:16Z,frontend,frontend,0,0,0,0,0,0,0
2026-10-04T14:08:16Z,frontend,kubernetes,0,0,0,0,0,0,0
2026-10-04T14:08:16Z,frontend,paymentservice,0,0,0,0,0,0,0
2026-10-04T14:08:16Z,frontend,productcatalogservice,8279828,8279761,0,0,0,56640522,8276583
2026-10-04T14:08:16Z,frontend,recommendationservice,2672298,1636401,0,108172,925162,805053261,1635496
2026-10-04T14:08:16Z,frontend,redis-cart,0,0,0,0,0,0,0
2026-10-04T14:08:16Z,frontend,shippingservice,306455,306452,0,0,0,931307,306362
2026-10-04T14:08:16Z,paymentservice,adservice,0,0,0,0,0,0,0
2026-10-04T14:08:16Z,paymentservice,cartservice,0,0,0,0,0,0,0
2026-10-04T14:08:16Z,paymentservice,checkoutservice,0,0,0,0,0,0,0
2026-10-04T14:08:16Z,paymentservice,currencyservice,0,0,0,0,0,0,0
2026-10-04T14:08:16Z,paymentservice,emailservice,0,0,0,0,0,0,0
2026-10-04T14:08:16Z,paymentservice,frontend,0,0,0,0,0,0,0
2026-10-04T14:08:16Z,paymentservice,kubernetes,0,0,0,0,0,0,0
2026-10-04T14:08:16Z,paymentservice,paymentservice,0,0,0,0,0,0,0
2026-10-04T14:08:16Z,paymentservice,productcatalogservice,0,0,0,0,0,0,0
2026-10-04T14:08:16Z,paymentservice,recommendationservice,0,0,0,0,0,0,0
2026-10-04T14:08:16Z,paymentservice,redis-cart,0,0,0,0,0,0,0
2026-10-04T14:08:16Z,paymentservice,shippingservice,0,0,0,0,0,0,0
2026-10-04T14:08:16Z,productcatalogservice,adservice,0,0,0,0,0,0,0
2026-10-04T14:08:16Z,productcatalogservice,cartservice,0,0,0,0,0,0,0
2026-10-04T14:08:16Z,productcatalogservice,checkoutservice,0,0,0,0,0,0,0
2026-10-04T14:08:16Z,productcatalogservice,currencyservice,0,0,0,0,0,0,0
2026-10-04T14:08:16Z,productcatalogservice,emailservice,0,0,0,0,0,0,0
2026-10-04T14:08:16Z,productcatalogservice,frontend,0,0,0,0,0,0,0
2026-10-04T14:08:16Z,productcatalogservice,kubernetes,0,0,0,0,0,0,0
2026-10-04T14:08:16Z,productcatalogservice,paymentservice,0,0,0,0,0,0,0
2026-10-04T14:08:16Z,productcatalogservice,productcatalogservice,0,0,0,0,0,0,0
2026-10-04T14:08:16Z,productcatalogservice,recommendationservice,0,0,0,0,0,0,0
2026-10-04T14:08:16Z,productcatalogservice,redis-cart,0,0,0,0,0,0,0
2026-10-04T14:08:16Z,productcatalogservice,shippingservice,0,0,0,0,0,0,0
2026-10-04T14:08:16Z,recommendationservice,adservice,0,0,0,0,0,0,0
2026-10-04T14:08:16Z,recommendationservice,cartservice,0,0,0,0,0,0,0
2026-10-04T14:08:16Z,recommendationservice,checkoutservice,0,0,0,0,0,0,0
2026-10-04T14:08:16Z,recommendationservice,currencyservice,0,0,0,0,0,0,0
2026-10-04T14:08:16Z,recommendationservice,emailservice,0,0,0,0,0,0,0
2026-10-04T14:08:16Z,recommendationservice,frontend,0,0,0,0,0,0,0
2026-10-04T14:08:16Z,recommendationservice,kubernetes,0,0,0,0,0,0,0
2026-10-04T14:08:16Z,recommendationservice,paymentservice,0,0,0,0,0,0,0
2026-10-04T14:08:16Z,recommendationservice,productcatalogservice,119209,119209,0,0,0,877289,118687
2026-10-04T14:08:16Z,recommendationservice,recommendationservice,0,0,0,0,0,0,0
2026-10-04T14:08:16Z,recommendationservice,redis-cart,0,0,0,0,0,0,0
2026-10-04T14:08:16Z,recommendationservice,shippingservice,0,0,0,0,0,0,0
2026-10-04T14:08:16Z,redis-cart,adservice,0,0,0,0,0,0,0
2026-10-04T14:08:16Z,redis-cart,cartservice,0,0,0,0,0,0,0
2026-10-04T14:08:16Z,redis-cart,checkoutservice,0,0,0,0,0,0,0
2026-10-04T14:08:16Z,redis-cart,currencyservice,0,0,0,0,0,0,0
2026-10-04T14:08:16Z,redis-cart,emailservice,0,0,0,0,0,0,0
2026-10-04T14:08:16Z,redis-cart,frontend,0,0,0,0,0,0,0
2026-10-04T14:08:16Z,redis-cart,kubernetes,0,0,0,0,0,0,0
2026-10-04T14:08:16Z,redis-cart,paymentservice,0,0,0,0,0,0,0
2026-10-04T14:08:16Z,redis-cart,productcatalogservice,0,0,0,0,0,0,0
2026-10-04T14:08:16Z,redis-cart,recommendationservice,0,0,0,0,0,0,0
2026-10-04T14:08:16Z,redis-cart,redis-cart,0,0,0,0,0,0,0
2026-10-04T14:08:16Z,redis-cart,shippingservice,0,0,0,0,0,0,0
2026-10-04T14:08:16Z,shippingservice,adservice,0,0,0,0,0,0,0
2026-10-04T14:08:16Z,shippingservice,cartservice,0,0,0,0,0,0,0
2026-10-04T14:08:16Z,shippingservice,checkoutservice,0,0,0,0,0,0,0
2026-10-04T14:08:16Z,shippingservice,currencyservice,0,0,0,0,0,0,0
2026-10-04T14:08:16Z,shippingservice,emailservice,0,0,0,0,0,0,0
2026-10-04T14:08:16Z,shippingservice,frontend,0,0,0,0,0,0,0
2026-10-04T14:08:16Z,shippingservice,kubernetes,0,0,0,0,0,0,0
2026-10-04T14:08:16Z,shippingservice,paymentservice,0,0,0,0,0,0,0
2026-10-04T14:08:16Z,shippingservice,productcatalogservice,0,0,0,0,0,0,0
2026-10-04T14:08:16Z,shippingservice,recommendationservice,0,0,0,0,0,0,0
2026-10-04T14:08:16Z,shippingservice,redis-cart,0,0,0,0,0,0,0
2026-10-04T14:08:16Z,shippingservice,shippingservice,0,0,0,0,0,0,0
2026-10-04T14:08:17Z,adservice,adservice,0,0,0,0,0,0,0
2026-10-04T14:08:17Z,adservice,cartservice,0,0,0,0,0,0,0
2026-10-04T14:08:17Z,adservice,checkoutservice,0,0,0,0,0,0,0
2026-10-04T14:08:17Z,adservice,currencyservice,0,0,0,0,0,0,0
2026-10-04T14:08:17Z,adservice,emailservice,0,0,0,0,0,0,0
2026-10-04T14:08:17Z,adservice,frontend,0,0,0,0,0,0,0
2026-10-04T14:08:17Z,adservice,kubernetes,0,0,0,0,0,0,0
2026-10-04T14:08:17Z,adservice,paymentservice,0,0,0,0,0,0,0
2026-10-04T14:08:17Z,adservice,productcatalogservice,0,0,0,0,0,0,0
2026-10-04T14:08:17Z,adservice,recommendationservice,0,0,0,0,0,0,0
2026-10-04T14:08:17Z,adservice,redis-cart,0,0,0,0,0,0,0
2026-10-04T14:08:17Z,adservice,shippingservice,0,0,0,0,0,0,0
2026-10-04T14:08:17Z,cartservice,adservice,0,0,0,0,0,0,0
2026-10-04T14:08:17Z,cartservice,cartservice,0,0,0,0,0,0,0
2026-10-04T14:08:17Z,cartservice,checkoutservice,0,0,0,0,0,0,0
2026-10-04T14:08:17Z,cartservice,currencyservice,0,0,0,0,0,0,0
2026-10-04T14:08:17Z,cartservice,emailservice,0,0,0,0,0,0,0
2026-10-04T14:08:17Z,cartservice,frontend,0,0,0,0,0,0,0
2026-10-04T14:08:17Z,cartservice,kubernetes,0,0,0,0,0,0,0
2026-10-04T14:08:17Z,cartservice,paymentservice,0,0,0,0,0,0,0
2026-10-04T14:08:17Z,cartservice,productcatalogservice,0,0,0,0,0,0,0
2026-10-04T14:08:17Z,cartservice,recommendationservice,0,0,0,0,0,0,0
2026-10-04T14:08:17Z,cartservice,redis-cart,2,0,0,0,0,0,0
2026-10-04T14:08:17Z,cartservice,shippingservice,0,0,0,0,0,0,0
2026-10-04T14:08:17Z,checkoutservice,adservice,0,0,0,0,0,0,0
2026-10-04T14:08:17Z,checkoutservice,cartservice,49180,48249,0,100,0,646623,48194
2026-10-04T14:08:17Z,checkoutservice,checkoutservice,0,0,0,0,0,0,0
2026-10-04T14:08:17Z,checkoutservice,currencyservice,35988,35988,0,0,0,542806,35962
2026-10-04T14:08:17Z,checkoutservice,emailservice,7226,6935,0,66,0,281300,6910
2026-10-04T14:08:17Z,checkoutservice,frontend,0,0,0,0,0,0,0
2026-10-04T14:08:17Z,checkoutservice,kubernetes,0,0,0,0,0,0,0
2026-10-04T14:08:17Z,checkoutservice,paymentservice,29254,27406,0,192,0,414170,27229
2026-10-04T14:08:17Z,checkoutservice,productcatalogservice,0,0,0,0,0,0,0
2026-10-04T14:08:17Z,checkoutservice,recommendationservice,0,0,0,0,0,0,0
2026-10-04T14:08:17Z,checkoutservice,redis-cart,0,0,0,0,0,0,0
2026-10-04T14:08:17Z,checkoutservice,shippingservice,54492,52389,0,154,0,487259,52333
2026-10-04T14:08:17Z,currencyservice,adservice,0,0,0,0,0,0,0
2026-10-04T14:08:17Z,currencyservice,cartservice,0,0,0,0,0,0,0
2026-10-04T14:08:17Z,currencyservice,checkoutservice,0,0,0,0,0,0,0
2026-10-04T14:08:17Z,currencyservice,currencyservice,0,0,0,0,0,0,0
2026-10-04T14:08:17Z,currencyservice,emailservice,0,0,0,0,0,0,0
2026-10-04T14:08:17Z,currencyservice,frontend,0,0,0,0,0,0,0
2026-10-04T14:08:17Z,currencyservice,kubernetes,0,0,0,0,0,0,0
2026-10-04T14:08:17Z,currencyservice,paymentservice,0,0,0,0,0,0,0
2026-10-04T14:08:17Z,currencyservice,productcatalogservice,0,0,0,0,0,0,0
2026-10-04T14:08:17Z,currencyservice,recommendationservice,0,0,0,0,0,0,0
2026-10-04T14:08:17Z,currencyservice,redis-cart,0,0,0,0,0,0,0
2026-10-04T14:08:17Z,currencyservice,shippingservice,0,0,0,0,0,0,0
2026-10-04T14:08:17Z,emailservice,adservice,0,0,0,0,0,0,0
2026-10-04T14:08:17Z,emailservice,cartservice,0,0,0,0,0,0,0
2026-10-04T14:08:17Z,emailservice,checkoutservice,0,0,0,0,0,0,0
2026-10-04T14:08:17Z,emailservice,currencyservice,0,0,0,0,0,0,0
2026-10-04T14:08:17Z,emailservice,emailservice,0,0,0,0,0,0,0
2026-10-04T14:08:17Z,emailservice,frontend,0,0,0,0,0,0,0
2026-10-04T14:08:17Z,emailservice,kubernetes,0,0,0,0,0,0,0
2026-10-04T14:08:17Z,emailservice,paymentservice,0,0,0,0,0,0,0
2026-10-04T14:08:17Z,emailservice,productcatalogservice,0,0,0,0,0,0,0
2026-10-04T14:08:17Z,emailservice,recommendationservice,0,0,0,0,0,0,0
2026-10-04T14:08:17Z,emailservice,redis-cart,0,0,0,0,0,0,0
2026-10-04T14:08:17Z,emailservice,shippingservice,0,0,0,0,0,0,0
2026-10-04T14:08:17Z,frontend,adservice,835964,835962,0,0,0,2520797,835558
2026-10-04T14:08:17Z,frontend,cartservice,1852350,1852337,0,0,4,10294835,1850905
2026-10-04T14:08:17Z,frontend,checkoutservice,394985,185016,0,40061,169943,62141504,184836
2026-10-04T14:08:17Z,frontend,currencyservice,2944952,2944943,0,0,0,15598838,2942766
2026-10-04T14:08:17Z,frontend,emailservice,0,0,0,0,0,0,0
2026-10-04T14:08:17Z,frontend,frontend,0,0,0,0,0,0,0
2026-10-04T14:08:17Z,frontend,kubernetes,0,0,0,0,0,0,0
2026-10-04T14:08:17Z,frontend,paymentservice,0,0,0,0,0,0,0
2026-10-04T14:08:17Z,frontend,productcatalogservice,8281359,8281289,0,0,0,56640522,8276583
2026-10-04T14:08:17Z,frontend,recommendationservice,2673002,1636765,0,108227,925480,805053261,1635496
2026-10-04T14:08:17Z,frontend,redis-cart,0,0,0,0,0,0,0
2026-10-04T14:08:17Z,frontend,shippingservice,306494,306492,0,0,0,931307,306362
2026-10-04T14:08:17Z,paymentservice,adservice,0,0,0,0,0,0,0
2026-10-04T14:08:17Z,paymentservice,cartservice,0,0,0,0,0,0,0
2026-10-04T14:08:17Z,paymentservice,checkoutservice,0,0,0,0,0,0,0
2026-10-04T14:08:17Z,paymentservice,currencyservice,0,0,0,0,0,0,0
2026-10-04T14:08:17Z,paymentservice,emailservice,0,0,0,0,0,0,0
2026-10-04T14:08:17Z,paymentservice,frontend,0,0,0,0,0,0,0
2026-10-04T14:08:17Z,paymentservice,kubernetes,0,0,0,0,0,0,0
2026-10-04T14:08:17Z,paymentservice,paymentservice,0,0,0,0,0,0,0
2026-10-04T14:08:17Z,paymentservice,productcatalogservice,0,0,0,0,0,0,0
2026-10-04T14:08:17Z,paymentservice,recommendationservice,0,0,0,0,0,0,0
2026-10-04T14:08:17Z,paymentservice,redis-cart,0,0,0,0,0,0,0
2026-10-04T14:08:17Z,paymentservice,shippingservice,0,0,0,0,0,0,0
2026-10-04T14:08:17Z,productcatalogservice,adservice,0,0,0,0,0,0,0
2026-10-04T14:08:17Z,productcatalogservice,cartservice,0,0,0,0,0,0,0
2026-10-04T14:08:17Z,productcatalogservice,checkoutservice,0,0,0,0,0,0,0
2026-10-04T14:08:17Z,productcatalogservice,currencyservice,0,0,0,0,0,0,0
2026-10-04T14:08:17Z,productcatalogservice,emailservice,0,0,0,0,0,0,0
2026-10-04T14:08:17Z,productcatalogservice,frontend,0,0,0,0,0,0,0
2026-10-04T14:08:17Z,productcatalogservice,kubernetes,0,0,0,0,0,0,0
2026-10-04T14:08:17Z,productcatalogservice,paymentservice,0,0,0,0,0,0,0
2026-10-04T14:08:17Z,productcatalogservice,productcatalogservice,0,0,0,0,0,0,0
2026-10-04T14:08:17Z,productcatalogservice,recommendationservice,0,0,0,0,0,0,0
2026-10-04T14:08:17Z,productcatalogservice,redis-cart,0,0,0,0,0,0,0
2026-10-04T14:08:17Z,productcatalogservice,shippingservice,0,0,0,0,0,0,0
2026-10-04T14:08:17Z,recommendationservice,adservice,0,0,0,0,0,0,0
2026-10-04T14:08:17Z,recommendationservice,cartservice,0,0,0,0,0,0,0
2026-10-04T14:08:17Z,recommendationservice,checkoutservice,0,0,0,0,0,0,0
2026-10-04T14:08:17Z,recommendationservice,currencyservice,0,0,0,0,0,0,0
2026-10-04T14:08:17Z,recommendationservice,emailservice,0,0,0,0,0,0,0
2026-10-04T14:08:17Z,recommendationservice,frontend,0,0,0,0,0,0,0
2026-10-04T14:08:17Z,recommendationservice,kubernetes,0,0,0,0,0,0,0
2026-10-04T14:08:17Z,recommendationservice,paymentservice,0,0,0,0,0,0,0
2026-10-04T14:08:17Z,recommendationservice,productcatalogservice,119603,119603,0,0,0,877289,118687
2026-10-04T14:08:17Z,recommendationservice,recommendationservice,0,0,0,0,0,0,0
2026-10-04T14:08:17Z,recommendationservice,redis-cart,0,0,0,0,0,0,0
2026-10-04T14:08:17Z,recommendationservice,shippingservice,0,0,0,0,0,0,0
2026-10-04T14:08:17Z,redis-cart,adservice,0,0,0,0,0,0,0
2026-10-04T14:08:17Z,redis-cart,cartservice,0,0,0,0,0,0,0
2026-10-04T14:08:17Z,redis-cart,checkoutservice,0,0,0,0,0,0,0
2026-10-04T14:08:17Z,redis-cart,currencyservice,0,0,0,0,0,0,0
2026-10-04T14:08:17Z,redis-cart,emailservice,0,0,0,0,0,0,0
2026-10-04T14:08:17Z,redis-cart,frontend,0,0,0,0,0,0,0
2026-10-04T14:08:17Z,redis-cart,kubernetes,0,0,0,0,0,0,0
2026-10-04T14:08:17Z,redis-cart,paymentservice,0,0,0,0,0,0,0
2026-10-04T14:08:17Z,redis-cart,productcatalogservice,0,0,0,0,0,0,0
2026-10-04T14:08:17Z,redis-cart,recommendationservice,0,0,0,0,0,0,0
2026-10-04T14:08:17Z,redis-cart,redis-cart,0,0,0,0,0,0,0
2026-10-04T14:08:17Z,redis-cart,shippingservice,0,0,0,0,0,0,0
2026-10-04T14:08:17Z,shippingservice,adservice,0,0,0,0,0,0,0
2026-10-04T14:08:17Z,shippingservice,cartservice,0,0,0,0,0,0,0
2026-10-04T14:08:17Z,shippingservice,checkoutservice,0,0,0,0,0,0,0
2026-10-04T14:08:17Z,shippingservice,currencyservice,0,0,0,0,0,0,0
2026-10-04T14:08:17Z,shippingservice,emailservice,0,0,0,0,0,0,0
2026-10-04T14:08:17Z,shippingservice,frontend,0,0,0,0,0,0,0
2026-10-04T14:08:17Z,shippingservice,kubernetes,0,0,0,0,0,0,0
2026-10-04T14:08:17Z,shippingservice,paymentservice,0,0,0,0,0,0,0
2026-10-04T14:08:17Z,shippingservice,productcatalogservice,0,0,0,0,0,0,0
2026-10-04T14:08:17Z,shippingservice,recommendationservice,0,0,0,0,0,0,0
2026-10-04T14:08:17Z,shippingservice,redis-cart,0,0,0,0,0,0,0
2026-10-04T14:08:17Z,shippingservice,shippingservice,0,0,0,0,0,0,0
2026-10-04T14:08:18Z,adservice,adservice,0,0,0,0,0,0,0
2026-10-04T14:08:18Z,adservice,cartservice,0,0,0,0,0,0,0
2026-10-04T14:08:18Z,adservice,checkoutservice,0,0,0,0,0,0,0
2026-10-04T14:08:18Z,adservice,currencyservice,0,0,0,0,0,0,0
2026-10-04T14:08:18Z,adservice,emailservice,0,0,0,0,0,0,0
2026-10-04T14:08:18Z,adservice,frontend,0,0,0,0,0,0,0
2026-10-04T14:08:18Z,adservice,kubernetes,0,0,0,0,0,0,0
2026-10-04T14:08:18Z,adservice,paymentservice,0,0,0,0,0,0,0
2026-10-04T14:08:18Z,adservice,productcatalogservice,0,0,0,0,0,0,0
2026-10-04T14:08:18Z,adservice,recommendationservice,0,0,0,0,0,0,0
2026-10-04T14:08:18Z,adservice,redis-cart,0,0,0,0,0,0,0
2026-10-04T14:08:18Z,adservice,shippingservice,0,0,0,0,0,0,0
2026-10-04T14:08:18Z,cartservice,adservice,0,0,0,0,0,0,0
2026-10-04T14:08:18Z,cartservice,cartservice,0,0,0,0,0,0,0
2026-10-04T14:08:18Z,cartservice,checkoutservice,0,0,0,0,0,0,0
2026-10-04T14:08:18Z,cartservice,currencyservice,0,0,0,0,0,0,0
2026-10-04T14:08:18Z,cartservice,emailservice,0,0,0,0,0,0,0
2026-10-04T14:08:18Z,cartservice,frontend,0,0,0,0,0,0,0
2026-10-04T14:08:18Z,cartservice,kubernetes,0,0,0,0,0,0,0
2026-10-04T14:08:18Z,cartservice,paymentservice,0,0,0,0,0,0,0
2026-10-04T14:08:18Z,cartservice,productcatalogservice,0,0,0,0,0,0,0
2026-10-04T14:08:18Z,cartservice,recommendationservice,0,0,0,0,0,0,0
2026-10-04T14:08:18Z,cartservice,redis-cart,2,0,0,0,0,0,0
2026-10-04T14:08:18Z,cartservice,shippingservice,0,0,0,0,0,0,0
2026-10-04T14:08:18Z,checkoutservice,adservice,0,0,0,0,0,0,0
2026-10-04T14:08:18Z,checkoutservice,cartservice,49317,48385,0,100,0,646623,48194
2026-10-04T14:08:18Z,checkoutservice,checkoutservice,0,0,0,0,0,0,0
2026-10-04T14:08:18Z,checkoutservice,currencyservice,36058,36054,0,0,0,542806,35962
2026-10-04T14:08:18Z,checkoutservice,emailservice,7289,7002,0,66,0,281300,6910
2026-10-04T14:08:18Z,checkoutservice,frontend,0,0,0,0,0,0,0
2026-10-04T14:08:18Z,checkoutservice,kubernetes,0,0,0,0,0,0,0
2026-10-04T14:08:18Z,checkoutservice,paymentservice,29319,27470,0,192,0,414170,27229
2026-10-04T14:08:18Z,checkoutservice,productcatalogservice,0,0,0,0,0,0,0
2026-10-04T14:08:18Z,checkoutservice,recommendationservice,0,0,0,0,0,0,0
2026-10-04T14:08:18Z,checkoutservice,redis-cart,0,0,0,0,0,0,0
2026-10-04T14:08:18Z,checkoutservice,shippingservice,54629,52526,0,154,0,487259,52333
2026-10-04T14:08:18Z,currencyservice,adservice,0,0,0,0,0,0,0
2026-10-04T14:08:18Z,currencyservice,cartservice,0,0,0,0,0,0,0
2026-10-04T14:08:18Z,currencyservice,checkoutservice,0,0,0,0,0,0,0
2026-10-04T14:08:18Z,currencyservice,currencyservice,0,0,0,0,0,0,0
2026-10-04T14:08:18Z,currencyservice,emailservice,0,0,0,0,0,0,0
2026-10-04T14:08:18Z,currencyservice,frontend,0,0,0,0,0,0,0
2026-10-04T14:08:18Z,currencyservice,kubernetes,0,0,0,0,0,0,0
2026-10-04T14:08:18Z,currencyservice,paymentservice,0,0,0,0,0,0,0
2026-10-04T14:08:18Z,currencyservice,productcatalogservice,0,0,0,0,0,0,0
2026-10-04T14:08:18Z,currencyservice,recommendationservice,0,0,0,0,0,0,0
2026-10-04T14:08:18Z,currencyservice,redis-cart,0,0,0,0,0,0,0
2026-10-04T14:08:18Z,currencyservice,shippingservice,0,0,0,0,0,0,0
2026-10-04T14:08:18Z,emailservice,adservice,0,0,0,0,0,0,0
2026-10-04T14:08:18Z,emailservice,cartservice,0,0,0,0,0,0,0
2026-10-04T14:08:18Z,emailservice,checkoutservice,0,0,0,0,0,0,0
2026-10-04T14:08:18Z,emailservice,currencyservice,0,0,0,0,0,0,0
2026-10-04T14:08:18Z,emailservice,emailservice,0,0,0,0,0,0,0
2026-10-04T14:08:18Z,emailservice,frontend,0,0,0,0,0,0,0
2026-10-04T14:08:18Z,emailservice,kubernetes,0,0,0,0,0,0,0
2026-10-04T14:08:18Z,emailservice,paymentservice,0,0,0,0,0,0,0
2026-10-04T14:08:18Z,emailservice,productcatalogservice,0,0,0,0,0,0,0
2026-10-04T14:08:18Z,emailservice,recommendationservice,0,0,0,0,0,0,0
2026-10-04T14:08:18Z,emailservice,redis-cart,0,0,0,0,0,0,0
2026-10-04T14:08:18Z,emailservice,shippingservice,0,0,0,0,0,0,0
2026-10-04T14:08:18Z,frontend,adservice,836125,836123,0,0,0,2521185,835692
2026-10-04T14:08:18Z,frontend,cartservice,1852777,1852764,0,0,4,10297113,1851432
2026-10-04T14:08:18Z,frontend,checkoutservice,395048,185080,0,40061,169943,62148187,184892
2026-10-04T14:08:18Z,frontend,currencyservice,2945634,2945622,0,0,0,15601916,2943538
2026-10-04T14:08:18Z,frontend,emailservice,0,0,0,0,0,0,0
2026-10-04T14:08:18Z,frontend,frontend,0,0,0,0,0,0,0
2026-10-04T14:08:18Z,frontend,kubernetes,0,0,0,0,0,0,0
2026-10-04T14:08:18Z,frontend,paymentservice,0,0,0,0,0,0,0
2026-10-04T14:08:18Z,frontend,productcatalogservice,8283094,8283024,0,0,0,56652690,8278197
2026-10-04T14:08:18Z,frontend,recommendationservice,2673745,1637145,0,108271,925800,805448256,1635977
2026-10-04T14:08:18Z,frontend,redis-cart,0,0,0,0,0,0,0
2026-10-04T14:08:18Z,frontend,shippingservice,306545,306543,0,0,0,931401,306408
2026-10-04T14:08:18Z,paymentservice,adservice,0,0,0,0,0,0,0
2026-10-04T14:08:18Z,paymentservice,cartservice,0,0,0,0,0,0,0
2026-10-04T14:08:18Z,paymentservice,checkoutservice,0,0,0,0,0,0,0
2026-10-04T14:08:18Z,paymentservice,currencyservice,0,0,0,0,0,0,0
2026-10-04T14:08:18Z,paymentservice,emailservice,0,0,0,0,0,0,0
2026-10-04T14:08:18Z,paymentservice,frontend,0,0,0,0,0,0,0
2026-10-04T14:08:18Z,paymentservice,kubernetes,0,0,0,0,0,0,0
2026-10-04T14:08:18Z,paymentservice,paymentservice,0,0,0,0,0,0,0
2026-10-04T14:08:18Z,paymentservice,productcatalogservice,0,0,0,0,0,0,0
2026-10-04T14:08:18Z,paymentservice,recommendationservice,0,0,0,0,0,0,0
2026-10-04T14:08:18Z,paymentservice,redis-cart,0,0,0,0,0,0,0
2026-10-04T14:08:18Z,paymentservice,shippingservice,0,0,0,0,0,0,0
2026-10-04T14:08:18Z,productcatalogservice,adservice,0,0,0,0,0,0,0
2026-10-04T14:08:18Z,productcatalogservice,cartservice,0,0,0,0,0,0,0
2026-10-04T14:08:18Z,productcatalogservice,checkoutservice,0,0,0,0,0,0,0
2026-10-04T14:08:18Z,productcatalogservice,currencyservice,0,0,0,0,0,0,0
2026-10-04T14:08:18Z,productcatalogservice,emailservice,0,0,0,0,0,0,0
2026-10-04T14:08:18Z,productcatalogservice,frontend,0,0,0,0,0,0,0
2026-10-04T14:08:18Z,productcatalogservice,kubernetes,0,0,0,0,0,0,0
2026-10-04T14:08:18Z,productcatalogservice,paymentservice,0,0,0,0,0,0,0
2026-10-04T14:08:18Z,productcatalogservice,productcatalogservice,0,0,0,0,0,0,0
2026-10-04T14:08:18Z,productcatalogservice,recommendationservice,0,0,0,0,0,0,0
2026-10-04T14:08:18Z,productcatalogservice,redis-cart,0,0,0,0,0,0,0
2026-10-04T14:08:18Z,productcatalogservice,shippingservice,0,0,0,0,0,0,0
2026-10-04T14:08:18Z,recommendationservice,adservice,0,0,0,0,0,0,0
2026-10-04T14:08:18Z,recommendationservice,cartservice,0,0,0,0,0,0,0
2026-10-04T14:08:18Z,recommendationservice,checkoutservice,0,0,0,0,0,0,0
2026-10-04T14:08:18Z,recommendationservice,currencyservice,0,0,0,0,0,0,0
2026-10-04T14:08:18Z,recommendationservice,emailservice,0,0,0,0,0,0,0
2026-10-04T14:08:18Z,recommendationservice,frontend,0,0,0,0,0,0,0
2026-10-04T14:08:18Z,recommendationservice,kubernetes,0,0,0,0,0,0,0
2026-10-04T14:08:18Z,recommendationservice,paymentservice,0,0,0,0,0,0,0
2026-10-04T14:08:18Z,recommendationservice,productcatalogservice,120028,120028,0,0,0,877289,118687
2026-10-04T14:08:18Z,recommendationservice,recommendationservice,0,0,0,0,0,0,0
2026-10-04T14:08:18Z,recommendationservice,redis-cart,0,0,0,0,0,0,0
2026-10-04T14:08:18Z,recommendationservice,shippingservice,0,0,0,0,0,0,0
2026-10-04T14:08:18Z,redis-cart,adservice,0,0,0,0,0,0,0
2026-10-04T14:08:18Z,redis-cart,cartservice,0,0,0,0,0,0,0
2026-10-04T14:08:18Z,redis-cart,checkoutservice,0,0,0,0,0,0,0
2026-10-04T14:08:18Z,redis-cart,currencyservice,0,0,0,0,0,0,0
2026-10-04T14:08:18Z,redis-cart,emailservice,0,0,0,0,0,0,0
2026-10-04T14:08:18Z,redis-cart,frontend,0,0,0,0,0,0,0
2026-10-04T14:08:18Z,redis-cart,kubernetes,0,0,0,0,0,0,0
2026-10-04T14:08:18Z,redis-cart,paymentservice,0,0,0,0,0,0,0
2026-10-04T14:08:18Z,redis-cart,productcatalogservice,0,0,0,0,0,0,0
2026-10-04T14:08:18Z,redis-cart,recommendationservice,0,0,0,0,0,0,0
2026-10-04T14:08:18Z,redis-cart,redis-cart,0,0,0,0,0,0,0
2026-10-04T14:08:18Z,redis-cart,shippingservice,0,0,0,0,0,0,0
2026-10-04T14:08:18Z,shippingservice,adservice,0,0,0,0,0,0,0
2026-10-04T14:08:18Z,shippingservice,cartservice,0,0,0,0,0,0,0
2026-10-04T14:08:18Z,shippingservice,checkoutservice,0,0,0,0,0,0,0
2026-10-04T14:08:18Z,shippingservice,currencyservice,0,0,0,0,0,0,0
2026-10-04T14:08:18Z,shippingservice,emailservice,0,0,0,0,0,0,0
2026-10-04T14:08:18Z,shippingservice,frontend,0,0,0,0,0,0,0
2026-10-04T14:08:18Z,shippingservice,kubernetes,0,0,0,0,0,0,0
2026-10-04T14:08:18Z,shippingservice,paymentservice,0,0,0,0,0,0,0
2026-10-04T14:08:18Z,shippingservice,productcatalogservice,0,0,0,0,0,0,0
2026-10-04T14:08:18Z,shippingservice,recommendationservice,0,0,0,0,0,0,0
2026-10-04T14:08:18Z,shippingservice,redis-cart,0,0,0,0,0,0,0
2026-10-04T14:08:18Z,shippingservice,shippingservice,0,0,0,0,0,0,0
2026-10-04T14:08:19Z,adservice,adservice,0,0,0,0,0,0,0
2026-10-04T14:08:19Z,adservice,cartservice,0,0,0,0,0,0,0
2026-10-04T14:08:19Z,adservice,checkoutservice,0,0,0,0,0,0,0
2026-10-04T14:08:19Z,adservice,currencyservice,0,0,0,0,0,0,0
2026-10-04T14:08:19Z,adservice,emailservice,0,0,0,0,0,0,0
2026-10-04T14:08:19Z,adservice,frontend,0,0,0,0,0,0,0
2026-10-04T14:08:19Z,adservice,kubernetes,0,0,0,0,0,0,0
2026-10-04T14:08:19Z,adservice,paymentservice,0,0,0,0,0,0,0
2026-10-04T14:08:19Z,adservice,productcatalogservice,0,0,0,0,0,0,0
2026-10-04T14:08:19Z,adservice,recommendationservice,0,0,0,0,0,0,0
2026-10-04T14:08:19Z,adservice,redis-cart,0,0,0,0,0,0,0
2026-10-04T14:08:19Z,adservice,shippingservice,0,0,0,0,0,0,0
2026-10-04T14:08:19Z,cartservice,adservice,0,0,0,0,0,0,0
2026-10-04T14:08:19Z,cartservice,cartservice,0,0,0,0,0,0,0
2026-10-04T14:08:19Z,cartservice,checkoutservice,0,0,0,0,0,0,0
2026-10-04T14:08:19Z,cartservice,currencyservice,0,0,0,0,0,0,0
2026-10-04T14:08:19Z,cartservice,emailservice,0,0,0,0,0,0,0
2026-10-04T14:08:19Z,cartservice,frontend,0,0,0,0,0,0,0
2026-10-04T14:08:19Z,cartservice,kubernetes,0,0,0,0,0,0,0
2026-10-04T14:08:19Z,cartservice,paymentservice,0,0,0,0,0,0,0
2026-10-04T14:08:19Z,cartservice,productcatalogservice,0,0,0,0,0,0,0
2026-10-04T14:08:19Z,cartservice,recommendationservice,0,0,0,0,0,0,0
2026-10-04T14:08:19Z,cartservice,redis-cart,2,0,0,0,0,0,0
2026-10-04T14:08:19Z,cartservice,shippingservice,0,0,0,0,0,0,0
2026-10-04T14:08:19Z,checkoutservice,adservice,0,0,0,0,0,0,0
2026-10-04T14:08:19Z,checkoutservice,cartservice,49387,48453,0,100,0,646623,48194
2026-10-04T14:08:19Z,checkoutservice,checkoutservice,0,0,0,0,0,0,0
2026-10-04T14:08:19Z,checkoutservice,currencyservice,36092,36092,0,0,0,542806,35962
2026-10-04T14:08:19Z,checkoutservice,emailservice,7326,7040,0,66,0,281300,6910
2026-10-04T14:08:19Z,checkoutservice,frontend,0,0,0,0,0,0,0
2026-10-04T14:08:19Z,checkoutservice,kubernetes,0,0,0,0,0,0,0
2026-10-04T14:08:19Z,checkoutservice,paymentservice,29356,27507,0,192,0,414170,27229
2026-10-04T14:08:19Z,checkoutservice,productcatalogservice,0,0,0,0,0,0,0
2026-10-04T14:08:19Z,checkoutservice,recommendationservice,0,0,0,0,0,0,0
2026-10-04T14:08:19Z,checkoutservice,redis-cart,0,0,0,0,0,0,0
2026-10-04T14:08:19Z,checkoutservice,shippingservice,54697,52594,0,154,0,487259,52333
2026-10-04T14:08:19Z,currencyservice,adservice,0,0,0,0,0,0,0
2026-10-04T14:08:19Z,currencyservice,cartservice,0,0,0,0,0,0,0
2026-10-04T14:08:19Z,currencyservice,checkoutservice,0,0,0,0,0,0,0
2026-10-04T14:08:19Z,currencyservice,currencyservice,0,0,0,0,0,0,0
2026-10-04T14:08:19Z,currencyservice,emailservice,0,0,0,0,0,0,0
2026-10-04T14:08:19Z,currencyservice,frontend,0,0,0,0,0,0,0
2026-10-04T14:08:19Z,currencyservice,kubernetes,0,0,0,0,0,0,0
2026-10-04T14:08:19Z,currencyservice,paymentservice,0,0,0,0,0,0,0
2026-10-04T14:08:19Z,currencyservice,productcatalogservice,0,0,0,0,0,0,0
2026-10-04T14:08:19Z,currencyservice,recommendationservice,0,0,0,0,0,0,0
2026-10-04T14:08:19Z,currencyservice,redis-cart,0,0,0,0,0,0,0
2026-10-04T14:08:19Z,currencyservice,shippingservice,0,0,0,0,0,0,0
2026-10-04T14:08:19Z,emailservice,adservice,0,0,0,0,0,0,0
2026-10-04T14:08:19Z,emailservice,cartservice,0,0,0,0,0,0,0
2026-10-04T14:08:19Z,emailservice,checkoutservice,0,0,0,0,0,0,0
2026-10-04T14:08:19Z,emailservice,currencyservice,0,0,0,0,0,0,0
2026-10-04T14:08:19Z,emailservice,emailservice,0,0,0,0,0,0,0
2026-10-04T14:08:19Z,emailservice,frontend,0,0,0,0,0,0,0
2026-10-04T14:08:19Z,emailservice,kubernetes,0,0,0,0,0,0,0
2026-10-04T14:08:19Z,emailservice,paymentservice,0,0,0,0,0,0,0
2026-10-04T14:08:19Z,emailservice,productcatalogservice,0,0,0,0,0,0,0
2026-10-04T14:08:19Z,emailservice,recommendationservice,0,0,0,0,0,0,0
2026-10-04T14:08:19Z,emailservice,redis-cart,0,0,0,0,0,0,0
2026-10-04T14:08:19Z,emailservice,shippingservice,0,0,0,0,0,0,0
2026-10-04T14:08:19Z,frontend,adservice,836227,836224,0,0,0,2522497,836144
2026-10-04T14:08:19Z,frontend,cartservice,1853143,1853130,0,0,4,10303158,1852827
2026-10-04T14:08:19Z,frontend,checkoutservice,395085,185118,0,40061,169943,62170016,185090
2026-10-04T14:08:19Z,frontend,currencyservice,2946201,2946190,0,0,0,15610324,2945738
2026-10-04T14:08:19Z,frontend,emailservice,0,0,0,0,0,0,0
2026-10-04T14:08:19Z,frontend,frontend,0,0,0,0,0,0,0
2026-10-04T14:08:19Z,frontend,kubernetes,0,0,0,0,0,0,0
2026-10-04T14:08:19Z,frontend,paymentservice,0,0,0,0,0,0,0
2026-10-04T14:08:19Z,frontend,productcatalogservice,8284281,8284206,0,0,0,56684454,8283284
2026-10-04T14:08:19Z,frontend,recommendationservice,2674496,1637455,0,108301,926185,806518271,1637204
2026-10-04T14:08:19Z,frontend,redis-cart,0,0,0,0,0,0,0
2026-10-04T14:08:19Z,frontend,shippingservice,306588,306586,0,0,0,931745,306551
2026-10-04T14:08:19Z,paymentservice,adservice,0,0,0,0,0,0,0
2026-10-04T14:08:19Z,paymentservice,cartservice,0,0,0,0,0,0,0
2026-10-04T14:08:19Z,paymentservice,checkoutservice,0,0,0,0,0,0,0
2026-10-04T14:08:19Z,paymentservice,currencyservice,0,0,0,0,0,0,0
2026-10-04T14:08:19Z,paymentservice,emailservice,0,0,0,0,0,0,0
2026-10-04T14:08:19Z,paymentservice,frontend,0,0,0,0,0,0,0
2026-10-04T14:08:19Z,paymentservice,kubernetes,0,0,0,0,0,0,0
2026-10-04T14:08:19Z,paymentservice,paymentservice,0,0,0,0,0,0,0
2026-10-04T14:08:19Z,paymentservice,productcatalogservice,0,0,0,0,0,0,0
2026-10-04T14:08:19Z,paymentservice,recommendationservice,0,0,0,0,0,0,0
2026-10-04T14:08:19Z,paymentservice,redis-cart,0,0,0,0,0,0,0
2026-10-04T14:08:19Z,paymentservice,shippingservice,0,0,0,0,0,0,0
2026-10-04T14:08:19Z,productcatalogservice,adservice,0,0,0,0,0,0,0
2026-10-04T14:08:19Z,productcatalogservice,cartservice,0,0,0,0,0,0,0
2026-10-04T14:08:19Z,productcatalogservice,checkoutservice,0,0,0,0,0,0,0
2026-10-04T14:08:19Z,productcatalogservice,currencyservice,0,0,0,0,0,0,0
2026-10-04T14:08:19Z,productcatalogservice,emailservice,0,0,0,0,0,0,0
2026-10-04T14:08:19Z,productcatalogservice,frontend,0,0,0,0,0,0,0
2026-10-04T14:08:19Z,productcatalogservice,kubernetes,0,0,0,0,0,0,0
2026-10-04T14:08:19Z,productcatalogservice,paymentservice,0,0,0,0,0,0,0
2026-10-04T14:08:19Z,productcatalogservice,productcatalogservice,0,0,0,0,0,0,0
2026-10-04T14:08:19Z,productcatalogservice,recommendationservice,0,0,0,0,0,0,0
2026-10-04T14:08:19Z,productcatalogservice,redis-cart,0,0,0,0,0,0,0
2026-10-04T14:08:19Z,productcatalogservice,shippingservice,0,0,0,0,0,0,0
2026-10-04T14:08:19Z,recommendationservice,adservice,0,0,0,0,0,0,0
2026-10-04T14:08:19Z,recommendationservice,cartservice,0,0,0,0,0,0,0
2026-10-04T14:08:19Z,recommendationservice,checkoutservice,0,0,0,0,0,0,0
2026-10-04T14:08:19Z,recommendationservice,currencyservice,0,0,0,0,0,0,0
2026-10-04T14:08:19Z,recommendationservice,emailservice,0,0,0,0,0,0,0
2026-10-04T14:08:19Z,recommendationservice,frontend,0,0,0,0,0,0,0
2026-10-04T14:08:19Z,recommendationservice,kubernetes,0,0,0,0,0,0,0
2026-10-04T14:08:19Z,recommendationservice,paymentservice,0,0,0,0,0,0,0
2026-10-04T14:08:19Z,recommendationservice,productcatalogservice,120461,120460,0,0,0,877289,118687
2026-10-04T14:08:19Z,recommendationservice,recommendationservice,0,0,0,0,0,0,0
2026-10-04T14:08:19Z,recommendationservice,redis-cart,0,0,0,0,0,0,0
2026-10-04T14:08:19Z,recommendationservice,shippingservice,0,0,0,0,0,0,0
2026-10-04T14:08:19Z,redis-cart,adservice,0,0,0,0,0,0,0
2026-10-04T14:08:19Z,redis-cart,cartservice,0,0,0,0,0,0,0
2026-10-04T14:08:19Z,redis-cart,checkoutservice,0,0,0,0,0,0,0
2026-10-04T14:08:19Z,redis-cart,currencyservice,0,0,0,0,0,0,0
2026-10-04T14:08:19Z,redis-cart,emailservice,0,0,0,0,0,0,0
2026-10-04T14:08:19Z,redis-cart,frontend,0,0,0,0,0,0,0
2026-10-04T14:08:19Z,redis-cart,kubernetes,0,0,0,0,0,0,0
2026-10-04T14:08:19Z,redis-cart,paymentservice,0,0,0,0,0,0,0
2026-10-04T14:08:19Z,redis-cart,productcatalogservice,0,0,0,0,0,0,0
2026-10-04T14:08:19Z,redis-cart,recommendationservice,0,0,0,0,0,0,0
2026-10-04T14:08:19Z,redis-cart,redis-cart,0,0,0,0,0,0,0
2026-10-04T14:08:19Z,redis-cart,shippingservice,0,0,0,0,0,0,0
2026-10-04T14:08:19Z,shippingservice,adservice,0,0,0,0,0,0,0
2026-10-04T14:08:19Z,shippingservice,cartservice,0,0,0,0,0,0,0
2026-10-04T14:08:19Z,shippingservice,checkoutservice,0,0,0,0,0,0,0
2026-10-04T14:08:19Z,shippingservice,currencyservice,0,0,0,0,0,0,0
2026-10-04T14:08:19Z,shippingservice,emailservice,0,0,0,0,0,0,0
2026-10-04T14:08:19Z,shippingservice,frontend,0,0,0,0,0,0,0
2026-10-04T14:08:19Z,shippingservice,kubernetes,0,0,0,0,0,0,0
2026-10-04T14:08:19Z,shippingservice,paymentservice,0,0,0,0,0,0,0
2026-10-04T14:08:19Z,shippingservice,productcatalogservice,0,0,0,0,0,0,0
2026-10-04T14:08:19Z,shippingservice,recommendationservice,0,0,0,0,0,0,0
2026-10-04T14:08:19Z,shippingservice,redis-cart,0,0,0,0,0,0,0
2026-10-04T14:08:19Z,shippingservice,shippingservice,0,0,0,0,0,0,0
2026-10-04T14:08:20Z,adservice,adservice,0,0,0,0,0,0,0
2026-10-04T14:08:20Z,adservice,cartservice,0,0,0,0,0,0,0
2026-10-04T14:08:20Z,adservice,checkoutservice,0,0,0,0,0,0,0
2026-10-04T14:08:20Z,adservice,currencyservice,0,0,0,0,0,0,0
2026-10-04T14:08:20Z,adservice,emailservice,0,0,0,0,0,0,0
2026-10-04T14:08:20Z,adservice,frontend,0,0,0,0,0,0,0
2026-10-04T14:08:20Z,adservice,kubernetes,0,0,0,0,0,0,0
2026-10-04T14:08:20Z,adservice,paymentservice,0,0,0,0,0,0,0
2026-10-04T14:08:20Z,adservice,productcatalogservice,0,0,0,0,0,0,0
2026-10-04T14:08:20Z,adservice,recommendationservice,0,0,0,0,0,0,0
2026-10-04T14:08:20Z,adservice,redis-cart,0,0,0,0,0,0,0
2026-10-04T14:08:20Z,adservice,shippingservice,0,0,0,0,0,0,0
2026-10-04T14:08:20Z,cartservice,adservice,0,0,0,0,0,0,0
2026-10-04T14:08:20Z,cartservice,cartservice,0,0,0,0,0,0,0
2026-10-04T14:08:20Z,cartservice,checkoutservice,0,0,0,0,0,0,0
2026-10-04T14:08:20Z,cartservice,currencyservice,0,0,0,0,0,0,0
2026-10-04T14:08:20Z,cartservice,emailservice,0,0,0,0,0,0,0
2026-10-04T14:08:20Z,cartservice,frontend,0,0,0,0,0,0,0
2026-10-04T14:08:20Z,cartservice,kubernetes,0,0,0,0,0,0,0
2026-10-04T14:08:20Z,cartservice,paymentservice,0,0,0,0,0,0,0
2026-10-04T14:08:20Z,cartservice,productcatalogservice,0,0,0,0,0,0,0
2026-10-04T14:08:20Z,cartservice,recommendationservice,0,0,0,0,0,0,0
2026-10-04T14:08:20Z,cartservice,redis-cart,2,0,0,0,0,0,0
2026-10-04T14:08:20Z,cartservice,shippingservice,0,0,0,0,0,0,0
2026-10-04T14:08:20Z,checkoutservice,adservice,0,0,0,0,0,0,0
2026-10-04T14:08:20Z,checkoutservice,cartservice,49448,48516,0,100,0,646623,48194
2026-10-04T14:08:20Z,checkoutservice,checkoutservice,0,0,0,0,0,0,0
2026-10-04T14:08:20Z,checkoutservice,currencyservice,36124,36124,0,0,0,542806,35962
2026-10-04T14:08:20Z,checkoutservice,emailservice,7357,7071,0,66,0,281300,6910
2026-10-04T14:08:20Z,checkoutservice,frontend,0,0,0,0,0,0,0
2026-10-04T14:08:20Z,checkoutservice,kubernetes,0,0,0,0,0,0,0
2026-10-04T14:08:20Z,checkoutservice,paymentservice,29388,27540,0,192,0,414170,27229
2026-10-04T14:08:20Z,checkoutservice,productcatalogservice,0,0,0,0,0,0,0
2026-10-04T14:08:20Z,checkoutservice,recommendationservice,0,0,0,0,0,0,0
2026-10-04T14:08:20Z,checkoutservice,redis-cart,0,0,0,0,0,0,0
2026-10-04T14:08:20Z,checkoutservice,shippingservice,54761,52658,0,154,0,487259,52333
2026-10-04T14:08:20Z,currencyservice,adservice,0,0,0,0,0,0,0
2026-10-04T14:08:20Z,currencyservice,cartservice,0,0,0,0,0,0,0
2026-10-04T14:08:20Z,currencyservice,checkoutservice,0,0,0,0,0,0,0
2026-10-04T14:08:20Z,currencyservice,currencyservice,0,0,0,0,0,0,0
2026-10-04T14:08:20Z,currencyservice,emailservice,0,0,0,0,0,0,0
2026-10-04T14:08:20Z,currencyservice,frontend,0,0,0,0,0,0,0
2026-10-04T14:08:20Z,currencyservice,kubernetes,0,0,0,0,0,0,0
2026-10-04T14:08:20Z,currencyservice,paymentservice,0,0,0,0,0,0,0
2026-10-04T14:08:20Z,currencyservice,productcatalogservice,0,0,0,0,0,0,0
2026-10-04T14:08:20Z,currencyservice,recommendationservice,0,0,0,0,0,0,0
2026-10-04T14:08:20Z,currencyservice,redis-cart,0,0,0,0,0,0,0
2026-10-04T14:08:20Z,currencyservice,shippingservice,0,0,0,0,0,0,0
2026-10-04T14:08:20Z,emailservice,adservice,0,0,0,0,0,0,0
2026-10-04T14:08:20Z,emailservice,cartservice,0,0,0,0,0,0,0
2026-10-04T14:08:20Z,emailservice,checkoutservice,0,0,0,0,0,0,0
2026-10-04T14:08:20Z,emailservice,currencyservice,0,0,0,0,0,0,0
2026-10-04T14:08:20Z,emailservice,emailservice,0,0,0,0,0,0,0
2026-10-04T14:08:20Z,emailservice,frontend,0,0,0,0,0,0,0
2026-10-04T14:08:20Z,emailservice,kubernetes,0,0,0,0,0,0,0
2026-10-04T14:08:20Z,emailservice,paymentservice,0,0,0,0,0,0,0
2026-10-04T14:08:20Z,emailservice,productcatalogservice,0,0,0,0,0,0,0
2026-10-04T14:08:20Z,emailservice,recommendationservice,0,0,0,0,0,0,0
2026-10-04T14:08:20Z,emailservice,redis-cart,0,0,0,0,0,0,0
2026-10-04T14:08:20Z,emailservice,shippingservice,0,0,0,0,0,0,0
2026-10-04T14:08:20Z,frontend,adservice,836342,836340,0,0,0,2522497,836144
2026-10-04T14:08:20Z,frontend,cartservice,1853539,1853521,0,0,4,10303158,1852827
2026-10-04T14:08:20Z,frontend,checkoutservice,395117,185149,0,40061,169943,62170016,185090
2026-10-04T14:08:20Z,frontend,currencyservice,2946797,2946788,0,0,0,15610324,2945738
2026-10-04T14:08:20Z,frontend,emailservice,0,0,0,0,0,0,0
2026-10-04T14:08:20Z,frontend,frontend,0,0,0,0,0,0,0
2026-10-04T14:08:20Z,frontend,kubernetes,0,0,0,0,0,0,0
2026-10-04T14:08:20Z,frontend,paymentservice,0,0,0,0,0,0,0
2026-10-04T14:08:20Z,frontend,productcatalogservice,8285566,8285501,0,0,0,56684454,8283284
2026-10-04T14:08:20Z,frontend,recommendationservice,2675310,1637797,0,108353,926607,806518271,1637204
2026-10-04T14:08:20Z,frontend,redis-cart,0,0,0,0,0,0,0
2026-10-04T14:08:20Z,frontend,shippingservice,306641,306638,0,0,0,931745,306551
2026-10-04T14:08:20Z,paymentservice,adservice,0,0,0,0,0,0,0
2026-10-04T14:08:20Z,paymentservice,cartservice,0,0,0,0,0,0,0
2026-10-04T14:08:20Z,paymentservice,checkoutservice,0,0,0,0,0,0,0
2026-10-04T14:08:20Z,paymentservice,currencyservice,0,0,0,0,0,0,0
2026-10-04T14:08:20Z,paymentservice,emailservice,0,0,0,0,0,0,0
2026-10-04T14:08:20Z,paymentservice,frontend,0,0,0,0,0,0,0
2026-10-04T14:08:20Z,paymentservice,kubernetes,0,0,0,0,0,0,0
2026-10-04T14:08:20Z,paymentservice,paymentservice,0,0,0,0,0,0,0
2026-10-04T14:08:20Z,paymentservice,productcatalogservice,0,0,0,0,0,0,0
2026-10-04T14:08:20Z,paymentservice,recommendationservice,0,0,0,0,0,0,0
2026-10-04T14:08:20Z,paymentservice,redis-cart,0,0,0,0,0,0,0
2026-10-04T14:08:20Z,paymentservice,shippingservice,0,0,0,0,0,0,0
2026-10-04T14:08:20Z,productcatalogservice,adservice,0,0,0,0,0,0,0
2026-10-04T14:08:20Z,productcatalogservice,cartservice,0,0,0,0,0,0,0
2026-10-04T14:08:20Z,productcatalogservice,checkoutservice,0,0,0,0,0,0,0
2026-10-04T14:08:20Z,productcatalogservice,currencyservice,0,0,0,0,0,0,0
2026-10-04T14:08:20Z,productcatalogservice,emailservice,0,0,0,0,0,0,0
2026-10-04T14:08:20Z,productcatalogservice,frontend,0,0,0,0,0,0,0
2026-10-04T14:08:20Z,productcatalogservice,kubernetes,0,0,0,0,0,0,0
2026-10-04T14:08:20Z,productcatalogservice,paymentservice,0,0,0,0,0,0,0
2026-10-04T14:08:20Z,productcatalogservice,productcatalogservice,0,0,0,0,0,0,0
2026-10-04T14:08:20Z,productcatalogservice,recommendationservice,0,0,0,0,0,0,0
2026-10-04T14:08:20Z,productcatalogservice,redis-cart,0,0,0,0,0,0,0
2026-10-04T14:08:20Z,productcatalogservice,shippingservice,0,0,0,0,0,0,0
2026-10-04T14:08:20Z,recommendationservice,adservice,0,0,0,0,0,0,0
2026-10-04T14:08:20Z,recommendationservice,cartservice,0,0,0,0,0,0,0
2026-10-04T14:08:20Z,recommendationservice,checkoutservice,0,0,0,0,0,0,0
2026-10-04T14:08:20Z,recommendationservice,currencyservice,0,0,0,0,0,0,0
2026-10-04T14:08:20Z,recommendationservice,emailservice,0,0,0,0,0,0,0
2026-10-04T14:08:20Z,recommendationservice,frontend,0,0,0,0,0,0,0
2026-10-04T14:08:20Z,recommendationservice,kubernetes,0,0,0,0,0,0,0
2026-10-04T14:08:20Z,recommendationservice,paymentservice,0,0,0,0,0,0,0
2026-10-04T14:08:20Z,recommendationservice,productcatalogservice,120912,120903,0,0,0,888979,120814
2026-10-04T14:08:20Z,recommendationservice,recommendationservice,0,0,0,0,0,0,0
2026-10-04T14:08:20Z,recommendationservice,redis-cart,0,0,0,0,0,0,0
2026-10-04T14:08:20Z,recommendationservice,shippingservice,0,0,0,0,0,0,0
2026-10-04T14:08:20Z,redis-cart,adservice,0,0,0,0,0,0,0
2026-10-04T14:08:20Z,redis-cart,cartservice,0,0,0,0,0,0,0
2026-10-04T14:08:20Z,redis-cart,checkoutservice,0,0,0,0,0,0,0
2026-10-04T14:08:20Z,redis-cart,currencyservice,0,0,0,0,0,0,0
2026-10-04T14:08:20Z,redis-cart,emailservice,0,0,0,0,0,0,0
2026-10-04T14:08:20Z,redis-cart,frontend,0,0,0,0,0,0,0
2026-10-04T14:08:20Z,redis-cart,kubernetes,0,0,0,0,0,0,0
2026-10-04T14:08:20Z,redis-cart,paymentservice,0,0,0,0,0,0,0
2026-10-04T14:08:20Z,redis-cart,productcatalogservice,0,0,0,0,0,0,0
2026-10-04T14:08:20Z,redis-cart,recommendationservice,0,0,0,0,0,0,0
2026-10-04T14:08:20Z,redis-cart,redis-cart,0,0,0,0,0,0,0
2026-10-04T14:08:20Z,redis-cart,shippingservice,0,0,0,0,0,0,0
2026-10-04T14:08:20Z,shippingservice,adservice,0,0,0,0,0,0,0
2026-10-04T14:08:20Z,shippingservice,cartservice,0,0,0,0,0,0,0
2026-10-04T14:08:20Z,shippingservice,checkoutservice,0,0,0,0,0,0,0
2026-10-04T14:08:20Z,shippingservice,currencyservice,0,0,0,0,0,0,0
2026-10-04T14:08:20Z,shippingservice,emailservice,0,0,0,0,0,0,0
2026-10-04T14:08:20Z,shippingservice,frontend,0,0,0,0,0,0,0
2026-10-04T14:08:20Z,shippingservice,kubernetes,0,0,0,0,0,0,0
2026-10-04T14:08:20Z,shippingservice,paymentservice,0,0,0,0,0,0,0
2026-10-04T14:08:20Z,shippingservice,productcatalogservice,0,0,0,0,0,0,0
2026-10-04T14:08:20Z,shippingservice,recommendationservice,0,0,0,0,0,0,0
2026-10-04T14:08:20Z,shippingservice,redis-cart,0,0,0,0,0,0,0
2026-10-04T14:08:20Z,shippingservice,shippingservice,0,0,0,0,0,0,0
2026-10-04T14:08:21Z,adservice,adservice,0,0,0,0,0,0,0
2026-10-04T14:08:21Z,adservice,cartservice,0,0,0,0,0,0,0
2026-10-04T14:08:21Z,adservice,checkoutservice,0,0,0,0,0,0,0
2026-10-04T14:08:21Z,adservice,currencyservice,0,0,0,0,0,0,0
2026-10-04T14:08:21Z,adservice,emailservice,0,0,0,0,0,0,0
2026-10-04T14:08:21Z,adservice,frontend,0,0,0,0,0,0,0
2026-10-04T14:08:21Z,adservice,kubernetes,0,0,0,0,0,0,0
2026-10-04T14:08:21Z,adservice,paymentservice,0,0,0,0,0,0,0
2026-10-04T14:08:21Z,adservice,productcatalogservice,0,0,0,0,0,0,0
2026-10-04T14:08:21Z,adservice,recommendationservice,0,0,0,0,0,0,0
2026-10-04T14:08:21Z,adservice,redis-cart,0,0,0,0,0,0,0
2026-10-04T14:08:21Z,adservice,shippingservice,0,0,0,0,0,0,0
2026-10-04T14:08:21Z,cartservice,adservice,0,0,0,0,0,0,0
2026-10-04T14:08:21Z,cartservice,cartservice,0,0,0,0,0,0,0
2026-10-04T14:08:21Z,cartservice,checkoutservice,0,0,0,0,0,0,0
2026-10-04T14:08:21Z,cartservice,currencyservice,0,0,0,0,0,0,0
2026-10-04T14:08:21Z,cartservice,emailservice,0,0,0,0,0,0,0
2026-10-04T14:08:21Z,cartservice,frontend,0,0,0,0,0,0,0
2026-10-04T14:08:21Z,cartservice,kubernetes,0,0,0,0,0,0,0
2026-10-04T14:08:21Z,cartservice,paymentservice,0,0,0,0,0,0,0
2026-10-04T14:08:21Z,cartservice,productcatalogservice,0,0,0,0,0,0,0
2026-10-04T14:08:21Z,cartservice,recommendationservice,0,0,0,0,0,0,0
2026-10-04T14:08:21Z,cartservice,redis-cart,2,0,0,0,0,0,0
2026-10-04T14:08:21Z,cartservice,shippingservice,0,0,0,0,0,0,0
2026-10-04T14:08:21Z,checkoutservice,adservice,0,0,0,0,0,0,0
2026-10-04T14:08:21Z,checkoutservice,cartservice,49555,48624,0,100,0,646623,48194
2026-10-04T14:08:21Z,checkoutservice,checkoutservice,0,0,0,0,0,0,0
2026-10-04T14:08:21Z,checkoutservice,currencyservice,36175,36175,0,0,0,542806,35962
2026-10-04T14:08:21Z,checkoutservice,emailservice,7413,7127,0,66,0,281300,6910
2026-10-04T14:08:21Z,checkoutservice,frontend,0,0,0,0,0,0,0
2026-10-04T14:08:21Z,checkoutservice,kubernetes,0,0,0,0,0,0,0
2026-10-04T14:08:21Z,checkoutservice,paymentservice,29441,27593,0,192,0,414170,27229
2026-10-04T14:08:21Z,checkoutservice,productcatalogservice,0,0,0,0,0,0,0
2026-10-04T14:08:21Z,checkoutservice,recommendationservice,0,0,0,0,0,0,0
2026-10-04T14:08:21Z,checkoutservice,redis-cart,0,0,0,0,0,0,0
2026-10-04T14:08:21Z,checkoutservice,shippingservice,54866,52763,0,154,0,487259,52333
2026-10-04T14:08:21Z,currencyservice,adservice,0,0,0,0,0,0,0
2026-10-04T14:08:21Z,currencyservice,cartservice,0,0,0,0,0,0,0
2026-10-04T14:08:21Z,currencyservice,checkoutservice,0,0,0,0,0,0,0
2026-10-04T14:08:21Z,currencyservice,currencyservice,0,0,0,0,0,0,0
2026-10-04T14:08:21Z,currencyservice,emailservice,0,0,0,0,0,0,0
2026-10-04T14:08:21Z,currencyservice,frontend,0,0,0,0,0,0,0
2026-10-04T14:08:21Z,currencyservice,kubernetes,0,0,0,0,0,0,0
2026-10-04T14:08:21Z,currencyservice,paymentservice,0,0,0,0,0,0,0
2026-10-04T14:08:21Z,currencyservice,productcatalogservice,0,0,0,0,0,0,0
2026-10-04T14:08:21Z,currencyservice,recommendationservice,0,0,0,0,0,0,0
2026-10-04T14:08:21Z,currencyservice,redis-cart,0,0,0,0,0,0,0
2026-10-04T14:08:21Z,currencyservice,shippingservice,0,0,0,0,0,0,0
2026-10-04T14:08:21Z,emailservice,adservice,0,0,0,0,0,0,0
2026-10-04T14:08:21Z,emailservice,cartservice,0,0,0,0,0,0,0
2026-10-04T14:08:21Z,emailservice,checkoutservice,0,0,0,0,0,0,0
2026-10-04T14:08:21Z,emailservice,currencyservice,0,0,0,0,0,0,0
2026-10-04T14:08:21Z,emailservice,emailservice,0,0,0,0,0,0,0
2026-10-04T14:08:21Z,emailservice,frontend,0,0,0,0,0,0,0
2026-10-04T14:08:21Z,emailservice,kubernetes,0,0,0,0,0,0,0
2026-10-04T14:08:21Z,emailservice,paymentservice,0,0,0,0,0,0,0
2026-10-04T14:08:21Z,emailservice,productcatalogservice,0,0,0,0,0,0,0
2026-10-04T14:08:21Z,emailservice,recommendationservice,0,0,0,0,0,0,0
2026-10-04T14:08:21Z,emailservice,redis-cart,0,0,0,0,0,0,0
2026-10-04T14:08:21Z,emailservice,shippingservice,0,0,0,0,0,0,0
2026-10-04T14:08:21Z,frontend,adservice,836456,836454,0,0,0,2522497,836144
2026-10-04T14:08:21Z,frontend,cartservice,1853909,1853896,0,0,4,10303158,1852827
2026-10-04T14:08:21Z,frontend,checkoutservice,395163,185199,0,40061,169943,62170016,185090
2026-10-04T14:08:21Z,frontend,currencyservice,2947384,2947374,0,0,0,15610324,2945738
2026-10-04T14:08:21Z,frontend,emailservice,0,0,0,0,0,0,0
2026-10-04T14:08:21Z,frontend,frontend,0,0,0,0,0,0,0
2026-10-04T14:08:21Z,frontend,kubernetes,0,0,0,0,0,0,0
2026-10-04T14:08:21Z,frontend,paymentservice,0,0,0,0,0,0,0
2026-10-04T14:08:21Z,frontend,productcatalogservice,8286955,8286878,0,0,0,56684454,8283284
2026-10-04T14:08:21Z,frontend,recommendationservice,2676050,1638128,0,108406,926970,806518271,1637204
2026-10-04T14:08:21Z,frontend,redis-cart,0,0,0,0,0,0,0
2026-10-04T14:08:21Z,frontend,shippingservice,306697,306694,0,0,0,931745,306551
2026-10-04T14:08:21Z,paymentservice,adservice,0,0,0,0,0,0,0
2026-10-04T14:08:21Z,paymentservice,cartservice,0,0,0,0,0,0,0
2026-10-04T14:08:21Z,paymentservice,checkoutservice,0,0,0,0,0,0,0
2026-10-04T14:08:21Z,paymentservice,currencyservice,0,0,0,0,0,0,0
2026-10-04T14:08:21Z,paymentservice,emailservice,0,0,0,0,0,0,0
2026-10-04T14:08:21Z,paymentservice,frontend,0,0,0,0,0,0,0
2026-10-04T14:08:21Z,paymentservice,kubernetes,0,0,0,0,0,0,0
2026-10-04T14:08:21Z,paymentservice,paymentservice,0,0,0,0,0,0,0
2026-10-04T14:08:21Z,paymentservice,productcatalogservice,0,0,0,0,0,0,0
2026-10-04T14:08:21Z,paymentservice,recommendationservice,0,0,0,0,0,0,0
2026-10-04T14:08:21Z,paymentservice,redis-cart,0,0,0,0,0,0,0
2026-10-04T14:08:21Z,paymentservice,shippingservice,0,0,0,0,0,0,0
2026-10-04T14:08:21Z,productcatalogservice,adservice,0,0,0,0,0,0,0
2026-10-04T14:08:21Z,productcatalogservice,cartservice,0,0,0,0,0,0,0
2026-10-04T14:08:21Z,productcatalogservice,checkoutservice,0,0,0,0,0,0,0
2026-10-04T14:08:21Z,productcatalogservice,currencyservice,0,0,0,0,0,0,0
2026-10-04T14:08:21Z,productcatalogservice,emailservice,0,0,0,0,0,0,0
2026-10-04T14:08:21Z,productcatalogservice,frontend,0,0,0,0,0,0,0
2026-10-04T14:08:21Z,productcatalogservice,kubernetes,0,0,0,0,0,0,0
2026-10-04T14:08:21Z,productcatalogservice,paymentservice,0,0,0,0,0,0,0
2026-10-04T14:08:21Z,productcatalogservice,productcatalogservice,0,0,0,0,0,0,0
2026-10-04T14:08:21Z,productcatalogservice,recommendationservice,0,0,0,0,0,0,0
2026-10-04T14:08:21Z,productcatalogservice,redis-cart,0,0,0,0,0,0,0
2026-10-04T14:08:21Z,productcatalogservice,shippingservice,0,0,0,0,0,0,0
2026-10-04T14:08:21Z,recommendationservice,adservice,0,0,0,0,0,0,0
2026-10-04T14:08:21Z,recommendationservice,cartservice,0,0,0,0,0,0,0
2026-10-04T14:08:21Z,recommendationservice,checkoutservice,0,0,0,0,0,0,0
2026-10-04T14:08:21Z,recommendationservice,currencyservice,0,0,0,0,0,0,0
2026-10-04T14:08:21Z,recommendationservice,emailservice,0,0,0,0,0,0,0
2026-10-04T14:08:21Z,recommendationservice,frontend,0,0,0,0,0,0,0
2026-10-04T14:08:21Z,recommendationservice,kubernetes,0,0,0,0,0,0,0
2026-10-04T14:08:21Z,recommendationservice,paymentservice,0,0,0,0,0,0,0
2026-10-04T14:08:21Z,recommendationservice,productcatalogservice,121350,121345,0,0,0,888979,120814
2026-10-04T14:08:21Z,recommendationservice,recommendationservice,0,0,0,0,0,0,0
2026-10-04T14:08:21Z,recommendationservice,redis-cart,0,0,0,0,0,0,0
2026-10-04T14:08:21Z,recommendationservice,shippingservice,0,0,0,0,0,0,0
2026-10-04T14:08:21Z,redis-cart,adservice,0,0,0,0,0,0,0
2026-10-04T14:08:21Z,redis-cart,cartservice,0,0,0,0,0,0,0
2026-10-04T14:08:21Z,redis-cart,checkoutservice,0,0,0,0,0,0,0
2026-10-04T14:08:21Z,redis-cart,currencyservice,0,0,0,0,0,0,0
2026-10-04T14:08:21Z,redis-cart,emailservice,0,0,0,0,0,0,0
2026-10-04T14:08:21Z,redis-cart,frontend,0,0,0,0,0,0,0
2026-10-04T14:08:21Z,redis-cart,kubernetes,0,0,0,0,0,0,0
2026-10-04T14:08:21Z,redis-cart,paymentservice,0,0,0,0,0,0,0
2026-10-04T14:08:21Z,redis-cart,productcatalogservice,0,0,0,0,0,0,0
2026-10-04T14:08:21Z,redis-cart,recommendationservice,0,0,0,0,0,0,0
2026-10-04T14:08:21Z,redis-cart,redis-cart,0,0,0,0,0,0,0
2026-10-04T14:08:21Z,redis-cart,shippingservice,0,0,0,0,0,0,0
2026-10-04T14:08:21Z,shippingservice,adservice,0,0,0,0,0,0,0
2026-10-04T14:08:21Z,shippingservice,cartservice,0,0,0,0,0,0,0
2026-10-04T14:08:21Z,shippingservice,checkoutservice,0,0,0,0,0,0,0
2026-10-04T14:08:21Z,shippingservice,currencyservice,0,0,0,0,0,0,0
2026-10-04T14:08:21Z,shippingservice,emailservice,0,0,0,0,0,0,0
2026-10-04T14:08:21Z,shippingservice,frontend,0,0,0,0,0,0,0
2026-10-04T14:08:21Z,shippingservice,kubernetes,0,0,0,0,0,0,0
2026-10-04T14:08:21Z,shippingservice,paymentservice,0,0,0,0,0,0,0
2026-10-04T14:08:21Z,shippingservice,productcatalogservice,0,0,0,0,0,0,0
2026-10-04T14:08:21Z,shippingservice,recommendationservice,0,0,0,0,0,0,0
2026-10-04T14:08:21Z,shippingservice,redis-cart,0,0,0,0,0,0,0
2026-10-04T14:08:21Z,shippingservice,shippingservice,0,0,0,0,0,0,0
2026-10-04T14:08:22Z,adservice,adservice,0,0,0,0,0,0,0
2026-10-04T14:08:22Z,adservice,cartservice,0,0,0,0,0,0,0
2026-10-04T14:08:22Z,adservice,checkoutservice,0,0,0,0,0,0,0
2026-10-04T14:08:22Z,adservice,currencyservice,0,0,0,0,0,0,0
2026-10-04T14:08:22Z,adservice,emailservice,0,0,0,0,0,0,0
2026-10-04T14:08:22Z,adservice,frontend,0,0,0,0,0,0,0
2026-10-04T14:08:22Z,adservice,kubernetes,0,0,0,0,0,0,0
2026-10-04T14:08:22Z,adservice,paymentservice,0,0,0,0,0,0,0
2026-10-04T14:08:22Z,adservice,productcatalogservice,0,0,0,0,0,0,0
2026-10-04T14:08:22Z,adservice,recommendationservice,0,0,0,0,0,0,0
2026-10-04T14:08:22Z,adservice,redis-cart,0,0,0,0,0,0,0
2026-10-04T14:08:22Z,adservice,shippingservice,0,0,0,0,0,0,0
2026-10-04T14:08:22Z,cartservice,adservice,0,0,0,0,0,0,0
2026-10-04T14:08:22Z,cartservice,cartservice,0,0,0,0,0,0,0
2026-10-04T14:08:22Z,cartservice,checkoutservice,0,0,0,0,0,0,0
2026-10-04T14:08:22Z,cartservice,currencyservice,0,0,0,0,0,0,0
2026-10-04T14:08:22Z,cartservice,emailservice,0,0,0,0,0,0,0
2026-10-04T14:08:22Z,cartservice,frontend,0,0,0,0,0,0,0
2026-10-04T14:08:22Z,cartservice,kubernetes,0,0,0,0,0,0,0
2026-10-04T14:08:22Z,cartservice,paymentservice,0,0,0,0,0,0,0
2026-10-04T14:08:22Z,cartservice,productcatalogservice,0,0,0,0,0,0,0
2026-10-04T14:08:22Z,cartservice,recommendationservice,0,0,0,0,0,0,0
2026-10-04T14:08:22Z,cartservice,redis-cart,2,0,0,0,0,0,0
2026-10-04T14:08:22Z,cartservice,shippingservice,0,0,0,0,0,0,0
2026-10-04T14:08:22Z,checkoutservice,adservice,0,0,0,0,0,0,0
2026-10-04T14:08:22Z,checkoutservice,cartservice,49668,48737,0,100,0,648838,48697
2026-10-04T14:08:22Z,checkoutservice,checkoutservice,0,0,0,0,0,0,0
2026-10-04T14:08:22Z,checkoutservice,currencyservice,36232,36232,0,0,0,543781,36215
2026-10-04T14:08:22Z,checkoutservice,emailservice,7470,7184,0,66,0,288239,7161
2026-10-04T14:08:22Z,checkoutservice,frontend,0,0,0,0,0,0,0
2026-10-04T14:08:22Z,checkoutservice,kubernetes,0,0,0,0,0,0,0
2026-10-04T14:08:22Z,checkoutservice,paymentservice,29498,27650,0,192,0,415375,27479
2026-10-04T14:08:22Z,checkoutservice,productcatalogservice,0,0,0,0,0,0,0
2026-10-04T14:08:22Z,checkoutservice,recommendationservice,0,0,0,0,0,0,0
2026-10-04T14:08:22Z,checkoutservice,redis-cart,0,0,0,0,0,0,0
2026-10-04T14:08:22Z,checkoutservice,shippingservice,54980,52877,0,154,0,488326,52836
2026-10-04T14:08:22Z,currencyservice,adservice,0,0,0,0,0,0,0
2026-10-04T14:08:22Z,currencyservice,cartservice,0,0,0,0,0,0,0
2026-10-04T14:08:22Z,currencyservice,checkoutservice,0,0,0,0,0,0,0
2026-10-04T14:08:22Z,currencyservice,currencyservice,0,0,0,0,0,0,0
2026-10-04T14:08:22Z,currencyservice,emailservice,0,0,0,0,0,0,0
2026-10-04T14:08:22Z,currencyservice,frontend,0,0,0,0,0,0,0
2026-10-04T14:08:22Z,currencyservice,kubernetes,0,0,0,0,0,0,0
2026-10-04T14:08:22Z,currencyservice,paymentservice,0,0,0,0,0,0,0
2026-10-04T14:08:22Z,currencyservice,productcatalogservice,0,0,0,0,0,0,0
2026-10-04T14:08:22Z,currencyservice,recommendationservice,0,0,0,0,0,0,0
2026-10-04T14:08:22Z,currencyservice,redis-cart,0,0,0,0,0,0,0
2026-10-04T14:08:22Z,currencyservice,shippingservice,0,0,0,0,0,0,0
2026-10-04T14:08:22Z,emailservice,adservice,0,0,0,0,0,0,0
2026-10-04T14:08:22Z,emailservice,cartservice,0,0,0,0,0,0,0
2026-10-04T14:08:22Z,emailservice,checkoutservice,0,0,0,0,0,0,0
2026-10-04T14:08:22Z,emailservice,currencyservice,0,0,0,0,0,0,0
2026-10-04T14:08:22Z,emailservice,emailservice,0,0,0,0,0,0,0
2026-10-04T14:08:22Z,emailservice,frontend,0,0,0,0,0,0,0
2026-10-04T14:08:22Z,emailservice,kubernetes,0,0,0,0,0,0,0
2026-10-04T14:08:22Z,emailservice,paymentservice,0,0,0,0,0,0,0
2026-10-04T14:08:22Z,emailservice,productcatalogservice,0,0,0,0,0,0,0
2026-10-04T14:08:22Z,emailservice,recommendationservice,0,0,0,0,0,0,0
2026-10-04T14:08:22Z,emailservice,redis-cart,0,0,0,0,0,0,0
2026-10-04T14:08:22Z,emailservice,shippingservice,0,0,0,0,0,0,0
2026-10-04T14:08:22Z,frontend,adservice,836590,836587,0,0,0,2522497,836144
2026-10-04T14:08:22Z,frontend,cartservice,1854295,1854281,0,0,4,10303158,1852827
2026-10-04T14:08:22Z,frontend,checkoutservice,395224,185257,0,40061,169943,62170016,185090
2026-10-04T14:08:22Z,frontend,currencyservice,2947998,2947989,0,0,0,15610324,2945738
2026-10-04T14:08:22Z,frontend,emailservice,0,0,0,0,0,0,0
2026-10-04T14:08:22Z,frontend,frontend,0,0,0,0,0,0,0
2026-10-04T14:08:22Z,frontend,kubernetes,0,0,0,0,0,0,0
2026-10-04T14:08:22Z,frontend,paymentservice,0,0,0,0,0,0,0
2026-10-04T14:08:22Z,frontend,productcatalogservice,8288469,8288402,0,0,0,56684454,8283284
2026-10-04T14:08:22Z,frontend,recommendationservice,2676746,1638456,0,108443,927295,806518271,1637204
2026-10-04T14:08:22Z,frontend,redis-cart,0,0,0,0,0,0,0
2026-10-04T14:08:22Z,frontend,shippingservice,306750,306748,0,0,0,931745,306551
2026-10-04T14:08:22Z,paymentservice,adservice,0,0,0,0,0,0,0
2026-10-04T14:08:22Z,paymentservice,cartservice,0,0,0,0,0,0,0
2026-10-04T14:08:22Z,paymentservice,checkoutservice,0,0,0,0,0,0,0
2026-10-04T14:08:22Z,paymentservice,currencyservice,0,0,0,0,0,0,0
2026-10-04T14:08:22Z,paymentservice,emailservice,0,0,0,0,0,0,0
2026-10-04T14:08:22Z,paymentservice,frontend,0,0,0,0,0,0,0
2026-10-04T14:08:22Z,paymentservice,kubernetes,0,0,0,0,0,0,0
2026-10-04T14:08:22Z,paymentservice,paymentservice,0,0,0,0,0,0,0
2026-10-04T14:08:22Z,paymentservice,productcatalogservice,0,0,0,0,0,0,0
2026-10-04T14:08:22Z,paymentservice,recommendationservice,0,0,0,0,0,0,0
2026-10-04T14:08:22Z,paymentservice,redis-cart,0,0,0,0,0,0,0
2026-10-04T14:08:22Z,paymentservice,shippingservice,0,0,0,0,0,0,0
2026-10-04T14:08:22Z,productcatalogservice,adservice,0,0,0,0,0,0,0
2026-10-04T14:08:22Z,productcatalogservice,cartservice,0,0,0,0,0,0,0
2026-10-04T14:08:22Z,productcatalogservice,checkoutservice,0,0,0,0,0,0,0
2026-10-04T14:08:22Z,productcatalogservice,currencyservice,0,0,0,0,0,0,0
2026-10-04T14:08:22Z,productcatalogservice,emailservice,0,0,0,0,0,0,0
2026-10-04T14:08:22Z,productcatalogservice,frontend,0,0,0,0,0,0,0
2026-10-04T14:08:22Z,productcatalogservice,kubernetes,0,0,0,0,0,0,0
2026-10-04T14:08:22Z,productcatalogservice,paymentservice,0,0,0,0,0,0,0
2026-10-04T14:08:22Z,productcatalogservice,productcatalogservice,0,0,0,0,0,0,0
2026-10-04T14:08:22Z,productcatalogservice,recommendationservice,0,0,0,0,0,0,0
2026-10-04T14:08:22Z,productcatalogservice,redis-cart,0,0,0,0,0,0,0
2026-10-04T14:08:22Z,productcatalogservice,shippingservice,0,0,0,0,0,0,0
2026-10-04T14:08:22Z,recommendationservice,adservice,0,0,0,0,0,0,0
2026-10-04T14:08:22Z,recommendationservice,cartservice,0,0,0,0,0,0,0
2026-10-04T14:08:22Z,recommendationservice,checkoutservice,0,0,0,0,0,0,0
2026-10-04T14:08:22Z,recommendationservice,currencyservice,0,0,0,0,0,0,0
2026-10-04T14:08:22Z,recommendationservice,emailservice,0,0,0,0,0,0,0
2026-10-04T14:08:22Z,recommendationservice,frontend,0,0,0,0,0,0,0
2026-10-04T14:08:22Z,recommendationservice,kubernetes,0,0,0,0,0,0,0
2026-10-04T14:08:22Z,recommendationservice,paymentservice,0,0,0,0,0,0,0
2026-10-04T14:08:22Z,recommendationservice,productcatalogservice,121719,121717,0,0,0,888979,120814
2026-10-04T14:08:22Z,recommendationservice,recommendationservice,0,0,0,0,0,0,0
2026-10-04T14:08:22Z,recommendationservice,redis-cart,0,0,0,0,0,0,0
2026-10-04T14:08:22Z,recommendationservice,shippingservice,0,0,0,0,0,0,0
2026-10-04T14:08:22Z,redis-cart,adservice,0,0,0,0,0,0,0
2026-10-04T14:08:22Z,redis-cart,cartservice,0,0,0,0,0,0,0
2026-10-04T14:08:22Z,redis-cart,checkoutservice,0,0,0,0,0,0,0
2026-10-04T14:08:22Z,redis-cart,currencyservice,0,0,0,0,0,0,0
2026-10-04T14:08:22Z,redis-cart,emailservice,0,0,0,0,0,0,0
2026-10-04T14:08:22Z,redis-cart,frontend,0,0,0,0,0,0,0
2026-10-04T14:08:22Z,redis-cart,kubernetes,0,0,0,0,0,0,0
2026-10-04T14:08:22Z,redis-cart,paymentservice,0,0,0,0,0,0,0
2026-10-04T14:08:22Z,redis-cart,productcatalogservice,0,0,0,0,0,0,0
2026-10-04T14:08:22Z,redis-cart,recommendationservice,0,0,0,0,0,0,0
2026-10-04T14:08:22Z,redis-cart,redis-cart,0,0,0,0,0,0,0
2026-10-04T14:08:22Z,redis-cart,shippingservice,0,0,0,0,0,0,0
2026-10-04T14:08:22Z,shippingservice,adservice,0,0,0,0,0,0,0
2026-10-04T14:08:22Z,shippingservice,cartservice,0,0,0,0,0,0,0
2026-10-04T14:08:22Z,shippingservice,checkoutservice,0,0,0,0,0,0,0
2026-10-04T14:08:22Z,shippingservice,currencyservice,0,0,0,0,0,0,0
2026-10-04T14:08:22Z,shippingservice,emailservice,0,0,0,0,0,0,0
2026-10-04T14:08:22Z,shippingservice,frontend,0,0,0,0,0,0,0
2026-10-04T14:08:22Z,shippingservice,kubernetes,0,0,0,0,0,0,0
2026-10-04T14:08:22Z,shippingservice,paymentservice,0,0,0,0,0,0,0
2026-10-04T14:08:22Z,shippingservice,productcatalogservice,0,0,0,0,0,0,0
2026-10-04T14:08:22Z,shippingservice,recommendationservice,0,0,0,0,0,0,0
2026-10-04T14:08:22Z,shippingservice,redis-cart,0,0,0,0,0,0,0
2026-10-04T14:08:22Z,shippingservice,shippingservice,0,0,0,0,0,0,0
2026-10-04T14:08:23Z,adservice,adservice,0,0,0,0,0,0,0
2026-10-04T14:08:23Z,adservice,cartservice,0,0,0,0,0,0,0
2026-10-04T14:08:23Z,adservice,checkoutservice,0,0,0,0,0,0,0
2026-10-04T14:08:23Z,adservice,currencyservice,0,0,0,0,0,0,0
2026-10-04T14:08:23Z,adservice,emailservice,0,0,0,0,0,0,0
2026-10-04T14:08:23Z,adservice,frontend,0,0,0,0,0,0,0
2026-10-04T14:08:23Z,adservice,kubernetes,0,0,0,0,0,0,0
2026-10-04T14:08:23Z,adservice,paymentservice,0,0,0,0,0,0,0
2026-10-04T14:08:23Z,adservice,productcatalogservice,0,0,0,0,0,0,0
2026-10-04T14:08:23Z,adservice,recommendationservice,0,0,0,0,0,0,0
2026-10-04T14:08:23Z,adservice,redis-cart,0,0,0,0,0,0,0
2026-10-04T14:08:23Z,adservice,shippingservice,0,0,0,0,0,0,0
2026-10-04T14:08:23Z,cartservice,adservice,0,0,0,0,0,0,0
2026-10-04T14:08:23Z,cartservice,cartservice,0,0,0,0,0,0,0
2026-10-04T14:08:23Z,cartservice,checkoutservice,0,0,0,0,0,0,0
2026-10-04T14:08:23Z,cartservice,currencyservice,0,0,0,0,0,0,0
2026-10-04T14:08:23Z,cartservice,emailservice,0,0,0,0,0,0,0
2026-10-04T14:08:23Z,cartservice,frontend,0,0,0,0,0,0,0
2026-10-04T14:08:23Z,cartservice,kubernetes,0,0,0,0,0,0,0
2026-10-04T14:08:23Z,cartservice,paymentservice,0,0,0,0,0,0,0
2026-10-04T14:08:23Z,cartservice,productcatalogservice,0,0,0,0,0,0,0
2026-10-04T14:08:23Z,cartservice,recommendationservice,0,0,0,0,0,0,0
2026-10-04T14:08:23Z,cartservice,redis-cart,2,0,0,0,0,0,0
2026-10-04T14:08:23Z,cartservice,shippingservice,0,0,0,0,0,0,0
2026-10-04T14:08:23Z,checkoutservice,adservice,0,0,0,0,0,0,0
2026-10-04T14:08:23Z,checkoutservice,cartservice,49801,48869,0,100,0,648838,48697
2026-10-04T14:08:23Z,checkoutservice,checkoutservice,0,0,0,0,0,0,0
2026-10-04T14:08:23Z,checkoutservice,currencyservice,36295,36295,0,0,0,543781,36215
2026-10-04T14:08:23Z,checkoutservice,emailservice,7529,7242,0,66,0,288239,7161
2026-10-04T14:08:23Z,checkoutservice,frontend,0,0,0,0,0,0,0
2026-10-04T14:08:23Z,checkoutservice,kubernetes,0,0,0,0,0,0,0
2026-10-04T14:08:23Z,checkoutservice,paymentservice,29560,27712,0,192,0,415375,27479
2026-10-04T14:08:23Z,checkoutservice,productcatalogservice,0,0,0,0,0,0,0
2026-10-04T14:08:23Z,checkoutservice,recommendationservice,0,0,0,0,0,0,0
2026-10-04T14:08:23Z,checkoutservice,redis-cart,0,0,0,0,0,0,0
2026-10-04T14:08:23Z,checkoutservice,shippingservice,55108,53005,0,154,0,488326,52836
2026-10-04T14:08:23Z,currencyservice,adservice,0,0,0,0,0,0,0
2026-10-04T14:08:23Z,currencyservice,cartservice,0,0,0,0,0,0,0
2026-10-04T14:08:23Z,currencyservice,checkoutservice,0,0,0,0,0,0,0
2026-10-04T14:08:23Z,currencyservice,currencyservice,0,0,0,0,0,0,0
2026-10-04T14:08:23Z,currencyservice,emailservice,0,0,0,0,0,0,0
2026-10-04T14:08:23Z,currencyservice,frontend,0,0,0,0,0,0,0
2026-10-04T14:08:23Z,currencyservice,kubernetes,0,0,0,0,0,0,0
2026-10-04T14:08:23Z,currencyservice,paymentservice,0,0,0,0,0,0,0
2026-10-04T14:08:23Z,currencyservice,productcatalogservice,0,0,0,0,0,0,0
2026-10-04T14:08:23Z,currencyservice,recommendationservice,0,0,0,0,0,0,0
2026-10-04T14:08:23Z,currencyservice,redis-cart,0,0,0,0,0,0,0
2026-10-04T14:08:23Z,currencyservice,shippingservice,0,0,0,0,0,0,0
2026-10-04T14:08:23Z,emailservice,adservice,0,0,0,0,0,0,0
2026-10-04T14:08:23Z,emailservice,cartservice,0,0,0,0,0,0,0
2026-10-04T14:08:23Z,emailservice,checkoutservice,0,0,0,0,0,0,0
2026-10-04T14:08:23Z,emailservice,currencyservice,0,0,0,0,0,0,0
2026-10-04T14:08:23Z,emailservice,emailservice,0,0,0,0,0,0,0
2026-10-04T14:08:23Z,emailservice,frontend,0,0,0,0,0,0,0
2026-10-04T14:08:23Z,emailservice,kubernetes,0,0,0,0,0,0,0
2026-10-04T14:08:23Z,emailservice,paymentservice,0,0,0,0,0,0,0
2026-10-04T14:08:23Z,emailservice,productcatalogservice,0,0,0,0,0,0,0
2026-10-04T14:08:23Z,emailservice,recommendationservice,0,0,0,0,0,0,0
2026-10-04T14:08:23Z,emailservice,redis-cart,0,0,0,0,0,0,0
2026-10-04T14:08:23Z,emailservice,shippingservice,0,0,0,0,0,0,0
2026-10-04T14:08:23Z,frontend,adservice,836741,836739,0,0,0,2522855,836290
2026-10-04T14:08:23Z,frontend,cartservice,1854696,1854683,0,0,4,10305050,1853288
2026-10-04T14:08:23Z,frontend,checkoutservice,395291,185322,0,40061,169943,62175811,185145
2026-10-04T14:08:23Z,frontend,currencyservice,2948644,2948634,0,0,0,15613233,2946464
2026-10-04T14:08:23Z,frontend,emailservice,0,0,0,0,0,0,0
2026-10-04T14:08:23Z,frontend,frontend,0,0,0,0,0,0,0
2026-10-04T14:08:23Z,frontend,kubernetes,0,0,0,0,0,0,0
2026-10-04T14:08:23Z,frontend,paymentservice,0,0,0,0,0,0,0
2026-10-04T14:08:23Z,frontend,productcatalogservice,8290188,8290107,0,0,0,56696769,8284965
2026-10-04T14:08:23Z,frontend,recommendationservice,2677523,1638843,0,108495,927659,806913181,1637664
2026-10-04T14:08:23Z,frontend,redis-cart,0,0,0,0,0,0,0
2026-10-04T14:08:23Z,frontend,shippingservice,306807,306805,0,0,0,931871,306607
2026-10-04T14:08:23Z,paymentservice,adservice,0,0,0,0,0,0,0
2026-10-04T14:08:23Z,paymentservice,cartservice,0,0,0,0,0,0,0
2026-10-04T14:08:23Z,paymentservice,checkoutservice,0,0,0,0,0,0,0
2026-10-04T14:08:23Z,paymentservice,currencyservice,0,0,0,0,0,0,0
2026-10-04T14:08:23Z,paymentservice,emailservice,0,0,0,0,0,0,0
2026-10-04T14:08:23Z,paymentservice,frontend,0,0,0,0,0,0,0
2026-10-04T14:08:23Z,paymentservice,kubernetes,0,0,0,0,0,0,0
2026-10-04T14:08:23Z,paymentservice,paymentservice,0,0,0,0,0,0,0
2026-10-04T14:08:23Z,paymentservice,productcatalogservice,0,0,0,0,0,0,0
2026-10-04T14:08:23Z,paymentservice,recommendationservice,0,0,0,0,0,0,0
2026-10-04T14:08:23Z,paymentservice,redis-cart,0,0,0,0,0,0,0
2026-10-04T14:08:23Z,paymentservice,shippingservice,0,0,0,0,0,0,0
2026-10-04T14:08:23Z,productcatalogservice,adservice,0,0,0,0,0,0,0
2026-10-04T14:08:23Z,productcatalogservice,cartservice,0,0,0,0,0,0,0
2026-10-04T14:08:23Z,productcatalogservice,checkoutservice,0,0,0,0,0,0,0
2026-10-04T14:08:23Z,productcatalogservice,currencyservice,0,0,0,0,0,0,0
2026-10-04T14:08:23Z,productcatalogservice,emailservice,0,0,0,0,0,0,0
2026-10-04T14:08:23Z,productcatalogservice,frontend,0,0,0,0,0,0,0
2026-10-04T14:08:23Z,productcatalogservice,kubernetes,0,0,0,0,0,0,0
2026-10-04T14:08:23Z,productcatalogservice,paymentservice,0,0,0,0,0,0,0
2026-10-04T14:08:23Z,productcatalogservice,productcatalogservice,0,0,0,0,0,0,0
2026-10-04T14:08:23Z,productcatalogservice,recommendationservice,0,0,0,0,0,0,0
2026-10-04T14:08:23Z,productcatalogservice,redis-cart,0,0,0,0,0,0,0
2026-10-04T14:08:23Z,productcatalogservice,shippingservice,0,0,0,0,0,0,0
2026-10-04T14:08:23Z,recommendationservice,adservice,0,0,0,0,0,0,0
2026-10-04T14:08:23Z,recommendationservice,cartservice,0,0,0,0,0,0,0
2026-10-04T14:08:23Z,recommendationservice,checkoutservice,0,0,0,0,0,0,0
2026-10-04T14:08:23Z,recommendationservice,currencyservice,0,0,0,0,0,0,0
2026-10-04T14:08:23Z,recommendationservice,emailservice,0,0,0,0,0,0,0
2026-10-04T14:08:23Z,recommendationservice,frontend,0,0,0,0,0,0,0
2026-10-04T14:08:23Z,recommendationservice,kubernetes,0,0,0,0,0,0,0
2026-10-04T14:08:23Z,recommendationservice,paymentservice,0,0,0,0,0,0,0
2026-10-04T14:08:23Z,recommendationservice,productcatalogservice,122159,122159,0,0,0,888979,120814
2026-10-04T14:08:23Z,recommendationservice,recommendationservice,0,0,0,0,0,0,0
2026-10-04T14:08:23Z,recommendationservice,redis-cart,0,0,0,0,0,0,0
2026-10-04T14:08:23Z,recommendationservice,shippingservice,0,0,0,0,0,0,0
2026-10-04T14:08:23Z,redis-cart,adservice,0,0,0,0,0,0,0
2026-10-04T14:08:23Z,redis-cart,cartservice,0,0,0,0,0,0,0
2026-10-04T14:08:23Z,redis-cart,checkoutservice,0,0,0,0,0,0,0
2026-10-04T14:08:23Z,redis-cart,currencyservice,0,0,0,0,0,0,0
2026-10-04T14:08:23Z,redis-cart,emailservice,0,0,0,0,0,0,0
2026-10-04T14:08:23Z,redis-cart,frontend,0,0,0,0,0,0,0
2026-10-04T14:08:23Z,redis-cart,kubernetes,0,0,0,0,0,0,0
2026-10-04T14:08:23Z,redis-cart,paymentservice,0,0,0,0,0,0,0
2026-10-04T14:08:23Z,redis-cart,productcatalogservice,0,0,0,0,0,0,0
2026-10-04T14:08:23Z,redis-cart,recommendationservice,0,0,0,0,0,0,0
2026-10-04T14:08:23Z,redis-cart,redis-cart,0,0,0,0,0,0,0
2026-10-04T14:08:23Z,redis-cart,shippingservice,0,0,0,0,0,0,0
2026-10-04T14:08:23Z,shippingservice,adservice,0,0,0,0,0,0,0
2026-10-04T14:08:23Z,shippingservice,cartservice,0,0,0,0,0,0,0
2026-10-04T14:08:23Z,shippingservice,checkoutservice,0,0,0,0,0,0,0
2026-10-04T14:08:23Z,shippingservice,currencyservice,0,0,0,0,0,0,0
2026-10-04T14:08:23Z,shippingservice,emailservice,0,0,0,0,0,0,0
2026-10-04T14:08:23Z,shippingservice,frontend,0,0,0,0,0,0,0
2026-10-04T14:08:23Z,shippingservice,kubernetes,0,0,0,0,0,0,0
2026-10-04T14:08:23Z,shippingservice,paymentservice,0,0,0,0,0,0,0
2026-10-04T14:08:23Z,shippingservice,productcatalogservice,0,0,0,0,0,0,0
2026-10-04T14:08:23Z,shippingservice,recommendationservice,0,0,0,0,0,0,0
2026-10-04T14:08:23Z,shippingservice,redis-cart,0,0,0,0,0,0,0
2026-10-04T14:08:23Z,shippingservice,shippingservice,0,0,0,0,0,0,0
2026-10-04T14:08:24Z,adservice,adservice,0,0,0,0,0,0,0
2026-10-04T14:08:24Z,adservice,cartservice,0,0,0,0,0,0,0
2026-10-04T14:08:24Z,adservice,checkoutservice,0,0,0,0,0,0,0
2026-10-04T14:08:24Z,adservice,currencyservice,0,0,0,0,0,0,0
2026-10-04T14:08:24Z,adservice,emailservice,0,0,0,0,0,0,0
2026-10-04T14:08:24Z,adservice,frontend,0,0,0,0,0,0,0
2026-10-04T14:08:24Z,adservice,kubernetes,0,0,0,0,0,0,0
2026-10-04T14:08:24Z,adservice,paymentservice,0,0,0,0,0,0,0
2026-10-04T14:08:24Z,adservice,productcatalogservice,0,0,0,0,0,0,0
2026-10-04T14:08:24Z,adservice,recommendationservice,0,0,0,0,0,0,0
2026-10-04T14:08:24Z,adservice,redis-cart,0,0,0,0,0,0,0
2026-10-04T14:08:24Z,adservice,shippingservice,0,0,0,0,0,0,0
2026-10-04T14:08:24Z,cartservice,adservice,0,0,0,0,0,0,0
2026-10-04T14:08:24Z,cartservice,cartservice,0,0,0,0,0,0,0
2026-10-04T14:08:24Z,cartservice,checkoutservice,0,0,0,0,0,0,0
2026-10-04T14:08:24Z,cartservice,currencyservice,0,0,0,0,0,0,0
2026-10-04T14:08:24Z,cartservice,emailservice,0,0,0,0,0,0,0
2026-10-04T14:08:24Z,cartservice,frontend,0,0,0,0,0,0,0
2026-10-04T14:08:24Z,cartservice,kubernetes,0,0,0,0,0,0,0
2026-10-04T14:08:24Z,cartservice,paymentservice,0,0,0,0,0,0,0
2026-10-04T14:08:24Z,cartservice,productcatalogservice,0,0,0,0,0,0,0
2026-10-04T14:08:24Z,cartservice,recommendationservice,0,0,0,0,0,0,0
2026-10-04T14:08:24Z,cartservice,redis-cart,2,0,0,0,0,0,0
2026-10-04T14:08:24Z,cartservice,shippingservice,0,0,0,0,0,0,0
2026-10-04T14:08:24Z,checkoutservice,adservice,0,0,0,0,0,0,0
2026-10-04T14:08:24Z,checkoutservice,cartservice,49919,48986,0,100,0,648838,48697
2026-10-04T14:08:24Z,checkoutservice,checkoutservice,0,0,0,0,0,0,0
2026-10-04T14:08:24Z,checkoutservice,currencyservice,36358,36358,0,0,0,543781,36215
2026-10-04T14:08:24Z,checkoutservice,emailservice,7592,7304,0,66,0,288239,7161
2026-10-04T14:08:24Z,checkoutservice,frontend,0,0,0,0,0,0,0
2026-10-04T14:08:24Z,checkoutservice,kubernetes,0,0,0,0,0,0,0
2026-10-04T14:08:24Z,checkoutservice,paymentservice,29624,27776,0,192,0,415375,27479
2026-10-04T14:08:24Z,checkoutservice,productcatalogservice,0,0,0,0,0,0,0
2026-10-04T14:08:24Z,checkoutservice,recommendationservice,0,0,0,0,0,0,0
2026-10-04T14:08:24Z,checkoutservice,redis-cart,0,0,0,0,0,0,0
2026-10-04T14:08:24Z,checkoutservice,shippingservice,55232,53129,0,154,0,488326,52836
2026-10-04T14:08:24Z,currencyservice,adservice,0,0,0,0,0,0,0
2026-10-04T14:08:24Z,currencyservice,cartservice,0,0,0,0,0,0,0
2026-10-04T14:08:24Z,currencyservice,checkoutservice,0,0,0,0,0,0,0
2026-10-04T14:08:24Z,currencyservice,currencyservice,0,0,0,0,0,0,0
2026-10-04T14:08:24Z,currencyservice,emailservice,0,0,0,0,0,0,0
2026-10-04T14:08:24Z,currencyservice,frontend,0,0,0,0,0,0,0
2026-10-04T14:08:24Z,currencyservice,kubernetes,0,0,0,0,0,0,0
2026-10-04T14:08:24Z,currencyservice,paymentservice,0,0,0,0,0,0,0
2026-10-04T14:08:24Z,currencyservice,productcatalogservice,0,0,0,0,0,0,0
2026-10-04T14:08:24Z,currencyservice,recommendationservice,0,0,0,0,0,0,0
2026-10-04T14:08:24Z,currencyservice,redis-cart,0,0,0,0,0,0,0
2026-10-04T14:08:24Z,currencyservice,shippingservice,0,0,0,0,0,0,0
2026-10-04T14:08:24Z,emailservice,adservice,0,0,0,0,0,0,0
2026-10-04T14:08:24Z,emailservice,cartservice,0,0,0,0,0,0,0
2026-10-04T14:08:24Z,emailservice,checkoutservice,0,0,0,0,0,0,0
2026-10-04T14:08:24Z,emailservice,currencyservice,0,0,0,0,0,0,0
2026-10-04T14:08:24Z,emailservice,emailservice,0,0,0,0,0,0,0
2026-10-04T14:08:24Z,emailservice,frontend,0,0,0,0,0,0,0
2026-10-04T14:08:24Z,emailservice,kubernetes,0,0,0,0,0,0,0
2026-10-04T14:08:24Z,emailservice,paymentservice,0,0,0,0,0,0,0
2026-10-04T14:08:24Z,emailservice,productcatalogservice,0,0,0,0,0,0,0
2026-10-04T14:08:24Z,emailservice,recommendationservice,0,0,0,0,0,0,0
2026-10-04T14:08:24Z,emailservice,redis-cart,0,0,0,0,0,0,0
2026-10-04T14:08:24Z,emailservice,shippingservice,0,0,0,0,0,0,0
2026-10-04T14:08:24Z,frontend,adservice,836910,836908,0,0,0,2524156,836775
2026-10-04T14:08:24Z,frontend,cartservice,1855122,1855108,0,0,4,10311089,1854754
2026-10-04T14:08:24Z,frontend,checkoutservice,395354,185384,0,40061,169943,62194071,185327
2026-10-04T14:08:24Z,frontend,currencyservice,2949335,2949325,0,0,0,15621155,2948745
2026-10-04T14:08:24Z,frontend,emailservice,0,0,0,0,0,0,0
2026-10-04T14:08:24Z,frontend,frontend,0,0,0,0,0,0,0
2026-10-04T14:08:24Z,frontend,kubernetes,0,0,0,0,0,0,0
2026-10-04T14:08:24Z,frontend,paymentservice,0,0,0,0,0,0,0
2026-10-04T14:08:24Z,frontend,productcatalogservice,8291947,8291867,0,0,0,56729095,8290453
2026-10-04T14:08:24Z,frontend,recommendationservice,2678266,1639222,0,108531,927979,807932456,1638899
2026-10-04T14:08:24Z,frontend,redis-cart,0,0,0,0,0,0,0
2026-10-04T14:08:24Z,frontend,shippingservice,306858,306856,0,0,0,932311,306813
2026-10-04T14:08:24Z,paymentservice,adservice,0,0,0,0,0,0,0
2026-10-04T14:08:24Z,paymentservice,cartservice,0,0,0,0,0,0,0
2026-10-04T14:08:24Z,paymentservice,checkoutservice,0,0,0,0,0,0,0
2026-10-04T14:08:24Z,paymentservice,currencyservice,0,0,0,0,0,0,0
2026-10-04T14:08:24Z,paymentservice,emailservice,0,0,0,0,0,0,0
2026-10-04T14:08:24Z,paymentservice,frontend,0,0,0,0,0,0,0
2026-10-04T14:08:24Z,paymentservice,kubernetes,0,0,0,0,0,0,0
2026-10-04T14:08:24Z,paymentservice,paymentservice,0,0,0,0,0,0,0
2026-10-04T14:08:24Z,paymentservice,productcatalogservice,0,0,0,0,0,0,0
2026-10-04T14:08:24Z,paymentservice,recommendationservice,0,0,0,0,0,0,0
2026-10-04T14:08:24Z,paymentservice,redis-cart,0,0,0,0,0,0,0
2026-10-04T14:08:24Z,paymentservice,shippingservice,0,0,0,0,0,0,0
2026-10-04T14:08:24Z,productcatalogservice,adservice,0,0,0,0,0,0,0
2026-10-04T14:08:24Z,productcatalogservice,cartservice,0,0,0,0,0,0,0
2026-10-04T14:08:24Z,productcatalogservice,checkoutservice,0,0,0,0,0,0,0
2026-10-04T14:08:24Z,productcatalogservice,currencyservice,0,0,0,0,0,0,0
2026-10-04T14:08:24Z,productcatalogservice,emailservice,0,0,0,0,0,0,0
2026-10-04T14:08:24Z,productcatalogservice,frontend,0,0,0,0,0,0,0
2026-10-04T14:08:24Z,productcatalogservice,kubernetes,0,0,0,0,0,0,0
2026-10-04T14:08:24Z,productcatalogservice,paymentservice,0,0,0,0,0,0,0
2026-10-04T14:08:24Z,productcatalogservice,productcatalogservice,0,0,0,0,0,0,0
2026-10-04T14:08:24Z,productcatalogservice,recommendationservice,0,0,0,0,0,0,0
2026-10-04T14:08:24Z,productcatalogservice,redis-cart,0,0,0,0,0,0,0
2026-10-04T14:08:24Z,productcatalogservice,shippingservice,0,0,0,0,0,0,0
2026-10-04T14:08:24Z,recommendationservice,adservice,0,0,0,0,0,0,0
2026-10-04T14:08:24Z,recommendationservice,cartservice,0,0,0,0,0,0,0
2026-10-04T14:08:24Z,recommendationservice,checkoutservice,0,0,0,0,0,0,0
2026-10-04T14:08:24Z,recommendationservice,currencyservice,0,0,0,0,0,0,0
2026-10-04T14:08:24Z,recommendationservice,emailservice,0,0,0,0,0,0,0
2026-10-04T14:08:24Z,recommendationservice,frontend,0,0,0,0,0,0,0
2026-10-04T14:08:24Z,recommendationservice,kubernetes,0,0,0,0,0,0,0
2026-10-04T14:08:24Z,recommendationservice,paymentservice,0,0,0,0,0,0,0
2026-10-04T14:08:24Z,recommendationservice,productcatalogservice,122602,122602,0,0,0,888979,120814
2026-10-04T14:08:24Z,recommendationservice,recommendationservice,0,0,0,0,0,0,0
2026-10-04T14:08:24Z,recommendationservice,redis-cart,0,0,0,0,0,0,0
2026-10-04T14:08:24Z,recommendationservice,shippingservice,0,0,0,0,0,0,0
2026-10-04T14:08:24Z,redis-cart,adservice,0,0,0,0,0,0,0
2026-10-04T14:08:24Z,redis-cart,cartservice,0,0,0,0,0,0,0
2026-10-04T14:08:24Z,redis-cart,checkoutservice,0,0,0,0,0,0,0
2026-10-04T14:08:24Z,redis-cart,currencyservice,0,0,0,0,0,0,0
2026-10-04T14:08:24Z,redis-cart,emailservice,0,0,0,0,0,0,0
2026-10-04T14:08:24Z,redis-cart,frontend,0,0,0,0,0,0,0
2026-10-04T14:08:24Z,redis-cart,kubernetes,0,0,0,0,0,0,0
2026-10-04T14:08:24Z,redis-cart,paymentservice,0,0,0,0,0,0,0
2026-10-04T14:08:24Z,redis-cart,productcatalogservice,0,0,0,0,0,0,0
2026-10-04T14:08:24Z,redis-cart,recommendationservice,0,0,0,0,0,0,0
2026-10-04T14:08:24Z,redis-cart,redis-cart,0,0,0,0,0,0,0
2026-10-04T14:08:24Z,redis-cart,shippingservice,0,0,0,0,0,0,0
2026-10-04T14:08:24Z,shippingservice,adservice,0,0,0,0,0,0,0
2026-10-04T14:08:24Z,shippingservice,cartservice,0,0,0,0,0,0,0
2026-10-04T14:08:24Z,shippingservice,checkoutservice,0,0,0,0,0,0,0
2026-10-04T14:08:24Z,shippingservice,currencyservice,0,0,0,0,0,0,0
2026-10-04T14:08:24Z,shippingservice,emailservice,0,0,0,0,0,0,0
2026-10-04T14:08:24Z,shippingservice,frontend,0,0,0,0,0,0,0
2026-10-04T14:08:24Z,shippingservice,kubernetes,0,0,0,0,0,0,0
2026-10-04T14:08:24Z,shippingservice,paymentservice,0,0,0,0,0,0,0
2026-10-04T14:08:24Z,shippingservice,productcatalogservice,0,0,0,0,0,0,0
2026-10-04T14:08:24Z,shippingservice,recommendationservice,0,0,0,0,0,0,0
2026-10-04T14:08:24Z,shippingservice,redis-cart,0,0,0,0,0,0,0
2026-10-04T14:08:24Z,shippingservice,shippingservice,0,0,0,0,0,0,0
2026-10-04T14:08:25Z,adservice,adservice,0,0,0,0,0,0,0
2026-10-04T14:08:25Z,adservice,cartservice,0,0,0,0,0,0,0
2026-10-04T14:08:25Z,adservice,checkoutservice,0,0,0,0,0,0,0
2026-10-04T14:08:25Z,adservice,currencyservice,0,0,0,0,0,0,0
2026-10-04T14:08:25Z,adservice,emailservice,0,0,0,0,0,0,0
2026-10-04T14:08:25Z,adservice,frontend,0,0,0,0,0,0,0
2026-10-04T14:08:25Z,adservice,kubernetes,0,0,0,0,0,0,0
2026-10-04T14:08:25Z,adservice,paymentservice,0,0,0,0,0,0,0
2026-10-04T14:08:25Z,adservice,productcatalogservice,0,0,0,0,0,0,0
2026-10-04T14:08:25Z,adservice,recommendationservice,0,0,0,0,0,0,0
2026-10-04T14:08:25Z,adservice,redis-cart,0,0,0,0,0,0,0
2026-10-04T14:08:25Z,adservice,shippingservice,0,0,0,0,0,0,0
2026-10-04T14:08:25Z,cartservice,adservice,0,0,0,0,0,0,0
2026-10-04T14:08:25Z,cartservice,cartservice,0,0,0,0,0,0,0
2026-10-04T14:08:25Z,cartservice,checkoutservice,0,0,0,0,0,0,0
2026-10-04T14:08:25Z,cartservice,currencyservice,0,0,0,0,0,0,0
2026-10-04T14:08:25Z,cartservice,emailservice,0,0,0,0,0,0,0
2026-10-04T14:08:25Z,cartservice,frontend,0,0,0,0,0,0,0
2026-10-04T14:08:25Z,cartservice,kubernetes,0,0,0,0,0,0,0
2026-10-04T14:08:25Z,cartservice,paymentservice,0,0,0,0,0,0,0
2026-10-04T14:08:25Z,cartservice,productcatalogservice,0,0,0,0,0,0,0
2026-10-04T14:08:25Z,cartservice,recommendationservice,0,0,0,0,0,0,0
2026-10-04T14:08:25Z,cartservice,redis-cart,2,0,0,0,0,0,0
2026-10-04T14:08:25Z,cartservice,shippingservice,0,0,0,0,0,0,0
2026-10-04T14:08:25Z,checkoutservice,adservice,0,0,0,0,0,0,0
2026-10-04T14:08:25Z,checkoutservice,cartservice,50045,49113,0,100,0,648838,48697
2026-10-04T14:08:25Z,checkoutservice,checkoutservice,0,0,0,0,0,0,0
2026-10-04T14:08:25Z,checkoutservice,currencyservice,36421,36421,0,0,0,543781,36215
2026-10-04T14:08:25Z,checkoutservice,emailservice,7654,7368,0,66,0,288239,7161
2026-10-04T14:08:25Z,checkoutservice,frontend,0,0,0,0,0,0,0
2026-10-04T14:08:25Z,checkoutservice,kubernetes,0,0,0,0,0,0,0
2026-10-04T14:08:25Z,checkoutservice,paymentservice,29687,27838,0,192,0,415375,27479
2026-10-04T14:08:25Z,checkoutservice,productcatalogservice,0,0,0,0,0,0,0
2026-10-04T14:08:25Z,checkoutservice,recommendationservice,0,0,0,0,0,0,0
2026-10-04T14:08:25Z,checkoutservice,redis-cart,0,0,0,0,0,0,0
2026-10-04T14:08:25Z,checkoutservice,shippingservice,55358,53253,0,154,0,488326,52836
2026-10-04T14:08:25Z,currencyservice,adservice,0,0,0,0,0,0,0
2026-10-04T14:08:25Z,currencyservice,cartservice,0,0,0,0,0,0,0
2026-10-04T14:08:25Z,currencyservice,checkoutservice,0,0,0,0,0,0,0
2026-10-04T14:08:25Z,currencyservice,currencyservice,0,0,0,0,0,0,0
2026-10-04T14:08:25Z,currencyservice,emailservice,0,0,0,0,0,0,0
2026-10-04T14:08:25Z,currencyservice,frontend,0,0,0,0,0,0,0
2026-10-04T14:08:25Z,currencyservice,kubernetes,0,0,0,0,0,0,0
2026-10-04T14:08:25Z,currencyservice,paymentservice,0,0,0,0,0,0,0
2026-10-04T14:08:25Z,currencyservice,productcatalogservice,0,0,0,0,0,0,0
2026-10-04T14:08:25Z,currencyservice,recommendationservice,0,0,0,0,0,0,0
2026-10-04T14:08:25Z,currencyservice,redis-cart,0,0,0,0,0,0,0
2026-10-04T14:08:25Z,currencyservice,shippingservice,0,0,0,0,0,0,0
2026-10-04T14:08:25Z,emailservice,adservice,0,0,0,0,0,0,0
2026-10-04T14:08:25Z,emailservice,cartservice,0,0,0,0,0,0,0
2026-10-04T14:08:25Z,emailservice,checkoutservice,0,0,0,0,0,0,0
2026-10-04T14:08:25Z,emailservice,currencyservice,0,0,0,0,0,0,0
2026-10-04T14:08:25Z,emailservice,emailservice,0,0,0,0,0,0,0
2026-10-04T14:08:25Z,emailservice,frontend,0,0,0,0,0,0,0
2026-10-04T14:08:25Z,emailservice,kubernetes,0,0,0,0,0,0,0
2026-10-04T14:08:25Z,emailservice,paymentservice,0,0,0,0,0,0,0
2026-10-04T14:08:25Z,emailservice,productcatalogservice,0,0,0,0,0,0,0
2026-10-04T14:08:25Z,emailservice,recommendationservice,0,0,0,0,0,0,0
2026-10-04T14:08:25Z,emailservice,redis-cart,0,0,0,0,0,0,0
2026-10-04T14:08:25Z,emailservice,shippingservice,0,0,0,0,0,0,0
2026-10-04T14:08:25Z,frontend,adservice,837049,837046,0,0,0,2524156,836775
2026-10-04T14:08:25Z,frontend,cartservice,1855516,1855500,0,0,4,10311089,1854754
2026-10-04T14:08:25Z,frontend,checkoutservice,395418,185444,0,40061,169943,62194071,185327
2026-10-04T14:08:25Z,frontend,currencyservice,2949966,2949953,0,0,0,15621155,2948745
2026-10-04T14:08:25Z,frontend,emailservice,0,0,0,0,0,0,0
2026-10-04T14:08:25Z,frontend,frontend,0,0,0,0,0,0,0
2026-10-04T14:08:25Z,frontend,kubernetes,0,0,0,0,0,0,0
2026-10-04T14:08:25Z,frontend,paymentservice,0,0,0,0,0,0,0
2026-10-04T14:08:25Z,frontend,productcatalogservice,8293533,8293457,0,0,0,56729095,8290453
2026-10-04T14:08:25Z,frontend,recommendationservice,2678984,1639591,0,108570,928306,807932456,1638899
2026-10-04T14:08:25Z,frontend,redis-cart,0,0,0,0,0,0,0
2026-10-04T14:08:25Z,frontend,shippingservice,306910,306908,0,0,0,932311,306813
2026-10-04T14:08:25Z,paymentservice,adservice,0,0,0,0,0,0,0
2026-10-04T14:08:25Z,paymentservice,cartservice,0,0,0,0,0,0,0
2026-10-04T14:08:25Z,paymentservice,checkoutservice,0,0,0,0,0,0,0
2026-10-04T14:08:25Z,paymentservice,currencyservice,0,0,0,0,0,0,0
2026-10-04T14:08:25Z,paymentservice,emailservice,0,0,0,0,0,0,0
2026-10-04T14:08:25Z,paymentservice,frontend,0,0,0,0,0,0,0
2026-10-04T14:08:25Z,paymentservice,kubernetes,0,0,0,0,0,0,0
2026-10-04T14:08:25Z,paymentservice,paymentservice,0,0,0,0,0,0,0
2026-10-04T14:08:25Z,paymentservice,productcatalogservice,0,0,0,0,0,0,0
2026-10-04T14:08:25Z,paymentservice,recommendationservice,0,0,0,0,0,0,0
2026-10-04T14:08:25Z,paymentservice,redis-cart,0,0,0,0,0,0,0
2026-10-04T14:08:25Z,paymentservice,shippingservice,0,0,0,0,0,0,0
2026-10-04T14:08:25Z,productcatalogservice,adservice,0,0,0,0,0,0,0
2026-10-04T14:08:25Z,productcatalogservice,cartservice,0,0,0,0,0,0,0
2026-10-04T14:08:25Z,productcatalogservice,checkoutservice,0,0,0,0,0,0,0
2026-10-04T14:08:25Z,productcatalogservice,currencyservice,0,0,0,0,0,0,0
2026-10-04T14:08:25Z,productcatalogservice,emailservice,0,0,0,0,0,0,0
2026-10-04T14:08:25Z,productcatalogservice,frontend,0,0,0,0,0,0,0
2026-10-04T14:08:25Z,productcatalogservice,kubernetes,0,0,0,0,0,0,0
2026-10-04T14:08:25Z,productcatalogservice,paymentservice,0,0,0,0,0,0,0
2026-10-04T14:08:25Z,productcatalogservice,productcatalogservice,0,0,0,0,0,0,0
2026-10-04T14:08:25Z,productcatalogservice,recommendationservice,0,0,0,0,0,0,0
2026-10-04T14:08:25Z,productcatalogservice,redis-cart,0,0,0,0,0,0,0
2026-10-04T14:08:25Z,productcatalogservice,shippingservice,0,0,0,0,0,0,0
2026-10-04T14:08:25Z,recommendationservice,adservice,0,0,0,0,0,0,0
2026-10-04T14:08:25Z,recommendationservice,cartservice,0,0,0,0,0,0,0
2026-10-04T14:08:25Z,recommendationservice,checkoutservice,0,0,0,0,0,0,0
2026-10-04T14:08:25Z,recommendationservice,currencyservice,0,0,0,0,0,0,0
2026-10-04T14:08:25Z,recommendationservice,emailservice,0,0,0,0,0,0,0
2026-10-04T14:08:25Z,recommendationservice,frontend,0,0,0,0,0,0,0
2026-10-04T14:08:25Z,recommendationservice,kubernetes,0,0,0,0,0,0,0
2026-10-04T14:08:25Z,recommendationservice,paymentservice,0,0,0,0,0,0,0
2026-10-04T14:08:25Z,recommendationservice,productcatalogservice,123018,123015,0,0,0,901599,122920
2026-10-04T14:08:25Z,recommendationservice,recommendationservice,0,0,0,0,0,0,0
2026-10-04T14:08:25Z,recommendationservice,redis-cart,0,0,0,0,0,0,0
2026-10-04T14:08:25Z,recommendationservice,shippingservice,0,0,0,0,0,0,0
2026-10-04T14:08:25Z,redis-cart,adservice,0,0,0,0,0,0,0
2026-10-04T14:08:25Z,redis-cart,cartservice,0,0,0,0,0,0,0
2026-10-04T14:08:25Z,redis-cart,checkoutservice,0,0,0,0,0,0,0
2026-10-04T14:08:25Z,redis-cart,currencyservice,0,0,0,0,0,0,0
2026-10-04T14:08:25Z,redis-cart,emailservice,0,0,0,0,0,0,0
2026-10-04T14:08:25Z,redis-cart,frontend,0,0,0,0,0,0,0
2026-10-04T14:08:25Z,redis-cart,kubernetes,0,0,0,0,0,0,0
2026-10-04T14:08:25Z,redis-cart,paymentservice,0,0,0,0,0,0,0
2026-10-04T14:08:25Z,redis-cart,productcatalogservice,0,0,0,0,0,0,0
2026-10-04T14:08:25Z,redis-cart,recommendationservice,0,0,0,0,0,0,0
2026-10-04T14:08:25Z,redis-cart,redis-cart,0,0,0,0,0,0,0
2026-10-04T14:08:25Z,redis-cart,shippingservice,0,0,0,0,0,0,0
2026-10-04T14:08:25Z,shippingservice,adservice,0,0,0,0,0,0,0
2026-10-04T14:08:25Z,shippingservice,cartservice,0,0,0,0,0,0,0
2026-10-04T14:08:25Z,shippingservice,checkoutservice,0,0,0,0,0,0,0
2026-10-04T14:08:25Z,shippingservice,currencyservice,0,0,0,0,0,0,0
2026-10-04T14:08:25Z,shippingservice,emailservice,0,0,0,0,0,0,0
2026-10-04T14:08:25Z,shippingservice,frontend,0,0,0,0,0,0,0
2026-10-04T14:08:25Z,shippingservice,kubernetes,0,0,0,0,0,0,0
2026-10-04T14:08:25Z,shippingservice,paymentservice,0,0,0,0,0,0,0
2026-10-04T14:08:25Z,shippingservice,productcatalogservice,0,0,0,0,0,0,0
2026-10-04T14:08:25Z,shippingservice,recommendationservice,0,0,0,0,0,0,0
2026-10-04T14:08:25Z,shippingservice,redis-cart,0,0,0,0,0,0,0
2026-10-04T14:08:25Z,shippingservice,shippingservice,0,0,0,0,0,0,0
2026-10-04T14:08:26Z,adservice,adservice,0,0,0,0,0,0,0
2026-10-04T14:08:26Z,adservice,cartservice,0,0,0,0,0,0,0
2026-10-04T14:08:26Z,adservice,checkoutservice,0,0,0,0,0,0,0
2026-10-04T14:08:26Z,adservice,currencyservice,0,0,0,0,0,0,0
2026-10-04T14:08:26Z,adservice,emailservice,0,0,0,0,0,0,0
2026-10-04T14:08:26Z,adservice,frontend,0,0,0,0,0,0,0
2026-10-04T14:08:26Z,adservice,kubernetes,0,0,0,0,0,0,0
2026-10-04T14:08:26Z,adservice,paymentservice,0,0,0,0,0,0,0
2026-10-04T14:08:26Z,adservice,productcatalogservice,0,0,0,0,0,0,0
2026-10-04T14:08:26Z,adservice,recommendationservice,0,0,0,0,0,0,0
2026-10-04T14:08:26Z,adservice,redis-cart,0,0,0,0,0,0,0
2026-10-04T14:08:26Z,adservice,shippingservice,0,0,0,0,0,0,0
2026-10-04T14:08:26Z,cartservice,adservice,0,0,0,0,0,0,0
2026-10-04T14:08:26Z,cartservice,cartservice,0,0,0,0,0,0,0
2026-10-04T14:08:26Z,cartservice,checkoutservice,0,0,0,0,0,0,0
2026-10-04T14:08:26Z,cartservice,currencyservice,0,0,0,0,0,0,0
2026-10-04T14:08:26Z,cartservice,emailservice,0,0,0,0,0,0,0
2026-10-04T14:08:26Z,cartservice,frontend,0,0,0,0,0,0,0
2026-10-04T14:08:26Z,cartservice,kubernetes,0,0,0,0,0,0,0
2026-10-04T14:08:26Z,cartservice,paymentservice,0,0,0,0,0,0,0
2026-10-04T14:08:26Z,cartservice,productcatalogservice,0,0,0,0,0,0,0
2026-10-04T14:08:26Z,cartservice,recommendationservice,0,0,0,0,0,0,0
2026-10-04T14:08:26Z,cartservice,redis-cart,2,0,0,0,0,0,0
2026-10-04T14:08:26Z,cartservice,shippingservice,0,0,0,0,0,0,0
2026-10-04T14:08:26Z,checkoutservice,adservice,0,0,0,0,0,0,0
2026-10-04T14:08:26Z,checkoutservice,cartservice,50163,49232,0,100,0,648838,48697
2026-10-04T14:08:26Z,checkoutservice,checkoutservice,0,0,0,0,0,0,0
2026-10-04T14:08:26Z,checkoutservice,currencyservice,36480,36479,0,0,0,543781,36215
2026-10-04T14:08:26Z,checkoutservice,emailservice,7716,7430,0,66,0,288239,7161
2026-10-04T14:08:26Z,checkoutservice,frontend,0,0,0,0,0,0,0
2026-10-04T14:08:26Z,checkoutservice,kubernetes,0,0,0,0,0,0,0
2026-10-04T14:08:26Z,checkoutservice,paymentservice,29744,27896,0,192,0,415375,27479
2026-10-04T14:08:26Z,checkoutservice,productcatalogservice,0,0,0,0,0,0,0
2026-10-04T14:08:26Z,checkoutservice,recommendationservice,0,0,0,0,0,0,0
2026-10-04T14:08:26Z,checkoutservice,redis-cart,0,0,0,0,0,0,0
2026-10-04T14:08:26Z,checkoutservice,shippingservice,55474,53371,0,154,0,488326,52836
2026-10-04T14:08:26Z,currencyservice,adservice,0,0,0,0,0,0,0
2026-10-04T14:08:26Z,currencyservice,cartservice,0,0,0,0,0,0,0
2026-10-04T14:08:26Z,currencyservice,checkoutservice,0,0,0,0,0,0,0
2026-10-04T14:08:26Z,currencyservice,currencyservice,0,0,0,0,0,0,0
2026-10-04T14:08:26Z,currencyservice,emailservice,0,0,0,0,0,0,0
2026-10-04T14:08:26Z,currencyservice,frontend,0,0,0,0,0,0,0
2026-10-04T14:08:26Z,currencyservice,kubernetes,0,0,0,0,0,0,0
2026-10-04T14:08:26Z,currencyservice,paymentservice,0,0,0,0,0,0,0
2026-10-04T14:08:26Z,currencyservice,productcatalogservice,0,0,0,0,0,0,0
2026-10-04T14:08:26Z,currencyservice,recommendationservice,0,0,0,0,0,0,0
2026-10-04T14:08:26Z,currencyservice,redis-cart,0,0,0,0,0,0,0
2026-10-04T14:08:26Z,currencyservice,shippingservice,0,0,0,0,0,0,0
2026-10-04T14:08:26Z,emailservice,adservice,0,0,0,0,0,0,0
2026-10-04T14:08:26Z,emailservice,cartservice,0,0,0,0,0,0,0
2026-10-04T14:08:26Z,emailservice,checkoutservice,0,0,0,0,0,0,0
2026-10-04T14:08:26Z,emailservice,currencyservice,0,0,0,0,0,0,0
2026-10-04T14:08:26Z,emailservice,emailservice,0,0,0,0,0,0,0
2026-10-04T14:08:26Z,emailservice,frontend,0,0,0,0,0,0,0
2026-10-04T14:08:26Z,emailservice,kubernetes,0,0,0,0,0,0,0
2026-10-04T14:08:26Z,emailservice,paymentservice,0,0,0,0,0,0,0
2026-10-04T14:08:26Z,emailservice,productcatalogservice,0,0,0,0,0,0,0
2026-10-04T14:08:26Z,emailservice,recommendationservice,0,0,0,0,0,0,0
2026-10-04T14:08:26Z,emailservice,redis-cart,0,0,0,0,0,0,0
2026-10-04T14:08:26Z,emailservice,shippingservice,0,0,0,0,0,0,0
2026-10-04T14:08:26Z,frontend,adservice,837206,837204,0,0,0,2524156,836775
2026-10-04T14:08:26Z,frontend,cartservice,1855923,1855908,0,0,4,10311089,1854754
2026-10-04T14:08:26Z,frontend,checkoutservice,395473,185509,0,40061,169943,62194071,185327
2026-10-04T14:08:26Z,frontend,currencyservice,2950641,2950633,0,0,0,15621155,2948745
2026-10-04T14:08:26Z,frontend,emailservice,0,0,0,0,0,0,0
2026-10-04T14:08:26Z,frontend,frontend,0,0,0,0,0,0,0
2026-10-04T14:08:26Z,frontend,kubernetes,0,0,0,0,0,0,0
2026-10-04T14:08:26Z,frontend,paymentservice,0,0,0,0,0,0,0
2026-10-04T14:08:26Z,frontend,productcatalogservice,8295175,8295105,0,0,0,56729095,8290453
2026-10-04T14:08:26Z,frontend,recommendationservice,2679689,1639981,0,108596,928589,807932456,1638899
2026-10-04T14:08:26Z,frontend,redis-cart,0,0,0,0,0,0,0
2026-10-04T14:08:26Z,frontend,shippingservice,306963,306961,0,0,0,932311,306813
2026-10-04T14:08:26Z,paymentservice,adservice,0,0,0,0,0,0,0
2026-10-04T14:08:26Z,paymentservice,cartservice,0,0,0,0,0,0,0
2026-10-04T14:08:26Z,paymentservice,checkoutservice,0,0,0,0,0,0,0
2026-10-04T14:08:26Z,paymentservice,currencyservice,0,0,0,0,0,0,0
2026-10-04T14:08:26Z,paymentservice,emailservice,0,0,0,0,0,0,0
2026-10-04T14:08:26Z,paymentservice,frontend,0,0,0,0,0,0,0
2026-10-04T14:08:26Z,paymentservice,kubernetes,0,0,0,0,0,0,0
2026-10-04T14:08:26Z,paymentservice,paymentservice,0,0,0,0,0,0,0
2026-10-04T14:08:26Z,paymentservice,productcatalogservice,0,0,0,0,0,0,0
2026-10-04T14:08:26Z,paymentservice,recommendationservice,0,0,0,0,0,0,0
2026-10-04T14:08:26Z,paymentservice,redis-cart,0,0,0,0,0,0,0
2026-10-04T14:08:26Z,paymentservice,shippingservice,0,0,0,0,0,0,0
2026-10-04T14:08:26Z,productcatalogservice,adservice,0,0,0,0,0,0,0
2026-10-04T14:08:26Z,productcatalogservice,cartservice,0,0,0,0,0,0,0
2026-10-04T14:08:26Z,productcatalogservice,checkoutservice,0,0,0,0,0,0,0
2026-10-04T14:08:26Z,productcatalogservice,currencyservice,0,0,0,0,0,0,0
2026-10-04T14:08:26Z,productcatalogservice,emailservice,0,0,0,0,0,0,0
2026-10-04T14:08:26Z,productcatalogservice,frontend,0,0,0,0,0,0,0
2026-10-04T14:08:26Z,productcatalogservice,kubernetes,0,0,0,0,0,0,0
2026-10-04T14:08:26Z,productcatalogservice,paymentservice,0,0,0,0,0,0,0
2026-10-04T14:08:26Z,productcatalogservice,productcatalogservice,0,0,0,0,0,0,0
2026-10-04T14:08:26Z,productcatalogservice,recommendationservice,0,0,0,0,0,0,0
2026-10-04T14:08:26Z,productcatalogservice,redis-cart,0,0,0,0,0,0,0
2026-10-04T14:08:26Z,productcatalogservice,shippingservice,0,0,0,0,0,0,0
2026-10-04T14:08:26Z,recommendationservice,adservice,0,0,0,0,0,0,0
2026-10-04T14:08:26Z,recommendationservice,cartservice,0,0,0,0,0,0,0
2026-10-04T14:08:26Z,recommendationservice,checkoutservice,0,0,0,0,0,0,0
2026-10-04T14:08:26Z,recommendationservice,currencyservice,0,0,0,0,0,0,0
2026-10-04T14:08:26Z,recommendationservice,emailservice,0,0,0,0,0,0,0
2026-10-04T14:08:26Z,recommendationservice,frontend,0,0,0,0,0,0,0
2026-10-04T14:08:26Z,recommendationservice,kubernetes,0,0,0,0,0,0,0
2026-10-04T14:08:26Z,recommendationservice,paymentservice,0,0,0,0,0,0,0
2026-10-04T14:08:26Z,recommendationservice,productcatalogservice,123429,123429,0,0,0,901599,122920
2026-10-04T14:08:26Z,recommendationservice,recommendationservice,0,0,0,0,0,0,0
2026-10-04T14:08:26Z,recommendationservice,redis-cart,0,0,0,0,0,0,0
2026-10-04T14:08:26Z,recommendationservice,shippingservice,0,0,0,0,0,0,0
2026-10-04T14:08:26Z,redis-cart,adservice,0,0,0,0,0,0,0
2026-10-04T14:08:26Z,redis-cart,cartservice,0,0,0,0,0,0,0
2026-10-04T14:08:26Z,redis-cart,checkoutservice,0,0,0,0,0,0,0
2026-10-04T14:08:26Z,redis-cart,currencyservice,0,0,0,0,0,0,0
2026-10-04T14:08:26Z,redis-cart,emailservice,0,0,0,0,0,0,0
2026-10-04T14:08:26Z,redis-cart,frontend,0,0,0,0,0,0,0
2026-10-04T14:08:26Z,redis-cart,kubernetes,0,0,0,0,0,0,0
2026-10-04T14:08:26Z,redis-cart,paymentservice,0,0,0,0,0,0,0
2026-10-04T14:08:26Z,redis-cart,productcatalogservice,0,0,0,0,0,0,0
2026-10-04T14:08:26Z,redis-cart,recommendationservice,0,0,0,0,0,0,0
2026-10-04T14:08:26Z,redis-cart,redis-cart,0,0,0,0,0,0,0
2026-10-04T14:08:26Z,redis-cart,shippingservice,0,0,0,0,0,0,0
2026-10-04T14:08:26Z,shippingservice,adservice,0,0,0,0,0,0,0
2026-10-04T14:08:26Z,shippingservice,cartservice,0,0,0,0,0,0,0
2026-10-04T14:08:26Z,shippingservice,checkoutservice,0,0,0,0,0,0,0
2026-10-04T14:08:26Z,shippingservice,currencyservice,0,0,0,0,0,0,0
2026-10-04T14:08:26Z,shippingservice,emailservice,0,0,0,0,0,0,0
2026-10-04T14:08:26Z,shippingservice,frontend,0,0,0,0,0,0,0
2026-10-04T14:08:26Z,shippingservice,kubernetes,0,0,0,0,0,0,0
2026-10-04T14:08:26Z,shippingservice,paymentservice,0,0,0,0,0,0,0
2026-10-04T14:08:26Z,shippingservice,productcatalogservice,0,0,0,0,0,0,0
2026-10-04T14:08:26Z,shippingservice,recommendationservice,0,0,0,0,0,0,0
2026-10-04T14:08:26Z,shippingservice,redis-cart,0,0,0,0,0,0,0
2026-10-04T14:08:26Z,shippingservice,shippingservice,0,0,0,0,0,0,0
2026-10-04T14:08:27Z,adservice,adservice,0,0,0,0,0,0,0
2026-10-04T14:08:27Z,adservice,cartservice,0,0,0,0,0,0,0
2026-10-04T14:08:27Z,adservice,checkoutservice,0,0,0,0,0,0,0
2026-10-04T14:08:27Z,adservice,currencyservice,0,0,0,0,0,0,0
2026-10-04T14:08:27Z,adservice,emailservice,0,0,0,0,0,0,0
2026-10-04T14:08:27Z,adservice,frontend,0,0,0,0,0,0,0
2026-10-04T14:08:27Z,adservice,kubernetes,0,0,0,0,0,0,0
2026-10-04T14:08:27Z,adservice,paymentservice,0,0,0,0,0,0,0
2026-10-04T14:08:27Z,adservice,productcatalogservice,0,0,0,0,0,0,0
2026-10-04T14:08:27Z,adservice,recommendationservice,0,0,0,0,0,0,0
2026-10-04T14:08:27Z,adservice,redis-cart,0,0,0,0,0,0,0
2026-10-04T14:08:27Z,adservice,shippingservice,0,0,0,0,0,0,0
2026-10-04T14:08:27Z,cartservice,adservice,0,0,0,0,0,0,0
2026-10-04T14:08:27Z,cartservice,cartservice,0,0,0,0,0,0,0
2026-10-04T14:08:27Z,cartservice,checkoutservice,0,0,0,0,0,0,0
2026-10-04T14:08:27Z,cartservice,currencyservice,0,0,0,0,0,0,0
2026-10-04T14:08:27Z,cartservice,emailservice,0,0,0,0,0,0,0
2026-10-04T14:08:27Z,cartservice,frontend,0,0,0,0,0,0,0
2026-10-04T14:08:27Z,cartservice,kubernetes,0,0,0,0,0,0,0
2026-10-04T14:08:27Z,cartservice,paymentservice,0,0,0,0,0,0,0
2026-10-04T14:08:27Z,cartservice,productcatalogservice,0,0,0,0,0,0,0
2026-10-04T14:08:27Z,cartservice,recommendationservice,0,0,0,0,0,0,0
2026-10-04T14:08:27Z,cartservice,redis-cart,2,0,0,0,0,0,0
2026-10-04T14:08:27Z,cartservice,shippingservice,0,0,0,0,0,0,0
2026-10-04T14:08:27Z,checkoutservice,adservice,0,0,0,0,0,0,0
2026-10-04T14:08:27Z,checkoutservice,cartservice,50278,49347,0,100,0,651795,49294
2026-10-04T14:08:27Z,checkoutservice,checkoutservice,0,0,0,0,0,0,0
2026-10-04T14:08:27Z,checkoutservice,currencyservice,36537,36537,0,0,0,545041,36511
2026-10-04T14:08:27Z,checkoutservice,emailservice,7775,7485,0,66,0,295458,7457
2026-10-04T14:08:27Z,checkoutservice,frontend,0,0,0,0,0,0,0
2026-10-04T14:08:27Z,checkoutservice,kubernetes,0,0,0,0,0,0,0
2026-10-04T14:08:27Z,checkoutservice,paymentservice,29803,27955,0,192,0,416344,27781
2026-10-04T14:08:27Z,checkoutservice,productcatalogservice,0,0,0,0,0,0,0
2026-10-04T14:08:27Z,checkoutservice,recommendationservice,0,0,0,0,0,0,0
2026-10-04T14:08:27Z,checkoutservice,redis-cart,0,0,0,0,0,0,0
2026-10-04T14:08:27Z,checkoutservice,shippingservice,55590,53487,0,154,0,489586,53433
2026-10-04T14:08:27Z,currencyservice,adservice,0,0,0,0,0,0,0
2026-10-04T14:08:27Z,currencyservice,cartservice,0,0,0,0,0,0,0
2026-10-04T14:08:27Z,currencyservice,checkoutservice,0,0,0,0,0,0,0
2026-10-04T14:08:27Z,currencyservice,currencyservice,0,0,0,0,0,0,0
2026-10-04T14:08:27Z,currencyservice,emailservice,0,0,0,0,0,0,0
2026-10-04T14:08:27Z,currencyservice,frontend,0,0,0,0,0,0,0
2026-10-04T14:08:27Z,currencyservice,kubernetes,0,0,0,0,0,0,0
2026-10-04T14:08:27Z,currencyservice,paymentservice,0,0,0,0,0,0,0
2026-10-04T14:08:27Z,currencyservice,productcatalogservice,0,0,0,0,0,0,0
2026-10-04T14:08:27Z,currencyservice,recommendationservice,0,0,0,0,0,0,0
2026-10-04T14:08:27Z,currencyservice,redis-cart,0,0,0,0,0,0,0
2026-10-04T14:08:27Z,currencyservice,shippingservice,0,0,0,0,0,0,0
2026-10-04T14:08:27Z,emailservice,adservice,0,0,0,0,0,0,0
2026-10-04T14:08:27Z,emailservice,cartservice,0,0,0,0,0,0,0
2026-10-04T14:08:27Z,emailservice,checkoutservice,0,0,0,0,0,0,0
2026-10-04T14:08:27Z,emailservice,currencyservice,0,0,0,0,0,0,0
2026-10-04T14:08:27Z,emailservice,emailservice,0,0,0,0,0,0,0
2026-10-04T14:08:27Z,emailservice,frontend,0,0,0,0,0,0,0
2026-10-04T14:08:27Z,emailservice,kubernetes,0,0,0,0,0,0,0
2026-10-04T14:08:27Z,emailservice,paymentservice,0,0,0,0,0,0,0
2026-10-04T14:08:27Z,emailservice,productcatalogservice,0,0,0,0,0,0,0
2026-10-04T14:08:27Z,emailservice,recommendationservice,0,0,0,0,0,0,0
2026-10-04T14:08:27Z,emailservice,redis-cart,0,0,0,0,0,0,0
2026-10-04T14:08:27Z,emailservice,shippingservice,0,0,0,0,0,0,0
2026-10-04T14:08:27Z,frontend,adservice,837366,837364,0,0,0,2524156,836775
2026-10-04T14:08:27Z,frontend,cartservice,1856335,1856319,0,0,4,10311089,1854754
2026-10-04T14:08:27Z,frontend,checkoutservice,395529,185559,0,40061,169943,62194071,185327
2026-10-04T14:08:27Z,frontend,currencyservice,2951299,2951291,0,0,0,15621155,2948745
2026-10-04T14:08:27Z,frontend,emailservice,0,0,0,0,0,0,0
2026-10-04T14:08:27Z,frontend,frontend,0,0,0,0,0,0,0
2026-10-04T14:08:27Z,frontend,kubernetes,0,0,0,0,0,0,0
2026-10-04T14:08:27Z,frontend,paymentservice,0,0,0,0,0,0,0
2026-10-04T14:08:27Z,frontend,productcatalogservice,8296928,8296854,0,0,0,56729095,8290453
2026-10-04T14:08:27Z,frontend,recommendationservice,2680364,1640365,0,108628,928859,807932456,1638899
2026-10-04T14:08:27Z,frontend,redis-cart,0,0,0,0,0,0,0
2026-10-04T14:08:27Z,frontend,shippingservice,307034,307032,0,0,0,932311,306813
2026-10-04T14:08:27Z,paymentservice,adservice,0,0,0,0,0,0,0
2026-10-04T14:08:27Z,paymentservice,cartservice,0,0,0,0,0,0,0
2026-10-04T14:08:27Z,paymentservice,checkoutservice,0,0,0,0,0,0,0
2026-10-04T14:08:27Z,paymentservice,currencyservice,0,0,0,0,0,0,0
2026-10-04T14:08:27Z,paymentservice,emailservice,0,0,0,0,0,0,0
2026-10-04T14:08:27Z,paymentservice,frontend,0,0,0,0,0,0,0
2026-10-04T14:08:27Z,paymentservice,kubernetes,0,0,0,0,0,0,0
2026-10-04T14:08:27Z,paymentservice,paymentservice,0,0,0,0,0,0,0
2026-10-04T14:08:27Z,paymentservice,productcatalogservice,0,0,0,0,0,0,0
2026-10-04T14:08:27Z,paymentservice,recommendationservice,0,0,0,0,0,0,0
2026-10-04T14:08:27Z,paymentservice,redis-cart,0,0,0,0,0,0,0
2026-10-04T14:08:27Z,paymentservice,shippingservice,0,0,0,0,0,0,0
2026-10-04T14:08:27Z,productcatalogservice,adservice,0,0,0,0,0,0,0
2026-10-04T14:08:27Z,productcatalogservice,cartservice,0,0,0,0,0,0,0
2026-10-04T14:08:27Z,productcatalogservice,checkoutservice,0,0,0,0,0,0,0
2026-10-04T14:08:27Z,productcatalogservice,currencyservice,0,0,0,0,0,0,0
2026-10-04T14:08:27Z,productcatalogservice,emailservice,0,0,0,0,0,0,0
2026-10-04T14:08:27Z,productcatalogservice,frontend,0,0,0,0,0,0,0
2026-10-04T14:08:27Z,productcatalogservice,kubernetes,0,0,0,0,0,0,0
2026-10-04T14:08:27Z,productcatalogservice,paymentservice,0,0,0,0,0,0,0
2026-10-04T14:08:27Z,productcatalogservice,productcatalogservice,0,0,0,0,0,0,0
2026-10-04T14:08:27Z,productcatalogservice,recommendationservice,0,0,0,0,0,0,0
2026-10-04T14:08:27Z,productcatalogservice,redis-cart,0,0,0,0,0,0,0
2026-10-04T14:08:27Z,productcatalogservice,shippingservice,0,0,0,0,0,0,0
2026-10-04T14:08:27Z,recommendationservice,adservice,0,0,0,0,0,0,0
2026-10-04T14:08:27Z,recommendationservice,cartservice,0,0,0,0,0,0,0
2026-10-04T14:08:27Z,recommendationservice,checkoutservice,0,0,0,0,0,0,0
2026-10-04T14:08:27Z,recommendationservice,currencyservice,0,0,0,0,0,0,0
2026-10-04T14:08:27Z,recommendationservice,emailservice,0,0,0,0,0,0,0
2026-10-04T14:08:27Z,recommendationservice,frontend,0,0,0,0,0,0,0
2026-10-04T14:08:27Z,recommendationservice,kubernetes,0,0,0,0,0,0,0
2026-10-04T14:08:27Z,recommendationservice,paymentservice,0,0,0,0,0,0,0
2026-10-04T14:08:27Z,recommendationservice,productcatalogservice,123847,123846,0,0,0,901599,122920
2026-10-04T14:08:27Z,recommendationservice,recommendationservice,0,0,0,0,0,0,0
2026-10-04T14:08:27Z,recommendationservice,redis-cart,0,0,0,0,0,0,0
2026-10-04T14:08:27Z,recommendationservice,shippingservice,0,0,0,0,0,0,0
2026-10-04T14:08:27Z,redis-cart,adservice,0,0,0,0,0,0,0
2026-10-04T14:08:27Z,redis-cart,cartservice,0,0,0,0,0,0,0
2026-10-04T14:08:27Z,redis-cart,checkoutservice,0,0,0,0,0,0,0
2026-10-04T14:08:27Z,redis-cart,currencyservice,0,0,0,0,0,0,0
2026-10-04T14:08:27Z,redis-cart,emailservice,0,0,0,0,0,0,0
2026-10-04T14:08:27Z,redis-cart,frontend,0,0,0,0,0,0,0
2026-10-04T14:08:27Z,redis-cart,kubernetes,0,0,0,0,0,0,0
2026-10-04T14:08:27Z,redis-cart,paymentservice,0,0,0,0,0,0,0
2026-10-04T14:08:27Z,redis-cart,productcatalogservice,0,0,0,0,0,0,0
2026-10-04T14:08:27Z,redis-cart,recommendationservice,0,0,0,0,0,0,0
2026-10-04T14:08:27Z,redis-cart,redis-cart,0,0,0,0,0,0,0
2026-10-04T14:08:27Z,redis-cart,shippingservice,0,0,0,0,0,0,0
2026-10-04T14:08:27Z,shippingservice,adservice,0,0,0,0,0,0,0
2026-10-04T14:08:27Z,shippingservice,cartservice,0,0,0,0,0,0,0
2026-10-04T14:08:27Z,shippingservice,checkoutservice,0,0,0,0,0,0,0
2026-10-04T14:08:27Z,shippingservice,currencyservice,0,0,0,0,0,0,0
2026-10-04T14:08:27Z,shippingservice,emailservice,0,0,0,0,0,0,0
2026-10-04T14:08:27Z,shippingservice,frontend,0,0,0,0,0,0,0
2026-10-04T14:08:27Z,shippingservice,kubernetes,0,0,0,0,0,0,0
2026-10-04T14:08:27Z,shippingservice,paymentservice,0,0,0,0,0,0,0
2026-10-04T14:08:27Z,shippingservice,productcatalogservice,0,0,0,0,0,0,0
2026-10-04T14:08:27Z,shippingservice,recommendationservice,0,0,0,0,0,0,0
2026-10-04T14:08:27Z,shippingservice,redis-cart,0,0,0,0,0,0,0
2026-10-04T14:08:27Z,shippingservice,shippingservice,0,0,0,0,0,0,0
2026-10-04T14:08:28Z,adservice,adservice,0,0,0,0,0,0,0
2026-10-04T14:08:28Z,adservice,cartservice,0,0,0,0,0,0,0
2026-10-04T14:08:28Z,adservice,checkoutservice,0,0,0,0,0,0,0
2026-10-04T14:08:28Z,adservice,currencyservice,0,0,0,0,0,0,0
2026-10-04T14:08:28Z,adservice,emailservice,0,0,0,0,0,0,0
2026-10-04T14:08:28Z,adservice,frontend,0,0,0,0,0,0,0
2026-10-04T14:08:28Z,adservice,kubernetes,0,0,0,0,0,0,0
2026-10-04T14:08:28Z,adservice,paymentservice,0,0,0,0,0,0,0
2026-10-04T14:08:28Z,adservice,productcatalogservice,0,0,0,0,0,0,0
2026-10-04T14:08:28Z,adservice,recommendationservice,0,0,0,0,0,0,0
2026-10-04T14:08:28Z,adservice,redis-cart,0,0,0,0,0,0,0
2026-10-04T14:08:28Z,adservice,shippingservice,0,0,0,0,0,0,0
2026-10-04T14:08:28Z,cartservice,adservice,0,0,0,0,0,0,0
2026-10-04T14:08:28Z,cartservice,cartservice,0,0,0,0,0,0,0
2026-10-04T14:08:28Z,cartservice,checkoutservice,0,0,0,0,0,0,0
2026-10-04T14:08:28Z,cartservice,currencyservice,0,0,0,0,0,0,0
2026-10-04T14:08:28Z,cartservice,emailservice,0,0,0,0,0,0,0
2026-10-04T14:08:28Z,cartservice,frontend,0,0,0,0,0,0,0
2026-10-04T14:08:28Z,cartservice,kubernetes,0,0,0,0,0,0,0
2026-10-04T14:08:28Z,cartservice,paymentservice,0,0,0,0,0,0,0
2026-10-04T14:08:28Z,cartservice,productcatalogservice,0,0,0,0,0,0,0
2026-10-04T14:08:28Z,cartservice,recommendationservice,0,0,0,0,0,0,0
2026-10-04T14:08:28Z,cartservice,redis-cart,2,0,0,0,0,0,0
2026-10-04T14:08:28Z,cartservice,shippingservice,0,0,0,0,0,0,0
2026-10-04T14:08:28Z,checkoutservice,adservice,0,0,0,0,0,0,0
2026-10-04T14:08:28Z,checkoutservice,cartservice,50379,49448,0,100,0,651795,49294
2026-10-04T14:08:28Z,checkoutservice,checkoutservice,0,0,0,0,0,0,0
2026-10-04T14:08:28Z,checkoutservice,currencyservice,36586,36584,0,0,0,545041,36511
2026-10-04T14:08:28Z,checkoutservice,emailservice,7811,7525,0,66,0,295458,7457
2026-10-04T14:08:28Z,checkoutservice,frontend,0,0,0,0,0,0,0
2026-10-04T14:08:28Z,checkoutservice,kubernetes,0,0,0,0,0,0,0
2026-10-04T14:08:28Z,checkoutservice,paymentservice,29849,28001,0,192,0,416344,27781
2026-10-04T14:08:28Z,checkoutservice,productcatalogservice,0,0,0,0,0,0,0
2026-10-04T14:08:28Z,checkoutservice,recommendationservice,0,0,0,0,0,0,0
2026-10-04T14:08:28Z,checkoutservice,redis-cart,0,0,0,0,0,0,0
2026-10-04T14:08:28Z,checkoutservice,shippingservice,55686,53583,0,154,0,489586,53433
2026-10-04T14:08:28Z,currencyservice,adservice,0,0,0,0,0,0,0
2026-10-04T14:08:28Z,currencyservice,cartservice,0,0,0,0,0,0,0
2026-10-04T14:08:28Z,currencyservice,checkoutservice,0,0,0,0,0,0,0
2026-10-04T14:08:28Z,currencyservice,currencyservice,0,0,0,0,0,0,0
2026-10-04T14:08:28Z,currencyservice,emailservice,0,0,0,0,0,0,0
2026-10-04T14:08:28Z,currencyservice,frontend,0,0,0,0,0,0,0
2026-10-04T14:08:28Z,currencyservice,kubernetes,0,0,0,0,0,0,0
2026-10-04T14:08:28Z,currencyservice,paymentservice,0,0,0,0,0,0,0
2026-10-04T14:08:28Z,currencyservice,productcatalogservice,0,0,0,0,0,0,0
2026-10-04T14:08:28Z,currencyservice,recommendationservice,0,0,0,0,0,0,0
2026-10-04T14:08:28Z,currencyservice,redis-cart,0,0,0,0,0,0,0
2026-10-04T14:08:28Z,currencyservice,shippingservice,0,0,0,0,0,0,0
2026-10-04T14:08:28Z,emailservice,adservice,0,0,0,0,0,0,0
2026-10-04T14:08:28Z,emailservice,cartservice,0,0,0,0,0,0,0
2026-10-04T14:08:28Z,emailservice,checkoutservice,0,0,0,0,0,0,0
2026-10-04T14:08:28Z,emailservice,currencyservice,0,0,0,0,0,0,0
2026-10-04T14:08:28Z,emailservice,emailservice,0,0,0,0,0,0,0
2026-10-04T14:08:28Z,emailservice,frontend,0,0,0,0,0,0,0
2026-10-04T14:08:28Z,emailservice,kubernetes,0,0,0,0,0,0,0
2026-10-04T14:08:28Z,emailservice,paymentservice,0,0,0,0,0,0,0
2026-10-04T14:08:28Z,emailservice,productcatalogservice,0,0,0,0,0,0,0
2026-10-04T14:08:28Z,emailservice,recommendationservice,0,0,0,0,0,0,0
2026-10-04T14:08:28Z,emailservice,redis-cart,0,0,0,0,0,0,0
2026-10-04T14:08:28Z,emailservice,shippingservice,0,0,0,0,0,0,0
2026-10-04T14:08:28Z,frontend,adservice,837548,837546,0,0,0,2524554,836930
2026-10-04T14:08:28Z,frontend,cartservice,1856756,1856744,0,0,4,10313358,1855257
2026-10-04T14:08:28Z,frontend,checkoutservice,395582,185612,0,40061,169943,62202026,185394
2026-10-04T14:08:28Z,frontend,currencyservice,2951987,2951976,0,0,0,15624760,2949563
2026-10-04T14:08:28Z,frontend,emailservice,0,0,0,0,0,0,0
2026-10-04T14:08:28Z,frontend,frontend,0,0,0,0,0,0,0
2026-10-04T14:08:28Z,frontend,kubernetes,0,0,0,0,0,0,0
2026-10-04T14:08:28Z,frontend,paymentservice,0,0,0,0,0,0,0
2026-10-04T14:08:28Z,frontend,productcatalogservice,8298810,8298726,0,0,0,56742768,8292242
2026-10-04T14:08:28Z,frontend,recommendationservice,2681087,1640779,0,108651,929153,808319856,1639402
2026-10-04T14:08:28Z,frontend,redis-cart,0,0,0,0,0,0,0
2026-10-04T14:08:28Z,frontend,shippingservice,307103,307100,0,0,0,932448,306877
2026-10-04T14:08:28Z,paymentservice,adservice,0,0,0,0,0,0,0
2026-10-04T14:08:28Z,paymentservice,cartservice,0,0,0,0,0,0,0
2026-10-04T14:08:28Z,paymentservice,checkoutservice,0,0,0,0,0,0,0
2026-10-04T14:08:28Z,paymentservice,currencyservice,0,0,0,0,0,0,0
2026-10-04T14:08:28Z,paymentservice,emailservice,0,0,0,0,0,0,0
2026-10-04T14:08:28Z,paymentservice,frontend,0,0,0,0,0,0,0
2026-10-04T14:08:28Z,paymentservice,kubernetes,0,0,0,0,0,0,0
2026-10-04T14:08:28Z,paymentservice,paymentservice,0,0,0,0,0,0,0
2026-10-04T14:08:28Z,paymentservice,productcatalogservice,0,0,0,0,0,0,0
2026-10-04T14:08:28Z,paymentservice,recommendationservice,0,0,0,0,0,0,0
2026-10-04T14:08:28Z,paymentservice,redis-cart,0,0,0,0,0,0,0
2026-10-04T14:08:28Z,paymentservice,shippingservice,0,0,0,0,0,0,0
2026-10-04T14:08:28Z,productcatalogservice,adservice,0,0,0,0,0,0,0
2026-10-04T14:08:28Z,productcatalogservice,cartservice,0,0,0,0,0,0,0
2026-10-04T14:08:28Z,productcatalogservice,checkoutservice,0,0,0,0,0,0,0
2026-10-04T14:08:28Z,productcatalogservice,currencyservice,0,0,0,0,0,0,0
2026-10-04T14:08:28Z,productcatalogservice,emailservice,0,0,0,0,0,0,0
2026-10-04T14:08:28Z,productcatalogservice,frontend,0,0,0,0,0,0,0
2026-10-04T14:08:28Z,productcatalogservice,kubernetes,0,0,0,0,0,0,0
2026-10-04T14:08:28Z,productcatalogservice,paymentservice,0,0,0,0,0,0,0
2026-10-04T14:08:28Z,productcatalogservice,productcatalogservice,0,0,0,0,0,0,0
2026-10-04T14:08:28Z,productcatalogservice,recommendationservice,0,0,0,0,0,0,0
2026-10-04T14:08:28Z,productcatalogservice,redis-cart,0,0,0,0,0,0,0
2026-10-04T14:08:28Z,productcatalogservice,shippingservice,0,0,0,0,0,0,0
2026-10-04T14:08:28Z,recommendationservice,adservice,0,0,0,0,0,0,0
2026-10-04T14:08:28Z,recommendationservice,cartservice,0,0,0,0,0,0,0
2026-10-04T14:08:28Z,recommendationservice,checkoutservice,0,0,0,0,0,0,0
2026-10-04T14:08:28Z,recommendationservice,currencyservice,0,0,0,0,0,0,0
2026-10-04T14:08:28Z,recommendationservice,emailservice,0,0,0,0,0,0,0
2026-10-04T14:08:28Z,recommendationservice,frontend,0,0,0,0,0,0,0
2026-10-04T14:08:28Z,recommendationservice,kubernetes,0,0,0,0,0,0,0
2026-10-04T14:08:28Z,recommendationservice,paymentservice,0,0,0,0,0,0,0
2026-10-04T14:08:28Z,recommendationservice,productcatalogservice,124271,124271,0,0,0,901599,122920
2026-10-04T14:08:28Z,recommendationservice,recommendationservice,0,0,0,0,0,0,0
2026-10-04T14:08:28Z,recommendationservice,redis-cart,0,0,0,0,0,0,0
2026-10-04T14:08:28Z,recommendationservice,shippingservice,0,0,0,0,0,0,0
2026-10-04T14:08:28Z,redis-cart,adservice,0,0,0,0,0,0,0
2026-10-04T14:08:28Z,redis-cart,cartservice,0,0,0,0,0,0,0
2026-10-04T14:08:28Z,redis-cart,checkoutservice,0,0,0,0,0,0,0
2026-10-04T14:08:28Z,redis-cart,currencyservice,0,0,0,0,0,0,0
2026-10-04T14:08:28Z,redis-cart,emailservice,0,0,0,0,0,0,0
2026-10-04T14:08:28Z,redis-cart,frontend,0,0,0,0,0,0,0
2026-10-04T14:08:28Z,redis-cart,kubernetes,0,0,0,0,0,0,0
2026-10-04T14:08:28Z,redis-cart,paymentservice,0,0,0,0,0,0,0
2026-10-04T14:08:28Z,redis-cart,productcatalogservice,0,0,0,0,0,0,0
2026-10-04T14:08:28Z,redis-cart,recommendationservice,0,0,0,0,0,0,0
2026-10-04T14:08:28Z,redis-cart,redis-cart,0,0,0,0,0,0,0
2026-10-04T14:08:28Z,redis-cart,shippingservice,0,0,0,0,0,0,0
2026-10-04T14:08:28Z,shippingservice,adservice,0,0,0,0,0,0,0
2026-10-04T14:08:28Z,shippingservice,cartservice,0,0,0,0,0,0,0
2026-10-04T14:08:28Z,shippingservice,checkoutservice,0,0,0,0,0,0,0
2026-10-04T14:08:28Z,shippingservice,currencyservice,0,0,0,0,0,0,0
2026-10-04T14:08:28Z,shippingservice,emailservice,0,0,0,0,0,0,0
2026-10-04T14:08:28Z,shippingservice,frontend,0,0,0,0,0,0,0
2026-10-04T14:08:28Z,shippingservice,kubernetes,0,0,0,0,0,0,0
2026-10-04T14:08:28Z,shippingservice,paymentservice,0,0,0,0,0,0,0
2026-10-04T14:08:28Z,shippingservice,productcatalogservice,0,0,0,0,0,0,0
2026-10-04T14:08:28Z,shippingservice,recommendationservice,0,0,0,0,0,0,0
2026-10-04T14:08:28Z,shippingservice,redis-cart,0,0,0,0,0,0,0
2026-10-04T14:08:28Z,shippingservice,shippingservice,0,0,0,0,0,0,0
2026-10-04T14:08:29Z,adservice,adservice,0,0,0,0,0,0,0
2026-10-04T14:08:29Z,adservice,cartservice,0,0,0,0,0,0,0
2026-10-04T14:08:29Z,adservice,checkoutservice,0,0,0,0,0,0,0
2026-10-04T14:08:29Z,adservice,currencyservice,0,0,0,0,0,0,0
2026-10-04T14:08:29Z,adservice,emailservice,0,0,0,0,0,0,0
2026-10-04T14:08:29Z,adservice,frontend,0,0,0,0,0,0,0
2026-10-04T14:08:29Z,adservice,kubernetes,0,0,0,0,0,0,0
2026-10-04T14:08:29Z,adservice,paymentservice,0,0,0,0,0,0,0
2026-10-04T14:08:29Z,adservice,productcatalogservice,0,0,0,0,0,0,0
2026-10-04T14:08:29Z,adservice,recommendationservice,0,0,0,0,0,0,0
2026-10-04T14:08:29Z,adservice,redis-cart,0,0,0,0,0,0,0
2026-10-04T14:08:29Z,adservice,shippingservice,0,0,0,0,0,0,0
2026-10-04T14:08:29Z,cartservice,adservice,0,0,0,0,0,0,0
2026-10-04T14:08:29Z,cartservice,cartservice,0,0,0,0,0,0,0
2026-10-04T14:08:29Z,cartservice,checkoutservice,0,0,0,0,0,0,0
2026-10-04T14:08:29Z,cartservice,currencyservice,0,0,0,0,0,0,0
2026-10-04T14:08:29Z,cartservice,emailservice,0,0,0,0,0,0,0
2026-10-04T14:08:29Z,cartservice,frontend,0,0,0,0,0,0,0
2026-10-04T14:08:29Z,cartservice,kubernetes,0,0,0,0,0,0,0
2026-10-04T14:08:29Z,cartservice,paymentservice,0,0,0,0,0,0,0
2026-10-04T14:08:29Z,cartservice,productcatalogservice,0,0,0,0,0,0,0
2026-10-04T14:08:29Z,cartservice,recommendationservice,0,0,0,0,0,0,0
2026-10-04T14:08:29Z,cartservice,redis-cart,2,0,0,0,0,0,0
2026-10-04T14:08:29Z,cartservice,shippingservice,0,0,0,0,0,0,0
2026-10-04T14:08:29Z,checkoutservice,adservice,0,0,0,0,0,0,0
2026-10-04T14:08:29Z,checkoutservice,cartservice,50496,49565,0,100,0,651795,49294
2026-10-04T14:08:29Z,checkoutservice,checkoutservice,0,0,0,0,0,0,0
2026-10-04T14:08:29Z,checkoutservice,currencyservice,36645,36645,0,0,0,545041,36511
2026-10-04T14:08:29Z,checkoutservice,emailservice,7877,7591,0,66,0,295458,7457
2026-10-04T14:08:29Z,checkoutservice,frontend,0,0,0,0,0,0,0
2026-10-04T14:08:29Z,checkoutservice,kubernetes,0,0,0,0,0,0,0
2026-10-04T14:08:29Z,checkoutservice,paymentservice,29909,28061,0,192,0,416344,27781
2026-10-04T14:08:29Z,checkoutservice,productcatalogservice,0,0,0,0,0,0,0
2026-10-04T14:08:29Z,checkoutservice,recommendationservice,0,0,0,0,0,0,0
2026-10-04T14:08:29Z,checkoutservice,redis-cart,0,0,0,0,0,0,0
2026-10-04T14:08:29Z,checkoutservice,shippingservice,55808,53705,0,154,0,489586,53433
2026-10-04T14:08:29Z,currencyservice,adservice,0,0,0,0,0,0,0
2026-10-04T14:08:29Z,currencyservice,cartservice,0,0,0,0,0,0,0
2026-10-04T14:08:29Z,currencyservice,checkoutservice,0,0,0,0,0,0,0
2026-10-04T14:08:29Z,currencyservice,currencyservice,0,0,0,0,0,0,0
2026-10-04T14:08:29Z,currencyservice,emailservice,0,0,0,0,0,0,0
2026-10-04T14:08:29Z,currencyservice,frontend,0,0,0,0,0,0,0
2026-10-04T14:08:29Z,currencyservice,kubernetes,0,0,0,0,0,0,0
2026-10-04T14:08:29Z,currencyservice,paymentservice,0,0,0,0,0,0,0
2026-10-04T14:08:29Z,currencyservice,productcatalogservice,0,0,0,0,0,0,0
2026-10-04T14:08:29Z,currencyservice,recommendationservice,0,0,0,0,0,0,0
2026-10-04T14:08:29Z,currencyservice,redis-cart,0,0,0,0,0,0,0
2026-10-04T14:08:29Z,currencyservice,shippingservice,0,0,0,0,0,0,0
2026-10-04T14:08:29Z,emailservice,adservice,0,0,0,0,0,0,0
2026-10-04T14:08:29Z,emailservice,cartservice,0,0,0,0,0,0,0
2026-10-04T14:08:29Z,emailservice,checkoutservice,0,0,0,0,0,0,0
2026-10-04T14:08:29Z,emailservice,currencyservice,0,0,0,0,0,0,0
2026-10-04T14:08:29Z,emailservice,emailservice,0,0,0,0,0,0,0
2026-10-04T14:08:29Z,emailservice,frontend,0,0,0,0,0,0,0
2026-10-04T14:08:29Z,emailservice,kubernetes,0,0,0,0,0,0,0
2026-10-04T14:08:29Z,emailservice,paymentservice,0,0,0,0,0,0,0
2026-10-04T14:08:29Z,emailservice,productcatalogservice,0,0,0,0,0,0,0
2026-10-04T14:08:29Z,emailservice,recommendationservice,0,0,0,0,0,0,0
2026-10-04T14:08:29Z,emailservice,redis-cart,0,0,0,0,0,0,0
2026-10-04T14:08:29Z,emailservice,shippingservice,0,0,0,0,0,0,0
2026-10-04T14:08:29Z,frontend,adservice,837697,837695,0,0,0,2526442,837577
2026-10-04T14:08:29Z,frontend,cartservice,1857188,1857175,0,0,4,10320526,1856833
2026-10-04T14:08:29Z,frontend,checkoutservice,395648,185671,0,40061,169943,62231674,185626
2026-10-04T14:08:29Z,frontend,currencyservice,2952683,2952674,0,0,0,15634741,2952123
2026-10-04T14:08:29Z,frontend,emailservice,0,0,0,0,0,0,0
2026-10-04T14:08:29Z,frontend,frontend,0,0,0,0,0,0,0
2026-10-04T14:08:29Z,frontend,kubernetes,0,0,0,0,0,0,0
2026-10-04T14:08:29Z,frontend,paymentservice,0,0,0,0,0,0,0
2026-10-04T14:08:29Z,frontend,productcatalogservice,8300467,8300388,0,0,0,56785081,8299037
2026-10-04T14:08:29Z,frontend,recommendationservice,2681788,1641155,0,108689,929423,809394181,1640830
2026-10-04T14:08:29Z,frontend,redis-cart,0,0,0,0,0,0,0
2026-10-04T14:08:29Z,frontend,shippingservice,307156,307154,0,0,0,933060,307114
2026-10-04T14:08:29Z,paymentservice,adservice,0,0,0,0,0,0,0
2026-10-04T14:08:29Z,paymentservice,cartservice,0,0,0,0,0,0,0
2026-10-04T14:08:29Z,paymentservice,checkoutservice,0,0,0,0,0,0,0
2026-10-04T14:08:29Z,paymentservice,currencyservice,0,0,0,0,0,0,0
2026-10-04T14:08:29Z,paymentservice,emailservice,0,0,0,0,0,0,0
2026-10-04T14:08:29Z,paymentservice,frontend,0,0,0,0,0,0,0
2026-10-04T14:08:29Z,paymentservice,kubernetes,0,0,0,0,0,0,0
2026-10-04T14:08:29Z,paymentservice,paymentservice,0,0,0,0,0,0,0
2026-10-04T14:08:29Z,paymentservice,productcatalogservice,0,0,0,0,0,0,0
2026-10-04T14:08:29Z,paymentservice,recommendationservice,0,0,0,0,0,0,0
2026-10-04T14:08:29Z,paymentservice,redis-cart,0,0,0,0,0,0,0
2026-10-04T14:08:29Z,paymentservice,shippingservice,0,0,0,0,0,0,0
2026-10-04T14:08:29Z,productcatalogservice,adservice,0,0,0,0,0,0,0
2026-10-04T14:08:29Z,productcatalogservice,cartservice,0,0,0,0,0,0,0
2026-10-04T14:08:29Z,productcatalogservice,checkoutservice,0,0,0,0,0,0,0
2026-10-04T14:08:29Z,productcatalogservice,currencyservice,0,0,0,0,0,0,0
2026-10-04T14:08:29Z,productcatalogservice,emailservice,0,0,0,0,0,0,0
2026-10-04T14:08:29Z,productcatalogservice,frontend,0,0,0,0,0,0,0
2026-10-04T14:08:29Z,productcatalogservice,kubernetes,0,0,0,0,0,0,0
2026-10-04T14:08:29Z,productcatalogservice,paymentservice,0,0,0,0,0,0,0
2026-10-04T14:08:29Z,productcatalogservice,productcatalogservice,0,0,0,0,0,0,0
2026-10-04T14:08:29Z,productcatalogservice,recommendationservice,0,0,0,0,0,0,0
2026-10-04T14:08:29Z,productcatalogservice,redis-cart,0,0,0,0,0,0,0
2026-10-04T14:08:29Z,productcatalogservice,shippingservice,0,0,0,0,0,0,0
2026-10-04T14:08:29Z,recommendationservice,adservice,0,0,0,0,0,0,0
2026-10-04T14:08:29Z,recommendationservice,cartservice,0,0,0,0,0,0,0
2026-10-04T14:08:29Z,recommendationservice,checkoutservice,0,0,0,0,0,0,0
2026-10-04T14:08:29Z,recommendationservice,currencyservice,0,0,0,0,0,0,0
2026-10-04T14:08:29Z,recommendationservice,emailservice,0,0,0,0,0,0,0
2026-10-04T14:08:29Z,recommendationservice,frontend,0,0,0,0,0,0,0
2026-10-04T14:08:29Z,recommendationservice,kubernetes,0,0,0,0,0,0,0
2026-10-04T14:08:29Z,recommendationservice,paymentservice,0,0,0,0,0,0,0
2026-10-04T14:08:29Z,recommendationservice,productcatalogservice,124722,124714,0,0,0,901599,122920
2026-10-04T14:08:29Z,recommendationservice,recommendationservice,0,0,0,0,0,0,0
2026-10-04T14:08:29Z,recommendationservice,redis-cart,0,0,0,0,0,0,0
2026-10-04T14:08:29Z,recommendationservice,shippingservice,0,0,0,0,0,0,0
2026-10-04T14:08:29Z,redis-cart,adservice,0,0,0,0,0,0,0
2026-10-04T14:08:29Z,redis-cart,cartservice,0,0,0,0,0,0,0
2026-10-04T14:08:29Z,redis-cart,checkoutservice,0,0,0,0,0,0,0
2026-10-04T14:08:29Z,redis-cart,currencyservice,0,0,0,0,0,0,0
2026-10-04T14:08:29Z,redis-cart,emailservice,0,0,0,0,0,0,0
2026-10-04T14:08:29Z,redis-cart,frontend,0,0,0,0,0,0,0
2026-10-04T14:08:29Z,redis-cart,kubernetes,0,0,0,0,0,0,0
2026-10-04T14:08:29Z,redis-cart,paymentservice,0,0,0,0,0,0,0
2026-10-04T14:08:29Z,redis-cart,productcatalogservice,0,0,0,0,0,0,0
2026-10-04T14:08:29Z,redis-cart,recommendationservice,0,0,0,0,0,0,0
2026-10-04T14:08:29Z,redis-cart,redis-cart,0,0,0,0,0,0,0
2026-10-04T14:08:29Z,redis-cart,shippingservice,0,0,0,0,0,0,0
2026-10-04T14:08:29Z,shippingservice,adservice,0,0,0,0,0,0,0
2026-10-04T14:08:29Z,shippingservice,cartservice,0,0,0,0,0,0,0
2026-10-04T14:08:29Z,shippingservice,checkoutservice,0,0,0,0,0,0,0
2026-10-04T14:08:29Z,shippingservice,currencyservice,0,0,0,0,0,0,0
2026-10-04T14:08:29Z,shippingservice,emailservice,0,0,0,0,0,0,0
2026-10-04T14:08:29Z,shippingservice,frontend,0,0,0,0,0,0,0
2026-10-04T14:08:29Z,shippingservice,kubernetes,0,0,0,0,0,0,0
2026-10-04T14:08:29Z,shippingservice,paymentservice,0,0,0,0,0,0,0
2026-10-04T14:08:29Z,shippingservice,productcatalogservice,0,0,0,0,0,0,0
2026-10-04T14:08:29Z,shippingservice,recommendationservice,0,0,0,0,0,0,0
2026-10-04T14:08:29Z,shippingservice,redis-cart,0,0,0,0,0,0,0
2026-10-04T14:08:29Z,shippingservice,shippingservice,0,0,0,0,0,0,0
2026-10-04T14:08:30Z,adservice,adservice,0,0,0,0,0,0,0
2026-10-04T14:08:30Z,adservice,cartservice,0,0,0,0,0,0,0
2026-10-04T14:08:30Z,adservice,checkoutservice,0,0,0,0,0,0,0
2026-10-04T14:08:30Z,adservice,currencyservice,0,0,0,0,0,0,0
2026-10-04T14:08:30Z,adservice,emailservice,0,0,0,0,0,0,0
2026-10-04T14:08:30Z,adservice,frontend,0,0,0,0,0,0,0
2026-10-04T14:08:30Z,adservice,kubernetes,0,0,0,0,0,0,0
2026-10-04T14:08:30Z,adservice,paymentservice,0,0,0,0,0,0,0
2026-10-04T14:08:30Z,adservice,productcatalogservice,0,0,0,0,0,0,0
2026-10-04T14:08:30Z,adservice,recommendationservice,0,0,0,0,0,0,0
2026-10-04T14:08:30Z,adservice,redis-cart,0,0,0,0,0,0,0
2026-10-04T14:08:30Z,adservice,shippingservice,0,0,0,0,0,0,0
2026-10-04T14:08:30Z,cartservice,adservice,0,0,0,0,0,0,0
2026-10-04T14:08:30Z,cartservice,cartservice,0,0,0,0,0,0,0
2026-10-04T14:08:30Z,cartservice,checkoutservice,0,0,0,0,0,0,0
2026-10-04T14:08:30Z,cartservice,currencyservice,0,0,0,0,0,0,0
2026-10-04T14:08:30Z,cartservice,emailservice,0,0,0,0,0,0,0
2026-10-04T14:08:30Z,cartservice,frontend,0,0,0,0,0,0,0
2026-10-04T14:08:30Z,cartservice,kubernetes,0,0,0,0,0,0,0
2026-10-04T14:08:30Z,cartservice,paymentservice,0,0,0,0,0,0,0
2026-10-04T14:08:30Z,cartservice,productcatalogservice,0,0,0,0,0,0,0
2026-10-04T14:08:30Z,cartservice,recommendationservice,0,0,0,0,0,0,0
2026-10-04T14:08:30Z,cartservice,redis-cart,2,0,0,0,0,0,0
2026-10-04T14:08:30Z,cartservice,shippingservice,0,0,0,0,0,0,0
2026-10-04T14:08:30Z,checkoutservice,adservice,0,0,0,0,0,0,0
2026-10-04T14:08:30Z,checkoutservice,cartservice,50628,49697,0,100,0,651795,49294
2026-10-04T14:08:30Z,checkoutservice,checkoutservice,0,0,0,0,0,0,0
2026-10-04T14:08:30Z,checkoutservice,currencyservice,36713,36713,0,0,0,545041,36511
2026-10-04T14:08:30Z,checkoutservice,emailservice,7948,7662,0,66,0,295458,7457
2026-10-04T14:08:30Z,checkoutservice,frontend,0,0,0,0,0,0,0
2026-10-04T14:08:30Z,checkoutservice,kubernetes,0,0,0,0,0,0,0
2026-10-04T14:08:30Z,checkoutservice,paymentservice,29978,28130,0,192,0,416344,27781
2026-10-04T14:08:30Z,checkoutservice,productcatalogservice,0,0,0,0,0,0,0
2026-10-04T14:08:30Z,checkoutservice,recommendationservice,0,0,0,0,0,0,0
2026-10-04T14:08:30Z,checkoutservice,redis-cart,0,0,0,0,0,0,0
2026-10-04T14:08:30Z,checkoutservice,shippingservice,55941,53838,0,154,0,489586,53433
2026-10-04T14:08:30Z,currencyservice,adservice,0,0,0,0,0,0,0
2026-10-04T14:08:30Z,currencyservice,cartservice,0,0,0,0,0,0,0
2026-10-04T14:08:30Z,currencyservice,checkoutservice,0,0,0,0,0,0,0
2026-10-04T14:08:30Z,currencyservice,currencyservice,0,0,0,0,0,0,0
2026-10-04T14:08:30Z,currencyservice,emailservice,0,0,0,0,0,0,0
2026-10-04T14:08:30Z,currencyservice,frontend,0,0,0,0,0,0,0
2026-10-04T14:08:30Z,currencyservice,kubernetes,0,0,0,0,0,0,0
2026-10-04T14:08:30Z,currencyservice,paymentservice,0,0,0,0,0,0,0
2026-10-04T14:08:30Z,currencyservice,productcatalogservice,0,0,0,0,0,0,0
2026-10-04T14:08:30Z,currencyservice,recommendationservice,0,0,0,0,0,0,0
2026-10-04T14:08:30Z,currencyservice,redis-cart,0,0,0,0,0,0,0
2026-10-04T14:08:30Z,currencyservice,shippingservice,0,0,0,0,0,0,0
2026-10-04T14:08:30Z,emailservice,adservice,0,0,0,0,0,0,0
2026-10-04T14:08:30Z,emailservice,cartservice,0,0,0,0,0,0,0
2026-10-04T14:08:30Z,emailservice,checkoutservice,0,0,0,0,0,0,0
2026-10-04T14:08:30Z,emailservice,currencyservice,0,0,0,0,0,0,0
2026-10-04T14:08:30Z,emailservice,emailservice,0,0,0,0,0,0,0
2026-10-04T14:08:30Z,emailservice,frontend,0,0,0,0,0,0,0
2026-10-04T14:08:30Z,emailservice,kubernetes,0,0,0,0,0,0,0
2026-10-04T14:08:30Z,emailservice,paymentservice,0,0,0,0,0,0,0
2026-10-04T14:08:30Z,emailservice,productcatalogservice,0,0,0,0,0,0,0
2026-10-04T14:08:30Z,emailservice,recommendationservice,0,0,0,0,0,0,0
2026-10-04T14:08:30Z,emailservice,redis-cart,0,0,0,0,0,0,0
2026-10-04T14:08:30Z,emailservice,shippingservice,0,0,0,0,0,0,0
2026-10-04T14:08:30Z,frontend,adservice,837831,837829,0,0,0,2526442,837577
2026-10-04T14:08:30Z,frontend,cartservice,1857559,1857546,0,0,4,10320526,1856833
2026-10-04T14:08:30Z,frontend,checkoutservice,395712,185736,0,40061,169943,62231674,185626
2026-10-04T14:08:30Z,frontend,currencyservice,2953287,2953270,0,0,0,15634741,2952123
2026-10-04T14:08:30Z,frontend,emailservice,0,0,0,0,0,0,0
2026-10-04T14:08:30Z,frontend,frontend,0,0,0,0,0,0,0
2026-10-04T14:08:30Z,frontend,kubernetes,0,0,0,0,0,0,0
2026-10-04T14:08:30Z,frontend,paymentservice,0,0,0,0,0,0,0
2026-10-04T14:08:30Z,frontend,productcatalogservice,8302004,8301928,0,0,0,56785081,8299037
2026-10-04T14:08:30Z,frontend,recommendationservice,2682487,1641487,0,108707,929756,809394181,1640830
2026-10-04T14:08:30Z,frontend,redis-cart,0,0,0,0,0,0,0
2026-10-04T14:08:30Z,frontend,shippingservice,307207,307205,0,0,0,933060,307114
2026-10-04T14:08:30Z,paymentservice,adservice,0,0,0,0,0,0,0
2026-10-04T14:08:30Z,paymentservice,cartservice,0,0,0,0,0,0,0
2026-10-04T14:08:30Z,paymentservice,checkoutservice,0,0,0,0,0,0,0
2026-10-04T14:08:30Z,paymentservice,currencyservice,0,0,0,0,0,0,0
2026-10-04T14:08:30Z,paymentservice,emailservice,0,0,0,0,0,0,0
2026-10-04T14:08:30Z,paymentservice,frontend,0,0,0,0,0,0,0
2026-10-04T14:08:30Z,paymentservice,kubernetes,0,0,0,0,0,0,0
2026-10-04T14:08:30Z,paymentservice,paymentservice,0,0,0,0,0,0,0
2026-10-04T14:08:30Z,paymentservice,productcatalogservice,0,0,0,0,0,0,0
2026-10-04T14:08:30Z,paymentservice,recommendationservice,0,0,0,0,0,0,0
2026-10-04T14:08:30Z,paymentservice,redis-cart,0,0,0,0,0,0,0
2026-10-04T14:08:30Z,paymentservice,shippingservice,0,0,0,0,0,0,0
2026-10-04T14:08:30Z,productcatalogservice,adservice,0,0,0,0,0,0,0
2026-10-04T14:08:30Z,productcatalogservice,cartservice,0,0,0,0,0,0,0
2026-10-04T14:08:30Z,productcatalogservice,checkoutservice,0,0,0,0,0,0,0
2026-10-04T14:08:30Z,productcatalogservice,currencyservice,0,0,0,0,0,0,0
2026-10-04T14:08:30Z,productcatalogservice,emailservice,0,0,0,0,0,0,0
2026-10-04T14:08:30Z,productcatalogservice,frontend,0,0,0,0,0,0,0
2026-10-04T14:08:30Z,productcatalogservice,kubernetes,0,0,0,0,0,0,0
2026-10-04T14:08:30Z,productcatalogservice,paymentservice,0,0,0,0,0,0,0
2026-10-04T14:08:30Z,productcatalogservice,productcatalogservice,0,0,0,0,0,0,0
2026-10-04T14:08:30Z,productcatalogservice,recommendationservice,0,0,0,0,0,0,0
2026-10-04T14:08:30Z,productcatalogservice,redis-cart,0,0,0,0,0,0,0
2026-10-04T14:08:30Z,productcatalogservice,shippingservice,0,0,0,0,0,0,0
2026-10-04T14:08:30Z,recommendationservice,adservice,0,0,0,0,0,0,0
2026-10-04T14:08:30Z,recommendationservice,cartservice,0,0,0,0,0,0,0
2026-10-04T14:08:30Z,recommendationservice,checkoutservice,0,0,0,0,0,0,0
2026-10-04T14:08:30Z,recommendationservice,currencyservice,0,0,0,0,0,0,0
2026-10-04T14:08:30Z,recommendationservice,emailservice,0,0,0,0,0,0,0
2026-10-04T14:08:30Z,recommendationservice,frontend,0,0,0,0,0,0,0
2026-10-04T14:08:30Z,recommendationservice,kubernetes,0,0,0,0,0,0,0
2026-10-04T14:08:30Z,recommendationservice,paymentservice,0,0,0,0,0,0,0
2026-10-04T14:08:30Z,recommendationservice,productcatalogservice,125182,125173,0,0,0,914465,125061
2026-10-04T14:08:30Z,recommendationservice,recommendationservice,0,0,0,0,0,0,0
2026-10-04T14:08:30Z,recommendationservice,redis-cart,0,0,0,0,0,0,0
2026-10-04T14:08:30Z,recommendationservice,shippingservice,0,0,0,0,0,0,0
2026-10-04T14:08:30Z,redis-cart,adservice,0,0,0,0,0,0,0
2026-10-04T14:08:30Z,redis-cart,cartservice,0,0,0,0,0,0,0
2026-10-04T14:08:30Z,redis-cart,checkoutservice,0,0,0,0,0,0,0
2026-10-04T14:08:30Z,redis-cart,currencyservice,0,0,0,0,0,0,0
2026-10-04T14:08:30Z,redis-cart,emailservice,0,0,0,0,0,0,0
2026-10-04T14:08:30Z,redis-cart,frontend,0,0,0,0,0,0,0
2026-10-04T14:08:30Z,redis-cart,kubernetes,0,0,0,0,0,0,0
2026-10-04T14:08:30Z,redis-cart,paymentservice,0,0,0,0,0,0,0
2026-10-04T14:08:30Z,redis-cart,productcatalogservice,0,0,0,0,0,0,0
2026-10-04T14:08:30Z,redis-cart,recommendationservice,0,0,0,0,0,0,0
2026-10-04T14:08:30Z,redis-cart,redis-cart,0,0,0,0,0,0,0
2026-10-04T14:08:30Z,redis-cart,shippingservice,0,0,0,0,0,0,0
2026-10-04T14:08:30Z,shippingservice,adservice,0,0,0,0,0,0,0
2026-10-04T14:08:30Z,shippingservice,cartservice,0,0,0,0,0,0,0
2026-10-04T14:08:30Z,shippingservice,checkoutservice,0,0,0,0,0,0,0
2026-10-04T14:08:30Z,shippingservice,currencyservice,0,0,0,0,0,0,0
2026-10-04T14:08:30Z,shippingservice,emailservice,0,0,0,0,0,0,0
2026-10-04T14:08:30Z,shippingservice,frontend,0,0,0,0,0,0,0
2026-10-04T14:08:30Z,shippingservice,kubernetes,0,0,0,0,0,0,0
2026-10-04T14:08:30Z,shippingservice,paymentservice,0,0,0,0,0,0,0
2026-10-04T14:08:30Z,shippingservice,productcatalogservice,0,0,0,0,0,0,0
2026-10-04T14:08:30Z,shippingservice,recommendationservice,0,0,0,0,0,0,0
2026-10-04T14:08:30Z,shippingservice,redis-cart,0,0,0,0,0,0,0
2026-10-04T14:08:30Z,shippingservice,shippingservice,0,0,0,0,0,0,0
2026-10-04T14:08:31Z,adservice,adservice,0,0,0,0,0,0,0
2026-10-04T14:08:31Z,adservice,cartservice,0,0,0,0,0,0,0
2026-10-04T14:08:31Z,adservice,checkoutservice,0,0,0,0,0,0,0
2026-10-04T14:08:31Z,adservice,currencyservice,0,0,0,0,0,0,0
2026-10-04T14:08:31Z,adservice,emailservice,0,0,0,0,0,0,0
2026-10-04T14:08:31Z,adservice,frontend,0,0,0,0,0,0,0
2026-10-04T14:08:31Z,adservice,kubernetes,0,0,0,0,0,0,0
2026-10-04T14:08:31Z,adservice,paymentservice,0,0,0,0,0,0,0
2026-10-04T14:08:31Z,adservice,productcatalogservice,0,0,0,0,0,0,0
2026-10-04T14:08:31Z,adservice,recommendationservice,0,0,0,0,0,0,0
2026-10-04T14:08:31Z,adservice,redis-cart,0,0,0,0,0,0,0
2026-10-04T14:08:31Z,adservice,shippingservice,0,0,0,0,0,0,0
2026-10-04T14:08:31Z,cartservice,adservice,0,0,0,0,0,0,0
2026-10-04T14:08:31Z,cartservice,cartservice,0,0,0,0,0,0,0
2026-10-04T14:08:31Z,cartservice,checkoutservice,0,0,0,0,0,0,0
2026-10-04T14:08:31Z,cartservice,currencyservice,0,0,0,0,0,0,0
2026-10-04T14:08:31Z,cartservice,emailservice,0,0,0,0,0,0,0
2026-10-04T14:08:31Z,cartservice,frontend,0,0,0,0,0,0,0
2026-10-04T14:08:31Z,cartservice,kubernetes,0,0,0,0,0,0,0
2026-10-04T14:08:31Z,cartservice,paymentservice,0,0,0,0,0,0,0
2026-10-04T14:08:31Z,cartservice,productcatalogservice,0,0,0,0,0,0,0
2026-10-04T14:08:31Z,cartservice,recommendationservice,0,0,0,0,0,0,0
2026-10-04T14:08:31Z,cartservice,redis-cart,2,0,0,0,0,0,0
2026-10-04T14:08:31Z,cartservice,shippingservice,0,0,0,0,0,0,0
2026-10-04T14:08:31Z,checkoutservice,adservice,0,0,0,0,0,0,0
2026-10-04T14:08:31Z,checkoutservice,cartservice,50744,49813,0,100,0,651795,49294
2026-10-04T14:08:31Z,checkoutservice,checkoutservice,0,0,0,0,0,0,0
2026-10-04T14:08:31Z,checkoutservice,currencyservice,36770,36770,0,0,0,545041,36511
2026-10-04T14:08:31Z,checkoutservice,emailservice,8008,7722,0,66,0,295458,7457
2026-10-04T14:08:31Z,checkoutservice,frontend,0,0,0,0,0,0,0
2026-10-04T14:08:31Z,checkoutservice,kubernetes,0,0,0,0,0,0,0
2026-10-04T14:08:31Z,checkoutservice,paymentservice,30036,28188,0,192,0,416344,27781
2026-10-04T14:08:31Z,checkoutservice,productcatalogservice,0,0,0,0,0,0,0
2026-10-04T14:08:31Z,checkoutservice,recommendationservice,0,0,0,0,0,0,0
2026-10-04T14:08:31Z,checkoutservice,redis-cart,0,0,0,0,0,0,0
2026-10-04T14:08:31Z,checkoutservice,shippingservice,56056,53953,0,154,0,489586,53433
2026-10-04T14:08:31Z,currencyservice,adservice,0,0,0,0,0,0,0
2026-10-04T14:08:31Z,currencyservice,cartservice,0,0,0,0,0,0,0
2026-10-04T14:08:31Z,currencyservice,checkoutservice,0,0,0,0,0,0,0
2026-10-04T14:08:31Z,currencyservice,currencyservice,0,0,0,0,0,0,0
2026-10-04T14:08:31Z,currencyservice,emailservice,0,0,0,0,0,0,0
2026-10-04T14:08:31Z,currencyservice,frontend,0,0,0,0,0,0,0
2026-10-04T14:08:31Z,currencyservice,kubernetes,0,0,0,0,0,0,0
2026-10-04T14:08:31Z,currencyservice,paymentservice,0,0,0,0,0,0,0
2026-10-04T14:08:31Z,currencyservice,productcatalogservice,0,0,0,0,0,0,0
2026-10-04T14:08:31Z,currencyservice,recommendationservice,0,0,0,0,0,0,0
2026-10-04T14:08:31Z,currencyservice,redis-cart,0,0,0,0,0,0,0
2026-10-04T14:08:31Z,currencyservice,shippingservice,0,0,0,0,0,0,0
2026-10-04T14:08:31Z,emailservice,adservice,0,0,0,0,0,0,0
2026-10-04T14:08:31Z,emailservice,cartservice,0,0,0,0,0,0,0
2026-10-04T14:08:31Z,emailservice,checkoutservice,0,0,0,0,0,0,0
2026-10-04T14:08:31Z,emailservice,currencyservice,0,0,0,0,0,0,0
2026-10-04T14:08:31Z,emailservice,emailservice,0,0,0,0,0,0,0
2026-10-04T14:08:31Z,emailservice,frontend,0,0,0,0,0,0,0
2026-10-04T14:08:31Z,emailservice,kubernetes,0,0,0,0,0,0,0
2026-10-04T14:08:31Z,emailservice,paymentservice,0,0,0,0,0,0,0
2026-10-04T14:08:31Z,emailservice,productcatalogservice,0,0,0,0,0,0,0
2026-10-04T14:08:31Z,emailservice,recommendationservice,0,0,0,0,0,0,0
2026-10-04T14:08:31Z,emailservice,redis-cart,0,0,0,0,0,0,0
2026-10-04T14:08:31Z,emailservice,shippingservice,0,0,0,0,0,0,0
2026-10-04T14:08:31Z,frontend,adservice,837961,837959,0,0,0,2526442,837577
2026-10-04T14:08:31Z,frontend,cartservice,1857964,1857949,0,0,4,10320526,1856833
2026-10-04T14:08:31Z,frontend,checkoutservice,395753,185788,0,40061,169943,62231674,185626
2026-10-04T14:08:31Z,frontend,currencyservice,2953901,2953892,0,0,0,15634741,2952123
2026-10-04T14:08:31Z,frontend,emailservice,0,0,0,0,0,0,0
2026-10-04T14:08:31Z,frontend,frontend,0,0,0,0,0,0,0
2026-10-04T14:08:31Z,frontend,kubernetes,0,0,0,0,0,0,0
2026-10-04T14:08:31Z,frontend,paymentservice,0,0,0,0,0,0,0
2026-10-04T14:08:31Z,frontend,productcatalogservice,8303339,8303274,0,0,0,56785081,8299037
2026-10-04T14:08:31Z,frontend,recommendationservice,2683229,1641795,0,108765,930119,809394181,1640830
2026-10-04T14:08:31Z,frontend,redis-cart,0,0,0,0,0,0,0
2026-10-04T14:08:31Z,frontend,shippingservice,307250,307247,0,0,0,933060,307114
2026-10-04T14:08:31Z,paymentservice,adservice,0,0,0,0,0,0,0
2026-10-04T14:08:31Z,paymentservice,cartservice,0,0,0,0,0,0,0
2026-10-04T14:08:31Z,paymentservice,checkoutservice,0,0,0,0,0,0,0
2026-10-04T14:08:31Z,paymentservice,currencyservice,0,0,0,0,0,0,0
2026-10-04T14:08:31Z,paymentservice,emailservice,0,0,0,0,0,0,0
2026-10-04T14:08:31Z,paymentservice,frontend,0,0,0,0,0,0,0
2026-10-04T14:08:31Z,paymentservice,kubernetes,0,0,0,0,0,0,0
2026-10-04T14:08:31Z,paymentservice,paymentservice,0,0,0,0,0,0,0
2026-10-04T14:08:31Z,paymentservice,productcatalogservice,0,0,0,0,0,0,0
2026-10-04T14:08:31Z,paymentservice,recommendationservice,0,0,0,0,0,0,0
2026-10-04T14:08:31Z,paymentservice,redis-cart,0,0,0,0,0,0,0
2026-10-04T14:08:31Z,paymentservice,shippingservice,0,0,0,0,0,0,0
2026-10-04T14:08:31Z,productcatalogservice,adservice,0,0,0,0,0,0,0
2026-10-04T14:08:31Z,productcatalogservice,cartservice,0,0,0,0,0,0,0
2026-10-04T14:08:31Z,productcatalogservice,checkoutservice,0,0,0,0,0,0,0
2026-10-04T14:08:31Z,productcatalogservice,currencyservice,0,0,0,0,0,0,0
2026-10-04T14:08:31Z,productcatalogservice,emailservice,0,0,0,0,0,0,0
2026-10-04T14:08:31Z,productcatalogservice,frontend,0,0,0,0,0,0,0
2026-10-04T14:08:31Z,productcatalogservice,kubernetes,0,0,0,0,0,0,0
2026-10-04T14:08:31Z,productcatalogservice,paymentservice,0,0,0,0,0,0,0
2026-10-04T14:08:31Z,productcatalogservice,productcatalogservice,0,0,0,0,0,0,0
2026-10-04T14:08:31Z,productcatalogservice,recommendationservice,0,0,0,0,0,0,0
2026-10-04T14:08:31Z,productcatalogservice,redis-cart,0,0,0,0,0,0,0
2026-10-04T14:08:31Z,productcatalogservice,shippingservice,0,0,0,0,0,0,0
2026-10-04T14:08:31Z,recommendationservice,adservice,0,0,0,0,0,0,0
2026-10-04T14:08:31Z,recommendationservice,cartservice,0,0,0,0,0,0,0
2026-10-04T14:08:31Z,recommendationservice,checkoutservice,0,0,0,0,0,0,0
2026-10-04T14:08:31Z,recommendationservice,currencyservice,0,0,0,0,0,0,0
2026-10-04T14:08:31Z,recommendationservice,emailservice,0,0,0,0,0,0,0
2026-10-04T14:08:31Z,recommendationservice,frontend,0,0,0,0,0,0,0
2026-10-04T14:08:31Z,recommendationservice,kubernetes,0,0,0,0,0,0,0
2026-10-04T14:08:31Z,recommendationservice,paymentservice,0,0,0,0,0,0,0
2026-10-04T14:08:31Z,recommendationservice,productcatalogservice,125562,125558,0,0,0,914465,125061
2026-10-04T14:08:31Z,recommendationservice,recommendationservice,0,0,0,0,0,0,0
2026-10-04T14:08:31Z,recommendationservice,redis-cart,0,0,0,0,0,0,0
2026-10-04T14:08:31Z,recommendationservice,shippingservice,0,0,0,0,0,0,0
2026-10-04T14:08:31Z,redis-cart,adservice,0,0,0,0,0,0,0
2026-10-04T14:08:31Z,redis-cart,cartservice,0,0,0,0,0,0,0
2026-10-04T14:08:31Z,redis-cart,checkoutservice,0,0,0,0,0,0,0
2026-10-04T14:08:31Z,redis-cart,currencyservice,0,0,0,0,0,0,0
2026-10-04T14:08:31Z,redis-cart,emailservice,0,0,0,0,0,0,0
2026-10-04T14:08:31Z,redis-cart,frontend,0,0,0,0,0,0,0
2026-10-04T14:08:31Z,redis-cart,kubernetes,0,0,0,0,0,0,0
2026-10-04T14:08:31Z,redis-cart,paymentservice,0,0,0,0,0,0,0
2026-10-04T14:08:31Z,redis-cart,productcatalogservice,0,0,0,0,0,0,0
2026-10-04T14:08:31Z,redis-cart,recommendationservice,0,0,0,0,0,0,0
2026-10-04T14:08:31Z,redis-cart,redis-cart,0,0,0,0,0,0,0
2026-10-04T14:08:31Z,redis-cart,shippingservice,0,0,0,0,0,0,0
2026-10-04T14:08:31Z,shippingservice,adservice,0,0,0,0,0,0,0
2026-10-04T14:08:31Z,shippingservice,cartservice,0,0,0,0,0,0,0
2026-10-04T14:08:31Z,shippingservice,checkoutservice,0,0,0,0,0,0,0
2026-10-04T14:08:31Z,shippingservice,currencyservice,0,0,0,0,0,0,0
2026-10-04T14:08:31Z,shippingservice,emailservice,0,0,0,0,0,0,0
2026-10-04T14:08:31Z,shippingservice,frontend,0,0,0,0,0,0,0
2026-10-04T14:08:31Z,shippingservice,kubernetes,0,0,0,0,0,0,0
2026-10-04T14:08:31Z,shippingservice,paymentservice,0,0,0,0,0,0,0
2026-10-04T14:08:31Z,shippingservice,productcatalogservice,0,0,0,0,0,0,0
2026-10-04T14:08:31Z,shippingservice,recommendationservice,0,0,0,0,0,0,0
2026-10-04T14:08:31Z,shippingservice,redis-cart,0,0,0,0,0,0,0
2026-10-04T14:08:31Z,shippingservice,shippingservice,0,0,0,0,0,0,0
2026-10-04T14:08:32Z,adservice,adservice,0,0,0,0,0,0,0
2026-10-04T14:08:32Z,adservice,cartservice,0,0,0,0,0,0,0
2026-10-04T14:08:32Z,adservice,checkoutservice,0,0,0,0,0,0,0
2026-10-04T14:08:32Z,adservice,currencyservice,0,0,0,0,0,0,0
2026-10-04T14:08:32Z,adservice,emailservice,0,0,0,0,0,0,0
2026-10-04T14:08:32Z,adservice,frontend,0,0,0,0,0,0,0
2026-10-04T14:08:32Z,adservice,kubernetes,0,0,0,0,0,0,0
2026-10-04T14:08:32Z,adservice,paymentservice,0,0,0,0,0,0,0
2026-10-04T14:08:32Z,adservice,productcatalogservice,0,0,0,0,0,0,0
2026-10-04T14:08:32Z,adservice,recommendationservice,0,0,0,0,0,0,0
2026-10-04T14:08:32Z,adservice,redis-cart,0,0,0,0,0,0,0
2026-10-04T14:08:32Z,adservice,shippingservice,0,0,0,0,0,0,0
2026-10-04T14:08:32Z,cartservice,adservice,0,0,0,0,0,0,0
2026-10-04T14:08:32Z,cartservice,cartservice,0,0,0,0,0,0,0
2026-10-04T14:08:32Z,cartservice,checkoutservice,0,0,0,0,0,0,0
2026-10-04T14:08:32Z,cartservice,currencyservice,0,0,0,0,0,0,0
2026-10-04T14:08:32Z,cartservice,emailservice,0,0,0,0,0,0,0
2026-10-04T14:08:32Z,cartservice,frontend,0,0,0,0,0,0,0
2026-10-04T14:08:32Z,cartservice,kubernetes,0,0,0,0,0,0,0
2026-10-04T14:08:32Z,cartservice,paymentservice,0,0,0,0,0,0,0
2026-10-04T14:08:32Z,cartservice,productcatalogservice,0,0,0,0,0,0,0
2026-10-04T14:08:32Z,cartservice,recommendationservice,0,0,0,0,0,0,0
2026-10-04T14:08:32Z,cartservice,redis-cart,2,0,0,0,0,0,0
2026-10-04T14:08:32Z,cartservice,shippingservice,0,0,0,0,0,0,0
2026-10-04T14:08:32Z,checkoutservice,adservice,0,0,0,0,0,0,0
2026-10-04T14:08:32Z,checkoutservice,cartservice,50846,49915,0,100,0,654620,49862
2026-10-04T14:08:32Z,checkoutservice,checkoutservice,0,0,0,0,0,0,0
2026-10-04T14:08:32Z,checkoutservice,currencyservice,36821,36821,0,0,0,546383,36794
2026-10-04T14:08:32Z,checkoutservice,emailservice,8059,7773,0,66,0,305834,7746
2026-10-04T14:08:32Z,checkoutservice,frontend,0,0,0,0,0,0,0
2026-10-04T14:08:32Z,checkoutservice,kubernetes,0,0,0,0,0,0,0
2026-10-04T14:08:32Z,checkoutservice,paymentservice,30087,28239,0,192,0,417253,28064
2026-10-04T14:08:32Z,checkoutservice,productcatalogservice,0,0,0,0,0,0,0
2026-10-04T14:08:32Z,checkoutservice,recommendationservice,0,0,0,0,0,0,0
2026-10-04T14:08:32Z,checkoutservice,redis-cart,0,0,0,0,0,0,0
2026-10-04T14:08:32Z,checkoutservice,shippingservice,56158,54055,0,154,0,490897,54001
2026-10-04T14:08:32Z,currencyservice,adservice,0,0,0,0,0,0,0
2026-10-04T14:08:32Z,currencyservice,cartservice,0,0,0,0,0,0,0
2026-10-04T14:08:32Z,currencyservice,checkoutservice,0,0,0,0,0,0,0
2026-10-04T14:08:32Z,currencyservice,currencyservice,0,0,0,0,0,0,0
2026-10-04T14:08:32Z,currencyservice,emailservice,0,0,0,0,0,0,0
2026-10-04T14:08:32Z,currencyservice,frontend,0,0,0,0,0,0,0
2026-10-04T14:08:32Z,currencyservice,kubernetes,0,0,0,0,0,0,0
2026-10-04T14:08:32Z,currencyservice,paymentservice,0,0,0,0,0,0,0
2026-10-04T14:08:32Z,currencyservice,productcatalogservice,0,0,0,0,0,0,0
2026-10-04T14:08:32Z,currencyservice,recommendationservice,0,0,0,0,0,0,0
2026-10-04T14:08:32Z,currencyservice,redis-cart,0,0,0,0,0,0,0
2026-10-04T14:08:32Z,currencyservice,shippingservice,0,0,0,0,0,0,0
2026-10-04T14:08:32Z,emailservice,adservice,0,0,0,0,0,0,0
2026-10-04T14:08:32Z,emailservice,cartservice,0,0,0,0,0,0,0
2026-10-04T14:08:32Z,emailservice,checkoutservice,0,0,0,0,0,0,0
2026-10-04T14:08:32Z,emailservice,currencyservice,0,0,0,0,0,0,0
2026-10-04T14:08:32Z,emailservice,emailservice,0,0,0,0,0,0,0
2026-10-04T14:08:32Z,emailservice,frontend,0,0,0,0,0,0,0
2026-10-04T14:08:32Z,emailservice,kubernetes,0,0,0,0,0,0,0
2026-10-04T14:08:32Z,emailservice,paymentservice,0,0,0,0,0,0,0
2026-10-04T14:08:32Z,emailservice,productcatalogservice,0,0,0,0,0,0,0
2026-10-04T14:08:32Z,emailservice,recommendationservice,0,0,0,0,0,0,0
2026-10-04T14:08:32Z,emailservice,redis-cart,0,0,0,0,0,0,0
2026-10-04T14:08:32Z,emailservice,shippingservice,0,0,0,0,0,0,0
2026-10-04T14:08:32Z,frontend,adservice,838108,838106,0,0,0,2526442,837577
2026-10-04T14:08:32Z,frontend,cartservice,1858343,1858329,0,0,4,10320526,1856833
2026-10-04T14:08:32Z,frontend,checkoutservice,395809,185844,0,40061,169943,62231674,185626
2026-10-04T14:08:32Z,frontend,currencyservice,2954528,2954517,0,0,0,15634741,2952123
2026-10-04T14:08:32Z,frontend,emailservice,0,0,0,0,0,0,0
2026-10-04T14:08:32Z,frontend,frontend,0,0,0,0,0,0,0
2026-10-04T14:08:32Z,frontend,kubernetes,0,0,0,0,0,0,0
2026-10-04T14:08:32Z,frontend,paymentservice,0,0,0,0,0,0,0
2026-10-04T14:08:32Z,frontend,productcatalogservice,8304903,8304842,0,0,0,56785081,8299037
2026-10-04T14:08:32Z,frontend,recommendationservice,2684006,1642125,0,108823,930496,809394181,1640830
2026-10-04T14:08:32Z,frontend,redis-cart,0,0,0,0,0,0,0
2026-10-04T14:08:32Z,frontend,shippingservice,307299,307297,0,0,0,933060,307114
2026-10-04T14:08:32Z,paymentservice,adservice,0,0,0,0,0,0,0
2026-10-04T14:08:32Z,paymentservice,cartservice,0,0,0,0,0,0,0
2026-10-04T14:08:32Z,paymentservice,checkoutservice,0,0,0,0,0,0,0
2026-10-04T14:08:32Z,paymentservice,currencyservice,0,0,0,0,0,0,0
2026-10-04T14:08:32Z,paymentservice,emailservice,0,0,0,0,0,0,0
2026-10-04T14:08:32Z,paymentservice,frontend,0,0,0,0,0,0,0
2026-10-04T14:08:32Z,paymentservice,kubernetes,0,0,0,0,0,0,0
2026-10-04T14:08:32Z,paymentservice,paymentservice,0,0,0,0,0,0,0
2026-10-04T14:08:32Z,paymentservice,productcatalogservice,0,0,0,0,0,0,0
2026-10-04T14:08:32Z,paymentservice,recommendationservice,0,0,0,0,0,0,0
2026-10-04T14:08:32Z,paymentservice,redis-cart,0,0,0,0,0,0,0
2026-10-04T14:08:32Z,paymentservice,shippingservice,0,0,0,0,0,0,0
2026-10-04T14:08:32Z,productcatalogservice,adservice,0,0,0,0,0,0,0
2026-10-04T14:08:32Z,productcatalogservice,cartservice,0,0,0,0,0,0,0
2026-10-04T14:08:32Z,productcatalogservice,checkoutservice,0,0,0,0,0,0,0
2026-10-04T14:08:32Z,productcatalogservice,currencyservice,0,0,0,0,0,0,0
2026-10-04T14:08:32Z,productcatalogservice,emailservice,0,0,0,0,0,0,0
2026-10-04T14:08:32Z,productcatalogservice,frontend,0,0,0,0,0,0,0
2026-10-04T14:08:32Z,productcatalogservice,kubernetes,0,0,0,0,0,0,0
2026-10-04T14:08:32Z,productcatalogservice,paymentservice,0,0,0,0,0,0,0
2026-10-04T14:08:32Z,productcatalogservice,productcatalogservice,0,0,0,0,0,0,0
2026-10-04T14:08:32Z,productcatalogservice,recommendationservice,0,0,0,0,0,0,0
2026-10-04T14:08:32Z,productcatalogservice,redis-cart,0,0,0,0,0,0,0
2026-10-04T14:08:32Z,productcatalogservice,shippingservice,0,0,0,0,0,0,0
2026-10-04T14:08:32Z,recommendationservice,adservice,0,0,0,0,0,0,0
2026-10-04T14:08:32Z,recommendationservice,cartservice,0,0,0,0,0,0,0
2026-10-04T14:08:32Z,recommendationservice,checkoutservice,0,0,0,0,0,0,0
2026-10-04T14:08:32Z,recommendationservice,currencyservice,0,0,0,0,0,0,0
2026-10-04T14:08:32Z,recommendationservice,emailservice,0,0,0,0,0,0,0
2026-10-04T14:08:32Z,recommendationservice,frontend,0,0,0,0,0,0,0
2026-10-04T14:08:32Z,recommendationservice,kubernetes,0,0,0,0,0,0,0
2026-10-04T14:08:32Z,recommendationservice,paymentservice,0,0,0,0,0,0,0
2026-10-04T14:08:32Z,recommendationservice,productcatalogservice,126006,126006,0,0,0,914465,125061
2026-10-04T14:08:32Z,recommendationservice,recommendationservice,0,0,0,0,0,0,0
2026-10-04T14:08:32Z,recommendationservice,redis-cart,0,0,0,0,0,0,0
2026-10-04T14:08:32Z,recommendationservice,shippingservice,0,0,0,0,0,0,0
2026-10-04T14:08:32Z,redis-cart,adservice,0,0,0,0,0,0,0
2026-10-04T14:08:32Z,redis-cart,cartservice,0,0,0,0,0,0,0
2026-10-04T14:08:32Z,redis-cart,checkoutservice,0,0,0,0,0,0,0
2026-10-04T14:08:32Z,redis-cart,currencyservice,0,0,0,0,0,0,0
2026-10-04T14:08:32Z,redis-cart,emailservice,0,0,0,0,0,0,0
2026-10-04T14:08:32Z,redis-cart,frontend,0,0,0,0,0,0,0
2026-10-04T14:08:32Z,redis-cart,kubernetes,0,0,0,0,0,0,0
2026-10-04T14:08:32Z,redis-cart,paymentservice,0,0,0,0,0,0,0
2026-10-04T14:08:32Z,redis-cart,productcatalogservice,0,0,0,0,0,0,0
2026-10-04T14:08:32Z,redis-cart,recommendationservice,0,0,0,0,0,0,0
2026-10-04T14:08:32Z,redis-cart,redis-cart,0,0,0,0,0,0,0
2026-10-04T14:08:32Z,redis-cart,shippingservice,0,0,0,0,0,0,0
2026-10-04T14:08:32Z,shippingservice,adservice,0,0,0,0,0,0,0
2026-10-04T14:08:32Z,shippingservice,cartservice,0,0,0,0,0,0,0
2026-10-04T14:08:32Z,shippingservice,checkoutservice,0,0,0,0,0,0,0
2026-10-04T14:08:32Z,shippingservice,currencyservice,0,0,0,0,0,0,0
2026-10-04T14:08:32Z,shippingservice,emailservice,0,0,0,0,0,0,0
2026-10-04T14:08:32Z,shippingservice,frontend,0,0,0,0,0,0,0
2026-10-04T14:08:32Z,shippingservice,kubernetes,0,0,0,0,0,0,0
2026-10-04T14:08:32Z,shippingservice,paymentservice,0,0,0,0,0,0,0
2026-10-04T14:08:32Z,shippingservice,productcatalogservice,0,0,0,0,0,0,0
2026-10-04T14:08:32Z,shippingservice,recommendationservice,0,0,0,0,0,0,0
2026-10-04T14:08:32Z,shippingservice,redis-cart,0,0,0,0,0,0,0
2026-10-04T14:08:32Z,shippingservice,shippingservice,0,0,0,0,0,0,0
2026-10-04T14:08:33Z,adservice,adservice,0,0,0,0,0,0,0
2026-10-04T14:08:33Z,adservice,cartservice,0,0,0,0,0,0,0
2026-10-04T14:08:33Z,adservice,checkoutservice,0,0,0,0,0,0,0
2026-10-04T14:08:33Z,adservice,currencyservice,0,0,0,0,0,0,0
2026-10-04T14:08:33Z,adservice,emailservice,0,0,0,0,0,0,0
2026-10-04T14:08:33Z,adservice,frontend,0,0,0,0,0,0,0
2026-10-04T14:08:33Z,adservice,kubernetes,0,0,0,0,0,0,0
2026-10-04T14:08:33Z,adservice,paymentservice,0,0,0,0,0,0,0
2026-10-04T14:08:33Z,adservice,productcatalogservice,0,0,0,0,0,0,0
2026-10-04T14:08:33Z,adservice,recommendationservice,0,0,0,0,0,0,0
2026-10-04T14:08:33Z,adservice,redis-cart,0,0,0,0,0,0,0
2026-10-04T14:08:33Z,adservice,shippingservice,0,0,0,0,0,0,0
2026-10-04T14:08:33Z,cartservice,adservice,0,0,0,0,0,0,0
2026-10-04T14:08:33Z,cartservice,cartservice,0,0,0,0,0,0,0
2026-10-04T14:08:33Z,cartservice,checkoutservice,0,0,0,0,0,0,0
2026-10-04T14:08:33Z,cartservice,currencyservice,0,0,0,0,0,0,0
2026-10-04T14:08:33Z,cartservice,emailservice,0,0,0,0,0,0,0
2026-10-04T14:08:33Z,cartservice,frontend,0,0,0,0,0,0,0
2026-10-04T14:08:33Z,cartservice,kubernetes,0,0,0,0,0,0,0
2026-10-04T14:08:33Z,cartservice,paymentservice,0,0,0,0,0,0,0
2026-10-04T14:08:33Z,cartservice,productcatalogservice,0,0,0,0,0,0,0
2026-10-04T14:08:33Z,cartservice,recommendationservice,0,0,0,0,0,0,0
2026-10-04T14:08:33Z,cartservice,redis-cart,2,0,0,0,0,0,0
2026-10-04T14:08:33Z,cartservice,shippingservice,0,0,0,0,0,0,0
2026-10-04T14:08:33Z,checkoutservice,adservice,0,0,0,0,0,0,0
2026-10-04T14:08:33Z,checkoutservice,cartservice,50928,49993,0,100,0,654620,49862
2026-10-04T14:08:33Z,checkoutservice,checkoutservice,0,0,0,0,0,0,0
2026-10-04T14:08:33Z,checkoutservice,currencyservice,36864,36861,0,0,0,546383,36794
2026-10-04T14:08:33Z,checkoutservice,emailservice,8093,7805,0,66,0,305834,7746
2026-10-04T14:08:33Z,checkoutservice,frontend,0,0,0,0,0,0,0
2026-10-04T14:08:33Z,checkoutservice,kubernetes,0,0,0,0,0,0,0
2026-10-04T14:08:33Z,checkoutservice,paymentservice,30126,28275,0,192,0,417253,28064
2026-10-04T14:08:33Z,checkoutservice,productcatalogservice,0,0,0,0,0,0,0
2026-10-04T14:08:33Z,checkoutservice,recommendationservice,0,0,0,0,0,0,0
2026-10-04T14:08:33Z,checkoutservice,redis-cart,0,0,0,0,0,0,0
2026-10-04T14:08:33Z,checkoutservice,shippingservice,56238,54132,0,154,0,490897,54001
2026-10-04T14:08:33Z,currencyservice,adservice,0,0,0,0,0,0,0
2026-10-04T14:08:33Z,currencyservice,cartservice,0,0,0,0,0,0,0
2026-10-04T14:08:33Z,currencyservice,checkoutservice,0,0,0,0,0,0,0
2026-10-04T14:08:33Z,currencyservice,currencyservice,0,0,0,0,0,0,0
2026-10-04T14:08:33Z,currencyservice,emailservice,0,0,0,0,0,0,0
2026-10-04T14:08:33Z,currencyservice,frontend,0,0,0,0,0,0,0
2026-10-04T14:08:33Z,currencyservice,kubernetes,0,0,0,0,0,0,0
2026-10-04T14:08:33Z,currencyservice,paymentservice,0,0,0,0,0,0,0
2026-10-04T14:08:33Z,currencyservice,productcatalogservice,0,0,0,0,0,0,0
2026-10-04T14:08:33Z,currencyservice,recommendationservice,0,0,0,0,0,0,0
2026-10-04T14:08:33Z,currencyservice,redis-cart,0,0,0,0,0,0,0
2026-10-04T14:08:33Z,currencyservice,shippingservice,0,0,0,0,0,0,0
2026-10-04T14:08:33Z,emailservice,adservice,0,0,0,0,0,0,0
2026-10-04T14:08:33Z,emailservice,cartservice,0,0,0,0,0,0,0
2026-10-04T14:08:33Z,emailservice,checkoutservice,0,0,0,0,0,0,0
2026-10-04T14:08:33Z,emailservice,currencyservice,0,0,0,0,0,0,0
2026-10-04T14:08:33Z,emailservice,emailservice,0,0,0,0,0,0,0
2026-10-04T14:08:33Z,emailservice,frontend,0,0,0,0,0,0,0
2026-10-04T14:08:33Z,emailservice,kubernetes,0,0,0,0,0,0,0
2026-10-04T14:08:33Z,emailservice,paymentservice,0,0,0,0,0,0,0
2026-10-04T14:08:33Z,emailservice,productcatalogservice,0,0,0,0,0,0,0
2026-10-04T14:08:33Z,emailservice,recommendationservice,0,0,0,0,0,0,0
2026-10-04T14:08:33Z,emailservice,redis-cart,0,0,0,0,0,0,0
2026-10-04T14:08:33Z,emailservice,shippingservice,0,0,0,0,0,0,0
2026-10-04T14:08:33Z,frontend,adservice,838245,838242,0,0,0,2526806,837732
2026-10-04T14:08:33Z,frontend,cartservice,1858739,1858724,0,0,4,10322451,1857291
2026-10-04T14:08:33Z,frontend,checkoutservice,395851,185878,0,40061,169943,62239002,185687
2026-10-04T14:08:33Z,frontend,currencyservice,2955125,2955116,0,0,0,15637805,2952857
2026-10-04T14:08:33Z,frontend,emailservice,0,0,0,0,0,0,0
2026-10-04T14:08:33Z,frontend,frontend,0,0,0,0,0,0,0
2026-10-04T14:08:33Z,frontend,kubernetes,0,0,0,0,0,0,0
2026-10-04T14:08:33Z,frontend,paymentservice,0,0,0,0,0,0,0
2026-10-04T14:08:33Z,frontend,productcatalogservice,8306387,8306313,0,0,0,56796517,8300706
2026-10-04T14:08:33Z,frontend,recommendationservice,2684725,1642521,0,108864,930832,809731296,1641280
2026-10-04T14:08:33Z,frontend,redis-cart,0,0,0,0,0,0,0
2026-10-04T14:08:33Z,frontend,shippingservice,307347,307344,0,0,0,933138,307159
2026-10-04T14:08:33Z,paymentservice,adservice,0,0,0,0,0,0,0
2026-10-04T14:08:33Z,paymentservice,cartservice,0,0,0,0,0,0,0
2026-10-04T14:08:33Z,paymentservice,checkoutservice,0,0,0,0,0,0,0
2026-10-04T14:08:33Z,paymentservice,currencyservice,0,0,0,0,0,0,0
2026-10-04T14:08:33Z,paymentservice,emailservice,0,0,0,0,0,0,0
2026-10-04T14:08:33Z,paymentservice,frontend,0,0,0,0,0,0,0
2026-10-04T14:08:33Z,paymentservice,kubernetes,0,0,0,0,0,0,0
2026-10-04T14:08:33Z,paymentservice,paymentservice,0,0,0,0,0,0,0
2026-10-04T14:08:33Z,paymentservice,productcatalogservice,0,0,0,0,0,0,0
2026-10-04T14:08:33Z,paymentservice,recommendationservice,0,0,0,0,0,0,0
2026-10-04T14:08:33Z,paymentservice,redis-cart,0,0,0,0,0,0,0
2026-10-04T14:08:33Z,paymentservice,shippingservice,0,0,0,0,0,0,0
2026-10-04T14:08:33Z,productcatalogservice,adservice,0,0,0,0,0,0,0
2026-10-04T14:08:33Z,productcatalogservice,cartservice,0,0,0,0,0,0,0
2026-10-04T14:08:33Z,productcatalogservice,checkoutservice,0,0,0,0,0,0,0
2026-10-04T14:08:33Z,productcatalogservice,currencyservice,0,0,0,0,0,0,0
2026-10-04T14:08:33Z,productcatalogservice,emailservice,0,0,0,0,0,0,0
2026-10-04T14:08:33Z,productcatalogservice,frontend,0,0,0,0,0,0,0
2026-10-04T14:08:33Z,productcatalogservice,kubernetes,0,0,0,0,0,0,0
2026-10-04T14:08:33Z,productcatalogservice,paymentservice,0,0,0,0,0,0,0
2026-10-04T14:08:33Z,productcatalogservice,productcatalogservice,0,0,0,0,0,0,0
2026-10-04T14:08:33Z,productcatalogservice,recommendationservice,0,0,0,0,0,0,0
2026-10-04T14:08:33Z,productcatalogservice,redis-cart,0,0,0,0,0,0,0
2026-10-04T14:08:33Z,productcatalogservice,shippingservice,0,0,0,0,0,0,0
2026-10-04T14:08:33Z,recommendationservice,adservice,0,0,0,0,0,0,0
2026-10-04T14:08:33Z,recommendationservice,cartservice,0,0,0,0,0,0,0
2026-10-04T14:08:33Z,recommendationservice,checkoutservice,0,0,0,0,0,0,0
2026-10-04T14:08:33Z,recommendationservice,currencyservice,0,0,0,0,0,0,0
2026-10-04T14:08:33Z,recommendationservice,emailservice,0,0,0,0,0,0,0
2026-10-04T14:08:33Z,recommendationservice,frontend,0,0,0,0,0,0,0
2026-10-04T14:08:33Z,recommendationservice,kubernetes,0,0,0,0,0,0,0
2026-10-04T14:08:33Z,recommendationservice,paymentservice,0,0,0,0,0,0,0
2026-10-04T14:08:33Z,recommendationservice,productcatalogservice,126448,126448,0,0,0,914465,125061
2026-10-04T14:08:33Z,recommendationservice,recommendationservice,0,0,0,0,0,0,0
2026-10-04T14:08:33Z,recommendationservice,redis-cart,0,0,0,0,0,0,0
2026-10-04T14:08:33Z,recommendationservice,shippingservice,0,0,0,0,0,0,0
2026-10-04T14:08:33Z,redis-cart,adservice,0,0,0,0,0,0,0
2026-10-04T14:08:33Z,redis-cart,cartservice,0,0,0,0,0,0,0
2026-10-04T14:08:33Z,redis-cart,checkoutservice,0,0,0,0,0,0,0
2026-10-04T14:08:33Z,redis-cart,currencyservice,0,0,0,0,0,0,0
2026-10-04T14:08:33Z,redis-cart,emailservice,0,0,0,0,0,0,0
2026-10-04T14:08:33Z,redis-cart,frontend,0,0,0,0,0,0,0
2026-10-04T14:08:33Z,redis-cart,kubernetes,0,0,0,0,0,0,0
2026-10-04T14:08:33Z,redis-cart,paymentservice,0,0,0,0,0,0,0
2026-10-04T14:08:33Z,redis-cart,productcatalogservice,0,0,0,0,0,0,0
2026-10-04T14:08:33Z,redis-cart,recommendationservice,0,0,0,0,0,0,0
2026-10-04T14:08:33Z,redis-cart,redis-cart,0,0,0,0,0,0,0
2026-10-04T14:08:33Z,redis-cart,shippingservice,0,0,0,0,0,0,0
2026-10-04T14:08:33Z,shippingservice,adservice,0,0,0,0,0,0,0
2026-10-04T14:08:33Z,shippingservice,cartservice,0,0,0,0,0,0,0
2026-10-04T14:08:33Z,shippingservice,checkoutservice,0,0,0,0,0,0,0
2026-10-04T14:08:33Z,shippingservice,currencyservice,0,0,0,0,0,0,0
2026-10-04T14:08:33Z,shippingservice,emailservice,0,0,0,0,0,0,0
2026-10-04T14:08:33Z,shippingservice,frontend,0,0,0,0,0,0,0
2026-10-04T14:08:33Z,shippingservice,kubernetes,0,0,0,0,0,0,0
2026-10-04T14:08:33Z,shippingservice,paymentservice,0,0,0,0,0,0,0
2026-10-04T14:08:33Z,shippingservice,productcatalogservice,0,0,0,0,0,0,0
2026-10-04T14:08:33Z,shippingservice,recommendationservice,0,0,0,0,0,0,0
2026-10-04T14:08:33Z,shippingservice,redis-cart,0,0,0,0,0,0,0
2026-10-04T14:08:33Z,shippingservice,shippingservice,0,0,0,0,0,0,0
2026-10-04T14:08:34Z,adservice,adservice,0,0,0,0,0,0,0
2026-10-04T14:08:34Z,adservice,cartservice,0,0,0,0,0,0,0
2026-10-04T14:08:34Z,adservice,checkoutservice,0,0,0,0,0,0,0
2026-10-04T14:08:34Z,adservice,currencyservice,0,0,0,0,0,0,0
2026-10-04T14:08:34Z,adservice,emailservice,0,0,0,0,0,0,0
2026-10-04T14:08:34Z,adservice,frontend,0,0,0,0,0,0,0
2026-10-04T14:08:34Z,adservice,kubernetes,0,0,0,0,0,0,0
2026-10-04T14:08:34Z,adservice,paymentservice,0,0,0,0,0,0,0
2026-10-04T14:08:34Z,adservice,productcatalogservice,0,0,0,0,0,0,0
2026-10-04T14:08:34Z,adservice,recommendationservice,0,0,0,0,0,0,0
2026-10-04T14:08:34Z,adservice,redis-cart,0,0,0,0,0,0,0
2026-10-04T14:08:34Z,adservice,shippingservice,0,0,0,0,0,0,0
2026-10-04T14:08:34Z,cartservice,adservice,0,0,0,0,0,0,0
2026-10-04T14:08:34Z,cartservice,cartservice,0,0,0,0,0,0,0
2026-10-04T14:08:34Z,cartservice,checkoutservice,0,0,0,0,0,0,0
2026-10-04T14:08:34Z,cartservice,currencyservice,0,0,0,0,0,0,0
2026-10-04T14:08:34Z,cartservice,emailservice,0,0,0,0,0,0,0
2026-10-04T14:08:34Z,cartservice,frontend,0,0,0,0,0,0,0
2026-10-04T14:08:34Z,cartservice,kubernetes,0,0,0,0,0,0,0
2026-10-04T14:08:34Z,cartservice,paymentservice,0,0,0,0,0,0,0
2026-10-04T14:08:34Z,cartservice,productcatalogservice,0,0,0,0,0,0,0
2026-10-04T14:08:34Z,cartservice,recommendationservice,0,0,0,0,0,0,0
2026-10-04T14:08:34Z,cartservice,redis-cart,2,0,0,0,0,0,0
2026-10-04T14:08:34Z,cartservice,shippingservice,0,0,0,0,0,0,0
2026-10-04T14:08:34Z,checkoutservice,adservice,0,0,0,0,0,0,0
2026-10-04T14:08:34Z,checkoutservice,cartservice,51031,50099,0,100,0,654620,49862
2026-10-04T14:08:34Z,checkoutservice,checkoutservice,0,0,0,0,0,0,0
2026-10-04T14:08:34Z,checkoutservice,currencyservice,36917,36916,0,0,0,546383,36794
2026-10-04T14:08:34Z,checkoutservice,emailservice,8146,7860,0,66,0,305834,7746
2026-10-04T14:08:34Z,checkoutservice,frontend,0,0,0,0,0,0,0
2026-10-04T14:08:34Z,checkoutservice,kubernetes,0,0,0,0,0,0,0
2026-10-04T14:08:34Z,checkoutservice,paymentservice,30181,28333,0,192,0,417253,28064
2026-10-04T14:08:34Z,checkoutservice,productcatalogservice,0,0,0,0,0,0,0
2026-10-04T14:08:34Z,checkoutservice,recommendationservice,0,0,0,0,0,0,0
2026-10-04T14:08:34Z,checkoutservice,redis-cart,0,0,0,0,0,0,0
2026-10-04T14:08:34Z,checkoutservice,shippingservice,56346,54243,0,154,0,490897,54001
2026-10-04T14:08:34Z,currencyservice,adservice,0,0,0,0,0,0,0
2026-10-04T14:08:34Z,currencyservice,cartservice,0,0,0,0,0,0,0
2026-10-04T14:08:34Z,currencyservice,checkoutservice,0,0,0,0,0,0,0
2026-10-04T14:08:34Z,currencyservice,currencyservice,0,0,0,0,0,0,0
2026-10-04T14:08:34Z,currencyservice,emailservice,0,0,0,0,0,0,0
2026-10-04T14:08:34Z,currencyservice,frontend,0,0,0,0,0,0,0
2026-10-04T14:08:34Z,currencyservice,kubernetes,0,0,0,0,0,0,0
2026-10-04T14:08:34Z,currencyservice,paymentservice,0,0,0,0,0,0,0
2026-10-04T14:08:34Z,currencyservice,productcatalogservice,0,0,0,0,0,0,0
2026-10-04T14:08:34Z,currencyservice,recommendationservice,0,0,0,0,0,0,0
2026-10-04T14:08:34Z,currencyservice,redis-cart,0,0,0,0,0,0,0
2026-10-04T14:08:34Z,currencyservice,shippingservice,0,0,0,0,0,0,0
2026-10-04T14:08:34Z,emailservice,adservice,0,0,0,0,0,0,0
2026-10-04T14:08:34Z,emailservice,cartservice,0,0,0,0,0,0,0
2026-10-04T14:08:34Z,emailservice,checkoutservice,0,0,0,0,0,0,0
2026-10-04T14:08:34Z,emailservice,currencyservice,0,0,0,0,0,0,0
2026-10-04T14:08:34Z,emailservice,emailservice,0,0,0,0,0,0,0
2026-10-04T14:08:34Z,emailservice,frontend,0,0,0,0,0,0,0
2026-10-04T14:08:34Z,emailservice,kubernetes,0,0,0,0,0,0,0
2026-10-04T14:08:34Z,emailservice,paymentservice,0,0,0,0,0,0,0
2026-10-04T14:08:34Z,emailservice,productcatalogservice,0,0,0,0,0,0,0
2026-10-04T14:08:34Z,emailservice,recommendationservice,0,0,0,0,0,0,0
2026-10-04T14:08:34Z,emailservice,redis-cart,0,0,0,0,0,0,0
2026-10-04T14:08:34Z,emailservice,shippingservice,0,0,0,0,0,0,0
2026-10-04T14:08:34Z,frontend,adservice,838380,838378,0,0,0,2528258,838262
2026-10-04T14:08:34Z,frontend,cartservice,1859117,1859102,0,0,4,10328866,1858796
2026-10-04T14:08:34Z,frontend,checkoutservice,395911,185940,0,40061,169943,62265582,185898
2026-10-04T14:08:34Z,frontend,currencyservice,2955753,2955735,0,0,0,15646702,2955243
2026-10-04T14:08:34Z,frontend,emailservice,0,0,0,0,0,0,0
2026-10-04T14:08:34Z,frontend,frontend,0,0,0,0,0,0,0
2026-10-04T14:08:34Z,frontend,kubernetes,0,0,0,0,0,0,0
2026-10-04T14:08:34Z,frontend,paymentservice,0,0,0,0,0,0,0
2026-10-04T14:08:34Z,frontend,productcatalogservice,8307918,8307849,0,0,0,56829952,8306581
2026-10-04T14:08:34Z,frontend,recommendationservice,2685485,1642858,0,108910,931203,810757401,1642570
2026-10-04T14:08:34Z,frontend,redis-cart,0,0,0,0,0,0,0
2026-10-04T14:08:34Z,frontend,shippingservice,307400,307398,0,0,0,933555,307348
2026-10-04T14:08:34Z,paymentservice,adservice,0,0,0,0,0,0,0
2026-10-04T14:08:34Z,paymentservice,cartservice,0,0,0,0,0,0,0
2026-10-04T14:08:34Z,paymentservice,checkoutservice,0,0,0,0,0,0,0
2026-10-04T14:08:34Z,paymentservice,currencyservice,0,0,0,0,0,0,0
2026-10-04T14:08:34Z,paymentservice,emailservice,0,0,0,0,0,0,0
2026-10-04T14:08:34Z,paymentservice,frontend,0,0,0,0,0,0,0
2026-10-04T14:08:34Z,paymentservice,kubernetes,0,0,0,0,0,0,0
2026-10-04T14:08:34Z,paymentservice,paymentservice,0,0,0,0,0,0,0
2026-10-04T14:08:34Z,paymentservice,productcatalogservice,0,0,0,0,0,0,0
2026-10-04T14:08:34Z,paymentservice,recommendationservice,0,0,0,0,0,0,0
2026-10-04T14:08:34Z,paymentservice,redis-cart,0,0,0,0,0,0,0
2026-10-04T14:08:34Z,paymentservice,shippingservice,0,0,0,0,0,0,0
2026-10-04T14:08:34Z,productcatalogservice,adservice,0,0,0,0,0,0,0
2026-10-04T14:08:34Z,productcatalogservice,cartservice,0,0,0,0,0,0,0
2026-10-04T14:08:34Z,productcatalogservice,checkoutservice,0,0,0,0,0,0,0
2026-10-04T14:08:34Z,productcatalogservice,currencyservice,0,0,0,0,0,0,0
2026-10-04T14:08:34Z,productcatalogservice,emailservice,0,0,0,0,0,0,0
2026-10-04T14:08:34Z,productcatalogservice,frontend,0,0,0,0,0,0,0
2026-10-04T14:08:34Z,productcatalogservice,kubernetes,0,0,0,0,0,0,0
2026-10-04T14:08:34Z,productcatalogservice,paymentservice,0,0,0,0,0,0,0
2026-10-04T14:08:34Z,productcatalogservice,productcatalogservice,0,0,0,0,0,0,0
2026-10-04T14:08:34Z,productcatalogservice,recommendationservice,0,0,0,0,0,0,0
2026-10-04T14:08:34Z,productcatalogservice,redis-cart,0,0,0,0,0,0,0
2026-10-04T14:08:34Z,productcatalogservice,shippingservice,0,0,0,0,0,0,0
2026-10-04T14:08:34Z,recommendationservice,adservice,0,0,0,0,0,0,0
2026-10-04T14:08:34Z,recommendationservice,cartservice,0,0,0,0,0,0,0
2026-10-04T14:08:34Z,recommendationservice,checkoutservice,0,0,0,0,0,0,0
2026-10-04T14:08:34Z,recommendationservice,currencyservice,0,0,0,0,0,0,0
2026-10-04T14:08:34Z,recommendationservice,emailservice,0,0,0,0,0,0,0
2026-10-04T14:08:34Z,recommendationservice,frontend,0,0,0,0,0,0,0
2026-10-04T14:08:34Z,recommendationservice,kubernetes,0,0,0,0,0,0,0
2026-10-04T14:08:34Z,recommendationservice,paymentservice,0,0,0,0,0,0,0
2026-10-04T14:08:34Z,recommendationservice,productcatalogservice,126903,126903,0,0,0,914465,125061
2026-10-04T14:08:34Z,recommendationservice,recommendationservice,0,0,0,0,0,0,0
2026-10-04T14:08:34Z,recommendationservice,redis-cart,0,0,0,0,0,0,0
2026-10-04T14:08:34Z,recommendationservice,shippingservice,0,0,0,0,0,0,0
2026-10-04T14:08:34Z,redis-cart,adservice,0,0,0,0,0,0,0
2026-10-04T14:08:34Z,redis-cart,cartservice,0,0,0,0,0,0,0
2026-10-04T14:08:34Z,redis-cart,checkoutservice,0,0,0,0,0,0,0
2026-10-04T14:08:34Z,redis-cart,currencyservice,0,0,0,0,0,0,0
2026-10-04T14:08:34Z,redis-cart,emailservice,0,0,0,0,0,0,0
2026-10-04T14:08:34Z,redis-cart,frontend,0,0,0,0,0,0,0
2026-10-04T14:08:34Z,redis-cart,kubernetes,0,0,0,0,0,0,0
2026-10-04T14:08:34Z,redis-cart,paymentservice,0,0,0,0,0,0,0
2026-10-04T14:08:34Z,redis-cart,productcatalogservice,0,0,0,0,0,0,0
2026-10-04T14:08:34Z,redis-cart,recommendationservice,0,0,0,0,0,0,0
2026-10-04T14:08:34Z,redis-cart,redis-cart,0,0,0,0,0,0,0
2026-10-04T14:08:34Z,redis-cart,shippingservice,0,0,0,0,0,0,0
2026-10-04T14:08:34Z,shippingservice,adservice,0,0,0,0,0,0,0
2026-10-04T14:08:34Z,shippingservice,cartservice,0,0,0,0,0,0,0
2026-10-04T14:08:34Z,shippingservice,checkoutservice,0,0,0,0,0,0,0
2026-10-04T14:08:34Z,shippingservice,currencyservice,0,0,0,0,0,0,0
2026-10-04T14:08:34Z,shippingservice,emailservice,0,0,0,0,0,0,0
2026-10-04T14:08:34Z,shippingservice,frontend,0,0,0,0,0,0,0
2026-10-04T14:08:34Z,shippingservice,kubernetes,0,0,0,0,0,0,0
2026-10-04T14:08:34Z,shippingservice,paymentservice,0,0,0,0,0,0,0
2026-10-04T14:08:34Z,shippingservice,productcatalogservice,0,0,0,0,0,0,0
2026-10-04T14:08:34Z,shippingservice,recommendationservice,0,0,0,0,0,0,0
2026-10-04T14:08:34Z,shippingservice,redis-cart,0,0,0,0,0,0,0
2026-10-04T14:08:34Z,shippingservice,shippingservice,0,0,0,0,0,0,0
2026-10-04T14:08:35Z,adservice,adservice,0,0,0,0,0,0,0
2026-10-04T14:08:35Z,adservice,cartservice,0,0,0,0,0,0,0
2026-10-04T14:08:35Z,adservice,checkoutservice,0,0,0,0,0,0,0
2026-10-04T14:08:35Z,adservice,currencyservice,0,0,0,0,0,0,0
2026-10-04T14:08:35Z,adservice,emailservice,0,0,0,0,0,0,0
2026-10-04T14:08:35Z,adservice,frontend,0,0,0,0,0,0,0
2026-10-04T14:08:35Z,adservice,kubernetes,0,0,0,0,0,0,0
2026-10-04T14:08:35Z,adservice,paymentservice,0,0,0,0,0,0,0
2026-10-04T14:08:35Z,adservice,productcatalogservice,0,0,0,0,0,0,0
2026-10-04T14:08:35Z,adservice,recommendationservice,0,0,0,0,0,0,0
2026-10-04T14:08:35Z,adservice,redis-cart,0,0,0,0,0,0,0
2026-10-04T14:08:35Z,adservice,shippingservice,0,0,0,0,0,0,0
2026-10-04T14:08:35Z,cartservice,adservice,0,0,0,0,0,0,0
2026-10-04T14:08:35Z,cartservice,cartservice,0,0,0,0,0,0,0
2026-10-04T14:08:35Z,cartservice,checkoutservice,0,0,0,0,0,0,0
2026-10-04T14:08:35Z,cartservice,currencyservice,0,0,0,0,0,0,0
2026-10-04T14:08:35Z,cartservice,emailservice,0,0,0,0,0,0,0
2026-10-04T14:08:35Z,cartservice,frontend,0,0,0,0,0,0,0
2026-10-04T14:08:35Z,cartservice,kubernetes,0,0,0,0,0,0,0
2026-10-04T14:08:35Z,cartservice,paymentservice,0,0,0,0,0,0,0
2026-10-04T14:08:35Z,cartservice,productcatalogservice,0,0,0,0,0,0,0
2026-10-04T14:08:35Z,cartservice,recommendationservice,0,0,0,0,0,0,0
2026-10-04T14:08:35Z,cartservice,redis-cart,2,0,0,0,0,0,0
2026-10-04T14:08:35Z,cartservice,shippingservice,0,0,0,0,0,0,0
2026-10-04T14:08:35Z,checkoutservice,adservice,0,0,0,0,0,0,0
2026-10-04T14:08:35Z,checkoutservice,cartservice,51163,50230,0,100,0,654620,49862
2026-10-04T14:08:35Z,checkoutservice,checkoutservice,0,0,0,0,0,0,0
2026-10-04T14:08:35Z,checkoutservice,currencyservice,36979,36978,0,0,0,546383,36794
2026-10-04T14:08:35Z,checkoutservice,emailservice,8212,7925,0,66,0,305834,7746
2026-10-04T14:08:35Z,checkoutservice,frontend,0,0,0,0,0,0,0
2026-10-04T14:08:35Z,checkoutservice,kubernetes,0,0,0,0,0,0,0
2026-10-04T14:08:35Z,checkoutservice,paymentservice,30241,28393,0,192,0,417253,28064
2026-10-04T14:08:35Z,checkoutservice,productcatalogservice,0,0,0,0,0,0,0
2026-10-04T14:08:35Z,checkoutservice,recommendationservice,0,0,0,0,0,0,0
2026-10-04T14:08:35Z,checkoutservice,redis-cart,0,0,0,0,0,0,0
2026-10-04T14:08:35Z,checkoutservice,shippingservice,56472,54369,0,154,0,490897,54001
2026-10-04T14:08:35Z,currencyservice,adservice,0,0,0,0,0,0,0
2026-10-04T14:08:35Z,currencyservice,cartservice,0,0,0,0,0,0,0
2026-10-04T14:08:35Z,currencyservice,checkoutservice,0,0,0,0,0,0,0
2026-10-04T14:08:35Z,currencyservice,currencyservice,0,0,0,0,0,0,0
2026-10-04T14:08:35Z,currencyservice,emailservice,0,0,0,0,0,0,0
2026-10-04T14:08:35Z,currencyservice,frontend,0,0,0,0,0,0,0
2026-10-04T14:08:35Z,currencyservice,kubernetes,0,0,0,0,0,0,0
2026-10-04T14:08:35Z,currencyservice,paymentservice,0,0,0,0,0,0,0
2026-10-04T14:08:35Z,currencyservice,productcatalogservice,0,0,0,0,0,0,0
2026-10-04T14:08:35Z,currencyservice,recommendationservice,0,0,0,0,0,0,0
2026-10-04T14:08:35Z,currencyservice,redis-cart,0,0,0,0,0,0,0
2026-10-04T14:08:35Z,currencyservice,shippingservice,0,0,0,0,0,0,0
2026-10-04T14:08:35Z,emailservice,adservice,0,0,0,0,0,0,0
2026-10-04T14:08:35Z,emailservice,cartservice,0,0,0,0,0,0,0
2026-10-04T14:08:35Z,emailservice,checkoutservice,0,0,0,0,0,0,0
2026-10-04T14:08:35Z,emailservice,currencyservice,0,0,0,0,0,0,0
2026-10-04T14:08:35Z,emailservice,emailservice,0,0,0,0,0,0,0
2026-10-04T14:08:35Z,emailservice,frontend,0,0,0,0,0,0,0
2026-10-04T14:08:35Z,emailservice,kubernetes,0,0,0,0,0,0,0
2026-10-04T14:08:35Z,emailservice,paymentservice,0,0,0,0,0,0,0
2026-10-04T14:08:35Z,emailservice,productcatalogservice,0,0,0,0,0,0,0
2026-10-04T14:08:35Z,emailservice,recommendationservice,0,0,0,0,0,0,0
2026-10-04T14:08:35Z,emailservice,redis-cart,0,0,0,0,0,0,0
2026-10-04T14:08:35Z,emailservice,shippingservice,0,0,0,0,0,0,0
2026-10-04T14:08:35Z,frontend,adservice,838497,838495,0,0,0,2528258,838262
2026-10-04T14:08:35Z,frontend,cartservice,1859532,1859518,0,0,4,10328866,1858796
2026-10-04T14:08:35Z,frontend,checkoutservice,395975,185998,0,40061,169944,62265582,185898
2026-10-04T14:08:35Z,frontend,currencyservice,2956407,2956396,0,0,0,15646702,2955243
2026-10-04T14:08:35Z,frontend,emailservice,0,0,0,0,0,0,0
2026-10-04T14:08:35Z,frontend,frontend,0,0,0,0,0,0,0
2026-10-04T14:08:35Z,frontend,kubernetes,0,0,0,0,0,0,0
2026-10-04T14:08:35Z,frontend,paymentservice,0,0,0,0,0,0,0
2026-10-04T14:08:35Z,frontend,productcatalogservice,8309342,8309279,0,0,0,56829952,8306581
2026-10-04T14:08:35Z,frontend,recommendationservice,2686238,1643196,0,108957,931521,810757401,1642570
2026-10-04T14:08:35Z,frontend,redis-cart,0,0,0,0,0,0,0
2026-10-04T14:08:35Z,frontend,shippingservice,307445,307443,0,0,0,933555,307348
2026-10-04T14:08:35Z,paymentservice,adservice,0,0,0,0,0,0,0
2026-10-04T14:08:35Z,paymentservice,cartservice,0,0,0,0,0,0,0
2026-10-04T14:08:35Z,paymentservice,checkoutservice,0,0,0,0,0,0,0
2026-10-04T14:08:35Z,paymentservice,currencyservice,0,0,0,0,0,0,0
2026-10-04T14:08:35Z,paymentservice,emailservice,0,0,0,0,0,0,0
2026-10-04T14:08:35Z,paymentservice,frontend,0,0,0,0,0,0,0
2026-10-04T14:08:35Z,paymentservice,kubernetes,0,0,0,0,0,0,0
2026-10-04T14:08:35Z,paymentservice,paymentservice,0,0,0,0,0,0,0
2026-10-04T14:08:35Z,paymentservice,productcatalogservice,0,0,0,0,0,0,0
2026-10-04T14:08:35Z,paymentservice,recommendationservice,0,0,0,0,0,0,0
2026-10-04T14:08:35Z,paymentservice,redis-cart,0,0,0,0,0,0,0
2026-10-04T14:08:35Z,paymentservice,shippingservice,0,0,0,0,0,0,0
2026-10-04T14:08:35Z,productcatalogservice,adservice,0,0,0,0,0,0,0
2026-10-04T14:08:35Z,productcatalogservice,cartservice,0,0,0,0,0,0,0
2026-10-04T14:08:35Z,productcatalogservice,checkoutservice,0,0,0,0,0,0,0
2026-10-04T14:08:35Z,productcatalogservice,currencyservice,0,0,0,0,0,0,0
2026-10-04T14:08:35Z,productcatalogservice,emailservice,0,0,0,0,0,0,0
2026-10-04T14:08:35Z,productcatalogservice,frontend,0,0,0,0,0,0,0
2026-10-04T14:08:35Z,productcatalogservice,kubernetes,0,0,0,0,0,0,0
2026-10-04T14:08:35Z,productcatalogservice,paymentservice,0,0,0,0,0,0,0
2026-10-04T14:08:35Z,productcatalogservice,productcatalogservice,0,0,0,0,0,0,0
2026-10-04T14:08:35Z,productcatalogservice,recommendationservice,0,0,0,0,0,0,0
2026-10-04T14:08:35Z,productcatalogservice,redis-cart,0,0,0,0,0,0,0
2026-10-04T14:08:35Z,productcatalogservice,shippingservice,0,0,0,0,0,0,0
2026-10-04T14:08:35Z,recommendationservice,adservice,0,0,0,0,0,0,0
2026-10-04T14:08:35Z,recommendationservice,cartservice,0,0,0,0,0,0,0
2026-10-04T14:08:35Z,recommendationservice,checkoutservice,0,0,0,0,0,0,0
2026-10-04T14:08:35Z,recommendationservice,currencyservice,0,0,0,0,0,0,0
2026-10-04T14:08:35Z,recommendationservice,emailservice,0,0,0,0,0,0,0
2026-10-04T14:08:35Z,recommendationservice,frontend,0,0,0,0,0,0,0
2026-10-04T14:08:35Z,recommendationservice,kubernetes,0,0,0,0,0,0,0
2026-10-04T14:08:35Z,recommendationservice,paymentservice,0,0,0,0,0,0,0
2026-10-04T14:08:35Z,recommendationservice,productcatalogservice,127330,127330,0,0,0,926754,127228
2026-10-04T14:08:35Z,recommendationservice,recommendationservice,0,0,0,0,0,0,0
2026-10-04T14:08:35Z,recommendationservice,redis-cart,0,0,0,0,0,0,0
2026-10-04T14:08:35Z,recommendationservice,shippingservice,0,0,0,0,0,0,0
2026-10-04T14:08:35Z,redis-cart,adservice,0,0,0,0,0,0,0
2026-10-04T14:08:35Z,redis-cart,cartservice,0,0,0,0,0,0,0
2026-10-04T14:08:35Z,redis-cart,checkoutservice,0,0,0,0,0,0,0
2026-10-04T14:08:35Z,redis-cart,currencyservice,0,0,0,0,0,0,0
2026-10-04T14:08:35Z,redis-cart,emailservice,0,0,0,0,0,0,0
2026-10-04T14:08:35Z,redis-cart,frontend,0,0,0,0,0,0,0
2026-10-04T14:08:35Z,redis-cart,kubernetes,0,0,0,0,0,0,0
2026-10-04T14:08:35Z,redis-cart,paymentservice,0,0,0,0,0,0,0
2026-10-04T14:08:35Z,redis-cart,productcatalogservice,0,0,0,0,0,0,0
2026-10-04T14:08:35Z,redis-cart,recommendationservice,0,0,0,0,0,0,0
2026-10-04T14:08:35Z,redis-cart,redis-cart,0,0,0,0,0,0,0
2026-10-04T14:08:35Z,redis-cart,shippingservice,0,0,0,0,0,0,0
2026-10-04T14:08:35Z,shippingservice,adservice,0,0,0,0,0,0,0
2026-10-04T14:08:35Z,shippingservice,cartservice,0,0,0,0,0,0,0
2026-10-04T14:08:35Z,shippingservice,checkoutservice,0,0,0,0,0,0,0
2026-10-04T14:08:35Z,shippingservice,currencyservice,0,0,0,0,0,0,0
2026-10-04T14:08:35Z,shippingservice,emailservice,0,0,0,0,0,0,0
2026-10-04T14:08:35Z,shippingservice,frontend,0,0,0,0,0,0,0
2026-10-04T14:08:35Z,shippingservice,kubernetes,0,0,0,0,0,0,0
2026-10-04T14:08:35Z,shippingservice,paymentservice,0,0,0,0,0,0,0
2026-10-04T14:08:35Z,shippingservice,productcatalogservice,0,0,0,0,0,0,0
2026-10-04T14:08:35Z,shippingservice,recommendationservice,0,0,0,0,0,0,0
2026-10-04T14:08:35Z,shippingservice,redis-cart,0,0,0,0,0,0,0
2026-10-04T14:08:35Z,shippingservice,shippingservice,0,0,0,0,0,0,0
2026-10-04T14:08:36Z,adservice,adservice,0,0,0,0,0,0,0
2026-10-04T14:08:36Z,adservice,cartservice,0,0,0,0,0,0,0
2026-10-04T14:08:36Z,adservice,checkoutservice,0,0,0,0,0,0,0
2026-10-04T14:08:36Z,adservice,currencyservice,0,0,0,0,0,0,0
2026-10-04T14:08:36Z,adservice,emailservice,0,0,0,0,0,0,0
2026-10-04T14:08:36Z,adservice,frontend,0,0,0,0,0,0,0
2026-10-04T14:08:36Z,adservice,kubernetes,0,0,0,0,0,0,0
2026-10-04T14:08:36Z,adservice,paymentservice,0,0,0,0,0,0,0
2026-10-04T14:08:36Z,adservice,productcatalogservice,0,0,0,0,0,0,0
2026-10-04T14:08:36Z,adservice,recommendationservice,0,0,0,0,0,0,0
2026-10-04T14:08:36Z,adservice,redis-cart,0,0,0,0,0,0,0
2026-10-04T14:08:36Z,adservice,shippingservice,0,0,0,0,0,0,0
2026-10-04T14:08:36Z,cartservice,adservice,0,0,0,0,0,0,0
2026-10-04T14:08:36Z,cartservice,cartservice,0,0,0,0,0,0,0
2026-10-04T14:08:36Z,cartservice,checkoutservice,0,0,0,0,0,0,0
2026-10-04T14:08:36Z,cartservice,currencyservice,0,0,0,0,0,0,0
2026-10-04T14:08:36Z,cartservice,emailservice,0,0,0,0,0,0,0
2026-10-04T14:08:36Z,cartservice,frontend,0,0,0,0,0,0,0
2026-10-04T14:08:36Z,cartservice,kubernetes,0,0,0,0,0,0,0
2026-10-04T14:08:36Z,cartservice,paymentservice,0,0,0,0,0,0,0
2026-10-04T14:08:36Z,cartservice,productcatalogservice,0,0,0,0,0,0,0
2026-10-04T14:08:36Z,cartservice,recommendationservice,0,0,0,0,0,0,0
2026-10-04T14:08:36Z,cartservice,redis-cart,2,0,0,0,0,0,0
2026-10-04T14:08:36Z,cartservice,shippingservice,0,0,0,0,0,0,0
2026-10-04T14:08:36Z,checkoutservice,adservice,0,0,0,0,0,0,0
2026-10-04T14:08:36Z,checkoutservice,cartservice,51257,50326,0,100,0,654620,49862
2026-10-04T14:08:36Z,checkoutservice,checkoutservice,0,0,0,0,0,0,0
2026-10-04T14:08:36Z,checkoutservice,currencyservice,37026,37026,0,0,0,546383,36794
2026-10-04T14:08:36Z,checkoutservice,emailservice,8264,7978,0,66,0,305834,7746
2026-10-04T14:08:36Z,checkoutservice,frontend,0,0,0,0,0,0,0
2026-10-04T14:08:36Z,checkoutservice,kubernetes,0,0,0,0,0,0,0
2026-10-04T14:08:36Z,checkoutservice,paymentservice,30292,28444,0,192,0,417253,28064
2026-10-04T14:08:36Z,checkoutservice,productcatalogservice,0,0,0,0,0,0,0
2026-10-04T14:08:36Z,checkoutservice,recommendationservice,0,0,0,0,0,0,0
2026-10-04T14:08:36Z,checkoutservice,redis-cart,0,0,0,0,0,0,0
2026-10-04T14:08:36Z,checkoutservice,shippingservice,56568,54465,0,154,0,490897,54001
2026-10-04T14:08:36Z,currencyservice,adservice,0,0,0,0,0,0,0
2026-10-04T14:08:36Z,currencyservice,cartservice,0,0,0,0,0,0,0
2026-10-04T14:08:36Z,currencyservice,checkoutservice,0,0,0,0,0,0,0
2026-10-04T14:08:36Z,currencyservice,currencyservice,0,0,0,0,0,0,0
2026-10-04T14:08:36Z,currencyservice,emailservice,0,0,0,0,0,0,0
2026-10-04T14:08:36Z,currencyservice,frontend,0,0,0,0,0,0,0
2026-10-04T14:08:36Z,currencyservice,kubernetes,0,0,0,0,0,0,0
2026-10-04T14:08:36Z,currencyservice,paymentservice,0,0,0,0,0,0,0
2026-10-04T14:08:36Z,currencyservice,productcatalogservice,0,0,0,0,0,0,0
2026-10-04T14:08:36Z,currencyservice,recommendationservice,0,0,0,0,0,0,0
2026-10-04T14:08:36Z,currencyservice,redis-cart,0,0,0,0,0,0,0
2026-10-04T14:08:36Z,currencyservice,shippingservice,0,0,0,0,0,0,0
2026-10-04T14:08:36Z,emailservice,adservice,0,0,0,0,0,0,0
2026-10-04T14:08:36Z,emailservice,cartservice,0,0,0,0,0,0,0
2026-10-04T14:08:36Z,emailservice,checkoutservice,0,0,0,0,0,0,0
2026-10-04T14:08:36Z,emailservice,currencyservice,0,0,0,0,0,0,0
2026-10-04T14:08:36Z,emailservice,emailservice,0,0,0,0,0,0,0
2026-10-04T14:08:36Z,emailservice,frontend,0,0,0,0,0,0,0
2026-10-04T14:08:36Z,emailservice,kubernetes,0,0,0,0,0,0,0
2026-10-04T14:08:36Z,emailservice,paymentservice,0,0,0,0,0,0,0
2026-10-04T14:08:36Z,emailservice,productcatalogservice,0,0,0,0,0,0,0
2026-10-04T14:08:36Z,emailservice,recommendationservice,0,0,0,0,0,0,0
2026-10-04T14:08:36Z,emailservice,redis-cart,0,0,0,0,0,0,0
2026-10-04T14:08:36Z,emailservice,shippingservice,0,0,0,0,0,0,0
2026-10-04T14:08:36Z,frontend,adservice,838605,838603,0,0,0,2528258,838262
2026-10-04T14:08:36Z,frontend,cartservice,1859883,1859870,0,0,4,10328866,1858796
2026-10-04T14:08:36Z,frontend,checkoutservice,396021,186056,0,40061,169944,62265582,185898
2026-10-04T14:08:36Z,frontend,currencyservice,2956970,2956963,0,0,0,15646702,2955243
2026-10-04T14:08:36Z,frontend,emailservice,0,0,0,0,0,0,0
2026-10-04T14:08:36Z,frontend,frontend,0,0,0,0,0,0,0
2026-10-04T14:08:36Z,frontend,kubernetes,0,0,0,0,0,0,0
2026-10-04T14:08:36Z,frontend,paymentservice,0,0,0,0,0,0,0
2026-10-04T14:08:36Z,frontend,productcatalogservice,8310646,8310584,0,0,0,56829952,8306581
2026-10-04T14:08:36Z,frontend,recommendationservice,2686960,1643515,0,108986,931918,810757401,1642570
2026-10-04T14:08:36Z,frontend,redis-cart,0,0,0,0,0,0,0
2026-10-04T14:08:36Z,frontend,shippingservice,307498,307496,0,0,0,933555,307348
2026-10-04T14:08:36Z,paymentservice,adservice,0,0,0,0,0,0,0
2026-10-04T14:08:36Z,paymentservice,cartservice,0,0,0,0,0,0,0
2026-10-04T14:08:36Z,paymentservice,checkoutservice,0,0,0,0,0,0,0
2026-10-04T14:08:36Z,paymentservice,currencyservice,0,0,0,0,0,0,0
2026-10-04T14:08:36Z,paymentservice,emailservice,0,0,0,0,0,0,0
2026-10-04T14:08:36Z,paymentservice,frontend,0,0,0,0,0,0,0
2026-10-04T14:08:36Z,paymentservice,kubernetes,0,0,0,0,0,0,0
2026-10-04T14:08:36Z,paymentservice,paymentservice,0,0,0,0,0,0,0
2026-10-04T14:08:36Z,paymentservice,productcatalogservice,0,0,0,0,0,0,0
2026-10-04T14:08:36Z,paymentservice,recommendationservice,0,0,0,0,0,0,0
2026-10-04T14:08:36Z,paymentservice,redis-cart,0,0,0,0,0,0,0
2026-10-04T14:08:36Z,paymentservice,shippingservice,0,0,0,0,0,0,0
2026-10-04T14:08:36Z,productcatalogservice,adservice,0,0,0,0,0,0,0
2026-10-04T14:08:36Z,productcatalogservice,cartservice,0,0,0,0,0,0,0
2026-10-04T14:08:36Z,productcatalogservice,checkoutservice,0,0,0,0,0,0,0
2026-10-04T14:08:36Z,productcatalogservice,currencyservice,0,0,0,0,0,0,0
2026-10-04T14:08:36Z,productcatalogservice,emailservice,0,0,0,0,0,0,0
2026-10-04T14:08:36Z,productcatalogservice,frontend,0,0,0,0,0,0,0
2026-10-04T14:08:36Z,productcatalogservice,kubernetes,0,0,0,0,0,0,0
2026-10-04T14:08:36Z,productcatalogservice,paymentservice,0,0,0,0,0,0,0
2026-10-04T14:08:36Z,productcatalogservice,productcatalogservice,0,0,0,0,0,0,0
2026-10-04T14:08:36Z,productcatalogservice,recommendationservice,0,0,0,0,0,0,0
2026-10-04T14:08:36Z,productcatalogservice,redis-cart,0,0,0,0,0,0,0
2026-10-04T14:08:36Z,productcatalogservice,shippingservice,0,0,0,0,0,0,0
2026-10-04T14:08:36Z,recommendationservice,adservice,0,0,0,0,0,0,0
2026-10-04T14:08:36Z,recommendationservice,cartservice,0,0,0,0,0,0,0
2026-10-04T14:08:36Z,recommendationservice,checkoutservice,0,0,0,0,0,0,0
2026-10-04T14:08:36Z,recommendationservice,currencyservice,0,0,0,0,0,0,0
2026-10-04T14:08:36Z,recommendationservice,emailservice,0,0,0,0,0,0,0
2026-10-04T14:08:36Z,recommendationservice,frontend,0,0,0,0,0,0,0
2026-10-04T14:08:36Z,recommendationservice,kubernetes,0,0,0,0,0,0,0
2026-10-04T14:08:36Z,recommendationservice,paymentservice,0,0,0,0,0,0,0
2026-10-04T14:08:36Z,recommendationservice,productcatalogservice,127772,127768,0,0,0,926754,127228
2026-10-04T14:08:36Z,recommendationservice,recommendationservice,0,0,0,0,0,0,0
2026-10-04T14:08:36Z,recommendationservice,redis-cart,0,0,0,0,0,0,0
2026-10-04T14:08:36Z,recommendationservice,shippingservice,0,0,0,0,0,0,0
2026-10-04T14:08:36Z,redis-cart,adservice,0,0,0,0,0,0,0
2026-10-04T14:08:36Z,redis-cart,cartservice,0,0,0,0,0,0,0
2026-10-04T14:08:36Z,redis-cart,checkoutservice,0,0,0,0,0,0,0
2026-10-04T14:08:36Z,redis-cart,currencyservice,0,0,0,0,0,0,0
2026-10-04T14:08:36Z,redis-cart,emailservice,0,0,0,0,0,0,0
2026-10-04T14:08:36Z,redis-cart,frontend,0,0,0,0,0,0,0
2026-10-04T14:08:36Z,redis-cart,kubernetes,0,0,0,0,0,0,0
2026-10-04T14:08:36Z,redis-cart,paymentservice,0,0,0,0,0,0,0
2026-10-04T14:08:36Z,redis-cart,productcatalogservice,0,0,0,0,0,0,0
2026-10-04T14:08:36Z,redis-cart,recommendationservice,0,0,0,0,0,0,0
2026-10-04T14:08:36Z,redis-cart,redis-cart,0,0,0,0,0,0,0
2026-10-04T14:08:36Z,redis-cart,shippingservice,0,0,0,0,0,0,0
2026-10-04T14:08:36Z,shippingservice,adservice,0,0,0,0,0,0,0
2026-10-04T14:08:36Z,shippingservice,cartservice,0,0,0,0,0,0,0
2026-10-04T14:08:36Z,shippingservice,checkoutservice,0,0,0,0,0,0,0
2026-10-04T14:08:36Z,shippingservice,currencyservice,0,0,0,0,0,0,0
2026-10-04T14:08:36Z,shippingservice,emailservice,0,0,0,0,0,0,0
2026-10-04T14:08:36Z,shippingservice,frontend,0,0,0,0,0,0,0
2026-10-04T14:08:36Z,shippingservice,kubernetes,0,0,0,0,0,0,0
2026-10-04T14:08:36Z,shippingservice,paymentservice,0,0,0,0,0,0,0
2026-10-04T14:08:36Z,shippingservice,productcatalogservice,0,0,0,0,0,0,0
2026-10-04T14:08:36Z,shippingservice,recommendationservice,0,0,0,0,0,0,0
2026-10-04T14:08:36Z,shippingservice,redis-cart,0,0,0,0,0,0,0
2026-10-04T14:08:36Z,shippingservice,shippingservice,0,0,0,0,0,0,0
2026-10-04T14:08:37Z,adservice,adservice,0,0,0,0,0,0,0
2026-10-04T14:08:37Z,adservice,cartservice,0,0,0,0,0,0,0
2026-10-04T14:08:37Z,adservice,checkoutservice,0,0,0,0,0,0,0
2026-10-04T14:08:37Z,adservice,currencyservice,0,0,0,0,0,0,0
2026-10-04T14:08:37Z,adservice,emailservice,0,0,0,0,0,0,0
2026-10-04T14:08:37Z,adservice,frontend,0,0,0,0,0,0,0
2026-10-04T14:08:37Z,adservice,kubernetes,0,0,0,0,0,0,0
2026-10-04T14:08:37Z,adservice,paymentservice,0,0,0,0,0,0,0
2026-10-04T14:08:37Z,adservice,productcatalogservice,0,0,0,0,0,0,0
2026-10-04T14:08:37Z,adservice,recommendationservice,0,0,0,0,0,0,0
2026-10-04T14:08:37Z,adservice,redis-cart,0,0,0,0,0,0,0
2026-10-04T14:08:37Z,adservice,shippingservice,0,0,0,0,0,0,0
2026-10-04T14:08:37Z,cartservice,adservice,0,0,0,0,0,0,0
2026-10-04T14:08:37Z,cartservice,cartservice,0,0,0,0,0,0,0
2026-10-04T14:08:37Z,cartservice,checkoutservice,0,0,0,0,0,0,0
2026-10-04T14:08:37Z,cartservice,currencyservice,0,0,0,0,0,0,0
2026-10-04T14:08:37Z,cartservice,emailservice,0,0,0,0,0,0,0
2026-10-04T14:08:37Z,cartservice,frontend,0,0,0,0,0,0,0
2026-10-04T14:08:37Z,cartservice,kubernetes,0,0,0,0,0,0,0
2026-10-04T14:08:37Z,cartservice,paymentservice,0,0,0,0,0,0,0
2026-10-04T14:08:37Z,cartservice,productcatalogservice,0,0,0,0,0,0,0
2026-10-04T14:08:37Z,cartservice,recommendationservice,0,0,0,0,0,0,0
2026-10-04T14:08:37Z,cartservice,redis-cart,2,0,0,0,0,0,0
2026-10-04T14:08:37Z,cartservice,shippingservice,0,0,0,0,0,0,0
2026-10-04T14:08:37Z,checkoutservice,adservice,0,0,0,0,0,0,0
2026-10-04T14:08:37Z,checkoutservice,cartservice,51397,50466,0,100,0,657238,50408
2026-10-04T14:08:37Z,checkoutservice,checkoutservice,0,0,0,0,0,0,0
2026-10-04T14:08:37Z,checkoutservice,currencyservice,37096,37096,0,0,0,547461,37068
2026-10-04T14:08:37Z,checkoutservice,emailservice,8334,8042,0,66,0,312806,8017
2026-10-04T14:08:37Z,checkoutservice,frontend,0,0,0,0,0,0,0
2026-10-04T14:08:37Z,checkoutservice,kubernetes,0,0,0,0,0,0,0
2026-10-04T14:08:37Z,checkoutservice,paymentservice,30362,28514,0,192,0,418128,28338
2026-10-04T14:08:37Z,checkoutservice,productcatalogservice,0,0,0,0,0,0,0
2026-10-04T14:08:37Z,checkoutservice,recommendationservice,0,0,0,0,0,0,0
2026-10-04T14:08:37Z,checkoutservice,redis-cart,0,0,0,0,0,0,0
2026-10-04T14:08:37Z,checkoutservice,shippingservice,56708,54605,0,154,0,492082,54547
2026-10-04T14:08:37Z,currencyservice,adservice,0,0,0,0,0,0,0
2026-10-04T14:08:37Z,currencyservice,cartservice,0,0,0,0,0,0,0
2026-10-04T14:08:37Z,currencyservice,checkoutservice,0,0,0,0,0,0,0
2026-10-04T14:08:37Z,currencyservice,currencyservice,0,0,0,0,0,0,0
2026-10-04T14:08:37Z,currencyservice,emailservice,0,0,0,0,0,0,0
2026-10-04T14:08:37Z,currencyservice,frontend,0,0,0,0,0,0,0
2026-10-04T14:08:37Z,currencyservice,kubernetes,0,0,0,0,0,0,0
2026-10-04T14:08:37Z,currencyservice,paymentservice,0,0,0,0,0,0,0
2026-10-04T14:08:37Z,currencyservice,productcatalogservice,0,0,0,0,0,0,0
2026-10-04T14:08:37Z,currencyservice,recommendationservice,0,0,0,0,0,0,0
2026-10-04T14:08:37Z,currencyservice,redis-cart,0,0,0,0,0,0,0
2026-10-04T14:08:37Z,currencyservice,shippingservice,0,0,0,0,0,0,0
2026-10-04T14:08:37Z,emailservice,adservice,0,0,0,0,0,0,0
2026-10-04T14:08:37Z,emailservice,cartservice,0,0,0,0,0,0,0
2026-10-04T14:08:37Z,emailservice,checkoutservice,0,0,0,0,0,0,0
2026-10-04T14:08:37Z,emailservice,currencyservice,0,0,0,0,0,0,0
2026-10-04T14:08:37Z,emailservice,emailservice,0,0,0,0,0,0,0
2026-10-04T14:08:37Z,emailservice,frontend,0,0,0,0,0,0,0
2026-10-04T14:08:37Z,emailservice,kubernetes,0,0,0,0,0,0,0
2026-10-04T14:08:37Z,emailservice,paymentservice,0,0,0,0,0,0,0
2026-10-04T14:08:37Z,emailservice,productcatalogservice,0,0,0,0,0,0,0
2026-10-04T14:08:37Z,emailservice,recommendationservice,0,0,0,0,0,0,0
2026-10-04T14:08:37Z,emailservice,redis-cart,0,0,0,0,0,0,0
2026-10-04T14:08:37Z,emailservice,shippingservice,0,0,0,0,0,0,0
2026-10-04T14:08:37Z,frontend,adservice,838806,838804,0,0,0,2528258,838262
2026-10-04T14:08:37Z,frontend,cartservice,1860324,1860309,0,0,4,10328866,1858796
2026-10-04T14:08:37Z,frontend,checkoutservice,396098,186124,0,40061,169944,62265582,185898
2026-10-04T14:08:37Z,frontend,currencyservice,2957689,2957678,0,0,0,15646702,2955243
2026-10-04T14:08:37Z,frontend,emailservice,0,0,0,0,0,0,0
2026-10-04T14:08:37Z,frontend,frontend,0,0,0,0,0,0,0
2026-10-04T14:08:37Z,frontend,kubernetes,0,0,0,0,0,0,0
2026-10-04T14:08:37Z,frontend,paymentservice,0,0,0,0,0,0,0
2026-10-04T14:08:37Z,frontend,productcatalogservice,8312693,8312622,0,0,0,56829952,8306581
2026-10-04T14:08:37Z,frontend,recommendationservice,2687711,1643960,0,109032,932226,810757401,1642570
2026-10-04T14:08:37Z,frontend,redis-cart,0,0,0,0,0,0,0
2026-10-04T14:08:37Z,frontend,shippingservice,307556,307554,0,0,0,933555,307348
2026-10-04T14:08:37Z,paymentservice,adservice,0,0,0,0,0,0,0
2026-10-04T14:08:37Z,paymentservice,cartservice,0,0,0,0,0,0,0
2026-10-04T14:08:37Z,paymentservice,checkoutservice,0,0,0,0,0,0,0
2026-10-04T14:08:37Z,paymentservice,currencyservice,0,0,0,0,0,0,0
2026-10-04T14:08:37Z,paymentservice,emailservice,0,0,0,0,0,0,0
2026-10-04T14:08:37Z,paymentservice,frontend,0,0,0,0,0,0,0
2026-10-04T14:08:37Z,paymentservice,kubernetes,0,0,0,0,0,0,0
2026-10-04T14:08:37Z,paymentservice,paymentservice,0,0,0,0,0,0,0
2026-10-04T14:08:37Z,paymentservice,productcatalogservice,0,0,0,0,0,0,0
2026-10-04T14:08:37Z,paymentservice,recommendationservice,0,0,0,0,0,0,0
2026-10-04T14:08:37Z,paymentservice,redis-cart,0,0,0,0,0,0,0
2026-10-04T14:08:37Z,paymentservice,shippingservice,0,0,0,0,0,0,0
2026-10-04T14:08:37Z,productcatalogservice,adservice,0,0,0,0,0,0,0
2026-10-04T14:08:37Z,productcatalogservice,cartservice,0,0,0,0,0,0,0
2026-10-04T14:08:37Z,productcatalogservice,checkoutservice,0,0,0,0,0,0,0
2026-10-04T14:08:37Z,productcatalogservice,currencyservice,0,0,0,0,0,0,0
2026-10-04T14:08:37Z,productcatalogservice,emailservice,0,0,0,0,0,0,0
2026-10-04T14:08:37Z,productcatalogservice,frontend,0,0,0,0,0,0,0
2026-10-04T14:08:37Z,productcatalogservice,kubernetes,0,0,0,0,0,0,0
2026-10-04T14:08:37Z,productcatalogservice,paymentservice,0,0,0,0,0,0,0
2026-10-04T14:08:37Z,productcatalogservice,productcatalogservice,0,0,0,0,0,0,0
2026-10-04T14:08:37Z,productcatalogservice,recommendationservice,0,0,0,0,0,0,0
2026-10-04T14:08:37Z,productcatalogservice,redis-cart,0,0,0,0,0,0,0
2026-10-04T14:08:37Z,productcatalogservice,shippingservice,0,0,0,0,0,0,0
2026-10-04T14:08:37Z,recommendationservice,adservice,0,0,0,0,0,0,0
2026-10-04T14:08:37Z,recommendationservice,cartservice,0,0,0,0,0,0,0
2026-10-04T14:08:37Z,recommendationservice,checkoutservice,0,0,0,0,0,0,0
2026-10-04T14:08:37Z,recommendationservice,currencyservice,0,0,0,0,0,0,0
2026-10-04T14:08:37Z,recommendationservice,emailservice,0,0,0,0,0,0,0
2026-10-04T14:08:37Z,recommendationservice,frontend,0,0,0,0,0,0,0
2026-10-04T14:08:37Z,recommendationservice,kubernetes,0,0,0,0,0,0,0
2026-10-04T14:08:37Z,recommendationservice,paymentservice,0,0,0,0,0,0,0
2026-10-04T14:08:37Z,recommendationservice,productcatalogservice,128266,128265,0,0,0,926754,127228
2026-10-04T14:08:37Z,recommendationservice,recommendationservice,0,0,0,0,0,0,0
2026-10-04T14:08:37Z,recommendationservice,redis-cart,0,0,0,0,0,0,0
2026-10-04T14:08:37Z,recommendationservice,shippingservice,0,0,0,0,0,0,0
2026-10-04T14:08:37Z,redis-cart,adservice,0,0,0,0,0,0,0
2026-10-04T14:08:37Z,redis-cart,cartservice,0,0,0,0,0,0,0
2026-10-04T14:08:37Z,redis-cart,checkoutservice,0,0,0,0,0,0,0
2026-10-04T14:08:37Z,redis-cart,currencyservice,0,0,0,0,0,0,0
2026-10-04T14:08:37Z,redis-cart,emailservice,0,0,0,0,0,0,0
2026-10-04T14:08:37Z,redis-cart,frontend,0,0,0,0,0,0,0
2026-10-04T14:08:37Z,redis-cart,kubernetes,0,0,0,0,0,0,0
2026-10-04T14:08:37Z,redis-cart,paymentservice,0,0,0,0,0,0,0
2026-10-04T14:08:37Z,redis-cart,productcatalogservice,0,0,0,0,0,0,0
2026-10-04T14:08:37Z,redis-cart,recommendationservice,0,0,0,0,0,0,0
2026-10-04T14:08:37Z,redis-cart,redis-cart,0,0,0,0,0,0,0
2026-10-04T14:08:37Z,redis-cart,shippingservice,0,0,0,0,0,0,0
2026-10-04T14:08:37Z,shippingservice,adservice,0,0,0,0,0,0,0
2026-10-04T14:08:37Z,shippingservice,cartservice,0,0,0,0,0,0,0
2026-10-04T14:08:37Z,shippingservice,checkoutservice,0,0,0,0,0,0,0
2026-10-04T14:08:37Z,shippingservice,currencyservice,0,0,0,0,0,0,0
2026-10-04T14:08:37Z,shippingservice,emailservice,0,0,0,0,0,0,0
2026-10-04T14:08:37Z,shippingservice,frontend,0,0,0,0,0,0,0
2026-10-04T14:08:37Z,shippingservice,kubernetes,0,0,0,0,0,0,0
2026-10-04T14:08:37Z,shippingservice,paymentservice,0,0,0,0,0,0,0
2026-10-04T14:08:37Z,shippingservice,productcatalogservice,0,0,0,0,0,0,0
2026-10-04T14:08:37Z,shippingservice,recommendationservice,0,0,0,0,0,0,0
2026-10-04T14:08:37Z,shippingservice,redis-cart,0,0,0,0,0,0,0
2026-10-04T14:08:37Z,shippingservice,shippingservice,0,0,0,0,0,0,0
2026-10-04T14:08:38Z,adservice,adservice,0,0,0,0,0,0,0
2026-10-04T14:08:38Z,adservice,cartservice,0,0,0,0,0,0,0
2026-10-04T14:08:38Z,adservice,checkoutservice,0,0,0,0,0,0,0
2026-10-04T14:08:38Z,adservice,currencyservice,0,0,0,0,0,0,0
2026-10-04T14:08:38Z,adservice,emailservice,0,0,0,0,0,0,0
2026-10-04T14:08:38Z,adservice,frontend,0,0,0,0,0,0,0
2026-10-04T14:08:38Z,adservice,kubernetes,0,0,0,0,0,0,0
2026-10-04T14:08:38Z,adservice,paymentservice,0,0,0,0,0,0,0
2026-10-04T14:08:38Z,adservice,productcatalogservice,0,0,0,0,0,0,0
2026-10-04T14:08:38Z,adservice,recommendationservice,0,0,0,0,0,0,0
2026-10-04T14:08:38Z,adservice,redis-cart,0,0,0,0,0,0,0
2026-10-04T14:08:38Z,adservice,shippingservice,0,0,0,0,0,0,0
2026-10-04T14:08:38Z,cartservice,adservice,0,0,0,0,0,0,0
2026-10-04T14:08:38Z,cartservice,cartservice,0,0,0,0,0,0,0
2026-10-04T14:08:38Z,cartservice,checkoutservice,0,0,0,0,0,0,0
2026-10-04T14:08:38Z,cartservice,currencyservice,0,0,0,0,0,0,0
2026-10-04T14:08:38Z,cartservice,emailservice,0,0,0,0,0,0,0
2026-10-04T14:08:38Z,cartservice,frontend,0,0,0,0,0,0,0
2026-10-04T14:08:38Z,cartservice,kubernetes,0,0,0,0,0,0,0
2026-10-04T14:08:38Z,cartservice,paymentservice,0,0,0,0,0,0,0
2026-10-04T14:08:38Z,cartservice,productcatalogservice,0,0,0,0,0,0,0
2026-10-04T14:08:38Z,cartservice,recommendationservice,0,0,0,0,0,0,0
2026-10-04T14:08:38Z,cartservice,redis-cart,2,0,0,0,0,0,0
2026-10-04T14:08:38Z,cartservice,shippingservice,0,0,0,0,0,0,0
2026-10-04T14:08:38Z,checkoutservice,adservice,0,0,0,0,0,0,0
2026-10-04T14:08:38Z,checkoutservice,cartservice,51533,50601,0,100,0,657238,50408
2026-10-04T14:08:38Z,checkoutservice,checkoutservice,0,0,0,0,0,0,0
2026-10-04T14:08:38Z,checkoutservice,currencyservice,37166,37166,0,0,0,547461,37068
2026-10-04T14:08:38Z,checkoutservice,emailservice,8395,8104,0,66,0,312806,8017
2026-10-04T14:08:38Z,checkoutservice,frontend,0,0,0,0,0,0,0
2026-10-04T14:08:38Z,checkoutservice,kubernetes,0,0,0,0,0,0,0
2026-10-04T14:08:38Z,checkoutservice,paymentservice,30426,28578,0,192,0,418128,28338
2026-10-04T14:08:38Z,checkoutservice,productcatalogservice,0,0,0,0,0,0,0
2026-10-04T14:08:38Z,checkoutservice,recommendationservice,0,0,0,0,0,0,0
2026-10-04T14:08:38Z,checkoutservice,redis-cart,0,0,0,0,0,0,0
2026-10-04T14:08:38Z,checkoutservice,shippingservice,56844,54741,0,154,0,492082,54547
2026-10-04T14:08:38Z,currencyservice,adservice,0,0,0,0,0,0,0
2026-10-04T14:08:38Z,currencyservice,cartservice,0,0,0,0,0,0,0
2026-10-04T14:08:38Z,currencyservice,checkoutservice,0,0,0,0,0,0,0
2026-10-04T14:08:38Z,currencyservice,currencyservice,0,0,0,0,0,0,0
2026-10-04T14:08:38Z,currencyservice,emailservice,0,0,0,0,0,0,0
2026-10-04T14:08:38Z,currencyservice,frontend,0,0,0,0,0,0,0
2026-10-04T14:08:38Z,currencyservice,kubernetes,0,0,0,0,0,0,0
2026-10-04T14:08:38Z,currencyservice,paymentservice,0,0,0,0,0,0,0
2026-10-04T14:08:38Z,currencyservice,productcatalogservice,0,0,0,0,0,0,0
2026-10-04T14:08:38Z,currencyservice,recommendationservice,0,0,0,0,0,0,0
2026-10-04T14:08:38Z,currencyservice,redis-cart,0,0,0,0,0,0,0
2026-10-04T14:08:38Z,currencyservice,shippingservice,0,0,0,0,0,0,0
2026-10-04T14:08:38Z,emailservice,adservice,0,0,0,0,0,0,0
2026-10-04T14:08:38Z,emailservice,cartservice,0,0,0,0,0,0,0
2026-10-04T14:08:38Z,emailservice,checkoutservice,0,0,0,0,0,0,0
2026-10-04T14:08:38Z,emailservice,currencyservice,0,0,0,0,0,0,0
2026-10-04T14:08:38Z,emailservice,emailservice,0,0,0,0,0,0,0
2026-10-04T14:08:38Z,emailservice,frontend,0,0,0,0,0,0,0
2026-10-04T14:08:38Z,emailservice,kubernetes,0,0,0,0,0,0,0
2026-10-04T14:08:38Z,emailservice,paymentservice,0,0,0,0,0,0,0
2026-10-04T14:08:38Z,emailservice,productcatalogservice,0,0,0,0,0,0,0
2026-10-04T14:08:38Z,emailservice,recommendationservice,0,0,0,0,0,0,0
2026-10-04T14:08:38Z,emailservice,redis-cart,0,0,0,0,0,0,0
2026-10-04T14:08:38Z,emailservice,shippingservice,0,0,0,0,0,0,0
2026-10-04T14:08:38Z,frontend,adservice,838950,838948,0,0,0,2528611,838406
2026-10-04T14:08:38Z,frontend,cartservice,1860707,1860692,0,0,4,10331069,1859286
2026-10-04T14:08:38Z,frontend,checkoutservice,396156,186179,0,40061,169944,62273370,185969
2026-10-04T14:08:38Z,frontend,currencyservice,2958301,2958293,0,0,0,15649821,2956033
2026-10-04T14:08:38Z,frontend,emailservice,0,0,0,0,0,0,0
2026-10-04T14:08:38Z,frontend,frontend,0,0,0,0,0,0,0
2026-10-04T14:08:38Z,frontend,kubernetes,0,0,0,0,0,0,0
2026-10-04T14:08:38Z,frontend,paymentservice,0,0,0,0,0,0,0
2026-10-04T14:08:38Z,frontend,productcatalogservice,8314328,8314241,0,0,0,56841186,8308339
2026-10-04T14:08:38Z,frontend,recommendationservice,2688406,1644289,0,109068,932520,811132686,1643033
2026-10-04T14:08:38Z,frontend,redis-cart,0,0,0,0,0,0,0
2026-10-04T14:08:38Z,frontend,shippingservice,307612,307610,0,0,0,933672,307410
2026-10-04T14:08:38Z,paymentservice,adservice,0,0,0,0,0,0,0
2026-10-04T14:08:38Z,paymentservice,cartservice,0,0,0,0,0,0,0
2026-10-04T14:08:38Z,paymentservice,checkoutservice,0,0,0,0,0,0,0
2026-10-04T14:08:38Z,paymentservice,currencyservice,0,0,0,0,0,0,0
2026-10-04T14:08:38Z,paymentservice,emailservice,0,0,0,0,0,0,0
2026-10-04T14:08:38Z,paymentservice,frontend,0,0,0,0,0,0,0
2026-10-04T14:08:38Z,paymentservice,kubernetes,0,0,0,0,0,0,0
2026-10-04T14:08:38Z,paymentservice,paymentservice,0,0,0,0,0,0,0
2026-10-04T14:08:38Z,paymentservice,productcatalogservice,0,0,0,0,0,0,0
2026-10-04T14:08:38Z,paymentservice,recommendationservice,0,0,0,0,0,0,0
2026-10-04T14:08:38Z,paymentservice,redis-cart,0,0,0,0,0,0,0
2026-10-04T14:08:38Z,paymentservice,shippingservice,0,0,0,0,0,0,0
2026-10-04T14:08:38Z,productcatalogservice,adservice,0,0,0,0,0,0,0
2026-10-04T14:08:38Z,productcatalogservice,cartservice,0,0,0,0,0,0,0
2026-10-04T14:08:38Z,productcatalogservice,checkoutservice,0,0,0,0,0,0,0
2026-10-04T14:08:38Z,productcatalogservice,currencyservice,0,0,0,0,0,0,0
2026-10-04T14:08:38Z,productcatalogservice,emailservice,0,0,0,0,0,0,0
2026-10-04T14:08:38Z,productcatalogservice,frontend,0,0,0,0,0,0,0
2026-10-04T14:08:38Z,productcatalogservice,kubernetes,0,0,0,0,0,0,0
2026-10-04T14:08:38Z,productcatalogservice,paymentservice,0,0,0,0,0,0,0
2026-10-04T14:08:38Z,productcatalogservice,productcatalogservice,0,0,0,0,0,0,0
2026-10-04T14:08:38Z,productcatalogservice,recommendationservice,0,0,0,0,0,0,0
2026-10-04T14:08:38Z,productcatalogservice,redis-cart,0,0,0,0,0,0,0
2026-10-04T14:08:38Z,productcatalogservice,shippingservice,0,0,0,0,0,0,0
2026-10-04T14:08:38Z,recommendationservice,adservice,0,0,0,0,0,0,0
2026-10-04T14:08:38Z,recommendationservice,cartservice,0,0,0,0,0,0,0
2026-10-04T14:08:38Z,recommendationservice,checkoutservice,0,0,0,0,0,0,0
2026-10-04T14:08:38Z,recommendationservice,currencyservice,0,0,0,0,0,0,0
2026-10-04T14:08:38Z,recommendationservice,emailservice,0,0,0,0,0,0,0
2026-10-04T14:08:38Z,recommendationservice,frontend,0,0,0,0,0,0,0
2026-10-04T14:08:38Z,recommendationservice,kubernetes,0,0,0,0,0,0,0
2026-10-04T14:08:38Z,recommendationservice,paymentservice,0,0,0,0,0,0,0
2026-10-04T14:08:38Z,recommendationservice,productcatalogservice,128650,128647,0,0,0,926754,127228
2026-10-04T14:08:38Z,recommendationservice,recommendationservice,0,0,0,0,0,0,0
2026-10-04T14:08:38Z,recommendationservice,redis-cart,0,0,0,0,0,0,0
2026-10-04T14:08:38Z,recommendationservice,shippingservice,0,0,0,0,0,0,0
2026-10-04T14:08:38Z,redis-cart,adservice,0,0,0,0,0,0,0
2026-10-04T14:08:38Z,redis-cart,cartservice,0,0,0,0,0,0,0
2026-10-04T14:08:38Z,redis-cart,checkoutservice,0,0,0,0,0,0,0
2026-10-04T14:08:38Z,redis-cart,currencyservice,0,0,0,0,0,0,0
2026-10-04T14:08:38Z,redis-cart,emailservice,0,0,0,0,0,0,0
2026-10-04T14:08:38Z,redis-cart,frontend,0,0,0,0,0,0,0
2026-10-04T14:08:38Z,redis-cart,kubernetes,0,0,0,0,0,0,0
2026-10-04T14:08:38Z,redis-cart,paymentservice,0,0,0,0,0,0,0
2026-10-04T14:08:38Z,redis-cart,productcatalogservice,0,0,0,0,0,0,0
2026-10-04T14:08:38Z,redis-cart,recommendationservice,0,0,0,0,0,0,0
2026-10-04T14:08:38Z,redis-cart,redis-cart,0,0,0,0,0,0,0
2026-10-04T14:08:38Z,redis-cart,shippingservice,0,0,0,0,0,0,0
2026-10-04T14:08:38Z,shippingservice,adservice,0,0,0,0,0,0,0
2026-10-04T14:08:38Z,shippingservice,cartservice,0,0,0,0,0,0,0
2026-10-04T14:08:38Z,shippingservice,checkoutservice,0,0,0,0,0,0,0
2026-10-04T14:08:38Z,shippingservice,currencyservice,0,0,0,0,0,0,0
2026-10-04T14:08:38Z,shippingservice,emailservice,0,0,0,0,0,0,0
2026-10-04T14:08:38Z,shippingservice,frontend,0,0,0,0,0,0,0
2026-10-04T14:08:38Z,shippingservice,kubernetes,0,0,0,0,0,0,0
2026-10-04T14:08:38Z,shippingservice,paymentservice,0,0,0,0,0,0,0
2026-10-04T14:08:38Z,shippingservice,productcatalogservice,0,0,0,0,0,0,0
2026-10-04T14:08:38Z,shippingservice,recommendationservice,0,0,0,0,0,0,0
2026-10-04T14:08:38Z,shippingservice,redis-cart,0,0,0,0,0,0,0
2026-10-04T14:08:38Z,shippingservice,shippingservice,0,0,0,0,0,0,0
2026-10-04T14:08:39Z,adservice,adservice,0,0,0,0,0,0,0
2026-10-04T14:08:39Z,adservice,cartservice,0,0,0,0,0,0,0
2026-10-04T14:08:39Z,adservice,checkoutservice,0,0,0,0,0,0,0
2026-10-04T14:08:39Z,adservice,currencyservice,0,0,0,0,0,0,0
2026-10-04T14:08:39Z,adservice,emailservice,0,0,0,0,0,0,0
2026-10-04T14:08:39Z,adservice,frontend,0,0,0,0,0,0,0
2026-10-04T14:08:39Z,adservice,kubernetes,0,0,0,0,0,0,0
2026-10-04T14:08:39Z,adservice,paymentservice,0,0,0,0,0,0,0
2026-10-04T14:08:39Z,adservice,productcatalogservice,0,0,0,0,0,0,0
2026-10-04T14:08:39Z,adservice,recommendationservice,0,0,0,0,0,0,0
2026-10-04T14:08:39Z,adservice,redis-cart,0,0,0,0,0,0,0
2026-10-04T14:08:39Z,adservice,shippingservice,0,0,0,0,0,0,0
2026-10-04T14:08:39Z,cartservice,adservice,0,0,0,0,0,0,0
2026-10-04T14:08:39Z,cartservice,cartservice,0,0,0,0,0,0,0
2026-10-04T14:08:39Z,cartservice,checkoutservice,0,0,0,0,0,0,0
2026-10-04T14:08:39Z,cartservice,currencyservice,0,0,0,0,0,0,0
2026-10-04T14:08:39Z,cartservice,emailservice,0,0,0,0,0,0,0
2026-10-04T14:08:39Z,cartservice,frontend,0,0,0,0,0,0,0
2026-10-04T14:08:39Z,cartservice,kubernetes,0,0,0,0,0,0,0
2026-10-04T14:08:39Z,cartservice,paymentservice,0,0,0,0,0,0,0
2026-10-04T14:08:39Z,cartservice,productcatalogservice,0,0,0,0,0,0,0
2026-10-04T14:08:39Z,cartservice,recommendationservice,0,0,0,0,0,0,0
2026-10-04T14:08:39Z,cartservice,redis-cart,2,0,0,0,0,0,0
2026-10-04T14:08:39Z,cartservice,shippingservice,0,0,0,0,0,0,0
2026-10-04T14:08:39Z,checkoutservice,adservice,0,0,0,0,0,0,0
2026-10-04T14:08:39Z,checkoutservice,cartservice,51658,50727,0,100,0,657238,50408
2026-10-04T14:08:39Z,checkoutservice,checkoutservice,0,0,0,0,0,0,0
2026-10-04T14:08:39Z,checkoutservice,currencyservice,37226,37226,0,0,0,547461,37068
2026-10-04T14:08:39Z,checkoutservice,emailservice,8461,8175,0,66,0,312806,8017
2026-10-04T14:08:39Z,checkoutservice,frontend,0,0,0,0,0,0,0
2026-10-04T14:08:39Z,checkoutservice,kubernetes,0,0,0,0,0,0,0
2026-10-04T14:08:39Z,checkoutservice,paymentservice,30491,28643,0,192,0,418128,28338
2026-10-04T14:08:39Z,checkoutservice,productcatalogservice,0,0,0,0,0,0,0
2026-10-04T14:08:39Z,checkoutservice,recommendationservice,0,0,0,0,0,0,0
2026-10-04T14:08:39Z,checkoutservice,redis-cart,0,0,0,0,0,0,0
2026-10-04T14:08:39Z,checkoutservice,shippingservice,56968,54864,0,154,0,492082,54547
2026-10-04T14:08:39Z,currencyservice,adservice,0,0,0,0,0,0,0
2026-10-04T14:08:39Z,currencyservice,cartservice,0,0,0,0,0,0,0
2026-10-04T14:08:39Z,currencyservice,checkoutservice,0,0,0,0,0,0,0
2026-10-04T14:08:39Z,currencyservice,currencyservice,0,0,0,0,0,0,0
2026-10-04T14:08:39Z,currencyservice,emailservice,0,0,0,0,0,0,0
2026-10-04T14:08:39Z,currencyservice,frontend,0,0,0,0,0,0,0
2026-10-04T14:08:39Z,currencyservice,kubernetes,0,0,0,0,0,0,0
2026-10-04T14:08:39Z,currencyservice,paymentservice,0,0,0,0,0,0,0
2026-10-04T14:08:39Z,currencyservice,productcatalogservice,0,0,0,0,0,0,0
2026-10-04T14:08:39Z,currencyservice,recommendationservice,0,0,0,0,0,0,0
2026-10-04T14:08:39Z,currencyservice,redis-cart,0,0,0,0,0,0,0
2026-10-04T14:08:39Z,currencyservice,shippingservice,0,0,0,0,0,0,0
2026-10-04T14:08:39Z,emailservice,adservice,0,0,0,0,0,0,0
2026-10-04T14:08:39Z,emailservice,cartservice,0,0,0,0,0,0,0
2026-10-04T14:08:39Z,emailservice,checkoutservice,0,0,0,0,0,0,0
2026-10-04T14:08:39Z,emailservice,currencyservice,0,0,0,0,0,0,0
2026-10-04T14:08:39Z,emailservice,emailservice,0,0,0,0,0,0,0
2026-10-04T14:08:39Z,emailservice,frontend,0,0,0,0,0,0,0
2026-10-04T14:08:39Z,emailservice,kubernetes,0,0,0,0,0,0,0
2026-10-04T14:08:39Z,emailservice,paymentservice,0,0,0,0,0,0,0
2026-10-04T14:08:39Z,emailservice,productcatalogservice,0,0,0,0,0,0,0
2026-10-04T14:08:39Z,emailservice,recommendationservice,0,0,0,0,0,0,0
2026-10-04T14:08:39Z,emailservice,redis-cart,0,0,0,0,0,0,0
2026-10-04T14:08:39Z,emailservice,shippingservice,0,0,0,0,0,0,0
2026-10-04T14:08:39Z,frontend,adservice,839115,839112,0,0,0,2530370,838980
2026-10-04T14:08:39Z,frontend,cartservice,1861103,1861087,0,0,4,10338194,1860759
2026-10-04T14:08:39Z,frontend,checkoutservice,396224,186252,0,40061,169944,62302274,186199
2026-10-04T14:08:39Z,frontend,currencyservice,2958944,2958934,0,0,0,15659267,2958411
2026-10-04T14:08:39Z,frontend,emailservice,0,0,0,0,0,0,0
2026-10-04T14:08:39Z,frontend,frontend,0,0,0,0,0,0,0
2026-10-04T14:08:39Z,frontend,kubernetes,0,0,0,0,0,0,0
2026-10-04T14:08:39Z,frontend,paymentservice,0,0,0,0,0,0,0
2026-10-04T14:08:39Z,frontend,productcatalogservice,8316041,8315972,0,0,0,56879787,8314590
2026-10-04T14:08:39Z,frontend,recommendationservice,2689151,1644631,0,109105,932890,812152236,1644342
2026-10-04T14:08:39Z,frontend,redis-cart,0,0,0,0,0,0,0
2026-10-04T14:08:39Z,frontend,shippingservice,307671,307669,0,0,0,934203,307621
2026-10-04T14:08:39Z,paymentservice,adservice,0,0,0,0,0,0,0
2026-10-04T14:08:39Z,paymentservice,cartservice,0,0,0,0,0,0,0
2026-10-04T14:08:39Z,paymentservice,checkoutservice,0,0,0,0,0,0,0
2026-10-04T14:08:39Z,paymentservice,currencyservice,0,0,0,0,0,0,0
2026-10-04T14:08:39Z,paymentservice,emailservice,0,0,0,0,0,0,0
2026-10-04T14:08:39Z,paymentservice,frontend,0,0,0,0,0,0,0
2026-10-04T14:08:39Z,paymentservice,kubernetes,0,0,0,0,0,0,0
2026-10-04T14:08:39Z,paymentservice,paymentservice,0,0,0,0,0,0,0
2026-10-04T14:08:39Z,paymentservice,productcatalogservice,0,0,0,0,0,0,0
2026-10-04T14:08:39Z,paymentservice,recommendationservice,0,0,0,0,0,0,0
2026-10-04T14:08:39Z,paymentservice,redis-cart,0,0,0,0,0,0,0
2026-10-04T14:08:39Z,paymentservice,shippingservice,0,0,0,0,0,0,0
2026-10-04T14:08:39Z,productcatalogservice,adservice,0,0,0,0,0,0,0
2026-10-04T14:08:39Z,productcatalogservice,cartservice,0,0,0,0,0,0,0
2026-10-04T14:08:39Z,productcatalogservice,checkoutservice,0,0,0,0,0,0,0
2026-10-04T14:08:39Z,productcatalogservice,currencyservice,0,0,0,0,0,0,0
2026-10-04T14:08:39Z,productcatalogservice,emailservice,0,0,0,0,0,0,0
2026-10-04T14:08:39Z,productcatalogservice,frontend,0,0,0,0,0,0,0
2026-10-04T14:08:39Z,productcatalogservice,kubernetes,0,0,0,0,0,0,0
2026-10-04T14:08:39Z,productcatalogservice,paymentservice,0,0,0,0,0,0,0
2026-10-04T14:08:39Z,productcatalogservice,productcatalogservice,0,0,0,0,0,0,0
2026-10-04T14:08:39Z,productcatalogservice,recommendationservice,0,0,0,0,0,0,0
2026-10-04T14:08:39Z,productcatalogservice,redis-cart,0,0,0,0,0,0,0
2026-10-04T14:08:39Z,productcatalogservice,shippingservice,0,0,0,0,0,0,0
2026-10-04T14:08:39Z,recommendationservice,adservice,0,0,0,0,0,0,0
2026-10-04T14:08:39Z,recommendationservice,cartservice,0,0,0,0,0,0,0
2026-10-04T14:08:39Z,recommendationservice,checkoutservice,0,0,0,0,0,0,0
2026-10-04T14:08:39Z,recommendationservice,currencyservice,0,0,0,0,0,0,0
2026-10-04T14:08:39Z,recommendationservice,emailservice,0,0,0,0,0,0,0
2026-10-04T14:08:39Z,recommendationservice,frontend,0,0,0,0,0,0,0
2026-10-04T14:08:39Z,recommendationservice,kubernetes,0,0,0,0,0,0,0
2026-10-04T14:08:39Z,recommendationservice,paymentservice,0,0,0,0,0,0,0
2026-10-04T14:08:39Z,recommendationservice,productcatalogservice,129056,129056,0,0,0,926754,127228
2026-10-04T14:08:39Z,recommendationservice,recommendationservice,0,0,0,0,0,0,0
2026-10-04T14:08:39Z,recommendationservice,redis-cart,0,0,0,0,0,0,0
2026-10-04T14:08:39Z,recommendationservice,shippingservice,0,0,0,0,0,0,0
2026-10-04T14:08:39Z,redis-cart,adservice,0,0,0,0,0,0,0
2026-10-04T14:08:39Z,redis-cart,cartservice,0,0,0,0,0,0,0
2026-10-04T14:08:39Z,redis-cart,checkoutservice,0,0,0,0,0,0,0
2026-10-04T14:08:39Z,redis-cart,currencyservice,0,0,0,0,0,0,0
2026-10-04T14:08:39Z,redis-cart,emailservice,0,0,0,0,0,0,0
2026-10-04T14:08:39Z,redis-cart,frontend,0,0,0,0,0,0,0
2026-10-04T14:08:39Z,redis-cart,kubernetes,0,0,0,0,0,0,0
2026-10-04T14:08:39Z,redis-cart,paymentservice,0,0,0,0,0,0,0
2026-10-04T14:08:39Z,redis-cart,productcatalogservice,0,0,0,0,0,0,0
2026-10-04T14:08:39Z,redis-cart,recommendationservice,0,0,0,0,0,0,0
2026-10-04T14:08:39Z,redis-cart,redis-cart,0,0,0,0,0,0,0
2026-10-04T14:08:39Z,redis-cart,shippingservice,0,0,0,0,0,0,0
2026-10-04T14:08:39Z,shippingservice,adservice,0,0,0,0,0,0,0
2026-10-04T14:08:39Z,shippingservice,cartservice,0,0,0,0,0,0,0
2026-10-04T14:08:39Z,shippingservice,checkoutservice,0,0,0,0,0,0,0
2026-10-04T14:08:39Z,shippingservice,currencyservice,0,0,0,0,0,0,0
2026-10-04T14:08:39Z,shippingservice,emailservice,0,0,0,0,0,0,0
2026-10-04T14:08:39Z,shippingservice,frontend,0,0,0,0,0,0,0
2026-10-04T14:08:39Z,shippingservice,kubernetes,0,0,0,0,0,0,0
2026-10-04T14:08:39Z,shippingservice,paymentservice,0,0,0,0,0,0,0
2026-10-04T14:08:39Z,shippingservice,productcatalogservice,0,0,0,0,0,0,0
2026-10-04T14:08:39Z,shippingservice,recommendationservice,0,0,0,0,0,0,0
2026-10-04T14:08:39Z,shippingservice,redis-cart,0,0,0,0,0,0,0
2026-10-04T14:08:39Z,shippingservice,shippingservice,0,0,0,0,0,0,0
2026-10-04T14:08:40Z,adservice,adservice,0,0,0,0,0,0,0
2026-10-04T14:08:40Z,adservice,cartservice,0,0,0,0,0,0,0
2026-10-04T14:08:40Z,adservice,checkoutservice,0,0,0,0,0,0,0
2026-10-04T14:08:40Z,adservice,currencyservice,0,0,0,0,0,0,0
2026-10-04T14:08:40Z,adservice,emailservice,0,0,0,0,0,0,0
2026-10-04T14:08:40Z,adservice,frontend,0,0,0,0,0,0,0
2026-10-04T14:08:40Z,adservice,kubernetes,0,0,0,0,0,0,0
2026-10-04T14:08:40Z,adservice,paymentservice,0,0,0,0,0,0,0
2026-10-04T14:08:40Z,adservice,productcatalogservice,0,0,0,0,0,0,0
2026-10-04T14:08:40Z,adservice,recommendationservice,0,0,0,0,0,0,0
2026-10-04T14:08:40Z,adservice,redis-cart,0,0,0,0,0,0,0
2026-10-04T14:08:40Z,adservice,shippingservice,0,0,0,0,0,0,0
2026-10-04T14:08:40Z,cartservice,adservice,0,0,0,0,0,0,0
2026-10-04T14:08:40Z,cartservice,cartservice,0,0,0,0,0,0,0
2026-10-04T14:08:40Z,cartservice,checkoutservice,0,0,0,0,0,0,0
2026-10-04T14:08:40Z,cartservice,currencyservice,0,0,0,0,0,0,0
2026-10-04T14:08:40Z,cartservice,emailservice,0,0,0,0,0,0,0
2026-10-04T14:08:40Z,cartservice,frontend,0,0,0,0,0,0,0
2026-10-04T14:08:40Z,cartservice,kubernetes,0,0,0,0,0,0,0
2026-10-04T14:08:40Z,cartservice,paymentservice,0,0,0,0,0,0,0
2026-10-04T14:08:40Z,cartservice,productcatalogservice,0,0,0,0,0,0,0
2026-10-04T14:08:40Z,cartservice,recommendationservice,0,0,0,0,0,0,0
2026-10-04T14:08:40Z,cartservice,redis-cart,2,0,0,0,0,0,0
2026-10-04T14:08:40Z,cartservice,shippingservice,0,0,0,0,0,0,0
2026-10-04T14:08:40Z,checkoutservice,adservice,0,0,0,0,0,0,0
2026-10-04T14:08:40Z,checkoutservice,cartservice,51768,50837,0,100,0,657238,50408
2026-10-04T14:08:40Z,checkoutservice,checkoutservice,0,0,0,0,0,0,0
2026-10-04T14:08:40Z,checkoutservice,currencyservice,37281,37281,0,0,0,547461,37068
2026-10-04T14:08:40Z,checkoutservice,emailservice,8519,8233,0,66,0,312806,8017
2026-10-04T14:08:40Z,checkoutservice,frontend,0,0,0,0,0,0,0
2026-10-04T14:08:40Z,checkoutservice,kubernetes,0,0,0,0,0,0,0
2026-10-04T14:08:40Z,checkoutservice,paymentservice,30547,28699,0,192,0,418128,28338
2026-10-04T14:08:40Z,checkoutservice,productcatalogservice,0,0,0,0,0,0,0
2026-10-04T14:08:40Z,checkoutservice,recommendationservice,0,0,0,0,0,0,0
2026-10-04T14:08:40Z,checkoutservice,redis-cart,0,0,0,0,0,0,0
2026-10-04T14:08:40Z,checkoutservice,shippingservice,57079,54975,0,154,0,492082,54547
2026-10-04T14:08:40Z,currencyservice,adservice,0,0,0,0,0,0,0
2026-10-04T14:08:40Z,currencyservice,cartservice,0,0,0,0,0,0,0
2026-10-04T14:08:40Z,currencyservice,checkoutservice,0,0,0,0,0,0,0
2026-10-04T14:08:40Z,currencyservice,currencyservice,0,0,0,0,0,0,0
2026-10-04T14:08:40Z,currencyservice,emailservice,0,0,0,0,0,0,0
2026-10-04T14:08:40Z,currencyservice,frontend,0,0,0,0,0,0,0
2026-10-04T14:08:40Z,currencyservice,kubernetes,0,0,0,0,0,0,0
2026-10-04T14:08:40Z,currencyservice,paymentservice,0,0,0,0,0,0,0
2026-10-04T14:08:40Z,currencyservice,productcatalogservice,0,0,0,0,0,0,0
2026-10-04T14:08:40Z,currencyservice,recommendationservice,0,0,0,0,0,0,0
2026-10-04T14:08:40Z,currencyservice,redis-cart,0,0,0,0,0,0,0
2026-10-04T14:08:40Z,currencyservice,shippingservice,0,0,0,0,0,0,0
2026-10-04T14:08:40Z,emailservice,adservice,0,0,0,0,0,0,0
2026-10-04T14:08:40Z,emailservice,cartservice,0,0,0,0,0,0,0
2026-10-04T14:08:40Z,emailservice,checkoutservice,0,0,0,0,0,0,0
2026-10-04T14:08:40Z,emailservice,currencyservice,0,0,0,0,0,0,0
2026-10-04T14:08:40Z,emailservice,emailservice,0,0,0,0,0,0,0
2026-10-04T14:08:40Z,emailservice,frontend,0,0,0,0,0,0,0
2026-10-04T14:08:40Z,emailservice,kubernetes,0,0,0,0,0,0,0
2026-10-04T14:08:40Z,emailservice,paymentservice,0,0,0,0,0,0,0
2026-10-04T14:08:40Z,emailservice,productcatalogservice,0,0,0,0,0,0,0
2026-10-04T14:08:40Z,emailservice,recommendationservice,0,0,0,0,0,0,0
2026-10-04T14:08:40Z,emailservice,redis-cart,0,0,0,0,0,0,0
2026-10-04T14:08:40Z,emailservice,shippingservice,0,0,0,0,0,0,0
2026-10-04T14:08:40Z,frontend,adservice,839266,839259,0,0,0,2530370,838980
2026-10-04T14:08:40Z,frontend,cartservice,1861531,1861518,0,0,4,10338194,1860759
2026-10-04T14:08:40Z,frontend,checkoutservice,396275,186309,0,40061,169944,62302274,186199
2026-10-04T14:08:40Z,frontend,currencyservice,2959643,2959633,0,0,0,15659267,2958411
2026-10-04T14:08:40Z,frontend,emailservice,0,0,0,0,0,0,0
2026-10-04T14:08:40Z,frontend,frontend,0,0,0,0,0,0,0
2026-10-04T14:08:40Z,frontend,kubernetes,0,0,0,0,0,0,0
2026-10-04T14:08:40Z,frontend,paymentservice,0,0,0,0,0,0,0
2026-10-04T14:08:40Z,frontend,productcatalogservice,8317717,8317640,0,0,0,56879787,8314590
2026-10-04T14:08:40Z,frontend,recommendationservice,2689904,1644994,0,109165,933195,812152236,1644342
2026-10-04T14:08:40Z,frontend,redis-cart,0,0,0,0,0,0,0
2026-10-04T14:08:40Z,frontend,shippingservice,307733,307731,0,0,0,934203,307621
2026-10-04T14:08:40Z,paymentservice,adservice,0,0,0,0,0,0,0
2026-10-04T14:08:40Z,paymentservice,cartservice,0,0,0,0,0,0,0
2026-10-04T14:08:40Z,paymentservice,checkoutservice,0,0,0,0,0,0,0
2026-10-04T14:08:40Z,paymentservice,currencyservice,0,0,0,0,0,0,0
2026-10-04T14:08:40Z,paymentservice,emailservice,0,0,0,0,0,0,0
2026-10-04T14:08:40Z,paymentservice,frontend,0,0,0,0,0,0,0
2026-10-04T14:08:40Z,paymentservice,kubernetes,0,0,0,0,0,0,0
2026-10-04T14:08:40Z,paymentservice,paymentservice,0,0,0,0,0,0,0
2026-10-04T14:08:40Z,paymentservice,productcatalogservice,0,0,0,0,0,0,0
2026-10-04T14:08:40Z,paymentservice,recommendationservice,0,0,0,0,0,0,0
2026-10-04T14:08:40Z,paymentservice,redis-cart,0,0,0,0,0,0,0
2026-10-04T14:08:40Z,paymentservice,shippingservice,0,0,0,0,0,0,0
2026-10-04T14:08:40Z,productcatalogservice,adservice,0,0,0,0,0,0,0
2026-10-04T14:08:40Z,productcatalogservice,cartservice,0,0,0,0,0,0,0
2026-10-04T14:08:40Z,productcatalogservice,checkoutservice,0,0,0,0,0,0,0
2026-10-04T14:08:40Z,productcatalogservice,currencyservice,0,0,0,0,0,0,0
2026-10-04T14:08:40Z,productcatalogservice,emailservice,0,0,0,0,0,0,0
2026-10-04T14:08:40Z,productcatalogservice,frontend,0,0,0,0,0,0,0
2026-10-04T14:08:40Z,productcatalogservice,kubernetes,0,0,0,0,0,0,0
2026-10-04T14:08:40Z,productcatalogservice,paymentservice,0,0,0,0,0,0,0
2026-10-04T14:08:40Z,productcatalogservice,productcatalogservice,0,0,0,0,0,0,0
2026-10-04T14:08:40Z,productcatalogservice,recommendationservice,0,0,0,0,0,0,0
2026-10-04T14:08:40Z,productcatalogservice,redis-cart,0,0,0,0,0,0,0
2026-10-04T14:08:40Z,productcatalogservice,shippingservice,0,0,0,0,0,0,0
2026-10-04T14:08:40Z,recommendationservice,adservice,0,0,0,0,0,0,0
2026-10-04T14:08:40Z,recommendationservice,cartservice,0,0,0,0,0,0,0
2026-10-04T14:08:40Z,recommendationservice,checkoutservice,0,0,0,0,0,0,0
2026-10-04T14:08:40Z,recommendationservice,currencyservice,0,0,0,0,0,0,0
2026-10-04T14:08:40Z,recommendationservice,emailservice,0,0,0,0,0,0,0
2026-10-04T14:08:40Z,recommendationservice,frontend,0,0,0,0,0,0,0
2026-10-04T14:08:40Z,recommendationservice,kubernetes,0,0,0,0,0,0,0
2026-10-04T14:08:40Z,recommendationservice,paymentservice,0,0,0,0,0,0,0
2026-10-04T14:08:40Z,recommendationservice,productcatalogservice,129492,129487,0,0,0,939442,129399
2026-10-04T14:08:40Z,recommendationservice,recommendationservice,0,0,0,0,0,0,0
2026-10-04T14:08:40Z,recommendationservice,redis-cart,0,0,0,0,0,0,0
2026-10-04T14:08:40Z,recommendationservice,shippingservice,0,0,0,0,0,0,0
2026-10-04T14:08:40Z,redis-cart,adservice,0,0,0,0,0,0,0
2026-10-04T14:08:40Z,redis-cart,cartservice,0,0,0,0,0,0,0
2026-10-04T14:08:40Z,redis-cart,checkoutservice,0,0,0,0,0,0,0
2026-10-04T14:08:40Z,redis-cart,currencyservice,0,0,0,0,0,0,0
2026-10-04T14:08:40Z,redis-cart,emailservice,0,0,0,0,0,0,0
2026-10-04T14:08:40Z,redis-cart,frontend,0,0,0,0,0,0,0
2026-10-04T14:08:40Z,redis-cart,kubernetes,0,0,0,0,0,0,0
2026-10-04T14:08:40Z,redis-cart,paymentservice,0,0,0,0,0,0,0
2026-10-04T14:08:40Z,redis-cart,productcatalogservice,0,0,0,0,0,0,0
2026-10-04T14:08:40Z,redis-cart,recommendationservice,0,0,0,0,0,0,0
2026-10-04T14:08:40Z,redis-cart,redis-cart,0,0,0,0,0,0,0
2026-10-04T14:08:40Z,redis-cart,shippingservice,0,0,0,0,0,0,0
2026-10-04T14:08:40Z,shippingservice,adservice,0,0,0,0,0,0,0
2026-10-04T14:08:40Z,shippingservice,cartservice,0,0,0,0,0,0,0
2026-10-04T14:08:40Z,shippingservice,checkoutservice,0,0,0,0,0,0,0
2026-10-04T14:08:40Z,shippingservice,currencyservice,0,0,0,0,0,0,0
2026-10-04T14:08:40Z,shippingservice,emailservice,0,0,0,0,0,0,0
2026-10-04T14:08:40Z,shippingservice,frontend,0,0,0,0,0,0,0
2026-10-04T14:08:40Z,shippingservice,kubernetes,0,0,0,0,0,0,0
2026-10-04T14:08:40Z,shippingservice,paymentservice,0,0,0,0,0,0,0
2026-10-04T14:08:40Z,shippingservice,productcatalogservice,0,0,0,0,0,0,0
2026-10-04T14:08:40Z,shippingservice,recommendationservice,0,0,0,0,0,0,0
2026-10-04T14:08:40Z,shippingservice,redis-cart,0,0,0,0,0,0,0
2026-10-04T14:08:40Z,shippingservice,shippingservice,0,0,0,0,0,0,0
2026-10-04T14:08:41Z,adservice,adservice,0,0,0,0,0,0,0
2026-10-04T14:08:41Z,adservice,cartservice,0,0,0,0,0,0,0
2026-10-04T14:08:41Z,adservice,checkoutservice,0,0,0,0,0,0,0
2026-10-04T14:08:41Z,adservice,currencyservice,0,0,0,0,0,0,0
2026-10-04T14:08:41Z,adservice,emailservice,0,0,0,0,0,0,0
2026-10-04T14:08:41Z,adservice,frontend,0,0,0,0,0,0,0
2026-10-04T14:08:41Z,adservice,kubernetes,0,0,0,0,0,0,0
2026-10-04T14:08:41Z,adservice,paymentservice,0,0,0,0,0,0,0
2026-10-04T14:08:41Z,adservice,productcatalogservice,0,0,0,0,0,0,0
2026-10-04T14:08:41Z,adservice,recommendationservice,0,0,0,0,0,0,0
2026-10-04T14:08:41Z,adservice,redis-cart,0,0,0,0,0,0,0
2026-10-04T14:08:41Z,adservice,shippingservice,0,0,0,0,0,0,0
2026-10-04T14:08:41Z,cartservice,adservice,0,0,0,0,0,0,0
2026-10-04T14:08:41Z,cartservice,cartservice,0,0,0,0,0,0,0
2026-10-04T14:08:41Z,cartservice,checkoutservice,0,0,0,0,0,0,0
2026-10-04T14:08:41Z,cartservice,currencyservice,0,0,0,0,0,0,0
2026-10-04T14:08:41Z,cartservice,emailservice,0,0,0,0,0,0,0
2026-10-04T14:08:41Z,cartservice,frontend,0,0,0,0,0,0,0
2026-10-04T14:08:41Z,cartservice,kubernetes,0,0,0,0,0,0,0
2026-10-04T14:08:41Z,cartservice,paymentservice,0,0,0,0,0,0,0
2026-10-04T14:08:41Z,cartservice,productcatalogservice,0,0,0,0,0,0,0
2026-10-04T14:08:41Z,cartservice,recommendationservice,0,0,0,0,0,0,0
2026-10-04T14:08:41Z,cartservice,redis-cart,2,0,0,0,0,0,0
2026-10-04T14:08:41Z,cartservice,shippingservice,0,0,0,0,0,0,0
2026-10-04T14:08:41Z,checkoutservice,adservice,0,0,0,0,0,0,0
2026-10-04T14:08:41Z,checkoutservice,cartservice,51881,50950,0,100,0,657238,50408
2026-10-04T14:08:41Z,checkoutservice,checkoutservice,0,0,0,0,0,0,0
2026-10-04T14:08:41Z,checkoutservice,currencyservice,37338,37338,0,0,0,547461,37068
2026-10-04T14:08:41Z,checkoutservice,emailservice,8576,8290,0,66,0,312806,8017
2026-10-04T14:08:41Z,checkoutservice,frontend,0,0,0,0,0,0,0
2026-10-04T14:08:41Z,checkoutservice,kubernetes,0,0,0,0,0,0,0
2026-10-04T14:08:41Z,checkoutservice,paymentservice,30604,28756,0,192,0,418128,28338
2026-10-04T14:08:41Z,checkoutservice,productcatalogservice,0,0,0,0,0,0,0
2026-10-04T14:08:41Z,checkoutservice,recommendationservice,0,0,0,0,0,0,0
2026-10-04T14:08:41Z,checkoutservice,redis-cart,0,0,0,0,0,0,0
2026-10-04T14:08:41Z,checkoutservice,shippingservice,57192,55089,0,154,0,492082,54547
2026-10-04T14:08:41Z,currencyservice,adservice,0,0,0,0,0,0,0
2026-10-04T14:08:41Z,currencyservice,cartservice,0,0,0,0,0,0,0
2026-10-04T14:08:41Z,currencyservice,checkoutservice,0,0,0,0,0,0,0
2026-10-04T14:08:41Z,currencyservice,currencyservice,0,0,0,0,0,0,0
2026-10-04T14:08:41Z,currencyservice,emailservice,0,0,0,0,0,0,0
2026-10-04T14:08:41Z,currencyservice,frontend,0,0,0,0,0,0,0
2026-10-04T14:08:41Z,currencyservice,kubernetes,0,0,0,0,0,0,0
2026-10-04T14:08:41Z,currencyservice,paymentservice,0,0,0,0,0,0,0
2026-10-04T14:08:41Z,currencyservice,productcatalogservice,0,0,0,0,0,0,0
2026-10-04T14:08:41Z,currencyservice,recommendationservice,0,0,0,0,0,0,0
2026-10-04T14:08:41Z,currencyservice,redis-cart,0,0,0,0,0,0,0
2026-10-04T14:08:41Z,currencyservice,shippingservice,0,0,0,0,0,0,0
2026-10-04T14:08:41Z,emailservice,adservice,0,0,0,0,0,0,0
2026-10-04T14:08:41Z,emailservice,cartservice,0,0,0,0,0,0,0
2026-10-04T14:08:41Z,emailservice,checkoutservice,0,0,0,0,0,0,0
2026-10-04T14:08:41Z,emailservice,currencyservice,0,0,0,0,0,0,0
2026-10-04T14:08:41Z,emailservice,emailservice,0,0,0,0,0,0,0
2026-10-04T14:08:41Z,emailservice,frontend,0,0,0,0,0,0,0
2026-10-04T14:08:41Z,emailservice,kubernetes,0,0,0,0,0,0,0
2026-10-04T14:08:41Z,emailservice,paymentservice,0,0,0,0,0,0,0
2026-10-04T14:08:41Z,emailservice,productcatalogservice,0,0,0,0,0,0,0
2026-10-04T14:08:41Z,emailservice,recommendationservice,0,0,0,0,0,0,0
2026-10-04T14:08:41Z,emailservice,redis-cart,0,0,0,0,0,0,0
2026-10-04T14:08:41Z,emailservice,shippingservice,0,0,0,0,0,0,0
2026-10-04T14:08:41Z,frontend,adservice,839428,839426,0,0,0,2530370,838980
2026-10-04T14:08:41Z,frontend,cartservice,1861918,1861905,0,0,4,10338194,1860759
2026-10-04T14:08:41Z,frontend,checkoutservice,396337,186365,0,40061,169944,62302274,186199
2026-10-04T14:08:41Z,frontend,currencyservice,2960279,2960270,0,0,0,15659267,2958411
2026-10-04T14:08:41Z,frontend,emailservice,0,0,0,0,0,0,0
2026-10-04T14:08:41Z,frontend,frontend,0,0,0,0,0,0,0
2026-10-04T14:08:41Z,frontend,kubernetes,0,0,0,0,0,0,0
2026-10-04T14:08:41Z,frontend,paymentservice,0,0,0,0,0,0,0
2026-10-04T14:08:41Z,frontend,productcatalogservice,8319436,8319366,0,0,0,56879787,8314590
2026-10-04T14:08:41Z,frontend,recommendationservice,2690603,1645363,0,109200,933521,812152236,1644342
2026-10-04T14:08:41Z,frontend,redis-cart,0,0,0,0,0,0,0
2026-10-04T14:08:41Z,frontend,shippingservice,307793,307791,0,0,0,934203,307621
2026-10-04T14:08:41Z,paymentservice,adservice,0,0,0,0,0,0,0
2026-10-04T14:08:41Z,paymentservice,cartservice,0,0,0,0,0,0,0
2026-10-04T14:08:41Z,paymentservice,checkoutservice,0,0,0,0,0,0,0
2026-10-04T14:08:41Z,paymentservice,currencyservice,0,0,0,0,0,0,0
2026-10-04T14:08:41Z,paymentservice,emailservice,0,0,0,0,0,0,0
2026-10-04T14:08:41Z,paymentservice,frontend,0,0,0,0,0,0,0
2026-10-04T14:08:41Z,paymentservice,kubernetes,0,0,0,0,0,0,0
2026-10-04T14:08:41Z,paymentservice,paymentservice,0,0,0,0,0,0,0
2026-10-04T14:08:41Z,paymentservice,productcatalogservice,0,0,0,0,0,0,0
2026-10-04T14:08:41Z,paymentservice,recommendationservice,0,0,0,0,0,0,0
2026-10-04T14:08:41Z,paymentservice,redis-cart,0,0,0,0,0,0,0
2026-10-04T14:08:41Z,paymentservice,shippingservice,0,0,0,0,0,0,0
2026-10-04T14:08:41Z,productcatalogservice,adservice,0,0,0,0,0,0,0
2026-10-04T14:08:41Z,productcatalogservice,cartservice,0,0,0,0,0,0,0
2026-10-04T14:08:41Z,productcatalogservice,checkoutservice,0,0,0,0,0,0,0
2026-10-04T14:08:41Z,productcatalogservice,currencyservice,0,0,0,0,0,0,0
2026-10-04T14:08:41Z,productcatalogservice,emailservice,0,0,0,0,0,0,0
2026-10-04T14:08:41Z,productcatalogservice,frontend,0,0,0,0,0,0,0
2026-10-04T14:08:41Z,productcatalogservice,kubernetes,0,0,0,0,0,0,0
2026-10-04T14:08:41Z,productcatalogservice,paymentservice,0,0,0,0,0,0,0
2026-10-04T14:08:41Z,productcatalogservice,productcatalogservice,0,0,0,0,0,0,0
2026-10-04T14:08:41Z,productcatalogservice,recommendationservice,0,0,0,0,0,0,0
2026-10-04T14:08:41Z,productcatalogservice,redis-cart,0,0,0,0,0,0,0
2026-10-04T14:08:41Z,productcatalogservice,shippingservice,0,0,0,0,0,0,0
2026-10-04T14:08:41Z,recommendationservice,adservice,0,0,0,0,0,0,0
2026-10-04T14:08:41Z,recommendationservice,cartservice,0,0,0,0,0,0,0
2026-10-04T14:08:41Z,recommendationservice,checkoutservice,0,0,0,0,0,0,0
2026-10-04T14:08:41Z,recommendationservice,currencyservice,0,0,0,0,0,0,0
2026-10-04T14:08:41Z,recommendationservice,emailservice,0,0,0,0,0,0,0
2026-10-04T14:08:41Z,recommendationservice,frontend,0,0,0,0,0,0,0
2026-10-04T14:08:41Z,recommendationservice,kubernetes,0,0,0,0,0,0,0
2026-10-04T14:08:41Z,recommendationservice,paymentservice,0,0,0,0,0,0,0
2026-10-04T14:08:41Z,recommendationservice,productcatalogservice,129927,129921,0,0,0,939442,129399
2026-10-04T14:08:41Z,recommendationservice,recommendationservice,0,0,0,0,0,0,0
2026-10-04T14:08:41Z,recommendationservice,redis-cart,0,0,0,0,0,0,0
2026-10-04T14:08:41Z,recommendationservice,shippingservice,0,0,0,0,0,0,0
2026-10-04T14:08:41Z,redis-cart,adservice,0,0,0,0,0,0,0
2026-10-04T14:08:41Z,redis-cart,cartservice,0,0,0,0,0,0,0
2026-10-04T14:08:41Z,redis-cart,checkoutservice,0,0,0,0,0,0,0
2026-10-04T14:08:41Z,redis-cart,currencyservice,0,0,0,0,0,0,0
2026-10-04T14:08:41Z,redis-cart,emailservice,0,0,0,0,0,0,0
2026-10-04T14:08:41Z,redis-cart,frontend,0,0,0,0,0,0,0
2026-10-04T14:08:41Z,redis-cart,kubernetes,0,0,0,0,0,0,0
2026-10-04T14:08:41Z,redis-cart,paymentservice,0,0,0,0,0,0,0
2026-10-04T14:08:41Z,redis-cart,productcatalogservice,0,0,0,0,0,0,0
2026-10-04T14:08:41Z,redis-cart,recommendationservice,0,0,0,0,0,0,0
2026-10-04T14:08:41Z,redis-cart,redis-cart,0,0,0,0,0,0,0
2026-10-04T14:08:41Z,redis-cart,shippingservice,0,0,0,0,0,0,0
2026-10-04T14:08:41Z,shippingservice,adservice,0,0,0,0,0,0,0
2026-10-04T14:08:41Z,shippingservice,cartservice,0,0,0,0,0,0,0
2026-10-04T14:08:41Z,shippingservice,checkoutservice,0,0,0,0,0,0,0
2026-10-04T14:08:41Z,shippingservice,currencyservice,0,0,0,0,0,0,0
2026-10-04T14:08:41Z,shippingservice,emailservice,0,0,0,0,0,0,0
2026-10-04T14:08:41Z,shippingservice,frontend,0,0,0,0,0,0,0
2026-10-04T14:08:41Z,shippingservice,kubernetes,0,0,0,0,0,0,0
2026-10-04T14:08:41Z,shippingservice,paymentservice,0,0,0,0,0,0,0
2026-10-04T14:08:41Z,shippingservice,productcatalogservice,0,0,0,0,0,0,0
2026-10-04T14:08:41Z,shippingservice,recommendationservice,0,0,0,0,0,0,0
2026-10-04T14:08:41Z,shippingservice,redis-cart,0,0,0,0,0,0,0
2026-10-04T14:08:41Z,shippingservice,shippingservice,0,0,0,0,0,0,0
2026-10-04T14:08:42Z,adservice,adservice,0,0,0,0,0,0,0
2026-10-04T14:08:42Z,adservice,cartservice,0,0,0,0,0,0,0
2026-10-04T14:08:42Z,adservice,checkoutservice,0,0,0,0,0,0,0
2026-10-04T14:08:42Z,adservice,currencyservice,0,0,0,0,0,0,0
2026-10-04T14:08:42Z,adservice,emailservice,0,0,0,0,0,0,0
2026-10-04T14:08:42Z,adservice,frontend,0,0,0,0,0,0,0
2026-10-04T14:08:42Z,adservice,kubernetes,0,0,0,0,0,0,0
2026-10-04T14:08:42Z,adservice,paymentservice,0,0,0,0,0,0,0
2026-10-04T14:08:42Z,adservice,productcatalogservice,0,0,0,0,0,0,0
2026-10-04T14:08:42Z,adservice,recommendationservice,0,0,0,0,0,0,0
2026-10-04T14:08:42Z,adservice,redis-cart,0,0,0,0,0,0,0
2026-10-04T14:08:42Z,adservice,shippingservice,0,0,0,0,0,0,0
2026-10-04T14:08:42Z,cartservice,adservice,0,0,0,0,0,0,0
2026-10-04T14:08:42Z,cartservice,cartservice,0,0,0,0,0,0,0
2026-10-04T14:08:42Z,cartservice,checkoutservice,0,0,0,0,0,0,0
2026-10-04T14:08:42Z,cartservice,currencyservice,0,0,0,0,0,0,0
2026-10-04T14:08:42Z,cartservice,emailservice,0,0,0,0,0,0,0
2026-10-04T14:08:42Z,cartservice,frontend,0,0,0,0,0,0,0
2026-10-04T14:08:42Z,cartservice,kubernetes,0,0,0,0,0,0,0
2026-10-04T14:08:42Z,cartservice,paymentservice,0,0,0,0,0,0,0
2026-10-04T14:08:42Z,cartservice,productcatalogservice,0,0,0,0,0,0,0
2026-10-04T14:08:42Z,cartservice,recommendationservice,0,0,0,0,0,0,0
2026-10-04T14:08:42Z,cartservice,redis-cart,2,0,0,0,0,0,0
2026-10-04T14:08:42Z,cartservice,shippingservice,0,0,0,0,0,0,0
2026-10-04T14:08:42Z,checkoutservice,adservice,0,0,0,0,0,0,0
2026-10-04T14:08:42Z,checkoutservice,cartservice,52007,51075,0,100,0,660093,51031
2026-10-04T14:08:42Z,checkoutservice,checkoutservice,0,0,0,0,0,0,0
2026-10-04T14:08:42Z,checkoutservice,currencyservice,37401,37401,0,0,0,548732,37378
2026-10-04T14:08:42Z,checkoutservice,emailservice,8638,8350,0,66,0,320277,8330
2026-10-04T14:08:42Z,checkoutservice,frontend,0,0,0,0,0,0,0
2026-10-04T14:08:42Z,checkoutservice,kubernetes,0,0,0,0,0,0,0
2026-10-04T14:08:42Z,checkoutservice,paymentservice,30667,28819,0,192,0,419764,28648
2026-10-04T14:08:42Z,checkoutservice,productcatalogservice,0,0,0,0,0,0,0
2026-10-04T14:08:42Z,checkoutservice,recommendationservice,0,0,0,0,0,0,0
2026-10-04T14:08:42Z,checkoutservice,redis-cart,0,0,0,0,0,0,0
2026-10-04T14:08:42Z,checkoutservice,shippingservice,57318,55215,0,154,0,493429,55169
2026-10-04T14:08:42Z,currencyservice,adservice,0,0,0,0,0,0,0
2026-10-04T14:08:42Z,currencyservice,cartservice,0,0,0,0,0,0,0
2026-10-04T14:08:42Z,currencyservice,checkoutservice,0,0,0,0,0,0,0
2026-10-04T14:08:42Z,currencyservice,currencyservice,0,0,0,0,0,0,0
2026-10-04T14:08:42Z,currencyservice,emailservice,0,0,0,0,0,0,0
2026-10-04T14:08:42Z,currencyservice,frontend,0,0,0,0,0,0,0
2026-10-04T14:08:42Z,currencyservice,kubernetes,0,0,0,0,0,0,0
2026-10-04T14:08:42Z,currencyservice,paymentservice,0,0,0,0,0,0,0
2026-10-04T14:08:42Z,currencyservice,productcatalogservice,0,0,0,0,0,0,0
2026-10-04T14:08:42Z,currencyservice,recommendationservice,0,0,0,0,0,0,0
2026-10-04T14:08:42Z,currencyservice,redis-cart,0,0,0,0,0,0,0
2026-10-04T14:08:42Z,currencyservice,shippingservice,0,0,0,0,0,0,0
2026-10-04T14:08:42Z,emailservice,adservice,0,0,0,0,0,0,0
2026-10-04T14:08:42Z,emailservice,cartservice,0,0,0,0,0,0,0
2026-10-04T14:08:42Z,emailservice,checkoutservice,0,0,0,0,0,0,0
2026-10-04T14:08:42Z,emailservice,currencyservice,0,0,0,0,0,0,0
2026-10-04T14:08:42Z,emailservice,emailservice,0,0,0,0,0,0,0
2026-10-04T14:08:42Z,emailservice,frontend,0,0,0,0,0,0,0
2026-10-04T14:08:42Z,emailservice,kubernetes,0,0,0,0,0,0,0
2026-10-04T14:08:42Z,emailservice,paymentservice,0,0,0,0,0,0,0
2026-10-04T14:08:42Z,emailservice,productcatalogservice,0,0,0,0,0,0,0
2026-10-04T14:08:42Z,emailservice,recommendationservice,0,0,0,0,0,0,0
2026-10-04T14:08:42Z,emailservice,redis-cart,0,0,0,0,0,0,0
2026-10-04T14:08:42Z,emailservice,shippingservice,0,0,0,0,0,0,0
2026-10-04T14:08:42Z,frontend,adservice,839586,839584,0,0,0,2530370,838980
2026-10-04T14:08:42Z,frontend,cartservice,1862336,1862323,0,0,4,10338194,1860759
2026-10-04T14:08:42Z,frontend,checkoutservice,396392,186424,0,40061,169944,62302274,186199
2026-10-04T14:08:42Z,frontend,currencyservice,2960955,2960946,0,0,0,15659267,2958411
2026-10-04T14:08:42Z,frontend,emailservice,0,0,0,0,0,0,0
2026-10-04T14:08:42Z,frontend,frontend,0,0,0,0,0,0,0
2026-10-04T14:08:42Z,frontend,kubernetes,0,0,0,0,0,0,0
2026-10-04T14:08:42Z,frontend,paymentservice,0,0,0,0,0,0,0
2026-10-04T14:08:42Z,frontend,productcatalogservice,8321087,8321020,0,0,0,56879787,8314590
2026-10-04T14:08:42Z,frontend,recommendationservice,2691282,1645748,0,109238,933776,812152236,1644342
2026-10-04T14:08:42Z,frontend,redis-cart,0,0,0,0,0,0,0
2026-10-04T14:08:42Z,frontend,shippingservice,307848,307846,0,0,0,934203,307621
2026-10-04T14:08:42Z,paymentservice,adservice,0,0,0,0,0,0,0
2026-10-04T14:08:42Z,paymentservice,cartservice,0,0,0,0,0,0,0
2026-10-04T14:08:42Z,paymentservice,checkoutservice,0,0,0,0,0,0,0
2026-10-04T14:08:42Z,paymentservice,currencyservice,0,0,0,0,0,0,0
2026-10-04T14:08:42Z,paymentservice,emailservice,0,0,0,0,0,0,0
2026-10-04T14:08:42Z,paymentservice,frontend,0,0,0,0,0,0,0
2026-10-04T14:08:42Z,paymentservice,kubernetes,0,0,0,0,0,0,0
2026-10-04T14:08:42Z,paymentservice,paymentservice,0,0,0,0,0,0,0
2026-10-04T14:08:42Z,paymentservice,productcatalogservice,0,0,0,0,0,0,0
2026-10-04T14:08:42Z,paymentservice,recommendationservice,0,0,0,0,0,0,0
2026-10-04T14:08:42Z,paymentservice,redis-cart,0,0,0,0,0,0,0
2026-10-04T14:08:42Z,paymentservice,shippingservice,0,0,0,0,0,0,0
2026-10-04T14:08:42Z,productcatalogservice,adservice,0,0,0,0,0,0,0
2026-10-04T14:08:42Z,productcatalogservice,cartservice,0,0,0,0,0,0,0
2026-10-04T14:08:42Z,productcatalogservice,checkoutservice,0,0,0,0,0,0,0
2026-10-04T14:08:42Z,productcatalogservice,currencyservice,0,0,0,0,0,0,0
2026-10-04T14:08:42Z,productcatalogservice,emailservice,0,0,0,0,0,0,0
2026-10-04T14:08:42Z,productcatalogservice,frontend,0,0,0,0,0,0,0
2026-10-04T14:08:42Z,productcatalogservice,kubernetes,0,0,0,0,0,0,0
2026-10-04T14:08:42Z,productcatalogservice,paymentservice,0,0,0,0,0,0,0
2026-10-04T14:08:42Z,productcatalogservice,productcatalogservice,0,0,0,0,0,0,0
2026-10-04T14:08:42Z,productcatalogservice,recommendationservice,0,0,0,0,0,0,0
2026-10-04T14:08:42Z,productcatalogservice,redis-cart,0,0,0,0,0,0,0
2026-10-04T14:08:42Z,productcatalogservice,shippingservice,0,0,0,0,0,0,0
2026-10-04T14:08:42Z,recommendationservice,adservice,0,0,0,0,0,0,0
2026-10-04T14:08:42Z,recommendationservice,cartservice,0,0,0,0,0,0,0
2026-10-04T14:08:42Z,recommendationservice,checkoutservice,0,0,0,0,0,0,0
2026-10-04T14:08:42Z,recommendationservice,currencyservice,0,0,0,0,0,0,0
2026-10-04T14:08:42Z,recommendationservice,emailservice,0,0,0,0,0,0,0
2026-10-04T14:08:42Z,recommendationservice,frontend,0,0,0,0,0,0,0
2026-10-04T14:08:42Z,recommendationservice,kubernetes,0,0,0,0,0,0,0
2026-10-04T14:08:42Z,recommendationservice,paymentservice,0,0,0,0,0,0,0
2026-10-04T14:08:42Z,recommendationservice,productcatalogservice,130314,130313,0,0,0,939442,129399
2026-10-04T14:08:42Z,recommendationservice,recommendationservice,0,0,0,0,0,0,0
2026-10-04T14:08:42Z,recommendationservice,redis-cart,0,0,0,0,0,0,0
2026-10-04T14:08:42Z,recommendationservice,shippingservice,0,0,0,0,0,0,0
2026-10-04T14:08:42Z,redis-cart,adservice,0,0,0,0,0,0,0
2026-10-04T14:08:42Z,redis-cart,cartservice,0,0,0,0,0,0,0
2026-10-04T14:08:42Z,redis-cart,checkoutservice,0,0,0,0,0,0,0
2026-10-04T14:08:42Z,redis-cart,currencyservice,0,0,0,0,0,0,0
2026-10-04T14:08:42Z,redis-cart,emailservice,0,0,0,0,0,0,0
2026-10-04T14:08:42Z,redis-cart,frontend,0,0,0,0,0,0,0
2026-10-04T14:08:42Z,redis-cart,kubernetes,0,0,0,0,0,0,0
2026-10-04T14:08:42Z,redis-cart,paymentservice,0,0,0,0,0,0,0
2026-10-04T14:08:42Z,redis-cart,productcatalogservice,0,0,0,0,0,0,0
2026-10-04T14:08:42Z,redis-cart,recommendationservice,0,0,0,0,0,0,0
2026-10-04T14:08:42Z,redis-cart,redis-cart,0,0,0,0,0,0,0
2026-10-04T14:08:42Z,redis-cart,shippingservice,0,0,0,0,0,0,0
2026-10-04T14:08:42Z,shippingservice,adservice,0,0,0,0,0,0,0
2026-10-04T14:08:42Z,shippingservice,cartservice,0,0,0,0,0,0,0
2026-10-04T14:08:42Z,shippingservice,checkoutservice,0,0,0,0,0,0,0
2026-10-04T14:08:42Z,shippingservice,currencyservice,0,0,0,0,0,0,0
2026-10-04T14:08:42Z,shippingservice,emailservice,0,0,0,0,0,0,0
2026-10-04T14:08:42Z,shippingservice,frontend,0,0,0,0,0,0,0
2026-10-04T14:08:42Z,shippingservice,kubernetes,0,0,0,0,0,0,0
2026-10-04T14:08:42Z,shippingservice,paymentservice,0,0,0,0,0,0,0
2026-10-04T14:08:42Z,shippingservice,productcatalogservice,0,0,0,0,0,0,0
2026-10-04T14:08:42Z,shippingservice,recommendationservice,0,0,0,0,0,0,0
2026-10-04T14:08:42Z,shippingservice,redis-cart,0,0,0,0,0,0,0
2026-10-04T14:08:42Z,shippingservice,shippingservice,0,0,0,0,0,0,0
2026-10-04T14:08:43Z,adservice,adservice,0,0,0,0,0,0,0
2026-10-04T14:08:43Z,adservice,cartservice,0,0,0,0,0,0,0
2026-10-04T14:08:43Z,adservice,checkoutservice,0,0,0,0,0,0,0
2026-10-04T14:08:43Z,adservice,currencyservice,0,0,0,0,0,0,0
2026-10-04T14:08:43Z,adservice,emailservice,0,0,0,0,0,0,0
2026-10-04T14:08:43Z,adservice,frontend,0,0,0,0,0,0,0
2026-10-04T14:08:43Z,adservice,kubernetes,0,0,0,0,0,0,0
2026-10-04T14:08:43Z,adservice,paymentservice,0,0,0,0,0,0,0
2026-10-04T14:08:43Z,adservice,productcatalogservice,0,0,0,0,0,0,0
2026-10-04T14:08:43Z,adservice,recommendationservice,0,0,0,0,0,0,0
2026-10-04T14:08:43Z,adservice,redis-cart,0,0,0,0,0,0,0
2026-10-04T14:08:43Z,adservice,shippingservice,0,0,0,0,0,0,0
2026-10-04T14:08:43Z,cartservice,adservice,0,0,0,0,0,0,0
2026-10-04T14:08:43Z,cartservice,cartservice,0,0,0,0,0,0,0
2026-10-04T14:08:43Z,cartservice,checkoutservice,0,0,0,0,0,0,0
2026-10-04T14:08:43Z,cartservice,currencyservice,0,0,0,0,0,0,0
2026-10-04T14:08:43Z,cartservice,emailservice,0,0,0,0,0,0,0
2026-10-04T14:08:43Z,cartservice,frontend,0,0,0,0,0,0,0
2026-10-04T14:08:43Z,cartservice,kubernetes,0,0,0,0,0,0,0
2026-10-04T14:08:43Z,cartservice,paymentservice,0,0,0,0,0,0,0
2026-10-04T14:08:43Z,cartservice,productcatalogservice,0,0,0,0,0,0,0
2026-10-04T14:08:43Z,cartservice,recommendationservice,0,0,0,0,0,0,0
2026-10-04T14:08:43Z,cartservice,redis-cart,2,0,0,0,0,0,0
2026-10-04T14:08:43Z,cartservice,shippingservice,0,0,0,0,0,0,0
2026-10-04T14:08:43Z,checkoutservice,adservice,0,0,0,0,0,0,0
2026-10-04T14:08:43Z,checkoutservice,cartservice,52120,51186,0,100,0,660093,51031
2026-10-04T14:08:43Z,checkoutservice,checkoutservice,0,0,0,0,0,0,0
2026-10-04T14:08:43Z,checkoutservice,currencyservice,37457,37457,0,0,0,548732,37378
2026-10-04T14:08:43Z,checkoutservice,emailservice,8692,8406,0,66,0,320277,8330
2026-10-04T14:08:43Z,checkoutservice,frontend,0,0,0,0,0,0,0
2026-10-04T14:08:43Z,checkoutservice,kubernetes,0,0,0,0,0,0,0
2026-10-04T14:08:43Z,checkoutservice,paymentservice,30723,28873,0,192,0,419764,28648
2026-10-04T14:08:43Z,checkoutservice,productcatalogservice,0,0,0,0,0,0,0
2026-10-04T14:08:43Z,checkoutservice,recommendationservice,0,0,0,0,0,0,0
2026-10-04T14:08:43Z,checkoutservice,redis-cart,0,0,0,0,0,0,0
2026-10-04T14:08:43Z,checkoutservice,shippingservice,57429,55325,0,154,0,493429,55169
2026-10-04T14:08:43Z,currencyservice,adservice,0,0,0,0,0,0,0
2026-10-04T14:08:43Z,currencyservice,cartservice,0,0,0,0,0,0,0
2026-10-04T14:08:43Z,currencyservice,checkoutservice,0,0,0,0,0,0,0
2026-10-04T14:08:43Z,currencyservice,currencyservice,0,0,0,0,0,0,0
2026-10-04T14:08:43Z,currencyservice,emailservice,0,0,0,0,0,0,0
2026-10-04T14:08:43Z,currencyservice,frontend,0,0,0,0,0,0,0
2026-10-04T14:08:43Z,currencyservice,kubernetes,0,0,0,0,0,0,0
2026-10-04T14:08:43Z,currencyservice,paymentservice,0,0,0,0,0,0,0
2026-10-04T14:08:43Z,currencyservice,productcatalogservice,0,0,0,0,0,0,0
2026-10-04T14:08:43Z,currencyservice,recommendationservice,0,0,0,0,0,0,0
2026-10-04T14:08:43Z,currencyservice,redis-cart,0,0,0,0,0,0,0
2026-10-04T14:08:43Z,currencyservice,shippingservice,0,0,0,0,0,0,0
2026-10-04T14:08:43Z,emailservice,adservice,0,0,0,0,0,0,0
2026-10-04T14:08:43Z,emailservice,cartservice,0,0,0,0,0,0,0
2026-10-04T14:08:43Z,emailservice,checkoutservice,0,0,0,0,0,0,0
2026-10-04T14:08:43Z,emailservice,currencyservice,0,0,0,0,0,0,0
2026-10-04T14:08:43Z,emailservice,emailservice,0,0,0,0,0,0,0
2026-10-04T14:08:43Z,emailservice,frontend,0,0,0,0,0,0,0
2026-10-04T14:08:43Z,emailservice,kubernetes,0,0,0,0,0,0,0
2026-10-04T14:08:43Z,emailservice,paymentservice,0,0,0,0,0,0,0
2026-10-04T14:08:43Z,emailservice,productcatalogservice,0,0,0,0,0,0,0
2026-10-04T14:08:43Z,emailservice,recommendationservice,0,0,0,0,0,0,0
2026-10-04T14:08:43Z,emailservice,redis-cart,0,0,0,0,0,0,0
2026-10-04T14:08:43Z,emailservice,shippingservice,0,0,0,0,0,0,0
2026-10-04T14:08:43Z,frontend,adservice,839736,839734,0,0,0,2530769,839148
2026-10-04T14:08:43Z,frontend,cartservice,1862752,1862739,0,0,4,10340433,1861256
2026-10-04T14:08:43Z,frontend,checkoutservice,396453,186483,0,40061,169944,62309761,186262
2026-10-04T14:08:43Z,frontend,currencyservice,2961599,2961590,0,0,0,15662534,2959218
2026-10-04T14:08:43Z,frontend,emailservice,0,0,0,0,0,0,0
2026-10-04T14:08:43Z,frontend,frontend,0,0,0,0,0,0,0
2026-10-04T14:08:43Z,frontend,kubernetes,0,0,0,0,0,0,0
2026-10-04T14:08:43Z,frontend,paymentservice,0,0,0,0,0,0,0
2026-10-04T14:08:43Z,frontend,productcatalogservice,8322752,8322685,0,0,0,56893489,8316550
2026-10-04T14:08:43Z,frontend,recommendationservice,2692048,1646105,0,109269,934122,812505111,1644817
2026-10-04T14:08:43Z,frontend,redis-cart,0,0,0,0,0,0,0
2026-10-04T14:08:43Z,frontend,shippingservice,307905,307903,0,0,0,934331,307695
2026-10-04T14:08:43Z,paymentservice,adservice,0,0,0,0,0,0,0
2026-10-04T14:08:43Z,paymentservice,cartservice,0,0,0,0,0,0,0
2026-10-04T14:08:43Z,paymentservice,checkoutservice,0,0,0,0,0,0,0
2026-10-04T14:08:43Z,paymentservice,currencyservice,0,0,0,0,0,0,0
2026-10-04T14:08:43Z,paymentservice,emailservice,0,0,0,0,0,0,0
2026-10-04T14:08:43Z,paymentservice,frontend,0,0,0,0,0,0,0
2026-10-04T14:08:43Z,paymentservice,kubernetes,0,0,0,0,0,0,0
2026-10-04T14:08:43Z,paymentservice,paymentservice,0,0,0,0,0,0,0
2026-10-04T14:08:43Z,paymentservice,productcatalogservice,0,0,0,0,0,0,0
2026-10-04T14:08:43Z,paymentservice,recommendationservice,0,0,0,0,0,0,0
2026-10-04T14:08:43Z,paymentservice,redis-cart,0,0,0,0,0,0,0
2026-10-04T14:08:43Z,paymentservice,shippingservice,0,0,0,0,0,0,0
2026-10-04T14:08:43Z,productcatalogservice,adservice,0,0,0,0,0,0,0
2026-10-04T14:08:43Z,productcatalogservice,cartservice,0,0,0,0,0,0,0
2026-10-04T14:08:43Z,productcatalogservice,checkoutservice,0,0,0,0,0,0,0
2026-10-04T14:08:43Z,productcatalogservice,currencyservice,0,0,0,0,0,0,0
2026-10-04T14:08:43Z,productcatalogservice,emailservice,0,0,0,0,0,0,0
2026-10-04T14:08:43Z,productcatalogservice,frontend,0,0,0,0,0,0,0
2026-10-04T14:08:43Z,productcatalogservice,kubernetes,0,0,0,0,0,0,0
2026-10-04T14:08:43Z,productcatalogservice,paymentservice,0,0,0,0,0,0,0
2026-10-04T14:08:43Z,productcatalogservice,productcatalogservice,0,0,0,0,0,0,0
2026-10-04T14:08:43Z,productcatalogservice,recommendationservice,0,0,0,0,0,0,0
2026-10-04T14:08:43Z,productcatalogservice,redis-cart,0,0,0,0,0,0,0
2026-10-04T14:08:43Z,productcatalogservice,shippingservice,0,0,0,0,0,0,0
2026-10-04T14:08:43Z,recommendationservice,adservice,0,0,0,0,0,0,0
2026-10-04T14:08:43Z,recommendationservice,cartservice,0,0,0,0,0,0,0
2026-10-04T14:08:43Z,recommendationservice,checkoutservice,0,0,0,0,0,0,0
2026-10-04T14:08:43Z,recommendationservice,currencyservice,0,0,0,0,0,0,0
2026-10-04T14:08:43Z,recommendationservice,emailservice,0,0,0,0,0,0,0
2026-10-04T14:08:43Z,recommendationservice,frontend,0,0,0,0,0,0,0
2026-10-04T14:08:43Z,recommendationservice,kubernetes,0,0,0,0,0,0,0
2026-10-04T14:08:43Z,recommendationservice,paymentservice,0,0,0,0,0,0,0
2026-10-04T14:08:43Z,recommendationservice,productcatalogservice,130746,130746,0,0,0,939442,129399
2026-10-04T14:08:43Z,recommendationservice,recommendationservice,0,0,0,0,0,0,0
2026-10-04T14:08:43Z,recommendationservice,redis-cart,0,0,0,0,0,0,0
2026-10-04T14:08:43Z,recommendationservice,shippingservice,0,0,0,0,0,0,0
2026-10-04T14:08:43Z,redis-cart,adservice,0,0,0,0,0,0,0
2026-10-04T14:08:43Z,redis-cart,cartservice,0,0,0,0,0,0,0
2026-10-04T14:08:43Z,redis-cart,checkoutservice,0,0,0,0,0,0,0
2026-10-04T14:08:43Z,redis-cart,currencyservice,0,0,0,0,0,0,0
2026-10-04T14:08:43Z,redis-cart,emailservice,0,0,0,0,0,0,0
2026-10-04T14:08:43Z,redis-cart,frontend,0,0,0,0,0,0,0
2026-10-04T14:08:43Z,redis-cart,kubernetes,0,0,0,0,0,0,0
2026-10-04T14:08:43Z,redis-cart,paymentservice,0,0,0,0,0,0,0
2026-10-04T14:08:43Z,redis-cart,productcatalogservice,0,0,0,0,0,0,0
2026-10-04T14:08:43Z,redis-cart,recommendationservice,0,0,0,0,0,0,0
2026-10-04T14:08:43Z,redis-cart,redis-cart,0,0,0,0,0,0,0
2026-10-04T14:08:43Z,redis-cart,shippingservice,0,0,0,0,0,0,0
2026-10-04T14:08:43Z,shippingservice,adservice,0,0,0,0,0,0,0
2026-10-04T14:08:43Z,shippingservice,cartservice,0,0,0,0,0,0,0
2026-10-04T14:08:43Z,shippingservice,checkoutservice,0,0,0,0,0,0,0
2026-10-04T14:08:43Z,shippingservice,currencyservice,0,0,0,0,0,0,0
2026-10-04T14:08:43Z,shippingservice,emailservice,0,0,0,0,0,0,0
2026-10-04T14:08:43Z,shippingservice,frontend,0,0,0,0,0,0,0
2026-10-04T14:08:43Z,shippingservice,kubernetes,0,0,0,0,0,0,0
2026-10-04T14:08:43Z,shippingservice,paymentservice,0,0,0,0,0,0,0
2026-10-04T14:08:43Z,shippingservice,productcatalogservice,0,0,0,0,0,0,0
2026-10-04T14:08:43Z,shippingservice,recommendationservice,0,0,0,0,0,0,0
2026-10-04T14:08:43Z,shippingservice,redis-cart,0,0,0,0,0,0,0
2026-10-04T14:08:43Z,shippingservice,shippingservice,0,0,0,0,0,0,0
2026-10-04T14:08:44Z,adservice,adservice,0,0,0,0,0,0,0
2026-10-04T14:08:44Z,adservice,cartservice,0,0,0,0,0,0,0
2026-10-04T14:08:44Z,adservice,checkoutservice,0,0,0,0,0,0,0
2026-10-04T14:08:44Z,adservice,currencyservice,0,0,0,0,0,0,0
2026-10-04T14:08:44Z,adservice,emailservice,0,0,0,0,0,0,0
2026-10-04T14:08:44Z,adservice,frontend,0,0,0,0,0,0,0
2026-10-04T14:08:44Z,adservice,kubernetes,0,0,0,0,0,0,0
2026-10-04T14:08:44Z,adservice,paymentservice,0,0,0,0,0,0,0
2026-10-04T14:08:44Z,adservice,productcatalogservice,0,0,0,0,0,0,0
2026-10-04T14:08:44Z,adservice,recommendationservice,0,0,0,0,0,0,0
2026-10-04T14:08:44Z,adservice,redis-cart,0,0,0,0,0,0,0
2026-10-04T14:08:44Z,adservice,shippingservice,0,0,0,0,0,0,0
2026-10-04T14:08:44Z,cartservice,adservice,0,0,0,0,0,0,0
2026-10-04T14:08:44Z,cartservice,cartservice,0,0,0,0,0,0,0
2026-10-04T14:08:44Z,cartservice,checkoutservice,0,0,0,0,0,0,0
2026-10-04T14:08:44Z,cartservice,currencyservice,0,0,0,0,0,0,0
2026-10-04T14:08:44Z,cartservice,emailservice,0,0,0,0,0,0,0
2026-10-04T14:08:44Z,cartservice,frontend,0,0,0,0,0,0,0
2026-10-04T14:08:44Z,cartservice,kubernetes,0,0,0,0,0,0,0
2026-10-04T14:08:44Z,cartservice,paymentservice,0,0,0,0,0,0,0
2026-10-04T14:08:44Z,cartservice,productcatalogservice,0,0,0,0,0,0,0
2026-10-04T14:08:44Z,cartservice,recommendationservice,0,0,0,0,0,0,0
2026-10-04T14:08:44Z,cartservice,redis-cart,2,0,0,0,0,0,0
2026-10-04T14:08:44Z,cartservice,shippingservice,0,0,0,0,0,0,0
2026-10-04T14:08:44Z,checkoutservice,adservice,0,0,0,0,0,0,0
2026-10-04T14:08:44Z,checkoutservice,cartservice,52226,51295,0,100,0,660093,51031
2026-10-04T14:08:44Z,checkoutservice,checkoutservice,0,0,0,0,0,0,0
2026-10-04T14:08:44Z,checkoutservice,currencyservice,37512,37512,0,0,0,548732,37378
2026-10-04T14:08:44Z,checkoutservice,emailservice,8745,8457,0,66,0,320277,8330
2026-10-04T14:08:44Z,checkoutservice,frontend,0,0,0,0,0,0,0
2026-10-04T14:08:44Z,checkoutservice,kubernetes,0,0,0,0,0,0,0
2026-10-04T14:08:44Z,checkoutservice,paymentservice,30774,28926,0,192,0,419764,28648
2026-10-04T14:08:44Z,checkoutservice,productcatalogservice,0,0,0,0,0,0,0
2026-10-04T14:08:44Z,checkoutservice,recommendationservice,0,0,0,0,0,0,0
2026-10-04T14:08:44Z,checkoutservice,redis-cart,0,0,0,0,0,0,0
2026-10-04T14:08:44Z,checkoutservice,shippingservice,57537,55433,0,154,0,493429,55169
2026-10-04T14:08:44Z,currencyservice,adservice,0,0,0,0,0,0,0
2026-10-04T14:08:44Z,currencyservice,cartservice,0,0,0,0,0,0,0
2026-10-04T14:08:44Z,currencyservice,checkoutservice,0,0,0,0,0,0,0
2026-10-04T14:08:44Z,currencyservice,currencyservice,0,0,0,0,0,0,0
2026-10-04T14:08:44Z,currencyservice,emailservice,0,0,0,0,0,0,0
2026-10-04T14:08:44Z,currencyservice,frontend,0,0,0,0,0,0,0
2026-10-04T14:08:44Z,currencyservice,kubernetes,0,0,0,0,0,0,0
2026-10-04T14:08:44Z,currencyservice,paymentservice,0,0,0,0,0,0,0
2026-10-04T14:08:44Z,currencyservice,productcatalogservice,0,0,0,0,0,0,0
2026-10-04T14:08:44Z,currencyservice,recommendationservice,0,0,0,0,0,0,0
2026-10-04T14:08:44Z,currencyservice,redis-cart,0,0,0,0,0,0,0
2026-10-04T14:08:44Z,currencyservice,shippingservice,0,0,0,0,0,0,0
2026-10-04T14:08:44Z,emailservice,adservice,0,0,0,0,0,0,0
2026-10-04T14:08:44Z,emailservice,cartservice,0,0,0,0,0,0,0
2026-10-04T14:08:44Z,emailservice,checkoutservice,0,0,0,0,0,0,0
2026-10-04T14:08:44Z,emailservice,currencyservice,0,0,0,0,0,0,0
2026-10-04T14:08:44Z,emailservice,emailservice,0,0,0,0,0,0,0
2026-10-04T14:08:44Z,emailservice,frontend,0,0,0,0,0,0,0
2026-10-04T14:08:44Z,emailservice,kubernetes,0,0,0,0,0,0,0
2026-10-04T14:08:44Z,emailservice,paymentservice,0,0,0,0,0,0,0
2026-10-04T14:08:44Z,emailservice,productcatalogservice,0,0,0,0,0,0,0
2026-10-04T14:08:44Z,emailservice,recommendationservice,0,0,0,0,0,0,0
2026-10-04T14:08:44Z,emailservice,redis-cart,0,0,0,0,0,0,0
2026-10-04T14:08:44Z,emailservice,shippingservice,0,0,0,0,0,0,0
2026-10-04T14:08:44Z,frontend,adservice,839872,839870,0,0,0,2532468,839759
2026-10-04T14:08:44Z,frontend,cartservice,1863149,1863137,0,0,4,10347273,1862810
2026-10-04T14:08:44Z,frontend,checkoutservice,396513,186542,0,40061,169944,62332506,186500
2026-10-04T14:08:44Z,frontend,currencyservice,2962226,2962216,0,0,0,15671427,2961709
2026-10-04T14:08:44Z,frontend,emailservice,0,0,0,0,0,0,0
2026-10-04T14:08:44Z,frontend,frontend,0,0,0,0,0,0,0
2026-10-04T14:08:44Z,frontend,kubernetes,0,0,0,0,0,0,0
2026-10-04T14:08:44Z,frontend,paymentservice,0,0,0,0,0,0,0
2026-10-04T14:08:44Z,frontend,productcatalogservice,8324257,8324190,0,0,0,56931522,8323064
2026-10-04T14:08:44Z,frontend,recommendationservice,2692777,1646453,0,109319,934463,813526391,1646170
2026-10-04T14:08:44Z,frontend,redis-cart,0,0,0,0,0,0,0
2026-10-04T14:08:44Z,frontend,shippingservice,307945,307943,0,0,0,934848,307911
2026-10-04T14:08:44Z,paymentservice,adservice,0,0,0,0,0,0,0
2026-10-04T14:08:44Z,paymentservice,cartservice,0,0,0,0,0,0,0
2026-10-04T14:08:44Z,paymentservice,checkoutservice,0,0,0,0,0,0,0
2026-10-04T14:08:44Z,paymentservice,currencyservice,0,0,0,0,0,0,0
2026-10-04T14:08:44Z,paymentservice,emailservice,0,0,0,0,0,0,0
2026-10-04T14:08:44Z,paymentservice,frontend,0,0,0,0,0,0,0
2026-10-04T14:08:44Z,paymentservice,kubernetes,0,0,0,0,0,0,0
2026-10-04T14:08:44Z,paymentservice,paymentservice,0,0,0,0,0,0,0
2026-10-04T14:08:44Z,paymentservice,productcatalogservice,0,0,0,0,0,0,0
2026-10-04T14:08:44Z,paymentservice,recommendationservice,0,0,0,0,0,0,0
2026-10-04T14:08:44Z,paymentservice,redis-cart,0,0,0,0,0,0,0
2026-10-04T14:08:44Z,paymentservice,shippingservice,0,0,0,0,0,0,0
2026-10-04T14:08:44Z,productcatalogservice,adservice,0,0,0,0,0,0,0
2026-10-04T14:08:44Z,productcatalogservice,cartservice,0,0,0,0,0,0,0
2026-10-04T14:08:44Z,productcatalogservice,checkoutservice,0,0,0,0,0,0,0
2026-10-04T14:08:44Z,productcatalogservice,currencyservice,0,0,0,0,0,0,0
2026-10-04T14:08:44Z,productcatalogservice,emailservice,0,0,0,0,0,0,0
2026-10-04T14:08:44Z,productcatalogservice,frontend,0,0,0,0,0,0,0
2026-10-04T14:08:44Z,productcatalogservice,kubernetes,0,0,0,0,0,0,0
2026-10-04T14:08:44Z,productcatalogservice,paymentservice,0,0,0,0,0,0,0
2026-10-04T14:08:44Z,productcatalogservice,productcatalogservice,0,0,0,0,0,0,0
2026-10-04T14:08:44Z,productcatalogservice,recommendationservice,0,0,0,0,0,0,0
2026-10-04T14:08:44Z,productcatalogservice,redis-cart,0,0,0,0,0,0,0
2026-10-04T14:08:44Z,productcatalogservice,shippingservice,0,0,0,0,0,0,0
2026-10-04T14:08:44Z,recommendationservice,adservice,0,0,0,0,0,0,0
2026-10-04T14:08:44Z,recommendationservice,cartservice,0,0,0,0,0,0,0
2026-10-04T14:08:44Z,recommendationservice,checkoutservice,0,0,0,0,0,0,0
2026-10-04T14:08:44Z,recommendationservice,currencyservice,0,0,0,0,0,0,0
2026-10-04T14:08:44Z,recommendationservice,emailservice,0,0,0,0,0,0,0
2026-10-04T14:08:44Z,recommendationservice,frontend,0,0,0,0,0,0,0
2026-10-04T14:08:44Z,recommendationservice,kubernetes,0,0,0,0,0,0,0
2026-10-04T14:08:44Z,recommendationservice,paymentservice,0,0,0,0,0,0,0
2026-10-04T14:08:44Z,recommendationservice,productcatalogservice,131189,131179,0,0,0,939442,129399
2026-10-04T14:08:44Z,recommendationservice,recommendationservice,0,0,0,0,0,0,0
2026-10-04T14:08:44Z,recommendationservice,redis-cart,0,0,0,0,0,0,0
2026-10-04T14:08:44Z,recommendationservice,shippingservice,0,0,0,0,0,0,0
2026-10-04T14:08:44Z,redis-cart,adservice,0,0,0,0,0,0,0
2026-10-04T14:08:44Z,redis-cart,cartservice,0,0,0,0,0,0,0
2026-10-04T14:08:44Z,redis-cart,checkoutservice,0,0,0,0,0,0,0
2026-10-04T14:08:44Z,redis-cart,currencyservice,0,0,0,0,0,0,0
2026-10-04T14:08:44Z,redis-cart,emailservice,0,0,0,0,0,0,0
2026-10-04T14:08:44Z,redis-cart,frontend,0,0,0,0,0,0,0
2026-10-04T14:08:44Z,redis-cart,kubernetes,0,0,0,0,0,0,0
2026-10-04T14:08:44Z,redis-cart,paymentservice,0,0,0,0,0,0,0
2026-10-04T14:08:44Z,redis-cart,productcatalogservice,0,0,0,0,0,0,0
2026-10-04T14:08:44Z,redis-cart,recommendationservice,0,0,0,0,0,0,0
2026-10-04T14:08:44Z,redis-cart,redis-cart,0,0,0,0,0,0,0
2026-10-04T14:08:44Z,redis-cart,shippingservice,0,0,0,0,0,0,0
2026-10-04T14:08:44Z,shippingservice,adservice,0,0,0,0,0,0,0
2026-10-04T14:08:44Z,shippingservice,cartservice,0,0,0,0,0,0,0
2026-10-04T14:08:44Z,shippingservice,checkoutservice,0,0,0,0,0,0,0
2026-10-04T14:08:44Z,shippingservice,currencyservice,0,0,0,0,0,0,0
2026-10-04T14:08:44Z,shippingservice,emailservice,0,0,0,0,0,0,0
2026-10-04T14:08:44Z,shippingservice,frontend,0,0,0,0,0,0,0
2026-10-04T14:08:44Z,shippingservice,kubernetes,0,0,0,0,0,0,0
2026-10-04T14:08:44Z,shippingservice,paymentservice,0,0,0,0,0,0,0
2026-10-04T14:08:44Z,shippingservice,productcatalogservice,0,0,0,0,0,0,0
2026-10-04T14:08:44Z,shippingservice,recommendationservice,0,0,0,0,0,0,0
2026-10-04T14:08:44Z,shippingservice,redis-cart,0,0,0,0,0,0,0
2026-10-04T14:08:44Z,shippingservice,shippingservice,0,0,0,0,0,0,0
2026-10-04T14:08:45Z,adservice,adservice,0,0,0,0,0,0,0
2026-10-04T14:08:45Z,adservice,cartservice,0,0,0,0,0,0,0
2026-10-04T14:08:45Z,adservice,checkoutservice,0,0,0,0,0,0,0
2026-10-04T14:08:45Z,adservice,currencyservice,0,0,0,0,0,0,0
2026-10-04T14:08:45Z,adservice,emailservice,0,0,0,0,0,0,0
2026-10-04T14:08:45Z,adservice,frontend,0,0,0,0,0,0,0
2026-10-04T14:08:45Z,adservice,kubernetes,0,0,0,0,0,0,0
2026-10-04T14:08:45Z,adservice,paymentservice,0,0,0,0,0,0,0
2026-10-04T14:08:45Z,adservice,productcatalogservice,0,0,0,0,0,0,0
2026-10-04T14:08:45Z,adservice,recommendationservice,0,0,0,0,0,0,0
2026-10-04T14:08:45Z,adservice,redis-cart,0,0,0,0,0,0,0
2026-10-04T14:08:45Z,adservice,shippingservice,0,0,0,0,0,0,0
2026-10-04T14:08:45Z,cartservice,adservice,0,0,0,0,0,0,0
2026-10-04T14:08:45Z,cartservice,cartservice,0,0,0,0,0,0,0
2026-10-04T14:08:45Z,cartservice,checkoutservice,0,0,0,0,0,0,0
2026-10-04T14:08:45Z,cartservice,currencyservice,0,0,0,0,0,0,0
2026-10-04T14:08:45Z,cartservice,emailservice,0,0,0,0,0,0,0
2026-10-04T14:08:45Z,cartservice,frontend,0,0,0,0,0,0,0
2026-10-04T14:08:45Z,cartservice,kubernetes,0,0,0,0,0,0,0
2026-10-04T14:08:45Z,cartservice,paymentservice,0,0,0,0,0,0,0
2026-10-04T14:08:45Z,cartservice,productcatalogservice,0,0,0,0,0,0,0
2026-10-04T14:08:45Z,cartservice,recommendationservice,0,0,0,0,0,0,0
2026-10-04T14:08:45Z,cartservice,redis-cart,2,0,0,0,0,0,0
2026-10-04T14:08:45Z,cartservice,shippingservice,0,0,0,0,0,0,0
2026-10-04T14:08:45Z,checkoutservice,adservice,0,0,0,0,0,0,0
2026-10-04T14:08:45Z,checkoutservice,cartservice,52341,51408,0,100,0,660093,51031
2026-10-04T14:08:45Z,checkoutservice,checkoutservice,0,0,0,0,0,0,0
2026-10-04T14:08:45Z,checkoutservice,currencyservice,37567,37567,0,0,0,548732,37378
2026-10-04T14:08:45Z,checkoutservice,emailservice,8805,8519,0,66,0,320277,8330
2026-10-04T14:08:45Z,checkoutservice,frontend,0,0,0,0,0,0,0
2026-10-04T14:08:45Z,checkoutservice,kubernetes,0,0,0,0,0,0,0
2026-10-04T14:08:45Z,checkoutservice,paymentservice,30833,28985,0,192,0,419764,28648
2026-10-04T14:08:45Z,checkoutservice,productcatalogservice,0,0,0,0,0,0,0
2026-10-04T14:08:45Z,checkoutservice,recommendationservice,0,0,0,0,0,0,0
2026-10-04T14:08:45Z,checkoutservice,redis-cart,0,0,0,0,0,0,0
2026-10-04T14:08:45Z,checkoutservice,shippingservice,57650,55547,0,154,0,493429,55169
2026-10-04T14:08:45Z,currencyservice,adservice,0,0,0,0,0,0,0
2026-10-04T14:08:45Z,currencyservice,cartservice,0,0,0,0,0,0,0
2026-10-04T14:08:45Z,currencyservice,checkoutservice,0,0,0,0,0,0,0
2026-10-04T14:08:45Z,currencyservice,currencyservice,0,0,0,0,0,0,0
2026-10-04T14:08:45Z,currencyservice,emailservice,0,0,0,0,0,0,0
2026-10-04T14:08:45Z,currencyservice,frontend,0,0,0,0,0,0,0
2026-10-04T14:08:45Z,currencyservice,kubernetes,0,0,0,0,0,0,0
2026-10-04T14:08:45Z,currencyservice,paymentservice,0,0,0,0,0,0,0
2026-10-04T14:08:45Z,currencyservice,productcatalogservice,0,0,0,0,0,0,0
2026-10-04T14:08:45Z,currencyservice,recommendationservice,0,0,0,0,0,0,0
2026-10-04T14:08:45Z,currencyservice,redis-cart,0,0,0,0,0,0,0
2026-10-04T14:08:45Z,currencyservice,shippingservice,0,0,0,0,0,0,0
2026-10-04T14:08:45Z,emailservice,adservice,0,0,0,0,0,0,0
2026-10-04T14:08:45Z,emailservice,cartservice,0,0,0,0,0,0,0
2026-10-04T14:08:45Z,emailservice,checkoutservice,0,0,0,0,0,0,0
2026-10-04T14:08:45Z,emailservice,currencyservice,0,0,0,0,0,0,0
2026-10-04T14:08:45Z,emailservice,emailservice,0,0,0,0,0,0,0
2026-10-04T14:08:45Z,emailservice,frontend,0,0,0,0,0,0,0
2026-10-04T14:08:45Z,emailservice,kubernetes,0,0,0,0,0,0,0
2026-10-04T14:08:45Z,emailservice,paymentservice,0,0,0,0,0,0,0
2026-10-04T14:08:45Z,emailservice,productcatalogservice,0,0,0,0,0,0,0
2026-10-04T14:08:45Z,emailservice,recommendationservice,0,0,0,0,0,0,0
2026-10-04T14:08:45Z,emailservice,redis-cart,0,0,0,0,0,0,0
2026-10-04T14:08:45Z,emailservice,shippingservice,0,0,0,0,0,0,0
2026-10-04T14:08:45Z,frontend,adservice,840003,840001,0,0,0,2532468,839759
2026-10-04T14:08:45Z,frontend,cartservice,1863529,1863515,0,0,4,10347273,1862810
2026-10-04T14:08:45Z,frontend,checkoutservice,396563,186593,0,40061,169944,62332506,186500
2026-10-04T14:08:45Z,frontend,currencyservice,2962826,2962814,0,0,0,15671427,2961709
2026-10-04T14:08:45Z,frontend,emailservice,0,0,0,0,0,0,0
2026-10-04T14:08:45Z,frontend,frontend,0,0,0,0,0,0,0
2026-10-04T14:08:45Z,frontend,kubernetes,0,0,0,0,0,0,0
2026-10-04T14:08:45Z,frontend,paymentservice,0,0,0,0,0,0,0
2026-10-04T14:08:45Z,frontend,productcatalogservice,8325688,8325619,0,0,0,56931522,8323064
2026-10-04T14:08:45Z,frontend,recommendationservice,2693529,1646771,0,109364,934832,813526391,1646170
2026-10-04T14:08:45Z,frontend,redis-cart,0,0,0,0,0,0,0
2026-10-04T14:08:45Z,frontend,shippingservice,307991,307989,0,0,0,934848,307911
2026-10-04T14:08:45Z,paymentservice,adservice,0,0,0,0,0,0,0
2026-10-04T14:08:45Z,paymentservice,cartservice,0,0,0,0,0,0,0
2026-10-04T14:08:45Z,paymentservice,checkoutservice,0,0,0,0,0,0,0
2026-10-04T14:08:45Z,paymentservice,currencyservice,0,0,0,0,0,0,0
2026-10-04T14:08:45Z,paymentservice,emailservice,0,0,0,0,0,0,0
2026-10-04T14:08:45Z,paymentservice,frontend,0,0,0,0,0,0,0
2026-10-04T14:08:45Z,paymentservice,kubernetes,0,0,0,0,0,0,0
2026-10-04T14:08:45Z,paymentservice,paymentservice,0,0,0,0,0,0,0
2026-10-04T14:08:45Z,paymentservice,productcatalogservice,0,0,0,0,0,0,0
2026-10-04T14:08:45Z,paymentservice,recommendationservice,0,0,0,0,0,0,0
2026-10-04T14:08:45Z,paymentservice,redis-cart,0,0,0,0,0,0,0
2026-10-04T14:08:45Z,paymentservice,shippingservice,0,0,0,0,0,0,0
2026-10-04T14:08:45Z,productcatalogservice,adservice,0,0,0,0,0,0,0
2026-10-04T14:08:45Z,productcatalogservice,cartservice,0,0,0,0,0,0,0
2026-10-04T14:08:45Z,productcatalogservice,checkoutservice,0,0,0,0,0,0,0
2026-10-04T14:08:45Z,productcatalogservice,currencyservice,0,0,0,0,0,0,0
2026-10-04T14:08:45Z,productcatalogservice,emailservice,0,0,0,0,0,0,0
2026-10-04T14:08:45Z,productcatalogservice,frontend,0,0,0,0,0,0,0
2026-10-04T14:08:45Z,productcatalogservice,kubernetes,0,0,0,0,0,0,0
2026-10-04T14:08:45Z,productcatalogservice,paymentservice,0,0,0,0,0,0,0
2026-10-04T14:08:45Z,productcatalogservice,productcatalogservice,0,0,0,0,0,0,0
2026-10-04T14:08:45Z,productcatalogservice,recommendationservice,0,0,0,0,0,0,0
2026-10-04T14:08:45Z,productcatalogservice,redis-cart,0,0,0,0,0,0,0
2026-10-04T14:08:45Z,productcatalogservice,shippingservice,0,0,0,0,0,0,0
2026-10-04T14:08:45Z,recommendationservice,adservice,0,0,0,0,0,0,0
2026-10-04T14:08:45Z,recommendationservice,cartservice,0,0,0,0,0,0,0
2026-10-04T14:08:45Z,recommendationservice,checkoutservice,0,0,0,0,0,0,0
2026-10-04T14:08:45Z,recommendationservice,currencyservice,0,0,0,0,0,0,0
2026-10-04T14:08:45Z,recommendationservice,emailservice,0,0,0,0,0,0,0
2026-10-04T14:08:45Z,recommendationservice,frontend,0,0,0,0,0,0,0
2026-10-04T14:08:45Z,recommendationservice,kubernetes,0,0,0,0,0,0,0
2026-10-04T14:08:45Z,recommendationservice,paymentservice,0,0,0,0,0,0,0
2026-10-04T14:08:45Z,recommendationservice,productcatalogservice,131595,131592,0,0,0,951233,131500
2026-10-04T14:08:45Z,recommendationservice,recommendationservice,0,0,0,0,0,0,0
2026-10-04T14:08:45Z,recommendationservice,redis-cart,0,0,0,0,0,0,0
2026-10-04T14:08:45Z,recommendationservice,shippingservice,0,0,0,0,0,0,0
2026-10-04T14:08:45Z,redis-cart,adservice,0,0,0,0,0,0,0
2026-10-04T14:08:45Z,redis-cart,cartservice,0,0,0,0,0,0,0
2026-10-04T14:08:45Z,redis-cart,checkoutservice,0,0,0,0,0,0,0
2026-10-04T14:08:45Z,redis-cart,currencyservice,0,0,0,0,0,0,0
2026-10-04T14:08:45Z,redis-cart,emailservice,0,0,0,0,0,0,0
2026-10-04T14:08:45Z,redis-cart,frontend,0,0,0,0,0,0,0
2026-10-04T14:08:45Z,redis-cart,kubernetes,0,0,0,0,0,0,0
2026-10-04T14:08:45Z,redis-cart,paymentservice,0,0,0,0,0,0,0
2026-10-04T14:08:45Z,redis-cart,productcatalogservice,0,0,0,0,0,0,0
2026-10-04T14:08:45Z,redis-cart,recommendationservice,0,0,0,0,0,0,0
2026-10-04T14:08:45Z,redis-cart,redis-cart,0,0,0,0,0,0,0
2026-10-04T14:08:45Z,redis-cart,shippingservice,0,0,0,0,0,0,0
2026-10-04T14:08:45Z,shippingservice,adservice,0,0,0,0,0,0,0
2026-10-04T14:08:45Z,shippingservice,cartservice,0,0,0,0,0,0,0
2026-10-04T14:08:45Z,shippingservice,checkoutservice,0,0,0,0,0,0,0
2026-10-04T14:08:45Z,shippingservice,currencyservice,0,0,0,0,0,0,0
2026-10-04T14:08:45Z,shippingservice,emailservice,0,0,0,0,0,0,0
2026-10-04T14:08:45Z,shippingservice,frontend,0,0,0,0,0,0,0
2026-10-04T14:08:45Z,shippingservice,kubernetes,0,0,0,0,0,0,0
2026-10-04T14:08:45Z,shippingservice,paymentservice,0,0,0,0,0,0,0
2026-10-04T14:08:45Z,shippingservice,productcatalogservice,0,0,0,0,0,0,0
2026-10-04T14:08:45Z,shippingservice,recommendationservice,0,0,0,0,0,0,0
2026-10-04T14:08:45Z,shippingservice,redis-cart,0,0,0,0,0,0,0
2026-10-04T14:08:45Z,shippingservice,shippingservice,0,0,0,0,0,0,0
2026-10-04T14:08:46Z,adservice,adservice,0,0,0,0,0,0,0
2026-10-04T14:08:46Z,adservice,cartservice,0,0,0,0,0,0,0
2026-10-04T14:08:46Z,adservice,checkoutservice,0,0,0,0,0,0,0
2026-10-04T14:08:46Z,adservice,currencyservice,0,0,0,0,0,0,0
2026-10-04T14:08:46Z,adservice,emailservice,0,0,0,0,0,0,0
2026-10-04T14:08:46Z,adservice,frontend,0,0,0,0,0,0,0
2026-10-04T14:08:46Z,adservice,kubernetes,0,0,0,0,0,0,0
2026-10-04T14:08:46Z,adservice,paymentservice,0,0,0,0,0,0,0
2026-10-04T14:08:46Z,adservice,productcatalogservice,0,0,0,0,0,0,0
2026-10-04T14:08:46Z,adservice,recommendationservice,0,0,0,0,0,0,0
2026-10-04T14:08:46Z,adservice,redis-cart,0,0,0,0,0,0,0
2026-10-04T14:08:46Z,adservice,shippingservice,0,0,0,0,0,0,0
2026-10-04T14:08:46Z,cartservice,adservice,0,0,0,0,0,0,0
2026-10-04T14:08:46Z,cartservice,cartservice,0,0,0,0,0,0,0
2026-10-04T14:08:46Z,cartservice,checkoutservice,0,0,0,0,0,0,0
2026-10-04T14:08:46Z,cartservice,currencyservice,0,0,0,0,0,0,0
2026-10-04T14:08:46Z,cartservice,emailservice,0,0,0,0,0,0,0
2026-10-04T14:08:46Z,cartservice,frontend,0,0,0,0,0,0,0
2026-10-04T14:08:46Z,cartservice,kubernetes,0,0,0,0,0,0,0
2026-10-04T14:08:46Z,cartservice,paymentservice,0,0,0,0,0,0,0
2026-10-04T14:08:46Z,cartservice,productcatalogservice,0,0,0,0,0,0,0
2026-10-04T14:08:46Z,cartservice,recommendationservice,0,0,0,0,0,0,0
2026-10-04T14:08:46Z,cartservice,redis-cart,2,0,0,0,0,0,0
2026-10-04T14:08:46Z,cartservice,shippingservice,0,0,0,0,0,0,0
2026-10-04T14:08:46Z,checkoutservice,adservice,0,0,0,0,0,0,0
2026-10-04T14:08:46Z,checkoutservice,cartservice,52445,51514,0,100,0,660093,51031
2026-10-04T14:08:46Z,checkoutservice,checkoutservice,0,0,0,0,0,0,0
2026-10-04T14:08:46Z,checkoutservice,currencyservice,37620,37620,0,0,0,548732,37378
2026-10-04T14:08:46Z,checkoutservice,emailservice,8858,8572,0,66,0,320277,8330
2026-10-04T14:08:46Z,checkoutservice,frontend,0,0,0,0,0,0,0
2026-10-04T14:08:46Z,checkoutservice,kubernetes,0,0,0,0,0,0,0
2026-10-04T14:08:46Z,checkoutservice,paymentservice,30886,29038,0,192,0,419764,28648
2026-10-04T14:08:46Z,checkoutservice,productcatalogservice,0,0,0,0,0,0,0
2026-10-04T14:08:46Z,checkoutservice,recommendationservice,0,0,0,0,0,0,0
2026-10-04T14:08:46Z,checkoutservice,redis-cart,0,0,0,0,0,0,0
2026-10-04T14:08:46Z,checkoutservice,shippingservice,57756,55653,0,154,0,493429,55169
2026-10-04T14:08:46Z,currencyservice,adservice,0,0,0,0,0,0,0
2026-10-04T14:08:46Z,currencyservice,cartservice,0,0,0,0,0,0,0
2026-10-04T14:08:46Z,currencyservice,checkoutservice,0,0,0,0,0,0,0
2026-10-04T14:08:46Z,currencyservice,currencyservice,0,0,0,0,0,0,0
2026-10-04T14:08:46Z,currencyservice,emailservice,0,0,0,0,0,0,0
2026-10-04T14:08:46Z,currencyservice,frontend,0,0,0,0,0,0,0
2026-10-04T14:08:46Z,currencyservice,kubernetes,0,0,0,0,0,0,0
2026-10-04T14:08:46Z,currencyservice,paymentservice,0,0,0,0,0,0,0
2026-10-04T14:08:46Z,currencyservice,productcatalogservice,0,0,0,0,0,0,0
2026-10-04T14:08:46Z,currencyservice,recommendationservice,0,0,0,0,0,0,0
2026-10-04T14:08:46Z,currencyservice,redis-cart,0,0,0,0,0,0,0
2026-10-04T14:08:46Z,currencyservice,shippingservice,0,0,0,0,0,0,0
2026-10-04T14:08:46Z,emailservice,adservice,0,0,0,0,0,0,0
2026-10-04T14:08:46Z,emailservice,cartservice,0,0,0,0,0,0,0
2026-10-04T14:08:46Z,emailservice,checkoutservice,0,0,0,0,0,0,0
2026-10-04T14:08:46Z,emailservice,currencyservice,0,0,0,0,0,0,0
2026-10-04T14:08:46Z,emailservice,emailservice,0,0,0,0,0,0,0
2026-10-04T14:08:46Z,emailservice,frontend,0,0,0,0,0,0,0
2026-10-04T14:08:46Z,emailservice,kubernetes,0,0,0,0,0,0,0
2026-10-04T14:08:46Z,emailservice,paymentservice,0,0,0,0,0,0,0
2026-10-04T14:08:46Z,emailservice,productcatalogservice,0,0,0,0,0,0,0
2026-10-04T14:08:46Z,emailservice,recommendationservice,0,0,0,0,0,0,0
2026-10-04T14:08:46Z,emailservice,redis-cart,0,0,0,0,0,0,0
2026-10-04T14:08:46Z,emailservice,shippingservice,0,0,0,0,0,0,0
2026-10-04T14:08:46Z,frontend,adservice,840131,840129,0,0,0,2532468,839759
2026-10-04T14:08:46Z,frontend,cartservice,1863880,1863865,0,0,4,10347273,1862810
2026-10-04T14:08:46Z,frontend,checkoutservice,396615,186644,0,40061,169944,62332506,186500
2026-10-04T14:08:46Z,frontend,currencyservice,2963371,2963360,0,0,0,15671427,2961709
2026-10-04T14:08:46Z,frontend,emailservice,0,0,0,0,0,0,0
2026-10-04T14:08:46Z,frontend,frontend,0,0,0,0,0,0,0
2026-10-04T14:08:46Z,frontend,kubernetes,0,0,0,0,0,0,0
2026-10-04T14:08:46Z,frontend,paymentservice,0,0,0,0,0,0,0
2026-10-04T14:08:46Z,frontend,productcatalogservice,8327162,8327087,0,0,0,56931522,8323064
2026-10-04T14:08:46Z,frontend,recommendationservice,2694237,1647079,0,109414,935215,813526391,1646170
2026-10-04T14:08:46Z,frontend,redis-cart,0,0,0,0,0,0,0
2026-10-04T14:08:46Z,frontend,shippingservice,308046,308043,0,0,0,934848,307911
2026-10-04T14:08:46Z,paymentservice,adservice,0,0,0,0,0,0,0
2026-10-04T14:08:46Z,paymentservice,cartservice,0,0,0,0,0,0,0
2026-10-04T14:08:46Z,paymentservice,checkoutservice,0,0,0,0,0,0,0
2026-10-04T14:08:46Z,paymentservice,currencyservice,0,0,0,0,0,0,0
2026-10-04T14:08:46Z,paymentservice,emailservice,0,0,0,0,0,0,0
2026-10-04T14:08:46Z,paymentservice,frontend,0,0,0,0,0,0,0
2026-10-04T14:08:46Z,paymentservice,kubernetes,0,0,0,0,0,0,0
2026-10-04T14:08:46Z,paymentservice,paymentservice,0,0,0,0,0,0,0
2026-10-04T14:08:46Z,paymentservice,productcatalogservice,0,0,0,0,0,0,0
2026-10-04T14:08:46Z,paymentservice,recommendationservice,0,0,0,0,0,0,0
2026-10-04T14:08:46Z,paymentservice,redis-cart,0,0,0,0,0,0,0
2026-10-04T14:08:46Z,paymentservice,shippingservice,0,0,0,0,0,0,0
2026-10-04T14:08:46Z,productcatalogservice,adservice,0,0,0,0,0,0,0
2026-10-04T14:08:46Z,productcatalogservice,cartservice,0,0,0,0,0,0,0
2026-10-04T14:08:46Z,productcatalogservice,checkoutservice,0,0,0,0,0,0,0
2026-10-04T14:08:46Z,productcatalogservice,currencyservice,0,0,0,0,0,0,0
2026-10-04T14:08:46Z,productcatalogservice,emailservice,0,0,0,0,0,0,0
2026-10-04T14:08:46Z,productcatalogservice,frontend,0,0,0,0,0,0,0
2026-10-04T14:08:46Z,productcatalogservice,kubernetes,0,0,0,0,0,0,0
2026-10-04T14:08:46Z,productcatalogservice,paymentservice,0,0,0,0,0,0,0
2026-10-04T14:08:46Z,productcatalogservice,productcatalogservice,0,0,0,0,0,0,0
2026-10-04T14:08:46Z,productcatalogservice,recommendationservice,0,0,0,0,0,0,0
2026-10-04T14:08:46Z,productcatalogservice,redis-cart,0,0,0,0,0,0,0
2026-10-04T14:08:46Z,productcatalogservice,shippingservice,0,0,0,0,0,0,0
2026-10-04T14:08:46Z,recommendationservice,adservice,0,0,0,0,0,0,0
2026-10-04T14:08:46Z,recommendationservice,cartservice,0,0,0,0,0,0,0
2026-10-04T14:08:46Z,recommendationservice,checkoutservice,0,0,0,0,0,0,0
2026-10-04T14:08:46Z,recommendationservice,currencyservice,0,0,0,0,0,0,0
2026-10-04T14:08:46Z,recommendationservice,emailservice,0,0,0,0,0,0,0
2026-10-04T14:08:46Z,recommendationservice,frontend,0,0,0,0,0,0,0
2026-10-04T14:08:46Z,recommendationservice,kubernetes,0,0,0,0,0,0,0
2026-10-04T14:08:46Z,recommendationservice,paymentservice,0,0,0,0,0,0,0
2026-10-04T14:08:46Z,recommendationservice,productcatalogservice,131967,131966,0,0,0,951233,131500
2026-10-04T14:08:46Z,recommendationservice,recommendationservice,0,0,0,0,0,0,0
2026-10-04T14:08:46Z,recommendationservice,redis-cart,0,0,0,0,0,0,0
2026-10-04T14:08:46Z,recommendationservice,shippingservice,0,0,0,0,0,0,0
2026-10-04T14:08:46Z,redis-cart,adservice,0,0,0,0,0,0,0
2026-10-04T14:08:46Z,redis-cart,cartservice,0,0,0,0,0,0,0
2026-10-04T14:08:46Z,redis-cart,checkoutservice,0,0,0,0,0,0,0
2026-10-04T14:08:46Z,redis-cart,currencyservice,0,0,0,0,0,0,0
2026-10-04T14:08:46Z,redis-cart,emailservice,0,0,0,0,0,0,0
2026-10-04T14:08:46Z,redis-cart,frontend,0,0,0,0,0,0,0
2026-10-04T14:08:46Z,redis-cart,kubernetes,0,0,0,0,0,0,0
2026-10-04T14:08:46Z,redis-cart,paymentservice,0,0,0,0,0,0,0
2026-10-04T14:08:46Z,redis-cart,productcatalogservice,0,0,0,0,0,0,0
2026-10-04T14:08:46Z,redis-cart,recommendationservice,0,0,0,0,0,0,0
2026-10-04T14:08:46Z,redis-cart,redis-cart,0,0,0,0,0,0,0
2026-10-04T14:08:46Z,redis-cart,shippingservice,0,0,0,0,0,0,0
2026-10-04T14:08:46Z,shippingservice,adservice,0,0,0,0,0,0,0
2026-10-04T14:08:46Z,shippingservice,cartservice,0,0,0,0,0,0,0
2026-10-04T14:08:46Z,shippingservice,checkoutservice,0,0,0,0,0,0,0
2026-10-04T14:08:46Z,shippingservice,currencyservice,0,0,0,0,0,0,0
2026-10-04T14:08:46Z,shippingservice,emailservice,0,0,0,0,0,0,0
2026-10-04T14:08:46Z,shippingservice,frontend,0,0,0,0,0,0,0
2026-10-04T14:08:46Z,shippingservice,kubernetes,0,0,0,0,0,0,0
2026-10-04T14:08:46Z,shippingservice,paymentservice,0,0,0,0,0,0,0
2026-10-04T14:08:46Z,shippingservice,productcatalogservice,0,0,0,0,0,0,0
2026-10-04T14:08:46Z,shippingservice,recommendationservice,0,0,0,0,0,0,0
2026-10-04T14:08:46Z,shippingservice,redis-cart,0,0,0,0,0,0,0
2026-10-04T14:08:46Z,shippingservice,shippingservice,0,0,0,0,0,0,0
2026-10-04T14:08:47Z,adservice,adservice,0,0,0,0,0,0,0
2026-10-04T14:08:47Z,adservice,cartservice,0,0,0,0,0,0,0
2026-10-04T14:08:47Z,adservice,checkoutservice,0,0,0,0,0,0,0
2026-10-04T14:08:47Z,adservice,currencyservice,0,0,0,0,0,0,0
2026-10-04T14:08:47Z,adservice,emailservice,0,0,0,0,0,0,0
2026-10-04T14:08:47Z,adservice,frontend,0,0,0,0,0,0,0
2026-10-04T14:08:47Z,adservice,kubernetes,0,0,0,0,0,0,0
2026-10-04T14:08:47Z,adservice,paymentservice,0,0,0,0,0,0,0
2026-10-04T14:08:47Z,adservice,productcatalogservice,0,0,0,0,0,0,0
2026-10-04T14:08:47Z,adservice,recommendationservice,0,0,0,0,0,0,0
2026-10-04T14:08:47Z,adservice,redis-cart,0,0,0,0,0,0,0
2026-10-04T14:08:47Z,adservice,shippingservice,0,0,0,0,0,0,0
2026-10-04T14:08:47Z,cartservice,adservice,0,0,0,0,0,0,0
2026-10-04T14:08:47Z,cartservice,cartservice,0,0,0,0,0,0,0
2026-10-04T14:08:47Z,cartservice,checkoutservice,0,0,0,0,0,0,0
2026-10-04T14:08:47Z,cartservice,currencyservice,0,0,0,0,0,0,0
2026-10-04T14:08:47Z,cartservice,emailservice,0,0,0,0,0,0,0
2026-10-04T14:08:47Z,cartservice,frontend,0,0,0,0,0,0,0
2026-10-04T14:08:47Z,cartservice,kubernetes,0,0,0,0,0,0,0
2026-10-04T14:08:47Z,cartservice,paymentservice,0,0,0,0,0,0,0
2026-10-04T14:08:47Z,cartservice,productcatalogservice,0,0,0,0,0,0,0
2026-10-04T14:08:47Z,cartservice,recommendationservice,0,0,0,0,0,0,0
2026-10-04T14:08:47Z,cartservice,redis-cart,2,0,0,0,0,0,0
2026-10-04T14:08:47Z,cartservice,shippingservice,0,0,0,0,0,0,0
2026-10-04T14:08:47Z,checkoutservice,adservice,0,0,0,0,0,0,0
2026-10-04T14:08:47Z,checkoutservice,cartservice,52546,51612,0,100,0,662599,51571
2026-10-04T14:08:47Z,checkoutservice,checkoutservice,0,0,0,0,0,0,0
2026-10-04T14:08:47Z,checkoutservice,currencyservice,37673,37673,0,0,0,549853,37649
2026-10-04T14:08:47Z,checkoutservice,emailservice,8903,8617,0,66,0,327865,8599
2026-10-04T14:08:47Z,checkoutservice,frontend,0,0,0,0,0,0,0
2026-10-04T14:08:47Z,checkoutservice,kubernetes,0,0,0,0,0,0,0
2026-10-04T14:08:47Z,checkoutservice,paymentservice,30938,29087,0,192,0,420739,28918
2026-10-04T14:08:47Z,checkoutservice,productcatalogservice,0,0,0,0,0,0,0
2026-10-04T14:08:47Z,checkoutservice,recommendationservice,0,0,0,0,0,0,0
2026-10-04T14:08:47Z,checkoutservice,redis-cart,0,0,0,0,0,0,0
2026-10-04T14:08:47Z,checkoutservice,shippingservice,57858,55755,0,154,0,494664,55708
2026-10-04T14:08:47Z,currencyservice,adservice,0,0,0,0,0,0,0
2026-10-04T14:08:47Z,currencyservice,cartservice,0,0,0,0,0,0,0
2026-10-04T14:08:47Z,currencyservice,checkoutservice,0,0,0,0,0,0,0
2026-10-04T14:08:47Z,currencyservice,currencyservice,0,0,0,0,0,0,0
2026-10-04T14:08:47Z,currencyservice,emailservice,0,0,0,0,0,0,0
2026-10-04T14:08:47Z,currencyservice,frontend,0,0,0,0,0,0,0
2026-10-04T14:08:47Z,currencyservice,kubernetes,0,0,0,0,0,0,0
2026-10-04T14:08:47Z,currencyservice,paymentservice,0,0,0,0,0,0,0
2026-10-04T14:08:47Z,currencyservice,productcatalogservice,0,0,0,0,0,0,0
2026-10-04T14:08:47Z,currencyservice,recommendationservice,0,0,0,0,0,0,0
2026-10-04T14:08:47Z,currencyservice,redis-cart,0,0,0,0,0,0,0
2026-10-04T14:08:47Z,currencyservice,shippingservice,0,0,0,0,0,0,0
2026-10-04T14:08:47Z,emailservice,adservice,0,0,0,0,0,0,0
2026-10-04T14:08:47Z,emailservice,cartservice,0,0,0,0,0,0,0
2026-10-04T14:08:47Z,emailservice,checkoutservice,0,0,0,0,0,0,0
2026-10-04T14:08:47Z,emailservice,currencyservice,0,0,0,0,0,0,0
2026-10-04T14:08:47Z,emailservice,emailservice,0,0,0,0,0,0,0
2026-10-04T14:08:47Z,emailservice,frontend,0,0,0,0,0,0,0
2026-10-04T14:08:47Z,emailservice,kubernetes,0,0,0,0,0,0,0
2026-10-04T14:08:47Z,emailservice,paymentservice,0,0,0,0,0,0,0
2026-10-04T14:08:47Z,emailservice,productcatalogservice,0,0,0,0,0,0,0
2026-10-04T14:08:47Z,emailservice,recommendationservice,0,0,0,0,0,0,0
2026-10-04T14:08:47Z,emailservice,redis-cart,0,0,0,0,0,0,0
2026-10-04T14:08:47Z,emailservice,shippingservice,0,0,0,0,0,0,0
2026-10-04T14:08:47Z,frontend,adservice,840276,840274,0,0,0,2532468,839759
2026-10-04T14:08:47Z,frontend,cartservice,1864289,1864276,0,0,4,10347273,1862810
2026-10-04T14:08:47Z,frontend,checkoutservice,396663,186691,0,40061,169944,62332506,186500
2026-10-04T14:08:47Z,frontend,currencyservice,2964017,2964007,0,0,0,15671427,2961709
2026-10-04T14:08:47Z,frontend,emailservice,0,0,0,0,0,0,0
2026-10-04T14:08:47Z,frontend,frontend,0,0,0,0,0,0,0
2026-10-04T14:08:47Z,frontend,kubernetes,0,0,0,0,0,0,0
2026-10-04T14:08:47Z,frontend,paymentservice,0,0,0,0,0,0,0
2026-10-04T14:08:47Z,frontend,productcatalogservice,8328673,8328608,0,0,0,56931522,8323064
2026-10-04T14:08:47Z,frontend,recommendationservice,2694965,1647409,0,109472,935538,813526391,1646170
2026-10-04T14:08:47Z,frontend,redis-cart,0,0,0,0,0,0,0
2026-10-04T14:08:47Z,frontend,shippingservice,308100,308098,0,0,0,934848,307911
2026-10-04T14:08:47Z,paymentservice,adservice,0,0,0,0,0,0,0
2026-10-04T14:08:47Z,paymentservice,cartservice,0,0,0,0,0,0,0
2026-10-04T14:08:47Z,paymentservice,checkoutservice,0,0,0,0,0,0,0
2026-10-04T14:08:47Z,paymentservice,currencyservice,0,0,0,0,0,0,0
2026-10-04T14:08:47Z,paymentservice,emailservice,0,0,0,0,0,0,0
2026-10-04T14:08:47Z,paymentservice,frontend,0,0,0,0,0,0,0
2026-10-04T14:08:47Z,paymentservice,kubernetes,0,0,0,0,0,0,0
2026-10-04T14:08:47Z,paymentservice,paymentservice,0,0,0,0,0,0,0
2026-10-04T14:08:47Z,paymentservice,productcatalogservice,0,0,0,0,0,0,0
2026-10-04T14:08:47Z,paymentservice,recommendationservice,0,0,0,0,0,0,0
2026-10-04T14:08:47Z,paymentservice,redis-cart,0,0,0,0,0,0,0
2026-10-04T14:08:47Z,paymentservice,shippingservice,0,0,0,0,0,0,0
2026-10-04T14:08:47Z,productcatalogservice,adservice,0,0,0,0,0,0,0
2026-10-04T14:08:47Z,productcatalogservice,cartservice,0,0,0,0,0,0,0
2026-10-04T14:08:47Z,productcatalogservice,checkoutservice,0,0,0,0,0,0,0
2026-10-04T14:08:47Z,productcatalogservice,currencyservice,0,0,0,0,0,0,0
2026-10-04T14:08:47Z,productcatalogservice,emailservice,0,0,0,0,0,0,0
2026-10-04T14:08:47Z,productcatalogservice,frontend,0,0,0,0,0,0,0
2026-10-04T14:08:47Z,productcatalogservice,kubernetes,0,0,0,0,0,0,0
2026-10-04T14:08:47Z,productcatalogservice,paymentservice,0,0,0,0,0,0,0
2026-10-04T14:08:47Z,productcatalogservice,productcatalogservice,0,0,0,0,0,0,0
2026-10-04T14:08:47Z,productcatalogservice,recommendationservice,0,0,0,0,0,0,0
2026-10-04T14:08:47Z,productcatalogservice,redis-cart,0,0,0,0,0,0,0
2026-10-04T14:08:47Z,productcatalogservice,shippingservice,0,0,0,0,0,0,0
2026-10-04T14:08:47Z,recommendationservice,adservice,0,0,0,0,0,0,0
2026-10-04T14:08:47Z,recommendationservice,cartservice,0,0,0,0,0,0,0
2026-10-04T14:08:47Z,recommendationservice,checkoutservice,0,0,0,0,0,0,0
2026-10-04T14:08:47Z,recommendationservice,currencyservice,0,0,0,0,0,0,0
2026-10-04T14:08:47Z,recommendationservice,emailservice,0,0,0,0,0,0,0
2026-10-04T14:08:47Z,recommendationservice,frontend,0,0,0,0,0,0,0
2026-10-04T14:08:47Z,recommendationservice,kubernetes,0,0,0,0,0,0,0
2026-10-04T14:08:47Z,recommendationservice,paymentservice,0,0,0,0,0,0,0
2026-10-04T14:08:47Z,recommendationservice,productcatalogservice,132387,132386,0,0,0,951233,131500
2026-10-04T14:08:47Z,recommendationservice,recommendationservice,0,0,0,0,0,0,0
2026-10-04T14:08:47Z,recommendationservice,redis-cart,0,0,0,0,0,0,0
2026-10-04T14:08:47Z,recommendationservice,shippingservice,0,0,0,0,0,0,0
2026-10-04T14:08:47Z,redis-cart,adservice,0,0,0,0,0,0,0
2026-10-04T14:08:47Z,redis-cart,cartservice,0,0,0,0,0,0,0
2026-10-04T14:08:47Z,redis-cart,checkoutservice,0,0,0,0,0,0,0
2026-10-04T14:08:47Z,redis-cart,currencyservice,0,0,0,0,0,0,0
2026-10-04T14:08:47Z,redis-cart,emailservice,0,0,0,0,0,0,0
2026-10-04T14:08:47Z,redis-cart,frontend,0,0,0,0,0,0,0
2026-10-04T14:08:47Z,redis-cart,kubernetes,0,0,0,0,0,0,0
2026-10-04T14:08:47Z,redis-cart,paymentservice,0,0,0,0,0,0,0
2026-10-04T14:08:47Z,redis-cart,productcatalogservice,0,0,0,0,0,0,0
2026-10-04T14:08:47Z,redis-cart,recommendationservice,0,0,0,0,0,0,0
2026-10-04T14:08:47Z,redis-cart,redis-cart,0,0,0,0,0,0,0
2026-10-04T14:08:47Z,redis-cart,shippingservice,0,0,0,0,0,0,0
2026-10-04T14:08:47Z,shippingservice,adservice,0,0,0,0,0,0,0
2026-10-04T14:08:47Z,shippingservice,cartservice,0,0,0,0,0,0,0
2026-10-04T14:08:47Z,shippingservice,checkoutservice,0,0,0,0,0,0,0
2026-10-04T14:08:47Z,shippingservice,currencyservice,0,0,0,0,0,0,0
2026-10-04T14:08:47Z,shippingservice,emailservice,0,0,0,0,0,0,0
2026-10-04T14:08:47Z,shippingservice,frontend,0,0,0,0,0,0,0
2026-10-04T14:08:47Z,shippingservice,kubernetes,0,0,0,0,0,0,0
2026-10-04T14:08:47Z,shippingservice,paymentservice,0,0,0,0,0,0,0
2026-10-04T14:08:47Z,shippingservice,productcatalogservice,0,0,0,0,0,0,0
2026-10-04T14:08:47Z,shippingservice,recommendationservice,0,0,0,0,0,0,0
2026-10-04T14:08:47Z,shippingservice,redis-cart,0,0,0,0,0,0,0
2026-10-04T14:08:47Z,shippingservice,shippingservice,0,0,0,0,0,0,0
2026-10-04T14:08:48Z,adservice,adservice,0,0,0,0,0,0,0
2026-10-04T14:08:48Z,adservice,cartservice,0,0,0,0,0,0,0
2026-10-04T14:08:48Z,adservice,checkoutservice,0,0,0,0,0,0,0
2026-10-04T14:08:48Z,adservice,currencyservice,0,0,0,0,0,0,0
2026-10-04T14:08:48Z,adservice,emailservice,0,0,0,0,0,0,0
2026-10-04T14:08:48Z,adservice,frontend,0,0,0,0,0,0,0
2026-10-04T14:08:48Z,adservice,kubernetes,0,0,0,0,0,0,0
2026-10-04T14:08:48Z,adservice,paymentservice,0,0,0,0,0,0,0
2026-10-04T14:08:48Z,adservice,productcatalogservice,0,0,0,0,0,0,0
2026-10-04T14:08:48Z,adservice,recommendationservice,0,0,0,0,0,0,0
2026-10-04T14:08:48Z,adservice,redis-cart,0,0,0,0,0,0,0
2026-10-04T14:08:48Z,adservice,shippingservice,0,0,0,0,0,0,0
2026-10-04T14:08:48Z,cartservice,adservice,0,0,0,0,0,0,0
2026-10-04T14:08:48Z,cartservice,cartservice,0,0,0,0,0,0,0
2026-10-04T14:08:48Z,cartservice,checkoutservice,0,0,0,0,0,0,0
2026-10-04T14:08:48Z,cartservice,currencyservice,0,0,0,0,0,0,0
2026-10-04T14:08:48Z,cartservice,emailservice,0,0,0,0,0,0,0
2026-10-04T14:08:48Z,cartservice,frontend,0,0,0,0,0,0,0
2026-10-04T14:08:48Z,cartservice,kubernetes,0,0,0,0,0,0,0
2026-10-04T14:08:48Z,cartservice,paymentservice,0,0,0,0,0,0,0
2026-10-04T14:08:48Z,cartservice,productcatalogservice,0,0,0,0,0,0,0
2026-10-04T14:08:48Z,cartservice,recommendationservice,0,0,0,0,0,0,0
2026-10-04T14:08:48Z,cartservice,redis-cart,2,0,0,0,0,0,0
2026-10-04T14:08:48Z,cartservice,shippingservice,0,0,0,0,0,0,0
2026-10-04T14:08:48Z,checkoutservice,adservice,0,0,0,0,0,0,0
2026-10-04T14:08:48Z,checkoutservice,cartservice,52636,51700,0,100,0,662599,51571
2026-10-04T14:08:48Z,checkoutservice,checkoutservice,0,0,0,0,0,0,0
2026-10-04T14:08:48Z,checkoutservice,currencyservice,37714,37713,0,0,0,549853,37649
2026-10-04T14:08:48Z,checkoutservice,emailservice,8950,8664,0,66,0,327865,8599
2026-10-04T14:08:48Z,checkoutservice,frontend,0,0,0,0,0,0,0
2026-10-04T14:08:48Z,checkoutservice,kubernetes,0,0,0,0,0,0,0
2026-10-04T14:08:48Z,checkoutservice,paymentservice,30979,29131,0,192,0,420739,28918
2026-10-04T14:08:48Z,checkoutservice,productcatalogservice,0,0,0,0,0,0,0
2026-10-04T14:08:48Z,checkoutservice,recommendationservice,0,0,0,0,0,0,0
2026-10-04T14:08:48Z,checkoutservice,redis-cart,0,0,0,0,0,0,0
2026-10-04T14:08:48Z,checkoutservice,shippingservice,57943,55840,0,154,0,494664,55708
2026-10-04T14:08:48Z,currencyservice,adservice,0,0,0,0,0,0,0
2026-10-04T14:08:48Z,currencyservice,cartservice,0,0,0,0,0,0,0
2026-10-04T14:08:48Z,currencyservice,checkoutservice,0,0,0,0,0,0,0
2026-10-04T14:08:48Z,currencyservice,currencyservice,0,0,0,0,0,0,0
2026-10-04T14:08:48Z,currencyservice,emailservice,0,0,0,0,0,0,0
2026-10-04T14:08:48Z,currencyservice,frontend,0,0,0,0,0,0,0
2026-10-04T14:08:48Z,currencyservice,kubernetes,0,0,0,0,0,0,0
2026-10-04T14:08:48Z,currencyservice,paymentservice,0,0,0,0,0,0,0
2026-10-04T14:08:48Z,currencyservice,productcatalogservice,0,0,0,0,0,0,0
2026-10-04T14:08:48Z,currencyservice,recommendationservice,0,0,0,0,0,0,0
2026-10-04T14:08:48Z,currencyservice,redis-cart,0,0,0,0,0,0,0
2026-10-04T14:08:48Z,currencyservice,shippingservice,0,0,0,0,0,0,0
2026-10-04T14:08:48Z,emailservice,adservice,0,0,0,0,0,0,0
2026-10-04T14:08:48Z,emailservice,cartservice,0,0,0,0,0,0,0
2026-10-04T14:08:48Z,emailservice,checkoutservice,0,0,0,0,0,0,0
2026-10-04T14:08:48Z,emailservice,currencyservice,0,0,0,0,0,0,0
2026-10-04T14:08:48Z,emailservice,emailservice,0,0,0,0,0,0,0
2026-10-04T14:08:48Z,emailservice,frontend,0,0,0,0,0,0,0
2026-10-04T14:08:48Z,emailservice,kubernetes,0,0,0,0,0,0,0
2026-10-04T14:08:48Z,emailservice,paymentservice,0,0,0,0,0,0,0
2026-10-04T14:08:48Z,emailservice,productcatalogservice,0,0,0,0,0,0,0
2026-10-04T14:08:48Z,emailservice,recommendationservice,0,0,0,0,0,0,0
2026-10-04T14:08:48Z,emailservice,redis-cart,0,0,0,0,0,0,0
2026-10-04T14:08:48Z,emailservice,shippingservice,0,0,0,0,0,0,0
2026-10-04T14:08:48Z,frontend,adservice,840413,840408,0,0,0,2532939,839917
2026-10-04T14:08:48Z,frontend,cartservice,1864685,1864672,0,0,4,10349214,1863262
2026-10-04T14:08:48Z,frontend,checkoutservice,396709,186741,0,40061,169944,62337138,186543
2026-10-04T14:08:48Z,frontend,currencyservice,2964639,2964628,0,0,0,15674267,2962408
2026-10-04T14:08:48Z,frontend,emailservice,0,0,0,0,0,0,0
2026-10-04T14:08:48Z,frontend,frontend,0,0,0,0,0,0,0
2026-10-04T14:08:48Z,frontend,kubernetes,0,0,0,0,0,0,0
2026-10-04T14:08:48Z,frontend,paymentservice,0,0,0,0,0,0,0
2026-10-04T14:08:48Z,frontend,productcatalogservice,8330258,8330185,0,0,0,56942729,8324667
2026-10-04T14:08:48Z,frontend,recommendationservice,2695735,1647734,0,109520,935924,813885441,1646586
2026-10-04T14:08:48Z,frontend,redis-cart,0,0,0,0,0,0,0
2026-10-04T14:08:48Z,frontend,shippingservice,308168,308164,0,0,0,934977,307965
2026-10-04T14:08:48Z,paymentservice,adservice,0,0,0,0,0,0,0
2026-10-04T14:08:48Z,paymentservice,cartservice,0,0,0,0,0,0,0
2026-10-04T14:08:48Z,paymentservice,checkoutservice,0,0,0,0,0,0,0
2026-10-04T14:08:48Z,paymentservice,currencyservice,0,0,0,0,0,0,0
2026-10-04T14:08:48Z,paymentservice,emailservice,0,0,0,0,0,0,0
2026-10-04T14:08:48Z,paymentservice,frontend,0,0,0,0,0,0,0
2026-10-04T14:08:48Z,paymentservice,kubernetes,0,0,0,0,0,0,0
2026-10-04T14:08:48Z,paymentservice,paymentservice,0,0,0,0,0,0,0
2026-10-04T14:08:48Z,paymentservice,productcatalogservice,0,0,0,0,0,0,0
2026-10-04T14:08:48Z,paymentservice,recommendationservice,0,0,0,0,0,0,0
2026-10-04T14:08:48Z,paymentservice,redis-cart,0,0,0,0,0,0,0
2026-10-04T14:08:48Z,paymentservice,shippingservice,0,0,0,0,0,0,0
2026-10-04T14:08:48Z,productcatalogservice,adservice,0,0,0,0,0,0,0
2026-10-04T14:08:48Z,productcatalogservice,cartservice,0,0,0,0,0,0,0
2026-10-04T14:08:48Z,productcatalogservice,checkoutservice,0,0,0,0,0,0,0
2026-10-04T14:08:48Z,productcatalogservice,currencyservice,0,0,0,0,0,0,0
2026-10-04T14:08:48Z,productcatalogservice,emailservice,0,0,0,0,0,0,0
2026-10-04T14:08:48Z,productcatalogservice,frontend,0,0,0,0,0,0,0
2026-10-04T14:08:48Z,productcatalogservice,kubernetes,0,0,0,0,0,0,0
2026-10-04T14:08:48Z,productcatalogservice,paymentservice,0,0,0,0,0,0,0
2026-10-04T14:08:48Z,productcatalogservice,productcatalogservice,0,0,0,0,0,0,0
2026-10-04T14:08:48Z,productcatalogservice,recommendationservice,0,0,0,0,0,0,0
2026-10-04T14:08:48Z,productcatalogservice,redis-cart,0,0,0,0,0,0,0
2026-10-04T14:08:48Z,productcatalogservice,shippingservice,0,0,0,0,0,0,0
2026-10-04T14:08:48Z,recommendationservice,adservice,0,0,0,0,0,0,0
2026-10-04T14:08:48Z,recommendationservice,cartservice,0,0,0,0,0,0,0
2026-10-04T14:08:48Z,recommendationservice,checkoutservice,0,0,0,0,0,0,0
2026-10-04T14:08:48Z,recommendationservice,currencyservice,0,0,0,0,0,0,0
2026-10-04T14:08:48Z,recommendationservice,emailservice,0,0,0,0,0,0,0
2026-10-04T14:08:48Z,recommendationservice,frontend,0,0,0,0,0,0,0
2026-10-04T14:08:48Z,recommendationservice,kubernetes,0,0,0,0,0,0,0
2026-10-04T14:08:48Z,recommendationservice,paymentservice,0,0,0,0,0,0,0
2026-10-04T14:08:48Z,recommendationservice,productcatalogservice,132800,132799,0,0,0,951233,131500
2026-10-04T14:08:48Z,recommendationservice,recommendationservice,0,0,0,0,0,0,0
2026-10-04T14:08:48Z,recommendationservice,redis-cart,0,0,0,0,0,0,0
2026-10-04T14:08:48Z,recommendationservice,shippingservice,0,0,0,0,0,0,0
2026-10-04T14:08:48Z,redis-cart,adservice,0,0,0,0,0,0,0
2026-10-04T14:08:48Z,redis-cart,cartservice,0,0,0,0,0,0,0
2026-10-04T14:08:48Z,redis-cart,checkoutservice,0,0,0,0,0,0,0
2026-10-04T14:08:48Z,redis-cart,currencyservice,0,0,0,0,0,0,0
2026-10-04T14:08:48Z,redis-cart,emailservice,0,0,0,0,0,0,0
2026-10-04T14:08:48Z,redis-cart,frontend,0,0,0,0,0,0,0
2026-10-04T14:08:48Z,redis-cart,kubernetes,0,0,0,0,0,0,0
2026-10-04T14:08:48Z,redis-cart,paymentservice,0,0,0,0,0,0,0
2026-10-04T14:08:48Z,redis-cart,productcatalogservice,0,0,0,0,0,0,0
2026-10-04T14:08:48Z,redis-cart,recommendationservice,0,0,0,0,0,0,0
2026-10-04T14:08:48Z,redis-cart,redis-cart,0,0,0,0,0,0,0
2026-10-04T14:08:48Z,redis-cart,shippingservice,0,0,0,0,0,0,0
2026-10-04T14:08:48Z,shippingservice,adservice,0,0,0,0,0,0,0
2026-10-04T14:08:48Z,shippingservice,cartservice,0,0,0,0,0,0,0
2026-10-04T14:08:48Z,shippingservice,checkoutservice,0,0,0,0,0,0,0
2026-10-04T14:08:48Z,shippingservice,currencyservice,0,0,0,0,0,0,0
2026-10-04T14:08:48Z,shippingservice,emailservice,0,0,0,0,0,0,0
2026-10-04T14:08:48Z,shippingservice,frontend,0,0,0,0,0,0,0
2026-10-04T14:08:48Z,shippingservice,kubernetes,0,0,0,0,0,0,0
2026-10-04T14:08:48Z,shippingservice,paymentservice,0,0,0,0,0,0,0
2026-10-04T14:08:48Z,shippingservice,productcatalogservice,0,0,0,0,0,0,0
2026-10-04T14:08:48Z,shippingservice,recommendationservice,0,0,0,0,0,0,0
2026-10-04T14:08:48Z,shippingservice,redis-cart,0,0,0,0,0,0,0
2026-10-04T14:08:48Z,shippingservice,shippingservice,0,0,0,0,0,0,0
2026-10-04T14:08:49Z,adservice,adservice,0,0,0,0,0,0,0
2026-10-04T14:08:49Z,adservice,cartservice,0,0,0,0,0,0,0
2026-10-04T14:08:49Z,adservice,checkoutservice,0,0,0,0,0,0,0
2026-10-04T14:08:49Z,adservice,currencyservice,0,0,0,0,0,0,0
2026-10-04T14:08:49Z,adservice,emailservice,0,0,0,0,0,0,0
2026-10-04T14:08:49Z,adservice,frontend,0,0,0,0,0,0,0
2026-10-04T14:08:49Z,adservice,kubernetes,0,0,0,0,0,0,0
2026-10-04T14:08:49Z,adservice,paymentservice,0,0,0,0,0,0,0
2026-10-04T14:08:49Z,adservice,productcatalogservice,0,0,0,0,0,0,0
2026-10-04T14:08:49Z,adservice,recommendationservice,0,0,0,0,0,0,0
2026-10-04T14:08:49Z,adservice,redis-cart,0,0,0,0,0,0,0
2026-10-04T14:08:49Z,adservice,shippingservice,0,0,0,0,0,0,0
2026-10-04T14:08:49Z,cartservice,adservice,0,0,0,0,0,0,0
2026-10-04T14:08:49Z,cartservice,cartservice,0,0,0,0,0,0,0
2026-10-04T14:08:49Z,cartservice,checkoutservice,0,0,0,0,0,0,0
2026-10-04T14:08:49Z,cartservice,currencyservice,0,0,0,0,0,0,0
2026-10-04T14:08:49Z,cartservice,emailservice,0,0,0,0,0,0,0
2026-10-04T14:08:49Z,cartservice,frontend,0,0,0,0,0,0,0
2026-10-04T14:08:49Z,cartservice,kubernetes,0,0,0,0,0,0,0
2026-10-04T14:08:49Z,cartservice,paymentservice,0,0,0,0,0,0,0
2026-10-04T14:08:49Z,cartservice,productcatalogservice,0,0,0,0,0,0,0
2026-10-04T14:08:49Z,cartservice,recommendationservice,0,0,0,0,0,0,0
2026-10-04T14:08:49Z,cartservice,redis-cart,2,0,0,0,0,0,0
2026-10-04T14:08:49Z,cartservice,shippingservice,0,0,0,0,0,0,0
2026-10-04T14:08:49Z,checkoutservice,adservice,0,0,0,0,0,0,0
2026-10-04T14:08:49Z,checkoutservice,cartservice,52721,51790,0,100,0,662599,51571
2026-10-04T14:08:49Z,checkoutservice,checkoutservice,0,0,0,0,0,0,0
2026-10-04T14:08:49Z,checkoutservice,currencyservice,37758,37757,0,0,0,549853,37649
2026-10-04T14:08:49Z,checkoutservice,emailservice,8992,8706,0,66,0,327865,8599
2026-10-04T14:08:49Z,checkoutservice,frontend,0,0,0,0,0,0,0
2026-10-04T14:08:49Z,checkoutservice,kubernetes,0,0,0,0,0,0,0
2026-10-04T14:08:49Z,checkoutservice,paymentservice,31023,29174,0,192,0,420739,28918
2026-10-04T14:08:49Z,checkoutservice,productcatalogservice,0,0,0,0,0,0,0
2026-10-04T14:08:49Z,checkoutservice,recommendationservice,0,0,0,0,0,0,0
2026-10-04T14:08:49Z,checkoutservice,redis-cart,0,0,0,0,0,0,0
2026-10-04T14:08:49Z,checkoutservice,shippingservice,58030,55927,0,154,0,494664,55708
2026-10-04T14:08:49Z,currencyservice,adservice,0,0,0,0,0,0,0
2026-10-04T14:08:49Z,currencyservice,cartservice,0,0,0,0,0,0,0
2026-10-04T14:08:49Z,currencyservice,checkoutservice,0,0,0,0,0,0,0
2026-10-04T14:08:49Z,currencyservice,currencyservice,0,0,0,0,0,0,0
2026-10-04T14:08:49Z,currencyservice,emailservice,0,0,0,0,0,0,0
2026-10-04T14:08:49Z,currencyservice,frontend,0,0,0,0,0,0,0
2026-10-04T14:08:49Z,currencyservice,kubernetes,0,0,0,0,0,0,0
2026-10-04T14:08:49Z,currencyservice,paymentservice,0,0,0,0,0,0,0
2026-10-04T14:08:49Z,currencyservice,productcatalogservice,0,0,0,0,0,0,0
2026-10-04T14:08:49Z,currencyservice,recommendationservice,0,0,0,0,0,0,0
2026-10-04T14:08:49Z,currencyservice,redis-cart,0,0,0,0,0,0,0
2026-10-04T14:08:49Z,currencyservice,shippingservice,0,0,0,0,0,0,0
2026-10-04T14:08:49Z,emailservice,adservice,0,0,0,0,0,0,0
2026-10-04T14:08:49Z,emailservice,cartservice,0,0,0,0,0,0,0
2026-10-04T14:08:49Z,emailservice,checkoutservice,0,0,0,0,0,0,0
2026-10-04T14:08:49Z,emailservice,currencyservice,0,0,0,0,0,0,0
2026-10-04T14:08:49Z,emailservice,emailservice,0,0,0,0,0,0,0
2026-10-04T14:08:49Z,emailservice,frontend,0,0,0,0,0,0,0
2026-10-04T14:08:49Z,emailservice,kubernetes,0,0,0,0,0,0,0
2026-10-04T14:08:49Z,emailservice,paymentservice,0,0,0,0,0,0,0
2026-10-04T14:08:49Z,emailservice,productcatalogservice,0,0,0,0,0,0,0
2026-10-04T14:08:49Z,emailservice,recommendationservice,0,0,0,0,0,0,0
2026-10-04T14:08:49Z,emailservice,redis-cart,0,0,0,0,0,0,0
2026-10-04T14:08:49Z,emailservice,shippingservice,0,0,0,0,0,0,0
2026-10-04T14:08:49Z,frontend,adservice,840512,840510,0,0,0,2534401,840429
2026-10-04T14:08:49Z,frontend,cartservice,1865017,1865004,0,0,4,10356052,1864724
2026-10-04T14:08:49Z,frontend,checkoutservice,396755,186787,0,40061,169944,62360257,186751
2026-10-04T14:08:49Z,frontend,currencyservice,2965158,2965149,0,0,0,15682693,2964728
2026-10-04T14:08:49Z,frontend,emailservice,0,0,0,0,0,0,0
2026-10-04T14:08:49Z,frontend,frontend,0,0,0,0,0,0,0
2026-10-04T14:08:49Z,frontend,kubernetes,0,0,0,0,0,0,0
2026-10-04T14:08:49Z,frontend,paymentservice,0,0,0,0,0,0,0
2026-10-04T14:08:49Z,frontend,productcatalogservice,8331414,8331339,0,0,0,56975688,8330457
2026-10-04T14:08:49Z,frontend,recommendationservice,2696524,1647986,0,109594,936387,814816656,1647795
2026-10-04T14:08:49Z,frontend,redis-cart,0,0,0,0,0,0,0
2026-10-04T14:08:49Z,frontend,shippingservice,308204,308202,0,0,0,935502,308176
2026-10-04T14:08:49Z,paymentservice,adservice,0,0,0,0,0,0,0
2026-10-04T14:08:49Z,paymentservice,cartservice,0,0,0,0,0,0,0
2026-10-04T14:08:49Z,paymentservice,checkoutservice,0,0,0,0,0,0,0
2026-10-04T14:08:49Z,paymentservice,currencyservice,0,0,0,0,0,0,0
2026-10-04T14:08:49Z,paymentservice,emailservice,0,0,0,0,0,0,0
2026-10-04T14:08:49Z,paymentservice,frontend,0,0,0,0,0,0,0
2026-10-04T14:08:49Z,paymentservice,kubernetes,0,0,0,0,0,0,0
2026-10-04T14:08:49Z,paymentservice,paymentservice,0,0,0,0,0,0,0
2026-10-04T14:08:49Z,paymentservice,productcatalogservice,0,0,0,0,0,0,0
2026-10-04T14:08:49Z,paymentservice,recommendationservice,0,0,0,0,0,0,0
2026-10-04T14:08:49Z,paymentservice,redis-cart,0,0,0,0,0,0,0
2026-10-04T14:08:49Z,paymentservice,shippingservice,0,0,0,0,0,0,0
2026-10-04T14:08:49Z,productcatalogservice,adservice,0,0,0,0,0,0,0
2026-10-04T14:08:49Z,productcatalogservice,cartservice,0,0,0,0,0,0,0
2026-10-04T14:08:49Z,productcatalogservice,checkoutservice,0,0,0,0,0,0,0
2026-10-04T14:08:49Z,productcatalogservice,currencyservice,0,0,0,0,0,0,0
2026-10-04T14:08:49Z,productcatalogservice,emailservice,0,0,0,0,0,0,0
2026-10-04T14:08:49Z,productcatalogservice,frontend,0,0,0,0,0,0,0
2026-10-04T14:08:49Z,productcatalogservice,kubernetes,0,0,0,0,0,0,0
2026-10-04T14:08:49Z,productcatalogservice,paymentservice,0,0,0,0,0,0,0
2026-10-04T14:08:49Z,productcatalogservice,productcatalogservice,0,0,0,0,0,0,0
2026-10-04T14:08:49Z,productcatalogservice,recommendationservice,0,0,0,0,0,0,0
2026-10-04T14:08:49Z,productcatalogservice,redis-cart,0,0,0,0,0,0,0
2026-10-04T14:08:49Z,productcatalogservice,shippingservice,0,0,0,0,0,0,0
2026-10-04T14:08:49Z,recommendationservice,adservice,0,0,0,0,0,0,0
2026-10-04T14:08:49Z,recommendationservice,cartservice,0,0,0,0,0,0,0
2026-10-04T14:08:49Z,recommendationservice,checkoutservice,0,0,0,0,0,0,0
2026-10-04T14:08:49Z,recommendationservice,currencyservice,0,0,0,0,0,0,0
2026-10-04T14:08:49Z,recommendationservice,emailservice,0,0,0,0,0,0,0
2026-10-04T14:08:49Z,recommendationservice,frontend,0,0,0,0,0,0,0
2026-10-04T14:08:49Z,recommendationservice,kubernetes,0,0,0,0,0,0,0
2026-10-04T14:08:49Z,recommendationservice,paymentservice,0,0,0,0,0,0,0
2026-10-04T14:08:49Z,recommendationservice,productcatalogservice,133158,133154,0,0,0,951233,131500
2026-10-04T14:08:49Z,recommendationservice,recommendationservice,0,0,0,0,0,0,0
2026-10-04T14:08:49Z,recommendationservice,redis-cart,0,0,0,0,0,0,0
2026-10-04T14:08:49Z,recommendationservice,shippingservice,0,0,0,0,0,0,0
2026-10-04T14:08:49Z,redis-cart,adservice,0,0,0,0,0,0,0
2026-10-04T14:08:49Z,redis-cart,cartservice,0,0,0,0,0,0,0
2026-10-04T14:08:49Z,redis-cart,checkoutservice,0,0,0,0,0,0,0
2026-10-04T14:08:49Z,redis-cart,currencyservice,0,0,0,0,0,0,0
2026-10-04T14:08:49Z,redis-cart,emailservice,0,0,0,0,0,0,0
2026-10-04T14:08:49Z,redis-cart,frontend,0,0,0,0,0,0,0
2026-10-04T14:08:49Z,redis-cart,kubernetes,0,0,0,0,0,0,0
2026-10-04T14:08:49Z,redis-cart,paymentservice,0,0,0,0,0,0,0
2026-10-04T14:08:49Z,redis-cart,productcatalogservice,0,0,0,0,0,0,0
2026-10-04T14:08:49Z,redis-cart,recommendationservice,0,0,0,0,0,0,0
2026-10-04T14:08:49Z,redis-cart,redis-cart,0,0,0,0,0,0,0
2026-10-04T14:08:49Z,redis-cart,shippingservice,0,0,0,0,0,0,0
2026-10-04T14:08:49Z,shippingservice,adservice,0,0,0,0,0,0,0
2026-10-04T14:08:49Z,shippingservice,cartservice,0,0,0,0,0,0,0
2026-10-04T14:08:49Z,shippingservice,checkoutservice,0,0,0,0,0,0,0
2026-10-04T14:08:49Z,shippingservice,currencyservice,0,0,0,0,0,0,0
2026-10-04T14:08:49Z,shippingservice,emailservice,0,0,0,0,0,0,0
2026-10-04T14:08:49Z,shippingservice,frontend,0,0,0,0,0,0,0
2026-10-04T14:08:49Z,shippingservice,kubernetes,0,0,0,0,0,0,0
2026-10-04T14:08:49Z,shippingservice,paymentservice,0,0,0,0,0,0,0
2026-10-04T14:08:49Z,shippingservice,productcatalogservice,0,0,0,0,0,0,0
2026-10-04T14:08:49Z,shippingservice,recommendationservice,0,0,0,0,0,0,0
2026-10-04T14:08:49Z,shippingservice,redis-cart,0,0,0,0,0,0,0
2026-10-04T14:08:49Z,shippingservice,shippingservice,0,0,0,0,0,0,0
2026-10-04T14:08:50Z,adservice,adservice,0,0,0,0,0,0,0
2026-10-04T14:08:50Z,adservice,cartservice,0,0,0,0,0,0,0
2026-10-04T14:08:50Z,adservice,checkoutservice,0,0,0,0,0,0,0
2026-10-04T14:08:50Z,adservice,currencyservice,0,0,0,0,0,0,0
2026-10-04T14:08:50Z,adservice,emailservice,0,0,0,0,0,0,0
2026-10-04T14:08:50Z,adservice,frontend,0,0,0,0,0,0,0
2026-10-04T14:08:50Z,adservice,kubernetes,0,0,0,0,0,0,0
2026-10-04T14:08:50Z,adservice,paymentservice,0,0,0,0,0,0,0
2026-10-04T14:08:50Z,adservice,productcatalogservice,0,0,0,0,0,0,0
2026-10-04T14:08:50Z,adservice,recommendationservice,0,0,0,0,0,0,0
2026-10-04T14:08:50Z,adservice,redis-cart,0,0,0,0,0,0,0
2026-10-04T14:08:50Z,adservice,shippingservice,0,0,0,0,0,0,0
2026-10-04T14:08:50Z,cartservice,adservice,0,0,0,0,0,0,0
2026-10-04T14:08:50Z,cartservice,cartservice,0,0,0,0,0,0,0
2026-10-04T14:08:50Z,cartservice,checkoutservice,0,0,0,0,0,0,0
2026-10-04T14:08:50Z,cartservice,currencyservice,0,0,0,0,0,0,0
2026-10-04T14:08:50Z,cartservice,emailservice,0,0,0,0,0,0,0
2026-10-04T14:08:50Z,cartservice,frontend,0,0,0,0,0,0,0
2026-10-04T14:08:50Z,cartservice,kubernetes,0,0,0,0,0,0,0
2026-10-04T14:08:50Z,cartservice,paymentservice,0,0,0,0,0,0,0
2026-10-04T14:08:50Z,cartservice,productcatalogservice,0,0,0,0,0,0,0
2026-10-04T14:08:50Z,cartservice,recommendationservice,0,0,0,0,0,0,0
2026-10-04T14:08:50Z,cartservice,redis-cart,2,0,0,0,0,0,0
2026-10-04T14:08:50Z,cartservice,shippingservice,0,0,0,0,0,0,0
2026-10-04T14:08:50Z,checkoutservice,adservice,0,0,0,0,0,0,0
2026-10-04T14:08:50Z,checkoutservice,cartservice,52825,51894,0,100,0,662599,51571
2026-10-04T14:08:50Z,checkoutservice,checkoutservice,0,0,0,0,0,0,0
2026-10-04T14:08:50Z,checkoutservice,currencyservice,37810,37810,0,0,0,549853,37649
2026-10-04T14:08:50Z,checkoutservice,emailservice,9048,8762,0,66,0,327865,8599
2026-10-04T14:08:50Z,checkoutservice,frontend,0,0,0,0,0,0,0
2026-10-04T14:08:50Z,checkoutservice,kubernetes,0,0,0,0,0,0,0
2026-10-04T14:08:50Z,checkoutservice,paymentservice,31076,29228,0,192,0,420739,28918
2026-10-04T14:08:50Z,checkoutservice,productcatalogservice,0,0,0,0,0,0,0
2026-10-04T14:08:50Z,checkoutservice,recommendationservice,0,0,0,0,0,0,0
2026-10-04T14:08:50Z,checkoutservice,redis-cart,0,0,0,0,0,0,0
2026-10-04T14:08:50Z,checkoutservice,shippingservice,58136,56033,0,154,0,494664,55708
2026-10-04T14:08:50Z,currencyservice,adservice,0,0,0,0,0,0,0
2026-10-04T14:08:50Z,currencyservice,cartservice,0,0,0,0,0,0,0
2026-10-04T14:08:50Z,currencyservice,checkoutservice,0,0,0,0,0,0,0
2026-10-04T14:08:50Z,currencyservice,currencyservice,0,0,0,0,0,0,0
2026-10-04T14:08:50Z,currencyservice,emailservice,0,0,0,0,0,0,0
2026-10-04T14:08:50Z,currencyservice,frontend,0,0,0,0,0,0,0
2026-10-04T14:08:50Z,currencyservice,kubernetes,0,0,0,0,0,0,0
2026-10-04T14:08:50Z,currencyservice,paymentservice,0,0,0,0,0,0,0
2026-10-04T14:08:50Z,currencyservice,productcatalogservice,0,0,0,0,0,0,0
2026-10-04T14:08:50Z,currencyservice,recommendationservice,0,0,0,0,0,0,0
2026-10-04T14:08:50Z,currencyservice,redis-cart,0,0,0,0,0,0,0
2026-10-04T14:08:50Z,currencyservice,shippingservice,0,0,0,0,0,0,0
2026-10-04T14:08:50Z,emailservice,adservice,0,0,0,0,0,0,0
2026-10-04T14:08:50Z,emailservice,cartservice,0,0,0,0,0,0,0
2026-10-04T14:08:50Z,emailservice,checkoutservice,0,0,0,0,0,0,0
2026-10-04T14:08:50Z,emailservice,currencyservice,0,0,0,0,0,0,0
2026-10-04T14:08:50Z,emailservice,emailservice,0,0,0,0,0,0,0
2026-10-04T14:08:50Z,emailservice,frontend,0,0,0,0,0,0,0
2026-10-04T14:08:50Z,emailservice,kubernetes,0,0,0,0,0,0,0
2026-10-04T14:08:50Z,emailservice,paymentservice,0,0,0,0,0,0,0
2026-10-04T14:08:50Z,emailservice,productcatalogservice,0,0,0,0,0,0,0
2026-10-04T14:08:50Z,emailservice,recommendationservice,0,0,0,0,0,0,0
2026-10-04T14:08:50Z,emailservice,redis-cart,0,0,0,0,0,0,0
2026-10-04T14:08:50Z,emailservice,shippingservice,0,0,0,0,0,0,0
2026-10-04T14:08:50Z,frontend,adservice,840627,840625,0,0,0,2534401,840429
2026-10-04T14:08:50Z,frontend,cartservice,1865411,1865391,0,0,4,10356052,1864724
2026-10-04T14:08:50Z,frontend,checkoutservice,396810,186844,0,40061,169944,62360257,186751
2026-10-04T14:08:50Z,frontend,currencyservice,2965767,2965760,0,0,0,15682693,2964728
2026-10-04T14:08:50Z,frontend,emailservice,0,0,0,0,0,0,0
2026-10-04T14:08:50Z,frontend,frontend,0,0,0,0,0,0,0
2026-10-04T14:08:50Z,frontend,kubernetes,0,0,0,0,0,0,0
2026-10-04T14:08:50Z,frontend,paymentservice,0,0,0,0,0,0,0
2026-10-04T14:08:50Z,frontend,productcatalogservice,8332765,8332690,0,0,0,56975688,8330457
2026-10-04T14:08:50Z,frontend,recommendationservice,2697275,1648310,0,109670,936752,814816656,1647795
2026-10-04T14:08:50Z,frontend,redis-cart,0,0,0,0,0,0,0
2026-10-04T14:08:50Z,frontend,shippingservice,308241,308239,0,0,0,935502,308176
2026-10-04T14:08:50Z,paymentservice,adservice,0,0,0,0,0,0,0
2026-10-04T14:08:50Z,paymentservice,cartservice,0,0,0,0,0,0,0
2026-10-04T14:08:50Z,paymentservice,checkoutservice,0,0,0,0,0,0,0
2026-10-04T14:08:50Z,paymentservice,currencyservice,0,0,0,0,0,0,0
2026-10-04T14:08:50Z,paymentservice,emailservice,0,0,0,0,0,0,0
2026-10-04T14:08:50Z,paymentservice,frontend,0,0,0,0,0,0,0
2026-10-04T14:08:50Z,paymentservice,kubernetes,0,0,0,0,0,0,0
2026-10-04T14:08:50Z,paymentservice,paymentservice,0,0,0,0,0,0,0
2026-10-04T14:08:50Z,paymentservice,productcatalogservice,0,0,0,0,0,0,0
2026-10-04T14:08:50Z,paymentservice,recommendationservice,0,0,0,0,0,0,0
2026-10-04T14:08:50Z,paymentservice,redis-cart,0,0,0,0,0,0,0
2026-10-04T14:08:50Z,paymentservice,shippingservice,0,0,0,0,0,0,0
2026-10-04T14:08:50Z,productcatalogservice,adservice,0,0,0,0,0,0,0
2026-10-04T14:08:50Z,productcatalogservice,cartservice,0,0,0,0,0,0,0
2026-10-04T14:08:50Z,productcatalogservice,checkoutservice,0,0,0,0,0,0,0
2026-10-04T14:08:50Z,productcatalogservice,currencyservice,0,0,0,0,0,0,0
2026-10-04T14:08:50Z,productcatalogservice,emailservice,0,0,0,0,0,0,0
2026-10-04T14:08:50Z,productcatalogservice,frontend,0,0,0,0,0,0,0
2026-10-04T14:08:50Z,productcatalogservice,kubernetes,0,0,0,0,0,0,0
2026-10-04T14:08:50Z,productcatalogservice,paymentservice,0,0,0,0,0,0,0
2026-10-04T14:08:50Z,productcatalogservice,productcatalogservice,0,0,0,0,0,0,0
2026-10-04T14:08:50Z,productcatalogservice,recommendationservice,0,0,0,0,0,0,0
2026-10-04T14:08:50Z,productcatalogservice,redis-cart,0,0,0,0,0,0,0
2026-10-04T14:08:50Z,productcatalogservice,shippingservice,0,0,0,0,0,0,0
2026-10-04T14:08:50Z,recommendationservice,adservice,0,0,0,0,0,0,0
2026-10-04T14:08:50Z,recommendationservice,cartservice,0,0,0,0,0,0,0
2026-10-04T14:08:50Z,recommendationservice,checkoutservice,0,0,0,0,0,0,0
2026-10-04T14:08:50Z,recommendationservice,currencyservice,0,0,0,0,0,0,0
2026-10-04T14:08:50Z,recommendationservice,emailservice,0,0,0,0,0,0,0
2026-10-04T14:08:50Z,recommendationservice,frontend,0,0,0,0,0,0,0
2026-10-04T14:08:50Z,recommendationservice,kubernetes,0,0,0,0,0,0,0
2026-10-04T14:08:50Z,recommendationservice,paymentservice,0,0,0,0,0,0,0
2026-10-04T14:08:50Z,recommendationservice,productcatalogservice,133543,133543,0,0,0,962605,133473
2026-10-04T14:08:50Z,recommendationservice,recommendationservice,0,0,0,0,0,0,0
2026-10-04T14:08:50Z,recommendationservice,redis-cart,0,0,0,0,0,0,0
2026-10-04T14:08:50Z,recommendationservice,shippingservice,0,0,0,0,0,0,0
2026-10-04T14:08:50Z,redis-cart,adservice,0,0,0,0,0,0,0
2026-10-04T14:08:50Z,redis-cart,cartservice,0,0,0,0,0,0,0
2026-10-04T14:08:50Z,redis-cart,checkoutservice,0,0,0,0,0,0,0
2026-10-04T14:08:50Z,redis-cart,currencyservice,0,0,0,0,0,0,0
2026-10-04T14:08:50Z,redis-cart,emailservice,0,0,0,0,0,0,0
2026-10-04T14:08:50Z,redis-cart,frontend,0,0,0,0,0,0,0
2026-10-04T14:08:50Z,redis-cart,kubernetes,0,0,0,0,0,0,0
2026-10-04T14:08:50Z,redis-cart,paymentservice,0,0,0,0,0,0,0
2026-10-04T14:08:50Z,redis-cart,productcatalogservice,0,0,0,0,0,0,0
2026-10-04T14:08:50Z,redis-cart,recommendationservice,0,0,0,0,0,0,0
2026-10-04T14:08:50Z,redis-cart,redis-cart,0,0,0,0,0,0,0
2026-10-04T14:08:50Z,redis-cart,shippingservice,0,0,0,0,0,0,0
2026-10-04T14:08:50Z,shippingservice,adservice,0,0,0,0,0,0,0
2026-10-04T14:08:50Z,shippingservice,cartservice,0,0,0,0,0,0,0
2026-10-04T14:08:50Z,shippingservice,checkoutservice,0,0,0,0,0,0,0
2026-10-04T14:08:50Z,shippingservice,currencyservice,0,0,0,0,0,0,0
2026-10-04T14:08:50Z,shippingservice,emailservice,0,0,0,0,0,0,0
2026-10-04T14:08:50Z,shippingservice,frontend,0,0,0,0,0,0,0
2026-10-04T14:08:50Z,shippingservice,kubernetes,0,0,0,0,0,0,0
2026-10-04T14:08:50Z,shippingservice,paymentservice,0,0,0,0,0,0,0
2026-10-04T14:08:50Z,shippingservice,productcatalogservice,0,0,0,0,0,0,0
2026-10-04T14:08:50Z,shippingservice,recommendationservice,0,0,0,0,0,0,0
2026-10-04T14:08:50Z,shippingservice,redis-cart,0,0,0,0,0,0,0
2026-10-04T14:08:50Z,shippingservice,shippingservice,0,0,0,0,0,0,0
2026-10-04T14:08:51Z,adservice,adservice,0,0,0,0,0,0,0
2026-10-04T14:08:51Z,adservice,cartservice,0,0,0,0,0,0,0
2026-10-04T14:08:51Z,adservice,checkoutservice,0,0,0,0,0,0,0
2026-10-04T14:08:51Z,adservice,currencyservice,0,0,0,0,0,0,0
2026-10-04T14:08:51Z,adservice,emailservice,0,0,0,0,0,0,0
2026-10-04T14:08:51Z,adservice,frontend,0,0,0,0,0,0,0
2026-10-04T14:08:51Z,adservice,kubernetes,0,0,0,0,0,0,0
2026-10-04T14:08:51Z,adservice,paymentservice,0,0,0,0,0,0,0
2026-10-04T14:08:51Z,adservice,productcatalogservice,0,0,0,0,0,0,0
2026-10-04T14:08:51Z,adservice,recommendationservice,0,0,0,0,0,0,0
2026-10-04T14:08:51Z,adservice,redis-cart,0,0,0,0,0,0,0
2026-10-04T14:08:51Z,adservice,shippingservice,0,0,0,0,0,0,0
2026-10-04T14:08:51Z,cartservice,adservice,0,0,0,0,0,0,0
2026-10-04T14:08:51Z,cartservice,cartservice,0,0,0,0,0,0,0
2026-10-04T14:08:51Z,cartservice,checkoutservice,0,0,0,0,0,0,0
2026-10-04T14:08:51Z,cartservice,currencyservice,0,0,0,0,0,0,0
2026-10-04T14:08:51Z,cartservice,emailservice,0,0,0,0,0,0,0
2026-10-04T14:08:51Z,cartservice,frontend,0,0,0,0,0,0,0
2026-10-04T14:08:51Z,cartservice,kubernetes,0,0,0,0,0,0,0
2026-10-04T14:08:51Z,cartservice,paymentservice,0,0,0,0,0,0,0
2026-10-04T14:08:51Z,cartservice,productcatalogservice,0,0,0,0,0,0,0
2026-10-04T14:08:51Z,cartservice,recommendationservice,0,0,0,0,0,0,0
2026-10-04T14:08:51Z,cartservice,redis-cart,2,0,0,0,0,0,0
2026-10-04T14:08:51Z,cartservice,shippingservice,0,0,0,0,0,0,0
2026-10-04T14:08:51Z,checkoutservice,adservice,0,0,0,0,0,0,0
2026-10-04T14:08:51Z,checkoutservice,cartservice,52941,52010,0,100,0,662599,51571
2026-10-04T14:08:51Z,checkoutservice,checkoutservice,0,0,0,0,0,0,0
2026-10-04T14:08:51Z,checkoutservice,currencyservice,37868,37868,0,0,0,549853,37649
2026-10-04T14:08:51Z,checkoutservice,emailservice,9106,8820,0,66,0,327865,8599
2026-10-04T14:08:51Z,checkoutservice,frontend,0,0,0,0,0,0,0
2026-10-04T14:08:51Z,checkoutservice,kubernetes,0,0,0,0,0,0,0
2026-10-04T14:08:51Z,checkoutservice,paymentservice,31134,29286,0,192,0,420739,28918
2026-10-04T14:08:51Z,checkoutservice,productcatalogservice,0,0,0,0,0,0,0
2026-10-04T14:08:51Z,checkoutservice,recommendationservice,0,0,0,0,0,0,0
2026-10-04T14:08:51Z,checkoutservice,redis-cart,0,0,0,0,0,0,0
2026-10-04T14:08:51Z,checkoutservice,shippingservice,58252,56149,0,154,0,494664,55708
2026-10-04T14:08:51Z,currencyservice,adservice,0,0,0,0,0,0,0
2026-10-04T14:08:51Z,currencyservice,cartservice,0,0,0,0,0,0,0
2026-10-04T14:08:51Z,currencyservice,checkoutservice,0,0,0,0,0,0,0
2026-10-04T14:08:51Z,currencyservice,currencyservice,0,0,0,0,0,0,0
2026-10-04T14:08:51Z,currencyservice,emailservice,0,0,0,0,0,0,0
2026-10-04T14:08:51Z,currencyservice,frontend,0,0,0,0,0,0,0
2026-10-04T14:08:51Z,currencyservice,kubernetes,0,0,0,0,0,0,0
2026-10-04T14:08:51Z,currencyservice,paymentservice,0,0,0,0,0,0,0
2026-10-04T14:08:51Z,currencyservice,productcatalogservice,0,0,0,0,0,0,0
2026-10-04T14:08:51Z,currencyservice,recommendationservice,0,0,0,0,0,0,0
2026-10-04T14:08:51Z,currencyservice,redis-cart,0,0,0,0,0,0,0
2026-10-04T14:08:51Z,currencyservice,shippingservice,0,0,0,0,0,0,0
2026-10-04T14:08:51Z,emailservice,adservice,0,0,0,0,0,0,0
2026-10-04T14:08:51Z,emailservice,cartservice,0,0,0,0,0,0,0
2026-10-04T14:08:51Z,emailservice,checkoutservice,0,0,0,0,0,0,0
2026-10-04T14:08:51Z,emailservice,currencyservice,0,0,0,0,0,0,0
2026-10-04T14:08:51Z,emailservice,emailservice,0,0,0,0,0,0,0
2026-10-04T14:08:51Z,emailservice,frontend,0,0,0,0,0,0,0
2026-10-04T14:08:51Z,emailservice,kubernetes,0,0,0,0,0,0,0
2026-10-04T14:08:51Z,emailservice,paymentservice,0,0,0,0,0,0,0
2026-10-04T14:08:51Z,emailservice,productcatalogservice,0,0,0,0,0,0,0
2026-10-04T14:08:51Z,emailservice,recommendationservice,0,0,0,0,0,0,0
2026-10-04T14:08:51Z,emailservice,redis-cart,0,0,0,0,0,0,0
2026-10-04T14:08:51Z,emailservice,shippingservice,0,0,0,0,0,0,0
2026-10-04T14:08:51Z,frontend,adservice,840767,840765,0,0,0,2534401,840429
2026-10-04T14:08:51Z,frontend,cartservice,1865776,1865761,0,0,4,10356052,1864724
2026-10-04T14:08:51Z,frontend,checkoutservice,396856,186892,0,40061,169944,62360257,186751
2026-10-04T14:08:51Z,frontend,currencyservice,2966336,2966328,0,0,0,15682693,2964728
2026-10-04T14:08:51Z,frontend,emailservice,0,0,0,0,0,0,0
2026-10-04T14:08:51Z,frontend,frontend,0,0,0,0,0,0,0
2026-10-04T14:08:51Z,frontend,kubernetes,0,0,0,0,0,0,0
2026-10-04T14:08:51Z,frontend,paymentservice,0,0,0,0,0,0,0
2026-10-04T14:08:51Z,frontend,productcatalogservice,8334144,8334078,0,0,0,56975688,8330457
2026-10-04T14:08:51Z,frontend,recommendationservice,2698056,1648618,0,109718,937172,814816656,1647795
2026-10-04T14:08:51Z,frontend,redis-cart,0,0,0,0,0,0,0
2026-10-04T14:08:51Z,frontend,shippingservice,308278,308276,0,0,0,935502,308176
2026-10-04T14:08:51Z,paymentservice,adservice,0,0,0,0,0,0,0
2026-10-04T14:08:51Z,paymentservice,cartservice,0,0,0,0,0,0,0
2026-10-04T14:08:51Z,paymentservice,checkoutservice,0,0,0,0,0,0,0
2026-10-04T14:08:51Z,paymentservice,currencyservice,0,0,0,0,0,0,0
2026-10-04T14:08:51Z,paymentservice,emailservice,0,0,0,0,0,0,0
2026-10-04T14:08:51Z,paymentservice,frontend,0,0,0,0,0,0,0
2026-10-04T14:08:51Z,paymentservice,kubernetes,0,0,0,0,0,0,0
2026-10-04T14:08:51Z,paymentservice,paymentservice,0,0,0,0,0,0,0
2026-10-04T14:08:51Z,paymentservice,productcatalogservice,0,0,0,0,0,0,0
2026-10-04T14:08:51Z,paymentservice,recommendationservice,0,0,0,0,0,0,0
2026-10-04T14:08:51Z,paymentservice,redis-cart,0,0,0,0,0,0,0
2026-10-04T14:08:51Z,paymentservice,shippingservice,0,0,0,0,0,0,0
2026-10-04T14:08:51Z,productcatalogservice,adservice,0,0,0,0,0,0,0
2026-10-04T14:08:51Z,productcatalogservice,cartservice,0,0,0,0,0,0,0
2026-10-04T14:08:51Z,productcatalogservice,checkoutservice,0,0,0,0,0,0,0
2026-10-04T14:08:51Z,productcatalogservice,currencyservice,0,0,0,0,0,0,0
2026-10-04T14:08:51Z,productcatalogservice,emailservice,0,0,0,0,0,0,0
2026-10-04T14:08:51Z,productcatalogservice,frontend,0,0,0,0,0,0,0
2026-10-04T14:08:51Z,productcatalogservice,kubernetes,0,0,0,0,0,0,0
2026-10-04T14:08:51Z,productcatalogservice,paymentservice,0,0,0,0,0,0,0
2026-10-04T14:08:51Z,productcatalogservice,productcatalogservice,0,0,0,0,0,0,0
2026-10-04T14:08:51Z,productcatalogservice,recommendationservice,0,0,0,0,0,0,0
2026-10-04T14:08:51Z,productcatalogservice,redis-cart,0,0,0,0,0,0,0
2026-10-04T14:08:51Z,productcatalogservice,shippingservice,0,0,0,0,0,0,0
2026-10-04T14:08:51Z,recommendationservice,adservice,0,0,0,0,0,0,0
2026-10-04T14:08:51Z,recommendationservice,cartservice,0,0,0,0,0,0,0
2026-10-04T14:08:51Z,recommendationservice,checkoutservice,0,0,0,0,0,0,0
2026-10-04T14:08:51Z,recommendationservice,currencyservice,0,0,0,0,0,0,0
2026-10-04T14:08:51Z,recommendationservice,emailservice,0,0,0,0,0,0,0
2026-10-04T14:08:51Z,recommendationservice,frontend,0,0,0,0,0,0,0
2026-10-04T14:08:51Z,recommendationservice,kubernetes,0,0,0,0,0,0,0
2026-10-04T14:08:51Z,recommendationservice,paymentservice,0,0,0,0,0,0,0
2026-10-04T14:08:51Z,recommendationservice,productcatalogservice,133961,133961,0,0,0,962605,133473
2026-10-04T14:08:51Z,recommendationservice,recommendationservice,0,0,0,0,0,0,0
2026-10-04T14:08:51Z,recommendationservice,redis-cart,0,0,0,0,0,0,0
2026-10-04T14:08:51Z,recommendationservice,shippingservice,0,0,0,0,0,0,0
2026-10-04T14:08:51Z,redis-cart,adservice,0,0,0,0,0,0,0
2026-10-04T14:08:51Z,redis-cart,cartservice,0,0,0,0,0,0,0
2026-10-04T14:08:51Z,redis-cart,checkoutservice,0,0,0,0,0,0,0
2026-10-04T14:08:51Z,redis-cart,currencyservice,0,0,0,0,0,0,0
2026-10-04T14:08:51Z,redis-cart,emailservice,0,0,0,0,0,0,0
2026-10-04T14:08:51Z,redis-cart,frontend,0,0,0,0,0,0,0
2026-10-04T14:08:51Z,redis-cart,kubernetes,0,0,0,0,0,0,0
2026-10-04T14:08:51Z,redis-cart,paymentservice,0,0,0,0,0,0,0
2026-10-04T14:08:51Z,redis-cart,productcatalogservice,0,0,0,0,0,0,0
2026-10-04T14:08:51Z,redis-cart,recommendationservice,0,0,0,0,0,0,0
2026-10-04T14:08:51Z,redis-cart,redis-cart,0,0,0,0,0,0,0
2026-10-04T14:08:51Z,redis-cart,shippingservice,0,0,0,0,0,0,0
2026-10-04T14:08:51Z,shippingservice,adservice,0,0,0,0,0,0,0
2026-10-04T14:08:51Z,shippingservice,cartservice,0,0,0,0,0,0,0
2026-10-04T14:08:51Z,shippingservice,checkoutservice,0,0,0,0,0,0,0
2026-10-04T14:08:51Z,shippingservice,currencyservice,0,0,0,0,0,0,0
2026-10-04T14:08:51Z,shippingservice,emailservice,0,0,0,0,0,0,0
2026-10-04T14:08:51Z,shippingservice,frontend,0,0,0,0,0,0,0
2026-10-04T14:08:51Z,shippingservice,kubernetes,0,0,0,0,0,0,0
2026-10-04T14:08:51Z,shippingservice,paymentservice,0,0,0,0,0,0,0
2026-10-04T14:08:51Z,shippingservice,productcatalogservice,0,0,0,0,0,0,0
2026-10-04T14:08:51Z,shippingservice,recommendationservice,0,0,0,0,0,0,0
2026-10-04T14:08:51Z,shippingservice,redis-cart,0,0,0,0,0,0,0
2026-10-04T14:08:51Z,shippingservice,shippingservice,0,0,0,0,0,0,0
2026-10-04T14:08:52Z,adservice,adservice,0,0,0,0,0,0,0
2026-10-04T14:08:52Z,adservice,cartservice,0,0,0,0,0,0,0
2026-10-04T14:08:52Z,adservice,checkoutservice,0,0,0,0,0,0,0
2026-10-04T14:08:52Z,adservice,currencyservice,0,0,0,0,0,0,0
2026-10-04T14:08:52Z,adservice,emailservice,0,0,0,0,0,0,0
2026-10-04T14:08:52Z,adservice,frontend,0,0,0,0,0,0,0
2026-10-04T14:08:52Z,adservice,kubernetes,0,0,0,0,0,0,0
2026-10-04T14:08:52Z,adservice,paymentservice,0,0,0,0,0,0,0
2026-10-04T14:08:52Z,adservice,productcatalogservice,0,0,0,0,0,0,0
2026-10-04T14:08:52Z,adservice,recommendationservice,0,0,0,0,0,0,0
2026-10-04T14:08:52Z,adservice,redis-cart,0,0,0,0,0,0,0
2026-10-04T14:08:52Z,adservice,shippingservice,0,0,0,0,0,0,0
2026-10-04T14:08:52Z,cartservice,adservice,0,0,0,0,0,0,0
2026-10-04T14:08:52Z,cartservice,cartservice,0,0,0,0,0,0,0
2026-10-04T14:08:52Z,cartservice,checkoutservice,0,0,0,0,0,0,0
2026-10-04T14:08:52Z,cartservice,currencyservice,0,0,0,0,0,0,0
2026-10-04T14:08:52Z,cartservice,emailservice,0,0,0,0,0,0,0
2026-10-04T14:08:52Z,cartservice,frontend,0,0,0,0,0,0,0
2026-10-04T14:08:52Z,cartservice,kubernetes,0,0,0,0,0,0,0
2026-10-04T14:08:52Z,cartservice,paymentservice,0,0,0,0,0,0,0
2026-10-04T14:08:52Z,cartservice,productcatalogservice,0,0,0,0,0,0,0
2026-10-04T14:08:52Z,cartservice,recommendationservice,0,0,0,0,0,0,0
2026-10-04T14:08:52Z,cartservice,redis-cart,2,0,0,0,0,0,0
2026-10-04T14:08:52Z,cartservice,shippingservice,0,0,0,0,0,0,0
2026-10-04T14:08:52Z,checkoutservice,adservice,0,0,0,0,0,0,0
2026-10-04T14:08:52Z,checkoutservice,cartservice,53023,52089,0,100,0,664857,52053
2026-10-04T14:08:52Z,checkoutservice,checkoutservice,0,0,0,0,0,0,0
2026-10-04T14:08:52Z,checkoutservice,currencyservice,37910,37910,0,0,0,550948,37890
2026-10-04T14:08:52Z,checkoutservice,emailservice,9141,8853,0,66,0,334991,8840
2026-10-04T14:08:52Z,checkoutservice,frontend,0,0,0,0,0,0,0
2026-10-04T14:08:52Z,checkoutservice,kubernetes,0,0,0,0,0,0,0
2026-10-04T14:08:52Z,checkoutservice,paymentservice,31176,29328,0,192,0,421574,29160
2026-10-04T14:08:52Z,checkoutservice,productcatalogservice,0,0,0,0,0,0,0
2026-10-04T14:08:52Z,checkoutservice,recommendationservice,0,0,0,0,0,0,0
2026-10-04T14:08:52Z,checkoutservice,redis-cart,0,0,0,0,0,0,0
2026-10-04T14:08:52Z,checkoutservice,shippingservice,58334,56231,0,154,0,495746,56191
2026-10-04T14:08:52Z,currencyservice,adservice,0,0,0,0,0,0,0
2026-10-04T14:08:52Z,currencyservice,cartservice,0,0,0,0,0,0,0
2026-10-04T14:08:52Z,currencyservice,checkoutservice,0,0,0,0,0,0,0
2026-10-04T14:08:52Z,currencyservice,currencyservice,0,0,0,0,0,0,0
2026-10-04T14:08:52Z,currencyservice,emailservice,0,0,0,0,0,0,0
2026-10-04T14:08:52Z,currencyservice,frontend,0,0,0,0,0,0,0
2026-10-04T14:08:52Z,currencyservice,kubernetes,0,0,0,0,0,0,0
2026-10-04T14:08:52Z,currencyservice,paymentservice,0,0,0,0,0,0,0
2026-10-04T14:08:52Z,currencyservice,productcatalogservice,0,0,0,0,0,0,0
2026-10-04T14:08:52Z,currencyservice,recommendationservice,0,0,0,0,0,0,0
2026-10-04T14:08:52Z,currencyservice,redis-cart,0,0,0,0,0,0,0
2026-10-04T14:08:52Z,currencyservice,shippingservice,0,0,0,0,0,0,0
2026-10-04T14:08:52Z,emailservice,adservice,0,0,0,0,0,0,0
2026-10-04T14:08:52Z,emailservice,cartservice,0,0,0,0,0,0,0
2026-10-04T14:08:52Z,emailservice,checkoutservice,0,0,0,0,0,0,0
2026-10-04T14:08:52Z,emailservice,currencyservice,0,0,0,0,0,0,0
2026-10-04T14:08:52Z,emailservice,emailservice,0,0,0,0,0,0,0
2026-10-04T14:08:52Z,emailservice,frontend,0,0,0,0,0,0,0
2026-10-04T14:08:52Z,emailservice,kubernetes,0,0,0,0,0,0,0
2026-10-04T14:08:52Z,emailservice,paymentservice,0,0,0,0,0,0,0
2026-10-04T14:08:52Z,emailservice,productcatalogservice,0,0,0,0,0,0,0
2026-10-04T14:08:52Z,emailservice,recommendationservice,0,0,0,0,0,0,0
2026-10-04T14:08:52Z,emailservice,redis-cart,0,0,0,0,0,0,0
2026-10-04T14:08:52Z,emailservice,shippingservice,0,0,0,0,0,0,0
2026-10-04T14:08:52Z,frontend,adservice,840891,840889,0,0,0,2534401,840429
2026-10-04T14:08:52Z,frontend,cartservice,1866137,1866121,0,0,4,10356052,1864724
2026-10-04T14:08:52Z,frontend,checkoutservice,396907,186930,0,40061,169944,62360257,186751
2026-10-04T14:08:52Z,frontend,currencyservice,2966895,2966884,0,0,0,15682693,2964728
2026-10-04T14:08:52Z,frontend,emailservice,0,0,0,0,0,0,0
2026-10-04T14:08:52Z,frontend,frontend,0,0,0,0,0,0,0
2026-10-04T14:08:52Z,frontend,kubernetes,0,0,0,0,0,0,0
2026-10-04T14:08:52Z,frontend,paymentservice,0,0,0,0,0,0,0
2026-10-04T14:08:52Z,frontend,productcatalogservice,8335552,8335478,0,0,0,56975688,8330457
2026-10-04T14:08:52Z,frontend,recommendationservice,2698789,1648935,0,109763,937548,814816656,1647795
2026-10-04T14:08:52Z,frontend,redis-cart,0,0,0,0,0,0,0
2026-10-04T14:08:52Z,frontend,shippingservice,308322,308320,0,0,0,935502,308176
2026-10-04T14:08:52Z,paymentservice,adservice,0,0,0,0,0,0,0
2026-10-04T14:08:52Z,paymentservice,cartservice,0,0,0,0,0,0,0
2026-10-04T14:08:52Z,paymentservice,checkoutservice,0,0,0,0,0,0,0
2026-10-04T14:08:52Z,paymentservice,currencyservice,0,0,0,0,0,0,0
2026-10-04T14:08:52Z,paymentservice,emailservice,0,0,0,0,0,0,0
2026-10-04T14:08:52Z,paymentservice,frontend,0,0,0,0,0,0,0
2026-10-04T14:08:52Z,paymentservice,kubernetes,0,0,0,0,0,0,0
2026-10-04T14:08:52Z,paymentservice,paymentservice,0,0,0,0,0,0,0
2026-10-04T14:08:52Z,paymentservice,productcatalogservice,0,0,0,0,0,0,0
2026-10-04T14:08:52Z,paymentservice,recommendationservice,0,0,0,0,0,0,0
2026-10-04T14:08:52Z,paymentservice,redis-cart,0,0,0,0,0,0,0
2026-10-04T14:08:52Z,paymentservice,shippingservice,0,0,0,0,0,0,0
2026-10-04T14:08:52Z,productcatalogservice,adservice,0,0,0,0,0,0,0
2026-10-04T14:08:52Z,productcatalogservice,cartservice,0,0,0,0,0,0,0
2026-10-04T14:08:52Z,productcatalogservice,checkoutservice,0,0,0,0,0,0,0
2026-10-04T14:08:52Z,productcatalogservice,currencyservice,0,0,0,0,0,0,0
2026-10-04T14:08:52Z,productcatalogservice,emailservice,0,0,0,0,0,0,0
2026-10-04T14:08:52Z,productcatalogservice,frontend,0,0,0,0,0,0,0
2026-10-04T14:08:52Z,productcatalogservice,kubernetes,0,0,0,0,0,0,0
2026-10-04T14:08:52Z,productcatalogservice,paymentservice,0,0,0,0,0,0,0
2026-10-04T14:08:52Z,productcatalogservice,productcatalogservice,0,0,0,0,0,0,0
2026-10-04T14:08:52Z,productcatalogservice,recommendationservice,0,0,0,0,0,0,0
2026-10-04T14:08:52Z,productcatalogservice,redis-cart,0,0,0,0,0,0,0
2026-10-04T14:08:52Z,productcatalogservice,shippingservice,0,0,0,0,0,0,0
2026-10-04T14:08:52Z,recommendationservice,adservice,0,0,0,0,0,0,0
2026-10-04T14:08:52Z,recommendationservice,cartservice,0,0,0,0,0,0,0
2026-10-04T14:08:52Z,recommendationservice,checkoutservice,0,0,0,0,0,0,0
2026-10-04T14:08:52Z,recommendationservice,currencyservice,0,0,0,0,0,0,0
2026-10-04T14:08:52Z,recommendationservice,emailservice,0,0,0,0,0,0,0
2026-10-04T14:08:52Z,recommendationservice,frontend,0,0,0,0,0,0,0
2026-10-04T14:08:52Z,recommendationservice,kubernetes,0,0,0,0,0,0,0
2026-10-04T14:08:52Z,recommendationservice,paymentservice,0,0,0,0,0,0,0
2026-10-04T14:08:52Z,recommendationservice,productcatalogservice,134331,134331,0,0,0,962605,133473
2026-10-04T14:08:52Z,recommendationservice,recommendationservice,0,0,0,0,0,0,0
2026-10-04T14:08:52Z,recommendationservice,redis-cart,0,0,0,0,0,0,0
2026-10-04T14:08:52Z,recommendationservice,shippingservice,0,0,0,0,0,0,0
2026-10-04T14:08:52Z,redis-cart,adservice,0,0,0,0,0,0,0
2026-10-04T14:08:52Z,redis-cart,cartservice,0,0,0,0,0,0,0
2026-10-04T14:08:52Z,redis-cart,checkoutservice,0,0,0,0,0,0,0
2026-10-04T14:08:52Z,redis-cart,currencyservice,0,0,0,0,0,0,0
2026-10-04T14:08:52Z,redis-cart,emailservice,0,0,0,0,0,0,0
2026-10-04T14:08:52Z,redis-cart,frontend,0,0,0,0,0,0,0
2026-10-04T14:08:52Z,redis-cart,kubernetes,0,0,0,0,0,0,0
2026-10-04T14:08:52Z,redis-cart,paymentservice,0,0,0,0,0,0,0
2026-10-04T14:08:52Z,redis-cart,productcatalogservice,0,0,0,0,0,0,0
2026-10-04T14:08:52Z,redis-cart,recommendationservice,0,0,0,0,0,0,0
2026-10-04T14:08:52Z,redis-cart,redis-cart,0,0,0,0,0,0,0
2026-10-04T14:08:52Z,redis-cart,shippingservice,0,0,0,0,0,0,0
2026-10-04T14:08:52Z,shippingservice,adservice,0,0,0,0,0,0,0
2026-10-04T14:08:52Z,shippingservice,cartservice,0,0,0,0,0,0,0
2026-10-04T14:08:52Z,shippingservice,checkoutservice,0,0,0,0,0,0,0
2026-10-04T14:08:52Z,shippingservice,currencyservice,0,0,0,0,0,0,0
2026-10-04T14:08:52Z,shippingservice,emailservice,0,0,0,0,0,0,0
2026-10-04T14:08:52Z,shippingservice,frontend,0,0,0,0,0,0,0
2026-10-04T14:08:52Z,shippingservice,kubernetes,0,0,0,0,0,0,0
2026-10-04T14:08:52Z,shippingservice,paymentservice,0,0,0,0,0,0,0
2026-10-04T14:08:52Z,shippingservice,productcatalogservice,0,0,0,0,0,0,0
2026-10-04T14:08:52Z,shippingservice,recommendationservice,0,0,0,0,0,0,0
2026-10-04T14:08:52Z,shippingservice,redis-cart,0,0,0,0,0,0,0
2026-10-04T14:08:52Z,shippingservice,shippingservice,0,0,0,0,0,0,0
2026-10-04T14:08:53Z,adservice,adservice,0,0,0,0,0,0,0
2026-10-04T14:08:53Z,adservice,cartservice,0,0,0,0,0,0,0
2026-10-04T14:08:53Z,adservice,checkoutservice,0,0,0,0,0,0,0
2026-10-04T14:08:53Z,adservice,currencyservice,0,0,0,0,0,0,0
2026-10-04T14:08:53Z,adservice,emailservice,0,0,0,0,0,0,0
2026-10-04T14:08:53Z,adservice,frontend,0,0,0,0,0,0,0
2026-10-04T14:08:53Z,adservice,kubernetes,0,0,0,0,0,0,0
2026-10-04T14:08:53Z,adservice,paymentservice,0,0,0,0,0,0,0
2026-10-04T14:08:53Z,adservice,productcatalogservice,0,0,0,0,0,0,0
2026-10-04T14:08:53Z,adservice,recommendationservice,0,0,0,0,0,0,0
2026-10-04T14:08:53Z,adservice,redis-cart,0,0,0,0,0,0,0
2026-10-04T14:08:53Z,adservice,shippingservice,0,0,0,0,0,0,0
2026-10-04T14:08:53Z,cartservice,adservice,0,0,0,0,0,0,0
2026-10-04T14:08:53Z,cartservice,cartservice,0,0,0,0,0,0,0
2026-10-04T14:08:53Z,cartservice,checkoutservice,0,0,0,0,0,0,0
2026-10-04T14:08:53Z,cartservice,currencyservice,0,0,0,0,0,0,0
2026-10-04T14:08:53Z,cartservice,emailservice,0,0,0,0,0,0,0
2026-10-04T14:08:53Z,cartservice,frontend,0,0,0,0,0,0,0
2026-10-04T14:08:53Z,cartservice,kubernetes,0,0,0,0,0,0,0
2026-10-04T14:08:53Z,cartservice,paymentservice,0,0,0,0,0,0,0
2026-10-04T14:08:53Z,cartservice,productcatalogservice,0,0,0,0,0,0,0
2026-10-04T14:08:53Z,cartservice,recommendationservice,0,0,0,0,0,0,0
2026-10-04T14:08:53Z,cartservice,redis-cart,2,0,0,0,0,0,0
2026-10-04T14:08:53Z,cartservice,shippingservice,0,0,0,0,0,0,0
2026-10-04T14:08:53Z,checkoutservice,adservice,0,0,0,0,0,0,0
2026-10-04T14:08:53Z,checkoutservice,cartservice,53116,52183,0,100,0,664857,52053
2026-10-04T14:08:53Z,checkoutservice,checkoutservice,0,0,0,0,0,0,0
2026-10-04T14:08:53Z,checkoutservice,currencyservice,37955,37955,0,0,0,550948,37890
2026-10-04T14:08:53Z,checkoutservice,emailservice,9192,8906,0,66,0,334991,8840
2026-10-04T14:08:53Z,checkoutservice,frontend,0,0,0,0,0,0,0
2026-10-04T14:08:53Z,checkoutservice,kubernetes,0,0,0,0,0,0,0
2026-10-04T14:08:53Z,checkoutservice,paymentservice,31221,29373,0,192,0,421574,29160
2026-10-04T14:08:53Z,checkoutservice,productcatalogservice,0,0,0,0,0,0,0
2026-10-04T14:08:53Z,checkoutservice,recommendationservice,0,0,0,0,0,0,0
2026-10-04T14:08:53Z,checkoutservice,redis-cart,0,0,0,0,0,0,0
2026-10-04T14:08:53Z,checkoutservice,shippingservice,58425,56322,0,154,0,495746,56191
2026-10-04T14:08:53Z,currencyservice,adservice,0,0,0,0,0,0,0
2026-10-04T14:08:53Z,currencyservice,cartservice,0,0,0,0,0,0,0
2026-10-04T14:08:53Z,currencyservice,checkoutservice,0,0,0,0,0,0,0
2026-10-04T14:08:53Z,currencyservice,currencyservice,0,0,0,0,0,0,0
2026-10-04T14:08:53Z,currencyservice,emailservice,0,0,0,0,0,0,0
2026-10-04T14:08:53Z,currencyservice,frontend,0,0,0,0,0,0,0
2026-10-04T14:08:53Z,currencyservice,kubernetes,0,0,0,0,0,0,0
2026-10-04T14:08:53Z,currencyservice,paymentservice,0,0,0,0,0,0,0
2026-10-04T14:08:53Z,currencyservice,productcatalogservice,0,0,0,0,0,0,0
2026-10-04T14:08:53Z,currencyservice,recommendationservice,0,0,0,0,0,0,0
2026-10-04T14:08:53Z,currencyservice,redis-cart,0,0,0,0,0,0,0
2026-10-04T14:08:53Z,currencyservice,shippingservice,0,0,0,0,0,0,0
2026-10-04T14:08:53Z,emailservice,adservice,0,0,0,0,0,0,0
2026-10-04T14:08:53Z,emailservice,cartservice,0,0,0,0,0,0,0
2026-10-04T14:08:53Z,emailservice,checkoutservice,0,0,0,0,0,0,0
2026-10-04T14:08:53Z,emailservice,currencyservice,0,0,0,0,0,0,0
2026-10-04T14:08:53Z,emailservice,emailservice,0,0,0,0,0,0,0
2026-10-04T14:08:53Z,emailservice,frontend,0,0,0,0,0,0,0
2026-10-04T14:08:53Z,emailservice,kubernetes,0,0,0,0,0,0,0
2026-10-04T14:08:53Z,emailservice,paymentservice,0,0,0,0,0,0,0
2026-10-04T14:08:53Z,emailservice,productcatalogservice,0,0,0,0,0,0,0
2026-10-04T14:08:53Z,emailservice,recommendationservice,0,0,0,0,0,0,0
2026-10-04T14:08:53Z,emailservice,redis-cart,0,0,0,0,0,0,0
2026-10-04T14:08:53Z,emailservice,shippingservice,0,0,0,0,0,0,0
2026-10-04T14:08:53Z,frontend,adservice,841006,841003,0,0,0,2534692,840541
2026-10-04T14:08:53Z,frontend,cartservice,1866485,1866472,0,0,4,10358386,1865199
2026-10-04T14:08:53Z,frontend,checkoutservice,396952,186978,0,40061,169944,62366744,186802
2026-10-04T14:08:53Z,frontend,currencyservice,2967442,2967432,0,0,0,15685559,2965405
2026-10-04T14:08:53Z,frontend,emailservice,0,0,0,0,0,0,0
2026-10-04T14:08:53Z,frontend,frontend,0,0,0,0,0,0,0
2026-10-04T14:08:53Z,frontend,kubernetes,0,0,0,0,0,0,0
2026-10-04T14:08:53Z,frontend,paymentservice,0,0,0,0,0,0,0
2026-10-04T14:08:53Z,frontend,productcatalogservice,8336907,8336835,0,0,0,56985653,8331846
2026-10-04T14:08:53Z,frontend,recommendationservice,2699548,1649210,0,109842,937946,815144456,1648172
2026-10-04T14:08:53Z,frontend,redis-cart,0,0,0,0,0,0,0
2026-10-04T14:08:53Z,frontend,shippingservice,308379,308377,0,0,0,935604,308224
2026-10-04T14:08:53Z,paymentservice,adservice,0,0,0,0,0,0,0
2026-10-04T14:08:53Z,paymentservice,cartservice,0,0,0,0,0,0,0
2026-10-04T14:08:53Z,paymentservice,checkoutservice,0,0,0,0,0,0,0
2026-10-04T14:08:53Z,paymentservice,currencyservice,0,0,0,0,0,0,0
2026-10-04T14:08:53Z,paymentservice,emailservice,0,0,0,0,0,0,0
2026-10-04T14:08:53Z,paymentservice,frontend,0,0,0,0,0,0,0
2026-10-04T14:08:53Z,paymentservice,kubernetes,0,0,0,0,0,0,0
2026-10-04T14:08:53Z,paymentservice,paymentservice,0,0,0,0,0,0,0
2026-10-04T14:08:53Z,paymentservice,productcatalogservice,0,0,0,0,0,0,0
2026-10-04T14:08:53Z,paymentservice,recommendationservice,0,0,0,0,0,0,0
2026-10-04T14:08:53Z,paymentservice,redis-cart,0,0,0,0,0,0,0
2026-10-04T14:08:53Z,paymentservice,shippingservice,0,0,0,0,0,0,0
2026-10-04T14:08:53Z,productcatalogservice,adservice,0,0,0,0,0,0,0
2026-10-04T14:08:53Z,productcatalogservice,cartservice,0,0,0,0,0,0,0
2026-10-04T14:08:53Z,productcatalogservice,checkoutservice,0,0,0,0,0,0,0
2026-10-04T14:08:53Z,productcatalogservice,currencyservice,0,0,0,0,0,0,0
2026-10-04T14:08:53Z,productcatalogservice,emailservice,0,0,0,0,0,0,0
2026-10-04T14:08:53Z,productcatalogservice,frontend,0,0,0,0,0,0,0
2026-10-04T14:08:53Z,productcatalogservice,kubernetes,0,0,0,0,0,0,0
2026-10-04T14:08:53Z,productcatalogservice,paymentservice,0,0,0,0,0,0,0
2026-10-04T14:08:53Z,productcatalogservice,productcatalogservice,0,0,0,0,0,0,0
2026-10-04T14:08:53Z,productcatalogservice,recommendationservice,0,0,0,0,0,0,0
2026-10-04T14:08:53Z,productcatalogservice,redis-cart,0,0,0,0,0,0,0
2026-10-04T14:08:53Z,productcatalogservice,shippingservice,0,0,0,0,0,0,0
2026-10-04T14:08:53Z,recommendationservice,adservice,0,0,0,0,0,0,0
2026-10-04T14:08:53Z,recommendationservice,cartservice,0,0,0,0,0,0,0
2026-10-04T14:08:53Z,recommendationservice,checkoutservice,0,0,0,0,0,0,0
2026-10-04T14:08:53Z,recommendationservice,currencyservice,0,0,0,0,0,0,0
2026-10-04T14:08:53Z,recommendationservice,emailservice,0,0,0,0,0,0,0
2026-10-04T14:08:53Z,recommendationservice,frontend,0,0,0,0,0,0,0
2026-10-04T14:08:53Z,recommendationservice,kubernetes,0,0,0,0,0,0,0
2026-10-04T14:08:53Z,recommendationservice,paymentservice,0,0,0,0,0,0,0
2026-10-04T14:08:53Z,recommendationservice,productcatalogservice,134737,134733,0,0,0,962605,133473
2026-10-04T14:08:53Z,recommendationservice,recommendationservice,0,0,0,0,0,0,0
2026-10-04T14:08:53Z,recommendationservice,redis-cart,0,0,0,0,0,0,0
2026-10-04T14:08:53Z,recommendationservice,shippingservice,0,0,0,0,0,0,0
2026-10-04T14:08:53Z,redis-cart,adservice,0,0,0,0,0,0,0
2026-10-04T14:08:53Z,redis-cart,cartservice,0,0,0,0,0,0,0
2026-10-04T14:08:53Z,redis-cart,checkoutservice,0,0,0,0,0,0,0
2026-10-04T14:08:53Z,redis-cart,currencyservice,0,0,0,0,0,0,0
2026-10-04T14:08:53Z,redis-cart,emailservice,0,0,0,0,0,0,0
2026-10-04T14:08:53Z,redis-cart,frontend,0,0,0,0,0,0,0
2026-10-04T14:08:53Z,redis-cart,kubernetes,0,0,0,0,0,0,0
2026-10-04T14:08:53Z,redis-cart,paymentservice,0,0,0,0,0,0,0
2026-10-04T14:08:53Z,redis-cart,productcatalogservice,0,0,0,0,0,0,0
2026-10-04T14:08:53Z,redis-cart,recommendationservice,0,0,0,0,0,0,0
2026-10-04T14:08:53Z,redis-cart,redis-cart,0,0,0,0,0,0,0
2026-10-04T14:08:53Z,redis-cart,shippingservice,0,0,0,0,0,0,0
2026-10-04T14:08:53Z,shippingservice,adservice,0,0,0,0,0,0,0
2026-10-04T14:08:53Z,shippingservice,cartservice,0,0,0,0,0,0,0
2026-10-04T14:08:53Z,shippingservice,checkoutservice,0,0,0,0,0,0,0
2026-10-04T14:08:53Z,shippingservice,currencyservice,0,0,0,0,0,0,0
2026-10-04T14:08:53Z,shippingservice,emailservice,0,0,0,0,0,0,0
2026-10-04T14:08:53Z,shippingservice,frontend,0,0,0,0,0,0,0
2026-10-04T14:08:53Z,shippingservice,kubernetes,0,0,0,0,0,0,0
2026-10-04T14:08:53Z,shippingservice,paymentservice,0,0,0,0,0,0,0
2026-10-04T14:08:53Z,shippingservice,productcatalogservice,0,0,0,0,0,0,0
2026-10-04T14:08:53Z,shippingservice,recommendationservice,0,0,0,0,0,0,0
2026-10-04T14:08:53Z,shippingservice,redis-cart,0,0,0,0,0,0,0
2026-10-04T14:08:53Z,shippingservice,shippingservice,0,0,0,0,0,0,0
2026-10-04T14:08:54Z,adservice,adservice,0,0,0,0,0,0,0
2026-10-04T14:08:54Z,adservice,cartservice,0,0,0,0,0,0,0
2026-10-04T14:08:54Z,adservice,checkoutservice,0,0,0,0,0,0,0
2026-10-04T14:08:54Z,adservice,currencyservice,0,0,0,0,0,0,0
2026-10-04T14:08:54Z,adservice,emailservice,0,0,0,0,0,0,0
2026-10-04T14:08:54Z,adservice,frontend,0,0,0,0,0,0,0
2026-10-04T14:08:54Z,adservice,kubernetes,0,0,0,0,0,0,0
2026-10-04T14:08:54Z,adservice,paymentservice,0,0,0,0,0,0,0
2026-10-04T14:08:54Z,adservice,productcatalogservice,0,0,0,0,0,0,0
2026-10-04T14:08:54Z,adservice,recommendationservice,0,0,0,0,0,0,0
2026-10-04T14:08:54Z,adservice,redis-cart,0,0,0,0,0,0,0
2026-10-04T14:08:54Z,adservice,shippingservice,0,0,0,0,0,0,0
2026-10-04T14:08:54Z,cartservice,adservice,0,0,0,0,0,0,0
2026-10-04T14:08:54Z,cartservice,cartservice,0,0,0,0,0,0,0
2026-10-04T14:08:54Z,cartservice,checkoutservice,0,0,0,0,0,0,0
2026-10-04T14:08:54Z,cartservice,currencyservice,0,0,0,0,0,0,0
2026-10-04T14:08:54Z,cartservice,emailservice,0,0,0,0,0,0,0
2026-10-04T14:08:54Z,cartservice,frontend,0,0,0,0,0,0,0
2026-10-04T14:08:54Z,cartservice,kubernetes,0,0,0,0,0,0,0
2026-10-04T14:08:54Z,cartservice,paymentservice,0,0,0,0,0,0,0
2026-10-04T14:08:54Z,cartservice,productcatalogservice,0,0,0,0,0,0,0
2026-10-04T14:08:54Z,cartservice,recommendationservice,0,0,0,0,0,0,0
2026-10-04T14:08:54Z,cartservice,redis-cart,2,0,0,0,0,0,0
2026-10-04T14:08:54Z,cartservice,shippingservice,0,0,0,0,0,0,0
2026-10-04T14:08:54Z,checkoutservice,adservice,0,0,0,0,0,0,0
2026-10-04T14:08:54Z,checkoutservice,cartservice,53209,52277,0,100,0,664857,52053
2026-10-04T14:08:54Z,checkoutservice,checkoutservice,0,0,0,0,0,0,0
2026-10-04T14:08:54Z,checkoutservice,currencyservice,38002,38002,0,0,0,550948,37890
2026-10-04T14:08:54Z,checkoutservice,emailservice,9239,8953,0,66,0,334991,8840
2026-10-04T14:08:54Z,checkoutservice,frontend,0,0,0,0,0,0,0
2026-10-04T14:08:54Z,checkoutservice,kubernetes,0,0,0,0,0,0,0
2026-10-04T14:08:54Z,checkoutservice,paymentservice,31268,29420,0,192,0,421574,29160
2026-10-04T14:08:54Z,checkoutservice,productcatalogservice,0,0,0,0,0,0,0
2026-10-04T14:08:54Z,checkoutservice,recommendationservice,0,0,0,0,0,0,0
2026-10-04T14:08:54Z,checkoutservice,redis-cart,0,0,0,0,0,0,0
2026-10-04T14:08:54Z,checkoutservice,shippingservice,58519,56416,0,154,0,495746,56191
2026-10-04T14:08:54Z,currencyservice,adservice,0,0,0,0,0,0,0
2026-10-04T14:08:54Z,currencyservice,cartservice,0,0,0,0,0,0,0
2026-10-04T14:08:54Z,currencyservice,checkoutservice,0,0,0,0,0,0,0
2026-10-04T14:08:54Z,currencyservice,currencyservice,0,0,0,0,0,0,0
2026-10-04T14:08:54Z,currencyservice,emailservice,0,0,0,0,0,0,0
2026-10-04T14:08:54Z,currencyservice,frontend,0,0,0,0,0,0,0
2026-10-04T14:08:54Z,currencyservice,kubernetes,0,0,0,0,0,0,0
2026-10-04T14:08:54Z,currencyservice,paymentservice,0,0,0,0,0,0,0
2026-10-04T14:08:54Z,currencyservice,productcatalogservice,0,0,0,0,0,0,0
2026-10-04T14:08:54Z,currencyservice,recommendationservice,0,0,0,0,0,0,0
2026-10-04T14:08:54Z,currencyservice,redis-cart,0,0,0,0,0,0,0
2026-10-04T14:08:54Z,currencyservice,shippingservice,0,0,0,0,0,0,0
2026-10-04T14:08:54Z,emailservice,adservice,0,0,0,0,0,0,0
2026-10-04T14:08:54Z,emailservice,cartservice,0,0,0,0,0,0,0
2026-10-04T14:08:54Z,emailservice,checkoutservice,0,0,0,0,0,0,0
2026-10-04T14:08:54Z,emailservice,currencyservice,0,0,0,0,0,0,0
2026-10-04T14:08:54Z,emailservice,emailservice,0,0,0,0,0,0,0
2026-10-04T14:08:54Z,emailservice,frontend,0,0,0,0,0,0,0
2026-10-04T14:08:54Z,emailservice,kubernetes,0,0,0,0,0,0,0
2026-10-04T14:08:54Z,emailservice,paymentservice,0,0,0,0,0,0,0
2026-10-04T14:08:54Z,emailservice,productcatalogservice,0,0,0,0,0,0,0
2026-10-04T14:08:54Z,emailservice,recommendationservice,0,0,0,0,0,0,0
2026-10-04T14:08:54Z,emailservice,redis-cart,0,0,0,0,0,0,0
2026-10-04T14:08:54Z,emailservice,shippingservice,0,0,0,0,0,0,0
2026-10-04T14:08:54Z,frontend,adservice,841101,841097,0,0,0,2536090,841024
2026-10-04T14:08:54Z,frontend,cartservice,1866863,1866847,0,0,4,10364518,1866569
2026-10-04T14:08:54Z,frontend,checkoutservice,396998,187034,0,40061,169944,62391338,186999
2026-10-04T14:08:54Z,frontend,currencyservice,2968025,2968014,0,0,0,15693898,2967591
2026-10-04T14:08:54Z,frontend,emailservice,0,0,0,0,0,0,0
2026-10-04T14:08:54Z,frontend,frontend,0,0,0,0,0,0,0
2026-10-04T14:08:54Z,frontend,kubernetes,0,0,0,0,0,0,0
2026-10-04T14:08:54Z,frontend,paymentservice,0,0,0,0,0,0,0
2026-10-04T14:08:54Z,frontend,productcatalogservice,8338161,8338097,0,0,0,57016404,8337115
2026-10-04T14:08:54Z,frontend,recommendationservice,2700348,1649501,0,109912,938390,816044001,1649249
2026-10-04T14:08:54Z,frontend,redis-cart,0,0,0,0,0,0,0
2026-10-04T14:08:54Z,frontend,shippingservice,308436,308432,0,0,0,936014,308387
2026-10-04T14:08:54Z,paymentservice,adservice,0,0,0,0,0,0,0
2026-10-04T14:08:54Z,paymentservice,cartservice,0,0,0,0,0,0,0
2026-10-04T14:08:54Z,paymentservice,checkoutservice,0,0,0,0,0,0,0
2026-10-04T14:08:54Z,paymentservice,currencyservice,0,0,0,0,0,0,0
2026-10-04T14:08:54Z,paymentservice,emailservice,0,0,0,0,0,0,0
2026-10-04T14:08:54Z,paymentservice,frontend,0,0,0,0,0,0,0
2026-10-04T14:08:54Z,paymentservice,kubernetes,0,0,0,0,0,0,0
2026-10-04T14:08:54Z,paymentservice,paymentservice,0,0,0,0,0,0,0
2026-10-04T14:08:54Z,paymentservice,productcatalogservice,0,0,0,0,0,0,0
2026-10-04T14:08:54Z,paymentservice,recommendationservice,0,0,0,0,0,0,0
2026-10-04T14:08:54Z,paymentservice,redis-cart,0,0,0,0,0,0,0
2026-10-04T14:08:54Z,paymentservice,shippingservice,0,0,0,0,0,0,0
2026-10-04T14:08:54Z,productcatalogservice,adservice,0,0,0,0,0,0,0
2026-10-04T14:08:54Z,productcatalogservice,cartservice,0,0,0,0,0,0,0
2026-10-04T14:08:54Z,productcatalogservice,checkoutservice,0,0,0,0,0,0,0
2026-10-04T14:08:54Z,productcatalogservice,currencyservice,0,0,0,0,0,0,0
2026-10-04T14:08:54Z,productcatalogservice,emailservice,0,0,0,0,0,0,0
2026-10-04T14:08:54Z,productcatalogservice,frontend,0,0,0,0,0,0,0
2026-10-04T14:08:54Z,productcatalogservice,kubernetes,0,0,0,0,0,0,0
2026-10-04T14:08:54Z,productcatalogservice,paymentservice,0,0,0,0,0,0,0
2026-10-04T14:08:54Z,productcatalogservice,productcatalogservice,0,0,0,0,0,0,0
2026-10-04T14:08:54Z,productcatalogservice,recommendationservice,0,0,0,0,0,0,0
2026-10-04T14:08:54Z,productcatalogservice,redis-cart,0,0,0,0,0,0,0
2026-10-04T14:08:54Z,productcatalogservice,shippingservice,0,0,0,0,0,0,0
2026-10-04T14:08:54Z,recommendationservice,adservice,0,0,0,0,0,0,0
2026-10-04T14:08:54Z,recommendationservice,cartservice,0,0,0,0,0,0,0
2026-10-04T14:08:54Z,recommendationservice,checkoutservice,0,0,0,0,0,0,0
2026-10-04T14:08:54Z,recommendationservice,currencyservice,0,0,0,0,0,0,0
2026-10-04T14:08:54Z,recommendationservice,emailservice,0,0,0,0,0,0,0
2026-10-04T14:08:54Z,recommendationservice,frontend,0,0,0,0,0,0,0
2026-10-04T14:08:54Z,recommendationservice,kubernetes,0,0,0,0,0,0,0
2026-10-04T14:08:54Z,recommendationservice,paymentservice,0,0,0,0,0,0,0
2026-10-04T14:08:54Z,recommendationservice,productcatalogservice,135150,135149,0,0,0,962605,133473
2026-10-04T14:08:54Z,recommendationservice,recommendationservice,0,0,0,0,0,0,0
2026-10-04T14:08:54Z,recommendationservice,redis-cart,0,0,0,0,0,0,0
2026-10-04T14:08:54Z,recommendationservice,shippingservice,0,0,0,0,0,0,0
2026-10-04T14:08:54Z,redis-cart,adservice,0,0,0,0,0,0,0
2026-10-04T14:08:54Z,redis-cart,cartservice,0,0,0,0,0,0,0
2026-10-04T14:08:54Z,redis-cart,checkoutservice,0,0,0,0,0,0,0
2026-10-04T14:08:54Z,redis-cart,currencyservice,0,0,0,0,0,0,0
2026-10-04T14:08:54Z,redis-cart,emailservice,0,0,0,0,0,0,0
2026-10-04T14:08:54Z,redis-cart,frontend,0,0,0,0,0,0,0
2026-10-04T14:08:54Z,redis-cart,kubernetes,0,0,0,0,0,0,0
2026-10-04T14:08:54Z,redis-cart,paymentservice,0,0,0,0,0,0,0
2026-10-04T14:08:54Z,redis-cart,productcatalogservice,0,0,0,0,0,0,0
2026-10-04T14:08:54Z,redis-cart,recommendationservice,0,0,0,0,0,0,0
2026-10-04T14:08:54Z,redis-cart,redis-cart,0,0,0,0,0,0,0
2026-10-04T14:08:54Z,redis-cart,shippingservice,0,0,0,0,0,0,0
2026-10-04T14:08:54Z,shippingservice,adservice,0,0,0,0,0,0,0
2026-10-04T14:08:54Z,shippingservice,cartservice,0,0,0,0,0,0,0
2026-10-04T14:08:54Z,shippingservice,checkoutservice,0,0,0,0,0,0,0
2026-10-04T14:08:54Z,shippingservice,currencyservice,0,0,0,0,0,0,0
2026-10-04T14:08:54Z,shippingservice,emailservice,0,0,0,0,0,0,0
2026-10-04T14:08:54Z,shippingservice,frontend,0,0,0,0,0,0,0
2026-10-04T14:08:54Z,shippingservice,kubernetes,0,0,0,0,0,0,0
2026-10-04T14:08:54Z,shippingservice,paymentservice,0,0,0,0,0,0,0
2026-10-04T14:08:54Z,shippingservice,productcatalogservice,0,0,0,0,0,0,0
2026-10-04T14:08:54Z,shippingservice,recommendationservice,0,0,0,0,0,0,0
2026-10-04T14:08:54Z,shippingservice,redis-cart,0,0,0,0,0,0,0
2026-10-04T14:08:54Z,shippingservice,shippingservice,0,0,0,0,0,0,0
2026-10-04T14:08:55Z,adservice,adservice,0,0,0,0,0,0,0
2026-10-04T14:08:55Z,adservice,cartservice,0,0,0,0,0,0,0
2026-10-04T14:08:55Z,adservice,checkoutservice,0,0,0,0,0,0,0
2026-10-04T14:08:55Z,adservice,currencyservice,0,0,0,0,0,0,0
2026-10-04T14:08:55Z,adservice,emailservice,0,0,0,0,0,0,0
2026-10-04T14:08:55Z,adservice,frontend,0,0,0,0,0,0,0
2026-10-04T14:08:55Z,adservice,kubernetes,0,0,0,0,0,0,0
2026-10-04T14:08:55Z,adservice,paymentservice,0,0,0,0,0,0,0
2026-10-04T14:08:55Z,adservice,productcatalogservice,0,0,0,0,0,0,0
2026-10-04T14:08:55Z,adservice,recommendationservice,0,0,0,0,0,0,0
2026-10-04T14:08:55Z,adservice,redis-cart,0,0,0,0,0,0,0
2026-10-04T14:08:55Z,adservice,shippingservice,0,0,0,0,0,0,0
2026-10-04T14:08:55Z,cartservice,adservice,0,0,0,0,0,0,0
2026-10-04T14:08:55Z,cartservice,cartservice,0,0,0,0,0,0,0
2026-10-04T14:08:55Z,cartservice,checkoutservice,0,0,0,0,0,0,0
2026-10-04T14:08:55Z,cartservice,currencyservice,0,0,0,0,0,0,0
2026-10-04T14:08:55Z,cartservice,emailservice,0,0,0,0,0,0,0
2026-10-04T14:08:55Z,cartservice,frontend,0,0,0,0,0,0,0
2026-10-04T14:08:55Z,cartservice,kubernetes,0,0,0,0,0,0,0
2026-10-04T14:08:55Z,cartservice,paymentservice,0,0,0,0,0,0,0
2026-10-04T14:08:55Z,cartservice,productcatalogservice,0,0,0,0,0,0,0
2026-10-04T14:08:55Z,cartservice,recommendationservice,0,0,0,0,0,0,0
2026-10-04T14:08:55Z,cartservice,redis-cart,2,0,0,0,0,0,0
2026-10-04T14:08:55Z,cartservice,shippingservice,0,0,0,0,0,0,0
2026-10-04T14:08:55Z,checkoutservice,adservice,0,0,0,0,0,0,0
2026-10-04T14:08:55Z,checkoutservice,cartservice,53307,52376,0,100,0,664857,52053
2026-10-04T14:08:55Z,checkoutservice,checkoutservice,0,0,0,0,0,0,0
2026-10-04T14:08:55Z,checkoutservice,currencyservice,38051,38051,0,0,0,550948,37890
2026-10-04T14:08:55Z,checkoutservice,emailservice,9289,9003,0,66,0,334991,8840
2026-10-04T14:08:55Z,checkoutservice,frontend,0,0,0,0,0,0,0
2026-10-04T14:08:55Z,checkoutservice,kubernetes,0,0,0,0,0,0,0
2026-10-04T14:08:55Z,checkoutservice,paymentservice,31317,29469,0,192,0,421574,29160
2026-10-04T14:08:55Z,checkoutservice,productcatalogservice,0,0,0,0,0,0,0
2026-10-04T14:08:55Z,checkoutservice,recommendationservice,0,0,0,0,0,0,0
2026-10-04T14:08:55Z,checkoutservice,redis-cart,0,0,0,0,0,0,0
2026-10-04T14:08:55Z,checkoutservice,shippingservice,58618,56515,0,154,0,495746,56191
2026-10-04T14:08:55Z,currencyservice,adservice,0,0,0,0,0,0,0
2026-10-04T14:08:55Z,currencyservice,cartservice,0,0,0,0,0,0,0
2026-10-04T14:08:55Z,currencyservice,checkoutservice,0,0,0,0,0,0,0
2026-10-04T14:08:55Z,currencyservice,currencyservice,0,0,0,0,0,0,0
2026-10-04T14:08:55Z,currencyservice,emailservice,0,0,0,0,0,0,0
2026-10-04T14:08:55Z,currencyservice,frontend,0,0,0,0,0,0,0
2026-10-04T14:08:55Z,currencyservice,kubernetes,0,0,0,0,0,0,0
2026-10-04T14:08:55Z,currencyservice,paymentservice,0,0,0,0,0,0,0
2026-10-04T14:08:55Z,currencyservice,productcatalogservice,0,0,0,0,0,0,0
2026-10-04T14:08:55Z,currencyservice,recommendationservice,0,0,0,0,0,0,0
2026-10-04T14:08:55Z,currencyservice,redis-cart,0,0,0,0,0,0,0
2026-10-04T14:08:55Z,currencyservice,shippingservice,0,0,0,0,0,0,0
2026-10-04T14:08:55Z,emailservice,adservice,0,0,0,0,0,0,0
2026-10-04T14:08:55Z,emailservice,cartservice,0,0,0,0,0,0,0
2026-10-04T14:08:55Z,emailservice,checkoutservice,0,0,0,0,0,0,0
2026-10-04T14:08:55Z,emailservice,currencyservice,0,0,0,0,0,0,0
2026-10-04T14:08:55Z,emailservice,emailservice,0,0,0,0,0,0,0
2026-10-04T14:08:55Z,emailservice,frontend,0,0,0,0,0,0,0
2026-10-04T14:08:55Z,emailservice,kubernetes,0,0,0,0,0,0,0
2026-10-04T14:08:55Z,emailservice,paymentservice,0,0,0,0,0,0,0
2026-10-04T14:08:55Z,emailservice,productcatalogservice,0,0,0,0,0,0,0
2026-10-04T14:08:55Z,emailservice,recommendationservice,0,0,0,0,0,0,0
2026-10-04T14:08:55Z,emailservice,redis-cart,0,0,0,0,0,0,0
2026-10-04T14:08:55Z,emailservice,shippingservice,0,0,0,0,0,0,0
2026-10-04T14:08:55Z,frontend,adservice,841210,841208,0,0,0,2536090,841024
2026-10-04T14:08:55Z,frontend,cartservice,1867280,1867267,0,0,4,10364518,1866569
2026-10-04T14:08:55Z,frontend,checkoutservice,397041,187075,0,40061,169944,62391338,186999
2026-10-04T14:08:55Z,frontend,currencyservice,2968672,2968664,0,0,0,15693898,2967591
2026-10-04T14:08:55Z,frontend,emailservice,0,0,0,0,0,0,0
2026-10-04T14:08:55Z,frontend,frontend,0,0,0,0,0,0,0
2026-10-04T14:08:55Z,frontend,kubernetes,0,0,0,0,0,0,0
2026-10-04T14:08:55Z,frontend,paymentservice,0,0,0,0,0,0,0
2026-10-04T14:08:55Z,frontend,productcatalogservice,8339479,8339410,0,0,0,57016404,8337115
2026-10-04T14:08:55Z,frontend,recommendationservice,2701131,1649854,0,109971,938760,816044001,1649249
2026-10-04T14:08:55Z,frontend,redis-cart,0,0,0,0,0,0,0
2026-10-04T14:08:55Z,frontend,shippingservice,308481,308479,0,0,0,936014,308387
2026-10-04T14:08:55Z,paymentservice,adservice,0,0,0,0,0,0,0
2026-10-04T14:08:55Z,paymentservice,cartservice,0,0,0,0,0,0,0
2026-10-04T14:08:55Z,paymentservice,checkoutservice,0,0,0,0,0,0,0
2026-10-04T14:08:55Z,paymentservice,currencyservice,0,0,0,0,0,0,0
2026-10-04T14:08:55Z,paymentservice,emailservice,0,0,0,0,0,0,0
2026-10-04T14:08:55Z,paymentservice,frontend,0,0,0,0,0,0,0
2026-10-04T14:08:55Z,paymentservice,kubernetes,0,0,0,0,0,0,0
2026-10-04T14:08:55Z,paymentservice,paymentservice,0,0,0,0,0,0,0
2026-10-04T14:08:55Z,paymentservice,productcatalogservice,0,0,0,0,0,0,0
2026-10-04T14:08:55Z,paymentservice,recommendationservice,0,0,0,0,0,0,0
2026-10-04T14:08:55Z,paymentservice,redis-cart,0,0,0,0,0,0,0
2026-10-04T14:08:55Z,paymentservice,shippingservice,0,0,0,0,0,0,0
2026-10-04T14:08:55Z,productcatalogservice,adservice,0,0,0,0,0,0,0
2026-10-04T14:08:55Z,productcatalogservice,cartservice,0,0,0,0,0,0,0
2026-10-04T14:08:55Z,productcatalogservice,checkoutservice,0,0,0,0,0,0,0
2026-10-04T14:08:55Z,productcatalogservice,currencyservice,0,0,0,0,0,0,0
2026-10-04T14:08:55Z,productcatalogservice,emailservice,0,0,0,0,0,0,0
2026-10-04T14:08:55Z,productcatalogservice,frontend,0,0,0,0,0,0,0
2026-10-04T14:08:55Z,productcatalogservice,kubernetes,0,0,0,0,0,0,0
2026-10-04T14:08:55Z,productcatalogservice,paymentservice,0,0,0,0,0,0,0
2026-10-04T14:08:55Z,productcatalogservice,productcatalogservice,0,0,0,0,0,0,0
2026-10-04T14:08:55Z,productcatalogservice,recommendationservice,0,0,0,0,0,0,0
2026-10-04T14:08:55Z,productcatalogservice,redis-cart,0,0,0,0,0,0,0
2026-10-04T14:08:55Z,productcatalogservice,shippingservice,0,0,0,0,0,0,0
2026-10-04T14:08:55Z,recommendationservice,adservice,0,0,0,0,0,0,0
2026-10-04T14:08:55Z,recommendationservice,cartservice,0,0,0,0,0,0,0
2026-10-04T14:08:55Z,recommendationservice,checkoutservice,0,0,0,0,0,0,0
2026-10-04T14:08:55Z,recommendationservice,currencyservice,0,0,0,0,0,0,0
2026-10-04T14:08:55Z,recommendationservice,emailservice,0,0,0,0,0,0,0
2026-10-04T14:08:55Z,recommendationservice,frontend,0,0,0,0,0,0,0
2026-10-04T14:08:55Z,recommendationservice,kubernetes,0,0,0,0,0,0,0
2026-10-04T14:08:55Z,recommendationservice,paymentservice,0,0,0,0,0,0,0
2026-10-04T14:08:55Z,recommendationservice,productcatalogservice,135577,135573,0,0,0,973366,135487
2026-10-04T14:08:55Z,recommendationservice,recommendationservice,0,0,0,0,0,0,0
2026-10-04T14:08:55Z,recommendationservice,redis-cart,0,0,0,0,0,0,0
2026-10-04T14:08:55Z,recommendationservice,shippingservice,0,0,0,0,0,0,0
2026-10-04T14:08:55Z,redis-cart,adservice,0,0,0,0,0,0,0
2026-10-04T14:08:55Z,redis-cart,cartservice,0,0,0,0,0,0,0
2026-10-04T14:08:55Z,redis-cart,checkoutservice,0,0,0,0,0,0,0
2026-10-04T14:08:55Z,redis-cart,currencyservice,0,0,0,0,0,0,0
2026-10-04T14:08:55Z,redis-cart,emailservice,0,0,0,0,0,0,0
2026-10-04T14:08:55Z,redis-cart,frontend,0,0,0,0,0,0,0
2026-10-04T14:08:55Z,redis-cart,kubernetes,0,0,0,0,0,0,0
2026-10-04T14:08:55Z,redis-cart,paymentservice,0,0,0,0,0,0,0
2026-10-04T14:08:55Z,redis-cart,productcatalogservice,0,0,0,0,0,0,0
2026-10-04T14:08:55Z,redis-cart,recommendationservice,0,0,0,0,0,0,0
2026-10-04T14:08:55Z,redis-cart,redis-cart,0,0,0,0,0,0,0
2026-10-04T14:08:55Z,redis-cart,shippingservice,0,0,0,0,0,0,0
2026-10-04T14:08:55Z,shippingservice,adservice,0,0,0,0,0,0,0
2026-10-04T14:08:55Z,shippingservice,cartservice,0,0,0,0,0,0,0
2026-10-04T14:08:55Z,shippingservice,checkoutservice,0,0,0,0,0,0,0
2026-10-04T14:08:55Z,shippingservice,currencyservice,0,0,0,0,0,0,0
2026-10-04T14:08:55Z,shippingservice,emailservice,0,0,0,0,0,0,0
2026-10-04T14:08:55Z,shippingservice,frontend,0,0,0,0,0,0,0
2026-10-04T14:08:55Z,shippingservice,kubernetes,0,0,0,0,0,0,0
2026-10-04T14:08:55Z,shippingservice,paymentservice,0,0,0,0,0,0,0
2026-10-04T14:08:55Z,shippingservice,productcatalogservice,0,0,0,0,0,0,0
2026-10-04T14:08:55Z,shippingservice,recommendationservice,0,0,0,0,0,0,0
2026-10-04T14:08:55Z,shippingservice,redis-cart,0,0,0,0,0,0,0
2026-10-04T14:08:55Z,shippingservice,shippingservice,0,0,0,0,0,0,0
2026-10-04T14:08:56Z,adservice,adservice,0,0,0,0,0,0,0
2026-10-04T14:08:56Z,adservice,cartservice,0,0,0,0,0,0,0
2026-10-04T14:08:56Z,adservice,checkoutservice,0,0,0,0,0,0,0
2026-10-04T14:08:56Z,adservice,currencyservice,0,0,0,0,0,0,0
2026-10-04T14:08:56Z,adservice,emailservice,0,0,0,0,0,0,0
2026-10-04T14:08:56Z,adservice,frontend,0,0,0,0,0,0,0
2026-10-04T14:08:56Z,adservice,kubernetes,0,0,0,0,0,0,0
2026-10-04T14:08:56Z,adservice,paymentservice,0,0,0,0,0,0,0
2026-10-04T14:08:56Z,adservice,productcatalogservice,0,0,0,0,0,0,0
2026-10-04T14:08:56Z,adservice,recommendationservice,0,0,0,0,0,0,0
2026-10-04T14:08:56Z,adservice,redis-cart,0,0,0,0,0,0,0
2026-10-04T14:08:56Z,adservice,shippingservice,0,0,0,0,0,0,0
2026-10-04T14:08:56Z,cartservice,adservice,0,0,0,0,0,0,0
2026-10-04T14:08:56Z,cartservice,cartservice,0,0,0,0,0,0,0
2026-10-04T14:08:56Z,cartservice,checkoutservice,0,0,0,0,0,0,0
2026-10-04T14:08:56Z,cartservice,currencyservice,0,0,0,0,0,0,0
2026-10-04T14:08:56Z,cartservice,emailservice,0,0,0,0,0,0,0
2026-10-04T14:08:56Z,cartservice,frontend,0,0,0,0,0,0,0
2026-10-04T14:08:56Z,cartservice,kubernetes,0,0,0,0,0,0,0
2026-10-04T14:08:56Z,cartservice,paymentservice,0,0,0,0,0,0,0
2026-10-04T14:08:56Z,cartservice,productcatalogservice,0,0,0,0,0,0,0
2026-10-04T14:08:56Z,cartservice,recommendationservice,0,0,0,0,0,0,0
2026-10-04T14:08:56Z,cartservice,redis-cart,2,0,0,0,0,0,0
2026-10-04T14:08:56Z,cartservice,shippingservice,0,0,0,0,0,0,0
2026-10-04T14:08:56Z,checkoutservice,adservice,0,0,0,0,0,0,0
2026-10-04T14:08:56Z,checkoutservice,cartservice,53407,52476,0,100,0,664857,52053
2026-10-04T14:08:56Z,checkoutservice,checkoutservice,0,0,0,0,0,0,0
2026-10-04T14:08:56Z,checkoutservice,currencyservice,38101,38101,0,0,0,550948,37890
2026-10-04T14:08:56Z,checkoutservice,emailservice,9339,9049,0,66,0,334991,8840
2026-10-04T14:08:56Z,checkoutservice,frontend,0,0,0,0,0,0,0
2026-10-04T14:08:56Z,checkoutservice,kubernetes,0,0,0,0,0,0,0
2026-10-04T14:08:56Z,checkoutservice,paymentservice,31367,29519,0,192,0,421574,29160
2026-10-04T14:08:56Z,checkoutservice,productcatalogservice,0,0,0,0,0,0,0
2026-10-04T14:08:56Z,checkoutservice,recommendationservice,0,0,0,0,0,0,0
2026-10-04T14:08:56Z,checkoutservice,redis-cart,0,0,0,0,0,0,0
2026-10-04T14:08:56Z,checkoutservice,shippingservice,58718,56615,0,154,0,495746,56191
2026-10-04T14:08:56Z,currencyservice,adservice,0,0,0,0,0,0,0
2026-10-04T14:08:56Z,currencyservice,cartservice,0,0,0,0,0,0,0
2026-10-04T14:08:56Z,currencyservice,checkoutservice,0,0,0,0,0,0,0
2026-10-04T14:08:56Z,currencyservice,currencyservice,0,0,0,0,0,0,0
2026-10-04T14:08:56Z,currencyservice,emailservice,0,0,0,0,0,0,0
2026-10-04T14:08:56Z,currencyservice,frontend,0,0,0,0,0,0,0
2026-10-04T14:08:56Z,currencyservice,kubernetes,0,0,0,0,0,0,0
2026-10-04T14:08:56Z,currencyservice,paymentservice,0,0,0,0,0,0,0
2026-10-04T14:08:56Z,currencyservice,productcatalogservice,0,0,0,0,0,0,0
2026-10-04T14:08:56Z,currencyservice,recommendationservice,0,0,0,0,0,0,0
2026-10-04T14:08:56Z,currencyservice,redis-cart,0,0,0,0,0,0,0
2026-10-04T14:08:56Z,currencyservice,shippingservice,0,0,0,0,0,0,0
2026-10-04T14:08:56Z,emailservice,adservice,0,0,0,0,0,0,0
2026-10-04T14:08:56Z,emailservice,cartservice,0,0,0,0,0,0,0
2026-10-04T14:08:56Z,emailservice,checkoutservice,0,0,0,0,0,0,0
2026-10-04T14:08:56Z,emailservice,currencyservice,0,0,0,0,0,0,0
2026-10-04T14:08:56Z,emailservice,emailservice,0,0,0,0,0,0,0
2026-10-04T14:08:56Z,emailservice,frontend,0,0,0,0,0,0,0
2026-10-04T14:08:56Z,emailservice,kubernetes,0,0,0,0,0,0,0
2026-10-04T14:08:56Z,emailservice,paymentservice,0,0,0,0,0,0,0
2026-10-04T14:08:56Z,emailservice,productcatalogservice,0,0,0,0,0,0,0
2026-10-04T14:08:56Z,emailservice,recommendationservice,0,0,0,0,0,0,0
2026-10-04T14:08:56Z,emailservice,redis-cart,0,0,0,0,0,0,0
2026-10-04T14:08:56Z,emailservice,shippingservice,0,0,0,0,0,0,0
2026-10-04T14:08:56Z,frontend,adservice,841322,841320,0,0,0,2536090,841024
2026-10-04T14:08:56Z,frontend,cartservice,1867670,1867655,0,0,4,10364518,1866569
2026-10-04T14:08:56Z,frontend,checkoutservice,397090,187122,0,40061,169944,62391338,186999
2026-10-04T14:08:56Z,frontend,currencyservice,2969260,2969251,0,0,0,15693898,2967591
2026-10-04T14:08:56Z,frontend,emailservice,0,0,0,0,0,0,0
2026-10-04T14:08:56Z,frontend,frontend,0,0,0,0,0,0,0
2026-10-04T14:08:56Z,frontend,kubernetes,0,0,0,0,0,0,0
2026-10-04T14:08:56Z,frontend,paymentservice,0,0,0,0,0,0,0
2026-10-04T14:08:56Z,frontend,productcatalogservice,8340764,8340696,0,0,0,57016404,8337115
2026-10-04T14:08:56Z,frontend,recommendationservice,2701858,1650184,0,110014,939104,816044001,1649249
2026-10-04T14:08:56Z,frontend,redis-cart,0,0,0,0,0,0,0
2026-10-04T14:08:56Z,frontend,shippingservice,308515,308512,0,0,0,936014,308387
2026-10-04T14:08:56Z,paymentservice,adservice,0,0,0,0,0,0,0
2026-10-04T14:08:56Z,paymentservice,cartservice,0,0,0,0,0,0,0
2026-10-04T14:08:56Z,paymentservice,checkoutservice,0,0,0,0,0,0,0
2026-10-04T14:08:56Z,paymentservice,currencyservice,0,0,0,0,0,0,0
2026-10-04T14:08:56Z,paymentservice,emailservice,0,0,0,0,0,0,0
2026-10-04T14:08:56Z,paymentservice,frontend,0,0,0,0,0,0,0
2026-10-04T14:08:56Z,paymentservice,kubernetes,0,0,0,0,0,0,0
2026-10-04T14:08:56Z,paymentservice,paymentservice,0,0,0,0,0,0,0
2026-10-04T14:08:56Z,paymentservice,productcatalogservice,0,0,0,0,0,0,0
2026-10-04T14:08:56Z,paymentservice,recommendationservice,0,0,0,0,0,0,0
2026-10-04T14:08:56Z,paymentservice,redis-cart,0,0,0,0,0,0,0
2026-10-04T14:08:56Z,paymentservice,shippingservice,0,0,0,0,0,0,0
2026-10-04T14:08:56Z,productcatalogservice,adservice,0,0,0,0,0,0,0
2026-10-04T14:08:56Z,productcatalogservice,cartservice,0,0,0,0,0,0,0
2026-10-04T14:08:56Z,productcatalogservice,checkoutservice,0,0,0,0,0,0,0
2026-10-04T14:08:56Z,productcatalogservice,currencyservice,0,0,0,0,0,0,0
2026-10-04T14:08:56Z,productcatalogservice,emailservice,0,0,0,0,0,0,0
2026-10-04T14:08:56Z,productcatalogservice,frontend,0,0,0,0,0,0,0
2026-10-04T14:08:56Z,productcatalogservice,kubernetes,0,0,0,0,0,0,0
2026-10-04T14:08:56Z,productcatalogservice,paymentservice,0,0,0,0,0,0,0
2026-10-04T14:08:56Z,productcatalogservice,productcatalogservice,0,0,0,0,0,0,0
2026-10-04T14:08:56Z,productcatalogservice,recommendationservice,0,0,0,0,0,0,0
2026-10-04T14:08:56Z,productcatalogservice,redis-cart,0,0,0,0,0,0,0
2026-10-04T14:08:56Z,productcatalogservice,shippingservice,0,0,0,0,0,0,0
2026-10-04T14:08:56Z,recommendationservice,adservice,0,0,0,0,0,0,0
2026-10-04T14:08:56Z,recommendationservice,cartservice,0,0,0,0,0,0,0
2026-10-04T14:08:56Z,recommendationservice,checkoutservice,0,0,0,0,0,0,0
2026-10-04T14:08:56Z,recommendationservice,currencyservice,0,0,0,0,0,0,0
2026-10-04T14:08:56Z,recommendationservice,emailservice,0,0,0,0,0,0,0
2026-10-04T14:08:56Z,recommendationservice,frontend,0,0,0,0,0,0,0
2026-10-04T14:08:56Z,recommendationservice,kubernetes,0,0,0,0,0,0,0
2026-10-04T14:08:56Z,recommendationservice,paymentservice,0,0,0,0,0,0,0
2026-10-04T14:08:56Z,recommendationservice,productcatalogservice,136008,136008,0,0,0,973366,135487
2026-10-04T14:08:56Z,recommendationservice,recommendationservice,0,0,0,0,0,0,0
2026-10-04T14:08:56Z,recommendationservice,redis-cart,0,0,0,0,0,0,0
2026-10-04T14:08:56Z,recommendationservice,shippingservice,0,0,0,0,0,0,0
2026-10-04T14:08:56Z,redis-cart,adservice,0,0,0,0,0,0,0
2026-10-04T14:08:56Z,redis-cart,cartservice,0,0,0,0,0,0,0
2026-10-04T14:08:56Z,redis-cart,checkoutservice,0,0,0,0,0,0,0
2026-10-04T14:08:56Z,redis-cart,currencyservice,0,0,0,0,0,0,0
2026-10-04T14:08:56Z,redis-cart,emailservice,0,0,0,0,0,0,0
2026-10-04T14:08:56Z,redis-cart,frontend,0,0,0,0,0,0,0
2026-10-04T14:08:56Z,redis-cart,kubernetes,0,0,0,0,0,0,0
2026-10-04T14:08:56Z,redis-cart,paymentservice,0,0,0,0,0,0,0
2026-10-04T14:08:56Z,redis-cart,productcatalogservice,0,0,0,0,0,0,0
2026-10-04T14:08:56Z,redis-cart,recommendationservice,0,0,0,0,0,0,0
2026-10-04T14:08:56Z,redis-cart,redis-cart,0,0,0,0,0,0,0
2026-10-04T14:08:56Z,redis-cart,shippingservice,0,0,0,0,0,0,0
2026-10-04T14:08:56Z,shippingservice,adservice,0,0,0,0,0,0,0
2026-10-04T14:08:56Z,shippingservice,cartservice,0,0,0,0,0,0,0
2026-10-04T14:08:56Z,shippingservice,checkoutservice,0,0,0,0,0,0,0
2026-10-04T14:08:56Z,shippingservice,currencyservice,0,0,0,0,0,0,0
2026-10-04T14:08:56Z,shippingservice,emailservice,0,0,0,0,0,0,0
2026-10-04T14:08:56Z,shippingservice,frontend,0,0,0,0,0,0,0
2026-10-04T14:08:56Z,shippingservice,kubernetes,0,0,0,0,0,0,0
2026-10-04T14:08:56Z,shippingservice,paymentservice,0,0,0,0,0,0,0
2026-10-04T14:08:56Z,shippingservice,productcatalogservice,0,0,0,0,0,0,0
2026-10-04T14:08:56Z,shippingservice,recommendationservice,0,0,0,0,0,0,0
2026-10-04T14:08:56Z,shippingservice,redis-cart,0,0,0,0,0,0,0
2026-10-04T14:08:56Z,shippingservice,shippingservice,0,0,0,0,0,0,0
2026-10-04T14:08:57Z,adservice,adservice,0,0,0,0,0,0,0
2026-10-04T14:08:57Z,adservice,cartservice,0,0,0,0,0,0,0
2026-10-04T14:08:57Z,adservice,checkoutservice,0,0,0,0,0,0,0
2026-10-04T14:08:57Z,adservice,currencyservice,0,0,0,0,0,0,0
2026-10-04T14:08:57Z,adservice,emailservice,0,0,0,0,0,0,0
2026-10-04T14:08:57Z,adservice,frontend,0,0,0,0,0,0,0
2026-10-04T14:08:57Z,adservice,kubernetes,0,0,0,0,0,0,0
2026-10-04T14:08:57Z,adservice,paymentservice,0,0,0,0,0,0,0
2026-10-04T14:08:57Z,adservice,productcatalogservice,0,0,0,0,0,0,0
2026-10-04T14:08:57Z,adservice,recommendationservice,0,0,0,0,0,0,0
2026-10-04T14:08:57Z,adservice,redis-cart,0,0,0,0,0,0,0
2026-10-04T14:08:57Z,adservice,shippingservice,0,0,0,0,0,0,0
2026-10-04T14:08:57Z,cartservice,adservice,0,0,0,0,0,0,0
2026-10-04T14:08:57Z,cartservice,cartservice,0,0,0,0,0,0,0
2026-10-04T14:08:57Z,cartservice,checkoutservice,0,0,0,0,0,0,0
2026-10-04T14:08:57Z,cartservice,currencyservice,0,0,0,0,0,0,0
2026-10-04T14:08:57Z,cartservice,emailservice,0,0,0,0,0,0,0
2026-10-04T14:08:57Z,cartservice,frontend,0,0,0,0,0,0,0
2026-10-04T14:08:57Z,cartservice,kubernetes,0,0,0,0,0,0,0
2026-10-04T14:08:57Z,cartservice,paymentservice,0,0,0,0,0,0,0
2026-10-04T14:08:57Z,cartservice,productcatalogservice,0,0,0,0,0,0,0
2026-10-04T14:08:57Z,cartservice,recommendationservice,0,0,0,0,0,0,0
2026-10-04T14:08:57Z,cartservice,redis-cart,2,0,0,0,0,0,0
2026-10-04T14:08:57Z,cartservice,shippingservice,0,0,0,0,0,0,0
2026-10-04T14:08:57Z,checkoutservice,adservice,0,0,0,0,0,0,0
2026-10-04T14:08:57Z,checkoutservice,cartservice,53495,52564,0,100,0,666950,52517
2026-10-04T14:08:57Z,checkoutservice,checkoutservice,0,0,0,0,0,0,0
2026-10-04T14:08:57Z,checkoutservice,currencyservice,38147,38143,0,0,0,551826,38122
2026-10-04T14:08:57Z,checkoutservice,emailservice,9377,9090,0,66,0,338346,9074
2026-10-04T14:08:57Z,checkoutservice,frontend,0,0,0,0,0,0,0
2026-10-04T14:08:57Z,checkoutservice,kubernetes,0,0,0,0,0,0,0
2026-10-04T14:08:57Z,checkoutservice,paymentservice,31408,29560,0,192,0,422292,29392
2026-10-04T14:08:57Z,checkoutservice,productcatalogservice,0,0,0,0,0,0,0
2026-10-04T14:08:57Z,checkoutservice,recommendationservice,0,0,0,0,0,0,0
2026-10-04T14:08:57Z,checkoutservice,redis-cart,0,0,0,0,0,0,0
2026-10-04T14:08:57Z,checkoutservice,shippingservice,58807,56699,0,154,0,496725,56655
2026-10-04T14:08:57Z,currencyservice,adservice,0,0,0,0,0,0,0
2026-10-04T14:08:57Z,currencyservice,cartservice,0,0,0,0,0,0,0
2026-10-04T14:08:57Z,currencyservice,checkoutservice,0,0,0,0,0,0,0
2026-10-04T14:08:57Z,currencyservice,currencyservice,0,0,0,0,0,0,0
2026-10-04T14:08:57Z,currencyservice,emailservice,0,0,0,0,0,0,0
2026-10-04T14:08:57Z,currencyservice,frontend,0,0,0,0,0,0,0
2026-10-04T14:08:57Z,currencyservice,kubernetes,0,0,0,0,0,0,0
2026-10-04T14:08:57Z,currencyservice,paymentservice,0,0,0,0,0,0,0
2026-10-04T14:08:57Z,currencyservice,productcatalogservice,0,0,0,0,0,0,0
2026-10-04T14:08:57Z,currencyservice,recommendationservice,0,0,0,0,0,0,0
2026-10-04T14:08:57Z,currencyservice,redis-cart,0,0,0,0,0,0,0
2026-10-04T14:08:57Z,currencyservice,shippingservice,0,0,0,0,0,0,0
2026-10-04T14:08:57Z,emailservice,adservice,0,0,0,0,0,0,0
2026-10-04T14:08:57Z,emailservice,cartservice,0,0,0,0,0,0,0
2026-10-04T14:08:57Z,emailservice,checkoutservice,0,0,0,0,0,0,0
2026-10-04T14:08:57Z,emailservice,currencyservice,0,0,0,0,0,0,0
2026-10-04T14:08:57Z,emailservice,emailservice,0,0,0,0,0,0,0
2026-10-04T14:08:57Z,emailservice,frontend,0,0,0,0,0,0,0
2026-10-04T14:08:57Z,emailservice,kubernetes,0,0,0,0,0,0,0
2026-10-04T14:08:57Z,emailservice,paymentservice,0,0,0,0,0,0,0
2026-10-04T14:08:57Z,emailservice,productcatalogservice,0,0,0,0,0,0,0
2026-10-04T14:08:57Z,emailservice,recommendationservice,0,0,0,0,0,0,0
2026-10-04T14:08:57Z,emailservice,redis-cart,0,0,0,0,0,0,0
2026-10-04T14:08:57Z,emailservice,shippingservice,0,0,0,0,0,0,0
2026-10-04T14:08:57Z,frontend,adservice,841418,841416,0,0,0,2536090,841024
2026-10-04T14:08:57Z,frontend,cartservice,1868006,1867993,0,0,4,10364518,1866569
2026-10-04T14:08:57Z,frontend,checkoutservice,397137,187165,0,40061,169944,62391338,186999
2026-10-04T14:08:57Z,frontend,currencyservice,2969767,2969760,0,0,0,15693898,2967591
2026-10-04T14:08:57Z,frontend,emailservice,0,0,0,0,0,0,0
2026-10-04T14:08:57Z,frontend,frontend,0,0,0,0,0,0,0
2026-10-04T14:08:57Z,frontend,kubernetes,0,0,0,0,0,0,0
2026-10-04T14:08:57Z,frontend,paymentservice,0,0,0,0,0,0,0
2026-10-04T14:08:57Z,frontend,productcatalogservice,8341863,8341795,0,0,0,57016404,8337115
2026-10-04T14:08:57Z,frontend,recommendationservice,2702637,1650482,0,110052,939535,816044001,1649249
2026-10-04T14:08:57Z,frontend,redis-cart,0,0,0,0,0,0,0
2026-10-04T14:08:57Z,frontend,shippingservice,308538,308536,0,0,0,936014,308387
2026-10-04T14:08:57Z,paymentservice,adservice,0,0,0,0,0,0,0
2026-10-04T14:08:57Z,paymentservice,cartservice,0,0,0,0,0,0,0
2026-10-04T14:08:57Z,paymentservice,checkoutservice,0,0,0,0,0,0,0
2026-10-04T14:08:57Z,paymentservice,currencyservice,0,0,0,0,0,0,0
2026-10-04T14:08:57Z,paymentservice,emailservice,0,0,0,0,0,0,0
2026-10-04T14:08:57Z,paymentservice,frontend,0,0,0,0,0,0,0
2026-10-04T14:08:57Z,paymentservice,kubernetes,0,0,0,0,0,0,0
2026-10-04T14:08:57Z,paymentservice,paymentservice,0,0,0,0,0,0,0
2026-10-04T14:08:57Z,paymentservice,productcatalogservice,0,0,0,0,0,0,0
2026-10-04T14:08:57Z,paymentservice,recommendationservice,0,0,0,0,0,0,0
2026-10-04T14:08:57Z,paymentservice,redis-cart,0,0,0,0,0,0,0
2026-10-04T14:08:57Z,paymentservice,shippingservice,0,0,0,0,0,0,0
2026-10-04T14:08:57Z,productcatalogservice,adservice,0,0,0,0,0,0,0
2026-10-04T14:08:57Z,productcatalogservice,cartservice,0,0,0,0,0,0,0
2026-10-04T14:08:57Z,productcatalogservice,checkoutservice,0,0,0,0,0,0,0
2026-10-04T14:08:57Z,productcatalogservice,currencyservice,0,0,0,0,0,0,0
2026-10-04T14:08:57Z,productcatalogservice,emailservice,0,0,0,0,0,0,0
2026-10-04T14:08:57Z,productcatalogservice,frontend,0,0,0,0,0,0,0
2026-10-04T14:08:57Z,productcatalogservice,kubernetes,0,0,0,0,0,0,0
2026-10-04T14:08:57Z,productcatalogservice,paymentservice,0,0,0,0,0,0,0
2026-10-04T14:08:57Z,productcatalogservice,productcatalogservice,0,0,0,0,0,0,0
2026-10-04T14:08:57Z,productcatalogservice,recommendationservice,0,0,0,0,0,0,0
2026-10-04T14:08:57Z,productcatalogservice,redis-cart,0,0,0,0,0,0,0
2026-10-04T14:08:57Z,productcatalogservice,shippingservice,0,0,0,0,0,0,0
2026-10-04T14:08:57Z,recommendationservice,adservice,0,0,0,0,0,0,0
2026-10-04T14:08:57Z,recommendationservice,cartservice,0,0,0,0,0,0,0
2026-10-04T14:08:57Z,recommendationservice,checkoutservice,0,0,0,0,0,0,0
2026-10-04T14:08:57Z,recommendationservice,currencyservice,0,0,0,0,0,0,0
2026-10-04T14:08:57Z,recommendationservice,emailservice,0,0,0,0,0,0,0
2026-10-04T14:08:57Z,recommendationservice,frontend,0,0,0,0,0,0,0
2026-10-04T14:08:57Z,recommendationservice,kubernetes,0,0,0,0,0,0,0
2026-10-04T14:08:57Z,recommendationservice,paymentservice,0,0,0,0,0,0,0
2026-10-04T14:08:57Z,recommendationservice,productcatalogservice,136414,136413,0,0,0,973366,135487
2026-10-04T14:08:57Z,recommendationservice,recommendationservice,0,0,0,0,0,0,0
2026-10-04T14:08:57Z,recommendationservice,redis-cart,0,0,0,0,0,0,0
2026-10-04T14:08:57Z,recommendationservice,shippingservice,0,0,0,0,0,0,0
2026-10-04T14:08:57Z,redis-cart,adservice,0,0,0,0,0,0,0
2026-10-04T14:08:57Z,redis-cart,cartservice,0,0,0,0,0,0,0
2026-10-04T14:08:57Z,redis-cart,checkoutservice,0,0,0,0,0,0,0
2026-10-04T14:08:57Z,redis-cart,currencyservice,0,0,0,0,0,0,0
2026-10-04T14:08:57Z,redis-cart,emailservice,0,0,0,0,0,0,0
2026-10-04T14:08:57Z,redis-cart,frontend,0,0,0,0,0,0,0
2026-10-04T14:08:57Z,redis-cart,kubernetes,0,0,0,0,0,0,0
2026-10-04T14:08:57Z,redis-cart,paymentservice,0,0,0,0,0,0,0
2026-10-04T14:08:57Z,redis-cart,productcatalogservice,0,0,0,0,0,0,0
2026-10-04T14:08:57Z,redis-cart,recommendationservice,0,0,0,0,0,0,0
2026-10-04T14:08:57Z,redis-cart,redis-cart,0,0,0,0,0,0,0
2026-10-04T14:08:57Z,redis-cart,shippingservice,0,0,0,0,0,0,0
2026-10-04T14:08:57Z,shippingservice,adservice,0,0,0,0,0,0,0
2026-10-04T14:08:57Z,shippingservice,cartservice,0,0,0,0,0,0,0
2026-10-04T14:08:57Z,shippingservice,checkoutservice,0,0,0,0,0,0,0
2026-10-04T14:08:57Z,shippingservice,currencyservice,0,0,0,0,0,0,0
2026-10-04T14:08:57Z,shippingservice,emailservice,0,0,0,0,0,0,0
2026-10-04T14:08:57Z,shippingservice,frontend,0,0,0,0,0,0,0
2026-10-04T14:08:57Z,shippingservice,kubernetes,0,0,0,0,0,0,0
2026-10-04T14:08:57Z,shippingservice,paymentservice,0,0,0,0,0,0,0
2026-10-04T14:08:57Z,shippingservice,productcatalogservice,0,0,0,0,0,0,0
2026-10-04T14:08:57Z,shippingservice,recommendationservice,0,0,0,0,0,0,0
2026-10-04T14:08:57Z,shippingservice,redis-cart,0,0,0,0,0,0,0
2026-10-04T14:08:57Z,shippingservice,shippingservice,0,0,0,0,0,0,0
2026-10-04T14:08:58Z,adservice,adservice,0,0,0,0,0,0,0
2026-10-04T14:08:58Z,adservice,cartservice,0,0,0,0,0,0,0
2026-10-04T14:08:58Z,adservice,checkoutservice,0,0,0,0,0,0,0
2026-10-04T14:08:58Z,adservice,currencyservice,0,0,0,0,0,0,0
2026-10-04T14:08:58Z,adservice,emailservice,0,0,0,0,0,0,0
2026-10-04T14:08:58Z,adservice,frontend,0,0,0,0,0,0,0
2026-10-04T14:08:58Z,adservice,kubernetes,0,0,0,0,0,0,0
2026-10-04T14:08:58Z,adservice,paymentservice,0,0,0,0,0,0,0
2026-10-04T14:08:58Z,adservice,productcatalogservice,0,0,0,0,0,0,0
2026-10-04T14:08:58Z,adservice,recommendationservice,0,0,0,0,0,0,0
2026-10-04T14:08:58Z,adservice,redis-cart,0,0,0,0,0,0,0
2026-10-04T14:08:58Z,adservice,shippingservice,0,0,0,0,0,0,0
2026-10-04T14:08:58Z,cartservice,adservice,0,0,0,0,0,0,0
2026-10-04T14:08:58Z,cartservice,cartservice,0,0,0,0,0,0,0
2026-10-04T14:08:58Z,cartservice,checkoutservice,0,0,0,0,0,0,0
2026-10-04T14:08:58Z,cartservice,currencyservice,0,0,0,0,0,0,0
2026-10-04T14:08:58Z,cartservice,emailservice,0,0,0,0,0,0,0
2026-10-04T14:08:58Z,cartservice,frontend,0,0,0,0,0,0,0
2026-10-04T14:08:58Z,cartservice,kubernetes,0,0,0,0,0,0,0
2026-10-04T14:08:58Z,cartservice,paymentservice,0,0,0,0,0,0,0
2026-10-04T14:08:58Z,cartservice,productcatalogservice,0,0,0,0,0,0,0
2026-10-04T14:08:58Z,cartservice,recommendationservice,0,0,0,0,0,0,0
2026-10-04T14:08:58Z,cartservice,redis-cart,2,0,0,0,0,0,0
2026-10-04T14:08:58Z,cartservice,shippingservice,0,0,0,0,0,0,0
2026-10-04T14:08:58Z,checkoutservice,adservice,0,0,0,0,0,0,0
2026-10-04T14:08:58Z,checkoutservice,cartservice,53587,52655,0,100,0,666950,52517
2026-10-04T14:08:58Z,checkoutservice,checkoutservice,0,0,0,0,0,0,0
2026-10-04T14:08:58Z,checkoutservice,currencyservice,38192,38192,0,0,0,551826,38122
2026-10-04T14:08:58Z,checkoutservice,emailservice,9426,9140,0,66,0,338346,9074
2026-10-04T14:08:58Z,checkoutservice,frontend,0,0,0,0,0,0,0
2026-10-04T14:08:58Z,checkoutservice,kubernetes,0,0,0,0,0,0,0
2026-10-04T14:08:58Z,checkoutservice,paymentservice,31458,29610,0,192,0,422292,29392
2026-10-04T14:08:58Z,checkoutservice,productcatalogservice,0,0,0,0,0,0,0
2026-10-04T14:08:58Z,checkoutservice,recommendationservice,0,0,0,0,0,0,0
2026-10-04T14:08:58Z,checkoutservice,redis-cart,0,0,0,0,0,0,0
2026-10-04T14:08:58Z,checkoutservice,shippingservice,58897,56793,0,154,0,496725,56655
2026-10-04T14:08:58Z,currencyservice,adservice,0,0,0,0,0,0,0
2026-10-04T14:08:58Z,currencyservice,cartservice,0,0,0,0,0,0,0
2026-10-04T14:08:58Z,currencyservice,checkoutservice,0,0,0,0,0,0,0
2026-10-04T14:08:58Z,currencyservice,currencyservice,0,0,0,0,0,0,0
2026-10-04T14:08:58Z,currencyservice,emailservice,0,0,0,0,0,0,0
2026-10-04T14:08:58Z,currencyservice,frontend,0,0,0,0,0,0,0
2026-10-04T14:08:58Z,currencyservice,kubernetes,0,0,0,0,0,0,0
2026-10-04T14:08:58Z,currencyservice,paymentservice,0,0,0,0,0,0,0
2026-10-04T14:08:58Z,currencyservice,productcatalogservice,0,0,0,0,0,0,0
2026-10-04T14:08:58Z,currencyservice,recommendationservice,0,0,0,0,0,0,0
2026-10-04T14:08:58Z,currencyservice,redis-cart,0,0,0,0,0,0,0
2026-10-04T14:08:58Z,currencyservice,shippingservice,0,0,0,0,0,0,0
2026-10-04T14:08:58Z,emailservice,adservice,0,0,0,0,0,0,0
2026-10-04T14:08:58Z,emailservice,cartservice,0,0,0,0,0,0,0
2026-10-04T14:08:58Z,emailservice,checkoutservice,0,0,0,0,0,0,0
2026-10-04T14:08:58Z,emailservice,currencyservice,0,0,0,0,0,0,0
2026-10-04T14:08:58Z,emailservice,emailservice,0,0,0,0,0,0,0
2026-10-04T14:08:58Z,emailservice,frontend,0,0,0,0,0,0,0
2026-10-04T14:08:58Z,emailservice,kubernetes,0,0,0,0,0,0,0
2026-10-04T14:08:58Z,emailservice,paymentservice,0,0,0,0,0,0,0
2026-10-04T14:08:58Z,emailservice,productcatalogservice,0,0,0,0,0,0,0
2026-10-04T14:08:58Z,emailservice,recommendationservice,0,0,0,0,0,0,0
2026-10-04T14:08:58Z,emailservice,redis-cart,0,0,0,0,0,0,0
2026-10-04T14:08:58Z,emailservice,shippingservice,0,0,0,0,0,0,0
2026-10-04T14:08:58Z,frontend,adservice,841530,841526,0,0,0,2536448,841150
2026-10-04T14:08:58Z,frontend,cartservice,1868361,1868346,0,0,4,10366340,1867042
2026-10-04T14:08:58Z,frontend,checkoutservice,397186,187218,0,40061,169944,62397291,187060
2026-10-04T14:08:58Z,frontend,currencyservice,2970305,2970296,0,0,0,15696304,2968329
2026-10-04T14:08:58Z,frontend,emailservice,0,0,0,0,0,0,0
2026-10-04T14:08:58Z,frontend,frontend,0,0,0,0,0,0,0
2026-10-04T14:08:58Z,frontend,kubernetes,0,0,0,0,0,0,0
2026-10-04T14:08:58Z,frontend,paymentservice,0,0,0,0,0,0,0
2026-10-04T14:08:58Z,frontend,productcatalogservice,8343164,8343084,0,0,0,57027082,8338708
2026-10-04T14:08:58Z,frontend,recommendationservice,2703382,1650771,0,110131,939941,816431581,1649708
2026-10-04T14:08:58Z,frontend,redis-cart,0,0,0,0,0,0,0
2026-10-04T14:08:58Z,frontend,shippingservice,308573,308571,0,0,0,936135,308445
2026-10-04T14:08:58Z,paymentservice,adservice,0,0,0,0,0,0,0
2026-10-04T14:08:58Z,paymentservice,cartservice,0,0,0,0,0,0,0
2026-10-04T14:08:58Z,paymentservice,checkoutservice,0,0,0,0,0,0,0
2026-10-04T14:08:58Z,paymentservice,currencyservice,0,0,0,0,0,0,0
2026-10-04T14:08:58Z,paymentservice,emailservice,0,0,0,0,0,0,0
2026-10-04T14:08:58Z,paymentservice,frontend,0,0,0,0,0,0,0
2026-10-04T14:08:58Z,paymentservice,kubernetes,0,0,0,0,0,0,0
2026-10-04T14:08:58Z,paymentservice,paymentservice,0,0,0,0,0,0,0
2026-10-04T14:08:58Z,paymentservice,productcatalogservice,0,0,0,0,0,0,0
2026-10-04T14:08:58Z,paymentservice,recommendationservice,0,0,0,0,0,0,0
2026-10-04T14:08:58Z,paymentservice,redis-cart,0,0,0,0,0,0,0
2026-10-04T14:08:58Z,paymentservice,shippingservice,0,0,0,0,0,0,0
2026-10-04T14:08:58Z,productcatalogservice,adservice,0,0,0,0,0,0,0
2026-10-04T14:08:58Z,productcatalogservice,cartservice,0,0,0,0,0,0,0
2026-10-04T14:08:58Z,productcatalogservice,checkoutservice,0,0,0,0,0,0,0
2026-10-04T14:08:58Z,productcatalogservice,currencyservice,0,0,0,0,0,0,0
2026-10-04T14:08:58Z,productcatalogservice,emailservice,0,0,0,0,0,0,0
2026-10-04T14:08:58Z,productcatalogservice,frontend,0,0,0,0,0,0,0
2026-10-04T14:08:58Z,productcatalogservice,kubernetes,0,0,0,0,0,0,0
2026-10-04T14:08:58Z,productcatalogservice,paymentservice,0,0,0,0,0,0,0
2026-10-04T14:08:58Z,productcatalogservice,productcatalogservice,0,0,0,0,0,0,0
2026-10-04T14:08:58Z,productcatalogservice,recommendationservice,0,0,0,0,0,0,0
2026-10-04T14:08:58Z,productcatalogservice,redis-cart,0,0,0,0,0,0,0
2026-10-04T14:08:58Z,productcatalogservice,shippingservice,0,0,0,0,0,0,0
2026-10-04T14:08:58Z,recommendationservice,adservice,0,0,0,0,0,0,0
2026-10-04T14:08:58Z,recommendationservice,cartservice,0,0,0,0,0,0,0
2026-10-04T14:08:58Z,recommendationservice,checkoutservice,0,0,0,0,0,0,0
2026-10-04T14:08:58Z,recommendationservice,currencyservice,0,0,0,0,0,0,0
2026-10-04T14:08:58Z,recommendationservice,emailservice,0,0,0,0,0,0,0
2026-10-04T14:08:58Z,recommendationservice,frontend,0,0,0,0,0,0,0
2026-10-04T14:08:58Z,recommendationservice,kubernetes,0,0,0,0,0,0,0
2026-10-04T14:08:58Z,recommendationservice,paymentservice,0,0,0,0,0,0,0
2026-10-04T14:08:58Z,recommendationservice,productcatalogservice,136811,136809,0,0,0,973366,135487
2026-10-04T14:08:58Z,recommendationservice,recommendationservice,0,0,0,0,0,0,0
2026-10-04T14:08:58Z,recommendationservice,redis-cart,0,0,0,0,0,0,0
2026-10-04T14:08:58Z,recommendationservice,shippingservice,0,0,0,0,0,0,0
2026-10-04T14:08:58Z,redis-cart,adservice,0,0,0,0,0,0,0
2026-10-04T14:08:58Z,redis-cart,cartservice,0,0,0,0,0,0,0
2026-10-04T14:08:58Z,redis-cart,checkoutservice,0,0,0,0,0,0,0
2026-10-04T14:08:58Z,redis-cart,currencyservice,0,0,0,0,0,0,0
2026-10-04T14:08:58Z,redis-cart,emailservice,0,0,0,0,0,0,0
2026-10-04T14:08:58Z,redis-cart,frontend,0,0,0,0,0,0,0
2026-10-04T14:08:58Z,redis-cart,kubernetes,0,0,0,0,0,0,0
2026-10-04T14:08:58Z,redis-cart,paymentservice,0,0,0,0,0,0,0
2026-10-04T14:08:58Z,redis-cart,productcatalogservice,0,0,0,0,0,0,0
2026-10-04T14:08:58Z,redis-cart,recommendationservice,0,0,0,0,0,0,0
2026-10-04T14:08:58Z,redis-cart,redis-cart,0,0,0,0,0,0,0
2026-10-04T14:08:58Z,redis-cart,shippingservice,0,0,0,0,0,0,0
2026-10-04T14:08:58Z,shippingservice,adservice,0,0,0,0,0,0,0
2026-10-04T14:08:58Z,shippingservice,cartservice,0,0,0,0,0,0,0
2026-10-04T14:08:58Z,shippingservice,checkoutservice,0,0,0,0,0,0,0
2026-10-04T14:08:58Z,shippingservice,currencyservice,0,0,0,0,0,0,0
2026-10-04T14:08:58Z,shippingservice,emailservice,0,0,0,0,0,0,0
2026-10-04T14:08:58Z,shippingservice,frontend,0,0,0,0,0,0,0
2026-10-04T14:08:58Z,shippingservice,kubernetes,0,0,0,0,0,0,0
2026-10-04T14:08:58Z,shippingservice,paymentservice,0,0,0,0,0,0,0
2026-10-04T14:08:58Z,shippingservice,productcatalogservice,0,0,0,0,0,0,0
2026-10-04T14:08:58Z,shippingservice,recommendationservice,0,0,0,0,0,0,0
2026-10-04T14:08:58Z,shippingservice,redis-cart,0,0,0,0,0,0,0
2026-10-04T14:08:58Z,shippingservice,shippingservice,0,0,0,0,0,0,0
2026-10-04T14:08:59Z,adservice,adservice,0,0,0,0,0,0,0
2026-10-04T14:08:59Z,adservice,cartservice,0,0,0,0,0,0,0
2026-10-04T14:08:59Z,adservice,checkoutservice,0,0,0,0,0,0,0
2026-10-04T14:08:59Z,adservice,currencyservice,0,0,0,0,0,0,0
2026-10-04T14:08:59Z,adservice,emailservice,0,0,0,0,0,0,0
2026-10-04T14:08:59Z,adservice,frontend,0,0,0,0,0,0,0
2026-10-04T14:08:59Z,adservice,kubernetes,0,0,0,0,0,0,0
2026-10-04T14:08:59Z,adservice,paymentservice,0,0,0,0,0,0,0
2026-10-04T14:08:59Z,adservice,productcatalogservice,0,0,0,0,0,0,0
2026-10-04T14:08:59Z,adservice,recommendationservice,0,0,0,0,0,0,0
2026-10-04T14:08:59Z,adservice,redis-cart,0,0,0,0,0,0,0
2026-10-04T14:08:59Z,adservice,shippingservice,0,0,0,0,0,0,0
2026-10-04T14:08:59Z,cartservice,adservice,0,0,0,0,0,0,0
2026-10-04T14:08:59Z,cartservice,cartservice,0,0,0,0,0,0,0
2026-10-04T14:08:59Z,cartservice,checkoutservice,0,0,0,0,0,0,0
2026-10-04T14:08:59Z,cartservice,currencyservice,0,0,0,0,0,0,0
2026-10-04T14:08:59Z,cartservice,emailservice,0,0,0,0,0,0,0
2026-10-04T14:08:59Z,cartservice,frontend,0,0,0,0,0,0,0
2026-10-04T14:08:59Z,cartservice,kubernetes,0,0,0,0,0,0,0
2026-10-04T14:08:59Z,cartservice,paymentservice,0,0,0,0,0,0,0
2026-10-04T14:08:59Z,cartservice,productcatalogservice,0,0,0,0,0,0,0
2026-10-04T14:08:59Z,cartservice,recommendationservice,0,0,0,0,0,0,0
2026-10-04T14:08:59Z,cartservice,redis-cart,2,0,0,0,0,0,0
2026-10-04T14:08:59Z,cartservice,shippingservice,0,0,0,0,0,0,0
2026-10-04T14:08:59Z,checkoutservice,adservice,0,0,0,0,0,0,0
2026-10-04T14:08:59Z,checkoutservice,cartservice,53660,52729,0,100,0,666950,52517
2026-10-04T14:08:59Z,checkoutservice,checkoutservice,0,0,0,0,0,0,0
2026-10-04T14:08:59Z,checkoutservice,currencyservice,38227,38227,0,0,0,551826,38122
2026-10-04T14:08:59Z,checkoutservice,emailservice,9465,9178,0,66,0,338346,9074
2026-10-04T14:08:59Z,checkoutservice,frontend,0,0,0,0,0,0,0
2026-10-04T14:08:59Z,checkoutservice,kubernetes,0,0,0,0,0,0,0
2026-10-04T14:08:59Z,checkoutservice,paymentservice,31493,29645,0,192,0,422292,29392
2026-10-04T14:08:59Z,checkoutservice,productcatalogservice,0,0,0,0,0,0,0
2026-10-04T14:08:59Z,checkoutservice,recommendationservice,0,0,0,0,0,0,0
2026-10-04T14:08:59Z,checkoutservice,redis-cart,0,0,0,0,0,0,0
2026-10-04T14:08:59Z,checkoutservice,shippingservice,58971,56867,0,154,0,496725,56655
2026-10-04T14:08:59Z,currencyservice,adservice,0,0,0,0,0,0,0
2026-10-04T14:08:59Z,currencyservice,cartservice,0,0,0,0,0,0,0
2026-10-04T14:08:59Z,currencyservice,checkoutservice,0,0,0,0,0,0,0
2026-10-04T14:08:59Z,currencyservice,currencyservice,0,0,0,0,0,0,0
2026-10-04T14:08:59Z,currencyservice,emailservice,0,0,0,0,0,0,0
2026-10-04T14:08:59Z,currencyservice,frontend,0,0,0,0,0,0,0
2026-10-04T14:08:59Z,currencyservice,kubernetes,0,0,0,0,0,0,0
2026-10-04T14:08:59Z,currencyservice,paymentservice,0,0,0,0,0,0,0
2026-10-04T14:08:59Z,currencyservice,productcatalogservice,0,0,0,0,0,0,0
2026-10-04T14:08:59Z,currencyservice,recommendationservice,0,0,0,0,0,0,0
2026-10-04T14:08:59Z,currencyservice,redis-cart,0,0,0,0,0,0,0
2026-10-04T14:08:59Z,currencyservice,shippingservice,0,0,0,0,0,0,0
2026-10-04T14:08:59Z,emailservice,adservice,0,0,0,0,0,0,0
2026-10-04T14:08:59Z,emailservice,cartservice,0,0,0,0,0,0,0
2026-10-04T14:08:59Z,emailservice,checkoutservice,0,0,0,0,0,0,0
2026-10-04T14:08:59Z,emailservice,currencyservice,0,0,0,0,0,0,0
2026-10-04T14:08:59Z,emailservice,emailservice,0,0,0,0,0,0,0
2026-10-04T14:08:59Z,emailservice,frontend,0,0,0,0,0,0,0
2026-10-04T14:08:59Z,emailservice,kubernetes,0,0,0,0,0,0,0
2026-10-04T14:08:59Z,emailservice,paymentservice,0,0,0,0,0,0,0
2026-10-04T14:08:59Z,emailservice,productcatalogservice,0,0,0,0,0,0,0
2026-10-04T14:08:59Z,emailservice,recommendationservice,0,0,0,0,0,0,0
2026-10-04T14:08:59Z,emailservice,redis-cart,0,0,0,0,0,0,0
2026-10-04T14:08:59Z,emailservice,shippingservice,0,0,0,0,0,0,0
2026-10-04T14:08:59Z,frontend,adservice,841657,841655,0,0,0,2537570,841568
2026-10-04T14:08:59Z,frontend,cartservice,1868736,1868723,0,0,4,10371854,1868433
2026-10-04T14:08:59Z,frontend,checkoutservice,397220,187253,0,40061,169944,62413249,187224
2026-10-04T14:08:59Z,frontend,currencyservice,2970874,2970862,0,0,0,15703303,2970426
2026-10-04T14:08:59Z,frontend,emailservice,0,0,0,0,0,0,0
2026-10-04T14:08:59Z,frontend,frontend,0,0,0,0,0,0,0
2026-10-04T14:08:59Z,frontend,kubernetes,0,0,0,0,0,0,0
2026-10-04T14:08:59Z,frontend,paymentservice,0,0,0,0,0,0,0
2026-10-04T14:08:59Z,frontend,productcatalogservice,8344414,8344343,0,0,0,57053059,8343388
2026-10-04T14:08:59Z,frontend,recommendationservice,2704145,1651047,0,110203,940338,817392336,1650820
2026-10-04T14:08:59Z,frontend,redis-cart,0,0,0,0,0,0,0
2026-10-04T14:08:59Z,frontend,shippingservice,308608,308606,0,0,0,936426,308579
2026-10-04T14:08:59Z,paymentservice,adservice,0,0,0,0,0,0,0
2026-10-04T14:08:59Z,paymentservice,cartservice,0,0,0,0,0,0,0
2026-10-04T14:08:59Z,paymentservice,checkoutservice,0,0,0,0,0,0,0
2026-10-04T14:08:59Z,paymentservice,currencyservice,0,0,0,0,0,0,0
2026-10-04T14:08:59Z,paymentservice,emailservice,0,0,0,0,0,0,0
2026-10-04T14:08:59Z,paymentservice,frontend,0,0,0,0,0,0,0
2026-10-04T14:08:59Z,paymentservice,kubernetes,0,0,0,0,0,0,0
2026-10-04T14:08:59Z,paymentservice,paymentservice,0,0,0,0,0,0,0
2026-10-04T14:08:59Z,paymentservice,productcatalogservice,0,0,0,0,0,0,0
2026-10-04T14:08:59Z,paymentservice,recommendationservice,0,0,0,0,0,0,0
2026-10-04T14:08:59Z,paymentservice,redis-cart,0,0,0,0,0,0,0
2026-10-04T14:08:59Z,paymentservice,shippingservice,0,0,0,0,0,0,0
2026-10-04T14:08:59Z,productcatalogservice,adservice,0,0,0,0,0,0,0
2026-10-04T14:08:59Z,productcatalogservice,cartservice,0,0,0,0,0,0,0
2026-10-04T14:08:59Z,productcatalogservice,checkoutservice,0,0,0,0,0,0,0
2026-10-04T14:08:59Z,productcatalogservice,currencyservice,0,0,0,0,0,0,0
2026-10-04T14:08:59Z,productcatalogservice,emailservice,0,0,0,0,0,0,0
2026-10-04T14:08:59Z,productcatalogservice,frontend,0,0,0,0,0,0,0
2026-10-04T14:08:59Z,productcatalogservice,kubernetes,0,0,0,0,0,0,0
2026-10-04T14:08:59Z,productcatalogservice,paymentservice,0,0,0,0,0,0,0
2026-10-04T14:08:59Z,productcatalogservice,productcatalogservice,0,0,0,0,0,0,0
2026-10-04T14:08:59Z,productcatalogservice,recommendationservice,0,0,0,0,0,0,0
2026-10-04T14:08:59Z,productcatalogservice,redis-cart,0,0,0,0,0,0,0
2026-10-04T14:08:59Z,productcatalogservice,shippingservice,0,0,0,0,0,0,0
2026-10-04T14:08:59Z,recommendationservice,adservice,0,0,0,0,0,0,0
2026-10-04T14:08:59Z,recommendationservice,cartservice,0,0,0,0,0,0,0
2026-10-04T14:08:59Z,recommendationservice,checkoutservice,0,0,0,0,0,0,0
2026-10-04T14:08:59Z,recommendationservice,currencyservice,0,0,0,0,0,0,0
2026-10-04T14:08:59Z,recommendationservice,emailservice,0,0,0,0,0,0,0
2026-10-04T14:08:59Z,recommendationservice,frontend,0,0,0,0,0,0,0
2026-10-04T14:08:59Z,recommendationservice,kubernetes,0,0,0,0,0,0,0
2026-10-04T14:08:59Z,recommendationservice,paymentservice,0,0,0,0,0,0,0
2026-10-04T14:08:59Z,recommendationservice,productcatalogservice,137203,137193,0,0,0,973366,135487
2026-10-04T14:08:59Z,recommendationservice,recommendationservice,0,0,0,0,0,0,0
2026-10-04T14:08:59Z,recommendationservice,redis-cart,0,0,0,0,0,0,0
2026-10-04T14:08:59Z,recommendationservice,shippingservice,0,0,0,0,0,0,0
2026-10-04T14:08:59Z,redis-cart,adservice,0,0,0,0,0,0,0
2026-10-04T14:08:59Z,redis-cart,cartservice,0,0,0,0,0,0,0
2026-10-04T14:08:59Z,redis-cart,checkoutservice,0,0,0,0,0,0,0
2026-10-04T14:08:59Z,redis-cart,currencyservice,0,0,0,0,0,0,0
2026-10-04T14:08:59Z,redis-cart,emailservice,0,0,0,0,0,0,0
2026-10-04T14:08:59Z,redis-cart,frontend,0,0,0,0,0,0,0
2026-10-04T14:08:59Z,redis-cart,kubernetes,0,0,0,0,0,0,0
2026-10-04T14:08:59Z,redis-cart,paymentservice,0,0,0,0,0,0,0
2026-10-04T14:08:59Z,redis-cart,productcatalogservice,0,0,0,0,0,0,0
2026-10-04T14:08:59Z,redis-cart,recommendationservice,0,0,0,0,0,0,0
2026-10-04T14:08:59Z,redis-cart,redis-cart,0,0,0,0,0,0,0
2026-10-04T14:08:59Z,redis-cart,shippingservice,0,0,0,0,0,0,0
2026-10-04T14:08:59Z,shippingservice,adservice,0,0,0,0,0,0,0
2026-10-04T14:08:59Z,shippingservice,cartservice,0,0,0,0,0,0,0
2026-10-04T14:08:59Z,shippingservice,checkoutservice,0,0,0,0,0,0,0
2026-10-04T14:08:59Z,shippingservice,currencyservice,0,0,0,0,0,0,0
2026-10-04T14:08:59Z,shippingservice,emailservice,0,0,0,0,0,0,0
2026-10-04T14:08:59Z,shippingservice,frontend,0,0,0,0,0,0,0
2026-10-04T14:08:59Z,shippingservice,kubernetes,0,0,0,0,0,0,0
2026-10-04T14:08:59Z,shippingservice,paymentservice,0,0,0,0,0,0,0
2026-10-04T14:08:59Z,shippingservice,productcatalogservice,0,0,0,0,0,0,0
2026-10-04T14:08:59Z,shippingservice,recommendationservice,0,0,0,0,0,0,0
2026-10-04T14:08:59Z,shippingservice,redis-cart,0,0,0,0,0,0,0
2026-10-04T14:08:59Z,shippingservice,shippingservice,0,0,0,0,0,0,0
2026-10-04T14:09:00Z,adservice,adservice,0,0,0,0,0,0,0
2026-10-04T14:09:00Z,adservice,cartservice,0,0,0,0,0,0,0
2026-10-04T14:09:00Z,adservice,checkoutservice,0,0,0,0,0,0,0
2026-10-04T14:09:00Z,adservice,currencyservice,0,0,0,0,0,0,0
2026-10-04T14:09:00Z,adservice,emailservice,0,0,0,0,0,0,0
2026-10-04T14:09:00Z,adservice,frontend,0,0,0,0,0,0,0
2026-10-04T14:09:00Z,adservice,kubernetes,0,0,0,0,0,0,0
2026-10-04T14:09:00Z,adservice,paymentservice,0,0,0,0,0,0,0
2026-10-04T14:09:00Z,adservice,productcatalogservice,0,0,0,0,0,0,0
2026-10-04T14:09:00Z,adservice,recommendationservice,0,0,0,0,0,0,0
2026-10-04T14:09:00Z,adservice,redis-cart,0,0,0,0,0,0,0
2026-10-04T14:09:00Z,adservice,shippingservice,0,0,0,0,0,0,0
2026-10-04T14:09:00Z,cartservice,adservice,0,0,0,0,0,0,0
2026-10-04T14:09:00Z,cartservice,cartservice,0,0,0,0,0,0,0
2026-10-04T14:09:00Z,cartservice,checkoutservice,0,0,0,0,0,0,0
2026-10-04T14:09:00Z,cartservice,currencyservice,0,0,0,0,0,0,0
2026-10-04T14:09:00Z,cartservice,emailservice,0,0,0,0,0,0,0
2026-10-04T14:09:00Z,cartservice,frontend,0,0,0,0,0,0,0
2026-10-04T14:09:00Z,cartservice,kubernetes,0,0,0,0,0,0,0
2026-10-04T14:09:00Z,cartservice,paymentservice,0,0,0,0,0,0,0
2026-10-04T14:09:00Z,cartservice,productcatalogservice,0,0,0,0,0,0,0
2026-10-04T14:09:00Z,cartservice,recommendationservice,0,0,0,0,0,0,0
2026-10-04T14:09:00Z,cartservice,redis-cart,2,0,0,0,0,0,0
2026-10-04T14:09:00Z,cartservice,shippingservice,0,0,0,0,0,0,0
2026-10-04T14:09:00Z,checkoutservice,adservice,0,0,0,0,0,0,0
2026-10-04T14:09:00Z,checkoutservice,cartservice,53761,52830,0,100,0,666950,52517
2026-10-04T14:09:00Z,checkoutservice,checkoutservice,0,0,0,0,0,0,0
2026-10-04T14:09:00Z,checkoutservice,currencyservice,38278,38278,0,0,0,551826,38122
2026-10-04T14:09:00Z,checkoutservice,emailservice,9516,9230,0,66,0,338346,9074
2026-10-04T14:09:00Z,checkoutservice,frontend,0,0,0,0,0,0,0
2026-10-04T14:09:00Z,checkoutservice,kubernetes,0,0,0,0,0,0,0
2026-10-04T14:09:00Z,checkoutservice,paymentservice,31544,29696,0,192,0,422292,29392
2026-10-04T14:09:00Z,checkoutservice,productcatalogservice,0,0,0,0,0,0,0
2026-10-04T14:09:00Z,checkoutservice,recommendationservice,0,0,0,0,0,0,0
2026-10-04T14:09:00Z,checkoutservice,redis-cart,0,0,0,0,0,0,0
2026-10-04T14:09:00Z,checkoutservice,shippingservice,59072,56969,0,154,0,496725,56655
2026-10-04T14:09:00Z,currencyservice,adservice,0,0,0,0,0,0,0
2026-10-04T14:09:00Z,currencyservice,cartservice,0,0,0,0,0,0,0
2026-10-04T14:09:00Z,currencyservice,checkoutservice,0,0,0,0,0,0,0
2026-10-04T14:09:00Z,currencyservice,currencyservice,0,0,0,0,0,0,0
2026-10-04T14:09:00Z,currencyservice,emailservice,0,0,0,0,0,0,0
2026-10-04T14:09:00Z,currencyservice,frontend,0,0,0,0,0,0,0
2026-10-04T14:09:00Z,currencyservice,kubernetes,0,0,0,0,0,0,0
2026-10-04T14:09:00Z,currencyservice,paymentservice,0,0,0,0,0,0,0
2026-10-04T14:09:00Z,currencyservice,productcatalogservice,0,0,0,0,0,0,0
2026-10-04T14:09:00Z,currencyservice,recommendationservice,0,0,0,0,0,0,0
2026-10-04T14:09:00Z,currencyservice,redis-cart,0,0,0,0,0,0,0
2026-10-04T14:09:00Z,currencyservice,shippingservice,0,0,0,0,0,0,0
2026-10-04T14:09:00Z,emailservice,adservice,0,0,0,0,0,0,0
2026-10-04T14:09:00Z,emailservice,cartservice,0,0,0,0,0,0,0
2026-10-04T14:09:00Z,emailservice,checkoutservice,0,0,0,0,0,0,0
2026-10-04T14:09:00Z,emailservice,currencyservice,0,0,0,0,0,0,0
2026-10-04T14:09:00Z,emailservice,emailservice,0,0,0,0,0,0,0
2026-10-04T14:09:00Z,emailservice,frontend,0,0,0,0,0,0,0
2026-10-04T14:09:00Z,emailservice,kubernetes,0,0,0,0,0,0,0
2026-10-04T14:09:00Z,emailservice,paymentservice,0,0,0,0,0,0,0
2026-10-04T14:09:00Z,emailservice,productcatalogservice,0,0,0,0,0,0,0
2026-10-04T14:09:00Z,emailservice,recommendationservice,0,0,0,0,0,0,0
2026-10-04T14:09:00Z,emailservice,redis-cart,0,0,0,0,0,0,0
2026-10-04T14:09:00Z,emailservice,shippingservice,0,0,0,0,0,0,0
2026-10-04T14:09:00Z,frontend,adservice,841783,841781,0,0,0,2537570,841568
2026-10-04T14:09:00Z,frontend,cartservice,1869127,1869114,0,0,4,10371854,1868433
2026-10-04T14:09:00Z,frontend,checkoutservice,397267,187301,0,40061,169944,62413249,187224
2026-10-04T14:09:00Z,frontend,currencyservice,2971481,2971474,0,0,0,15703303,2970426
2026-10-04T14:09:00Z,frontend,emailservice,0,0,0,0,0,0,0
2026-10-04T14:09:00Z,frontend,frontend,0,0,0,0,0,0,0
2026-10-04T14:09:00Z,frontend,kubernetes,0,0,0,0,0,0,0
2026-10-04T14:09:00Z,frontend,paymentservice,0,0,0,0,0,0,0
2026-10-04T14:09:00Z,frontend,productcatalogservice,8345869,8345786,0,0,0,57053059,8343388
2026-10-04T14:09:00Z,frontend,recommendationservice,2704952,1651385,0,110268,940746,817392336,1650820
2026-10-04T14:09:00Z,frontend,redis-cart,0,0,0,0,0,0,0
2026-10-04T14:09:00Z,frontend,shippingservice,308658,308656,0,0,0,936426,308579
2026-10-04T14:09:00Z,paymentservice,adservice,0,0,0,0,0,0,0
2026-10-04T14:09:00Z,paymentservice,cartservice,0,0,0,0,0,0,0
2026-10-04T14:09:00Z,paymentservice,checkoutservice,0,0,0,0,0,0,0
2026-10-04T14:09:00Z,paymentservice,currencyservice,0,0,0,0,0,0,0
2026-10-04T14:09:00Z,paymentservice,emailservice,0,0,0,0,0,0,0
2026-10-04T14:09:00Z,paymentservice,frontend,0,0,0,0,0,0,0
2026-10-04T14:09:00Z,paymentservice,kubernetes,0,0,0,0,0,0,0
2026-10-04T14:09:00Z,paymentservice,paymentservice,0,0,0,0,0,0,0
2026-10-04T14:09:00Z,paymentservice,productcatalogservice,0,0,0,0,0,0,0
2026-10-04T14:09:00Z,paymentservice,recommendationservice,0,0,0,0,0,0,0
2026-10-04T14:09:00Z,paymentservice,redis-cart,0,0,0,0,0,0,0
2026-10-04T14:09:00Z,paymentservice,shippingservice,0,0,0,0,0,0,0
2026-10-04T14:09:00Z,productcatalogservice,adservice,0,0,0,0,0,0,0
2026-10-04T14:09:00Z,productcatalogservice,cartservice,0,0,0,0,0,0,0
2026-10-04T14:09:00Z,productcatalogservice,checkoutservice,0,0,0,0,0,0,0
2026-10-04T14:09:00Z,productcatalogservice,currencyservice,0,0,0,0,0,0,0
2026-10-04T14:09:00Z,productcatalogservice,emailservice,0,0,0,0,0,0,0
2026-10-04T14:09:00Z,productcatalogservice,frontend,0,0,0,0,0,0,0
2026-10-04T14:09:00Z,productcatalogservice,kubernetes,0,0,0,0,0,0,0
2026-10-04T14:09:00Z,productcatalogservice,paymentservice,0,0,0,0,0,0,0
2026-10-04T14:09:00Z,productcatalogservice,productcatalogservice,0,0,0,0,0,0,0
2026-10-04T14:09:00Z,productcatalogservice,recommendationservice,0,0,0,0,0,0,0
2026-10-04T14:09:00Z,productcatalogservice,redis-cart,0,0,0,0,0,0,0
2026-10-04T14:09:00Z,productcatalogservice,shippingservice,0,0,0,0,0,0,0
2026-10-04T14:09:00Z,recommendationservice,adservice,0,0,0,0,0,0,0
2026-10-04T14:09:00Z,recommendationservice,cartservice,0,0,0,0,0,0,0
2026-10-04T14:09:00Z,recommendationservice,checkoutservice,0,0,0,0,0,0,0
2026-10-04T14:09:00Z,recommendationservice,currencyservice,0,0,0,0,0,0,0
2026-10-04T14:09:00Z,recommendationservice,emailservice,0,0,0,0,0,0,0
2026-10-04T14:09:00Z,recommendationservice,frontend,0,0,0,0,0,0,0
2026-10-04T14:09:00Z,recommendationservice,kubernetes,0,0,0,0,0,0,0
2026-10-04T14:09:00Z,recommendationservice,paymentservice,0,0,0,0,0,0,0
2026-10-04T14:09:00Z,recommendationservice,productcatalogservice,137580,137580,0,0,0,983861,137512
2026-10-04T14:09:00Z,recommendationservice,recommendationservice,0,0,0,0,0,0,0
2026-10-04T14:09:00Z,recommendationservice,redis-cart,0,0,0,0,0,0,0
2026-10-04T14:09:00Z,recommendationservice,shippingservice,0,0,0,0,0,0,0
2026-10-04T14:09:00Z,redis-cart,adservice,0,0,0,0,0,0,0
2026-10-04T14:09:00Z,redis-cart,cartservice,0,0,0,0,0,0,0
2026-10-04T14:09:00Z,redis-cart,checkoutservice,0,0,0,0,0,0,0
2026-10-04T14:09:00Z,redis-cart,currencyservice,0,0,0,0,0,0,0
2026-10-04T14:09:00Z,redis-cart,emailservice,0,0,0,0,0,0,0
2026-10-04T14:09:00Z,redis-cart,frontend,0,0,0,0,0,0,0
2026-10-04T14:09:00Z,redis-cart,kubernetes,0,0,0,0,0,0,0
2026-10-04T14:09:00Z,redis-cart,paymentservice,0,0,0,0,0,0,0
2026-10-04T14:09:00Z,redis-cart,productcatalogservice,0,0,0,0,0,0,0
2026-10-04T14:09:00Z,redis-cart,recommendationservice,0,0,0,0,0,0,0
2026-10-04T14:09:00Z,redis-cart,redis-cart,0,0,0,0,0,0,0
2026-10-04T14:09:00Z,redis-cart,shippingservice,0,0,0,0,0,0,0
2026-10-04T14:09:00Z,shippingservice,adservice,0,0,0,0,0,0,0
2026-10-04T14:09:00Z,shippingservice,cartservice,0,0,0,0,0,0,0
2026-10-04T14:09:00Z,shippingservice,checkoutservice,0,0,0,0,0,0,0
2026-10-04T14:09:00Z,shippingservice,currencyservice,0,0,0,0,0,0,0
2026-10-04T14:09:00Z,shippingservice,emailservice,0,0,0,0,0,0,0
2026-10-04T14:09:00Z,shippingservice,frontend,0,0,0,0,0,0,0
2026-10-04T14:09:00Z,shippingservice,kubernetes,0,0,0,0,0,0,0
2026-10-04T14:09:00Z,shippingservice,paymentservice,0,0,0,0,0,0,0
2026-10-04T14:09:00Z,shippingservice,productcatalogservice,0,0,0,0,0,0,0
2026-10-04T14:09:00Z,shippingservice,recommendationservice,0,0,0,0,0,0,0
2026-10-04T14:09:00Z,shippingservice,redis-cart,0,0,0,0,0,0,0
2026-10-04T14:09:00Z,shippingservice,shippingservice,0,0,0,0,0,0,0
2026-10-04T14:09:01Z,adservice,adservice,0,0,0,0,0,0,0
2026-10-04T14:09:01Z,adservice,cartservice,0,0,0,0,0,0,0
2026-10-04T14:09:01Z,adservice,checkoutservice,0,0,0,0,0,0,0
2026-10-04T14:09:01Z,adservice,currencyservice,0,0,0,0,0,0,0
2026-10-04T14:09:01Z,adservice,emailservice,0,0,0,0,0,0,0
2026-10-04T14:09:01Z,adservice,frontend,0,0,0,0,0,0,0
2026-10-04T14:09:01Z,adservice,kubernetes,0,0,0,0,0,0,0
2026-10-04T14:09:01Z,adservice,paymentservice,0,0,0,0,0,0,0
2026-10-04T14:09:01Z,adservice,productcatalogservice,0,0,0,0,0,0,0
2026-10-04T14:09:01Z,adservice,recommendationservice,0,0,0,0,0,0,0
2026-10-04T14:09:01Z,adservice,redis-cart,0,0,0,0,0,0,0
2026-10-04T14:09:01Z,adservice,shippingservice,0,0,0,0,0,0,0
2026-10-04T14:09:01Z,cartservice,adservice,0,0,0,0,0,0,0
2026-10-04T14:09:01Z,cartservice,cartservice,0,0,0,0,0,0,0
2026-10-04T14:09:01Z,cartservice,checkoutservice,0,0,0,0,0,0,0
2026-10-04T14:09:01Z,cartservice,currencyservice,0,0,0,0,0,0,0
2026-10-04T14:09:01Z,cartservice,emailservice,0,0,0,0,0,0,0
2026-10-04T14:09:01Z,cartservice,frontend,0,0,0,0,0,0,0
2026-10-04T14:09:01Z,cartservice,kubernetes,0,0,0,0,0,0,0
2026-10-04T14:09:01Z,cartservice,paymentservice,0,0,0,0,0,0,0
2026-10-04T14:09:01Z,cartservice,productcatalogservice,0,0,0,0,0,0,0
2026-10-04T14:09:01Z,cartservice,recommendationservice,0,0,0,0,0,0,0
2026-10-04T14:09:01Z,cartservice,redis-cart,2,0,0,0,0,0,0
2026-10-04T14:09:01Z,cartservice,shippingservice,0,0,0,0,0,0,0
2026-10-04T14:09:01Z,checkoutservice,adservice,0,0,0,0,0,0,0
2026-10-04T14:09:01Z,checkoutservice,cartservice,53877,52946,0,100,0,666950,52517
2026-10-04T14:09:01Z,checkoutservice,checkoutservice,0,0,0,0,0,0,0
2026-10-04T14:09:01Z,checkoutservice,currencyservice,38336,38336,0,0,0,551826,38122
2026-10-04T14:09:01Z,checkoutservice,emailservice,9574,9288,0,66,0,338346,9074
2026-10-04T14:09:01Z,checkoutservice,frontend,0,0,0,0,0,0,0
2026-10-04T14:09:01Z,checkoutservice,kubernetes,0,0,0,0,0,0,0
2026-10-04T14:09:01Z,checkoutservice,paymentservice,31602,29754,0,192,0,422292,29392
2026-10-04T14:09:01Z,checkoutservice,productcatalogservice,0,0,0,0,0,0,0
2026-10-04T14:09:01Z,checkoutservice,recommendationservice,0,0,0,0,0,0,0
2026-10-04T14:09:01Z,checkoutservice,redis-cart,0,0,0,0,0,0,0
2026-10-04T14:09:01Z,checkoutservice,shippingservice,59188,57085,0,154,0,496725,56655
2026-10-04T14:09:01Z,currencyservice,adservice,0,0,0,0,0,0,0
2026-10-04T14:09:01Z,currencyservice,cartservice,0,0,0,0,0,0,0
2026-10-04T14:09:01Z,currencyservice,checkoutservice,0,0,0,0,0,0,0
2026-10-04T14:09:01Z,currencyservice,currencyservice,0,0,0,0,0,0,0
2026-10-04T14:09:01Z,currencyservice,emailservice,0,0,0,0,0,0,0
2026-10-04T14:09:01Z,currencyservice,frontend,0,0,0,0,0,0,0
2026-10-04T14:09:01Z,currencyservice,kubernetes,0,0,0,0,0,0,0
2026-10-04T14:09:01Z,currencyservice,paymentservice,0,0,0,0,0,0,0
2026-10-04T14:09:01Z,currencyservice,productcatalogservice,0,0,0,0,0,0,0
2026-10-04T14:09:01Z,currencyservice,recommendationservice,0,0,0,0,0,0,0
2026-10-04T14:09:01Z,currencyservice,redis-cart,0,0,0,0,0,0,0
2026-10-04T14:09:01Z,currencyservice,shippingservice,0,0,0,0,0,0,0
2026-10-04T14:09:01Z,emailservice,adservice,0,0,0,0,0,0,0
2026-10-04T14:09:01Z,emailservice,cartservice,0,0,0,0,0,0,0
2026-10-04T14:09:01Z,emailservice,checkoutservice,0,0,0,0,0,0,0
2026-10-04T14:09:01Z,emailservice,currencyservice,0,0,0,0,0,0,0
2026-10-04T14:09:01Z,emailservice,emailservice,0,0,0,0,0,0,0
2026-10-04T14:09:01Z,emailservice,frontend,0,0,0,0,0,0,0
2026-10-04T14:09:01Z,emailservice,kubernetes,0,0,0,0,0,0,0
2026-10-04T14:09:01Z,emailservice,paymentservice,0,0,0,0,0,0,0
2026-10-04T14:09:01Z,emailservice,productcatalogservice,0,0,0,0,0,0,0
2026-10-04T14:09:01Z,emailservice,recommendationservice,0,0,0,0,0,0,0
2026-10-04T14:09:01Z,emailservice,redis-cart,0,0,0,0,0,0,0
2026-10-04T14:09:01Z,emailservice,shippingservice,0,0,0,0,0,0,0
2026-10-04T14:09:01Z,frontend,adservice,841923,841917,0,0,0,2537570,841568
2026-10-04T14:09:01Z,frontend,cartservice,1869490,1869477,0,0,4,10371854,1868433
2026-10-04T14:09:01Z,frontend,checkoutservice,397322,187358,0,40061,169944,62413249,187224
2026-10-04T14:09:01Z,frontend,currencyservice,2972058,2972050,0,0,0,15703303,2970426
2026-10-04T14:09:01Z,frontend,emailservice,0,0,0,0,0,0,0
2026-10-04T14:09:01Z,frontend,frontend,0,0,0,0,0,0,0
2026-10-04T14:09:01Z,frontend,kubernetes,0,0,0,0,0,0,0
2026-10-04T14:09:01Z,frontend,paymentservice,0,0,0,0,0,0,0
2026-10-04T14:09:01Z,frontend,productcatalogservice,8347354,8347285,0,0,0,57053059,8343388
2026-10-04T14:09:01Z,frontend,recommendationservice,2705714,1651681,0,110327,941161,817392336,1650820
2026-10-04T14:09:01Z,frontend,redis-cart,0,0,0,0,0,0,0
2026-10-04T14:09:01Z,frontend,shippingservice,308713,308711,0,0,0,936426,308579
2026-10-04T14:09:01Z,paymentservice,adservice,0,0,0,0,0,0,0
2026-10-04T14:09:01Z,paymentservice,cartservice,0,0,0,0,0,0,0
2026-10-04T14:09:01Z,paymentservice,checkoutservice,0,0,0,0,0,0,0
2026-10-04T14:09:01Z,paymentservice,currencyservice,0,0,0,0,0,0,0
2026-10-04T14:09:01Z,paymentservice,emailservice,0,0,0,0,0,0,0
2026-10-04T14:09:01Z,paymentservice,frontend,0,0,0,0,0,0,0
2026-10-04T14:09:01Z,paymentservice,kubernetes,0,0,0,0,0,0,0
2026-10-04T14:09:01Z,paymentservice,paymentservice,0,0,0,0,0,0,0
2026-10-04T14:09:01Z,paymentservice,productcatalogservice,0,0,0,0,0,0,0
2026-10-04T14:09:01Z,paymentservice,recommendationservice,0,0,0,0,0,0,0
2026-10-04T14:09:01Z,paymentservice,redis-cart,0,0,0,0,0,0,0
2026-10-04T14:09:01Z,paymentservice,shippingservice,0,0,0,0,0,0,0
2026-10-04T14:09:01Z,productcatalogservice,adservice,0,0,0,0,0,0,0
2026-10-04T14:09:01Z,productcatalogservice,cartservice,0,0,0,0,0,0,0
2026-10-04T14:09:01Z,productcatalogservice,checkoutservice,0,0,0,0,0,0,0
2026-10-04T14:09:01Z,productcatalogservice,currencyservice,0,0,0,0,0,0,0
2026-10-04T14:09:01Z,productcatalogservice,emailservice,0,0,0,0,0,0,0
2026-10-04T14:09:01Z,productcatalogservice,frontend,0,0,0,0,0,0,0
2026-10-04T14:09:01Z,productcatalogservice,kubernetes,0,0,0,0,0,0,0
2026-10-04T14:09:01Z,productcatalogservice,paymentservice,0,0,0,0,0,0,0
2026-10-04T14:09:01Z,productcatalogservice,productcatalogservice,0,0,0,0,0,0,0
2026-10-04T14:09:01Z,productcatalogservice,recommendationservice,0,0,0,0,0,0,0
2026-10-04T14:09:01Z,productcatalogservice,redis-cart,0,0,0,0,0,0,0
2026-10-04T14:09:01Z,productcatalogservice,shippingservice,0,0,0,0,0,0,0
2026-10-04T14:09:01Z,recommendationservice,adservice,0,0,0,0,0,0,0
2026-10-04T14:09:01Z,recommendationservice,cartservice,0,0,0,0,0,0,0
2026-10-04T14:09:01Z,recommendationservice,checkoutservice,0,0,0,0,0,0,0
2026-10-04T14:09:01Z,recommendationservice,currencyservice,0,0,0,0,0,0,0
2026-10-04T14:09:01Z,recommendationservice,emailservice,0,0,0,0,0,0,0
2026-10-04T14:09:01Z,recommendationservice,frontend,0,0,0,0,0,0,0
2026-10-04T14:09:01Z,recommendationservice,kubernetes,0,0,0,0,0,0,0
2026-10-04T14:09:01Z,recommendationservice,paymentservice,0,0,0,0,0,0,0
2026-10-04T14:09:01Z,recommendationservice,productcatalogservice,137972,137972,0,0,0,983861,137512
2026-10-04T14:09:01Z,recommendationservice,recommendationservice,0,0,0,0,0,0,0
2026-10-04T14:09:01Z,recommendationservice,redis-cart,0,0,0,0,0,0,0
2026-10-04T14:09:01Z,recommendationservice,shippingservice,0,0,0,0,0,0,0
2026-10-04T14:09:01Z,redis-cart,adservice,0,0,0,0,0,0,0
2026-10-04T14:09:01Z,redis-cart,cartservice,0,0,0,0,0,0,0
2026-10-04T14:09:01Z,redis-cart,checkoutservice,0,0,0,0,0,0,0
2026-10-04T14:09:01Z,redis-cart,currencyservice,0,0,0,0,0,0,0
2026-10-04T14:09:01Z,redis-cart,emailservice,0,0,0,0,0,0,0
2026-10-04T14:09:01Z,redis-cart,frontend,0,0,0,0,0,0,0
2026-10-04T14:09:01Z,redis-cart,kubernetes,0,0,0,0,0,0,0
2026-10-04T14:09:01Z,redis-cart,paymentservice,0,0,0,0,0,0,0
2026-10-04T14:09:01Z,redis-cart,productcatalogservice,0,0,0,0,0,0,0
2026-10-04T14:09:01Z,redis-cart,recommendationservice,0,0,0,0,0,0,0
2026-10-04T14:09:01Z,redis-cart,redis-cart,0,0,0,0,0,0,0
2026-10-04T14:09:01Z,redis-cart,shippingservice,0,0,0,0,0,0,0
2026-10-04T14:09:01Z,shippingservice,adservice,0,0,0,0,0,0,0
2026-10-04T14:09:01Z,shippingservice,cartservice,0,0,0,0,0,0,0
2026-10-04T14:09:01Z,shippingservice,checkoutservice,0,0,0,0,0,0,0
2026-10-04T14:09:01Z,shippingservice,currencyservice,0,0,0,0,0,0,0
2026-10-04T14:09:01Z,shippingservice,emailservice,0,0,0,0,0,0,0
2026-10-04T14:09:01Z,shippingservice,frontend,0,0,0,0,0,0,0
2026-10-04T14:09:01Z,shippingservice,kubernetes,0,0,0,0,0,0,0
2026-10-04T14:09:01Z,shippingservice,paymentservice,0,0,0,0,0,0,0
2026-10-04T14:09:01Z,shippingservice,productcatalogservice,0,0,0,0,0,0,0
2026-10-04T14:09:01Z,shippingservice,recommendationservice,0,0,0,0,0,0,0
2026-10-04T14:09:01Z,shippingservice,redis-cart,0,0,0,0,0,0,0
2026-10-04T14:09:01Z,shippingservice,shippingservice,0,0,0,0,0,0,0
2026-10-04T14:09:02Z,adservice,adservice,0,0,0,0,0,0,0
2026-10-04T14:09:02Z,adservice,cartservice,0,0,0,0,0,0,0
2026-10-04T14:09:02Z,adservice,checkoutservice,0,0,0,0,0,0,0
2026-10-04T14:09:02Z,adservice,currencyservice,0,0,0,0,0,0,0
2026-10-04T14:09:02Z,adservice,emailservice,0,0,0,0,0,0,0
2026-10-04T14:09:02Z,adservice,frontend,0,0,0,0,0,0,0
2026-10-04T14:09:02Z,adservice,kubernetes,0,0,0,0,0,0,0
2026-10-04T14:09:02Z,adservice,paymentservice,0,0,0,0,0,0,0
2026-10-04T14:09:02Z,adservice,productcatalogservice,0,0,0,0,0,0,0
2026-10-04T14:09:02Z,adservice,recommendationservice,0,0,0,0,0,0,0
2026-10-04T14:09:02Z,adservice,redis-cart,0,0,0,0,0,0,0
2026-10-04T14:09:02Z,adservice,shippingservice,0,0,0,0,0,0,0
2026-10-04T14:09:02Z,cartservice,adservice,0,0,0,0,0,0,0
2026-10-04T14:09:02Z,cartservice,cartservice,0,0,0,0,0,0,0
2026-10-04T14:09:02Z,cartservice,checkoutservice,0,0,0,0,0,0,0
2026-10-04T14:09:02Z,cartservice,currencyservice,0,0,0,0,0,0,0
2026-10-04T14:09:02Z,cartservice,emailservice,0,0,0,0,0,0,0
2026-10-04T14:09:02Z,cartservice,frontend,0,0,0,0,0,0,0
2026-10-04T14:09:02Z,cartservice,kubernetes,0,0,0,0,0,0,0
2026-10-04T14:09:02Z,cartservice,paymentservice,0,0,0,0,0,0,0
2026-10-04T14:09:02Z,cartservice,productcatalogservice,0,0,0,0,0,0,0
2026-10-04T14:09:02Z,cartservice,recommendationservice,0,0,0,0,0,0,0
2026-10-04T14:09:02Z,cartservice,redis-cart,2,0,0,0,0,0,0
2026-10-04T14:09:02Z,cartservice,shippingservice,0,0,0,0,0,0,0
2026-10-04T14:09:02Z,checkoutservice,adservice,0,0,0,0,0,0,0
2026-10-04T14:09:02Z,checkoutservice,cartservice,53960,53029,0,100,0,668976,52973
2026-10-04T14:09:02Z,checkoutservice,checkoutservice,0,0,0,0,0,0,0
2026-10-04T14:09:02Z,checkoutservice,currencyservice,38375,38372,0,0,0,552643,38350
2026-10-04T14:09:02Z,checkoutservice,emailservice,9609,9318,0,66,0,342995,9302
2026-10-04T14:09:02Z,checkoutservice,frontend,0,0,0,0,0,0,0
2026-10-04T14:09:02Z,checkoutservice,kubernetes,0,0,0,0,0,0,0
2026-10-04T14:09:02Z,checkoutservice,paymentservice,31638,29790,0,192,0,422981,29620
2026-10-04T14:09:02Z,checkoutservice,productcatalogservice,0,0,0,0,0,0,0
2026-10-04T14:09:02Z,checkoutservice,recommendationservice,0,0,0,0,0,0,0
2026-10-04T14:09:02Z,checkoutservice,redis-cart,0,0,0,0,0,0,0
2026-10-04T14:09:02Z,checkoutservice,shippingservice,59271,57161,0,154,0,497704,57111
2026-10-04T14:09:02Z,currencyservice,adservice,0,0,0,0,0,0,0
2026-10-04T14:09:02Z,currencyservice,cartservice,0,0,0,0,0,0,0
2026-10-04T14:09:02Z,currencyservice,checkoutservice,0,0,0,0,0,0,0
2026-10-04T14:09:02Z,currencyservice,currencyservice,0,0,0,0,0,0,0
2026-10-04T14:09:02Z,currencyservice,emailservice,0,0,0,0,0,0,0
2026-10-04T14:09:02Z,currencyservice,frontend,0,0,0,0,0,0,0
2026-10-04T14:09:02Z,currencyservice,kubernetes,0,0,0,0,0,0,0
2026-10-04T14:09:02Z,currencyservice,paymentservice,0,0,0,0,0,0,0
2026-10-04T14:09:02Z,currencyservice,productcatalogservice,0,0,0,0,0,0,0
2026-10-04T14:09:02Z,currencyservice,recommendationservice,0,0,0,0,0,0,0
2026-10-04T14:09:02Z,currencyservice,redis-cart,0,0,0,0,0,0,0
2026-10-04T14:09:02Z,currencyservice,shippingservice,0,0,0,0,0,0,0
2026-10-04T14:09:02Z,emailservice,adservice,0,0,0,0,0,0,0
2026-10-04T14:09:02Z,emailservice,cartservice,0,0,0,0,0,0,0
2026-10-04T14:09:02Z,emailservice,checkoutservice,0,0,0,0,0,0,0
2026-10-04T14:09:02Z,emailservice,currencyservice,0,0,0,0,0,0,0
2026-10-04T14:09:02Z,emailservice,emailservice,0,0,0,0,0,0,0
2026-10-04T14:09:02Z,emailservice,frontend,0,0,0,0,0,0,0
2026-10-04T14:09:02Z,emailservice,kubernetes,0,0,0,0,0,0,0
2026-10-04T14:09:02Z,emailservice,paymentservice,0,0,0,0,0,0,0
2026-10-04T14:09:02Z,emailservice,productcatalogservice,0,0,0,0,0,0,0
2026-10-04T14:09:02Z,emailservice,recommendationservice,0,0,0,0,0,0,0
2026-10-04T14:09:02Z,emailservice,redis-cart,0,0,0,0,0,0,0
2026-10-04T14:09:02Z,emailservice,shippingservice,0,0,0,0,0,0,0
2026-10-04T14:09:02Z,frontend,adservice,842015,842013,0,0,0,2537570,841568
2026-10-04T14:09:02Z,frontend,cartservice,1869846,1869829,0,0,4,10371854,1868433
2026-10-04T14:09:02Z,frontend,checkoutservice,397368,187399,0,40061,169944,62413249,187224
2026-10-04T14:09:02Z,frontend,currencyservice,2972599,2972592,0,0,0,15703303,2970426
2026-10-04T14:09:02Z,frontend,emailservice,0,0,0,0,0,0,0
2026-10-04T14:09:02Z,frontend,frontend,0,0,0,0,0,0,0
2026-10-04T14:09:02Z,frontend,kubernetes,0,0,0,0,0,0,0
2026-10-04T14:09:02Z,frontend,paymentservice,0,0,0,0,0,0,0
2026-10-04T14:09:02Z,frontend,productcatalogservice,8348523,8348456,0,0,0,57053059,8343388
2026-10-04T14:09:02Z,frontend,recommendationservice,2706470,1651935,0,110393,941579,817392336,1650820
2026-10-04T14:09:02Z,frontend,redis-cart,0,0,0,0,0,0,0
2026-10-04T14:09:02Z,frontend,shippingservice,308754,308752,0,0,0,936426,308579
2026-10-04T14:09:02Z,paymentservice,adservice,0,0,0,0,0,0,0
2026-10-04T14:09:02Z,paymentservice,cartservice,0,0,0,0,0,0,0
2026-10-04T14:09:02Z,paymentservice,checkoutservice,0,0,0,0,0,0,0
2026-10-04T14:09:02Z,paymentservice,currencyservice,0,0,0,0,0,0,0
2026-10-04T14:09:02Z,paymentservice,emailservice,0,0,0,0,0,0,0
2026-10-04T14:09:02Z,paymentservice,frontend,0,0,0,0,0,0,0
2026-10-04T14:09:02Z,paymentservice,kubernetes,0,0,0,0,0,0,0
2026-10-04T14:09:02Z,paymentservice,paymentservice,0,0,0,0,0,0,0
2026-10-04T14:09:02Z,paymentservice,productcatalogservice,0,0,0,0,0,0,0
2026-10-04T14:09:02Z,paymentservice,recommendationservice,0,0,0,0,0,0,0
2026-10-04T14:09:02Z,paymentservice,redis-cart,0,0,0,0,0,0,0
2026-10-04T14:09:02Z,paymentservice,shippingservice,0,0,0,0,0,0,0
2026-10-04T14:09:02Z,productcatalogservice,adservice,0,0,0,0,0,0,0
2026-10-04T14:09:02Z,productcatalogservice,cartservice,0,0,0,0,0,0,0
2026-10-04T14:09:02Z,productcatalogservice,checkoutservice,0,0,0,0,0,0,0
2026-10-04T14:09:02Z,productcatalogservice,currencyservice,0,0,0,0,0,0,0
2026-10-04T14:09:02Z,productcatalogservice,emailservice,0,0,0,0,0,0,0
2026-10-04T14:09:02Z,productcatalogservice,frontend,0,0,0,0,0,0,0
2026-10-04T14:09:02Z,productcatalogservice,kubernetes,0,0,0,0,0,0,0
2026-10-04T14:09:02Z,productcatalogservice,paymentservice,0,0,0,0,0,0,0
2026-10-04T14:09:02Z,productcatalogservice,productcatalogservice,0,0,0,0,0,0,0
2026-10-04T14:09:02Z,productcatalogservice,recommendationservice,0,0,0,0,0,0,0
2026-10-04T14:09:02Z,productcatalogservice,redis-cart,0,0,0,0,0,0,0
2026-10-04T14:09:02Z,productcatalogservice,shippingservice,0,0,0,0,0,0,0
2026-10-04T14:09:02Z,recommendationservice,adservice,0,0,0,0,0,0,0
2026-10-04T14:09:02Z,recommendationservice,cartservice,0,0,0,0,0,0,0
2026-10-04T14:09:02Z,recommendationservice,checkoutservice,0,0,0,0,0,0,0
2026-10-04T14:09:02Z,recommendationservice,currencyservice,0,0,0,0,0,0,0
2026-10-04T14:09:02Z,recommendationservice,emailservice,0,0,0,0,0,0,0
2026-10-04T14:09:02Z,recommendationservice,frontend,0,0,0,0,0,0,0
2026-10-04T14:09:02Z,recommendationservice,kubernetes,0,0,0,0,0,0,0
2026-10-04T14:09:02Z,recommendationservice,paymentservice,0,0,0,0,0,0,0
2026-10-04T14:09:02Z,recommendationservice,productcatalogservice,138366,138366,0,0,0,983861,137512
2026-10-04T14:09:02Z,recommendationservice,recommendationservice,0,0,0,0,0,0,0
2026-10-04T14:09:02Z,recommendationservice,redis-cart,0,0,0,0,0,0,0
2026-10-04T14:09:02Z,recommendationservice,shippingservice,0,0,0,0,0,0,0
2026-10-04T14:09:02Z,redis-cart,adservice,0,0,0,0,0,0,0
2026-10-04T14:09:02Z,redis-cart,cartservice,0,0,0,0,0,0,0
2026-10-04T14:09:02Z,redis-cart,checkoutservice,0,0,0,0,0,0,0
2026-10-04T14:09:02Z,redis-cart,currencyservice,0,0,0,0,0,0,0
2026-10-04T14:09:02Z,redis-cart,emailservice,0,0,0,0,0,0,0
2026-10-04T14:09:02Z,redis-cart,frontend,0,0,0,0,0,0,0
2026-10-04T14:09:02Z,redis-cart,kubernetes,0,0,0,0,0,0,0
2026-10-04T14:09:02Z,redis-cart,paymentservice,0,0,0,0,0,0,0
2026-10-04T14:09:02Z,redis-cart,productcatalogservice,0,0,0,0,0,0,0
2026-10-04T14:09:02Z,redis-cart,recommendationservice,0,0,0,0,0,0,0
2026-10-04T14:09:02Z,redis-cart,redis-cart,0,0,0,0,0,0,0
2026-10-04T14:09:02Z,redis-cart,shippingservice,0,0,0,0,0,0,0
2026-10-04T14:09:02Z,shippingservice,adservice,0,0,0,0,0,0,0
2026-10-04T14:09:02Z,shippingservice,cartservice,0,0,0,0,0,0,0
2026-10-04T14:09:02Z,shippingservice,checkoutservice,0,0,0,0,0,0,0
2026-10-04T14:09:02Z,shippingservice,currencyservice,0,0,0,0,0,0,0
2026-10-04T14:09:02Z,shippingservice,emailservice,0,0,0,0,0,0,0
2026-10-04T14:09:02Z,shippingservice,frontend,0,0,0,0,0,0,0
2026-10-04T14:09:02Z,shippingservice,kubernetes,0,0,0,0,0,0,0
2026-10-04T14:09:02Z,shippingservice,paymentservice,0,0,0,0,0,0,0
2026-10-04T14:09:02Z,shippingservice,productcatalogservice,0,0,0,0,0,0,0
2026-10-04T14:09:02Z,shippingservice,recommendationservice,0,0,0,0,0,0,0
2026-10-04T14:09:02Z,shippingservice,redis-cart,0,0,0,0,0,0,0
2026-10-04T14:09:02Z,shippingservice,shippingservice,0,0,0,0,0,0,0
2026-10-04T14:09:03Z,adservice,adservice,0,0,0,0,0,0,0
2026-10-04T14:09:03Z,adservice,cartservice,0,0,0,0,0,0,0
2026-10-04T14:09:03Z,adservice,checkoutservice,0,0,0,0,0,0,0
2026-10-04T14:09:03Z,adservice,currencyservice,0,0,0,0,0,0,0
2026-10-04T14:09:03Z,adservice,emailservice,0,0,0,0,0,0,0
2026-10-04T14:09:03Z,adservice,frontend,0,0,0,0,0,0,0
2026-10-04T14:09:03Z,adservice,kubernetes,0,0,0,0,0,0,0
2026-10-04T14:09:03Z,adservice,paymentservice,0,0,0,0,0,0,0
2026-10-04T14:09:03Z,adservice,productcatalogservice,0,0,0,0,0,0,0
2026-10-04T14:09:03Z,adservice,recommendationservice,0,0,0,0,0,0,0
2026-10-04T14:09:03Z,adservice,redis-cart,0,0,0,0,0,0,0
2026-10-04T14:09:03Z,adservice,shippingservice,0,0,0,0,0,0,0
2026-10-04T14:09:03Z,cartservice,adservice,0,0,0,0,0,0,0
2026-10-04T14:09:03Z,cartservice,cartservice,0,0,0,0,0,0,0
2026-10-04T14:09:03Z,cartservice,checkoutservice,0,0,0,0,0,0,0
2026-10-04T14:09:03Z,cartservice,currencyservice,0,0,0,0,0,0,0
2026-10-04T14:09:03Z,cartservice,emailservice,0,0,0,0,0,0,0
2026-10-04T14:09:03Z,cartservice,frontend,0,0,0,0,0,0,0
2026-10-04T14:09:03Z,cartservice,kubernetes,0,0,0,0,0,0,0
2026-10-04T14:09:03Z,cartservice,paymentservice,0,0,0,0,0,0,0
2026-10-04T14:09:03Z,cartservice,productcatalogservice,0,0,0,0,0,0,0
2026-10-04T14:09:03Z,cartservice,recommendationservice,0,0,0,0,0,0,0
2026-10-04T14:09:03Z,cartservice,redis-cart,2,0,0,0,0,0,0
2026-10-04T14:09:03Z,cartservice,shippingservice,0,0,0,0,0,0,0
2026-10-04T14:09:03Z,checkoutservice,adservice,0,0,0,0,0,0,0
2026-10-04T14:09:03Z,checkoutservice,cartservice,54040,53108,0,100,0,668976,52973
2026-10-04T14:09:03Z,checkoutservice,checkoutservice,0,0,0,0,0,0,0
2026-10-04T14:09:03Z,checkoutservice,currencyservice,38419,38418,0,0,0,552643,38350
2026-10-04T14:09:03Z,checkoutservice,emailservice,9652,9365,0,66,0,342995,9302
2026-10-04T14:09:03Z,checkoutservice,frontend,0,0,0,0,0,0,0
2026-10-04T14:09:03Z,checkoutservice,kubernetes,0,0,0,0,0,0,0
2026-10-04T14:09:03Z,checkoutservice,paymentservice,31682,29834,0,192,0,422981,29620
2026-10-04T14:09:03Z,checkoutservice,productcatalogservice,0,0,0,0,0,0,0
2026-10-04T14:09:03Z,checkoutservice,recommendationservice,0,0,0,0,0,0,0
2026-10-04T14:09:03Z,checkoutservice,redis-cart,0,0,0,0,0,0,0
2026-10-04T14:09:03Z,checkoutservice,shippingservice,59352,57247,0,154,0,497704,57111
2026-10-04T14:09:03Z,currencyservice,adservice,0,0,0,0,0,0,0
2026-10-04T14:09:03Z,currencyservice,cartservice,0,0,0,0,0,0,0
2026-10-04T14:09:03Z,currencyservice,checkoutservice,0,0,0,0,0,0,0
2026-10-04T14:09:03Z,currencyservice,currencyservice,0,0,0,0,0,0,0
2026-10-04T14:09:03Z,currencyservice,emailservice,0,0,0,0,0,0,0
2026-10-04T14:09:03Z,currencyservice,frontend,0,0,0,0,0,0,0
2026-10-04T14:09:03Z,currencyservice,kubernetes,0,0,0,0,0,0,0
2026-10-04T14:09:03Z,currencyservice,paymentservice,0,0,0,0,0,0,0
2026-10-04T14:09:03Z,currencyservice,productcatalogservice,0,0,0,0,0,0,0
2026-10-04T14:09:03Z,currencyservice,recommendationservice,0,0,0,0,0,0,0
2026-10-04T14:09:03Z,currencyservice,redis-cart,0,0,0,0,0,0,0
2026-10-04T14:09:03Z,currencyservice,shippingservice,0,0,0,0,0,0,0
2026-10-04T14:09:03Z,emailservice,adservice,0,0,0,0,0,0,0
2026-10-04T14:09:03Z,emailservice,cartservice,0,0,0,0,0,0,0
2026-10-04T14:09:03Z,emailservice,checkoutservice,0,0,0,0,0,0,0
2026-10-04T14:09:03Z,emailservice,currencyservice,0,0,0,0,0,0,0
2026-10-04T14:09:03Z,emailservice,emailservice,0,0,0,0,0,0,0
2026-10-04T14:09:03Z,emailservice,frontend,0,0,0,0,0,0,0
2026-10-04T14:09:03Z,emailservice,kubernetes,0,0,0,0,0,0,0
2026-10-04T14:09:03Z,emailservice,paymentservice,0,0,0,0,0,0,0
2026-10-04T14:09:03Z,emailservice,productcatalogservice,0,0,0,0,0,0,0
2026-10-04T14:09:03Z,emailservice,recommendationservice,0,0,0,0,0,0,0
2026-10-04T14:09:03Z,emailservice,redis-cart,0,0,0,0,0,0,0
2026-10-04T14:09:03Z,emailservice,shippingservice,0,0,0,0,0,0,0
2026-10-04T14:09:03Z,frontend,adservice,842099,842096,0,0,0,2537915,841698
2026-10-04T14:09:03Z,frontend,cartservice,1870193,1870181,0,0,4,10373754,1868880
2026-10-04T14:09:03Z,frontend,checkoutservice,397408,187438,0,40061,169944,62419309,187279
2026-10-04T14:09:03Z,frontend,currencyservice,2973121,2973112,0,0,0,15706075,2971094
2026-10-04T14:09:03Z,frontend,emailservice,0,0,0,0,0,0,0
2026-10-04T14:09:03Z,frontend,frontend,0,0,0,0,0,0,0
2026-10-04T14:09:03Z,frontend,kubernetes,0,0,0,0,0,0,0
2026-10-04T14:09:03Z,frontend,paymentservice,0,0,0,0,0,0,0
2026-10-04T14:09:03Z,frontend,productcatalogservice,8349614,8349542,0,0,0,57063009,8344967
2026-10-04T14:09:03Z,frontend,recommendationservice,2707251,1652203,0,110472,942008,817696941,1651192
2026-10-04T14:09:03Z,frontend,redis-cart,0,0,0,0,0,0,0
2026-10-04T14:09:03Z,frontend,shippingservice,308791,308789,0,0,0,936546,308634
2026-10-04T14:09:03Z,paymentservice,adservice,0,0,0,0,0,0,0
2026-10-04T14:09:03Z,paymentservice,cartservice,0,0,0,0,0,0,0
2026-10-04T14:09:03Z,paymentservice,checkoutservice,0,0,0,0,0,0,0
2026-10-04T14:09:03Z,paymentservice,currencyservice,0,0,0,0,0,0,0
2026-10-04T14:09:03Z,paymentservice,emailservice,0,0,0,0,0,0,0
2026-10-04T14:09:03Z,paymentservice,frontend,0,0,0,0,0,0,0
2026-10-04T14:09:03Z,paymentservice,kubernetes,0,0,0,0,0,0,0
2026-10-04T14:09:03Z,paymentservice,paymentservice,0,0,0,0,0,0,0
2026-10-04T14:09:03Z,paymentservice,productcatalogservice,0,0,0,0,0,0,0
2026-10-04T14:09:03Z,paymentservice,recommendationservice,0,0,0,0,0,0,0
2026-10-04T14:09:03Z,paymentservice,redis-cart,0,0,0,0,0,0,0
2026-10-04T14:09:03Z,paymentservice,shippingservice,0,0,0,0,0,0,0
2026-10-04T14:09:03Z,productcatalogservice,adservice,0,0,0,0,0,0,0
2026-10-04T14:09:03Z,productcatalogservice,cartservice,0,0,0,0,0,0,0
2026-10-04T14:09:03Z,productcatalogservice,checkoutservice,0,0,0,0,0,0,0
2026-10-04T14:09:03Z,productcatalogservice,currencyservice,0,0,0,0,0,0,0
2026-10-04T14:09:03Z,productcatalogservice,emailservice,0,0,0,0,0,0,0
2026-10-04T14:09:03Z,productcatalogservice,frontend,0,0,0,0,0,0,0
2026-10-04T14:09:03Z,productcatalogservice,kubernetes,0,0,0,0,0,0,0
2026-10-04T14:09:03Z,productcatalogservice,paymentservice,0,0,0,0,0,0,0
2026-10-04T14:09:03Z,productcatalogservice,productcatalogservice,0,0,0,0,0,0,0
2026-10-04T14:09:03Z,productcatalogservice,recommendationservice,0,0,0,0,0,0,0
2026-10-04T14:09:03Z,productcatalogservice,redis-cart,0,0,0,0,0,0,0
2026-10-04T14:09:03Z,productcatalogservice,shippingservice,0,0,0,0,0,0,0
2026-10-04T14:09:03Z,recommendationservice,adservice,0,0,0,0,0,0,0
2026-10-04T14:09:03Z,recommendationservice,cartservice,0,0,0,0,0,0,0
2026-10-04T14:09:03Z,recommendationservice,checkoutservice,0,0,0,0,0,0,0
2026-10-04T14:09:03Z,recommendationservice,currencyservice,0,0,0,0,0,0,0
2026-10-04T14:09:03Z,recommendationservice,emailservice,0,0,0,0,0,0,0
2026-10-04T14:09:03Z,recommendationservice,frontend,0,0,0,0,0,0,0
2026-10-04T14:09:03Z,recommendationservice,kubernetes,0,0,0,0,0,0,0
2026-10-04T14:09:03Z,recommendationservice,paymentservice,0,0,0,0,0,0,0
2026-10-04T14:09:03Z,recommendationservice,productcatalogservice,138736,138733,0,0,0,983861,137512
2026-10-04T14:09:03Z,recommendationservice,recommendationservice,0,0,0,0,0,0,0
2026-10-04T14:09:03Z,recommendationservice,redis-cart,0,0,0,0,0,0,0
2026-10-04T14:09:03Z,recommendationservice,shippingservice,0,0,0,0,0,0,0
2026-10-04T14:09:03Z,redis-cart,adservice,0,0,0,0,0,0,0
2026-10-04T14:09:03Z,redis-cart,cartservice,0,0,0,0,0,0,0
2026-10-04T14:09:03Z,redis-cart,checkoutservice,0,0,0,0,0,0,0
2026-10-04T14:09:03Z,redis-cart,currencyservice,0,0,0,0,0,0,0
2026-10-04T14:09:03Z,redis-cart,emailservice,0,0,0,0,0,0,0
2026-10-04T14:09:03Z,redis-cart,frontend,0,0,0,0,0,0,0
2026-10-04T14:09:03Z,redis-cart,kubernetes,0,0,0,0,0,0,0
2026-10-04T14:09:03Z,redis-cart,paymentservice,0,0,0,0,0,0,0
2026-10-04T14:09:03Z,redis-cart,productcatalogservice,0,0,0,0,0,0,0
2026-10-04T14:09:03Z,redis-cart,recommendationservice,0,0,0,0,0,0,0
2026-10-04T14:09:03Z,redis-cart,redis-cart,0,0,0,0,0,0,0
2026-10-04T14:09:03Z,redis-cart,shippingservice,0,0,0,0,0,0,0
2026-10-04T14:09:03Z,shippingservice,adservice,0,0,0,0,0,0,0
2026-10-04T14:09:03Z,shippingservice,cartservice,0,0,0,0,0,0,0
2026-10-04T14:09:03Z,shippingservice,checkoutservice,0,0,0,0,0,0,0
2026-10-04T14:09:03Z,shippingservice,currencyservice,0,0,0,0,0,0,0
2026-10-04T14:09:03Z,shippingservice,emailservice,0,0,0,0,0,0,0
2026-10-04T14:09:03Z,shippingservice,frontend,0,0,0,0,0,0,0
2026-10-04T14:09:03Z,shippingservice,kubernetes,0,0,0,0,0,0,0
2026-10-04T14:09:03Z,shippingservice,paymentservice,0,0,0,0,0,0,0
2026-10-04T14:09:03Z,shippingservice,productcatalogservice,0,0,0,0,0,0,0
2026-10-04T14:09:03Z,shippingservice,recommendationservice,0,0,0,0,0,0,0
2026-10-04T14:09:03Z,shippingservice,redis-cart,0,0,0,0,0,0,0
2026-10-04T14:09:03Z,shippingservice,shippingservice,0,0,0,0,0,0,0
2026-10-04T14:09:04Z,adservice,adservice,0,0,0,0,0,0,0
2026-10-04T14:09:04Z,adservice,cartservice,0,0,0,0,0,0,0
2026-10-04T14:09:04Z,adservice,checkoutservice,0,0,0,0,0,0,0
2026-10-04T14:09:04Z,adservice,currencyservice,0,0,0,0,0,0,0
2026-10-04T14:09:04Z,adservice,emailservice,0,0,0,0,0,0,0
2026-10-04T14:09:04Z,adservice,frontend,0,0,0,0,0,0,0
2026-10-04T14:09:04Z,adservice,kubernetes,0,0,0,0,0,0,0
2026-10-04T14:09:04Z,adservice,paymentservice,0,0,0,0,0,0,0
2026-10-04T14:09:04Z,adservice,productcatalogservice,0,0,0,0,0,0,0
2026-10-04T14:09:04Z,adservice,recommendationservice,0,0,0,0,0,0,0
2026-10-04T14:09:04Z,adservice,redis-cart,0,0,0,0,0,0,0
2026-10-04T14:09:04Z,adservice,shippingservice,0,0,0,0,0,0,0
2026-10-04T14:09:04Z,cartservice,adservice,0,0,0,0,0,0,0
2026-10-04T14:09:04Z,cartservice,cartservice,0,0,0,0,0,0,0
2026-10-04T14:09:04Z,cartservice,checkoutservice,0,0,0,0,0,0,0
2026-10-04T14:09:04Z,cartservice,currencyservice,0,0,0,0,0,0,0
2026-10-04T14:09:04Z,cartservice,emailservice,0,0,0,0,0,0,0
2026-10-04T14:09:04Z,cartservice,frontend,0,0,0,0,0,0,0
2026-10-04T14:09:04Z,cartservice,kubernetes,0,0,0,0,0,0,0
2026-10-04T14:09:04Z,cartservice,paymentservice,0,0,0,0,0,0,0
2026-10-04T14:09:04Z,cartservice,productcatalogservice,0,0,0,0,0,0,0
2026-10-04T14:09:04Z,cartservice,recommendationservice,0,0,0,0,0,0,0
2026-10-04T14:09:04Z,cartservice,redis-cart,2,0,0,0,0,0,0
2026-10-04T14:09:04Z,cartservice,shippingservice,0,0,0,0,0,0,0
2026-10-04T14:09:04Z,checkoutservice,adservice,0,0,0,0,0,0,0
2026-10-04T14:09:04Z,checkoutservice,cartservice,54105,53174,0,100,0,668976,52973
2026-10-04T14:09:04Z,checkoutservice,checkoutservice,0,0,0,0,0,0,0
2026-10-04T14:09:04Z,checkoutservice,currencyservice,38448,38448,0,0,0,552643,38350
2026-10-04T14:09:04Z,checkoutservice,emailservice,9685,9399,0,66,0,342995,9302
2026-10-04T14:09:04Z,checkoutservice,frontend,0,0,0,0,0,0,0
2026-10-04T14:09:04Z,checkoutservice,kubernetes,0,0,0,0,0,0,0
2026-10-04T14:09:04Z,checkoutservice,paymentservice,31714,29866,0,192,0,422981,29620
2026-10-04T14:09:04Z,checkoutservice,productcatalogservice,0,0,0,0,0,0,0
2026-10-04T14:09:04Z,checkoutservice,recommendationservice,0,0,0,0,0,0,0
2026-10-04T14:09:04Z,checkoutservice,redis-cart,0,0,0,0,0,0,0
2026-10-04T14:09:04Z,checkoutservice,shippingservice,59414,57311,0,154,0,497704,57111
2026-10-04T14:09:04Z,currencyservice,adservice,0,0,0,0,0,0,0
2026-10-04T14:09:04Z,currencyservice,cartservice,0,0,0,0,0,0,0
2026-10-04T14:09:04Z,currencyservice,checkoutservice,0,0,0,0,0,0,0
2026-10-04T14:09:04Z,currencyservice,currencyservice,0,0,0,0,0,0,0
2026-10-04T14:09:04Z,currencyservice,emailservice,0,0,0,0,0,0,0
2026-10-04T14:09:04Z,currencyservice,frontend,0,0,0,0,0,0,0
2026-10-04T14:09:04Z,currencyservice,kubernetes,0,0,0,0,0,0,0
2026-10-04T14:09:04Z,currencyservice,paymentservice,0,0,0,0,0,0,0
2026-10-04T14:09:04Z,currencyservice,productcatalogservice,0,0,0,0,0,0,0
2026-10-04T14:09:04Z,currencyservice,recommendationservice,0,0,0,0,0,0,0
2026-10-04T14:09:04Z,currencyservice,redis-cart,0,0,0,0,0,0,0
2026-10-04T14:09:04Z,currencyservice,shippingservice,0,0,0,0,0,0,0
2026-10-04T14:09:04Z,emailservice,adservice,0,0,0,0,0,0,0
2026-10-04T14:09:04Z,emailservice,cartservice,0,0,0,0,0,0,0
2026-10-04T14:09:04Z,emailservice,checkoutservice,0,0,0,0,0,0,0
2026-10-04T14:09:04Z,emailservice,currencyservice,0,0,0,0,0,0,0
2026-10-04T14:09:04Z,emailservice,emailservice,0,0,0,0,0,0,0
2026-10-04T14:09:04Z,emailservice,frontend,0,0,0,0,0,0,0
2026-10-04T14:09:04Z,emailservice,kubernetes,0,0,0,0,0,0,0
2026-10-04T14:09:04Z,emailservice,paymentservice,0,0,0,0,0,0,0
2026-10-04T14:09:04Z,emailservice,productcatalogservice,0,0,0,0,0,0,0
2026-10-04T14:09:04Z,emailservice,recommendationservice,0,0,0,0,0,0,0
2026-10-04T14:09:04Z,emailservice,redis-cart,0,0,0,0,0,0,0
2026-10-04T14:09:04Z,emailservice,shippingservice,0,0,0,0,0,0,0
2026-10-04T14:09:04Z,frontend,adservice,842188,842186,0,0,0,2539163,842119
2026-10-04T14:09:04Z,frontend,cartservice,1870540,1870525,0,0,4,10379587,1870244
2026-10-04T14:09:04Z,frontend,checkoutservice,397444,187477,0,40061,169944,62437109,187444
2026-10-04T14:09:04Z,frontend,currencyservice,2973640,2973630,0,0,0,15714267,2973202
2026-10-04T14:09:04Z,frontend,emailservice,0,0,0,0,0,0,0
2026-10-04T14:09:04Z,frontend,frontend,0,0,0,0,0,0,0
2026-10-04T14:09:04Z,frontend,kubernetes,0,0,0,0,0,0,0
2026-10-04T14:09:04Z,frontend,paymentservice,0,0,0,0,0,0,0
2026-10-04T14:09:04Z,frontend,productcatalogservice,8350659,8350598,0,0,0,57089783,8349769
2026-10-04T14:09:04Z,frontend,recommendationservice,2708083,1652446,0,110548,942516,818595356,1652238
2026-10-04T14:09:04Z,frontend,redis-cart,0,0,0,0,0,0,0
2026-10-04T14:09:04Z,frontend,shippingservice,308825,308823,0,0,0,936986,308798
2026-10-04T14:09:04Z,paymentservice,adservice,0,0,0,0,0,0,0
2026-10-04T14:09:04Z,paymentservice,cartservice,0,0,0,0,0,0,0
2026-10-04T14:09:04Z,paymentservice,checkoutservice,0,0,0,0,0,0,0
2026-10-04T14:09:04Z,paymentservice,currencyservice,0,0,0,0,0,0,0
2026-10-04T14:09:04Z,paymentservice,emailservice,0,0,0,0,0,0,0
2026-10-04T14:09:04Z,paymentservice,frontend,0,0,0,0,0,0,0
2026-10-04T14:09:04Z,paymentservice,kubernetes,0,0,0,0,0,0,0
2026-10-04T14:09:04Z,paymentservice,paymentservice,0,0,0,0,0,0,0
2026-10-04T14:09:04Z,paymentservice,productcatalogservice,0,0,0,0,0,0,0
2026-10-04T14:09:04Z,paymentservice,recommendationservice,0,0,0,0,0,0,0
2026-10-04T14:09:04Z,paymentservice,redis-cart,0,0,0,0,0,0,0
2026-10-04T14:09:04Z,paymentservice,shippingservice,0,0,0,0,0,0,0
2026-10-04T14:09:04Z,productcatalogservice,adservice,0,0,0,0,0,0,0
2026-10-04T14:09:04Z,productcatalogservice,cartservice,0,0,0,0,0,0,0
2026-10-04T14:09:04Z,productcatalogservice,checkoutservice,0,0,0,0,0,0,0
2026-10-04T14:09:04Z,productcatalogservice,currencyservice,0,0,0,0,0,0,0
2026-10-04T14:09:04Z,productcatalogservice,emailservice,0,0,0,0,0,0,0
2026-10-04T14:09:04Z,productcatalogservice,frontend,0,0,0,0,0,0,0
2026-10-04T14:09:04Z,productcatalogservice,kubernetes,0,0,0,0,0,0,0
2026-10-04T14:09:04Z,productcatalogservice,paymentservice,0,0,0,0,0,0,0
2026-10-04T14:09:04Z,productcatalogservice,productcatalogservice,0,0,0,0,0,0,0
2026-10-04T14:09:04Z,productcatalogservice,recommendationservice,0,0,0,0,0,0,0
2026-10-04T14:09:04Z,productcatalogservice,redis-cart,0,0,0,0,0,0,0
2026-10-04T14:09:04Z,productcatalogservice,shippingservice,0,0,0,0,0,0,0
2026-10-04T14:09:04Z,recommendationservice,adservice,0,0,0,0,0,0,0
2026-10-04T14:09:04Z,recommendationservice,cartservice,0,0,0,0,0,0,0
2026-10-04T14:09:04Z,recommendationservice,checkoutservice,0,0,0,0,0,0,0
2026-10-04T14:09:04Z,recommendationservice,currencyservice,0,0,0,0,0,0,0
2026-10-04T14:09:04Z,recommendationservice,emailservice,0,0,0,0,0,0,0
2026-10-04T14:09:04Z,recommendationservice,frontend,0,0,0,0,0,0,0
2026-10-04T14:09:04Z,recommendationservice,kubernetes,0,0,0,0,0,0,0
2026-10-04T14:09:04Z,recommendationservice,paymentservice,0,0,0,0,0,0,0
2026-10-04T14:09:04Z,recommendationservice,productcatalogservice,139088,139088,0,0,0,983861,137512
2026-10-04T14:09:04Z,recommendationservice,recommendationservice,0,0,0,0,0,0,0
2026-10-04T14:09:04Z,recommendationservice,redis-cart,0,0,0,0,0,0,0
2026-10-04T14:09:04Z,recommendationservice,shippingservice,0,0,0,0,0,0,0
2026-10-04T14:09:04Z,redis-cart,adservice,0,0,0,0,0,0,0
2026-10-04T14:09:04Z,redis-cart,cartservice,0,0,0,0,0,0,0
2026-10-04T14:09:04Z,redis-cart,checkoutservice,0,0,0,0,0,0,0
2026-10-04T14:09:04Z,redis-cart,currencyservice,0,0,0,0,0,0,0
2026-10-04T14:09:04Z,redis-cart,emailservice,0,0,0,0,0,0,0
2026-10-04T14:09:04Z,redis-cart,frontend,0,0,0,0,0,0,0
2026-10-04T14:09:04Z,redis-cart,kubernetes,0,0,0,0,0,0,0
2026-10-04T14:09:04Z,redis-cart,paymentservice,0,0,0,0,0,0,0
2026-10-04T14:09:04Z,redis-cart,productcatalogservice,0,0,0,0,0,0,0
2026-10-04T14:09:04Z,redis-cart,recommendationservice,0,0,0,0,0,0,0
2026-10-04T14:09:04Z,redis-cart,redis-cart,0,0,0,0,0,0,0
2026-10-04T14:09:04Z,redis-cart,shippingservice,0,0,0,0,0,0,0
2026-10-04T14:09:04Z,shippingservice,adservice,0,0,0,0,0,0,0
2026-10-04T14:09:04Z,shippingservice,cartservice,0,0,0,0,0,0,0
2026-10-04T14:09:04Z,shippingservice,checkoutservice,0,0,0,0,0,0,0
2026-10-04T14:09:04Z,shippingservice,currencyservice,0,0,0,0,0,0,0
2026-10-04T14:09:04Z,shippingservice,emailservice,0,0,0,0,0,0,0
2026-10-04T14:09:04Z,shippingservice,frontend,0,0,0,0,0,0,0
2026-10-04T14:09:04Z,shippingservice,kubernetes,0,0,0,0,0,0,0
2026-10-04T14:09:04Z,shippingservice,paymentservice,0,0,0,0,0,0,0
2026-10-04T14:09:04Z,shippingservice,productcatalogservice,0,0,0,0,0,0,0
2026-10-04T14:09:04Z,shippingservice,recommendationservice,0,0,0,0,0,0,0
2026-10-04T14:09:04Z,shippingservice,redis-cart,0,0,0,0,0,0,0
2026-10-04T14:09:04Z,shippingservice,shippingservice,0,0,0,0,0,0,0
2026-10-04T14:09:05Z,adservice,adservice,0,0,0,0,0,0,0
2026-10-04T14:09:05Z,adservice,cartservice,0,0,0,0,0,0,0
2026-10-04T14:09:05Z,adservice,checkoutservice,0,0,0,0,0,0,0
2026-10-04T14:09:05Z,adservice,currencyservice,0,0,0,0,0,0,0
2026-10-04T14:09:05Z,adservice,emailservice,0,0,0,0,0,0,0
2026-10-04T14:09:05Z,adservice,frontend,0,0,0,0,0,0,0
2026-10-04T14:09:05Z,adservice,kubernetes,0,0,0,0,0,0,0
2026-10-04T14:09:05Z,adservice,paymentservice,0,0,0,0,0,0,0
2026-10-04T14:09:05Z,adservice,productcatalogservice,0,0,0,0,0,0,0
2026-10-04T14:09:05Z,adservice,recommendationservice,0,0,0,0,0,0,0
2026-10-04T14:09:05Z,adservice,redis-cart,0,0,0,0,0,0,0
2026-10-04T14:09:05Z,adservice,shippingservice,0,0,0,0,0,0,0
2026-10-04T14:09:05Z,cartservice,adservice,0,0,0,0,0,0,0
2026-10-04T14:09:05Z,cartservice,cartservice,0,0,0,0,0,0,0
2026-10-04T14:09:05Z,cartservice,checkoutservice,0,0,0,0,0,0,0
2026-10-04T14:09:05Z,cartservice,currencyservice,0,0,0,0,0,0,0
2026-10-04T14:09:05Z,cartservice,emailservice,0,0,0,0,0,0,0
2026-10-04T14:09:05Z,cartservice,frontend,0,0,0,0,0,0,0
2026-10-04T14:09:05Z,cartservice,kubernetes,0,0,0,0,0,0,0
2026-10-04T14:09:05Z,cartservice,paymentservice,0,0,0,0,0,0,0
2026-10-04T14:09:05Z,cartservice,productcatalogservice,0,0,0,0,0,0,0
2026-10-04T14:09:05Z,cartservice,recommendationservice,0,0,0,0,0,0,0
2026-10-04T14:09:05Z,cartservice,redis-cart,2,0,0,0,0,0,0
2026-10-04T14:09:05Z,cartservice,shippingservice,0,0,0,0,0,0,0
2026-10-04T14:09:05Z,checkoutservice,adservice,0,0,0,0,0,0,0
2026-10-04T14:09:05Z,checkoutservice,cartservice,54206,53274,0,100,0,668976,52973
2026-10-04T14:09:05Z,checkoutservice,checkoutservice,0,0,0,0,0,0,0
2026-10-04T14:09:05Z,checkoutservice,currencyservice,38500,38500,0,0,0,552643,38350
2026-10-04T14:09:05Z,checkoutservice,emailservice,9738,9452,0,66,0,342995,9302
2026-10-04T14:09:05Z,checkoutservice,frontend,0,0,0,0,0,0,0
2026-10-04T14:09:05Z,checkoutservice,kubernetes,0,0,0,0,0,0,0
2026-10-04T14:09:05Z,checkoutservice,paymentservice,31766,29918,0,192,0,422981,29620
2026-10-04T14:09:05Z,checkoutservice,productcatalogservice,0,0,0,0,0,0,0
2026-10-04T14:09:05Z,checkoutservice,recommendationservice,0,0,0,0,0,0,0
2026-10-04T14:09:05Z,checkoutservice,redis-cart,0,0,0,0,0,0,0
2026-10-04T14:09:05Z,checkoutservice,shippingservice,59516,57413,0,154,0,497704,57111
2026-10-04T14:09:05Z,currencyservice,adservice,0,0,0,0,0,0,0
2026-10-04T14:09:05Z,currencyservice,cartservice,0,0,0,0,0,0,0
2026-10-04T14:09:05Z,currencyservice,checkoutservice,0,0,0,0,0,0,0
2026-10-04T14:09:05Z,currencyservice,currencyservice,0,0,0,0,0,0,0
2026-10-04T14:09:05Z,currencyservice,emailservice,0,0,0,0,0,0,0
2026-10-04T14:09:05Z,currencyservice,frontend,0,0,0,0,0,0,0
2026-10-04T14:09:05Z,currencyservice,kubernetes,0,0,0,0,0,0,0
2026-10-04T14:09:05Z,currencyservice,paymentservice,0,0,0,0,0,0,0
2026-10-04T14:09:05Z,currencyservice,productcatalogservice,0,0,0,0,0,0,0
2026-10-04T14:09:05Z,currencyservice,recommendationservice,0,0,0,0,0,0,0
2026-10-04T14:09:05Z,currencyservice,redis-cart,0,0,0,0,0,0,0
2026-10-04T14:09:05Z,currencyservice,shippingservice,0,0,0,0,0,0,0
2026-10-04T14:09:05Z,emailservice,adservice,0,0,0,0,0,0,0
2026-10-04T14:09:05Z,emailservice,cartservice,0,0,0,0,0,0,0
2026-10-04T14:09:05Z,emailservice,checkoutservice,0,0,0,0,0,0,0
2026-10-04T14:09:05Z,emailservice,currencyservice,0,0,0,0,0,0,0
2026-10-04T14:09:05Z,emailservice,emailservice,0,0,0,0,0,0,0
2026-10-04T14:09:05Z,emailservice,frontend,0,0,0,0,0,0,0
2026-10-04T14:09:05Z,emailservice,kubernetes,0,0,0,0,0,0,0
2026-10-04T14:09:05Z,emailservice,paymentservice,0,0,0,0,0,0,0
2026-10-04T14:09:05Z,emailservice,productcatalogservice,0,0,0,0,0,0,0
2026-10-04T14:09:05Z,emailservice,recommendationservice,0,0,0,0,0,0,0
2026-10-04T14:09:05Z,emailservice,redis-cart,0,0,0,0,0,0,0
2026-10-04T14:09:05Z,emailservice,shippingservice,0,0,0,0,0,0,0
2026-10-04T14:09:05Z,frontend,adservice,842325,842323,0,0,0,2539163,842119
2026-10-04T14:09:05Z,frontend,cartservice,1870906,1870893,0,0,4,10379587,1870244
2026-10-04T14:09:05Z,frontend,checkoutservice,397498,187529,0,40061,169944,62437109,187444
2026-10-04T14:09:05Z,frontend,currencyservice,2974222,2974210,0,0,0,15714267,2973202
2026-10-04T14:09:05Z,frontend,emailservice,0,0,0,0,0,0,0
2026-10-04T14:09:05Z,frontend,frontend,0,0,0,0,0,0,0
2026-10-04T14:09:05Z,frontend,kubernetes,0,0,0,0,0,0,0
2026-10-04T14:09:05Z,frontend,paymentservice,0,0,0,0,0,0,0
2026-10-04T14:09:05Z,frontend,productcatalogservice,8352096,8352024,0,0,0,57089783,8349769
2026-10-04T14:09:05Z,frontend,recommendationservice,2708841,1652775,0,110618,942895,818595356,1652238
2026-10-04T14:09:05Z,frontend,redis-cart,0,0,0,0,0,0,0
2026-10-04T14:09:05Z,frontend,shippingservice,308862,308860,0,0,0,936986,308798
2026-10-04T14:09:05Z,paymentservice,adservice,0,0,0,0,0,0,0
2026-10-04T14:09:05Z,paymentservice,cartservice,0,0,0,0,0,0,0
2026-10-04T14:09:05Z,paymentservice,checkoutservice,0,0,0,0,0,0,0
2026-10-04T14:09:05Z,paymentservice,currencyservice,0,0,0,0,0,0,0
2026-10-04T14:09:05Z,paymentservice,emailservice,0,0,0,0,0,0,0
2026-10-04T14:09:05Z,paymentservice,frontend,0,0,0,0,0,0,0
2026-10-04T14:09:05Z,paymentservice,kubernetes,0,0,0,0,0,0,0
2026-10-04T14:09:05Z,paymentservice,paymentservice,0,0,0,0,0,0,0
2026-10-04T14:09:05Z,paymentservice,productcatalogservice,0,0,0,0,0,0,0
2026-10-04T14:09:05Z,paymentservice,recommendationservice,0,0,0,0,0,0,0
2026-10-04T14:09:05Z,paymentservice,redis-cart,0,0,0,0,0,0,0
2026-10-04T14:09:05Z,paymentservice,shippingservice,0,0,0,0,0,0,0
2026-10-04T14:09:05Z,productcatalogservice,adservice,0,0,0,0,0,0,0
2026-10-04T14:09:05Z,productcatalogservice,cartservice,0,0,0,0,0,0,0
2026-10-04T14:09:05Z,productcatalogservice,checkoutservice,0,0,0,0,0,0,0
2026-10-04T14:09:05Z,productcatalogservice,currencyservice,0,0,0,0,0,0,0
2026-10-04T14:09:05Z,productcatalogservice,emailservice,0,0,0,0,0,0,0
2026-10-04T14:09:05Z,productcatalogservice,frontend,0,0,0,0,0,0,0
2026-10-04T14:09:05Z,productcatalogservice,kubernetes,0,0,0,0,0,0,0
2026-10-04T14:09:05Z,productcatalogservice,paymentservice,0,0,0,0,0,0,0
2026-10-04T14:09:05Z,productcatalogservice,productcatalogservice,0,0,0,0,0,0,0
2026-10-04T14:09:05Z,productcatalogservice,recommendationservice,0,0,0,0,0,0,0
2026-10-04T14:09:05Z,productcatalogservice,redis-cart,0,0,0,0,0,0,0
2026-10-04T14:09:05Z,productcatalogservice,shippingservice,0,0,0,0,0,0,0
2026-10-04T14:09:05Z,recommendationservice,adservice,0,0,0,0,0,0,0
2026-10-04T14:09:05Z,recommendationservice,cartservice,0,0,0,0,0,0,0
2026-10-04T14:09:05Z,recommendationservice,checkoutservice,0,0,0,0,0,0,0
2026-10-04T14:09:05Z,recommendationservice,currencyservice,0,0,0,0,0,0,0
2026-10-04T14:09:05Z,recommendationservice,emailservice,0,0,0,0,0,0,0
2026-10-04T14:09:05Z,recommendationservice,frontend,0,0,0,0,0,0,0
2026-10-04T14:09:05Z,recommendationservice,kubernetes,0,0,0,0,0,0,0
2026-10-04T14:09:05Z,recommendationservice,paymentservice,0,0,0,0,0,0,0
2026-10-04T14:09:05Z,recommendationservice,productcatalogservice,139501,139496,0,0,0,994379,139411
2026-10-04T14:09:05Z,recommendationservice,recommendationservice,0,0,0,0,0,0,0
2026-10-04T14:09:05Z,recommendationservice,redis-cart,0,0,0,0,0,0,0
2026-10-04T14:09:05Z,recommendationservice,shippingservice,0,0,0,0,0,0,0
2026-10-04T14:09:05Z,redis-cart,adservice,0,0,0,0,0,0,0
2026-10-04T14:09:05Z,redis-cart,cartservice,0,0,0,0,0,0,0
2026-10-04T14:09:05Z,redis-cart,checkoutservice,0,0,0,0,0,0,0
2026-10-04T14:09:05Z,redis-cart,currencyservice,0,0,0,0,0,0,0
2026-10-04T14:09:05Z,redis-cart,emailservice,0,0,0,0,0,0,0
2026-10-04T14:09:05Z,redis-cart,frontend,0,0,0,0,0,0,0
2026-10-04T14:09:05Z,redis-cart,kubernetes,0,0,0,0,0,0,0
2026-10-04T14:09:05Z,redis-cart,paymentservice,0,0,0,0,0,0,0
2026-10-04T14:09:05Z,redis-cart,productcatalogservice,0,0,0,0,0,0,0
2026-10-04T14:09:05Z,redis-cart,recommendationservice,0,0,0,0,0,0,0
2026-10-04T14:09:05Z,redis-cart,redis-cart,0,0,0,0,0,0,0
2026-10-04T14:09:05Z,redis-cart,shippingservice,0,0,0,0,0,0,0
2026-10-04T14:09:05Z,shippingservice,adservice,0,0,0,0,0,0,0
2026-10-04T14:09:05Z,shippingservice,cartservice,0,0,0,0,0,0,0
2026-10-04T14:09:05Z,shippingservice,checkoutservice,0,0,0,0,0,0,0
2026-10-04T14:09:05Z,shippingservice,currencyservice,0,0,0,0,0,0,0
2026-10-04T14:09:05Z,shippingservice,emailservice,0,0,0,0,0,0,0
2026-10-04T14:09:05Z,shippingservice,frontend,0,0,0,0,0,0,0
2026-10-04T14:09:05Z,shippingservice,kubernetes,0,0,0,0,0,0,0
2026-10-04T14:09:05Z,shippingservice,paymentservice,0,0,0,0,0,0,0
2026-10-04T14:09:05Z,shippingservice,productcatalogservice,0,0,0,0,0,0,0
2026-10-04T14:09:05Z,shippingservice,recommendationservice,0,0,0,0,0,0,0
2026-10-04T14:09:05Z,shippingservice,redis-cart,0,0,0,0,0,0,0
2026-10-04T14:09:05Z,shippingservice,shippingservice,0,0,0,0,0,0,0
2026-10-04T14:09:06Z,adservice,adservice,0,0,0,0,0,0,0
2026-10-04T14:09:06Z,adservice,cartservice,0,0,0,0,0,0,0
2026-10-04T14:09:06Z,adservice,checkoutservice,0,0,0,0,0,0,0
2026-10-04T14:09:06Z,adservice,currencyservice,0,0,0,0,0,0,0
2026-10-04T14:09:06Z,adservice,emailservice,0,0,0,0,0,0,0
2026-10-04T14:09:06Z,adservice,frontend,0,0,0,0,0,0,0
2026-10-04T14:09:06Z,adservice,kubernetes,0,0,0,0,0,0,0
2026-10-04T14:09:06Z,adservice,paymentservice,0,0,0,0,0,0,0
2026-10-04T14:09:06Z,adservice,productcatalogservice,0,0,0,0,0,0,0
2026-10-04T14:09:06Z,adservice,recommendationservice,0,0,0,0,0,0,0
2026-10-04T14:09:06Z,adservice,redis-cart,0,0,0,0,0,0,0
2026-10-04T14:09:06Z,adservice,shippingservice,0,0,0,0,0,0,0
2026-10-04T14:09:06Z,cartservice,adservice,0,0,0,0,0,0,0
2026-10-04T14:09:06Z,cartservice,cartservice,0,0,0,0,0,0,0
2026-10-04T14:09:06Z,cartservice,checkoutservice,0,0,0,0,0,0,0
2026-10-04T14:09:06Z,cartservice,currencyservice,0,0,0,0,0,0,0
2026-10-04T14:09:06Z,cartservice,emailservice,0,0,0,0,0,0,0
2026-10-04T14:09:06Z,cartservice,frontend,0,0,0,0,0,0,0
2026-10-04T14:09:06Z,cartservice,kubernetes,0,0,0,0,0,0,0
2026-10-04T14:09:06Z,cartservice,paymentservice,0,0,0,0,0,0,0
2026-10-04T14:09:06Z,cartservice,productcatalogservice,0,0,0,0,0,0,0
2026-10-04T14:09:06Z,cartservice,recommendationservice,0,0,0,0,0,0,0
2026-10-04T14:09:06Z,cartservice,redis-cart,2,0,0,0,0,0,0
2026-10-04T14:09:06Z,cartservice,shippingservice,0,0,0,0,0,0,0
2026-10-04T14:09:06Z,checkoutservice,adservice,0,0,0,0,0,0,0
2026-10-04T14:09:06Z,checkoutservice,cartservice,54339,53408,0,100,0,668976,52973
2026-10-04T14:09:06Z,checkoutservice,checkoutservice,0,0,0,0,0,0,0
2026-10-04T14:09:06Z,checkoutservice,currencyservice,38568,38568,0,0,0,552643,38350
2026-10-04T14:09:06Z,checkoutservice,emailservice,9804,9512,0,66,0,342995,9302
2026-10-04T14:09:06Z,checkoutservice,frontend,0,0,0,0,0,0,0
2026-10-04T14:09:06Z,checkoutservice,kubernetes,0,0,0,0,0,0,0
2026-10-04T14:09:06Z,checkoutservice,paymentservice,31834,29985,0,192,0,422981,29620
2026-10-04T14:09:06Z,checkoutservice,productcatalogservice,0,0,0,0,0,0,0
2026-10-04T14:09:06Z,checkoutservice,recommendationservice,0,0,0,0,0,0,0
2026-10-04T14:09:06Z,checkoutservice,redis-cart,0,0,0,0,0,0,0
2026-10-04T14:09:06Z,checkoutservice,shippingservice,59650,57547,0,154,0,497704,57111
2026-10-04T14:09:06Z,currencyservice,adservice,0,0,0,0,0,0,0
2026-10-04T14:09:06Z,currencyservice,cartservice,0,0,0,0,0,0,0
2026-10-04T14:09:06Z,currencyservice,checkoutservice,0,0,0,0,0,0,0
2026-10-04T14:09:06Z,currencyservice,currencyservice,0,0,0,0,0,0,0
2026-10-04T14:09:06Z,currencyservice,emailservice,0,0,0,0,0,0,0
2026-10-04T14:09:06Z,currencyservice,frontend,0,0,0,0,0,0,0
2026-10-04T14:09:06Z,currencyservice,kubernetes,0,0,0,0,0,0,0
2026-10-04T14:09:06Z,currencyservice,paymentservice,0,0,0,0,0,0,0
2026-10-04T14:09:06Z,currencyservice,productcatalogservice,0,0,0,0,0,0,0
2026-10-04T14:09:06Z,currencyservice,recommendationservice,0,0,0,0,0,0,0
2026-10-04T14:09:06Z,currencyservice,redis-cart,0,0,0,0,0,0,0
2026-10-04T14:09:06Z,currencyservice,shippingservice,0,0,0,0,0,0,0
2026-10-04T14:09:06Z,emailservice,adservice,0,0,0,0,0,0,0
2026-10-04T14:09:06Z,emailservice,cartservice,0,0,0,0,0,0,0
2026-10-04T14:09:06Z,emailservice,checkoutservice,0,0,0,0,0,0,0
2026-10-04T14:09:06Z,emailservice,currencyservice,0,0,0,0,0,0,0
2026-10-04T14:09:06Z,emailservice,emailservice,0,0,0,0,0,0,0
2026-10-04T14:09:06Z,emailservice,frontend,0,0,0,0,0,0,0
2026-10-04T14:09:06Z,emailservice,kubernetes,0,0,0,0,0,0,0
2026-10-04T14:09:06Z,emailservice,paymentservice,0,0,0,0,0,0,0
2026-10-04T14:09:06Z,emailservice,productcatalogservice,0,0,0,0,0,0,0
2026-10-04T14:09:06Z,emailservice,recommendationservice,0,0,0,0,0,0,0
2026-10-04T14:09:06Z,emailservice,redis-cart,0,0,0,0,0,0,0
2026-10-04T14:09:06Z,emailservice,shippingservice,0,0,0,0,0,0,0
2026-10-04T14:09:06Z,frontend,adservice,842478,842474,0,0,0,2539163,842119
2026-10-04T14:09:06Z,frontend,cartservice,1871286,1871271,0,0,4,10379587,1870244
2026-10-04T14:09:06Z,frontend,checkoutservice,397564,187594,0,40061,169944,62437109,187444
2026-10-04T14:09:06Z,frontend,currencyservice,2974816,2974805,0,0,0,15714267,2973202
2026-10-04T14:09:06Z,frontend,emailservice,0,0,0,0,0,0,0
2026-10-04T14:09:06Z,frontend,frontend,0,0,0,0,0,0,0
2026-10-04T14:09:06Z,frontend,kubernetes,0,0,0,0,0,0,0
2026-10-04T14:09:06Z,frontend,paymentservice,0,0,0,0,0,0,0
2026-10-04T14:09:06Z,frontend,productcatalogservice,8353703,8353633,0,0,0,57089783,8349769
2026-10-04T14:09:06Z,frontend,recommendationservice,2709535,1653091,0,110671,943239,818595356,1652238
2026-10-04T14:09:06Z,frontend,redis-cart,0,0,0,0,0,0,0
2026-10-04T14:09:06Z,frontend,shippingservice,308904,308902,0,0,0,936986,308798
2026-10-04T14:09:06Z,paymentservice,adservice,0,0,0,0,0,0,0
2026-10-04T14:09:06Z,paymentservice,cartservice,0,0,0,0,0,0,0
2026-10-04T14:09:06Z,paymentservice,checkoutservice,0,0,0,0,0,0,0
2026-10-04T14:09:06Z,paymentservice,currencyservice,0,0,0,0,0,0,0
2026-10-04T14:09:06Z,paymentservice,emailservice,0,0,0,0,0,0,0
2026-10-04T14:09:06Z,paymentservice,frontend,0,0,0,0,0,0,0
2026-10-04T14:09:06Z,paymentservice,kubernetes,0,0,0,0,0,0,0
2026-10-04T14:09:06Z,paymentservice,paymentservice,0,0,0,0,0,0,0
2026-10-04T14:09:06Z,paymentservice,productcatalogservice,0,0,0,0,0,0,0
2026-10-04T14:09:06Z,paymentservice,recommendationservice,0,0,0,0,0,0,0
2026-10-04T14:09:06Z,paymentservice,redis-cart,0,0,0,0,0,0,0
2026-10-04T14:09:06Z,paymentservice,shippingservice,0,0,0,0,0,0,0
2026-10-04T14:09:06Z,productcatalogservice,adservice,0,0,0,0,0,0,0
2026-10-04T14:09:06Z,productcatalogservice,cartservice,0,0,0,0,0,0,0
2026-10-04T14:09:06Z,productcatalogservice,checkoutservice,0,0,0,0,0,0,0
2026-10-04T14:09:06Z,productcatalogservice,currencyservice,0,0,0,0,0,0,0
2026-10-04T14:09:06Z,productcatalogservice,emailservice,0,0,0,0,0,0,0
2026-10-04T14:09:06Z,productcatalogservice,frontend,0,0,0,0,0,0,0
2026-10-04T14:09:06Z,productcatalogservice,kubernetes,0,0,0,0,0,0,0
2026-10-04T14:09:06Z,productcatalogservice,paymentservice,0,0,0,0,0,0,0
2026-10-04T14:09:06Z,productcatalogservice,productcatalogservice,0,0,0,0,0,0,0
2026-10-04T14:09:06Z,productcatalogservice,recommendationservice,0,0,0,0,0,0,0
2026-10-04T14:09:06Z,productcatalogservice,redis-cart,0,0,0,0,0,0,0
2026-10-04T14:09:06Z,productcatalogservice,shippingservice,0,0,0,0,0,0,0
2026-10-04T14:09:06Z,recommendationservice,adservice,0,0,0,0,0,0,0
2026-10-04T14:09:06Z,recommendationservice,cartservice,0,0,0,0,0,0,0
2026-10-04T14:09:06Z,recommendationservice,checkoutservice,0,0,0,0,0,0,0
2026-10-04T14:09:06Z,recommendationservice,currencyservice,0,0,0,0,0,0,0
2026-10-04T14:09:06Z,recommendationservice,emailservice,0,0,0,0,0,0,0
2026-10-04T14:09:06Z,recommendationservice,frontend,0,0,0,0,0,0,0
2026-10-04T14:09:06Z,recommendationservice,kubernetes,0,0,0,0,0,0,0
2026-10-04T14:09:06Z,recommendationservice,paymentservice,0,0,0,0,0,0,0
2026-10-04T14:09:06Z,recommendationservice,productcatalogservice,139889,139888,0,0,0,994379,139411
2026-10-04T14:09:06Z,recommendationservice,recommendationservice,0,0,0,0,0,0,0
2026-10-04T14:09:06Z,recommendationservice,redis-cart,0,0,0,0,0,0,0
2026-10-04T14:09:06Z,recommendationservice,shippingservice,0,0,0,0,0,0,0
2026-10-04T14:09:06Z,redis-cart,adservice,0,0,0,0,0,0,0
2026-10-04T14:09:06Z,redis-cart,cartservice,0,0,0,0,0,0,0
2026-10-04T14:09:06Z,redis-cart,checkoutservice,0,0,0,0,0,0,0
2026-10-04T14:09:06Z,redis-cart,currencyservice,0,0,0,0,0,0,0
2026-10-04T14:09:06Z,redis-cart,emailservice,0,0,0,0,0,0,0
2026-10-04T14:09:06Z,redis-cart,frontend,0,0,0,0,0,0,0
2026-10-04T14:09:06Z,redis-cart,kubernetes,0,0,0,0,0,0,0
2026-10-04T14:09:06Z,redis-cart,paymentservice,0,0,0,0,0,0,0
2026-10-04T14:09:06Z,redis-cart,productcatalogservice,0,0,0,0,0,0,0
2026-10-04T14:09:06Z,redis-cart,recommendationservice,0,0,0,0,0,0,0
2026-10-04T14:09:06Z,redis-cart,redis-cart,0,0,0,0,0,0,0
2026-10-04T14:09:06Z,redis-cart,shippingservice,0,0,0,0,0,0,0
2026-10-04T14:09:06Z,shippingservice,adservice,0,0,0,0,0,0,0
2026-10-04T14:09:06Z,shippingservice,cartservice,0,0,0,0,0,0,0
2026-10-04T14:09:06Z,shippingservice,checkoutservice,0,0,0,0,0,0,0
2026-10-04T14:09:06Z,shippingservice,currencyservice,0,0,0,0,0,0,0
2026-10-04T14:09:06Z,shippingservice,emailservice,0,0,0,0,0,0,0
2026-10-04T14:09:06Z,shippingservice,frontend,0,0,0,0,0,0,0
2026-10-04T14:09:06Z,shippingservice,kubernetes,0,0,0,0,0,0,0
2026-10-04T14:09:06Z,shippingservice,paymentservice,0,0,0,0,0,0,0
2026-10-04T14:09:06Z,shippingservice,productcatalogservice,0,0,0,0,0,0,0
2026-10-04T14:09:06Z,shippingservice,recommendationservice,0,0,0,0,0,0,0
2026-10-04T14:09:06Z,shippingservice,redis-cart,0,0,0,0,0,0,0
2026-10-04T14:09:06Z,shippingservice,shippingservice,0,0,0,0,0,0,0
2026-10-04T14:09:07Z,adservice,adservice,0,0,0,0,0,0,0
2026-10-04T14:09:07Z,adservice,cartservice,0,0,0,0,0,0,0
2026-10-04T14:09:07Z,adservice,checkoutservice,0,0,0,0,0,0,0
2026-10-04T14:09:07Z,adservice,currencyservice,0,0,0,0,0,0,0
2026-10-04T14:09:07Z,adservice,emailservice,0,0,0,0,0,0,0
2026-10-04T14:09:07Z,adservice,frontend,0,0,0,0,0,0,0
2026-10-04T14:09:07Z,adservice,kubernetes,0,0,0,0,0,0,0
2026-10-04T14:09:07Z,adservice,paymentservice,0,0,0,0,0,0,0
2026-10-04T14:09:07Z,adservice,productcatalogservice,0,0,0,0,0,0,0
2026-10-04T14:09:07Z,adservice,recommendationservice,0,0,0,0,0,0,0
2026-10-04T14:09:07Z,adservice,redis-cart,0,0,0,0,0,0,0
2026-10-04T14:09:07Z,adservice,shippingservice,0,0,0,0,0,0,0
2026-10-04T14:09:07Z,cartservice,adservice,0,0,0,0,0,0,0
2026-10-04T14:09:07Z,cartservice,cartservice,0,0,0,0,0,0,0
2026-10-04T14:09:07Z,cartservice,checkoutservice,0,0,0,0,0,0,0
2026-10-04T14:09:07Z,cartservice,currencyservice,0,0,0,0,0,0,0
2026-10-04T14:09:07Z,cartservice,emailservice,0,0,0,0,0,0,0
2026-10-04T14:09:07Z,cartservice,frontend,0,0,0,0,0,0,0
2026-10-04T14:09:07Z,cartservice,kubernetes,0,0,0,0,0,0,0
2026-10-04T14:09:07Z,cartservice,paymentservice,0,0,0,0,0,0,0
2026-10-04T14:09:07Z,cartservice,productcatalogservice,0,0,0,0,0,0,0
2026-10-04T14:09:07Z,cartservice,recommendationservice,0,0,0,0,0,0,0
2026-10-04T14:09:07Z,cartservice,redis-cart,2,0,0,0,0,0,0
2026-10-04T14:09:07Z,cartservice,shippingservice,0,0,0,0,0,0,0
2026-10-04T14:09:07Z,checkoutservice,adservice,0,0,0,0,0,0,0
2026-10-04T14:09:07Z,checkoutservice,cartservice,54441,53510,0,100,0,671540,53471
2026-10-04T14:09:07Z,checkoutservice,checkoutservice,0,0,0,0,0,0,0
2026-10-04T14:09:07Z,checkoutservice,currencyservice,38619,38618,0,0,0,553939,38599
2026-10-04T14:09:07Z,checkoutservice,emailservice,9854,9568,0,66,0,347058,9551
2026-10-04T14:09:07Z,checkoutservice,frontend,0,0,0,0,0,0,0
2026-10-04T14:09:07Z,checkoutservice,kubernetes,0,0,0,0,0,0,0
2026-10-04T14:09:07Z,checkoutservice,paymentservice,31884,30036,0,192,0,423905,29869
2026-10-04T14:09:07Z,checkoutservice,productcatalogservice,0,0,0,0,0,0,0
2026-10-04T14:09:07Z,checkoutservice,recommendationservice,0,0,0,0,0,0,0
2026-10-04T14:09:07Z,checkoutservice,redis-cart,0,0,0,0,0,0,0
2026-10-04T14:09:07Z,checkoutservice,shippingservice,59752,57649,0,154,0,498845,57609
2026-10-04T14:09:07Z,currencyservice,adservice,0,0,0,0,0,0,0
2026-10-04T14:09:07Z,currencyservice,cartservice,0,0,0,0,0,0,0
2026-10-04T14:09:07Z,currencyservice,checkoutservice,0,0,0,0,0,0,0
2026-10-04T14:09:07Z,currencyservice,currencyservice,0,0,0,0,0,0,0
2026-10-04T14:09:07Z,currencyservice,emailservice,0,0,0,0,0,0,0
2026-10-04T14:09:07Z,currencyservice,frontend,0,0,0,0,0,0,0
2026-10-04T14:09:07Z,currencyservice,kubernetes,0,0,0,0,0,0,0
2026-10-04T14:09:07Z,currencyservice,paymentservice,0,0,0,0,0,0,0
2026-10-04T14:09:07Z,currencyservice,productcatalogservice,0,0,0,0,0,0,0
2026-10-04T14:09:07Z,currencyservice,recommendationservice,0,0,0,0,0,0,0
2026-10-04T14:09:07Z,currencyservice,redis-cart,0,0,0,0,0,0,0
2026-10-04T14:09:07Z,currencyservice,shippingservice,0,0,0,0,0,0,0
2026-10-04T14:09:07Z,emailservice,adservice,0,0,0,0,0,0,0
2026-10-04T14:09:07Z,emailservice,cartservice,0,0,0,0,0,0,0
2026-10-04T14:09:07Z,emailservice,checkoutservice,0,0,0,0,0,0,0
2026-10-04T14:09:07Z,emailservice,currencyservice,0,0,0,0,0,0,0
2026-10-04T14:09:07Z,emailservice,emailservice,0,0,0,0,0,0,0
2026-10-04T14:09:07Z,emailservice,frontend,0,0,0,0,0,0,0
2026-10-04T14:09:07Z,emailservice,kubernetes,0,0,0,0,0,0,0
2026-10-04T14:09:07Z,emailservice,paymentservice,0,0,0,0,0,0,0
2026-10-04T14:09:07Z,emailservice,productcatalogservice,0,0,0,0,0,0,0
2026-10-04T14:09:07Z,emailservice,recommendationservice,0,0,0,0,0,0,0
2026-10-04T14:09:07Z,emailservice,redis-cart,0,0,0,0,0,0,0
2026-10-04T14:09:07Z,emailservice,shippingservice,0,0,0,0,0,0,0
2026-10-04T14:09:07Z,frontend,adservice,842599,842597,0,0,0,2539163,842119
2026-10-04T14:09:07Z,frontend,cartservice,1871661,1871646,0,0,4,10379587,1870244
2026-10-04T14:09:07Z,frontend,checkoutservice,397603,187634,0,40061,169944,62437109,187444
2026-10-04T14:09:07Z,frontend,currencyservice,2975394,2975385,0,0,0,15714267,2973202
2026-10-04T14:09:07Z,frontend,emailservice,0,0,0,0,0,0,0
2026-10-04T14:09:07Z,frontend,frontend,0,0,0,0,0,0,0
2026-10-04T14:09:07Z,frontend,kubernetes,0,0,0,0,0,0,0
2026-10-04T14:09:07Z,frontend,paymentservice,0,0,0,0,0,0,0
2026-10-04T14:09:07Z,frontend,productcatalogservice,8355035,8354970,0,0,0,57089783,8349769
2026-10-04T14:09:07Z,frontend,recommendationservice,2710289,1653399,0,110726,943612,818595356,1652238
2026-10-04T14:09:07Z,frontend,redis-cart,0,0,0,0,0,0,0
2026-10-04T14:09:07Z,frontend,shippingservice,308952,308950,0,0,0,936986,308798
2026-10-04T14:09:07Z,paymentservice,adservice,0,0,0,0,0,0,0
2026-10-04T14:09:07Z,paymentservice,cartservice,0,0,0,0,0,0,0
2026-10-04T14:09:07Z,paymentservice,checkoutservice,0,0,0,0,0,0,0
2026-10-04T14:09:07Z,paymentservice,currencyservice,0,0,0,0,0,0,0
2026-10-04T14:09:07Z,paymentservice,emailservice,0,0,0,0,0,0,0
2026-10-04T14:09:07Z,paymentservice,frontend,0,0,0,0,0,0,0
2026-10-04T14:09:07Z,paymentservice,kubernetes,0,0,0,0,0,0,0
2026-10-04T14:09:07Z,paymentservice,paymentservice,0,0,0,0,0,0,0
2026-10-04T14:09:07Z,paymentservice,productcatalogservice,0,0,0,0,0,0,0
2026-10-04T14:09:07Z,paymentservice,recommendationservice,0,0,0,0,0,0,0
2026-10-04T14:09:07Z,paymentservice,redis-cart,0,0,0,0,0,0,0
2026-10-04T14:09:07Z,paymentservice,shippingservice,0,0,0,0,0,0,0
2026-10-04T14:09:07Z,productcatalogservice,adservice,0,0,0,0,0,0,0
2026-10-04T14:09:07Z,productcatalogservice,cartservice,0,0,0,0,0,0,0
2026-10-04T14:09:07Z,productcatalogservice,checkoutservice,0,0,0,0,0,0,0
2026-10-04T14:09:07Z,productcatalogservice,currencyservice,0,0,0,0,0,0,0
2026-10-04T14:09:07Z,productcatalogservice,emailservice,0,0,0,0,0,0,0
2026-10-04T14:09:07Z,productcatalogservice,frontend,0,0,0,0,0,0,0
2026-10-04T14:09:07Z,productcatalogservice,kubernetes,0,0,0,0,0,0,0
2026-10-04T14:09:07Z,productcatalogservice,paymentservice,0,0,0,0,0,0,0
2026-10-04T14:09:07Z,productcatalogservice,productcatalogservice,0,0,0,0,0,0,0
2026-10-04T14:09:07Z,productcatalogservice,recommendationservice,0,0,0,0,0,0,0
2026-10-04T14:09:07Z,productcatalogservice,redis-cart,0,0,0,0,0,0,0
2026-10-04T14:09:07Z,productcatalogservice,shippingservice,0,0,0,0,0,0,0
2026-10-04T14:09:07Z,recommendationservice,adservice,0,0,0,0,0,0,0
2026-10-04T14:09:07Z,recommendationservice,cartservice,0,0,0,0,0,0,0
2026-10-04T14:09:07Z,recommendationservice,checkoutservice,0,0,0,0,0,0,0
2026-10-04T14:09:07Z,recommendationservice,currencyservice,0,0,0,0,0,0,0
2026-10-04T14:09:07Z,recommendationservice,emailservice,0,0,0,0,0,0,0
2026-10-04T14:09:07Z,recommendationservice,frontend,0,0,0,0,0,0,0
2026-10-04T14:09:07Z,recommendationservice,kubernetes,0,0,0,0,0,0,0
2026-10-04T14:09:07Z,recommendationservice,paymentservice,0,0,0,0,0,0,0
2026-10-04T14:09:07Z,recommendationservice,productcatalogservice,140289,140287,0,0,0,994379,139411
2026-10-04T14:09:07Z,recommendationservice,recommendationservice,0,0,0,0,0,0,0
2026-10-04T14:09:07Z,recommendationservice,redis-cart,0,0,0,0,0,0,0
2026-10-04T14:09:07Z,recommendationservice,shippingservice,0,0,0,0,0,0,0
2026-10-04T14:09:07Z,redis-cart,adservice,0,0,0,0,0,0,0
2026-10-04T14:09:07Z,redis-cart,cartservice,0,0,0,0,0,0,0
2026-10-04T14:09:07Z,redis-cart,checkoutservice,0,0,0,0,0,0,0
2026-10-04T14:09:07Z,redis-cart,currencyservice,0,0,0,0,0,0,0
2026-10-04T14:09:07Z,redis-cart,emailservice,0,0,0,0,0,0,0
2026-10-04T14:09:07Z,redis-cart,frontend,0,0,0,0,0,0,0
2026-10-04T14:09:07Z,redis-cart,kubernetes,0,0,0,0,0,0,0
2026-10-04T14:09:07Z,redis-cart,paymentservice,0,0,0,0,0,0,0
2026-10-04T14:09:07Z,redis-cart,productcatalogservice,0,0,0,0,0,0,0
2026-10-04T14:09:07Z,redis-cart,recommendationservice,0,0,0,0,0,0,0
2026-10-04T14:09:07Z,redis-cart,redis-cart,0,0,0,0,0,0,0
2026-10-04T14:09:07Z,redis-cart,shippingservice,0,0,0,0,0,0,0
2026-10-04T14:09:07Z,shippingservice,adservice,0,0,0,0,0,0,0
2026-10-04T14:09:07Z,shippingservice,cartservice,0,0,0,0,0,0,0
2026-10-04T14:09:07Z,shippingservice,checkoutservice,0,0,0,0,0,0,0
2026-10-04T14:09:07Z,shippingservice,currencyservice,0,0,0,0,0,0,0
2026-10-04T14:09:07Z,shippingservice,emailservice,0,0,0,0,0,0,0
2026-10-04T14:09:07Z,shippingservice,frontend,0,0,0,0,0,0,0
2026-10-04T14:09:07Z,shippingservice,kubernetes,0,0,0,0,0,0,0
2026-10-04T14:09:07Z,shippingservice,paymentservice,0,0,0,0,0,0,0
2026-10-04T14:09:07Z,shippingservice,productcatalogservice,0,0,0,0,0,0,0
2026-10-04T14:09:07Z,shippingservice,recommendationservice,0,0,0,0,0,0,0
2026-10-04T14:09:07Z,shippingservice,redis-cart,0,0,0,0,0,0,0
2026-10-04T14:09:07Z,shippingservice,shippingservice,0,0,0,0,0,0,0
2026-10-04T14:09:08Z,adservice,adservice,0,0,0,0,0,0,0
2026-10-04T14:09:08Z,adservice,cartservice,0,0,0,0,0,0,0
2026-10-04T14:09:08Z,adservice,checkoutservice,0,0,0,0,0,0,0
2026-10-04T14:09:08Z,adservice,currencyservice,0,0,0,0,0,0,0
2026-10-04T14:09:08Z,adservice,emailservice,0,0,0,0,0,0,0
2026-10-04T14:09:08Z,adservice,frontend,0,0,0,0,0,0,0
2026-10-04T14:09:08Z,adservice,kubernetes,0,0,0,0,0,0,0
2026-10-04T14:09:08Z,adservice,paymentservice,0,0,0,0,0,0,0
2026-10-04T14:09:08Z,adservice,productcatalogservice,0,0,0,0,0,0,0
2026-10-04T14:09:08Z,adservice,recommendationservice,0,0,0,0,0,0,0
2026-10-04T14:09:08Z,adservice,redis-cart,0,0,0,0,0,0,0
2026-10-04T14:09:08Z,adservice,shippingservice,0,0,0,0,0,0,0
2026-10-04T14:09:08Z,cartservice,adservice,0,0,0,0,0,0,0
2026-10-04T14:09:08Z,cartservice,cartservice,0,0,0,0,0,0,0
2026-10-04T14:09:08Z,cartservice,checkoutservice,0,0,0,0,0,0,0
2026-10-04T14:09:08Z,cartservice,currencyservice,0,0,0,0,0,0,0
2026-10-04T14:09:08Z,cartservice,emailservice,0,0,0,0,0,0,0
2026-10-04T14:09:08Z,cartservice,frontend,0,0,0,0,0,0,0
2026-10-04T14:09:08Z,cartservice,kubernetes,0,0,0,0,0,0,0
2026-10-04T14:09:08Z,cartservice,paymentservice,0,0,0,0,0,0,0
2026-10-04T14:09:08Z,cartservice,productcatalogservice,0,0,0,0,0,0,0
2026-10-04T14:09:08Z,cartservice,recommendationservice,0,0,0,0,0,0,0
2026-10-04T14:09:08Z,cartservice,redis-cart,2,0,0,0,0,0,0
2026-10-04T14:09:08Z,cartservice,shippingservice,0,0,0,0,0,0,0
2026-10-04T14:09:08Z,checkoutservice,adservice,0,0,0,0,0,0,0
2026-10-04T14:09:08Z,checkoutservice,cartservice,54504,53573,0,100,0,671540,53471
2026-10-04T14:09:08Z,checkoutservice,checkoutservice,0,0,0,0,0,0,0
2026-10-04T14:09:08Z,checkoutservice,currencyservice,38650,38650,0,0,0,553939,38599
2026-10-04T14:09:08Z,checkoutservice,emailservice,9887,9600,0,66,0,347058,9551
2026-10-04T14:09:08Z,checkoutservice,frontend,0,0,0,0,0,0,0
2026-10-04T14:09:08Z,checkoutservice,kubernetes,0,0,0,0,0,0,0
2026-10-04T14:09:08Z,checkoutservice,paymentservice,31916,30068,0,192,0,423905,29869
2026-10-04T14:09:08Z,checkoutservice,productcatalogservice,0,0,0,0,0,0,0
2026-10-04T14:09:08Z,checkoutservice,recommendationservice,0,0,0,0,0,0,0
2026-10-04T14:09:08Z,checkoutservice,redis-cart,0,0,0,0,0,0,0
2026-10-04T14:09:08Z,checkoutservice,shippingservice,59816,57712,0,154,0,498845,57609
2026-10-04T14:09:08Z,currencyservice,adservice,0,0,0,0,0,0,0
2026-10-04T14:09:08Z,currencyservice,cartservice,0,0,0,0,0,0,0
2026-10-04T14:09:08Z,currencyservice,checkoutservice,0,0,0,0,0,0,0
2026-10-04T14:09:08Z,currencyservice,currencyservice,0,0,0,0,0,0,0
2026-10-04T14:09:08Z,currencyservice,emailservice,0,0,0,0,0,0,0
2026-10-04T14:09:08Z,currencyservice,frontend,0,0,0,0,0,0,0
2026-10-04T14:09:08Z,currencyservice,kubernetes,0,0,0,0,0,0,0
2026-10-04T14:09:08Z,currencyservice,paymentservice,0,0,0,0,0,0,0
2026-10-04T14:09:08Z,currencyservice,productcatalogservice,0,0,0,0,0,0,0
2026-10-04T14:09:08Z,currencyservice,recommendationservice,0,0,0,0,0,0,0
2026-10-04T14:09:08Z,currencyservice,redis-cart,0,0,0,0,0,0,0
2026-10-04T14:09:08Z,currencyservice,shippingservice,0,0,0,0,0,0,0
2026-10-04T14:09:08Z,emailservice,adservice,0,0,0,0,0,0,0
2026-10-04T14:09:08Z,emailservice,cartservice,0,0,0,0,0,0,0
2026-10-04T14:09:08Z,emailservice,checkoutservice,0,0,0,0,0,0,0
2026-10-04T14:09:08Z,emailservice,currencyservice,0,0,0,0,0,0,0
2026-10-04T14:09:08Z,emailservice,emailservice,0,0,0,0,0,0,0
2026-10-04T14:09:08Z,emailservice,frontend,0,0,0,0,0,0,0
2026-10-04T14:09:08Z,emailservice,kubernetes,0,0,0,0,0,0,0
2026-10-04T14:09:08Z,emailservice,paymentservice,0,0,0,0,0,0,0
2026-10-04T14:09:08Z,emailservice,productcatalogservice,0,0,0,0,0,0,0
2026-10-04T14:09:08Z,emailservice,recommendationservice,0,0,0,0,0,0,0
2026-10-04T14:09:08Z,emailservice,redis-cart,0,0,0,0,0,0,0
2026-10-04T14:09:08Z,emailservice,shippingservice,0,0,0,0,0,0,0
2026-10-04T14:09:08Z,frontend,adservice,842683,842681,0,0,0,2539591,842252
2026-10-04T14:09:08Z,frontend,cartservice,1872042,1872030,0,0,4,10381723,1870714
2026-10-04T14:09:08Z,frontend,checkoutservice,397634,187669,0,40061,169944,62442122,187488
2026-10-04T14:09:08Z,frontend,currencyservice,2975950,2975941,0,0,0,15717275,2973888
2026-10-04T14:09:08Z,frontend,emailservice,0,0,0,0,0,0,0
2026-10-04T14:09:08Z,frontend,frontend,0,0,0,0,0,0,0
2026-10-04T14:09:08Z,frontend,kubernetes,0,0,0,0,0,0,0
2026-10-04T14:09:08Z,frontend,paymentservice,0,0,0,0,0,0,0
2026-10-04T14:09:08Z,frontend,productcatalogservice,8356087,8356019,0,0,0,57100219,8351239
2026-10-04T14:09:08Z,frontend,recommendationservice,2711103,1653702,0,110777,944051,818970386,1652644
2026-10-04T14:09:08Z,frontend,redis-cart,0,0,0,0,0,0,0
2026-10-04T14:09:08Z,frontend,shippingservice,308986,308984,0,0,0,937082,308845
2026-10-04T14:09:08Z,paymentservice,adservice,0,0,0,0,0,0,0
2026-10-04T14:09:08Z,paymentservice,cartservice,0,0,0,0,0,0,0
2026-10-04T14:09:08Z,paymentservice,checkoutservice,0,0,0,0,0,0,0
2026-10-04T14:09:08Z,paymentservice,currencyservice,0,0,0,0,0,0,0
2026-10-04T14:09:08Z,paymentservice,emailservice,0,0,0,0,0,0,0
2026-10-04T14:09:08Z,paymentservice,frontend,0,0,0,0,0,0,0
2026-10-04T14:09:08Z,paymentservice,kubernetes,0,0,0,0,0,0,0
2026-10-04T14:09:08Z,paymentservice,paymentservice,0,0,0,0,0,0,0
2026-10-04T14:09:08Z,paymentservice,productcatalogservice,0,0,0,0,0,0,0
2026-10-04T14:09:08Z,paymentservice,recommendationservice,0,0,0,0,0,0,0
2026-10-04T14:09:08Z,paymentservice,redis-cart,0,0,0,0,0,0,0
2026-10-04T14:09:08Z,paymentservice,shippingservice,0,0,0,0,0,0,0
2026-10-04T14:09:08Z,productcatalogservice,adservice,0,0,0,0,0,0,0
2026-10-04T14:09:08Z,productcatalogservice,cartservice,0,0,0,0,0,0,0
2026-10-04T14:09:08Z,productcatalogservice,checkoutservice,0,0,0,0,0,0,0
2026-10-04T14:09:08Z,productcatalogservice,currencyservice,0,0,0,0,0,0,0
2026-10-04T14:09:08Z,productcatalogservice,emailservice,0,0,0,0,0,0,0
2026-10-04T14:09:08Z,productcatalogservice,frontend,0,0,0,0,0,0,0
2026-10-04T14:09:08Z,productcatalogservice,kubernetes,0,0,0,0,0,0,0
2026-10-04T14:09:08Z,productcatalogservice,paymentservice,0,0,0,0,0,0,0
2026-10-04T14:09:08Z,productcatalogservice,productcatalogservice,0,0,0,0,0,0,0
2026-10-04T14:09:08Z,productcatalogservice,recommendationservice,0,0,0,0,0,0,0
2026-10-04T14:09:08Z,productcatalogservice,redis-cart,0,0,0,0,0,0,0
2026-10-04T14:09:08Z,productcatalogservice,shippingservice,0,0,0,0,0,0,0
2026-10-04T14:09:08Z,recommendationservice,adservice,0,0,0,0,0,0,0
2026-10-04T14:09:08Z,recommendationservice,cartservice,0,0,0,0,0,0,0
2026-10-04T14:09:08Z,recommendationservice,checkoutservice,0,0,0,0,0,0,0
2026-10-04T14:09:08Z,recommendationservice,currencyservice,0,0,0,0,0,0,0
2026-10-04T14:09:08Z,recommendationservice,emailservice,0,0,0,0,0,0,0
2026-10-04T14:09:08Z,recommendationservice,frontend,0,0,0,0,0,0,0
2026-10-04T14:09:08Z,recommendationservice,kubernetes,0,0,0,0,0,0,0
2026-10-04T14:09:08Z,recommendationservice,paymentservice,0,0,0,0,0,0,0
2026-10-04T14:09:08Z,recommendationservice,productcatalogservice,140705,140704,0,0,0,994379,139411
2026-10-04T14:09:08Z,recommendationservice,recommendationservice,0,0,0,0,0,0,0
2026-10-04T14:09:08Z,recommendationservice,redis-cart,0,0,0,0,0,0,0
2026-10-04T14:09:08Z,recommendationservice,shippingservice,0,0,0,0,0,0,0
2026-10-04T14:09:08Z,redis-cart,adservice,0,0,0,0,0,0,0
2026-10-04T14:09:08Z,redis-cart,cartservice,0,0,0,0,0,0,0
2026-10-04T14:09:08Z,redis-cart,checkoutservice,0,0,0,0,0,0,0
2026-10-04T14:09:08Z,redis-cart,currencyservice,0,0,0,0,0,0,0
2026-10-04T14:09:08Z,redis-cart,emailservice,0,0,0,0,0,0,0
2026-10-04T14:09:08Z,redis-cart,frontend,0,0,0,0,0,0,0
2026-10-04T14:09:08Z,redis-cart,kubernetes,0,0,0,0,0,0,0
2026-10-04T14:09:08Z,redis-cart,paymentservice,0,0,0,0,0,0,0
2026-10-04T14:09:08Z,redis-cart,productcatalogservice,0,0,0,0,0,0,0
2026-10-04T14:09:08Z,redis-cart,recommendationservice,0,0,0,0,0,0,0
2026-10-04T14:09:08Z,redis-cart,redis-cart,0,0,0,0,0,0,0
2026-10-04T14:09:08Z,redis-cart,shippingservice,0,0,0,0,0,0,0
2026-10-04T14:09:08Z,shippingservice,adservice,0,0,0,0,0,0,0
2026-10-04T14:09:08Z,shippingservice,cartservice,0,0,0,0,0,0,0
2026-10-04T14:09:08Z,shippingservice,checkoutservice,0,0,0,0,0,0,0
2026-10-04T14:09:08Z,shippingservice,currencyservice,0,0,0,0,0,0,0
2026-10-04T14:09:08Z,shippingservice,emailservice,0,0,0,0,0,0,0
2026-10-04T14:09:08Z,shippingservice,frontend,0,0,0,0,0,0,0
2026-10-04T14:09:08Z,shippingservice,kubernetes,0,0,0,0,0,0,0
2026-10-04T14:09:08Z,shippingservice,paymentservice,0,0,0,0,0,0,0
2026-10-04T14:09:08Z,shippingservice,productcatalogservice,0,0,0,0,0,0,0
2026-10-04T14:09:08Z,shippingservice,recommendationservice,0,0,0,0,0,0,0
2026-10-04T14:09:08Z,shippingservice,redis-cart,0,0,0,0,0,0,0
2026-10-04T14:09:08Z,shippingservice,shippingservice,0,0,0,0,0,0,0
2026-10-04T14:09:09Z,adservice,adservice,0,0,0,0,0,0,0
2026-10-04T14:09:09Z,adservice,cartservice,0,0,0,0,0,0,0
2026-10-04T14:09:09Z,adservice,checkoutservice,0,0,0,0,0,0,0
2026-10-04T14:09:09Z,adservice,currencyservice,0,0,0,0,0,0,0
2026-10-04T14:09:09Z,adservice,emailservice,0,0,0,0,0,0,0
2026-10-04T14:09:09Z,adservice,frontend,0,0,0,0,0,0,0
2026-10-04T14:09:09Z,adservice,kubernetes,0,0,0,0,0,0,0
2026-10-04T14:09:09Z,adservice,paymentservice,0,0,0,0,0,0,0
2026-10-04T14:09:09Z,adservice,productcatalogservice,0,0,0,0,0,0,0
2026-10-04T14:09:09Z,adservice,recommendationservice,0,0,0,0,0,0,0
2026-10-04T14:09:09Z,adservice,redis-cart,0,0,0,0,0,0,0
2026-10-04T14:09:09Z,adservice,shippingservice,0,0,0,0,0,0,0
2026-10-04T14:09:09Z,cartservice,adservice,0,0,0,0,0,0,0
2026-10-04T14:09:09Z,cartservice,cartservice,0,0,0,0,0,0,0
2026-10-04T14:09:09Z,cartservice,checkoutservice,0,0,0,0,0,0,0
2026-10-04T14:09:09Z,cartservice,currencyservice,0,0,0,0,0,0,0
2026-10-04T14:09:09Z,cartservice,emailservice,0,0,0,0,0,0,0
2026-10-04T14:09:09Z,cartservice,frontend,0,0,0,0,0,0,0
2026-10-04T14:09:09Z,cartservice,kubernetes,0,0,0,0,0,0,0
2026-10-04T14:09:09Z,cartservice,paymentservice,0,0,0,0,0,0,0
2026-10-04T14:09:09Z,cartservice,productcatalogservice,0,0,0,0,0,0,0
2026-10-04T14:09:09Z,cartservice,recommendationservice,0,0,0,0,0,0,0
2026-10-04T14:09:09Z,cartservice,redis-cart,2,0,0,0,0,0,0
2026-10-04T14:09:09Z,cartservice,shippingservice,0,0,0,0,0,0,0
2026-10-04T14:09:09Z,checkoutservice,adservice,0,0,0,0,0,0,0
2026-10-04T14:09:09Z,checkoutservice,cartservice,54563,53632,0,100,0,671540,53471
2026-10-04T14:09:09Z,checkoutservice,checkoutservice,0,0,0,0,0,0,0
2026-10-04T14:09:09Z,checkoutservice,currencyservice,38679,38679,0,0,0,553939,38599
2026-10-04T14:09:09Z,checkoutservice,emailservice,9917,9631,0,66,0,347058,9551
2026-10-04T14:09:09Z,checkoutservice,frontend,0,0,0,0,0,0,0
2026-10-04T14:09:09Z,checkoutservice,kubernetes,0,0,0,0,0,0,0
2026-10-04T14:09:09Z,checkoutservice,paymentservice,31945,30097,0,192,0,423905,29869
2026-10-04T14:09:09Z,checkoutservice,productcatalogservice,0,0,0,0,0,0,0
2026-10-04T14:09:09Z,checkoutservice,recommendationservice,0,0,0,0,0,0,0
2026-10-04T14:09:09Z,checkoutservice,redis-cart,0,0,0,0,0,0,0
2026-10-04T14:09:09Z,checkoutservice,shippingservice,59874,57771,0,154,0,498845,57609
2026-10-04T14:09:09Z,currencyservice,adservice,0,0,0,0,0,0,0
2026-10-04T14:09:09Z,currencyservice,cartservice,0,0,0,0,0,0,0
2026-10-04T14:09:09Z,currencyservice,checkoutservice,0,0,0,0,0,0,0
2026-10-04T14:09:09Z,currencyservice,currencyservice,0,0,0,0,0,0,0
2026-10-04T14:09:09Z,currencyservice,emailservice,0,0,0,0,0,0,0
2026-10-04T14:09:09Z,currencyservice,frontend,0,0,0,0,0,0,0
2026-10-04T14:09:09Z,currencyservice,kubernetes,0,0,0,0,0,0,0
2026-10-04T14:09:09Z,currencyservice,paymentservice,0,0,0,0,0,0,0
2026-10-04T14:09:09Z,currencyservice,productcatalogservice,0,0,0,0,0,0,0
2026-10-04T14:09:09Z,currencyservice,recommendationservice,0,0,0,0,0,0,0
2026-10-04T14:09:09Z,currencyservice,redis-cart,0,0,0,0,0,0,0
2026-10-04T14:09:09Z,currencyservice,shippingservice,0,0,0,0,0,0,0
2026-10-04T14:09:09Z,emailservice,adservice,0,0,0,0,0,0,0
2026-10-04T14:09:09Z,emailservice,cartservice,0,0,0,0,0,0,0
2026-10-04T14:09:09Z,emailservice,checkoutservice,0,0,0,0,0,0,0
2026-10-04T14:09:09Z,emailservice,currencyservice,0,0,0,0,0,0,0
2026-10-04T14:09:09Z,emailservice,emailservice,0,0,0,0,0,0,0
2026-10-04T14:09:09Z,emailservice,frontend,0,0,0,0,0,0,0
2026-10-04T14:09:09Z,emailservice,kubernetes,0,0,0,0,0,0,0
2026-10-04T14:09:09Z,emailservice,paymentservice,0,0,0,0,0,0,0
2026-10-04T14:09:09Z,emailservice,productcatalogservice,0,0,0,0,0,0,0
2026-10-04T14:09:09Z,emailservice,recommendationservice,0,0,0,0,0,0,0
2026-10-04T14:09:09Z,emailservice,redis-cart,0,0,0,0,0,0,0
2026-10-04T14:09:09Z,emailservice,shippingservice,0,0,0,0,0,0,0
2026-10-04T14:09:09Z,frontend,adservice,842776,842774,0,0,0,2540989,842703
2026-10-04T14:09:09Z,frontend,cartservice,1872416,1872403,0,0,4,10387934,1872099
2026-10-04T14:09:09Z,frontend,checkoutservice,397677,187713,0,40061,169944,62461601,187680
2026-10-04T14:09:09Z,frontend,currencyservice,2976516,2976505,0,0,0,15725878,2976058
2026-10-04T14:09:09Z,frontend,emailservice,0,0,0,0,0,0,0
2026-10-04T14:09:09Z,frontend,frontend,0,0,0,0,0,0,0
2026-10-04T14:09:09Z,frontend,kubernetes,0,0,0,0,0,0,0
2026-10-04T14:09:09Z,frontend,paymentservice,0,0,0,0,0,0,0
2026-10-04T14:09:09Z,frontend,productcatalogservice,8357262,8357198,0,0,0,57131350,8356316
2026-10-04T14:09:09Z,frontend,recommendationservice,2711933,1654001,0,110841,944516,819901881,1653753
2026-10-04T14:09:09Z,frontend,redis-cart,0,0,0,0,0,0,0
2026-10-04T14:09:09Z,frontend,shippingservice,309030,309028,0,0,0,937468,308998
2026-10-04T14:09:09Z,paymentservice,adservice,0,0,0,0,0,0,0
2026-10-04T14:09:09Z,paymentservice,cartservice,0,0,0,0,0,0,0
2026-10-04T14:09:09Z,paymentservice,checkoutservice,0,0,0,0,0,0,0
2026-10-04T14:09:09Z,paymentservice,currencyservice,0,0,0,0,0,0,0
2026-10-04T14:09:09Z,paymentservice,emailservice,0,0,0,0,0,0,0
2026-10-04T14:09:09Z,paymentservice,frontend,0,0,0,0,0,0,0
2026-10-04T14:09:09Z,paymentservice,kubernetes,0,0,0,0,0,0,0
2026-10-04T14:09:09Z,paymentservice,paymentservice,0,0,0,0,0,0,0
2026-10-04T14:09:09Z,paymentservice,productcatalogservice,0,0,0,0,0,0,0
2026-10-04T14:09:09Z,paymentservice,recommendationservice,0,0,0,0,0,0,0
2026-10-04T14:09:09Z,paymentservice,redis-cart,0,0,0,0,0,0,0
2026-10-04T14:09:09Z,paymentservice,shippingservice,0,0,0,0,0,0,0
2026-10-04T14:09:09Z,productcatalogservice,adservice,0,0,0,0,0,0,0
2026-10-04T14:09:09Z,productcatalogservice,cartservice,0,0,0,0,0,0,0
2026-10-04T14:09:09Z,productcatalogservice,checkoutservice,0,0,0,0,0,0,0
2026-10-04T14:09:09Z,productcatalogservice,currencyservice,0,0,0,0,0,0,0
2026-10-04T14:09:09Z,productcatalogservice,emailservice,0,0,0,0,0,0,0
2026-10-04T14:09:09Z,productcatalogservice,frontend,0,0,0,0,0,0,0
2026-10-04T14:09:09Z,productcatalogservice,kubernetes,0,0,0,0,0,0,0
2026-10-04T14:09:09Z,productcatalogservice,paymentservice,0,0,0,0,0,0,0
2026-10-04T14:09:09Z,productcatalogservice,productcatalogservice,0,0,0,0,0,0,0
2026-10-04T14:09:09Z,productcatalogservice,recommendationservice,0,0,0,0,0,0,0
2026-10-04T14:09:09Z,productcatalogservice,redis-cart,0,0,0,0,0,0,0
2026-10-04T14:09:09Z,productcatalogservice,shippingservice,0,0,0,0,0,0,0
2026-10-04T14:09:09Z,recommendationservice,adservice,0,0,0,0,0,0,0
2026-10-04T14:09:09Z,recommendationservice,cartservice,0,0,0,0,0,0,0
2026-10-04T14:09:09Z,recommendationservice,checkoutservice,0,0,0,0,0,0,0
2026-10-04T14:09:09Z,recommendationservice,currencyservice,0,0,0,0,0,0,0
2026-10-04T14:09:09Z,recommendationservice,emailservice,0,0,0,0,0,0,0
2026-10-04T14:09:09Z,recommendationservice,frontend,0,0,0,0,0,0,0
2026-10-04T14:09:09Z,recommendationservice,kubernetes,0,0,0,0,0,0,0
2026-10-04T14:09:09Z,recommendationservice,paymentservice,0,0,0,0,0,0,0
2026-10-04T14:09:09Z,recommendationservice,productcatalogservice,141076,141071,0,0,0,994379,139411
2026-10-04T14:09:09Z,recommendationservice,recommendationservice,0,0,0,0,0,0,0
2026-10-04T14:09:09Z,recommendationservice,redis-cart,0,0,0,0,0,0,0
2026-10-04T14:09:09Z,recommendationservice,shippingservice,0,0,0,0,0,0,0
2026-10-04T14:09:09Z,redis-cart,adservice,0,0,0,0,0,0,0
2026-10-04T14:09:09Z,redis-cart,cartservice,0,0,0,0,0,0,0
2026-10-04T14:09:09Z,redis-cart,checkoutservice,0,0,0,0,0,0,0
2026-10-04T14:09:09Z,redis-cart,currencyservice,0,0,0,0,0,0,0
2026-10-04T14:09:09Z,redis-cart,emailservice,0,0,0,0,0,0,0
2026-10-04T14:09:09Z,redis-cart,frontend,0,0,0,0,0,0,0
2026-10-04T14:09:09Z,redis-cart,kubernetes,0,0,0,0,0,0,0
2026-10-04T14:09:09Z,redis-cart,paymentservice,0,0,0,0,0,0,0
2026-10-04T14:09:09Z,redis-cart,productcatalogservice,0,0,0,0,0,0,0
2026-10-04T14:09:09Z,redis-cart,recommendationservice,0,0,0,0,0,0,0
2026-10-04T14:09:09Z,redis-cart,redis-cart,0,0,0,0,0,0,0
2026-10-04T14:09:09Z,redis-cart,shippingservice,0,0,0,0,0,0,0
2026-10-04T14:09:09Z,shippingservice,adservice,0,0,0,0,0,0,0
2026-10-04T14:09:09Z,shippingservice,cartservice,0,0,0,0,0,0,0
2026-10-04T14:09:09Z,shippingservice,checkoutservice,0,0,0,0,0,0,0
2026-10-04T14:09:09Z,shippingservice,currencyservice,0,0,0,0,0,0,0
2026-10-04T14:09:09Z,shippingservice,emailservice,0,0,0,0,0,0,0
2026-10-04T14:09:09Z,shippingservice,frontend,0,0,0,0,0,0,0
2026-10-04T14:09:09Z,shippingservice,kubernetes,0,0,0,0,0,0,0
2026-10-04T14:09:09Z,shippingservice,paymentservice,0,0,0,0,0,0,0
2026-10-04T14:09:09Z,shippingservice,productcatalogservice,0,0,0,0,0,0,0
2026-10-04T14:09:09Z,shippingservice,recommendationservice,0,0,0,0,0,0,0
2026-10-04T14:09:09Z,shippingservice,redis-cart,0,0,0,0,0,0,0
2026-10-04T14:09:09Z,shippingservice,shippingservice,0,0,0,0,0,0,0
2026-10-04T14:09:10Z,adservice,adservice,0,0,0,0,0,0,0
2026-10-04T14:09:10Z,adservice,cartservice,0,0,0,0,0,0,0
2026-10-04T14:09:10Z,adservice,checkoutservice,0,0,0,0,0,0,0
2026-10-04T14:09:10Z,adservice,currencyservice,0,0,0,0,0,0,0
2026-10-04T14:09:10Z,adservice,emailservice,0,0,0,0,0,0,0
2026-10-04T14:09:10Z,adservice,frontend,0,0,0,0,0,0,0
2026-10-04T14:09:10Z,adservice,kubernetes,0,0,0,0,0,0,0
2026-10-04T14:09:10Z,adservice,paymentservice,0,0,0,0,0,0,0
2026-10-04T14:09:10Z,adservice,productcatalogservice,0,0,0,0,0,0,0
2026-10-04T14:09:10Z,adservice,recommendationservice,0,0,0,0,0,0,0
2026-10-04T14:09:10Z,adservice,redis-cart,0,0,0,0,0,0,0
2026-10-04T14:09:10Z,adservice,shippingservice,0,0,0,0,0,0,0
2026-10-04T14:09:10Z,cartservice,adservice,0,0,0,0,0,0,0
2026-10-04T14:09:10Z,cartservice,cartservice,0,0,0,0,0,0,0
2026-10-04T14:09:10Z,cartservice,checkoutservice,0,0,0,0,0,0,0
2026-10-04T14:09:10Z,cartservice,currencyservice,0,0,0,0,0,0,0
2026-10-04T14:09:10Z,cartservice,emailservice,0,0,0,0,0,0,0
2026-10-04T14:09:10Z,cartservice,frontend,0,0,0,0,0,0,0
2026-10-04T14:09:10Z,cartservice,kubernetes,0,0,0,0,0,0,0
2026-10-04T14:09:10Z,cartservice,paymentservice,0,0,0,0,0,0,0
2026-10-04T14:09:10Z,cartservice,productcatalogservice,0,0,0,0,0,0,0
2026-10-04T14:09:10Z,cartservice,recommendationservice,0,0,0,0,0,0,0
2026-10-04T14:09:10Z,cartservice,redis-cart,2,0,0,0,0,0,0
2026-10-04T14:09:10Z,cartservice,shippingservice,0,0,0,0,0,0,0
2026-10-04T14:09:10Z,checkoutservice,adservice,0,0,0,0,0,0,0
2026-10-04T14:09:10Z,checkoutservice,cartservice,54677,53746,0,100,0,671540,53471
2026-10-04T14:09:10Z,checkoutservice,checkoutservice,0,0,0,0,0,0,0
2026-10-04T14:09:10Z,checkoutservice,currencyservice,38736,38736,0,0,0,553939,38599
2026-10-04T14:09:10Z,checkoutservice,emailservice,9974,9688,0,66,0,347058,9551
2026-10-04T14:09:10Z,checkoutservice,frontend,0,0,0,0,0,0,0
2026-10-04T14:09:10Z,checkoutservice,kubernetes,0,0,0,0,0,0,0
2026-10-04T14:09:10Z,checkoutservice,paymentservice,32002,30154,0,192,0,423905,29869
2026-10-04T14:09:10Z,checkoutservice,productcatalogservice,0,0,0,0,0,0,0
2026-10-04T14:09:10Z,checkoutservice,recommendationservice,0,0,0,0,0,0,0
2026-10-04T14:09:10Z,checkoutservice,redis-cart,0,0,0,0,0,0,0
2026-10-04T14:09:10Z,checkoutservice,shippingservice,59988,57885,0,154,0,498845,57609
2026-10-04T14:09:10Z,currencyservice,adservice,0,0,0,0,0,0,0
2026-10-04T14:09:10Z,currencyservice,cartservice,0,0,0,0,0,0,0
2026-10-04T14:09:10Z,currencyservice,checkoutservice,0,0,0,0,0,0,0
2026-10-04T14:09:10Z,currencyservice,currencyservice,0,0,0,0,0,0,0
2026-10-04T14:09:10Z,currencyservice,emailservice,0,0,0,0,0,0,0
2026-10-04T14:09:10Z,currencyservice,frontend,0,0,0,0,0,0,0
2026-10-04T14:09:10Z,currencyservice,kubernetes,0,0,0,0,0,0,0
2026-10-04T14:09:10Z,currencyservice,paymentservice,0,0,0,0,0,0,0
2026-10-04T14:09:10Z,currencyservice,productcatalogservice,0,0,0,0,0,0,0
2026-10-04T14:09:10Z,currencyservice,recommendationservice,0,0,0,0,0,0,0
2026-10-04T14:09:10Z,currencyservice,redis-cart,0,0,0,0,0,0,0
2026-10-04T14:09:10Z,currencyservice,shippingservice,0,0,0,0,0,0,0
2026-10-04T14:09:10Z,emailservice,adservice,0,0,0,0,0,0,0
2026-10-04T14:09:10Z,emailservice,cartservice,0,0,0,0,0,0,0
2026-10-04T14:09:10Z,emailservice,checkoutservice,0,0,0,0,0,0,0
2026-10-04T14:09:10Z,emailservice,currencyservice,0,0,0,0,0,0,0
2026-10-04T14:09:10Z,emailservice,emailservice,0,0,0,0,0,0,0
2026-10-04T14:09:10Z,emailservice,frontend,0,0,0,0,0,0,0
2026-10-04T14:09:10Z,emailservice,kubernetes,0,0,0,0,0,0,0
2026-10-04T14:09:10Z,emailservice,paymentservice,0,0,0,0,0,0,0
2026-10-04T14:09:10Z,emailservice,productcatalogservice,0,0,0,0,0,0,0
2026-10-04T14:09:10Z,emailservice,recommendationservice,0,0,0,0,0,0,0
2026-10-04T14:09:10Z,emailservice,redis-cart,0,0,0,0,0,0,0
2026-10-04T14:09:10Z,emailservice,shippingservice,0,0,0,0,0,0,0
2026-10-04T14:09:10Z,frontend,adservice,842871,842869,0,0,0,2540989,842703
2026-10-04T14:09:10Z,frontend,cartservice,1872753,1872737,0,0,4,10387934,1872099
2026-10-04T14:09:10Z,frontend,checkoutservice,397729,187761,0,40061,169944,62461601,187680
2026-10-04T14:09:10Z,frontend,currencyservice,2977032,2977022,0,0,0,15725878,2976058
2026-10-04T14:09:10Z,frontend,emailservice,0,0,0,0,0,0,0
2026-10-04T14:09:10Z,frontend,frontend,0,0,0,0,0,0,0
2026-10-04T14:09:10Z,frontend,kubernetes,0,0,0,0,0,0,0
2026-10-04T14:09:10Z,frontend,paymentservice,0,0,0,0,0,0,0
2026-10-04T14:09:10Z,frontend,productcatalogservice,8358468,8358403,0,0,0,57131350,8356316
2026-10-04T14:09:10Z,frontend,recommendationservice,2712621,1654285,0,110909,944890,819901881,1653753
2026-10-04T14:09:10Z,frontend,redis-cart,0,0,0,0,0,0,0
2026-10-04T14:09:10Z,frontend,shippingservice,309073,309071,0,0,0,937468,308998
2026-10-04T14:09:10Z,paymentservice,adservice,0,0,0,0,0,0,0
2026-10-04T14:09:10Z,paymentservice,cartservice,0,0,0,0,0,0,0
2026-10-04T14:09:10Z,paymentservice,checkoutservice,0,0,0,0,0,0,0
2026-10-04T14:09:10Z,paymentservice,currencyservice,0,0,0,0,0,0,0
2026-10-04T14:09:10Z,paymentservice,emailservice,0,0,0,0,0,0,0
2026-10-04T14:09:10Z,paymentservice,frontend,0,0,0,0,0,0,0
2026-10-04T14:09:10Z,paymentservice,kubernetes,0,0,0,0,0,0,0
2026-10-04T14:09:10Z,paymentservice,paymentservice,0,0,0,0,0,0,0
2026-10-04T14:09:10Z,paymentservice,productcatalogservice,0,0,0,0,0,0,0
2026-10-04T14:09:10Z,paymentservice,recommendationservice,0,0,0,0,0,0,0
2026-10-04T14:09:10Z,paymentservice,redis-cart,0,0,0,0,0,0,0
2026-10-04T14:09:10Z,paymentservice,shippingservice,0,0,0,0,0,0,0
2026-10-04T14:09:10Z,productcatalogservice,adservice,0,0,0,0,0,0,0
2026-10-04T14:09:10Z,productcatalogservice,cartservice,0,0,0,0,0,0,0
2026-10-04T14:09:10Z,productcatalogservice,checkoutservice,0,0,0,0,0,0,0
2026-10-04T14:09:10Z,productcatalogservice,currencyservice,0,0,0,0,0,0,0
2026-10-04T14:09:10Z,productcatalogservice,emailservice,0,0,0,0,0,0,0
2026-10-04T14:09:10Z,productcatalogservice,frontend,0,0,0,0,0,0,0
2026-10-04T14:09:10Z,productcatalogservice,kubernetes,0,0,0,0,0,0,0
2026-10-04T14:09:10Z,productcatalogservice,paymentservice,0,0,0,0,0,0,0
2026-10-04T14:09:10Z,productcatalogservice,productcatalogservice,0,0,0,0,0,0,0
2026-10-04T14:09:10Z,productcatalogservice,recommendationservice,0,0,0,0,0,0,0
2026-10-04T14:09:10Z,productcatalogservice,redis-cart,0,0,0,0,0,0,0
2026-10-04T14:09:10Z,productcatalogservice,shippingservice,0,0,0,0,0,0,0
2026-10-04T14:09:10Z,recommendationservice,adservice,0,0,0,0,0,0,0
2026-10-04T14:09:10Z,recommendationservice,cartservice,0,0,0,0,0,0,0
2026-10-04T14:09:10Z,recommendationservice,checkoutservice,0,0,0,0,0,0,0
2026-10-04T14:09:10Z,recommendationservice,currencyservice,0,0,0,0,0,0,0
2026-10-04T14:09:10Z,recommendationservice,emailservice,0,0,0,0,0,0,0
2026-10-04T14:09:10Z,recommendationservice,frontend,0,0,0,0,0,0,0
2026-10-04T14:09:10Z,recommendationservice,kubernetes,0,0,0,0,0,0,0
2026-10-04T14:09:10Z,recommendationservice,paymentservice,0,0,0,0,0,0,0
2026-10-04T14:09:10Z,recommendationservice,productcatalogservice,141463,141463,0,0,0,1005465,141405
2026-10-04T14:09:10Z,recommendationservice,recommendationservice,0,0,0,0,0,0,0
2026-10-04T14:09:10Z,recommendationservice,redis-cart,0,0,0,0,0,0,0
2026-10-04T14:09:10Z,recommendationservice,shippingservice,0,0,0,0,0,0,0
2026-10-04T14:09:10Z,redis-cart,adservice,0,0,0,0,0,0,0
2026-10-04T14:09:10Z,redis-cart,cartservice,0,0,0,0,0,0,0
2026-10-04T14:09:10Z,redis-cart,checkoutservice,0,0,0,0,0,0,0
2026-10-04T14:09:10Z,redis-cart,currencyservice,0,0,0,0,0,0,0
2026-10-04T14:09:10Z,redis-cart,emailservice,0,0,0,0,0,0,0
2026-10-04T14:09:10Z,redis-cart,frontend,0,0,0,0,0,0,0
2026-10-04T14:09:10Z,redis-cart,kubernetes,0,0,0,0,0,0,0
2026-10-04T14:09:10Z,redis-cart,paymentservice,0,0,0,0,0,0,0
2026-10-04T14:09:10Z,redis-cart,productcatalogservice,0,0,0,0,0,0,0
2026-10-04T14:09:10Z,redis-cart,recommendationservice,0,0,0,0,0,0,0
2026-10-04T14:09:10Z,redis-cart,redis-cart,0,0,0,0,0,0,0
2026-10-04T14:09:10Z,redis-cart,shippingservice,0,0,0,0,0,0,0
2026-10-04T14:09:10Z,shippingservice,adservice,0,0,0,0,0,0,0
2026-10-04T14:09:10Z,shippingservice,cartservice,0,0,0,0,0,0,0
2026-10-04T14:09:10Z,shippingservice,checkoutservice,0,0,0,0,0,0,0
2026-10-04T14:09:10Z,shippingservice,currencyservice,0,0,0,0,0,0,0
2026-10-04T14:09:10Z,shippingservice,emailservice,0,0,0,0,0,0,0
2026-10-04T14:09:10Z,shippingservice,frontend,0,0,0,0,0,0,0
2026-10-04T14:09:10Z,shippingservice,kubernetes,0,0,0,0,0,0,0
2026-10-04T14:09:10Z,shippingservice,paymentservice,0,0,0,0,0,0,0
2026-10-04T14:09:10Z,shippingservice,productcatalogservice,0,0,0,0,0,0,0
2026-10-04T14:09:10Z,shippingservice,recommendationservice,0,0,0,0,0,0,0
2026-10-04T14:09:10Z,shippingservice,redis-cart,0,0,0,0,0,0,0
2026-10-04T14:09:10Z,shippingservice,shippingservice,0,0,0,0,0,0,0
2026-10-04T14:09:11Z,adservice,adservice,0,0,0,0,0,0,0
2026-10-04T14:09:11Z,adservice,cartservice,0,0,0,0,0,0,0
2026-10-04T14:09:11Z,adservice,checkoutservice,0,0,0,0,0,0,0
2026-10-04T14:09:11Z,adservice,currencyservice,0,0,0,0,0,0,0
2026-10-04T14:09:11Z,adservice,emailservice,0,0,0,0,0,0,0
2026-10-04T14:09:11Z,adservice,frontend,0,0,0,0,0,0,0
2026-10-04T14:09:11Z,adservice,kubernetes,0,0,0,0,0,0,0
2026-10-04T14:09:11Z,adservice,paymentservice,0,0,0,0,0,0,0
2026-10-04T14:09:11Z,adservice,productcatalogservice,0,0,0,0,0,0,0
2026-10-04T14:09:11Z,adservice,recommendationservice,0,0,0,0,0,0,0
2026-10-04T14:09:11Z,adservice,redis-cart,0,0,0,0,0,0,0
2026-10-04T14:09:11Z,adservice,shippingservice,0,0,0,0,0,0,0
2026-10-04T14:09:11Z,cartservice,adservice,0,0,0,0,0,0,0
2026-10-04T14:09:11Z,cartservice,cartservice,0,0,0,0,0,0,0
2026-10-04T14:09:11Z,cartservice,checkoutservice,0,0,0,0,0,0,0
2026-10-04T14:09:11Z,cartservice,currencyservice,0,0,0,0,0,0,0
2026-10-04T14:09:11Z,cartservice,emailservice,0,0,0,0,0,0,0
2026-10-04T14:09:11Z,cartservice,frontend,0,0,0,0,0,0,0
2026-10-04T14:09:11Z,cartservice,kubernetes,0,0,0,0,0,0,0
2026-10-04T14:09:11Z,cartservice,paymentservice,0,0,0,0,0,0,0
2026-10-04T14:09:11Z,cartservice,productcatalogservice,0,0,0,0,0,0,0
2026-10-04T14:09:11Z,cartservice,recommendationservice,0,0,0,0,0,0,0
2026-10-04T14:09:11Z,cartservice,redis-cart,2,0,0,0,0,0,0
2026-10-04T14:09:11Z,cartservice,shippingservice,0,0,0,0,0,0,0
2026-10-04T14:09:11Z,checkoutservice,adservice,0,0,0,0,0,0,0
2026-10-04T14:09:11Z,checkoutservice,cartservice,54793,53862,0,100,0,671540,53471
2026-10-04T14:09:11Z,checkoutservice,checkoutservice,0,0,0,0,0,0,0
2026-10-04T14:09:11Z,checkoutservice,currencyservice,38795,38795,0,0,0,553939,38599
2026-10-04T14:09:11Z,checkoutservice,emailservice,10031,9743,0,66,0,347058,9551
2026-10-04T14:09:11Z,checkoutservice,frontend,0,0,0,0,0,0,0
2026-10-04T14:09:11Z,checkoutservice,kubernetes,0,0,0,0,0,0,0
2026-10-04T14:09:11Z,checkoutservice,paymentservice,32061,30212,0,192,0,423905,29869
2026-10-04T14:09:11Z,checkoutservice,productcatalogservice,0,0,0,0,0,0,0
2026-10-04T14:09:11Z,checkoutservice,recommendationservice,0,0,0,0,0,0,0
2026-10-04T14:09:11Z,checkoutservice,redis-cart,0,0,0,0,0,0,0
2026-10-04T14:09:11Z,checkoutservice,shippingservice,60105,58001,0,154,0,498845,57609
2026-10-04T14:09:11Z,currencyservice,adservice,0,0,0,0,0,0,0
2026-10-04T14:09:11Z,currencyservice,cartservice,0,0,0,0,0,0,0
2026-10-04T14:09:11Z,currencyservice,checkoutservice,0,0,0,0,0,0,0
2026-10-04T14:09:11Z,currencyservice,currencyservice,0,0,0,0,0,0,0
2026-10-04T14:09:11Z,currencyservice,emailservice,0,0,0,0,0,0,0
2026-10-04T14:09:11Z,currencyservice,frontend,0,0,0,0,0,0,0
2026-10-04T14:09:11Z,currencyservice,kubernetes,0,0,0,0,0,0,0
2026-10-04T14:09:11Z,currencyservice,paymentservice,0,0,0,0,0,0,0
2026-10-04T14:09:11Z,currencyservice,productcatalogservice,0,0,0,0,0,0,0
2026-10-04T14:09:11Z,currencyservice,recommendationservice,0,0,0,0,0,0,0
2026-10-04T14:09:11Z,currencyservice,redis-cart,0,0,0,0,0,0,0
2026-10-04T14:09:11Z,currencyservice,shippingservice,0,0,0,0,0,0,0
2026-10-04T14:09:11Z,emailservice,adservice,0,0,0,0,0,0,0
2026-10-04T14:09:11Z,emailservice,cartservice,0,0,0,0,0,0,0
2026-10-04T14:09:11Z,emailservice,checkoutservice,0,0,0,0,0,0,0
2026-10-04T14:09:11Z,emailservice,currencyservice,0,0,0,0,0,0,0
2026-10-04T14:09:11Z,emailservice,emailservice,0,0,0,0,0,0,0
2026-10-04T14:09:11Z,emailservice,frontend,0,0,0,0,0,0,0
2026-10-04T14:09:11Z,emailservice,kubernetes,0,0,0,0,0,0,0
2026-10-04T14:09:11Z,emailservice,paymentservice,0,0,0,0,0,0,0
2026-10-04T14:09:11Z,emailservice,productcatalogservice,0,0,0,0,0,0,0
2026-10-04T14:09:11Z,emailservice,recommendationservice,0,0,0,0,0,0,0
2026-10-04T14:09:11Z,emailservice,redis-cart,0,0,0,0,0,0,0
2026-10-04T14:09:11Z,emailservice,shippingservice,0,0,0,0,0,0,0
2026-10-04T14:09:11Z,frontend,adservice,843009,843006,0,0,0,2540989,842703
2026-10-04T14:09:11Z,frontend,cartservice,1873163,1873148,0,0,4,10387934,1872099
2026-10-04T14:09:11Z,frontend,checkoutservice,397789,187824,0,40061,169944,62461601,187680
2026-10-04T14:09:11Z,frontend,currencyservice,2977704,2977693,0,0,0,15725878,2976058
2026-10-04T14:09:11Z,frontend,emailservice,0,0,0,0,0,0,0
2026-10-04T14:09:11Z,frontend,frontend,0,0,0,0,0,0,0
2026-10-04T14:09:11Z,frontend,kubernetes,0,0,0,0,0,0,0
2026-10-04T14:09:11Z,frontend,paymentservice,0,0,0,0,0,0,0
2026-10-04T14:09:11Z,frontend,productcatalogservice,8360122,8360052,0,0,0,57131350,8356316
2026-10-04T14:09:11Z,frontend,recommendationservice,2713372,1654646,0,110968,945216,819901881,1653753
2026-10-04T14:09:11Z,frontend,redis-cart,0,0,0,0,0,0,0
2026-10-04T14:09:11Z,frontend,shippingservice,309137,309135,0,0,0,937468,308998
2026-10-04T14:09:11Z,paymentservice,adservice,0,0,0,0,0,0,0
2026-10-04T14:09:11Z,paymentservice,cartservice,0,0,0,0,0,0,0
2026-10-04T14:09:11Z,paymentservice,checkoutservice,0,0,0,0,0,0,0
2026-10-04T14:09:11Z,paymentservice,currencyservice,0,0,0,0,0,0,0
2026-10-04T14:09:11Z,paymentservice,emailservice,0,0,0,0,0,0,0
2026-10-04T14:09:11Z,paymentservice,frontend,0,0,0,0,0,0,0
2026-10-04T14:09:11Z,paymentservice,kubernetes,0,0,0,0,0,0,0
2026-10-04T14:09:11Z,paymentservice,paymentservice,0,0,0,0,0,0,0
2026-10-04T14:09:11Z,paymentservice,productcatalogservice,0,0,0,0,0,0,0
2026-10-04T14:09:11Z,paymentservice,recommendationservice,0,0,0,0,0,0,0
2026-10-04T14:09:11Z,paymentservice,redis-cart,0,0,0,0,0,0,0
2026-10-04T14:09:11Z,paymentservice,shippingservice,0,0,0,0,0,0,0
2026-10-04T14:09:11Z,productcatalogservice,adservice,0,0,0,0,0,0,0
2026-10-04T14:09:11Z,productcatalogservice,cartservice,0,0,0,0,0,0,0
2026-10-04T14:09:11Z,productcatalogservice,checkoutservice,0,0,0,0,0,0,0
2026-10-04T14:09:11Z,productcatalogservice,currencyservice,0,0,0,0,0,0,0
2026-10-04T14:09:11Z,productcatalogservice,emailservice,0,0,0,0,0,0,0
2026-10-04T14:09:11Z,productcatalogservice,frontend,0,0,0,0,0,0,0
2026-10-04T14:09:11Z,productcatalogservice,kubernetes,0,0,0,0,0,0,0
2026-10-04T14:09:11Z,productcatalogservice,paymentservice,0,0,0,0,0,0,0
2026-10-04T14:09:11Z,productcatalogservice,productcatalogservice,0,0,0,0,0,0,0
2026-10-04T14:09:11Z,productcatalogservice,recommendationservice,0,0,0,0,0,0,0
2026-10-04T14:09:11Z,productcatalogservice,redis-cart,0,0,0,0,0,0,0
2026-10-04T14:09:11Z,productcatalogservice,shippingservice,0,0,0,0,0,0,0
2026-10-04T14:09:11Z,recommendationservice,adservice,0,0,0,0,0,0,0
2026-10-04T14:09:11Z,recommendationservice,cartservice,0,0,0,0,0,0,0
2026-10-04T14:09:11Z,recommendationservice,checkoutservice,0,0,0,0,0,0,0
2026-10-04T14:09:11Z,recommendationservice,currencyservice,0,0,0,0,0,0,0
2026-10-04T14:09:11Z,recommendationservice,emailservice,0,0,0,0,0,0,0
2026-10-04T14:09:11Z,recommendationservice,frontend,0,0,0,0,0,0,0
2026-10-04T14:09:11Z,recommendationservice,kubernetes,0,0,0,0,0,0,0
2026-10-04T14:09:11Z,recommendationservice,paymentservice,0,0,0,0,0,0,0
2026-10-04T14:09:11Z,recommendationservice,productcatalogservice,141887,141886,0,0,0,1005465,141405
2026-10-04T14:09:11Z,recommendationservice,recommendationservice,0,0,0,0,0,0,0
2026-10-04T14:09:11Z,recommendationservice,redis-cart,0,0,0,0,0,0,0
2026-10-04T14:09:11Z,recommendationservice,shippingservice,0,0,0,0,0,0,0
2026-10-04T14:09:11Z,redis-cart,adservice,0,0,0,0,0,0,0
2026-10-04T14:09:11Z,redis-cart,cartservice,0,0,0,0,0,0,0
2026-10-04T14:09:11Z,redis-cart,checkoutservice,0,0,0,0,0,0,0
2026-10-04T14:09:11Z,redis-cart,currencyservice,0,0,0,0,0,0,0
2026-10-04T14:09:11Z,redis-cart,emailservice,0,0,0,0,0,0,0
2026-10-04T14:09:11Z,redis-cart,frontend,0,0,0,0,0,0,0
2026-10-04T14:09:11Z,redis-cart,kubernetes,0,0,0,0,0,0,0
2026-10-04T14:09:11Z,redis-cart,paymentservice,0,0,0,0,0,0,0
2026-10-04T14:09:11Z,redis-cart,productcatalogservice,0,0,0,0,0,0,0
2026-10-04T14:09:11Z,redis-cart,recommendationservice,0,0,0,0,0,0,0
2026-10-04T14:09:11Z,redis-cart,redis-cart,0,0,0,0,0,0,0
2026-10-04T14:09:11Z,redis-cart,shippingservice,0,0,0,0,0,0,0
2026-10-04T14:09:11Z,shippingservice,adservice,0,0,0,0,0,0,0
2026-10-04T14:09:11Z,shippingservice,cartservice,0,0,0,0,0,0,0
2026-10-04T14:09:11Z,shippingservice,checkoutservice,0,0,0,0,0,0,0
2026-10-04T14:09:11Z,shippingservice,currencyservice,0,0,0,0,0,0,0
2026-10-04T14:09:11Z,shippingservice,emailservice,0,0,0,0,0,0,0
2026-10-04T14:09:11Z,shippingservice,frontend,0,0,0,0,0,0,0
2026-10-04T14:09:11Z,shippingservice,kubernetes,0,0,0,0,0,0,0
2026-10-04T14:09:11Z,shippingservice,paymentservice,0,0,0,0,0,0,0
2026-10-04T14:09:11Z,shippingservice,productcatalogservice,0,0,0,0,0,0,0
2026-10-04T14:09:11Z,shippingservice,recommendationservice,0,0,0,0,0,0,0
2026-10-04T14:09:11Z,shippingservice,redis-cart,0,0,0,0,0,0,0
2026-10-04T14:09:11Z,shippingservice,shippingservice,0,0,0,0,0,0,0
2026-10-04T14:09:12Z,adservice,adservice,0,0,0,0,0,0,0
2026-10-04T14:09:12Z,adservice,cartservice,0,0,0,0,0,0,0
2026-10-04T14:09:12Z,adservice,checkoutservice,0,0,0,0,0,0,0
2026-10-04T14:09:12Z,adservice,currencyservice,0,0,0,0,0,0,0
2026-10-04T14:09:12Z,adservice,emailservice,0,0,0,0,0,0,0
2026-10-04T14:09:12Z,adservice,frontend,0,0,0,0,0,0,0
2026-10-04T14:09:12Z,adservice,kubernetes,0,0,0,0,0,0,0
2026-10-04T14:09:12Z,adservice,paymentservice,0,0,0,0,0,0,0
2026-10-04T14:09:12Z,adservice,productcatalogservice,0,0,0,0,0,0,0
2026-10-04T14:09:12Z,adservice,recommendationservice,0,0,0,0,0,0,0
2026-10-04T14:09:12Z,adservice,redis-cart,0,0,0,0,0,0,0
2026-10-04T14:09:12Z,adservice,shippingservice,0,0,0,0,0,0,0
2026-10-04T14:09:12Z,cartservice,adservice,0,0,0,0,0,0,0
2026-10-04T14:09:12Z,cartservice,cartservice,0,0,0,0,0,0,0
2026-10-04T14:09:12Z,cartservice,checkoutservice,0,0,0,0,0,0,0
2026-10-04T14:09:12Z,cartservice,currencyservice,0,0,0,0,0,0,0
2026-10-04T14:09:12Z,cartservice,emailservice,0,0,0,0,0,0,0
2026-10-04T14:09:12Z,cartservice,frontend,0,0,0,0,0,0,0
2026-10-04T14:09:12Z,cartservice,kubernetes,0,0,0,0,0,0,0
2026-10-04T14:09:12Z,cartservice,paymentservice,0,0,0,0,0,0,0
2026-10-04T14:09:12Z,cartservice,productcatalogservice,0,0,0,0,0,0,0
2026-10-04T14:09:12Z,cartservice,recommendationservice,0,0,0,0,0,0,0
2026-10-04T14:09:12Z,cartservice,redis-cart,2,0,0,0,0,0,0
2026-10-04T14:09:12Z,cartservice,shippingservice,0,0,0,0,0,0,0
2026-10-04T14:09:12Z,checkoutservice,adservice,0,0,0,0,0,0,0
2026-10-04T14:09:12Z,checkoutservice,cartservice,54874,53943,0,100,0,673541,53913
2026-10-04T14:09:12Z,checkoutservice,checkoutservice,0,0,0,0,0,0,0
2026-10-04T14:09:12Z,checkoutservice,currencyservice,38836,38833,0,0,0,554835,38820
2026-10-04T14:09:12Z,checkoutservice,emailservice,10070,9784,0,66,0,352756,9772
2026-10-04T14:09:12Z,checkoutservice,frontend,0,0,0,0,0,0,0
2026-10-04T14:09:12Z,checkoutservice,kubernetes,0,0,0,0,0,0,0
2026-10-04T14:09:12Z,checkoutservice,paymentservice,32099,30250,0,192,0,424673,30090
2026-10-04T14:09:12Z,checkoutservice,productcatalogservice,0,0,0,0,0,0,0
2026-10-04T14:09:12Z,checkoutservice,recommendationservice,0,0,0,0,0,0,0
2026-10-04T14:09:12Z,checkoutservice,redis-cart,0,0,0,0,0,0,0
2026-10-04T14:09:12Z,checkoutservice,shippingservice,60185,58081,0,154,0,499811,58051
2026-10-04T14:09:12Z,currencyservice,adservice,0,0,0,0,0,0,0
2026-10-04T14:09:12Z,currencyservice,cartservice,0,0,0,0,0,0,0
2026-10-04T14:09:12Z,currencyservice,checkoutservice,0,0,0,0,0,0,0
2026-10-04T14:09:12Z,currencyservice,currencyservice,0,0,0,0,0,0,0
2026-10-04T14:09:12Z,currencyservice,emailservice,0,0,0,0,0,0,0
2026-10-04T14:09:12Z,currencyservice,frontend,0,0,0,0,0,0,0
2026-10-04T14:09:12Z,currencyservice,kubernetes,0,0,0,0,0,0,0
2026-10-04T14:09:12Z,currencyservice,paymentservice,0,0,0,0,0,0,0
2026-10-04T14:09:12Z,currencyservice,productcatalogservice,0,0,0,0,0,0,0
2026-10-04T14:09:12Z,currencyservice,recommendationservice,0,0,0,0,0,0,0
2026-10-04T14:09:12Z,currencyservice,redis-cart,0,0,0,0,0,0,0
2026-10-04T14:09:12Z,currencyservice,shippingservice,0,0,0,0,0,0,0
2026-10-04T14:09:12Z,emailservice,adservice,0,0,0,0,0,0,0
2026-10-04T14:09:12Z,emailservice,cartservice,0,0,0,0,0,0,0
2026-10-04T14:09:12Z,emailservice,checkoutservice,0,0,0,0,0,0,0
2026-10-04T14:09:12Z,emailservice,currencyservice,0,0,0,0,0,0,0
2026-10-04T14:09:12Z,emailservice,emailservice,0,0,0,0,0,0,0
2026-10-04T14:09:12Z,emailservice,frontend,0,0,0,0,0,0,0
2026-10-04T14:09:12Z,emailservice,kubernetes,0,0,0,0,0,0,0
2026-10-04T14:09:12Z,emailservice,paymentservice,0,0,0,0,0,0,0
2026-10-04T14:09:12Z,emailservice,productcatalogservice,0,0,0,0,0,0,0
2026-10-04T14:09:12Z,emailservice,recommendationservice,0,0,0,0,0,0,0
2026-10-04T14:09:12Z,emailservice,redis-cart,0,0,0,0,0,0,0
2026-10-04T14:09:12Z,emailservice,shippingservice,0,0,0,0,0,0,0
2026-10-04T14:09:12Z,frontend,adservice,843115,843113,0,0,0,2540989,842703
2026-10-04T14:09:12Z,frontend,cartservice,1873474,1873462,0,0,4,10387934,1872099
2026-10-04T14:09:12Z,frontend,checkoutservice,397819,187849,0,40061,169944,62461601,187680
2026-10-04T14:09:12Z,frontend,currencyservice,2978162,2978151,0,0,0,15725878,2976058
2026-10-04T14:09:12Z,frontend,emailservice,0,0,0,0,0,0,0
2026-10-04T14:09:12Z,frontend,frontend,0,0,0,0,0,0,0
2026-10-04T14:09:12Z,frontend,kubernetes,0,0,0,0,0,0,0
2026-10-04T14:09:12Z,frontend,paymentservice,0,0,0,0,0,0,0
2026-10-04T14:09:12Z,frontend,productcatalogservice,8361167,8361099,0,0,0,57131350,8356316
2026-10-04T14:09:12Z,frontend,recommendationservice,2714112,1654882,0,111018,945654,819901881,1653753
2026-10-04T14:09:12Z,frontend,redis-cart,0,0,0,0,0,0,0
2026-10-04T14:09:12Z,frontend,shippingservice,309160,309158,0,0,0,937468,308998
2026-10-04T14:09:12Z,paymentservice,adservice,0,0,0,0,0,0,0
2026-10-04T14:09:12Z,paymentservice,cartservice,0,0,0,0,0,0,0
2026-10-04T14:09:12Z,paymentservice,checkoutservice,0,0,0,0,0,0,0
2026-10-04T14:09:12Z,paymentservice,currencyservice,0,0,0,0,0,0,0
2026-10-04T14:09:12Z,paymentservice,emailservice,0,0,0,0,0,0,0
2026-10-04T14:09:12Z,paymentservice,frontend,0,0,0,0,0,0,0
2026-10-04T14:09:12Z,paymentservice,kubernetes,0,0,0,0,0,0,0
2026-10-04T14:09:12Z,paymentservice,paymentservice,0,0,0,0,0,0,0
2026-10-04T14:09:12Z,paymentservice,productcatalogservice,0,0,0,0,0,0,0
2026-10-04T14:09:12Z,paymentservice,recommendationservice,0,0,0,0,0,0,0
2026-10-04T14:09:12Z,paymentservice,redis-cart,0,0,0,0,0,0,0
2026-10-04T14:09:12Z,paymentservice,shippingservice,0,0,0,0,0,0,0
2026-10-04T14:09:12Z,productcatalogservice,adservice,0,0,0,0,0,0,0
2026-10-04T14:09:12Z,productcatalogservice,cartservice,0,0,0,0,0,0,0
2026-10-04T14:09:12Z,productcatalogservice,checkoutservice,0,0,0,0,0,0,0
2026-10-04T14:09:12Z,productcatalogservice,currencyservice,0,0,0,0,0,0,0
2026-10-04T14:09:12Z,productcatalogservice,emailservice,0,0,0,0,0,0,0
2026-10-04T14:09:12Z,productcatalogservice,frontend,0,0,0,0,0,0,0
2026-10-04T14:09:12Z,productcatalogservice,kubernetes,0,0,0,0,0,0,0
2026-10-04T14:09:12Z,productcatalogservice,paymentservice,0,0,0,0,0,0,0
2026-10-04T14:09:12Z,productcatalogservice,productcatalogservice,0,0,0,0,0,0,0
2026-10-04T14:09:12Z,productcatalogservice,recommendationservice,0,0,0,0,0,0,0
2026-10-04T14:09:12Z,productcatalogservice,redis-cart,0,0,0,0,0,0,0
2026-10-04T14:09:12Z,productcatalogservice,shippingservice,0,0,0,0,0,0,0
2026-10-04T14:09:12Z,recommendationservice,adservice,0,0,0,0,0,0,0
2026-10-04T14:09:12Z,recommendationservice,cartservice,0,0,0,0,0,0,0
2026-10-04T14:09:12Z,recommendationservice,checkoutservice,0,0,0,0,0,0,0
2026-10-04T14:09:12Z,recommendationservice,currencyservice,0,0,0,0,0,0,0
2026-10-04T14:09:12Z,recommendationservice,emailservice,0,0,0,0,0,0,0
2026-10-04T14:09:12Z,recommendationservice,frontend,0,0,0,0,0,0,0
2026-10-04T14:09:12Z,recommendationservice,kubernetes,0,0,0,0,0,0,0
2026-10-04T14:09:12Z,recommendationservice,paymentservice,0,0,0,0,0,0,0
2026-10-04T14:09:12Z,recommendationservice,productcatalogservice,142245,142245,0,0,0,1005465,141405
2026-10-04T14:09:12Z,recommendationservice,recommendationservice,0,0,0,0,0,0,0
2026-10-04T14:09:12Z,recommendationservice,redis-cart,0,0,0,0,0,0,0
2026-10-04T14:09:12Z,recommendationservice,shippingservice,0,0,0,0,0,0,0
2026-10-04T14:09:12Z,redis-cart,adservice,0,0,0,0,0,0,0
2026-10-04T14:09:12Z,redis-cart,cartservice,0,0,0,0,0,0,0
2026-10-04T14:09:12Z,redis-cart,checkoutservice,0,0,0,0,0,0,0
2026-10-04T14:09:12Z,redis-cart,currencyservice,0,0,0,0,0,0,0
2026-10-04T14:09:12Z,redis-cart,emailservice,0,0,0,0,0,0,0
2026-10-04T14:09:12Z,redis-cart,frontend,0,0,0,0,0,0,0
2026-10-04T14:09:12Z,redis-cart,kubernetes,0,0,0,0,0,0,0
2026-10-04T14:09:12Z,redis-cart,paymentservice,0,0,0,0,0,0,0
2026-10-04T14:09:12Z,redis-cart,productcatalogservice,0,0,0,0,0,0,0
2026-10-04T14:09:12Z,redis-cart,recommendationservice,0,0,0,0,0,0,0
2026-10-04T14:09:12Z,redis-cart,redis-cart,0,0,0,0,0,0,0
2026-10-04T14:09:12Z,redis-cart,shippingservice,0,0,0,0,0,0,0
2026-10-04T14:09:12Z,shippingservice,adservice,0,0,0,0,0,0,0
2026-10-04T14:09:12Z,shippingservice,cartservice,0,0,0,0,0,0,0
2026-10-04T14:09:12Z,shippingservice,checkoutservice,0,0,0,0,0,0,0
2026-10-04T14:09:12Z,shippingservice,currencyservice,0,0,0,0,0,0,0
2026-10-04T14:09:12Z,shippingservice,emailservice,0,0,0,0,0,0,0
2026-10-04T14:09:12Z,shippingservice,frontend,0,0,0,0,0,0,0
2026-10-04T14:09:12Z,shippingservice,kubernetes,0,0,0,0,0,0,0
2026-10-04T14:09:12Z,shippingservice,paymentservice,0,0,0,0,0,0,0
2026-10-04T14:09:12Z,shippingservice,productcatalogservice,0,0,0,0,0,0,0
2026-10-04T14:09:12Z,shippingservice,recommendationservice,0,0,0,0,0,0,0
2026-10-04T14:09:12Z,shippingservice,redis-cart,0,0,0,0,0,0,0
2026-10-04T14:09:12Z,shippingservice,shippingservice,0,0,0,0,0,0,0
2026-10-04T14:09:13Z,adservice,adservice,0,0,0,0,0,0,0
2026-10-04T14:09:13Z,adservice,cartservice,0,0,0,0,0,0,0
2026-10-04T14:09:13Z,adservice,checkoutservice,0,0,0,0,0,0,0
2026-10-04T14:09:13Z,adservice,currencyservice,0,0,0,0,0,0,0
2026-10-04T14:09:13Z,adservice,emailservice,0,0,0,0,0,0,0
2026-10-04T14:09:13Z,adservice,frontend,0,0,0,0,0,0,0
2026-10-04T14:09:13Z,adservice,kubernetes,0,0,0,0,0,0,0
2026-10-04T14:09:13Z,adservice,paymentservice,0,0,0,0,0,0,0
2026-10-04T14:09:13Z,adservice,productcatalogservice,0,0,0,0,0,0,0
2026-10-04T14:09:13Z,adservice,recommendationservice,0,0,0,0,0,0,0
2026-10-04T14:09:13Z,adservice,redis-cart,0,0,0,0,0,0,0
2026-10-04T14:09:13Z,adservice,shippingservice,0,0,0,0,0,0,0
2026-10-04T14:09:13Z,cartservice,adservice,0,0,0,0,0,0,0
2026-10-04T14:09:13Z,cartservice,cartservice,0,0,0,0,0,0,0
2026-10-04T14:09:13Z,cartservice,checkoutservice,0,0,0,0,0,0,0
2026-10-04T14:09:13Z,cartservice,currencyservice,0,0,0,0,0,0,0
2026-10-04T14:09:13Z,cartservice,emailservice,0,0,0,0,0,0,0
2026-10-04T14:09:13Z,cartservice,frontend,0,0,0,0,0,0,0
2026-10-04T14:09:13Z,cartservice,kubernetes,0,0,0,0,0,0,0
2026-10-04T14:09:13Z,cartservice,paymentservice,0,0,0,0,0,0,0
2026-10-04T14:09:13Z,cartservice,productcatalogservice,0,0,0,0,0,0,0
2026-10-04T14:09:13Z,cartservice,recommendationservice,0,0,0,0,0,0,0
2026-10-04T14:09:13Z,cartservice,redis-cart,2,0,0,0,0,0,0
2026-10-04T14:09:13Z,cartservice,shippingservice,0,0,0,0,0,0,0
2026-10-04T14:09:13Z,checkoutservice,adservice,0,0,0,0,0,0,0
2026-10-04T14:09:13Z,checkoutservice,cartservice,54949,54018,0,100,0,673541,53913
2026-10-04T14:09:13Z,checkoutservice,checkoutservice,0,0,0,0,0,0,0
2026-10-04T14:09:13Z,checkoutservice,currencyservice,38872,38872,0,0,0,554835,38820
2026-10-04T14:09:13Z,checkoutservice,emailservice,10110,9824,0,66,0,352756,9772
2026-10-04T14:09:13Z,checkoutservice,frontend,0,0,0,0,0,0,0
2026-10-04T14:09:13Z,checkoutservice,kubernetes,0,0,0,0,0,0,0
2026-10-04T14:09:13Z,checkoutservice,paymentservice,32138,30290,0,192,0,424673,30090
2026-10-04T14:09:13Z,checkoutservice,productcatalogservice,0,0,0,0,0,0,0
2026-10-04T14:09:13Z,checkoutservice,recommendationservice,0,0,0,0,0,0,0
2026-10-04T14:09:13Z,checkoutservice,redis-cart,0,0,0,0,0,0,0
2026-10-04T14:09:13Z,checkoutservice,shippingservice,60260,58157,0,154,0,499811,58051
2026-10-04T14:09:13Z,currencyservice,adservice,0,0,0,0,0,0,0
2026-10-04T14:09:13Z,currencyservice,cartservice,0,0,0,0,0,0,0
2026-10-04T14:09:13Z,currencyservice,checkoutservice,0,0,0,0,0,0,0
2026-10-04T14:09:13Z,currencyservice,currencyservice,0,0,0,0,0,0,0
2026-10-04T14:09:13Z,currencyservice,emailservice,0,0,0,0,0,0,0
2026-10-04T14:09:13Z,currencyservice,frontend,0,0,0,0,0,0,0
2026-10-04T14:09:13Z,currencyservice,kubernetes,0,0,0,0,0,0,0
2026-10-04T14:09:13Z,currencyservice,paymentservice,0,0,0,0,0,0,0
2026-10-04T14:09:13Z,currencyservice,productcatalogservice,0,0,0,0,0,0,0
2026-10-04T14:09:13Z,currencyservice,recommendationservice,0,0,0,0,0,0,0
2026-10-04T14:09:13Z,currencyservice,redis-cart,0,0,0,0,0,0,0
2026-10-04T14:09:13Z,currencyservice,shippingservice,0,0,0,0,0,0,0
2026-10-04T14:09:13Z,emailservice,adservice,0,0,0,0,0,0,0
2026-10-04T14:09:13Z,emailservice,cartservice,0,0,0,0,0,0,0
2026-10-04T14:09:13Z,emailservice,checkoutservice,0,0,0,0,0,0,0
2026-10-04T14:09:13Z,emailservice,currencyservice,0,0,0,0,0,0,0
2026-10-04T14:09:13Z,emailservice,emailservice,0,0,0,0,0,0,0
2026-10-04T14:09:13Z,emailservice,frontend,0,0,0,0,0,0,0
2026-10-04T14:09:13Z,emailservice,kubernetes,0,0,0,0,0,0,0
2026-10-04T14:09:13Z,emailservice,paymentservice,0,0,0,0,0,0,0
2026-10-04T14:09:13Z,emailservice,productcatalogservice,0,0,0,0,0,0,0
2026-10-04T14:09:13Z,emailservice,recommendationservice,0,0,0,0,0,0,0
2026-10-04T14:09:13Z,emailservice,redis-cart,0,0,0,0,0,0,0
2026-10-04T14:09:13Z,emailservice,shippingservice,0,0,0,0,0,0,0
2026-10-04T14:09:13Z,frontend,adservice,843219,843216,0,0,0,2541371,842833
2026-10-04T14:09:13Z,frontend,cartservice,1873846,1873831,0,0,4,10389972,1872571
2026-10-04T14:09:13Z,frontend,checkoutservice,397859,187894,0,40061,169944,62468110,187742
2026-10-04T14:09:13Z,frontend,currencyservice,2978735,2978728,0,0,0,15728779,2976775
2026-10-04T14:09:13Z,frontend,emailservice,0,0,0,0,0,0,0
2026-10-04T14:09:13Z,frontend,frontend,0,0,0,0,0,0,0
2026-10-04T14:09:13Z,frontend,kubernetes,0,0,0,0,0,0,0
2026-10-04T14:09:13Z,frontend,paymentservice,0,0,0,0,0,0,0
2026-10-04T14:09:13Z,frontend,productcatalogservice,8362383,8362303,0,0,0,57143288,8357873
2026-10-04T14:09:13Z,frontend,recommendationservice,2714907,1655217,0,111083,946061,820284241,1654198
2026-10-04T14:09:13Z,frontend,redis-cart,0,0,0,0,0,0,0
2026-10-04T14:09:13Z,frontend,shippingservice,309194,309192,0,0,0,937600,309048
2026-10-04T14:09:13Z,paymentservice,adservice,0,0,0,0,0,0,0
2026-10-04T14:09:13Z,paymentservice,cartservice,0,0,0,0,0,0,0
2026-10-04T14:09:13Z,paymentservice,checkoutservice,0,0,0,0,0,0,0
2026-10-04T14:09:13Z,paymentservice,currencyservice,0,0,0,0,0,0,0
2026-10-04T14:09:13Z,paymentservice,emailservice,0,0,0,0,0,0,0
2026-10-04T14:09:13Z,paymentservice,frontend,0,0,0,0,0,0,0
2026-10-04T14:09:13Z,paymentservice,kubernetes,0,0,0,0,0,0,0
2026-10-04T14:09:13Z,paymentservice,paymentservice,0,0,0,0,0,0,0
2026-10-04T14:09:13Z,paymentservice,productcatalogservice,0,0,0,0,0,0,0
2026-10-04T14:09:13Z,paymentservice,recommendationservice,0,0,0,0,0,0,0
2026-10-04T14:09:13Z,paymentservice,redis-cart,0,0,0,0,0,0,0
2026-10-04T14:09:13Z,paymentservice,shippingservice,0,0,0,0,0,0,0
2026-10-04T14:09:13Z,productcatalogservice,adservice,0,0,0,0,0,0,0
2026-10-04T14:09:13Z,productcatalogservice,cartservice,0,0,0,0,0,0,0
2026-10-04T14:09:13Z,productcatalogservice,checkoutservice,0,0,0,0,0,0,0
2026-10-04T14:09:13Z,productcatalogservice,currencyservice,0,0,0,0,0,0,0
2026-10-04T14:09:13Z,productcatalogservice,emailservice,0,0,0,0,0,0,0
2026-10-04T14:09:13Z,productcatalogservice,frontend,0,0,0,0,0,0,0
2026-10-04T14:09:13Z,productcatalogservice,kubernetes,0,0,0,0,0,0,0
2026-10-04T14:09:13Z,productcatalogservice,paymentservice,0,0,0,0,0,0,0
2026-10-04T14:09:13Z,productcatalogservice,productcatalogservice,0,0,0,0,0,0,0
2026-10-04T14:09:13Z,productcatalogservice,recommendationservice,0,0,0,0,0,0,0
2026-10-04T14:09:13Z,productcatalogservice,redis-cart,0,0,0,0,0,0,0
2026-10-04T14:09:13Z,productcatalogservice,shippingservice,0,0,0,0,0,0,0
2026-10-04T14:09:13Z,recommendationservice,adservice,0,0,0,0,0,0,0
2026-10-04T14:09:13Z,recommendationservice,cartservice,0,0,0,0,0,0,0
2026-10-04T14:09:13Z,recommendationservice,checkoutservice,0,0,0,0,0,0,0
2026-10-04T14:09:13Z,recommendationservice,currencyservice,0,0,0,0,0,0,0
2026-10-04T14:09:13Z,recommendationservice,emailservice,0,0,0,0,0,0,0
2026-10-04T14:09:13Z,recommendationservice,frontend,0,0,0,0,0,0,0
2026-10-04T14:09:13Z,recommendationservice,kubernetes,0,0,0,0,0,0,0
2026-10-04T14:09:13Z,recommendationservice,paymentservice,0,0,0,0,0,0,0
2026-10-04T14:09:13Z,recommendationservice,productcatalogservice,142653,142645,0,0,0,1005465,141405
2026-10-04T14:09:13Z,recommendationservice,recommendationservice,0,0,0,0,0,0,0
2026-10-04T14:09:13Z,recommendationservice,redis-cart,0,0,0,0,0,0,0
2026-10-04T14:09:13Z,recommendationservice,shippingservice,0,0,0,0,0,0,0
2026-10-04T14:09:13Z,redis-cart,adservice,0,0,0,0,0,0,0
2026-10-04T14:09:13Z,redis-cart,cartservice,0,0,0,0,0,0,0
2026-10-04T14:09:13Z,redis-cart,checkoutservice,0,0,0,0,0,0,0
2026-10-04T14:09:13Z,redis-cart,currencyservice,0,0,0,0,0,0,0
2026-10-04T14:09:13Z,redis-cart,emailservice,0,0,0,0,0,0,0
2026-10-04T14:09:13Z,redis-cart,frontend,0,0,0,0,0,0,0
2026-10-04T14:09:13Z,redis-cart,kubernetes,0,0,0,0,0,0,0
2026-10-04T14:09:13Z,redis-cart,paymentservice,0,0,0,0,0,0,0
2026-10-04T14:09:13Z,redis-cart,productcatalogservice,0,0,0,0,0,0,0
2026-10-04T14:09:13Z,redis-cart,recommendationservice,0,0,0,0,0,0,0
2026-10-04T14:09:13Z,redis-cart,redis-cart,0,0,0,0,0,0,0
2026-10-04T14:09:13Z,redis-cart,shippingservice,0,0,0,0,0,0,0
2026-10-04T14:09:13Z,shippingservice,adservice,0,0,0,0,0,0,0
2026-10-04T14:09:13Z,shippingservice,cartservice,0,0,0,0,0,0,0
2026-10-04T14:09:13Z,shippingservice,checkoutservice,0,0,0,0,0,0,0
2026-10-04T14:09:13Z,shippingservice,currencyservice,0,0,0,0,0,0,0
2026-10-04T14:09:13Z,shippingservice,emailservice,0,0,0,0,0,0,0
2026-10-04T14:09:13Z,shippingservice,frontend,0,0,0,0,0,0,0
2026-10-04T14:09:13Z,shippingservice,kubernetes,0,0,0,0,0,0,0
2026-10-04T14:09:13Z,shippingservice,paymentservice,0,0,0,0,0,0,0
2026-10-04T14:09:13Z,shippingservice,productcatalogservice,0,0,0,0,0,0,0
2026-10-04T14:09:13Z,shippingservice,recommendationservice,0,0,0,0,0,0,0
2026-10-04T14:09:13Z,shippingservice,redis-cart,0,0,0,0,0,0,0
2026-10-04T14:09:13Z,shippingservice,shippingservice,0,0,0,0,0,0,0
2026-10-04T14:09:14Z,adservice,adservice,0,0,0,0,0,0,0
2026-10-04T14:09:14Z,adservice,cartservice,0,0,0,0,0,0,0
2026-10-04T14:09:14Z,adservice,checkoutservice,0,0,0,0,0,0,0
2026-10-04T14:09:14Z,adservice,currencyservice,0,0,0,0,0,0,0
2026-10-04T14:09:14Z,adservice,emailservice,0,0,0,0,0,0,0
2026-10-04T14:09:14Z,adservice,frontend,0,0,0,0,0,0,0
2026-10-04T14:09:14Z,adservice,kubernetes,0,0,0,0,0,0,0
2026-10-04T14:09:14Z,adservice,paymentservice,0,0,0,0,0,0,0
2026-10-04T14:09:14Z,adservice,productcatalogservice,0,0,0,0,0,0,0
2026-10-04T14:09:14Z,adservice,recommendationservice,0,0,0,0,0,0,0
2026-10-04T14:09:14Z,adservice,redis-cart,0,0,0,0,0,0,0
2026-10-04T14:09:14Z,adservice,shippingservice,0,0,0,0,0,0,0
2026-10-04T14:09:14Z,cartservice,adservice,0,0,0,0,0,0,0
2026-10-04T14:09:14Z,cartservice,cartservice,0,0,0,0,0,0,0
2026-10-04T14:09:14Z,cartservice,checkoutservice,0,0,0,0,0,0,0
2026-10-04T14:09:14Z,cartservice,currencyservice,0,0,0,0,0,0,0
2026-10-04T14:09:14Z,cartservice,emailservice,0,0,0,0,0,0,0
2026-10-04T14:09:14Z,cartservice,frontend,0,0,0,0,0,0,0
2026-10-04T14:09:14Z,cartservice,kubernetes,0,0,0,0,0,0,0
2026-10-04T14:09:14Z,cartservice,paymentservice,0,0,0,0,0,0,0
2026-10-04T14:09:14Z,cartservice,productcatalogservice,0,0,0,0,0,0,0
2026-10-04T14:09:14Z,cartservice,recommendationservice,0,0,0,0,0,0,0
2026-10-04T14:09:14Z,cartservice,redis-cart,2,0,0,0,0,0,0
2026-10-04T14:09:14Z,cartservice,shippingservice,0,0,0,0,0,0,0
2026-10-04T14:09:14Z,checkoutservice,adservice,0,0,0,0,0,0,0
2026-10-04T14:09:14Z,checkoutservice,cartservice,55042,54111,0,100,0,673541,53913
2026-10-04T14:09:14Z,checkoutservice,checkoutservice,0,0,0,0,0,0,0
2026-10-04T14:09:14Z,checkoutservice,currencyservice,38919,38919,0,0,0,554835,38820
2026-10-04T14:09:14Z,checkoutservice,emailservice,10156,9870,0,66,0,352756,9772
2026-10-04T14:09:14Z,checkoutservice,frontend,0,0,0,0,0,0,0
2026-10-04T14:09:14Z,checkoutservice,kubernetes,0,0,0,0,0,0,0
2026-10-04T14:09:14Z,checkoutservice,paymentservice,32185,30337,0,192,0,424673,30090
2026-10-04T14:09:14Z,checkoutservice,productcatalogservice,0,0,0,0,0,0,0
2026-10-04T14:09:14Z,checkoutservice,recommendationservice,0,0,0,0,0,0,0
2026-10-04T14:09:14Z,checkoutservice,redis-cart,0,0,0,0,0,0,0
2026-10-04T14:09:14Z,checkoutservice,shippingservice,60353,58250,0,154,0,499811,58051
2026-10-04T14:09:14Z,currencyservice,adservice,0,0,0,0,0,0,0
2026-10-04T14:09:14Z,currencyservice,cartservice,0,0,0,0,0,0,0
2026-10-04T14:09:14Z,currencyservice,checkoutservice,0,0,0,0,0,0,0
2026-10-04T14:09:14Z,currencyservice,currencyservice,0,0,0,0,0,0,0
2026-10-04T14:09:14Z,currencyservice,emailservice,0,0,0,0,0,0,0
2026-10-04T14:09:14Z,currencyservice,frontend,0,0,0,0,0,0,0
2026-10-04T14:09:14Z,currencyservice,kubernetes,0,0,0,0,0,0,0
2026-10-04T14:09:14Z,currencyservice,paymentservice,0,0,0,0,0,0,0
2026-10-04T14:09:14Z,currencyservice,productcatalogservice,0,0,0,0,0,0,0
2026-10-04T14:09:14Z,currencyservice,recommendationservice,0,0,0,0,0,0,0
2026-10-04T14:09:14Z,currencyservice,redis-cart,0,0,0,0,0,0,0
2026-10-04T14:09:14Z,currencyservice,shippingservice,0,0,0,0,0,0,0
2026-10-04T14:09:14Z,emailservice,adservice,0,0,0,0,0,0,0
2026-10-04T14:09:14Z,emailservice,cartservice,0,0,0,0,0,0,0
2026-10-04T14:09:14Z,emailservice,checkoutservice,0,0,0,0,0,0,0
2026-10-04T14:09:14Z,emailservice,currencyservice,0,0,0,0,0,0,0
2026-10-04T14:09:14Z,emailservice,emailservice,0,0,0,0,0,0,0
2026-10-04T14:09:14Z,emailservice,frontend,0,0,0,0,0,0,0
2026-10-04T14:09:14Z,emailservice,kubernetes,0,0,0,0,0,0,0
2026-10-04T14:09:14Z,emailservice,paymentservice,0,0,0,0,0,0,0
2026-10-04T14:09:14Z,emailservice,productcatalogservice,0,0,0,0,0,0,0
2026-10-04T14:09:14Z,emailservice,recommendationservice,0,0,0,0,0,0,0
2026-10-04T14:09:14Z,emailservice,redis-cart,0,0,0,0,0,0,0
2026-10-04T14:09:14Z,emailservice,shippingservice,0,0,0,0,0,0,0
2026-10-04T14:09:14Z,frontend,adservice,843341,843337,0,0,0,2542646,843255
2026-10-04T14:09:14Z,frontend,cartservice,1874245,1874229,0,0,4,10395812,1873932
2026-10-04T14:09:14Z,frontend,checkoutservice,397911,187946,0,40061,169944,62485951,187908
2026-10-04T14:09:14Z,frontend,currencyservice,2979331,2979321,0,0,0,15736898,2978885
2026-10-04T14:09:14Z,frontend,emailservice,0,0,0,0,0,0,0
2026-10-04T14:09:14Z,frontend,frontend,0,0,0,0,0,0,0
2026-10-04T14:09:14Z,frontend,kubernetes,0,0,0,0,0,0,0
2026-10-04T14:09:14Z,frontend,paymentservice,0,0,0,0,0,0,0
2026-10-04T14:09:14Z,frontend,productcatalogservice,8363692,8363621,0,0,0,57171774,8362717
2026-10-04T14:09:14Z,frontend,recommendationservice,2715637,1655531,0,111138,946404,821222256,1655276
2026-10-04T14:09:14Z,frontend,redis-cart,0,0,0,0,0,0,0
2026-10-04T14:09:14Z,frontend,shippingservice,309229,309227,0,0,0,937974,309205
2026-10-04T14:09:14Z,paymentservice,adservice,0,0,0,0,0,0,0
2026-10-04T14:09:14Z,paymentservice,cartservice,0,0,0,0,0,0,0
2026-10-04T14:09:14Z,paymentservice,checkoutservice,0,0,0,0,0,0,0
2026-10-04T14:09:14Z,paymentservice,currencyservice,0,0,0,0,0,0,0
2026-10-04T14:09:14Z,paymentservice,emailservice,0,0,0,0,0,0,0
2026-10-04T14:09:14Z,paymentservice,frontend,0,0,0,0,0,0,0
2026-10-04T14:09:14Z,paymentservice,kubernetes,0,0,0,0,0,0,0
2026-10-04T14:09:14Z,paymentservice,paymentservice,0,0,0,0,0,0,0
2026-10-04T14:09:14Z,paymentservice,productcatalogservice,0,0,0,0,0,0,0
2026-10-04T14:09:14Z,paymentservice,recommendationservice,0,0,0,0,0,0,0
2026-10-04T14:09:14Z,paymentservice,redis-cart,0,0,0,0,0,0,0
2026-10-04T14:09:14Z,paymentservice,shippingservice,0,0,0,0,0,0,0
2026-10-04T14:09:14Z,productcatalogservice,adservice,0,0,0,0,0,0,0
2026-10-04T14:09:14Z,productcatalogservice,cartservice,0,0,0,0,0,0,0
2026-10-04T14:09:14Z,productcatalogservice,checkoutservice,0,0,0,0,0,0,0
2026-10-04T14:09:14Z,productcatalogservice,currencyservice,0,0,0,0,0,0,0
2026-10-04T14:09:14Z,productcatalogservice,emailservice,0,0,0,0,0,0,0
2026-10-04T14:09:14Z,productcatalogservice,frontend,0,0,0,0,0,0,0
2026-10-04T14:09:14Z,productcatalogservice,kubernetes,0,0,0,0,0,0,0
2026-10-04T14:09:14Z,productcatalogservice,paymentservice,0,0,0,0,0,0,0
2026-10-04T14:09:14Z,productcatalogservice,productcatalogservice,0,0,0,0,0,0,0
2026-10-04T14:09:14Z,productcatalogservice,recommendationservice,0,0,0,0,0,0,0
2026-10-04T14:09:14Z,productcatalogservice,redis-cart,0,0,0,0,0,0,0
2026-10-04T14:09:14Z,productcatalogservice,shippingservice,0,0,0,0,0,0,0
2026-10-04T14:09:14Z,recommendationservice,adservice,0,0,0,0,0,0,0
2026-10-04T14:09:14Z,recommendationservice,cartservice,0,0,0,0,0,0,0
2026-10-04T14:09:14Z,recommendationservice,checkoutservice,0,0,0,0,0,0,0
2026-10-04T14:09:14Z,recommendationservice,currencyservice,0,0,0,0,0,0,0
2026-10-04T14:09:14Z,recommendationservice,emailservice,0,0,0,0,0,0,0
2026-10-04T14:09:14Z,recommendationservice,frontend,0,0,0,0,0,0,0
2026-10-04T14:09:14Z,recommendationservice,kubernetes,0,0,0,0,0,0,0
2026-10-04T14:09:14Z,recommendationservice,paymentservice,0,0,0,0,0,0,0
2026-10-04T14:09:14Z,recommendationservice,productcatalogservice,143057,143049,0,0,0,1005465,141405
2026-10-04T14:09:14Z,recommendationservice,recommendationservice,0,0,0,0,0,0,0
2026-10-04T14:09:14Z,recommendationservice,redis-cart,0,0,0,0,0,0,0
2026-10-04T14:09:14Z,recommendationservice,shippingservice,0,0,0,0,0,0,0
2026-10-04T14:09:14Z,redis-cart,adservice,0,0,0,0,0,0,0
2026-10-04T14:09:14Z,redis-cart,cartservice,0,0,0,0,0,0,0
2026-10-04T14:09:14Z,redis-cart,checkoutservice,0,0,0,0,0,0,0
2026-10-04T14:09:14Z,redis-cart,currencyservice,0,0,0,0,0,0,0
2026-10-04T14:09:14Z,redis-cart,emailservice,0,0,0,0,0,0,0
2026-10-04T14:09:14Z,redis-cart,frontend,0,0,0,0,0,0,0
2026-10-04T14:09:14Z,redis-cart,kubernetes,0,0,0,0,0,0,0
2026-10-04T14:09:14Z,redis-cart,paymentservice,0,0,0,0,0,0,0
2026-10-04T14:09:14Z,redis-cart,productcatalogservice,0,0,0,0,0,0,0
2026-10-04T14:09:14Z,redis-cart,recommendationservice,0,0,0,0,0,0,0
2026-10-04T14:09:14Z,redis-cart,redis-cart,0,0,0,0,0,0,0
2026-10-04T14:09:14Z,redis-cart,shippingservice,0,0,0,0,0,0,0
2026-10-04T14:09:14Z,shippingservice,adservice,0,0,0,0,0,0,0
2026-10-04T14:09:14Z,shippingservice,cartservice,0,0,0,0,0,0,0
2026-10-04T14:09:14Z,shippingservice,checkoutservice,0,0,0,0,0,0,0
2026-10-04T14:09:14Z,shippingservice,currencyservice,0,0,0,0,0,0,0
2026-10-04T14:09:14Z,shippingservice,emailservice,0,0,0,0,0,0,0
2026-10-04T14:09:14Z,shippingservice,frontend,0,0,0,0,0,0,0
2026-10-04T14:09:14Z,shippingservice,kubernetes,0,0,0,0,0,0,0
2026-10-04T14:09:14Z,shippingservice,paymentservice,0,0,0,0,0,0,0
2026-10-04T14:09:14Z,shippingservice,productcatalogservice,0,0,0,0,0,0,0
2026-10-04T14:09:14Z,shippingservice,recommendationservice,0,0,0,0,0,0,0
2026-10-04T14:09:14Z,shippingservice,redis-cart,0,0,0,0,0,0,0
2026-10-04T14:09:14Z,shippingservice,shippingservice,0,0,0,0,0,0,0
2026-10-04T14:09:15Z,adservice,adservice,0,0,0,0,0,0,0
2026-10-04T14:09:15Z,adservice,cartservice,0,0,0,0,0,0,0
2026-10-04T14:09:15Z,adservice,checkoutservice,0,0,0,0,0,0,0
2026-10-04T14:09:15Z,adservice,currencyservice,0,0,0,0,0,0,0
2026-10-04T14:09:15Z,adservice,emailservice,0,0,0,0,0,0,0
2026-10-04T14:09:15Z,adservice,frontend,0,0,0,0,0,0,0
2026-10-04T14:09:15Z,adservice,kubernetes,0,0,0,0,0,0,0
2026-10-04T14:09:15Z,adservice,paymentservice,0,0,0,0,0,0,0
2026-10-04T14:09:15Z,adservice,productcatalogservice,0,0,0,0,0,0,0
2026-10-04T14:09:15Z,adservice,recommendationservice,0,0,0,0,0,0,0
2026-10-04T14:09:15Z,adservice,redis-cart,0,0,0,0,0,0,0
2026-10-04T14:09:15Z,adservice,shippingservice,0,0,0,0,0,0,0
2026-10-04T14:09:15Z,cartservice,adservice,0,0,0,0,0,0,0
2026-10-04T14:09:15Z,cartservice,cartservice,0,0,0,0,0,0,0
2026-10-04T14:09:15Z,cartservice,checkoutservice,0,0,0,0,0,0,0
2026-10-04T14:09:15Z,cartservice,currencyservice,0,0,0,0,0,0,0
2026-10-04T14:09:15Z,cartservice,emailservice,0,0,0,0,0,0,0
2026-10-04T14:09:15Z,cartservice,frontend,0,0,0,0,0,0,0
2026-10-04T14:09:15Z,cartservice,kubernetes,0,0,0,0,0,0,0
2026-10-04T14:09:15Z,cartservice,paymentservice,0,0,0,0,0,0,0
2026-10-04T14:09:15Z,cartservice,productcatalogservice,0,0,0,0,0,0,0
2026-10-04T14:09:15Z,cartservice,recommendationservice,0,0,0,0,0,0,0
2026-10-04T14:09:15Z,cartservice,redis-cart,2,0,0,0,0,0,0
2026-10-04T14:09:15Z,cartservice,shippingservice,0,0,0,0,0,0,0
2026-10-04T14:09:15Z,checkoutservice,adservice,0,0,0,0,0,0,0
2026-10-04T14:09:15Z,checkoutservice,cartservice,55147,54216,0,100,0,673541,53913
2026-10-04T14:09:15Z,checkoutservice,checkoutservice,0,0,0,0,0,0,0
2026-10-04T14:09:15Z,checkoutservice,currencyservice,38971,38971,0,0,0,554835,38820
2026-10-04T14:09:15Z,checkoutservice,emailservice,10209,9923,0,66,0,352756,9772
2026-10-04T14:09:15Z,checkoutservice,frontend,0,0,0,0,0,0,0
2026-10-04T14:09:15Z,checkoutservice,kubernetes,0,0,0,0,0,0,0
2026-10-04T14:09:15Z,checkoutservice,paymentservice,32237,30389,0,192,0,424673,30090
2026-10-04T14:09:15Z,checkoutservice,productcatalogservice,0,0,0,0,0,0,0
2026-10-04T14:09:15Z,checkoutservice,recommendationservice,0,0,0,0,0,0,0
2026-10-04T14:09:15Z,checkoutservice,redis-cart,0,0,0,0,0,0,0
2026-10-04T14:09:15Z,checkoutservice,shippingservice,60458,58355,0,154,0,499811,58051
2026-10-04T14:09:15Z,currencyservice,adservice,0,0,0,0,0,0,0
2026-10-04T14:09:15Z,currencyservice,cartservice,0,0,0,0,0,0,0
2026-10-04T14:09:15Z,currencyservice,checkoutservice,0,0,0,0,0,0,0
2026-10-04T14:09:15Z,currencyservice,currencyservice,0,0,0,0,0,0,0
2026-10-04T14:09:15Z,currencyservice,emailservice,0,0,0,0,0,0,0
2026-10-04T14:09:15Z,currencyservice,frontend,0,0,0,0,0,0,0
2026-10-04T14:09:15Z,currencyservice,kubernetes,0,0,0,0,0,0,0
2026-10-04T14:09:15Z,currencyservice,paymentservice,0,0,0,0,0,0,0
2026-10-04T14:09:15Z,currencyservice,productcatalogservice,0,0,0,0,0,0,0
2026-10-04T14:09:15Z,currencyservice,recommendationservice,0,0,0,0,0,0,0
2026-10-04T14:09:15Z,currencyservice,redis-cart,0,0,0,0,0,0,0
2026-10-04T14:09:15Z,currencyservice,shippingservice,0,0,0,0,0,0,0
2026-10-04T14:09:15Z,emailservice,adservice,0,0,0,0,0,0,0
2026-10-04T14:09:15Z,emailservice,cartservice,0,0,0,0,0,0,0
2026-10-04T14:09:15Z,emailservice,checkoutservice,0,0,0,0,0,0,0
2026-10-04T14:09:15Z,emailservice,currencyservice,0,0,0,0,0,0,0
2026-10-04T14:09:15Z,emailservice,emailservice,0,0,0,0,0,0,0
2026-10-04T14:09:15Z,emailservice,frontend,0,0,0,0,0,0,0
2026-10-04T14:09:15Z,emailservice,kubernetes,0,0,0,0,0,0,0
2026-10-04T14:09:15Z,emailservice,paymentservice,0,0,0,0,0,0,0
2026-10-04T14:09:15Z,emailservice,productcatalogservice,0,0,0,0,0,0,0
2026-10-04T14:09:15Z,emailservice,recommendationservice,0,0,0,0,0,0,0
2026-10-04T14:09:15Z,emailservice,redis-cart,0,0,0,0,0,0,0
2026-10-04T14:09:15Z,emailservice,shippingservice,0,0,0,0,0,0,0
2026-10-04T14:09:15Z,frontend,adservice,843476,843474,0,0,0,2542646,843255
2026-10-04T14:09:15Z,frontend,cartservice,1874619,1874606,0,0,4,10395812,1873932
2026-10-04T14:09:15Z,frontend,checkoutservice,397964,187992,0,40061,169944,62485951,187908
2026-10-04T14:09:15Z,frontend,currencyservice,2979928,2979918,0,0,0,15736898,2978885
2026-10-04T14:09:15Z,frontend,emailservice,0,0,0,0,0,0,0
2026-10-04T14:09:15Z,frontend,frontend,0,0,0,0,0,0,0
2026-10-04T14:09:15Z,frontend,kubernetes,0,0,0,0,0,0,0
2026-10-04T14:09:15Z,frontend,paymentservice,0,0,0,0,0,0,0
2026-10-04T14:09:15Z,frontend,productcatalogservice,8365150,8365085,0,0,0,57171774,8362717
2026-10-04T14:09:15Z,frontend,recommendationservice,2716409,1655868,0,111185,946822,821222256,1655276
2026-10-04T14:09:15Z,frontend,redis-cart,0,0,0,0,0,0,0
2026-10-04T14:09:15Z,frontend,shippingservice,309275,309273,0,0,0,937974,309205
2026-10-04T14:09:15Z,paymentservice,adservice,0,0,0,0,0,0,0
2026-10-04T14:09:15Z,paymentservice,cartservice,0,0,0,0,0,0,0
2026-10-04T14:09:15Z,paymentservice,checkoutservice,0,0,0,0,0,0,0
2026-10-04T14:09:15Z,paymentservice,currencyservice,0,0,0,0,0,0,0
2026-10-04T14:09:15Z,paymentservice,emailservice,0,0,0,0,0,0,0
2026-10-04T14:09:15Z,paymentservice,frontend,0,0,0,0,0,0,0
2026-10-04T14:09:15Z,paymentservice,kubernetes,0,0,0,0,0,0,0
2026-10-04T14:09:15Z,paymentservice,paymentservice,0,0,0,0,0,0,0
2026-10-04T14:09:15Z,paymentservice,productcatalogservice,0,0,0,0,0,0,0
2026-10-04T14:09:15Z,paymentservice,recommendationservice,0,0,0,0,0,0,0
2026-10-04T14:09:15Z,paymentservice,redis-cart,0,0,0,0,0,0,0
2026-10-04T14:09:15Z,paymentservice,shippingservice,0,0,0,0,0,0,0
2026-10-04T14:09:15Z,productcatalogservice,adservice,0,0,0,0,0,0,0
2026-10-04T14:09:15Z,productcatalogservice,cartservice,0,0,0,0,0,0,0
2026-10-04T14:09:15Z,productcatalogservice,checkoutservice,0,0,0,0,0,0,0
2026-10-04T14:09:15Z,productcatalogservice,currencyservice,0,0,0,0,0,0,0
2026-10-04T14:09:15Z,productcatalogservice,emailservice,0,0,0,0,0,0,0
2026-10-04T14:09:15Z,productcatalogservice,frontend,0,0,0,0,0,0,0
2026-10-04T14:09:15Z,productcatalogservice,kubernetes,0,0,0,0,0,0,0
2026-10-04T14:09:15Z,productcatalogservice,paymentservice,0,0,0,0,0,0,0
2026-10-04T14:09:15Z,productcatalogservice,productcatalogservice,0,0,0,0,0,0,0
2026-10-04T14:09:15Z,productcatalogservice,recommendationservice,0,0,0,0,0,0,0
2026-10-04T14:09:15Z,productcatalogservice,redis-cart,0,0,0,0,0,0,0
2026-10-04T14:09:15Z,productcatalogservice,shippingservice,0,0,0,0,0,0,0
2026-10-04T14:09:15Z,recommendationservice,adservice,0,0,0,0,0,0,0
2026-10-04T14:09:15Z,recommendationservice,cartservice,0,0,0,0,0,0,0
2026-10-04T14:09:15Z,recommendationservice,checkoutservice,0,0,0,0,0,0,0
2026-10-04T14:09:15Z,recommendationservice,currencyservice,0,0,0,0,0,0,0
2026-10-04T14:09:15Z,recommendationservice,emailservice,0,0,0,0,0,0,0
2026-10-04T14:09:15Z,recommendationservice,frontend,0,0,0,0,0,0,0
2026-10-04T14:09:15Z,recommendationservice,kubernetes,0,0,0,0,0,0,0
2026-10-04T14:09:15Z,recommendationservice,paymentservice,0,0,0,0,0,0,0
2026-10-04T14:09:15Z,recommendationservice,productcatalogservice,143466,143463,0,0,0,1016611,143409
2026-10-04T14:09:15Z,recommendationservice,recommendationservice,0,0,0,0,0,0,0
2026-10-04T14:09:15Z,recommendationservice,redis-cart,0,0,0,0,0,0,0
2026-10-04T14:09:15Z,recommendationservice,shippingservice,0,0,0,0,0,0,0
2026-10-04T14:09:15Z,redis-cart,adservice,0,0,0,0,0,0,0
2026-10-04T14:09:15Z,redis-cart,cartservice,0,0,0,0,0,0,0
2026-10-04T14:09:15Z,redis-cart,checkoutservice,0,0,0,0,0,0,0
2026-10-04T14:09:15Z,redis-cart,currencyservice,0,0,0,0,0,0,0
2026-10-04T14:09:15Z,redis-cart,emailservice,0,0,0,0,0,0,0
2026-10-04T14:09:15Z,redis-cart,frontend,0,0,0,0,0,0,0
2026-10-04T14:09:15Z,redis-cart,kubernetes,0,0,0,0,0,0,0
2026-10-04T14:09:15Z,redis-cart,paymentservice,0,0,0,0,0,0,0
2026-10-04T14:09:15Z,redis-cart,productcatalogservice,0,0,0,0,0,0,0
2026-10-04T14:09:15Z,redis-cart,recommendationservice,0,0,0,0,0,0,0
2026-10-04T14:09:15Z,redis-cart,redis-cart,0,0,0,0,0,0,0
2026-10-04T14:09:15Z,redis-cart,shippingservice,0,0,0,0,0,0,0
2026-10-04T14:09:15Z,shippingservice,adservice,0,0,0,0,0,0,0
2026-10-04T14:09:15Z,shippingservice,cartservice,0,0,0,0,0,0,0
2026-10-04T14:09:15Z,shippingservice,checkoutservice,0,0,0,0,0,0,0
2026-10-04T14:09:15Z,shippingservice,currencyservice,0,0,0,0,0,0,0
2026-10-04T14:09:15Z,shippingservice,emailservice,0,0,0,0,0,0,0
2026-10-04T14:09:15Z,shippingservice,frontend,0,0,0,0,0,0,0
2026-10-04T14:09:15Z,shippingservice,kubernetes,0,0,0,0,0,0,0
2026-10-04T14:09:15Z,shippingservice,paymentservice,0,0,0,0,0,0,0
2026-10-04T14:09:15Z,shippingservice,productcatalogservice,0,0,0,0,0,0,0
2026-10-04T14:09:15Z,shippingservice,recommendationservice,0,0,0,0,0,0,0
2026-10-04T14:09:15Z,shippingservice,redis-cart,0,0,0,0,0,0,0
2026-10-04T14:09:15Z,shippingservice,shippingservice,0,0,0,0,0,0,0
2026-10-04T14:09:16Z,adservice,adservice,0,0,0,0,0,0,0
2026-10-04T14:09:16Z,adservice,cartservice,0,0,0,0,0,0,0
2026-10-04T14:09:16Z,adservice,checkoutservice,0,0,0,0,0,0,0
2026-10-04T14:09:16Z,adservice,currencyservice,0,0,0,0,0,0,0
2026-10-04T14:09:16Z,adservice,emailservice,0,0,0,0,0,0,0
2026-10-04T14:09:16Z,adservice,frontend,0,0,0,0,0,0,0
2026-10-04T14:09:16Z,adservice,kubernetes,0,0,0,0,0,0,0
2026-10-04T14:09:16Z,adservice,paymentservice,0,0,0,0,0,0,0
2026-10-04T14:09:16Z,adservice,productcatalogservice,0,0,0,0,0,0,0
2026-10-04T14:09:16Z,adservice,recommendationservice,0,0,0,0,0,0,0
2026-10-04T14:09:16Z,adservice,redis-cart,0,0,0,0,0,0,0
2026-10-04T14:09:16Z,adservice,shippingservice,0,0,0,0,0,0,0
2026-10-04T14:09:16Z,cartservice,adservice,0,0,0,0,0,0,0
2026-10-04T14:09:16Z,cartservice,cartservice,0,0,0,0,0,0,0
2026-10-04T14:09:16Z,cartservice,checkoutservice,0,0,0,0,0,0,0
2026-10-04T14:09:16Z,cartservice,currencyservice,0,0,0,0,0,0,0
2026-10-04T14:09:16Z,cartservice,emailservice,0,0,0,0,0,0,0
2026-10-04T14:09:16Z,cartservice,frontend,0,0,0,0,0,0,0
2026-10-04T14:09:16Z,cartservice,kubernetes,0,0,0,0,0,0,0
2026-10-04T14:09:16Z,cartservice,paymentservice,0,0,0,0,0,0,0
2026-10-04T14:09:16Z,cartservice,productcatalogservice,0,0,0,0,0,0,0
2026-10-04T14:09:16Z,cartservice,recommendationservice,0,0,0,0,0,0,0
2026-10-04T14:09:16Z,cartservice,redis-cart,2,0,0,0,0,0,0
2026-10-04T14:09:16Z,cartservice,shippingservice,0,0,0,0,0,0,0
2026-10-04T14:09:16Z,checkoutservice,adservice,0,0,0,0,0,0,0
2026-10-04T14:09:16Z,checkoutservice,cartservice,55237,54306,0,100,0,673541,53913
2026-10-04T14:09:16Z,checkoutservice,checkoutservice,0,0,0,0,0,0,0
2026-10-04T14:09:16Z,checkoutservice,currencyservice,39016,39016,0,0,0,554835,38820
2026-10-04T14:09:16Z,checkoutservice,emailservice,10254,9968,0,66,0,352756,9772
2026-10-04T14:09:16Z,checkoutservice,frontend,0,0,0,0,0,0,0
2026-10-04T14:09:16Z,checkoutservice,kubernetes,0,0,0,0,0,0,0
2026-10-04T14:09:16Z,checkoutservice,paymentservice,32282,30434,0,192,0,424673,30090
2026-10-04T14:09:16Z,checkoutservice,productcatalogservice,0,0,0,0,0,0,0
2026-10-04T14:09:16Z,checkoutservice,recommendationservice,0,0,0,0,0,0,0
2026-10-04T14:09:16Z,checkoutservice,redis-cart,0,0,0,0,0,0,0
2026-10-04T14:09:16Z,checkoutservice,shippingservice,60548,58445,0,154,0,499811,58051
2026-10-04T14:09:16Z,currencyservice,adservice,0,0,0,0,0,0,0
2026-10-04T14:09:16Z,currencyservice,cartservice,0,0,0,0,0,0,0
2026-10-04T14:09:16Z,currencyservice,checkoutservice,0,0,0,0,0,0,0
2026-10-04T14:09:16Z,currencyservice,currencyservice,0,0,0,0,0,0,0
2026-10-04T14:09:16Z,currencyservice,emailservice,0,0,0,0,0,0,0
2026-10-04T14:09:16Z,currencyservice,frontend,0,0,0,0,0,0,0
2026-10-04T14:09:16Z,currencyservice,kubernetes,0,0,0,0,0,0,0
2026-10-04T14:09:16Z,currencyservice,paymentservice,0,0,0,0,0,0,0
2026-10-04T14:09:16Z,currencyservice,productcatalogservice,0,0,0,0,0,0,0
2026-10-04T14:09:16Z,currencyservice,recommendationservice,0,0,0,0,0,0,0
2026-10-04T14:09:16Z,currencyservice,redis-cart,0,0,0,0,0,0,0
2026-10-04T14:09:16Z,currencyservice,shippingservice,0,0,0,0,0,0,0
2026-10-04T14:09:16Z,emailservice,adservice,0,0,0,0,0,0,0
2026-10-04T14:09:16Z,emailservice,cartservice,0,0,0,0,0,0,0
2026-10-04T14:09:16Z,emailservice,checkoutservice,0,0,0,0,0,0,0
2026-10-04T14:09:16Z,emailservice,currencyservice,0,0,0,0,0,0,0
2026-10-04T14:09:16Z,emailservice,emailservice,0,0,0,0,0,0,0
2026-10-04T14:09:16Z,emailservice,frontend,0,0,0,0,0,0,0
2026-10-04T14:09:16Z,emailservice,kubernetes,0,0,0,0,0,0,0
2026-10-04T14:09:16Z,emailservice,paymentservice,0,0,0,0,0,0,0
2026-10-04T14:09:16Z,emailservice,productcatalogservice,0,0,0,0,0,0,0
2026-10-04T14:09:16Z,emailservice,recommendationservice,0,0,0,0,0,0,0
2026-10-04T14:09:16Z,emailservice,redis-cart,0,0,0,0,0,0,0
2026-10-04T14:09:16Z,emailservice,shippingservice,0,0,0,0,0,0,0
2026-10-04T14:09:16Z,frontend,adservice,843602,843599,0,0,0,2542646,843255
2026-10-04T14:09:16Z,frontend,cartservice,1874983,1874969,0,0,4,10395812,1873932
2026-10-04T14:09:16Z,frontend,checkoutservice,398002,188033,0,40061,169944,62485951,187908
2026-10-04T14:09:16Z,frontend,currencyservice,2980498,2980487,0,0,0,15736898,2978885
2026-10-04T14:09:16Z,frontend,emailservice,0,0,0,0,0,0,0
2026-10-04T14:09:16Z,frontend,frontend,0,0,0,0,0,0,0
2026-10-04T14:09:16Z,frontend,kubernetes,0,0,0,0,0,0,0
2026-10-04T14:09:16Z,frontend,paymentservice,0,0,0,0,0,0,0
2026-10-04T14:09:16Z,frontend,productcatalogservice,8366534,8366458,0,0,0,57171774,8362717
2026-10-04T14:09:16Z,frontend,recommendationservice,2717149,1656184,0,111227,947192,821222256,1655276
2026-10-04T14:09:16Z,frontend,redis-cart,0,0,0,0,0,0,0
2026-10-04T14:09:16Z,frontend,shippingservice,309323,309321,0,0,0,937974,309205
2026-10-04T14:09:16Z,paymentservice,adservice,0,0,0,0,0,0,0
2026-10-04T14:09:16Z,paymentservice,cartservice,0,0,0,0,0,0,0
2026-10-04T14:09:16Z,paymentservice,checkoutservice,0,0,0,0,0,0,0
2026-10-04T14:09:16Z,paymentservice,currencyservice,0,0,0,0,0,0,0
2026-10-04T14:09:16Z,paymentservice,emailservice,0,0,0,0,0,0,0
2026-10-04T14:09:16Z,paymentservice,frontend,0,0,0,0,0,0,0
2026-10-04T14:09:16Z,paymentservice,kubernetes,0,0,0,0,0,0,0
2026-10-04T14:09:16Z,paymentservice,paymentservice,0,0,0,0,0,0,0
2026-10-04T14:09:16Z,paymentservice,productcatalogservice,0,0,0,0,0,0,0
2026-10-04T14:09:16Z,paymentservice,recommendationservice,0,0,0,0,0,0,0
2026-10-04T14:09:16Z,paymentservice,redis-cart,0,0,0,0,0,0,0
2026-10-04T14:09:16Z,paymentservice,shippingservice,0,0,0,0,0,0,0
2026-10-04T14:09:16Z,productcatalogservice,adservice,0,0,0,0,0,0,0
2026-10-04T14:09:16Z,productcatalogservice,cartservice,0,0,0,0,0,0,0
2026-10-04T14:09:16Z,productcatalogservice,checkoutservice,0,0,0,0,0,0,0
2026-10-04T14:09:16Z,productcatalogservice,currencyservice,0,0,0,0,0,0,0
2026-10-04T14:09:16Z,productcatalogservice,emailservice,0,0,0,0,0,0,0
2026-10-04T14:09:16Z,productcatalogservice,frontend,0,0,0,0,0,0,0
2026-10-04T14:09:16Z,productcatalogservice,kubernetes,0,0,0,0,0,0,0
2026-10-04T14:09:16Z,productcatalogservice,paymentservice,0,0,0,0,0,0,0
2026-10-04T14:09:16Z,productcatalogservice,productcatalogservice,0,0,0,0,0,0,0
2026-10-04T14:09:16Z,productcatalogservice,recommendationservice,0,0,0,0,0,0,0
2026-10-04T14:09:16Z,productcatalogservice,redis-cart,0,0,0,0,0,0,0
2026-10-04T14:09:16Z,productcatalogservice,shippingservice,0,0,0,0,0,0,0
2026-10-04T14:09:16Z,recommendationservice,adservice,0,0,0,0,0,0,0
2026-10-04T14:09:16Z,recommendationservice,cartservice,0,0,0,0,0,0,0
2026-10-04T14:09:16Z,recommendationservice,checkoutservice,0,0,0,0,0,0,0
2026-10-04T14:09:16Z,recommendationservice,currencyservice,0,0,0,0,0,0,0
2026-10-04T14:09:16Z,recommendationservice,emailservice,0,0,0,0,0,0,0
2026-10-04T14:09:16Z,recommendationservice,frontend,0,0,0,0,0,0,0
2026-10-04T14:09:16Z,recommendationservice,kubernetes,0,0,0,0,0,0,0
2026-10-04T14:09:16Z,recommendationservice,paymentservice,0,0,0,0,0,0,0
2026-10-04T14:09:16Z,recommendationservice,productcatalogservice,143877,143875,0,0,0,1016611,143409
2026-10-04T14:09:16Z,recommendationservice,recommendationservice,0,0,0,0,0,0,0
2026-10-04T14:09:16Z,recommendationservice,redis-cart,0,0,0,0,0,0,0
2026-10-04T14:09:16Z,recommendationservice,shippingservice,0,0,0,0,0,0,0
2026-10-04T14:09:16Z,redis-cart,adservice,0,0,0,0,0,0,0
2026-10-04T14:09:16Z,redis-cart,cartservice,0,0,0,0,0,0,0
2026-10-04T14:09:16Z,redis-cart,checkoutservice,0,0,0,0,0,0,0
2026-10-04T14:09:16Z,redis-cart,currencyservice,0,0,0,0,0,0,0
2026-10-04T14:09:16Z,redis-cart,emailservice,0,0,0,0,0,0,0
2026-10-04T14:09:16Z,redis-cart,frontend,0,0,0,0,0,0,0
2026-10-04T14:09:16Z,redis-cart,kubernetes,0,0,0,0,0,0,0
2026-10-04T14:09:16Z,redis-cart,paymentservice,0,0,0,0,0,0,0
2026-10-04T14:09:16Z,redis-cart,productcatalogservice,0,0,0,0,0,0,0
2026-10-04T14:09:16Z,redis-cart,recommendationservice,0,0,0,0,0,0,0
2026-10-04T14:09:16Z,redis-cart,redis-cart,0,0,0,0,0,0,0
2026-10-04T14:09:16Z,redis-cart,shippingservice,0,0,0,0,0,0,0
2026-10-04T14:09:16Z,shippingservice,adservice,0,0,0,0,0,0,0
2026-10-04T14:09:16Z,shippingservice,cartservice,0,0,0,0,0,0,0
2026-10-04T14:09:16Z,shippingservice,checkoutservice,0,0,0,0,0,0,0
2026-10-04T14:09:16Z,shippingservice,currencyservice,0,0,0,0,0,0,0
2026-10-04T14:09:16Z,shippingservice,emailservice,0,0,0,0,0,0,0
2026-10-04T14:09:16Z,shippingservice,frontend,0,0,0,0,0,0,0
2026-10-04T14:09:16Z,shippingservice,kubernetes,0,0,0,0,0,0,0
2026-10-04T14:09:16Z,shippingservice,paymentservice,0,0,0,0,0,0,0
2026-10-04T14:09:16Z,shippingservice,productcatalogservice,0,0,0,0,0,0,0
2026-10-04T14:09:16Z,shippingservice,recommendationservice,0,0,0,0,0,0,0
2026-10-04T14:09:16Z,shippingservice,redis-cart,0,0,0,0,0,0,0
2026-10-04T14:09:16Z,shippingservice,shippingservice,0,0,0,0,0,0,0
2026-10-04T14:09:17Z,adservice,adservice,0,0,0,0,0,0,0
2026-10-04T14:09:17Z,adservice,cartservice,0,0,0,0,0,0,0
2026-10-04T14:09:17Z,adservice,checkoutservice,0,0,0,0,0,0,0
2026-10-04T14:09:17Z,adservice,currencyservice,0,0,0,0,0,0,0
2026-10-04T14:09:17Z,adservice,emailservice,0,0,0,0,0,0,0
2026-10-04T14:09:17Z,adservice,frontend,0,0,0,0,0,0,0
2026-10-04T14:09:17Z,adservice,kubernetes,0,0,0,0,0,0,0
2026-10-04T14:09:17Z,adservice,paymentservice,0,0,0,0,0,0,0
2026-10-04T14:09:17Z,adservice,productcatalogservice,0,0,0,0,0,0,0
2026-10-04T14:09:17Z,adservice,recommendationservice,0,0,0,0,0,0,0
2026-10-04T14:09:17Z,adservice,redis-cart,0,0,0,0,0,0,0
2026-10-04T14:09:17Z,adservice,shippingservice,0,0,0,0,0,0,0
2026-10-04T14:09:17Z,cartservice,adservice,0,0,0,0,0,0,0
2026-10-04T14:09:17Z,cartservice,cartservice,0,0,0,0,0,0,0
2026-10-04T14:09:17Z,cartservice,checkoutservice,0,0,0,0,0,0,0
2026-10-04T14:09:17Z,cartservice,currencyservice,0,0,0,0,0,0,0
2026-10-04T14:09:17Z,cartservice,emailservice,0,0,0,0,0,0,0
2026-10-04T14:09:17Z,cartservice,frontend,0,0,0,0,0,0,0
2026-10-04T14:09:17Z,cartservice,kubernetes,0,0,0,0,0,0,0
2026-10-04T14:09:17Z,cartservice,paymentservice,0,0,0,0,0,0,0
2026-10-04T14:09:17Z,cartservice,productcatalogservice,0,0,0,0,0,0,0
2026-10-04T14:09:17Z,cartservice,recommendationservice,0,0,0,0,0,0,0
2026-10-04T14:09:17Z,cartservice,redis-cart,2,0,0,0,0,0,0
2026-10-04T14:09:17Z,cartservice,shippingservice,0,0,0,0,0,0,0
2026-10-04T14:09:17Z,checkoutservice,adservice,0,0,0,0,0,0,0
2026-10-04T14:09:17Z,checkoutservice,cartservice,55311,54380,0,100,0,675508,54363
2026-10-04T14:09:17Z,checkoutservice,checkoutservice,0,0,0,0,0,0,0
2026-10-04T14:09:17Z,checkoutservice,currencyservice,39054,39054,0,0,0,555860,39045
2026-10-04T14:09:17Z,checkoutservice,emailservice,10289,10003,0,66,0,360708,9997
2026-10-04T14:09:17Z,checkoutservice,frontend,0,0,0,0,0,0,0
2026-10-04T14:09:17Z,checkoutservice,kubernetes,0,0,0,0,0,0,0
2026-10-04T14:09:17Z,checkoutservice,paymentservice,32320,30472,0,192,0,425445,30315
2026-10-04T14:09:17Z,checkoutservice,productcatalogservice,0,0,0,0,0,0,0
2026-10-04T14:09:17Z,checkoutservice,recommendationservice,0,0,0,0,0,0,0
2026-10-04T14:09:17Z,checkoutservice,redis-cart,0,0,0,0,0,0,0
2026-10-04T14:09:17Z,checkoutservice,shippingservice,60624,58519,0,154,0,500813,58501
2026-10-04T14:09:17Z,currencyservice,adservice,0,0,0,0,0,0,0
2026-10-04T14:09:17Z,currencyservice,cartservice,0,0,0,0,0,0,0
2026-10-04T14:09:17Z,currencyservice,checkoutservice,0,0,0,0,0,0,0
2026-10-04T14:09:17Z,currencyservice,currencyservice,0,0,0,0,0,0,0
2026-10-04T14:09:17Z,currencyservice,emailservice,0,0,0,0,0,0,0
2026-10-04T14:09:17Z,currencyservice,frontend,0,0,0,0,0,0,0
2026-10-04T14:09:17Z,currencyservice,kubernetes,0,0,0,0,0,0,0
2026-10-04T14:09:17Z,currencyservice,paymentservice,0,0,0,0,0,0,0
2026-10-04T14:09:17Z,currencyservice,productcatalogservice,0,0,0,0,0,0,0
2026-10-04T14:09:17Z,currencyservice,recommendationservice,0,0,0,0,0,0,0
2026-10-04T14:09:17Z,currencyservice,redis-cart,0,0,0,0,0,0,0
2026-10-04T14:09:17Z,currencyservice,shippingservice,0,0,0,0,0,0,0
2026-10-04T14:09:17Z,emailservice,adservice,0,0,0,0,0,0,0
2026-10-04T14:09:17Z,emailservice,cartservice,0,0,0,0,0,0,0
2026-10-04T14:09:17Z,emailservice,checkoutservice,0,0,0,0,0,0,0
2026-10-04T14:09:17Z,emailservice,currencyservice,0,0,0,0,0,0,0
2026-10-04T14:09:17Z,emailservice,emailservice,0,0,0,0,0,0,0
2026-10-04T14:09:17Z,emailservice,frontend,0,0,0,0,0,0,0
2026-10-04T14:09:17Z,emailservice,kubernetes,0,0,0,0,0,0,0
2026-10-04T14:09:17Z,emailservice,paymentservice,0,0,0,0,0,0,0
2026-10-04T14:09:17Z,emailservice,productcatalogservice,0,0,0,0,0,0,0
2026-10-04T14:09:17Z,emailservice,recommendationservice,0,0,0,0,0,0,0
2026-10-04T14:09:17Z,emailservice,redis-cart,0,0,0,0,0,0,0
2026-10-04T14:09:17Z,emailservice,shippingservice,0,0,0,0,0,0,0
2026-10-04T14:09:17Z,frontend,adservice,843689,843687,0,0,0,2542646,843255
2026-10-04T14:09:17Z,frontend,cartservice,1875344,1875332,0,0,4,10395812,1873932
2026-10-04T14:09:17Z,frontend,checkoutservice,398043,188073,0,40061,169944,62485951,187908
2026-10-04T14:09:17Z,frontend,currencyservice,2981039,2981032,0,0,0,15736898,2978885
2026-10-04T14:09:17Z,frontend,emailservice,0,0,0,0,0,0,0
2026-10-04T14:09:17Z,frontend,frontend,0,0,0,0,0,0,0
2026-10-04T14:09:17Z,frontend,kubernetes,0,0,0,0,0,0,0
2026-10-04T14:09:17Z,frontend,paymentservice,0,0,0,0,0,0,0
2026-10-04T14:09:17Z,frontend,productcatalogservice,8367594,8367526,0,0,0,57171774,8362717
2026-10-04T14:09:17Z,frontend,recommendationservice,2717936,1656470,0,111279,947609,821222256,1655276
2026-10-04T14:09:17Z,frontend,redis-cart,0,0,0,0,0,0,0
2026-10-04T14:09:17Z,frontend,shippingservice,309356,309354,0,0,0,937974,309205
2026-10-04T14:09:17Z,paymentservice,adservice,0,0,0,0,0,0,0
2026-10-04T14:09:17Z,paymentservice,cartservice,0,0,0,0,0,0,0
2026-10-04T14:09:17Z,paymentservice,checkoutservice,0,0,0,0,0,0,0
2026-10-04T14:09:17Z,paymentservice,currencyservice,0,0,0,0,0,0,0
2026-10-04T14:09:17Z,paymentservice,emailservice,0,0,0,0,0,0,0
2026-10-04T14:09:17Z,paymentservice,frontend,0,0,0,0,0,0,0
2026-10-04T14:09:17Z,paymentservice,kubernetes,0,0,0,0,0,0,0
2026-10-04T14:09:17Z,paymentservice,paymentservice,0,0,0,0,0,0,0
2026-10-04T14:09:17Z,paymentservice,productcatalogservice,0,0,0,0,0,0,0
2026-10-04T14:09:17Z,paymentservice,recommendationservice,0,0,0,0,0,0,0
2026-10-04T14:09:17Z,paymentservice,redis-cart,0,0,0,0,0,0,0
2026-10-04T14:09:17Z,paymentservice,shippingservice,0,0,0,0,0,0,0
2026-10-04T14:09:17Z,productcatalogservice,adservice,0,0,0,0,0,0,0
2026-10-04T14:09:17Z,productcatalogservice,cartservice,0,0,0,0,0,0,0
2026-10-04T14:09:17Z,productcatalogservice,checkoutservice,0,0,0,0,0,0,0
2026-10-04T14:09:17Z,productcatalogservice,currencyservice,0,0,0,0,0,0,0
2026-10-04T14:09:17Z,productcatalogservice,emailservice,0,0,0,0,0,0,0
2026-10-04T14:09:17Z,productcatalogservice,frontend,0,0,0,0,0,0,0
2026-10-04T14:09:17Z,productcatalogservice,kubernetes,0,0,0,0,0,0,0
2026-10-04T14:09:17Z,productcatalogservice,paymentservice,0,0,0,0,0,0,0
2026-10-04T14:09:17Z,productcatalogservice,productcatalogservice,0,0,0,0,0,0,0
2026-10-04T14:09:17Z,productcatalogservice,recommendationservice,0,0,0,0,0,0,0
2026-10-04T14:09:17Z,productcatalogservice,redis-cart,0,0,0,0,0,0,0
2026-10-04T14:09:17Z,productcatalogservice,shippingservice,0,0,0,0,0,0,0
2026-10-04T14:09:17Z,recommendationservice,adservice,0,0,0,0,0,0,0
2026-10-04T14:09:17Z,recommendationservice,cartservice,0,0,0,0,0,0,0
2026-10-04T14:09:17Z,recommendationservice,checkoutservice,0,0,0,0,0,0,0
2026-10-04T14:09:17Z,recommendationservice,currencyservice,0,0,0,0,0,0,0
2026-10-04T14:09:17Z,recommendationservice,emailservice,0,0,0,0,0,0,0
2026-10-04T14:09:17Z,recommendationservice,frontend,0,0,0,0,0,0,0
2026-10-04T14:09:17Z,recommendationservice,kubernetes,0,0,0,0,0,0,0
2026-10-04T14:09:17Z,recommendationservice,paymentservice,0,0,0,0,0,0,0
2026-10-04T14:09:17Z,recommendationservice,productcatalogservice,144265,144265,0,0,0,1016611,143409
2026-10-04T14:09:17Z,recommendationservice,recommendationservice,0,0,0,0,0,0,0
2026-10-04T14:09:17Z,recommendationservice,redis-cart,0,0,0,0,0,0,0
2026-10-04T14:09:17Z,recommendationservice,shippingservice,0,0,0,0,0,0,0
2026-10-04T14:09:17Z,redis-cart,adservice,0,0,0,0,0,0,0
2026-10-04T14:09:17Z,redis-cart,cartservice,0,0,0,0,0,0,0
2026-10-04T14:09:17Z,redis-cart,checkoutservice,0,0,0,0,0,0,0
2026-10-04T14:09:17Z,redis-cart,currencyservice,0,0,0,0,0,0,0
2026-10-04T14:09:17Z,redis-cart,emailservice,0,0,0,0,0,0,0
2026-10-04T14:09:17Z,redis-cart,frontend,0,0,0,0,0,0,0
2026-10-04T14:09:17Z,redis-cart,kubernetes,0,0,0,0,0,0,0
2026-10-04T14:09:17Z,redis-cart,paymentservice,0,0,0,0,0,0,0
2026-10-04T14:09:17Z,redis-cart,productcatalogservice,0,0,0,0,0,0,0
2026-10-04T14:09:17Z,redis-cart,recommendationservice,0,0,0,0,0,0,0
2026-10-04T14:09:17Z,redis-cart,redis-cart,0,0,0,0,0,0,0
2026-10-04T14:09:17Z,redis-cart,shippingservice,0,0,0,0,0,0,0
2026-10-04T14:09:17Z,shippingservice,adservice,0,0,0,0,0,0,0
2026-10-04T14:09:17Z,shippingservice,cartservice,0,0,0,0,0,0,0
2026-10-04T14:09:17Z,shippingservice,checkoutservice,0,0,0,0,0,0,0
2026-10-04T14:09:17Z,shippingservice,currencyservice,0,0,0,0,0,0,0
2026-10-04T14:09:17Z,shippingservice,emailservice,0,0,0,0,0,0,0
2026-10-04T14:09:17Z,shippingservice,frontend,0,0,0,0,0,0,0
2026-10-04T14:09:17Z,shippingservice,kubernetes,0,0,0,0,0,0,0
2026-10-04T14:09:17Z,shippingservice,paymentservice,0,0,0,0,0,0,0
2026-10-04T14:09:17Z,shippingservice,productcatalogservice,0,0,0,0,0,0,0
2026-10-04T14:09:17Z,shippingservice,recommendationservice,0,0,0,0,0,0,0
2026-10-04T14:09:17Z,shippingservice,redis-cart,0,0,0,0,0,0,0
2026-10-04T14:09:17Z,shippingservice,shippingservice,0,0,0,0,0,0,0
2026-10-04T14:09:18Z,adservice,adservice,0,0,0,0,0,0,0
2026-10-04T14:09:18Z,adservice,cartservice,0,0,0,0,0,0,0
2026-10-04T14:09:18Z,adservice,checkoutservice,0,0,0,0,0,0,0
2026-10-04T14:09:18Z,adservice,currencyservice,0,0,0,0,0,0,0
2026-10-04T14:09:18Z,adservice,emailservice,0,0,0,0,0,0,0
2026-10-04T14:09:18Z,adservice,frontend,0,0,0,0,0,0,0
2026-10-04T14:09:18Z,adservice,kubernetes,0,0,0,0,0,0,0
2026-10-04T14:09:18Z,adservice,paymentservice,0,0,0,0,0,0,0
2026-10-04T14:09:18Z,adservice,productcatalogservice,0,0,0,0,0,0,0
2026-10-04T14:09:18Z,adservice,recommendationservice,0,0,0,0,0,0,0
2026-10-04T14:09:18Z,adservice,redis-cart,0,0,0,0,0,0,0
2026-10-04T14:09:18Z,adservice,shippingservice,0,0,0,0,0,0,0
2026-10-04T14:09:18Z,cartservice,adservice,0,0,0,0,0,0,0
2026-10-04T14:09:18Z,cartservice,cartservice,0,0,0,0,0,0,0
2026-10-04T14:09:18Z,cartservice,checkoutservice,0,0,0,0,0,0,0
2026-10-04T14:09:18Z,cartservice,currencyservice,0,0,0,0,0,0,0
2026-10-04T14:09:18Z,cartservice,emailservice,0,0,0,0,0,0,0
2026-10-04T14:09:18Z,cartservice,frontend,0,0,0,0,0,0,0
2026-10-04T14:09:18Z,cartservice,kubernetes,0,0,0,0,0,0,0
2026-10-04T14:09:18Z,cartservice,paymentservice,0,0,0,0,0,0,0
2026-10-04T14:09:18Z,cartservice,productcatalogservice,0,0,0,0,0,0,0
2026-10-04T14:09:18Z,cartservice,recommendationservice,0,0,0,0,0,0,0
2026-10-04T14:09:18Z,cartservice,redis-cart,2,0,0,0,0,0,0
2026-10-04T14:09:18Z,cartservice,shippingservice,0,0,0,0,0,0,0
2026-10-04T14:09:18Z,checkoutservice,adservice,0,0,0,0,0,0,0
2026-10-04T14:09:18Z,checkoutservice,cartservice,55383,54451,0,100,0,675508,54363
2026-10-04T14:09:18Z,checkoutservice,checkoutservice,0,0,0,0,0,0,0
2026-10-04T14:09:18Z,checkoutservice,currencyservice,39089,39089,0,0,0,555860,39045
2026-10-04T14:09:18Z,checkoutservice,emailservice,10324,10038,0,66,0,360708,9997
2026-10-04T14:09:18Z,checkoutservice,frontend,0,0,0,0,0,0,0
2026-10-04T14:09:18Z,checkoutservice,kubernetes,0,0,0,0,0,0,0
2026-10-04T14:09:18Z,checkoutservice,paymentservice,32355,30506,0,192,0,425445,30315
2026-10-04T14:09:18Z,checkoutservice,productcatalogservice,0,0,0,0,0,0,0
2026-10-04T14:09:18Z,checkoutservice,recommendationservice,0,0,0,0,0,0,0
2026-10-04T14:09:18Z,checkoutservice,redis-cart,0,0,0,0,0,0,0
2026-10-04T14:09:18Z,checkoutservice,shippingservice,60694,58589,0,154,0,500813,58501
2026-10-04T14:09:18Z,currencyservice,adservice,0,0,0,0,0,0,0
2026-10-04T14:09:18Z,currencyservice,cartservice,0,0,0,0,0,0,0
2026-10-04T14:09:18Z,currencyservice,checkoutservice,0,0,0,0,0,0,0
2026-10-04T14:09:18Z,currencyservice,currencyservice,0,0,0,0,0,0,0
2026-10-04T14:09:18Z,currencyservice,emailservice,0,0,0,0,0,0,0
2026-10-04T14:09:18Z,currencyservice,frontend,0,0,0,0,0,0,0
2026-10-04T14:09:18Z,currencyservice,kubernetes,0,0,0,0,0,0,0
2026-10-04T14:09:18Z,currencyservice,paymentservice,0,0,0,0,0,0,0
2026-10-04T14:09:18Z,currencyservice,productcatalogservice,0,0,0,0,0,0,0
2026-10-04T14:09:18Z,currencyservice,recommendationservice,0,0,0,0,0,0,0
2026-10-04T14:09:18Z,currencyservice,redis-cart,0,0,0,0,0,0,0
2026-10-04T14:09:18Z,currencyservice,shippingservice,0,0,0,0,0,0,0
2026-10-04T14:09:18Z,emailservice,adservice,0,0,0,0,0,0,0
2026-10-04T14:09:18Z,emailservice,cartservice,0,0,0,0,0,0,0
2026-10-04T14:09:18Z,emailservice,checkoutservice,0,0,0,0,0,0,0
2026-10-04T14:09:18Z,emailservice,currencyservice,0,0,0,0,0,0,0
2026-10-04T14:09:18Z,emailservice,emailservice,0,0,0,0,0,0,0
2026-10-04T14:09:18Z,emailservice,frontend,0,0,0,0,0,0,0
2026-10-04T14:09:18Z,emailservice,kubernetes,0,0,0,0,0,0,0
2026-10-04T14:09:18Z,emailservice,paymentservice,0,0,0,0,0,0,0
2026-10-04T14:09:18Z,emailservice,productcatalogservice,0,0,0,0,0,0,0
2026-10-04T14:09:18Z,emailservice,recommendationservice,0,0,0,0,0,0,0
2026-10-04T14:09:18Z,emailservice,redis-cart,0,0,0,0,0,0,0
2026-10-04T14:09:18Z,emailservice,shippingservice,0,0,0,0,0,0,0
2026-10-04T14:09:18Z,frontend,adservice,843772,843770,0,0,0,2542962,843376
2026-10-04T14:09:18Z,frontend,cartservice,1875691,1875674,0,0,4,10397896,1874387
2026-10-04T14:09:18Z,frontend,checkoutservice,398080,188110,0,40061,169944,62494020,187969
2026-10-04T14:09:18Z,frontend,currencyservice,2981554,2981538,0,0,0,15740006,2979575
2026-10-04T14:09:18Z,frontend,emailservice,0,0,0,0,0,0,0
2026-10-04T14:09:18Z,frontend,frontend,0,0,0,0,0,0,0
2026-10-04T14:09:18Z,frontend,kubernetes,0,0,0,0,0,0,0
2026-10-04T14:09:18Z,frontend,paymentservice,0,0,0,0,0,0,0
2026-10-04T14:09:18Z,frontend,productcatalogservice,8368615,8368548,0,0,0,57182261,8364155
2026-10-04T14:09:18Z,frontend,recommendationservice,2718720,1656747,0,111351,948076,821589431,1655698
2026-10-04T14:09:18Z,frontend,redis-cart,0,0,0,0,0,0,0
2026-10-04T14:09:18Z,frontend,shippingservice,309387,309385,0,0,0,938044,309238
2026-10-04T14:09:18Z,paymentservice,adservice,0,0,0,0,0,0,0
2026-10-04T14:09:18Z,paymentservice,cartservice,0,0,0,0,0,0,0
2026-10-04T14:09:18Z,paymentservice,checkoutservice,0,0,0,0,0,0,0
2026-10-04T14:09:18Z,paymentservice,currencyservice,0,0,0,0,0,0,0
2026-10-04T14:09:18Z,paymentservice,emailservice,0,0,0,0,0,0,0
2026-10-04T14:09:18Z,paymentservice,frontend,0,0,0,0,0,0,0
2026-10-04T14:09:18Z,paymentservice,kubernetes,0,0,0,0,0,0,0
2026-10-04T14:09:18Z,paymentservice,paymentservice,0,0,0,0,0,0,0
2026-10-04T14:09:18Z,paymentservice,productcatalogservice,0,0,0,0,0,0,0
2026-10-04T14:09:18Z,paymentservice,recommendationservice,0,0,0,0,0,0,0
2026-10-04T14:09:18Z,paymentservice,redis-cart,0,0,0,0,0,0,0
2026-10-04T14:09:18Z,paymentservice,shippingservice,0,0,0,0,0,0,0
2026-10-04T14:09:18Z,productcatalogservice,adservice,0,0,0,0,0,0,0
2026-10-04T14:09:18Z,productcatalogservice,cartservice,0,0,0,0,0,0,0
2026-10-04T14:09:18Z,productcatalogservice,checkoutservice,0,0,0,0,0,0,0
2026-10-04T14:09:18Z,productcatalogservice,currencyservice,0,0,0,0,0,0,0
2026-10-04T14:09:18Z,productcatalogservice,emailservice,0,0,0,0,0,0,0
2026-10-04T14:09:18Z,productcatalogservice,frontend,0,0,0,0,0,0,0
2026-10-04T14:09:18Z,productcatalogservice,kubernetes,0,0,0,0,0,0,0
2026-10-04T14:09:18Z,productcatalogservice,paymentservice,0,0,0,0,0,0,0
2026-10-04T14:09:18Z,productcatalogservice,productcatalogservice,0,0,0,0,0,0,0
2026-10-04T14:09:18Z,productcatalogservice,recommendationservice,0,0,0,0,0,0,0
2026-10-04T14:09:18Z,productcatalogservice,redis-cart,0,0,0,0,0,0,0
2026-10-04T14:09:18Z,productcatalogservice,shippingservice,0,0,0,0,0,0,0
2026-10-04T14:09:18Z,recommendationservice,adservice,0,0,0,0,0,0,0
2026-10-04T14:09:18Z,recommendationservice,cartservice,0,0,0,0,0,0,0
2026-10-04T14:09:18Z,recommendationservice,checkoutservice,0,0,0,0,0,0,0
2026-10-04T14:09:18Z,recommendationservice,currencyservice,0,0,0,0,0,0,0
2026-10-04T14:09:18Z,recommendationservice,emailservice,0,0,0,0,0,0,0
2026-10-04T14:09:18Z,recommendationservice,frontend,0,0,0,0,0,0,0
2026-10-04T14:09:18Z,recommendationservice,kubernetes,0,0,0,0,0,0,0
2026-10-04T14:09:18Z,recommendationservice,paymentservice,0,0,0,0,0,0,0
2026-10-04T14:09:18Z,recommendationservice,productcatalogservice,144686,144677,0,0,0,1016611,143409
2026-10-04T14:09:18Z,recommendationservice,recommendationservice,0,0,0,0,0,0,0
2026-10-04T14:09:18Z,recommendationservice,redis-cart,0,0,0,0,0,0,0
2026-10-04T14:09:18Z,recommendationservice,shippingservice,0,0,0,0,0,0,0
2026-10-04T14:09:18Z,redis-cart,adservice,0,0,0,0,0,0,0
2026-10-04T14:09:18Z,redis-cart,cartservice,0,0,0,0,0,0,0
2026-10-04T14:09:18Z,redis-cart,checkoutservice,0,0,0,0,0,0,0
2026-10-04T14:09:18Z,redis-cart,currencyservice,0,0,0,0,0,0,0
2026-10-04T14:09:18Z,redis-cart,emailservice,0,0,0,0,0,0,0
2026-10-04T14:09:18Z,redis-cart,frontend,0,0,0,0,0,0,0
2026-10-04T14:09:18Z,redis-cart,kubernetes,0,0,0,0,0,0,0
2026-10-04T14:09:18Z,redis-cart,paymentservice,0,0,0,0,0,0,0
2026-10-04T14:09:18Z,redis-cart,productcatalogservice,0,0,0,0,0,0,0
2026-10-04T14:09:18Z,redis-cart,recommendationservice,0,0,0,0,0,0,0
2026-10-04T14:09:18Z,redis-cart,redis-cart,0,0,0,0,0,0,0
2026-10-04T14:09:18Z,redis-cart,shippingservice,0,0,0,0,0,0,0
2026-10-04T14:09:18Z,shippingservice,adservice,0,0,0,0,0,0,0
2026-10-04T14:09:18Z,shippingservice,cartservice,0,0,0,0,0,0,0
2026-10-04T14:09:18Z,shippingservice,checkoutservice,0,0,0,0,0,0,0
2026-10-04T14:09:18Z,shippingservice,currencyservice,0,0,0,0,0,0,0
2026-10-04T14:09:18Z,shippingservice,emailservice,0,0,0,0,0,0,0
2026-10-04T14:09:18Z,shippingservice,frontend,0,0,0,0,0,0,0
2026-10-04T14:09:18Z,shippingservice,kubernetes,0,0,0,0,0,0,0
2026-10-04T14:09:18Z,shippingservice,paymentservice,0,0,0,0,0,0,0
2026-10-04T14:09:18Z,shippingservice,productcatalogservice,0,0,0,0,0,0,0
2026-10-04T14:09:18Z,shippingservice,recommendationservice,0,0,0,0,0,0,0
2026-10-04T14:09:18Z,shippingservice,redis-cart,0,0,0,0,0,0,0
2026-10-04T14:09:18Z,shippingservice,shippingservice,0,0,0,0,0,0,0
2026-10-04T14:09:19Z,adservice,adservice,0,0,0,0,0,0,0
2026-10-04T14:09:19Z,adservice,cartservice,0,0,0,0,0,0,0
2026-10-04T14:09:19Z,adservice,checkoutservice,0,0,0,0,0,0,0
2026-10-04T14:09:19Z,adservice,currencyservice,0,0,0,0,0,0,0
2026-10-04T14:09:19Z,adservice,emailservice,0,0,0,0,0,0,0
2026-10-04T14:09:19Z,adservice,frontend,0,0,0,0,0,0,0
2026-10-04T14:09:19Z,adservice,kubernetes,0,0,0,0,0,0,0
2026-10-04T14:09:19Z,adservice,paymentservice,0,0,0,0,0,0,0
2026-10-04T14:09:19Z,adservice,productcatalogservice,0,0,0,0,0,0,0
2026-10-04T14:09:19Z,adservice,recommendationservice,0,0,0,0,0,0,0
2026-10-04T14:09:19Z,adservice,redis-cart,0,0,0,0,0,0,0
2026-10-04T14:09:19Z,adservice,shippingservice,0,0,0,0,0,0,0
2026-10-04T14:09:19Z,cartservice,adservice,0,0,0,0,0,0,0
2026-10-04T14:09:19Z,cartservice,cartservice,0,0,0,0,0,0,0
2026-10-04T14:09:19Z,cartservice,checkoutservice,0,0,0,0,0,0,0
2026-10-04T14:09:19Z,cartservice,currencyservice,0,0,0,0,0,0,0
2026-10-04T14:09:19Z,cartservice,emailservice,0,0,0,0,0,0,0
2026-10-04T14:09:19Z,cartservice,frontend,0,0,0,0,0,0,0
2026-10-04T14:09:19Z,cartservice,kubernetes,0,0,0,0,0,0,0
2026-10-04T14:09:19Z,cartservice,paymentservice,0,0,0,0,0,0,0
2026-10-04T14:09:19Z,cartservice,productcatalogservice,0,0,0,0,0,0,0
2026-10-04T14:09:19Z,cartservice,recommendationservice,0,0,0,0,0,0,0
2026-10-04T14:09:19Z,cartservice,redis-cart,2,0,0,0,0,0,0
2026-10-04T14:09:19Z,cartservice,shippingservice,0,0,0,0,0,0,0
2026-10-04T14:09:19Z,checkoutservice,adservice,0,0,0,0,0,0,0
2026-10-04T14:09:19Z,checkoutservice,cartservice,55469,54538,0,100,0,675508,54363
2026-10-04T14:09:19Z,checkoutservice,checkoutservice,0,0,0,0,0,0,0
2026-10-04T14:09:19Z,checkoutservice,currencyservice,39132,39132,0,0,0,555860,39045
2026-10-04T14:09:19Z,checkoutservice,emailservice,10370,10084,0,66,0,360708,9997
2026-10-04T14:09:19Z,checkoutservice,frontend,0,0,0,0,0,0,0
2026-10-04T14:09:19Z,checkoutservice,kubernetes,0,0,0,0,0,0,0
2026-10-04T14:09:19Z,checkoutservice,paymentservice,32398,30550,0,192,0,425445,30315
2026-10-04T14:09:19Z,checkoutservice,productcatalogservice,0,0,0,0,0,0,0
2026-10-04T14:09:19Z,checkoutservice,recommendationservice,0,0,0,0,0,0,0
2026-10-04T14:09:19Z,checkoutservice,redis-cart,0,0,0,0,0,0,0
2026-10-04T14:09:19Z,checkoutservice,shippingservice,60780,58677,0,154,0,500813,58501
2026-10-04T14:09:19Z,currencyservice,adservice,0,0,0,0,0,0,0
2026-10-04T14:09:19Z,currencyservice,cartservice,0,0,0,0,0,0,0
2026-10-04T14:09:19Z,currencyservice,checkoutservice,0,0,0,0,0,0,0
2026-10-04T14:09:19Z,currencyservice,currencyservice,0,0,0,0,0,0,0
2026-10-04T14:09:19Z,currencyservice,emailservice,0,0,0,0,0,0,0
2026-10-04T14:09:19Z,currencyservice,frontend,0,0,0,0,0,0,0
2026-10-04T14:09:19Z,currencyservice,kubernetes,0,0,0,0,0,0,0
2026-10-04T14:09:19Z,currencyservice,paymentservice,0,0,0,0,0,0,0
2026-10-04T14:09:19Z,currencyservice,productcatalogservice,0,0,0,0,0,0,0
2026-10-04T14:09:19Z,currencyservice,recommendationservice,0,0,0,0,0,0,0
2026-10-04T14:09:19Z,currencyservice,redis-cart,0,0,0,0,0,0,0
2026-10-04T14:09:19Z,currencyservice,shippingservice,0,0,0,0,0,0,0
2026-10-04T14:09:19Z,emailservice,adservice,0,0,0,0,0,0,0
2026-10-04T14:09:19Z,emailservice,cartservice,0,0,0,0,0,0,0
2026-10-04T14:09:19Z,emailservice,checkoutservice,0,0,0,0,0,0,0
2026-10-04T14:09:19Z,emailservice,currencyservice,0,0,0,0,0,0,0
2026-10-04T14:09:19Z,emailservice,emailservice,0,0,0,0,0,0,0
2026-10-04T14:09:19Z,emailservice,frontend,0,0,0,0,0,0,0
2026-10-04T14:09:19Z,emailservice,kubernetes,0,0,0,0,0,0,0
2026-10-04T14:09:19Z,emailservice,paymentservice,0,0,0,0,0,0,0
2026-10-04T14:09:19Z,emailservice,productcatalogservice,0,0,0,0,0,0,0
2026-10-04T14:09:19Z,emailservice,recommendationservice,0,0,0,0,0,0,0
2026-10-04T14:09:19Z,emailservice,redis-cart,0,0,0,0,0,0,0
2026-10-04T14:09:19Z,emailservice,shippingservice,0,0,0,0,0,0,0
2026-10-04T14:09:19Z,frontend,adservice,843864,843862,0,0,0,2544122,843794
2026-10-04T14:09:19Z,frontend,cartservice,1876032,1876020,0,0,4,10403942,1875777
2026-10-04T14:09:19Z,frontend,checkoutservice,398123,188157,0,40061,169944,62513495,188126
2026-10-04T14:09:19Z,frontend,currencyservice,2982078,2982068,0,0,0,15747949,2981692
2026-10-04T14:09:19Z,frontend,emailservice,0,0,0,0,0,0,0
2026-10-04T14:09:19Z,frontend,frontend,0,0,0,0,0,0,0
2026-10-04T14:09:19Z,frontend,kubernetes,0,0,0,0,0,0,0
2026-10-04T14:09:19Z,frontend,paymentservice,0,0,0,0,0,0,0
2026-10-04T14:09:19Z,frontend,productcatalogservice,8369707,8369640,0,0,0,57210001,8368876
2026-10-04T14:09:19Z,frontend,recommendationservice,2719487,1657039,0,111401,948486,822573706,1656810
2026-10-04T14:09:19Z,frontend,redis-cart,0,0,0,0,0,0,0
2026-10-04T14:09:19Z,frontend,shippingservice,309417,309415,0,0,0,938432,309397
2026-10-04T14:09:19Z,paymentservice,adservice,0,0,0,0,0,0,0
2026-10-04T14:09:19Z,paymentservice,cartservice,0,0,0,0,0,0,0
2026-10-04T14:09:19Z,paymentservice,checkoutservice,0,0,0,0,0,0,0
2026-10-04T14:09:19Z,paymentservice,currencyservice,0,0,0,0,0,0,0
2026-10-04T14:09:19Z,paymentservice,emailservice,0,0,0,0,0,0,0
2026-10-04T14:09:19Z,paymentservice,frontend,0,0,0,0,0,0,0
2026-10-04T14:09:19Z,paymentservice,kubernetes,0,0,0,0,0,0,0
2026-10-04T14:09:19Z,paymentservice,paymentservice,0,0,0,0,0,0,0
2026-10-04T14:09:19Z,paymentservice,productcatalogservice,0,0,0,0,0,0,0
2026-10-04T14:09:19Z,paymentservice,recommendationservice,0,0,0,0,0,0,0
2026-10-04T14:09:19Z,paymentservice,redis-cart,0,0,0,0,0,0,0
2026-10-04T14:09:19Z,paymentservice,shippingservice,0,0,0,0,0,0,0
2026-10-04T14:09:19Z,productcatalogservice,adservice,0,0,0,0,0,0,0
2026-10-04T14:09:19Z,productcatalogservice,cartservice,0,0,0,0,0,0,0
2026-10-04T14:09:19Z,productcatalogservice,checkoutservice,0,0,0,0,0,0,0
2026-10-04T14:09:19Z,productcatalogservice,currencyservice,0,0,0,0,0,0,0
2026-10-04T14:09:19Z,productcatalogservice,emailservice,0,0,0,0,0,0,0
2026-10-04T14:09:19Z,productcatalogservice,frontend,0,0,0,0,0,0,0
2026-10-04T14:09:19Z,productcatalogservice,kubernetes,0,0,0,0,0,0,0
2026-10-04T14:09:19Z,productcatalogservice,paymentservice,0,0,0,0,0,0,0
2026-10-04T14:09:19Z,productcatalogservice,productcatalogservice,0,0,0,0,0,0,0
2026-10-04T14:09:19Z,productcatalogservice,recommendationservice,0,0,0,0,0,0,0
2026-10-04T14:09:19Z,productcatalogservice,redis-cart,0,0,0,0,0,0,0
2026-10-04T14:09:19Z,productcatalogservice,shippingservice,0,0,0,0,0,0,0
2026-10-04T14:09:19Z,recommendationservice,adservice,0,0,0,0,0,0,0
2026-10-04T14:09:19Z,recommendationservice,cartservice,0,0,0,0,0,0,0
2026-10-04T14:09:19Z,recommendationservice,checkoutservice,0,0,0,0,0,0,0
2026-10-04T14:09:19Z,recommendationservice,currencyservice,0,0,0,0,0,0,0
2026-10-04T14:09:19Z,recommendationservice,emailservice,0,0,0,0,0,0,0
2026-10-04T14:09:19Z,recommendationservice,frontend,0,0,0,0,0,0,0
2026-10-04T14:09:19Z,recommendationservice,kubernetes,0,0,0,0,0,0,0
2026-10-04T14:09:19Z,recommendationservice,paymentservice,0,0,0,0,0,0,0
2026-10-04T14:09:19Z,recommendationservice,productcatalogservice,145079,145078,0,0,0,1016611,143409
2026-10-04T14:09:19Z,recommendationservice,recommendationservice,0,0,0,0,0,0,0
2026-10-04T14:09:19Z,recommendationservice,redis-cart,0,0,0,0,0,0,0
2026-10-04T14:09:19Z,recommendationservice,shippingservice,0,0,0,0,0,0,0
2026-10-04T14:09:19Z,redis-cart,adservice,0,0,0,0,0,0,0
2026-10-04T14:09:19Z,redis-cart,cartservice,0,0,0,0,0,0,0
2026-10-04T14:09:19Z,redis-cart,checkoutservice,0,0,0,0,0,0,0
2026-10-04T14:09:19Z,redis-cart,currencyservice,0,0,0,0,0,0,0
2026-10-04T14:09:19Z,redis-cart,emailservice,0,0,0,0,0,0,0
2026-10-04T14:09:19Z,redis-cart,frontend,0,0,0,0,0,0,0
2026-10-04T14:09:19Z,redis-cart,kubernetes,0,0,0,0,0,0,0
2026-10-04T14:09:19Z,redis-cart,paymentservice,0,0,0,0,0,0,0
2026-10-04T14:09:19Z,redis-cart,productcatalogservice,0,0,0,0,0,0,0
2026-10-04T14:09:19Z,redis-cart,recommendationservice,0,0,0,0,0,0,0
2026-10-04T14:09:19Z,redis-cart,redis-cart,0,0,0,0,0,0,0
2026-10-04T14:09:19Z,redis-cart,shippingservice,0,0,0,0,0,0,0
2026-10-04T14:09:19Z,shippingservice,adservice,0,0,0,0,0,0,0
2026-10-04T14:09:19Z,shippingservice,cartservice,0,0,0,0,0,0,0
2026-10-04T14:09:19Z,shippingservice,checkoutservice,0,0,0,0,0,0,0
2026-10-04T14:09:19Z,shippingservice,currencyservice,0,0,0,0,0,0,0
2026-10-04T14:09:19Z,shippingservice,emailservice,0,0,0,0,0,0,0
2026-10-04T14:09:19Z,shippingservice,frontend,0,0,0,0,0,0,0
2026-10-04T14:09:19Z,shippingservice,kubernetes,0,0,0,0,0,0,0
2026-10-04T14:09:19Z,shippingservice,paymentservice,0,0,0,0,0,0,0
2026-10-04T14:09:19Z,shippingservice,productcatalogservice,0,0,0,0,0,0,0
2026-10-04T14:09:19Z,shippingservice,recommendationservice,0,0,0,0,0,0,0
2026-10-04T14:09:19Z,shippingservice,redis-cart,0,0,0,0,0,0,0
2026-10-04T14:09:19Z,shippingservice,shippingservice,0,0,0,0,0,0,0
2026-10-04T14:09:20Z,adservice,adservice,0,0,0,0,0,0,0
2026-10-04T14:09:20Z,adservice,cartservice,0,0,0,0,0,0,0
2026-10-04T14:09:20Z,adservice,checkoutservice,0,0,0,0,0,0,0
2026-10-04T14:09:20Z,adservice,currencyservice,0,0,0,0,0,0,0
2026-10-04T14:09:20Z,adservice,emailservice,0,0,0,0,0,0,0
2026-10-04T14:09:20Z,adservice,frontend,0,0,0,0,0,0,0
2026-10-04T14:09:20Z,adservice,kubernetes,0,0,0,0,0,0,0
2026-10-04T14:09:20Z,adservice,paymentservice,0,0,0,0,0,0,0
2026-10-04T14:09:20Z,adservice,productcatalogservice,0,0,0,0,0,0,0
2026-10-04T14:09:20Z,adservice,recommendationservice,0,0,0,0,0,0,0
2026-10-04T14:09:20Z,adservice,redis-cart,0,0,0,0,0,0,0
2026-10-04T14:09:20Z,adservice,shippingservice,0,0,0,0,0,0,0
2026-10-04T14:09:20Z,cartservice,adservice,0,0,0,0,0,0,0
2026-10-04T14:09:20Z,cartservice,cartservice,0,0,0,0,0,0,0
2026-10-04T14:09:20Z,cartservice,checkoutservice,0,0,0,0,0,0,0
2026-10-04T14:09:20Z,cartservice,currencyservice,0,0,0,0,0,0,0
2026-10-04T14:09:20Z,cartservice,emailservice,0,0,0,0,0,0,0
2026-10-04T14:09:20Z,cartservice,frontend,0,0,0,0,0,0,0
2026-10-04T14:09:20Z,cartservice,kubernetes,0,0,0,0,0,0,0
2026-10-04T14:09:20Z,cartservice,paymentservice,0,0,0,0,0,0,0
2026-10-04T14:09:20Z,cartservice,productcatalogservice,0,0,0,0,0,0,0
2026-10-04T14:09:20Z,cartservice,recommendationservice,0,0,0,0,0,0,0
2026-10-04T14:09:20Z,cartservice,redis-cart,2,0,0,0,0,0,0
2026-10-04T14:09:20Z,cartservice,shippingservice,0,0,0,0,0,0,0
2026-10-04T14:09:20Z,checkoutservice,adservice,0,0,0,0,0,0,0
2026-10-04T14:09:20Z,checkoutservice,cartservice,55535,54604,0,100,0,675508,54363
2026-10-04T14:09:20Z,checkoutservice,checkoutservice,0,0,0,0,0,0,0
2026-10-04T14:09:20Z,checkoutservice,currencyservice,39165,39165,0,0,0,555860,39045
2026-10-04T14:09:20Z,checkoutservice,emailservice,10403,10117,0,66,0,360708,9997
2026-10-04T14:09:20Z,checkoutservice,frontend,0,0,0,0,0,0,0
2026-10-04T14:09:20Z,checkoutservice,kubernetes,0,0,0,0,0,0,0
2026-10-04T14:09:20Z,checkoutservice,paymentservice,32431,30583,0,192,0,425445,30315
2026-10-04T14:09:20Z,checkoutservice,productcatalogservice,0,0,0,0,0,0,0
2026-10-04T14:09:20Z,checkoutservice,recommendationservice,0,0,0,0,0,0,0
2026-10-04T14:09:20Z,checkoutservice,redis-cart,0,0,0,0,0,0,0
2026-10-04T14:09:20Z,checkoutservice,shippingservice,60846,58743,0,154,0,500813,58501
2026-10-04T14:09:20Z,currencyservice,adservice,0,0,0,0,0,0,0
2026-10-04T14:09:20Z,currencyservice,cartservice,0,0,0,0,0,0,0
2026-10-04T14:09:20Z,currencyservice,checkoutservice,0,0,0,0,0,0,0
2026-10-04T14:09:20Z,currencyservice,currencyservice,0,0,0,0,0,0,0
2026-10-04T14:09:20Z,currencyservice,emailservice,0,0,0,0,0,0,0
2026-10-04T14:09:20Z,currencyservice,frontend,0,0,0,0,0,0,0
2026-10-04T14:09:20Z,currencyservice,kubernetes,0,0,0,0,0,0,0
2026-10-04T14:09:20Z,currencyservice,paymentservice,0,0,0,0,0,0,0
2026-10-04T14:09:20Z,currencyservice,productcatalogservice,0,0,0,0,0,0,0
2026-10-04T14:09:20Z,currencyservice,recommendationservice,0,0,0,0,0,0,0
2026-10-04T14:09:20Z,currencyservice,redis-cart,0,0,0,0,0,0,0
2026-10-04T14:09:20Z,currencyservice,shippingservice,0,0,0,0,0,0,0
2026-10-04T14:09:20Z,emailservice,adservice,0,0,0,0,0,0,0
2026-10-04T14:09:20Z,emailservice,cartservice,0,0,0,0,0,0,0
2026-10-04T14:09:20Z,emailservice,checkoutservice,0,0,0,0,0,0,0
2026-10-04T14:09:20Z,emailservice,currencyservice,0,0,0,0,0,0,0
2026-10-04T14:09:20Z,emailservice,emailservice,0,0,0,0,0,0,0
2026-10-04T14:09:20Z,emailservice,frontend,0,0,0,0,0,0,0
2026-10-04T14:09:20Z,emailservice,kubernetes,0,0,0,0,0,0,0
2026-10-04T14:09:20Z,emailservice,paymentservice,0,0,0,0,0,0,0
2026-10-04T14:09:20Z,emailservice,productcatalogservice,0,0,0,0,0,0,0
2026-10-04T14:09:20Z,emailservice,recommendationservice,0,0,0,0,0,0,0
2026-10-04T14:09:20Z,emailservice,redis-cart,0,0,0,0,0,0,0
2026-10-04T14:09:20Z,emailservice,shippingservice,0,0,0,0,0,0,0
2026-10-04T14:09:20Z,frontend,adservice,843971,843969,0,0,0,2544122,843794
2026-10-04T14:09:20Z,frontend,cartservice,1876394,1876380,0,0,4,10403942,1875777
2026-10-04T14:09:20Z,frontend,checkoutservice,398160,188190,0,40061,169944,62513495,188126
2026-10-04T14:09:20Z,frontend,currencyservice,2982597,2982589,0,0,0,15747949,2981692
2026-10-04T14:09:20Z,frontend,emailservice,0,0,0,0,0,0,0
2026-10-04T14:09:20Z,frontend,frontend,0,0,0,0,0,0,0
2026-10-04T14:09:20Z,frontend,kubernetes,0,0,0,0,0,0,0
2026-10-04T14:09:20Z,frontend,paymentservice,0,0,0,0,0,0,0
2026-10-04T14:09:20Z,frontend,productcatalogservice,8370867,8370801,0,0,0,57210001,8368876
2026-10-04T14:09:20Z,frontend,recommendationservice,2720284,1657336,0,111459,948939,822573706,1656810
2026-10-04T14:09:20Z,frontend,redis-cart,0,0,0,0,0,0,0
2026-10-04T14:09:20Z,frontend,shippingservice,309449,309447,0,0,0,938432,309397
2026-10-04T14:09:20Z,paymentservice,adservice,0,0,0,0,0,0,0
2026-10-04T14:09:20Z,paymentservice,cartservice,0,0,0,0,0,0,0
2026-10-04T14:09:20Z,paymentservice,checkoutservice,0,0,0,0,0,0,0
2026-10-04T14:09:20Z,paymentservice,currencyservice,0,0,0,0,0,0,0
2026-10-04T14:09:20Z,paymentservice,emailservice,0,0,0,0,0,0,0
2026-10-04T14:09:20Z,paymentservice,frontend,0,0,0,0,0,0,0
2026-10-04T14:09:20Z,paymentservice,kubernetes,0,0,0,0,0,0,0
2026-10-04T14:09:20Z,paymentservice,paymentservice,0,0,0,0,0,0,0
2026-10-04T14:09:20Z,paymentservice,productcatalogservice,0,0,0,0,0,0,0
2026-10-04T14:09:20Z,paymentservice,recommendationservice,0,0,0,0,0,0,0
2026-10-04T14:09:20Z,paymentservice,redis-cart,0,0,0,0,0,0,0
2026-10-04T14:09:20Z,paymentservice,shippingservice,0,0,0,0,0,0,0
2026-10-04T14:09:20Z,productcatalogservice,adservice,0,0,0,0,0,0,0
2026-10-04T14:09:20Z,productcatalogservice,cartservice,0,0,0,0,0,0,0
2026-10-04T14:09:20Z,productcatalogservice,checkoutservice,0,0,0,0,0,0,0
2026-10-04T14:09:20Z,productcatalogservice,currencyservice,0,0,0,0,0,0,0
2026-10-04T14:09:20Z,productcatalogservice,emailservice,0,0,0,0,0,0,0
2026-10-04T14:09:20Z,productcatalogservice,frontend,0,0,0,0,0,0,0
2026-10-04T14:09:20Z,productcatalogservice,kubernetes,0,0,0,0,0,0,0
2026-10-04T14:09:20Z,productcatalogservice,paymentservice,0,0,0,0,0,0,0
2026-10-04T14:09:20Z,productcatalogservice,productcatalogservice,0,0,0,0,0,0,0
2026-10-04T14:09:20Z,productcatalogservice,recommendationservice,0,0,0,0,0,0,0
2026-10-04T14:09:20Z,productcatalogservice,redis-cart,0,0,0,0,0,0,0
2026-10-04T14:09:20Z,productcatalogservice,shippingservice,0,0,0,0,0,0,0
2026-10-04T14:09:20Z,recommendationservice,adservice,0,0,0,0,0,0,0
2026-10-04T14:09:20Z,recommendationservice,cartservice,0,0,0,0,0,0,0
2026-10-04T14:09:20Z,recommendationservice,checkoutservice,0,0,0,0,0,0,0
2026-10-04T14:09:20Z,recommendationservice,currencyservice,0,0,0,0,0,0,0
2026-10-04T14:09:20Z,recommendationservice,emailservice,0,0,0,0,0,0,0
2026-10-04T14:09:20Z,recommendationservice,frontend,0,0,0,0,0,0,0
2026-10-04T14:09:20Z,recommendationservice,kubernetes,0,0,0,0,0,0,0
2026-10-04T14:09:20Z,recommendationservice,paymentservice,0,0,0,0,0,0,0
2026-10-04T14:09:20Z,recommendationservice,productcatalogservice,145450,145450,0,0,0,1026799,145398
2026-10-04T14:09:20Z,recommendationservice,recommendationservice,0,0,0,0,0,0,0
2026-10-04T14:09:20Z,recommendationservice,redis-cart,0,0,0,0,0,0,0
2026-10-04T14:09:20Z,recommendationservice,shippingservice,0,0,0,0,0,0,0
2026-10-04T14:09:20Z,redis-cart,adservice,0,0,0,0,0,0,0
2026-10-04T14:09:20Z,redis-cart,cartservice,0,0,0,0,0,0,0
2026-10-04T14:09:20Z,redis-cart,checkoutservice,0,0,0,0,0,0,0
2026-10-04T14:09:20Z,redis-cart,currencyservice,0,0,0,0,0,0,0
2026-10-04T14:09:20Z,redis-cart,emailservice,0,0,0,0,0,0,0
2026-10-04T14:09:20Z,redis-cart,frontend,0,0,0,0,0,0,0
2026-10-04T14:09:20Z,redis-cart,kubernetes,0,0,0,0,0,0,0
2026-10-04T14:09:20Z,redis-cart,paymentservice,0,0,0,0,0,0,0
2026-10-04T14:09:20Z,redis-cart,productcatalogservice,0,0,0,0,0,0,0
2026-10-04T14:09:20Z,redis-cart,recommendationservice,0,0,0,0,0,0,0
2026-10-04T14:09:20Z,redis-cart,redis-cart,0,0,0,0,0,0,0
2026-10-04T14:09:20Z,redis-cart,shippingservice,0,0,0,0,0,0,0
2026-10-04T14:09:20Z,shippingservice,adservice,0,0,0,0,0,0,0
2026-10-04T14:09:20Z,shippingservice,cartservice,0,0,0,0,0,0,0
2026-10-04T14:09:20Z,shippingservice,checkoutservice,0,0,0,0,0,0,0
2026-10-04T14:09:20Z,shippingservice,currencyservice,0,0,0,0,0,0,0
2026-10-04T14:09:20Z,shippingservice,emailservice,0,0,0,0,0,0,0
2026-10-04T14:09:20Z,shippingservice,frontend,0,0,0,0,0,0,0
2026-10-04T14:09:20Z,shippingservice,kubernetes,0,0,0,0,0,0,0
2026-10-04T14:09:20Z,shippingservice,paymentservice,0,0,0,0,0,0,0
2026-10-04T14:09:20Z,shippingservice,productcatalogservice,0,0,0,0,0,0,0
2026-10-04T14:09:20Z,shippingservice,recommendationservice,0,0,0,0,0,0,0
2026-10-04T14:09:20Z,shippingservice,redis-cart,0,0,0,0,0,0,0
2026-10-04T14:09:20Z,shippingservice,shippingservice,0,0,0,0,0,0,0
2026-10-04T14:09:21Z,adservice,adservice,0,0,0,0,0,0,0
2026-10-04T14:09:21Z,adservice,cartservice,0,0,0,0,0,0,0
2026-10-04T14:09:21Z,adservice,checkoutservice,0,0,0,0,0,0,0
2026-10-04T14:09:21Z,adservice,currencyservice,0,0,0,0,0,0,0
2026-10-04T14:09:21Z,adservice,emailservice,0,0,0,0,0,0,0
2026-10-04T14:09:21Z,adservice,frontend,0,0,0,0,0,0,0
2026-10-04T14:09:21Z,adservice,kubernetes,0,0,0,0,0,0,0
2026-10-04T14:09:21Z,adservice,paymentservice,0,0,0,0,0,0,0
2026-10-04T14:09:21Z,adservice,productcatalogservice,0,0,0,0,0,0,0
2026-10-04T14:09:21Z,adservice,recommendationservice,0,0,0,0,0,0,0
2026-10-04T14:09:21Z,adservice,redis-cart,0,0,0,0,0,0,0
2026-10-04T14:09:21Z,adservice,shippingservice,0,0,0,0,0,0,0
2026-10-04T14:09:21Z,cartservice,adservice,0,0,0,0,0,0,0
2026-10-04T14:09:21Z,cartservice,cartservice,0,0,0,0,0,0,0
2026-10-04T14:09:21Z,cartservice,checkoutservice,0,0,0,0,0,0,0
2026-10-04T14:09:21Z,cartservice,currencyservice,0,0,0,0,0,0,0
2026-10-04T14:09:21Z,cartservice,emailservice,0,0,0,0,0,0,0
2026-10-04T14:09:21Z,cartservice,frontend,0,0,0,0,0,0,0
2026-10-04T14:09:21Z,cartservice,kubernetes,0,0,0,0,0,0,0
2026-10-04T14:09:21Z,cartservice,paymentservice,0,0,0,0,0,0,0
2026-10-04T14:09:21Z,cartservice,productcatalogservice,0,0,0,0,0,0,0
2026-10-04T14:09:21Z,cartservice,recommendationservice,0,0,0,0,0,0,0
2026-10-04T14:09:21Z,cartservice,redis-cart,2,0,0,0,0,0,0
2026-10-04T14:09:21Z,cartservice,shippingservice,0,0,0,0,0,0,0
2026-10-04T14:09:21Z,checkoutservice,adservice,0,0,0,0,0,0,0
2026-10-04T14:09:21Z,checkoutservice,cartservice,55643,54708,0,100,0,675508,54363
2026-10-04T14:09:21Z,checkoutservice,checkoutservice,0,0,0,0,0,0,0
2026-10-04T14:09:21Z,checkoutservice,currencyservice,39219,39219,0,0,0,555860,39045
2026-10-04T14:09:21Z,checkoutservice,emailservice,10453,10166,0,66,0,360708,9997
2026-10-04T14:09:21Z,checkoutservice,frontend,0,0,0,0,0,0,0
2026-10-04T14:09:21Z,checkoutservice,kubernetes,0,0,0,0,0,0,0
2026-10-04T14:09:21Z,checkoutservice,paymentservice,32485,30637,0,192,0,425445,30315
2026-10-04T14:09:21Z,checkoutservice,productcatalogservice,0,0,0,0,0,0,0
2026-10-04T14:09:21Z,checkoutservice,recommendationservice,0,0,0,0,0,0,0
2026-10-04T14:09:21Z,checkoutservice,redis-cart,0,0,0,0,0,0,0
2026-10-04T14:09:21Z,checkoutservice,shippingservice,60954,58851,0,154,0,500813,58501
2026-10-04T14:09:21Z,currencyservice,adservice,0,0,0,0,0,0,0
2026-10-04T14:09:21Z,currencyservice,cartservice,0,0,0,0,0,0,0
2026-10-04T14:09:21Z,currencyservice,checkoutservice,0,0,0,0,0,0,0
2026-10-04T14:09:21Z,currencyservice,currencyservice,0,0,0,0,0,0,0
2026-10-04T14:09:21Z,currencyservice,emailservice,0,0,0,0,0,0,0
2026-10-04T14:09:21Z,currencyservice,frontend,0,0,0,0,0,0,0
2026-10-04T14:09:21Z,currencyservice,kubernetes,0,0,0,0,0,0,0
2026-10-04T14:09:21Z,currencyservice,paymentservice,0,0,0,0,0,0,0
2026-10-04T14:09:21Z,currencyservice,productcatalogservice,0,0,0,0,0,0,0
2026-10-04T14:09:21Z,currencyservice,recommendationservice,0,0,0,0,0,0,0
2026-10-04T14:09:21Z,currencyservice,redis-cart,0,0,0,0,0,0,0
2026-10-04T14:09:21Z,currencyservice,shippingservice,0,0,0,0,0,0,0
2026-10-04T14:09:21Z,emailservice,adservice,0,0,0,0,0,0,0
2026-10-04T14:09:21Z,emailservice,cartservice,0,0,0,0,0,0,0
2026-10-04T14:09:21Z,emailservice,checkoutservice,0,0,0,0,0,0,0
2026-10-04T14:09:21Z,emailservice,currencyservice,0,0,0,0,0,0,0
2026-10-04T14:09:21Z,emailservice,emailservice,0,0,0,0,0,0,0
2026-10-04T14:09:21Z,emailservice,frontend,0,0,0,0,0,0,0
2026-10-04T14:09:21Z,emailservice,kubernetes,0,0,0,0,0,0,0
2026-10-04T14:09:21Z,emailservice,paymentservice,0,0,0,0,0,0,0
2026-10-04T14:09:21Z,emailservice,productcatalogservice,0,0,0,0,0,0,0
2026-10-04T14:09:21Z,emailservice,recommendationservice,0,0,0,0,0,0,0
2026-10-04T14:09:21Z,emailservice,redis-cart,0,0,0,0,0,0,0
2026-10-04T14:09:21Z,emailservice,shippingservice,0,0,0,0,0,0,0
2026-10-04T14:09:21Z,frontend,adservice,844089,844087,0,0,0,2544122,843794
2026-10-04T14:09:21Z,frontend,cartservice,1876794,1876781,0,0,4,10403942,1875777
2026-10-04T14:09:21Z,frontend,checkoutservice,398205,188238,0,40061,169944,62513495,188126
2026-10-04T14:09:21Z,frontend,currencyservice,2983219,2983210,0,0,0,15747949,2981692
2026-10-04T14:09:21Z,frontend,emailservice,0,0,0,0,0,0,0
2026-10-04T14:09:21Z,frontend,frontend,0,0,0,0,0,0,0
2026-10-04T14:09:21Z,frontend,kubernetes,0,0,0,0,0,0,0
2026-10-04T14:09:21Z,frontend,paymentservice,0,0,0,0,0,0,0
2026-10-04T14:09:21Z,frontend,productcatalogservice,8372223,8372143,0,0,0,57210001,8368876
2026-10-04T14:09:21Z,frontend,recommendationservice,2721027,1657692,0,111515,949269,822573706,1656810
2026-10-04T14:09:21Z,frontend,redis-cart,0,0,0,0,0,0,0
2026-10-04T14:09:21Z,frontend,shippingservice,309486,309484,0,0,0,938432,309397
2026-10-04T14:09:21Z,paymentservice,adservice,0,0,0,0,0,0,0
2026-10-04T14:09:21Z,paymentservice,cartservice,0,0,0,0,0,0,0
2026-10-04T14:09:21Z,paymentservice,checkoutservice,0,0,0,0,0,0,0
2026-10-04T14:09:21Z,paymentservice,currencyservice,0,0,0,0,0,0,0
2026-10-04T14:09:21Z,paymentservice,emailservice,0,0,0,0,0,0,0
2026-10-04T14:09:21Z,paymentservice,frontend,0,0,0,0,0,0,0
2026-10-04T14:09:21Z,paymentservice,kubernetes,0,0,0,0,0,0,0
2026-10-04T14:09:21Z,paymentservice,paymentservice,0,0,0,0,0,0,0
2026-10-04T14:09:21Z,paymentservice,productcatalogservice,0,0,0,0,0,0,0
2026-10-04T14:09:21Z,paymentservice,recommendationservice,0,0,0,0,0,0,0
2026-10-04T14:09:21Z,paymentservice,redis-cart,0,0,0,0,0,0,0
2026-10-04T14:09:21Z,paymentservice,shippingservice,0,0,0,0,0,0,0
2026-10-04T14:09:21Z,productcatalogservice,adservice,0,0,0,0,0,0,0
2026-10-04T14:09:21Z,productcatalogservice,cartservice,0,0,0,0,0,0,0
2026-10-04T14:09:21Z,productcatalogservice,checkoutservice,0,0,0,0,0,0,0
2026-10-04T14:09:21Z,productcatalogservice,currencyservice,0,0,0,0,0,0,0
2026-10-04T14:09:21Z,productcatalogservice,emailservice,0,0,0,0,0,0,0
2026-10-04T14:09:21Z,productcatalogservice,frontend,0,0,0,0,0,0,0
2026-10-04T14:09:21Z,productcatalogservice,kubernetes,0,0,0,0,0,0,0
2026-10-04T14:09:21Z,productcatalogservice,paymentservice,0,0,0,0,0,0,0
2026-10-04T14:09:21Z,productcatalogservice,productcatalogservice,0,0,0,0,0,0,0
2026-10-04T14:09:21Z,productcatalogservice,recommendationservice,0,0,0,0,0,0,0
2026-10-04T14:09:21Z,productcatalogservice,redis-cart,0,0,0,0,0,0,0
2026-10-04T14:09:21Z,productcatalogservice,shippingservice,0,0,0,0,0,0,0
2026-10-04T14:09:21Z,recommendationservice,adservice,0,0,0,0,0,0,0
2026-10-04T14:09:21Z,recommendationservice,cartservice,0,0,0,0,0,0,0
2026-10-04T14:09:21Z,recommendationservice,checkoutservice,0,0,0,0,0,0,0
2026-10-04T14:09:21Z,recommendationservice,currencyservice,0,0,0,0,0,0,0
2026-10-04T14:09:21Z,recommendationservice,emailservice,0,0,0,0,0,0,0
2026-10-04T14:09:21Z,recommendationservice,frontend,0,0,0,0,0,0,0
2026-10-04T14:09:21Z,recommendationservice,kubernetes,0,0,0,0,0,0,0
2026-10-04T14:09:21Z,recommendationservice,paymentservice,0,0,0,0,0,0,0
2026-10-04T14:09:21Z,recommendationservice,productcatalogservice,145880,145880,0,0,0,1026799,145398
2026-10-04T14:09:21Z,recommendationservice,recommendationservice,0,0,0,0,0,0,0
2026-10-04T14:09:21Z,recommendationservice,redis-cart,0,0,0,0,0,0,0
2026-10-04T14:09:21Z,recommendationservice,shippingservice,0,0,0,0,0,0,0
2026-10-04T14:09:21Z,redis-cart,adservice,0,0,0,0,0,0,0
2026-10-04T14:09:21Z,redis-cart,cartservice,0,0,0,0,0,0,0
2026-10-04T14:09:21Z,redis-cart,checkoutservice,0,0,0,0,0,0,0
2026-10-04T14:09:21Z,redis-cart,currencyservice,0,0,0,0,0,0,0
2026-10-04T14:09:21Z,redis-cart,emailservice,0,0,0,0,0,0,0
2026-10-04T14:09:21Z,redis-cart,frontend,0,0,0,0,0,0,0
2026-10-04T14:09:21Z,redis-cart,kubernetes,0,0,0,0,0,0,0
2026-10-04T14:09:21Z,redis-cart,paymentservice,0,0,0,0,0,0,0
2026-10-04T14:09:21Z,redis-cart,productcatalogservice,0,0,0,0,0,0,0
2026-10-04T14:09:21Z,redis-cart,recommendationservice,0,0,0,0,0,0,0
2026-10-04T14:09:21Z,redis-cart,redis-cart,0,0,0,0,0,0,0
2026-10-04T14:09:21Z,redis-cart,shippingservice,0,0,0,0,0,0,0
2026-10-04T14:09:21Z,shippingservice,adservice,0,0,0,0,0,0,0
2026-10-04T14:09:21Z,shippingservice,cartservice,0,0,0,0,0,0,0
2026-10-04T14:09:21Z,shippingservice,checkoutservice,0,0,0,0,0,0,0
2026-10-04T14:09:21Z,shippingservice,currencyservice,0,0,0,0,0,0,0
2026-10-04T14:09:21Z,shippingservice,emailservice,0,0,0,0,0,0,0
2026-10-04T14:09:21Z,shippingservice,frontend,0,0,0,0,0,0,0
2026-10-04T14:09:21Z,shippingservice,kubernetes,0,0,0,0,0,0,0
2026-10-04T14:09:21Z,shippingservice,paymentservice,0,0,0,0,0,0,0
2026-10-04T14:09:21Z,shippingservice,productcatalogservice,0,0,0,0,0,0,0
2026-10-04T14:09:21Z,shippingservice,recommendationservice,0,0,0,0,0,0,0
2026-10-04T14:09:21Z,shippingservice,redis-cart,0,0,0,0,0,0,0
2026-10-04T14:09:21Z,shippingservice,shippingservice,0,0,0,0,0,0,0
2026-10-04T14:09:22Z,adservice,adservice,0,0,0,0,0,0,0
2026-10-04T14:09:22Z,adservice,cartservice,0,0,0,0,0,0,0
2026-10-04T14:09:22Z,adservice,checkoutservice,0,0,0,0,0,0,0
2026-10-04T14:09:22Z,adservice,currencyservice,0,0,0,0,0,0,0
2026-10-04T14:09:22Z,adservice,emailservice,0,0,0,0,0,0,0
2026-10-04T14:09:22Z,adservice,frontend,0,0,0,0,0,0,0
2026-10-04T14:09:22Z,adservice,kubernetes,0,0,0,0,0,0,0
2026-10-04T14:09:22Z,adservice,paymentservice,0,0,0,0,0,0,0
2026-10-04T14:09:22Z,adservice,productcatalogservice,0,0,0,0,0,0,0
2026-10-04T14:09:22Z,adservice,recommendationservice,0,0,0,0,0,0,0
2026-10-04T14:09:22Z,adservice,redis-cart,0,0,0,0,0,0,0
2026-10-04T14:09:22Z,adservice,shippingservice,0,0,0,0,0,0,0
2026-10-04T14:09:22Z,cartservice,adservice,0,0,0,0,0,0,0
2026-10-04T14:09:22Z,cartservice,cartservice,0,0,0,0,0,0,0
2026-10-04T14:09:22Z,cartservice,checkoutservice,0,0,0,0,0,0,0
2026-10-04T14:09:22Z,cartservice,currencyservice,0,0,0,0,0,0,0
2026-10-04T14:09:22Z,cartservice,emailservice,0,0,0,0,0,0,0
2026-10-04T14:09:22Z,cartservice,frontend,0,0,0,0,0,0,0
2026-10-04T14:09:22Z,cartservice,kubernetes,0,0,0,0,0,0,0
2026-10-04T14:09:22Z,cartservice,paymentservice,0,0,0,0,0,0,0
2026-10-04T14:09:22Z,cartservice,productcatalogservice,0,0,0,0,0,0,0
2026-10-04T14:09:22Z,cartservice,recommendationservice,0,0,0,0,0,0,0
2026-10-04T14:09:22Z,cartservice,redis-cart,2,0,0,0,0,0,0
2026-10-04T14:09:22Z,cartservice,shippingservice,0,0,0,0,0,0,0
2026-10-04T14:09:22Z,checkoutservice,adservice,0,0,0,0,0,0,0
2026-10-04T14:09:22Z,checkoutservice,cartservice,55715,54781,0,100,0,677204,54748
2026-10-04T14:09:22Z,checkoutservice,checkoutservice,0,0,0,0,0,0,0
2026-10-04T14:09:22Z,checkoutservice,currencyservice,39254,39254,0,0,0,556587,39238
2026-10-04T14:09:22Z,checkoutservice,emailservice,10490,10202,0,66,0,363126,10189
2026-10-04T14:09:22Z,checkoutservice,frontend,0,0,0,0,0,0,0
2026-10-04T14:09:22Z,checkoutservice,kubernetes,0,0,0,0,0,0,0
2026-10-04T14:09:22Z,checkoutservice,paymentservice,32520,30672,0,192,0,426152,30507
2026-10-04T14:09:22Z,checkoutservice,productcatalogservice,0,0,0,0,0,0,0
2026-10-04T14:09:22Z,checkoutservice,recommendationservice,0,0,0,0,0,0,0
2026-10-04T14:09:22Z,checkoutservice,redis-cart,0,0,0,0,0,0,0
2026-10-04T14:09:22Z,checkoutservice,shippingservice,61025,58920,0,154,0,501609,58886
2026-10-04T14:09:22Z,currencyservice,adservice,0,0,0,0,0,0,0
2026-10-04T14:09:22Z,currencyservice,cartservice,0,0,0,0,0,0,0
2026-10-04T14:09:22Z,currencyservice,checkoutservice,0,0,0,0,0,0,0
2026-10-04T14:09:22Z,currencyservice,currencyservice,0,0,0,0,0,0,0
2026-10-04T14:09:22Z,currencyservice,emailservice,0,0,0,0,0,0,0
2026-10-04T14:09:22Z,currencyservice,frontend,0,0,0,0,0,0,0
2026-10-04T14:09:22Z,currencyservice,kubernetes,0,0,0,0,0,0,0
2026-10-04T14:09:22Z,currencyservice,paymentservice,0,0,0,0,0,0,0
2026-10-04T14:09:22Z,currencyservice,productcatalogservice,0,0,0,0,0,0,0
2026-10-04T14:09:22Z,currencyservice,recommendationservice,0,0,0,0,0,0,0
2026-10-04T14:09:22Z,currencyservice,redis-cart,0,0,0,0,0,0,0
2026-10-04T14:09:22Z,currencyservice,shippingservice,0,0,0,0,0,0,0
2026-10-04T14:09:22Z,emailservice,adservice,0,0,0,0,0,0,0
2026-10-04T14:09:22Z,emailservice,cartservice,0,0,0,0,0,0,0
2026-10-04T14:09:22Z,emailservice,checkoutservice,0,0,0,0,0,0,0
2026-10-04T14:09:22Z,emailservice,currencyservice,0,0,0,0,0,0,0
2026-10-04T14:09:22Z,emailservice,emailservice,0,0,0,0,0,0,0
2026-10-04T14:09:22Z,emailservice,frontend,0,0,0,0,0,0,0
2026-10-04T14:09:22Z,emailservice,kubernetes,0,0,0,0,0,0,0
2026-10-04T14:09:22Z,emailservice,paymentservice,0,0,0,0,0,0,0
2026-10-04T14:09:22Z,emailservice,productcatalogservice,0,0,0,0,0,0,0
2026-10-04T14:09:22Z,emailservice,recommendationservice,0,0,0,0,0,0,0
2026-10-04T14:09:22Z,emailservice,redis-cart,0,0,0,0,0,0,0
2026-10-04T14:09:22Z,emailservice,shippingservice,0,0,0,0,0,0,0
2026-10-04T14:09:22Z,frontend,adservice,844188,844186,0,0,0,2544122,843794
2026-10-04T14:09:22Z,frontend,cartservice,1877170,1877157,0,0,4,10403942,1875777
2026-10-04T14:09:22Z,frontend,checkoutservice,398244,188273,0,40061,169944,62513495,188126
2026-10-04T14:09:22Z,frontend,currencyservice,2983779,2983770,0,0,0,15747949,2981692
2026-10-04T14:09:22Z,frontend,emailservice,0,0,0,0,0,0,0
2026-10-04T14:09:22Z,frontend,frontend,0,0,0,0,0,0,0
2026-10-04T14:09:22Z,frontend,kubernetes,0,0,0,0,0,0,0
2026-10-04T14:09:22Z,frontend,paymentservice,0,0,0,0,0,0,0
2026-10-04T14:09:22Z,frontend,productcatalogservice,8373361,8373297,0,0,0,57210001,8368876
2026-10-04T14:09:22Z,frontend,recommendationservice,2721813,1658017,0,111545,949685,822573706,1656810
2026-10-04T14:09:22Z,frontend,redis-cart,0,0,0,0,0,0,0
2026-10-04T14:09:22Z,frontend,shippingservice,309527,309525,0,0,0,938432,309397
2026-10-04T14:09:22Z,paymentservice,adservice,0,0,0,0,0,0,0
2026-10-04T14:09:22Z,paymentservice,cartservice,0,0,0,0,0,0,0
2026-10-04T14:09:22Z,paymentservice,checkoutservice,0,0,0,0,0,0,0
2026-10-04T14:09:22Z,paymentservice,currencyservice,0,0,0,0,0,0,0
2026-10-04T14:09:22Z,paymentservice,emailservice,0,0,0,0,0,0,0
2026-10-04T14:09:22Z,paymentservice,frontend,0,0,0,0,0,0,0
2026-10-04T14:09:22Z,paymentservice,kubernetes,0,0,0,0,0,0,0
2026-10-04T14:09:22Z,paymentservice,paymentservice,0,0,0,0,0,0,0
2026-10-04T14:09:22Z,paymentservice,productcatalogservice,0,0,0,0,0,0,0
2026-10-04T14:09:22Z,paymentservice,recommendationservice,0,0,0,0,0,0,0
2026-10-04T14:09:22Z,paymentservice,redis-cart,0,0,0,0,0,0,0
2026-10-04T14:09:22Z,paymentservice,shippingservice,0,0,0,0,0,0,0
2026-10-04T14:09:22Z,productcatalogservice,adservice,0,0,0,0,0,0,0
2026-10-04T14:09:22Z,productcatalogservice,cartservice,0,0,0,0,0,0,0
2026-10-04T14:09:22Z,productcatalogservice,checkoutservice,0,0,0,0,0,0,0
2026-10-04T14:09:22Z,productcatalogservice,currencyservice,0,0,0,0,0,0,0
2026-10-04T14:09:22Z,productcatalogservice,emailservice,0,0,0,0,0,0,0
2026-10-04T14:09:22Z,productcatalogservice,frontend,0,0,0,0,0,0,0
2026-10-04T14:09:22Z,productcatalogservice,kubernetes,0,0,0,0,0,0,0
2026-10-04T14:09:22Z,productcatalogservice,paymentservice,0,0,0,0,0,0,0
2026-10-04T14:09:22Z,productcatalogservice,productcatalogservice,0,0,0,0,0,0,0
2026-10-04T14:09:22Z,productcatalogservice,recommendationservice,0,0,0,0,0,0,0
2026-10-04T14:09:22Z,productcatalogservice,redis-cart,0,0,0,0,0,0,0
2026-10-04T14:09:22Z,productcatalogservice,shippingservice,0,0,0,0,0,0,0
2026-10-04T14:09:22Z,recommendationservice,adservice,0,0,0,0,0,0,0
2026-10-04T14:09:22Z,recommendationservice,cartservice,0,0,0,0,0,0,0
2026-10-04T14:09:22Z,recommendationservice,checkoutservice,0,0,0,0,0,0,0
2026-10-04T14:09:22Z,recommendationservice,currencyservice,0,0,0,0,0,0,0
2026-10-04T14:09:22Z,recommendationservice,emailservice,0,0,0,0,0,0,0
2026-10-04T14:09:22Z,recommendationservice,frontend,0,0,0,0,0,0,0
2026-10-04T14:09:22Z,recommendationservice,kubernetes,0,0,0,0,0,0,0
2026-10-04T14:09:22Z,recommendationservice,paymentservice,0,0,0,0,0,0,0
2026-10-04T14:09:22Z,recommendationservice,productcatalogservice,146280,146280,0,0,0,1026799,145398
2026-10-04T14:09:22Z,recommendationservice,recommendationservice,0,0,0,0,0,0,0
2026-10-04T14:09:22Z,recommendationservice,redis-cart,0,0,0,0,0,0,0
2026-10-04T14:09:22Z,recommendationservice,shippingservice,0,0,0,0,0,0,0
2026-10-04T14:09:22Z,redis-cart,adservice,0,0,0,0,0,0,0
2026-10-04T14:09:22Z,redis-cart,cartservice,0,0,0,0,0,0,0
2026-10-04T14:09:22Z,redis-cart,checkoutservice,0,0,0,0,0,0,0
2026-10-04T14:09:22Z,redis-cart,currencyservice,0,0,0,0,0,0,0
2026-10-04T14:09:22Z,redis-cart,emailservice,0,0,0,0,0,0,0
2026-10-04T14:09:22Z,redis-cart,frontend,0,0,0,0,0,0,0
2026-10-04T14:09:22Z,redis-cart,kubernetes,0,0,0,0,0,0,0
2026-10-04T14:09:22Z,redis-cart,paymentservice,0,0,0,0,0,0,0
2026-10-04T14:09:22Z,redis-cart,productcatalogservice,0,0,0,0,0,0,0
2026-10-04T14:09:22Z,redis-cart,recommendationservice,0,0,0,0,0,0,0
2026-10-04T14:09:22Z,redis-cart,redis-cart,0,0,0,0,0,0,0
2026-10-04T14:09:22Z,redis-cart,shippingservice,0,0,0,0,0,0,0
2026-10-04T14:09:22Z,shippingservice,adservice,0,0,0,0,0,0,0
2026-10-04T14:09:22Z,shippingservice,cartservice,0,0,0,0,0,0,0
2026-10-04T14:09:22Z,shippingservice,checkoutservice,0,0,0,0,0,0,0
2026-10-04T14:09:22Z,shippingservice,currencyservice,0,0,0,0,0,0,0
2026-10-04T14:09:22Z,shippingservice,emailservice,0,0,0,0,0,0,0
2026-10-04T14:09:22Z,shippingservice,frontend,0,0,0,0,0,0,0
2026-10-04T14:09:22Z,shippingservice,kubernetes,0,0,0,0,0,0,0
2026-10-04T14:09:22Z,shippingservice,paymentservice,0,0,0,0,0,0,0
2026-10-04T14:09:22Z,shippingservice,productcatalogservice,0,0,0,0,0,0,0
2026-10-04T14:09:22Z,shippingservice,recommendationservice,0,0,0,0,0,0,0
2026-10-04T14:09:22Z,shippingservice,redis-cart,0,0,0,0,0,0,0
2026-10-04T14:09:22Z,shippingservice,shippingservice,0,0,0,0,0,0,0
2026-10-04T14:09:23Z,adservice,adservice,0,0,0,0,0,0,0
2026-10-04T14:09:23Z,adservice,cartservice,0,0,0,0,0,0,0
2026-10-04T14:09:23Z,adservice,checkoutservice,0,0,0,0,0,0,0
2026-10-04T14:09:23Z,adservice,currencyservice,0,0,0,0,0,0,0
2026-10-04T14:09:23Z,adservice,emailservice,0,0,0,0,0,0,0
2026-10-04T14:09:23Z,adservice,frontend,0,0,0,0,0,0,0
2026-10-04T14:09:23Z,adservice,kubernetes,0,0,0,0,0,0,0
2026-10-04T14:09:23Z,adservice,paymentservice,0,0,0,0,0,0,0
2026-10-04T14:09:23Z,adservice,productcatalogservice,0,0,0,0,0,0,0
2026-10-04T14:09:23Z,adservice,recommendationservice,0,0,0,0,0,0,0
2026-10-04T14:09:23Z,adservice,redis-cart,0,0,0,0,0,0,0
2026-10-04T14:09:23Z,adservice,shippingservice,0,0,0,0,0,0,0
2026-10-04T14:09:23Z,cartservice,adservice,0,0,0,0,0,0,0
2026-10-04T14:09:23Z,cartservice,cartservice,0,0,0,0,0,0,0
2026-10-04T14:09:23Z,cartservice,checkoutservice,0,0,0,0,0,0,0
2026-10-04T14:09:23Z,cartservice,currencyservice,0,0,0,0,0,0,0
2026-10-04T14:09:23Z,cartservice,emailservice,0,0,0,0,0,0,0
2026-10-04T14:09:23Z,cartservice,frontend,0,0,0,0,0,0,0
2026-10-04T14:09:23Z,cartservice,kubernetes,0,0,0,0,0,0,0
2026-10-04T14:09:23Z,cartservice,paymentservice,0,0,0,0,0,0,0
2026-10-04T14:09:23Z,cartservice,productcatalogservice,0,0,0,0,0,0,0
2026-10-04T14:09:23Z,cartservice,recommendationservice,0,0,0,0,0,0,0
2026-10-04T14:09:23Z,cartservice,redis-cart,2,0,0,0,0,0,0
2026-10-04T14:09:23Z,cartservice,shippingservice,0,0,0,0,0,0,0
2026-10-04T14:09:23Z,checkoutservice,adservice,0,0,0,0,0,0,0
2026-10-04T14:09:23Z,checkoutservice,cartservice,55791,54859,0,100,0,677204,54748
2026-10-04T14:09:23Z,checkoutservice,checkoutservice,0,0,0,0,0,0,0
2026-10-04T14:09:23Z,checkoutservice,currencyservice,39293,39293,0,0,0,556587,39238
2026-10-04T14:09:23Z,checkoutservice,emailservice,10530,10244,0,66,0,363126,10189
2026-10-04T14:09:23Z,checkoutservice,frontend,0,0,0,0,0,0,0
2026-10-04T14:09:23Z,checkoutservice,kubernetes,0,0,0,0,0,0,0
2026-10-04T14:09:23Z,checkoutservice,paymentservice,32559,30711,0,192,0,426152,30507
2026-10-04T14:09:23Z,checkoutservice,productcatalogservice,0,0,0,0,0,0,0
2026-10-04T14:09:23Z,checkoutservice,recommendationservice,0,0,0,0,0,0,0
2026-10-04T14:09:23Z,checkoutservice,redis-cart,0,0,0,0,0,0,0
2026-10-04T14:09:23Z,checkoutservice,shippingservice,61102,58999,0,154,0,501609,58886
2026-10-04T14:09:23Z,currencyservice,adservice,0,0,0,0,0,0,0
2026-10-04T14:09:23Z,currencyservice,cartservice,0,0,0,0,0,0,0
2026-10-04T14:09:23Z,currencyservice,checkoutservice,0,0,0,0,0,0,0
2026-10-04T14:09:23Z,currencyservice,currencyservice,0,0,0,0,0,0,0
2026-10-04T14:09:23Z,currencyservice,emailservice,0,0,0,0,0,0,0
2026-10-04T14:09:23Z,currencyservice,frontend,0,0,0,0,0,0,0
2026-10-04T14:09:23Z,currencyservice,kubernetes,0,0,0,0,0,0,0
2026-10-04T14:09:23Z,currencyservice,paymentservice,0,0,0,0,0,0,0
2026-10-04T14:09:23Z,currencyservice,productcatalogservice,0,0,0,0,0,0,0
2026-10-04T14:09:23Z,currencyservice,recommendationservice,0,0,0,0,0,0,0
2026-10-04T14:09:23Z,currencyservice,redis-cart,0,0,0,0,0,0,0
2026-10-04T14:09:23Z,currencyservice,shippingservice,0,0,0,0,0,0,0
2026-10-04T14:09:23Z,emailservice,adservice,0,0,0,0,0,0,0
2026-10-04T14:09:23Z,emailservice,cartservice,0,0,0,0,0,0,0
2026-10-04T14:09:23Z,emailservice,checkoutservice,0,0,0,0,0,0,0
2026-10-04T14:09:23Z,emailservice,currencyservice,0,0,0,0,0,0,0
2026-10-04T14:09:23Z,emailservice,emailservice,0,0,0,0,0,0,0
2026-10-04T14:09:23Z,emailservice,frontend,0,0,0,0,0,0,0
2026-10-04T14:09:23Z,emailservice,kubernetes,0,0,0,0,0,0,0
2026-10-04T14:09:23Z,emailservice,paymentservice,0,0,0,0,0,0,0
2026-10-04T14:09:23Z,emailservice,productcatalogservice,0,0,0,0,0,0,0
2026-10-04T14:09:23Z,emailservice,recommendationservice,0,0,0,0,0,0,0
2026-10-04T14:09:23Z,emailservice,redis-cart,0,0,0,0,0,0,0
2026-10-04T14:09:23Z,emailservice,shippingservice,0,0,0,0,0,0,0
2026-10-04T14:09:23Z,frontend,adservice,844267,844265,0,0,0,2544415,843909
2026-10-04T14:09:23Z,frontend,cartservice,1877517,1877504,0,0,4,10405849,1876216
2026-10-04T14:09:23Z,frontend,checkoutservice,398289,188321,0,40061,169944,62518799,188179
2026-10-04T14:09:23Z,frontend,currencyservice,2984319,2984304,0,0,0,15750329,2982359
2026-10-04T14:09:23Z,frontend,emailservice,0,0,0,0,0,0,0
2026-10-04T14:09:23Z,frontend,frontend,0,0,0,0,0,0,0
2026-10-04T14:09:23Z,frontend,kubernetes,0,0,0,0,0,0,0
2026-10-04T14:09:23Z,frontend,paymentservice,0,0,0,0,0,0,0
2026-10-04T14:09:23Z,frontend,productcatalogservice,8374480,8374397,0,0,0,57219592,8370264
2026-10-04T14:09:23Z,frontend,recommendationservice,2722539,1658343,0,111595,950065,822994156,1657246
2026-10-04T14:09:23Z,frontend,redis-cart,0,0,0,0,0,0,0
2026-10-04T14:09:23Z,frontend,shippingservice,309561,309559,0,0,0,938500,309429
2026-10-04T14:09:23Z,paymentservice,adservice,0,0,0,0,0,0,0
2026-10-04T14:09:23Z,paymentservice,cartservice,0,0,0,0,0,0,0
2026-10-04T14:09:23Z,paymentservice,checkoutservice,0,0,0,0,0,0,0
2026-10-04T14:09:23Z,paymentservice,currencyservice,0,0,0,0,0,0,0
2026-10-04T14:09:23Z,paymentservice,emailservice,0,0,0,0,0,0,0
2026-10-04T14:09:23Z,paymentservice,frontend,0,0,0,0,0,0,0
2026-10-04T14:09:23Z,paymentservice,kubernetes,0,0,0,0,0,0,0
2026-10-04T14:09:23Z,paymentservice,paymentservice,0,0,0,0,0,0,0
2026-10-04T14:09:23Z,paymentservice,productcatalogservice,0,0,0,0,0,0,0
2026-10-04T14:09:23Z,paymentservice,recommendationservice,0,0,0,0,0,0,0
2026-10-04T14:09:23Z,paymentservice,redis-cart,0,0,0,0,0,0,0
2026-10-04T14:09:23Z,paymentservice,shippingservice,0,0,0,0,0,0,0
2026-10-04T14:09:23Z,productcatalogservice,adservice,0,0,0,0,0,0,0
2026-10-04T14:09:23Z,productcatalogservice,cartservice,0,0,0,0,0,0,0
2026-10-04T14:09:23Z,productcatalogservice,checkoutservice,0,0,0,0,0,0,0
2026-10-04T14:09:23Z,productcatalogservice,currencyservice,0,0,0,0,0,0,0
2026-10-04T14:09:23Z,productcatalogservice,emailservice,0,0,0,0,0,0,0
2026-10-04T14:09:23Z,productcatalogservice,frontend,0,0,0,0,0,0,0
2026-10-04T14:09:23Z,productcatalogservice,kubernetes,0,0,0,0,0,0,0
2026-10-04T14:09:23Z,productcatalogservice,paymentservice,0,0,0,0,0,0,0
2026-10-04T14:09:23Z,productcatalogservice,productcatalogservice,0,0,0,0,0,0,0
2026-10-04T14:09:23Z,productcatalogservice,recommendationservice,0,0,0,0,0,0,0
2026-10-04T14:09:23Z,productcatalogservice,redis-cart,0,0,0,0,0,0,0
2026-10-04T14:09:23Z,productcatalogservice,shippingservice,0,0,0,0,0,0,0
2026-10-04T14:09:23Z,recommendationservice,adservice,0,0,0,0,0,0,0
2026-10-04T14:09:23Z,recommendationservice,cartservice,0,0,0,0,0,0,0
2026-10-04T14:09:23Z,recommendationservice,checkoutservice,0,0,0,0,0,0,0
2026-10-04T14:09:23Z,recommendationservice,currencyservice,0,0,0,0,0,0,0
2026-10-04T14:09:23Z,recommendationservice,emailservice,0,0,0,0,0,0,0
2026-10-04T14:09:23Z,recommendationservice,frontend,0,0,0,0,0,0,0
2026-10-04T14:09:23Z,recommendationservice,kubernetes,0,0,0,0,0,0,0
2026-10-04T14:09:23Z,recommendationservice,paymentservice,0,0,0,0,0,0,0
2026-10-04T14:09:23Z,recommendationservice,productcatalogservice,146676,146675,0,0,0,1026799,145398
2026-10-04T14:09:23Z,recommendationservice,recommendationservice,0,0,0,0,0,0,0
2026-10-04T14:09:23Z,recommendationservice,redis-cart,0,0,0,0,0,0,0
2026-10-04T14:09:23Z,recommendationservice,shippingservice,0,0,0,0,0,0,0
2026-10-04T14:09:23Z,redis-cart,adservice,0,0,0,0,0,0,0
2026-10-04T14:09:23Z,redis-cart,cartservice,0,0,0,0,0,0,0
2026-10-04T14:09:23Z,redis-cart,checkoutservice,0,0,0,0,0,0,0
2026-10-04T14:09:23Z,redis-cart,currencyservice,0,0,0,0,0,0,0
2026-10-04T14:09:23Z,redis-cart,emailservice,0,0,0,0,0,0,0
2026-10-04T14:09:23Z,redis-cart,frontend,0,0,0,0,0,0,0
2026-10-04T14:09:23Z,redis-cart,kubernetes,0,0,0,0,0,0,0
2026-10-04T14:09:23Z,redis-cart,paymentservice,0,0,0,0,0,0,0
2026-10-04T14:09:23Z,redis-cart,productcatalogservice,0,0,0,0,0,0,0
2026-10-04T14:09:23Z,redis-cart,recommendationservice,0,0,0,0,0,0,0
2026-10-04T14:09:23Z,redis-cart,redis-cart,0,0,0,0,0,0,0
2026-10-04T14:09:23Z,redis-cart,shippingservice,0,0,0,0,0,0,0
2026-10-04T14:09:23Z,shippingservice,adservice,0,0,0,0,0,0,0
2026-10-04T14:09:23Z,shippingservice,cartservice,0,0,0,0,0,0,0
2026-10-04T14:09:23Z,shippingservice,checkoutservice,0,0,0,0,0,0,0
2026-10-04T14:09:23Z,shippingservice,currencyservice,0,0,0,0,0,0,0
2026-10-04T14:09:23Z,shippingservice,emailservice,0,0,0,0,0,0,0
2026-10-04T14:09:23Z,shippingservice,frontend,0,0,0,0,0,0,0
2026-10-04T14:09:23Z,shippingservice,kubernetes,0,0,0,0,0,0,0
2026-10-04T14:09:23Z,shippingservice,paymentservice,0,0,0,0,0,0,0
2026-10-04T14:09:23Z,shippingservice,productcatalogservice,0,0,0,0,0,0,0
2026-10-04T14:09:23Z,shippingservice,recommendationservice,0,0,0,0,0,0,0
2026-10-04T14:09:23Z,shippingservice,redis-cart,0,0,0,0,0,0,0
2026-10-04T14:09:23Z,shippingservice,shippingservice,0,0,0,0,0,0,0
2026-10-04T14:09:24Z,adservice,adservice,0,0,0,0,0,0,0
2026-10-04T14:09:24Z,adservice,cartservice,0,0,0,0,0,0,0
2026-10-04T14:09:24Z,adservice,checkoutservice,0,0,0,0,0,0,0
2026-10-04T14:09:24Z,adservice,currencyservice,0,0,0,0,0,0,0
2026-10-04T14:09:24Z,adservice,emailservice,0,0,0,0,0,0,0
2026-10-04T14:09:24Z,adservice,frontend,0,0,0,0,0,0,0
2026-10-04T14:09:24Z,adservice,kubernetes,0,0,0,0,0,0,0
2026-10-04T14:09:24Z,adservice,paymentservice,0,0,0,0,0,0,0
2026-10-04T14:09:24Z,adservice,productcatalogservice,0,0,0,0,0,0,0
2026-10-04T14:09:24Z,adservice,recommendationservice,0,0,0,0,0,0,0
2026-10-04T14:09:24Z,adservice,redis-cart,0,0,0,0,0,0,0
2026-10-04T14:09:24Z,adservice,shippingservice,0,0,0,0,0,0,0
2026-10-04T14:09:24Z,cartservice,adservice,0,0,0,0,0,0,0
2026-10-04T14:09:24Z,cartservice,cartservice,0,0,0,0,0,0,0
2026-10-04T14:09:24Z,cartservice,checkoutservice,0,0,0,0,0,0,0
2026-10-04T14:09:24Z,cartservice,currencyservice,0,0,0,0,0,0,0
2026-10-04T14:09:24Z,cartservice,emailservice,0,0,0,0,0,0,0
2026-10-04T14:09:24Z,cartservice,frontend,0,0,0,0,0,0,0
2026-10-04T14:09:24Z,cartservice,kubernetes,0,0,0,0,0,0,0
2026-10-04T14:09:24Z,cartservice,paymentservice,0,0,0,0,0,0,0
2026-10-04T14:09:24Z,cartservice,productcatalogservice,0,0,0,0,0,0,0
2026-10-04T14:09:24Z,cartservice,recommendationservice,0,0,0,0,0,0,0
2026-10-04T14:09:24Z,cartservice,redis-cart,2,0,0,0,0,0,0
2026-10-04T14:09:24Z,cartservice,shippingservice,0,0,0,0,0,0,0
2026-10-04T14:09:24Z,checkoutservice,adservice,0,0,0,0,0,0,0
2026-10-04T14:09:24Z,checkoutservice,cartservice,55909,54978,0,100,0,677204,54748
2026-10-04T14:09:24Z,checkoutservice,checkoutservice,0,0,0,0,0,0,0
2026-10-04T14:09:24Z,checkoutservice,currencyservice,39352,39352,0,0,0,556587,39238
2026-10-04T14:09:24Z,checkoutservice,emailservice,10590,10304,0,66,0,363126,10189
2026-10-04T14:09:24Z,checkoutservice,frontend,0,0,0,0,0,0,0
2026-10-04T14:09:24Z,checkoutservice,kubernetes,0,0,0,0,0,0,0
2026-10-04T14:09:24Z,checkoutservice,paymentservice,32618,30770,0,192,0,426152,30507
2026-10-04T14:09:24Z,checkoutservice,productcatalogservice,0,0,0,0,0,0,0
2026-10-04T14:09:24Z,checkoutservice,recommendationservice,0,0,0,0,0,0,0
2026-10-04T14:09:24Z,checkoutservice,redis-cart,0,0,0,0,0,0,0
2026-10-04T14:09:24Z,checkoutservice,shippingservice,61220,59117,0,154,0,501609,58886
2026-10-04T14:09:24Z,currencyservice,adservice,0,0,0,0,0,0,0
2026-10-04T14:09:24Z,currencyservice,cartservice,0,0,0,0,0,0,0
2026-10-04T14:09:24Z,currencyservice,checkoutservice,0,0,0,0,0,0,0
2026-10-04T14:09:24Z,currencyservice,currencyservice,0,0,0,0,0,0,0
2026-10-04T14:09:24Z,currencyservice,emailservice,0,0,0,0,0,0,0
2026-10-04T14:09:24Z,currencyservice,frontend,0,0,0,0,0,0,0
2026-10-04T14:09:24Z,currencyservice,kubernetes,0,0,0,0,0,0,0
2026-10-04T14:09:24Z,currencyservice,paymentservice,0,0,0,0,0,0,0
2026-10-04T14:09:24Z,currencyservice,productcatalogservice,0,0,0,0,0,0,0
2026-10-04T14:09:24Z,currencyservice,recommendationservice,0,0,0,0,0,0,0
2026-10-04T14:09:24Z,currencyservice,redis-cart,0,0,0,0,0,0,0
2026-10-04T14:09:24Z,currencyservice,shippingservice,0,0,0,0,0,0,0
2026-10-04T14:09:24Z,emailservice,adservice,0,0,0,0,0,0,0
2026-10-04T14:09:24Z,emailservice,cartservice,0,0,0,0,0,0,0
2026-10-04T14:09:24Z,emailservice,checkoutservice,0,0,0,0,0,0,0
2026-10-04T14:09:24Z,emailservice,currencyservice,0,0,0,0,0,0,0
2026-10-04T14:09:24Z,emailservice,emailservice,0,0,0,0,0,0,0
2026-10-04T14:09:24Z,emailservice,frontend,0,0,0,0,0,0,0
2026-10-04T14:09:24Z,emailservice,kubernetes,0,0,0,0,0,0,0
2026-10-04T14:09:24Z,emailservice,paymentservice,0,0,0,0,0,0,0
2026-10-04T14:09:24Z,emailservice,productcatalogservice,0,0,0,0,0,0,0
2026-10-04T14:09:24Z,emailservice,recommendationservice,0,0,0,0,0,0,0
2026-10-04T14:09:24Z,emailservice,redis-cart,0,0,0,0,0,0,0
2026-10-04T14:09:24Z,emailservice,shippingservice,0,0,0,0,0,0,0
2026-10-04T14:09:24Z,frontend,adservice,844356,844354,0,0,0,2545294,844214
2026-10-04T14:09:24Z,frontend,cartservice,1877871,1877855,0,0,4,10410149,1877199
2026-10-04T14:09:24Z,frontend,checkoutservice,398339,188373,0,40061,169944,62530555,188291
2026-10-04T14:09:24Z,frontend,currencyservice,2984878,2984868,0,0,0,15755260,2983853
2026-10-04T14:09:24Z,frontend,emailservice,0,0,0,0,0,0,0
2026-10-04T14:09:24Z,frontend,frontend,0,0,0,0,0,0,0
2026-10-04T14:09:24Z,frontend,kubernetes,0,0,0,0,0,0,0
2026-10-04T14:09:24Z,frontend,paymentservice,0,0,0,0,0,0,0
2026-10-04T14:09:24Z,frontend,productcatalogservice,8375606,8375544,0,0,0,57236486,8373634
2026-10-04T14:09:24Z,frontend,recommendationservice,2723319,1658611,0,111652,950486,823716556,1658071
2026-10-04T14:09:24Z,frontend,redis-cart,0,0,0,0,0,0,0
2026-10-04T14:09:24Z,frontend,shippingservice,309603,309600,0,0,0,938736,309529
2026-10-04T14:09:24Z,paymentservice,adservice,0,0,0,0,0,0,0
2026-10-04T14:09:24Z,paymentservice,cartservice,0,0,0,0,0,0,0
2026-10-04T14:09:24Z,paymentservice,checkoutservice,0,0,0,0,0,0,0
2026-10-04T14:09:24Z,paymentservice,currencyservice,0,0,0,0,0,0,0
2026-10-04T14:09:24Z,paymentservice,emailservice,0,0,0,0,0,0,0
2026-10-04T14:09:24Z,paymentservice,frontend,0,0,0,0,0,0,0
2026-10-04T14:09:24Z,paymentservice,kubernetes,0,0,0,0,0,0,0
2026-10-04T14:09:24Z,paymentservice,paymentservice,0,0,0,0,0,0,0
2026-10-04T14:09:24Z,paymentservice,productcatalogservice,0,0,0,0,0,0,0
2026-10-04T14:09:24Z,paymentservice,recommendationservice,0,0,0,0,0,0,0
2026-10-04T14:09:24Z,paymentservice,redis-cart,0,0,0,0,0,0,0
2026-10-04T14:09:24Z,paymentservice,shippingservice,0,0,0,0,0,0,0
2026-10-04T14:09:24Z,productcatalogservice,adservice,0,0,0,0,0,0,0
2026-10-04T14:09:24Z,productcatalogservice,cartservice,0,0,0,0,0,0,0
2026-10-04T14:09:24Z,productcatalogservice,checkoutservice,0,0,0,0,0,0,0
2026-10-04T14:09:24Z,productcatalogservice,currencyservice,0,0,0,0,0,0,0
2026-10-04T14:09:24Z,productcatalogservice,emailservice,0,0,0,0,0,0,0
2026-10-04T14:09:24Z,productcatalogservice,frontend,0,0,0,0,0,0,0
2026-10-04T14:09:24Z,productcatalogservice,kubernetes,0,0,0,0,0,0,0
2026-10-04T14:09:24Z,productcatalogservice,paymentservice,0,0,0,0,0,0,0
2026-10-04T14:09:24Z,productcatalogservice,productcatalogservice,0,0,0,0,0,0,0
2026-10-04T14:09:24Z,productcatalogservice,recommendationservice,0,0,0,0,0,0,0
2026-10-04T14:09:24Z,productcatalogservice,redis-cart,0,0,0,0,0,0,0
2026-10-04T14:09:24Z,productcatalogservice,shippingservice,0,0,0,0,0,0,0
2026-10-04T14:09:24Z,recommendationservice,adservice,0,0,0,0,0,0,0
2026-10-04T14:09:24Z,recommendationservice,cartservice,0,0,0,0,0,0,0
2026-10-04T14:09:24Z,recommendationservice,checkoutservice,0,0,0,0,0,0,0
2026-10-04T14:09:24Z,recommendationservice,currencyservice,0,0,0,0,0,0,0
2026-10-04T14:09:24Z,recommendationservice,emailservice,0,0,0,0,0,0,0
2026-10-04T14:09:24Z,recommendationservice,frontend,0,0,0,0,0,0,0
2026-10-04T14:09:24Z,recommendationservice,kubernetes,0,0,0,0,0,0,0
2026-10-04T14:09:24Z,recommendationservice,paymentservice,0,0,0,0,0,0,0
2026-10-04T14:09:24Z,recommendationservice,productcatalogservice,147063,147063,0,0,0,1026799,145398
2026-10-04T14:09:24Z,recommendationservice,recommendationservice,0,0,0,0,0,0,0
2026-10-04T14:09:24Z,recommendationservice,redis-cart,0,0,0,0,0,0,0
2026-10-04T14:09:24Z,recommendationservice,shippingservice,0,0,0,0,0,0,0
2026-10-04T14:09:24Z,redis-cart,adservice,0,0,0,0,0,0,0
2026-10-04T14:09:24Z,redis-cart,cartservice,0,0,0,0,0,0,0
2026-10-04T14:09:24Z,redis-cart,checkoutservice,0,0,0,0,0,0,0
2026-10-04T14:09:24Z,redis-cart,currencyservice,0,0,0,0,0,0,0
2026-10-04T14:09:24Z,redis-cart,emailservice,0,0,0,0,0,0,0
2026-10-04T14:09:24Z,redis-cart,frontend,0,0,0,0,0,0,0
2026-10-04T14:09:24Z,redis-cart,kubernetes,0,0,0,0,0,0,0
2026-10-04T14:09:24Z,redis-cart,paymentservice,0,0,0,0,0,0,0
2026-10-04T14:09:24Z,redis-cart,productcatalogservice,0,0,0,0,0,0,0
2026-10-04T14:09:24Z,redis-cart,recommendationservice,0,0,0,0,0,0,0
2026-10-04T14:09:24Z,redis-cart,redis-cart,0,0,0,0,0,0,0
2026-10-04T14:09:24Z,redis-cart,shippingservice,0,0,0,0,0,0,0
2026-10-04T14:09:24Z,shippingservice,adservice,0,0,0,0,0,0,0
2026-10-04T14:09:24Z,shippingservice,cartservice,0,0,0,0,0,0,0
2026-10-04T14:09:24Z,shippingservice,checkoutservice,0,0,0,0,0,0,0
2026-10-04T14:09:24Z,shippingservice,currencyservice,0,0,0,0,0,0,0
2026-10-04T14:09:24Z,shippingservice,emailservice,0,0,0,0,0,0,0
2026-10-04T14:09:24Z,shippingservice,frontend,0,0,0,0,0,0,0
2026-10-04T14:09:24Z,shippingservice,kubernetes,0,0,0,0,0,0,0
2026-10-04T14:09:24Z,shippingservice,paymentservice,0,0,0,0,0,0,0
2026-10-04T14:09:24Z,shippingservice,productcatalogservice,0,0,0,0,0,0,0
2026-10-04T14:09:24Z,shippingservice,recommendationservice,0,0,0,0,0,0,0
2026-10-04T14:09:24Z,shippingservice,redis-cart,0,0,0,0,0,0,0
2026-10-04T14:09:24Z,shippingservice,shippingservice,0,0,0,0,0,0,0
2026-10-04T14:09:25Z,adservice,adservice,0,0,0,0,0,0,0
2026-10-04T14:09:25Z,adservice,cartservice,0,0,0,0,0,0,0
2026-10-04T14:09:25Z,adservice,checkoutservice,0,0,0,0,0,0,0
2026-10-04T14:09:25Z,adservice,currencyservice,0,0,0,0,0,0,0
2026-10-04T14:09:25Z,adservice,emailservice,0,0,0,0,0,0,0
2026-10-04T14:09:25Z,adservice,frontend,0,0,0,0,0,0,0
2026-10-04T14:09:25Z,adservice,kubernetes,0,0,0,0,0,0,0
2026-10-04T14:09:25Z,adservice,paymentservice,0,0,0,0,0,0,0
2026-10-04T14:09:25Z,adservice,productcatalogservice,0,0,0,0,0,0,0
2026-10-04T14:09:25Z,adservice,recommendationservice,0,0,0,0,0,0,0
2026-10-04T14:09:25Z,adservice,redis-cart,0,0,0,0,0,0,0
2026-10-04T14:09:25Z,adservice,shippingservice,0,0,0,0,0,0,0
2026-10-04T14:09:25Z,cartservice,adservice,0,0,0,0,0,0,0
2026-10-04T14:09:25Z,cartservice,cartservice,0,0,0,0,0,0,0
2026-10-04T14:09:25Z,cartservice,checkoutservice,0,0,0,0,0,0,0
2026-10-04T14:09:25Z,cartservice,currencyservice,0,0,0,0,0,0,0
2026-10-04T14:09:25Z,cartservice,emailservice,0,0,0,0,0,0,0
2026-10-04T14:09:25Z,cartservice,frontend,0,0,0,0,0,0,0
2026-10-04T14:09:25Z,cartservice,kubernetes,0,0,0,0,0,0,0
2026-10-04T14:09:25Z,cartservice,paymentservice,0,0,0,0,0,0,0
2026-10-04T14:09:25Z,cartservice,productcatalogservice,0,0,0,0,0,0,0
2026-10-04T14:09:25Z,cartservice,recommendationservice,0,0,0,0,0,0,0
2026-10-04T14:09:25Z,cartservice,redis-cart,2,0,0,0,0,0,0
2026-10-04T14:09:25Z,cartservice,shippingservice,0,0,0,0,0,0,0
2026-10-04T14:09:25Z,checkoutservice,adservice,0,0,0,0,0,0,0
2026-10-04T14:09:25Z,checkoutservice,cartservice,55991,55060,0,100,0,677204,54748
2026-10-04T14:09:25Z,checkoutservice,checkoutservice,0,0,0,0,0,0,0
2026-10-04T14:09:25Z,checkoutservice,currencyservice,39393,39393,0,0,0,556587,39238
2026-10-04T14:09:25Z,checkoutservice,emailservice,10631,10345,0,66,0,363126,10189
2026-10-04T14:09:25Z,checkoutservice,frontend,0,0,0,0,0,0,0
2026-10-04T14:09:25Z,checkoutservice,kubernetes,0,0,0,0,0,0,0
2026-10-04T14:09:25Z,checkoutservice,paymentservice,32659,30811,0,192,0,426152,30507
2026-10-04T14:09:25Z,checkoutservice,productcatalogservice,0,0,0,0,0,0,0
2026-10-04T14:09:25Z,checkoutservice,recommendationservice,0,0,0,0,0,0,0
2026-10-04T14:09:25Z,checkoutservice,redis-cart,0,0,0,0,0,0,0
2026-10-04T14:09:25Z,checkoutservice,shippingservice,61302,59199,0,154,0,501609,58886
2026-10-04T14:09:25Z,currencyservice,adservice,0,0,0,0,0,0,0
2026-10-04T14:09:25Z,currencyservice,cartservice,0,0,0,0,0,0,0
2026-10-04T14:09:25Z,currencyservice,checkoutservice,0,0,0,0,0,0,0
2026-10-04T14:09:25Z,currencyservice,currencyservice,0,0,0,0,0,0,0
2026-10-04T14:09:25Z,currencyservice,emailservice,0,0,0,0,0,0,0
2026-10-04T14:09:25Z,currencyservice,frontend,0,0,0,0,0,0,0
2026-10-04T14:09:25Z,currencyservice,kubernetes,0,0,0,0,0,0,0
2026-10-04T14:09:25Z,currencyservice,paymentservice,0,0,0,0,0,0,0
2026-10-04T14:09:25Z,currencyservice,productcatalogservice,0,0,0,0,0,0,0
2026-10-04T14:09:25Z,currencyservice,recommendationservice,0,0,0,0,0,0,0
2026-10-04T14:09:25Z,currencyservice,redis-cart,0,0,0,0,0,0,0
2026-10-04T14:09:25Z,currencyservice,shippingservice,0,0,0,0,0,0,0
2026-10-04T14:09:25Z,emailservice,adservice,0,0,0,0,0,0,0
2026-10-04T14:09:25Z,emailservice,cartservice,0,0,0,0,0,0,0
2026-10-04T14:09:25Z,emailservice,checkoutservice,0,0,0,0,0,0,0
2026-10-04T14:09:25Z,emailservice,currencyservice,0,0,0,0,0,0,0
2026-10-04T14:09:25Z,emailservice,emailservice,0,0,0,0,0,0,0
2026-10-04T14:09:25Z,emailservice,frontend,0,0,0,0,0,0,0
2026-10-04T14:09:25Z,emailservice,kubernetes,0,0,0,0,0,0,0
2026-10-04T14:09:25Z,emailservice,paymentservice,0,0,0,0,0,0,0
2026-10-04T14:09:25Z,emailservice,productcatalogservice,0,0,0,0,0,0,0
2026-10-04T14:09:25Z,emailservice,recommendationservice,0,0,0,0,0,0,0
2026-10-04T14:09:25Z,emailservice,redis-cart,0,0,0,0,0,0,0
2026-10-04T14:09:25Z,emailservice,shippingservice,0,0,0,0,0,0,0
2026-10-04T14:09:25Z,frontend,adservice,844465,844463,0,0,0,2545464,844292
2026-10-04T14:09:25Z,frontend,cartservice,1878255,1878242,0,0,4,10411762,1877584
2026-10-04T14:09:25Z,frontend,checkoutservice,398379,188414,0,40061,169944,62534967,188337
2026-10-04T14:09:25Z,frontend,currencyservice,2985441,2985433,0,0,0,15757179,2984446
2026-10-04T14:09:25Z,frontend,emailservice,0,0,0,0,0,0,0
2026-10-04T14:09:25Z,frontend,frontend,0,0,0,0,0,0,0
2026-10-04T14:09:25Z,frontend,kubernetes,0,0,0,0,0,0,0
2026-10-04T14:09:25Z,frontend,paymentservice,0,0,0,0,0,0,0
2026-10-04T14:09:25Z,frontend,productcatalogservice,8376889,8376806,0,0,0,57242573,8374765
2026-10-04T14:09:25Z,frontend,recommendationservice,2724077,1658939,0,111721,950873,824023926,1658397
2026-10-04T14:09:25Z,frontend,redis-cart,0,0,0,0,0,0,0
2026-10-04T14:09:25Z,frontend,shippingservice,309639,309637,0,0,0,938834,309573
2026-10-04T14:09:25Z,paymentservice,adservice,0,0,0,0,0,0,0
2026-10-04T14:09:25Z,paymentservice,cartservice,0,0,0,0,0,0,0
2026-10-04T14:09:25Z,paymentservice,checkoutservice,0,0,0,0,0,0,0
2026-10-04T14:09:25Z,paymentservice,currencyservice,0,0,0,0,0,0,0
2026-10-04T14:09:25Z,paymentservice,emailservice,0,0,0,0,0,0,0
2026-10-04T14:09:25Z,paymentservice,frontend,0,0,0,0,0,0,0
2026-10-04T14:09:25Z,paymentservice,kubernetes,0,0,0,0,0,0,0
2026-10-04T14:09:25Z,paymentservice,paymentservice,0,0,0,0,0,0,0
2026-10-04T14:09:25Z,paymentservice,productcatalogservice,0,0,0,0,0,0,0
2026-10-04T14:09:25Z,paymentservice,recommendationservice,0,0,0,0,0,0,0
2026-10-04T14:09:25Z,paymentservice,redis-cart,0,0,0,0,0,0,0
2026-10-04T14:09:25Z,paymentservice,shippingservice,0,0,0,0,0,0,0
2026-10-04T14:09:25Z,productcatalogservice,adservice,0,0,0,0,0,0,0
2026-10-04T14:09:25Z,productcatalogservice,cartservice,0,0,0,0,0,0,0
2026-10-04T14:09:25Z,productcatalogservice,checkoutservice,0,0,0,0,0,0,0
2026-10-04T14:09:25Z,productcatalogservice,currencyservice,0,0,0,0,0,0,0
2026-10-04T14:09:25Z,productcatalogservice,emailservice,0,0,0,0,0,0,0
2026-10-04T14:09:25Z,productcatalogservice,frontend,0,0,0,0,0,0,0
2026-10-04T14:09:25Z,productcatalogservice,kubernetes,0,0,0,0,0,0,0
2026-10-04T14:09:25Z,productcatalogservice,paymentservice,0,0,0,0,0,0,0
2026-10-04T14:09:25Z,productcatalogservice,productcatalogservice,0,0,0,0,0,0,0
2026-10-04T14:09:25Z,productcatalogservice,recommendationservice,0,0,0,0,0,0,0
2026-10-04T14:09:25Z,productcatalogservice,redis-cart,0,0,0,0,0,0,0
2026-10-04T14:09:25Z,productcatalogservice,shippingservice,0,0,0,0,0,0,0
2026-10-04T14:09:25Z,recommendationservice,adservice,0,0,0,0,0,0,0
2026-10-04T14:09:25Z,recommendationservice,cartservice,0,0,0,0,0,0,0
2026-10-04T14:09:25Z,recommendationservice,checkoutservice,0,0,0,0,0,0,0
2026-10-04T14:09:25Z,recommendationservice,currencyservice,0,0,0,0,0,0,0
2026-10-04T14:09:25Z,recommendationservice,emailservice,0,0,0,0,0,0,0
2026-10-04T14:09:25Z,recommendationservice,frontend,0,0,0,0,0,0,0
2026-10-04T14:09:25Z,recommendationservice,kubernetes,0,0,0,0,0,0,0
2026-10-04T14:09:25Z,recommendationservice,paymentservice,0,0,0,0,0,0,0
2026-10-04T14:09:25Z,recommendationservice,productcatalogservice,147444,147444,0,0,0,1036360,147394
2026-10-04T14:09:25Z,recommendationservice,recommendationservice,0,0,0,0,0,0,0
2026-10-04T14:09:25Z,recommendationservice,redis-cart,0,0,0,0,0,0,0
2026-10-04T14:09:25Z,recommendationservice,shippingservice,0,0,0,0,0,0,0
2026-10-04T14:09:25Z,redis-cart,adservice,0,0,0,0,0,0,0
2026-10-04T14:09:25Z,redis-cart,cartservice,0,0,0,0,0,0,0
2026-10-04T14:09:25Z,redis-cart,checkoutservice,0,0,0,0,0,0,0
2026-10-04T14:09:25Z,redis-cart,currencyservice,0,0,0,0,0,0,0
2026-10-04T14:09:25Z,redis-cart,emailservice,0,0,0,0,0,0,0
2026-10-04T14:09:25Z,redis-cart,frontend,0,0,0,0,0,0,0
2026-10-04T14:09:25Z,redis-cart,kubernetes,0,0,0,0,0,0,0
2026-10-04T14:09:25Z,redis-cart,paymentservice,0,0,0,0,0,0,0
2026-10-04T14:09:25Z,redis-cart,productcatalogservice,0,0,0,0,0,0,0
2026-10-04T14:09:25Z,redis-cart,recommendationservice,0,0,0,0,0,0,0
2026-10-04T14:09:25Z,redis-cart,redis-cart,0,0,0,0,0,0,0
2026-10-04T14:09:25Z,redis-cart,shippingservice,0,0,0,0,0,0,0
2026-10-04T14:09:25Z,shippingservice,adservice,0,0,0,0,0,0,0
2026-10-04T14:09:25Z,shippingservice,cartservice,0,0,0,0,0,0,0
2026-10-04T14:09:25Z,shippingservice,checkoutservice,0,0,0,0,0,0,0
2026-10-04T14:09:25Z,shippingservice,currencyservice,0,0,0,0,0,0,0
2026-10-04T14:09:25Z,shippingservice,emailservice,0,0,0,0,0,0,0
2026-10-04T14:09:25Z,shippingservice,frontend,0,0,0,0,0,0,0
2026-10-04T14:09:25Z,shippingservice,kubernetes,0,0,0,0,0,0,0
2026-10-04T14:09:25Z,shippingservice,paymentservice,0,0,0,0,0,0,0
2026-10-04T14:09:25Z,shippingservice,productcatalogservice,0,0,0,0,0,0,0
2026-10-04T14:09:25Z,shippingservice,recommendationservice,0,0,0,0,0,0,0
2026-10-04T14:09:25Z,shippingservice,redis-cart,0,0,0,0,0,0,0
2026-10-04T14:09:25Z,shippingservice,shippingservice,0,0,0,0,0,0,0
2026-10-04T14:09:26Z,adservice,adservice,0,0,0,0,0,0,0
2026-10-04T14:09:26Z,adservice,cartservice,0,0,0,0,0,0,0
2026-10-04T14:09:26Z,adservice,checkoutservice,0,0,0,0,0,0,0
2026-10-04T14:09:26Z,adservice,currencyservice,0,0,0,0,0,0,0
2026-10-04T14:09:26Z,adservice,emailservice,0,0,0,0,0,0,0
2026-10-04T14:09:26Z,adservice,frontend,0,0,0,0,0,0,0
2026-10-04T14:09:26Z,adservice,kubernetes,0,0,0,0,0,0,0
2026-10-04T14:09:26Z,adservice,paymentservice,0,0,0,0,0,0,0
2026-10-04T14:09:26Z,adservice,productcatalogservice,0,0,0,0,0,0,0
2026-10-04T14:09:26Z,adservice,recommendationservice,0,0,0,0,0,0,0
2026-10-04T14:09:26Z,adservice,redis-cart,0,0,0,0,0,0,0
2026-10-04T14:09:26Z,adservice,shippingservice,0,0,0,0,0,0,0
2026-10-04T14:09:26Z,cartservice,adservice,0,0,0,0,0,0,0
2026-10-04T14:09:26Z,cartservice,cartservice,0,0,0,0,0,0,0
2026-10-04T14:09:26Z,cartservice,checkoutservice,0,0,0,0,0,0,0
2026-10-04T14:09:26Z,cartservice,currencyservice,0,0,0,0,0,0,0
2026-10-04T14:09:26Z,cartservice,emailservice,0,0,0,0,0,0,0
2026-10-04T14:09:26Z,cartservice,frontend,0,0,0,0,0,0,0
2026-10-04T14:09:26Z,cartservice,kubernetes,0,0,0,0,0,0,0
2026-10-04T14:09:26Z,cartservice,paymentservice,0,0,0,0,0,0,0
2026-10-04T14:09:26Z,cartservice,productcatalogservice,0,0,0,0,0,0,0
2026-10-04T14:09:26Z,cartservice,recommendationservice,0,0,0,0,0,0,0
2026-10-04T14:09:26Z,cartservice,redis-cart,2,0,0,0,0,0,0
2026-10-04T14:09:26Z,cartservice,shippingservice,0,0,0,0,0,0,0
2026-10-04T14:09:26Z,checkoutservice,adservice,0,0,0,0,0,0,0
2026-10-04T14:09:26Z,checkoutservice,cartservice,56065,55134,0,100,0,677204,54748
2026-10-04T14:09:26Z,checkoutservice,checkoutservice,0,0,0,0,0,0,0
2026-10-04T14:09:26Z,checkoutservice,currencyservice,39430,39430,0,0,0,556587,39238
2026-10-04T14:09:26Z,checkoutservice,emailservice,10668,10378,0,66,0,363126,10189
2026-10-04T14:09:26Z,checkoutservice,frontend,0,0,0,0,0,0,0
2026-10-04T14:09:26Z,checkoutservice,kubernetes,0,0,0,0,0,0,0
2026-10-04T14:09:26Z,checkoutservice,paymentservice,32696,30848,0,192,0,426152,30507
2026-10-04T14:09:26Z,checkoutservice,productcatalogservice,0,0,0,0,0,0,0
2026-10-04T14:09:26Z,checkoutservice,recommendationservice,0,0,0,0,0,0,0
2026-10-04T14:09:26Z,checkoutservice,redis-cart,0,0,0,0,0,0,0
2026-10-04T14:09:26Z,checkoutservice,shippingservice,61376,59273,0,154,0,501609,58886
2026-10-04T14:09:26Z,currencyservice,adservice,0,0,0,0,0,0,0
2026-10-04T14:09:26Z,currencyservice,cartservice,0,0,0,0,0,0,0
2026-10-04T14:09:26Z,currencyservice,checkoutservice,0,0,0,0,0,0,0
2026-10-04T14:09:26Z,currencyservice,currencyservice,0,0,0,0,0,0,0
2026-10-04T14:09:26Z,currencyservice,emailservice,0,0,0,0,0,0,0
2026-10-04T14:09:26Z,currencyservice,frontend,0,0,0,0,0,0,0
2026-10-04T14:09:26Z,currencyservice,kubernetes,0,0,0,0,0,0,0
2026-10-04T14:09:26Z,currencyservice,paymentservice,0,0,0,0,0,0,0
2026-10-04T14:09:26Z,currencyservice,productcatalogservice,0,0,0,0,0,0,0
2026-10-04T14:09:26Z,currencyservice,recommendationservice,0,0,0,0,0,0,0
2026-10-04T14:09:26Z,currencyservice,redis-cart,0,0,0,0,0,0,0
2026-10-04T14:09:26Z,currencyservice,shippingservice,0,0,0,0,0,0,0
2026-10-04T14:09:26Z,emailservice,adservice,0,0,0,0,0,0,0
2026-10-04T14:09:26Z,emailservice,cartservice,0,0,0,0,0,0,0
2026-10-04T14:09:26Z,emailservice,checkoutservice,0,0,0,0,0,0,0
2026-10-04T14:09:26Z,emailservice,currencyservice,0,0,0,0,0,0,0
2026-10-04T14:09:26Z,emailservice,emailservice,0,0,0,0,0,0,0
2026-10-04T14:09:26Z,emailservice,frontend,0,0,0,0,0,0,0
2026-10-04T14:09:26Z,emailservice,kubernetes,0,0,0,0,0,0,0
2026-10-04T14:09:26Z,emailservice,paymentservice,0,0,0,0,0,0,0
2026-10-04T14:09:26Z,emailservice,productcatalogservice,0,0,0,0,0,0,0
2026-10-04T14:09:26Z,emailservice,recommendationservice,0,0,0,0,0,0,0
2026-10-04T14:09:26Z,emailservice,redis-cart,0,0,0,0,0,0,0
2026-10-04T14:09:26Z,emailservice,shippingservice,0,0,0,0,0,0,0
2026-10-04T14:09:26Z,frontend,adservice,844583,844580,0,0,0,2545464,844292
2026-10-04T14:09:26Z,frontend,cartservice,1878614,1878601,0,0,4,10411762,1877584
2026-10-04T14:09:26Z,frontend,checkoutservice,398413,188444,0,40061,169944,62534967,188337
2026-10-04T14:09:26Z,frontend,currencyservice,2985998,2985991,0,0,0,15757179,2984446
2026-10-04T14:09:26Z,frontend,emailservice,0,0,0,0,0,0,0
2026-10-04T14:09:26Z,frontend,frontend,0,0,0,0,0,0,0
2026-10-04T14:09:26Z,frontend,kubernetes,0,0,0,0,0,0,0
2026-10-04T14:09:26Z,frontend,paymentservice,0,0,0,0,0,0,0
2026-10-04T14:09:26Z,frontend,productcatalogservice,8378097,8378020,0,0,0,57242573,8374765
2026-10-04T14:09:26Z,frontend,recommendationservice,2724834,1659234,0,111769,951266,824023926,1658397
2026-10-04T14:09:26Z,frontend,redis-cart,0,0,0,0,0,0,0
2026-10-04T14:09:26Z,frontend,shippingservice,309678,309676,0,0,0,938834,309573
2026-10-04T14:09:26Z,paymentservice,adservice,0,0,0,0,0,0,0
2026-10-04T14:09:26Z,paymentservice,cartservice,0,0,0,0,0,0,0
2026-10-04T14:09:26Z,paymentservice,checkoutservice,0,0,0,0,0,0,0
2026-10-04T14:09:26Z,paymentservice,currencyservice,0,0,0,0,0,0,0
2026-10-04T14:09:26Z,paymentservice,emailservice,0,0,0,0,0,0,0
2026-10-04T14:09:26Z,paymentservice,frontend,0,0,0,0,0,0,0
2026-10-04T14:09:26Z,paymentservice,kubernetes,0,0,0,0,0,0,0
2026-10-04T14:09:26Z,paymentservice,paymentservice,0,0,0,0,0,0,0
2026-10-04T14:09:26Z,paymentservice,productcatalogservice,0,0,0,0,0,0,0
2026-10-04T14:09:26Z,paymentservice,recommendationservice,0,0,0,0,0,0,0
2026-10-04T14:09:26Z,paymentservice,redis-cart,0,0,0,0,0,0,0
2026-10-04T14:09:26Z,paymentservice,shippingservice,0,0,0,0,0,0,0
2026-10-04T14:09:26Z,productcatalogservice,adservice,0,0,0,0,0,0,0
2026-10-04T14:09:26Z,productcatalogservice,cartservice,0,0,0,0,0,0,0
2026-10-04T14:09:26Z,productcatalogservice,checkoutservice,0,0,0,0,0,0,0
2026-10-04T14:09:26Z,productcatalogservice,currencyservice,0,0,0,0,0,0,0
2026-10-04T14:09:26Z,productcatalogservice,emailservice,0,0,0,0,0,0,0
2026-10-04T14:09:26Z,productcatalogservice,frontend,0,0,0,0,0,0,0
2026-10-04T14:09:26Z,productcatalogservice,kubernetes,0,0,0,0,0,0,0
2026-10-04T14:09:26Z,productcatalogservice,paymentservice,0,0,0,0,0,0,0
2026-10-04T14:09:26Z,productcatalogservice,productcatalogservice,0,0,0,0,0,0,0
2026-10-04T14:09:26Z,productcatalogservice,recommendationservice,0,0,0,0,0,0,0
2026-10-04T14:09:26Z,productcatalogservice,redis-cart,0,0,0,0,0,0,0
2026-10-04T14:09:26Z,productcatalogservice,shippingservice,0,0,0,0,0,0,0
2026-10-04T14:09:26Z,recommendationservice,adservice,0,0,0,0,0,0,0
2026-10-04T14:09:26Z,recommendationservice,cartservice,0,0,0,0,0,0,0
2026-10-04T14:09:26Z,recommendationservice,checkoutservice,0,0,0,0,0,0,0
2026-10-04T14:09:26Z,recommendationservice,currencyservice,0,0,0,0,0,0,0
2026-10-04T14:09:26Z,recommendationservice,emailservice,0,0,0,0,0,0,0
2026-10-04T14:09:26Z,recommendationservice,frontend,0,0,0,0,0,0,0
2026-10-04T14:09:26Z,recommendationservice,kubernetes,0,0,0,0,0,0,0
2026-10-04T14:09:26Z,recommendationservice,paymentservice,0,0,0,0,0,0,0
2026-10-04T14:09:26Z,recommendationservice,productcatalogservice,147849,147847,0,0,0,1036360,147394
2026-10-04T14:09:26Z,recommendationservice,recommendationservice,0,0,0,0,0,0,0
2026-10-04T14:09:26Z,recommendationservice,redis-cart,0,0,0,0,0,0,0
2026-10-04T14:09:26Z,recommendationservice,shippingservice,0,0,0,0,0,0,0
2026-10-04T14:09:26Z,redis-cart,adservice,0,0,0,0,0,0,0
2026-10-04T14:09:26Z,redis-cart,cartservice,0,0,0,0,0,0,0
2026-10-04T14:09:26Z,redis-cart,checkoutservice,0,0,0,0,0,0,0
2026-10-04T14:09:26Z,redis-cart,currencyservice,0,0,0,0,0,0,0
2026-10-04T14:09:26Z,redis-cart,emailservice,0,0,0,0,0,0,0
2026-10-04T14:09:26Z,redis-cart,frontend,0,0,0,0,0,0,0
2026-10-04T14:09:26Z,redis-cart,kubernetes,0,0,0,0,0,0,0
2026-10-04T14:09:26Z,redis-cart,paymentservice,0,0,0,0,0,0,0
2026-10-04T14:09:26Z,redis-cart,productcatalogservice,0,0,0,0,0,0,0
2026-10-04T14:09:26Z,redis-cart,recommendationservice,0,0,0,0,0,0,0
2026-10-04T14:09:26Z,redis-cart,redis-cart,0,0,0,0,0,0,0
2026-10-04T14:09:26Z,redis-cart,shippingservice,0,0,0,0,0,0,0
2026-10-04T14:09:26Z,shippingservice,adservice,0,0,0,0,0,0,0
2026-10-04T14:09:26Z,shippingservice,cartservice,0,0,0,0,0,0,0
2026-10-04T14:09:26Z,shippingservice,checkoutservice,0,0,0,0,0,0,0
2026-10-04T14:09:26Z,shippingservice,currencyservice,0,0,0,0,0,0,0
2026-10-04T14:09:26Z,shippingservice,emailservice,0,0,0,0,0,0,0
2026-10-04T14:09:26Z,shippingservice,frontend,0,0,0,0,0,0,0
2026-10-04T14:09:26Z,shippingservice,kubernetes,0,0,0,0,0,0,0
2026-10-04T14:09:26Z,shippingservice,paymentservice,0,0,0,0,0,0,0
2026-10-04T14:09:26Z,shippingservice,productcatalogservice,0,0,0,0,0,0,0
2026-10-04T14:09:26Z,shippingservice,recommendationservice,0,0,0,0,0,0,0
2026-10-04T14:09:26Z,shippingservice,redis-cart,0,0,0,0,0,0,0
2026-10-04T14:09:26Z,shippingservice,shippingservice,0,0,0,0,0,0,0
2026-10-04T14:09:27Z,adservice,adservice,0,0,0,0,0,0,0
2026-10-04T14:09:27Z,adservice,cartservice,0,0,0,0,0,0,0
2026-10-04T14:09:27Z,adservice,checkoutservice,0,0,0,0,0,0,0
2026-10-04T14:09:27Z,adservice,currencyservice,0,0,0,0,0,0,0
2026-10-04T14:09:27Z,adservice,emailservice,0,0,0,0,0,0,0
2026-10-04T14:09:27Z,adservice,frontend,0,0,0,0,0,0,0
2026-10-04T14:09:27Z,adservice,kubernetes,0,0,0,0,0,0,0
2026-10-04T14:09:27Z,adservice,paymentservice,0,0,0,0,0,0,0
2026-10-04T14:09:27Z,adservice,productcatalogservice,0,0,0,0,0,0,0
2026-10-04T14:09:27Z,adservice,recommendationservice,0,0,0,0,0,0,0
2026-10-04T14:09:27Z,adservice,redis-cart,0,0,0,0,0,0,0
2026-10-04T14:09:27Z,adservice,shippingservice,0,0,0,0,0,0,0
2026-10-04T14:09:27Z,cartservice,adservice,0,0,0,0,0,0,0
2026-10-04T14:09:27Z,cartservice,cartservice,0,0,0,0,0,0,0
2026-10-04T14:09:27Z,cartservice,checkoutservice,0,0,0,0,0,0,0
2026-10-04T14:09:27Z,cartservice,currencyservice,0,0,0,0,0,0,0
2026-10-04T14:09:27Z,cartservice,emailservice,0,0,0,0,0,0,0
2026-10-04T14:09:27Z,cartservice,frontend,0,0,0,0,0,0,0
2026-10-04T14:09:27Z,cartservice,kubernetes,0,0,0,0,0,0,0
2026-10-04T14:09:27Z,cartservice,paymentservice,0,0,0,0,0,0,0
2026-10-04T14:09:27Z,cartservice,productcatalogservice,0,0,0,0,0,0,0
2026-10-04T14:09:27Z,cartservice,recommendationservice,0,0,0,0,0,0,0
2026-10-04T14:09:27Z,cartservice,redis-cart,2,0,0,0,0,0,0
2026-10-04T14:09:27Z,cartservice,shippingservice,0,0,0,0,0,0,0
2026-10-04T14:09:27Z,checkoutservice,adservice,0,0,0,0,0,0,0
2026-10-04T14:09:27Z,checkoutservice,cartservice,56124,55191,0,100,0,679322,55167
2026-10-04T14:09:27Z,checkoutservice,checkoutservice,0,0,0,0,0,0,0
2026-10-04T14:09:27Z,checkoutservice,currencyservice,39460,39460,0,0,0,557438,39447
2026-10-04T14:09:27Z,checkoutservice,emailservice,10695,10409,0,66,0,366902,10399
2026-10-04T14:09:27Z,checkoutservice,frontend,0,0,0,0,0,0,0
2026-10-04T14:09:27Z,checkoutservice,kubernetes,0,0,0,0,0,0,0
2026-10-04T14:09:27Z,checkoutservice,paymentservice,32726,30878,0,192,0,428072,30717
2026-10-04T14:09:27Z,checkoutservice,productcatalogservice,0,0,0,0,0,0,0
2026-10-04T14:09:27Z,checkoutservice,recommendationservice,0,0,0,0,0,0,0
2026-10-04T14:09:27Z,checkoutservice,redis-cart,0,0,0,0,0,0,0
2026-10-04T14:09:27Z,checkoutservice,shippingservice,61436,59333,0,154,0,502571,59305
2026-10-04T14:09:27Z,currencyservice,adservice,0,0,0,0,0,0,0
2026-10-04T14:09:27Z,currencyservice,cartservice,0,0,0,0,0,0,0
2026-10-04T14:09:27Z,currencyservice,checkoutservice,0,0,0,0,0,0,0
2026-10-04T14:09:27Z,currencyservice,currencyservice,0,0,0,0,0,0,0
2026-10-04T14:09:27Z,currencyservice,emailservice,0,0,0,0,0,0,0
2026-10-04T14:09:27Z,currencyservice,frontend,0,0,0,0,0,0,0
2026-10-04T14:09:27Z,currencyservice,kubernetes,0,0,0,0,0,0,0
2026-10-04T14:09:27Z,currencyservice,paymentservice,0,0,0,0,0,0,0
2026-10-04T14:09:27Z,currencyservice,productcatalogservice,0,0,0,0,0,0,0
2026-10-04T14:09:27Z,currencyservice,recommendationservice,0,0,0,0,0,0,0
2026-10-04T14:09:27Z,currencyservice,redis-cart,0,0,0,0,0,0,0
2026-10-04T14:09:27Z,currencyservice,shippingservice,0,0,0,0,0,0,0
2026-10-04T14:09:27Z,emailservice,adservice,0,0,0,0,0,0,0
2026-10-04T14:09:27Z,emailservice,cartservice,0,0,0,0,0,0,0
2026-10-04T14:09:27Z,emailservice,checkoutservice,0,0,0,0,0,0,0
2026-10-04T14:09:27Z,emailservice,currencyservice,0,0,0,0,0,0,0
2026-10-04T14:09:27Z,emailservice,emailservice,0,0,0,0,0,0,0
2026-10-04T14:09:27Z,emailservice,frontend,0,0,0,0,0,0,0
2026-10-04T14:09:27Z,emailservice,kubernetes,0,0,0,0,0,0,0
2026-10-04T14:09:27Z,emailservice,paymentservice,0,0,0,0,0,0,0
2026-10-04T14:09:27Z,emailservice,productcatalogservice,0,0,0,0,0,0,0
2026-10-04T14:09:27Z,emailservice,recommendationservice,0,0,0,0,0,0,0
2026-10-04T14:09:27Z,emailservice,redis-cart,0,0,0,0,0,0,0
2026-10-04T14:09:27Z,emailservice,shippingservice,0,0,0,0,0,0,0
2026-10-04T14:09:27Z,frontend,adservice,844699,844697,0,0,0,2545464,844292
2026-10-04T14:09:27Z,frontend,cartservice,1878985,1878973,0,0,4,10411762,1877584
2026-10-04T14:09:27Z,frontend,checkoutservice,398449,188480,0,40061,169944,62534967,188337
2026-10-04T14:09:27Z,frontend,currencyservice,2986561,2986554,0,0,0,15757179,2984446
2026-10-04T14:09:27Z,frontend,emailservice,0,0,0,0,0,0,0
2026-10-04T14:09:27Z,frontend,frontend,0,0,0,0,0,0,0
2026-10-04T14:09:27Z,frontend,kubernetes,0,0,0,0,0,0,0
2026-10-04T14:09:27Z,frontend,paymentservice,0,0,0,0,0,0,0
2026-10-04T14:09:27Z,frontend,productcatalogservice,8379313,8379242,0,0,0,57242573,8374765
2026-10-04T14:09:27Z,frontend,recommendationservice,2725596,1659535,0,111834,951663,824023926,1658397
2026-10-04T14:09:27Z,frontend,redis-cart,0,0,0,0,0,0,0
2026-10-04T14:09:27Z,frontend,shippingservice,309713,309711,0,0,0,938834,309573
2026-10-04T14:09:27Z,paymentservice,adservice,0,0,0,0,0,0,0
2026-10-04T14:09:27Z,paymentservice,cartservice,0,0,0,0,0,0,0
2026-10-04T14:09:27Z,paymentservice,checkoutservice,0,0,0,0,0,0,0
2026-10-04T14:09:27Z,paymentservice,currencyservice,0,0,0,0,0,0,0
2026-10-04T14:09:27Z,paymentservice,emailservice,0,0,0,0,0,0,0
2026-10-04T14:09:27Z,paymentservice,frontend,0,0,0,0,0,0,0
2026-10-04T14:09:27Z,paymentservice,kubernetes,0,0,0,0,0,0,0
2026-10-04T14:09:27Z,paymentservice,paymentservice,0,0,0,0,0,0,0
2026-10-04T14:09:27Z,paymentservice,productcatalogservice,0,0,0,0,0,0,0
2026-10-04T14:09:27Z,paymentservice,recommendationservice,0,0,0,0,0,0,0
2026-10-04T14:09:27Z,paymentservice,redis-cart,0,0,0,0,0,0,0
2026-10-04T14:09:27Z,paymentservice,shippingservice,0,0,0,0,0,0,0
2026-10-04T14:09:27Z,productcatalogservice,adservice,0,0,0,0,0,0,0
2026-10-04T14:09:27Z,productcatalogservice,cartservice,0,0,0,0,0,0,0
2026-10-04T14:09:27Z,productcatalogservice,checkoutservice,0,0,0,0,0,0,0
2026-10-04T14:09:27Z,productcatalogservice,currencyservice,0,0,0,0,0,0,0
2026-10-04T14:09:27Z,productcatalogservice,emailservice,0,0,0,0,0,0,0
2026-10-04T14:09:27Z,productcatalogservice,frontend,0,0,0,0,0,0,0
2026-10-04T14:09:27Z,productcatalogservice,kubernetes,0,0,0,0,0,0,0
2026-10-04T14:09:27Z,productcatalogservice,paymentservice,0,0,0,0,0,0,0
2026-10-04T14:09:27Z,productcatalogservice,productcatalogservice,0,0,0,0,0,0,0
2026-10-04T14:09:27Z,productcatalogservice,recommendationservice,0,0,0,0,0,0,0
2026-10-04T14:09:27Z,productcatalogservice,redis-cart,0,0,0,0,0,0,0
2026-10-04T14:09:27Z,productcatalogservice,shippingservice,0,0,0,0,0,0,0
2026-10-04T14:09:27Z,recommendationservice,adservice,0,0,0,0,0,0,0
2026-10-04T14:09:27Z,recommendationservice,cartservice,0,0,0,0,0,0,0
2026-10-04T14:09:27Z,recommendationservice,checkoutservice,0,0,0,0,0,0,0
2026-10-04T14:09:27Z,recommendationservice,currencyservice,0,0,0,0,0,0,0
2026-10-04T14:09:27Z,recommendationservice,emailservice,0,0,0,0,0,0,0
2026-10-04T14:09:27Z,recommendationservice,frontend,0,0,0,0,0,0,0
2026-10-04T14:09:27Z,recommendationservice,kubernetes,0,0,0,0,0,0,0
2026-10-04T14:09:27Z,recommendationservice,paymentservice,0,0,0,0,0,0,0
2026-10-04T14:09:27Z,recommendationservice,productcatalogservice,148214,148212,0,0,0,1036360,147394
2026-10-04T14:09:27Z,recommendationservice,recommendationservice,0,0,0,0,0,0,0
2026-10-04T14:09:27Z,recommendationservice,redis-cart,0,0,0,0,0,0,0
2026-10-04T14:09:27Z,recommendationservice,shippingservice,0,0,0,0,0,0,0
2026-10-04T14:09:27Z,redis-cart,adservice,0,0,0,0,0,0,0
2026-10-04T14:09:27Z,redis-cart,cartservice,0,0,0,0,0,0,0
2026-10-04T14:09:27Z,redis-cart,checkoutservice,0,0,0,0,0,0,0
2026-10-04T14:09:27Z,redis-cart,currencyservice,0,0,0,0,0,0,0
2026-10-04T14:09:27Z,redis-cart,emailservice,0,0,0,0,0,0,0
2026-10-04T14:09:27Z,redis-cart,frontend,0,0,0,0,0,0,0
2026-10-04T14:09:27Z,redis-cart,kubernetes,0,0,0,0,0,0,0
2026-10-04T14:09:27Z,redis-cart,paymentservice,0,0,0,0,0,0,0
2026-10-04T14:09:27Z,redis-cart,productcatalogservice,0,0,0,0,0,0,0
2026-10-04T14:09:27Z,redis-cart,recommendationservice,0,0,0,0,0,0,0
2026-10-04T14:09:27Z,redis-cart,redis-cart,0,0,0,0,0,0,0
2026-10-04T14:09:27Z,redis-cart,shippingservice,0,0,0,0,0,0,0
2026-10-04T14:09:27Z,shippingservice,adservice,0,0,0,0,0,0,0
2026-10-04T14:09:27Z,shippingservice,cartservice,0,0,0,0,0,0,0
2026-10-04T14:09:27Z,shippingservice,checkoutservice,0,0,0,0,0,0,0
2026-10-04T14:09:27Z,shippingservice,currencyservice,0,0,0,0,0,0,0
2026-10-04T14:09:27Z,shippingservice,emailservice,0,0,0,0,0,0,0
2026-10-04T14:09:27Z,shippingservice,frontend,0,0,0,0,0,0,0
2026-10-04T14:09:27Z,shippingservice,kubernetes,0,0,0,0,0,0,0
2026-10-04T14:09:27Z,shippingservice,paymentservice,0,0,0,0,0,0,0
2026-10-04T14:09:27Z,shippingservice,productcatalogservice,0,0,0,0,0,0,0
2026-10-04T14:09:27Z,shippingservice,recommendationservice,0,0,0,0,0,0,0
2026-10-04T14:09:27Z,shippingservice,redis-cart,0,0,0,0,0,0,0
2026-10-04T14:09:27Z,shippingservice,shippingservice,0,0,0,0,0,0,0
2026-10-04T14:09:28Z,adservice,adservice,0,0,0,0,0,0,0
2026-10-04T14:09:28Z,adservice,cartservice,0,0,0,0,0,0,0
2026-10-04T14:09:28Z,adservice,checkoutservice,0,0,0,0,0,0,0
2026-10-04T14:09:28Z,adservice,currencyservice,0,0,0,0,0,0,0
2026-10-04T14:09:28Z,adservice,emailservice,0,0,0,0,0,0,0
2026-10-04T14:09:28Z,adservice,frontend,0,0,0,0,0,0,0
2026-10-04T14:09:28Z,adservice,kubernetes,0,0,0,0,0,0,0
2026-10-04T14:09:28Z,adservice,paymentservice,0,0,0,0,0,0,0
2026-10-04T14:09:28Z,adservice,productcatalogservice,0,0,0,0,0,0,0
2026-10-04T14:09:28Z,adservice,recommendationservice,0,0,0,0,0,0,0
2026-10-04T14:09:28Z,adservice,redis-cart,0,0,0,0,0,0,0
2026-10-04T14:09:28Z,adservice,shippingservice,0,0,0,0,0,0,0
2026-10-04T14:09:28Z,cartservice,adservice,0,0,0,0,0,0,0
2026-10-04T14:09:28Z,cartservice,cartservice,0,0,0,0,0,0,0
2026-10-04T14:09:28Z,cartservice,checkoutservice,0,0,0,0,0,0,0
2026-10-04T14:09:28Z,cartservice,currencyservice,0,0,0,0,0,0,0
2026-10-04T14:09:28Z,cartservice,emailservice,0,0,0,0,0,0,0
2026-10-04T14:09:28Z,cartservice,frontend,0,0,0,0,0,0,0
2026-10-04T14:09:28Z,cartservice,kubernetes,0,0,0,0,0,0,0
2026-10-04T14:09:28Z,cartservice,paymentservice,0,0,0,0,0,0,0
2026-10-04T14:09:28Z,cartservice,productcatalogservice,0,0,0,0,0,0,0
2026-10-04T14:09:28Z,cartservice,recommendationservice,0,0,0,0,0,0,0
2026-10-04T14:09:28Z,cartservice,redis-cart,2,0,0,0,0,0,0
2026-10-04T14:09:28Z,cartservice,shippingservice,0,0,0,0,0,0,0
2026-10-04T14:09:28Z,checkoutservice,adservice,0,0,0,0,0,0,0
2026-10-04T14:09:28Z,checkoutservice,cartservice,56240,55308,0,100,0,679322,55167
2026-10-04T14:09:28Z,checkoutservice,checkoutservice,0,0,0,0,0,0,0
2026-10-04T14:09:28Z,checkoutservice,currencyservice,39519,39519,0,0,0,557438,39447
2026-10-04T14:09:28Z,checkoutservice,emailservice,10752,10466,0,66,0,366902,10399
2026-10-04T14:09:28Z,checkoutservice,frontend,0,0,0,0,0,0,0
2026-10-04T14:09:28Z,checkoutservice,kubernetes,0,0,0,0,0,0,0
2026-10-04T14:09:28Z,checkoutservice,paymentservice,32784,30936,0,192,0,428072,30717
2026-10-04T14:09:28Z,checkoutservice,productcatalogservice,0,0,0,0,0,0,0
2026-10-04T14:09:28Z,checkoutservice,recommendationservice,0,0,0,0,0,0,0
2026-10-04T14:09:28Z,checkoutservice,redis-cart,0,0,0,0,0,0,0
2026-10-04T14:09:28Z,checkoutservice,shippingservice,61553,59449,0,154,0,502571,59305
2026-10-04T14:09:28Z,currencyservice,adservice,0,0,0,0,0,0,0
2026-10-04T14:09:28Z,currencyservice,cartservice,0,0,0,0,0,0,0
2026-10-04T14:09:28Z,currencyservice,checkoutservice,0,0,0,0,0,0,0
2026-10-04T14:09:28Z,currencyservice,currencyservice,0,0,0,0,0,0,0
2026-10-04T14:09:28Z,currencyservice,emailservice,0,0,0,0,0,0,0
2026-10-04T14:09:28Z,currencyservice,frontend,0,0,0,0,0,0,0
2026-10-04T14:09:28Z,currencyservice,kubernetes,0,0,0,0,0,0,0
2026-10-04T14:09:28Z,currencyservice,paymentservice,0,0,0,0,0,0,0
2026-10-04T14:09:28Z,currencyservice,productcatalogservice,0,0,0,0,0,0,0
2026-10-04T14:09:28Z,currencyservice,recommendationservice,0,0,0,0,0,0,0
2026-10-04T14:09:28Z,currencyservice,redis-cart,0,0,0,0,0,0,0
2026-10-04T14:09:28Z,currencyservice,shippingservice,0,0,0,0,0,0,0
2026-10-04T14:09:28Z,emailservice,adservice,0,0,0,0,0,0,0
2026-10-04T14:09:28Z,emailservice,cartservice,0,0,0,0,0,0,0
2026-10-04T14:09:28Z,emailservice,checkoutservice,0,0,0,0,0,0,0
2026-10-04T14:09:28Z,emailservice,currencyservice,0,0,0,0,0,0,0
2026-10-04T14:09:28Z,emailservice,emailservice,0,0,0,0,0,0,0
2026-10-04T14:09:28Z,emailservice,frontend,0,0,0,0,0,0,0
2026-10-04T14:09:28Z,emailservice,kubernetes,0,0,0,0,0,0,0
2026-10-04T14:09:28Z,emailservice,paymentservice,0,0,0,0,0,0,0
2026-10-04T14:09:28Z,emailservice,productcatalogservice,0,0,0,0,0,0,0
2026-10-04T14:09:28Z,emailservice,recommendationservice,0,0,0,0,0,0,0
2026-10-04T14:09:28Z,emailservice,redis-cart,0,0,0,0,0,0,0
2026-10-04T14:09:28Z,emailservice,shippingservice,0,0,0,0,0,0,0
2026-10-04T14:09:28Z,frontend,adservice,844846,844843,0,0,0,2545801,844418
2026-10-04T14:09:28Z,frontend,cartservice,1879370,1879357,0,0,4,10413857,1878059
2026-10-04T14:09:28Z,frontend,checkoutservice,398511,188542,0,40061,169944,62542604,188400
2026-10-04T14:09:28Z,frontend,currencyservice,2987165,2987154,0,0,0,15760244,2985164
2026-10-04T14:09:28Z,frontend,emailservice,0,0,0,0,0,0,0
2026-10-04T14:09:28Z,frontend,frontend,0,0,0,0,0,0,0
2026-10-04T14:09:28Z,frontend,kubernetes,0,0,0,0,0,0,0
2026-10-04T14:09:28Z,frontend,paymentservice,0,0,0,0,0,0,0
2026-10-04T14:09:28Z,frontend,productcatalogservice,8380890,8380824,0,0,0,57252549,8376247
2026-10-04T14:09:28Z,frontend,recommendationservice,2726356,1659893,0,111880,952051,824410821,1658829
2026-10-04T14:09:28Z,frontend,redis-cart,0,0,0,0,0,0,0
2026-10-04T14:09:28Z,frontend,shippingservice,309758,309755,0,0,0,938902,309611
2026-10-04T14:09:28Z,paymentservice,adservice,0,0,0,0,0,0,0
2026-10-04T14:09:28Z,paymentservice,cartservice,0,0,0,0,0,0,0
2026-10-04T14:09:28Z,paymentservice,checkoutservice,0,0,0,0,0,0,0
2026-10-04T14:09:28Z,paymentservice,currencyservice,0,0,0,0,0,0,0
2026-10-04T14:09:28Z,paymentservice,emailservice,0,0,0,0,0,0,0
2026-10-04T14:09:28Z,paymentservice,frontend,0,0,0,0,0,0,0
2026-10-04T14:09:28Z,paymentservice,kubernetes,0,0,0,0,0,0,0
2026-10-04T14:09:28Z,paymentservice,paymentservice,0,0,0,0,0,0,0
2026-10-04T14:09:28Z,paymentservice,productcatalogservice,0,0,0,0,0,0,0
2026-10-04T14:09:28Z,paymentservice,recommendationservice,0,0,0,0,0,0,0
2026-10-04T14:09:28Z,paymentservice,redis-cart,0,0,0,0,0,0,0
2026-10-04T14:09:28Z,paymentservice,shippingservice,0,0,0,0,0,0,0
2026-10-04T14:09:28Z,productcatalogservice,adservice,0,0,0,0,0,0,0
2026-10-04T14:09:28Z,productcatalogservice,cartservice,0,0,0,0,0,0,0
2026-10-04T14:09:28Z,productcatalogservice,checkoutservice,0,0,0,0,0,0,0
2026-10-04T14:09:28Z,productcatalogservice,currencyservice,0,0,0,0,0,0,0
2026-10-04T14:09:28Z,productcatalogservice,emailservice,0,0,0,0,0,0,0
2026-10-04T14:09:28Z,productcatalogservice,frontend,0,0,0,0,0,0,0
2026-10-04T14:09:28Z,productcatalogservice,kubernetes,0,0,0,0,0,0,0
2026-10-04T14:09:28Z,productcatalogservice,paymentservice,0,0,0,0,0,0,0
2026-10-04T14:09:28Z,productcatalogservice,productcatalogservice,0,0,0,0,0,0,0
2026-10-04T14:09:28Z,productcatalogservice,recommendationservice,0,0,0,0,0,0,0
2026-10-04T14:09:28Z,productcatalogservice,redis-cart,0,0,0,0,0,0,0
2026-10-04T14:09:28Z,productcatalogservice,shippingservice,0,0,0,0,0,0,0
2026-10-04T14:09:28Z,recommendationservice,adservice,0,0,0,0,0,0,0
2026-10-04T14:09:28Z,recommendationservice,cartservice,0,0,0,0,0,0,0
2026-10-04T14:09:28Z,recommendationservice,checkoutservice,0,0,0,0,0,0,0
2026-10-04T14:09:28Z,recommendationservice,currencyservice,0,0,0,0,0,0,0
2026-10-04T14:09:28Z,recommendationservice,emailservice,0,0,0,0,0,0,0
2026-10-04T14:09:28Z,recommendationservice,frontend,0,0,0,0,0,0,0
2026-10-04T14:09:28Z,recommendationservice,kubernetes,0,0,0,0,0,0,0
2026-10-04T14:09:28Z,recommendationservice,paymentservice,0,0,0,0,0,0,0
2026-10-04T14:09:28Z,recommendationservice,productcatalogservice,148638,148630,0,0,0,1036360,147394
2026-10-04T14:09:28Z,recommendationservice,recommendationservice,0,0,0,0,0,0,0
2026-10-04T14:09:28Z,recommendationservice,redis-cart,0,0,0,0,0,0,0
2026-10-04T14:09:28Z,recommendationservice,shippingservice,0,0,0,0,0,0,0
2026-10-04T14:09:28Z,redis-cart,adservice,0,0,0,0,0,0,0
2026-10-04T14:09:28Z,redis-cart,cartservice,0,0,0,0,0,0,0
2026-10-04T14:09:28Z,redis-cart,checkoutservice,0,0,0,0,0,0,0
2026-10-04T14:09:28Z,redis-cart,currencyservice,0,0,0,0,0,0,0
2026-10-04T14:09:28Z,redis-cart,emailservice,0,0,0,0,0,0,0
2026-10-04T14:09:28Z,redis-cart,frontend,0,0,0,0,0,0,0
2026-10-04T14:09:28Z,redis-cart,kubernetes,0,0,0,0,0,0,0
2026-10-04T14:09:28Z,redis-cart,paymentservice,0,0,0,0,0,0,0
2026-10-04T14:09:28Z,redis-cart,productcatalogservice,0,0,0,0,0,0,0
2026-10-04T14:09:28Z,redis-cart,recommendationservice,0,0,0,0,0,0,0
2026-10-04T14:09:28Z,redis-cart,redis-cart,0,0,0,0,0,0,0
2026-10-04T14:09:28Z,redis-cart,shippingservice,0,0,0,0,0,0,0
2026-10-04T14:09:28Z,shippingservice,adservice,0,0,0,0,0,0,0
2026-10-04T14:09:28Z,shippingservice,cartservice,0,0,0,0,0,0,0
2026-10-04T14:09:28Z,shippingservice,checkoutservice,0,0,0,0,0,0,0
2026-10-04T14:09:28Z,shippingservice,currencyservice,0,0,0,0,0,0,0
2026-10-04T14:09:28Z,shippingservice,emailservice,0,0,0,0,0,0,0
2026-10-04T14:09:28Z,shippingservice,frontend,0,0,0,0,0,0,0
2026-10-04T14:09:28Z,shippingservice,kubernetes,0,0,0,0,0,0,0
2026-10-04T14:09:28Z,shippingservice,paymentservice,0,0,0,0,0,0,0
2026-10-04T14:09:28Z,shippingservice,productcatalogservice,0,0,0,0,0,0,0
2026-10-04T14:09:28Z,shippingservice,recommendationservice,0,0,0,0,0,0,0
2026-10-04T14:09:28Z,shippingservice,redis-cart,0,0,0,0,0,0,0
2026-10-04T14:09:28Z,shippingservice,shippingservice,0,0,0,0,0,0,0
2026-10-04T14:09:29Z,adservice,adservice,0,0,0,0,0,0,0
2026-10-04T14:09:29Z,adservice,cartservice,0,0,0,0,0,0,0
2026-10-04T14:09:29Z,adservice,checkoutservice,0,0,0,0,0,0,0
2026-10-04T14:09:29Z,adservice,currencyservice,0,0,0,0,0,0,0
2026-10-04T14:09:29Z,adservice,emailservice,0,0,0,0,0,0,0
2026-10-04T14:09:29Z,adservice,frontend,0,0,0,0,0,0,0
2026-10-04T14:09:29Z,adservice,kubernetes,0,0,0,0,0,0,0
2026-10-04T14:09:29Z,adservice,paymentservice,0,0,0,0,0,0,0
2026-10-04T14:09:29Z,adservice,productcatalogservice,0,0,0,0,0,0,0
2026-10-04T14:09:29Z,adservice,recommendationservice,0,0,0,0,0,0,0
2026-10-04T14:09:29Z,adservice,redis-cart,0,0,0,0,0,0,0
2026-10-04T14:09:29Z,adservice,shippingservice,0,0,0,0,0,0,0
2026-10-04T14:09:29Z,cartservice,adservice,0,0,0,0,0,0,0
2026-10-04T14:09:29Z,cartservice,cartservice,0,0,0,0,0,0,0
2026-10-04T14:09:29Z,cartservice,checkoutservice,0,0,0,0,0,0,0
2026-10-04T14:09:29Z,cartservice,currencyservice,0,0,0,0,0,0,0
2026-10-04T14:09:29Z,cartservice,emailservice,0,0,0,0,0,0,0
2026-10-04T14:09:29Z,cartservice,frontend,0,0,0,0,0,0,0
2026-10-04T14:09:29Z,cartservice,kubernetes,0,0,0,0,0,0,0
2026-10-04T14:09:29Z,cartservice,paymentservice,0,0,0,0,0,0,0
2026-10-04T14:09:29Z,cartservice,productcatalogservice,0,0,0,0,0,0,0
2026-10-04T14:09:29Z,cartservice,recommendationservice,0,0,0,0,0,0,0
2026-10-04T14:09:29Z,cartservice,redis-cart,2,0,0,0,0,0,0
2026-10-04T14:09:29Z,cartservice,shippingservice,0,0,0,0,0,0,0
2026-10-04T14:09:29Z,checkoutservice,adservice,0,0,0,0,0,0,0
2026-10-04T14:09:29Z,checkoutservice,cartservice,56329,55398,0,100,0,679322,55167
2026-10-04T14:09:29Z,checkoutservice,checkoutservice,0,0,0,0,0,0,0
2026-10-04T14:09:29Z,checkoutservice,currencyservice,39562,39562,0,0,0,557438,39447
2026-10-04T14:09:29Z,checkoutservice,emailservice,10799,10513,0,66,0,366902,10399
2026-10-04T14:09:29Z,checkoutservice,frontend,0,0,0,0,0,0,0
2026-10-04T14:09:29Z,checkoutservice,kubernetes,0,0,0,0,0,0,0
2026-10-04T14:09:29Z,checkoutservice,paymentservice,32828,30980,0,192,0,428072,30717
2026-10-04T14:09:29Z,checkoutservice,productcatalogservice,0,0,0,0,0,0,0
2026-10-04T14:09:29Z,checkoutservice,recommendationservice,0,0,0,0,0,0,0
2026-10-04T14:09:29Z,checkoutservice,redis-cart,0,0,0,0,0,0,0
2026-10-04T14:09:29Z,checkoutservice,shippingservice,61641,59537,0,154,0,502571,59305
2026-10-04T14:09:29Z,currencyservice,adservice,0,0,0,0,0,0,0
2026-10-04T14:09:29Z,currencyservice,cartservice,0,0,0,0,0,0,0
2026-10-04T14:09:29Z,currencyservice,checkoutservice,0,0,0,0,0,0,0
2026-10-04T14:09:29Z,currencyservice,currencyservice,0,0,0,0,0,0,0
2026-10-04T14:09:29Z,currencyservice,emailservice,0,0,0,0,0,0,0
2026-10-04T14:09:29Z,currencyservice,frontend,0,0,0,0,0,0,0
2026-10-04T14:09:29Z,currencyservice,kubernetes,0,0,0,0,0,0,0
2026-10-04T14:09:29Z,currencyservice,paymentservice,0,0,0,0,0,0,0
2026-10-04T14:09:29Z,currencyservice,productcatalogservice,0,0,0,0,0,0,0
2026-10-04T14:09:29Z,currencyservice,recommendationservice,0,0,0,0,0,0,0
2026-10-04T14:09:29Z,currencyservice,redis-cart,0,0,0,0,0,0,0
2026-10-04T14:09:29Z,currencyservice,shippingservice,0,0,0,0,0,0,0
2026-10-04T14:09:29Z,emailservice,adservice,0,0,0,0,0,0,0
2026-10-04T14:09:29Z,emailservice,cartservice,0,0,0,0,0,0,0
2026-10-04T14:09:29Z,emailservice,checkoutservice,0,0,0,0,0,0,0
2026-10-04T14:09:29Z,emailservice,currencyservice,0,0,0,0,0,0,0
2026-10-04T14:09:29Z,emailservice,emailservice,0,0,0,0,0,0,0
2026-10-04T14:09:29Z,emailservice,frontend,0,0,0,0,0,0,0
2026-10-04T14:09:29Z,emailservice,kubernetes,0,0,0,0,0,0,0
2026-10-04T14:09:29Z,emailservice,paymentservice,0,0,0,0,0,0,0
2026-10-04T14:09:29Z,emailservice,productcatalogservice,0,0,0,0,0,0,0
2026-10-04T14:09:29Z,emailservice,recommendationservice,0,0,0,0,0,0,0
2026-10-04T14:09:29Z,emailservice,redis-cart,0,0,0,0,0,0,0
2026-10-04T14:09:29Z,emailservice,shippingservice,0,0,0,0,0,0,0
2026-10-04T14:09:29Z,frontend,adservice,844970,844967,0,0,0,2547173,844877
2026-10-04T14:09:29Z,frontend,cartservice,1879741,1879728,0,0,4,10420028,1879456
2026-10-04T14:09:29Z,frontend,checkoutservice,398554,188588,0,40061,169944,62558457,188554
2026-10-04T14:09:29Z,frontend,currencyservice,2987747,2987738,0,0,0,15769349,2987340
2026-10-04T14:09:29Z,frontend,emailservice,0,0,0,0,0,0,0
2026-10-04T14:09:29Z,frontend,frontend,0,0,0,0,0,0,0
2026-10-04T14:09:29Z,frontend,kubernetes,0,0,0,0,0,0,0
2026-10-04T14:09:29Z,frontend,paymentservice,0,0,0,0,0,0,0
2026-10-04T14:09:29Z,frontend,productcatalogservice,8382214,8382143,0,0,0,57280006,8381221
2026-10-04T14:09:29Z,frontend,recommendationservice,2727109,1660185,0,111938,952430,825379766,1659966
2026-10-04T14:09:29Z,frontend,redis-cart,0,0,0,0,0,0,0
2026-10-04T14:09:29Z,frontend,shippingservice,309798,309796,0,0,0,939297,309775
2026-10-04T14:09:29Z,paymentservice,adservice,0,0,0,0,0,0,0
2026-10-04T14:09:29Z,paymentservice,cartservice,0,0,0,0,0,0,0
2026-10-04T14:09:29Z,paymentservice,checkoutservice,0,0,0,0,0,0,0
2026-10-04T14:09:29Z,paymentservice,currencyservice,0,0,0,0,0,0,0
2026-10-04T14:09:29Z,paymentservice,emailservice,0,0,0,0,0,0,0
2026-10-04T14:09:29Z,paymentservice,frontend,0,0,0,0,0,0,0
2026-10-04T14:09:29Z,paymentservice,kubernetes,0,0,0,0,0,0,0
2026-10-04T14:09:29Z,paymentservice,paymentservice,0,0,0,0,0,0,0
2026-10-04T14:09:29Z,paymentservice,productcatalogservice,0,0,0,0,0,0,0
2026-10-04T14:09:29Z,paymentservice,recommendationservice,0,0,0,0,0,0,0
2026-10-04T14:09:29Z,paymentservice,redis-cart,0,0,0,0,0,0,0
2026-10-04T14:09:29Z,paymentservice,shippingservice,0,0,0,0,0,0,0
2026-10-04T14:09:29Z,productcatalogservice,adservice,0,0,0,0,0,0,0
2026-10-04T14:09:29Z,productcatalogservice,cartservice,0,0,0,0,0,0,0
2026-10-04T14:09:29Z,productcatalogservice,checkoutservice,0,0,0,0,0,0,0
2026-10-04T14:09:29Z,productcatalogservice,currencyservice,0,0,0,0,0,0,0
2026-10-04T14:09:29Z,productcatalogservice,emailservice,0,0,0,0,0,0,0
2026-10-04T14:09:29Z,productcatalogservice,frontend,0,0,0,0,0,0,0
2026-10-04T14:09:29Z,productcatalogservice,kubernetes,0,0,0,0,0,0,0
2026-10-04T14:09:29Z,productcatalogservice,paymentservice,0,0,0,0,0,0,0
2026-10-04T14:09:29Z,productcatalogservice,productcatalogservice,0,0,0,0,0,0,0
2026-10-04T14:09:29Z,productcatalogservice,recommendationservice,0,0,0,0,0,0,0
2026-10-04T14:09:29Z,productcatalogservice,redis-cart,0,0,0,0,0,0,0
2026-10-04T14:09:29Z,productcatalogservice,shippingservice,0,0,0,0,0,0,0
2026-10-04T14:09:29Z,recommendationservice,adservice,0,0,0,0,0,0,0
2026-10-04T14:09:29Z,recommendationservice,cartservice,0,0,0,0,0,0,0
2026-10-04T14:09:29Z,recommendationservice,checkoutservice,0,0,0,0,0,0,0
2026-10-04T14:09:29Z,recommendationservice,currencyservice,0,0,0,0,0,0,0
2026-10-04T14:09:29Z,recommendationservice,emailservice,0,0,0,0,0,0,0
2026-10-04T14:09:29Z,recommendationservice,frontend,0,0,0,0,0,0,0
2026-10-04T14:09:29Z,recommendationservice,kubernetes,0,0,0,0,0,0,0
2026-10-04T14:09:29Z,recommendationservice,paymentservice,0,0,0,0,0,0,0
2026-10-04T14:09:29Z,recommendationservice,productcatalogservice,149012,149010,0,0,0,1036360,147394
2026-10-04T14:09:29Z,recommendationservice,recommendationservice,0,0,0,0,0,0,0
2026-10-04T14:09:29Z,recommendationservice,redis-cart,0,0,0,0,0,0,0
2026-10-04T14:09:29Z,recommendationservice,shippingservice,0,0,0,0,0,0,0
2026-10-04T14:09:29Z,redis-cart,adservice,0,0,0,0,0,0,0
2026-10-04T14:09:29Z,redis-cart,cartservice,0,0,0,0,0,0,0
2026-10-04T14:09:29Z,redis-cart,checkoutservice,0,0,0,0,0,0,0
2026-10-04T14:09:29Z,redis-cart,currencyservice,0,0,0,0,0,0,0
2026-10-04T14:09:29Z,redis-cart,emailservice,0,0,0,0,0,0,0
2026-10-04T14:09:29Z,redis-cart,frontend,0,0,0,0,0,0,0
2026-10-04T14:09:29Z,redis-cart,kubernetes,0,0,0,0,0,0,0
2026-10-04T14:09:29Z,redis-cart,paymentservice,0,0,0,0,0,0,0
2026-10-04T14:09:29Z,redis-cart,productcatalogservice,0,0,0,0,0,0,0
2026-10-04T14:09:29Z,redis-cart,recommendationservice,0,0,0,0,0,0,0
2026-10-04T14:09:29Z,redis-cart,redis-cart,0,0,0,0,0,0,0
2026-10-04T14:09:29Z,redis-cart,shippingservice,0,0,0,0,0,0,0
2026-10-04T14:09:29Z,shippingservice,adservice,0,0,0,0,0,0,0
2026-10-04T14:09:29Z,shippingservice,cartservice,0,0,0,0,0,0,0
2026-10-04T14:09:29Z,shippingservice,checkoutservice,0,0,0,0,0,0,0
2026-10-04T14:09:29Z,shippingservice,currencyservice,0,0,0,0,0,0,0
2026-10-04T14:09:29Z,shippingservice,emailservice,0,0,0,0,0,0,0
2026-10-04T14:09:29Z,shippingservice,frontend,0,0,0,0,0,0,0
2026-10-04T14:09:29Z,shippingservice,kubernetes,0,0,0,0,0,0,0
2026-10-04T14:09:29Z,shippingservice,paymentservice,0,0,0,0,0,0,0
2026-10-04T14:09:29Z,shippingservice,productcatalogservice,0,0,0,0,0,0,0
2026-10-04T14:09:29Z,shippingservice,recommendationservice,0,0,0,0,0,0,0
2026-10-04T14:09:29Z,shippingservice,redis-cart,0,0,0,0,0,0,0
2026-10-04T14:09:29Z,shippingservice,shippingservice,0,0,0,0,0,0,0
2026-10-04T14:09:30Z,adservice,adservice,0,0,0,0,0,0,0
2026-10-04T14:09:30Z,adservice,cartservice,0,0,0,0,0,0,0
2026-10-04T14:09:30Z,adservice,checkoutservice,0,0,0,0,0,0,0
2026-10-04T14:09:30Z,adservice,currencyservice,0,0,0,0,0,0,0
2026-10-04T14:09:30Z,adservice,emailservice,0,0,0,0,0,0,0
2026-10-04T14:09:30Z,adservice,frontend,0,0,0,0,0,0,0
2026-10-04T14:09:30Z,adservice,kubernetes,0,0,0,0,0,0,0
2026-10-04T14:09:30Z,adservice,paymentservice,0,0,0,0,0,0,0
2026-10-04T14:09:30Z,adservice,productcatalogservice,0,0,0,0,0,0,0
2026-10-04T14:09:30Z,adservice,recommendationservice,0,0,0,0,0,0,0
2026-10-04T14:09:30Z,adservice,redis-cart,0,0,0,0,0,0,0
2026-10-04T14:09:30Z,adservice,shippingservice,0,0,0,0,0,0,0
2026-10-04T14:09:30Z,cartservice,adservice,0,0,0,0,0,0,0
2026-10-04T14:09:30Z,cartservice,cartservice,0,0,0,0,0,0,0
2026-10-04T14:09:30Z,cartservice,checkoutservice,0,0,0,0,0,0,0
2026-10-04T14:09:30Z,cartservice,currencyservice,0,0,0,0,0,0,0
2026-10-04T14:09:30Z,cartservice,emailservice,0,0,0,0,0,0,0
2026-10-04T14:09:30Z,cartservice,frontend,0,0,0,0,0,0,0
2026-10-04T14:09:30Z,cartservice,kubernetes,0,0,0,0,0,0,0
2026-10-04T14:09:30Z,cartservice,paymentservice,0,0,0,0,0,0,0
2026-10-04T14:09:30Z,cartservice,productcatalogservice,0,0,0,0,0,0,0
2026-10-04T14:09:30Z,cartservice,recommendationservice,0,0,0,0,0,0,0
2026-10-04T14:09:30Z,cartservice,redis-cart,2,0,0,0,0,0,0
2026-10-04T14:09:30Z,cartservice,shippingservice,0,0,0,0,0,0,0
2026-10-04T14:09:30Z,checkoutservice,adservice,0,0,0,0,0,0,0
2026-10-04T14:09:30Z,checkoutservice,cartservice,56447,55516,0,100,0,679322,55167
2026-10-04T14:09:30Z,checkoutservice,checkoutservice,0,0,0,0,0,0,0
2026-10-04T14:09:30Z,checkoutservice,currencyservice,39621,39621,0,0,0,557438,39447
2026-10-04T14:09:30Z,checkoutservice,emailservice,10859,10569,0,66,0,366902,10399
2026-10-04T14:09:30Z,checkoutservice,frontend,0,0,0,0,0,0,0
2026-10-04T14:09:30Z,checkoutservice,kubernetes,0,0,0,0,0,0,0
2026-10-04T14:09:30Z,checkoutservice,paymentservice,32887,31039,0,192,0,428072,30717
2026-10-04T14:09:30Z,checkoutservice,productcatalogservice,0,0,0,0,0,0,0
2026-10-04T14:09:30Z,checkoutservice,recommendationservice,0,0,0,0,0,0,0
2026-10-04T14:09:30Z,checkoutservice,redis-cart,0,0,0,0,0,0,0
2026-10-04T14:09:30Z,checkoutservice,shippingservice,61758,59655,0,154,0,502571,59305
2026-10-04T14:09:30Z,currencyservice,adservice,0,0,0,0,0,0,0
2026-10-04T14:09:30Z,currencyservice,cartservice,0,0,0,0,0,0,0
2026-10-04T14:09:30Z,currencyservice,checkoutservice,0,0,0,0,0,0,0
2026-10-04T14:09:30Z,currencyservice,currencyservice,0,0,0,0,0,0,0
2026-10-04T14:09:30Z,currencyservice,emailservice,0,0,0,0,0,0,0
2026-10-04T14:09:30Z,currencyservice,frontend,0,0,0,0,0,0,0
2026-10-04T14:09:30Z,currencyservice,kubernetes,0,0,0,0,0,0,0
2026-10-04T14:09:30Z,currencyservice,paymentservice,0,0,0,0,0,0,0
2026-10-04T14:09:30Z,currencyservice,productcatalogservice,0,0,0,0,0,0,0
2026-10-04T14:09:30Z,currencyservice,recommendationservice,0,0,0,0,0,0,0
2026-10-04T14:09:30Z,currencyservice,redis-cart,0,0,0,0,0,0,0
2026-10-04T14:09:30Z,currencyservice,shippingservice,0,0,0,0,0,0,0
2026-10-04T14:09:30Z,emailservice,adservice,0,0,0,0,0,0,0
2026-10-04T14:09:30Z,emailservice,cartservice,0,0,0,0,0,0,0
2026-10-04T14:09:30Z,emailservice,checkoutservice,0,0,0,0,0,0,0
2026-10-04T14:09:30Z,emailservice,currencyservice,0,0,0,0,0,0,0
2026-10-04T14:09:30Z,emailservice,emailservice,0,0,0,0,0,0,0
2026-10-04T14:09:30Z,emailservice,frontend,0,0,0,0,0,0,0
2026-10-04T14:09:30Z,emailservice,kubernetes,0,0,0,0,0,0,0
2026-10-04T14:09:30Z,emailservice,paymentservice,0,0,0,0,0,0,0
2026-10-04T14:09:30Z,emailservice,productcatalogservice,0,0,0,0,0,0,0
2026-10-04T14:09:30Z,emailservice,recommendationservice,0,0,0,0,0,0,0
2026-10-04T14:09:30Z,emailservice,redis-cart,0,0,0,0,0,0,0
2026-10-04T14:09:30Z,emailservice,shippingservice,0,0,0,0,0,0,0
2026-10-04T14:09:30Z,frontend,adservice,845102,845100,0,0,0,2547173,844877
2026-10-04T14:09:30Z,frontend,cartservice,1880112,1880093,0,0,4,10420028,1879456
2026-10-04T14:09:30Z,frontend,checkoutservice,398607,188641,0,40061,169944,62558457,188554
2026-10-04T14:09:30Z,frontend,currencyservice,2988330,2988315,0,0,0,15769349,2987340
2026-10-04T14:09:30Z,frontend,emailservice,0,0,0,0,0,0,0
2026-10-04T14:09:30Z,frontend,frontend,0,0,0,0,0,0,0
2026-10-04T14:09:30Z,frontend,kubernetes,0,0,0,0,0,0,0
2026-10-04T14:09:30Z,frontend,paymentservice,0,0,0,0,0,0,0
2026-10-04T14:09:30Z,frontend,productcatalogservice,8383738,8383659,0,0,0,57280006,8381221
2026-10-04T14:09:30Z,frontend,recommendationservice,2727891,1660504,0,111984,952881,825379766,1659966
2026-10-04T14:09:30Z,frontend,redis-cart,0,0,0,0,0,0,0
2026-10-04T14:09:30Z,frontend,shippingservice,309854,309852,0,0,0,939297,309775
2026-10-04T14:09:30Z,paymentservice,adservice,0,0,0,0,0,0,0
2026-10-04T14:09:30Z,paymentservice,cartservice,0,0,0,0,0,0,0
2026-10-04T14:09:30Z,paymentservice,checkoutservice,0,0,0,0,0,0,0
2026-10-04T14:09:30Z,paymentservice,currencyservice,0,0,0,0,0,0,0
2026-10-04T14:09:30Z,paymentservice,emailservice,0,0,0,0,0,0,0
2026-10-04T14:09:30Z,paymentservice,frontend,0,0,0,0,0,0,0
2026-10-04T14:09:30Z,paymentservice,kubernetes,0,0,0,0,0,0,0
2026-10-04T14:09:30Z,paymentservice,paymentservice,0,0,0,0,0,0,0
2026-10-04T14:09:30Z,paymentservice,productcatalogservice,0,0,0,0,0,0,0
2026-10-04T14:09:30Z,paymentservice,recommendationservice,0,0,0,0,0,0,0
2026-10-04T14:09:30Z,paymentservice,redis-cart,0,0,0,0,0,0,0
2026-10-04T14:09:30Z,paymentservice,shippingservice,0,0,0,0,0,0,0
2026-10-04T14:09:30Z,productcatalogservice,adservice,0,0,0,0,0,0,0
2026-10-04T14:09:30Z,productcatalogservice,cartservice,0,0,0,0,0,0,0
2026-10-04T14:09:30Z,productcatalogservice,checkoutservice,0,0,0,0,0,0,0
2026-10-04T14:09:30Z,productcatalogservice,currencyservice,0,0,0,0,0,0,0
2026-10-04T14:09:30Z,productcatalogservice,emailservice,0,0,0,0,0,0,0
2026-10-04T14:09:30Z,productcatalogservice,frontend,0,0,0,0,0,0,0
2026-10-04T14:09:30Z,productcatalogservice,kubernetes,0,0,0,0,0,0,0
2026-10-04T14:09:30Z,productcatalogservice,paymentservice,0,0,0,0,0,0,0
2026-10-04T14:09:30Z,productcatalogservice,productcatalogservice,0,0,0,0,0,0,0
2026-10-04T14:09:30Z,productcatalogservice,recommendationservice,0,0,0,0,0,0,0
2026-10-04T14:09:30Z,productcatalogservice,redis-cart,0,0,0,0,0,0,0
2026-10-04T14:09:30Z,productcatalogservice,shippingservice,0,0,0,0,0,0,0
2026-10-04T14:09:30Z,recommendationservice,adservice,0,0,0,0,0,0,0
2026-10-04T14:09:30Z,recommendationservice,cartservice,0,0,0,0,0,0,0
2026-10-04T14:09:30Z,recommendationservice,checkoutservice,0,0,0,0,0,0,0
2026-10-04T14:09:30Z,recommendationservice,currencyservice,0,0,0,0,0,0,0
2026-10-04T14:09:30Z,recommendationservice,emailservice,0,0,0,0,0,0,0
2026-10-04T14:09:30Z,recommendationservice,frontend,0,0,0,0,0,0,0
2026-10-04T14:09:30Z,recommendationservice,kubernetes,0,0,0,0,0,0,0
2026-10-04T14:09:30Z,recommendationservice,paymentservice,0,0,0,0,0,0,0
2026-10-04T14:09:30Z,recommendationservice,productcatalogservice,149405,149405,0,0,0,1046778,149363
2026-10-04T14:09:30Z,recommendationservice,recommendationservice,0,0,0,0,0,0,0
2026-10-04T14:09:30Z,recommendationservice,redis-cart,0,0,0,0,0,0,0
2026-10-04T14:09:30Z,recommendationservice,shippingservice,0,0,0,0,0,0,0
2026-10-04T14:09:30Z,redis-cart,adservice,0,0,0,0,0,0,0
2026-10-04T14:09:30Z,redis-cart,cartservice,0,0,0,0,0,0,0
2026-10-04T14:09:30Z,redis-cart,checkoutservice,0,0,0,0,0,0,0
2026-10-04T14:09:30Z,redis-cart,currencyservice,0,0,0,0,0,0,0
2026-10-04T14:09:30Z,redis-cart,emailservice,0,0,0,0,0,0,0
2026-10-04T14:09:30Z,redis-cart,frontend,0,0,0,0,0,0,0
2026-10-04T14:09:30Z,redis-cart,kubernetes,0,0,0,0,0,0,0
2026-10-04T14:09:30Z,redis-cart,paymentservice,0,0,0,0,0,0,0
2026-10-04T14:09:30Z,redis-cart,productcatalogservice,0,0,0,0,0,0,0
2026-10-04T14:09:30Z,redis-cart,recommendationservice,0,0,0,0,0,0,0
2026-10-04T14:09:30Z,redis-cart,redis-cart,0,0,0,0,0,0,0
2026-10-04T14:09:30Z,redis-cart,shippingservice,0,0,0,0,0,0,0
2026-10-04T14:09:30Z,shippingservice,adservice,0,0,0,0,0,0,0
2026-10-04T14:09:30Z,shippingservice,cartservice,0,0,0,0,0,0,0
2026-10-04T14:09:30Z,shippingservice,checkoutservice,0,0,0,0,0,0,0
2026-10-04T14:09:30Z,shippingservice,currencyservice,0,0,0,0,0,0,0
2026-10-04T14:09:30Z,shippingservice,emailservice,0,0,0,0,0,0,0
2026-10-04T14:09:30Z,shippingservice,frontend,0,0,0,0,0,0,0
2026-10-04T14:09:30Z,shippingservice,kubernetes,0,0,0,0,0,0,0
2026-10-04T14:09:30Z,shippingservice,paymentservice,0,0,0,0,0,0,0
2026-10-04T14:09:30Z,shippingservice,productcatalogservice,0,0,0,0,0,0,0
2026-10-04T14:09:30Z,shippingservice,recommendationservice,0,0,0,0,0,0,0
2026-10-04T14:09:30Z,shippingservice,redis-cart,0,0,0,0,0,0,0
2026-10-04T14:09:30Z,shippingservice,shippingservice,0,0,0,0,0,0,0
2026-10-04T14:09:31Z,adservice,adservice,0,0,0,0,0,0,0
2026-10-04T14:09:31Z,adservice,cartservice,0,0,0,0,0,0,0
2026-10-04T14:09:31Z,adservice,checkoutservice,0,0,0,0,0,0,0
2026-10-04T14:09:31Z,adservice,currencyservice,0,0,0,0,0,0,0
2026-10-04T14:09:31Z,adservice,emailservice,0,0,0,0,0,0,0
2026-10-04T14:09:31Z,adservice,frontend,0,0,0,0,0,0,0
2026-10-04T14:09:31Z,adservice,kubernetes,0,0,0,0,0,0,0
2026-10-04T14:09:31Z,adservice,paymentservice,0,0,0,0,0,0,0
2026-10-04T14:09:31Z,adservice,productcatalogservice,0,0,0,0,0,0,0
2026-10-04T14:09:31Z,adservice,recommendationservice,0,0,0,0,0,0,0
2026-10-04T14:09:31Z,adservice,redis-cart,0,0,0,0,0,0,0
2026-10-04T14:09:31Z,adservice,shippingservice,0,0,0,0,0,0,0
2026-10-04T14:09:31Z,cartservice,adservice,0,0,0,0,0,0,0
2026-10-04T14:09:31Z,cartservice,cartservice,0,0,0,0,0,0,0
2026-10-04T14:09:31Z,cartservice,checkoutservice,0,0,0,0,0,0,0
2026-10-04T14:09:31Z,cartservice,currencyservice,0,0,0,0,0,0,0
2026-10-04T14:09:31Z,cartservice,emailservice,0,0,0,0,0,0,0
2026-10-04T14:09:31Z,cartservice,frontend,0,0,0,0,0,0,0
2026-10-04T14:09:31Z,cartservice,kubernetes,0,0,0,0,0,0,0
2026-10-04T14:09:31Z,cartservice,paymentservice,0,0,0,0,0,0,0
2026-10-04T14:09:31Z,cartservice,productcatalogservice,0,0,0,0,0,0,0
2026-10-04T14:09:31Z,cartservice,recommendationservice,0,0,0,0,0,0,0
2026-10-04T14:09:31Z,cartservice,redis-cart,2,0,0,0,0,0,0
2026-10-04T14:09:31Z,cartservice,shippingservice,0,0,0,0,0,0,0
2026-10-04T14:09:31Z,checkoutservice,adservice,0,0,0,0,0,0,0
2026-10-04T14:09:31Z,checkoutservice,cartservice,56535,55604,0,100,0,679322,55167
2026-10-04T14:09:31Z,checkoutservice,checkoutservice,0,0,0,0,0,0,0
2026-10-04T14:09:31Z,checkoutservice,currencyservice,39667,39661,0,0,0,557438,39447
2026-10-04T14:09:31Z,checkoutservice,emailservice,10896,10609,0,66,0,366902,10399
2026-10-04T14:09:31Z,checkoutservice,frontend,0,0,0,0,0,0,0
2026-10-04T14:09:31Z,checkoutservice,kubernetes,0,0,0,0,0,0,0
2026-10-04T14:09:31Z,checkoutservice,paymentservice,32927,31079,0,192,0,428072,30717
2026-10-04T14:09:31Z,checkoutservice,productcatalogservice,0,0,0,0,0,0,0
2026-10-04T14:09:31Z,checkoutservice,recommendationservice,0,0,0,0,0,0,0
2026-10-04T14:09:31Z,checkoutservice,redis-cart,0,0,0,0,0,0,0
2026-10-04T14:09:31Z,checkoutservice,shippingservice,61849,59741,0,154,0,502571,59305
2026-10-04T14:09:31Z,currencyservice,adservice,0,0,0,0,0,0,0
2026-10-04T14:09:31Z,currencyservice,cartservice,0,0,0,0,0,0,0
2026-10-04T14:09:31Z,currencyservice,checkoutservice,0,0,0,0,0,0,0
2026-10-04T14:09:31Z,currencyservice,currencyservice,0,0,0,0,0,0,0
2026-10-04T14:09:31Z,currencyservice,emailservice,0,0,0,0,0,0,0
2026-10-04T14:09:31Z,currencyservice,frontend,0,0,0,0,0,0,0
2026-10-04T14:09:31Z,currencyservice,kubernetes,0,0,0,0,0,0,0
2026-10-04T14:09:31Z,currencyservice,paymentservice,0,0,0,0,0,0,0
2026-10-04T14:09:31Z,currencyservice,productcatalogservice,0,0,0,0,0,0,0
2026-10-04T14:09:31Z,currencyservice,recommendationservice,0,0,0,0,0,0,0
2026-10-04T14:09:31Z,currencyservice,redis-cart,0,0,0,0,0,0,0
2026-10-04T14:09:31Z,currencyservice,shippingservice,0,0,0,0,0,0,0
2026-10-04T14:09:31Z,emailservice,adservice,0,0,0,0,0,0,0
2026-10-04T14:09:31Z,emailservice,cartservice,0,0,0,0,0,0,0
2026-10-04T14:09:31Z,emailservice,checkoutservice,0,0,0,0,0,0,0
2026-10-04T14:09:31Z,emailservice,currencyservice,0,0,0,0,0,0,0
2026-10-04T14:09:31Z,emailservice,emailservice,0,0,0,0,0,0,0
2026-10-04T14:09:31Z,emailservice,frontend,0,0,0,0,0,0,0
2026-10-04T14:09:31Z,emailservice,kubernetes,0,0,0,0,0,0,0
2026-10-04T14:09:31Z,emailservice,paymentservice,0,0,0,0,0,0,0
2026-10-04T14:09:31Z,emailservice,productcatalogservice,0,0,0,0,0,0,0
2026-10-04T14:09:31Z,emailservice,recommendationservice,0,0,0,0,0,0,0
2026-10-04T14:09:31Z,emailservice,redis-cart,0,0,0,0,0,0,0
2026-10-04T14:09:31Z,emailservice,shippingservice,0,0,0,0,0,0,0
2026-10-04T14:09:31Z,frontend,adservice,845210,845208,0,0,0,2547173,844877
2026-10-04T14:09:31Z,frontend,cartservice,1880486,1880469,0,0,4,10420028,1879456
2026-10-04T14:09:31Z,frontend,checkoutservice,398656,188682,0,40061,169944,62558457,188554
2026-10-04T14:09:31Z,frontend,currencyservice,2988897,2988881,0,0,0,15769349,2987340
2026-10-04T14:09:31Z,frontend,emailservice,0,0,0,0,0,0,0
2026-10-04T14:09:31Z,frontend,frontend,0,0,0,0,0,0,0
2026-10-04T14:09:31Z,frontend,kubernetes,0,0,0,0,0,0,0
2026-10-04T14:09:31Z,frontend,paymentservice,0,0,0,0,0,0,0
2026-10-04T14:09:31Z,frontend,productcatalogservice,8384945,8384881,0,0,0,57280006,8381221
2026-10-04T14:09:31Z,frontend,recommendationservice,2728615,1660785,0,112052,953221,825379766,1659966
2026-10-04T14:09:31Z,frontend,redis-cart,0,0,0,0,0,0,0
2026-10-04T14:09:31Z,frontend,shippingservice,309888,309886,0,0,0,939297,309775
2026-10-04T14:09:31Z,paymentservice,adservice,0,0,0,0,0,0,0
2026-10-04T14:09:31Z,paymentservice,cartservice,0,0,0,0,0,0,0
2026-10-04T14:09:31Z,paymentservice,checkoutservice,0,0,0,0,0,0,0
2026-10-04T14:09:31Z,paymentservice,currencyservice,0,0,0,0,0,0,0
2026-10-04T14:09:31Z,paymentservice,emailservice,0,0,0,0,0,0,0
2026-10-04T14:09:31Z,paymentservice,frontend,0,0,0,0,0,0,0
2026-10-04T14:09:31Z,paymentservice,kubernetes,0,0,0,0,0,0,0
2026-10-04T14:09:31Z,paymentservice,paymentservice,0,0,0,0,0,0,0
2026-10-04T14:09:31Z,paymentservice,productcatalogservice,0,0,0,0,0,0,0
2026-10-04T14:09:31Z,paymentservice,recommendationservice,0,0,0,0,0,0,0
2026-10-04T14:09:31Z,paymentservice,redis-cart,0,0,0,0,0,0,0
2026-10-04T14:09:31Z,paymentservice,shippingservice,0,0,0,0,0,0,0
2026-10-04T14:09:31Z,productcatalogservice,adservice,0,0,0,0,0,0,0
2026-10-04T14:09:31Z,productcatalogservice,cartservice,0,0,0,0,0,0,0
2026-10-04T14:09:31Z,productcatalogservice,checkoutservice,0,0,0,0,0,0,0
2026-10-04T14:09:31Z,productcatalogservice,currencyservice,0,0,0,0,0,0,0
2026-10-04T14:09:31Z,productcatalogservice,emailservice,0,0,0,0,0,0,0
2026-10-04T14:09:31Z,productcatalogservice,frontend,0,0,0,0,0,0,0
2026-10-04T14:09:31Z,productcatalogservice,kubernetes,0,0,0,0,0,0,0
2026-10-04T14:09:31Z,productcatalogservice,paymentservice,0,0,0,0,0,0,0
2026-10-04T14:09:31Z,productcatalogservice,productcatalogservice,0,0,0,0,0,0,0
2026-10-04T14:09:31Z,productcatalogservice,recommendationservice,0,0,0,0,0,0,0
2026-10-04T14:09:31Z,productcatalogservice,redis-cart,0,0,0,0,0,0,0
2026-10-04T14:09:31Z,productcatalogservice,shippingservice,0,0,0,0,0,0,0
2026-10-04T14:09:31Z,recommendationservice,adservice,0,0,0,0,0,0,0
2026-10-04T14:09:31Z,recommendationservice,cartservice,0,0,0,0,0,0,0
2026-10-04T14:09:31Z,recommendationservice,checkoutservice,0,0,0,0,0,0,0
2026-10-04T14:09:31Z,recommendationservice,currencyservice,0,0,0,0,0,0,0
2026-10-04T14:09:31Z,recommendationservice,emailservice,0,0,0,0,0,0,0
2026-10-04T14:09:31Z,recommendationservice,frontend,0,0,0,0,0,0,0
2026-10-04T14:09:31Z,recommendationservice,kubernetes,0,0,0,0,0,0,0
2026-10-04T14:09:31Z,recommendationservice,paymentservice,0,0,0,0,0,0,0
2026-10-04T14:09:31Z,recommendationservice,productcatalogservice,149819,149817,0,0,0,1046778,149363
2026-10-04T14:09:31Z,recommendationservice,recommendationservice,0,0,0,0,0,0,0
2026-10-04T14:09:31Z,recommendationservice,redis-cart,0,0,0,0,0,0,0
2026-10-04T14:09:31Z,recommendationservice,shippingservice,0,0,0,0,0,0,0
2026-10-04T14:09:31Z,redis-cart,adservice,0,0,0,0,0,0,0
2026-10-04T14:09:31Z,redis-cart,cartservice,0,0,0,0,0,0,0
2026-10-04T14:09:31Z,redis-cart,checkoutservice,0,0,0,0,0,0,0
2026-10-04T14:09:31Z,redis-cart,currencyservice,0,0,0,0,0,0,0
2026-10-04T14:09:31Z,redis-cart,emailservice,0,0,0,0,0,0,0
2026-10-04T14:09:31Z,redis-cart,frontend,0,0,0,0,0,0,0
2026-10-04T14:09:31Z,redis-cart,kubernetes,0,0,0,0,0,0,0
2026-10-04T14:09:31Z,redis-cart,paymentservice,0,0,0,0,0,0,0
2026-10-04T14:09:31Z,redis-cart,productcatalogservice,0,0,0,0,0,0,0
2026-10-04T14:09:31Z,redis-cart,recommendationservice,0,0,0,0,0,0,0
2026-10-04T14:09:31Z,redis-cart,redis-cart,0,0,0,0,0,0,0
2026-10-04T14:09:31Z,redis-cart,shippingservice,0,0,0,0,0,0,0
2026-10-04T14:09:31Z,shippingservice,adservice,0,0,0,0,0,0,0
2026-10-04T14:09:31Z,shippingservice,cartservice,0,0,0,0,0,0,0
2026-10-04T14:09:31Z,shippingservice,checkoutservice,0,0,0,0,0,0,0
2026-10-04T14:09:31Z,shippingservice,currencyservice,0,0,0,0,0,0,0
2026-10-04T14:09:31Z,shippingservice,emailservice,0,0,0,0,0,0,0
2026-10-04T14:09:31Z,shippingservice,frontend,0,0,0,0,0,0,0
2026-10-04T14:09:31Z,shippingservice,kubernetes,0,0,0,0,0,0,0
2026-10-04T14:09:31Z,shippingservice,paymentservice,0,0,0,0,0,0,0
2026-10-04T14:09:31Z,shippingservice,productcatalogservice,0,0,0,0,0,0,0
2026-10-04T14:09:31Z,shippingservice,recommendationservice,0,0,0,0,0,0,0
2026-10-04T14:09:31Z,shippingservice,redis-cart,0,0,0,0,0,0,0
2026-10-04T14:09:31Z,shippingservice,shippingservice,0,0,0,0,0,0,0
2026-10-04T14:09:32Z,adservice,adservice,0,0,0,0,0,0,0
2026-10-04T14:09:32Z,adservice,cartservice,0,0,0,0,0,0,0
2026-10-04T14:09:32Z,adservice,checkoutservice,0,0,0,0,0,0,0
2026-10-04T14:09:32Z,adservice,currencyservice,0,0,0,0,0,0,0
2026-10-04T14:09:32Z,adservice,emailservice,0,0,0,0,0,0,0
2026-10-04T14:09:32Z,adservice,frontend,0,0,0,0,0,0,0
2026-10-04T14:09:32Z,adservice,kubernetes,0,0,0,0,0,0,0
2026-10-04T14:09:32Z,adservice,paymentservice,0,0,0,0,0,0,0
2026-10-04T14:09:32Z,adservice,productcatalogservice,0,0,0,0,0,0,0
2026-10-04T14:09:32Z,adservice,recommendationservice,0,0,0,0,0,0,0
2026-10-04T14:09:32Z,adservice,redis-cart,0,0,0,0,0,0,0
2026-10-04T14:09:32Z,adservice,shippingservice,0,0,0,0,0,0,0
2026-10-04T14:09:32Z,cartservice,adservice,0,0,0,0,0,0,0
2026-10-04T14:09:32Z,cartservice,cartservice,0,0,0,0,0,0,0
2026-10-04T14:09:32Z,cartservice,checkoutservice,0,0,0,0,0,0,0
2026-10-04T14:09:32Z,cartservice,currencyservice,0,0,0,0,0,0,0
2026-10-04T14:09:32Z,cartservice,emailservice,0,0,0,0,0,0,0
2026-10-04T14:09:32Z,cartservice,frontend,0,0,0,0,0,0,0
2026-10-04T14:09:32Z,cartservice,kubernetes,0,0,0,0,0,0,0
2026-10-04T14:09:32Z,cartservice,paymentservice,0,0,0,0,0,0,0
2026-10-04T14:09:32Z,cartservice,productcatalogservice,0,0,0,0,0,0,0
2026-10-04T14:09:32Z,cartservice,recommendationservice,0,0,0,0,0,0,0
2026-10-04T14:09:32Z,cartservice,redis-cart,2,0,0,0,0,0,0
2026-10-04T14:09:32Z,cartservice,shippingservice,0,0,0,0,0,0,0
2026-10-04T14:09:32Z,checkoutservice,adservice,0,0,0,0,0,0,0
2026-10-04T14:09:32Z,checkoutservice,cartservice,56606,55674,0,100,0,681448,55655
2026-10-04T14:09:32Z,checkoutservice,checkoutservice,0,0,0,0,0,0,0
2026-10-04T14:09:32Z,checkoutservice,currencyservice,39702,39699,0,0,0,558603,39691
2026-10-04T14:09:32Z,checkoutservice,emailservice,10934,10647,0,66,0,371109,10643
2026-10-04T14:09:32Z,checkoutservice,frontend,0,0,0,0,0,0,0
2026-10-04T14:09:32Z,checkoutservice,kubernetes,0,0,0,0,0,0,0
2026-10-04T14:09:32Z,checkoutservice,paymentservice,32963,31115,0,192,0,429339,30961
2026-10-04T14:09:32Z,checkoutservice,productcatalogservice,0,0,0,0,0,0,0
2026-10-04T14:09:32Z,checkoutservice,recommendationservice,0,0,0,0,0,0,0
2026-10-04T14:09:32Z,checkoutservice,redis-cart,0,0,0,0,0,0,0
2026-10-04T14:09:32Z,checkoutservice,shippingservice,61916,59812,0,154,0,503615,59793
2026-10-04T14:09:32Z,currencyservice,adservice,0,0,0,0,0,0,0
2026-10-04T14:09:32Z,currencyservice,cartservice,0,0,0,0,0,0,0
2026-10-04T14:09:32Z,currencyservice,checkoutservice,0,0,0,0,0,0,0
2026-10-04T14:09:32Z,currencyservice,currencyservice,0,0,0,0,0,0,0
2026-10-04T14:09:32Z,currencyservice,emailservice,0,0,0,0,0,0,0
2026-10-04T14:09:32Z,currencyservice,frontend,0,0,0,0,0,0,0
2026-10-04T14:09:32Z,currencyservice,kubernetes,0,0,0,0,0,0,0
2026-10-04T14:09:32Z,currencyservice,paymentservice,0,0,0,0,0,0,0
2026-10-04T14:09:32Z,currencyservice,productcatalogservice,0,0,0,0,0,0,0
2026-10-04T14:09:32Z,currencyservice,recommendationservice,0,0,0,0,0,0,0
2026-10-04T14:09:32Z,currencyservice,redis-cart,0,0,0,0,0,0,0
2026-10-04T14:09:32Z,currencyservice,shippingservice,0,0,0,0,0,0,0
2026-10-04T14:09:32Z,emailservice,adservice,0,0,0,0,0,0,0
2026-10-04T14:09:32Z,emailservice,cartservice,0,0,0,0,0,0,0
2026-10-04T14:09:32Z,emailservice,checkoutservice,0,0,0,0,0,0,0
2026-10-04T14:09:32Z,emailservice,currencyservice,0,0,0,0,0,0,0
2026-10-04T14:09:32Z,emailservice,emailservice,0,0,0,0,0,0,0
2026-10-04T14:09:32Z,emailservice,frontend,0,0,0,0,0,0,0
2026-10-04T14:09:32Z,emailservice,kubernetes,0,0,0,0,0,0,0
2026-10-04T14:09:32Z,emailservice,paymentservice,0,0,0,0,0,0,0
2026-10-04T14:09:32Z,emailservice,productcatalogservice,0,0,0,0,0,0,0
2026-10-04T14:09:32Z,emailservice,recommendationservice,0,0,0,0,0,0,0
2026-10-04T14:09:32Z,emailservice,redis-cart,0,0,0,0,0,0,0
2026-10-04T14:09:32Z,emailservice,shippingservice,0,0,0,0,0,0,0
2026-10-04T14:09:32Z,frontend,adservice,845297,845295,0,0,0,2547173,844877
2026-10-04T14:09:32Z,frontend,cartservice,1880826,1880810,0,0,4,10420028,1879456
2026-10-04T14:09:32Z,frontend,checkoutservice,398701,188733,0,40061,169944,62558457,188554
2026-10-04T14:09:32Z,frontend,currencyservice,2989421,2989413,0,0,0,15769349,2987340
2026-10-04T14:09:32Z,frontend,emailservice,0,0,0,0,0,0,0
2026-10-04T14:09:32Z,frontend,frontend,0,0,0,0,0,0,0
2026-10-04T14:09:32Z,frontend,kubernetes,0,0,0,0,0,0,0
2026-10-04T14:09:32Z,frontend,paymentservice,0,0,0,0,0,0,0
2026-10-04T14:09:32Z,frontend,productcatalogservice,8386083,8386015,0,0,0,57280006,8381221
2026-10-04T14:09:32Z,frontend,recommendationservice,2729434,1661073,0,112097,953690,825379766,1659966
2026-10-04T14:09:32Z,frontend,redis-cart,0,0,0,0,0,0,0
2026-10-04T14:09:32Z,frontend,shippingservice,309931,309929,0,0,0,939297,309775
2026-10-04T14:09:32Z,paymentservice,adservice,0,0,0,0,0,0,0
2026-10-04T14:09:32Z,paymentservice,cartservice,0,0,0,0,0,0,0
2026-10-04T14:09:32Z,paymentservice,checkoutservice,0,0,0,0,0,0,0
2026-10-04T14:09:32Z,paymentservice,currencyservice,0,0,0,0,0,0,0
2026-10-04T14:09:32Z,paymentservice,emailservice,0,0,0,0,0,0,0
2026-10-04T14:09:32Z,paymentservice,frontend,0,0,0,0,0,0,0
2026-10-04T14:09:32Z,paymentservice,kubernetes,0,0,0,0,0,0,0
2026-10-04T14:09:32Z,paymentservice,paymentservice,0,0,0,0,0,0,0
2026-10-04T14:09:32Z,paymentservice,productcatalogservice,0,0,0,0,0,0,0
2026-10-04T14:09:32Z,paymentservice,recommendationservice,0,0,0,0,0,0,0
2026-10-04T14:09:32Z,paymentservice,redis-cart,0,0,0,0,0,0,0
2026-10-04T14:09:32Z,paymentservice,shippingservice,0,0,0,0,0,0,0
2026-10-04T14:09:32Z,productcatalogservice,adservice,0,0,0,0,0,0,0
2026-10-04T14:09:32Z,productcatalogservice,cartservice,0,0,0,0,0,0,0
2026-10-04T14:09:32Z,productcatalogservice,checkoutservice,0,0,0,0,0,0,0
2026-10-04T14:09:32Z,productcatalogservice,currencyservice,0,0,0,0,0,0,0
2026-10-04T14:09:32Z,productcatalogservice,emailservice,0,0,0,0,0,0,0
2026-10-04T14:09:32Z,productcatalogservice,frontend,0,0,0,0,0,0,0
2026-10-04T14:09:32Z,productcatalogservice,kubernetes,0,0,0,0,0,0,0
2026-10-04T14:09:32Z,productcatalogservice,paymentservice,0,0,0,0,0,0,0
2026-10-04T14:09:32Z,productcatalogservice,productcatalogservice,0,0,0,0,0,0,0
2026-10-04T14:09:32Z,productcatalogservice,recommendationservice,0,0,0,0,0,0,0
2026-10-04T14:09:32Z,productcatalogservice,redis-cart,0,0,0,0,0,0,0
2026-10-04T14:09:32Z,productcatalogservice,shippingservice,0,0,0,0,0,0,0
2026-10-04T14:09:32Z,recommendationservice,adservice,0,0,0,0,0,0,0
2026-10-04T14:09:32Z,recommendationservice,cartservice,0,0,0,0,0,0,0
2026-10-04T14:09:32Z,recommendationservice,checkoutservice,0,0,0,0,0,0,0
2026-10-04T14:09:32Z,recommendationservice,currencyservice,0,0,0,0,0,0,0
2026-10-04T14:09:32Z,recommendationservice,emailservice,0,0,0,0,0,0,0
2026-10-04T14:09:32Z,recommendationservice,frontend,0,0,0,0,0,0,0
2026-10-04T14:09:32Z,recommendationservice,kubernetes,0,0,0,0,0,0,0
2026-10-04T14:09:32Z,recommendationservice,paymentservice,0,0,0,0,0,0,0
2026-10-04T14:09:32Z,recommendationservice,productcatalogservice,150192,150190,0,0,0,1046778,149363
2026-10-04T14:09:32Z,recommendationservice,recommendationservice,0,0,0,0,0,0,0
2026-10-04T14:09:32Z,recommendationservice,redis-cart,0,0,0,0,0,0,0
2026-10-04T14:09:32Z,recommendationservice,shippingservice,0,0,0,0,0,0,0
2026-10-04T14:09:32Z,redis-cart,adservice,0,0,0,0,0,0,0
2026-10-04T14:09:32Z,redis-cart,cartservice,0,0,0,0,0,0,0
2026-10-04T14:09:32Z,redis-cart,checkoutservice,0,0,0,0,0,0,0
2026-10-04T14:09:32Z,redis-cart,currencyservice,0,0,0,0,0,0,0
2026-10-04T14:09:32Z,redis-cart,emailservice,0,0,0,0,0,0,0
2026-10-04T14:09:32Z,redis-cart,frontend,0,0,0,0,0,0,0
2026-10-04T14:09:32Z,redis-cart,kubernetes,0,0,0,0,0,0,0
2026-10-04T14:09:32Z,redis-cart,paymentservice,0,0,0,0,0,0,0
2026-10-04T14:09:32Z,redis-cart,productcatalogservice,0,0,0,0,0,0,0
2026-10-04T14:09:32Z,redis-cart,recommendationservice,0,0,0,0,0,0,0
2026-10-04T14:09:32Z,redis-cart,redis-cart,0,0,0,0,0,0,0
2026-10-04T14:09:32Z,redis-cart,shippingservice,0,0,0,0,0,0,0
2026-10-04T14:09:32Z,shippingservice,adservice,0,0,0,0,0,0,0
2026-10-04T14:09:32Z,shippingservice,cartservice,0,0,0,0,0,0,0
2026-10-04T14:09:32Z,shippingservice,checkoutservice,0,0,0,0,0,0,0
2026-10-04T14:09:32Z,shippingservice,currencyservice,0,0,0,0,0,0,0
2026-10-04T14:09:32Z,shippingservice,emailservice,0,0,0,0,0,0,0
2026-10-04T14:09:32Z,shippingservice,frontend,0,0,0,0,0,0,0
2026-10-04T14:09:32Z,shippingservice,kubernetes,0,0,0,0,0,0,0
2026-10-04T14:09:32Z,shippingservice,paymentservice,0,0,0,0,0,0,0
2026-10-04T14:09:32Z,shippingservice,productcatalogservice,0,0,0,0,0,0,0
2026-10-04T14:09:32Z,shippingservice,recommendationservice,0,0,0,0,0,0,0
2026-10-04T14:09:32Z,shippingservice,redis-cart,0,0,0,0,0,0,0
2026-10-04T14:09:32Z,shippingservice,shippingservice,0,0,0,0,0,0,0
2026-10-04T14:09:33Z,adservice,adservice,0,0,0,0,0,0,0
2026-10-04T14:09:33Z,adservice,cartservice,0,0,0,0,0,0,0
2026-10-04T14:09:33Z,adservice,checkoutservice,0,0,0,0,0,0,0
2026-10-04T14:09:33Z,adservice,currencyservice,0,0,0,0,0,0,0
2026-10-04T14:09:33Z,adservice,emailservice,0,0,0,0,0,0,0
2026-10-04T14:09:33Z,adservice,frontend,0,0,0,0,0,0,0
2026-10-04T14:09:33Z,adservice,kubernetes,0,0,0,0,0,0,0
2026-10-04T14:09:33Z,adservice,paymentservice,0,0,0,0,0,0,0
2026-10-04T14:09:33Z,adservice,productcatalogservice,0,0,0,0,0,0,0
2026-10-04T14:09:33Z,adservice,recommendationservice,0,0,0,0,0,0,0
2026-10-04T14:09:33Z,adservice,redis-cart,0,0,0,0,0,0,0
2026-10-04T14:09:33Z,adservice,shippingservice,0,0,0,0,0,0,0
2026-10-04T14:09:33Z,cartservice,adservice,0,0,0,0,0,0,0
2026-10-04T14:09:33Z,cartservice,cartservice,0,0,0,0,0,0,0
2026-10-04T14:09:33Z,cartservice,checkoutservice,0,0,0,0,0,0,0
2026-10-04T14:09:33Z,cartservice,currencyservice,0,0,0,0,0,0,0
2026-10-04T14:09:33Z,cartservice,emailservice,0,0,0,0,0,0,0
2026-10-04T14:09:33Z,cartservice,frontend,0,0,0,0,0,0,0
2026-10-04T14:09:33Z,cartservice,kubernetes,0,0,0,0,0,0,0
2026-10-04T14:09:33Z,cartservice,paymentservice,0,0,0,0,0,0,0
2026-10-04T14:09:33Z,cartservice,productcatalogservice,0,0,0,0,0,0,0
2026-10-04T14:09:33Z,cartservice,recommendationservice,0,0,0,0,0,0,0
2026-10-04T14:09:33Z,cartservice,redis-cart,2,0,0,0,0,0,0
2026-10-04T14:09:33Z,cartservice,shippingservice,0,0,0,0,0,0,0
2026-10-04T14:09:33Z,checkoutservice,adservice,0,0,0,0,0,0,0
2026-10-04T14:09:33Z,checkoutservice,cartservice,56694,55761,0,100,0,681448,55655
2026-10-04T14:09:33Z,checkoutservice,checkoutservice,0,0,0,0,0,0,0
2026-10-04T14:09:33Z,checkoutservice,currencyservice,39743,39743,0,0,0,558603,39691
2026-10-04T14:09:33Z,checkoutservice,emailservice,10980,10694,0,66,0,371109,10643
2026-10-04T14:09:33Z,checkoutservice,frontend,0,0,0,0,0,0,0
2026-10-04T14:09:33Z,checkoutservice,kubernetes,0,0,0,0,0,0,0
2026-10-04T14:09:33Z,checkoutservice,paymentservice,33009,31160,0,192,0,429339,30961
2026-10-04T14:09:33Z,checkoutservice,productcatalogservice,0,0,0,0,0,0,0
2026-10-04T14:09:33Z,checkoutservice,recommendationservice,0,0,0,0,0,0,0
2026-10-04T14:09:33Z,checkoutservice,redis-cart,0,0,0,0,0,0,0
2026-10-04T14:09:33Z,checkoutservice,shippingservice,62003,59900,0,154,0,503615,59793
2026-10-04T14:09:33Z,currencyservice,adservice,0,0,0,0,0,0,0
2026-10-04T14:09:33Z,currencyservice,cartservice,0,0,0,0,0,0,0
2026-10-04T14:09:33Z,currencyservice,checkoutservice,0,0,0,0,0,0,0
2026-10-04T14:09:33Z,currencyservice,currencyservice,0,0,0,0,0,0,0
2026-10-04T14:09:33Z,currencyservice,emailservice,0,0,0,0,0,0,0
2026-10-04T14:09:33Z,currencyservice,frontend,0,0,0,0,0,0,0
2026-10-04T14:09:33Z,currencyservice,kubernetes,0,0,0,0,0,0,0
2026-10-04T14:09:33Z,currencyservice,paymentservice,0,0,0,0,0,0,0
2026-10-04T14:09:33Z,currencyservice,productcatalogservice,0,0,0,0,0,0,0
2026-10-04T14:09:33Z,currencyservice,recommendationservice,0,0,0,0,0,0,0
2026-10-04T14:09:33Z,currencyservice,redis-cart,0,0,0,0,0,0,0
2026-10-04T14:09:33Z,currencyservice,shippingservice,0,0,0,0,0,0,0
2026-10-04T14:09:33Z,emailservice,adservice,0,0,0,0,0,0,0
2026-10-04T14:09:33Z,emailservice,cartservice,0,0,0,0,0,0,0
2026-10-04T14:09:33Z,emailservice,checkoutservice,0,0,0,0,0,0,0
2026-10-04T14:09:33Z,emailservice,currencyservice,0,0,0,0,0,0,0
2026-10-04T14:09:33Z,emailservice,emailservice,0,0,0,0,0,0,0
2026-10-04T14:09:33Z,emailservice,frontend,0,0,0,0,0,0,0
2026-10-04T14:09:33Z,emailservice,kubernetes,0,0,0,0,0,0,0
2026-10-04T14:09:33Z,emailservice,paymentservice,0,0,0,0,0,0,0
2026-10-04T14:09:33Z,emailservice,productcatalogservice,0,0,0,0,0,0,0
2026-10-04T14:09:33Z,emailservice,recommendationservice,0,0,0,0,0,0,0
2026-10-04T14:09:33Z,emailservice,redis-cart,0,0,0,0,0,0,0
2026-10-04T14:09:33Z,emailservice,shippingservice,0,0,0,0,0,0,0
2026-10-04T14:09:33Z,frontend,adservice,845405,845403,0,0,0,2547650,845019
2026-10-04T14:09:33Z,frontend,cartservice,1881187,1881174,0,0,4,10422452,1879916
2026-10-04T14:09:33Z,frontend,checkoutservice,398735,188767,0,40061,169944,62564542,188603
2026-10-04T14:09:33Z,frontend,currencyservice,2989962,2989953,0,0,0,15773426,2988051
2026-10-04T14:09:33Z,frontend,emailservice,0,0,0,0,0,0,0
2026-10-04T14:09:33Z,frontend,frontend,0,0,0,0,0,0,0
2026-10-04T14:09:33Z,frontend,kubernetes,0,0,0,0,0,0,0
2026-10-04T14:09:33Z,frontend,paymentservice,0,0,0,0,0,0,0
2026-10-04T14:09:33Z,frontend,productcatalogservice,8387265,8387195,0,0,0,57292544,8382784
2026-10-04T14:09:33Z,frontend,recommendationservice,2730177,1661356,0,112167,954087,825756196,1660379
2026-10-04T14:09:33Z,frontend,redis-cart,0,0,0,0,0,0,0
2026-10-04T14:09:33Z,frontend,shippingservice,309965,309963,0,0,0,939449,309825
2026-10-04T14:09:33Z,paymentservice,adservice,0,0,0,0,0,0,0
2026-10-04T14:09:33Z,paymentservice,cartservice,0,0,0,0,0,0,0
2026-10-04T14:09:33Z,paymentservice,checkoutservice,0,0,0,0,0,0,0
2026-10-04T14:09:33Z,paymentservice,currencyservice,0,0,0,0,0,0,0
2026-10-04T14:09:33Z,paymentservice,emailservice,0,0,0,0,0,0,0
2026-10-04T14:09:33Z,paymentservice,frontend,0,0,0,0,0,0,0
2026-10-04T14:09:33Z,paymentservice,kubernetes,0,0,0,0,0,0,0
2026-10-04T14:09:33Z,paymentservice,paymentservice,0,0,0,0,0,0,0
2026-10-04T14:09:33Z,paymentservice,productcatalogservice,0,0,0,0,0,0,0
2026-10-04T14:09:33Z,paymentservice,recommendationservice,0,0,0,0,0,0,0
2026-10-04T14:09:33Z,paymentservice,redis-cart,0,0,0,0,0,0,0
2026-10-04T14:09:33Z,paymentservice,shippingservice,0,0,0,0,0,0,0
2026-10-04T14:09:33Z,productcatalogservice,adservice,0,0,0,0,0,0,0
2026-10-04T14:09:33Z,productcatalogservice,cartservice,0,0,0,0,0,0,0
2026-10-04T14:09:33Z,productcatalogservice,checkoutservice,0,0,0,0,0,0,0
2026-10-04T14:09:33Z,productcatalogservice,currencyservice,0,0,0,0,0,0,0
2026-10-04T14:09:33Z,productcatalogservice,emailservice,0,0,0,0,0,0,0
2026-10-04T14:09:33Z,productcatalogservice,frontend,0,0,0,0,0,0,0
2026-10-04T14:09:33Z,productcatalogservice,kubernetes,0,0,0,0,0,0,0
2026-10-04T14:09:33Z,productcatalogservice,paymentservice,0,0,0,0,0,0,0
2026-10-04T14:09:33Z,productcatalogservice,productcatalogservice,0,0,0,0,0,0,0
2026-10-04T14:09:33Z,productcatalogservice,recommendationservice,0,0,0,0,0,0,0
2026-10-04T14:09:33Z,productcatalogservice,redis-cart,0,0,0,0,0,0,0
2026-10-04T14:09:33Z,productcatalogservice,shippingservice,0,0,0,0,0,0,0
2026-10-04T14:09:33Z,recommendationservice,adservice,0,0,0,0,0,0,0
2026-10-04T14:09:33Z,recommendationservice,cartservice,0,0,0,0,0,0,0
2026-10-04T14:09:33Z,recommendationservice,checkoutservice,0,0,0,0,0,0,0
2026-10-04T14:09:33Z,recommendationservice,currencyservice,0,0,0,0,0,0,0
2026-10-04T14:09:33Z,recommendationservice,emailservice,0,0,0,0,0,0,0
2026-10-04T14:09:33Z,recommendationservice,frontend,0,0,0,0,0,0,0
2026-10-04T14:09:33Z,recommendationservice,kubernetes,0,0,0,0,0,0,0
2026-10-04T14:09:33Z,recommendationservice,paymentservice,0,0,0,0,0,0,0
2026-10-04T14:09:33Z,recommendationservice,productcatalogservice,150573,150573,0,0,0,1046778,149363
2026-10-04T14:09:33Z,recommendationservice,recommendationservice,0,0,0,0,0,0,0
2026-10-04T14:09:33Z,recommendationservice,redis-cart,0,0,0,0,0,0,0
2026-10-04T14:09:33Z,recommendationservice,shippingservice,0,0,0,0,0,0,0
2026-10-04T14:09:33Z,redis-cart,adservice,0,0,0,0,0,0,0
2026-10-04T14:09:33Z,redis-cart,cartservice,0,0,0,0,0,0,0
2026-10-04T14:09:33Z,redis-cart,checkoutservice,0,0,0,0,0,0,0
2026-10-04T14:09:33Z,redis-cart,currencyservice,0,0,0,0,0,0,0
2026-10-04T14:09:33Z,redis-cart,emailservice,0,0,0,0,0,0,0
2026-10-04T14:09:33Z,redis-cart,frontend,0,0,0,0,0,0,0
2026-10-04T14:09:33Z,redis-cart,kubernetes,0,0,0,0,0,0,0
2026-10-04T14:09:33Z,redis-cart,paymentservice,0,0,0,0,0,0,0
2026-10-04T14:09:33Z,redis-cart,productcatalogservice,0,0,0,0,0,0,0
2026-10-04T14:09:33Z,redis-cart,recommendationservice,0,0,0,0,0,0,0
2026-10-04T14:09:33Z,redis-cart,redis-cart,0,0,0,0,0,0,0
2026-10-04T14:09:33Z,redis-cart,shippingservice,0,0,0,0,0,0,0
2026-10-04T14:09:33Z,shippingservice,adservice,0,0,0,0,0,0,0
2026-10-04T14:09:33Z,shippingservice,cartservice,0,0,0,0,0,0,0
2026-10-04T14:09:33Z,shippingservice,checkoutservice,0,0,0,0,0,0,0
2026-10-04T14:09:33Z,shippingservice,currencyservice,0,0,0,0,0,0,0
2026-10-04T14:09:33Z,shippingservice,emailservice,0,0,0,0,0,0,0
2026-10-04T14:09:33Z,shippingservice,frontend,0,0,0,0,0,0,0
2026-10-04T14:09:33Z,shippingservice,kubernetes,0,0,0,0,0,0,0
2026-10-04T14:09:33Z,shippingservice,paymentservice,0,0,0,0,0,0,0
2026-10-04T14:09:33Z,shippingservice,productcatalogservice,0,0,0,0,0,0,0
2026-10-04T14:09:33Z,shippingservice,recommendationservice,0,0,0,0,0,0,0
2026-10-04T14:09:33Z,shippingservice,redis-cart,0,0,0,0,0,0,0
2026-10-04T14:09:33Z,shippingservice,shippingservice,0,0,0,0,0,0,0
2026-10-04T14:09:34Z,adservice,adservice,0,0,0,0,0,0,0
2026-10-04T14:09:34Z,adservice,cartservice,0,0,0,0,0,0,0
2026-10-04T14:09:34Z,adservice,checkoutservice,0,0,0,0,0,0,0
2026-10-04T14:09:34Z,adservice,currencyservice,0,0,0,0,0,0,0
2026-10-04T14:09:34Z,adservice,emailservice,0,0,0,0,0,0,0
2026-10-04T14:09:34Z,adservice,frontend,0,0,0,0,0,0,0
2026-10-04T14:09:34Z,adservice,kubernetes,0,0,0,0,0,0,0
2026-10-04T14:09:34Z,adservice,paymentservice,0,0,0,0,0,0,0
2026-10-04T14:09:34Z,adservice,productcatalogservice,0,0,0,0,0,0,0
2026-10-04T14:09:34Z,adservice,recommendationservice,0,0,0,0,0,0,0
2026-10-04T14:09:34Z,adservice,redis-cart,0,0,0,0,0,0,0
2026-10-04T14:09:34Z,adservice,shippingservice,0,0,0,0,0,0,0
2026-10-04T14:09:34Z,cartservice,adservice,0,0,0,0,0,0,0
2026-10-04T14:09:34Z,cartservice,cartservice,0,0,0,0,0,0,0
2026-10-04T14:09:34Z,cartservice,checkoutservice,0,0,0,0,0,0,0
2026-10-04T14:09:34Z,cartservice,currencyservice,0,0,0,0,0,0,0
2026-10-04T14:09:34Z,cartservice,emailservice,0,0,0,0,0,0,0
2026-10-04T14:09:34Z,cartservice,frontend,0,0,0,0,0,0,0
2026-10-04T14:09:34Z,cartservice,kubernetes,0,0,0,0,0,0,0
2026-10-04T14:09:34Z,cartservice,paymentservice,0,0,0,0,0,0,0
2026-10-04T14:09:34Z,cartservice,productcatalogservice,0,0,0,0,0,0,0
2026-10-04T14:09:34Z,cartservice,recommendationservice,0,0,0,0,0,0,0
2026-10-04T14:09:34Z,cartservice,redis-cart,2,0,0,0,0,0,0
2026-10-04T14:09:34Z,cartservice,shippingservice,0,0,0,0,0,0,0
2026-10-04T14:09:34Z,checkoutservice,adservice,0,0,0,0,0,0,0
2026-10-04T14:09:34Z,checkoutservice,cartservice,56777,55846,0,100,0,681448,55655
2026-10-04T14:09:34Z,checkoutservice,checkoutservice,0,0,0,0,0,0,0
2026-10-04T14:09:34Z,checkoutservice,currencyservice,39786,39786,0,0,0,558603,39691
2026-10-04T14:09:34Z,checkoutservice,emailservice,11024,10738,0,66,0,371109,10643
2026-10-04T14:09:34Z,checkoutservice,frontend,0,0,0,0,0,0,0
2026-10-04T14:09:34Z,checkoutservice,kubernetes,0,0,0,0,0,0,0
2026-10-04T14:09:34Z,checkoutservice,paymentservice,33052,31204,0,192,0,429339,30961
2026-10-04T14:09:34Z,checkoutservice,productcatalogservice,0,0,0,0,0,0,0
2026-10-04T14:09:34Z,checkoutservice,recommendationservice,0,0,0,0,0,0,0
2026-10-04T14:09:34Z,checkoutservice,redis-cart,0,0,0,0,0,0,0
2026-10-04T14:09:34Z,checkoutservice,shippingservice,62088,59985,0,154,0,503615,59793
2026-10-04T14:09:34Z,currencyservice,adservice,0,0,0,0,0,0,0
2026-10-04T14:09:34Z,currencyservice,cartservice,0,0,0,0,0,0,0
2026-10-04T14:09:34Z,currencyservice,checkoutservice,0,0,0,0,0,0,0
2026-10-04T14:09:34Z,currencyservice,currencyservice,0,0,0,0,0,0,0
2026-10-04T14:09:34Z,currencyservice,emailservice,0,0,0,0,0,0,0
2026-10-04T14:09:34Z,currencyservice,frontend,0,0,0,0,0,0,0
2026-10-04T14:09:34Z,currencyservice,kubernetes,0,0,0,0,0,0,0
2026-10-04T14:09:34Z,currencyservice,paymentservice,0,0,0,0,0,0,0
2026-10-04T14:09:34Z,currencyservice,productcatalogservice,0,0,0,0,0,0,0
2026-10-04T14:09:34Z,currencyservice,recommendationservice,0,0,0,0,0,0,0
2026-10-04T14:09:34Z,currencyservice,redis-cart,0,0,0,0,0,0,0
2026-10-04T14:09:34Z,currencyservice,shippingservice,0,0,0,0,0,0,0
2026-10-04T14:09:34Z,emailservice,adservice,0,0,0,0,0,0,0
2026-10-04T14:09:34Z,emailservice,cartservice,0,0,0,0,0,0,0
2026-10-04T14:09:34Z,emailservice,checkoutservice,0,0,0,0,0,0,0
2026-10-04T14:09:34Z,emailservice,currencyservice,0,0,0,0,0,0,0
2026-10-04T14:09:34Z,emailservice,emailservice,0,0,0,0,0,0,0
2026-10-04T14:09:34Z,emailservice,frontend,0,0,0,0,0,0,0
2026-10-04T14:09:34Z,emailservice,kubernetes,0,0,0,0,0,0,0
2026-10-04T14:09:34Z,emailservice,paymentservice,0,0,0,0,0,0,0
2026-10-04T14:09:34Z,emailservice,productcatalogservice,0,0,0,0,0,0,0
2026-10-04T14:09:34Z,emailservice,recommendationservice,0,0,0,0,0,0,0
2026-10-04T14:09:34Z,emailservice,redis-cart,0,0,0,0,0,0,0
2026-10-04T14:09:34Z,emailservice,shippingservice,0,0,0,0,0,0,0
2026-10-04T14:09:34Z,frontend,adservice,845509,845507,0,0,0,2548391,845300
2026-10-04T14:09:34Z,frontend,cartservice,1881535,1881522,0,0,4,10426602,1880878
2026-10-04T14:09:34Z,frontend,checkoutservice,398781,188811,0,40061,169944,62576916,188720
2026-10-04T14:09:34Z,frontend,currencyservice,2990493,2990484,0,0,0,15779631,2989494
2026-10-04T14:09:34Z,frontend,emailservice,0,0,0,0,0,0,0
2026-10-04T14:09:34Z,frontend,frontend,0,0,0,0,0,0,0
2026-10-04T14:09:34Z,frontend,kubernetes,0,0,0,0,0,0,0
2026-10-04T14:09:34Z,frontend,paymentservice,0,0,0,0,0,0,0
2026-10-04T14:09:34Z,frontend,productcatalogservice,8388536,8388467,0,0,0,57308180,8385995
2026-10-04T14:09:34Z,frontend,recommendationservice,2730970,1661650,0,112230,954536,826376606,1661106
2026-10-04T14:09:34Z,frontend,redis-cart,0,0,0,0,0,0,0
2026-10-04T14:09:34Z,frontend,shippingservice,310009,310007,0,0,0,939672,309919
2026-10-04T14:09:34Z,paymentservice,adservice,0,0,0,0,0,0,0
2026-10-04T14:09:34Z,paymentservice,cartservice,0,0,0,0,0,0,0
2026-10-04T14:09:34Z,paymentservice,checkoutservice,0,0,0,0,0,0,0
2026-10-04T14:09:34Z,paymentservice,currencyservice,0,0,0,0,0,0,0
2026-10-04T14:09:34Z,paymentservice,emailservice,0,0,0,0,0,0,0
2026-10-04T14:09:34Z,paymentservice,frontend,0,0,0,0,0,0,0
2026-10-04T14:09:34Z,paymentservice,kubernetes,0,0,0,0,0,0,0
2026-10-04T14:09:34Z,paymentservice,paymentservice,0,0,0,0,0,0,0
2026-10-04T14:09:34Z,paymentservice,productcatalogservice,0,0,0,0,0,0,0
2026-10-04T14:09:34Z,paymentservice,recommendationservice,0,0,0,0,0,0,0
2026-10-04T14:09:34Z,paymentservice,redis-cart,0,0,0,0,0,0,0
2026-10-04T14:09:34Z,paymentservice,shippingservice,0,0,0,0,0,0,0
2026-10-04T14:09:34Z,productcatalogservice,adservice,0,0,0,0,0,0,0
2026-10-04T14:09:34Z,productcatalogservice,cartservice,0,0,0,0,0,0,0
2026-10-04T14:09:34Z,productcatalogservice,checkoutservice,0,0,0,0,0,0,0
2026-10-04T14:09:34Z,productcatalogservice,currencyservice,0,0,0,0,0,0,0
2026-10-04T14:09:34Z,productcatalogservice,emailservice,0,0,0,0,0,0,0
2026-10-04T14:09:34Z,productcatalogservice,frontend,0,0,0,0,0,0,0
2026-10-04T14:09:34Z,productcatalogservice,kubernetes,0,0,0,0,0,0,0
2026-10-04T14:09:34Z,productcatalogservice,paymentservice,0,0,0,0,0,0,0
2026-10-04T14:09:34Z,productcatalogservice,productcatalogservice,0,0,0,0,0,0,0
2026-10-04T14:09:34Z,productcatalogservice,recommendationservice,0,0,0,0,0,0,0
2026-10-04T14:09:34Z,productcatalogservice,redis-cart,0,0,0,0,0,0,0
2026-10-04T14:09:34Z,productcatalogservice,shippingservice,0,0,0,0,0,0,0
2026-10-04T14:09:34Z,recommendationservice,adservice,0,0,0,0,0,0,0
2026-10-04T14:09:34Z,recommendationservice,cartservice,0,0,0,0,0,0,0
2026-10-04T14:09:34Z,recommendationservice,checkoutservice,0,0,0,0,0,0,0
2026-10-04T14:09:34Z,recommendationservice,currencyservice,0,0,0,0,0,0,0
2026-10-04T14:09:34Z,recommendationservice,emailservice,0,0,0,0,0,0,0
2026-10-04T14:09:34Z,recommendationservice,frontend,0,0,0,0,0,0,0
2026-10-04T14:09:34Z,recommendationservice,kubernetes,0,0,0,0,0,0,0
2026-10-04T14:09:34Z,recommendationservice,paymentservice,0,0,0,0,0,0,0
2026-10-04T14:09:34Z,recommendationservice,productcatalogservice,150948,150948,0,0,0,1046778,149363
2026-10-04T14:09:34Z,recommendationservice,recommendationservice,0,0,0,0,0,0,0
2026-10-04T14:09:34Z,recommendationservice,redis-cart,0,0,0,0,0,0,0
2026-10-04T14:09:34Z,recommendationservice,shippingservice,0,0,0,0,0,0,0
2026-10-04T14:09:34Z,redis-cart,adservice,0,0,0,0,0,0,0
2026-10-04T14:09:34Z,redis-cart,cartservice,0,0,0,0,0,0,0
2026-10-04T14:09:34Z,redis-cart,checkoutservice,0,0,0,0,0,0,0
2026-10-04T14:09:34Z,redis-cart,currencyservice,0,0,0,0,0,0,0
2026-10-04T14:09:34Z,redis-cart,emailservice,0,0,0,0,0,0,0
2026-10-04T14:09:34Z,redis-cart,frontend,0,0,0,0,0,0,0
2026-10-04T14:09:34Z,redis-cart,kubernetes,0,0,0,0,0,0,0
2026-10-04T14:09:34Z,redis-cart,paymentservice,0,0,0,0,0,0,0
2026-10-04T14:09:34Z,redis-cart,productcatalogservice,0,0,0,0,0,0,0
2026-10-04T14:09:34Z,redis-cart,recommendationservice,0,0,0,0,0,0,0
2026-10-04T14:09:34Z,redis-cart,redis-cart,0,0,0,0,0,0,0
2026-10-04T14:09:34Z,redis-cart,shippingservice,0,0,0,0,0,0,0
2026-10-04T14:09:34Z,shippingservice,adservice,0,0,0,0,0,0,0
2026-10-04T14:09:34Z,shippingservice,cartservice,0,0,0,0,0,0,0
2026-10-04T14:09:34Z,shippingservice,checkoutservice,0,0,0,0,0,0,0
2026-10-04T14:09:34Z,shippingservice,currencyservice,0,0,0,0,0,0,0
2026-10-04T14:09:34Z,shippingservice,emailservice,0,0,0,0,0,0,0
2026-10-04T14:09:34Z,shippingservice,frontend,0,0,0,0,0,0,0
2026-10-04T14:09:34Z,shippingservice,kubernetes,0,0,0,0,0,0,0
2026-10-04T14:09:34Z,shippingservice,paymentservice,0,0,0,0,0,0,0
2026-10-04T14:09:34Z,shippingservice,productcatalogservice,0,0,0,0,0,0,0
2026-10-04T14:09:34Z,shippingservice,recommendationservice,0,0,0,0,0,0,0
2026-10-04T14:09:34Z,shippingservice,redis-cart,0,0,0,0,0,0,0
2026-10-04T14:09:34Z,shippingservice,shippingservice,0,0,0,0,0,0,0
2026-10-04T14:09:35Z,adservice,adservice,0,0,0,0,0,0,0
2026-10-04T14:09:35Z,adservice,cartservice,0,0,0,0,0,0,0
2026-10-04T14:09:35Z,adservice,checkoutservice,0,0,0,0,0,0,0
2026-10-04T14:09:35Z,adservice,currencyservice,0,0,0,0,0,0,0
2026-10-04T14:09:35Z,adservice,emailservice,0,0,0,0,0,0,0
2026-10-04T14:09:35Z,adservice,frontend,0,0,0,0,0,0,0
2026-10-04T14:09:35Z,adservice,kubernetes,0,0,0,0,0,0,0
2026-10-04T14:09:35Z,adservice,paymentservice,0,0,0,0,0,0,0
2026-10-04T14:09:35Z,adservice,productcatalogservice,0,0,0,0,0,0,0
2026-10-04T14:09:35Z,adservice,recommendationservice,0,0,0,0,0,0,0
2026-10-04T14:09:35Z,adservice,redis-cart,0,0,0,0,0,0,0
2026-10-04T14:09:35Z,adservice,shippingservice,0,0,0,0,0,0,0
2026-10-04T14:09:35Z,cartservice,adservice,0,0,0,0,0,0,0
2026-10-04T14:09:35Z,cartservice,cartservice,0,0,0,0,0,0,0
2026-10-04T14:09:35Z,cartservice,checkoutservice,0,0,0,0,0,0,0
2026-10-04T14:09:35Z,cartservice,currencyservice,0,0,0,0,0,0,0
2026-10-04T14:09:35Z,cartservice,emailservice,0,0,0,0,0,0,0
2026-10-04T14:09:35Z,cartservice,frontend,0,0,0,0,0,0,0
2026-10-04T14:09:35Z,cartservice,kubernetes,0,0,0,0,0,0,0
2026-10-04T14:09:35Z,cartservice,paymentservice,0,0,0,0,0,0,0
2026-10-04T14:09:35Z,cartservice,productcatalogservice,0,0,0,0,0,0,0
2026-10-04T14:09:35Z,cartservice,recommendationservice,0,0,0,0,0,0,0
2026-10-04T14:09:35Z,cartservice,redis-cart,2,0,0,0,0,0,0
2026-10-04T14:09:35Z,cartservice,shippingservice,0,0,0,0,0,0,0
2026-10-04T14:09:35Z,checkoutservice,adservice,0,0,0,0,0,0,0
2026-10-04T14:09:35Z,checkoutservice,cartservice,56899,55968,0,100,0,681448,55655
2026-10-04T14:09:35Z,checkoutservice,checkoutservice,0,0,0,0,0,0,0
2026-10-04T14:09:35Z,checkoutservice,currencyservice,39847,39847,0,0,0,558603,39691
2026-10-04T14:09:35Z,checkoutservice,emailservice,11083,10790,0,66,0,371109,10643
2026-10-04T14:09:35Z,checkoutservice,frontend,0,0,0,0,0,0,0
2026-10-04T14:09:35Z,checkoutservice,kubernetes,0,0,0,0,0,0,0
2026-10-04T14:09:35Z,checkoutservice,paymentservice,33113,31265,0,192,0,429339,30961
2026-10-04T14:09:35Z,checkoutservice,productcatalogservice,0,0,0,0,0,0,0
2026-10-04T14:09:35Z,checkoutservice,recommendationservice,0,0,0,0,0,0,0
2026-10-04T14:09:35Z,checkoutservice,redis-cart,0,0,0,0,0,0,0
2026-10-04T14:09:35Z,checkoutservice,shippingservice,62210,60107,0,154,0,503615,59793
2026-10-04T14:09:35Z,currencyservice,adservice,0,0,0,0,0,0,0
2026-10-04T14:09:35Z,currencyservice,cartservice,0,0,0,0,0,0,0
2026-10-04T14:09:35Z,currencyservice,checkoutservice,0,0,0,0,0,0,0
2026-10-04T14:09:35Z,currencyservice,currencyservice,0,0,0,0,0,0,0
2026-10-04T14:09:35Z,currencyservice,emailservice,0,0,0,0,0,0,0
2026-10-04T14:09:35Z,currencyservice,frontend,0,0,0,0,0,0,0
2026-10-04T14:09:35Z,currencyservice,kubernetes,0,0,0,0,0,0,0
2026-10-04T14:09:35Z,currencyservice,paymentservice,0,0,0,0,0,0,0
2026-10-04T14:09:35Z,currencyservice,productcatalogservice,0,0,0,0,0,0,0
2026-10-04T14:09:35Z,currencyservice,recommendationservice,0,0,0,0,0,0,0
2026-10-04T14:09:35Z,currencyservice,redis-cart,0,0,0,0,0,0,0
2026-10-04T14:09:35Z,currencyservice,shippingservice,0,0,0,0,0,0,0
2026-10-04T14:09:35Z,emailservice,adservice,0,0,0,0,0,0,0
2026-10-04T14:09:35Z,emailservice,cartservice,0,0,0,0,0,0,0
2026-10-04T14:09:35Z,emailservice,checkoutservice,0,0,0,0,0,0,0
2026-10-04T14:09:35Z,emailservice,currencyservice,0,0,0,0,0,0,0
2026-10-04T14:09:35Z,emailservice,emailservice,0,0,0,0,0,0,0
2026-10-04T14:09:35Z,emailservice,frontend,0,0,0,0,0,0,0
2026-10-04T14:09:35Z,emailservice,kubernetes,0,0,0,0,0,0,0
2026-10-04T14:09:35Z,emailservice,paymentservice,0,0,0,0,0,0,0
2026-10-04T14:09:35Z,emailservice,productcatalogservice,0,0,0,0,0,0,0
2026-10-04T14:09:35Z,emailservice,recommendationservice,0,0,0,0,0,0,0
2026-10-04T14:09:35Z,emailservice,redis-cart,0,0,0,0,0,0,0
2026-10-04T14:09:35Z,emailservice,shippingservice,0,0,0,0,0,0,0
2026-10-04T14:09:35Z,frontend,adservice,845674,845672,0,0,0,2548740,845443
2026-10-04T14:09:35Z,frontend,cartservice,1881961,1881949,0,0,4,10428655,1881275
2026-10-04T14:09:35Z,frontend,checkoutservice,398840,188861,0,40061,169944,62582576,188780
2026-10-04T14:09:35Z,frontend,currencyservice,2991160,2991151,0,0,0,15782990,2990122
2026-10-04T14:09:35Z,frontend,emailservice,0,0,0,0,0,0,0
2026-10-04T14:09:35Z,frontend,frontend,0,0,0,0,0,0,0
2026-10-04T14:09:35Z,frontend,kubernetes,0,0,0,0,0,0,0
2026-10-04T14:09:35Z,frontend,paymentservice,0,0,0,0,0,0,0
2026-10-04T14:09:35Z,frontend,productcatalogservice,8390238,8390164,0,0,0,57320070,8387599
2026-10-04T14:09:35Z,frontend,recommendationservice,2731710,1662035,0,112292,954871,826658701,1661436
2026-10-04T14:09:35Z,frontend,redis-cart,0,0,0,0,0,0,0
2026-10-04T14:09:35Z,frontend,shippingservice,310065,310063,0,0,0,939785,309975
2026-10-04T14:09:35Z,paymentservice,adservice,0,0,0,0,0,0,0
2026-10-04T14:09:35Z,paymentservice,cartservice,0,0,0,0,0,0,0
2026-10-04T14:09:35Z,paymentservice,checkoutservice,0,0,0,0,0,0,0
2026-10-04T14:09:35Z,paymentservice,currencyservice,0,0,0,0,0,0,0
2026-10-04T14:09:35Z,paymentservice,emailservice,0,0,0,0,0,0,0
2026-10-04T14:09:35Z,paymentservice,frontend,0,0,0,0,0,0,0
2026-10-04T14:09:35Z,paymentservice,kubernetes,0,0,0,0,0,0,0
2026-10-04T14:09:35Z,paymentservice,paymentservice,0,0,0,0,0,0,0
2026-10-04T14:09:35Z,paymentservice,productcatalogservice,0,0,0,0,0,0,0
2026-10-04T14:09:35Z,paymentservice,recommendationservice,0,0,0,0,0,0,0
2026-10-04T14:09:35Z,paymentservice,redis-cart,0,0,0,0,0,0,0
2026-10-04T14:09:35Z,paymentservice,shippingservice,0,0,0,0,0,0,0
2026-10-04T14:09:35Z,productcatalogservice,adservice,0,0,0,0,0,0,0
2026-10-04T14:09:35Z,productcatalogservice,cartservice,0,0,0,0,0,0,0
2026-10-04T14:09:35Z,productcatalogservice,checkoutservice,0,0,0,0,0,0,0
2026-10-04T14:09:35Z,productcatalogservice,currencyservice,0,0,0,0,0,0,0
2026-10-04T14:09:35Z,productcatalogservice,emailservice,0,0,0,0,0,0,0
2026-10-04T14:09:35Z,productcatalogservice,frontend,0,0,0,0,0,0,0
2026-10-04T14:09:35Z,productcatalogservice,kubernetes,0,0,0,0,0,0,0
2026-10-04T14:09:35Z,productcatalogservice,paymentservice,0,0,0,0,0,0,0
2026-10-04T14:09:35Z,productcatalogservice,productcatalogservice,0,0,0,0,0,0,0
2026-10-04T14:09:35Z,productcatalogservice,recommendationservice,0,0,0,0,0,0,0
2026-10-04T14:09:35Z,productcatalogservice,redis-cart,0,0,0,0,0,0,0
2026-10-04T14:09:35Z,productcatalogservice,shippingservice,0,0,0,0,0,0,0
2026-10-04T14:09:35Z,recommendationservice,adservice,0,0,0,0,0,0,0
2026-10-04T14:09:35Z,recommendationservice,cartservice,0,0,0,0,0,0,0
2026-10-04T14:09:35Z,recommendationservice,checkoutservice,0,0,0,0,0,0,0
2026-10-04T14:09:35Z,recommendationservice,currencyservice,0,0,0,0,0,0,0
2026-10-04T14:09:35Z,recommendationservice,emailservice,0,0,0,0,0,0,0
2026-10-04T14:09:35Z,recommendationservice,frontend,0,0,0,0,0,0,0
2026-10-04T14:09:35Z,recommendationservice,kubernetes,0,0,0,0,0,0,0
2026-10-04T14:09:35Z,recommendationservice,paymentservice,0,0,0,0,0,0,0
2026-10-04T14:09:35Z,recommendationservice,productcatalogservice,151358,151357,0,0,0,1056978,151313
2026-10-04T14:09:35Z,recommendationservice,recommendationservice,0,0,0,0,0,0,0
2026-10-04T14:09:35Z,recommendationservice,redis-cart,0,0,0,0,0,0,0
2026-10-04T14:09:35Z,recommendationservice,shippingservice,0,0,0,0,0,0,0
2026-10-04T14:09:35Z,redis-cart,adservice,0,0,0,0,0,0,0
2026-10-04T14:09:35Z,redis-cart,cartservice,0,0,0,0,0,0,0
2026-10-04T14:09:35Z,redis-cart,checkoutservice,0,0,0,0,0,0,0
2026-10-04T14:09:35Z,redis-cart,currencyservice,0,0,0,0,0,0,0
2026-10-04T14:09:35Z,redis-cart,emailservice,0,0,0,0,0,0,0
2026-10-04T14:09:35Z,redis-cart,frontend,0,0,0,0,0,0,0
2026-10-04T14:09:35Z,redis-cart,kubernetes,0,0,0,0,0,0,0
2026-10-04T14:09:35Z,redis-cart,paymentservice,0,0,0,0,0,0,0
2026-10-04T14:09:35Z,redis-cart,productcatalogservice,0,0,0,0,0,0,0
2026-10-04T14:09:35Z,redis-cart,recommendationservice,0,0,0,0,0,0,0
2026-10-04T14:09:35Z,redis-cart,redis-cart,0,0,0,0,0,0,0
2026-10-04T14:09:35Z,redis-cart,shippingservice,0,0,0,0,0,0,0
2026-10-04T14:09:35Z,shippingservice,adservice,0,0,0,0,0,0,0
2026-10-04T14:09:35Z,shippingservice,cartservice,0,0,0,0,0,0,0
2026-10-04T14:09:35Z,shippingservice,checkoutservice,0,0,0,0,0,0,0
2026-10-04T14:09:35Z,shippingservice,currencyservice,0,0,0,0,0,0,0
2026-10-04T14:09:35Z,shippingservice,emailservice,0,0,0,0,0,0,0
2026-10-04T14:09:35Z,shippingservice,frontend,0,0,0,0,0,0,0
2026-10-04T14:09:35Z,shippingservice,kubernetes,0,0,0,0,0,0,0
2026-10-04T14:09:35Z,shippingservice,paymentservice,0,0,0,0,0,0,0
2026-10-04T14:09:35Z,shippingservice,productcatalogservice,0,0,0,0,0,0,0
2026-10-04T14:09:35Z,shippingservice,recommendationservice,0,0,0,0,0,0,0
2026-10-04T14:09:35Z,shippingservice,redis-cart,0,0,0,0,0,0,0
2026-10-04T14:09:35Z,shippingservice,shippingservice,0,0,0,0,0,0,0
2026-10-04T14:09:36Z,adservice,adservice,0,0,0,0,0,0,0
2026-10-04T14:09:36Z,adservice,cartservice,0,0,0,0,0,0,0
2026-10-04T14:09:36Z,adservice,checkoutservice,0,0,0,0,0,0,0
2026-10-04T14:09:36Z,adservice,currencyservice,0,0,0,0,0,0,0
2026-10-04T14:09:36Z,adservice,emailservice,0,0,0,0,0,0,0
2026-10-04T14:09:36Z,adservice,frontend,0,0,0,0,0,0,0
2026-10-04T14:09:36Z,adservice,kubernetes,0,0,0,0,0,0,0
2026-10-04T14:09:36Z,adservice,paymentservice,0,0,0,0,0,0,0
2026-10-04T14:09:36Z,adservice,productcatalogservice,0,0,0,0,0,0,0
2026-10-04T14:09:36Z,adservice,recommendationservice,0,0,0,0,0,0,0
2026-10-04T14:09:36Z,adservice,redis-cart,0,0,0,0,0,0,0
2026-10-04T14:09:36Z,adservice,shippingservice,0,0,0,0,0,0,0
2026-10-04T14:09:36Z,cartservice,adservice,0,0,0,0,0,0,0
2026-10-04T14:09:36Z,cartservice,cartservice,0,0,0,0,0,0,0
2026-10-04T14:09:36Z,cartservice,checkoutservice,0,0,0,0,0,0,0
2026-10-04T14:09:36Z,cartservice,currencyservice,0,0,0,0,0,0,0
2026-10-04T14:09:36Z,cartservice,emailservice,0,0,0,0,0,0,0
2026-10-04T14:09:36Z,cartservice,frontend,0,0,0,0,0,0,0
2026-10-04T14:09:36Z,cartservice,kubernetes,0,0,0,0,0,0,0
2026-10-04T14:09:36Z,cartservice,paymentservice,0,0,0,0,0,0,0
2026-10-04T14:09:36Z,cartservice,productcatalogservice,0,0,0,0,0,0,0
2026-10-04T14:09:36Z,cartservice,recommendationservice,0,0,0,0,0,0,0
2026-10-04T14:09:36Z,cartservice,redis-cart,2,0,0,0,0,0,0
2026-10-04T14:09:36Z,cartservice,shippingservice,0,0,0,0,0,0,0
2026-10-04T14:09:36Z,checkoutservice,adservice,0,0,0,0,0,0,0
2026-10-04T14:09:36Z,checkoutservice,cartservice,57019,56088,0,100,0,681448,55655
2026-10-04T14:09:36Z,checkoutservice,checkoutservice,0,0,0,0,0,0,0
2026-10-04T14:09:36Z,checkoutservice,currencyservice,39908,39907,0,0,0,558603,39691
2026-10-04T14:09:36Z,checkoutservice,emailservice,11141,10851,0,66,0,371109,10643
2026-10-04T14:09:36Z,checkoutservice,frontend,0,0,0,0,0,0,0
2026-10-04T14:09:36Z,checkoutservice,kubernetes,0,0,0,0,0,0,0
2026-10-04T14:09:36Z,checkoutservice,paymentservice,33173,31324,0,192,0,429339,30961
2026-10-04T14:09:36Z,checkoutservice,productcatalogservice,0,0,0,0,0,0,0
2026-10-04T14:09:36Z,checkoutservice,recommendationservice,0,0,0,0,0,0,0
2026-10-04T14:09:36Z,checkoutservice,redis-cart,0,0,0,0,0,0,0
2026-10-04T14:09:36Z,checkoutservice,shippingservice,62331,60228,0,154,0,503615,59793
2026-10-04T14:09:36Z,currencyservice,adservice,0,0,0,0,0,0,0
2026-10-04T14:09:36Z,currencyservice,cartservice,0,0,0,0,0,0,0
2026-10-04T14:09:36Z,currencyservice,checkoutservice,0,0,0,0,0,0,0
2026-10-04T14:09:36Z,currencyservice,currencyservice,0,0,0,0,0,0,0
2026-10-04T14:09:36Z,currencyservice,emailservice,0,0,0,0,0,0,0
2026-10-04T14:09:36Z,currencyservice,frontend,0,0,0,0,0,0,0
2026-10-04T14:09:36Z,currencyservice,kubernetes,0,0,0,0,0,0,0
2026-10-04T14:09:36Z,currencyservice,paymentservice,0,0,0,0,0,0,0
2026-10-04T14:09:36Z,currencyservice,productcatalogservice,0,0,0,0,0,0,0
2026-10-04T14:09:36Z,currencyservice,recommendationservice,0,0,0,0,0,0,0
2026-10-04T14:09:36Z,currencyservice,redis-cart,0,0,0,0,0,0,0
2026-10-04T14:09:36Z,currencyservice,shippingservice,0,0,0,0,0,0,0
2026-10-04T14:09:36Z,emailservice,adservice,0,0,0,0,0,0,0
2026-10-04T14:09:36Z,emailservice,cartservice,0,0,0,0,0,0,0
2026-10-04T14:09:36Z,emailservice,checkoutservice,0,0,0,0,0,0,0
2026-10-04T14:09:36Z,emailservice,currencyservice,0,0,0,0,0,0,0
2026-10-04T14:09:36Z,emailservice,emailservice,0,0,0,0,0,0,0
2026-10-04T14:09:36Z,emailservice,frontend,0,0,0,0,0,0,0
2026-10-04T14:09:36Z,emailservice,kubernetes,0,0,0,0,0,0,0
2026-10-04T14:09:36Z,emailservice,paymentservice,0,0,0,0,0,0,0
2026-10-04T14:09:36Z,emailservice,productcatalogservice,0,0,0,0,0,0,0
2026-10-04T14:09:36Z,emailservice,recommendationservice,0,0,0,0,0,0,0
2026-10-04T14:09:36Z,emailservice,redis-cart,0,0,0,0,0,0,0
2026-10-04T14:09:36Z,emailservice,shippingservice,0,0,0,0,0,0,0
2026-10-04T14:09:36Z,frontend,adservice,845817,845815,0,0,0,2548740,845443
2026-10-04T14:09:36Z,frontend,cartservice,1882344,1882331,0,0,4,10428655,1881275
2026-10-04T14:09:36Z,frontend,checkoutservice,398894,188926,0,40061,169944,62582576,188780
2026-10-04T14:09:36Z,frontend,currencyservice,2991786,2991774,0,0,0,15782990,2990122
2026-10-04T14:09:36Z,frontend,emailservice,0,0,0,0,0,0,0
2026-10-04T14:09:36Z,frontend,frontend,0,0,0,0,0,0,0
2026-10-04T14:09:36Z,frontend,kubernetes,0,0,0,0,0,0,0
2026-10-04T14:09:36Z,frontend,paymentservice,0,0,0,0,0,0,0
2026-10-04T14:09:36Z,frontend,productcatalogservice,8391764,8391697,0,0,0,57320070,8387599
2026-10-04T14:09:36Z,frontend,recommendationservice,2732436,1662374,0,112324,955195,826658701,1661436
2026-10-04T14:09:36Z,frontend,redis-cart,0,0,0,0,0,0,0
2026-10-04T14:09:36Z,frontend,shippingservice,310115,310113,0,0,0,939785,309975
2026-10-04T14:09:36Z,paymentservice,adservice,0,0,0,0,0,0,0
2026-10-04T14:09:36Z,paymentservice,cartservice,0,0,0,0,0,0,0
2026-10-04T14:09:36Z,paymentservice,checkoutservice,0,0,0,0,0,0,0
2026-10-04T14:09:36Z,paymentservice,currencyservice,0,0,0,0,0,0,0
2026-10-04T14:09:36Z,paymentservice,emailservice,0,0,0,0,0,0,0
2026-10-04T14:09:36Z,paymentservice,frontend,0,0,0,0,0,0,0
2026-10-04T14:09:36Z,paymentservice,kubernetes,0,0,0,0,0,0,0
2026-10-04T14:09:36Z,paymentservice,paymentservice,0,0,0,0,0,0,0
2026-10-04T14:09:36Z,paymentservice,productcatalogservice,0,0,0,0,0,0,0
2026-10-04T14:09:36Z,paymentservice,recommendationservice,0,0,0,0,0,0,0
2026-10-04T14:09:36Z,paymentservice,redis-cart,0,0,0,0,0,0,0
2026-10-04T14:09:36Z,paymentservice,shippingservice,0,0,0,0,0,0,0
2026-10-04T14:09:36Z,productcatalogservice,adservice,0,0,0,0,0,0,0
2026-10-04T14:09:36Z,productcatalogservice,cartservice,0,0,0,0,0,0,0
2026-10-04T14:09:36Z,productcatalogservice,checkoutservice,0,0,0,0,0,0,0
2026-10-04T14:09:36Z,productcatalogservice,currencyservice,0,0,0,0,0,0,0
2026-10-04T14:09:36Z,productcatalogservice,emailservice,0,0,0,0,0,0,0
2026-10-04T14:09:36Z,productcatalogservice,frontend,0,0,0,0,0,0,0
2026-10-04T14:09:36Z,productcatalogservice,kubernetes,0,0,0,0,0,0,0
2026-10-04T14:09:36Z,productcatalogservice,paymentservice,0,0,0,0,0,0,0
2026-10-04T14:09:36Z,productcatalogservice,productcatalogservice,0,0,0,0,0,0,0
2026-10-04T14:09:36Z,productcatalogservice,recommendationservice,0,0,0,0,0,0,0
2026-10-04T14:09:36Z,productcatalogservice,redis-cart,0,0,0,0,0,0,0
2026-10-04T14:09:36Z,productcatalogservice,shippingservice,0,0,0,0,0,0,0
2026-10-04T14:09:36Z,recommendationservice,adservice,0,0,0,0,0,0,0
2026-10-04T14:09:36Z,recommendationservice,cartservice,0,0,0,0,0,0,0
2026-10-04T14:09:36Z,recommendationservice,checkoutservice,0,0,0,0,0,0,0
2026-10-04T14:09:36Z,recommendationservice,currencyservice,0,0,0,0,0,0,0
2026-10-04T14:09:36Z,recommendationservice,emailservice,0,0,0,0,0,0,0
2026-10-04T14:09:36Z,recommendationservice,frontend,0,0,0,0,0,0,0
2026-10-04T14:09:36Z,recommendationservice,kubernetes,0,0,0,0,0,0,0
2026-10-04T14:09:36Z,recommendationservice,paymentservice,0,0,0,0,0,0,0
2026-10-04T14:09:36Z,recommendationservice,productcatalogservice,151760,151760,0,0,0,1056978,151313
2026-10-04T14:09:36Z,recommendationservice,recommendationservice,0,0,0,0,0,0,0
2026-10-04T14:09:36Z,recommendationservice,redis-cart,0,0,0,0,0,0,0
2026-10-04T14:09:36Z,recommendationservice,shippingservice,0,0,0,0,0,0,0
2026-10-04T14:09:36Z,redis-cart,adservice,0,0,0,0,0,0,0
2026-10-04T14:09:36Z,redis-cart,cartservice,0,0,0,0,0,0,0
2026-10-04T14:09:36Z,redis-cart,checkoutservice,0,0,0,0,0,0,0
2026-10-04T14:09:36Z,redis-cart,currencyservice,0,0,0,0,0,0,0
2026-10-04T14:09:36Z,redis-cart,emailservice,0,0,0,0,0,0,0
2026-10-04T14:09:36Z,redis-cart,frontend,0,0,0,0,0,0,0
2026-10-04T14:09:36Z,redis-cart,kubernetes,0,0,0,0,0,0,0
2026-10-04T14:09:36Z,redis-cart,paymentservice,0,0,0,0,0,0,0
2026-10-04T14:09:36Z,redis-cart,productcatalogservice,0,0,0,0,0,0,0
2026-10-04T14:09:36Z,redis-cart,recommendationservice,0,0,0,0,0,0,0
2026-10-04T14:09:36Z,redis-cart,redis-cart,0,0,0,0,0,0,0
2026-10-04T14:09:36Z,redis-cart,shippingservice,0,0,0,0,0,0,0
2026-10-04T14:09:36Z,shippingservice,adservice,0,0,0,0,0,0,0
2026-10-04T14:09:36Z,shippingservice,cartservice,0,0,0,0,0,0,0
2026-10-04T14:09:36Z,shippingservice,checkoutservice,0,0,0,0,0,0,0
2026-10-04T14:09:36Z,shippingservice,currencyservice,0,0,0,0,0,0,0
2026-10-04T14:09:36Z,shippingservice,emailservice,0,0,0,0,0,0,0
2026-10-04T14:09:36Z,shippingservice,frontend,0,0,0,0,0,0,0
2026-10-04T14:09:36Z,shippingservice,kubernetes,0,0,0,0,0,0,0
2026-10-04T14:09:36Z,shippingservice,paymentservice,0,0,0,0,0,0,0
2026-10-04T14:09:36Z,shippingservice,productcatalogservice,0,0,0,0,0,0,0
2026-10-04T14:09:36Z,shippingservice,recommendationservice,0,0,0,0,0,0,0
2026-10-04T14:09:36Z,shippingservice,redis-cart,0,0,0,0,0,0,0
2026-10-04T14:09:36Z,shippingservice,shippingservice,0,0,0,0,0,0,0
2026-10-04T14:09:37Z,adservice,adservice,0,0,0,0,0,0,0
2026-10-04T14:09:37Z,adservice,cartservice,0,0,0,0,0,0,0
2026-10-04T14:09:37Z,adservice,checkoutservice,0,0,0,0,0,0,0
2026-10-04T14:09:37Z,adservice,currencyservice,0,0,0,0,0,0,0
2026-10-04T14:09:37Z,adservice,emailservice,0,0,0,0,0,0,0
2026-10-04T14:09:37Z,adservice,frontend,0,0,0,0,0,0,0
2026-10-04T14:09:37Z,adservice,kubernetes,0,0,0,0,0,0,0
2026-10-04T14:09:37Z,adservice,paymentservice,0,0,0,0,0,0,0
2026-10-04T14:09:37Z,adservice,productcatalogservice,0,0,0,0,0,0,0
2026-10-04T14:09:37Z,adservice,recommendationservice,0,0,0,0,0,0,0
2026-10-04T14:09:37Z,adservice,redis-cart,0,0,0,0,0,0,0
2026-10-04T14:09:37Z,adservice,shippingservice,0,0,0,0,0,0,0
2026-10-04T14:09:37Z,cartservice,adservice,0,0,0,0,0,0,0
2026-10-04T14:09:37Z,cartservice,cartservice,0,0,0,0,0,0,0
2026-10-04T14:09:37Z,cartservice,checkoutservice,0,0,0,0,0,0,0
2026-10-04T14:09:37Z,cartservice,currencyservice,0,0,0,0,0,0,0
2026-10-04T14:09:37Z,cartservice,emailservice,0,0,0,0,0,0,0
2026-10-04T14:09:37Z,cartservice,frontend,0,0,0,0,0,0,0
2026-10-04T14:09:37Z,cartservice,kubernetes,0,0,0,0,0,0,0
2026-10-04T14:09:37Z,cartservice,paymentservice,0,0,0,0,0,0,0
2026-10-04T14:09:37Z,cartservice,productcatalogservice,0,0,0,0,0,0,0
2026-10-04T14:09:37Z,cartservice,recommendationservice,0,0,0,0,0,0,0
2026-10-04T14:09:37Z,cartservice,redis-cart,2,0,0,0,0,0,0
2026-10-04T14:09:37Z,cartservice,shippingservice,0,0,0,0,0,0,0
2026-10-04T14:09:37Z,checkoutservice,adservice,0,0,0,0,0,0,0
2026-10-04T14:09:37Z,checkoutservice,cartservice,57126,56195,0,100,0,683839,56153
2026-10-04T14:09:37Z,checkoutservice,checkoutservice,0,0,0,0,0,0,0
2026-10-04T14:09:37Z,checkoutservice,currencyservice,39960,39959,0,0,0,559685,39940
2026-10-04T14:09:37Z,checkoutservice,emailservice,11196,10908,0,66,0,380479,10891
2026-10-04T14:09:37Z,checkoutservice,frontend,0,0,0,0,0,0,0
2026-10-04T14:09:37Z,checkoutservice,kubernetes,0,0,0,0,0,0,0
2026-10-04T14:09:37Z,checkoutservice,paymentservice,33224,31376,0,192,0,430155,31210
2026-10-04T14:09:37Z,checkoutservice,productcatalogservice,0,0,0,0,0,0,0
2026-10-04T14:09:37Z,checkoutservice,recommendationservice,0,0,0,0,0,0,0
2026-10-04T14:09:37Z,checkoutservice,redis-cart,0,0,0,0,0,0,0
2026-10-04T14:09:37Z,checkoutservice,shippingservice,62437,60334,0,154,0,504785,60291
2026-10-04T14:09:37Z,currencyservice,adservice,0,0,0,0,0,0,0
2026-10-04T14:09:37Z,currencyservice,cartservice,0,0,0,0,0,0,0
2026-10-04T14:09:37Z,currencyservice,checkoutservice,0,0,0,0,0,0,0
2026-10-04T14:09:37Z,currencyservice,currencyservice,0,0,0,0,0,0,0
2026-10-04T14:09:37Z,currencyservice,emailservice,0,0,0,0,0,0,0
2026-10-04T14:09:37Z,currencyservice,frontend,0,0,0,0,0,0,0
2026-10-04T14:09:37Z,currencyservice,kubernetes,0,0,0,0,0,0,0
2026-10-04T14:09:37Z,currencyservice,paymentservice,0,0,0,0,0,0,0
2026-10-04T14:09:37Z,currencyservice,productcatalogservice,0,0,0,0,0,0,0
2026-10-04T14:09:37Z,currencyservice,recommendationservice,0,0,0,0,0,0,0
2026-10-04T14:09:37Z,currencyservice,redis-cart,0,0,0,0,0,0,0
2026-10-04T14:09:37Z,currencyservice,shippingservice,0,0,0,0,0,0,0
2026-10-04T14:09:37Z,emailservice,adservice,0,0,0,0,0,0,0
2026-10-04T14:09:37Z,emailservice,cartservice,0,0,0,0,0,0,0
2026-10-04T14:09:37Z,emailservice,checkoutservice,0,0,0,0,0,0,0
2026-10-04T14:09:37Z,emailservice,currencyservice,0,0,0,0,0,0,0
2026-10-04T14:09:37Z,emailservice,emailservice,0,0,0,0,0,0,0
2026-10-04T14:09:37Z,emailservice,frontend,0,0,0,0,0,0,0
2026-10-04T14:09:37Z,emailservice,kubernetes,0,0,0,0,0,0,0
2026-10-04T14:09:37Z,emailservice,paymentservice,0,0,0,0,0,0,0
2026-10-04T14:09:37Z,emailservice,productcatalogservice,0,0,0,0,0,0,0
2026-10-04T14:09:37Z,emailservice,recommendationservice,0,0,0,0,0,0,0
2026-10-04T14:09:37Z,emailservice,redis-cart,0,0,0,0,0,0,0
2026-10-04T14:09:37Z,emailservice,shippingservice,0,0,0,0,0,0,0
2026-10-04T14:09:37Z,frontend,adservice,845961,845959,0,0,0,2548740,845443
2026-10-04T14:09:37Z,frontend,cartservice,1882762,1882748,0,0,4,10428655,1881275
2026-10-04T14:09:37Z,frontend,checkoutservice,398953,188986,0,40061,169944,62582576,188780
2026-10-04T14:09:37Z,frontend,currencyservice,2992461,2992451,0,0,0,15782990,2990122
2026-10-04T14:09:37Z,frontend,emailservice,0,0,0,0,0,0,0
2026-10-04T14:09:37Z,frontend,frontend,0,0,0,0,0,0,0
2026-10-04T14:09:37Z,frontend,kubernetes,0,0,0,0,0,0,0
2026-10-04T14:09:37Z,frontend,paymentservice,0,0,0,0,0,0,0
2026-10-04T14:09:37Z,frontend,productcatalogservice,8393503,8393424,0,0,0,57320070,8387599
2026-10-04T14:09:37Z,frontend,recommendationservice,2733163,1662767,0,112374,955511,826658701,1661436
2026-10-04T14:09:37Z,frontend,redis-cart,0,0,0,0,0,0,0
2026-10-04T14:09:37Z,frontend,shippingservice,310179,310177,0,0,0,939785,309975
2026-10-04T14:09:37Z,paymentservice,adservice,0,0,0,0,0,0,0
2026-10-04T14:09:37Z,paymentservice,cartservice,0,0,0,0,0,0,0
2026-10-04T14:09:37Z,paymentservice,checkoutservice,0,0,0,0,0,0,0
2026-10-04T14:09:37Z,paymentservice,currencyservice,0,0,0,0,0,0,0
2026-10-04T14:09:37Z,paymentservice,emailservice,0,0,0,0,0,0,0
2026-10-04T14:09:37Z,paymentservice,frontend,0,0,0,0,0,0,0
2026-10-04T14:09:37Z,paymentservice,kubernetes,0,0,0,0,0,0,0
2026-10-04T14:09:37Z,paymentservice,paymentservice,0,0,0,0,0,0,0
2026-10-04T14:09:37Z,paymentservice,productcatalogservice,0,0,0,0,0,0,0
2026-10-04T14:09:37Z,paymentservice,recommendationservice,0,0,0,0,0,0,0
2026-10-04T14:09:37Z,paymentservice,redis-cart,0,0,0,0,0,0,0
2026-10-04T14:09:37Z,paymentservice,shippingservice,0,0,0,0,0,0,0
2026-10-04T14:09:37Z,productcatalogservice,adservice,0,0,0,0,0,0,0
2026-10-04T14:09:37Z,productcatalogservice,cartservice,0,0,0,0,0,0,0
2026-10-04T14:09:37Z,productcatalogservice,checkoutservice,0,0,0,0,0,0,0
2026-10-04T14:09:37Z,productcatalogservice,currencyservice,0,0,0,0,0,0,0
2026-10-04T14:09:37Z,productcatalogservice,emailservice,0,0,0,0,0,0,0
2026-10-04T14:09:37Z,productcatalogservice,frontend,0,0,0,0,0,0,0
2026-10-04T14:09:37Z,productcatalogservice,kubernetes,0,0,0,0,0,0,0
2026-10-04T14:09:37Z,productcatalogservice,paymentservice,0,0,0,0,0,0,0
2026-10-04T14:09:37Z,productcatalogservice,productcatalogservice,0,0,0,0,0,0,0
2026-10-04T14:09:37Z,productcatalogservice,recommendationservice,0,0,0,0,0,0,0
2026-10-04T14:09:37Z,productcatalogservice,redis-cart,0,0,0,0,0,0,0
2026-10-04T14:09:37Z,productcatalogservice,shippingservice,0,0,0,0,0,0,0
2026-10-04T14:09:37Z,recommendationservice,adservice,0,0,0,0,0,0,0
2026-10-04T14:09:37Z,recommendationservice,cartservice,0,0,0,0,0,0,0
2026-10-04T14:09:37Z,recommendationservice,checkoutservice,0,0,0,0,0,0,0
2026-10-04T14:09:37Z,recommendationservice,currencyservice,0,0,0,0,0,0,0
2026-10-04T14:09:37Z,recommendationservice,emailservice,0,0,0,0,0,0,0
2026-10-04T14:09:37Z,recommendationservice,frontend,0,0,0,0,0,0,0
2026-10-04T14:09:37Z,recommendationservice,kubernetes,0,0,0,0,0,0,0
2026-10-04T14:09:37Z,recommendationservice,paymentservice,0,0,0,0,0,0,0
2026-10-04T14:09:37Z,recommendationservice,productcatalogservice,152195,152187,0,0,0,1056978,151313
2026-10-04T14:09:37Z,recommendationservice,recommendationservice,0,0,0,0,0,0,0
2026-10-04T14:09:37Z,recommendationservice,redis-cart,0,0,0,0,0,0,0
2026-10-04T14:09:37Z,recommendationservice,shippingservice,0,0,0,0,0,0,0
2026-10-04T14:09:37Z,redis-cart,adservice,0,0,0,0,0,0,0
2026-10-04T14:09:37Z,redis-cart,cartservice,0,0,0,0,0,0,0
2026-10-04T14:09:37Z,redis-cart,checkoutservice,0,0,0,0,0,0,0
2026-10-04T14:09:37Z,redis-cart,currencyservice,0,0,0,0,0,0,0
2026-10-04T14:09:37Z,redis-cart,emailservice,0,0,0,0,0,0,0
2026-10-04T14:09:37Z,redis-cart,frontend,0,0,0,0,0,0,0
2026-10-04T14:09:37Z,redis-cart,kubernetes,0,0,0,0,0,0,0
2026-10-04T14:09:37Z,redis-cart,paymentservice,0,0,0,0,0,0,0
2026-10-04T14:09:37Z,redis-cart,productcatalogservice,0,0,0,0,0,0,0
2026-10-04T14:09:37Z,redis-cart,recommendationservice,0,0,0,0,0,0,0
2026-10-04T14:09:37Z,redis-cart,redis-cart,0,0,0,0,0,0,0
2026-10-04T14:09:37Z,redis-cart,shippingservice,0,0,0,0,0,0,0
2026-10-04T14:09:37Z,shippingservice,adservice,0,0,0,0,0,0,0
2026-10-04T14:09:37Z,shippingservice,cartservice,0,0,0,0,0,0,0
2026-10-04T14:09:37Z,shippingservice,checkoutservice,0,0,0,0,0,0,0
2026-10-04T14:09:37Z,shippingservice,currencyservice,0,0,0,0,0,0,0
2026-10-04T14:09:37Z,shippingservice,emailservice,0,0,0,0,0,0,0
2026-10-04T14:09:37Z,shippingservice,frontend,0,0,0,0,0,0,0
2026-10-04T14:09:37Z,shippingservice,kubernetes,0,0,0,0,0,0,0
2026-10-04T14:09:37Z,shippingservice,paymentservice,0,0,0,0,0,0,0
2026-10-04T14:09:37Z,shippingservice,productcatalogservice,0,0,0,0,0,0,0
2026-10-04T14:09:37Z,shippingservice,recommendationservice,0,0,0,0,0,0,0
2026-10-04T14:09:37Z,shippingservice,redis-cart,0,0,0,0,0,0,0
2026-10-04T14:09:37Z,shippingservice,shippingservice,0,0,0,0,0,0,0
2026-10-04T14:09:38Z,adservice,adservice,0,0,0,0,0,0,0
2026-10-04T14:09:38Z,adservice,cartservice,0,0,0,0,0,0,0
2026-10-04T14:09:38Z,adservice,checkoutservice,0,0,0,0,0,0,0
2026-10-04T14:09:38Z,adservice,currencyservice,0,0,0,0,0,0,0
2026-10-04T14:09:38Z,adservice,emailservice,0,0,0,0,0,0,0
2026-10-04T14:09:38Z,adservice,frontend,0,0,0,0,0,0,0
2026-10-04T14:09:38Z,adservice,kubernetes,0,0,0,0,0,0,0
2026-10-04T14:09:38Z,adservice,paymentservice,0,0,0,0,0,0,0
2026-10-04T14:09:38Z,adservice,productcatalogservice,0,0,0,0,0,0,0
2026-10-04T14:09:38Z,adservice,recommendationservice,0,0,0,0,0,0,0
2026-10-04T14:09:38Z,adservice,redis-cart,0,0,0,0,0,0,0
2026-10-04T14:09:38Z,adservice,shippingservice,0,0,0,0,0,0,0
2026-10-04T14:09:38Z,cartservice,adservice,0,0,0,0,0,0,0
2026-10-04T14:09:38Z,cartservice,cartservice,0,0,0,0,0,0,0
2026-10-04T14:09:38Z,cartservice,checkoutservice,0,0,0,0,0,0,0
2026-10-04T14:09:38Z,cartservice,currencyservice,0,0,0,0,0,0,0
2026-10-04T14:09:38Z,cartservice,emailservice,0,0,0,0,0,0,0
2026-10-04T14:09:38Z,cartservice,frontend,0,0,0,0,0,0,0
2026-10-04T14:09:38Z,cartservice,kubernetes,0,0,0,0,0,0,0
2026-10-04T14:09:38Z,cartservice,paymentservice,0,0,0,0,0,0,0
2026-10-04T14:09:38Z,cartservice,productcatalogservice,0,0,0,0,0,0,0
2026-10-04T14:09:38Z,cartservice,recommendationservice,0,0,0,0,0,0,0
2026-10-04T14:09:38Z,cartservice,redis-cart,2,0,0,0,0,0,0
2026-10-04T14:09:38Z,cartservice,shippingservice,0,0,0,0,0,0,0
2026-10-04T14:09:38Z,checkoutservice,adservice,0,0,0,0,0,0,0
2026-10-04T14:09:38Z,checkoutservice,cartservice,57235,56304,0,100,0,683839,56153
2026-10-04T14:09:38Z,checkoutservice,checkoutservice,0,0,0,0,0,0,0
2026-10-04T14:09:38Z,checkoutservice,currencyservice,40015,40014,0,0,0,559685,39940
2026-10-04T14:09:38Z,checkoutservice,emailservice,11251,10964,0,66,0,380479,10891
2026-10-04T14:09:38Z,checkoutservice,frontend,0,0,0,0,0,0,0
2026-10-04T14:09:38Z,checkoutservice,kubernetes,0,0,0,0,0,0,0
2026-10-04T14:09:38Z,checkoutservice,paymentservice,33280,31432,0,192,0,430155,31210
2026-10-04T14:09:38Z,checkoutservice,productcatalogservice,0,0,0,0,0,0,0
2026-10-04T14:09:38Z,checkoutservice,recommendationservice,0,0,0,0,0,0,0
2026-10-04T14:09:38Z,checkoutservice,redis-cart,0,0,0,0,0,0,0
2026-10-04T14:09:38Z,checkoutservice,shippingservice,62545,60442,0,154,0,504785,60291
2026-10-04T14:09:38Z,currencyservice,adservice,0,0,0,0,0,0,0
2026-10-04T14:09:38Z,currencyservice,cartservice,0,0,0,0,0,0,0
2026-10-04T14:09:38Z,currencyservice,checkoutservice,0,0,0,0,0,0,0
2026-10-04T14:09:38Z,currencyservice,currencyservice,0,0,0,0,0,0,0
2026-10-04T14:09:38Z,currencyservice,emailservice,0,0,0,0,0,0,0
2026-10-04T14:09:38Z,currencyservice,frontend,0,0,0,0,0,0,0
2026-10-04T14:09:38Z,currencyservice,kubernetes,0,0,0,0,0,0,0
2026-10-04T14:09:38Z,currencyservice,paymentservice,0,0,0,0,0,0,0
2026-10-04T14:09:38Z,currencyservice,productcatalogservice,0,0,0,0,0,0,0
2026-10-04T14:09:38Z,currencyservice,recommendationservice,0,0,0,0,0,0,0
2026-10-04T14:09:38Z,currencyservice,redis-cart,0,0,0,0,0,0,0
2026-10-04T14:09:38Z,currencyservice,shippingservice,0,0,0,0,0,0,0
2026-10-04T14:09:38Z,emailservice,adservice,0,0,0,0,0,0,0
2026-10-04T14:09:38Z,emailservice,cartservice,0,0,0,0,0,0,0
2026-10-04T14:09:38Z,emailservice,checkoutservice,0,0,0,0,0,0,0
2026-10-04T14:09:38Z,emailservice,currencyservice,0,0,0,0,0,0,0
2026-10-04T14:09:38Z,emailservice,emailservice,0,0,0,0,0,0,0
2026-10-04T14:09:38Z,emailservice,frontend,0,0,0,0,0,0,0
2026-10-04T14:09:38Z,emailservice,kubernetes,0,0,0,0,0,0,0
2026-10-04T14:09:38Z,emailservice,paymentservice,0,0,0,0,0,0,0
2026-10-04T14:09:38Z,emailservice,productcatalogservice,0,0,0,0,0,0,0
2026-10-04T14:09:38Z,emailservice,recommendationservice,0,0,0,0,0,0,0
2026-10-04T14:09:38Z,emailservice,redis-cart,0,0,0,0,0,0,0
2026-10-04T14:09:38Z,emailservice,shippingservice,0,0,0,0,0,0,0
2026-10-04T14:09:38Z,frontend,adservice,846108,846106,0,0,0,2549107,845577
2026-10-04T14:09:38Z,frontend,cartservice,1883148,1883134,0,0,4,10430722,1881728
2026-10-04T14:09:38Z,frontend,checkoutservice,399016,189047,0,40061,169944,62589177,188841
2026-10-04T14:09:38Z,frontend,currencyservice,2993100,2993091,0,0,0,15785725,2990789
2026-10-04T14:09:38Z,frontend,emailservice,0,0,0,0,0,0,0
2026-10-04T14:09:38Z,frontend,frontend,0,0,0,0,0,0,0
2026-10-04T14:09:38Z,frontend,kubernetes,0,0,0,0,0,0,0
2026-10-04T14:09:38Z,frontend,paymentservice,0,0,0,0,0,0,0
2026-10-04T14:09:38Z,frontend,productcatalogservice,8395116,8395038,0,0,0,57331495,8389196
2026-10-04T14:09:38Z,frontend,recommendationservice,2733827,1663115,0,112413,955779,826996706,1661846
2026-10-04T14:09:38Z,frontend,redis-cart,0,0,0,0,0,0,0
2026-10-04T14:09:38Z,frontend,shippingservice,310240,310237,0,0,0,939908,310033
2026-10-04T14:09:38Z,paymentservice,adservice,0,0,0,0,0,0,0
2026-10-04T14:09:38Z,paymentservice,cartservice,0,0,0,0,0,0,0
2026-10-04T14:09:38Z,paymentservice,checkoutservice,0,0,0,0,0,0,0
2026-10-04T14:09:38Z,paymentservice,currencyservice,0,0,0,0,0,0,0
2026-10-04T14:09:38Z,paymentservice,emailservice,0,0,0,0,0,0,0
2026-10-04T14:09:38Z,paymentservice,frontend,0,0,0,0,0,0,0
2026-10-04T14:09:38Z,paymentservice,kubernetes,0,0,0,0,0,0,0
2026-10-04T14:09:38Z,paymentservice,paymentservice,0,0,0,0,0,0,0
2026-10-04T14:09:38Z,paymentservice,productcatalogservice,0,0,0,0,0,0,0
2026-10-04T14:09:38Z,paymentservice,recommendationservice,0,0,0,0,0,0,0
2026-10-04T14:09:38Z,paymentservice,redis-cart,0,0,0,0,0,0,0
2026-10-04T14:09:38Z,paymentservice,shippingservice,0,0,0,0,0,0,0
2026-10-04T14:09:38Z,productcatalogservice,adservice,0,0,0,0,0,0,0
2026-10-04T14:09:38Z,productcatalogservice,cartservice,0,0,0,0,0,0,0
2026-10-04T14:09:38Z,productcatalogservice,checkoutservice,0,0,0,0,0,0,0
2026-10-04T14:09:38Z,productcatalogservice,currencyservice,0,0,0,0,0,0,0
2026-10-04T14:09:38Z,productcatalogservice,emailservice,0,0,0,0,0,0,0
2026-10-04T14:09:38Z,productcatalogservice,frontend,0,0,0,0,0,0,0
2026-10-04T14:09:38Z,productcatalogservice,kubernetes,0,0,0,0,0,0,0
2026-10-04T14:09:38Z,productcatalogservice,paymentservice,0,0,0,0,0,0,0
2026-10-04T14:09:38Z,productcatalogservice,productcatalogservice,0,0,0,0,0,0,0
2026-10-04T14:09:38Z,productcatalogservice,recommendationservice,0,0,0,0,0,0,0
2026-10-04T14:09:38Z,productcatalogservice,redis-cart,0,0,0,0,0,0,0
2026-10-04T14:09:38Z,productcatalogservice,shippingservice,0,0,0,0,0,0,0
2026-10-04T14:09:38Z,recommendationservice,adservice,0,0,0,0,0,0,0
2026-10-04T14:09:38Z,recommendationservice,cartservice,0,0,0,0,0,0,0
2026-10-04T14:09:38Z,recommendationservice,checkoutservice,0,0,0,0,0,0,0
2026-10-04T14:09:38Z,recommendationservice,currencyservice,0,0,0,0,0,0,0
2026-10-04T14:09:38Z,recommendationservice,emailservice,0,0,0,0,0,0,0
2026-10-04T14:09:38Z,recommendationservice,frontend,0,0,0,0,0,0,0
2026-10-04T14:09:38Z,recommendationservice,kubernetes,0,0,0,0,0,0,0
2026-10-04T14:09:38Z,recommendationservice,paymentservice,0,0,0,0,0,0,0
2026-10-04T14:09:38Z,recommendationservice,productcatalogservice,152595,152595,0,0,0,1056978,151313
2026-10-04T14:09:38Z,recommendationservice,recommendationservice,0,0,0,0,0,0,0
2026-10-04T14:09:38Z,recommendationservice,redis-cart,0,0,0,0,0,0,0
2026-10-04T14:09:38Z,recommendationservice,shippingservice,0,0,0,0,0,0,0
2026-10-04T14:09:38Z,redis-cart,adservice,0,0,0,0,0,0,0
2026-10-04T14:09:38Z,redis-cart,cartservice,0,0,0,0,0,0,0
2026-10-04T14:09:38Z,redis-cart,checkoutservice,0,0,0,0,0,0,0
2026-10-04T14:09:38Z,redis-cart,currencyservice,0,0,0,0,0,0,0
2026-10-04T14:09:38Z,redis-cart,emailservice,0,0,0,0,0,0,0
2026-10-04T14:09:38Z,redis-cart,frontend,0,0,0,0,0,0,0
2026-10-04T14:09:38Z,redis-cart,kubernetes,0,0,0,0,0,0,0
2026-10-04T14:09:38Z,redis-cart,paymentservice,0,0,0,0,0,0,0
2026-10-04T14:09:38Z,redis-cart,productcatalogservice,0,0,0,0,0,0,0
2026-10-04T14:09:38Z,redis-cart,recommendationservice,0,0,0,0,0,0,0
2026-10-04T14:09:38Z,redis-cart,redis-cart,0,0,0,0,0,0,0
2026-10-04T14:09:38Z,redis-cart,shippingservice,0,0,0,0,0,0,0
2026-10-04T14:09:38Z,shippingservice,adservice,0,0,0,0,0,0,0
2026-10-04T14:09:38Z,shippingservice,cartservice,0,0,0,0,0,0,0
2026-10-04T14:09:38Z,shippingservice,checkoutservice,0,0,0,0,0,0,0
2026-10-04T14:09:38Z,shippingservice,currencyservice,0,0,0,0,0,0,0
2026-10-04T14:09:38Z,shippingservice,emailservice,0,0,0,0,0,0,0
2026-10-04T14:09:38Z,shippingservice,frontend,0,0,0,0,0,0,0
2026-10-04T14:09:38Z,shippingservice,kubernetes,0,0,0,0,0,0,0
2026-10-04T14:09:38Z,shippingservice,paymentservice,0,0,0,0,0,0,0
2026-10-04T14:09:38Z,shippingservice,productcatalogservice,0,0,0,0,0,0,0
2026-10-04T14:09:38Z,shippingservice,recommendationservice,0,0,0,0,0,0,0
2026-10-04T14:09:38Z,shippingservice,redis-cart,0,0,0,0,0,0,0
2026-10-04T14:09:38Z,shippingservice,shippingservice,0,0,0,0,0,0,0
2026-10-04T14:09:39Z,adservice,adservice,0,0,0,0,0,0,0
2026-10-04T14:09:39Z,adservice,cartservice,0,0,0,0,0,0,0
2026-10-04T14:09:39Z,adservice,checkoutservice,0,0,0,0,0,0,0
2026-10-04T14:09:39Z,adservice,currencyservice,0,0,0,0,0,0,0
2026-10-04T14:09:39Z,adservice,emailservice,0,0,0,0,0,0,0
2026-10-04T14:09:39Z,adservice,frontend,0,0,0,0,0,0,0
2026-10-04T14:09:39Z,adservice,kubernetes,0,0,0,0,0,0,0
2026-10-04T14:09:39Z,adservice,paymentservice,0,0,0,0,0,0,0
2026-10-04T14:09:39Z,adservice,productcatalogservice,0,0,0,0,0,0,0
2026-10-04T14:09:39Z,adservice,recommendationservice,0,0,0,0,0,0,0
2026-10-04T14:09:39Z,adservice,redis-cart,0,0,0,0,0,0,0
2026-10-04T14:09:39Z,adservice,shippingservice,0,0,0,0,0,0,0
2026-10-04T14:09:39Z,cartservice,adservice,0,0,0,0,0,0,0
2026-10-04T14:09:39Z,cartservice,cartservice,0,0,0,0,0,0,0
2026-10-04T14:09:39Z,cartservice,checkoutservice,0,0,0,0,0,0,0
2026-10-04T14:09:39Z,cartservice,currencyservice,0,0,0,0,0,0,0
2026-10-04T14:09:39Z,cartservice,emailservice,0,0,0,0,0,0,0
2026-10-04T14:09:39Z,cartservice,frontend,0,0,0,0,0,0,0
2026-10-04T14:09:39Z,cartservice,kubernetes,0,0,0,0,0,0,0
2026-10-04T14:09:39Z,cartservice,paymentservice,0,0,0,0,0,0,0
2026-10-04T14:09:39Z,cartservice,productcatalogservice,0,0,0,0,0,0,0
2026-10-04T14:09:39Z,cartservice,recommendationservice,0,0,0,0,0,0,0
2026-10-04T14:09:39Z,cartservice,redis-cart,2,0,0,0,0,0,0
2026-10-04T14:09:39Z,cartservice,shippingservice,0,0,0,0,0,0,0
2026-10-04T14:09:39Z,checkoutservice,adservice,0,0,0,0,0,0,0
2026-10-04T14:09:39Z,checkoutservice,cartservice,57363,56431,0,100,0,683839,56153
2026-10-04T14:09:39Z,checkoutservice,checkoutservice,0,0,0,0,0,0,0
2026-10-04T14:09:39Z,checkoutservice,currencyservice,40080,40080,0,0,0,559685,39940
2026-10-04T14:09:39Z,checkoutservice,emailservice,11315,11028,0,66,0,380479,10891
2026-10-04T14:09:39Z,checkoutservice,frontend,0,0,0,0,0,0,0
2026-10-04T14:09:39Z,checkoutservice,kubernetes,0,0,0,0,0,0,0
2026-10-04T14:09:39Z,checkoutservice,paymentservice,33346,31497,0,192,0,430155,31210
2026-10-04T14:09:39Z,checkoutservice,productcatalogservice,0,0,0,0,0,0,0
2026-10-04T14:09:39Z,checkoutservice,recommendationservice,0,0,0,0,0,0,0
2026-10-04T14:09:39Z,checkoutservice,redis-cart,0,0,0,0,0,0,0
2026-10-04T14:09:39Z,checkoutservice,shippingservice,62674,60571,0,154,0,504785,60291
2026-10-04T14:09:39Z,currencyservice,adservice,0,0,0,0,0,0,0
2026-10-04T14:09:39Z,currencyservice,cartservice,0,0,0,0,0,0,0
2026-10-04T14:09:39Z,currencyservice,checkoutservice,0,0,0,0,0,0,0
2026-10-04T14:09:39Z,currencyservice,currencyservice,0,0,0,0,0,0,0
2026-10-04T14:09:39Z,currencyservice,emailservice,0,0,0,0,0,0,0
2026-10-04T14:09:39Z,currencyservice,frontend,0,0,0,0,0,0,0
2026-10-04T14:09:39Z,currencyservice,kubernetes,0,0,0,0,0,0,0
2026-10-04T14:09:39Z,currencyservice,paymentservice,0,0,0,0,0,0,0
2026-10-04T14:09:39Z,currencyservice,productcatalogservice,0,0,0,0,0,0,0
2026-10-04T14:09:39Z,currencyservice,recommendationservice,0,0,0,0,0,0,0
2026-10-04T14:09:39Z,currencyservice,redis-cart,0,0,0,0,0,0,0
2026-10-04T14:09:39Z,currencyservice,shippingservice,0,0,0,0,0,0,0
2026-10-04T14:09:39Z,emailservice,adservice,0,0,0,0,0,0,0
2026-10-04T14:09:39Z,emailservice,cartservice,0,0,0,0,0,0,0
2026-10-04T14:09:39Z,emailservice,checkoutservice,0,0,0,0,0,0,0
2026-10-04T14:09:39Z,emailservice,currencyservice,0,0,0,0,0,0,0
2026-10-04T14:09:39Z,emailservice,emailservice,0,0,0,0,0,0,0
2026-10-04T14:09:39Z,emailservice,frontend,0,0,0,0,0,0,0
2026-10-04T14:09:39Z,emailservice,kubernetes,0,0,0,0,0,0,0
2026-10-04T14:09:39Z,emailservice,paymentservice,0,0,0,0,0,0,0
2026-10-04T14:09:39Z,emailservice,productcatalogservice,0,0,0,0,0,0,0
2026-10-04T14:09:39Z,emailservice,recommendationservice,0,0,0,0,0,0,0
2026-10-04T14:09:39Z,emailservice,redis-cart,0,0,0,0,0,0,0
2026-10-04T14:09:39Z,emailservice,shippingservice,0,0,0,0,0,0,0
2026-10-04T14:09:39Z,frontend,adservice,846276,846274,0,0,0,2550489,846010
2026-10-04T14:09:39Z,frontend,cartservice,1883567,1883552,0,0,4,10435967,1882854
2026-10-04T14:09:39Z,frontend,checkoutservice,399078,189111,0,40061,169944,62609600,188992
2026-10-04T14:09:39Z,frontend,currencyservice,2993773,2993766,0,0,0,15792933,2992595
2026-10-04T14:09:39Z,frontend,emailservice,0,0,0,0,0,0,0
2026-10-04T14:09:39Z,frontend,frontend,0,0,0,0,0,0,0
2026-10-04T14:09:39Z,frontend,kubernetes,0,0,0,0,0,0,0
2026-10-04T14:09:39Z,frontend,paymentservice,0,0,0,0,0,0,0
2026-10-04T14:09:39Z,frontend,productcatalogservice,8396856,8396782,0,0,0,57359016,8393855
2026-10-04T14:09:39Z,frontend,recommendationservice,2734547,1663505,0,112444,956077,827779466,1662856
2026-10-04T14:09:39Z,frontend,redis-cart,0,0,0,0,0,0,0
2026-10-04T14:09:39Z,frontend,shippingservice,310292,310290,0,0,0,940371,310197
2026-10-04T14:09:39Z,paymentservice,adservice,0,0,0,0,0,0,0
2026-10-04T14:09:39Z,paymentservice,cartservice,0,0,0,0,0,0,0
2026-10-04T14:09:39Z,paymentservice,checkoutservice,0,0,0,0,0,0,0
2026-10-04T14:09:39Z,paymentservice,currencyservice,0,0,0,0,0,0,0
2026-10-04T14:09:39Z,paymentservice,emailservice,0,0,0,0,0,0,0
2026-10-04T14:09:39Z,paymentservice,frontend,0,0,0,0,0,0,0
2026-10-04T14:09:39Z,paymentservice,kubernetes,0,0,0,0,0,0,0
2026-10-04T14:09:39Z,paymentservice,paymentservice,0,0,0,0,0,0,0
2026-10-04T14:09:39Z,paymentservice,productcatalogservice,0,0,0,0,0,0,0
2026-10-04T14:09:39Z,paymentservice,recommendationservice,0,0,0,0,0,0,0
2026-10-04T14:09:39Z,paymentservice,redis-cart,0,0,0,0,0,0,0
2026-10-04T14:09:39Z,paymentservice,shippingservice,0,0,0,0,0,0,0
2026-10-04T14:09:39Z,productcatalogservice,adservice,0,0,0,0,0,0,0
2026-10-04T14:09:39Z,productcatalogservice,cartservice,0,0,0,0,0,0,0
2026-10-04T14:09:39Z,productcatalogservice,checkoutservice,0,0,0,0,0,0,0
2026-10-04T14:09:39Z,productcatalogservice,currencyservice,0,0,0,0,0,0,0
2026-10-04T14:09:39Z,productcatalogservice,emailservice,0,0,0,0,0,0,0
2026-10-04T14:09:39Z,productcatalogservice,frontend,0,0,0,0,0,0,0
2026-10-04T14:09:39Z,productcatalogservice,kubernetes,0,0,0,0,0,0,0
2026-10-04T14:09:39Z,productcatalogservice,paymentservice,0,0,0,0,0,0,0
2026-10-04T14:09:39Z,productcatalogservice,productcatalogservice,0,0,0,0,0,0,0
2026-10-04T14:09:39Z,productcatalogservice,recommendationservice,0,0,0,0,0,0,0
2026-10-04T14:09:39Z,productcatalogservice,redis-cart,0,0,0,0,0,0,0
2026-10-04T14:09:39Z,productcatalogservice,shippingservice,0,0,0,0,0,0,0
2026-10-04T14:09:39Z,recommendationservice,adservice,0,0,0,0,0,0,0
2026-10-04T14:09:39Z,recommendationservice,cartservice,0,0,0,0,0,0,0
2026-10-04T14:09:39Z,recommendationservice,checkoutservice,0,0,0,0,0,0,0
2026-10-04T14:09:39Z,recommendationservice,currencyservice,0,0,0,0,0,0,0
2026-10-04T14:09:39Z,recommendationservice,emailservice,0,0,0,0,0,0,0
2026-10-04T14:09:39Z,recommendationservice,frontend,0,0,0,0,0,0,0
2026-10-04T14:09:39Z,recommendationservice,kubernetes,0,0,0,0,0,0,0
2026-10-04T14:09:39Z,recommendationservice,paymentservice,0,0,0,0,0,0,0
2026-10-04T14:09:39Z,recommendationservice,productcatalogservice,153039,153038,0,0,0,1056978,151313
2026-10-04T14:09:39Z,recommendationservice,recommendationservice,0,0,0,0,0,0,0
2026-10-04T14:09:39Z,recommendationservice,redis-cart,0,0,0,0,0,0,0
2026-10-04T14:09:39Z,recommendationservice,shippingservice,0,0,0,0,0,0,0
2026-10-04T14:09:39Z,redis-cart,adservice,0,0,0,0,0,0,0
2026-10-04T14:09:39Z,redis-cart,cartservice,0,0,0,0,0,0,0
2026-10-04T14:09:39Z,redis-cart,checkoutservice,0,0,0,0,0,0,0
2026-10-04T14:09:39Z,redis-cart,currencyservice,0,0,0,0,0,0,0
2026-10-04T14:09:39Z,redis-cart,emailservice,0,0,0,0,0,0,0
2026-10-04T14:09:39Z,redis-cart,frontend,0,0,0,0,0,0,0
2026-10-04T14:09:39Z,redis-cart,kubernetes,0,0,0,0,0,0,0
2026-10-04T14:09:39Z,redis-cart,paymentservice,0,0,0,0,0,0,0
2026-10-04T14:09:39Z,redis-cart,productcatalogservice,0,0,0,0,0,0,0
2026-10-04T14:09:39Z,redis-cart,recommendationservice,0,0,0,0,0,0,0
2026-10-04T14:09:39Z,redis-cart,redis-cart,0,0,0,0,0,0,0
2026-10-04T14:09:39Z,redis-cart,shippingservice,0,0,0,0,0,0,0
2026-10-04T14:09:39Z,shippingservice,adservice,0,0,0,0,0,0,0
2026-10-04T14:09:39Z,shippingservice,cartservice,0,0,0,0,0,0,0
2026-10-04T14:09:39Z,shippingservice,checkoutservice,0,0,0,0,0,0,0
2026-10-04T14:09:39Z,shippingservice,currencyservice,0,0,0,0,0,0,0
2026-10-04T14:09:39Z,shippingservice,emailservice,0,0,0,0,0,0,0
2026-10-04T14:09:39Z,shippingservice,frontend,0,0,0,0,0,0,0
2026-10-04T14:09:39Z,shippingservice,kubernetes,0,0,0,0,0,0,0
2026-10-04T14:09:39Z,shippingservice,paymentservice,0,0,0,0,0,0,0
2026-10-04T14:09:39Z,shippingservice,productcatalogservice,0,0,0,0,0,0,0
2026-10-04T14:09:39Z,shippingservice,recommendationservice,0,0,0,0,0,0,0
2026-10-04T14:09:39Z,shippingservice,redis-cart,0,0,0,0,0,0,0
2026-10-04T14:09:39Z,shippingservice,shippingservice,0,0,0,0,0,0,0
2026-10-04T14:09:40Z,adservice,adservice,0,0,0,0,0,0,0
2026-10-04T14:09:40Z,adservice,cartservice,0,0,0,0,0,0,0
2026-10-04T14:09:40Z,adservice,checkoutservice,0,0,0,0,0,0,0
2026-10-04T14:09:40Z,adservice,currencyservice,0,0,0,0,0,0,0
2026-10-04T14:09:40Z,adservice,emailservice,0,0,0,0,0,0,0
2026-10-04T14:09:40Z,adservice,frontend,0,0,0,0,0,0,0
2026-10-04T14:09:40Z,adservice,kubernetes,0,0,0,0,0,0,0
2026-10-04T14:09:40Z,adservice,paymentservice,0,0,0,0,0,0,0
2026-10-04T14:09:40Z,adservice,productcatalogservice,0,0,0,0,0,0,0
2026-10-04T14:09:40Z,adservice,recommendationservice,0,0,0,0,0,0,0
2026-10-04T14:09:40Z,adservice,redis-cart,0,0,0,0,0,0,0
2026-10-04T14:09:40Z,adservice,shippingservice,0,0,0,0,0,0,0
2026-10-04T14:09:40Z,cartservice,adservice,0,0,0,0,0,0,0
2026-10-04T14:09:40Z,cartservice,cartservice,0,0,0,0,0,0,0
2026-10-04T14:09:40Z,cartservice,checkoutservice,0,0,0,0,0,0,0
2026-10-04T14:09:40Z,cartservice,currencyservice,0,0,0,0,0,0,0
2026-10-04T14:09:40Z,cartservice,emailservice,0,0,0,0,0,0,0
2026-10-04T14:09:40Z,cartservice,frontend,0,0,0,0,0,0,0
2026-10-04T14:09:40Z,cartservice,kubernetes,0,0,0,0,0,0,0
2026-10-04T14:09:40Z,cartservice,paymentservice,0,0,0,0,0,0,0
2026-10-04T14:09:40Z,cartservice,productcatalogservice,0,0,0,0,0,0,0
2026-10-04T14:09:40Z,cartservice,recommendationservice,0,0,0,0,0,0,0
2026-10-04T14:09:40Z,cartservice,redis-cart,2,0,0,0,0,0,0
2026-10-04T14:09:40Z,cartservice,shippingservice,0,0,0,0,0,0,0
2026-10-04T14:09:40Z,checkoutservice,adservice,0,0,0,0,0,0,0
2026-10-04T14:09:40Z,checkoutservice,cartservice,57503,56567,0,100,0,683839,56153
2026-10-04T14:09:40Z,checkoutservice,checkoutservice,0,0,0,0,0,0,0
2026-10-04T14:09:40Z,checkoutservice,currencyservice,40150,40150,0,0,0,559685,39940
2026-10-04T14:09:40Z,checkoutservice,emailservice,11381,11094,0,66,0,380479,10891
2026-10-04T14:09:40Z,checkoutservice,frontend,0,0,0,0,0,0,0
2026-10-04T14:09:40Z,checkoutservice,kubernetes,0,0,0,0,0,0,0
2026-10-04T14:09:40Z,checkoutservice,paymentservice,33416,31568,0,192,0,430155,31210
2026-10-04T14:09:40Z,checkoutservice,productcatalogservice,0,0,0,0,0,0,0
2026-10-04T14:09:40Z,checkoutservice,recommendationservice,0,0,0,0,0,0,0
2026-10-04T14:09:40Z,checkoutservice,redis-cart,0,0,0,0,0,0,0
2026-10-04T14:09:40Z,checkoutservice,shippingservice,62816,60711,0,154,0,504785,60291
2026-10-04T14:09:40Z,currencyservice,adservice,0,0,0,0,0,0,0
2026-10-04T14:09:40Z,currencyservice,cartservice,0,0,0,0,0,0,0
2026-10-04T14:09:40Z,currencyservice,checkoutservice,0,0,0,0,0,0,0
2026-10-04T14:09:40Z,currencyservice,currencyservice,0,0,0,0,0,0,0
2026-10-04T14:09:40Z,currencyservice,emailservice,0,0,0,0,0,0,0
2026-10-04T14:09:40Z,currencyservice,frontend,0,0,0,0,0,0,0
2026-10-04T14:09:40Z,currencyservice,kubernetes,0,0,0,0,0,0,0
2026-10-04T14:09:40Z,currencyservice,paymentservice,0,0,0,0,0,0,0
2026-10-04T14:09:40Z,currencyservice,productcatalogservice,0,0,0,0,0,0,0
2026-10-04T14:09:40Z,currencyservice,recommendationservice,0,0,0,0,0,0,0
2026-10-04T14:09:40Z,currencyservice,redis-cart,0,0,0,0,0,0,0
2026-10-04T14:09:40Z,currencyservice,shippingservice,0,0,0,0,0,0,0
2026-10-04T14:09:40Z,emailservice,adservice,0,0,0,0,0,0,0
2026-10-04T14:09:40Z,emailservice,cartservice,0,0,0,0,0,0,0
2026-10-04T14:09:40Z,emailservice,checkoutservice,0,0,0,0,0,0,0
2026-10-04T14:09:40Z,emailservice,currencyservice,0,0,0,0,0,0,0
2026-10-04T14:09:40Z,emailservice,emailservice,0,0,0,0,0,0,0
2026-10-04T14:09:40Z,emailservice,frontend,0,0,0,0,0,0,0
2026-10-04T14:09:40Z,emailservice,kubernetes,0,0,0,0,0,0,0
2026-10-04T14:09:40Z,emailservice,paymentservice,0,0,0,0,0,0,0
2026-10-04T14:09:40Z,emailservice,productcatalogservice,0,0,0,0,0,0,0
2026-10-04T14:09:40Z,emailservice,recommendationservice,0,0,0,0,0,0,0
2026-10-04T14:09:40Z,emailservice,redis-cart,0,0,0,0,0,0,0
2026-10-04T14:09:40Z,emailservice,shippingservice,0,0,0,0,0,0,0
2026-10-04T14:09:40Z,frontend,adservice,846461,846459,0,0,0,2550882,846182
2026-10-04T14:09:40Z,frontend,cartservice,1884002,1883988,0,0,4,10437853,1883263
2026-10-04T14:09:40Z,frontend,checkoutservice,399153,189173,0,40061,169944,62619260,189065
2026-10-04T14:09:40Z,frontend,currencyservice,2994488,2994478,0,0,0,15795621,2993303
2026-10-04T14:09:40Z,frontend,emailservice,0,0,0,0,0,0,0
2026-10-04T14:09:40Z,frontend,frontend,0,0,0,0,0,0,0
2026-10-04T14:09:40Z,frontend,kubernetes,0,0,0,0,0,0,0
2026-10-04T14:09:40Z,frontend,paymentservice,0,0,0,0,0,0,0
2026-10-04T14:09:40Z,frontend,productcatalogservice,8398858,8398777,0,0,0,57372057,8395711
2026-10-04T14:09:40Z,frontend,recommendationservice,2735237,1663917,0,112472,956332,828096761,1663254
2026-10-04T14:09:40Z,frontend,redis-cart,0,0,0,0,0,0,0
2026-10-04T14:09:40Z,frontend,shippingservice,310358,310356,0,0,0,940491,310254
2026-10-04T14:09:40Z,paymentservice,adservice,0,0,0,0,0,0,0
2026-10-04T14:09:40Z,paymentservice,cartservice,0,0,0,0,0,0,0
2026-10-04T14:09:40Z,paymentservice,checkoutservice,0,0,0,0,0,0,0
2026-10-04T14:09:40Z,paymentservice,currencyservice,0,0,0,0,0,0,0
2026-10-04T14:09:40Z,paymentservice,emailservice,0,0,0,0,0,0,0
2026-10-04T14:09:40Z,paymentservice,frontend,0,0,0,0,0,0,0
2026-10-04T14:09:40Z,paymentservice,kubernetes,0,0,0,0,0,0,0
2026-10-04T14:09:40Z,paymentservice,paymentservice,0,0,0,0,0,0,0
2026-10-04T14:09:40Z,paymentservice,productcatalogservice,0,0,0,0,0,0,0
2026-10-04T14:09:40Z,paymentservice,recommendationservice,0,0,0,0,0,0,0
2026-10-04T14:09:40Z,paymentservice,redis-cart,0,0,0,0,0,0,0
2026-10-04T14:09:40Z,paymentservice,shippingservice,0,0,0,0,0,0,0
2026-10-04T14:09:40Z,productcatalogservice,adservice,0,0,0,0,0,0,0
2026-10-04T14:09:40Z,productcatalogservice,cartservice,0,0,0,0,0,0,0
2026-10-04T14:09:40Z,productcatalogservice,checkoutservice,0,0,0,0,0,0,0
2026-10-04T14:09:40Z,productcatalogservice,currencyservice,0,0,0,0,0,0,0
2026-10-04T14:09:40Z,productcatalogservice,emailservice,0,0,0,0,0,0,0
2026-10-04T14:09:40Z,productcatalogservice,frontend,0,0,0,0,0,0,0
2026-10-04T14:09:40Z,productcatalogservice,kubernetes,0,0,0,0,0,0,0
2026-10-04T14:09:40Z,productcatalogservice,paymentservice,0,0,0,0,0,0,0
2026-10-04T14:09:40Z,productcatalogservice,productcatalogservice,0,0,0,0,0,0,0
2026-10-04T14:09:40Z,productcatalogservice,recommendationservice,0,0,0,0,0,0,0
2026-10-04T14:09:40Z,productcatalogservice,redis-cart,0,0,0,0,0,0,0
2026-10-04T14:09:40Z,productcatalogservice,shippingservice,0,0,0,0,0,0,0
2026-10-04T14:09:40Z,recommendationservice,adservice,0,0,0,0,0,0,0
2026-10-04T14:09:40Z,recommendationservice,cartservice,0,0,0,0,0,0,0
2026-10-04T14:09:40Z,recommendationservice,checkoutservice,0,0,0,0,0,0,0
2026-10-04T14:09:40Z,recommendationservice,currencyservice,0,0,0,0,0,0,0
2026-10-04T14:09:40Z,recommendationservice,emailservice,0,0,0,0,0,0,0
2026-10-04T14:09:40Z,recommendationservice,frontend,0,0,0,0,0,0,0
2026-10-04T14:09:40Z,recommendationservice,kubernetes,0,0,0,0,0,0,0
2026-10-04T14:09:40Z,recommendationservice,paymentservice,0,0,0,0,0,0,0
2026-10-04T14:09:40Z,recommendationservice,productcatalogservice,153460,153454,0,0,0,1070276,153401
2026-10-04T14:09:40Z,recommendationservice,recommendationservice,0,0,0,0,0,0,0
2026-10-04T14:09:40Z,recommendationservice,redis-cart,0,0,0,0,0,0,0
2026-10-04T14:09:40Z,recommendationservice,shippingservice,0,0,0,0,0,0,0
2026-10-04T14:09:40Z,redis-cart,adservice,0,0,0,0,0,0,0
2026-10-04T14:09:40Z,redis-cart,cartservice,0,0,0,0,0,0,0
2026-10-04T14:09:40Z,redis-cart,checkoutservice,0,0,0,0,0,0,0
2026-10-04T14:09:40Z,redis-cart,currencyservice,0,0,0,0,0,0,0
2026-10-04T14:09:40Z,redis-cart,emailservice,0,0,0,0,0,0,0
2026-10-04T14:09:40Z,redis-cart,frontend,0,0,0,0,0,0,0
2026-10-04T14:09:40Z,redis-cart,kubernetes,0,0,0,0,0,0,0
2026-10-04T14:09:40Z,redis-cart,paymentservice,0,0,0,0,0,0,0
2026-10-04T14:09:40Z,redis-cart,productcatalogservice,0,0,0,0,0,0,0
2026-10-04T14:09:40Z,redis-cart,recommendationservice,0,0,0,0,0,0,0
2026-10-04T14:09:40Z,redis-cart,redis-cart,0,0,0,0,0,0,0
2026-10-04T14:09:40Z,redis-cart,shippingservice,0,0,0,0,0,0,0
2026-10-04T14:09:40Z,shippingservice,adservice,0,0,0,0,0,0,0
2026-10-04T14:09:40Z,shippingservice,cartservice,0,0,0,0,0,0,0
2026-10-04T14:09:40Z,shippingservice,checkoutservice,0,0,0,0,0,0,0
2026-10-04T14:09:40Z,shippingservice,currencyservice,0,0,0,0,0,0,0
2026-10-04T14:09:40Z,shippingservice,emailservice,0,0,0,0,0,0,0
2026-10-04T14:09:40Z,shippingservice,frontend,0,0,0,0,0,0,0
2026-10-04T14:09:40Z,shippingservice,kubernetes,0,0,0,0,0,0,0
2026-10-04T14:09:40Z,shippingservice,paymentservice,0,0,0,0,0,0,0
2026-10-04T14:09:40Z,shippingservice,productcatalogservice,0,0,0,0,0,0,0
2026-10-04T14:09:40Z,shippingservice,recommendationservice,0,0,0,0,0,0,0
2026-10-04T14:09:40Z,shippingservice,redis-cart,0,0,0,0,0,0,0
2026-10-04T14:09:40Z,shippingservice,shippingservice,0,0,0,0,0,0,0
2026-10-04T14:09:41Z,adservice,adservice,0,0,0,0,0,0,0
2026-10-04T14:09:41Z,adservice,cartservice,0,0,0,0,0,0,0
2026-10-04T14:09:41Z,adservice,checkoutservice,0,0,0,0,0,0,0
2026-10-04T14:09:41Z,adservice,currencyservice,0,0,0,0,0,0,0
2026-10-04T14:09:41Z,adservice,emailservice,0,0,0,0,0,0,0
2026-10-04T14:09:41Z,adservice,frontend,0,0,0,0,0,0,0
2026-10-04T14:09:41Z,adservice,kubernetes,0,0,0,0,0,0,0
2026-10-04T14:09:41Z,adservice,paymentservice,0,0,0,0,0,0,0
2026-10-04T14:09:41Z,adservice,productcatalogservice,0,0,0,0,0,0,0
2026-10-04T14:09:41Z,adservice,recommendationservice,0,0,0,0,0,0,0
2026-10-04T14:09:41Z,adservice,redis-cart,0,0,0,0,0,0,0
2026-10-04T14:09:41Z,adservice,shippingservice,0,0,0,0,0,0,0
2026-10-04T14:09:41Z,cartservice,adservice,0,0,0,0,0,0,0
2026-10-04T14:09:41Z,cartservice,cartservice,0,0,0,0,0,0,0
2026-10-04T14:09:41Z,cartservice,checkoutservice,0,0,0,0,0,0,0
2026-10-04T14:09:41Z,cartservice,currencyservice,0,0,0,0,0,0,0
2026-10-04T14:09:41Z,cartservice,emailservice,0,0,0,0,0,0,0
2026-10-04T14:09:41Z,cartservice,frontend,0,0,0,0,0,0,0
2026-10-04T14:09:41Z,cartservice,kubernetes,0,0,0,0,0,0,0
2026-10-04T14:09:41Z,cartservice,paymentservice,0,0,0,0,0,0,0
2026-10-04T14:09:41Z,cartservice,productcatalogservice,0,0,0,0,0,0,0
2026-10-04T14:09:41Z,cartservice,recommendationservice,0,0,0,0,0,0,0
2026-10-04T14:09:41Z,cartservice,redis-cart,2,0,0,0,0,0,0
2026-10-04T14:09:41Z,cartservice,shippingservice,0,0,0,0,0,0,0
2026-10-04T14:09:41Z,checkoutservice,adservice,0,0,0,0,0,0,0
2026-10-04T14:09:41Z,checkoutservice,cartservice,57636,56705,0,100,0,683839,56153
2026-10-04T14:09:41Z,checkoutservice,checkoutservice,0,0,0,0,0,0,0
2026-10-04T14:09:41Z,checkoutservice,currencyservice,40216,40215,0,0,0,559685,39940
2026-10-04T14:09:41Z,checkoutservice,emailservice,11450,11161,0,66,0,380479,10891
2026-10-04T14:09:41Z,checkoutservice,frontend,0,0,0,0,0,0,0
2026-10-04T14:09:41Z,checkoutservice,kubernetes,0,0,0,0,0,0,0
2026-10-04T14:09:41Z,checkoutservice,paymentservice,33479,31631,0,192,0,430155,31210
2026-10-04T14:09:41Z,checkoutservice,productcatalogservice,0,0,0,0,0,0,0
2026-10-04T14:09:41Z,checkoutservice,recommendationservice,0,0,0,0,0,0,0
2026-10-04T14:09:41Z,checkoutservice,redis-cart,0,0,0,0,0,0,0
2026-10-04T14:09:41Z,checkoutservice,shippingservice,62948,60842,0,154,0,504785,60291
2026-10-04T14:09:41Z,currencyservice,adservice,0,0,0,0,0,0,0
2026-10-04T14:09:41Z,currencyservice,cartservice,0,0,0,0,0,0,0
2026-10-04T14:09:41Z,currencyservice,checkoutservice,0,0,0,0,0,0,0
2026-10-04T14:09:41Z,currencyservice,currencyservice,0,0,0,0,0,0,0
2026-10-04T14:09:41Z,currencyservice,emailservice,0,0,0,0,0,0,0
2026-10-04T14:09:41Z,currencyservice,frontend,0,0,0,0,0,0,0
2026-10-04T14:09:41Z,currencyservice,kubernetes,0,0,0,0,0,0,0
2026-10-04T14:09:41Z,currencyservice,paymentservice,0,0,0,0,0,0,0
2026-10-04T14:09:41Z,currencyservice,productcatalogservice,0,0,0,0,0,0,0
2026-10-04T14:09:41Z,currencyservice,recommendationservice,0,0,0,0,0,0,0
2026-10-04T14:09:41Z,currencyservice,redis-cart,0,0,0,0,0,0,0
2026-10-04T14:09:41Z,currencyservice,shippingservice,0,0,0,0,0,0,0
2026-10-04T14:09:41Z,emailservice,adservice,0,0,0,0,0,0,0
2026-10-04T14:09:41Z,emailservice,cartservice,0,0,0,0,0,0,0
2026-10-04T14:09:41Z,emailservice,checkoutservice,0,0,0,0,0,0,0
2026-10-04T14:09:41Z,emailservice,currencyservice,0,0,0,0,0,0,0
2026-10-04T14:09:41Z,emailservice,emailservice,0,0,0,0,0,0,0
2026-10-04T14:09:41Z,emailservice,frontend,0,0,0,0,0,0,0
2026-10-04T14:09:41Z,emailservice,kubernetes,0,0,0,0,0,0,0
2026-10-04T14:09:41Z,emailservice,paymentservice,0,0,0,0,0,0,0
2026-10-04T14:09:41Z,emailservice,productcatalogservice,0,0,0,0,0,0,0
2026-10-04T14:09:41Z,emailservice,recommendationservice,0,0,0,0,0,0,0
2026-10-04T14:09:41Z,emailservice,redis-cart,0,0,0,0,0,0,0
2026-10-04T14:09:41Z,emailservice,shippingservice,0,0,0,0,0,0,0
2026-10-04T14:09:41Z,frontend,adservice,846598,846596,0,0,0,2550882,846182
2026-10-04T14:09:41Z,frontend,cartservice,1884384,1884370,0,0,4,10437853,1883263
2026-10-04T14:09:41Z,frontend,checkoutservice,399208,189234,0,40061,169944,62619260,189065
2026-10-04T14:09:41Z,frontend,currencyservice,2995097,2995086,0,0,0,15795621,2993303
2026-10-04T14:09:41Z,frontend,emailservice,0,0,0,0,0,0,0
2026-10-04T14:09:41Z,frontend,frontend,0,0,0,0,0,0,0
2026-10-04T14:09:41Z,frontend,kubernetes,0,0,0,0,0,0,0
2026-10-04T14:09:41Z,frontend,paymentservice,0,0,0,0,0,0,0
2026-10-04T14:09:41Z,frontend,productcatalogservice,8400321,8400256,0,0,0,57372057,8395711
2026-10-04T14:09:41Z,frontend,recommendationservice,2735970,1664227,0,112490,956711,828096761,1663254
2026-10-04T14:09:41Z,frontend,redis-cart,0,0,0,0,0,0,0
2026-10-04T14:09:41Z,frontend,shippingservice,310415,310413,0,0,0,940491,310254
2026-10-04T14:09:41Z,paymentservice,adservice,0,0,0,0,0,0,0
2026-10-04T14:09:41Z,paymentservice,cartservice,0,0,0,0,0,0,0
2026-10-04T14:09:41Z,paymentservice,checkoutservice,0,0,0,0,0,0,0
2026-10-04T14:09:41Z,paymentservice,currencyservice,0,0,0,0,0,0,0
2026-10-04T14:09:41Z,paymentservice,emailservice,0,0,0,0,0,0,0
2026-10-04T14:09:41Z,paymentservice,frontend,0,0,0,0,0,0,0
2026-10-04T14:09:41Z,paymentservice,kubernetes,0,0,0,0,0,0,0
2026-10-04T14:09:41Z,paymentservice,paymentservice,0,0,0,0,0,0,0
2026-10-04T14:09:41Z,paymentservice,productcatalogservice,0,0,0,0,0,0,0
2026-10-04T14:09:41Z,paymentservice,recommendationservice,0,0,0,0,0,0,0
2026-10-04T14:09:41Z,paymentservice,redis-cart,0,0,0,0,0,0,0
2026-10-04T14:09:41Z,paymentservice,shippingservice,0,0,0,0,0,0,0
2026-10-04T14:09:41Z,productcatalogservice,adservice,0,0,0,0,0,0,0
2026-10-04T14:09:41Z,productcatalogservice,cartservice,0,0,0,0,0,0,0
2026-10-04T14:09:41Z,productcatalogservice,checkoutservice,0,0,0,0,0,0,0
2026-10-04T14:09:41Z,productcatalogservice,currencyservice,0,0,0,0,0,0,0
2026-10-04T14:09:41Z,productcatalogservice,emailservice,0,0,0,0,0,0,0
2026-10-04T14:09:41Z,productcatalogservice,frontend,0,0,0,0,0,0,0
2026-10-04T14:09:41Z,productcatalogservice,kubernetes,0,0,0,0,0,0,0
2026-10-04T14:09:41Z,productcatalogservice,paymentservice,0,0,0,0,0,0,0
2026-10-04T14:09:41Z,productcatalogservice,productcatalogservice,0,0,0,0,0,0,0
2026-10-04T14:09:41Z,productcatalogservice,recommendationservice,0,0,0,0,0,0,0
2026-10-04T14:09:41Z,productcatalogservice,redis-cart,0,0,0,0,0,0,0
2026-10-04T14:09:41Z,productcatalogservice,shippingservice,0,0,0,0,0,0,0
2026-10-04T14:09:41Z,recommendationservice,adservice,0,0,0,0,0,0,0
2026-10-04T14:09:41Z,recommendationservice,cartservice,0,0,0,0,0,0,0
2026-10-04T14:09:41Z,recommendationservice,checkoutservice,0,0,0,0,0,0,0
2026-10-04T14:09:41Z,recommendationservice,currencyservice,0,0,0,0,0,0,0
2026-10-04T14:09:41Z,recommendationservice,emailservice,0,0,0,0,0,0,0
2026-10-04T14:09:41Z,recommendationservice,frontend,0,0,0,0,0,0,0
2026-10-04T14:09:41Z,recommendationservice,kubernetes,0,0,0,0,0,0,0
2026-10-04T14:09:41Z,recommendationservice,paymentservice,0,0,0,0,0,0,0
2026-10-04T14:09:41Z,recommendationservice,productcatalogservice,153879,153877,0,0,0,1070276,153401
2026-10-04T14:09:41Z,recommendationservice,recommendationservice,0,0,0,0,0,0,0
2026-10-04T14:09:41Z,recommendationservice,redis-cart,0,0,0,0,0,0,0
2026-10-04T14:09:41Z,recommendationservice,shippingservice,0,0,0,0,0,0,0
2026-10-04T14:09:41Z,redis-cart,adservice,0,0,0,0,0,0,0
2026-10-04T14:09:41Z,redis-cart,cartservice,0,0,0,0,0,0,0
2026-10-04T14:09:41Z,redis-cart,checkoutservice,0,0,0,0,0,0,0
2026-10-04T14:09:41Z,redis-cart,currencyservice,0,0,0,0,0,0,0
2026-10-04T14:09:41Z,redis-cart,emailservice,0,0,0,0,0,0,0
2026-10-04T14:09:41Z,redis-cart,frontend,0,0,0,0,0,0,0
2026-10-04T14:09:41Z,redis-cart,kubernetes,0,0,0,0,0,0,0
2026-10-04T14:09:41Z,redis-cart,paymentservice,0,0,0,0,0,0,0
2026-10-04T14:09:41Z,redis-cart,productcatalogservice,0,0,0,0,0,0,0
2026-10-04T14:09:41Z,redis-cart,recommendationservice,0,0,0,0,0,0,0
2026-10-04T14:09:41Z,redis-cart,redis-cart,0,0,0,0,0,0,0
2026-10-04T14:09:41Z,redis-cart,shippingservice,0,0,0,0,0,0,0
2026-10-04T14:09:41Z,shippingservice,adservice,0,0,0,0,0,0,0
2026-10-04T14:09:41Z,shippingservice,cartservice,0,0,0,0,0,0,0
2026-10-04T14:09:41Z,shippingservice,checkoutservice,0,0,0,0,0,0,0
2026-10-04T14:09:41Z,shippingservice,currencyservice,0,0,0,0,0,0,0
2026-10-04T14:09:41Z,shippingservice,emailservice,0,0,0,0,0,0,0
2026-10-04T14:09:41Z,shippingservice,frontend,0,0,0,0,0,0,0
2026-10-04T14:09:41Z,shippingservice,kubernetes,0,0,0,0,0,0,0
2026-10-04T14:09:41Z,shippingservice,paymentservice,0,0,0,0,0,0,0
2026-10-04T14:09:41Z,shippingservice,productcatalogservice,0,0,0,0,0,0,0
2026-10-04T14:09:41Z,shippingservice,recommendationservice,0,0,0,0,0,0,0
2026-10-04T14:09:41Z,shippingservice,redis-cart,0,0,0,0,0,0,0
2026-10-04T14:09:41Z,shippingservice,shippingservice,0,0,0,0,0,0,0
2026-10-04T14:09:42Z,adservice,adservice,0,0,0,0,0,0,0
2026-10-04T14:09:42Z,adservice,cartservice,0,0,0,0,0,0,0
2026-10-04T14:09:42Z,adservice,checkoutservice,0,0,0,0,0,0,0
2026-10-04T14:09:42Z,adservice,currencyservice,0,0,0,0,0,0,0
2026-10-04T14:09:42Z,adservice,emailservice,0,0,0,0,0,0,0
2026-10-04T14:09:42Z,adservice,frontend,0,0,0,0,0,0,0
2026-10-04T14:09:42Z,adservice,kubernetes,0,0,0,0,0,0,0
2026-10-04T14:09:42Z,adservice,paymentservice,0,0,0,0,0,0,0
2026-10-04T14:09:42Z,adservice,productcatalogservice,0,0,0,0,0,0,0
2026-10-04T14:09:42Z,adservice,recommendationservice,0,0,0,0,0,0,0
2026-10-04T14:09:42Z,adservice,redis-cart,0,0,0,0,0,0,0
2026-10-04T14:09:42Z,adservice,shippingservice,0,0,0,0,0,0,0
2026-10-04T14:09:42Z,cartservice,adservice,0,0,0,0,0,0,0
2026-10-04T14:09:42Z,cartservice,cartservice,0,0,0,0,0,0,0
2026-10-04T14:09:42Z,cartservice,checkoutservice,0,0,0,0,0,0,0
2026-10-04T14:09:42Z,cartservice,currencyservice,0,0,0,0,0,0,0
2026-10-04T14:09:42Z,cartservice,emailservice,0,0,0,0,0,0,0
2026-10-04T14:09:42Z,cartservice,frontend,0,0,0,0,0,0,0
2026-10-04T14:09:42Z,cartservice,kubernetes,0,0,0,0,0,0,0
2026-10-04T14:09:42Z,cartservice,paymentservice,0,0,0,0,0,0,0
2026-10-04T14:09:42Z,cartservice,productcatalogservice,0,0,0,0,0,0,0
2026-10-04T14:09:42Z,cartservice,recommendationservice,0,0,0,0,0,0,0
2026-10-04T14:09:42Z,cartservice,redis-cart,2,0,0,0,0,0,0
2026-10-04T14:09:42Z,cartservice,shippingservice,0,0,0,0,0,0,0
2026-10-04T14:09:42Z,checkoutservice,adservice,0,0,0,0,0,0,0
2026-10-04T14:09:42Z,checkoutservice,cartservice,57721,56788,0,100,0,686641,56755
2026-10-04T14:09:42Z,checkoutservice,checkoutservice,0,0,0,0,0,0,0
2026-10-04T14:09:42Z,checkoutservice,currencyservice,40257,40257,0,0,0,560982,40241
2026-10-04T14:09:42Z,checkoutservice,emailservice,11493,11206,0,66,0,392428,11192
2026-10-04T14:09:42Z,checkoutservice,frontend,0,0,0,0,0,0,0
2026-10-04T14:09:42Z,checkoutservice,kubernetes,0,0,0,0,0,0,0
2026-10-04T14:09:42Z,checkoutservice,paymentservice,33523,31674,0,192,0,431463,31511
2026-10-04T14:09:42Z,checkoutservice,productcatalogservice,0,0,0,0,0,0,0
2026-10-04T14:09:42Z,checkoutservice,recommendationservice,0,0,0,0,0,0,0
2026-10-04T14:09:42Z,checkoutservice,redis-cart,0,0,0,0,0,0,0
2026-10-04T14:09:42Z,checkoutservice,shippingservice,63030,60927,0,154,0,506126,60893
2026-10-04T14:09:42Z,currencyservice,adservice,0,0,0,0,0,0,0
2026-10-04T14:09:42Z,currencyservice,cartservice,0,0,0,0,0,0,0
2026-10-04T14:09:42Z,currencyservice,checkoutservice,0,0,0,0,0,0,0
2026-10-04T14:09:42Z,currencyservice,currencyservice,0,0,0,0,0,0,0
2026-10-04T14:09:42Z,currencyservice,emailservice,0,0,0,0,0,0,0
2026-10-04T14:09:42Z,currencyservice,frontend,0,0,0,0,0,0,0
2026-10-04T14:09:42Z,currencyservice,kubernetes,0,0,0,0,0,0,0
2026-10-04T14:09:42Z,currencyservice,paymentservice,0,0,0,0,0,0,0
2026-10-04T14:09:42Z,currencyservice,productcatalogservice,0,0,0,0,0,0,0
2026-10-04T14:09:42Z,currencyservice,recommendationservice,0,0,0,0,0,0,0
2026-10-04T14:09:42Z,currencyservice,redis-cart,0,0,0,0,0,0,0
2026-10-04T14:09:42Z,currencyservice,shippingservice,0,0,0,0,0,0,0
2026-10-04T14:09:42Z,emailservice,adservice,0,0,0,0,0,0,0
2026-10-04T14:09:42Z,emailservice,cartservice,0,0,0,0,0,0,0
2026-10-04T14:09:42Z,emailservice,checkoutservice,0,0,0,0,0,0,0
2026-10-04T14:09:42Z,emailservice,currencyservice,0,0,0,0,0,0,0
2026-10-04T14:09:42Z,emailservice,emailservice,0,0,0,0,0,0,0
2026-10-04T14:09:42Z,emailservice,frontend,0,0,0,0,0,0,0
2026-10-04T14:09:42Z,emailservice,kubernetes,0,0,0,0,0,0,0
2026-10-04T14:09:42Z,emailservice,paymentservice,0,0,0,0,0,0,0
2026-10-04T14:09:42Z,emailservice,productcatalogservice,0,0,0,0,0,0,0
2026-10-04T14:09:42Z,emailservice,recommendationservice,0,0,0,0,0,0,0
2026-10-04T14:09:42Z,emailservice,redis-cart,0,0,0,0,0,0,0
2026-10-04T14:09:42Z,emailservice,shippingservice,0,0,0,0,0,0,0
2026-10-04T14:09:42Z,frontend,adservice,846723,846721,0,0,0,2550882,846182
2026-10-04T14:09:42Z,frontend,cartservice,1884771,1884755,0,0,4,10437853,1883263
2026-10-04T14:09:42Z,frontend,checkoutservice,399254,189287,0,40061,169944,62619260,189065
2026-10-04T14:09:42Z,frontend,currencyservice,2995689,2995679,0,0,0,15795621,2993303
2026-10-04T14:09:42Z,frontend,emailservice,0,0,0,0,0,0,0
2026-10-04T14:09:42Z,frontend,frontend,0,0,0,0,0,0,0
2026-10-04T14:09:42Z,frontend,kubernetes,0,0,0,0,0,0,0
2026-10-04T14:09:42Z,frontend,paymentservice,0,0,0,0,0,0,0
2026-10-04T14:09:42Z,frontend,productcatalogservice,8401758,8401676,0,0,0,57372057,8395711
2026-10-04T14:09:42Z,frontend,recommendationservice,2736775,1664564,0,112559,957117,828096761,1663254
2026-10-04T14:09:42Z,frontend,redis-cart,0,0,0,0,0,0,0
2026-10-04T14:09:42Z,frontend,shippingservice,310458,310456,0,0,0,940491,310254
2026-10-04T14:09:42Z,paymentservice,adservice,0,0,0,0,0,0,0
2026-10-04T14:09:42Z,paymentservice,cartservice,0,0,0,0,0,0,0
2026-10-04T14:09:42Z,paymentservice,checkoutservice,0,0,0,0,0,0,0
2026-10-04T14:09:42Z,paymentservice,currencyservice,0,0,0,0,0,0,0
2026-10-04T14:09:42Z,paymentservice,emailservice,0,0,0,0,0,0,0
2026-10-04T14:09:42Z,paymentservice,frontend,0,0,0,0,0,0,0
2026-10-04T14:09:42Z,paymentservice,kubernetes,0,0,0,0,0,0,0
2026-10-04T14:09:42Z,paymentservice,paymentservice,0,0,0,0,0,0,0
2026-10-04T14:09:42Z,paymentservice,productcatalogservice,0,0,0,0,0,0,0
2026-10-04T14:09:42Z,paymentservice,recommendationservice,0,0,0,0,0,0,0
2026-10-04T14:09:42Z,paymentservice,redis-cart,0,0,0,0,0,0,0
2026-10-04T14:09:42Z,paymentservice,shippingservice,0,0,0,0,0,0,0
2026-10-04T14:09:42Z,productcatalogservice,adservice,0,0,0,0,0,0,0
2026-10-04T14:09:42Z,productcatalogservice,cartservice,0,0,0,0,0,0,0
2026-10-04T14:09:42Z,productcatalogservice,checkoutservice,0,0,0,0,0,0,0
2026-10-04T14:09:42Z,productcatalogservice,currencyservice,0,0,0,0,0,0,0
2026-10-04T14:09:42Z,productcatalogservice,emailservice,0,0,0,0,0,0,0
2026-10-04T14:09:42Z,productcatalogservice,frontend,0,0,0,0,0,0,0
2026-10-04T14:09:42Z,productcatalogservice,kubernetes,0,0,0,0,0,0,0
2026-10-04T14:09:42Z,productcatalogservice,paymentservice,0,0,0,0,0,0,0
2026-10-04T14:09:42Z,productcatalogservice,productcatalogservice,0,0,0,0,0,0,0
2026-10-04T14:09:42Z,productcatalogservice,recommendationservice,0,0,0,0,0,0,0
2026-10-04T14:09:42Z,productcatalogservice,redis-cart,0,0,0,0,0,0,0
2026-10-04T14:09:42Z,productcatalogservice,shippingservice,0,0,0,0,0,0,0
2026-10-04T14:09:42Z,recommendationservice,adservice,0,0,0,0,0,0,0
2026-10-04T14:09:42Z,recommendationservice,cartservice,0,0,0,0,0,0,0
2026-10-04T14:09:42Z,recommendationservice,checkoutservice,0,0,0,0,0,0,0
2026-10-04T14:09:42Z,recommendationservice,currencyservice,0,0,0,0,0,0,0
2026-10-04T14:09:42Z,recommendationservice,emailservice,0,0,0,0,0,0,0
2026-10-04T14:09:42Z,recommendationservice,frontend,0,0,0,0,0,0,0
2026-10-04T14:09:42Z,recommendationservice,kubernetes,0,0,0,0,0,0,0
2026-10-04T14:09:42Z,recommendationservice,paymentservice,0,0,0,0,0,0,0
2026-10-04T14:09:42Z,recommendationservice,productcatalogservice,154277,154267,0,0,0,1070276,153401
2026-10-04T14:09:42Z,recommendationservice,recommendationservice,0,0,0,0,0,0,0
2026-10-04T14:09:42Z,recommendationservice,redis-cart,0,0,0,0,0,0,0
2026-10-04T14:09:42Z,recommendationservice,shippingservice,0,0,0,0,0,0,0
2026-10-04T14:09:42Z,redis-cart,adservice,0,0,0,0,0,0,0
2026-10-04T14:09:42Z,redis-cart,cartservice,0,0,0,0,0,0,0
2026-10-04T14:09:42Z,redis-cart,checkoutservice,0,0,0,0,0,0,0
2026-10-04T14:09:42Z,redis-cart,currencyservice,0,0,0,0,0,0,0
2026-10-04T14:09:42Z,redis-cart,emailservice,0,0,0,0,0,0,0
2026-10-04T14:09:42Z,redis-cart,frontend,0,0,0,0,0,0,0
2026-10-04T14:09:42Z,redis-cart,kubernetes,0,0,0,0,0,0,0
2026-10-04T14:09:42Z,redis-cart,paymentservice,0,0,0,0,0,0,0
2026-10-04T14:09:42Z,redis-cart,productcatalogservice,0,0,0,0,0,0,0
2026-10-04T14:09:42Z,redis-cart,recommendationservice,0,0,0,0,0,0,0
2026-10-04T14:09:42Z,redis-cart,redis-cart,0,0,0,0,0,0,0
2026-10-04T14:09:42Z,redis-cart,shippingservice,0,0,0,0,0,0,0
2026-10-04T14:09:42Z,shippingservice,adservice,0,0,0,0,0,0,0
2026-10-04T14:09:42Z,shippingservice,cartservice,0,0,0,0,0,0,0
2026-10-04T14:09:42Z,shippingservice,checkoutservice,0,0,0,0,0,0,0
2026-10-04T14:09:42Z,shippingservice,currencyservice,0,0,0,0,0,0,0
2026-10-04T14:09:42Z,shippingservice,emailservice,0,0,0,0,0,0,0
2026-10-04T14:09:42Z,shippingservice,frontend,0,0,0,0,0,0,0
2026-10-04T14:09:42Z,shippingservice,kubernetes,0,0,0,0,0,0,0
2026-10-04T14:09:42Z,shippingservice,paymentservice,0,0,0,0,0,0,0
2026-10-04T14:09:42Z,shippingservice,productcatalogservice,0,0,0,0,0,0,0
2026-10-04T14:09:42Z,shippingservice,recommendationservice,0,0,0,0,0,0,0
2026-10-04T14:09:42Z,shippingservice,redis-cart,0,0,0,0,0,0,0
2026-10-04T14:09:42Z,shippingservice,shippingservice,0,0,0,0,0,0,0
2026-10-04T14:09:43Z,adservice,adservice,0,0,0,0,0,0,0
2026-10-04T14:09:43Z,adservice,cartservice,0,0,0,0,0,0,0
2026-10-04T14:09:43Z,adservice,checkoutservice,0,0,0,0,0,0,0
2026-10-04T14:09:43Z,adservice,currencyservice,0,0,0,0,0,0,0
2026-10-04T14:09:43Z,adservice,emailservice,0,0,0,0,0,0,0
2026-10-04T14:09:43Z,adservice,frontend,0,0,0,0,0,0,0
2026-10-04T14:09:43Z,adservice,kubernetes,0,0,0,0,0,0,0
2026-10-04T14:09:43Z,adservice,paymentservice,0,0,0,0,0,0,0
2026-10-04T14:09:43Z,adservice,productcatalogservice,0,0,0,0,0,0,0
2026-10-04T14:09:43Z,adservice,recommendationservice,0,0,0,0,0,0,0
2026-10-04T14:09:43Z,adservice,redis-cart,0,0,0,0,0,0,0
2026-10-04T14:09:43Z,adservice,shippingservice,0,0,0,0,0,0,0
2026-10-04T14:09:43Z,cartservice,adservice,0,0,0,0,0,0,0
2026-10-04T14:09:43Z,cartservice,cartservice,0,0,0,0,0,0,0
2026-10-04T14:09:43Z,cartservice,checkoutservice,0,0,0,0,0,0,0
2026-10-04T14:09:43Z,cartservice,currencyservice,0,0,0,0,0,0,0
2026-10-04T14:09:43Z,cartservice,emailservice,0,0,0,0,0,0,0
2026-10-04T14:09:43Z,cartservice,frontend,0,0,0,0,0,0,0
2026-10-04T14:09:43Z,cartservice,kubernetes,0,0,0,0,0,0,0
2026-10-04T14:09:43Z,cartservice,paymentservice,0,0,0,0,0,0,0
2026-10-04T14:09:43Z,cartservice,productcatalogservice,0,0,0,0,0,0,0
2026-10-04T14:09:43Z,cartservice,recommendationservice,0,0,0,0,0,0,0
2026-10-04T14:09:43Z,cartservice,redis-cart,2,0,0,0,0,0,0
2026-10-04T14:09:43Z,cartservice,shippingservice,0,0,0,0,0,0,0
2026-10-04T14:09:43Z,checkoutservice,adservice,0,0,0,0,0,0,0
2026-10-04T14:09:43Z,checkoutservice,cartservice,57828,56897,0,100,0,686641,56755
2026-10-04T14:09:43Z,checkoutservice,checkoutservice,0,0,0,0,0,0,0
2026-10-04T14:09:43Z,checkoutservice,currencyservice,40312,40312,0,0,0,560982,40241
2026-10-04T14:09:43Z,checkoutservice,emailservice,11548,11259,0,66,0,392428,11192
2026-10-04T14:09:43Z,checkoutservice,frontend,0,0,0,0,0,0,0
2026-10-04T14:09:43Z,checkoutservice,kubernetes,0,0,0,0,0,0,0
2026-10-04T14:09:43Z,checkoutservice,paymentservice,33578,31730,0,192,0,431463,31511
2026-10-04T14:09:43Z,checkoutservice,productcatalogservice,0,0,0,0,0,0,0
2026-10-04T14:09:43Z,checkoutservice,recommendationservice,0,0,0,0,0,0,0
2026-10-04T14:09:43Z,checkoutservice,redis-cart,0,0,0,0,0,0,0
2026-10-04T14:09:43Z,checkoutservice,shippingservice,63141,61038,0,154,0,506126,60893
2026-10-04T14:09:43Z,currencyservice,adservice,0,0,0,0,0,0,0
2026-10-04T14:09:43Z,currencyservice,cartservice,0,0,0,0,0,0,0
2026-10-04T14:09:43Z,currencyservice,checkoutservice,0,0,0,0,0,0,0
2026-10-04T14:09:43Z,currencyservice,currencyservice,0,0,0,0,0,0,0
2026-10-04T14:09:43Z,currencyservice,emailservice,0,0,0,0,0,0,0
2026-10-04T14:09:43Z,currencyservice,frontend,0,0,0,0,0,0,0
2026-10-04T14:09:43Z,currencyservice,kubernetes,0,0,0,0,0,0,0
2026-10-04T14:09:43Z,currencyservice,paymentservice,0,0,0,0,0,0,0
2026-10-04T14:09:43Z,currencyservice,productcatalogservice,0,0,0,0,0,0,0
2026-10-04T14:09:43Z,currencyservice,recommendationservice,0,0,0,0,0,0,0
2026-10-04T14:09:43Z,currencyservice,redis-cart,0,0,0,0,0,0,0
2026-10-04T14:09:43Z,currencyservice,shippingservice,0,0,0,0,0,0,0
2026-10-04T14:09:43Z,emailservice,adservice,0,0,0,0,0,0,0
2026-10-04T14:09:43Z,emailservice,cartservice,0,0,0,0,0,0,0
2026-10-04T14:09:43Z,emailservice,checkoutservice,0,0,0,0,0,0,0
2026-10-04T14:09:43Z,emailservice,currencyservice,0,0,0,0,0,0,0
2026-10-04T14:09:43Z,emailservice,emailservice,0,0,0,0,0,0,0
2026-10-04T14:09:43Z,emailservice,frontend,0,0,0,0,0,0,0
2026-10-04T14:09:43Z,emailservice,kubernetes,0,0,0,0,0,0,0
2026-10-04T14:09:43Z,emailservice,paymentservice,0,0,0,0,0,0,0
2026-10-04T14:09:43Z,emailservice,productcatalogservice,0,0,0,0,0,0,0
2026-10-04T14:09:43Z,emailservice,recommendationservice,0,0,0,0,0,0,0
2026-10-04T14:09:43Z,emailservice,redis-cart,0,0,0,0,0,0,0
2026-10-04T14:09:43Z,emailservice,shippingservice,0,0,0,0,0,0,0
2026-10-04T14:09:43Z,frontend,adservice,846867,846865,0,0,0,2551351,846344
2026-10-04T14:09:43Z,frontend,cartservice,1885153,1885141,0,0,4,10440307,1883772
2026-10-04T14:09:43Z,frontend,checkoutservice,399303,189338,0,40061,169944,62627548,189130
2026-10-04T14:09:43Z,frontend,currencyservice,2996310,2996303,0,0,0,15799149,2994072
2026-10-04T14:09:43Z,frontend,emailservice,0,0,0,0,0,0,0
2026-10-04T14:09:43Z,frontend,frontend,0,0,0,0,0,0,0
2026-10-04T14:09:43Z,frontend,kubernetes,0,0,0,0,0,0,0
2026-10-04T14:09:43Z,frontend,paymentservice,0,0,0,0,0,0,0
2026-10-04T14:09:43Z,frontend,productcatalogservice,8403281,8403198,0,0,0,57386884,8397566
2026-10-04T14:09:43Z,frontend,recommendationservice,2737477,1664900,0,112613,957424,828445901,1663702
2026-10-04T14:09:43Z,frontend,redis-cart,0,0,0,0,0,0,0
2026-10-04T14:09:43Z,frontend,shippingservice,310510,310508,0,0,0,940645,310316
2026-10-04T14:09:43Z,paymentservice,adservice,0,0,0,0,0,0,0
2026-10-04T14:09:43Z,paymentservice,cartservice,0,0,0,0,0,0,0
2026-10-04T14:09:43Z,paymentservice,checkoutservice,0,0,0,0,0,0,0
2026-10-04T14:09:43Z,paymentservice,currencyservice,0,0,0,0,0,0,0
2026-10-04T14:09:43Z,paymentservice,emailservice,0,0,0,0,0,0,0
2026-10-04T14:09:43Z,paymentservice,frontend,0,0,0,0,0,0,0
2026-10-04T14:09:43Z,paymentservice,kubernetes,0,0,0,0,0,0,0
2026-10-04T14:09:43Z,paymentservice,paymentservice,0,0,0,0,0,0,0
2026-10-04T14:09:43Z,paymentservice,productcatalogservice,0,0,0,0,0,0,0
2026-10-04T14:09:43Z,paymentservice,recommendationservice,0,0,0,0,0,0,0
2026-10-04T14:09:43Z,paymentservice,redis-cart,0,0,0,0,0,0,0
2026-10-04T14:09:43Z,paymentservice,shippingservice,0,0,0,0,0,0,0
2026-10-04T14:09:43Z,productcatalogservice,adservice,0,0,0,0,0,0,0
2026-10-04T14:09:43Z,productcatalogservice,cartservice,0,0,0,0,0,0,0
2026-10-04T14:09:43Z,productcatalogservice,checkoutservice,0,0,0,0,0,0,0
2026-10-04T14:09:43Z,productcatalogservice,currencyservice,0,0,0,0,0,0,0
2026-10-04T14:09:43Z,productcatalogservice,emailservice,0,0,0,0,0,0,0
2026-10-04T14:09:43Z,productcatalogservice,frontend,0,0,0,0,0,0,0
2026-10-04T14:09:43Z,productcatalogservice,kubernetes,0,0,0,0,0,0,0
2026-10-04T14:09:43Z,productcatalogservice,paymentservice,0,0,0,0,0,0,0
2026-10-04T14:09:43Z,productcatalogservice,productcatalogservice,0,0,0,0,0,0,0
2026-10-04T14:09:43Z,productcatalogservice,recommendationservice,0,0,0,0,0,0,0
2026-10-04T14:09:43Z,productcatalogservice,redis-cart,0,0,0,0,0,0,0
2026-10-04T14:09:43Z,productcatalogservice,shippingservice,0,0,0,0,0,0,0
2026-10-04T14:09:43Z,recommendationservice,adservice,0,0,0,0,0,0,0
2026-10-04T14:09:43Z,recommendationservice,cartservice,0,0,0,0,0,0,0
2026-10-04T14:09:43Z,recommendationservice,checkoutservice,0,0,0,0,0,0,0
2026-10-04T14:09:43Z,recommendationservice,currencyservice,0,0,0,0,0,0,0
2026-10-04T14:09:43Z,recommendationservice,emailservice,0,0,0,0,0,0,0
2026-10-04T14:09:43Z,recommendationservice,frontend,0,0,0,0,0,0,0
2026-10-04T14:09:43Z,recommendationservice,kubernetes,0,0,0,0,0,0,0
2026-10-04T14:09:43Z,recommendationservice,paymentservice,0,0,0,0,0,0,0
2026-10-04T14:09:43Z,recommendationservice,productcatalogservice,154698,154694,0,0,0,1070276,153401
2026-10-04T14:09:43Z,recommendationservice,recommendationservice,0,0,0,0,0,0,0
2026-10-04T14:09:43Z,recommendationservice,redis-cart,0,0,0,0,0,0,0
2026-10-04T14:09:43Z,recommendationservice,shippingservice,0,0,0,0,0,0,0
2026-10-04T14:09:43Z,redis-cart,adservice,0,0,0,0,0,0,0
2026-10-04T14:09:43Z,redis-cart,cartservice,0,0,0,0,0,0,0
2026-10-04T14:09:43Z,redis-cart,checkoutservice,0,0,0,0,0,0,0
2026-10-04T14:09:43Z,redis-cart,currencyservice,0,0,0,0,0,0,0
2026-10-04T14:09:43Z,redis-cart,emailservice,0,0,0,0,0,0,0
2026-10-04T14:09:43Z,redis-cart,frontend,0,0,0,0,0,0,0
2026-10-04T14:09:43Z,redis-cart,kubernetes,0,0,0,0,0,0,0
2026-10-04T14:09:43Z,redis-cart,paymentservice,0,0,0,0,0,0,0
2026-10-04T14:09:43Z,redis-cart,productcatalogservice,0,0,0,0,0,0,0
2026-10-04T14:09:43Z,redis-cart,recommendationservice,0,0,0,0,0,0,0
2026-10-04T14:09:43Z,redis-cart,redis-cart,0,0,0,0,0,0,0
2026-10-04T14:09:43Z,redis-cart,shippingservice,0,0,0,0,0,0,0
2026-10-04T14:09:43Z,shippingservice,adservice,0,0,0,0,0,0,0
2026-10-04T14:09:43Z,shippingservice,cartservice,0,0,0,0,0,0,0
2026-10-04T14:09:43Z,shippingservice,checkoutservice,0,0,0,0,0,0,0
2026-10-04T14:09:43Z,shippingservice,currencyservice,0,0,0,0,0,0,0
2026-10-04T14:09:43Z,shippingservice,emailservice,0,0,0,0,0,0,0
2026-10-04T14:09:43Z,shippingservice,frontend,0,0,0,0,0,0,0
2026-10-04T14:09:43Z,shippingservice,kubernetes,0,0,0,0,0,0,0
2026-10-04T14:09:43Z,shippingservice,paymentservice,0,0,0,0,0,0,0
2026-10-04T14:09:43Z,shippingservice,productcatalogservice,0,0,0,0,0,0,0
2026-10-04T14:09:43Z,shippingservice,recommendationservice,0,0,0,0,0,0,0
2026-10-04T14:09:43Z,shippingservice,redis-cart,0,0,0,0,0,0,0
2026-10-04T14:09:43Z,shippingservice,shippingservice,0,0,0,0,0,0,0
2026-10-04T14:09:44Z,adservice,adservice,0,0,0,0,0,0,0
2026-10-04T14:09:44Z,adservice,cartservice,0,0,0,0,0,0,0
2026-10-04T14:09:44Z,adservice,checkoutservice,0,0,0,0,0,0,0
2026-10-04T14:09:44Z,adservice,currencyservice,0,0,0,0,0,0,0
2026-10-04T14:09:44Z,adservice,emailservice,0,0,0,0,0,0,0
2026-10-04T14:09:44Z,adservice,frontend,0,0,0,0,0,0,0
2026-10-04T14:09:44Z,adservice,kubernetes,0,0,0,0,0,0,0
2026-10-04T14:09:44Z,adservice,paymentservice,0,0,0,0,0,0,0
2026-10-04T14:09:44Z,adservice,productcatalogservice,0,0,0,0,0,0,0
2026-10-04T14:09:44Z,adservice,recommendationservice,0,0,0,0,0,0,0
2026-10-04T14:09:44Z,adservice,redis-cart,0,0,0,0,0,0,0
2026-10-04T14:09:44Z,adservice,shippingservice,0,0,0,0,0,0,0
2026-10-04T14:09:44Z,cartservice,adservice,0,0,0,0,0,0,0
2026-10-04T14:09:44Z,cartservice,cartservice,0,0,0,0,0,0,0
2026-10-04T14:09:44Z,cartservice,checkoutservice,0,0,0,0,0,0,0
2026-10-04T14:09:44Z,cartservice,currencyservice,0,0,0,0,0,0,0
2026-10-04T14:09:44Z,cartservice,emailservice,0,0,0,0,0,0,0
2026-10-04T14:09:44Z,cartservice,frontend,0,0,0,0,0,0,0
2026-10-04T14:09:44Z,cartservice,kubernetes,0,0,0,0,0,0,0
2026-10-04T14:09:44Z,cartservice,paymentservice,0,0,0,0,0,0,0
2026-10-04T14:09:44Z,cartservice,productcatalogservice,0,0,0,0,0,0,0
2026-10-04T14:09:44Z,cartservice,recommendationservice,0,0,0,0,0,0,0
2026-10-04T14:09:44Z,cartservice,redis-cart,2,0,0,0,0,0,0
2026-10-04T14:09:44Z,cartservice,shippingservice,0,0,0,0,0,0,0
2026-10-04T14:09:44Z,checkoutservice,adservice,0,0,0,0,0,0,0
2026-10-04T14:09:44Z,checkoutservice,cartservice,57933,57002,0,100,0,686641,56755
2026-10-04T14:09:44Z,checkoutservice,checkoutservice,0,0,0,0,0,0,0
2026-10-04T14:09:44Z,checkoutservice,currencyservice,40364,40364,0,0,0,560982,40241
2026-10-04T14:09:44Z,checkoutservice,emailservice,11602,11315,0,66,0,392428,11192
2026-10-04T14:09:44Z,checkoutservice,frontend,0,0,0,0,0,0,0
2026-10-04T14:09:44Z,checkoutservice,kubernetes,0,0,0,0,0,0,0
2026-10-04T14:09:44Z,checkoutservice,paymentservice,33630,31782,0,192,0,431463,31511
2026-10-04T14:09:44Z,checkoutservice,productcatalogservice,0,0,0,0,0,0,0
2026-10-04T14:09:44Z,checkoutservice,recommendationservice,0,0,0,0,0,0,0
2026-10-04T14:09:44Z,checkoutservice,redis-cart,0,0,0,0,0,0,0
2026-10-04T14:09:44Z,checkoutservice,shippingservice,63244,61141,0,154,0,506126,60893
2026-10-04T14:09:44Z,currencyservice,adservice,0,0,0,0,0,0,0
2026-10-04T14:09:44Z,currencyservice,cartservice,0,0,0,0,0,0,0
2026-10-04T14:09:44Z,currencyservice,checkoutservice,0,0,0,0,0,0,0
2026-10-04T14:09:44Z,currencyservice,currencyservice,0,0,0,0,0,0,0
2026-10-04T14:09:44Z,currencyservice,emailservice,0,0,0,0,0,0,0
2026-10-04T14:09:44Z,currencyservice,frontend,0,0,0,0,0,0,0
2026-10-04T14:09:44Z,currencyservice,kubernetes,0,0,0,0,0,0,0
2026-10-04T14:09:44Z,currencyservice,paymentservice,0,0,0,0,0,0,0
2026-10-04T14:09:44Z,currencyservice,productcatalogservice,0,0,0,0,0,0,0
2026-10-04T14:09:44Z,currencyservice,recommendationservice,0,0,0,0,0,0,0
2026-10-04T14:09:44Z,currencyservice,redis-cart,0,0,0,0,0,0,0
2026-10-04T14:09:44Z,currencyservice,shippingservice,0,0,0,0,0,0,0
2026-10-04T14:09:44Z,emailservice,adservice,0,0,0,0,0,0,0
2026-10-04T14:09:44Z,emailservice,cartservice,0,0,0,0,0,0,0
2026-10-04T14:09:44Z,emailservice,checkoutservice,0,0,0,0,0,0,0
2026-10-04T14:09:44Z,emailservice,currencyservice,0,0,0,0,0,0,0
2026-10-04T14:09:44Z,emailservice,emailservice,0,0,0,0,0,0,0
2026-10-04T14:09:44Z,emailservice,frontend,0,0,0,0,0,0,0
2026-10-04T14:09:44Z,emailservice,kubernetes,0,0,0,0,0,0,0
2026-10-04T14:09:44Z,emailservice,paymentservice,0,0,0,0,0,0,0
2026-10-04T14:09:44Z,emailservice,productcatalogservice,0,0,0,0,0,0,0
2026-10-04T14:09:44Z,emailservice,recommendationservice,0,0,0,0,0,0,0
2026-10-04T14:09:44Z,emailservice,redis-cart,0,0,0,0,0,0,0
2026-10-04T14:09:44Z,emailservice,shippingservice,0,0,0,0,0,0,0
2026-10-04T14:09:44Z,frontend,adservice,847027,847025,0,0,0,2552782,846761
2026-10-04T14:09:44Z,frontend,cartservice,1885571,1885559,0,0,4,10445168,1884838
2026-10-04T14:09:44Z,frontend,checkoutservice,399360,189395,0,40061,169944,62644674,189277
2026-10-04T14:09:44Z,frontend,currencyservice,2996969,2996960,0,0,0,15806370,2995800
2026-10-04T14:09:44Z,frontend,emailservice,0,0,0,0,0,0,0
2026-10-04T14:09:44Z,frontend,frontend,0,0,0,0,0,0,0
2026-10-04T14:09:44Z,frontend,kubernetes,0,0,0,0,0,0,0
2026-10-04T14:09:44Z,frontend,paymentservice,0,0,0,0,0,0,0
2026-10-04T14:09:44Z,frontend,productcatalogservice,8404931,8404863,0,0,0,57412333,8401932
2026-10-04T14:09:44Z,frontend,recommendationservice,2738240,1665253,0,112653,957783,829137816,1664618
2026-10-04T14:09:44Z,frontend,redis-cart,0,0,0,0,0,0,0
2026-10-04T14:09:44Z,frontend,shippingservice,310563,310561,0,0,0,941027,310463
2026-10-04T14:09:44Z,paymentservice,adservice,0,0,0,0,0,0,0
2026-10-04T14:09:44Z,paymentservice,cartservice,0,0,0,0,0,0,0
2026-10-04T14:09:44Z,paymentservice,checkoutservice,0,0,0,0,0,0,0
2026-10-04T14:09:44Z,paymentservice,currencyservice,0,0,0,0,0,0,0
2026-10-04T14:09:44Z,paymentservice,emailservice,0,0,0,0,0,0,0
2026-10-04T14:09:44Z,paymentservice,frontend,0,0,0,0,0,0,0
2026-10-04T14:09:44Z,paymentservice,kubernetes,0,0,0,0,0,0,0
2026-10-04T14:09:44Z,paymentservice,paymentservice,0,0,0,0,0,0,0
2026-10-04T14:09:44Z,paymentservice,productcatalogservice,0,0,0,0,0,0,0
2026-10-04T14:09:44Z,paymentservice,recommendationservice,0,0,0,0,0,0,0
2026-10-04T14:09:44Z,paymentservice,redis-cart,0,0,0,0,0,0,0
2026-10-04T14:09:44Z,paymentservice,shippingservice,0,0,0,0,0,0,0
2026-10-04T14:09:44Z,productcatalogservice,adservice,0,0,0,0,0,0,0
2026-10-04T14:09:44Z,productcatalogservice,cartservice,0,0,0,0,0,0,0
2026-10-04T14:09:44Z,productcatalogservice,checkoutservice,0,0,0,0,0,0,0
2026-10-04T14:09:44Z,productcatalogservice,currencyservice,0,0,0,0,0,0,0
2026-10-04T14:09:44Z,productcatalogservice,emailservice,0,0,0,0,0,0,0
2026-10-04T14:09:44Z,productcatalogservice,frontend,0,0,0,0,0,0,0
2026-10-04T14:09:44Z,productcatalogservice,kubernetes,0,0,0,0,0,0,0
2026-10-04T14:09:44Z,productcatalogservice,paymentservice,0,0,0,0,0,0,0
2026-10-04T14:09:44Z,productcatalogservice,productcatalogservice,0,0,0,0,0,0,0
2026-10-04T14:09:44Z,productcatalogservice,recommendationservice,0,0,0,0,0,0,0
2026-10-04T14:09:44Z,productcatalogservice,redis-cart,0,0,0,0,0,0,0
2026-10-04T14:09:44Z,productcatalogservice,shippingservice,0,0,0,0,0,0,0
2026-10-04T14:09:44Z,recommendationservice,adservice,0,0,0,0,0,0,0
2026-10-04T14:09:44Z,recommendationservice,cartservice,0,0,0,0,0,0,0
2026-10-04T14:09:44Z,recommendationservice,checkoutservice,0,0,0,0,0,0,0
2026-10-04T14:09:44Z,recommendationservice,currencyservice,0,0,0,0,0,0,0
2026-10-04T14:09:44Z,recommendationservice,emailservice,0,0,0,0,0,0,0
2026-10-04T14:09:44Z,recommendationservice,frontend,0,0,0,0,0,0,0
2026-10-04T14:09:44Z,recommendationservice,kubernetes,0,0,0,0,0,0,0
2026-10-04T14:09:44Z,recommendationservice,paymentservice,0,0,0,0,0,0,0
2026-10-04T14:09:44Z,recommendationservice,productcatalogservice,155104,155103,0,0,0,1070276,153401
2026-10-04T14:09:44Z,recommendationservice,recommendationservice,0,0,0,0,0,0,0
2026-10-04T14:09:44Z,recommendationservice,redis-cart,0,0,0,0,0,0,0
2026-10-04T14:09:44Z,recommendationservice,shippingservice,0,0,0,0,0,0,0
2026-10-04T14:09:44Z,redis-cart,adservice,0,0,0,0,0,0,0
2026-10-04T14:09:44Z,redis-cart,cartservice,0,0,0,0,0,0,0
2026-10-04T14:09:44Z,redis-cart,checkoutservice,0,0,0,0,0,0,0
2026-10-04T14:09:44Z,redis-cart,currencyservice,0,0,0,0,0,0,0
2026-10-04T14:09:44Z,redis-cart,emailservice,0,0,0,0,0,0,0
2026-10-04T14:09:44Z,redis-cart,frontend,0,0,0,0,0,0,0
2026-10-04T14:09:44Z,redis-cart,kubernetes,0,0,0,0,0,0,0
2026-10-04T14:09:44Z,redis-cart,paymentservice,0,0,0,0,0,0,0
2026-10-04T14:09:44Z,redis-cart,productcatalogservice,0,0,0,0,0,0,0
2026-10-04T14:09:44Z,redis-cart,recommendationservice,0,0,0,0,0,0,0
2026-10-04T14:09:44Z,redis-cart,redis-cart,0,0,0,0,0,0,0
2026-10-04T14:09:44Z,redis-cart,shippingservice,0,0,0,0,0,0,0
2026-10-04T14:09:44Z,shippingservice,adservice,0,0,0,0,0,0,0
2026-10-04T14:09:44Z,shippingservice,cartservice,0,0,0,0,0,0,0
2026-10-04T14:09:44Z,shippingservice,checkoutservice,0,0,0,0,0,0,0
2026-10-04T14:09:44Z,shippingservice,currencyservice,0,0,0,0,0,0,0
2026-10-04T14:09:44Z,shippingservice,emailservice,0,0,0,0,0,0,0
2026-10-04T14:09:44Z,shippingservice,frontend,0,0,0,0,0,0,0
2026-10-04T14:09:44Z,shippingservice,kubernetes,0,0,0,0,0,0,0
2026-10-04T14:09:44Z,shippingservice,paymentservice,0,0,0,0,0,0,0
2026-10-04T14:09:44Z,shippingservice,productcatalogservice,0,0,0,0,0,0,0
2026-10-04T14:09:44Z,shippingservice,recommendationservice,0,0,0,0,0,0,0
2026-10-04T14:09:44Z,shippingservice,redis-cart,0,0,0,0,0,0,0
2026-10-04T14:09:44Z,shippingservice,shippingservice,0,0,0,0,0,0,0
2026-10-04T14:09:45Z,adservice,adservice,0,0,0,0,0,0,0
2026-10-04T14:09:45Z,adservice,cartservice,0,0,0,0,0,0,0
2026-10-04T14:09:45Z,adservice,checkoutservice,0,0,0,0,0,0,0
2026-10-04T14:09:45Z,adservice,currencyservice,0,0,0,0,0,0,0
2026-10-04T14:09:45Z,adservice,emailservice,0,0,0,0,0,0,0
2026-10-04T14:09:45Z,adservice,frontend,0,0,0,0,0,0,0
2026-10-04T14:09:45Z,adservice,kubernetes,0,0,0,0,0,0,0
2026-10-04T14:09:45Z,adservice,paymentservice,0,0,0,0,0,0,0
2026-10-04T14:09:45Z,adservice,productcatalogservice,0,0,0,0,0,0,0
2026-10-04T14:09:45Z,adservice,recommendationservice,0,0,0,0,0,0,0
2026-10-04T14:09:45Z,adservice,redis-cart,0,0,0,0,0,0,0
2026-10-04T14:09:45Z,adservice,shippingservice,0,0,0,0,0,0,0
2026-10-04T14:09:45Z,cartservice,adservice,0,0,0,0,0,0,0
2026-10-04T14:09:45Z,cartservice,cartservice,0,0,0,0,0,0,0
2026-10-04T14:09:45Z,cartservice,checkoutservice,0,0,0,0,0,0,0
2026-10-04T14:09:45Z,cartservice,currencyservice,0,0,0,0,0,0,0
2026-10-04T14:09:45Z,cartservice,emailservice,0,0,0,0,0,0,0
2026-10-04T14:09:45Z,cartservice,frontend,0,0,0,0,0,0,0
2026-10-04T14:09:45Z,cartservice,kubernetes,0,0,0,0,0,0,0
2026-10-04T14:09:45Z,cartservice,paymentservice,0,0,0,0,0,0,0
2026-10-04T14:09:45Z,cartservice,productcatalogservice,0,0,0,0,0,0,0
2026-10-04T14:09:45Z,cartservice,recommendationservice,0,0,0,0,0,0,0
2026-10-04T14:09:45Z,cartservice,redis-cart,2,0,0,0,0,0,0
2026-10-04T14:09:45Z,cartservice,shippingservice,0,0,0,0,0,0,0
2026-10-04T14:09:45Z,checkoutservice,adservice,0,0,0,0,0,0,0
2026-10-04T14:09:45Z,checkoutservice,cartservice,58054,57117,0,100,0,686641,56755
2026-10-04T14:09:45Z,checkoutservice,checkoutservice,0,0,0,0,0,0,0
2026-10-04T14:09:45Z,checkoutservice,currencyservice,40428,40428,0,0,0,560982,40241
2026-10-04T14:09:45Z,checkoutservice,emailservice,11650,11362,0,66,0,392428,11192
2026-10-04T14:09:45Z,checkoutservice,frontend,0,0,0,0,0,0,0
2026-10-04T14:09:45Z,checkoutservice,kubernetes,0,0,0,0,0,0,0
2026-10-04T14:09:45Z,checkoutservice,paymentservice,33691,31843,0,192,0,431463,31511
2026-10-04T14:09:45Z,checkoutservice,productcatalogservice,0,0,0,0,0,0,0
2026-10-04T14:09:45Z,checkoutservice,recommendationservice,0,0,0,0,0,0,0
2026-10-04T14:09:45Z,checkoutservice,redis-cart,0,0,0,0,0,0,0
2026-10-04T14:09:45Z,checkoutservice,shippingservice,63368,61264,0,154,0,506126,60893
2026-10-04T14:09:45Z,currencyservice,adservice,0,0,0,0,0,0,0
2026-10-04T14:09:45Z,currencyservice,cartservice,0,0,0,0,0,0,0
2026-10-04T14:09:45Z,currencyservice,checkoutservice,0,0,0,0,0,0,0
2026-10-04T14:09:45Z,currencyservice,currencyservice,0,0,0,0,0,0,0
2026-10-04T14:09:45Z,currencyservice,emailservice,0,0,0,0,0,0,0
2026-10-04T14:09:45Z,currencyservice,frontend,0,0,0,0,0,0,0
2026-10-04T14:09:45Z,currencyservice,kubernetes,0,0,0,0,0,0,0
2026-10-04T14:09:45Z,currencyservice,paymentservice,0,0,0,0,0,0,0
2026-10-04T14:09:45Z,currencyservice,productcatalogservice,0,0,0,0,0,0,0
2026-10-04T14:09:45Z,currencyservice,recommendationservice,0,0,0,0,0,0,0
2026-10-04T14:09:45Z,currencyservice,redis-cart,0,0,0,0,0,0,0
2026-10-04T14:09:45Z,currencyservice,shippingservice,0,0,0,0,0,0,0
2026-10-04T14:09:45Z,emailservice,adservice,0,0,0,0,0,0,0
2026-10-04T14:09:45Z,emailservice,cartservice,0,0,0,0,0,0,0
2026-10-04T14:09:45Z,emailservice,checkoutservice,0,0,0,0,0,0,0
2026-10-04T14:09:45Z,emailservice,currencyservice,0,0,0,0,0,0,0
2026-10-04T14:09:45Z,emailservice,emailservice,0,0,0,0,0,0,0
2026-10-04T14:09:45Z,emailservice,frontend,0,0,0,0,0,0,0
2026-10-04T14:09:45Z,emailservice,kubernetes,0,0,0,0,0,0,0
2026-10-04T14:09:45Z,emailservice,paymentservice,0,0,0,0,0,0,0
2026-10-04T14:09:45Z,emailservice,productcatalogservice,0,0,0,0,0,0,0
2026-10-04T14:09:45Z,emailservice,recommendationservice,0,0,0,0,0,0,0
2026-10-04T14:09:45Z,emailservice,redis-cart,0,0,0,0,0,0,0
2026-10-04T14:09:45Z,emailservice,shippingservice,0,0,0,0,0,0,0
2026-10-04T14:09:45Z,frontend,adservice,847188,847186,0,0,0,2553164,846923
2026-10-04T14:09:45Z,frontend,cartservice,1885977,1885961,0,0,4,10447064,1885264
2026-10-04T14:09:45Z,frontend,checkoutservice,399422,189440,0,40061,169945,62653022,189353
2026-10-04T14:09:45Z,frontend,currencyservice,2997612,2997601,0,0,0,15809207,2996494
2026-10-04T14:09:45Z,frontend,emailservice,0,0,0,0,0,0,0
2026-10-04T14:09:45Z,frontend,frontend,0,0,0,0,0,0,0
2026-10-04T14:09:45Z,frontend,kubernetes,0,0,0,0,0,0,0
2026-10-04T14:09:45Z,frontend,paymentservice,0,0,0,0,0,0,0
2026-10-04T14:09:45Z,frontend,productcatalogservice,8406631,8406560,0,0,0,57425955,8403723
2026-10-04T14:09:45Z,frontend,recommendationservice,2738955,1665603,0,112717,958111,829428556,1664995
2026-10-04T14:09:45Z,frontend,redis-cart,0,0,0,0,0,0,0
2026-10-04T14:09:45Z,frontend,shippingservice,310624,310622,0,0,0,941166,310522
2026-10-04T14:09:45Z,paymentservice,adservice,0,0,0,0,0,0,0
2026-10-04T14:09:45Z,paymentservice,cartservice,0,0,0,0,0,0,0
2026-10-04T14:09:45Z,paymentservice,checkoutservice,0,0,0,0,0,0,0
2026-10-04T14:09:45Z,paymentservice,currencyservice,0,0,0,0,0,0,0
2026-10-04T14:09:45Z,paymentservice,emailservice,0,0,0,0,0,0,0
2026-10-04T14:09:45Z,paymentservice,frontend,0,0,0,0,0,0,0
2026-10-04T14:09:45Z,paymentservice,kubernetes,0,0,0,0,0,0,0
2026-10-04T14:09:45Z,paymentservice,paymentservice,0,0,0,0,0,0,0
2026-10-04T14:09:45Z,paymentservice,productcatalogservice,0,0,0,0,0,0,0
2026-10-04T14:09:45Z,paymentservice,recommendationservice,0,0,0,0,0,0,0
2026-10-04T14:09:45Z,paymentservice,redis-cart,0,0,0,0,0,0,0
2026-10-04T14:09:45Z,paymentservice,shippingservice,0,0,0,0,0,0,0
2026-10-04T14:09:45Z,productcatalogservice,adservice,0,0,0,0,0,0,0
2026-10-04T14:09:45Z,productcatalogservice,cartservice,0,0,0,0,0,0,0
2026-10-04T14:09:45Z,productcatalogservice,checkoutservice,0,0,0,0,0,0,0
2026-10-04T14:09:45Z,productcatalogservice,currencyservice,0,0,0,0,0,0,0
2026-10-04T14:09:45Z,productcatalogservice,emailservice,0,0,0,0,0,0,0
2026-10-04T14:09:45Z,productcatalogservice,frontend,0,0,0,0,0,0,0
2026-10-04T14:09:45Z,productcatalogservice,kubernetes,0,0,0,0,0,0,0
2026-10-04T14:09:45Z,productcatalogservice,paymentservice,0,0,0,0,0,0,0
2026-10-04T14:09:45Z,productcatalogservice,productcatalogservice,0,0,0,0,0,0,0
2026-10-04T14:09:45Z,productcatalogservice,recommendationservice,0,0,0,0,0,0,0
2026-10-04T14:09:45Z,productcatalogservice,redis-cart,0,0,0,0,0,0,0
2026-10-04T14:09:45Z,productcatalogservice,shippingservice,0,0,0,0,0,0,0
2026-10-04T14:09:45Z,recommendationservice,adservice,0,0,0,0,0,0,0
2026-10-04T14:09:45Z,recommendationservice,cartservice,0,0,0,0,0,0,0
2026-10-04T14:09:45Z,recommendationservice,checkoutservice,0,0,0,0,0,0,0
2026-10-04T14:09:45Z,recommendationservice,currencyservice,0,0,0,0,0,0,0
2026-10-04T14:09:45Z,recommendationservice,emailservice,0,0,0,0,0,0,0
2026-10-04T14:09:45Z,recommendationservice,frontend,0,0,0,0,0,0,0
2026-10-04T14:09:45Z,recommendationservice,kubernetes,0,0,0,0,0,0,0
2026-10-04T14:09:45Z,recommendationservice,paymentservice,0,0,0,0,0,0,0
2026-10-04T14:09:45Z,recommendationservice,productcatalogservice,155508,155504,0,0,0,1082315,155468
2026-10-04T14:09:45Z,recommendationservice,recommendationservice,0,0,0,0,0,0,0
2026-10-04T14:09:45Z,recommendationservice,redis-cart,0,0,0,0,0,0,0
2026-10-04T14:09:45Z,recommendationservice,shippingservice,0,0,0,0,0,0,0
2026-10-04T14:09:45Z,redis-cart,adservice,0,0,0,0,0,0,0
2026-10-04T14:09:45Z,redis-cart,cartservice,0,0,0,0,0,0,0
2026-10-04T14:09:45Z,redis-cart,checkoutservice,0,0,0,0,0,0,0
2026-10-04T14:09:45Z,redis-cart,currencyservice,0,0,0,0,0,0,0
2026-10-04T14:09:45Z,redis-cart,emailservice,0,0,0,0,0,0,0
2026-10-04T14:09:45Z,redis-cart,frontend,0,0,0,0,0,0,0
2026-10-04T14:09:45Z,redis-cart,kubernetes,0,0,0,0,0,0,0
2026-10-04T14:09:45Z,redis-cart,paymentservice,0,0,0,0,0,0,0
2026-10-04T14:09:45Z,redis-cart,productcatalogservice,0,0,0,0,0,0,0
2026-10-04T14:09:45Z,redis-cart,recommendationservice,0,0,0,0,0,0,0
2026-10-04T14:09:45Z,redis-cart,redis-cart,0,0,0,0,0,0,0
2026-10-04T14:09:45Z,redis-cart,shippingservice,0,0,0,0,0,0,0
2026-10-04T14:09:45Z,shippingservice,adservice,0,0,0,0,0,0,0
2026-10-04T14:09:45Z,shippingservice,cartservice,0,0,0,0,0,0,0
2026-10-04T14:09:45Z,shippingservice,checkoutservice,0,0,0,0,0,0,0
2026-10-04T14:09:45Z,shippingservice,currencyservice,0,0,0,0,0,0,0
2026-10-04T14:09:45Z,shippingservice,emailservice,0,0,0,0,0,0,0
2026-10-04T14:09:45Z,shippingservice,frontend,0,0,0,0,0,0,0
2026-10-04T14:09:45Z,shippingservice,kubernetes,0,0,0,0,0,0,0
2026-10-04T14:09:45Z,shippingservice,paymentservice,0,0,0,0,0,0,0
2026-10-04T14:09:45Z,shippingservice,productcatalogservice,0,0,0,0,0,0,0
2026-10-04T14:09:45Z,shippingservice,recommendationservice,0,0,0,0,0,0,0
2026-10-04T14:09:45Z,shippingservice,redis-cart,0,0,0,0,0,0,0
2026-10-04T14:09:45Z,shippingservice,shippingservice,0,0,0,0,0,0,0
2026-10-04T14:09:46Z,adservice,adservice,0,0,0,0,0,0,0
2026-10-04T14:09:46Z,adservice,cartservice,0,0,0,0,0,0,0
2026-10-04T14:09:46Z,adservice,checkoutservice,0,0,0,0,0,0,0
2026-10-04T14:09:46Z,adservice,currencyservice,0,0,0,0,0,0,0
2026-10-04T14:09:46Z,adservice,emailservice,0,0,0,0,0,0,0
2026-10-04T14:09:46Z,adservice,frontend,0,0,0,0,0,0,0
2026-10-04T14:09:46Z,adservice,kubernetes,0,0,0,0,0,0,0
2026-10-04T14:09:46Z,adservice,paymentservice,0,0,0,0,0,0,0
2026-10-04T14:09:46Z,adservice,productcatalogservice,0,0,0,0,0,0,0
2026-10-04T14:09:46Z,adservice,recommendationservice,0,0,0,0,0,0,0
2026-10-04T14:09:46Z,adservice,redis-cart,0,0,0,0,0,0,0
2026-10-04T14:09:46Z,adservice,shippingservice,0,0,0,0,0,0,0
2026-10-04T14:09:46Z,cartservice,adservice,0,0,0,0,0,0,0
2026-10-04T14:09:46Z,cartservice,cartservice,0,0,0,0,0,0,0
2026-10-04T14:09:46Z,cartservice,checkoutservice,0,0,0,0,0,0,0
2026-10-04T14:09:46Z,cartservice,currencyservice,0,0,0,0,0,0,0
2026-10-04T14:09:46Z,cartservice,emailservice,0,0,0,0,0,0,0
2026-10-04T14:09:46Z,cartservice,frontend,0,0,0,0,0,0,0
2026-10-04T14:09:46Z,cartservice,kubernetes,0,0,0,0,0,0,0
2026-10-04T14:09:46Z,cartservice,paymentservice,0,0,0,0,0,0,0
2026-10-04T14:09:46Z,cartservice,productcatalogservice,0,0,0,0,0,0,0
2026-10-04T14:09:46Z,cartservice,recommendationservice,0,0,0,0,0,0,0
2026-10-04T14:09:46Z,cartservice,redis-cart,2,0,0,0,0,0,0
2026-10-04T14:09:46Z,cartservice,shippingservice,0,0,0,0,0,0,0
2026-10-04T14:09:46Z,checkoutservice,adservice,0,0,0,0,0,0,0
2026-10-04T14:09:46Z,checkoutservice,cartservice,58177,57240,0,100,0,686641,56755
2026-10-04T14:09:46Z,checkoutservice,checkoutservice,0,0,0,0,0,0,0
2026-10-04T14:09:46Z,checkoutservice,currencyservice,40484,40484,0,0,0,560982,40241
2026-10-04T14:09:46Z,checkoutservice,emailservice,11715,11424,0,66,0,392428,11192
2026-10-04T14:09:46Z,checkoutservice,frontend,0,0,0,0,0,0,0
2026-10-04T14:09:46Z,checkoutservice,kubernetes,0,0,0,0,0,0,0
2026-10-04T14:09:46Z,checkoutservice,paymentservice,33750,31902,0,192,0,431463,31511
2026-10-04T14:09:46Z,checkoutservice,productcatalogservice,0,0,0,0,0,0,0
2026-10-04T14:09:46Z,checkoutservice,recommendationservice,0,0,0,0,0,0,0
2026-10-04T14:09:46Z,checkoutservice,redis-cart,0,0,0,0,0,0,0
2026-10-04T14:09:46Z,checkoutservice,shippingservice,63487,61380,0,154,0,506126,60893
2026-10-04T14:09:46Z,currencyservice,adservice,0,0,0,0,0,0,0
2026-10-04T14:09:46Z,currencyservice,cartservice,0,0,0,0,0,0,0
2026-10-04T14:09:46Z,currencyservice,checkoutservice,0,0,0,0,0,0,0
2026-10-04T14:09:46Z,currencyservice,currencyservice,0,0,0,0,0,0,0
2026-10-04T14:09:46Z,currencyservice,emailservice,0,0,0,0,0,0,0
2026-10-04T14:09:46Z,currencyservice,frontend,0,0,0,0,0,0,0
2026-10-04T14:09:46Z,currencyservice,kubernetes,0,0,0,0,0,0,0
2026-10-04T14:09:46Z,currencyservice,paymentservice,0,0,0,0,0,0,0
2026-10-04T14:09:46Z,currencyservice,productcatalogservice,0,0,0,0,0,0,0
2026-10-04T14:09:46Z,currencyservice,recommendationservice,0,0,0,0,0,0,0
2026-10-04T14:09:46Z,currencyservice,redis-cart,0,0,0,0,0,0,0
2026-10-04T14:09:46Z,currencyservice,shippingservice,0,0,0,0,0,0,0
2026-10-04T14:09:46Z,emailservice,adservice,0,0,0,0,0,0,0
2026-10-04T14:09:46Z,emailservice,cartservice,0,0,0,0,0,0,0
2026-10-04T14:09:46Z,emailservice,checkoutservice,0,0,0,0,0,0,0
2026-10-04T14:09:46Z,emailservice,currencyservice,0,0,0,0,0,0,0
2026-10-04T14:09:46Z,emailservice,emailservice,0,0,0,0,0,0,0
2026-10-04T14:09:46Z,emailservice,frontend,0,0,0,0,0,0,0
2026-10-04T14:09:46Z,emailservice,kubernetes,0,0,0,0,0,0,0
2026-10-04T14:09:46Z,emailservice,paymentservice,0,0,0,0,0,0,0
2026-10-04T14:09:46Z,emailservice,productcatalogservice,0,0,0,0,0,0,0
2026-10-04T14:09:46Z,emailservice,recommendationservice,0,0,0,0,0,0,0
2026-10-04T14:09:46Z,emailservice,redis-cart,0,0,0,0,0,0,0
2026-10-04T14:09:46Z,emailservice,shippingservice,0,0,0,0,0,0,0
2026-10-04T14:09:46Z,frontend,adservice,847317,847315,0,0,0,2553164,846923
2026-10-04T14:09:46Z,frontend,cartservice,1886344,1886327,0,0,4,10447064,1885264
2026-10-04T14:09:46Z,frontend,checkoutservice,399482,189508,0,40061,169946,62653022,189353
2026-10-04T14:09:46Z,frontend,currencyservice,2998213,2998205,0,0,0,15809207,2996494
2026-10-04T14:09:46Z,frontend,emailservice,0,0,0,0,0,0,0
2026-10-04T14:09:46Z,frontend,frontend,0,0,0,0,0,0,0
2026-10-04T14:09:46Z,frontend,kubernetes,0,0,0,0,0,0,0
2026-10-04T14:09:46Z,frontend,paymentservice,0,0,0,0,0,0,0
2026-10-04T14:09:46Z,frontend,productcatalogservice,8408120,8408048,0,0,0,57425955,8403723
2026-10-04T14:09:46Z,frontend,recommendationservice,2739670,1665930,0,112751,958457,829428556,1664995
2026-10-04T14:09:46Z,frontend,redis-cart,0,0,0,0,0,0,0
2026-10-04T14:09:46Z,frontend,shippingservice,310673,310671,0,0,0,941166,310522
2026-10-04T14:09:46Z,paymentservice,adservice,0,0,0,0,0,0,0
2026-10-04T14:09:46Z,paymentservice,cartservice,0,0,0,0,0,0,0
2026-10-04T14:09:46Z,paymentservice,checkoutservice,0,0,0,0,0,0,0
2026-10-04T14:09:46Z,paymentservice,currencyservice,0,0,0,0,0,0,0
2026-10-04T14:09:46Z,paymentservice,emailservice,0,0,0,0,0,0,0
2026-10-04T14:09:46Z,paymentservice,frontend,0,0,0,0,0,0,0
2026-10-04T14:09:46Z,paymentservice,kubernetes,0,0,0,0,0,0,0
2026-10-04T14:09:46Z,paymentservice,paymentservice,0,0,0,0,0,0,0
2026-10-04T14:09:46Z,paymentservice,productcatalogservice,0,0,0,0,0,0,0
2026-10-04T14:09:46Z,paymentservice,recommendationservice,0,0,0,0,0,0,0
2026-10-04T14:09:46Z,paymentservice,redis-cart,0,0,0,0,0,0,0
2026-10-04T14:09:46Z,paymentservice,shippingservice,0,0,0,0,0,0,0
2026-10-04T14:09:46Z,productcatalogservice,adservice,0,0,0,0,0,0,0
2026-10-04T14:09:46Z,productcatalogservice,cartservice,0,0,0,0,0,0,0
2026-10-04T14:09:46Z,productcatalogservice,checkoutservice,0,0,0,0,0,0,0
2026-10-04T14:09:46Z,productcatalogservice,currencyservice,0,0,0,0,0,0,0
2026-10-04T14:09:46Z,productcatalogservice,emailservice,0,0,0,0,0,0,0
2026-10-04T14:09:46Z,productcatalogservice,frontend,0,0,0,0,0,0,0
2026-10-04T14:09:46Z,productcatalogservice,kubernetes,0,0,0,0,0,0,0
2026-10-04T14:09:46Z,productcatalogservice,paymentservice,0,0,0,0,0,0,0
2026-10-04T14:09:46Z,productcatalogservice,productcatalogservice,0,0,0,0,0,0,0
2026-10-04T14:09:46Z,productcatalogservice,recommendationservice,0,0,0,0,0,0,0
2026-10-04T14:09:46Z,productcatalogservice,redis-cart,0,0,0,0,0,0,0
2026-10-04T14:09:46Z,productcatalogservice,shippingservice,0,0,0,0,0,0,0
2026-10-04T14:09:46Z,recommendationservice,adservice,0,0,0,0,0,0,0
2026-10-04T14:09:46Z,recommendationservice,cartservice,0,0,0,0,0,0,0
2026-10-04T14:09:46Z,recommendationservice,checkoutservice,0,0,0,0,0,0,0
2026-10-04T14:09:46Z,recommendationservice,currencyservice,0,0,0,0,0,0,0
2026-10-04T14:09:46Z,recommendationservice,emailservice,0,0,0,0,0,0,0
2026-10-04T14:09:46Z,recommendationservice,frontend,0,0,0,0,0,0,0
2026-10-04T14:09:46Z,recommendationservice,kubernetes,0,0,0,0,0,0,0
2026-10-04T14:09:46Z,recommendationservice,paymentservice,0,0,0,0,0,0,0
2026-10-04T14:09:46Z,recommendationservice,productcatalogservice,155889,155889,0,0,0,1082315,155468
2026-10-04T14:09:46Z,recommendationservice,recommendationservice,0,0,0,0,0,0,0
2026-10-04T14:09:46Z,recommendationservice,redis-cart,0,0,0,0,0,0,0
2026-10-04T14:09:46Z,recommendationservice,shippingservice,0,0,0,0,0,0,0
2026-10-04T14:09:46Z,redis-cart,adservice,0,0,0,0,0,0,0
2026-10-04T14:09:46Z,redis-cart,cartservice,0,0,0,0,0,0,0
2026-10-04T14:09:46Z,redis-cart,checkoutservice,0,0,0,0,0,0,0
2026-10-04T14:09:46Z,redis-cart,currencyservice,0,0,0,0,0,0,0
2026-10-04T14:09:46Z,redis-cart,emailservice,0,0,0,0,0,0,0
2026-10-04T14:09:46Z,redis-cart,frontend,0,0,0,0,0,0,0
2026-10-04T14:09:46Z,redis-cart,kubernetes,0,0,0,0,0,0,0
2026-10-04T14:09:46Z,redis-cart,paymentservice,0,0,0,0,0,0,0
2026-10-04T14:09:46Z,redis-cart,productcatalogservice,0,0,0,0,0,0,0
2026-10-04T14:09:46Z,redis-cart,recommendationservice,0,0,0,0,0,0,0
2026-10-04T14:09:46Z,redis-cart,redis-cart,0,0,0,0,0,0,0
2026-10-04T14:09:46Z,redis-cart,shippingservice,0,0,0,0,0,0,0
2026-10-04T14:09:46Z,shippingservice,adservice,0,0,0,0,0,0,0
2026-10-04T14:09:46Z,shippingservice,cartservice,0,0,0,0,0,0,0
2026-10-04T14:09:46Z,shippingservice,checkoutservice,0,0,0,0,0,0,0
2026-10-04T14:09:46Z,shippingservice,currencyservice,0,0,0,0,0,0,0
2026-10-04T14:09:46Z,shippingservice,emailservice,0,0,0,0,0,0,0
2026-10-04T14:09:46Z,shippingservice,frontend,0,0,0,0,0,0,0
2026-10-04T14:09:46Z,shippingservice,kubernetes,0,0,0,0,0,0,0
2026-10-04T14:09:46Z,shippingservice,paymentservice,0,0,0,0,0,0,0
2026-10-04T14:09:46Z,shippingservice,productcatalogservice,0,0,0,0,0,0,0
2026-10-04T14:09:46Z,shippingservice,recommendationservice,0,0,0,0,0,0,0
2026-10-04T14:09:46Z,shippingservice,redis-cart,0,0,0,0,0,0,0
2026-10-04T14:09:46Z,shippingservice,shippingservice,0,0,0,0,0,0,0
2026-10-04T14:09:47Z,adservice,adservice,0,0,0,0,0,0,0
2026-10-04T14:09:47Z,adservice,cartservice,0,0,0,0,0,0,0
2026-10-04T14:09:47Z,adservice,checkoutservice,0,0,0,0,0,0,0
2026-10-04T14:09:47Z,adservice,currencyservice,0,0,0,0,0,0,0
2026-10-04T14:09:47Z,adservice,emailservice,0,0,0,0,0,0,0
2026-10-04T14:09:47Z,adservice,frontend,0,0,0,0,0,0,0
2026-10-04T14:09:47Z,adservice,kubernetes,0,0,0,0,0,0,0
2026-10-04T14:09:47Z,adservice,paymentservice,0,0,0,0,0,0,0
2026-10-04T14:09:47Z,adservice,productcatalogservice,0,0,0,0,0,0,0
2026-10-04T14:09:47Z,adservice,recommendationservice,0,0,0,0,0,0,0
2026-10-04T14:09:47Z,adservice,redis-cart,0,0,0,0,0,0,0
2026-10-04T14:09:47Z,adservice,shippingservice,0,0,0,0,0,0,0
2026-10-04T14:09:47Z,cartservice,adservice,0,0,0,0,0,0,0
2026-10-04T14:09:47Z,cartservice,cartservice,0,0,0,0,0,0,0
2026-10-04T14:09:47Z,cartservice,checkoutservice,0,0,0,0,0,0,0
2026-10-04T14:09:47Z,cartservice,currencyservice,0,0,0,0,0,0,0
2026-10-04T14:09:47Z,cartservice,emailservice,0,0,0,0,0,0,0
2026-10-04T14:09:47Z,cartservice,frontend,0,0,0,0,0,0,0
2026-10-04T14:09:47Z,cartservice,kubernetes,0,0,0,0,0,0,0
2026-10-04T14:09:47Z,cartservice,paymentservice,0,0,0,0,0,0,0
2026-10-04T14:09:47Z,cartservice,productcatalogservice,0,0,0,0,0,0,0
2026-10-04T14:09:47Z,cartservice,recommendationservice,0,0,0,0,0,0,0
2026-10-04T14:09:47Z,cartservice,redis-cart,2,0,0,0,0,0,0
2026-10-04T14:09:47Z,cartservice,shippingservice,0,0,0,0,0,0,0
2026-10-04T14:09:47Z,checkoutservice,adservice,0,0,0,0,0,0,0
2026-10-04T14:09:47Z,checkoutservice,cartservice,58277,57344,0,100,0,689388,57316
2026-10-04T14:09:47Z,checkoutservice,checkoutservice,0,0,0,0,0,0,0
2026-10-04T14:09:47Z,checkoutservice,currencyservice,40535,40535,0,0,0,562253,40522
2026-10-04T14:09:47Z,checkoutservice,emailservice,11772,11484,0,66,0,402628,11471
2026-10-04T14:09:47Z,checkoutservice,frontend,0,0,0,0,0,0,0
2026-10-04T14:09:47Z,checkoutservice,kubernetes,0,0,0,0,0,0,0
2026-10-04T14:09:47Z,checkoutservice,paymentservice,33801,31953,0,192,0,432352,31792
2026-10-04T14:09:47Z,checkoutservice,productcatalogservice,0,0,0,0,0,0,0
2026-10-04T14:09:47Z,checkoutservice,recommendationservice,0,0,0,0,0,0,0
2026-10-04T14:09:47Z,checkoutservice,redis-cart,0,0,0,0,0,0,0
2026-10-04T14:09:47Z,checkoutservice,shippingservice,63587,61483,0,154,0,507398,61454
2026-10-04T14:09:47Z,currencyservice,adservice,0,0,0,0,0,0,0
2026-10-04T14:09:47Z,currencyservice,cartservice,0,0,0,0,0,0,0
2026-10-04T14:09:47Z,currencyservice,checkoutservice,0,0,0,0,0,0,0
2026-10-04T14:09:47Z,currencyservice,currencyservice,0,0,0,0,0,0,0
2026-10-04T14:09:47Z,currencyservice,emailservice,0,0,0,0,0,0,0
2026-10-04T14:09:47Z,currencyservice,frontend,0,0,0,0,0,0,0
2026-10-04T14:09:47Z,currencyservice,kubernetes,0,0,0,0,0,0,0
2026-10-04T14:09:47Z,currencyservice,paymentservice,0,0,0,0,0,0,0
2026-10-04T14:09:47Z,currencyservice,productcatalogservice,0,0,0,0,0,0,0
2026-10-04T14:09:47Z,currencyservice,recommendationservice,0,0,0,0,0,0,0
2026-10-04T14:09:47Z,currencyservice,redis-cart,0,0,0,0,0,0,0
2026-10-04T14:09:47Z,currencyservice,shippingservice,0,0,0,0,0,0,0
2026-10-04T14:09:47Z,emailservice,adservice,0,0,0,0,0,0,0
2026-10-04T14:09:47Z,emailservice,cartservice,0,0,0,0,0,0,0
2026-10-04T14:09:47Z,emailservice,checkoutservice,0,0,0,0,0,0,0
2026-10-04T14:09:47Z,emailservice,currencyservice,0,0,0,0,0,0,0
2026-10-04T14:09:47Z,emailservice,emailservice,0,0,0,0,0,0,0
2026-10-04T14:09:47Z,emailservice,frontend,0,0,0,0,0,0,0
2026-10-04T14:09:47Z,emailservice,kubernetes,0,0,0,0,0,0,0
2026-10-04T14:09:47Z,emailservice,paymentservice,0,0,0,0,0,0,0
2026-10-04T14:09:47Z,emailservice,productcatalogservice,0,0,0,0,0,0,0
2026-10-04T14:09:47Z,emailservice,recommendationservice,0,0,0,0,0,0,0
2026-10-04T14:09:47Z,emailservice,redis-cart,0,0,0,0,0,0,0
2026-10-04T14:09:47Z,emailservice,shippingservice,0,0,0,0,0,0,0
2026-10-04T14:09:47Z,frontend,adservice,847446,847443,0,0,0,2553164,846923
2026-10-04T14:09:47Z,frontend,cartservice,1886712,1886698,0,0,4,10447064,1885264
2026-10-04T14:09:47Z,frontend,checkoutservice,399529,189560,0,40061,169946,62653022,189353
2026-10-04T14:09:47Z,frontend,currencyservice,2998799,2998789,0,0,0,15809207,2996494
2026-10-04T14:09:47Z,frontend,emailservice,0,0,0,0,0,0,0
2026-10-04T14:09:47Z,frontend,frontend,0,0,0,0,0,0,0
2026-10-04T14:09:47Z,frontend,kubernetes,0,0,0,0,0,0,0
2026-10-04T14:09:47Z,frontend,paymentservice,0,0,0,0,0,0,0
2026-10-04T14:09:47Z,frontend,productcatalogservice,8409568,8409488,0,0,0,57425955,8403723
2026-10-04T14:09:47Z,frontend,recommendationservice,2740421,1666229,0,112809,958837,829428556,1664995
2026-10-04T14:09:47Z,frontend,redis-cart,0,0,0,0,0,0,0
2026-10-04T14:09:47Z,frontend,shippingservice,310722,310720,0,0,0,941166,310522
2026-10-04T14:09:47Z,paymentservice,adservice,0,0,0,0,0,0,0
2026-10-04T14:09:47Z,paymentservice,cartservice,0,0,0,0,0,0,0
2026-10-04T14:09:47Z,paymentservice,checkoutservice,0,0,0,0,0,0,0
2026-10-04T14:09:47Z,paymentservice,currencyservice,0,0,0,0,0,0,0
2026-10-04T14:09:47Z,paymentservice,emailservice,0,0,0,0,0,0,0
2026-10-04T14:09:47Z,paymentservice,frontend,0,0,0,0,0,0,0
2026-10-04T14:09:47Z,paymentservice,kubernetes,0,0,0,0,0,0,0
2026-10-04T14:09:47Z,paymentservice,paymentservice,0,0,0,0,0,0,0
2026-10-04T14:09:47Z,paymentservice,productcatalogservice,0,0,0,0,0,0,0
2026-10-04T14:09:47Z,paymentservice,recommendationservice,0,0,0,0,0,0,0
2026-10-04T14:09:47Z,paymentservice,redis-cart,0,0,0,0,0,0,0
2026-10-04T14:09:47Z,paymentservice,shippingservice,0,0,0,0,0,0,0
2026-10-04T14:09:47Z,productcatalogservice,adservice,0,0,0,0,0,0,0
2026-10-04T14:09:47Z,productcatalogservice,cartservice,0,0,0,0,0,0,0
2026-10-04T14:09:47Z,productcatalogservice,checkoutservice,0,0,0,0,0,0,0
2026-10-04T14:09:47Z,productcatalogservice,currencyservice,0,0,0,0,0,0,0
2026-10-04T14:09:47Z,productcatalogservice,emailservice,0,0,0,0,0,0,0
2026-10-04T14:09:47Z,productcatalogservice,frontend,0,0,0,0,0,0,0
2026-10-04T14:09:47Z,productcatalogservice,kubernetes,0,0,0,0,0,0,0
2026-10-04T14:09:47Z,productcatalogservice,paymentservice,0,0,0,0,0,0,0
2026-10-04T14:09:47Z,productcatalogservice,productcatalogservice,0,0,0,0,0,0,0
2026-10-04T14:09:47Z,productcatalogservice,recommendationservice,0,0,0,0,0,0,0
2026-10-04T14:09:47Z,productcatalogservice,redis-cart,0,0,0,0,0,0,0
2026-10-04T14:09:47Z,productcatalogservice,shippingservice,0,0,0,0,0,0,0
2026-10-04T14:09:47Z,recommendationservice,adservice,0,0,0,0,0,0,0
2026-10-04T14:09:47Z,recommendationservice,cartservice,0,0,0,0,0,0,0
2026-10-04T14:09:47Z,recommendationservice,checkoutservice,0,0,0,0,0,0,0
2026-10-04T14:09:47Z,recommendationservice,currencyservice,0,0,0,0,0,0,0
2026-10-04T14:09:47Z,recommendationservice,emailservice,0,0,0,0,0,0,0
2026-10-04T14:09:47Z,recommendationservice,frontend,0,0,0,0,0,0,0
2026-10-04T14:09:47Z,recommendationservice,kubernetes,0,0,0,0,0,0,0
2026-10-04T14:09:47Z,recommendationservice,paymentservice,0,0,0,0,0,0,0
2026-10-04T14:09:47Z,recommendationservice,productcatalogservice,156302,156292,0,0,0,1082315,155468
2026-10-04T14:09:47Z,recommendationservice,recommendationservice,0,0,0,0,0,0,0
2026-10-04T14:09:47Z,recommendationservice,redis-cart,0,0,0,0,0,0,0
2026-10-04T14:09:47Z,recommendationservice,shippingservice,0,0,0,0,0,0,0
2026-10-04T14:09:47Z,redis-cart,adservice,0,0,0,0,0,0,0
2026-10-04T14:09:47Z,redis-cart,cartservice,0,0,0,0,0,0,0
2026-10-04T14:09:47Z,redis-cart,checkoutservice,0,0,0,0,0,0,0
2026-10-04T14:09:47Z,redis-cart,currencyservice,0,0,0,0,0,0,0
2026-10-04T14:09:47Z,redis-cart,emailservice,0,0,0,0,0,0,0
2026-10-04T14:09:47Z,redis-cart,frontend,0,0,0,0,0,0,0
2026-10-04T14:09:47Z,redis-cart,kubernetes,0,0,0,0,0,0,0
2026-10-04T14:09:47Z,redis-cart,paymentservice,0,0,0,0,0,0,0
2026-10-04T14:09:47Z,redis-cart,productcatalogservice,0,0,0,0,0,0,0
2026-10-04T14:09:47Z,redis-cart,recommendationservice,0,0,0,0,0,0,0
2026-10-04T14:09:47Z,redis-cart,redis-cart,0,0,0,0,0,0,0
2026-10-04T14:09:47Z,redis-cart,shippingservice,0,0,0,0,0,0,0
2026-10-04T14:09:47Z,shippingservice,adservice,0,0,0,0,0,0,0
2026-10-04T14:09:47Z,shippingservice,cartservice,0,0,0,0,0,0,0
2026-10-04T14:09:47Z,shippingservice,checkoutservice,0,0,0,0,0,0,0
2026-10-04T14:09:47Z,shippingservice,currencyservice,0,0,0,0,0,0,0
2026-10-04T14:09:47Z,shippingservice,emailservice,0,0,0,0,0,0,0
2026-10-04T14:09:47Z,shippingservice,frontend,0,0,0,0,0,0,0
2026-10-04T14:09:47Z,shippingservice,kubernetes,0,0,0,0,0,0,0
2026-10-04T14:09:47Z,shippingservice,paymentservice,0,0,0,0,0,0,0
2026-10-04T14:09:47Z,shippingservice,productcatalogservice,0,0,0,0,0,0,0
2026-10-04T14:09:47Z,shippingservice,recommendationservice,0,0,0,0,0,0,0
2026-10-04T14:09:47Z,shippingservice,redis-cart,0,0,0,0,0,0,0
2026-10-04T14:09:47Z,shippingservice,shippingservice,0,0,0,0,0,0,0
2026-10-04T14:09:48Z,adservice,adservice,0,0,0,0,0,0,0
2026-10-04T14:09:48Z,adservice,cartservice,0,0,0,0,0,0,0
2026-10-04T14:09:48Z,adservice,checkoutservice,0,0,0,0,0,0,0
2026-10-04T14:09:48Z,adservice,currencyservice,0,0,0,0,0,0,0
2026-10-04T14:09:48Z,adservice,emailservice,0,0,0,0,0,0,0
2026-10-04T14:09:48Z,adservice,frontend,0,0,0,0,0,0,0
2026-10-04T14:09:48Z,adservice,kubernetes,0,0,0,0,0,0,0
2026-10-04T14:09:48Z,adservice,paymentservice,0,0,0,0,0,0,0
2026-10-04T14:09:48Z,adservice,productcatalogservice,0,0,0,0,0,0,0
2026-10-04T14:09:48Z,adservice,recommendationservice,0,0,0,0,0,0,0
2026-10-04T14:09:48Z,adservice,redis-cart,0,0,0,0,0,0,0
2026-10-04T14:09:48Z,adservice,shippingservice,0,0,0,0,0,0,0
2026-10-04T14:09:48Z,cartservice,adservice,0,0,0,0,0,0,0
2026-10-04T14:09:48Z,cartservice,cartservice,0,0,0,0,0,0,0
2026-10-04T14:09:48Z,cartservice,checkoutservice,0,0,0,0,0,0,0
2026-10-04T14:09:48Z,cartservice,currencyservice,0,0,0,0,0,0,0
2026-10-04T14:09:48Z,cartservice,emailservice,0,0,0,0,0,0,0
2026-10-04T14:09:48Z,cartservice,frontend,0,0,0,0,0,0,0
2026-10-04T14:09:48Z,cartservice,kubernetes,0,0,0,0,0,0,0
2026-10-04T14:09:48Z,cartservice,paymentservice,0,0,0,0,0,0,0
2026-10-04T14:09:48Z,cartservice,productcatalogservice,0,0,0,0,0,0,0
2026-10-04T14:09:48Z,cartservice,recommendationservice,0,0,0,0,0,0,0
2026-10-04T14:09:48Z,cartservice,redis-cart,2,0,0,0,0,0,0
2026-10-04T14:09:48Z,cartservice,shippingservice,0,0,0,0,0,0,0
2026-10-04T14:09:48Z,checkoutservice,adservice,0,0,0,0,0,0,0
2026-10-04T14:09:48Z,checkoutservice,cartservice,58367,57436,0,100,0,689388,57316
2026-10-04T14:09:48Z,checkoutservice,checkoutservice,0,0,0,0,0,0,0
2026-10-04T14:09:48Z,checkoutservice,currencyservice,40581,40581,0,0,0,562253,40522
2026-10-04T14:09:48Z,checkoutservice,emailservice,11819,11529,0,66,0,402628,11471
2026-10-04T14:09:48Z,checkoutservice,frontend,0,0,0,0,0,0,0
2026-10-04T14:09:48Z,checkoutservice,kubernetes,0,0,0,0,0,0,0
2026-10-04T14:09:48Z,checkoutservice,paymentservice,33847,31999,0,192,0,432352,31792
2026-10-04T14:09:48Z,checkoutservice,productcatalogservice,0,0,0,0,0,0,0
2026-10-04T14:09:48Z,checkoutservice,recommendationservice,0,0,0,0,0,0,0
2026-10-04T14:09:48Z,checkoutservice,redis-cart,0,0,0,0,0,0,0
2026-10-04T14:09:48Z,checkoutservice,shippingservice,63678,61575,0,154,0,507398,61454
2026-10-04T14:09:48Z,currencyservice,adservice,0,0,0,0,0,0,0
2026-10-04T14:09:48Z,currencyservice,cartservice,0,0,0,0,0,0,0
2026-10-04T14:09:48Z,currencyservice,checkoutservice,0,0,0,0,0,0,0
2026-10-04T14:09:48Z,currencyservice,currencyservice,0,0,0,0,0,0,0
2026-10-04T14:09:48Z,currencyservice,emailservice,0,0,0,0,0,0,0
2026-10-04T14:09:48Z,currencyservice,frontend,0,0,0,0,0,0,0
2026-10-04T14:09:48Z,currencyservice,kubernetes,0,0,0,0,0,0,0
2026-10-04T14:09:48Z,currencyservice,paymentservice,0,0,0,0,0,0,0
2026-10-04T14:09:48Z,currencyservice,productcatalogservice,0,0,0,0,0,0,0
2026-10-04T14:09:48Z,currencyservice,recommendationservice,0,0,0,0,0,0,0
2026-10-04T14:09:48Z,currencyservice,redis-cart,0,0,0,0,0,0,0
2026-10-04T14:09:48Z,currencyservice,shippingservice,0,0,0,0,0,0,0
2026-10-04T14:09:48Z,emailservice,adservice,0,0,0,0,0,0,0
2026-10-04T14:09:48Z,emailservice,cartservice,0,0,0,0,0,0,0
2026-10-04T14:09:48Z,emailservice,checkoutservice,0,0,0,0,0,0,0
2026-10-04T14:09:48Z,emailservice,currencyservice,0,0,0,0,0,0,0
2026-10-04T14:09:48Z,emailservice,emailservice,0,0,0,0,0,0,0
2026-10-04T14:09:48Z,emailservice,frontend,0,0,0,0,0,0,0
2026-10-04T14:09:48Z,emailservice,kubernetes,0,0,0,0,0,0,0
2026-10-04T14:09:48Z,emailservice,paymentservice,0,0,0,0,0,0,0
2026-10-04T14:09:48Z,emailservice,productcatalogservice,0,0,0,0,0,0,0
2026-10-04T14:09:48Z,emailservice,recommendationservice,0,0,0,0,0,0,0
2026-10-04T14:09:48Z,emailservice,redis-cart,0,0,0,0,0,0,0
2026-10-04T14:09:48Z,emailservice,shippingservice,0,0,0,0,0,0,0
2026-10-04T14:09:48Z,frontend,adservice,847553,847551,0,0,0,2553548,847067
2026-10-04T14:09:48Z,frontend,cartservice,1887076,1887062,0,0,4,10449205,1885738
2026-10-04T14:09:48Z,frontend,checkoutservice,399572,189605,0,40061,169946,62661638,189415
2026-10-04T14:09:48Z,frontend,currencyservice,2999365,2999355,0,0,0,15812477,2997224
2026-10-04T14:09:48Z,frontend,emailservice,0,0,0,0,0,0,0
2026-10-04T14:09:48Z,frontend,frontend,0,0,0,0,0,0,0
2026-10-04T14:09:48Z,frontend,kubernetes,0,0,0,0,0,0,0
2026-10-04T14:09:48Z,frontend,paymentservice,0,0,0,0,0,0,0
2026-10-04T14:09:48Z,frontend,productcatalogservice,8410776,8410710,0,0,0,57437202,8405387
2026-10-04T14:09:48Z,frontend,recommendationservice,2741201,1666515,0,112873,959242,829766526,1665424
2026-10-04T14:09:48Z,frontend,redis-cart,0,0,0,0,0,0,0
2026-10-04T14:09:48Z,frontend,shippingservice,310761,310759,0,0,0,941273,310575
2026-10-04T14:09:48Z,paymentservice,adservice,0,0,0,0,0,0,0
2026-10-04T14:09:48Z,paymentservice,cartservice,0,0,0,0,0,0,0
2026-10-04T14:09:48Z,paymentservice,checkoutservice,0,0,0,0,0,0,0
2026-10-04T14:09:48Z,paymentservice,currencyservice,0,0,0,0,0,0,0
2026-10-04T14:09:48Z,paymentservice,emailservice,0,0,0,0,0,0,0
2026-10-04T14:09:48Z,paymentservice,frontend,0,0,0,0,0,0,0
2026-10-04T14:09:48Z,paymentservice,kubernetes,0,0,0,0,0,0,0
2026-10-04T14:09:48Z,paymentservice,paymentservice,0,0,0,0,0,0,0
2026-10-04T14:09:48Z,paymentservice,productcatalogservice,0,0,0,0,0,0,0
2026-10-04T14:09:48Z,paymentservice,recommendationservice,0,0,0,0,0,0,0
2026-10-04T14:09:48Z,paymentservice,redis-cart,0,0,0,0,0,0,0
2026-10-04T14:09:48Z,paymentservice,shippingservice,0,0,0,0,0,0,0
2026-10-04T14:09:48Z,productcatalogservice,adservice,0,0,0,0,0,0,0
2026-10-04T14:09:48Z,productcatalogservice,cartservice,0,0,0,0,0,0,0
2026-10-04T14:09:48Z,productcatalogservice,checkoutservice,0,0,0,0,0,0,0
2026-10-04T14:09:48Z,productcatalogservice,currencyservice,0,0,0,0,0,0,0
2026-10-04T14:09:48Z,productcatalogservice,emailservice,0,0,0,0,0,0,0
2026-10-04T14:09:48Z,productcatalogservice,frontend,0,0,0,0,0,0,0
2026-10-04T14:09:48Z,productcatalogservice,kubernetes,0,0,0,0,0,0,0
2026-10-04T14:09:48Z,productcatalogservice,paymentservice,0,0,0,0,0,0,0
2026-10-04T14:09:48Z,productcatalogservice,productcatalogservice,0,0,0,0,0,0,0
2026-10-04T14:09:48Z,productcatalogservice,recommendationservice,0,0,0,0,0,0,0
2026-10-04T14:09:48Z,productcatalogservice,redis-cart,0,0,0,0,0,0,0
2026-10-04T14:09:48Z,productcatalogservice,shippingservice,0,0,0,0,0,0,0
2026-10-04T14:09:48Z,recommendationservice,adservice,0,0,0,0,0,0,0
2026-10-04T14:09:48Z,recommendationservice,cartservice,0,0,0,0,0,0,0
2026-10-04T14:09:48Z,recommendationservice,checkoutservice,0,0,0,0,0,0,0
2026-10-04T14:09:48Z,recommendationservice,currencyservice,0,0,0,0,0,0,0
2026-10-04T14:09:48Z,recommendationservice,emailservice,0,0,0,0,0,0,0
2026-10-04T14:09:48Z,recommendationservice,frontend,0,0,0,0,0,0,0
2026-10-04T14:09:48Z,recommendationservice,kubernetes,0,0,0,0,0,0,0
2026-10-04T14:09:48Z,recommendationservice,paymentservice,0,0,0,0,0,0,0
2026-10-04T14:09:48Z,recommendationservice,productcatalogservice,156705,156698,0,0,0,1082315,155468
2026-10-04T14:09:48Z,recommendationservice,recommendationservice,0,0,0,0,0,0,0
2026-10-04T14:09:48Z,recommendationservice,redis-cart,0,0,0,0,0,0,0
2026-10-04T14:09:48Z,recommendationservice,shippingservice,0,0,0,0,0,0,0
2026-10-04T14:09:48Z,redis-cart,adservice,0,0,0,0,0,0,0
2026-10-04T14:09:48Z,redis-cart,cartservice,0,0,0,0,0,0,0
2026-10-04T14:09:48Z,redis-cart,checkoutservice,0,0,0,0,0,0,0
2026-10-04T14:09:48Z,redis-cart,currencyservice,0,0,0,0,0,0,0
2026-10-04T14:09:48Z,redis-cart,emailservice,0,0,0,0,0,0,0
2026-10-04T14:09:48Z,redis-cart,frontend,0,0,0,0,0,0,0
2026-10-04T14:09:48Z,redis-cart,kubernetes,0,0,0,0,0,0,0
2026-10-04T14:09:48Z,redis-cart,paymentservice,0,0,0,0,0,0,0
2026-10-04T14:09:48Z,redis-cart,productcatalogservice,0,0,0,0,0,0,0
2026-10-04T14:09:48Z,redis-cart,recommendationservice,0,0,0,0,0,0,0
2026-10-04T14:09:48Z,redis-cart,redis-cart,0,0,0,0,0,0,0
2026-10-04T14:09:48Z,redis-cart,shippingservice,0,0,0,0,0,0,0
2026-10-04T14:09:48Z,shippingservice,adservice,0,0,0,0,0,0,0
2026-10-04T14:09:48Z,shippingservice,cartservice,0,0,0,0,0,0,0
2026-10-04T14:09:48Z,shippingservice,checkoutservice,0,0,0,0,0,0,0
2026-10-04T14:09:48Z,shippingservice,currencyservice,0,0,0,0,0,0,0
2026-10-04T14:09:48Z,shippingservice,emailservice,0,0,0,0,0,0,0
2026-10-04T14:09:48Z,shippingservice,frontend,0,0,0,0,0,0,0
2026-10-04T14:09:48Z,shippingservice,kubernetes,0,0,0,0,0,0,0
2026-10-04T14:09:48Z,shippingservice,paymentservice,0,0,0,0,0,0,0
2026-10-04T14:09:48Z,shippingservice,productcatalogservice,0,0,0,0,0,0,0
2026-10-04T14:09:48Z,shippingservice,recommendationservice,0,0,0,0,0,0,0
2026-10-04T14:09:48Z,shippingservice,redis-cart,0,0,0,0,0,0,0
2026-10-04T14:09:48Z,shippingservice,shippingservice,0,0,0,0,0,0,0
2026-10-04T14:09:49Z,adservice,adservice,0,0,0,0,0,0,0
2026-10-04T14:09:49Z,adservice,cartservice,0,0,0,0,0,0,0
2026-10-04T14:09:49Z,adservice,checkoutservice,0,0,0,0,0,0,0
2026-10-04T14:09:49Z,adservice,currencyservice,0,0,0,0,0,0,0
2026-10-04T14:09:49Z,adservice,emailservice,0,0,0,0,0,0,0
2026-10-04T14:09:49Z,adservice,frontend,0,0,0,0,0,0,0
2026-10-04T14:09:49Z,adservice,kubernetes,0,0,0,0,0,0,0
2026-10-04T14:09:49Z,adservice,paymentservice,0,0,0,0,0,0,0
2026-10-04T14:09:49Z,adservice,productcatalogservice,0,0,0,0,0,0,0
2026-10-04T14:09:49Z,adservice,recommendationservice,0,0,0,0,0,0,0
2026-10-04T14:09:49Z,adservice,redis-cart,0,0,0,0,0,0,0
2026-10-04T14:09:49Z,adservice,shippingservice,0,0,0,0,0,0,0
2026-10-04T14:09:49Z,cartservice,adservice,0,0,0,0,0,0,0
2026-10-04T14:09:49Z,cartservice,cartservice,0,0,0,0,0,0,0
2026-10-04T14:09:49Z,cartservice,checkoutservice,0,0,0,0,0,0,0
2026-10-04T14:09:49Z,cartservice,currencyservice,0,0,0,0,0,0,0
2026-10-04T14:09:49Z,cartservice,emailservice,0,0,0,0,0,0,0
2026-10-04T14:09:49Z,cartservice,frontend,0,0,0,0,0,0,0
2026-10-04T14:09:49Z,cartservice,kubernetes,0,0,0,0,0,0,0
2026-10-04T14:09:49Z,cartservice,paymentservice,0,0,0,0,0,0,0
2026-10-04T14:09:49Z,cartservice,productcatalogservice,0,0,0,0,0,0,0
2026-10-04T14:09:49Z,cartservice,recommendationservice,0,0,0,0,0,0,0
2026-10-04T14:09:49Z,cartservice,redis-cart,2,0,0,0,0,0,0
2026-10-04T14:09:49Z,cartservice,shippingservice,0,0,0,0,0,0,0
2026-10-04T14:09:49Z,checkoutservice,adservice,0,0,0,0,0,0,0
2026-10-04T14:09:49Z,checkoutservice,cartservice,58435,57504,0,100,0,689388,57316
2026-10-04T14:09:49Z,checkoutservice,checkoutservice,0,0,0,0,0,0,0
2026-10-04T14:09:49Z,checkoutservice,currencyservice,40615,40615,0,0,0,562253,40522
2026-10-04T14:09:49Z,checkoutservice,emailservice,11853,11565,0,66,0,402628,11471
2026-10-04T14:09:49Z,checkoutservice,frontend,0,0,0,0,0,0,0
2026-10-04T14:09:49Z,checkoutservice,kubernetes,0,0,0,0,0,0,0
2026-10-04T14:09:49Z,checkoutservice,paymentservice,33881,32033,0,192,0,432352,31792
2026-10-04T14:09:49Z,checkoutservice,productcatalogservice,0,0,0,0,0,0,0
2026-10-04T14:09:49Z,checkoutservice,recommendationservice,0,0,0,0,0,0,0
2026-10-04T14:09:49Z,checkoutservice,redis-cart,0,0,0,0,0,0,0
2026-10-04T14:09:49Z,checkoutservice,shippingservice,63746,61643,0,154,0,507398,61454
2026-10-04T14:09:49Z,currencyservice,adservice,0,0,0,0,0,0,0
2026-10-04T14:09:49Z,currencyservice,cartservice,0,0,0,0,0,0,0
2026-10-04T14:09:49Z,currencyservice,checkoutservice,0,0,0,0,0,0,0
2026-10-04T14:09:49Z,currencyservice,currencyservice,0,0,0,0,0,0,0
2026-10-04T14:09:49Z,currencyservice,emailservice,0,0,0,0,0,0,0
2026-10-04T14:09:49Z,currencyservice,frontend,0,0,0,0,0,0,0
2026-10-04T14:09:49Z,currencyservice,kubernetes,0,0,0,0,0,0,0
2026-10-04T14:09:49Z,currencyservice,paymentservice,0,0,0,0,0,0,0
2026-10-04T14:09:49Z,currencyservice,productcatalogservice,0,0,0,0,0,0,0
2026-10-04T14:09:49Z,currencyservice,recommendationservice,0,0,0,0,0,0,0
2026-10-04T14:09:49Z,currencyservice,redis-cart,0,0,0,0,0,0,0
2026-10-04T14:09:49Z,currencyservice,shippingservice,0,0,0,0,0,0,0
2026-10-04T14:09:49Z,emailservice,adservice,0,0,0,0,0,0,0
2026-10-04T14:09:49Z,emailservice,cartservice,0,0,0,0,0,0,0
2026-10-04T14:09:49Z,emailservice,checkoutservice,0,0,0,0,0,0,0
2026-10-04T14:09:49Z,emailservice,currencyservice,0,0,0,0,0,0,0
2026-10-04T14:09:49Z,emailservice,emailservice,0,0,0,0,0,0,0
2026-10-04T14:09:49Z,emailservice,frontend,0,0,0,0,0,0,0
2026-10-04T14:09:49Z,emailservice,kubernetes,0,0,0,0,0,0,0
2026-10-04T14:09:49Z,emailservice,paymentservice,0,0,0,0,0,0,0
2026-10-04T14:09:49Z,emailservice,productcatalogservice,0,0,0,0,0,0,0
2026-10-04T14:09:49Z,emailservice,recommendationservice,0,0,0,0,0,0,0
2026-10-04T14:09:49Z,emailservice,redis-cart,0,0,0,0,0,0,0
2026-10-04T14:09:49Z,emailservice,shippingservice,0,0,0,0,0,0,0
2026-10-04T14:09:49Z,frontend,adservice,847640,847638,0,0,0,2554617,847436
2026-10-04T14:09:49Z,frontend,cartservice,1887426,1887414,0,0,4,10453840,1886774
2026-10-04T14:09:49Z,frontend,checkoutservice,399606,189635,0,40061,169946,62680265,189562
2026-10-04T14:09:49Z,frontend,currencyservice,2999860,2999849,0,0,0,15819024,2998859
2026-10-04T14:09:49Z,frontend,emailservice,0,0,0,0,0,0,0
2026-10-04T14:09:49Z,frontend,frontend,0,0,0,0,0,0,0
2026-10-04T14:09:49Z,frontend,kubernetes,0,0,0,0,0,0,0
2026-10-04T14:09:49Z,frontend,paymentservice,0,0,0,0,0,0,0
2026-10-04T14:09:49Z,frontend,productcatalogservice,8411782,8411704,0,0,0,57457189,8409487
2026-10-04T14:09:49Z,frontend,recommendationservice,2741991,1666785,0,112942,959711,830422451,1666257
2026-10-04T14:09:49Z,frontend,redis-cart,0,0,0,0,0,0,0
2026-10-04T14:09:49Z,frontend,shippingservice,310782,310780,0,0,0,941626,310719
2026-10-04T14:09:49Z,paymentservice,adservice,0,0,0,0,0,0,0
2026-10-04T14:09:49Z,paymentservice,cartservice,0,0,0,0,0,0,0
2026-10-04T14:09:49Z,paymentservice,checkoutservice,0,0,0,0,0,0,0
2026-10-04T14:09:49Z,paymentservice,currencyservice,0,0,0,0,0,0,0
2026-10-04T14:09:49Z,paymentservice,emailservice,0,0,0,0,0,0,0
2026-10-04T14:09:49Z,paymentservice,frontend,0,0,0,0,0,0,0
2026-10-04T14:09:49Z,paymentservice,kubernetes,0,0,0,0,0,0,0
2026-10-04T14:09:49Z,paymentservice,paymentservice,0,0,0,0,0,0,0
2026-10-04T14:09:49Z,paymentservice,productcatalogservice,0,0,0,0,0,0,0
2026-10-04T14:09:49Z,paymentservice,recommendationservice,0,0,0,0,0,0,0
2026-10-04T14:09:49Z,paymentservice,redis-cart,0,0,0,0,0,0,0
2026-10-04T14:09:49Z,paymentservice,shippingservice,0,0,0,0,0,0,0
2026-10-04T14:09:49Z,productcatalogservice,adservice,0,0,0,0,0,0,0
2026-10-04T14:09:49Z,productcatalogservice,cartservice,0,0,0,0,0,0,0
2026-10-04T14:09:49Z,productcatalogservice,checkoutservice,0,0,0,0,0,0,0
2026-10-04T14:09:49Z,productcatalogservice,currencyservice,0,0,0,0,0,0,0
2026-10-04T14:09:49Z,productcatalogservice,emailservice,0,0,0,0,0,0,0
2026-10-04T14:09:49Z,productcatalogservice,frontend,0,0,0,0,0,0,0
2026-10-04T14:09:49Z,productcatalogservice,kubernetes,0,0,0,0,0,0,0
2026-10-04T14:09:49Z,productcatalogservice,paymentservice,0,0,0,0,0,0,0
2026-10-04T14:09:49Z,productcatalogservice,productcatalogservice,0,0,0,0,0,0,0
2026-10-04T14:09:49Z,productcatalogservice,recommendationservice,0,0,0,0,0,0,0
2026-10-04T14:09:49Z,productcatalogservice,redis-cart,0,0,0,0,0,0,0
2026-10-04T14:09:49Z,productcatalogservice,shippingservice,0,0,0,0,0,0,0
2026-10-04T14:09:49Z,recommendationservice,adservice,0,0,0,0,0,0,0
2026-10-04T14:09:49Z,recommendationservice,cartservice,0,0,0,0,0,0,0
2026-10-04T14:09:49Z,recommendationservice,checkoutservice,0,0,0,0,0,0,0
2026-10-04T14:09:49Z,recommendationservice,currencyservice,0,0,0,0,0,0,0
2026-10-04T14:09:49Z,recommendationservice,emailservice,0,0,0,0,0,0,0
2026-10-04T14:09:49Z,recommendationservice,frontend,0,0,0,0,0,0,0
2026-10-04T14:09:49Z,recommendationservice,kubernetes,0,0,0,0,0,0,0
2026-10-04T14:09:49Z,recommendationservice,paymentservice,0,0,0,0,0,0,0
2026-10-04T14:09:49Z,recommendationservice,productcatalogservice,157075,157075,0,0,0,1082315,155468
2026-10-04T14:09:49Z,recommendationservice,recommendationservice,0,0,0,0,0,0,0
2026-10-04T14:09:49Z,recommendationservice,redis-cart,0,0,0,0,0,0,0
2026-10-04T14:09:49Z,recommendationservice,shippingservice,0,0,0,0,0,0,0
2026-10-04T14:09:49Z,redis-cart,adservice,0,0,0,0,0,0,0
2026-10-04T14:09:49Z,redis-cart,cartservice,0,0,0,0,0,0,0
2026-10-04T14:09:49Z,redis-cart,checkoutservice,0,0,0,0,0,0,0
2026-10-04T14:09:49Z,redis-cart,currencyservice,0,0,0,0,0,0,0
2026-10-04T14:09:49Z,redis-cart,emailservice,0,0,0,0,0,0,0
2026-10-04T14:09:49Z,redis-cart,frontend,0,0,0,0,0,0,0
2026-10-04T14:09:49Z,redis-cart,kubernetes,0,0,0,0,0,0,0
2026-10-04T14:09:49Z,redis-cart,paymentservice,0,0,0,0,0,0,0
2026-10-04T14:09:49Z,redis-cart,productcatalogservice,0,0,0,0,0,0,0
2026-10-04T14:09:49Z,redis-cart,recommendationservice,0,0,0,0,0,0,0
2026-10-04T14:09:49Z,redis-cart,redis-cart,0,0,0,0,0,0,0
2026-10-04T14:09:49Z,redis-cart,shippingservice,0,0,0,0,0,0,0
2026-10-04T14:09:49Z,shippingservice,adservice,0,0,0,0,0,0,0
2026-10-04T14:09:49Z,shippingservice,cartservice,0,0,0,0,0,0,0
2026-10-04T14:09:49Z,shippingservice,checkoutservice,0,0,0,0,0,0,0
2026-10-04T14:09:49Z,shippingservice,currencyservice,0,0,0,0,0,0,0
2026-10-04T14:09:49Z,shippingservice,emailservice,0,0,0,0,0,0,0
2026-10-04T14:09:49Z,shippingservice,frontend,0,0,0,0,0,0,0
2026-10-04T14:09:49Z,shippingservice,kubernetes,0,0,0,0,0,0,0
2026-10-04T14:09:49Z,shippingservice,paymentservice,0,0,0,0,0,0,0
2026-10-04T14:09:49Z,shippingservice,productcatalogservice,0,0,0,0,0,0,0
2026-10-04T14:09:49Z,shippingservice,recommendationservice,0,0,0,0,0,0,0
2026-10-04T14:09:49Z,shippingservice,redis-cart,0,0,0,0,0,0,0
2026-10-04T14:09:49Z,shippingservice,shippingservice,0,0,0,0,0,0,0
2026-10-04T14:09:50Z,adservice,adservice,0,0,0,0,0,0,0
2026-10-04T14:09:50Z,adservice,cartservice,0,0,0,0,0,0,0
2026-10-04T14:09:50Z,adservice,checkoutservice,0,0,0,0,0,0,0
2026-10-04T14:09:50Z,adservice,currencyservice,0,0,0,0,0,0,0
2026-10-04T14:09:50Z,adservice,emailservice,0,0,0,0,0,0,0
2026-10-04T14:09:50Z,adservice,frontend,0,0,0,0,0,0,0
2026-10-04T14:09:50Z,adservice,kubernetes,0,0,0,0,0,0,0
2026-10-04T14:09:50Z,adservice,paymentservice,0,0,0,0,0,0,0
2026-10-04T14:09:50Z,adservice,productcatalogservice,0,0,0,0,0,0,0
2026-10-04T14:09:50Z,adservice,recommendationservice,0,0,0,0,0,0,0
2026-10-04T14:09:50Z,adservice,redis-cart,0,0,0,0,0,0,0
2026-10-04T14:09:50Z,adservice,shippingservice,0,0,0,0,0,0,0
2026-10-04T14:09:50Z,cartservice,adservice,0,0,0,0,0,0,0
2026-10-04T14:09:50Z,cartservice,cartservice,0,0,0,0,0,0,0
2026-10-04T14:09:50Z,cartservice,checkoutservice,0,0,0,0,0,0,0
2026-10-04T14:09:50Z,cartservice,currencyservice,0,0,0,0,0,0,0
2026-10-04T14:09:50Z,cartservice,emailservice,0,0,0,0,0,0,0
2026-10-04T14:09:50Z,cartservice,frontend,0,0,0,0,0,0,0
2026-10-04T14:09:50Z,cartservice,kubernetes,0,0,0,0,0,0,0
2026-10-04T14:09:50Z,cartservice,paymentservice,0,0,0,0,0,0,0
2026-10-04T14:09:50Z,cartservice,productcatalogservice,0,0,0,0,0,0,0
2026-10-04T14:09:50Z,cartservice,recommendationservice,0,0,0,0,0,0,0
2026-10-04T14:09:50Z,cartservice,redis-cart,2,0,0,0,0,0,0
2026-10-04T14:09:50Z,cartservice,shippingservice,0,0,0,0,0,0,0
2026-10-04T14:09:50Z,checkoutservice,adservice,0,0,0,0,0,0,0
2026-10-04T14:09:50Z,checkoutservice,cartservice,58527,57596,0,100,0,689388,57316
2026-10-04T14:09:50Z,checkoutservice,checkoutservice,0,0,0,0,0,0,0
2026-10-04T14:09:50Z,checkoutservice,currencyservice,40661,40661,0,0,0,562253,40522
2026-10-04T14:09:50Z,checkoutservice,emailservice,11899,11611,0,66,0,402628,11471
2026-10-04T14:09:50Z,checkoutservice,frontend,0,0,0,0,0,0,0
2026-10-04T14:09:50Z,checkoutservice,kubernetes,0,0,0,0,0,0,0
2026-10-04T14:09:50Z,checkoutservice,paymentservice,33927,32079,0,192,0,432352,31792
2026-10-04T14:09:50Z,checkoutservice,productcatalogservice,0,0,0,0,0,0,0
2026-10-04T14:09:50Z,checkoutservice,recommendationservice,0,0,0,0,0,0,0
2026-10-04T14:09:50Z,checkoutservice,redis-cart,0,0,0,0,0,0,0
2026-10-04T14:09:50Z,checkoutservice,shippingservice,63838,61735,0,154,0,507398,61454
2026-10-04T14:09:50Z,currencyservice,adservice,0,0,0,0,0,0,0
2026-10-04T14:09:50Z,currencyservice,cartservice,0,0,0,0,0,0,0
2026-10-04T14:09:50Z,currencyservice,checkoutservice,0,0,0,0,0,0,0
2026-10-04T14:09:50Z,currencyservice,currencyservice,0,0,0,0,0,0,0
2026-10-04T14:09:50Z,currencyservice,emailservice,0,0,0,0,0,0,0
2026-10-04T14:09:50Z,currencyservice,frontend,0,0,0,0,0,0,0
2026-10-04T14:09:50Z,currencyservice,kubernetes,0,0,0,0,0,0,0
2026-10-04T14:09:50Z,currencyservice,paymentservice,0,0,0,0,0,0,0
2026-10-04T14:09:50Z,currencyservice,productcatalogservice,0,0,0,0,0,0,0
2026-10-04T14:09:50Z,currencyservice,recommendationservice,0,0,0,0,0,0,0
2026-10-04T14:09:50Z,currencyservice,redis-cart,0,0,0,0,0,0,0
2026-10-04T14:09:50Z,currencyservice,shippingservice,0,0,0,0,0,0,0
2026-10-04T14:09:50Z,emailservice,adservice,0,0,0,0,0,0,0
2026-10-04T14:09:50Z,emailservice,cartservice,0,0,0,0,0,0,0
2026-10-04T14:09:50Z,emailservice,checkoutservice,0,0,0,0,0,0,0
2026-10-04T14:09:50Z,emailservice,currencyservice,0,0,0,0,0,0,0
2026-10-04T14:09:50Z,emailservice,emailservice,0,0,0,0,0,0,0
2026-10-04T14:09:50Z,emailservice,frontend,0,0,0,0,0,0,0
2026-10-04T14:09:50Z,emailservice,kubernetes,0,0,0,0,0,0,0
2026-10-04T14:09:50Z,emailservice,paymentservice,0,0,0,0,0,0,0
2026-10-04T14:09:50Z,emailservice,productcatalogservice,0,0,0,0,0,0,0
2026-10-04T14:09:50Z,emailservice,recommendationservice,0,0,0,0,0,0,0
2026-10-04T14:09:50Z,emailservice,redis-cart,0,0,0,0,0,0,0
2026-10-04T14:09:50Z,emailservice,shippingservice,0,0,0,0,0,0,0
2026-10-04T14:09:50Z,frontend,adservice,847756,847754,0,0,0,2554927,847576
2026-10-04T14:09:50Z,frontend,cartservice,1887798,1887785,0,0,4,10455540,1887167
2026-10-04T14:09:50Z,frontend,checkoutservice,399656,189686,0,40061,169946,62687407,189607
2026-10-04T14:09:50Z,frontend,currencyservice,3000437,3000426,0,0,0,15821529,2999494
2026-10-04T14:09:50Z,frontend,emailservice,0,0,0,0,0,0,0
2026-10-04T14:09:50Z,frontend,frontend,0,0,0,0,0,0,0
2026-10-04T14:09:50Z,frontend,kubernetes,0,0,0,0,0,0,0
2026-10-04T14:09:50Z,frontend,paymentservice,0,0,0,0,0,0,0
2026-10-04T14:09:50Z,frontend,productcatalogservice,8413135,8413052,0,0,0,57466220,8410953
2026-10-04T14:09:50Z,frontend,recommendationservice,2742773,1667107,0,113011,960112,830678996,1666567
2026-10-04T14:09:50Z,frontend,redis-cart,0,0,0,0,0,0,0
2026-10-04T14:09:50Z,frontend,shippingservice,310823,310821,0,0,0,941730,310766
2026-10-04T14:09:50Z,paymentservice,adservice,0,0,0,0,0,0,0
2026-10-04T14:09:50Z,paymentservice,cartservice,0,0,0,0,0,0,0
2026-10-04T14:09:50Z,paymentservice,checkoutservice,0,0,0,0,0,0,0
2026-10-04T14:09:50Z,paymentservice,currencyservice,0,0,0,0,0,0,0
2026-10-04T14:09:50Z,paymentservice,emailservice,0,0,0,0,0,0,0
2026-10-04T14:09:50Z,paymentservice,frontend,0,0,0,0,0,0,0
2026-10-04T14:09:50Z,paymentservice,kubernetes,0,0,0,0,0,0,0
2026-10-04T14:09:50Z,paymentservice,paymentservice,0,0,0,0,0,0,0
2026-10-04T14:09:50Z,paymentservice,productcatalogservice,0,0,0,0,0,0,0
2026-10-04T14:09:50Z,paymentservice,recommendationservice,0,0,0,0,0,0,0
2026-10-04T14:09:50Z,paymentservice,redis-cart,0,0,0,0,0,0,0
2026-10-04T14:09:50Z,paymentservice,shippingservice,0,0,0,0,0,0,0
2026-10-04T14:09:50Z,productcatalogservice,adservice,0,0,0,0,0,0,0
2026-10-04T14:09:50Z,productcatalogservice,cartservice,0,0,0,0,0,0,0
2026-10-04T14:09:50Z,productcatalogservice,checkoutservice,0,0,0,0,0,0,0
2026-10-04T14:09:50Z,productcatalogservice,currencyservice,0,0,0,0,0,0,0
2026-10-04T14:09:50Z,productcatalogservice,emailservice,0,0,0,0,0,0,0
2026-10-04T14:09:50Z,productcatalogservice,frontend,0,0,0,0,0,0,0
2026-10-04T14:09:50Z,productcatalogservice,kubernetes,0,0,0,0,0,0,0
2026-10-04T14:09:50Z,productcatalogservice,paymentservice,0,0,0,0,0,0,0
2026-10-04T14:09:50Z,productcatalogservice,productcatalogservice,0,0,0,0,0,0,0
2026-10-04T14:09:50Z,productcatalogservice,recommendationservice,0,0,0,0,0,0,0
2026-10-04T14:09:50Z,productcatalogservice,redis-cart,0,0,0,0,0,0,0
2026-10-04T14:09:50Z,productcatalogservice,shippingservice,0,0,0,0,0,0,0
2026-10-04T14:09:50Z,recommendationservice,adservice,0,0,0,0,0,0,0
2026-10-04T14:09:50Z,recommendationservice,cartservice,0,0,0,0,0,0,0
2026-10-04T14:09:50Z,recommendationservice,checkoutservice,0,0,0,0,0,0,0
2026-10-04T14:09:50Z,recommendationservice,currencyservice,0,0,0,0,0,0,0
2026-10-04T14:09:50Z,recommendationservice,emailservice,0,0,0,0,0,0,0
2026-10-04T14:09:50Z,recommendationservice,frontend,0,0,0,0,0,0,0
2026-10-04T14:09:50Z,recommendationservice,kubernetes,0,0,0,0,0,0,0
2026-10-04T14:09:50Z,recommendationservice,paymentservice,0,0,0,0,0,0,0
2026-10-04T14:09:50Z,recommendationservice,productcatalogservice,157494,157492,0,0,0,1092025,157437
2026-10-04T14:09:50Z,recommendationservice,recommendationservice,0,0,0,0,0,0,0
2026-10-04T14:09:50Z,recommendationservice,redis-cart,0,0,0,0,0,0,0
2026-10-04T14:09:50Z,recommendationservice,shippingservice,0,0,0,0,0,0,0
2026-10-04T14:09:50Z,redis-cart,adservice,0,0,0,0,0,0,0
2026-10-04T14:09:50Z,redis-cart,cartservice,0,0,0,0,0,0,0
2026-10-04T14:09:50Z,redis-cart,checkoutservice,0,0,0,0,0,0,0
2026-10-04T14:09:50Z,redis-cart,currencyservice,0,0,0,0,0,0,0
2026-10-04T14:09:50Z,redis-cart,emailservice,0,0,0,0,0,0,0
2026-10-04T14:09:50Z,redis-cart,frontend,0,0,0,0,0,0,0
2026-10-04T14:09:50Z,redis-cart,kubernetes,0,0,0,0,0,0,0
2026-10-04T14:09:50Z,redis-cart,paymentservice,0,0,0,0,0,0,0
2026-10-04T14:09:50Z,redis-cart,productcatalogservice,0,0,0,0,0,0,0
2026-10-04T14:09:50Z,redis-cart,recommendationservice,0,0,0,0,0,0,0
2026-10-04T14:09:50Z,redis-cart,redis-cart,0,0,0,0,0,0,0
2026-10-04T14:09:50Z,redis-cart,shippingservice,0,0,0,0,0,0,0
2026-10-04T14:09:50Z,shippingservice,adservice,0,0,0,0,0,0,0
2026-10-04T14:09:50Z,shippingservice,cartservice,0,0,0,0,0,0,0
2026-10-04T14:09:50Z,shippingservice,checkoutservice,0,0,0,0,0,0,0
2026-10-04T14:09:50Z,shippingservice,currencyservice,0,0,0,0,0,0,0
2026-10-04T14:09:50Z,shippingservice,emailservice,0,0,0,0,0,0,0
2026-10-04T14:09:50Z,shippingservice,frontend,0,0,0,0,0,0,0
2026-10-04T14:09:50Z,shippingservice,kubernetes,0,0,0,0,0,0,0
2026-10-04T14:09:50Z,shippingservice,paymentservice,0,0,0,0,0,0,0
2026-10-04T14:09:50Z,shippingservice,productcatalogservice,0,0,0,0,0,0,0
2026-10-04T14:09:50Z,shippingservice,recommendationservice,0,0,0,0,0,0,0
2026-10-04T14:09:50Z,shippingservice,redis-cart,0,0,0,0,0,0,0
2026-10-04T14:09:50Z,shippingservice,shippingservice,0,0,0,0,0,0,0
2026-10-04T14:09:51Z,adservice,adservice,0,0,0,0,0,0,0
2026-10-04T14:09:51Z,adservice,cartservice,0,0,0,0,0,0,0
2026-10-04T14:09:51Z,adservice,checkoutservice,0,0,0,0,0,0,0
2026-10-04T14:09:51Z,adservice,currencyservice,0,0,0,0,0,0,0
2026-10-04T14:09:51Z,adservice,emailservice,0,0,0,0,0,0,0
2026-10-04T14:09:51Z,adservice,frontend,0,0,0,0,0,0,0
2026-10-04T14:09:51Z,adservice,kubernetes,0,0,0,0,0,0,0
2026-10-04T14:09:51Z,adservice,paymentservice,0,0,0,0,0,0,0
2026-10-04T14:09:51Z,adservice,productcatalogservice,0,0,0,0,0,0,0
2026-10-04T14:09:51Z,adservice,recommendationservice,0,0,0,0,0,0,0
2026-10-04T14:09:51Z,adservice,redis-cart,0,0,0,0,0,0,0
2026-10-04T14:09:51Z,adservice,shippingservice,0,0,0,0,0,0,0
2026-10-04T14:09:51Z,cartservice,adservice,0,0,0,0,0,0,0
2026-10-04T14:09:51Z,cartservice,cartservice,0,0,0,0,0,0,0
2026-10-04T14:09:51Z,cartservice,checkoutservice,0,0,0,0,0,0,0
2026-10-04T14:09:51Z,cartservice,currencyservice,0,0,0,0,0,0,0
2026-10-04T14:09:51Z,cartservice,emailservice,0,0,0,0,0,0,0
2026-10-04T14:09:51Z,cartservice,frontend,0,0,0,0,0,0,0
2026-10-04T14:09:51Z,cartservice,kubernetes,0,0,0,0,0,0,0
2026-10-04T14:09:51Z,cartservice,paymentservice,0,0,0,0,0,0,0
2026-10-04T14:09:51Z,cartservice,productcatalogservice,0,0,0,0,0,0,0
2026-10-04T14:09:51Z,cartservice,recommendationservice,0,0,0,0,0,0,0
2026-10-04T14:09:51Z,cartservice,redis-cart,2,0,0,0,0,0,0
2026-10-04T14:09:51Z,cartservice,shippingservice,0,0,0,0,0,0,0
2026-10-04T14:09:51Z,checkoutservice,adservice,0,0,0,0,0,0,0
2026-10-04T14:09:51Z,checkoutservice,cartservice,58634,57702,0,100,0,689388,57316
2026-10-04T14:09:51Z,checkoutservice,checkoutservice,0,0,0,0,0,0,0
2026-10-04T14:09:51Z,checkoutservice,currencyservice,40715,40714,0,0,0,562253,40522
2026-10-04T14:09:51Z,checkoutservice,emailservice,11948,11659,0,66,0,402628,11471
2026-10-04T14:09:51Z,checkoutservice,frontend,0,0,0,0,0,0,0
2026-10-04T14:09:51Z,checkoutservice,kubernetes,0,0,0,0,0,0,0
2026-10-04T14:09:51Z,checkoutservice,paymentservice,33979,32131,0,192,0,432352,31792
2026-10-04T14:09:51Z,checkoutservice,productcatalogservice,0,0,0,0,0,0,0
2026-10-04T14:09:51Z,checkoutservice,recommendationservice,0,0,0,0,0,0,0
2026-10-04T14:09:51Z,checkoutservice,redis-cart,0,0,0,0,0,0,0
2026-10-04T14:09:51Z,checkoutservice,shippingservice,63944,61840,0,154,0,507398,61454
2026-10-04T14:09:51Z,currencyservice,adservice,0,0,0,0,0,0,0
2026-10-04T14:09:51Z,currencyservice,cartservice,0,0,0,0,0,0,0
2026-10-04T14:09:51Z,currencyservice,checkoutservice,0,0,0,0,0,0,0
2026-10-04T14:09:51Z,currencyservice,currencyservice,0,0,0,0,0,0,0
2026-10-04T14:09:51Z,currencyservice,emailservice,0,0,0,0,0,0,0
2026-10-04T14:09:51Z,currencyservice,frontend,0,0,0,0,0,0,0
2026-10-04T14:09:51Z,currencyservice,kubernetes,0,0,0,0,0,0,0
2026-10-04T14:09:51Z,currencyservice,paymentservice,0,0,0,0,0,0,0
2026-10-04T14:09:51Z,currencyservice,productcatalogservice,0,0,0,0,0,0,0
2026-10-04T14:09:51Z,currencyservice,recommendationservice,0,0,0,0,0,0,0
2026-10-04T14:09:51Z,currencyservice,redis-cart,0,0,0,0,0,0,0
2026-10-04T14:09:51Z,currencyservice,shippingservice,0,0,0,0,0,0,0
2026-10-04T14:09:51Z,emailservice,adservice,0,0,0,0,0,0,0
2026-10-04T14:09:51Z,emailservice,cartservice,0,0,0,0,0,0,0
2026-10-04T14:09:51Z,emailservice,checkoutservice,0,0,0,0,0,0,0
2026-10-04T14:09:51Z,emailservice,currencyservice,0,0,0,0,0,0,0
2026-10-04T14:09:51Z,emailservice,emailservice,0,0,0,0,0,0,0
2026-10-04T14:09:51Z,emailservice,frontend,0,0,0,0,0,0,0
2026-10-04T14:09:51Z,emailservice,kubernetes,0,0,0,0,0,0,0
2026-10-04T14:09:51Z,emailservice,paymentservice,0,0,0,0,0,0,0
2026-10-04T14:09:51Z,emailservice,productcatalogservice,0,0,0,0,0,0,0
2026-10-04T14:09:51Z,emailservice,recommendationservice,0,0,0,0,0,0,0
2026-10-04T14:09:51Z,emailservice,redis-cart,0,0,0,0,0,0,0
2026-10-04T14:09:51Z,emailservice,shippingservice,0,0,0,0,0,0,0
2026-10-04T14:09:51Z,frontend,adservice,847889,847886,0,0,0,2554927,847576
2026-10-04T14:09:51Z,frontend,cartservice,1888186,1888174,0,0,4,10455540,1887167
2026-10-04T14:09:51Z,frontend,checkoutservice,399712,189739,0,40061,169946,62687407,189607
2026-10-04T14:09:51Z,frontend,currencyservice,3001046,3001035,0,0,0,15821529,2999494
2026-10-04T14:09:51Z,frontend,emailservice,0,0,0,0,0,0,0
2026-10-04T14:09:51Z,frontend,frontend,0,0,0,0,0,0,0
2026-10-04T14:09:51Z,frontend,kubernetes,0,0,0,0,0,0,0
2026-10-04T14:09:51Z,frontend,paymentservice,0,0,0,0,0,0,0
2026-10-04T14:09:51Z,frontend,productcatalogservice,8414511,8414439,0,0,0,57466220,8410953
2026-10-04T14:09:51Z,frontend,recommendationservice,2743499,1667463,0,113054,960443,830678996,1666567
2026-10-04T14:09:51Z,frontend,redis-cart,0,0,0,0,0,0,0
2026-10-04T14:09:51Z,frontend,shippingservice,310857,310855,0,0,0,941730,310766
2026-10-04T14:09:51Z,paymentservice,adservice,0,0,0,0,0,0,0
2026-10-04T14:09:51Z,paymentservice,cartservice,0,0,0,0,0,0,0
2026-10-04T14:09:51Z,paymentservice,checkoutservice,0,0,0,0,0,0,0
2026-10-04T14:09:51Z,paymentservice,currencyservice,0,0,0,0,0,0,0
2026-10-04T14:09:51Z,paymentservice,emailservice,0,0,0,0,0,0,0
2026-10-04T14:09:51Z,paymentservice,frontend,0,0,0,0,0,0,0
2026-10-04T14:09:51Z,paymentservice,kubernetes,0,0,0,0,0,0,0
2026-10-04T14:09:51Z,paymentservice,paymentservice,0,0,0,0,0,0,0
2026-10-04T14:09:51Z,paymentservice,productcatalogservice,0,0,0,0,0,0,0
2026-10-04T14:09:51Z,paymentservice,recommendationservice,0,0,0,0,0,0,0
2026-10-04T14:09:51Z,paymentservice,redis-cart,0,0,0,0,0,0,0
2026-10-04T14:09:51Z,paymentservice,shippingservice,0,0,0,0,0,0,0
2026-10-04T14:09:51Z,productcatalogservice,adservice,0,0,0,0,0,0,0
2026-10-04T14:09:51Z,productcatalogservice,cartservice,0,0,0,0,0,0,0
2026-10-04T14:09:51Z,productcatalogservice,checkoutservice,0,0,0,0,0,0,0
2026-10-04T14:09:51Z,productcatalogservice,currencyservice,0,0,0,0,0,0,0
2026-10-04T14:09:51Z,productcatalogservice,emailservice,0,0,0,0,0,0,0
2026-10-04T14:09:51Z,productcatalogservice,frontend,0,0,0,0,0,0,0
2026-10-04T14:09:51Z,productcatalogservice,kubernetes,0,0,0,0,0,0,0
2026-10-04T14:09:51Z,productcatalogservice,paymentservice,0,0,0,0,0,0,0
2026-10-04T14:09:51Z,productcatalogservice,productcatalogservice,0,0,0,0,0,0,0
2026-10-04T14:09:51Z,productcatalogservice,recommendationservice,0,0,0,0,0,0,0
2026-10-04T14:09:51Z,productcatalogservice,redis-cart,0,0,0,0,0,0,0
2026-10-04T14:09:51Z,productcatalogservice,shippingservice,0,0,0,0,0,0,0
2026-10-04T14:09:51Z,recommendationservice,adservice,0,0,0,0,0,0,0
2026-10-04T14:09:51Z,recommendationservice,cartservice,0,0,0,0,0,0,0
2026-10-04T14:09:51Z,recommendationservice,checkoutservice,0,0,0,0,0,0,0
2026-10-04T14:09:51Z,recommendationservice,currencyservice,0,0,0,0,0,0,0
2026-10-04T14:09:51Z,recommendationservice,emailservice,0,0,0,0,0,0,0
2026-10-04T14:09:51Z,recommendationservice,frontend,0,0,0,0,0,0,0
2026-10-04T14:09:51Z,recommendationservice,kubernetes,0,0,0,0,0,0,0
2026-10-04T14:09:51Z,recommendationservice,paymentservice,0,0,0,0,0,0,0
2026-10-04T14:09:51Z,recommendationservice,productcatalogservice,157921,157921,0,0,0,1092025,157437
2026-10-04T14:09:51Z,recommendationservice,recommendationservice,0,0,0,0,0,0,0
2026-10-04T14:09:51Z,recommendationservice,redis-cart,0,0,0,0,0,0,0
2026-10-04T14:09:51Z,recommendationservice,shippingservice,0,0,0,0,0,0,0
2026-10-04T14:09:51Z,redis-cart,adservice,0,0,0,0,0,0,0
2026-10-04T14:09:51Z,redis-cart,cartservice,0,0,0,0,0,0,0
2026-10-04T14:09:51Z,redis-cart,checkoutservice,0,0,0,0,0,0,0
2026-10-04T14:09:51Z,redis-cart,currencyservice,0,0,0,0,0,0,0
2026-10-04T14:09:51Z,redis-cart,emailservice,0,0,0,0,0,0,0
2026-10-04T14:09:51Z,redis-cart,frontend,0,0,0,0,0,0,0
2026-10-04T14:09:51Z,redis-cart,kubernetes,0,0,0,0,0,0,0
2026-10-04T14:09:51Z,redis-cart,paymentservice,0,0,0,0,0,0,0
2026-10-04T14:09:51Z,redis-cart,productcatalogservice,0,0,0,0,0,0,0
2026-10-04T14:09:51Z,redis-cart,recommendationservice,0,0,0,0,0,0,0
2026-10-04T14:09:51Z,redis-cart,redis-cart,0,0,0,0,0,0,0
2026-10-04T14:09:51Z,redis-cart,shippingservice,0,0,0,0,0,0,0
2026-10-04T14:09:51Z,shippingservice,adservice,0,0,0,0,0,0,0
2026-10-04T14:09:51Z,shippingservice,cartservice,0,0,0,0,0,0,0
2026-10-04T14:09:51Z,shippingservice,checkoutservice,0,0,0,0,0,0,0
2026-10-04T14:09:51Z,shippingservice,currencyservice,0,0,0,0,0,0,0
2026-10-04T14:09:51Z,shippingservice,emailservice,0,0,0,0,0,0,0
2026-10-04T14:09:51Z,shippingservice,frontend,0,0,0,0,0,0,0
2026-10-04T14:09:51Z,shippingservice,kubernetes,0,0,0,0,0,0,0
2026-10-04T14:09:51Z,shippingservice,paymentservice,0,0,0,0,0,0,0
2026-10-04T14:09:51Z,shippingservice,productcatalogservice,0,0,0,0,0,0,0
2026-10-04T14:09:51Z,shippingservice,recommendationservice,0,0,0,0,0,0,0
2026-10-04T14:09:51Z,shippingservice,redis-cart,0,0,0,0,0,0,0
2026-10-04T14:09:51Z,shippingservice,shippingservice,0,0,0,0,0,0,0
2026-10-04T14:09:52Z,adservice,adservice,0,0,0,0,0,0,0
2026-10-04T14:09:52Z,adservice,cartservice,0,0,0,0,0,0,0
2026-10-04T14:09:52Z,adservice,checkoutservice,0,0,0,0,0,0,0
2026-10-04T14:09:52Z,adservice,currencyservice,0,0,0,0,0,0,0
2026-10-04T14:09:52Z,adservice,emailservice,0,0,0,0,0,0,0
2026-10-04T14:09:52Z,adservice,frontend,0,0,0,0,0,0,0
2026-10-04T14:09:52Z,adservice,kubernetes,0,0,0,0,0,0,0
2026-10-04T14:09:52Z,adservice,paymentservice,0,0,0,0,0,0,0
2026-10-04T14:09:52Z,adservice,productcatalogservice,0,0,0,0,0,0,0
2026-10-04T14:09:52Z,adservice,recommendationservice,0,0,0,0,0,0,0
2026-10-04T14:09:52Z,adservice,redis-cart,0,0,0,0,0,0,0
2026-10-04T14:09:52Z,adservice,shippingservice,0,0,0,0,0,0,0
2026-10-04T14:09:52Z,cartservice,adservice,0,0,0,0,0,0,0
2026-10-04T14:09:52Z,cartservice,cartservice,0,0,0,0,0,0,0
2026-10-04T14:09:52Z,cartservice,checkoutservice,0,0,0,0,0,0,0
2026-10-04T14:09:52Z,cartservice,currencyservice,0,0,0,0,0,0,0
2026-10-04T14:09:52Z,cartservice,emailservice,0,0,0,0,0,0,0
2026-10-04T14:09:52Z,cartservice,frontend,0,0,0,0,0,0,0
2026-10-04T14:09:52Z,cartservice,kubernetes,0,0,0,0,0,0,0
2026-10-04T14:09:52Z,cartservice,paymentservice,0,0,0,0,0,0,0
2026-10-04T14:09:52Z,cartservice,productcatalogservice,0,0,0,0,0,0,0
2026-10-04T14:09:52Z,cartservice,recommendationservice,0,0,0,0,0,0,0
2026-10-04T14:09:52Z,cartservice,redis-cart,2,0,0,0,0,0,0
2026-10-04T14:09:52Z,cartservice,shippingservice,0,0,0,0,0,0,0
2026-10-04T14:09:52Z,checkoutservice,adservice,0,0,0,0,0,0,0
2026-10-04T14:09:52Z,checkoutservice,cartservice,58745,57814,0,100,0,691337,57775
2026-10-04T14:09:52Z,checkoutservice,checkoutservice,0,0,0,0,0,0,0
2026-10-04T14:09:52Z,checkoutservice,currencyservice,40770,40769,0,0,0,563190,40751
2026-10-04T14:09:52Z,checkoutservice,emailservice,12002,11714,0,66,0,405707,11701
2026-10-04T14:09:52Z,checkoutservice,frontend,0,0,0,0,0,0,0
2026-10-04T14:09:52Z,checkoutservice,kubernetes,0,0,0,0,0,0,0
2026-10-04T14:09:52Z,checkoutservice,paymentservice,34035,32184,0,192,0,433330,32021
2026-10-04T14:09:52Z,checkoutservice,productcatalogservice,0,0,0,0,0,0,0
2026-10-04T14:09:52Z,checkoutservice,recommendationservice,0,0,0,0,0,0,0
2026-10-04T14:09:52Z,checkoutservice,redis-cart,0,0,0,0,0,0,0
2026-10-04T14:09:52Z,checkoutservice,shippingservice,64052,61949,0,154,0,508318,61913
2026-10-04T14:09:52Z,currencyservice,adservice,0,0,0,0,0,0,0
2026-10-04T14:09:52Z,currencyservice,cartservice,0,0,0,0,0,0,0
2026-10-04T14:09:52Z,currencyservice,checkoutservice,0,0,0,0,0,0,0
2026-10-04T14:09:52Z,currencyservice,currencyservice,0,0,0,0,0,0,0
2026-10-04T14:09:52Z,currencyservice,emailservice,0,0,0,0,0,0,0
2026-10-04T14:09:52Z,currencyservice,frontend,0,0,0,0,0,0,0
2026-10-04T14:09:52Z,currencyservice,kubernetes,0,0,0,0,0,0,0
2026-10-04T14:09:52Z,currencyservice,paymentservice,0,0,0,0,0,0,0
2026-10-04T14:09:52Z,currencyservice,productcatalogservice,0,0,0,0,0,0,0
2026-10-04T14:09:52Z,currencyservice,recommendationservice,0,0,0,0,0,0,0
2026-10-04T14:09:52Z,currencyservice,redis-cart,0,0,0,0,0,0,0
2026-10-04T14:09:52Z,currencyservice,shippingservice,0,0,0,0,0,0,0
2026-10-04T14:09:52Z,emailservice,adservice,0,0,0,0,0,0,0
2026-10-04T14:09:52Z,emailservice,cartservice,0,0,0,0,0,0,0
2026-10-04T14:09:52Z,emailservice,checkoutservice,0,0,0,0,0,0,0
2026-10-04T14:09:52Z,emailservice,currencyservice,0,0,0,0,0,0,0
2026-10-04T14:09:52Z,emailservice,emailservice,0,0,0,0,0,0,0
2026-10-04T14:09:52Z,emailservice,frontend,0,0,0,0,0,0,0
2026-10-04T14:09:52Z,emailservice,kubernetes,0,0,0,0,0,0,0
2026-10-04T14:09:52Z,emailservice,paymentservice,0,0,0,0,0,0,0
2026-10-04T14:09:52Z,emailservice,productcatalogservice,0,0,0,0,0,0,0
2026-10-04T14:09:52Z,emailservice,recommendationservice,0,0,0,0,0,0,0
2026-10-04T14:09:52Z,emailservice,redis-cart,0,0,0,0,0,0,0
2026-10-04T14:09:52Z,emailservice,shippingservice,0,0,0,0,0,0,0
2026-10-04T14:09:52Z,frontend,adservice,848023,848021,0,0,0,2554927,847576
2026-10-04T14:09:52Z,frontend,cartservice,1888557,1888541,0,0,4,10455540,1887167
2026-10-04T14:09:52Z,frontend,checkoutservice,399767,189790,0,40061,169946,62687407,189607
2026-10-04T14:09:52Z,frontend,currencyservice,3001616,3001609,0,0,0,15821529,2999494
2026-10-04T14:09:52Z,frontend,emailservice,0,0,0,0,0,0,0
2026-10-04T14:09:52Z,frontend,frontend,0,0,0,0,0,0,0
2026-10-04T14:09:52Z,frontend,kubernetes,0,0,0,0,0,0,0
2026-10-04T14:09:52Z,frontend,paymentservice,0,0,0,0,0,0,0
2026-10-04T14:09:52Z,frontend,productcatalogservice,8415992,8415914,0,0,0,57466220,8410953
2026-10-04T14:09:52Z,frontend,recommendationservice,2744268,1667786,0,113096,960847,830678996,1666567
2026-10-04T14:09:52Z,frontend,redis-cart,0,0,0,0,0,0,0
2026-10-04T14:09:52Z,frontend,shippingservice,310901,310899,0,0,0,941730,310766
2026-10-04T14:09:52Z,paymentservice,adservice,0,0,0,0,0,0,0
2026-10-04T14:09:52Z,paymentservice,cartservice,0,0,0,0,0,0,0
2026-10-04T14:09:52Z,paymentservice,checkoutservice,0,0,0,0,0,0,0
2026-10-04T14:09:52Z,paymentservice,currencyservice,0,0,0,0,0,0,0
2026-10-04T14:09:52Z,paymentservice,emailservice,0,0,0,0,0,0,0
2026-10-04T14:09:52Z,paymentservice,frontend,0,0,0,0,0,0,0
2026-10-04T14:09:52Z,paymentservice,kubernetes,0,0,0,0,0,0,0
2026-10-04T14:09:52Z,paymentservice,paymentservice,0,0,0,0,0,0,0
2026-10-04T14:09:52Z,paymentservice,productcatalogservice,0,0,0,0,0,0,0
2026-10-04T14:09:52Z,paymentservice,recommendationservice,0,0,0,0,0,0,0
2026-10-04T14:09:52Z,paymentservice,redis-cart,0,0,0,0,0,0,0
2026-10-04T14:09:52Z,paymentservice,shippingservice,0,0,0,0,0,0,0
2026-10-04T14:09:52Z,productcatalogservice,adservice,0,0,0,0,0,0,0
2026-10-04T14:09:52Z,productcatalogservice,cartservice,0,0,0,0,0,0,0
2026-10-04T14:09:52Z,productcatalogservice,checkoutservice,0,0,0,0,0,0,0
2026-10-04T14:09:52Z,productcatalogservice,currencyservice,0,0,0,0,0,0,0
2026-10-04T14:09:52Z,productcatalogservice,emailservice,0,0,0,0,0,0,0
2026-10-04T14:09:52Z,productcatalogservice,frontend,0,0,0,0,0,0,0
2026-10-04T14:09:52Z,productcatalogservice,kubernetes,0,0,0,0,0,0,0
2026-10-04T14:09:52Z,productcatalogservice,paymentservice,0,0,0,0,0,0,0
2026-10-04T14:09:52Z,productcatalogservice,productcatalogservice,0,0,0,0,0,0,0
2026-10-04T14:09:52Z,productcatalogservice,recommendationservice,0,0,0,0,0,0,0
2026-10-04T14:09:52Z,productcatalogservice,redis-cart,0,0,0,0,0,0,0
2026-10-04T14:09:52Z,productcatalogservice,shippingservice,0,0,0,0,0,0,0
2026-10-04T14:09:52Z,recommendationservice,adservice,0,0,0,0,0,0,0
2026-10-04T14:09:52Z,recommendationservice,cartservice,0,0,0,0,0,0,0
2026-10-04T14:09:52Z,recommendationservice,checkoutservice,0,0,0,0,0,0,0
2026-10-04T14:09:52Z,recommendationservice,currencyservice,0,0,0,0,0,0,0
2026-10-04T14:09:52Z,recommendationservice,emailservice,0,0,0,0,0,0,0
2026-10-04T14:09:52Z,recommendationservice,frontend,0,0,0,0,0,0,0
2026-10-04T14:09:52Z,recommendationservice,kubernetes,0,0,0,0,0,0,0
2026-10-04T14:09:52Z,recommendationservice,paymentservice,0,0,0,0,0,0,0
2026-10-04T14:09:52Z,recommendationservice,productcatalogservice,158314,158314,0,0,0,1092025,157437
2026-10-04T14:09:52Z,recommendationservice,recommendationservice,0,0,0,0,0,0,0
2026-10-04T14:09:52Z,recommendationservice,redis-cart,0,0,0,0,0,0,0
2026-10-04T14:09:52Z,recommendationservice,shippingservice,0,0,0,0,0,0,0
2026-10-04T14:09:52Z,redis-cart,adservice,0,0,0,0,0,0,0
2026-10-04T14:09:52Z,redis-cart,cartservice,0,0,0,0,0,0,0
2026-10-04T14:09:52Z,redis-cart,checkoutservice,0,0,0,0,0,0,0
2026-10-04T14:09:52Z,redis-cart,currencyservice,0,0,0,0,0,0,0
2026-10-04T14:09:52Z,redis-cart,emailservice,0,0,0,0,0,0,0
2026-10-04T14:09:52Z,redis-cart,frontend,0,0,0,0,0,0,0
2026-10-04T14:09:52Z,redis-cart,kubernetes,0,0,0,0,0,0,0
2026-10-04T14:09:52Z,redis-cart,paymentservice,0,0,0,0,0,0,0
2026-10-04T14:09:52Z,redis-cart,productcatalogservice,0,0,0,0,0,0,0
2026-10-04T14:09:52Z,redis-cart,recommendationservice,0,0,0,0,0,0,0
2026-10-04T14:09:52Z,redis-cart,redis-cart,0,0,0,0,0,0,0
2026-10-04T14:09:52Z,redis-cart,shippingservice,0,0,0,0,0,0,0
2026-10-04T14:09:52Z,shippingservice,adservice,0,0,0,0,0,0,0
2026-10-04T14:09:52Z,shippingservice,cartservice,0,0,0,0,0,0,0
2026-10-04T14:09:52Z,shippingservice,checkoutservice,0,0,0,0,0,0,0
2026-10-04T14:09:52Z,shippingservice,currencyservice,0,0,0,0,0,0,0
2026-10-04T14:09:52Z,shippingservice,emailservice,0,0,0,0,0,0,0
2026-10-04T14:09:52Z,shippingservice,frontend,0,0,0,0,0,0,0
2026-10-04T14:09:52Z,shippingservice,kubernetes,0,0,0,0,0,0,0
2026-10-04T14:09:52Z,shippingservice,paymentservice,0,0,0,0,0,0,0
2026-10-04T14:09:52Z,shippingservice,productcatalogservice,0,0,0,0,0,0,0
2026-10-04T14:09:52Z,shippingservice,recommendationservice,0,0,0,0,0,0,0
2026-10-04T14:09:52Z,shippingservice,redis-cart,0,0,0,0,0,0,0
2026-10-04T14:09:52Z,shippingservice,shippingservice,0,0,0,0,0,0,0
2026-10-04T14:09:53Z,adservice,adservice,0,0,0,0,0,0,0
2026-10-04T14:09:53Z,adservice,cartservice,0,0,0,0,0,0,0
2026-10-04T14:09:53Z,adservice,checkoutservice,0,0,0,0,0,0,0
2026-10-04T14:09:53Z,adservice,currencyservice,0,0,0,0,0,0,0
2026-10-04T14:09:53Z,adservice,emailservice,0,0,0,0,0,0,0
2026-10-04T14:09:53Z,adservice,frontend,0,0,0,0,0,0,0
2026-10-04T14:09:53Z,adservice,kubernetes,0,0,0,0,0,0,0
2026-10-04T14:09:53Z,adservice,paymentservice,0,0,0,0,0,0,0
2026-10-04T14:09:53Z,adservice,productcatalogservice,0,0,0,0,0,0,0
2026-10-04T14:09:53Z,adservice,recommendationservice,0,0,0,0,0,0,0
2026-10-04T14:09:53Z,adservice,redis-cart,0,0,0,0,0,0,0
2026-10-04T14:09:53Z,adservice,shippingservice,0,0,0,0,0,0,0
2026-10-04T14:09:53Z,cartservice,adservice,0,0,0,0,0,0,0
2026-10-04T14:09:53Z,cartservice,cartservice,0,0,0,0,0,0,0
2026-10-04T14:09:53Z,cartservice,checkoutservice,0,0,0,0,0,0,0
2026-10-04T14:09:53Z,cartservice,currencyservice,0,0,0,0,0,0,0
2026-10-04T14:09:53Z,cartservice,emailservice,0,0,0,0,0,0,0
2026-10-04T14:09:53Z,cartservice,frontend,0,0,0,0,0,0,0
2026-10-04T14:09:53Z,cartservice,kubernetes,0,0,0,0,0,0,0
2026-10-04T14:09:53Z,cartservice,paymentservice,0,0,0,0,0,0,0
2026-10-04T14:09:53Z,cartservice,productcatalogservice,0,0,0,0,0,0,0
2026-10-04T14:09:53Z,cartservice,recommendationservice,0,0,0,0,0,0,0
2026-10-04T14:09:53Z,cartservice,redis-cart,2,0,0,0,0,0,0
2026-10-04T14:09:53Z,cartservice,shippingservice,0,0,0,0,0,0,0
2026-10-04T14:09:53Z,checkoutservice,adservice,0,0,0,0,0,0,0
2026-10-04T14:09:53Z,checkoutservice,cartservice,58862,57929,0,100,0,691337,57775
2026-10-04T14:09:53Z,checkoutservice,checkoutservice,0,0,0,0,0,0,0
2026-10-04T14:09:53Z,checkoutservice,currencyservice,40830,40830,0,0,0,563190,40751
2026-10-04T14:09:53Z,checkoutservice,emailservice,12063,11775,0,66,0,405707,11701
2026-10-04T14:09:53Z,checkoutservice,frontend,0,0,0,0,0,0,0
2026-10-04T14:09:53Z,checkoutservice,kubernetes,0,0,0,0,0,0,0
2026-10-04T14:09:53Z,checkoutservice,paymentservice,34095,32247,0,192,0,433330,32021
2026-10-04T14:09:53Z,checkoutservice,productcatalogservice,0,0,0,0,0,0,0
2026-10-04T14:09:53Z,checkoutservice,recommendationservice,0,0,0,0,0,0,0
2026-10-04T14:09:53Z,checkoutservice,redis-cart,0,0,0,0,0,0,0
2026-10-04T14:09:53Z,checkoutservice,shippingservice,64173,62070,0,154,0,508318,61913
2026-10-04T14:09:53Z,currencyservice,adservice,0,0,0,0,0,0,0
2026-10-04T14:09:53Z,currencyservice,cartservice,0,0,0,0,0,0,0
2026-10-04T14:09:53Z,currencyservice,checkoutservice,0,0,0,0,0,0,0
2026-10-04T14:09:53Z,currencyservice,currencyservice,0,0,0,0,0,0,0
2026-10-04T14:09:53Z,currencyservice,emailservice,0,0,0,0,0,0,0
2026-10-04T14:09:53Z,currencyservice,frontend,0,0,0,0,0,0,0
2026-10-04T14:09:53Z,currencyservice,kubernetes,0,0,0,0,0,0,0
2026-10-04T14:09:53Z,currencyservice,paymentservice,0,0,0,0,0,0,0
2026-10-04T14:09:53Z,currencyservice,productcatalogservice,0,0,0,0,0,0,0
2026-10-04T14:09:53Z,currencyservice,recommendationservice,0,0,0,0,0,0,0
2026-10-04T14:09:53Z,currencyservice,redis-cart,0,0,0,0,0,0,0
2026-10-04T14:09:53Z,currencyservice,shippingservice,0,0,0,0,0,0,0
2026-10-04T14:09:53Z,emailservice,adservice,0,0,0,0,0,0,0
2026-10-04T14:09:53Z,emailservice,cartservice,0,0,0,0,0,0,0
2026-10-04T14:09:53Z,emailservice,checkoutservice,0,0,0,0,0,0,0
2026-10-04T14:09:53Z,emailservice,currencyservice,0,0,0,0,0,0,0
2026-10-04T14:09:53Z,emailservice,emailservice,0,0,0,0,0,0,0
2026-10-04T14:09:53Z,emailservice,frontend,0,0,0,0,0,0,0
2026-10-04T14:09:53Z,emailservice,kubernetes,0,0,0,0,0,0,0
2026-10-04T14:09:53Z,emailservice,paymentservice,0,0,0,0,0,0,0
2026-10-04T14:09:53Z,emailservice,productcatalogservice,0,0,0,0,0,0,0
2026-10-04T14:09:53Z,emailservice,recommendationservice,0,0,0,0,0,0,0
2026-10-04T14:09:53Z,emailservice,redis-cart,0,0,0,0,0,0,0
2026-10-04T14:09:53Z,emailservice,shippingservice,0,0,0,0,0,0,0
2026-10-04T14:09:53Z,frontend,adservice,848163,848161,0,0,0,2555404,847747
2026-10-04T14:09:53Z,frontend,cartservice,1888970,1888955,0,0,4,10457823,1887658
2026-10-04T14:09:53Z,frontend,checkoutservice,399820,189851,0,40061,169946,62693975,189674
2026-10-04T14:09:53Z,frontend,currencyservice,3002279,3002266,0,0,0,15824929,3000281
2026-10-04T14:09:53Z,frontend,emailservice,0,0,0,0,0,0,0
2026-10-04T14:09:53Z,frontend,frontend,0,0,0,0,0,0,0
2026-10-04T14:09:53Z,frontend,kubernetes,0,0,0,0,0,0,0
2026-10-04T14:09:53Z,frontend,paymentservice,0,0,0,0,0,0,0
2026-10-04T14:09:53Z,frontend,productcatalogservice,8417532,8417461,0,0,0,57479397,8412784
2026-10-04T14:09:53Z,frontend,recommendationservice,2745060,1668104,0,113166,961243,831075856,1667049
2026-10-04T14:09:53Z,frontend,redis-cart,0,0,0,0,0,0,0
2026-10-04T14:09:53Z,frontend,shippingservice,310956,310954,0,0,0,941858,310815
2026-10-04T14:09:53Z,paymentservice,adservice,0,0,0,0,0,0,0
2026-10-04T14:09:53Z,paymentservice,cartservice,0,0,0,0,0,0,0
2026-10-04T14:09:53Z,paymentservice,checkoutservice,0,0,0,0,0,0,0
2026-10-04T14:09:53Z,paymentservice,currencyservice,0,0,0,0,0,0,0
2026-10-04T14:09:53Z,paymentservice,emailservice,0,0,0,0,0,0,0
2026-10-04T14:09:53Z,paymentservice,frontend,0,0,0,0,0,0,0
2026-10-04T14:09:53Z,paymentservice,kubernetes,0,0,0,0,0,0,0
2026-10-04T14:09:53Z,paymentservice,paymentservice,0,0,0,0,0,0,0
2026-10-04T14:09:53Z,paymentservice,productcatalogservice,0,0,0,0,0,0,0
2026-10-04T14:09:53Z,paymentservice,recommendationservice,0,0,0,0,0,0,0
2026-10-04T14:09:53Z,paymentservice,redis-cart,0,0,0,0,0,0,0
2026-10-04T14:09:53Z,paymentservice,shippingservice,0,0,0,0,0,0,0
2026-10-04T14:09:53Z,productcatalogservice,adservice,0,0,0,0,0,0,0
2026-10-04T14:09:53Z,productcatalogservice,cartservice,0,0,0,0,0,0,0
2026-10-04T14:09:53Z,productcatalogservice,checkoutservice,0,0,0,0,0,0,0
2026-10-04T14:09:53Z,productcatalogservice,currencyservice,0,0,0,0,0,0,0
2026-10-04T14:09:53Z,productcatalogservice,emailservice,0,0,0,0,0,0,0
2026-10-04T14:09:53Z,productcatalogservice,frontend,0,0,0,0,0,0,0
2026-10-04T14:09:53Z,productcatalogservice,kubernetes,0,0,0,0,0,0,0
2026-10-04T14:09:53Z,productcatalogservice,paymentservice,0,0,0,0,0,0,0
2026-10-04T14:09:53Z,productcatalogservice,productcatalogservice,0,0,0,0,0,0,0
2026-10-04T14:09:53Z,productcatalogservice,recommendationservice,0,0,0,0,0,0,0
2026-10-04T14:09:53Z,productcatalogservice,redis-cart,0,0,0,0,0,0,0
2026-10-04T14:09:53Z,productcatalogservice,shippingservice,0,0,0,0,0,0,0
2026-10-04T14:09:53Z,recommendationservice,adservice,0,0,0,0,0,0,0
2026-10-04T14:09:53Z,recommendationservice,cartservice,0,0,0,0,0,0,0
2026-10-04T14:09:53Z,recommendationservice,checkoutservice,0,0,0,0,0,0,0
2026-10-04T14:09:53Z,recommendationservice,currencyservice,0,0,0,0,0,0,0
2026-10-04T14:09:53Z,recommendationservice,emailservice,0,0,0,0,0,0,0
2026-10-04T14:09:53Z,recommendationservice,frontend,0,0,0,0,0,0,0
2026-10-04T14:09:53Z,recommendationservice,kubernetes,0,0,0,0,0,0,0
2026-10-04T14:09:53Z,recommendationservice,paymentservice,0,0,0,0,0,0,0
2026-10-04T14:09:53Z,recommendationservice,productcatalogservice,158721,158721,0,0,0,1092025,157437
2026-10-04T14:09:53Z,recommendationservice,recommendationservice,0,0,0,0,0,0,0
2026-10-04T14:09:53Z,recommendationservice,redis-cart,0,0,0,0,0,0,0
2026-10-04T14:09:53Z,recommendationservice,shippingservice,0,0,0,0,0,0,0
2026-10-04T14:09:53Z,redis-cart,adservice,0,0,0,0,0,0,0
2026-10-04T14:09:53Z,redis-cart,cartservice,0,0,0,0,0,0,0
2026-10-04T14:09:53Z,redis-cart,checkoutservice,0,0,0,0,0,0,0
2026-10-04T14:09:53Z,redis-cart,currencyservice,0,0,0,0,0,0,0
2026-10-04T14:09:53Z,redis-cart,emailservice,0,0,0,0,0,0,0
2026-10-04T14:09:53Z,redis-cart,frontend,0,0,0,0,0,0,0
2026-10-04T14:09:53Z,redis-cart,kubernetes,0,0,0,0,0,0,0
2026-10-04T14:09:53Z,redis-cart,paymentservice,0,0,0,0,0,0,0
2026-10-04T14:09:53Z,redis-cart,productcatalogservice,0,0,0,0,0,0,0
2026-10-04T14:09:53Z,redis-cart,recommendationservice,0,0,0,0,0,0,0
2026-10-04T14:09:53Z,redis-cart,redis-cart,0,0,0,0,0,0,0
2026-10-04T14:09:53Z,redis-cart,shippingservice,0,0,0,0,0,0,0
2026-10-04T14:09:53Z,shippingservice,adservice,0,0,0,0,0,0,0
2026-10-04T14:09:53Z,shippingservice,cartservice,0,0,0,0,0,0,0
2026-10-04T14:09:53Z,shippingservice,checkoutservice,0,0,0,0,0,0,0
2026-10-04T14:09:53Z,shippingservice,currencyservice,0,0,0,0,0,0,0
2026-10-04T14:09:53Z,shippingservice,emailservice,0,0,0,0,0,0,0
2026-10-04T14:09:53Z,shippingservice,frontend,0,0,0,0,0,0,0
2026-10-04T14:09:53Z,shippingservice,kubernetes,0,0,0,0,0,0,0
2026-10-04T14:09:53Z,shippingservice,paymentservice,0,0,0,0,0,0,0
2026-10-04T14:09:53Z,shippingservice,productcatalogservice,0,0,0,0,0,0,0
2026-10-04T14:09:53Z,shippingservice,recommendationservice,0,0,0,0,0,0,0
2026-10-04T14:09:53Z,shippingservice,redis-cart,0,0,0,0,0,0,0
2026-10-04T14:09:53Z,shippingservice,shippingservice,0,0,0,0,0,0,0
2026-10-04T14:09:54Z,adservice,adservice,0,0,0,0,0,0,0
2026-10-04T14:09:54Z,adservice,cartservice,0,0,0,0,0,0,0
2026-10-04T14:09:54Z,adservice,checkoutservice,0,0,0,0,0,0,0
2026-10-04T14:09:54Z,adservice,currencyservice,0,0,0,0,0,0,0
2026-10-04T14:09:54Z,adservice,emailservice,0,0,0,0,0,0,0
2026-10-04T14:09:54Z,adservice,frontend,0,0,0,0,0,0,0
2026-10-04T14:09:54Z,adservice,kubernetes,0,0,0,0,0,0,0
2026-10-04T14:09:54Z,adservice,paymentservice,0,0,0,0,0,0,0
2026-10-04T14:09:54Z,adservice,productcatalogservice,0,0,0,0,0,0,0
2026-10-04T14:09:54Z,adservice,recommendationservice,0,0,0,0,0,0,0
2026-10-04T14:09:54Z,adservice,redis-cart,0,0,0,0,0,0,0
2026-10-04T14:09:54Z,adservice,shippingservice,0,0,0,0,0,0,0
2026-10-04T14:09:54Z,cartservice,adservice,0,0,0,0,0,0,0
2026-10-04T14:09:54Z,cartservice,cartservice,0,0,0,0,0,0,0
2026-10-04T14:09:54Z,cartservice,checkoutservice,0,0,0,0,0,0,0
2026-10-04T14:09:54Z,cartservice,currencyservice,0,0,0,0,0,0,0
2026-10-04T14:09:54Z,cartservice,emailservice,0,0,0,0,0,0,0
2026-10-04T14:09:54Z,cartservice,frontend,0,0,0,0,0,0,0
2026-10-04T14:09:54Z,cartservice,kubernetes,0,0,0,0,0,0,0
2026-10-04T14:09:54Z,cartservice,paymentservice,0,0,0,0,0,0,0
2026-10-04T14:09:54Z,cartservice,productcatalogservice,0,0,0,0,0,0,0
2026-10-04T14:09:54Z,cartservice,recommendationservice,0,0,0,0,0,0,0
2026-10-04T14:09:54Z,cartservice,redis-cart,2,0,0,0,0,0,0
2026-10-04T14:09:54Z,cartservice,shippingservice,0,0,0,0,0,0,0
2026-10-04T14:09:54Z,checkoutservice,adservice,0,0,0,0,0,0,0
2026-10-04T14:09:54Z,checkoutservice,cartservice,58945,58014,0,100,0,691337,57775
2026-10-04T14:09:54Z,checkoutservice,checkoutservice,0,0,0,0,0,0,0
2026-10-04T14:09:54Z,checkoutservice,currencyservice,40869,40869,0,0,0,563190,40751
2026-10-04T14:09:54Z,checkoutservice,emailservice,12107,11819,0,66,0,405707,11701
2026-10-04T14:09:54Z,checkoutservice,frontend,0,0,0,0,0,0,0
2026-10-04T14:09:54Z,checkoutservice,kubernetes,0,0,0,0,0,0,0
2026-10-04T14:09:54Z,checkoutservice,paymentservice,34135,32287,0,192,0,433330,32021
2026-10-04T14:09:54Z,checkoutservice,productcatalogservice,0,0,0,0,0,0,0
2026-10-04T14:09:54Z,checkoutservice,recommendationservice,0,0,0,0,0,0,0
2026-10-04T14:09:54Z,checkoutservice,redis-cart,0,0,0,0,0,0,0
2026-10-04T14:09:54Z,checkoutservice,shippingservice,64256,62153,0,154,0,508318,61913
2026-10-04T14:09:54Z,currencyservice,adservice,0,0,0,0,0,0,0
2026-10-04T14:09:54Z,currencyservice,cartservice,0,0,0,0,0,0,0
2026-10-04T14:09:54Z,currencyservice,checkoutservice,0,0,0,0,0,0,0
2026-10-04T14:09:54Z,currencyservice,currencyservice,0,0,0,0,0,0,0
2026-10-04T14:09:54Z,currencyservice,emailservice,0,0,0,0,0,0,0
2026-10-04T14:09:54Z,currencyservice,frontend,0,0,0,0,0,0,0
2026-10-04T14:09:54Z,currencyservice,kubernetes,0,0,0,0,0,0,0
2026-10-04T14:09:54Z,currencyservice,paymentservice,0,0,0,0,0,0,0
2026-10-04T14:09:54Z,currencyservice,productcatalogservice,0,0,0,0,0,0,0
2026-10-04T14:09:54Z,currencyservice,recommendationservice,0,0,0,0,0,0,0
2026-10-04T14:09:54Z,currencyservice,redis-cart,0,0,0,0,0,0,0
2026-10-04T14:09:54Z,currencyservice,shippingservice,0,0,0,0,0,0,0
2026-10-04T14:09:54Z,emailservice,adservice,0,0,0,0,0,0,0
2026-10-04T14:09:54Z,emailservice,cartservice,0,0,0,0,0,0,0
2026-10-04T14:09:54Z,emailservice,checkoutservice,0,0,0,0,0,0,0
2026-10-04T14:09:54Z,emailservice,currencyservice,0,0,0,0,0,0,0
2026-10-04T14:09:54Z,emailservice,emailservice,0,0,0,0,0,0,0
2026-10-04T14:09:54Z,emailservice,frontend,0,0,0,0,0,0,0
2026-10-04T14:09:54Z,emailservice,kubernetes,0,0,0,0,0,0,0
2026-10-04T14:09:54Z,emailservice,paymentservice,0,0,0,0,0,0,0
2026-10-04T14:09:54Z,emailservice,productcatalogservice,0,0,0,0,0,0,0
2026-10-04T14:09:54Z,emailservice,recommendationservice,0,0,0,0,0,0,0
2026-10-04T14:09:54Z,emailservice,redis-cart,0,0,0,0,0,0,0
2026-10-04T14:09:54Z,emailservice,shippingservice,0,0,0,0,0,0,0
2026-10-04T14:09:54Z,frontend,adservice,848295,848292,0,0,0,2556346,848073
2026-10-04T14:09:54Z,frontend,cartservice,1889352,1889333,0,0,4,10462305,1888650
2026-10-04T14:09:54Z,frontend,checkoutservice,399865,189899,0,40061,169946,62706651,189812
2026-10-04T14:09:54Z,frontend,currencyservice,3002870,3002863,0,0,0,15830554,3001790
2026-10-04T14:09:54Z,frontend,emailservice,0,0,0,0,0,0,0
2026-10-04T14:09:54Z,frontend,frontend,0,0,0,0,0,0,0
2026-10-04T14:09:54Z,frontend,kubernetes,0,0,0,0,0,0,0
2026-10-04T14:09:54Z,frontend,paymentservice,0,0,0,0,0,0,0
2026-10-04T14:09:54Z,frontend,productcatalogservice,8418958,8418886,0,0,0,57497742,8416408
2026-10-04T14:09:54Z,frontend,recommendationservice,2745782,1668447,0,113219,961581,831763361,1667859
2026-10-04T14:09:54Z,frontend,redis-cart,0,0,0,0,0,0,0
2026-10-04T14:09:54Z,frontend,shippingservice,311005,311003,0,0,0,942077,310920
2026-10-04T14:09:54Z,paymentservice,adservice,0,0,0,0,0,0,0
2026-10-04T14:09:54Z,paymentservice,cartservice,0,0,0,0,0,0,0
2026-10-04T14:09:54Z,paymentservice,checkoutservice,0,0,0,0,0,0,0
2026-10-04T14:09:54Z,paymentservice,currencyservice,0,0,0,0,0,0,0
2026-10-04T14:09:54Z,paymentservice,emailservice,0,0,0,0,0,0,0
2026-10-04T14:09:54Z,paymentservice,frontend,0,0,0,0,0,0,0
2026-10-04T14:09:54Z,paymentservice,kubernetes,0,0,0,0,0,0,0
2026-10-04T14:09:54Z,paymentservice,paymentservice,0,0,0,0,0,0,0
2026-10-04T14:09:54Z,paymentservice,productcatalogservice,0,0,0,0,0,0,0
2026-10-04T14:09:54Z,paymentservice,recommendationservice,0,0,0,0,0,0,0
2026-10-04T14:09:54Z,paymentservice,redis-cart,0,0,0,0,0,0,0
2026-10-04T14:09:54Z,paymentservice,shippingservice,0,0,0,0,0,0,0
2026-10-04T14:09:54Z,productcatalogservice,adservice,0,0,0,0,0,0,0
2026-10-04T14:09:54Z,productcatalogservice,cartservice,0,0,0,0,0,0,0
2026-10-04T14:09:54Z,productcatalogservice,checkoutservice,0,0,0,0,0,0,0
2026-10-04T14:09:54Z,productcatalogservice,currencyservice,0,0,0,0,0,0,0
2026-10-04T14:09:54Z,productcatalogservice,emailservice,0,0,0,0,0,0,0
2026-10-04T14:09:54Z,productcatalogservice,frontend,0,0,0,0,0,0,0
2026-10-04T14:09:54Z,productcatalogservice,kubernetes,0,0,0,0,0,0,0
2026-10-04T14:09:54Z,productcatalogservice,paymentservice,0,0,0,0,0,0,0
2026-10-04T14:09:54Z,productcatalogservice,productcatalogservice,0,0,0,0,0,0,0
2026-10-04T14:09:54Z,productcatalogservice,recommendationservice,0,0,0,0,0,0,0
2026-10-04T14:09:54Z,productcatalogservice,redis-cart,0,0,0,0,0,0,0
2026-10-04T14:09:54Z,productcatalogservice,shippingservice,0,0,0,0,0,0,0
2026-10-04T14:09:54Z,recommendationservice,adservice,0,0,0,0,0,0,0
2026-10-04T14:09:54Z,recommendationservice,cartservice,0,0,0,0,0,0,0
2026-10-04T14:09:54Z,recommendationservice,checkoutservice,0,0,0,0,0,0,0
2026-10-04T14:09:54Z,recommendationservice,currencyservice,0,0,0,0,0,0,0
2026-10-04T14:09:54Z,recommendationservice,emailservice,0,0,0,0,0,0,0
2026-10-04T14:09:54Z,recommendationservice,frontend,0,0,0,0,0,0,0
2026-10-04T14:09:54Z,recommendationservice,kubernetes,0,0,0,0,0,0,0
2026-10-04T14:09:54Z,recommendationservice,paymentservice,0,0,0,0,0,0,0
2026-10-04T14:09:54Z,recommendationservice,productcatalogservice,159139,159138,0,0,0,1092025,157437
2026-10-04T14:09:54Z,recommendationservice,recommendationservice,0,0,0,0,0,0,0
2026-10-04T14:09:54Z,recommendationservice,redis-cart,0,0,0,0,0,0,0
2026-10-04T14:09:54Z,recommendationservice,shippingservice,0,0,0,0,0,0,0
2026-10-04T14:09:54Z,redis-cart,adservice,0,0,0,0,0,0,0
2026-10-04T14:09:54Z,redis-cart,cartservice,0,0,0,0,0,0,0
2026-10-04T14:09:54Z,redis-cart,checkoutservice,0,0,0,0,0,0,0
2026-10-04T14:09:54Z,redis-cart,currencyservice,0,0,0,0,0,0,0
2026-10-04T14:09:54Z,redis-cart,emailservice,0,0,0,0,0,0,0
2026-10-04T14:09:54Z,redis-cart,frontend,0,0,0,0,0,0,0
2026-10-04T14:09:54Z,redis-cart,kubernetes,0,0,0,0,0,0,0
2026-10-04T14:09:54Z,redis-cart,paymentservice,0,0,0,0,0,0,0
2026-10-04T14:09:54Z,redis-cart,productcatalogservice,0,0,0,0,0,0,0
2026-10-04T14:09:54Z,redis-cart,recommendationservice,0,0,0,0,0,0,0
2026-10-04T14:09:54Z,redis-cart,redis-cart,0,0,0,0,0,0,0
2026-10-04T14:09:54Z,redis-cart,shippingservice,0,0,0,0,0,0,0
2026-10-04T14:09:54Z,shippingservice,adservice,0,0,0,0,0,0,0
2026-10-04T14:09:54Z,shippingservice,cartservice,0,0,0,0,0,0,0
2026-10-04T14:09:54Z,shippingservice,checkoutservice,0,0,0,0,0,0,0
2026-10-04T14:09:54Z,shippingservice,currencyservice,0,0,0,0,0,0,0
2026-10-04T14:09:54Z,shippingservice,emailservice,0,0,0,0,0,0,0
2026-10-04T14:09:54Z,shippingservice,frontend,0,0,0,0,0,0,0
2026-10-04T14:09:54Z,shippingservice,kubernetes,0,0,0,0,0,0,0
2026-10-04T14:09:54Z,shippingservice,paymentservice,0,0,0,0,0,0,0
2026-10-04T14:09:54Z,shippingservice,productcatalogservice,0,0,0,0,0,0,0
2026-10-04T14:09:54Z,shippingservice,recommendationservice,0,0,0,0,0,0,0
2026-10-04T14:09:54Z,shippingservice,redis-cart,0,0,0,0,0,0,0
2026-10-04T14:09:54Z,shippingservice,shippingservice,0,0,0,0,0,0,0
2026-10-04T14:09:55Z,adservice,adservice,0,0,0,0,0,0,0
2026-10-04T14:09:55Z,adservice,cartservice,0,0,0,0,0,0,0
2026-10-04T14:09:55Z,adservice,checkoutservice,0,0,0,0,0,0,0
2026-10-04T14:09:55Z,adservice,currencyservice,0,0,0,0,0,0,0
2026-10-04T14:09:55Z,adservice,emailservice,0,0,0,0,0,0,0
2026-10-04T14:09:55Z,adservice,frontend,0,0,0,0,0,0,0
2026-10-04T14:09:55Z,adservice,kubernetes,0,0,0,0,0,0,0
2026-10-04T14:09:55Z,adservice,paymentservice,0,0,0,0,0,0,0
2026-10-04T14:09:55Z,adservice,productcatalogservice,0,0,0,0,0,0,0
2026-10-04T14:09:55Z,adservice,recommendationservice,0,0,0,0,0,0,0
2026-10-04T14:09:55Z,adservice,redis-cart,0,0,0,0,0,0,0
2026-10-04T14:09:55Z,adservice,shippingservice,0,0,0,0,0,0,0
2026-10-04T14:09:55Z,cartservice,adservice,0,0,0,0,0,0,0
2026-10-04T14:09:55Z,cartservice,cartservice,0,0,0,0,0,0,0
2026-10-04T14:09:55Z,cartservice,checkoutservice,0,0,0,0,0,0,0
2026-10-04T14:09:55Z,cartservice,currencyservice,0,0,0,0,0,0,0
2026-10-04T14:09:55Z,cartservice,emailservice,0,0,0,0,0,0,0
2026-10-04T14:09:55Z,cartservice,frontend,0,0,0,0,0,0,0
2026-10-04T14:09:55Z,cartservice,kubernetes,0,0,0,0,0,0,0
2026-10-04T14:09:55Z,cartservice,paymentservice,0,0,0,0,0,0,0
2026-10-04T14:09:55Z,cartservice,productcatalogservice,0,0,0,0,0,0,0
2026-10-04T14:09:55Z,cartservice,recommendationservice,0,0,0,0,0,0,0
2026-10-04T14:09:55Z,cartservice,redis-cart,2,0,0,0,0,0,0
2026-10-04T14:09:55Z,cartservice,shippingservice,0,0,0,0,0,0,0
2026-10-04T14:09:55Z,checkoutservice,adservice,0,0,0,0,0,0,0
2026-10-04T14:09:55Z,checkoutservice,cartservice,59065,58134,0,100,0,691337,57775
2026-10-04T14:09:55Z,checkoutservice,checkoutservice,0,0,0,0,0,0,0
2026-10-04T14:09:55Z,checkoutservice,currencyservice,40930,40930,0,0,0,563190,40751
2026-10-04T14:09:55Z,checkoutservice,emailservice,12168,11873,0,66,0,405707,11701
2026-10-04T14:09:55Z,checkoutservice,frontend,0,0,0,0,0,0,0
2026-10-04T14:09:55Z,checkoutservice,kubernetes,0,0,0,0,0,0,0
2026-10-04T14:09:55Z,checkoutservice,paymentservice,34196,32348,0,192,0,433330,32021
2026-10-04T14:09:55Z,checkoutservice,productcatalogservice,0,0,0,0,0,0,0
2026-10-04T14:09:55Z,checkoutservice,recommendationservice,0,0,0,0,0,0,0
2026-10-04T14:09:55Z,checkoutservice,redis-cart,0,0,0,0,0,0,0
2026-10-04T14:09:55Z,checkoutservice,shippingservice,64376,62273,0,154,0,508318,61913
2026-10-04T14:09:55Z,currencyservice,adservice,0,0,0,0,0,0,0
2026-10-04T14:09:55Z,currencyservice,cartservice,0,0,0,0,0,0,0
2026-10-04T14:09:55Z,currencyservice,checkoutservice,0,0,0,0,0,0,0
2026-10-04T14:09:55Z,currencyservice,currencyservice,0,0,0,0,0,0,0
2026-10-04T14:09:55Z,currencyservice,emailservice,0,0,0,0,0,0,0
2026-10-04T14:09:55Z,currencyservice,frontend,0,0,0,0,0,0,0
2026-10-04T14:09:55Z,currencyservice,kubernetes,0,0,0,0,0,0,0
2026-10-04T14:09:55Z,currencyservice,paymentservice,0,0,0,0,0,0,0
2026-10-04T14:09:55Z,currencyservice,productcatalogservice,0,0,0,0,0,0,0
2026-10-04T14:09:55Z,currencyservice,recommendationservice,0,0,0,0,0,0,0
2026-10-04T14:09:55Z,currencyservice,redis-cart,0,0,0,0,0,0,0
2026-10-04T14:09:55Z,currencyservice,shippingservice,0,0,0,0,0,0,0
2026-10-04T14:09:55Z,emailservice,adservice,0,0,0,0,0,0,0
2026-10-04T14:09:55Z,emailservice,cartservice,0,0,0,0,0,0,0
2026-10-04T14:09:55Z,emailservice,checkoutservice,0,0,0,0,0,0,0
2026-10-04T14:09:55Z,emailservice,currencyservice,0,0,0,0,0,0,0
2026-10-04T14:09:55Z,emailservice,emailservice,0,0,0,0,0,0,0
2026-10-04T14:09:55Z,emailservice,frontend,0,0,0,0,0,0,0
2026-10-04T14:09:55Z,emailservice,kubernetes,0,0,0,0,0,0,0
2026-10-04T14:09:55Z,emailservice,paymentservice,0,0,0,0,0,0,0
2026-10-04T14:09:55Z,emailservice,productcatalogservice,0,0,0,0,0,0,0
2026-10-04T14:09:55Z,emailservice,recommendationservice,0,0,0,0,0,0,0
2026-10-04T14:09:55Z,emailservice,redis-cart,0,0,0,0,0,0,0
2026-10-04T14:09:55Z,emailservice,shippingservice,0,0,0,0,0,0,0
2026-10-04T14:09:55Z,frontend,adservice,848453,848451,0,0,0,2556623,848195
2026-10-04T14:09:55Z,frontend,cartservice,1889759,1889747,0,0,4,10464043,1889029
2026-10-04T14:09:55Z,frontend,checkoutservice,399925,189947,0,40061,169946,62712015,189865
2026-10-04T14:09:55Z,frontend,currencyservice,3003525,3003514,0,0,0,15833020,3002390
2026-10-04T14:09:55Z,frontend,emailservice,0,0,0,0,0,0,0
2026-10-04T14:09:55Z,frontend,frontend,0,0,0,0,0,0,0
2026-10-04T14:09:55Z,frontend,kubernetes,0,0,0,0,0,0,0
2026-10-04T14:09:55Z,frontend,paymentservice,0,0,0,0,0,0,0
2026-10-04T14:09:55Z,frontend,productcatalogservice,8420715,8420642,0,0,0,57507572,8417816
2026-10-04T14:09:55Z,frontend,recommendationservice,2746490,1668827,0,113266,961887,832042231,1668175
2026-10-04T14:09:55Z,frontend,redis-cart,0,0,0,0,0,0,0
2026-10-04T14:09:55Z,frontend,shippingservice,311073,311071,0,0,0,942182,310967
2026-10-04T14:09:55Z,paymentservice,adservice,0,0,0,0,0,0,0
2026-10-04T14:09:55Z,paymentservice,cartservice,0,0,0,0,0,0,0
2026-10-04T14:09:55Z,paymentservice,checkoutservice,0,0,0,0,0,0,0
2026-10-04T14:09:55Z,paymentservice,currencyservice,0,0,0,0,0,0,0
2026-10-04T14:09:55Z,paymentservice,emailservice,0,0,0,0,0,0,0
2026-10-04T14:09:55Z,paymentservice,frontend,0,0,0,0,0,0,0
2026-10-04T14:09:55Z,paymentservice,kubernetes,0,0,0,0,0,0,0
2026-10-04T14:09:55Z,paymentservice,paymentservice,0,0,0,0,0,0,0
2026-10-04T14:09:55Z,paymentservice,productcatalogservice,0,0,0,0,0,0,0
2026-10-04T14:09:55Z,paymentservice,recommendationservice,0,0,0,0,0,0,0
2026-10-04T14:09:55Z,paymentservice,redis-cart,0,0,0,0,0,0,0
2026-10-04T14:09:55Z,paymentservice,shippingservice,0,0,0,0,0,0,0
2026-10-04T14:09:55Z,productcatalogservice,adservice,0,0,0,0,0,0,0
2026-10-04T14:09:55Z,productcatalogservice,cartservice,0,0,0,0,0,0,0
2026-10-04T14:09:55Z,productcatalogservice,checkoutservice,0,0,0,0,0,0,0
2026-10-04T14:09:55Z,productcatalogservice,currencyservice,0,0,0,0,0,0,0
2026-10-04T14:09:55Z,productcatalogservice,emailservice,0,0,0,0,0,0,0
2026-10-04T14:09:55Z,productcatalogservice,frontend,0,0,0,0,0,0,0
2026-10-04T14:09:55Z,productcatalogservice,kubernetes,0,0,0,0,0,0,0
2026-10-04T14:09:55Z,productcatalogservice,paymentservice,0,0,0,0,0,0,0
2026-10-04T14:09:55Z,productcatalogservice,productcatalogservice,0,0,0,0,0,0,0
2026-10-04T14:09:55Z,productcatalogservice,recommendationservice,0,0,0,0,0,0,0
2026-10-04T14:09:55Z,productcatalogservice,redis-cart,0,0,0,0,0,0,0
2026-10-04T14:09:55Z,productcatalogservice,shippingservice,0,0,0,0,0,0,0
2026-10-04T14:09:55Z,recommendationservice,adservice,0,0,0,0,0,0,0
2026-10-04T14:09:55Z,recommendationservice,cartservice,0,0,0,0,0,0,0
2026-10-04T14:09:55Z,recommendationservice,checkoutservice,0,0,0,0,0,0,0
2026-10-04T14:09:55Z,recommendationservice,currencyservice,0,0,0,0,0,0,0
2026-10-04T14:09:55Z,recommendationservice,emailservice,0,0,0,0,0,0,0
2026-10-04T14:09:55Z,recommendationservice,frontend,0,0,0,0,0,0,0
2026-10-04T14:09:55Z,recommendationservice,kubernetes,0,0,0,0,0,0,0
2026-10-04T14:09:55Z,recommendationservice,paymentservice,0,0,0,0,0,0,0
2026-10-04T14:09:55Z,recommendationservice,productcatalogservice,159557,159554,0,0,0,1103879,159495
2026-10-04T14:09:55Z,recommendationservice,recommendationservice,0,0,0,0,0,0,0
2026-10-04T14:09:55Z,recommendationservice,redis-cart,0,0,0,0,0,0,0
2026-10-04T14:09:55Z,recommendationservice,shippingservice,0,0,0,0,0,0,0
2026-10-04T14:09:55Z,redis-cart,adservice,0,0,0,0,0,0,0
2026-10-04T14:09:55Z,redis-cart,cartservice,0,0,0,0,0,0,0
2026-10-04T14:09:55Z,redis-cart,checkoutservice,0,0,0,0,0,0,0
2026-10-04T14:09:55Z,redis-cart,currencyservice,0,0,0,0,0,0,0
2026-10-04T14:09:55Z,redis-cart,emailservice,0,0,0,0,0,0,0
2026-10-04T14:09:55Z,redis-cart,frontend,0,0,0,0,0,0,0
2026-10-04T14:09:55Z,redis-cart,kubernetes,0,0,0,0,0,0,0
2026-10-04T14:09:55Z,redis-cart,paymentservice,0,0,0,0,0,0,0
2026-10-04T14:09:55Z,redis-cart,productcatalogservice,0,0,0,0,0,0,0
2026-10-04T14:09:55Z,redis-cart,recommendationservice,0,0,0,0,0,0,0
2026-10-04T14:09:55Z,redis-cart,redis-cart,0,0,0,0,0,0,0
2026-10-04T14:09:55Z,redis-cart,shippingservice,0,0,0,0,0,0,0
2026-10-04T14:09:55Z,shippingservice,adservice,0,0,0,0,0,0,0
2026-10-04T14:09:55Z,shippingservice,cartservice,0,0,0,0,0,0,0
2026-10-04T14:09:55Z,shippingservice,checkoutservice,0,0,0,0,0,0,0
2026-10-04T14:09:55Z,shippingservice,currencyservice,0,0,0,0,0,0,0
2026-10-04T14:09:55Z,shippingservice,emailservice,0,0,0,0,0,0,0
2026-10-04T14:09:55Z,shippingservice,frontend,0,0,0,0,0,0,0
2026-10-04T14:09:55Z,shippingservice,kubernetes,0,0,0,0,0,0,0
2026-10-04T14:09:55Z,shippingservice,paymentservice,0,0,0,0,0,0,0
2026-10-04T14:09:55Z,shippingservice,productcatalogservice,0,0,0,0,0,0,0
2026-10-04T14:09:55Z,shippingservice,recommendationservice,0,0,0,0,0,0,0
2026-10-04T14:09:55Z,shippingservice,redis-cart,0,0,0,0,0,0,0
2026-10-04T14:09:55Z,shippingservice,shippingservice,0,0,0,0,0,0,0
2026-10-04T14:09:56Z,adservice,adservice,0,0,0,0,0,0,0
2026-10-04T14:09:56Z,adservice,cartservice,0,0,0,0,0,0,0
2026-10-04T14:09:56Z,adservice,checkoutservice,0,0,0,0,0,0,0
2026-10-04T14:09:56Z,adservice,currencyservice,0,0,0,0,0,0,0
2026-10-04T14:09:56Z,adservice,emailservice,0,0,0,0,0,0,0
2026-10-04T14:09:56Z,adservice,frontend,0,0,0,0,0,0,0
2026-10-04T14:09:56Z,adservice,kubernetes,0,0,0,0,0,0,0
2026-10-04T14:09:56Z,adservice,paymentservice,0,0,0,0,0,0,0
2026-10-04T14:09:56Z,adservice,productcatalogservice,0,0,0,0,0,0,0
2026-10-04T14:09:56Z,adservice,recommendationservice,0,0,0,0,0,0,0
2026-10-04T14:09:56Z,adservice,redis-cart,0,0,0,0,0,0,0
2026-10-04T14:09:56Z,adservice,shippingservice,0,0,0,0,0,0,0
2026-10-04T14:09:56Z,cartservice,adservice,0,0,0,0,0,0,0
2026-10-04T14:09:56Z,cartservice,cartservice,0,0,0,0,0,0,0
2026-10-04T14:09:56Z,cartservice,checkoutservice,0,0,0,0,0,0,0
2026-10-04T14:09:56Z,cartservice,currencyservice,0,0,0,0,0,0,0
2026-10-04T14:09:56Z,cartservice,emailservice,0,0,0,0,0,0,0
2026-10-04T14:09:56Z,cartservice,frontend,0,0,0,0,0,0,0
2026-10-04T14:09:56Z,cartservice,kubernetes,0,0,0,0,0,0,0
2026-10-04T14:09:56Z,cartservice,paymentservice,0,0,0,0,0,0,0
2026-10-04T14:09:56Z,cartservice,productcatalogservice,0,0,0,0,0,0,0
2026-10-04T14:09:56Z,cartservice,recommendationservice,0,0,0,0,0,0,0
2026-10-04T14:09:56Z,cartservice,redis-cart,2,0,0,0,0,0,0
2026-10-04T14:09:56Z,cartservice,shippingservice,0,0,0,0,0,0,0
2026-10-04T14:09:56Z,checkoutservice,adservice,0,0,0,0,0,0,0
2026-10-04T14:09:56Z,checkoutservice,cartservice,59178,58247,0,100,0,691337,57775
2026-10-04T14:09:56Z,checkoutservice,checkoutservice,0,0,0,0,0,0,0
2026-10-04T14:09:56Z,checkoutservice,currencyservice,40985,40984,0,0,0,563190,40751
2026-10-04T14:09:56Z,checkoutservice,emailservice,12218,11930,0,66,0,405707,11701
2026-10-04T14:09:56Z,checkoutservice,frontend,0,0,0,0,0,0,0
2026-10-04T14:09:56Z,checkoutservice,kubernetes,0,0,0,0,0,0,0
2026-10-04T14:09:56Z,checkoutservice,paymentservice,34249,32400,0,192,0,433330,32021
2026-10-04T14:09:56Z,checkoutservice,productcatalogservice,0,0,0,0,0,0,0
2026-10-04T14:09:56Z,checkoutservice,recommendationservice,0,0,0,0,0,0,0
2026-10-04T14:09:56Z,checkoutservice,redis-cart,0,0,0,0,0,0,0
2026-10-04T14:09:56Z,checkoutservice,shippingservice,64485,62379,0,154,0,508318,61913
2026-10-04T14:09:56Z,currencyservice,adservice,0,0,0,0,0,0,0
2026-10-04T14:09:56Z,currencyservice,cartservice,0,0,0,0,0,0,0
2026-10-04T14:09:56Z,currencyservice,checkoutservice,0,0,0,0,0,0,0
2026-10-04T14:09:56Z,currencyservice,currencyservice,0,0,0,0,0,0,0
2026-10-04T14:09:56Z,currencyservice,emailservice,0,0,0,0,0,0,0
2026-10-04T14:09:56Z,currencyservice,frontend,0,0,0,0,0,0,0
2026-10-04T14:09:56Z,currencyservice,kubernetes,0,0,0,0,0,0,0
2026-10-04T14:09:56Z,currencyservice,paymentservice,0,0,0,0,0,0,0
2026-10-04T14:09:56Z,currencyservice,productcatalogservice,0,0,0,0,0,0,0
2026-10-04T14:09:56Z,currencyservice,recommendationservice,0,0,0,0,0,0,0
2026-10-04T14:09:56Z,currencyservice,redis-cart,0,0,0,0,0,0,0
2026-10-04T14:09:56Z,currencyservice,shippingservice,0,0,0,0,0,0,0
2026-10-04T14:09:56Z,emailservice,adservice,0,0,0,0,0,0,0
2026-10-04T14:09:56Z,emailservice,cartservice,0,0,0,0,0,0,0
2026-10-04T14:09:56Z,emailservice,checkoutservice,0,0,0,0,0,0,0
2026-10-04T14:09:56Z,emailservice,currencyservice,0,0,0,0,0,0,0
2026-10-04T14:09:56Z,emailservice,emailservice,0,0,0,0,0,0,0
2026-10-04T14:09:56Z,emailservice,frontend,0,0,0,0,0,0,0
2026-10-04T14:09:56Z,emailservice,kubernetes,0,0,0,0,0,0,0
2026-10-04T14:09:56Z,emailservice,paymentservice,0,0,0,0,0,0,0
2026-10-04T14:09:56Z,emailservice,productcatalogservice,0,0,0,0,0,0,0
2026-10-04T14:09:56Z,emailservice,recommendationservice,0,0,0,0,0,0,0
2026-10-04T14:09:56Z,emailservice,redis-cart,0,0,0,0,0,0,0
2026-10-04T14:09:56Z,emailservice,shippingservice,0,0,0,0,0,0,0
2026-10-04T14:09:56Z,frontend,adservice,848568,848565,0,0,0,2556623,848195
2026-10-04T14:09:56Z,frontend,cartservice,1890126,1890111,0,0,4,10464043,1889029
2026-10-04T14:09:56Z,frontend,checkoutservice,399979,190007,0,40061,169946,62712015,189865
2026-10-04T14:09:56Z,frontend,currencyservice,3004112,3004105,0,0,0,15833020,3002390
2026-10-04T14:09:56Z,frontend,emailservice,0,0,0,0,0,0,0
2026-10-04T14:09:56Z,frontend,frontend,0,0,0,0,0,0,0
2026-10-04T14:09:56Z,frontend,kubernetes,0,0,0,0,0,0,0
2026-10-04T14:09:56Z,frontend,paymentservice,0,0,0,0,0,0,0
2026-10-04T14:09:56Z,frontend,productcatalogservice,8422017,8421948,0,0,0,57507572,8417816
2026-10-04T14:09:56Z,frontend,recommendationservice,2747215,1669114,0,113319,962240,832042231,1668175
2026-10-04T14:09:56Z,frontend,redis-cart,0,0,0,0,0,0,0
2026-10-04T14:09:56Z,frontend,shippingservice,311110,311108,0,0,0,942182,310967
2026-10-04T14:09:56Z,paymentservice,adservice,0,0,0,0,0,0,0
2026-10-04T14:09:56Z,paymentservice,cartservice,0,0,0,0,0,0,0
2026-10-04T14:09:56Z,paymentservice,checkoutservice,0,0,0,0,0,0,0
2026-10-04T14:09:56Z,paymentservice,currencyservice,0,0,0,0,0,0,0
2026-10-04T14:09:56Z,paymentservice,emailservice,0,0,0,0,0,0,0
2026-10-04T14:09:56Z,paymentservice,frontend,0,0,0,0,0,0,0
2026-10-04T14:09:56Z,paymentservice,kubernetes,0,0,0,0,0,0,0
2026-10-04T14:09:56Z,paymentservice,paymentservice,0,0,0,0,0,0,0
2026-10-04T14:09:56Z,paymentservice,productcatalogservice,0,0,0,0,0,0,0
2026-10-04T14:09:56Z,paymentservice,recommendationservice,0,0,0,0,0,0,0
2026-10-04T14:09:56Z,paymentservice,redis-cart,0,0,0,0,0,0,0
2026-10-04T14:09:56Z,paymentservice,shippingservice,0,0,0,0,0,0,0
2026-10-04T14:09:56Z,productcatalogservice,adservice,0,0,0,0,0,0,0
2026-10-04T14:09:56Z,productcatalogservice,cartservice,0,0,0,0,0,0,0
2026-10-04T14:09:56Z,productcatalogservice,checkoutservice,0,0,0,0,0,0,0
2026-10-04T14:09:56Z,productcatalogservice,currencyservice,0,0,0,0,0,0,0
2026-10-04T14:09:56Z,productcatalogservice,emailservice,0,0,0,0,0,0,0
2026-10-04T14:09:56Z,productcatalogservice,frontend,0,0,0,0,0,0,0
2026-10-04T14:09:56Z,productcatalogservice,kubernetes,0,0,0,0,0,0,0
2026-10-04T14:09:56Z,productcatalogservice,paymentservice,0,0,0,0,0,0,0
2026-10-04T14:09:56Z,productcatalogservice,productcatalogservice,0,0,0,0,0,0,0
2026-10-04T14:09:56Z,productcatalogservice,recommendationservice,0,0,0,0,0,0,0
2026-10-04T14:09:56Z,productcatalogservice,redis-cart,0,0,0,0,0,0,0
2026-10-04T14:09:56Z,productcatalogservice,shippingservice,0,0,0,0,0,0,0
2026-10-04T14:09:56Z,recommendationservice,adservice,0,0,0,0,0,0,0
2026-10-04T14:09:56Z,recommendationservice,cartservice,0,0,0,0,0,0,0
2026-10-04T14:09:56Z,recommendationservice,checkoutservice,0,0,0,0,0,0,0
2026-10-04T14:09:56Z,recommendationservice,currencyservice,0,0,0,0,0,0,0
2026-10-04T14:09:56Z,recommendationservice,emailservice,0,0,0,0,0,0,0
2026-10-04T14:09:56Z,recommendationservice,frontend,0,0,0,0,0,0,0
2026-10-04T14:09:56Z,recommendationservice,kubernetes,0,0,0,0,0,0,0
2026-10-04T14:09:56Z,recommendationservice,paymentservice,0,0,0,0,0,0,0
2026-10-04T14:09:56Z,recommendationservice,productcatalogservice,159957,159957,0,0,0,1103879,159495
2026-10-04T14:09:56Z,recommendationservice,recommendationservice,0,0,0,0,0,0,0
2026-10-04T14:09:56Z,recommendationservice,redis-cart,0,0,0,0,0,0,0
2026-10-04T14:09:56Z,recommendationservice,shippingservice,0,0,0,0,0,0,0
2026-10-04T14:09:56Z,redis-cart,adservice,0,0,0,0,0,0,0
2026-10-04T14:09:56Z,redis-cart,cartservice,0,0,0,0,0,0,0
2026-10-04T14:09:56Z,redis-cart,checkoutservice,0,0,0,0,0,0,0
2026-10-04T14:09:56Z,redis-cart,currencyservice,0,0,0,0,0,0,0
2026-10-04T14:09:56Z,redis-cart,emailservice,0,0,0,0,0,0,0
2026-10-04T14:09:56Z,redis-cart,frontend,0,0,0,0,0,0,0
2026-10-04T14:09:56Z,redis-cart,kubernetes,0,0,0,0,0,0,0
2026-10-04T14:09:56Z,redis-cart,paymentservice,0,0,0,0,0,0,0
2026-10-04T14:09:56Z,redis-cart,productcatalogservice,0,0,0,0,0,0,0
2026-10-04T14:09:56Z,redis-cart,recommendationservice,0,0,0,0,0,0,0
2026-10-04T14:09:56Z,redis-cart,redis-cart,0,0,0,0,0,0,0
2026-10-04T14:09:56Z,redis-cart,shippingservice,0,0,0,0,0,0,0
2026-10-04T14:09:56Z,shippingservice,adservice,0,0,0,0,0,0,0
2026-10-04T14:09:56Z,shippingservice,cartservice,0,0,0,0,0,0,0
2026-10-04T14:09:56Z,shippingservice,checkoutservice,0,0,0,0,0,0,0
2026-10-04T14:09:56Z,shippingservice,currencyservice,0,0,0,0,0,0,0
2026-10-04T14:09:56Z,shippingservice,emailservice,0,0,0,0,0,0,0
2026-10-04T14:09:56Z,shippingservice,frontend,0,0,0,0,0,0,0
2026-10-04T14:09:56Z,shippingservice,kubernetes,0,0,0,0,0,0,0
2026-10-04T14:09:56Z,shippingservice,paymentservice,0,0,0,0,0,0,0
2026-10-04T14:09:56Z,shippingservice,productcatalogservice,0,0,0,0,0,0,0
2026-10-04T14:09:56Z,shippingservice,recommendationservice,0,0,0,0,0,0,0
2026-10-04T14:09:56Z,shippingservice,redis-cart,0,0,0,0,0,0,0
2026-10-04T14:09:56Z,shippingservice,shippingservice,0,0,0,0,0,0,0
2026-10-04T14:09:57Z,adservice,adservice,0,0,0,0,0,0,0
2026-10-04T14:09:57Z,adservice,cartservice,0,0,0,0,0,0,0
2026-10-04T14:09:57Z,adservice,checkoutservice,0,0,0,0,0,0,0
2026-10-04T14:09:57Z,adservice,currencyservice,0,0,0,0,0,0,0
2026-10-04T14:09:57Z,adservice,emailservice,0,0,0,0,0,0,0
2026-10-04T14:09:57Z,adservice,frontend,0,0,0,0,0,0,0
2026-10-04T14:09:57Z,adservice,kubernetes,0,0,0,0,0,0,0
2026-10-04T14:09:57Z,adservice,paymentservice,0,0,0,0,0,0,0
2026-10-04T14:09:57Z,adservice,productcatalogservice,0,0,0,0,0,0,0
2026-10-04T14:09:57Z,adservice,recommendationservice,0,0,0,0,0,0,0
2026-10-04T14:09:57Z,adservice,redis-cart,0,0,0,0,0,0,0
2026-10-04T14:09:57Z,adservice,shippingservice,0,0,0,0,0,0,0
2026-10-04T14:09:57Z,cartservice,adservice,0,0,0,0,0,0,0
2026-10-04T14:09:57Z,cartservice,cartservice,0,0,0,0,0,0,0
2026-10-04T14:09:57Z,cartservice,checkoutservice,0,0,0,0,0,0,0
2026-10-04T14:09:57Z,cartservice,currencyservice,0,0,0,0,0,0,0
2026-10-04T14:09:57Z,cartservice,emailservice,0,0,0,0,0,0,0
2026-10-04T14:09:57Z,cartservice,frontend,0,0,0,0,0,0,0
2026-10-04T14:09:57Z,cartservice,kubernetes,0,0,0,0,0,0,0
2026-10-04T14:09:57Z,cartservice,paymentservice,0,0,0,0,0,0,0
2026-10-04T14:09:57Z,cartservice,productcatalogservice,0,0,0,0,0,0,0
2026-10-04T14:09:57Z,cartservice,recommendationservice,0,0,0,0,0,0,0
2026-10-04T14:09:57Z,cartservice,redis-cart,2,0,0,0,0,0,0
2026-10-04T14:09:57Z,cartservice,shippingservice,0,0,0,0,0,0,0
2026-10-04T14:09:57Z,checkoutservice,adservice,0,0,0,0,0,0,0
2026-10-04T14:09:57Z,checkoutservice,cartservice,59265,58333,0,100,0,693720,58311
2026-10-04T14:09:57Z,checkoutservice,checkoutservice,0,0,0,0,0,0,0
2026-10-04T14:09:57Z,checkoutservice,currencyservice,41030,41030,0,0,0,564238,41019
2026-10-04T14:09:57Z,checkoutservice,emailservice,12265,11977,0,66,0,416233,11969
2026-10-04T14:09:57Z,checkoutservice,frontend,0,0,0,0,0,0,0
2026-10-04T14:09:57Z,checkoutservice,kubernetes,0,0,0,0,0,0,0
2026-10-04T14:09:57Z,checkoutservice,paymentservice,34296,32448,0,192,0,434191,32289
2026-10-04T14:09:57Z,checkoutservice,productcatalogservice,0,0,0,0,0,0,0
2026-10-04T14:09:57Z,checkoutservice,recommendationservice,0,0,0,0,0,0,0
2026-10-04T14:09:57Z,checkoutservice,redis-cart,0,0,0,0,0,0,0
2026-10-04T14:09:57Z,checkoutservice,shippingservice,64576,62471,0,154,0,509476,62449
2026-10-04T14:09:57Z,currencyservice,adservice,0,0,0,0,0,0,0
2026-10-04T14:09:57Z,currencyservice,cartservice,0,0,0,0,0,0,0
2026-10-04T14:09:57Z,currencyservice,checkoutservice,0,0,0,0,0,0,0
2026-10-04T14:09:57Z,currencyservice,currencyservice,0,0,0,0,0,0,0
2026-10-04T14:09:57Z,currencyservice,emailservice,0,0,0,0,0,0,0
2026-10-04T14:09:57Z,currencyservice,frontend,0,0,0,0,0,0,0
2026-10-04T14:09:57Z,currencyservice,kubernetes,0,0,0,0,0,0,0
2026-10-04T14:09:57Z,currencyservice,paymentservice,0,0,0,0,0,0,0
2026-10-04T14:09:57Z,currencyservice,productcatalogservice,0,0,0,0,0,0,0
2026-10-04T14:09:57Z,currencyservice,recommendationservice,0,0,0,0,0,0,0
2026-10-04T14:09:57Z,currencyservice,redis-cart,0,0,0,0,0,0,0
2026-10-04T14:09:57Z,currencyservice,shippingservice,0,0,0,0,0,0,0
2026-10-04T14:09:57Z,emailservice,adservice,0,0,0,0,0,0,0
2026-10-04T14:09:57Z,emailservice,cartservice,0,0,0,0,0,0,0
2026-10-04T14:09:57Z,emailservice,checkoutservice,0,0,0,0,0,0,0
2026-10-04T14:09:57Z,emailservice,currencyservice,0,0,0,0,0,0,0
2026-10-04T14:09:57Z,emailservice,emailservice,0,0,0,0,0,0,0
2026-10-04T14:09:57Z,emailservice,frontend,0,0,0,0,0,0,0
2026-10-04T14:09:57Z,emailservice,kubernetes,0,0,0,0,0,0,0
2026-10-04T14:09:57Z,emailservice,paymentservice,0,0,0,0,0,0,0
2026-10-04T14:09:57Z,emailservice,productcatalogservice,0,0,0,0,0,0,0
2026-10-04T14:09:57Z,emailservice,recommendationservice,0,0,0,0,0,0,0
2026-10-04T14:09:57Z,emailservice,redis-cart,0,0,0,0,0,0,0
2026-10-04T14:09:57Z,emailservice,shippingservice,0,0,0,0,0,0,0
2026-10-04T14:09:57Z,frontend,adservice,848665,848663,0,0,0,2556623,848195
2026-10-04T14:09:57Z,frontend,cartservice,1890504,1890491,0,0,4,10464043,1889029
2026-10-04T14:09:57Z,frontend,checkoutservice,400018,190051,0,40061,169946,62712015,189865
2026-10-04T14:09:57Z,frontend,currencyservice,3004675,3004666,0,0,0,15833020,3002390
2026-10-04T14:09:57Z,frontend,emailservice,0,0,0,0,0,0,0
2026-10-04T14:09:57Z,frontend,frontend,0,0,0,0,0,0,0
2026-10-04T14:09:57Z,frontend,kubernetes,0,0,0,0,0,0,0
2026-10-04T14:09:57Z,frontend,paymentservice,0,0,0,0,0,0,0
2026-10-04T14:09:57Z,frontend,productcatalogservice,8423181,8423107,0,0,0,57507572,8417816
2026-10-04T14:09:57Z,frontend,recommendationservice,2748012,1669438,0,113355,962658,832042231,1668175
2026-10-04T14:09:57Z,frontend,redis-cart,0,0,0,0,0,0,0
2026-10-04T14:09:57Z,frontend,shippingservice,311144,311141,0,0,0,942182,310967
2026-10-04T14:09:57Z,paymentservice,adservice,0,0,0,0,0,0,0
2026-10-04T14:09:57Z,paymentservice,cartservice,0,0,0,0,0,0,0
2026-10-04T14:09:57Z,paymentservice,checkoutservice,0,0,0,0,0,0,0
2026-10-04T14:09:57Z,paymentservice,currencyservice,0,0,0,0,0,0,0
2026-10-04T14:09:57Z,paymentservice,emailservice,0,0,0,0,0,0,0
2026-10-04T14:09:57Z,paymentservice,frontend,0,0,0,0,0,0,0
2026-10-04T14:09:57Z,paymentservice,kubernetes,0,0,0,0,0,0,0
2026-10-04T14:09:57Z,paymentservice,paymentservice,0,0,0,0,0,0,0
2026-10-04T14:09:57Z,paymentservice,productcatalogservice,0,0,0,0,0,0,0
2026-10-04T14:09:57Z,paymentservice,recommendationservice,0,0,0,0,0,0,0
2026-10-04T14:09:57Z,paymentservice,redis-cart,0,0,0,0,0,0,0
2026-10-04T14:09:57Z,paymentservice,shippingservice,0,0,0,0,0,0,0
2026-10-04T14:09:57Z,productcatalogservice,adservice,0,0,0,0,0,0,0
2026-10-04T14:09:57Z,productcatalogservice,cartservice,0,0,0,0,0,0,0
2026-10-04T14:09:57Z,productcatalogservice,checkoutservice,0,0,0,0,0,0,0
2026-10-04T14:09:57Z,productcatalogservice,currencyservice,0,0,0,0,0,0,0
2026-10-04T14:09:57Z,productcatalogservice,emailservice,0,0,0,0,0,0,0
2026-10-04T14:09:57Z,productcatalogservice,frontend,0,0,0,0,0,0,0
2026-10-04T14:09:57Z,productcatalogservice,kubernetes,0,0,0,0,0,0,0
2026-10-04T14:09:57Z,productcatalogservice,paymentservice,0,0,0,0,0,0,0
2026-10-04T14:09:57Z,productcatalogservice,productcatalogservice,0,0,0,0,0,0,0
2026-10-04T14:09:57Z,productcatalogservice,recommendationservice,0,0,0,0,0,0,0
2026-10-04T14:09:57Z,productcatalogservice,redis-cart,0,0,0,0,0,0,0
2026-10-04T14:09:57Z,productcatalogservice,shippingservice,0,0,0,0,0,0,0
2026-10-04T14:09:57Z,recommendationservice,adservice,0,0,0,0,0,0,0
2026-10-04T14:09:57Z,recommendationservice,cartservice,0,0,0,0,0,0,0
2026-10-04T14:09:57Z,recommendationservice,checkoutservice,0,0,0,0,0,0,0
2026-10-04T14:09:57Z,recommendationservice,currencyservice,0,0,0,0,0,0,0
2026-10-04T14:09:57Z,recommendationservice,emailservice,0,0,0,0,0,0,0
2026-10-04T14:09:57Z,recommendationservice,frontend,0,0,0,0,0,0,0
2026-10-04T14:09:57Z,recommendationservice,kubernetes,0,0,0,0,0,0,0
2026-10-04T14:09:57Z,recommendationservice,paymentservice,0,0,0,0,0,0,0
2026-10-04T14:09:57Z,recommendationservice,productcatalogservice,160396,160392,0,0,0,1103879,159495
2026-10-04T14:09:57Z,recommendationservice,recommendationservice,0,0,0,0,0,0,0
2026-10-04T14:09:57Z,recommendationservice,redis-cart,0,0,0,0,0,0,0
2026-10-04T14:09:57Z,recommendationservice,shippingservice,0,0,0,0,0,0,0
2026-10-04T14:09:57Z,redis-cart,adservice,0,0,0,0,0,0,0
2026-10-04T14:09:57Z,redis-cart,cartservice,0,0,0,0,0,0,0
2026-10-04T14:09:57Z,redis-cart,checkoutservice,0,0,0,0,0,0,0
2026-10-04T14:09:57Z,redis-cart,currencyservice,0,0,0,0,0,0,0
2026-10-04T14:09:57Z,redis-cart,emailservice,0,0,0,0,0,0,0
2026-10-04T14:09:57Z,redis-cart,frontend,0,0,0,0,0,0,0
2026-10-04T14:09:57Z,redis-cart,kubernetes,0,0,0,0,0,0,0
2026-10-04T14:09:57Z,redis-cart,paymentservice,0,0,0,0,0,0,0
2026-10-04T14:09:57Z,redis-cart,productcatalogservice,0,0,0,0,0,0,0
2026-10-04T14:09:57Z,redis-cart,recommendationservice,0,0,0,0,0,0,0
2026-10-04T14:09:57Z,redis-cart,redis-cart,0,0,0,0,0,0,0
2026-10-04T14:09:57Z,redis-cart,shippingservice,0,0,0,0,0,0,0
2026-10-04T14:09:57Z,shippingservice,adservice,0,0,0,0,0,0,0
2026-10-04T14:09:57Z,shippingservice,cartservice,0,0,0,0,0,0,0
2026-10-04T14:09:57Z,shippingservice,checkoutservice,0,0,0,0,0,0,0
2026-10-04T14:09:57Z,shippingservice,currencyservice,0,0,0,0,0,0,0
2026-10-04T14:09:57Z,shippingservice,emailservice,0,0,0,0,0,0,0
2026-10-04T14:09:57Z,shippingservice,frontend,0,0,0,0,0,0,0
2026-10-04T14:09:57Z,shippingservice,kubernetes,0,0,0,0,0,0,0
2026-10-04T14:09:57Z,shippingservice,paymentservice,0,0,0,0,0,0,0
2026-10-04T14:09:57Z,shippingservice,productcatalogservice,0,0,0,0,0,0,0
2026-10-04T14:09:57Z,shippingservice,recommendationservice,0,0,0,0,0,0,0
2026-10-04T14:09:57Z,shippingservice,redis-cart,0,0,0,0,0,0,0
2026-10-04T14:09:57Z,shippingservice,shippingservice,0,0,0,0,0,0,0
2026-10-04T14:09:58Z,adservice,adservice,0,0,0,0,0,0,0
2026-10-04T14:09:58Z,adservice,cartservice,0,0,0,0,0,0,0
2026-10-04T14:09:58Z,adservice,checkoutservice,0,0,0,0,0,0,0
2026-10-04T14:09:58Z,adservice,currencyservice,0,0,0,0,0,0,0
2026-10-04T14:09:58Z,adservice,emailservice,0,0,0,0,0,0,0
2026-10-04T14:09:58Z,adservice,frontend,0,0,0,0,0,0,0
2026-10-04T14:09:58Z,adservice,kubernetes,0,0,0,0,0,0,0
2026-10-04T14:09:58Z,adservice,paymentservice,0,0,0,0,0,0,0
2026-10-04T14:09:58Z,adservice,productcatalogservice,0,0,0,0,0,0,0
2026-10-04T14:09:58Z,adservice,recommendationservice,0,0,0,0,0,0,0
2026-10-04T14:09:58Z,adservice,redis-cart,0,0,0,0,0,0,0
2026-10-04T14:09:58Z,adservice,shippingservice,0,0,0,0,0,0,0
2026-10-04T14:09:58Z,cartservice,adservice,0,0,0,0,0,0,0
2026-10-04T14:09:58Z,cartservice,cartservice,0,0,0,0,0,0,0
2026-10-04T14:09:58Z,cartservice,checkoutservice,0,0,0,0,0,0,0
2026-10-04T14:09:58Z,cartservice,currencyservice,0,0,0,0,0,0,0
2026-10-04T14:09:58Z,cartservice,emailservice,0,0,0,0,0,0,0
2026-10-04T14:09:58Z,cartservice,frontend,0,0,0,0,0,0,0
2026-10-04T14:09:58Z,cartservice,kubernetes,0,0,0,0,0,0,0
2026-10-04T14:09:58Z,cartservice,paymentservice,0,0,0,0,0,0,0
2026-10-04T14:09:58Z,cartservice,productcatalogservice,0,0,0,0,0,0,0
2026-10-04T14:09:58Z,cartservice,recommendationservice,0,0,0,0,0,0,0
2026-10-04T14:09:58Z,cartservice,redis-cart,2,0,0,0,0,0,0
2026-10-04T14:09:58Z,cartservice,shippingservice,0,0,0,0,0,0,0
2026-10-04T14:09:58Z,checkoutservice,adservice,0,0,0,0,0,0,0
2026-10-04T14:09:58Z,checkoutservice,cartservice,59329,58397,0,100,0,693720,58311
2026-10-04T14:09:58Z,checkoutservice,checkoutservice,0,0,0,0,0,0,0
2026-10-04T14:09:58Z,checkoutservice,currencyservice,41061,41061,0,0,0,564238,41019
2026-10-04T14:09:58Z,checkoutservice,emailservice,12299,12011,0,66,0,416233,11969
2026-10-04T14:09:58Z,checkoutservice,frontend,0,0,0,0,0,0,0
2026-10-04T14:09:58Z,checkoutservice,kubernetes,0,0,0,0,0,0,0
2026-10-04T14:09:58Z,checkoutservice,paymentservice,34327,32479,0,192,0,434191,32289
2026-10-04T14:09:58Z,checkoutservice,productcatalogservice,0,0,0,0,0,0,0
2026-10-04T14:09:58Z,checkoutservice,recommendationservice,0,0,0,0,0,0,0
2026-10-04T14:09:58Z,checkoutservice,redis-cart,0,0,0,0,0,0,0
2026-10-04T14:09:58Z,checkoutservice,shippingservice,64638,62535,0,154,0,509476,62449
2026-10-04T14:09:58Z,currencyservice,adservice,0,0,0,0,0,0,0
2026-10-04T14:09:58Z,currencyservice,cartservice,0,0,0,0,0,0,0
2026-10-04T14:09:58Z,currencyservice,checkoutservice,0,0,0,0,0,0,0
2026-10-04T14:09:58Z,currencyservice,currencyservice,0,0,0,0,0,0,0
2026-10-04T14:09:58Z,currencyservice,emailservice,0,0,0,0,0,0,0
2026-10-04T14:09:58Z,currencyservice,frontend,0,0,0,0,0,0,0
2026-10-04T14:09:58Z,currencyservice,kubernetes,0,0,0,0,0,0,0
2026-10-04T14:09:58Z,currencyservice,paymentservice,0,0,0,0,0,0,0
2026-10-04T14:09:58Z,currencyservice,productcatalogservice,0,0,0,0,0,0,0
2026-10-04T14:09:58Z,currencyservice,recommendationservice,0,0,0,0,0,0,0
2026-10-04T14:09:58Z,currencyservice,redis-cart,0,0,0,0,0,0,0
2026-10-04T14:09:58Z,currencyservice,shippingservice,0,0,0,0,0,0,0
2026-10-04T14:09:58Z,emailservice,adservice,0,0,0,0,0,0,0
2026-10-04T14:09:58Z,emailservice,cartservice,0,0,0,0,0,0,0
2026-10-04T14:09:58Z,emailservice,checkoutservice,0,0,0,0,0,0,0
2026-10-04T14:09:58Z,emailservice,currencyservice,0,0,0,0,0,0,0
2026-10-04T14:09:58Z,emailservice,emailservice,0,0,0,0,0,0,0
2026-10-04T14:09:58Z,emailservice,frontend,0,0,0,0,0,0,0
2026-10-04T14:09:58Z,emailservice,kubernetes,0,0,0,0,0,0,0
2026-10-04T14:09:58Z,emailservice,paymentservice,0,0,0,0,0,0,0
2026-10-04T14:09:58Z,emailservice,productcatalogservice,0,0,0,0,0,0,0
2026-10-04T14:09:58Z,emailservice,recommendationservice,0,0,0,0,0,0,0
2026-10-04T14:09:58Z,emailservice,redis-cart,0,0,0,0,0,0,0
2026-10-04T14:09:58Z,emailservice,shippingservice,0,0,0,0,0,0,0
2026-10-04T14:09:58Z,frontend,adservice,848774,848771,0,0,0,2557077,848357
2026-10-04T14:09:58Z,frontend,cartservice,1890896,1890883,0,0,4,10466350,1889575
2026-10-04T14:09:58Z,frontend,checkoutservice,400059,190089,0,40061,169946,62717601,189916
2026-10-04T14:09:58Z,frontend,currencyservice,3005275,3005266,0,0,0,15836165,3003204
2026-10-04T14:09:58Z,frontend,emailservice,0,0,0,0,0,0,0
2026-10-04T14:09:58Z,frontend,frontend,0,0,0,0,0,0,0
2026-10-04T14:09:58Z,frontend,kubernetes,0,0,0,0,0,0,0
2026-10-04T14:09:58Z,frontend,paymentservice,0,0,0,0,0,0,0
2026-10-04T14:09:58Z,frontend,productcatalogservice,8424378,8424311,0,0,0,57519517,8419577
2026-10-04T14:09:58Z,frontend,recommendationservice,2748778,1669786,0,113401,963024,832434216,1668659
2026-10-04T14:09:58Z,frontend,redis-cart,0,0,0,0,0,0,0
2026-10-04T14:09:58Z,frontend,shippingservice,311175,311173,0,0,0,942274,311018
2026-10-04T14:09:58Z,paymentservice,adservice,0,0,0,0,0,0,0
2026-10-04T14:09:58Z,paymentservice,cartservice,0,0,0,0,0,0,0
2026-10-04T14:09:58Z,paymentservice,checkoutservice,0,0,0,0,0,0,0
2026-10-04T14:09:58Z,paymentservice,currencyservice,0,0,0,0,0,0,0
2026-10-04T14:09:58Z,paymentservice,emailservice,0,0,0,0,0,0,0
2026-10-04T14:09:58Z,paymentservice,frontend,0,0,0,0,0,0,0
2026-10-04T14:09:58Z,paymentservice,kubernetes,0,0,0,0,0,0,0
2026-10-04T14:09:58Z,paymentservice,paymentservice,0,0,0,0,0,0,0
2026-10-04T14:09:58Z,paymentservice,productcatalogservice,0,0,0,0,0,0,0
2026-10-04T14:09:58Z,paymentservice,recommendationservice,0,0,0,0,0,0,0
2026-10-04T14:09:58Z,paymentservice,redis-cart,0,0,0,0,0,0,0
2026-10-04T14:09:58Z,paymentservice,shippingservice,0,0,0,0,0,0,0
2026-10-04T14:09:58Z,productcatalogservice,adservice,0,0,0,0,0,0,0
2026-10-04T14:09:58Z,productcatalogservice,cartservice,0,0,0,0,0,0,0
2026-10-04T14:09:58Z,productcatalogservice,checkoutservice,0,0,0,0,0,0,0
2026-10-04T14:09:58Z,productcatalogservice,currencyservice,0,0,0,0,0,0,0
2026-10-04T14:09:58Z,productcatalogservice,emailservice,0,0,0,0,0,0,0
2026-10-04T14:09:58Z,productcatalogservice,frontend,0,0,0,0,0,0,0
2026-10-04T14:09:58Z,productcatalogservice,kubernetes,0,0,0,0,0,0,0
2026-10-04T14:09:58Z,productcatalogservice,paymentservice,0,0,0,0,0,0,0
2026-10-04T14:09:58Z,productcatalogservice,productcatalogservice,0,0,0,0,0,0,0
2026-10-04T14:09:58Z,productcatalogservice,recommendationservice,0,0,0,0,0,0,0
2026-10-04T14:09:58Z,productcatalogservice,redis-cart,0,0,0,0,0,0,0
2026-10-04T14:09:58Z,productcatalogservice,shippingservice,0,0,0,0,0,0,0
2026-10-04T14:09:58Z,recommendationservice,adservice,0,0,0,0,0,0,0
2026-10-04T14:09:58Z,recommendationservice,cartservice,0,0,0,0,0,0,0
2026-10-04T14:09:58Z,recommendationservice,checkoutservice,0,0,0,0,0,0,0
2026-10-04T14:09:58Z,recommendationservice,currencyservice,0,0,0,0,0,0,0
2026-10-04T14:09:58Z,recommendationservice,emailservice,0,0,0,0,0,0,0
2026-10-04T14:09:58Z,recommendationservice,frontend,0,0,0,0,0,0,0
2026-10-04T14:09:58Z,recommendationservice,kubernetes,0,0,0,0,0,0,0
2026-10-04T14:09:58Z,recommendationservice,paymentservice,0,0,0,0,0,0,0
2026-10-04T14:09:58Z,recommendationservice,productcatalogservice,160819,160809,0,0,0,1103879,159495
2026-10-04T14:09:58Z,recommendationservice,recommendationservice,0,0,0,0,0,0,0
2026-10-04T14:09:58Z,recommendationservice,redis-cart,0,0,0,0,0,0,0
2026-10-04T14:09:58Z,recommendationservice,shippingservice,0,0,0,0,0,0,0
2026-10-04T14:09:58Z,redis-cart,adservice,0,0,0,0,0,0,0
2026-10-04T14:09:58Z,redis-cart,cartservice,0,0,0,0,0,0,0
2026-10-04T14:09:58Z,redis-cart,checkoutservice,0,0,0,0,0,0,0
2026-10-04T14:09:58Z,redis-cart,currencyservice,0,0,0,0,0,0,0
2026-10-04T14:09:58Z,redis-cart,emailservice,0,0,0,0,0,0,0
2026-10-04T14:09:58Z,redis-cart,frontend,0,0,0,0,0,0,0
2026-10-04T14:09:58Z,redis-cart,kubernetes,0,0,0,0,0,0,0
2026-10-04T14:09:58Z,redis-cart,paymentservice,0,0,0,0,0,0,0
2026-10-04T14:09:58Z,redis-cart,productcatalogservice,0,0,0,0,0,0,0
2026-10-04T14:09:58Z,redis-cart,recommendationservice,0,0,0,0,0,0,0
2026-10-04T14:09:58Z,redis-cart,redis-cart,0,0,0,0,0,0,0
2026-10-04T14:09:58Z,redis-cart,shippingservice,0,0,0,0,0,0,0
2026-10-04T14:09:58Z,shippingservice,adservice,0,0,0,0,0,0,0
2026-10-04T14:09:58Z,shippingservice,cartservice,0,0,0,0,0,0,0
2026-10-04T14:09:58Z,shippingservice,checkoutservice,0,0,0,0,0,0,0
2026-10-04T14:09:58Z,shippingservice,currencyservice,0,0,0,0,0,0,0
2026-10-04T14:09:58Z,shippingservice,emailservice,0,0,0,0,0,0,0
2026-10-04T14:09:58Z,shippingservice,frontend,0,0,0,0,0,0,0
2026-10-04T14:09:58Z,shippingservice,kubernetes,0,0,0,0,0,0,0
2026-10-04T14:09:58Z,shippingservice,paymentservice,0,0,0,0,0,0,0
2026-10-04T14:09:58Z,shippingservice,productcatalogservice,0,0,0,0,0,0,0
2026-10-04T14:09:58Z,shippingservice,recommendationservice,0,0,0,0,0,0,0
2026-10-04T14:09:58Z,shippingservice,redis-cart,0,0,0,0,0,0,0
2026-10-04T14:09:58Z,shippingservice,shippingservice,0,0,0,0,0,0,0
2026-10-04T14:09:59Z,adservice,adservice,0,0,0,0,0,0,0
2026-10-04T14:09:59Z,adservice,cartservice,0,0,0,0,0,0,0
2026-10-04T14:09:59Z,adservice,checkoutservice,0,0,0,0,0,0,0
2026-10-04T14:09:59Z,adservice,currencyservice,0,0,0,0,0,0,0
2026-10-04T14:09:59Z,adservice,emailservice,0,0,0,0,0,0,0
2026-10-04T14:09:59Z,adservice,frontend,0,0,0,0,0,0,0
2026-10-04T14:09:59Z,adservice,kubernetes,0,0,0,0,0,0,0
2026-10-04T14:09:59Z,adservice,paymentservice,0,0,0,0,0,0,0
2026-10-04T14:09:59Z,adservice,productcatalogservice,0,0,0,0,0,0,0
2026-10-04T14:09:59Z,adservice,recommendationservice,0,0,0,0,0,0,0
2026-10-04T14:09:59Z,adservice,redis-cart,0,0,0,0,0,0,0
2026-10-04T14:09:59Z,adservice,shippingservice,0,0,0,0,0,0,0
2026-10-04T14:09:59Z,cartservice,adservice,0,0,0,0,0,0,0
2026-10-04T14:09:59Z,cartservice,cartservice,0,0,0,0,0,0,0
2026-10-04T14:09:59Z,cartservice,checkoutservice,0,0,0,0,0,0,0
2026-10-04T14:09:59Z,cartservice,currencyservice,0,0,0,0,0,0,0
2026-10-04T14:09:59Z,cartservice,emailservice,0,0,0,0,0,0,0
2026-10-04T14:09:59Z,cartservice,frontend,0,0,0,0,0,0,0
2026-10-04T14:09:59Z,cartservice,kubernetes,0,0,0,0,0,0,0
2026-10-04T14:09:59Z,cartservice,paymentservice,0,0,0,0,0,0,0
2026-10-04T14:09:59Z,cartservice,productcatalogservice,0,0,0,0,0,0,0
2026-10-04T14:09:59Z,cartservice,recommendationservice,0,0,0,0,0,0,0
2026-10-04T14:09:59Z,cartservice,redis-cart,2,0,0,0,0,0,0
2026-10-04T14:09:59Z,cartservice,shippingservice,0,0,0,0,0,0,0
2026-10-04T14:09:59Z,checkoutservice,adservice,0,0,0,0,0,0,0
2026-10-04T14:09:59Z,checkoutservice,cartservice,59403,58472,0,100,0,693720,58311
2026-10-04T14:09:59Z,checkoutservice,checkoutservice,0,0,0,0,0,0,0
2026-10-04T14:09:59Z,checkoutservice,currencyservice,41099,41099,0,0,0,564238,41019
2026-10-04T14:09:59Z,checkoutservice,emailservice,12337,12049,0,66,0,416233,11969
2026-10-04T14:09:59Z,checkoutservice,frontend,0,0,0,0,0,0,0
2026-10-04T14:09:59Z,checkoutservice,kubernetes,0,0,0,0,0,0,0
2026-10-04T14:09:59Z,checkoutservice,paymentservice,34365,32517,0,192,0,434191,32289
2026-10-04T14:09:59Z,checkoutservice,productcatalogservice,0,0,0,0,0,0,0
2026-10-04T14:09:59Z,checkoutservice,recommendationservice,0,0,0,0,0,0,0
2026-10-04T14:09:59Z,checkoutservice,redis-cart,0,0,0,0,0,0,0
2026-10-04T14:09:59Z,checkoutservice,shippingservice,64714,62611,0,154,0,509476,62449
2026-10-04T14:09:59Z,currencyservice,adservice,0,0,0,0,0,0,0
2026-10-04T14:09:59Z,currencyservice,cartservice,0,0,0,0,0,0,0
2026-10-04T14:09:59Z,currencyservice,checkoutservice,0,0,0,0,0,0,0
2026-10-04T14:09:59Z,currencyservice,currencyservice,0,0,0,0,0,0,0
2026-10-04T14:09:59Z,currencyservice,emailservice,0,0,0,0,0,0,0
2026-10-04T14:09:59Z,currencyservice,frontend,0,0,0,0,0,0,0
2026-10-04T14:09:59Z,currencyservice,kubernetes,0,0,0,0,0,0,0
2026-10-04T14:09:59Z,currencyservice,paymentservice,0,0,0,0,0,0,0
2026-10-04T14:09:59Z,currencyservice,productcatalogservice,0,0,0,0,0,0,0
2026-10-04T14:09:59Z,currencyservice,recommendationservice,0,0,0,0,0,0,0
2026-10-04T14:09:59Z,currencyservice,redis-cart,0,0,0,0,0,0,0
2026-10-04T14:09:59Z,currencyservice,shippingservice,0,0,0,0,0,0,0
2026-10-04T14:09:59Z,emailservice,adservice,0,0,0,0,0,0,0
2026-10-04T14:09:59Z,emailservice,cartservice,0,0,0,0,0,0,0
2026-10-04T14:09:59Z,emailservice,checkoutservice,0,0,0,0,0,0,0
2026-10-04T14:09:59Z,emailservice,currencyservice,0,0,0,0,0,0,0
2026-10-04T14:09:59Z,emailservice,emailservice,0,0,0,0,0,0,0
2026-10-04T14:09:59Z,emailservice,frontend,0,0,0,0,0,0,0
2026-10-04T14:09:59Z,emailservice,kubernetes,0,0,0,0,0,0,0
2026-10-04T14:09:59Z,emailservice,paymentservice,0,0,0,0,0,0,0
2026-10-04T14:09:59Z,emailservice,productcatalogservice,0,0,0,0,0,0,0
2026-10-04T14:09:59Z,emailservice,recommendationservice,0,0,0,0,0,0,0
2026-10-04T14:09:59Z,emailservice,redis-cart,0,0,0,0,0,0,0
2026-10-04T14:09:59Z,emailservice,shippingservice,0,0,0,0,0,0,0
2026-10-04T14:09:59Z,frontend,adservice,848871,848867,0,0,0,2557985,848682
2026-10-04T14:09:59Z,frontend,cartservice,1891290,1891275,0,0,4,10470475,1890573
2026-10-04T14:09:59Z,frontend,checkoutservice,400096,190128,0,40061,169946,62734182,190052
2026-10-04T14:09:59Z,frontend,currencyservice,3005855,3005847,0,0,0,15841350,3004772
2026-10-04T14:09:59Z,frontend,emailservice,0,0,0,0,0,0,0
2026-10-04T14:09:59Z,frontend,frontend,0,0,0,0,0,0,0
2026-10-04T14:09:59Z,frontend,kubernetes,0,0,0,0,0,0,0
2026-10-04T14:09:59Z,frontend,paymentservice,0,0,0,0,0,0,0
2026-10-04T14:09:59Z,frontend,productcatalogservice,8425477,8425415,0,0,0,57538900,8423246
2026-10-04T14:09:59Z,frontend,recommendationservice,2749578,1670140,0,113437,963438,833165481,1669536
2026-10-04T14:09:59Z,frontend,redis-cart,0,0,0,0,0,0,0
2026-10-04T14:09:59Z,frontend,shippingservice,311201,311199,0,0,0,942522,311130
2026-10-04T14:09:59Z,paymentservice,adservice,0,0,0,0,0,0,0
2026-10-04T14:09:59Z,paymentservice,cartservice,0,0,0,0,0,0,0
2026-10-04T14:09:59Z,paymentservice,checkoutservice,0,0,0,0,0,0,0
2026-10-04T14:09:59Z,paymentservice,currencyservice,0,0,0,0,0,0,0
2026-10-04T14:09:59Z,paymentservice,emailservice,0,0,0,0,0,0,0
2026-10-04T14:09:59Z,paymentservice,frontend,0,0,0,0,0,0,0
2026-10-04T14:09:59Z,paymentservice,kubernetes,0,0,0,0,0,0,0
2026-10-04T14:09:59Z,paymentservice,paymentservice,0,0,0,0,0,0,0
2026-10-04T14:09:59Z,paymentservice,productcatalogservice,0,0,0,0,0,0,0
2026-10-04T14:09:59Z,paymentservice,recommendationservice,0,0,0,0,0,0,0
2026-10-04T14:09:59Z,paymentservice,redis-cart,0,0,0,0,0,0,0
2026-10-04T14:09:59Z,paymentservice,shippingservice,0,0,0,0,0,0,0
2026-10-04T14:09:59Z,productcatalogservice,adservice,0,0,0,0,0,0,0
2026-10-04T14:09:59Z,productcatalogservice,cartservice,0,0,0,0,0,0,0
2026-10-04T14:09:59Z,productcatalogservice,checkoutservice,0,0,0,0,0,0,0
2026-10-04T14:09:59Z,productcatalogservice,currencyservice,0,0,0,0,0,0,0
2026-10-04T14:09:59Z,productcatalogservice,emailservice,0,0,0,0,0,0,0
2026-10-04T14:09:59Z,productcatalogservice,frontend,0,0,0,0,0,0,0
2026-10-04T14:09:59Z,productcatalogservice,kubernetes,0,0,0,0,0,0,0
2026-10-04T14:09:59Z,productcatalogservice,paymentservice,0,0,0,0,0,0,0
2026-10-04T14:09:59Z,productcatalogservice,productcatalogservice,0,0,0,0,0,0,0
2026-10-04T14:09:59Z,productcatalogservice,recommendationservice,0,0,0,0,0,0,0
2026-10-04T14:09:59Z,productcatalogservice,redis-cart,0,0,0,0,0,0,0
2026-10-04T14:09:59Z,productcatalogservice,shippingservice,0,0,0,0,0,0,0
2026-10-04T14:09:59Z,recommendationservice,adservice,0,0,0,0,0,0,0
2026-10-04T14:09:59Z,recommendationservice,cartservice,0,0,0,0,0,0,0
2026-10-04T14:09:59Z,recommendationservice,checkoutservice,0,0,0,0,0,0,0
2026-10-04T14:09:59Z,recommendationservice,currencyservice,0,0,0,0,0,0,0
2026-10-04T14:09:59Z,recommendationservice,emailservice,0,0,0,0,0,0,0
2026-10-04T14:09:59Z,recommendationservice,frontend,0,0,0,0,0,0,0
2026-10-04T14:09:59Z,recommendationservice,kubernetes,0,0,0,0,0,0,0
2026-10-04T14:09:59Z,recommendationservice,paymentservice,0,0,0,0,0,0,0
2026-10-04T14:09:59Z,recommendationservice,productcatalogservice,161267,161267,0,0,0,1103879,159495
2026-10-04T14:09:59Z,recommendationservice,recommendationservice,0,0,0,0,0,0,0
2026-10-04T14:09:59Z,recommendationservice,redis-cart,0,0,0,0,0,0,0
2026-10-04T14:09:59Z,recommendationservice,shippingservice,0,0,0,0,0,0,0
2026-10-04T14:09:59Z,redis-cart,adservice,0,0,0,0,0,0,0
2026-10-04T14:09:59Z,redis-cart,cartservice,0,0,0,0,0,0,0
2026-10-04T14:09:59Z,redis-cart,checkoutservice,0,0,0,0,0,0,0
2026-10-04T14:09:59Z,redis-cart,currencyservice,0,0,0,0,0,0,0
2026-10-04T14:09:59Z,redis-cart,emailservice,0,0,0,0,0,0,0
2026-10-04T14:09:59Z,redis-cart,frontend,0,0,0,0,0,0,0
2026-10-04T14:09:59Z,redis-cart,kubernetes,0,0,0,0,0,0,0
2026-10-04T14:09:59Z,redis-cart,paymentservice,0,0,0,0,0,0,0
2026-10-04T14:09:59Z,redis-cart,productcatalogservice,0,0,0,0,0,0,0
2026-10-04T14:09:59Z,redis-cart,recommendationservice,0,0,0,0,0,0,0
2026-10-04T14:09:59Z,redis-cart,redis-cart,0,0,0,0,0,0,0
2026-10-04T14:09:59Z,redis-cart,shippingservice,0,0,0,0,0,0,0
2026-10-04T14:09:59Z,shippingservice,adservice,0,0,0,0,0,0,0
2026-10-04T14:09:59Z,shippingservice,cartservice,0,0,0,0,0,0,0
2026-10-04T14:09:59Z,shippingservice,checkoutservice,0,0,0,0,0,0,0
2026-10-04T14:09:59Z,shippingservice,currencyservice,0,0,0,0,0,0,0
2026-10-04T14:09:59Z,shippingservice,emailservice,0,0,0,0,0,0,0
2026-10-04T14:09:59Z,shippingservice,frontend,0,0,0,0,0,0,0
2026-10-04T14:09:59Z,shippingservice,kubernetes,0,0,0,0,0,0,0
2026-10-04T14:09:59Z,shippingservice,paymentservice,0,0,0,0,0,0,0
2026-10-04T14:09:59Z,shippingservice,productcatalogservice,0,0,0,0,0,0,0
2026-10-04T14:09:59Z,shippingservice,recommendationservice,0,0,0,0,0,0,0
2026-10-04T14:09:59Z,shippingservice,redis-cart,0,0,0,0,0,0,0
2026-10-04T14:09:59Z,shippingservice,shippingservice,0,0,0,0,0,0,0
2026-10-04T14:10:00Z,adservice,adservice,0,0,0,0,0,0,0
2026-10-04T14:10:00Z,adservice,cartservice,0,0,0,0,0,0,0
2026-10-04T14:10:00Z,adservice,checkoutservice,0,0,0,0,0,0,0
2026-10-04T14:10:00Z,adservice,currencyservice,0,0,0,0,0,0,0
2026-10-04T14:10:00Z,adservice,emailservice,0,0,0,0,0,0,0
2026-10-04T14:10:00Z,adservice,frontend,0,0,0,0,0,0,0
2026-10-04T14:10:00Z,adservice,kubernetes,0,0,0,0,0,0,0
2026-10-04T14:10:00Z,adservice,paymentservice,0,0,0,0,0,0,0
2026-10-04T14:10:00Z,adservice,productcatalogservice,0,0,0,0,0,0,0
2026-10-04T14:10:00Z,adservice,recommendationservice,0,0,0,0,0,0,0
2026-10-04T14:10:00Z,adservice,redis-cart,0,0,0,0,0,0,0
2026-10-04T14:10:00Z,adservice,shippingservice,0,0,0,0,0,0,0
2026-10-04T14:10:00Z,cartservice,adservice,0,0,0,0,0,0,0
2026-10-04T14:10:00Z,cartservice,cartservice,0,0,0,0,0,0,0
2026-10-04T14:10:00Z,cartservice,checkoutservice,0,0,0,0,0,0,0
2026-10-04T14:10:00Z,cartservice,currencyservice,0,0,0,0,0,0,0
2026-10-04T14:10:00Z,cartservice,emailservice,0,0,0,0,0,0,0
2026-10-04T14:10:00Z,cartservice,frontend,0,0,0,0,0,0,0
2026-10-04T14:10:00Z,cartservice,kubernetes,0,0,0,0,0,0,0
2026-10-04T14:10:00Z,cartservice,paymentservice,0,0,0,0,0,0,0
2026-10-04T14:10:00Z,cartservice,productcatalogservice,0,0,0,0,0,0,0
2026-10-04T14:10:00Z,cartservice,recommendationservice,0,0,0,0,0,0,0
2026-10-04T14:10:00Z,cartservice,redis-cart,2,0,0,0,0,0,0
2026-10-04T14:10:00Z,cartservice,shippingservice,0,0,0,0,0,0,0
2026-10-04T14:10:00Z,checkoutservice,adservice,0,0,0,0,0,0,0
2026-10-04T14:10:00Z,checkoutservice,cartservice,59497,58566,0,100,0,693720,58311
2026-10-04T14:10:00Z,checkoutservice,checkoutservice,0,0,0,0,0,0,0
2026-10-04T14:10:00Z,checkoutservice,currencyservice,41146,41146,0,0,0,564238,41019
2026-10-04T14:10:00Z,checkoutservice,emailservice,12384,12096,0,66,0,416233,11969
2026-10-04T14:10:00Z,checkoutservice,frontend,0,0,0,0,0,0,0
2026-10-04T14:10:00Z,checkoutservice,kubernetes,0,0,0,0,0,0,0
2026-10-04T14:10:00Z,checkoutservice,paymentservice,34412,32564,0,192,0,434191,32289
2026-10-04T14:10:00Z,checkoutservice,productcatalogservice,0,0,0,0,0,0,0
2026-10-04T14:10:00Z,checkoutservice,recommendationservice,0,0,0,0,0,0,0
2026-10-04T14:10:00Z,checkoutservice,redis-cart,0,0,0,0,0,0,0
2026-10-04T14:10:00Z,checkoutservice,shippingservice,64808,62705,0,154,0,509476,62449
2026-10-04T14:10:00Z,currencyservice,adservice,0,0,0,0,0,0,0
2026-10-04T14:10:00Z,currencyservice,cartservice,0,0,0,0,0,0,0
2026-10-04T14:10:00Z,currencyservice,checkoutservice,0,0,0,0,0,0,0
2026-10-04T14:10:00Z,currencyservice,currencyservice,0,0,0,0,0,0,0
2026-10-04T14:10:00Z,currencyservice,emailservice,0,0,0,0,0,0,0
2026-10-04T14:10:00Z,currencyservice,frontend,0,0,0,0,0,0,0
2026-10-04T14:10:00Z,currencyservice,kubernetes,0,0,0,0,0,0,0
2026-10-04T14:10:00Z,currencyservice,paymentservice,0,0,0,0,0,0,0
2026-10-04T14:10:00Z,currencyservice,productcatalogservice,0,0,0,0,0,0,0
2026-10-04T14:10:00Z,currencyservice,recommendationservice,0,0,0,0,0,0,0
2026-10-04T14:10:00Z,currencyservice,redis-cart,0,0,0,0,0,0,0
2026-10-04T14:10:00Z,currencyservice,shippingservice,0,0,0,0,0,0,0
2026-10-04T14:10:00Z,emailservice,adservice,0,0,0,0,0,0,0
2026-10-04T14:10:00Z,emailservice,cartservice,0,0,0,0,0,0,0
2026-10-04T14:10:00Z,emailservice,checkoutservice,0,0,0,0,0,0,0
2026-10-04T14:10:00Z,emailservice,currencyservice,0,0,0,0,0,0,0
2026-10-04T14:10:00Z,emailservice,emailservice,0,0,0,0,0,0,0
2026-10-04T14:10:00Z,emailservice,frontend,0,0,0,0,0,0,0
2026-10-04T14:10:00Z,emailservice,kubernetes,0,0,0,0,0,0,0
2026-10-04T14:10:00Z,emailservice,paymentservice,0,0,0,0,0,0,0
2026-10-04T14:10:00Z,emailservice,productcatalogservice,0,0,0,0,0,0,0
2026-10-04T14:10:00Z,emailservice,recommendationservice,0,0,0,0,0,0,0
2026-10-04T14:10:00Z,emailservice,redis-cart,0,0,0,0,0,0,0
2026-10-04T14:10:00Z,emailservice,shippingservice,0,0,0,0,0,0,0
2026-10-04T14:10:00Z,frontend,adservice,848975,848972,0,0,0,2558259,848805
2026-10-04T14:10:00Z,frontend,cartservice,1891661,1891647,0,0,4,10472170,1891000
2026-10-04T14:10:00Z,frontend,checkoutservice,400142,190172,0,40061,169946,62738541,190095
2026-10-04T14:10:00Z,frontend,currencyservice,3006420,3006410,0,0,0,15843468,3005429
2026-10-04T14:10:00Z,frontend,emailservice,0,0,0,0,0,0,0
2026-10-04T14:10:00Z,frontend,frontend,0,0,0,0,0,0,0
2026-10-04T14:10:00Z,frontend,kubernetes,0,0,0,0,0,0,0
2026-10-04T14:10:00Z,frontend,paymentservice,0,0,0,0,0,0,0
2026-10-04T14:10:00Z,frontend,productcatalogservice,8426707,8426643,0,0,0,57548119,8424658
2026-10-04T14:10:00Z,frontend,recommendationservice,2750325,1670477,0,113484,963826,833443391,1669878
2026-10-04T14:10:00Z,frontend,redis-cart,0,0,0,0,0,0,0
2026-10-04T14:10:00Z,frontend,shippingservice,311237,311235,0,0,0,942629,311182
2026-10-04T14:10:00Z,paymentservice,adservice,0,0,0,0,0,0,0
2026-10-04T14:10:00Z,paymentservice,cartservice,0,0,0,0,0,0,0
2026-10-04T14:10:00Z,paymentservice,checkoutservice,0,0,0,0,0,0,0
2026-10-04T14:10:00Z,paymentservice,currencyservice,0,0,0,0,0,0,0
2026-10-04T14:10:00Z,paymentservice,emailservice,0,0,0,0,0,0,0
2026-10-04T14:10:00Z,paymentservice,frontend,0,0,0,0,0,0,0
2026-10-04T14:10:00Z,paymentservice,kubernetes,0,0,0,0,0,0,0
2026-10-04T14:10:00Z,paymentservice,paymentservice,0,0,0,0,0,0,0
2026-10-04T14:10:00Z,paymentservice,productcatalogservice,0,0,0,0,0,0,0
2026-10-04T14:10:00Z,paymentservice,recommendationservice,0,0,0,0,0,0,0
2026-10-04T14:10:00Z,paymentservice,redis-cart,0,0,0,0,0,0,0
2026-10-04T14:10:00Z,paymentservice,shippingservice,0,0,0,0,0,0,0
2026-10-04T14:10:00Z,productcatalogservice,adservice,0,0,0,0,0,0,0
2026-10-04T14:10:00Z,productcatalogservice,cartservice,0,0,0,0,0,0,0
2026-10-04T14:10:00Z,productcatalogservice,checkoutservice,0,0,0,0,0,0,0
2026-10-04T14:10:00Z,productcatalogservice,currencyservice,0,0,0,0,0,0,0
2026-10-04T14:10:00Z,productcatalogservice,emailservice,0,0,0,0,0,0,0
2026-10-04T14:10:00Z,productcatalogservice,frontend,0,0,0,0,0,0,0
2026-10-04T14:10:00Z,productcatalogservice,kubernetes,0,0,0,0,0,0,0
2026-10-04T14:10:00Z,productcatalogservice,paymentservice,0,0,0,0,0,0,0
2026-10-04T14:10:00Z,productcatalogservice,productcatalogservice,0,0,0,0,0,0,0
2026-10-04T14:10:00Z,productcatalogservice,recommendationservice,0,0,0,0,0,0,0
2026-10-04T14:10:00Z,productcatalogservice,redis-cart,0,0,0,0,0,0,0
2026-10-04T14:10:00Z,productcatalogservice,shippingservice,0,0,0,0,0,0,0
2026-10-04T14:10:00Z,recommendationservice,adservice,0,0,0,0,0,0,0
2026-10-04T14:10:00Z,recommendationservice,cartservice,0,0,0,0,0,0,0
2026-10-04T14:10:00Z,recommendationservice,checkoutservice,0,0,0,0,0,0,0
2026-10-04T14:10:00Z,recommendationservice,currencyservice,0,0,0,0,0,0,0
2026-10-04T14:10:00Z,recommendationservice,emailservice,0,0,0,0,0,0,0
2026-10-04T14:10:00Z,recommendationservice,frontend,0,0,0,0,0,0,0
2026-10-04T14:10:00Z,recommendationservice,kubernetes,0,0,0,0,0,0,0
2026-10-04T14:10:00Z,recommendationservice,paymentservice,0,0,0,0,0,0,0
2026-10-04T14:10:00Z,recommendationservice,productcatalogservice,161681,161678,0,0,0,1113142,161636
2026-10-04T14:10:00Z,recommendationservice,recommendationservice,0,0,0,0,0,0,0
2026-10-04T14:10:00Z,recommendationservice,redis-cart,0,0,0,0,0,0,0
2026-10-04T14:10:00Z,recommendationservice,shippingservice,0,0,0,0,0,0,0
2026-10-04T14:10:00Z,redis-cart,adservice,0,0,0,0,0,0,0
2026-10-04T14:10:00Z,redis-cart,cartservice,0,0,0,0,0,0,0
2026-10-04T14:10:00Z,redis-cart,checkoutservice,0,0,0,0,0,0,0
2026-10-04T14:10:00Z,redis-cart,currencyservice,0,0,0,0,0,0,0
2026-10-04T14:10:00Z,redis-cart,emailservice,0,0,0,0,0,0,0
2026-10-04T14:10:00Z,redis-cart,frontend,0,0,0,0,0,0,0
2026-10-04T14:10:00Z,redis-cart,kubernetes,0,0,0,0,0,0,0
2026-10-04T14:10:00Z,redis-cart,paymentservice,0,0,0,0,0,0,0
2026-10-04T14:10:00Z,redis-cart,productcatalogservice,0,0,0,0,0,0,0
2026-10-04T14:10:00Z,redis-cart,recommendationservice,0,0,0,0,0,0,0
2026-10-04T14:10:00Z,redis-cart,redis-cart,0,0,0,0,0,0,0
2026-10-04T14:10:00Z,redis-cart,shippingservice,0,0,0,0,0,0,0
2026-10-04T14:10:00Z,shippingservice,adservice,0,0,0,0,0,0,0
2026-10-04T14:10:00Z,shippingservice,cartservice,0,0,0,0,0,0,0
2026-10-04T14:10:00Z,shippingservice,checkoutservice,0,0,0,0,0,0,0
2026-10-04T14:10:00Z,shippingservice,currencyservice,0,0,0,0,0,0,0
2026-10-04T14:10:00Z,shippingservice,emailservice,0,0,0,0,0,0,0
2026-10-04T14:10:00Z,shippingservice,frontend,0,0,0,0,0,0,0
2026-10-04T14:10:00Z,shippingservice,kubernetes,0,0,0,0,0,0,0
2026-10-04T14:10:00Z,shippingservice,paymentservice,0,0,0,0,0,0,0
2026-10-04T14:10:00Z,shippingservice,productcatalogservice,0,0,0,0,0,0,0
2026-10-04T14:10:00Z,shippingservice,recommendationservice,0,0,0,0,0,0,0
2026-10-04T14:10:00Z,shippingservice,redis-cart,0,0,0,0,0,0,0
2026-10-04T14:10:00Z,shippingservice,shippingservice,0,0,0,0,0,0,0
2026-10-04T14:10:01Z,adservice,adservice,0,0,0,0,0,0,0
2026-10-04T14:10:01Z,adservice,cartservice,0,0,0,0,0,0,0
2026-10-04T14:10:01Z,adservice,checkoutservice,0,0,0,0,0,0,0
2026-10-04T14:10:01Z,adservice,currencyservice,0,0,0,0,0,0,0
2026-10-04T14:10:01Z,adservice,emailservice,0,0,0,0,0,0,0
2026-10-04T14:10:01Z,adservice,frontend,0,0,0,0,0,0,0
2026-10-04T14:10:01Z,adservice,kubernetes,0,0,0,0,0,0,0
2026-10-04T14:10:01Z,adservice,paymentservice,0,0,0,0,0,0,0
2026-10-04T14:10:01Z,adservice,productcatalogservice,0,0,0,0,0,0,0
2026-10-04T14:10:01Z,adservice,recommendationservice,0,0,0,0,0,0,0
2026-10-04T14:10:01Z,adservice,redis-cart,0,0,0,0,0,0,0
2026-10-04T14:10:01Z,adservice,shippingservice,0,0,0,0,0,0,0
2026-10-04T14:10:01Z,cartservice,adservice,0,0,0,0,0,0,0
2026-10-04T14:10:01Z,cartservice,cartservice,0,0,0,0,0,0,0
2026-10-04T14:10:01Z,cartservice,checkoutservice,0,0,0,0,0,0,0
2026-10-04T14:10:01Z,cartservice,currencyservice,0,0,0,0,0,0,0
2026-10-04T14:10:01Z,cartservice,emailservice,0,0,0,0,0,0,0
2026-10-04T14:10:01Z,cartservice,frontend,0,0,0,0,0,0,0
2026-10-04T14:10:01Z,cartservice,kubernetes,0,0,0,0,0,0,0
2026-10-04T14:10:01Z,cartservice,paymentservice,0,0,0,0,0,0,0
2026-10-04T14:10:01Z,cartservice,productcatalogservice,0,0,0,0,0,0,0
2026-10-04T14:10:01Z,cartservice,recommendationservice,0,0,0,0,0,0,0
2026-10-04T14:10:01Z,cartservice,redis-cart,2,0,0,0,0,0,0
2026-10-04T14:10:01Z,cartservice,shippingservice,0,0,0,0,0,0,0
2026-10-04T14:10:01Z,checkoutservice,adservice,0,0,0,0,0,0,0
2026-10-04T14:10:01Z,checkoutservice,cartservice,59592,58657,0,100,0,693720,58311
2026-10-04T14:10:01Z,checkoutservice,checkoutservice,0,0,0,0,0,0,0
2026-10-04T14:10:01Z,checkoutservice,currencyservice,41199,41193,0,0,0,564238,41019
2026-10-04T14:10:01Z,checkoutservice,emailservice,12420,12132,0,66,0,416233,11969
2026-10-04T14:10:01Z,checkoutservice,frontend,0,0,0,0,0,0,0
2026-10-04T14:10:01Z,checkoutservice,kubernetes,0,0,0,0,0,0,0
2026-10-04T14:10:01Z,checkoutservice,paymentservice,34459,32607,0,192,0,434191,32289
2026-10-04T14:10:01Z,checkoutservice,productcatalogservice,0,0,0,0,0,0,0
2026-10-04T14:10:01Z,checkoutservice,recommendationservice,0,0,0,0,0,0,0
2026-10-04T14:10:01Z,checkoutservice,redis-cart,0,0,0,0,0,0,0
2026-10-04T14:10:01Z,checkoutservice,shippingservice,64905,62801,0,154,0,509476,62449
2026-10-04T14:10:01Z,currencyservice,adservice,0,0,0,0,0,0,0
2026-10-04T14:10:01Z,currencyservice,cartservice,0,0,0,0,0,0,0
2026-10-04T14:10:01Z,currencyservice,checkoutservice,0,0,0,0,0,0,0
2026-10-04T14:10:01Z,currencyservice,currencyservice,0,0,0,0,0,0,0
2026-10-04T14:10:01Z,currencyservice,emailservice,0,0,0,0,0,0,0
2026-10-04T14:10:01Z,currencyservice,frontend,0,0,0,0,0,0,0
2026-10-04T14:10:01Z,currencyservice,kubernetes,0,0,0,0,0,0,0
2026-10-04T14:10:01Z,currencyservice,paymentservice,0,0,0,0,0,0,0
2026-10-04T14:10:01Z,currencyservice,productcatalogservice,0,0,0,0,0,0,0
2026-10-04T14:10:01Z,currencyservice,recommendationservice,0,0,0,0,0,0,0
2026-10-04T14:10:01Z,currencyservice,redis-cart,0,0,0,0,0,0,0
2026-10-04T14:10:01Z,currencyservice,shippingservice,0,0,0,0,0,0,0
2026-10-04T14:10:01Z,emailservice,adservice,0,0,0,0,0,0,0
2026-10-04T14:10:01Z,emailservice,cartservice,0,0,0,0,0,0,0
2026-10-04T14:10:01Z,emailservice,checkoutservice,0,0,0,0,0,0,0
2026-10-04T14:10:01Z,emailservice,currencyservice,0,0,0,0,0,0,0
2026-10-04T14:10:01Z,emailservice,emailservice,0,0,0,0,0,0,0
2026-10-04T14:10:01Z,emailservice,frontend,0,0,0,0,0,0,0
2026-10-04T14:10:01Z,emailservice,kubernetes,0,0,0,0,0,0,0
2026-10-04T14:10:01Z,emailservice,paymentservice,0,0,0,0,0,0,0
2026-10-04T14:10:01Z,emailservice,productcatalogservice,0,0,0,0,0,0,0
2026-10-04T14:10:01Z,emailservice,recommendationservice,0,0,0,0,0,0,0
2026-10-04T14:10:01Z,emailservice,redis-cart,0,0,0,0,0,0,0
2026-10-04T14:10:01Z,emailservice,shippingservice,0,0,0,0,0,0,0
2026-10-04T14:10:01Z,frontend,adservice,849067,849065,0,0,0,2558259,848805
2026-10-04T14:10:01Z,frontend,cartservice,1892054,1892039,0,0,4,10472170,1891000
2026-10-04T14:10:01Z,frontend,checkoutservice,400185,190215,0,40061,169946,62738541,190095
2026-10-04T14:10:01Z,frontend,currencyservice,3007022,3007010,0,0,0,15843468,3005429
2026-10-04T14:10:01Z,frontend,emailservice,0,0,0,0,0,0,0
2026-10-04T14:10:01Z,frontend,frontend,0,0,0,0,0,0,0
2026-10-04T14:10:01Z,frontend,kubernetes,0,0,0,0,0,0,0
2026-10-04T14:10:01Z,frontend,paymentservice,0,0,0,0,0,0,0
2026-10-04T14:10:01Z,frontend,productcatalogservice,8427909,8427840,0,0,0,57548119,8424658
2026-10-04T14:10:01Z,frontend,recommendationservice,2751053,1670816,0,113526,964157,833443391,1669878
2026-10-04T14:10:01Z,frontend,redis-cart,0,0,0,0,0,0,0
2026-10-04T14:10:01Z,frontend,shippingservice,311278,311276,0,0,0,942629,311182
2026-10-04T14:10:01Z,paymentservice,adservice,0,0,0,0,0,0,0
2026-10-04T14:10:01Z,paymentservice,cartservice,0,0,0,0,0,0,0
2026-10-04T14:10:01Z,paymentservice,checkoutservice,0,0,0,0,0,0,0
2026-10-04T14:10:01Z,paymentservice,currencyservice,0,0,0,0,0,0,0
2026-10-04T14:10:01Z,paymentservice,emailservice,0,0,0,0,0,0,0
2026-10-04T14:10:01Z,paymentservice,frontend,0,0,0,0,0,0,0
2026-10-04T14:10:01Z,paymentservice,kubernetes,0,0,0,0,0,0,0
2026-10-04T14:10:01Z,paymentservice,paymentservice,0,0,0,0,0,0,0
2026-10-04T14:10:01Z,paymentservice,productcatalogservice,0,0,0,0,0,0,0
2026-10-04T14:10:01Z,paymentservice,recommendationservice,0,0,0,0,0,0,0
2026-10-04T14:10:01Z,paymentservice,redis-cart,0,0,0,0,0,0,0
2026-10-04T14:10:01Z,paymentservice,shippingservice,0,0,0,0,0,0,0
2026-10-04T14:10:01Z,productcatalogservice,adservice,0,0,0,0,0,0,0
2026-10-04T14:10:01Z,productcatalogservice,cartservice,0,0,0,0,0,0,0
2026-10-04T14:10:01Z,productcatalogservice,checkoutservice,0,0,0,0,0,0,0
2026-10-04T14:10:01Z,productcatalogservice,currencyservice,0,0,0,0,0,0,0
2026-10-04T14:10:01Z,productcatalogservice,emailservice,0,0,0,0,0,0,0
2026-10-04T14:10:01Z,productcatalogservice,frontend,0,0,0,0,0,0,0
2026-10-04T14:10:01Z,productcatalogservice,kubernetes,0,0,0,0,0,0,0
2026-10-04T14:10:01Z,productcatalogservice,paymentservice,0,0,0,0,0,0,0
2026-10-04T14:10:01Z,productcatalogservice,productcatalogservice,0,0,0,0,0,0,0
2026-10-04T14:10:01Z,productcatalogservice,recommendationservice,0,0,0,0,0,0,0
2026-10-04T14:10:01Z,productcatalogservice,redis-cart,0,0,0,0,0,0,0
2026-10-04T14:10:01Z,productcatalogservice,shippingservice,0,0,0,0,0,0,0
2026-10-04T14:10:01Z,recommendationservice,adservice,0,0,0,0,0,0,0
2026-10-04T14:10:01Z,recommendationservice,cartservice,0,0,0,0,0,0,0
2026-10-04T14:10:01Z,recommendationservice,checkoutservice,0,0,0,0,0,0,0
2026-10-04T14:10:01Z,recommendationservice,currencyservice,0,0,0,0,0,0,0
2026-10-04T14:10:01Z,recommendationservice,emailservice,0,0,0,0,0,0,0
2026-10-04T14:10:01Z,recommendationservice,frontend,0,0,0,0,0,0,0
2026-10-04T14:10:01Z,recommendationservice,kubernetes,0,0,0,0,0,0,0
2026-10-04T14:10:01Z,recommendationservice,paymentservice,0,0,0,0,0,0,0
2026-10-04T14:10:01Z,recommendationservice,productcatalogservice,162119,162116,0,0,0,1113142,161636
2026-10-04T14:10:01Z,recommendationservice,recommendationservice,0,0,0,0,0,0,0
2026-10-04T14:10:01Z,recommendationservice,redis-cart,0,0,0,0,0,0,0
2026-10-04T14:10:01Z,recommendationservice,shippingservice,0,0,0,0,0,0,0
2026-10-04T14:10:01Z,redis-cart,adservice,0,0,0,0,0,0,0
2026-10-04T14:10:01Z,redis-cart,cartservice,0,0,0,0,0,0,0
2026-10-04T14:10:01Z,redis-cart,checkoutservice,0,0,0,0,0,0,0
2026-10-04T14:10:01Z,redis-cart,currencyservice,0,0,0,0,0,0,0
2026-10-04T14:10:01Z,redis-cart,emailservice,0,0,0,0,0,0,0
2026-10-04T14:10:01Z,redis-cart,frontend,0,0,0,0,0,0,0
2026-10-04T14:10:01Z,redis-cart,kubernetes,0,0,0,0,0,0,0
2026-10-04T14:10:01Z,redis-cart,paymentservice,0,0,0,0,0,0,0
2026-10-04T14:10:01Z,redis-cart,productcatalogservice,0,0,0,0,0,0,0
2026-10-04T14:10:01Z,redis-cart,recommendationservice,0,0,0,0,0,0,0
2026-10-04T14:10:01Z,redis-cart,redis-cart,0,0,0,0,0,0,0
2026-10-04T14:10:01Z,redis-cart,shippingservice,0,0,0,0,0,0,0
2026-10-04T14:10:01Z,shippingservice,adservice,0,0,0,0,0,0,0
2026-10-04T14:10:01Z,shippingservice,cartservice,0,0,0,0,0,0,0
2026-10-04T14:10:01Z,shippingservice,checkoutservice,0,0,0,0,0,0,0
2026-10-04T14:10:01Z,shippingservice,currencyservice,0,0,0,0,0,0,0
2026-10-04T14:10:01Z,shippingservice,emailservice,0,0,0,0,0,0,0
2026-10-04T14:10:01Z,shippingservice,frontend,0,0,0,0,0,0,0
2026-10-04T14:10:01Z,shippingservice,kubernetes,0,0,0,0,0,0,0
2026-10-04T14:10:01Z,shippingservice,paymentservice,0,0,0,0,0,0,0
2026-10-04T14:10:01Z,shippingservice,productcatalogservice,0,0,0,0,0,0,0
2026-10-04T14:10:01Z,shippingservice,recommendationservice,0,0,0,0,0,0,0
2026-10-04T14:10:01Z,shippingservice,redis-cart,0,0,0,0,0,0,0
2026-10-04T14:10:01Z,shippingservice,shippingservice,0,0,0,0,0,0,0
2026-10-04T14:10:02Z,adservice,adservice,0,0,0,0,0,0,0
2026-10-04T14:10:02Z,adservice,cartservice,0,0,0,0,0,0,0
2026-10-04T14:10:02Z,adservice,checkoutservice,0,0,0,0,0,0,0
2026-10-04T14:10:02Z,adservice,currencyservice,0,0,0,0,0,0,0
2026-10-04T14:10:02Z,adservice,emailservice,0,0,0,0,0,0,0
2026-10-04T14:10:02Z,adservice,frontend,0,0,0,0,0,0,0
2026-10-04T14:10:02Z,adservice,kubernetes,0,0,0,0,0,0,0
2026-10-04T14:10:02Z,adservice,paymentservice,0,0,0,0,0,0,0
2026-10-04T14:10:02Z,adservice,productcatalogservice,0,0,0,0,0,0,0
2026-10-04T14:10:02Z,adservice,recommendationservice,0,0,0,0,0,0,0
2026-10-04T14:10:02Z,adservice,redis-cart,0,0,0,0,0,0,0
2026-10-04T14:10:02Z,adservice,shippingservice,0,0,0,0,0,0,0
2026-10-04T14:10:02Z,cartservice,adservice,0,0,0,0,0,0,0
2026-10-04T14:10:02Z,cartservice,cartservice,0,0,0,0,0,0,0
2026-10-04T14:10:02Z,cartservice,checkoutservice,0,0,0,0,0,0,0
2026-10-04T14:10:02Z,cartservice,currencyservice,0,0,0,0,0,0,0
2026-10-04T14:10:02Z,cartservice,emailservice,0,0,0,0,0,0,0
2026-10-04T14:10:02Z,cartservice,frontend,0,0,0,0,0,0,0
2026-10-04T14:10:02Z,cartservice,kubernetes,0,0,0,0,0,0,0
2026-10-04T14:10:02Z,cartservice,paymentservice,0,0,0,0,0,0,0
2026-10-04T14:10:02Z,cartservice,productcatalogservice,0,0,0,0,0,0,0
2026-10-04T14:10:02Z,cartservice,recommendationservice,0,0,0,0,0,0,0
2026-10-04T14:10:02Z,cartservice,redis-cart,2,0,0,0,0,0,0
2026-10-04T14:10:02Z,cartservice,shippingservice,0,0,0,0,0,0,0
2026-10-04T14:10:02Z,checkoutservice,adservice,0,0,0,0,0,0,0
2026-10-04T14:10:02Z,checkoutservice,cartservice,59684,58753,0,100,0,695605,58723
2026-10-04T14:10:02Z,checkoutservice,checkoutservice,0,0,0,0,0,0,0
2026-10-04T14:10:02Z,checkoutservice,currencyservice,41241,41241,0,0,0,565087,41225
2026-10-04T14:10:02Z,checkoutservice,emailservice,12471,12183,0,66,0,419742,12175
2026-10-04T14:10:02Z,checkoutservice,frontend,0,0,0,0,0,0,0
2026-10-04T14:10:02Z,checkoutservice,kubernetes,0,0,0,0,0,0,0
2026-10-04T14:10:02Z,checkoutservice,paymentservice,34506,32657,0,192,0,434926,32495
2026-10-04T14:10:02Z,checkoutservice,productcatalogservice,0,0,0,0,0,0,0
2026-10-04T14:10:02Z,checkoutservice,recommendationservice,0,0,0,0,0,0,0
2026-10-04T14:10:02Z,checkoutservice,redis-cart,0,0,0,0,0,0,0
2026-10-04T14:10:02Z,checkoutservice,shippingservice,64996,62893,0,154,0,510248,62861
2026-10-04T14:10:02Z,currencyservice,adservice,0,0,0,0,0,0,0
2026-10-04T14:10:02Z,currencyservice,cartservice,0,0,0,0,0,0,0
2026-10-04T14:10:02Z,currencyservice,checkoutservice,0,0,0,0,0,0,0
2026-10-04T14:10:02Z,currencyservice,currencyservice,0,0,0,0,0,0,0
2026-10-04T14:10:02Z,currencyservice,emailservice,0,0,0,0,0,0,0
2026-10-04T14:10:02Z,currencyservice,frontend,0,0,0,0,0,0,0
2026-10-04T14:10:02Z,currencyservice,kubernetes,0,0,0,0,0,0,0
2026-10-04T14:10:02Z,currencyservice,paymentservice,0,0,0,0,0,0,0
2026-10-04T14:10:02Z,currencyservice,productcatalogservice,0,0,0,0,0,0,0
2026-10-04T14:10:02Z,currencyservice,recommendationservice,0,0,0,0,0,0,0
2026-10-04T14:10:02Z,currencyservice,redis-cart,0,0,0,0,0,0,0
2026-10-04T14:10:02Z,currencyservice,shippingservice,0,0,0,0,0,0,0
2026-10-04T14:10:02Z,emailservice,adservice,0,0,0,0,0,0,0
2026-10-04T14:10:02Z,emailservice,cartservice,0,0,0,0,0,0,0
2026-10-04T14:10:02Z,emailservice,checkoutservice,0,0,0,0,0,0,0
2026-10-04T14:10:02Z,emailservice,currencyservice,0,0,0,0,0,0,0
2026-10-04T14:10:02Z,emailservice,emailservice,0,0,0,0,0,0,0
2026-10-04T14:10:02Z,emailservice,frontend,0,0,0,0,0,0,0
2026-10-04T14:10:02Z,emailservice,kubernetes,0,0,0,0,0,0,0
2026-10-04T14:10:02Z,emailservice,paymentservice,0,0,0,0,0,0,0
2026-10-04T14:10:02Z,emailservice,productcatalogservice,0,0,0,0,0,0,0
2026-10-04T14:10:02Z,emailservice,recommendationservice,0,0,0,0,0,0,0
2026-10-04T14:10:02Z,emailservice,redis-cart,0,0,0,0,0,0,0
2026-10-04T14:10:02Z,emailservice,shippingservice,0,0,0,0,0,0,0
2026-10-04T14:10:02Z,frontend,adservice,849172,849169,0,0,0,2558259,848805
2026-10-04T14:10:02Z,frontend,cartservice,1892413,1892400,0,0,4,10472170,1891000
2026-10-04T14:10:02Z,frontend,checkoutservice,400229,190259,0,40061,169946,62738541,190095
2026-10-04T14:10:02Z,frontend,currencyservice,3007563,3007552,0,0,0,15843468,3005429
2026-10-04T14:10:02Z,frontend,emailservice,0,0,0,0,0,0,0
2026-10-04T14:10:02Z,frontend,frontend,0,0,0,0,0,0,0
2026-10-04T14:10:02Z,frontend,kubernetes,0,0,0,0,0,0,0
2026-10-04T14:10:02Z,frontend,paymentservice,0,0,0,0,0,0,0
2026-10-04T14:10:02Z,frontend,productcatalogservice,8429089,8429023,0,0,0,57548119,8424658
2026-10-04T14:10:02Z,frontend,recommendationservice,2751843,1671130,0,113563,964596,833443391,1669878
2026-10-04T14:10:02Z,frontend,redis-cart,0,0,0,0,0,0,0
2026-10-04T14:10:02Z,frontend,shippingservice,311306,311304,0,0,0,942629,311182
2026-10-04T14:10:02Z,paymentservice,adservice,0,0,0,0,0,0,0
2026-10-04T14:10:02Z,paymentservice,cartservice,0,0,0,0,0,0,0
2026-10-04T14:10:02Z,paymentservice,checkoutservice,0,0,0,0,0,0,0
2026-10-04T14:10:02Z,paymentservice,currencyservice,0,0,0,0,0,0,0
2026-10-04T14:10:02Z,paymentservice,emailservice,0,0,0,0,0,0,0
2026-10-04T14:10:02Z,paymentservice,frontend,0,0,0,0,0,0,0
2026-10-04T14:10:02Z,paymentservice,kubernetes,0,0,0,0,0,0,0
2026-10-04T14:10:02Z,paymentservice,paymentservice,0,0,0,0,0,0,0
2026-10-04T14:10:02Z,paymentservice,productcatalogservice,0,0,0,0,0,0,0
2026-10-04T14:10:02Z,paymentservice,recommendationservice,0,0,0,0,0,0,0
2026-10-04T14:10:02Z,paymentservice,redis-cart,0,0,0,0,0,0,0
2026-10-04T14:10:02Z,paymentservice,shippingservice,0,0,0,0,0,0,0
2026-10-04T14:10:02Z,productcatalogservice,adservice,0,0,0,0,0,0,0
2026-10-04T14:10:02Z,productcatalogservice,cartservice,0,0,0,0,0,0,0
2026-10-04T14:10:02Z,productcatalogservice,checkoutservice,0,0,0,0,0,0,0
2026-10-04T14:10:02Z,productcatalogservice,currencyservice,0,0,0,0,0,0,0
2026-10-04T14:10:02Z,productcatalogservice,emailservice,0,0,0,0,0,0,0
2026-10-04T14:10:02Z,productcatalogservice,frontend,0,0,0,0,0,0,0
2026-10-04T14:10:02Z,productcatalogservice,kubernetes,0,0,0,0,0,0,0
2026-10-04T14:10:02Z,productcatalogservice,paymentservice,0,0,0,0,0,0,0
2026-10-04T14:10:02Z,productcatalogservice,productcatalogservice,0,0,0,0,0,0,0
2026-10-04T14:10:02Z,productcatalogservice,recommendationservice,0,0,0,0,0,0,0
2026-10-04T14:10:02Z,productcatalogservice,redis-cart,0,0,0,0,0,0,0
2026-10-04T14:10:02Z,productcatalogservice,shippingservice,0,0,0,0,0,0,0
2026-10-04T14:10:02Z,recommendationservice,adservice,0,0,0,0,0,0,0
2026-10-04T14:10:02Z,recommendationservice,cartservice,0,0,0,0,0,0,0
2026-10-04T14:10:02Z,recommendationservice,checkoutservice,0,0,0,0,0,0,0
2026-10-04T14:10:02Z,recommendationservice,currencyservice,0,0,0,0,0,0,0
2026-10-04T14:10:02Z,recommendationservice,emailservice,0,0,0,0,0,0,0
2026-10-04T14:10:02Z,recommendationservice,frontend,0,0,0,0,0,0,0
2026-10-04T14:10:02Z,recommendationservice,kubernetes,0,0,0,0,0,0,0
2026-10-04T14:10:02Z,recommendationservice,paymentservice,0,0,0,0,0,0,0
2026-10-04T14:10:02Z,recommendationservice,productcatalogservice,162495,162489,0,0,0,1113142,161636
2026-10-04T14:10:02Z,recommendationservice,recommendationservice,0,0,0,0,0,0,0
2026-10-04T14:10:02Z,recommendationservice,redis-cart,0,0,0,0,0,0,0
2026-10-04T14:10:02Z,recommendationservice,shippingservice,0,0,0,0,0,0,0
2026-10-04T14:10:02Z,redis-cart,adservice,0,0,0,0,0,0,0
2026-10-04T14:10:02Z,redis-cart,cartservice,0,0,0,0,0,0,0
2026-10-04T14:10:02Z,redis-cart,checkoutservice,0,0,0,0,0,0,0
2026-10-04T14:10:02Z,redis-cart,currencyservice,0,0,0,0,0,0,0
2026-10-04T14:10:02Z,redis-cart,emailservice,0,0,0,0,0,0,0
2026-10-04T14:10:02Z,redis-cart,frontend,0,0,0,0,0,0,0
2026-10-04T14:10:02Z,redis-cart,kubernetes,0,0,0,0,0,0,0
2026-10-04T14:10:02Z,redis-cart,paymentservice,0,0,0,0,0,0,0
2026-10-04T14:10:02Z,redis-cart,productcatalogservice,0,0,0,0,0,0,0
2026-10-04T14:10:02Z,redis-cart,recommendationservice,0,0,0,0,0,0,0
2026-10-04T14:10:02Z,redis-cart,redis-cart,0,0,0,0,0,0,0
2026-10-04T14:10:02Z,redis-cart,shippingservice,0,0,0,0,0,0,0
2026-10-04T14:10:02Z,shippingservice,adservice,0,0,0,0,0,0,0
2026-10-04T14:10:02Z,shippingservice,cartservice,0,0,0,0,0,0,0
2026-10-04T14:10:02Z,shippingservice,checkoutservice,0,0,0,0,0,0,0
2026-10-04T14:10:02Z,shippingservice,currencyservice,0,0,0,0,0,0,0
2026-10-04T14:10:02Z,shippingservice,emailservice,0,0,0,0,0,0,0
2026-10-04T14:10:02Z,shippingservice,frontend,0,0,0,0,0,0,0
2026-10-04T14:10:02Z,shippingservice,kubernetes,0,0,0,0,0,0,0
2026-10-04T14:10:02Z,shippingservice,paymentservice,0,0,0,0,0,0,0
2026-10-04T14:10:02Z,shippingservice,productcatalogservice,0,0,0,0,0,0,0
2026-10-04T14:10:02Z,shippingservice,recommendationservice,0,0,0,0,0,0,0
2026-10-04T14:10:02Z,shippingservice,redis-cart,0,0,0,0,0,0,0
2026-10-04T14:10:02Z,shippingservice,shippingservice,0,0,0,0,0,0,0
2026-10-04T14:10:03Z,adservice,adservice,0,0,0,0,0,0,0
2026-10-04T14:10:03Z,adservice,cartservice,0,0,0,0,0,0,0
2026-10-04T14:10:03Z,adservice,checkoutservice,0,0,0,0,0,0,0
2026-10-04T14:10:03Z,adservice,currencyservice,0,0,0,0,0,0,0
2026-10-04T14:10:03Z,adservice,emailservice,0,0,0,0,0,0,0
2026-10-04T14:10:03Z,adservice,frontend,0,0,0,0,0,0,0
2026-10-04T14:10:03Z,adservice,kubernetes,0,0,0,0,0,0,0
2026-10-04T14:10:03Z,adservice,paymentservice,0,0,0,0,0,0,0
2026-10-04T14:10:03Z,adservice,productcatalogservice,0,0,0,0,0,0,0
2026-10-04T14:10:03Z,adservice,recommendationservice,0,0,0,0,0,0,0
2026-10-04T14:10:03Z,adservice,redis-cart,0,0,0,0,0,0,0
2026-10-04T14:10:03Z,adservice,shippingservice,0,0,0,0,0,0,0
2026-10-04T14:10:03Z,cartservice,adservice,0,0,0,0,0,0,0
2026-10-04T14:10:03Z,cartservice,cartservice,0,0,0,0,0,0,0
2026-10-04T14:10:03Z,cartservice,checkoutservice,0,0,0,0,0,0,0
2026-10-04T14:10:03Z,cartservice,currencyservice,0,0,0,0,0,0,0
2026-10-04T14:10:03Z,cartservice,emailservice,0,0,0,0,0,0,0
2026-10-04T14:10:03Z,cartservice,frontend,0,0,0,0,0,0,0
2026-10-04T14:10:03Z,cartservice,kubernetes,0,0,0,0,0,0,0
2026-10-04T14:10:03Z,cartservice,paymentservice,0,0,0,0,0,0,0
2026-10-04T14:10:03Z,cartservice,productcatalogservice,0,0,0,0,0,0,0
2026-10-04T14:10:03Z,cartservice,recommendationservice,0,0,0,0,0,0,0
2026-10-04T14:10:03Z,cartservice,redis-cart,2,0,0,0,0,0,0
2026-10-04T14:10:03Z,cartservice,shippingservice,0,0,0,0,0,0,0
2026-10-04T14:10:03Z,checkoutservice,adservice,0,0,0,0,0,0,0
2026-10-04T14:10:03Z,checkoutservice,cartservice,59766,58835,0,100,0,695605,58723
2026-10-04T14:10:03Z,checkoutservice,checkoutservice,0,0,0,0,0,0,0
2026-10-04T14:10:03Z,checkoutservice,currencyservice,41281,41281,0,0,0,565087,41225
2026-10-04T14:10:03Z,checkoutservice,emailservice,12517,12228,0,66,0,419742,12175
2026-10-04T14:10:03Z,checkoutservice,frontend,0,0,0,0,0,0,0
2026-10-04T14:10:03Z,checkoutservice,kubernetes,0,0,0,0,0,0,0
2026-10-04T14:10:03Z,checkoutservice,paymentservice,34547,32698,0,192,0,434926,32495
2026-10-04T14:10:03Z,checkoutservice,productcatalogservice,0,0,0,0,0,0,0
2026-10-04T14:10:03Z,checkoutservice,recommendationservice,0,0,0,0,0,0,0
2026-10-04T14:10:03Z,checkoutservice,redis-cart,0,0,0,0,0,0,0
2026-10-04T14:10:03Z,checkoutservice,shippingservice,65078,62973,0,154,0,510248,62861
2026-10-04T14:10:03Z,currencyservice,adservice,0,0,0,0,0,0,0
2026-10-04T14:10:03Z,currencyservice,cartservice,0,0,0,0,0,0,0
2026-10-04T14:10:03Z,currencyservice,checkoutservice,0,0,0,0,0,0,0
2026-10-04T14:10:03Z,currencyservice,currencyservice,0,0,0,0,0,0,0
2026-10-04T14:10:03Z,currencyservice,emailservice,0,0,0,0,0,0,0
2026-10-04T14:10:03Z,currencyservice,frontend,0,0,0,0,0,0,0
2026-10-04T14:10:03Z,currencyservice,kubernetes,0,0,0,0,0,0,0
2026-10-04T14:10:03Z,currencyservice,paymentservice,0,0,0,0,0,0,0
2026-10-04T14:10:03Z,currencyservice,productcatalogservice,0,0,0,0,0,0,0
2026-10-04T14:10:03Z,currencyservice,recommendationservice,0,0,0,0,0,0,0
2026-10-04T14:10:03Z,currencyservice,redis-cart,0,0,0,0,0,0,0
2026-10-04T14:10:03Z,currencyservice,shippingservice,0,0,0,0,0,0,0
2026-10-04T14:10:03Z,emailservice,adservice,0,0,0,0,0,0,0
2026-10-04T14:10:03Z,emailservice,cartservice,0,0,0,0,0,0,0
2026-10-04T14:10:03Z,emailservice,checkoutservice,0,0,0,0,0,0,0
2026-10-04T14:10:03Z,emailservice,currencyservice,0,0,0,0,0,0,0
2026-10-04T14:10:03Z,emailservice,emailservice,0,0,0,0,0,0,0
2026-10-04T14:10:03Z,emailservice,frontend,0,0,0,0,0,0,0
2026-10-04T14:10:03Z,emailservice,kubernetes,0,0,0,0,0,0,0
2026-10-04T14:10:03Z,emailservice,paymentservice,0,0,0,0,0,0,0
2026-10-04T14:10:03Z,emailservice,productcatalogservice,0,0,0,0,0,0,0
2026-10-04T14:10:03Z,emailservice,recommendationservice,0,0,0,0,0,0,0
2026-10-04T14:10:03Z,emailservice,redis-cart,0,0,0,0,0,0,0
2026-10-04T14:10:03Z,emailservice,shippingservice,0,0,0,0,0,0,0
2026-10-04T14:10:03Z,frontend,adservice,849283,849280,0,0,0,2558530,848921
2026-10-04T14:10:03Z,frontend,cartservice,1892777,1892762,0,0,4,10474211,1891490
2026-10-04T14:10:03Z,frontend,checkoutservice,400274,190303,0,40061,169946,62744710,190149
2026-10-04T14:10:03Z,frontend,currencyservice,3008117,3008106,0,0,0,15846050,3006160
2026-10-04T14:10:03Z,frontend,emailservice,0,0,0,0,0,0,0
2026-10-04T14:10:03Z,frontend,frontend,0,0,0,0,0,0,0
2026-10-04T14:10:03Z,frontend,kubernetes,0,0,0,0,0,0,0
2026-10-04T14:10:03Z,frontend,paymentservice,0,0,0,0,0,0,0
2026-10-04T14:10:03Z,frontend,productcatalogservice,8430331,8430265,0,0,0,57556547,8426093
2026-10-04T14:10:03Z,frontend,recommendationservice,2752607,1671446,0,113620,965001,833832281,1670344
2026-10-04T14:10:03Z,frontend,redis-cart,0,0,0,0,0,0,0
2026-10-04T14:10:03Z,frontend,shippingservice,311346,311344,0,0,0,942702,311219
2026-10-04T14:10:03Z,paymentservice,adservice,0,0,0,0,0,0,0
2026-10-04T14:10:03Z,paymentservice,cartservice,0,0,0,0,0,0,0
2026-10-04T14:10:03Z,paymentservice,checkoutservice,0,0,0,0,0,0,0
2026-10-04T14:10:03Z,paymentservice,currencyservice,0,0,0,0,0,0,0
2026-10-04T14:10:03Z,paymentservice,emailservice,0,0,0,0,0,0,0
2026-10-04T14:10:03Z,paymentservice,frontend,0,0,0,0,0,0,0
2026-10-04T14:10:03Z,paymentservice,kubernetes,0,0,0,0,0,0,0
2026-10-04T14:10:03Z,paymentservice,paymentservice,0,0,0,0,0,0,0
2026-10-04T14:10:03Z,paymentservice,productcatalogservice,0,0,0,0,0,0,0
2026-10-04T14:10:03Z,paymentservice,recommendationservice,0,0,0,0,0,0,0
2026-10-04T14:10:03Z,paymentservice,redis-cart,0,0,0,0,0,0,0
2026-10-04T14:10:03Z,paymentservice,shippingservice,0,0,0,0,0,0,0
2026-10-04T14:10:03Z,productcatalogservice,adservice,0,0,0,0,0,0,0
2026-10-04T14:10:03Z,productcatalogservice,cartservice,0,0,0,0,0,0,0
2026-10-04T14:10:03Z,productcatalogservice,checkoutservice,0,0,0,0,0,0,0
2026-10-04T14:10:03Z,productcatalogservice,currencyservice,0,0,0,0,0,0,0
2026-10-04T14:10:03Z,productcatalogservice,emailservice,0,0,0,0,0,0,0
2026-10-04T14:10:03Z,productcatalogservice,frontend,0,0,0,0,0,0,0
2026-10-04T14:10:03Z,productcatalogservice,kubernetes,0,0,0,0,0,0,0
2026-10-04T14:10:03Z,productcatalogservice,paymentservice,0,0,0,0,0,0,0
2026-10-04T14:10:03Z,productcatalogservice,productcatalogservice,0,0,0,0,0,0,0
2026-10-04T14:10:03Z,productcatalogservice,recommendationservice,0,0,0,0,0,0,0
2026-10-04T14:10:03Z,productcatalogservice,redis-cart,0,0,0,0,0,0,0
2026-10-04T14:10:03Z,productcatalogservice,shippingservice,0,0,0,0,0,0,0
2026-10-04T14:10:03Z,recommendationservice,adservice,0,0,0,0,0,0,0
2026-10-04T14:10:03Z,recommendationservice,cartservice,0,0,0,0,0,0,0
2026-10-04T14:10:03Z,recommendationservice,checkoutservice,0,0,0,0,0,0,0
2026-10-04T14:10:03Z,recommendationservice,currencyservice,0,0,0,0,0,0,0
2026-10-04T14:10:03Z,recommendationservice,emailservice,0,0,0,0,0,0,0
2026-10-04T14:10:03Z,recommendationservice,frontend,0,0,0,0,0,0,0
2026-10-04T14:10:03Z,recommendationservice,kubernetes,0,0,0,0,0,0,0
2026-10-04T14:10:03Z,recommendationservice,paymentservice,0,0,0,0,0,0,0
2026-10-04T14:10:03Z,recommendationservice,productcatalogservice,162867,162867,0,0,0,1113142,161636
2026-10-04T14:10:03Z,recommendationservice,recommendationservice,0,0,0,0,0,0,0
2026-10-04T14:10:03Z,recommendationservice,redis-cart,0,0,0,0,0,0,0
2026-10-04T14:10:03Z,recommendationservice,shippingservice,0,0,0,0,0,0,0
2026-10-04T14:10:03Z,redis-cart,adservice,0,0,0,0,0,0,0
2026-10-04T14:10:03Z,redis-cart,cartservice,0,0,0,0,0,0,0
2026-10-04T14:10:03Z,redis-cart,checkoutservice,0,0,0,0,0,0,0
2026-10-04T14:10:03Z,redis-cart,currencyservice,0,0,0,0,0,0,0
2026-10-04T14:10:03Z,redis-cart,emailservice,0,0,0,0,0,0,0
2026-10-04T14:10:03Z,redis-cart,frontend,0,0,0,0,0,0,0
2026-10-04T14:10:03Z,redis-cart,kubernetes,0,0,0,0,0,0,0
2026-10-04T14:10:03Z,redis-cart,paymentservice,0,0,0,0,0,0,0
2026-10-04T14:10:03Z,redis-cart,productcatalogservice,0,0,0,0,0,0,0
2026-10-04T14:10:03Z,redis-cart,recommendationservice,0,0,0,0,0,0,0
2026-10-04T14:10:03Z,redis-cart,redis-cart,0,0,0,0,0,0,0
2026-10-04T14:10:03Z,redis-cart,shippingservice,0,0,0,0,0,0,0
2026-10-04T14:10:03Z,shippingservice,adservice,0,0,0,0,0,0,0
2026-10-04T14:10:03Z,shippingservice,cartservice,0,0,0,0,0,0,0
2026-10-04T14:10:03Z,shippingservice,checkoutservice,0,0,0,0,0,0,0
2026-10-04T14:10:03Z,shippingservice,currencyservice,0,0,0,0,0,0,0
2026-10-04T14:10:03Z,shippingservice,emailservice,0,0,0,0,0,0,0
2026-10-04T14:10:03Z,shippingservice,frontend,0,0,0,0,0,0,0
2026-10-04T14:10:03Z,shippingservice,kubernetes,0,0,0,0,0,0,0
2026-10-04T14:10:03Z,shippingservice,paymentservice,0,0,0,0,0,0,0
2026-10-04T14:10:03Z,shippingservice,productcatalogservice,0,0,0,0,0,0,0
2026-10-04T14:10:03Z,shippingservice,recommendationservice,0,0,0,0,0,0,0
2026-10-04T14:10:03Z,shippingservice,redis-cart,0,0,0,0,0,0,0
2026-10-04T14:10:03Z,shippingservice,shippingservice,0,0,0,0,0,0,0
2026-10-04T14:10:04Z,adservice,adservice,0,0,0,0,0,0,0
2026-10-04T14:10:04Z,adservice,cartservice,0,0,0,0,0,0,0
2026-10-04T14:10:04Z,adservice,checkoutservice,0,0,0,0,0,0,0
2026-10-04T14:10:04Z,adservice,currencyservice,0,0,0,0,0,0,0
2026-10-04T14:10:04Z,adservice,emailservice,0,0,0,0,0,0,0
2026-10-04T14:10:04Z,adservice,frontend,0,0,0,0,0,0,0
2026-10-04T14:10:04Z,adservice,kubernetes,0,0,0,0,0,0,0
2026-10-04T14:10:04Z,adservice,paymentservice,0,0,0,0,0,0,0
2026-10-04T14:10:04Z,adservice,productcatalogservice,0,0,0,0,0,0,0
2026-10-04T14:10:04Z,adservice,recommendationservice,0,0,0,0,0,0,0
2026-10-04T14:10:04Z,adservice,redis-cart,0,0,0,0,0,0,0
2026-10-04T14:10:04Z,adservice,shippingservice,0,0,0,0,0,0,0
2026-10-04T14:10:04Z,cartservice,adservice,0,0,0,0,0,0,0
2026-10-04T14:10:04Z,cartservice,cartservice,0,0,0,0,0,0,0
2026-10-04T14:10:04Z,cartservice,checkoutservice,0,0,0,0,0,0,0
2026-10-04T14:10:04Z,cartservice,currencyservice,0,0,0,0,0,0,0
2026-10-04T14:10:04Z,cartservice,emailservice,0,0,0,0,0,0,0
2026-10-04T14:10:04Z,cartservice,frontend,0,0,0,0,0,0,0
2026-10-04T14:10:04Z,cartservice,kubernetes,0,0,0,0,0,0,0
2026-10-04T14:10:04Z,cartservice,paymentservice,0,0,0,0,0,0,0
2026-10-04T14:10:04Z,cartservice,productcatalogservice,0,0,0,0,0,0,0
2026-10-04T14:10:04Z,cartservice,recommendationservice,0,0,0,0,0,0,0
2026-10-04T14:10:04Z,cartservice,redis-cart,2,0,0,0,0,0,0
2026-10-04T14:10:04Z,cartservice,shippingservice,0,0,0,0,0,0,0
2026-10-04T14:10:04Z,checkoutservice,adservice,0,0,0,0,0,0,0
2026-10-04T14:10:04Z,checkoutservice,cartservice,59869,58938,0,100,0,695605,58723
2026-10-04T14:10:04Z,checkoutservice,checkoutservice,0,0,0,0,0,0,0
2026-10-04T14:10:04Z,checkoutservice,currencyservice,41332,41332,0,0,0,565087,41225
2026-10-04T14:10:04Z,checkoutservice,emailservice,12570,12282,0,66,0,419742,12175
2026-10-04T14:10:04Z,checkoutservice,frontend,0,0,0,0,0,0,0
2026-10-04T14:10:04Z,checkoutservice,kubernetes,0,0,0,0,0,0,0
2026-10-04T14:10:04Z,checkoutservice,paymentservice,34598,32750,0,192,0,434926,32495
2026-10-04T14:10:04Z,checkoutservice,productcatalogservice,0,0,0,0,0,0,0
2026-10-04T14:10:04Z,checkoutservice,recommendationservice,0,0,0,0,0,0,0
2026-10-04T14:10:04Z,checkoutservice,redis-cart,0,0,0,0,0,0,0
2026-10-04T14:10:04Z,checkoutservice,shippingservice,65180,63077,0,154,0,510248,62861
2026-10-04T14:10:04Z,currencyservice,adservice,0,0,0,0,0,0,0
2026-10-04T14:10:04Z,currencyservice,cartservice,0,0,0,0,0,0,0
2026-10-04T14:10:04Z,currencyservice,checkoutservice,0,0,0,0,0,0,0
2026-10-04T14:10:04Z,currencyservice,currencyservice,0,0,0,0,0,0,0
2026-10-04T14:10:04Z,currencyservice,emailservice,0,0,0,0,0,0,0
2026-10-04T14:10:04Z,currencyservice,frontend,0,0,0,0,0,0,0
2026-10-04T14:10:04Z,currencyservice,kubernetes,0,0,0,0,0,0,0
2026-10-04T14:10:04Z,currencyservice,paymentservice,0,0,0,0,0,0,0
2026-10-04T14:10:04Z,currencyservice,productcatalogservice,0,0,0,0,0,0,0
2026-10-04T14:10:04Z,currencyservice,recommendationservice,0,0,0,0,0,0,0
2026-10-04T14:10:04Z,currencyservice,redis-cart,0,0,0,0,0,0,0
2026-10-04T14:10:04Z,currencyservice,shippingservice,0,0,0,0,0,0,0
2026-10-04T14:10:04Z,emailservice,adservice,0,0,0,0,0,0,0
2026-10-04T14:10:04Z,emailservice,cartservice,0,0,0,0,0,0,0
2026-10-04T14:10:04Z,emailservice,checkoutservice,0,0,0,0,0,0,0
2026-10-04T14:10:04Z,emailservice,currencyservice,0,0,0,0,0,0,0
2026-10-04T14:10:04Z,emailservice,emailservice,0,0,0,0,0,0,0
2026-10-04T14:10:04Z,emailservice,frontend,0,0,0,0,0,0,0
2026-10-04T14:10:04Z,emailservice,kubernetes,0,0,0,0,0,0,0
2026-10-04T14:10:04Z,emailservice,paymentservice,0,0,0,0,0,0,0
2026-10-04T14:10:04Z,emailservice,productcatalogservice,0,0,0,0,0,0,0
2026-10-04T14:10:04Z,emailservice,recommendationservice,0,0,0,0,0,0,0
2026-10-04T14:10:04Z,emailservice,redis-cart,0,0,0,0,0,0,0
2026-10-04T14:10:04Z,emailservice,shippingservice,0,0,0,0,0,0,0
2026-10-04T14:10:04Z,frontend,adservice,849410,849408,0,0,0,2559312,849194
2026-10-04T14:10:04Z,frontend,cartservice,1893130,1893115,0,0,4,10478408,1892463
2026-10-04T14:10:04Z,frontend,checkoutservice,400324,190353,0,40061,169946,62756538,190268
2026-10-04T14:10:04Z,frontend,currencyservice,3008667,3008657,0,0,0,15851047,3007647
2026-10-04T14:10:04Z,frontend,emailservice,0,0,0,0,0,0,0
2026-10-04T14:10:04Z,frontend,frontend,0,0,0,0,0,0,0
2026-10-04T14:10:04Z,frontend,kubernetes,0,0,0,0,0,0,0
2026-10-04T14:10:04Z,frontend,paymentservice,0,0,0,0,0,0,0
2026-10-04T14:10:04Z,frontend,productcatalogservice,8431704,8431634,0,0,0,57571436,8429302
2026-10-04T14:10:04Z,frontend,recommendationservice,2753354,1671732,0,113684,965393,834582071,1671180
2026-10-04T14:10:04Z,frontend,redis-cart,0,0,0,0,0,0,0
2026-10-04T14:10:04Z,frontend,shippingservice,311386,311384,0,0,0,942937,311316
2026-10-04T14:10:04Z,paymentservice,adservice,0,0,0,0,0,0,0
2026-10-04T14:10:04Z,paymentservice,cartservice,0,0,0,0,0,0,0
2026-10-04T14:10:04Z,paymentservice,checkoutservice,0,0,0,0,0,0,0
2026-10-04T14:10:04Z,paymentservice,currencyservice,0,0,0,0,0,0,0
2026-10-04T14:10:04Z,paymentservice,emailservice,0,0,0,0,0,0,0
2026-10-04T14:10:04Z,paymentservice,frontend,0,0,0,0,0,0,0
2026-10-04T14:10:04Z,paymentservice,kubernetes,0,0,0,0,0,0,0
2026-10-04T14:10:04Z,paymentservice,paymentservice,0,0,0,0,0,0,0
2026-10-04T14:10:04Z,paymentservice,productcatalogservice,0,0,0,0,0,0,0
2026-10-04T14:10:04Z,paymentservice,recommendationservice,0,0,0,0,0,0,0
2026-10-04T14:10:04Z,paymentservice,redis-cart,0,0,0,0,0,0,0
2026-10-04T14:10:04Z,paymentservice,shippingservice,0,0,0,0,0,0,0
2026-10-04T14:10:04Z,productcatalogservice,adservice,0,0,0,0,0,0,0
2026-10-04T14:10:04Z,productcatalogservice,cartservice,0,0,0,0,0,0,0
2026-10-04T14:10:04Z,productcatalogservice,checkoutservice,0,0,0,0,0,0,0
2026-10-04T14:10:04Z,productcatalogservice,currencyservice,0,0,0,0,0,0,0
2026-10-04T14:10:04Z,productcatalogservice,emailservice,0,0,0,0,0,0,0
2026-10-04T14:10:04Z,productcatalogservice,frontend,0,0,0,0,0,0,0
2026-10-04T14:10:04Z,productcatalogservice,kubernetes,0,0,0,0,0,0,0
2026-10-04T14:10:04Z,productcatalogservice,paymentservice,0,0,0,0,0,0,0
2026-10-04T14:10:04Z,productcatalogservice,productcatalogservice,0,0,0,0,0,0,0
2026-10-04T14:10:04Z,productcatalogservice,recommendationservice,0,0,0,0,0,0,0
2026-10-04T14:10:04Z,productcatalogservice,redis-cart,0,0,0,0,0,0,0
2026-10-04T14:10:04Z,productcatalogservice,shippingservice,0,0,0,0,0,0,0
2026-10-04T14:10:04Z,recommendationservice,adservice,0,0,0,0,0,0,0
2026-10-04T14:10:04Z,recommendationservice,cartservice,0,0,0,0,0,0,0
2026-10-04T14:10:04Z,recommendationservice,checkoutservice,0,0,0,0,0,0,0
2026-10-04T14:10:04Z,recommendationservice,currencyservice,0,0,0,0,0,0,0
2026-10-04T14:10:04Z,recommendationservice,emailservice,0,0,0,0,0,0,0
2026-10-04T14:10:04Z,recommendationservice,frontend,0,0,0,0,0,0,0
2026-10-04T14:10:04Z,recommendationservice,kubernetes,0,0,0,0,0,0,0
2026-10-04T14:10:04Z,recommendationservice,paymentservice,0,0,0,0,0,0,0
2026-10-04T14:10:04Z,recommendationservice,productcatalogservice,163219,163217,0,0,0,1113142,161636
2026-10-04T14:10:04Z,recommendationservice,recommendationservice,0,0,0,0,0,0,0
2026-10-04T14:10:04Z,recommendationservice,redis-cart,0,0,0,0,0,0,0
2026-10-04T14:10:04Z,recommendationservice,shippingservice,0,0,0,0,0,0,0
2026-10-04T14:10:04Z,redis-cart,adservice,0,0,0,0,0,0,0
2026-10-04T14:10:04Z,redis-cart,cartservice,0,0,0,0,0,0,0
2026-10-04T14:10:04Z,redis-cart,checkoutservice,0,0,0,0,0,0,0
2026-10-04T14:10:04Z,redis-cart,currencyservice,0,0,0,0,0,0,0
2026-10-04T14:10:04Z,redis-cart,emailservice,0,0,0,0,0,0,0
2026-10-04T14:10:04Z,redis-cart,frontend,0,0,0,0,0,0,0
2026-10-04T14:10:04Z,redis-cart,kubernetes,0,0,0,0,0,0,0
2026-10-04T14:10:04Z,redis-cart,paymentservice,0,0,0,0,0,0,0
2026-10-04T14:10:04Z,redis-cart,productcatalogservice,0,0,0,0,0,0,0
2026-10-04T14:10:04Z,redis-cart,recommendationservice,0,0,0,0,0,0,0
2026-10-04T14:10:04Z,redis-cart,redis-cart,0,0,0,0,0,0,0
2026-10-04T14:10:04Z,redis-cart,shippingservice,0,0,0,0,0,0,0
2026-10-04T14:10:04Z,shippingservice,adservice,0,0,0,0,0,0,0
2026-10-04T14:10:04Z,shippingservice,cartservice,0,0,0,0,0,0,0
2026-10-04T14:10:04Z,shippingservice,checkoutservice,0,0,0,0,0,0,0
2026-10-04T14:10:04Z,shippingservice,currencyservice,0,0,0,0,0,0,0
2026-10-04T14:10:04Z,shippingservice,emailservice,0,0,0,0,0,0,0
2026-10-04T14:10:04Z,shippingservice,frontend,0,0,0,0,0,0,0
2026-10-04T14:10:04Z,shippingservice,kubernetes,0,0,0,0,0,0,0
2026-10-04T14:10:04Z,shippingservice,paymentservice,0,0,0,0,0,0,0
2026-10-04T14:10:04Z,shippingservice,productcatalogservice,0,0,0,0,0,0,0
2026-10-04T14:10:04Z,shippingservice,recommendationservice,0,0,0,0,0,0,0
2026-10-04T14:10:04Z,shippingservice,redis-cart,0,0,0,0,0,0,0
2026-10-04T14:10:04Z,shippingservice,shippingservice,0,0,0,0,0,0,0
2026-10-04T14:10:05Z,adservice,adservice,0,0,0,0,0,0,0
2026-10-04T14:10:05Z,adservice,cartservice,0,0,0,0,0,0,0
2026-10-04T14:10:05Z,adservice,checkoutservice,0,0,0,0,0,0,0
2026-10-04T14:10:05Z,adservice,currencyservice,0,0,0,0,0,0,0
2026-10-04T14:10:05Z,adservice,emailservice,0,0,0,0,0,0,0
2026-10-04T14:10:05Z,adservice,frontend,0,0,0,0,0,0,0
2026-10-04T14:10:05Z,adservice,kubernetes,0,0,0,0,0,0,0
2026-10-04T14:10:05Z,adservice,paymentservice,0,0,0,0,0,0,0
2026-10-04T14:10:05Z,adservice,productcatalogservice,0,0,0,0,0,0,0
2026-10-04T14:10:05Z,adservice,recommendationservice,0,0,0,0,0,0,0
2026-10-04T14:10:05Z,adservice,redis-cart,0,0,0,0,0,0,0
2026-10-04T14:10:05Z,adservice,shippingservice,0,0,0,0,0,0,0
2026-10-04T14:10:05Z,cartservice,adservice,0,0,0,0,0,0,0
2026-10-04T14:10:05Z,cartservice,cartservice,0,0,0,0,0,0,0
2026-10-04T14:10:05Z,cartservice,checkoutservice,0,0,0,0,0,0,0
2026-10-04T14:10:05Z,cartservice,currencyservice,0,0,0,0,0,0,0
2026-10-04T14:10:05Z,cartservice,emailservice,0,0,0,0,0,0,0
2026-10-04T14:10:05Z,cartservice,frontend,0,0,0,0,0,0,0
2026-10-04T14:10:05Z,cartservice,kubernetes,0,0,0,0,0,0,0
2026-10-04T14:10:05Z,cartservice,paymentservice,0,0,0,0,0,0,0
2026-10-04T14:10:05Z,cartservice,productcatalogservice,0,0,0,0,0,0,0
2026-10-04T14:10:05Z,cartservice,recommendationservice,0,0,0,0,0,0,0
2026-10-04T14:10:05Z,cartservice,redis-cart,2,0,0,0,0,0,0
2026-10-04T14:10:05Z,cartservice,shippingservice,0,0,0,0,0,0,0
2026-10-04T14:10:05Z,checkoutservice,adservice,0,0,0,0,0,0,0
2026-10-04T14:10:05Z,checkoutservice,cartservice,59989,59058,0,100,0,695605,58723
2026-10-04T14:10:05Z,checkoutservice,checkoutservice,0,0,0,0,0,0,0
2026-10-04T14:10:05Z,checkoutservice,currencyservice,41392,41392,0,0,0,565087,41225
2026-10-04T14:10:05Z,checkoutservice,emailservice,12630,12341,0,66,0,419742,12175
2026-10-04T14:10:05Z,checkoutservice,frontend,0,0,0,0,0,0,0
2026-10-04T14:10:05Z,checkoutservice,kubernetes,0,0,0,0,0,0,0
2026-10-04T14:10:05Z,checkoutservice,paymentservice,34658,32810,0,192,0,434926,32495
2026-10-04T14:10:05Z,checkoutservice,productcatalogservice,0,0,0,0,0,0,0
2026-10-04T14:10:05Z,checkoutservice,recommendationservice,0,0,0,0,0,0,0
2026-10-04T14:10:05Z,checkoutservice,redis-cart,0,0,0,0,0,0,0
2026-10-04T14:10:05Z,checkoutservice,shippingservice,65300,63197,0,154,0,510248,62861
2026-10-04T14:10:05Z,currencyservice,adservice,0,0,0,0,0,0,0
2026-10-04T14:10:05Z,currencyservice,cartservice,0,0,0,0,0,0,0
2026-10-04T14:10:05Z,currencyservice,checkoutservice,0,0,0,0,0,0,0
2026-10-04T14:10:05Z,currencyservice,currencyservice,0,0,0,0,0,0,0
2026-10-04T14:10:05Z,currencyservice,emailservice,0,0,0,0,0,0,0
2026-10-04T14:10:05Z,currencyservice,frontend,0,0,0,0,0,0,0
2026-10-04T14:10:05Z,currencyservice,kubernetes,0,0,0,0,0,0,0
2026-10-04T14:10:05Z,currencyservice,paymentservice,0,0,0,0,0,0,0
2026-10-04T14:10:05Z,currencyservice,productcatalogservice,0,0,0,0,0,0,0
2026-10-04T14:10:05Z,currencyservice,recommendationservice,0,0,0,0,0,0,0
2026-10-04T14:10:05Z,currencyservice,redis-cart,0,0,0,0,0,0,0
2026-10-04T14:10:05Z,currencyservice,shippingservice,0,0,0,0,0,0,0
2026-10-04T14:10:05Z,emailservice,adservice,0,0,0,0,0,0,0
2026-10-04T14:10:05Z,emailservice,cartservice,0,0,0,0,0,0,0
2026-10-04T14:10:05Z,emailservice,checkoutservice,0,0,0,0,0,0,0
2026-10-04T14:10:05Z,emailservice,currencyservice,0,0,0,0,0,0,0
2026-10-04T14:10:05Z,emailservice,emailservice,0,0,0,0,0,0,0
2026-10-04T14:10:05Z,emailservice,frontend,0,0,0,0,0,0,0
2026-10-04T14:10:05Z,emailservice,kubernetes,0,0,0,0,0,0,0
2026-10-04T14:10:05Z,emailservice,paymentservice,0,0,0,0,0,0,0
2026-10-04T14:10:05Z,emailservice,productcatalogservice,0,0,0,0,0,0,0
2026-10-04T14:10:05Z,emailservice,recommendationservice,0,0,0,0,0,0,0
2026-10-04T14:10:05Z,emailservice,redis-cart,0,0,0,0,0,0,0
2026-10-04T14:10:05Z,emailservice,shippingservice,0,0,0,0,0,0,0
2026-10-04T14:10:05Z,frontend,adservice,849547,849545,0,0,0,2559552,849309
2026-10-04T14:10:05Z,frontend,cartservice,1893509,1893497,0,0,4,10480108,1892861
2026-10-04T14:10:05Z,frontend,checkoutservice,400386,190409,0,40061,169946,62762096,190317
2026-10-04T14:10:05Z,frontend,currencyservice,3009280,3009268,0,0,0,15852976,3008255
2026-10-04T14:10:05Z,frontend,emailservice,0,0,0,0,0,0,0
2026-10-04T14:10:05Z,frontend,frontend,0,0,0,0,0,0,0
2026-10-04T14:10:05Z,frontend,kubernetes,0,0,0,0,0,0,0
2026-10-04T14:10:05Z,frontend,paymentservice,0,0,0,0,0,0,0
2026-10-04T14:10:05Z,frontend,productcatalogservice,8433241,8433166,0,0,0,57579506,8430625
2026-10-04T14:10:05Z,frontend,recommendationservice,2754091,1672066,0,113758,965745,834893126,1671519
2026-10-04T14:10:05Z,frontend,redis-cart,0,0,0,0,0,0,0
2026-10-04T14:10:05Z,frontend,shippingservice,311434,311432,0,0,0,943008,311351
2026-10-04T14:10:05Z,paymentservice,adservice,0,0,0,0,0,0,0
2026-10-04T14:10:05Z,paymentservice,cartservice,0,0,0,0,0,0,0
2026-10-04T14:10:05Z,paymentservice,checkoutservice,0,0,0,0,0,0,0
2026-10-04T14:10:05Z,paymentservice,currencyservice,0,0,0,0,0,0,0
2026-10-04T14:10:05Z,paymentservice,emailservice,0,0,0,0,0,0,0
2026-10-04T14:10:05Z,paymentservice,frontend,0,0,0,0,0,0,0
2026-10-04T14:10:05Z,paymentservice,kubernetes,0,0,0,0,0,0,0
2026-10-04T14:10:05Z,paymentservice,paymentservice,0,0,0,0,0,0,0
2026-10-04T14:10:05Z,paymentservice,productcatalogservice,0,0,0,0,0,0,0
2026-10-04T14:10:05Z,paymentservice,recommendationservice,0,0,0,0,0,0,0
2026-10-04T14:10:05Z,paymentservice,redis-cart,0,0,0,0,0,0,0
2026-10-04T14:10:05Z,paymentservice,shippingservice,0,0,0,0,0,0,0
2026-10-04T14:10:05Z,productcatalogservice,adservice,0,0,0,0,0,0,0
2026-10-04T14:10:05Z,productcatalogservice,cartservice,0,0,0,0,0,0,0
2026-10-04T14:10:05Z,productcatalogservice,checkoutservice,0,0,0,0,0,0,0
2026-10-04T14:10:05Z,productcatalogservice,currencyservice,0,0,0,0,0,0,0
2026-10-04T14:10:05Z,productcatalogservice,emailservice,0,0,0,0,0,0,0
2026-10-04T14:10:05Z,productcatalogservice,frontend,0,0,0,0,0,0,0
2026-10-04T14:10:05Z,productcatalogservice,kubernetes,0,0,0,0,0,0,0
2026-10-04T14:10:05Z,productcatalogservice,paymentservice,0,0,0,0,0,0,0
2026-10-04T14:10:05Z,productcatalogservice,productcatalogservice,0,0,0,0,0,0,0
2026-10-04T14:10:05Z,productcatalogservice,recommendationservice,0,0,0,0,0,0,0
2026-10-04T14:10:05Z,productcatalogservice,redis-cart,0,0,0,0,0,0,0
2026-10-04T14:10:05Z,productcatalogservice,shippingservice,0,0,0,0,0,0,0
2026-10-04T14:10:05Z,recommendationservice,adservice,0,0,0,0,0,0,0
2026-10-04T14:10:05Z,recommendationservice,cartservice,0,0,0,0,0,0,0
2026-10-04T14:10:05Z,recommendationservice,checkoutservice,0,0,0,0,0,0,0
2026-10-04T14:10:05Z,recommendationservice,currencyservice,0,0,0,0,0,0,0
2026-10-04T14:10:05Z,recommendationservice,emailservice,0,0,0,0,0,0,0
2026-10-04T14:10:05Z,recommendationservice,frontend,0,0,0,0,0,0,0
2026-10-04T14:10:05Z,recommendationservice,kubernetes,0,0,0,0,0,0,0
2026-10-04T14:10:05Z,recommendationservice,paymentservice,0,0,0,0,0,0,0
2026-10-04T14:10:05Z,recommendationservice,productcatalogservice,163642,163637,0,0,0,1123582,163600
2026-10-04T14:10:05Z,recommendationservice,recommendationservice,0,0,0,0,0,0,0
2026-10-04T14:10:05Z,recommendationservice,redis-cart,0,0,0,0,0,0,0
2026-10-04T14:10:05Z,recommendationservice,shippingservice,0,0,0,0,0,0,0
2026-10-04T14:10:05Z,redis-cart,adservice,0,0,0,0,0,0,0
2026-10-04T14:10:05Z,redis-cart,cartservice,0,0,0,0,0,0,0
2026-10-04T14:10:05Z,redis-cart,checkoutservice,0,0,0,0,0,0,0
2026-10-04T14:10:05Z,redis-cart,currencyservice,0,0,0,0,0,0,0
2026-10-04T14:10:05Z,redis-cart,emailservice,0,0,0,0,0,0,0
2026-10-04T14:10:05Z,redis-cart,frontend,0,0,0,0,0,0,0
2026-10-04T14:10:05Z,redis-cart,kubernetes,0,0,0,0,0,0,0
2026-10-04T14:10:05Z,redis-cart,paymentservice,0,0,0,0,0,0,0
2026-10-04T14:10:05Z,redis-cart,productcatalogservice,0,0,0,0,0,0,0
2026-10-04T14:10:05Z,redis-cart,recommendationservice,0,0,0,0,0,0,0
2026-10-04T14:10:05Z,redis-cart,redis-cart,0,0,0,0,0,0,0
2026-10-04T14:10:05Z,redis-cart,shippingservice,0,0,0,0,0,0,0
2026-10-04T14:10:05Z,shippingservice,adservice,0,0,0,0,0,0,0
2026-10-04T14:10:05Z,shippingservice,cartservice,0,0,0,0,0,0,0
2026-10-04T14:10:05Z,shippingservice,checkoutservice,0,0,0,0,0,0,0
2026-10-04T14:10:05Z,shippingservice,currencyservice,0,0,0,0,0,0,0
2026-10-04T14:10:05Z,shippingservice,emailservice,0,0,0,0,0,0,0
2026-10-04T14:10:05Z,shippingservice,frontend,0,0,0,0,0,0,0
2026-10-04T14:10:05Z,shippingservice,kubernetes,0,0,0,0,0,0,0
2026-10-04T14:10:05Z,shippingservice,paymentservice,0,0,0,0,0,0,0
2026-10-04T14:10:05Z,shippingservice,productcatalogservice,0,0,0,0,0,0,0
2026-10-04T14:10:05Z,shippingservice,recommendationservice,0,0,0,0,0,0,0
2026-10-04T14:10:05Z,shippingservice,redis-cart,0,0,0,0,0,0,0
2026-10-04T14:10:05Z,shippingservice,shippingservice,0,0,0,0,0,0,0
2026-10-04T14:10:06Z,adservice,adservice,0,0,0,0,0,0,0
2026-10-04T14:10:06Z,adservice,cartservice,0,0,0,0,0,0,0
2026-10-04T14:10:06Z,adservice,checkoutservice,0,0,0,0,0,0,0
2026-10-04T14:10:06Z,adservice,currencyservice,0,0,0,0,0,0,0
2026-10-04T14:10:06Z,adservice,emailservice,0,0,0,0,0,0,0
2026-10-04T14:10:06Z,adservice,frontend,0,0,0,0,0,0,0
2026-10-04T14:10:06Z,adservice,kubernetes,0,0,0,0,0,0,0
2026-10-04T14:10:06Z,adservice,paymentservice,0,0,0,0,0,0,0
2026-10-04T14:10:06Z,adservice,productcatalogservice,0,0,0,0,0,0,0
2026-10-04T14:10:06Z,adservice,recommendationservice,0,0,0,0,0,0,0
2026-10-04T14:10:06Z,adservice,redis-cart,0,0,0,0,0,0,0
2026-10-04T14:10:06Z,adservice,shippingservice,0,0,0,0,0,0,0
2026-10-04T14:10:06Z,cartservice,adservice,0,0,0,0,0,0,0
2026-10-04T14:10:06Z,cartservice,cartservice,0,0,0,0,0,0,0
2026-10-04T14:10:06Z,cartservice,checkoutservice,0,0,0,0,0,0,0
2026-10-04T14:10:06Z,cartservice,currencyservice,0,0,0,0,0,0,0
2026-10-04T14:10:06Z,cartservice,emailservice,0,0,0,0,0,0,0
2026-10-04T14:10:06Z,cartservice,frontend,0,0,0,0,0,0,0
2026-10-04T14:10:06Z,cartservice,kubernetes,0,0,0,0,0,0,0
2026-10-04T14:10:06Z,cartservice,paymentservice,0,0,0,0,0,0,0
2026-10-04T14:10:06Z,cartservice,productcatalogservice,0,0,0,0,0,0,0
2026-10-04T14:10:06Z,cartservice,recommendationservice,0,0,0,0,0,0,0
2026-10-04T14:10:06Z,cartservice,redis-cart,2,0,0,0,0,0,0
2026-10-04T14:10:06Z,cartservice,shippingservice,0,0,0,0,0,0,0
2026-10-04T14:10:06Z,checkoutservice,adservice,0,0,0,0,0,0,0
2026-10-04T14:10:06Z,checkoutservice,cartservice,60096,59164,0,100,0,695605,58723
2026-10-04T14:10:06Z,checkoutservice,checkoutservice,0,0,0,0,0,0,0
2026-10-04T14:10:06Z,checkoutservice,currencyservice,41451,41449,0,0,0,565087,41225
2026-10-04T14:10:06Z,checkoutservice,emailservice,12676,12388,0,66,0,419742,12175
2026-10-04T14:10:06Z,checkoutservice,frontend,0,0,0,0,0,0,0
2026-10-04T14:10:06Z,checkoutservice,kubernetes,0,0,0,0,0,0,0
2026-10-04T14:10:06Z,checkoutservice,paymentservice,34713,32864,0,192,0,434926,32495
2026-10-04T14:10:06Z,checkoutservice,productcatalogservice,0,0,0,0,0,0,0
2026-10-04T14:10:06Z,checkoutservice,recommendationservice,0,0,0,0,0,0,0
2026-10-04T14:10:06Z,checkoutservice,redis-cart,0,0,0,0,0,0,0
2026-10-04T14:10:06Z,checkoutservice,shippingservice,65410,63305,0,154,0,510248,62861
2026-10-04T14:10:06Z,currencyservice,adservice,0,0,0,0,0,0,0
2026-10-04T14:10:06Z,currencyservice,cartservice,0,0,0,0,0,0,0
2026-10-04T14:10:06Z,currencyservice,checkoutservice,0,0,0,0,0,0,0
2026-10-04T14:10:06Z,currencyservice,currencyservice,0,0,0,0,0,0,0
2026-10-04T14:10:06Z,currencyservice,emailservice,0,0,0,0,0,0,0
2026-10-04T14:10:06Z,currencyservice,frontend,0,0,0,0,0,0,0
2026-10-04T14:10:06Z,currencyservice,kubernetes,0,0,0,0,0,0,0
2026-10-04T14:10:06Z,currencyservice,paymentservice,0,0,0,0,0,0,0
2026-10-04T14:10:06Z,currencyservice,productcatalogservice,0,0,0,0,0,0,0
2026-10-04T14:10:06Z,currencyservice,recommendationservice,0,0,0,0,0,0,0
2026-10-04T14:10:06Z,currencyservice,redis-cart,0,0,0,0,0,0,0
2026-10-04T14:10:06Z,currencyservice,shippingservice,0,0,0,0,0,0,0
2026-10-04T14:10:06Z,emailservice,adservice,0,0,0,0,0,0,0
2026-10-04T14:10:06Z,emailservice,cartservice,0,0,0,0,0,0,0
2026-10-04T14:10:06Z,emailservice,checkoutservice,0,0,0,0,0,0,0
2026-10-04T14:10:06Z,emailservice,currencyservice,0,0,0,0,0,0,0
2026-10-04T14:10:06Z,emailservice,emailservice,0,0,0,0,0,0,0
2026-10-04T14:10:06Z,emailservice,frontend,0,0,0,0,0,0,0
2026-10-04T14:10:06Z,emailservice,kubernetes,0,0,0,0,0,0,0
2026-10-04T14:10:06Z,emailservice,paymentservice,0,0,0,0,0,0,0
2026-10-04T14:10:06Z,emailservice,productcatalogservice,0,0,0,0,0,0,0
2026-10-04T14:10:06Z,emailservice,recommendationservice,0,0,0,0,0,0,0
2026-10-04T14:10:06Z,emailservice,redis-cart,0,0,0,0,0,0,0
2026-10-04T14:10:06Z,emailservice,shippingservice,0,0,0,0,0,0,0
2026-10-04T14:10:06Z,frontend,adservice,849691,849687,0,0,0,2559552,849309
2026-10-04T14:10:06Z,frontend,cartservice,1893921,1893908,0,0,4,10480108,1892861
2026-10-04T14:10:06Z,frontend,checkoutservice,400439,190460,0,40061,169946,62762096,190317
2026-10-04T14:10:06Z,frontend,currencyservice,3009921,3009904,0,0,0,15852976,3008255
2026-10-04T14:10:06Z,frontend,emailservice,0,0,0,0,0,0,0
2026-10-04T14:10:06Z,frontend,frontend,0,0,0,0,0,0,0
2026-10-04T14:10:06Z,frontend,kubernetes,0,0,0,0,0,0,0
2026-10-04T14:10:06Z,frontend,paymentservice,0,0,0,0,0,0,0
2026-10-04T14:10:06Z,frontend,productcatalogservice,8434849,8434785,0,0,0,57579506,8430625
2026-10-04T14:10:06Z,frontend,recommendationservice,2754815,1672427,0,113810,966056,834893126,1671519
2026-10-04T14:10:06Z,frontend,redis-cart,0,0,0,0,0,0,0
2026-10-04T14:10:06Z,frontend,shippingservice,311494,311492,0,0,0,943008,311351
2026-10-04T14:10:06Z,paymentservice,adservice,0,0,0,0,0,0,0
2026-10-04T14:10:06Z,paymentservice,cartservice,0,0,0,0,0,0,0
2026-10-04T14:10:06Z,paymentservice,checkoutservice,0,0,0,0,0,0,0
2026-10-04T14:10:06Z,paymentservice,currencyservice,0,0,0,0,0,0,0
2026-10-04T14:10:06Z,paymentservice,emailservice,0,0,0,0,0,0,0
2026-10-04T14:10:06Z,paymentservice,frontend,0,0,0,0,0,0,0
2026-10-04T14:10:06Z,paymentservice,kubernetes,0,0,0,0,0,0,0
2026-10-04T14:10:06Z,paymentservice,paymentservice,0,0,0,0,0,0,0
2026-10-04T14:10:06Z,paymentservice,productcatalogservice,0,0,0,0,0,0,0
2026-10-04T14:10:06Z,paymentservice,recommendationservice,0,0,0,0,0,0,0
2026-10-04T14:10:06Z,paymentservice,redis-cart,0,0,0,0,0,0,0
2026-10-04T14:10:06Z,paymentservice,shippingservice,0,0,0,0,0,0,0
2026-10-04T14:10:06Z,productcatalogservice,adservice,0,0,0,0,0,0,0
2026-10-04T14:10:06Z,productcatalogservice,cartservice,0,0,0,0,0,0,0
2026-10-04T14:10:06Z,productcatalogservice,checkoutservice,0,0,0,0,0,0,0
2026-10-04T14:10:06Z,productcatalogservice,currencyservice,0,0,0,0,0,0,0
2026-10-04T14:10:06Z,productcatalogservice,emailservice,0,0,0,0,0,0,0
2026-10-04T14:10:06Z,productcatalogservice,frontend,0,0,0,0,0,0,0
2026-10-04T14:10:06Z,productcatalogservice,kubernetes,0,0,0,0,0,0,0
2026-10-04T14:10:06Z,productcatalogservice,paymentservice,0,0,0,0,0,0,0
2026-10-04T14:10:06Z,productcatalogservice,productcatalogservice,0,0,0,0,0,0,0
2026-10-04T14:10:06Z,productcatalogservice,recommendationservice,0,0,0,0,0,0,0
2026-10-04T14:10:06Z,productcatalogservice,redis-cart,0,0,0,0,0,0,0
2026-10-04T14:10:06Z,productcatalogservice,shippingservice,0,0,0,0,0,0,0
2026-10-04T14:10:06Z,recommendationservice,adservice,0,0,0,0,0,0,0
2026-10-04T14:10:06Z,recommendationservice,cartservice,0,0,0,0,0,0,0
2026-10-04T14:10:06Z,recommendationservice,checkoutservice,0,0,0,0,0,0,0
2026-10-04T14:10:06Z,recommendationservice,currencyservice,0,0,0,0,0,0,0
2026-10-04T14:10:06Z,recommendationservice,emailservice,0,0,0,0,0,0,0
2026-10-04T14:10:06Z,recommendationservice,frontend,0,0,0,0,0,0,0
2026-10-04T14:10:06Z,recommendationservice,kubernetes,0,0,0,0,0,0,0
2026-10-04T14:10:06Z,recommendationservice,paymentservice,0,0,0,0,0,0,0
2026-10-04T14:10:06Z,recommendationservice,productcatalogservice,164051,164051,0,0,0,1123582,163600
2026-10-04T14:10:06Z,recommendationservice,recommendationservice,0,0,0,0,0,0,0
2026-10-04T14:10:06Z,recommendationservice,redis-cart,0,0,0,0,0,0,0
2026-10-04T14:10:06Z,recommendationservice,shippingservice,0,0,0,0,0,0,0
2026-10-04T14:10:06Z,redis-cart,adservice,0,0,0,0,0,0,0
2026-10-04T14:10:06Z,redis-cart,cartservice,0,0,0,0,0,0,0
2026-10-04T14:10:06Z,redis-cart,checkoutservice,0,0,0,0,0,0,0
2026-10-04T14:10:06Z,redis-cart,currencyservice,0,0,0,0,0,0,0
2026-10-04T14:10:06Z,redis-cart,emailservice,0,0,0,0,0,0,0
2026-10-04T14:10:06Z,redis-cart,frontend,0,0,0,0,0,0,0
2026-10-04T14:10:06Z,redis-cart,kubernetes,0,0,0,0,0,0,0
2026-10-04T14:10:06Z,redis-cart,paymentservice,0,0,0,0,0,0,0
2026-10-04T14:10:06Z,redis-cart,productcatalogservice,0,0,0,0,0,0,0
2026-10-04T14:10:06Z,redis-cart,recommendationservice,0,0,0,0,0,0,0
2026-10-04T14:10:06Z,redis-cart,redis-cart,0,0,0,0,0,0,0
2026-10-04T14:10:06Z,redis-cart,shippingservice,0,0,0,0,0,0,0
2026-10-04T14:10:06Z,shippingservice,adservice,0,0,0,0,0,0,0
2026-10-04T14:10:06Z,shippingservice,cartservice,0,0,0,0,0,0,0
2026-10-04T14:10:06Z,shippingservice,checkoutservice,0,0,0,0,0,0,0
2026-10-04T14:10:06Z,shippingservice,currencyservice,0,0,0,0,0,0,0
2026-10-04T14:10:06Z,shippingservice,emailservice,0,0,0,0,0,0,0
2026-10-04T14:10:06Z,shippingservice,frontend,0,0,0,0,0,0,0
2026-10-04T14:10:06Z,shippingservice,kubernetes,0,0,0,0,0,0,0
2026-10-04T14:10:06Z,shippingservice,paymentservice,0,0,0,0,0,0,0
2026-10-04T14:10:06Z,shippingservice,productcatalogservice,0,0,0,0,0,0,0
2026-10-04T14:10:06Z,shippingservice,recommendationservice,0,0,0,0,0,0,0
2026-10-04T14:10:06Z,shippingservice,redis-cart,0,0,0,0,0,0,0
2026-10-04T14:10:06Z,shippingservice,shippingservice,0,0,0,0,0,0,0
2026-10-04T14:10:07Z,adservice,adservice,0,0,0,0,0,0,0
2026-10-04T14:10:07Z,adservice,cartservice,0,0,0,0,0,0,0
2026-10-04T14:10:07Z,adservice,checkoutservice,0,0,0,0,0,0,0
2026-10-04T14:10:07Z,adservice,currencyservice,0,0,0,0,0,0,0
2026-10-04T14:10:07Z,adservice,emailservice,0,0,0,0,0,0,0
2026-10-04T14:10:07Z,adservice,frontend,0,0,0,0,0,0,0
2026-10-04T14:10:07Z,adservice,kubernetes,0,0,0,0,0,0,0
2026-10-04T14:10:07Z,adservice,paymentservice,0,0,0,0,0,0,0
2026-10-04T14:10:07Z,adservice,productcatalogservice,0,0,0,0,0,0,0
2026-10-04T14:10:07Z,adservice,recommendationservice,0,0,0,0,0,0,0
2026-10-04T14:10:07Z,adservice,redis-cart,0,0,0,0,0,0,0
2026-10-04T14:10:07Z,adservice,shippingservice,0,0,0,0,0,0,0
2026-10-04T14:10:07Z,cartservice,adservice,0,0,0,0,0,0,0
2026-10-04T14:10:07Z,cartservice,cartservice,0,0,0,0,0,0,0
2026-10-04T14:10:07Z,cartservice,checkoutservice,0,0,0,0,0,0,0
2026-10-04T14:10:07Z,cartservice,currencyservice,0,0,0,0,0,0,0
2026-10-04T14:10:07Z,cartservice,emailservice,0,0,0,0,0,0,0
2026-10-04T14:10:07Z,cartservice,frontend,0,0,0,0,0,0,0
2026-10-04T14:10:07Z,cartservice,kubernetes,0,0,0,0,0,0,0
2026-10-04T14:10:07Z,cartservice,paymentservice,0,0,0,0,0,0,0
2026-10-04T14:10:07Z,cartservice,productcatalogservice,0,0,0,0,0,0,0
2026-10-04T14:10:07Z,cartservice,recommendationservice,0,0,0,0,0,0,0
2026-10-04T14:10:07Z,cartservice,redis-cart,2,0,0,0,0,0,0
2026-10-04T14:10:07Z,cartservice,shippingservice,0,0,0,0,0,0,0
2026-10-04T14:10:07Z,checkoutservice,adservice,0,0,0,0,0,0,0
2026-10-04T14:10:07Z,checkoutservice,cartservice,60188,59257,0,100,0,697934,59229
2026-10-04T14:10:07Z,checkoutservice,checkoutservice,0,0,0,0,0,0,0
2026-10-04T14:10:07Z,checkoutservice,currencyservice,41494,41493,0,0,0,566141,41478
2026-10-04T14:10:07Z,checkoutservice,emailservice,12726,12438,0,66,0,425744,12428
2026-10-04T14:10:07Z,checkoutservice,frontend,0,0,0,0,0,0,0
2026-10-04T14:10:07Z,checkoutservice,kubernetes,0,0,0,0,0,0,0
2026-10-04T14:10:07Z,checkoutservice,paymentservice,34755,32907,0,192,0,435831,32748
2026-10-04T14:10:07Z,checkoutservice,productcatalogservice,0,0,0,0,0,0,0
2026-10-04T14:10:07Z,checkoutservice,recommendationservice,0,0,0,0,0,0,0
2026-10-04T14:10:07Z,checkoutservice,redis-cart,0,0,0,0,0,0,0
2026-10-04T14:10:07Z,checkoutservice,shippingservice,65498,63395,0,154,0,511353,63367
2026-10-04T14:10:07Z,currencyservice,adservice,0,0,0,0,0,0,0
2026-10-04T14:10:07Z,currencyservice,cartservice,0,0,0,0,0,0,0
2026-10-04T14:10:07Z,currencyservice,checkoutservice,0,0,0,0,0,0,0
2026-10-04T14:10:07Z,currencyservice,currencyservice,0,0,0,0,0,0,0
2026-10-04T14:10:07Z,currencyservice,emailservice,0,0,0,0,0,0,0
2026-10-04T14:10:07Z,currencyservice,frontend,0,0,0,0,0,0,0
2026-10-04T14:10:07Z,currencyservice,kubernetes,0,0,0,0,0,0,0
2026-10-04T14:10:07Z,currencyservice,paymentservice,0,0,0,0,0,0,0
2026-10-04T14:10:07Z,currencyservice,productcatalogservice,0,0,0,0,0,0,0
2026-10-04T14:10:07Z,currencyservice,recommendationservice,0,0,0,0,0,0,0
2026-10-04T14:10:07Z,currencyservice,redis-cart,0,0,0,0,0,0,0
2026-10-04T14:10:07Z,currencyservice,shippingservice,0,0,0,0,0,0,0
2026-10-04T14:10:07Z,emailservice,adservice,0,0,0,0,0,0,0
2026-10-04T14:10:07Z,emailservice,cartservice,0,0,0,0,0,0,0
2026-10-04T14:10:07Z,emailservice,checkoutservice,0,0,0,0,0,0,0
2026-10-04T14:10:07Z,emailservice,currencyservice,0,0,0,0,0,0,0
2026-10-04T14:10:07Z,emailservice,emailservice,0,0,0,0,0,0,0
2026-10-04T14:10:07Z,emailservice,frontend,0,0,0,0,0,0,0
2026-10-04T14:10:07Z,emailservice,kubernetes,0,0,0,0,0,0,0
2026-10-04T14:10:07Z,emailservice,paymentservice,0,0,0,0,0,0,0
2026-10-04T14:10:07Z,emailservice,productcatalogservice,0,0,0,0,0,0,0
2026-10-04T14:10:07Z,emailservice,recommendationservice,0,0,0,0,0,0,0
2026-10-04T14:10:07Z,emailservice,redis-cart,0,0,0,0,0,0,0
2026-10-04T14:10:07Z,emailservice,shippingservice,0,0,0,0,0,0,0
2026-10-04T14:10:07Z,frontend,adservice,849804,849801,0,0,0,2559552,849309
2026-10-04T14:10:07Z,frontend,cartservice,1894314,1894300,0,0,4,10480108,1892861
2026-10-04T14:10:07Z,frontend,checkoutservice,400486,190511,0,40061,169946,62762096,190317
2026-10-04T14:10:07Z,frontend,currencyservice,3010523,3010513,0,0,0,15852976,3008255
2026-10-04T14:10:07Z,frontend,emailservice,0,0,0,0,0,0,0
2026-10-04T14:10:07Z,frontend,frontend,0,0,0,0,0,0,0
2026-10-04T14:10:07Z,frontend,kubernetes,0,0,0,0,0,0,0
2026-10-04T14:10:07Z,frontend,paymentservice,0,0,0,0,0,0,0
2026-10-04T14:10:07Z,frontend,productcatalogservice,8436174,8436101,0,0,0,57579506,8430625
2026-10-04T14:10:07Z,frontend,recommendationservice,2755608,1672737,0,113848,966465,834893126,1671519
2026-10-04T14:10:07Z,frontend,redis-cart,0,0,0,0,0,0,0
2026-10-04T14:10:07Z,frontend,shippingservice,311535,311533,0,0,0,943008,311351
2026-10-04T14:10:07Z,paymentservice,adservice,0,0,0,0,0,0,0
2026-10-04T14:10:07Z,paymentservice,cartservice,0,0,0,0,0,0,0
2026-10-04T14:10:07Z,paymentservice,checkoutservice,0,0,0,0,0,0,0
2026-10-04T14:10:07Z,paymentservice,currencyservice,0,0,0,0,0,0,0
2026-10-04T14:10:07Z,paymentservice,emailservice,0,0,0,0,0,0,0
2026-10-04T14:10:07Z,paymentservice,frontend,0,0,0,0,0,0,0
2026-10-04T14:10:07Z,paymentservice,kubernetes,0,0,0,0,0,0,0
2026-10-04T14:10:07Z,paymentservice,paymentservice,0,0,0,0,0,0,0
2026-10-04T14:10:07Z,paymentservice,productcatalogservice,0,0,0,0,0,0,0
2026-10-04T14:10:07Z,paymentservice,recommendationservice,0,0,0,0,0,0,0
2026-10-04T14:10:07Z,paymentservice,redis-cart,0,0,0,0,0,0,0
2026-10-04T14:10:07Z,paymentservice,shippingservice,0,0,0,0,0,0,0
2026-10-04T14:10:07Z,productcatalogservice,adservice,0,0,0,0,0,0,0
2026-10-04T14:10:07Z,productcatalogservice,cartservice,0,0,0,0,0,0,0
2026-10-04T14:10:07Z,productcatalogservice,checkoutservice,0,0,0,0,0,0,0
2026-10-04T14:10:07Z,productcatalogservice,currencyservice,0,0,0,0,0,0,0
2026-10-04T14:10:07Z,productcatalogservice,emailservice,0,0,0,0,0,0,0
2026-10-04T14:10:07Z,productcatalogservice,frontend,0,0,0,0,0,0,0
2026-10-04T14:10:07Z,productcatalogservice,kubernetes,0,0,0,0,0,0,0
2026-10-04T14:10:07Z,productcatalogservice,paymentservice,0,0,0,0,0,0,0
2026-10-04T14:10:07Z,productcatalogservice,productcatalogservice,0,0,0,0,0,0,0
2026-10-04T14:10:07Z,productcatalogservice,recommendationservice,0,0,0,0,0,0,0
2026-10-04T14:10:07Z,productcatalogservice,redis-cart,0,0,0,0,0,0,0
2026-10-04T14:10:07Z,productcatalogservice,shippingservice,0,0,0,0,0,0,0
2026-10-04T14:10:07Z,recommendationservice,adservice,0,0,0,0,0,0,0
2026-10-04T14:10:07Z,recommendationservice,cartservice,0,0,0,0,0,0,0
2026-10-04T14:10:07Z,recommendationservice,checkoutservice,0,0,0,0,0,0,0
2026-10-04T14:10:07Z,recommendationservice,currencyservice,0,0,0,0,0,0,0
2026-10-04T14:10:07Z,recommendationservice,emailservice,0,0,0,0,0,0,0
2026-10-04T14:10:07Z,recommendationservice,frontend,0,0,0,0,0,0,0
2026-10-04T14:10:07Z,recommendationservice,kubernetes,0,0,0,0,0,0,0
2026-10-04T14:10:07Z,recommendationservice,paymentservice,0,0,0,0,0,0,0
2026-10-04T14:10:07Z,recommendationservice,productcatalogservice,164470,164464,0,0,0,1123582,163600
2026-10-04T14:10:07Z,recommendationservice,recommendationservice,0,0,0,0,0,0,0
2026-10-04T14:10:07Z,recommendationservice,redis-cart,0,0,0,0,0,0,0
2026-10-04T14:10:07Z,recommendationservice,shippingservice,0,0,0,0,0,0,0
2026-10-04T14:10:07Z,redis-cart,adservice,0,0,0,0,0,0,0
2026-10-04T14:10:07Z,redis-cart,cartservice,0,0,0,0,0,0,0
2026-10-04T14:10:07Z,redis-cart,checkoutservice,0,0,0,0,0,0,0
2026-10-04T14:10:07Z,redis-cart,currencyservice,0,0,0,0,0,0,0
2026-10-04T14:10:07Z,redis-cart,emailservice,0,0,0,0,0,0,0
2026-10-04T14:10:07Z,redis-cart,frontend,0,0,0,0,0,0,0
2026-10-04T14:10:07Z,redis-cart,kubernetes,0,0,0,0,0,0,0
2026-10-04T14:10:07Z,redis-cart,paymentservice,0,0,0,0,0,0,0
2026-10-04T14:10:07Z,redis-cart,productcatalogservice,0,0,0,0,0,0,0
2026-10-04T14:10:07Z,redis-cart,recommendationservice,0,0,0,0,0,0,0
2026-10-04T14:10:07Z,redis-cart,redis-cart,0,0,0,0,0,0,0
2026-10-04T14:10:07Z,redis-cart,shippingservice,0,0,0,0,0,0,0
2026-10-04T14:10:07Z,shippingservice,adservice,0,0,0,0,0,0,0
2026-10-04T14:10:07Z,shippingservice,cartservice,0,0,0,0,0,0,0
2026-10-04T14:10:07Z,shippingservice,checkoutservice,0,0,0,0,0,0,0
2026-10-04T14:10:07Z,shippingservice,currencyservice,0,0,0,0,0,0,0
2026-10-04T14:10:07Z,shippingservice,emailservice,0,0,0,0,0,0,0
2026-10-04T14:10:07Z,shippingservice,frontend,0,0,0,0,0,0,0
2026-10-04T14:10:07Z,shippingservice,kubernetes,0,0,0,0,0,0,0
2026-10-04T14:10:07Z,shippingservice,paymentservice,0,0,0,0,0,0,0
2026-10-04T14:10:07Z,shippingservice,productcatalogservice,0,0,0,0,0,0,0
2026-10-04T14:10:07Z,shippingservice,recommendationservice,0,0,0,0,0,0,0
2026-10-04T14:10:07Z,shippingservice,redis-cart,0,0,0,0,0,0,0
2026-10-04T14:10:07Z,shippingservice,shippingservice,0,0,0,0,0,0,0
2026-10-04T14:10:08Z,adservice,adservice,0,0,0,0,0,0,0
2026-10-04T14:10:08Z,adservice,cartservice,0,0,0,0,0,0,0
2026-10-04T14:10:08Z,adservice,checkoutservice,0,0,0,0,0,0,0
2026-10-04T14:10:08Z,adservice,currencyservice,0,0,0,0,0,0,0
2026-10-04T14:10:08Z,adservice,emailservice,0,0,0,0,0,0,0
2026-10-04T14:10:08Z,adservice,frontend,0,0,0,0,0,0,0
2026-10-04T14:10:08Z,adservice,kubernetes,0,0,0,0,0,0,0
2026-10-04T14:10:08Z,adservice,paymentservice,0,0,0,0,0,0,0
2026-10-04T14:10:08Z,adservice,productcatalogservice,0,0,0,0,0,0,0
2026-10-04T14:10:08Z,adservice,recommendationservice,0,0,0,0,0,0,0
2026-10-04T14:10:08Z,adservice,redis-cart,0,0,0,0,0,0,0
2026-10-04T14:10:08Z,adservice,shippingservice,0,0,0,0,0,0,0
2026-10-04T14:10:08Z,cartservice,adservice,0,0,0,0,0,0,0
2026-10-04T14:10:08Z,cartservice,cartservice,0,0,0,0,0,0,0
2026-10-04T14:10:08Z,cartservice,checkoutservice,0,0,0,0,0,0,0
2026-10-04T14:10:08Z,cartservice,currencyservice,0,0,0,0,0,0,0
2026-10-04T14:10:08Z,cartservice,emailservice,0,0,0,0,0,0,0
2026-10-04T14:10:08Z,cartservice,frontend,0,0,0,0,0,0,0
2026-10-04T14:10:08Z,cartservice,kubernetes,0,0,0,0,0,0,0
2026-10-04T14:10:08Z,cartservice,paymentservice,0,0,0,0,0,0,0
2026-10-04T14:10:08Z,cartservice,productcatalogservice,0,0,0,0,0,0,0
2026-10-04T14:10:08Z,cartservice,recommendationservice,0,0,0,0,0,0,0
2026-10-04T14:10:08Z,cartservice,redis-cart,2,0,0,0,0,0,0
2026-10-04T14:10:08Z,cartservice,shippingservice,0,0,0,0,0,0,0
2026-10-04T14:10:08Z,checkoutservice,adservice,0,0,0,0,0,0,0
2026-10-04T14:10:08Z,checkoutservice,cartservice,60277,59346,0,100,0,697934,59229
2026-10-04T14:10:08Z,checkoutservice,checkoutservice,0,0,0,0,0,0,0
2026-10-04T14:10:08Z,checkoutservice,currencyservice,41536,41536,0,0,0,566141,41478
2026-10-04T14:10:08Z,checkoutservice,emailservice,12774,12486,0,66,0,425744,12428
2026-10-04T14:10:08Z,checkoutservice,frontend,0,0,0,0,0,0,0
2026-10-04T14:10:08Z,checkoutservice,kubernetes,0,0,0,0,0,0,0
2026-10-04T14:10:08Z,checkoutservice,paymentservice,34802,32954,0,192,0,435831,32748
2026-10-04T14:10:08Z,checkoutservice,productcatalogservice,0,0,0,0,0,0,0
2026-10-04T14:10:08Z,checkoutservice,recommendationservice,0,0,0,0,0,0,0
2026-10-04T14:10:08Z,checkoutservice,redis-cart,0,0,0,0,0,0,0
2026-10-04T14:10:08Z,checkoutservice,shippingservice,65588,63485,0,154,0,511353,63367
2026-10-04T14:10:08Z,currencyservice,adservice,0,0,0,0,0,0,0
2026-10-04T14:10:08Z,currencyservice,cartservice,0,0,0,0,0,0,0
2026-10-04T14:10:08Z,currencyservice,checkoutservice,0,0,0,0,0,0,0
2026-10-04T14:10:08Z,currencyservice,currencyservice,0,0,0,0,0,0,0
2026-10-04T14:10:08Z,currencyservice,emailservice,0,0,0,0,0,0,0
2026-10-04T14:10:08Z,currencyservice,frontend,0,0,0,0,0,0,0
2026-10-04T14:10:08Z,currencyservice,kubernetes,0,0,0,0,0,0,0
2026-10-04T14:10:08Z,currencyservice,paymentservice,0,0,0,0,0,0,0
2026-10-04T14:10:08Z,currencyservice,productcatalogservice,0,0,0,0,0,0,0
2026-10-04T14:10:08Z,currencyservice,recommendationservice,0,0,0,0,0,0,0
2026-10-04T14:10:08Z,currencyservice,redis-cart,0,0,0,0,0,0,0
2026-10-04T14:10:08Z,currencyservice,shippingservice,0,0,0,0,0,0,0
2026-10-04T14:10:08Z,emailservice,adservice,0,0,0,0,0,0,0
2026-10-04T14:10:08Z,emailservice,cartservice,0,0,0,0,0,0,0
2026-10-04T14:10:08Z,emailservice,checkoutservice,0,0,0,0,0,0,0
2026-10-04T14:10:08Z,emailservice,currencyservice,0,0,0,0,0,0,0
2026-10-04T14:10:08Z,emailservice,emailservice,0,0,0,0,0,0,0
2026-10-04T14:10:08Z,emailservice,frontend,0,0,0,0,0,0,0
2026-10-04T14:10:08Z,emailservice,kubernetes,0,0,0,0,0,0,0
2026-10-04T14:10:08Z,emailservice,paymentservice,0,0,0,0,0,0,0
2026-10-04T14:10:08Z,emailservice,productcatalogservice,0,0,0,0,0,0,0
2026-10-04T14:10:08Z,emailservice,recommendationservice,0,0,0,0,0,0,0
2026-10-04T14:10:08Z,emailservice,redis-cart,0,0,0,0,0,0,0
2026-10-04T14:10:08Z,emailservice,shippingservice,0,0,0,0,0,0,0
2026-10-04T14:10:08Z,frontend,adservice,849899,849897,0,0,0,2559937,849437
2026-10-04T14:10:08Z,frontend,cartservice,1894661,1894648,0,0,4,10482280,1893323
2026-10-04T14:10:08Z,frontend,checkoutservice,400526,190560,0,40061,169946,62768894,190377
2026-10-04T14:10:08Z,frontend,currencyservice,3011062,3011051,0,0,0,15855766,3008935
2026-10-04T14:10:08Z,frontend,emailservice,0,0,0,0,0,0,0
2026-10-04T14:10:08Z,frontend,frontend,0,0,0,0,0,0,0
2026-10-04T14:10:08Z,frontend,kubernetes,0,0,0,0,0,0,0
2026-10-04T14:10:08Z,frontend,paymentservice,0,0,0,0,0,0,0
2026-10-04T14:10:08Z,frontend,productcatalogservice,8437281,8437213,0,0,0,57589797,8432144
2026-10-04T14:10:08Z,frontend,recommendationservice,2756377,1673020,0,113899,966890,835225981,1671919
2026-10-04T14:10:08Z,frontend,redis-cart,0,0,0,0,0,0,0
2026-10-04T14:10:08Z,frontend,shippingservice,311572,311570,0,0,0,943114,311400
2026-10-04T14:10:08Z,paymentservice,adservice,0,0,0,0,0,0,0
2026-10-04T14:10:08Z,paymentservice,cartservice,0,0,0,0,0,0,0
2026-10-04T14:10:08Z,paymentservice,checkoutservice,0,0,0,0,0,0,0
2026-10-04T14:10:08Z,paymentservice,currencyservice,0,0,0,0,0,0,0
2026-10-04T14:10:08Z,paymentservice,emailservice,0,0,0,0,0,0,0
2026-10-04T14:10:08Z,paymentservice,frontend,0,0,0,0,0,0,0
2026-10-04T14:10:08Z,paymentservice,kubernetes,0,0,0,0,0,0,0
2026-10-04T14:10:08Z,paymentservice,paymentservice,0,0,0,0,0,0,0
2026-10-04T14:10:08Z,paymentservice,productcatalogservice,0,0,0,0,0,0,0
2026-10-04T14:10:08Z,paymentservice,recommendationservice,0,0,0,0,0,0,0
2026-10-04T14:10:08Z,paymentservice,redis-cart,0,0,0,0,0,0,0
2026-10-04T14:10:08Z,paymentservice,shippingservice,0,0,0,0,0,0,0
2026-10-04T14:10:08Z,productcatalogservice,adservice,0,0,0,0,0,0,0
2026-10-04T14:10:08Z,productcatalogservice,cartservice,0,0,0,0,0,0,0
2026-10-04T14:10:08Z,productcatalogservice,checkoutservice,0,0,0,0,0,0,0
2026-10-04T14:10:08Z,productcatalogservice,currencyservice,0,0,0,0,0,0,0
2026-10-04T14:10:08Z,productcatalogservice,emailservice,0,0,0,0,0,0,0
2026-10-04T14:10:08Z,productcatalogservice,frontend,0,0,0,0,0,0,0
2026-10-04T14:10:08Z,productcatalogservice,kubernetes,0,0,0,0,0,0,0
2026-10-04T14:10:08Z,productcatalogservice,paymentservice,0,0,0,0,0,0,0
2026-10-04T14:10:08Z,productcatalogservice,productcatalogservice,0,0,0,0,0,0,0
2026-10-04T14:10:08Z,productcatalogservice,recommendationservice,0,0,0,0,0,0,0
2026-10-04T14:10:08Z,productcatalogservice,redis-cart,0,0,0,0,0,0,0
2026-10-04T14:10:08Z,productcatalogservice,shippingservice,0,0,0,0,0,0,0
2026-10-04T14:10:08Z,recommendationservice,adservice,0,0,0,0,0,0,0
2026-10-04T14:10:08Z,recommendationservice,cartservice,0,0,0,0,0,0,0
2026-10-04T14:10:08Z,recommendationservice,checkoutservice,0,0,0,0,0,0,0
2026-10-04T14:10:08Z,recommendationservice,currencyservice,0,0,0,0,0,0,0
2026-10-04T14:10:08Z,recommendationservice,emailservice,0,0,0,0,0,0,0
2026-10-04T14:10:08Z,recommendationservice,frontend,0,0,0,0,0,0,0
2026-10-04T14:10:08Z,recommendationservice,kubernetes,0,0,0,0,0,0,0
2026-10-04T14:10:08Z,recommendationservice,paymentservice,0,0,0,0,0,0,0
2026-10-04T14:10:08Z,recommendationservice,productcatalogservice,164869,164867,0,0,0,1123582,163600
2026-10-04T14:10:08Z,recommendationservice,recommendationservice,0,0,0,0,0,0,0
2026-10-04T14:10:08Z,recommendationservice,redis-cart,0,0,0,0,0,0,0
2026-10-04T14:10:08Z,recommendationservice,shippingservice,0,0,0,0,0,0,0
2026-10-04T14:10:08Z,redis-cart,adservice,0,0,0,0,0,0,0
2026-10-04T14:10:08Z,redis-cart,cartservice,0,0,0,0,0,0,0
2026-10-04T14:10:08Z,redis-cart,checkoutservice,0,0,0,0,0,0,0
2026-10-04T14:10:08Z,redis-cart,currencyservice,0,0,0,0,0,0,0
2026-10-04T14:10:08Z,redis-cart,emailservice,0,0,0,0,0,0,0
2026-10-04T14:10:08Z,redis-cart,frontend,0,0,0,0,0,0,0
2026-10-04T14:10:08Z,redis-cart,kubernetes,0,0,0,0,0,0,0
2026-10-04T14:10:08Z,redis-cart,paymentservice,0,0,0,0,0,0,0
2026-10-04T14:10:08Z,redis-cart,productcatalogservice,0,0,0,0,0,0,0
2026-10-04T14:10:08Z,redis-cart,recommendationservice,0,0,0,0,0,0,0
2026-10-04T14:10:08Z,redis-cart,redis-cart,0,0,0,0,0,0,0
2026-10-04T14:10:08Z,redis-cart,shippingservice,0,0,0,0,0,0,0
2026-10-04T14:10:08Z,shippingservice,adservice,0,0,0,0,0,0,0
2026-10-04T14:10:08Z,shippingservice,cartservice,0,0,0,0,0,0,0
2026-10-04T14:10:08Z,shippingservice,checkoutservice,0,0,0,0,0,0,0
2026-10-04T14:10:08Z,shippingservice,currencyservice,0,0,0,0,0,0,0
2026-10-04T14:10:08Z,shippingservice,emailservice,0,0,0,0,0,0,0
2026-10-04T14:10:08Z,shippingservice,frontend,0,0,0,0,0,0,0
2026-10-04T14:10:08Z,shippingservice,kubernetes,0,0,0,0,0,0,0
2026-10-04T14:10:08Z,shippingservice,paymentservice,0,0,0,0,0,0,0
2026-10-04T14:10:08Z,shippingservice,productcatalogservice,0,0,0,0,0,0,0
2026-10-04T14:10:08Z,shippingservice,recommendationservice,0,0,0,0,0,0,0
2026-10-04T14:10:08Z,shippingservice,redis-cart,0,0,0,0,0,0,0
2026-10-04T14:10:08Z,shippingservice,shippingservice,0,0,0,0,0,0,0
2026-10-04T14:10:09Z,adservice,adservice,0,0,0,0,0,0,0
2026-10-04T14:10:09Z,adservice,cartservice,0,0,0,0,0,0,0
2026-10-04T14:10:09Z,adservice,checkoutservice,0,0,0,0,0,0,0
2026-10-04T14:10:09Z,adservice,currencyservice,0,0,0,0,0,0,0
2026-10-04T14:10:09Z,adservice,emailservice,0,0,0,0,0,0,0
2026-10-04T14:10:09Z,adservice,frontend,0,0,0,0,0,0,0
2026-10-04T14:10:09Z,adservice,kubernetes,0,0,0,0,0,0,0
2026-10-04T14:10:09Z,adservice,paymentservice,0,0,0,0,0,0,0
2026-10-04T14:10:09Z,adservice,productcatalogservice,0,0,0,0,0,0,0
2026-10-04T14:10:09Z,adservice,recommendationservice,0,0,0,0,0,0,0
2026-10-04T14:10:09Z,adservice,redis-cart,0,0,0,0,0,0,0
2026-10-04T14:10:09Z,adservice,shippingservice,0,0,0,0,0,0,0
2026-10-04T14:10:09Z,cartservice,adservice,0,0,0,0,0,0,0
2026-10-04T14:10:09Z,cartservice,cartservice,0,0,0,0,0,0,0
2026-10-04T14:10:09Z,cartservice,checkoutservice,0,0,0,0,0,0,0
2026-10-04T14:10:09Z,cartservice,currencyservice,0,0,0,0,0,0,0
2026-10-04T14:10:09Z,cartservice,emailservice,0,0,0,0,0,0,0
2026-10-04T14:10:09Z,cartservice,frontend,0,0,0,0,0,0,0
2026-10-04T14:10:09Z,cartservice,kubernetes,0,0,0,0,0,0,0
2026-10-04T14:10:09Z,cartservice,paymentservice,0,0,0,0,0,0,0
2026-10-04T14:10:09Z,cartservice,productcatalogservice,0,0,0,0,0,0,0
2026-10-04T14:10:09Z,cartservice,recommendationservice,0,0,0,0,0,0,0
2026-10-04T14:10:09Z,cartservice,redis-cart,2,0,0,0,0,0,0
2026-10-04T14:10:09Z,cartservice,shippingservice,0,0,0,0,0,0,0
2026-10-04T14:10:09Z,checkoutservice,adservice,0,0,0,0,0,0,0
2026-10-04T14:10:09Z,checkoutservice,cartservice,60381,59450,0,100,0,697934,59229
2026-10-04T14:10:09Z,checkoutservice,checkoutservice,0,0,0,0,0,0,0
2026-10-04T14:10:09Z,checkoutservice,currencyservice,41588,41588,0,0,0,566141,41478
2026-10-04T14:10:09Z,checkoutservice,emailservice,12826,12538,0,66,0,425744,12428
2026-10-04T14:10:09Z,checkoutservice,frontend,0,0,0,0,0,0,0
2026-10-04T14:10:09Z,checkoutservice,kubernetes,0,0,0,0,0,0,0
2026-10-04T14:10:09Z,checkoutservice,paymentservice,34854,33006,0,192,0,435831,32748
2026-10-04T14:10:09Z,checkoutservice,productcatalogservice,0,0,0,0,0,0,0
2026-10-04T14:10:09Z,checkoutservice,recommendationservice,0,0,0,0,0,0,0
2026-10-04T14:10:09Z,checkoutservice,redis-cart,0,0,0,0,0,0,0
2026-10-04T14:10:09Z,checkoutservice,shippingservice,65692,63589,0,154,0,511353,63367
2026-10-04T14:10:09Z,currencyservice,adservice,0,0,0,0,0,0,0
2026-10-04T14:10:09Z,currencyservice,cartservice,0,0,0,0,0,0,0
2026-10-04T14:10:09Z,currencyservice,checkoutservice,0,0,0,0,0,0,0
2026-10-04T14:10:09Z,currencyservice,currencyservice,0,0,0,0,0,0,0
2026-10-04T14:10:09Z,currencyservice,emailservice,0,0,0,0,0,0,0
2026-10-04T14:10:09Z,currencyservice,frontend,0,0,0,0,0,0,0
2026-10-04T14:10:09Z,currencyservice,kubernetes,0,0,0,0,0,0,0
2026-10-04T14:10:09Z,currencyservice,paymentservice,0,0,0,0,0,0,0
2026-10-04T14:10:09Z,currencyservice,productcatalogservice,0,0,0,0,0,0,0
2026-10-04T14:10:09Z,currencyservice,recommendationservice,0,0,0,0,0,0,0
2026-10-04T14:10:09Z,currencyservice,redis-cart,0,0,0,0,0,0,0
2026-10-04T14:10:09Z,currencyservice,shippingservice,0,0,0,0,0,0,0
2026-10-04T14:10:09Z,emailservice,adservice,0,0,0,0,0,0,0
2026-10-04T14:10:09Z,emailservice,cartservice,0,0,0,0,0,0,0
2026-10-04T14:10:09Z,emailservice,checkoutservice,0,0,0,0,0,0,0
2026-10-04T14:10:09Z,emailservice,currencyservice,0,0,0,0,0,0,0
2026-10-04T14:10:09Z,emailservice,emailservice,0,0,0,0,0,0,0
2026-10-04T14:10:09Z,emailservice,frontend,0,0,0,0,0,0,0
2026-10-04T14:10:09Z,emailservice,kubernetes,0,0,0,0,0,0,0
2026-10-04T14:10:09Z,emailservice,paymentservice,0,0,0,0,0,0,0
2026-10-04T14:10:09Z,emailservice,productcatalogservice,0,0,0,0,0,0,0
2026-10-04T14:10:09Z,emailservice,recommendationservice,0,0,0,0,0,0,0
2026-10-04T14:10:09Z,emailservice,redis-cart,0,0,0,0,0,0,0
2026-10-04T14:10:09Z,emailservice,shippingservice,0,0,0,0,0,0,0
2026-10-04T14:10:09Z,frontend,adservice,849998,849993,0,0,0,2561057,849788
2026-10-04T14:10:09Z,frontend,cartservice,1895039,1895025,0,0,4,10486807,1894343
2026-10-04T14:10:09Z,frontend,checkoutservice,400572,190605,0,40061,169946,62784426,190512
2026-10-04T14:10:09Z,frontend,currencyservice,3011640,3011630,0,0,0,15861883,3010579
2026-10-04T14:10:09Z,frontend,emailservice,0,0,0,0,0,0,0
2026-10-04T14:10:09Z,frontend,frontend,0,0,0,0,0,0,0
2026-10-04T14:10:09Z,frontend,kubernetes,0,0,0,0,0,0,0
2026-10-04T14:10:09Z,frontend,paymentservice,0,0,0,0,0,0,0
2026-10-04T14:10:09Z,frontend,productcatalogservice,8438561,8438491,0,0,0,57611051,8435999
2026-10-04T14:10:09Z,frontend,recommendationservice,2757150,1673343,0,113950,967302,835896031,1672766
2026-10-04T14:10:09Z,frontend,redis-cart,0,0,0,0,0,0,0
2026-10-04T14:10:09Z,frontend,shippingservice,311622,311620,0,0,0,943433,311528
2026-10-04T14:10:09Z,paymentservice,adservice,0,0,0,0,0,0,0
2026-10-04T14:10:09Z,paymentservice,cartservice,0,0,0,0,0,0,0
2026-10-04T14:10:09Z,paymentservice,checkoutservice,0,0,0,0,0,0,0
2026-10-04T14:10:09Z,paymentservice,currencyservice,0,0,0,0,0,0,0
2026-10-04T14:10:09Z,paymentservice,emailservice,0,0,0,0,0,0,0
2026-10-04T14:10:09Z,paymentservice,frontend,0,0,0,0,0,0,0
2026-10-04T14:10:09Z,paymentservice,kubernetes,0,0,0,0,0,0,0
2026-10-04T14:10:09Z,paymentservice,paymentservice,0,0,0,0,0,0,0
2026-10-04T14:10:09Z,paymentservice,productcatalogservice,0,0,0,0,0,0,0
2026-10-04T14:10:09Z,paymentservice,recommendationservice,0,0,0,0,0,0,0
2026-10-04T14:10:09Z,paymentservice,redis-cart,0,0,0,0,0,0,0
2026-10-04T14:10:09Z,paymentservice,shippingservice,0,0,0,0,0,0,0
2026-10-04T14:10:09Z,productcatalogservice,adservice,0,0,0,0,0,0,0
2026-10-04T14:10:09Z,productcatalogservice,cartservice,0,0,0,0,0,0,0
2026-10-04T14:10:09Z,productcatalogservice,checkoutservice,0,0,0,0,0,0,0
2026-10-04T14:10:09Z,productcatalogservice,currencyservice,0,0,0,0,0,0,0
2026-10-04T14:10:09Z,productcatalogservice,emailservice,0,0,0,0,0,0,0
2026-10-04T14:10:09Z,productcatalogservice,frontend,0,0,0,0,0,0,0
2026-10-04T14:10:09Z,productcatalogservice,kubernetes,0,0,0,0,0,0,0
2026-10-04T14:10:09Z,productcatalogservice,paymentservice,0,0,0,0,0,0,0
2026-10-04T14:10:09Z,productcatalogservice,productcatalogservice,0,0,0,0,0,0,0
2026-10-04T14:10:09Z,productcatalogservice,recommendationservice,0,0,0,0,0,0,0
2026-10-04T14:10:09Z,productcatalogservice,redis-cart,0,0,0,0,0,0,0
2026-10-04T14:10:09Z,productcatalogservice,shippingservice,0,0,0,0,0,0,0
2026-10-04T14:10:09Z,recommendationservice,adservice,0,0,0,0,0,0,0
2026-10-04T14:10:09Z,recommendationservice,cartservice,0,0,0,0,0,0,0
2026-10-04T14:10:09Z,recommendationservice,checkoutservice,0,0,0,0,0,0,0
2026-10-04T14:10:09Z,recommendationservice,currencyservice,0,0,0,0,0,0,0
2026-10-04T14:10:09Z,recommendationservice,emailservice,0,0,0,0,0,0,0
2026-10-04T14:10:09Z,recommendationservice,frontend,0,0,0,0,0,0,0
2026-10-04T14:10:09Z,recommendationservice,kubernetes,0,0,0,0,0,0,0
2026-10-04T14:10:09Z,recommendationservice,paymentservice,0,0,0,0,0,0,0
2026-10-04T14:10:09Z,recommendationservice,productcatalogservice,165250,165248,0,0,0,1123582,163600
2026-10-04T14:10:09Z,recommendationservice,recommendationservice,0,0,0,0,0,0,0
2026-10-04T14:10:09Z,recommendationservice,redis-cart,0,0,0,0,0,0,0
2026-10-04T14:10:09Z,recommendationservice,shippingservice,0,0,0,0,0,0,0
2026-10-04T14:10:09Z,redis-cart,adservice,0,0,0,0,0,0,0
2026-10-04T14:10:09Z,redis-cart,cartservice,0,0,0,0,0,0,0
2026-10-04T14:10:09Z,redis-cart,checkoutservice,0,0,0,0,0,0,0
2026-10-04T14:10:09Z,redis-cart,currencyservice,0,0,0,0,0,0,0
2026-10-04T14:10:09Z,redis-cart,emailservice,0,0,0,0,0,0,0
2026-10-04T14:10:09Z,redis-cart,frontend,0,0,0,0,0,0,0
2026-10-04T14:10:09Z,redis-cart,kubernetes,0,0,0,0,0,0,0
2026-10-04T14:10:09Z,redis-cart,paymentservice,0,0,0,0,0,0,0
2026-10-04T14:10:09Z,redis-cart,productcatalogservice,0,0,0,0,0,0,0
2026-10-04T14:10:09Z,redis-cart,recommendationservice,0,0,0,0,0,0,0
2026-10-04T14:10:09Z,redis-cart,redis-cart,0,0,0,0,0,0,0
2026-10-04T14:10:09Z,redis-cart,shippingservice,0,0,0,0,0,0,0
2026-10-04T14:10:09Z,shippingservice,adservice,0,0,0,0,0,0,0
2026-10-04T14:10:09Z,shippingservice,cartservice,0,0,0,0,0,0,0
2026-10-04T14:10:09Z,shippingservice,checkoutservice,0,0,0,0,0,0,0
2026-10-04T14:10:09Z,shippingservice,currencyservice,0,0,0,0,0,0,0
2026-10-04T14:10:09Z,shippingservice,emailservice,0,0,0,0,0,0,0
2026-10-04T14:10:09Z,shippingservice,frontend,0,0,0,0,0,0,0
2026-10-04T14:10:09Z,shippingservice,kubernetes,0,0,0,0,0,0,0
2026-10-04T14:10:09Z,shippingservice,paymentservice,0,0,0,0,0,0,0
2026-10-04T14:10:09Z,shippingservice,productcatalogservice,0,0,0,0,0,0,0
2026-10-04T14:10:09Z,shippingservice,recommendationservice,0,0,0,0,0,0,0
2026-10-04T14:10:09Z,shippingservice,redis-cart,0,0,0,0,0,0,0
2026-10-04T14:10:09Z,shippingservice,shippingservice,0,0,0,0,0,0,0
2026-10-04T14:10:10Z,adservice,adservice,0,0,0,0,0,0,0
2026-10-04T14:10:10Z,adservice,cartservice,0,0,0,0,0,0,0
2026-10-04T14:10:10Z,adservice,checkoutservice,0,0,0,0,0,0,0
2026-10-04T14:10:10Z,adservice,currencyservice,0,0,0,0,0,0,0
2026-10-04T14:10:10Z,adservice,emailservice,0,0,0,0,0,0,0
2026-10-04T14:10:10Z,adservice,frontend,0,0,0,0,0,0,0
2026-10-04T14:10:10Z,adservice,kubernetes,0,0,0,0,0,0,0
2026-10-04T14:10:10Z,adservice,paymentservice,0,0,0,0,0,0,0
2026-10-04T14:10:10Z,adservice,productcatalogservice,0,0,0,0,0,0,0
2026-10-04T14:10:10Z,adservice,recommendationservice,0,0,0,0,0,0,0
2026-10-04T14:10:10Z,adservice,redis-cart,0,0,0,0,0,0,0
2026-10-04T14:10:10Z,adservice,shippingservice,0,0,0,0,0,0,0
2026-10-04T14:10:10Z,cartservice,adservice,0,0,0,0,0,0,0
2026-10-04T14:10:10Z,cartservice,cartservice,0,0,0,0,0,0,0
2026-10-04T14:10:10Z,cartservice,checkoutservice,0,0,0,0,0,0,0
2026-10-04T14:10:10Z,cartservice,currencyservice,0,0,0,0,0,0,0
2026-10-04T14:10:10Z,cartservice,emailservice,0,0,0,0,0,0,0
2026-10-04T14:10:10Z,cartservice,frontend,0,0,0,0,0,0,0
2026-10-04T14:10:10Z,cartservice,kubernetes,0,0,0,0,0,0,0
2026-10-04T14:10:10Z,cartservice,paymentservice,0,0,0,0,0,0,0
2026-10-04T14:10:10Z,cartservice,productcatalogservice,0,0,0,0,0,0,0
2026-10-04T14:10:10Z,cartservice,recommendationservice,0,0,0,0,0,0,0
2026-10-04T14:10:10Z,cartservice,redis-cart,2,0,0,0,0,0,0
2026-10-04T14:10:10Z,cartservice,shippingservice,0,0,0,0,0,0,0
2026-10-04T14:10:10Z,checkoutservice,adservice,0,0,0,0,0,0,0
2026-10-04T14:10:10Z,checkoutservice,cartservice,60479,59546,0,100,0,697934,59229
2026-10-04T14:10:10Z,checkoutservice,checkoutservice,0,0,0,0,0,0,0
2026-10-04T14:10:10Z,checkoutservice,currencyservice,41639,41639,0,0,0,566141,41478
2026-10-04T14:10:10Z,checkoutservice,emailservice,12868,12579,0,66,0,425744,12428
2026-10-04T14:10:10Z,checkoutservice,frontend,0,0,0,0,0,0,0
2026-10-04T14:10:10Z,checkoutservice,kubernetes,0,0,0,0,0,0,0
2026-10-04T14:10:10Z,checkoutservice,paymentservice,34902,33053,0,192,0,435831,32748
2026-10-04T14:10:10Z,checkoutservice,productcatalogservice,0,0,0,0,0,0,0
2026-10-04T14:10:10Z,checkoutservice,recommendationservice,0,0,0,0,0,0,0
2026-10-04T14:10:10Z,checkoutservice,redis-cart,0,0,0,0,0,0,0
2026-10-04T14:10:10Z,checkoutservice,shippingservice,65790,63687,0,154,0,511353,63367
2026-10-04T14:10:10Z,currencyservice,adservice,0,0,0,0,0,0,0
2026-10-04T14:10:10Z,currencyservice,cartservice,0,0,0,0,0,0,0
2026-10-04T14:10:10Z,currencyservice,checkoutservice,0,0,0,0,0,0,0
2026-10-04T14:10:10Z,currencyservice,currencyservice,0,0,0,0,0,0,0
2026-10-04T14:10:10Z,currencyservice,emailservice,0,0,0,0,0,0,0
2026-10-04T14:10:10Z,currencyservice,frontend,0,0,0,0,0,0,0
2026-10-04T14:10:10Z,currencyservice,kubernetes,0,0,0,0,0,0,0
2026-10-04T14:10:10Z,currencyservice,paymentservice,0,0,0,0,0,0,0
2026-10-04T14:10:10Z,currencyservice,productcatalogservice,0,0,0,0,0,0,0
2026-10-04T14:10:10Z,currencyservice,recommendationservice,0,0,0,0,0,0,0
2026-10-04T14:10:10Z,currencyservice,redis-cart,0,0,0,0,0,0,0
2026-10-04T14:10:10Z,currencyservice,shippingservice,0,0,0,0,0,0,0
2026-10-04T14:10:10Z,emailservice,adservice,0,0,0,0,0,0,0
2026-10-04T14:10:10Z,emailservice,cartservice,0,0,0,0,0,0,0
2026-10-04T14:10:10Z,emailservice,checkoutservice,0,0,0,0,0,0,0
2026-10-04T14:10:10Z,emailservice,currencyservice,0,0,0,0,0,0,0
2026-10-04T14:10:10Z,emailservice,emailservice,0,0,0,0,0,0,0
2026-10-04T14:10:10Z,emailservice,frontend,0,0,0,0,0,0,0
2026-10-04T14:10:10Z,emailservice,kubernetes,0,0,0,0,0,0,0
2026-10-04T14:10:10Z,emailservice,paymentservice,0,0,0,0,0,0,0
2026-10-04T14:10:10Z,emailservice,productcatalogservice,0,0,0,0,0,0,0
2026-10-04T14:10:10Z,emailservice,recommendationservice,0,0,0,0,0,0,0
2026-10-04T14:10:10Z,emailservice,redis-cart,0,0,0,0,0,0,0
2026-10-04T14:10:10Z,emailservice,shippingservice,0,0,0,0,0,0,0
2026-10-04T14:10:10Z,frontend,adservice,850120,850118,0,0,0,2561410,849918
2026-10-04T14:10:10Z,frontend,cartservice,1895412,1895399,0,0,4,10488825,1894756
2026-10-04T14:10:10Z,frontend,checkoutservice,400625,190653,0,40061,169946,62792031,190574
2026-10-04T14:10:10Z,frontend,currencyservice,3012207,3012196,0,0,0,15864726,3011225
2026-10-04T14:10:10Z,frontend,emailservice,0,0,0,0,0,0,0
2026-10-04T14:10:10Z,frontend,frontend,0,0,0,0,0,0,0
2026-10-04T14:10:10Z,frontend,kubernetes,0,0,0,0,0,0,0
2026-10-04T14:10:10Z,frontend,paymentservice,0,0,0,0,0,0,0
2026-10-04T14:10:10Z,frontend,productcatalogservice,8439918,8439848,0,0,0,57622053,8437562
2026-10-04T14:10:10Z,frontend,recommendationservice,2757925,1673667,0,114008,967709,836182356,1673101
2026-10-04T14:10:10Z,frontend,redis-cart,0,0,0,0,0,0,0
2026-10-04T14:10:10Z,frontend,shippingservice,311660,311658,0,0,0,943581,311585
2026-10-04T14:10:10Z,paymentservice,adservice,0,0,0,0,0,0,0
2026-10-04T14:10:10Z,paymentservice,cartservice,0,0,0,0,0,0,0
2026-10-04T14:10:10Z,paymentservice,checkoutservice,0,0,0,0,0,0,0
2026-10-04T14:10:10Z,paymentservice,currencyservice,0,0,0,0,0,0,0
2026-10-04T14:10:10Z,paymentservice,emailservice,0,0,0,0,0,0,0
2026-10-04T14:10:10Z,paymentservice,frontend,0,0,0,0,0,0,0
2026-10-04T14:10:10Z,paymentservice,kubernetes,0,0,0,0,0,0,0
2026-10-04T14:10:10Z,paymentservice,paymentservice,0,0,0,0,0,0,0
2026-10-04T14:10:10Z,paymentservice,productcatalogservice,0,0,0,0,0,0,0
2026-10-04T14:10:10Z,paymentservice,recommendationservice,0,0,0,0,0,0,0
2026-10-04T14:10:10Z,paymentservice,redis-cart,0,0,0,0,0,0,0
2026-10-04T14:10:10Z,paymentservice,shippingservice,0,0,0,0,0,0,0
2026-10-04T14:10:10Z,productcatalogservice,adservice,0,0,0,0,0,0,0
2026-10-04T14:10:10Z,productcatalogservice,cartservice,0,0,0,0,0,0,0
2026-10-04T14:10:10Z,productcatalogservice,checkoutservice,0,0,0,0,0,0,0
2026-10-04T14:10:10Z,productcatalogservice,currencyservice,0,0,0,0,0,0,0
2026-10-04T14:10:10Z,productcatalogservice,emailservice,0,0,0,0,0,0,0
2026-10-04T14:10:10Z,productcatalogservice,frontend,0,0,0,0,0,0,0
2026-10-04T14:10:10Z,productcatalogservice,kubernetes,0,0,0,0,0,0,0
2026-10-04T14:10:10Z,productcatalogservice,paymentservice,0,0,0,0,0,0,0
2026-10-04T14:10:10Z,productcatalogservice,productcatalogservice,0,0,0,0,0,0,0
2026-10-04T14:10:10Z,productcatalogservice,recommendationservice,0,0,0,0,0,0,0
2026-10-04T14:10:10Z,productcatalogservice,redis-cart,0,0,0,0,0,0,0
2026-10-04T14:10:10Z,productcatalogservice,shippingservice,0,0,0,0,0,0,0
2026-10-04T14:10:10Z,recommendationservice,adservice,0,0,0,0,0,0,0
2026-10-04T14:10:10Z,recommendationservice,cartservice,0,0,0,0,0,0,0
2026-10-04T14:10:10Z,recommendationservice,checkoutservice,0,0,0,0,0,0,0
2026-10-04T14:10:10Z,recommendationservice,currencyservice,0,0,0,0,0,0,0
2026-10-04T14:10:10Z,recommendationservice,emailservice,0,0,0,0,0,0,0
2026-10-04T14:10:10Z,recommendationservice,frontend,0,0,0,0,0,0,0
2026-10-04T14:10:10Z,recommendationservice,kubernetes,0,0,0,0,0,0,0
2026-10-04T14:10:10Z,recommendationservice,paymentservice,0,0,0,0,0,0,0
2026-10-04T14:10:10Z,recommendationservice,productcatalogservice,165615,165615,0,0,0,1134003,165578
2026-10-04T14:10:10Z,recommendationservice,recommendationservice,0,0,0,0,0,0,0
2026-10-04T14:10:10Z,recommendationservice,redis-cart,0,0,0,0,0,0,0
2026-10-04T14:10:10Z,recommendationservice,shippingservice,0,0,0,0,0,0,0
2026-10-04T14:10:10Z,redis-cart,adservice,0,0,0,0,0,0,0
2026-10-04T14:10:10Z,redis-cart,cartservice,0,0,0,0,0,0,0
2026-10-04T14:10:10Z,redis-cart,checkoutservice,0,0,0,0,0,0,0
2026-10-04T14:10:10Z,redis-cart,currencyservice,0,0,0,0,0,0,0
2026-10-04T14:10:10Z,redis-cart,emailservice,0,0,0,0,0,0,0
2026-10-04T14:10:10Z,redis-cart,frontend,0,0,0,0,0,0,0
2026-10-04T14:10:10Z,redis-cart,kubernetes,0,0,0,0,0,0,0
2026-10-04T14:10:10Z,redis-cart,paymentservice,0,0,0,0,0,0,0
2026-10-04T14:10:10Z,redis-cart,productcatalogservice,0,0,0,0,0,0,0
2026-10-04T14:10:10Z,redis-cart,recommendationservice,0,0,0,0,0,0,0
2026-10-04T14:10:10Z,redis-cart,redis-cart,0,0,0,0,0,0,0
2026-10-04T14:10:10Z,redis-cart,shippingservice,0,0,0,0,0,0,0
2026-10-04T14:10:10Z,shippingservice,adservice,0,0,0,0,0,0,0
2026-10-04T14:10:10Z,shippingservice,cartservice,0,0,0,0,0,0,0
2026-10-04T14:10:10Z,shippingservice,checkoutservice,0,0,0,0,0,0,0
2026-10-04T14:10:10Z,shippingservice,currencyservice,0,0,0,0,0,0,0
2026-10-04T14:10:10Z,shippingservice,emailservice,0,0,0,0,0,0,0
2026-10-04T14:10:10Z,shippingservice,frontend,0,0,0,0,0,0,0
2026-10-04T14:10:10Z,shippingservice,kubernetes,0,0,0,0,0,0,0
2026-10-04T14:10:10Z,shippingservice,paymentservice,0,0,0,0,0,0,0
2026-10-04T14:10:10Z,shippingservice,productcatalogservice,0,0,0,0,0,0,0
2026-10-04T14:10:10Z,shippingservice,recommendationservice,0,0,0,0,0,0,0
2026-10-04T14:10:10Z,shippingservice,redis-cart,0,0,0,0,0,0,0
2026-10-04T14:10:10Z,shippingservice,shippingservice,0,0,0,0,0,0,0
2026-10-04T14:10:11Z,adservice,adservice,0,0,0,0,0,0,0
2026-10-04T14:10:11Z,adservice,cartservice,0,0,0,0,0,0,0
2026-10-04T14:10:11Z,adservice,checkoutservice,0,0,0,0,0,0,0
2026-10-04T14:10:11Z,adservice,currencyservice,0,0,0,0,0,0,0
2026-10-04T14:10:11Z,adservice,emailservice,0,0,0,0,0,0,0
2026-10-04T14:10:11Z,adservice,frontend,0,0,0,0,0,0,0
2026-10-04T14:10:11Z,adservice,kubernetes,0,0,0,0,0,0,0
2026-10-04T14:10:11Z,adservice,paymentservice,0,0,0,0,0,0,0
2026-10-04T14:10:11Z,adservice,productcatalogservice,0,0,0,0,0,0,0
2026-10-04T14:10:11Z,adservice,recommendationservice,0,0,0,0,0,0,0
2026-10-04T14:10:11Z,adservice,redis-cart,0,0,0,0,0,0,0
2026-10-04T14:10:11Z,adservice,shippingservice,0,0,0,0,0,0,0
2026-10-04T14:10:11Z,cartservice,adservice,0,0,0,0,0,0,0
2026-10-04T14:10:11Z,cartservice,cartservice,0,0,0,0,0,0,0
2026-10-04T14:10:11Z,cartservice,checkoutservice,0,0,0,0,0,0,0
2026-10-04T14:10:11Z,cartservice,currencyservice,0,0,0,0,0,0,0
2026-10-04T14:10:11Z,cartservice,emailservice,0,0,0,0,0,0,0
2026-10-04T14:10:11Z,cartservice,frontend,0,0,0,0,0,0,0
2026-10-04T14:10:11Z,cartservice,kubernetes,0,0,0,0,0,0,0
2026-10-04T14:10:11Z,cartservice,paymentservice,0,0,0,0,0,0,0
2026-10-04T14:10:11Z,cartservice,productcatalogservice,0,0,0,0,0,0,0
2026-10-04T14:10:11Z,cartservice,recommendationservice,0,0,0,0,0,0,0
2026-10-04T14:10:11Z,cartservice,redis-cart,2,0,0,0,0,0,0
2026-10-04T14:10:11Z,cartservice,shippingservice,0,0,0,0,0,0,0
2026-10-04T14:10:11Z,checkoutservice,adservice,0,0,0,0,0,0,0
2026-10-04T14:10:11Z,checkoutservice,cartservice,60554,59623,0,100,0,697934,59229
2026-10-04T14:10:11Z,checkoutservice,checkoutservice,0,0,0,0,0,0,0
2026-10-04T14:10:11Z,checkoutservice,currencyservice,41676,41676,0,0,0,566141,41478
2026-10-04T14:10:11Z,checkoutservice,emailservice,12910,12622,0,66,0,425744,12428
2026-10-04T14:10:11Z,checkoutservice,frontend,0,0,0,0,0,0,0
2026-10-04T14:10:11Z,checkoutservice,kubernetes,0,0,0,0,0,0,0
2026-10-04T14:10:11Z,checkoutservice,paymentservice,34939,33091,0,192,0,435831,32748
2026-10-04T14:10:11Z,checkoutservice,productcatalogservice,0,0,0,0,0,0,0
2026-10-04T14:10:11Z,checkoutservice,recommendationservice,0,0,0,0,0,0,0
2026-10-04T14:10:11Z,checkoutservice,redis-cart,0,0,0,0,0,0,0
2026-10-04T14:10:11Z,checkoutservice,shippingservice,65865,63762,0,154,0,511353,63367
2026-10-04T14:10:11Z,currencyservice,adservice,0,0,0,0,0,0,0
2026-10-04T14:10:11Z,currencyservice,cartservice,0,0,0,0,0,0,0
2026-10-04T14:10:11Z,currencyservice,checkoutservice,0,0,0,0,0,0,0
2026-10-04T14:10:11Z,currencyservice,currencyservice,0,0,0,0,0,0,0
2026-10-04T14:10:11Z,currencyservice,emailservice,0,0,0,0,0,0,0
2026-10-04T14:10:11Z,currencyservice,frontend,0,0,0,0,0,0,0
2026-10-04T14:10:11Z,currencyservice,kubernetes,0,0,0,0,0,0,0
2026-10-04T14:10:11Z,currencyservice,paymentservice,0,0,0,0,0,0,0
2026-10-04T14:10:11Z,currencyservice,productcatalogservice,0,0,0,0,0,0,0
2026-10-04T14:10:11Z,currencyservice,recommendationservice,0,0,0,0,0,0,0
2026-10-04T14:10:11Z,currencyservice,redis-cart,0,0,0,0,0,0,0
2026-10-04T14:10:11Z,currencyservice,shippingservice,0,0,0,0,0,0,0
2026-10-04T14:10:11Z,emailservice,adservice,0,0,0,0,0,0,0
2026-10-04T14:10:11Z,emailservice,cartservice,0,0,0,0,0,0,0
2026-10-04T14:10:11Z,emailservice,checkoutservice,0,0,0,0,0,0,0
2026-10-04T14:10:11Z,emailservice,currencyservice,0,0,0,0,0,0,0
2026-10-04T14:10:11Z,emailservice,emailservice,0,0,0,0,0,0,0
2026-10-04T14:10:11Z,emailservice,frontend,0,0,0,0,0,0,0
2026-10-04T14:10:11Z,emailservice,kubernetes,0,0,0,0,0,0,0
2026-10-04T14:10:11Z,emailservice,paymentservice,0,0,0,0,0,0,0
2026-10-04T14:10:11Z,emailservice,productcatalogservice,0,0,0,0,0,0,0
2026-10-04T14:10:11Z,emailservice,recommendationservice,0,0,0,0,0,0,0
2026-10-04T14:10:11Z,emailservice,redis-cart,0,0,0,0,0,0,0
2026-10-04T14:10:11Z,emailservice,shippingservice,0,0,0,0,0,0,0
2026-10-04T14:10:11Z,frontend,adservice,850219,850216,0,0,0,2561410,849918
2026-10-04T14:10:11Z,frontend,cartservice,1895766,1895754,0,0,4,10488825,1894756
2026-10-04T14:10:11Z,frontend,checkoutservice,400669,190696,0,40061,169946,62792031,190574
2026-10-04T14:10:11Z,frontend,currencyservice,3012750,3012741,0,0,0,15864726,3011225
2026-10-04T14:10:11Z,frontend,emailservice,0,0,0,0,0,0,0
2026-10-04T14:10:11Z,frontend,frontend,0,0,0,0,0,0,0
2026-10-04T14:10:11Z,frontend,kubernetes,0,0,0,0,0,0,0
2026-10-04T14:10:11Z,frontend,paymentservice,0,0,0,0,0,0,0
2026-10-04T14:10:11Z,frontend,productcatalogservice,8441166,8441092,0,0,0,57622053,8437562
2026-10-04T14:10:11Z,frontend,recommendationservice,2758706,1673937,0,114088,968131,836182356,1673101
2026-10-04T14:10:11Z,frontend,redis-cart,0,0,0,0,0,0,0
2026-10-04T14:10:11Z,frontend,shippingservice,311705,311703,0,0,0,943581,311585
2026-10-04T14:10:11Z,paymentservice,adservice,0,0,0,0,0,0,0
2026-10-04T14:10:11Z,paymentservice,cartservice,0,0,0,0,0,0,0
2026-10-04T14:10:11Z,paymentservice,checkoutservice,0,0,0,0,0,0,0
2026-10-04T14:10:11Z,paymentservice,currencyservice,0,0,0,0,0,0,0
2026-10-04T14:10:11Z,paymentservice,emailservice,0,0,0,0,0,0,0
2026-10-04T14:10:11Z,paymentservice,frontend,0,0,0,0,0,0,0
2026-10-04T14:10:11Z,paymentservice,kubernetes,0,0,0,0,0,0,0
2026-10-04T14:10:11Z,paymentservice,paymentservice,0,0,0,0,0,0,0
2026-10-04T14:10:11Z,paymentservice,productcatalogservice,0,0,0,0,0,0,0
2026-10-04T14:10:11Z,paymentservice,recommendationservice,0,0,0,0,0,0,0
2026-10-04T14:10:11Z,paymentservice,redis-cart,0,0,0,0,0,0,0
2026-10-04T14:10:11Z,paymentservice,shippingservice,0,0,0,0,0,0,0
2026-10-04T14:10:11Z,productcatalogservice,adservice,0,0,0,0,0,0,0
2026-10-04T14:10:11Z,productcatalogservice,cartservice,0,0,0,0,0,0,0
2026-10-04T14:10:11Z,productcatalogservice,checkoutservice,0,0,0,0,0,0,0
2026-10-04T14:10:11Z,productcatalogservice,currencyservice,0,0,0,0,0,0,0
2026-10-04T14:10:11Z,productcatalogservice,emailservice,0,0,0,0,0,0,0
2026-10-04T14:10:11Z,productcatalogservice,frontend,0,0,0,0,0,0,0
2026-10-04T14:10:11Z,productcatalogservice,kubernetes,0,0,0,0,0,0,0
2026-10-04T14:10:11Z,productcatalogservice,paymentservice,0,0,0,0,0,0,0
2026-10-04T14:10:11Z,productcatalogservice,productcatalogservice,0,0,0,0,0,0,0
2026-10-04T14:10:11Z,productcatalogservice,recommendationservice,0,0,0,0,0,0,0
2026-10-04T14:10:11Z,productcatalogservice,redis-cart,0,0,0,0,0,0,0
2026-10-04T14:10:11Z,productcatalogservice,shippingservice,0,0,0,0,0,0,0
2026-10-04T14:10:11Z,recommendationservice,adservice,0,0,0,0,0,0,0
2026-10-04T14:10:11Z,recommendationservice,cartservice,0,0,0,0,0,0,0
2026-10-04T14:10:11Z,recommendationservice,checkoutservice,0,0,0,0,0,0,0
2026-10-04T14:10:11Z,recommendationservice,currencyservice,0,0,0,0,0,0,0
2026-10-04T14:10:11Z,recommendationservice,emailservice,0,0,0,0,0,0,0
2026-10-04T14:10:11Z,recommendationservice,frontend,0,0,0,0,0,0,0
2026-10-04T14:10:11Z,recommendationservice,kubernetes,0,0,0,0,0,0,0
2026-10-04T14:10:11Z,recommendationservice,paymentservice,0,0,0,0,0,0,0
2026-10-04T14:10:11Z,recommendationservice,productcatalogservice,166000,165996,0,0,0,1134003,165578
2026-10-04T14:10:11Z,recommendationservice,recommendationservice,0,0,0,0,0,0,0
2026-10-04T14:10:11Z,recommendationservice,redis-cart,0,0,0,0,0,0,0
2026-10-04T14:10:11Z,recommendationservice,shippingservice,0,0,0,0,0,0,0
2026-10-04T14:10:11Z,redis-cart,adservice,0,0,0,0,0,0,0
2026-10-04T14:10:11Z,redis-cart,cartservice,0,0,0,0,0,0,0
2026-10-04T14:10:11Z,redis-cart,checkoutservice,0,0,0,0,0,0,0
2026-10-04T14:10:11Z,redis-cart,currencyservice,0,0,0,0,0,0,0
2026-10-04T14:10:11Z,redis-cart,emailservice,0,0,0,0,0,0,0
2026-10-04T14:10:11Z,redis-cart,frontend,0,0,0,0,0,0,0
2026-10-04T14:10:11Z,redis-cart,kubernetes,0,0,0,0,0,0,0
2026-10-04T14:10:11Z,redis-cart,paymentservice,0,0,0,0,0,0,0
2026-10-04T14:10:11Z,redis-cart,productcatalogservice,0,0,0,0,0,0,0
2026-10-04T14:10:11Z,redis-cart,recommendationservice,0,0,0,0,0,0,0
2026-10-04T14:10:11Z,redis-cart,redis-cart,0,0,0,0,0,0,0
2026-10-04T14:10:11Z,redis-cart,shippingservice,0,0,0,0,0,0,0
2026-10-04T14:10:11Z,shippingservice,adservice,0,0,0,0,0,0,0
2026-10-04T14:10:11Z,shippingservice,cartservice,0,0,0,0,0,0,0
2026-10-04T14:10:11Z,shippingservice,checkoutservice,0,0,0,0,0,0,0
2026-10-04T14:10:11Z,shippingservice,currencyservice,0,0,0,0,0,0,0
2026-10-04T14:10:11Z,shippingservice,emailservice,0,0,0,0,0,0,0
2026-10-04T14:10:11Z,shippingservice,frontend,0,0,0,0,0,0,0
2026-10-04T14:10:11Z,shippingservice,kubernetes,0,0,0,0,0,0,0
2026-10-04T14:10:11Z,shippingservice,paymentservice,0,0,0,0,0,0,0
2026-10-04T14:10:11Z,shippingservice,productcatalogservice,0,0,0,0,0,0,0
2026-10-04T14:10:11Z,shippingservice,recommendationservice,0,0,0,0,0,0,0
2026-10-04T14:10:11Z,shippingservice,redis-cart,0,0,0,0,0,0,0
2026-10-04T14:10:11Z,shippingservice,shippingservice,0,0,0,0,0,0,0
2026-10-04T14:10:12Z,adservice,adservice,0,0,0,0,0,0,0
2026-10-04T14:10:12Z,adservice,cartservice,0,0,0,0,0,0,0
2026-10-04T14:10:12Z,adservice,checkoutservice,0,0,0,0,0,0,0
2026-10-04T14:10:12Z,adservice,currencyservice,0,0,0,0,0,0,0
2026-10-04T14:10:12Z,adservice,emailservice,0,0,0,0,0,0,0
2026-10-04T14:10:12Z,adservice,frontend,0,0,0,0,0,0,0
2026-10-04T14:10:12Z,adservice,kubernetes,0,0,0,0,0,0,0
2026-10-04T14:10:12Z,adservice,paymentservice,0,0,0,0,0,0,0
2026-10-04T14:10:12Z,adservice,productcatalogservice,0,0,0,0,0,0,0
2026-10-04T14:10:12Z,adservice,recommendationservice,0,0,0,0,0,0,0
2026-10-04T14:10:12Z,adservice,redis-cart,0,0,0,0,0,0,0
2026-10-04T14:10:12Z,adservice,shippingservice,0,0,0,0,0,0,0
2026-10-04T14:10:12Z,cartservice,adservice,0,0,0,0,0,0,0
2026-10-04T14:10:12Z,cartservice,cartservice,0,0,0,0,0,0,0
2026-10-04T14:10:12Z,cartservice,checkoutservice,0,0,0,0,0,0,0
2026-10-04T14:10:12Z,cartservice,currencyservice,0,0,0,0,0,0,0
2026-10-04T14:10:12Z,cartservice,emailservice,0,0,0,0,0,0,0
2026-10-04T14:10:12Z,cartservice,frontend,0,0,0,0,0,0,0
2026-10-04T14:10:12Z,cartservice,kubernetes,0,0,0,0,0,0,0
2026-10-04T14:10:12Z,cartservice,paymentservice,0,0,0,0,0,0,0
2026-10-04T14:10:12Z,cartservice,productcatalogservice,0,0,0,0,0,0,0
2026-10-04T14:10:12Z,cartservice,recommendationservice,0,0,0,0,0,0,0
2026-10-04T14:10:12Z,cartservice,redis-cart,2,0,0,0,0,0,0
2026-10-04T14:10:12Z,cartservice,shippingservice,0,0,0,0,0,0,0
2026-10-04T14:10:12Z,checkoutservice,adservice,0,0,0,0,0,0,0
2026-10-04T14:10:12Z,checkoutservice,cartservice,60643,59712,0,100,0,700317,59695
2026-10-04T14:10:12Z,checkoutservice,checkoutservice,0,0,0,0,0,0,0
2026-10-04T14:10:12Z,checkoutservice,currencyservice,41721,41720,0,0,0,567374,41711
2026-10-04T14:10:12Z,checkoutservice,emailservice,12954,12666,0,66,0,430894,12660
2026-10-04T14:10:12Z,checkoutservice,frontend,0,0,0,0,0,0,0
2026-10-04T14:10:12Z,checkoutservice,kubernetes,0,0,0,0,0,0,0
2026-10-04T14:10:12Z,checkoutservice,paymentservice,34986,33138,0,192,0,437395,32981
2026-10-04T14:10:12Z,checkoutservice,productcatalogservice,0,0,0,0,0,0,0
2026-10-04T14:10:12Z,checkoutservice,recommendationservice,0,0,0,0,0,0,0
2026-10-04T14:10:12Z,checkoutservice,redis-cart,0,0,0,0,0,0,0
2026-10-04T14:10:12Z,checkoutservice,shippingservice,65955,63851,0,154,0,512498,63833
2026-10-04T14:10:12Z,currencyservice,adservice,0,0,0,0,0,0,0
2026-10-04T14:10:12Z,currencyservice,cartservice,0,0,0,0,0,0,0
2026-10-04T14:10:12Z,currencyservice,checkoutservice,0,0,0,0,0,0,0
2026-10-04T14:10:12Z,currencyservice,currencyservice,0,0,0,0,0,0,0
2026-10-04T14:10:12Z,currencyservice,emailservice,0,0,0,0,0,0,0
2026-10-04T14:10:12Z,currencyservice,frontend,0,0,0,0,0,0,0
2026-10-04T14:10:12Z,currencyservice,kubernetes,0,0,0,0,0,0,0
2026-10-04T14:10:12Z,currencyservice,paymentservice,0,0,0,0,0,0,0
2026-10-04T14:10:12Z,currencyservice,productcatalogservice,0,0,0,0,0,0,0
2026-10-04T14:10:12Z,currencyservice,recommendationservice,0,0,0,0,0,0,0
2026-10-04T14:10:12Z,currencyservice,redis-cart,0,0,0,0,0,0,0
2026-10-04T14:10:12Z,currencyservice,shippingservice,0,0,0,0,0,0,0
2026-10-04T14:10:12Z,emailservice,adservice,0,0,0,0,0,0,0
2026-10-04T14:10:12Z,emailservice,cartservice,0,0,0,0,0,0,0
2026-10-04T14:10:12Z,emailservice,checkoutservice,0,0,0,0,0,0,0
2026-10-04T14:10:12Z,emailservice,currencyservice,0,0,0,0,0,0,0
2026-10-04T14:10:12Z,emailservice,emailservice,0,0,0,0,0,0,0
2026-10-04T14:10:12Z,emailservice,frontend,0,0,0,0,0,0,0
2026-10-04T14:10:12Z,emailservice,kubernetes,0,0,0,0,0,0,0
2026-10-04T14:10:12Z,emailservice,paymentservice,0,0,0,0,0,0,0
2026-10-04T14:10:12Z,emailservice,productcatalogservice,0,0,0,0,0,0,0
2026-10-04T14:10:12Z,emailservice,recommendationservice,0,0,0,0,0,0,0
2026-10-04T14:10:12Z,emailservice,redis-cart,0,0,0,0,0,0,0
2026-10-04T14:10:12Z,emailservice,shippingservice,0,0,0,0,0,0,0
2026-10-04T14:10:12Z,frontend,adservice,850316,850314,0,0,0,2561410,849918
2026-10-04T14:10:12Z,frontend,cartservice,1896133,1896120,0,0,4,10488825,1894756
2026-10-04T14:10:12Z,frontend,checkoutservice,400716,190743,0,40061,169946,62792031,190574
2026-10-04T14:10:12Z,frontend,currencyservice,3013316,3013302,0,0,0,15864726,3011225
2026-10-04T14:10:12Z,frontend,emailservice,0,0,0,0,0,0,0
2026-10-04T14:10:12Z,frontend,frontend,0,0,0,0,0,0,0
2026-10-04T14:10:12Z,frontend,kubernetes,0,0,0,0,0,0,0
2026-10-04T14:10:12Z,frontend,paymentservice,0,0,0,0,0,0,0
2026-10-04T14:10:12Z,frontend,productcatalogservice,8442328,8442257,0,0,0,57622053,8437562
2026-10-04T14:10:12Z,frontend,recommendationservice,2759458,1674236,0,114152,968519,836182356,1673101
2026-10-04T14:10:12Z,frontend,redis-cart,0,0,0,0,0,0,0
2026-10-04T14:10:12Z,frontend,shippingservice,311740,311738,0,0,0,943581,311585
2026-10-04T14:10:12Z,paymentservice,adservice,0,0,0,0,0,0,0
2026-10-04T14:10:12Z,paymentservice,cartservice,0,0,0,0,0,0,0
2026-10-04T14:10:12Z,paymentservice,checkoutservice,0,0,0,0,0,0,0
2026-10-04T14:10:12Z,paymentservice,currencyservice,0,0,0,0,0,0,0
2026-10-04T14:10:12Z,paymentservice,emailservice,0,0,0,0,0,0,0
2026-10-04T14:10:12Z,paymentservice,frontend,0,0,0,0,0,0,0
2026-10-04T14:10:12Z,paymentservice,kubernetes,0,0,0,0,0,0,0
2026-10-04T14:10:12Z,paymentservice,paymentservice,0,0,0,0,0,0,0
2026-10-04T14:10:12Z,paymentservice,productcatalogservice,0,0,0,0,0,0,0
2026-10-04T14:10:12Z,paymentservice,recommendationservice,0,0,0,0,0,0,0
2026-10-04T14:10:12Z,paymentservice,redis-cart,0,0,0,0,0,0,0
2026-10-04T14:10:12Z,paymentservice,shippingservice,0,0,0,0,0,0,0
2026-10-04T14:10:12Z,productcatalogservice,adservice,0,0,0,0,0,0,0
2026-10-04T14:10:12Z,productcatalogservice,cartservice,0,0,0,0,0,0,0
2026-10-04T14:10:12Z,productcatalogservice,checkoutservice,0,0,0,0,0,0,0
2026-10-04T14:10:12Z,productcatalogservice,currencyservice,0,0,0,0,0,0,0
2026-10-04T14:10:12Z,productcatalogservice,emailservice,0,0,0,0,0,0,0
2026-10-04T14:10:12Z,productcatalogservice,frontend,0,0,0,0,0,0,0
2026-10-04T14:10:12Z,productcatalogservice,kubernetes,0,0,0,0,0,0,0
2026-10-04T14:10:12Z,productcatalogservice,paymentservice,0,0,0,0,0,0,0
2026-10-04T14:10:12Z,productcatalogservice,productcatalogservice,0,0,0,0,0,0,0
2026-10-04T14:10:12Z,productcatalogservice,recommendationservice,0,0,0,0,0,0,0
2026-10-04T14:10:12Z,productcatalogservice,redis-cart,0,0,0,0,0,0,0
2026-10-04T14:10:12Z,productcatalogservice,shippingservice,0,0,0,0,0,0,0
2026-10-04T14:10:12Z,recommendationservice,adservice,0,0,0,0,0,0,0
2026-10-04T14:10:12Z,recommendationservice,cartservice,0,0,0,0,0,0,0
2026-10-04T14:10:12Z,recommendationservice,checkoutservice,0,0,0,0,0,0,0
2026-10-04T14:10:12Z,recommendationservice,currencyservice,0,0,0,0,0,0,0
2026-10-04T14:10:12Z,recommendationservice,emailservice,0,0,0,0,0,0,0
2026-10-04T14:10:12Z,recommendationservice,frontend,0,0,0,0,0,0,0
2026-10-04T14:10:12Z,recommendationservice,kubernetes,0,0,0,0,0,0,0
2026-10-04T14:10:12Z,recommendationservice,paymentservice,0,0,0,0,0,0,0
2026-10-04T14:10:12Z,recommendationservice,productcatalogservice,166387,166385,0,0,0,1134003,165578
2026-10-04T14:10:12Z,recommendationservice,recommendationservice,0,0,0,0,0,0,0
2026-10-04T14:10:12Z,recommendationservice,redis-cart,0,0,0,0,0,0,0
2026-10-04T14:10:12Z,recommendationservice,shippingservice,0,0,0,0,0,0,0
2026-10-04T14:10:12Z,redis-cart,adservice,0,0,0,0,0,0,0
2026-10-04T14:10:12Z,redis-cart,cartservice,0,0,0,0,0,0,0
2026-10-04T14:10:12Z,redis-cart,checkoutservice,0,0,0,0,0,0,0
2026-10-04T14:10:12Z,redis-cart,currencyservice,0,0,0,0,0,0,0
2026-10-04T14:10:12Z,redis-cart,emailservice,0,0,0,0,0,0,0
2026-10-04T14:10:12Z,redis-cart,frontend,0,0,0,0,0,0,0
2026-10-04T14:10:12Z,redis-cart,kubernetes,0,0,0,0,0,0,0
2026-10-04T14:10:12Z,redis-cart,paymentservice,0,0,0,0,0,0,0
2026-10-04T14:10:12Z,redis-cart,productcatalogservice,0,0,0,0,0,0,0
2026-10-04T14:10:12Z,redis-cart,recommendationservice,0,0,0,0,0,0,0
2026-10-04T14:10:12Z,redis-cart,redis-cart,0,0,0,0,0,0,0
2026-10-04T14:10:12Z,redis-cart,shippingservice,0,0,0,0,0,0,0
2026-10-04T14:10:12Z,shippingservice,adservice,0,0,0,0,0,0,0
2026-10-04T14:10:12Z,shippingservice,cartservice,0,0,0,0,0,0,0
2026-10-04T14:10:12Z,shippingservice,checkoutservice,0,0,0,0,0,0,0
2026-10-04T14:10:12Z,shippingservice,currencyservice,0,0,0,0,0,0,0
2026-10-04T14:10:12Z,shippingservice,emailservice,0,0,0,0,0,0,0
2026-10-04T14:10:12Z,shippingservice,frontend,0,0,0,0,0,0,0
2026-10-04T14:10:12Z,shippingservice,kubernetes,0,0,0,0,0,0,0
2026-10-04T14:10:12Z,shippingservice,paymentservice,0,0,0,0,0,0,0
2026-10-04T14:10:12Z,shippingservice,productcatalogservice,0,0,0,0,0,0,0
2026-10-04T14:10:12Z,shippingservice,recommendationservice,0,0,0,0,0,0,0
2026-10-04T14:10:12Z,shippingservice,redis-cart,0,0,0,0,0,0,0
2026-10-04T14:10:12Z,shippingservice,shippingservice,0,0,0,0,0,0,0
2026-10-04T14:10:13Z,adservice,adservice,0,0,0,0,0,0,0
2026-10-04T14:10:13Z,adservice,cartservice,0,0,0,0,0,0,0
2026-10-04T14:10:13Z,adservice,checkoutservice,0,0,0,0,0,0,0
2026-10-04T14:10:13Z,adservice,currencyservice,0,0,0,0,0,0,0
2026-10-04T14:10:13Z,adservice,emailservice,0,0,0,0,0,0,0
2026-10-04T14:10:13Z,adservice,frontend,0,0,0,0,0,0,0
2026-10-04T14:10:13Z,adservice,kubernetes,0,0,0,0,0,0,0
2026-10-04T14:10:13Z,adservice,paymentservice,0,0,0,0,0,0,0
2026-10-04T14:10:13Z,adservice,productcatalogservice,0,0,0,0,0,0,0
2026-10-04T14:10:13Z,adservice,recommendationservice,0,0,0,0,0,0,0
2026-10-04T14:10:13Z,adservice,redis-cart,0,0,0,0,0,0,0
2026-10-04T14:10:13Z,adservice,shippingservice,0,0,0,0,0,0,0
2026-10-04T14:10:13Z,cartservice,adservice,0,0,0,0,0,0,0
2026-10-04T14:10:13Z,cartservice,cartservice,0,0,0,0,0,0,0
2026-10-04T14:10:13Z,cartservice,checkoutservice,0,0,0,0,0,0,0
2026-10-04T14:10:13Z,cartservice,currencyservice,0,0,0,0,0,0,0
2026-10-04T14:10:13Z,cartservice,emailservice,0,0,0,0,0,0,0
2026-10-04T14:10:13Z,cartservice,frontend,0,0,0,0,0,0,0
2026-10-04T14:10:13Z,cartservice,kubernetes,0,0,0,0,0,0,0
2026-10-04T14:10:13Z,cartservice,paymentservice,0,0,0,0,0,0,0
2026-10-04T14:10:13Z,cartservice,productcatalogservice,0,0,0,0,0,0,0
2026-10-04T14:10:13Z,cartservice,recommendationservice,0,0,0,0,0,0,0
2026-10-04T14:10:13Z,cartservice,redis-cart,2,0,0,0,0,0,0
2026-10-04T14:10:13Z,cartservice,shippingservice,0,0,0,0,0,0,0
2026-10-04T14:10:13Z,checkoutservice,adservice,0,0,0,0,0,0,0
2026-10-04T14:10:13Z,checkoutservice,cartservice,60742,59811,0,100,0,700317,59695
2026-10-04T14:10:13Z,checkoutservice,checkoutservice,0,0,0,0,0,0,0
2026-10-04T14:10:13Z,checkoutservice,currencyservice,41769,41769,0,0,0,567374,41711
2026-10-04T14:10:13Z,checkoutservice,emailservice,13006,12718,0,66,0,430894,12660
2026-10-04T14:10:13Z,checkoutservice,frontend,0,0,0,0,0,0,0
2026-10-04T14:10:13Z,checkoutservice,kubernetes,0,0,0,0,0,0,0
2026-10-04T14:10:13Z,checkoutservice,paymentservice,35034,33186,0,192,0,437395,32981
2026-10-04T14:10:13Z,checkoutservice,productcatalogservice,0,0,0,0,0,0,0
2026-10-04T14:10:13Z,checkoutservice,recommendationservice,0,0,0,0,0,0,0
2026-10-04T14:10:13Z,checkoutservice,redis-cart,0,0,0,0,0,0,0
2026-10-04T14:10:13Z,checkoutservice,shippingservice,66053,63950,0,154,0,512498,63833
2026-10-04T14:10:13Z,currencyservice,adservice,0,0,0,0,0,0,0
2026-10-04T14:10:13Z,currencyservice,cartservice,0,0,0,0,0,0,0
2026-10-04T14:10:13Z,currencyservice,checkoutservice,0,0,0,0,0,0,0
2026-10-04T14:10:13Z,currencyservice,currencyservice,0,0,0,0,0,0,0
2026-10-04T14:10:13Z,currencyservice,emailservice,0,0,0,0,0,0,0
2026-10-04T14:10:13Z,currencyservice,frontend,0,0,0,0,0,0,0
2026-10-04T14:10:13Z,currencyservice,kubernetes,0,0,0,0,0,0,0
2026-10-04T14:10:13Z,currencyservice,paymentservice,0,0,0,0,0,0,0
2026-10-04T14:10:13Z,currencyservice,productcatalogservice,0,0,0,0,0,0,0
2026-10-04T14:10:13Z,currencyservice,recommendationservice,0,0,0,0,0,0,0
2026-10-04T14:10:13Z,currencyservice,redis-cart,0,0,0,0,0,0,0
2026-10-04T14:10:13Z,currencyservice,shippingservice,0,0,0,0,0,0,0
2026-10-04T14:10:13Z,emailservice,adservice,0,0,0,0,0,0,0
2026-10-04T14:10:13Z,emailservice,cartservice,0,0,0,0,0,0,0
2026-10-04T14:10:13Z,emailservice,checkoutservice,0,0,0,0,0,0,0
2026-10-04T14:10:13Z,emailservice,currencyservice,0,0,0,0,0,0,0
2026-10-04T14:10:13Z,emailservice,emailservice,0,0,0,0,0,0,0
2026-10-04T14:10:13Z,emailservice,frontend,0,0,0,0,0,0,0
2026-10-04T14:10:13Z,emailservice,kubernetes,0,0,0,0,0,0,0
2026-10-04T14:10:13Z,emailservice,paymentservice,0,0,0,0,0,0,0
2026-10-04T14:10:13Z,emailservice,productcatalogservice,0,0,0,0,0,0,0
2026-10-04T14:10:13Z,emailservice,recommendationservice,0,0,0,0,0,0,0
2026-10-04T14:10:13Z,emailservice,redis-cart,0,0,0,0,0,0,0
2026-10-04T14:10:13Z,emailservice,shippingservice,0,0,0,0,0,0,0
2026-10-04T14:10:13Z,frontend,adservice,850433,850431,0,0,0,2561792,850048
2026-10-04T14:10:13Z,frontend,cartservice,1896502,1896488,0,0,4,10490930,1895192
2026-10-04T14:10:13Z,frontend,checkoutservice,400767,190799,0,40061,169946,62796826,190617
2026-10-04T14:10:13Z,frontend,currencyservice,3013887,3013880,0,0,0,15868046,3011907
2026-10-04T14:10:13Z,frontend,emailservice,0,0,0,0,0,0,0
2026-10-04T14:10:13Z,frontend,frontend,0,0,0,0,0,0,0
2026-10-04T14:10:13Z,frontend,kubernetes,0,0,0,0,0,0,0
2026-10-04T14:10:13Z,frontend,paymentservice,0,0,0,0,0,0,0
2026-10-04T14:10:13Z,frontend,productcatalogservice,8443666,8443590,0,0,0,57633029,8438990
2026-10-04T14:10:13Z,frontend,recommendationservice,2760226,1674559,0,114205,968917,836553066,1673515
2026-10-04T14:10:13Z,frontend,redis-cart,0,0,0,0,0,0,0
2026-10-04T14:10:13Z,frontend,shippingservice,311785,311783,0,0,0,943678,311621
2026-10-04T14:10:13Z,paymentservice,adservice,0,0,0,0,0,0,0
2026-10-04T14:10:13Z,paymentservice,cartservice,0,0,0,0,0,0,0
2026-10-04T14:10:13Z,paymentservice,checkoutservice,0,0,0,0,0,0,0
2026-10-04T14:10:13Z,paymentservice,currencyservice,0,0,0,0,0,0,0
2026-10-04T14:10:13Z,paymentservice,emailservice,0,0,0,0,0,0,0
2026-10-04T14:10:13Z,paymentservice,frontend,0,0,0,0,0,0,0
2026-10-04T14:10:13Z,paymentservice,kubernetes,0,0,0,0,0,0,0
2026-10-04T14:10:13Z,paymentservice,paymentservice,0,0,0,0,0,0,0
2026-10-04T14:10:13Z,paymentservice,productcatalogservice,0,0,0,0,0,0,0
2026-10-04T14:10:13Z,paymentservice,recommendationservice,0,0,0,0,0,0,0
2026-10-04T14:10:13Z,paymentservice,redis-cart,0,0,0,0,0,0,0
2026-10-04T14:10:13Z,paymentservice,shippingservice,0,0,0,0,0,0,0
2026-10-04T14:10:13Z,productcatalogservice,adservice,0,0,0,0,0,0,0
2026-10-04T14:10:13Z,productcatalogservice,cartservice,0,0,0,0,0,0,0
2026-10-04T14:10:13Z,productcatalogservice,checkoutservice,0,0,0,0,0,0,0
2026-10-04T14:10:13Z,productcatalogservice,currencyservice,0,0,0,0,0,0,0
2026-10-04T14:10:13Z,productcatalogservice,emailservice,0,0,0,0,0,0,0
2026-10-04T14:10:13Z,productcatalogservice,frontend,0,0,0,0,0,0,0
2026-10-04T14:10:13Z,productcatalogservice,kubernetes,0,0,0,0,0,0,0
2026-10-04T14:10:13Z,productcatalogservice,paymentservice,0,0,0,0,0,0,0
2026-10-04T14:10:13Z,productcatalogservice,productcatalogservice,0,0,0,0,0,0,0
2026-10-04T14:10:13Z,productcatalogservice,recommendationservice,0,0,0,0,0,0,0
2026-10-04T14:10:13Z,productcatalogservice,redis-cart,0,0,0,0,0,0,0
2026-10-04T14:10:13Z,productcatalogservice,shippingservice,0,0,0,0,0,0,0
2026-10-04T14:10:13Z,recommendationservice,adservice,0,0,0,0,0,0,0
2026-10-04T14:10:13Z,recommendationservice,cartservice,0,0,0,0,0,0,0
2026-10-04T14:10:13Z,recommendationservice,checkoutservice,0,0,0,0,0,0,0
2026-10-04T14:10:13Z,recommendationservice,currencyservice,0,0,0,0,0,0,0
2026-10-04T14:10:13Z,recommendationservice,emailservice,0,0,0,0,0,0,0
2026-10-04T14:10:13Z,recommendationservice,frontend,0,0,0,0,0,0,0
2026-10-04T14:10:13Z,recommendationservice,kubernetes,0,0,0,0,0,0,0
2026-10-04T14:10:13Z,recommendationservice,paymentservice,0,0,0,0,0,0,0
2026-10-04T14:10:13Z,recommendationservice,productcatalogservice,166786,166781,0,0,0,1134003,165578
2026-10-04T14:10:13Z,recommendationservice,recommendationservice,0,0,0,0,0,0,0
2026-10-04T14:10:13Z,recommendationservice,redis-cart,0,0,0,0,0,0,0
2026-10-04T14:10:13Z,recommendationservice,shippingservice,0,0,0,0,0,0,0
2026-10-04T14:10:13Z,redis-cart,adservice,0,0,0,0,0,0,0
2026-10-04T14:10:13Z,redis-cart,cartservice,0,0,0,0,0,0,0
2026-10-04T14:10:13Z,redis-cart,checkoutservice,0,0,0,0,0,0,0
2026-10-04T14:10:13Z,redis-cart,currencyservice,0,0,0,0,0,0,0
2026-10-04T14:10:13Z,redis-cart,emailservice,0,0,0,0,0,0,0
2026-10-04T14:10:13Z,redis-cart,frontend,0,0,0,0,0,0,0
2026-10-04T14:10:13Z,redis-cart,kubernetes,0,0,0,0,0,0,0
2026-10-04T14:10:13Z,redis-cart,paymentservice,0,0,0,0,0,0,0
2026-10-04T14:10:13Z,redis-cart,productcatalogservice,0,0,0,0,0,0,0
2026-10-04T14:10:13Z,redis-cart,recommendationservice,0,0,0,0,0,0,0
2026-10-04T14:10:13Z,redis-cart,redis-cart,0,0,0,0,0,0,0
2026-10-04T14:10:13Z,redis-cart,shippingservice,0,0,0,0,0,0,0
2026-10-04T14:10:13Z,shippingservice,adservice,0,0,0,0,0,0,0
2026-10-04T14:10:13Z,shippingservice,cartservice,0,0,0,0,0,0,0
2026-10-04T14:10:13Z,shippingservice,checkoutservice,0,0,0,0,0,0,0
2026-10-04T14:10:13Z,shippingservice,currencyservice,0,0,0,0,0,0,0
2026-10-04T14:10:13Z,shippingservice,emailservice,0,0,0,0,0,0,0
2026-10-04T14:10:13Z,shippingservice,frontend,0,0,0,0,0,0,0
2026-10-04T14:10:13Z,shippingservice,kubernetes,0,0,0,0,0,0,0
2026-10-04T14:10:13Z,shippingservice,paymentservice,0,0,0,0,0,0,0
2026-10-04T14:10:13Z,shippingservice,productcatalogservice,0,0,0,0,0,0,0
2026-10-04T14:10:13Z,shippingservice,recommendationservice,0,0,0,0,0,0,0
2026-10-04T14:10:13Z,shippingservice,redis-cart,0,0,0,0,0,0,0
2026-10-04T14:10:13Z,shippingservice,shippingservice,0,0,0,0,0,0,0
2026-10-04T14:10:14Z,adservice,adservice,0,0,0,0,0,0,0
2026-10-04T14:10:14Z,adservice,cartservice,0,0,0,0,0,0,0
2026-10-04T14:10:14Z,adservice,checkoutservice,0,0,0,0,0,0,0
2026-10-04T14:10:14Z,adservice,currencyservice,0,0,0,0,0,0,0
2026-10-04T14:10:14Z,adservice,emailservice,0,0,0,0,0,0,0
2026-10-04T14:10:14Z,adservice,frontend,0,0,0,0,0,0,0
2026-10-04T14:10:14Z,adservice,kubernetes,0,0,0,0,0,0,0
2026-10-04T14:10:14Z,adservice,paymentservice,0,0,0,0,0,0,0
2026-10-04T14:10:14Z,adservice,productcatalogservice,0,0,0,0,0,0,0
2026-10-04T14:10:14Z,adservice,recommendationservice,0,0,0,0,0,0,0
2026-10-04T14:10:14Z,adservice,redis-cart,0,0,0,0,0,0,0
2026-10-04T14:10:14Z,adservice,shippingservice,0,0,0,0,0,0,0
2026-10-04T14:10:14Z,cartservice,adservice,0,0,0,0,0,0,0
2026-10-04T14:10:14Z,cartservice,cartservice,0,0,0,0,0,0,0
2026-10-04T14:10:14Z,cartservice,checkoutservice,0,0,0,0,0,0,0
2026-10-04T14:10:14Z,cartservice,currencyservice,0,0,0,0,0,0,0
2026-10-04T14:10:14Z,cartservice,emailservice,0,0,0,0,0,0,0
2026-10-04T14:10:14Z,cartservice,frontend,0,0,0,0,0,0,0
2026-10-04T14:10:14Z,cartservice,kubernetes,0,0,0,0,0,0,0
2026-10-04T14:10:14Z,cartservice,paymentservice,0,0,0,0,0,0,0
2026-10-04T14:10:14Z,cartservice,productcatalogservice,0,0,0,0,0,0,0
2026-10-04T14:10:14Z,cartservice,recommendationservice,0,0,0,0,0,0,0
2026-10-04T14:10:14Z,cartservice,redis-cart,2,0,0,0,0,0,0
2026-10-04T14:10:14Z,cartservice,shippingservice,0,0,0,0,0,0,0
2026-10-04T14:10:14Z,checkoutservice,adservice,0,0,0,0,0,0,0
2026-10-04T14:10:14Z,checkoutservice,cartservice,60886,59954,0,100,0,700317,59695
2026-10-04T14:10:14Z,checkoutservice,checkoutservice,0,0,0,0,0,0,0
2026-10-04T14:10:14Z,checkoutservice,currencyservice,41840,41840,0,0,0,567374,41711
2026-10-04T14:10:14Z,checkoutservice,emailservice,13078,12789,0,66,0,430894,12660
2026-10-04T14:10:14Z,checkoutservice,frontend,0,0,0,0,0,0,0
2026-10-04T14:10:14Z,checkoutservice,kubernetes,0,0,0,0,0,0,0
2026-10-04T14:10:14Z,checkoutservice,paymentservice,35106,33258,0,192,0,437395,32981
2026-10-04T14:10:14Z,checkoutservice,productcatalogservice,0,0,0,0,0,0,0
2026-10-04T14:10:14Z,checkoutservice,recommendationservice,0,0,0,0,0,0,0
2026-10-04T14:10:14Z,checkoutservice,redis-cart,0,0,0,0,0,0,0
2026-10-04T14:10:14Z,checkoutservice,shippingservice,66196,64093,0,154,0,512498,63833
2026-10-04T14:10:14Z,currencyservice,adservice,0,0,0,0,0,0,0
2026-10-04T14:10:14Z,currencyservice,cartservice,0,0,0,0,0,0,0
2026-10-04T14:10:14Z,currencyservice,checkoutservice,0,0,0,0,0,0,0
2026-10-04T14:10:14Z,currencyservice,currencyservice,0,0,0,0,0,0,0
2026-10-04T14:10:14Z,currencyservice,emailservice,0,0,0,0,0,0,0
2026-10-04T14:10:14Z,currencyservice,frontend,0,0,0,0,0,0,0
2026-10-04T14:10:14Z,currencyservice,kubernetes,0,0,0,0,0,0,0
2026-10-04T14:10:14Z,currencyservice,paymentservice,0,0,0,0,0,0,0
2026-10-04T14:10:14Z,currencyservice,productcatalogservice,0,0,0,0,0,0,0
2026-10-04T14:10:14Z,currencyservice,recommendationservice,0,0,0,0,0,0,0
2026-10-04T14:10:14Z,currencyservice,redis-cart,0,0,0,0,0,0,0
2026-10-04T14:10:14Z,currencyservice,shippingservice,0,0,0,0,0,0,0
2026-10-04T14:10:14Z,emailservice,adservice,0,0,0,0,0,0,0
2026-10-04T14:10:14Z,emailservice,cartservice,0,0,0,0,0,0,0
2026-10-04T14:10:14Z,emailservice,checkoutservice,0,0,0,0,0,0,0
2026-10-04T14:10:14Z,emailservice,currencyservice,0,0,0,0,0,0,0
2026-10-04T14:10:14Z,emailservice,emailservice,0,0,0,0,0,0,0
2026-10-04T14:10:14Z,emailservice,frontend,0,0,0,0,0,0,0
2026-10-04T14:10:14Z,emailservice,kubernetes,0,0,0,0,0,0,0
2026-10-04T14:10:14Z,emailservice,paymentservice,0,0,0,0,0,0,0
2026-10-04T14:10:14Z,emailservice,productcatalogservice,0,0,0,0,0,0,0
2026-10-04T14:10:14Z,emailservice,recommendationservice,0,0,0,0,0,0,0
2026-10-04T14:10:14Z,emailservice,redis-cart,0,0,0,0,0,0,0
2026-10-04T14:10:14Z,emailservice,shippingservice,0,0,0,0,0,0,0
2026-10-04T14:10:14Z,frontend,adservice,850589,850587,0,0,0,2562658,850336
2026-10-04T14:10:14Z,frontend,cartservice,1896886,1896872,0,0,4,10495339,1896189
2026-10-04T14:10:14Z,frontend,checkoutservice,400836,190863,0,40061,169946,62812944,190763
2026-10-04T14:10:14Z,frontend,currencyservice,3014505,3014495,0,0,0,15873658,3013407
2026-10-04T14:10:14Z,frontend,emailservice,0,0,0,0,0,0,0
2026-10-04T14:10:14Z,frontend,frontend,0,0,0,0,0,0,0
2026-10-04T14:10:14Z,frontend,kubernetes,0,0,0,0,0,0,0
2026-10-04T14:10:14Z,frontend,paymentservice,0,0,0,0,0,0,0
2026-10-04T14:10:14Z,frontend,productcatalogservice,8445367,8445286,0,0,0,57651145,8442501
2026-10-04T14:10:14Z,frontend,recommendationservice,2760958,1674885,0,114264,969267,837231506,1674317
2026-10-04T14:10:14Z,frontend,redis-cart,0,0,0,0,0,0,0
2026-10-04T14:10:14Z,frontend,shippingservice,311832,311830,0,0,0,943950,311740
2026-10-04T14:10:14Z,paymentservice,adservice,0,0,0,0,0,0,0
2026-10-04T14:10:14Z,paymentservice,cartservice,0,0,0,0,0,0,0
2026-10-04T14:10:14Z,paymentservice,checkoutservice,0,0,0,0,0,0,0
2026-10-04T14:10:14Z,paymentservice,currencyservice,0,0,0,0,0,0,0
2026-10-04T14:10:14Z,paymentservice,emailservice,0,0,0,0,0,0,0
2026-10-04T14:10:14Z,paymentservice,frontend,0,0,0,0,0,0,0
2026-10-04T14:10:14Z,paymentservice,kubernetes,0,0,0,0,0,0,0
2026-10-04T14:10:14Z,paymentservice,paymentservice,0,0,0,0,0,0,0
2026-10-04T14:10:14Z,paymentservice,productcatalogservice,0,0,0,0,0,0,0
2026-10-04T14:10:14Z,paymentservice,recommendationservice,0,0,0,0,0,0,0
2026-10-04T14:10:14Z,paymentservice,redis-cart,0,0,0,0,0,0,0
2026-10-04T14:10:14Z,paymentservice,shippingservice,0,0,0,0,0,0,0
2026-10-04T14:10:14Z,productcatalogservice,adservice,0,0,0,0,0,0,0
2026-10-04T14:10:14Z,productcatalogservice,cartservice,0,0,0,0,0,0,0
2026-10-04T14:10:14Z,productcatalogservice,checkoutservice,0,0,0,0,0,0,0
2026-10-04T14:10:14Z,productcatalogservice,currencyservice,0,0,0,0,0,0,0
2026-10-04T14:10:14Z,productcatalogservice,emailservice,0,0,0,0,0,0,0
2026-10-04T14:10:14Z,productcatalogservice,frontend,0,0,0,0,0,0,0
2026-10-04T14:10:14Z,productcatalogservice,kubernetes,0,0,0,0,0,0,0
2026-10-04T14:10:14Z,productcatalogservice,paymentservice,0,0,0,0,0,0,0
2026-10-04T14:10:14Z,productcatalogservice,productcatalogservice,0,0,0,0,0,0,0
2026-10-04T14:10:14Z,productcatalogservice,recommendationservice,0,0,0,0,0,0,0
2026-10-04T14:10:14Z,productcatalogservice,redis-cart,0,0,0,0,0,0,0
2026-10-04T14:10:14Z,productcatalogservice,shippingservice,0,0,0,0,0,0,0
2026-10-04T14:10:14Z,recommendationservice,adservice,0,0,0,0,0,0,0
2026-10-04T14:10:14Z,recommendationservice,cartservice,0,0,0,0,0,0,0
2026-10-04T14:10:14Z,recommendationservice,checkoutservice,0,0,0,0,0,0,0
2026-10-04T14:10:14Z,recommendationservice,currencyservice,0,0,0,0,0,0,0
2026-10-04T14:10:14Z,recommendationservice,emailservice,0,0,0,0,0,0,0
2026-10-04T14:10:14Z,recommendationservice,frontend,0,0,0,0,0,0,0
2026-10-04T14:10:14Z,recommendationservice,kubernetes,0,0,0,0,0,0,0
2026-10-04T14:10:14Z,recommendationservice,paymentservice,0,0,0,0,0,0,0
2026-10-04T14:10:14Z,recommendationservice,productcatalogservice,167188,167186,0,0,0,1134003,165578
2026-10-04T14:10:14Z,recommendationservice,recommendationservice,0,0,0,0,0,0,0
2026-10-04T14:10:14Z,recommendationservice,redis-cart,0,0,0,0,0,0,0
2026-10-04T14:10:14Z,recommendationservice,shippingservice,0,0,0,0,0,0,0
2026-10-04T14:10:14Z,redis-cart,adservice,0,0,0,0,0,0,0
2026-10-04T14:10:14Z,redis-cart,cartservice,0,0,0,0,0,0,0
2026-10-04T14:10:14Z,redis-cart,checkoutservice,0,0,0,0,0,0,0
2026-10-04T14:10:14Z,redis-cart,currencyservice,0,0,0,0,0,0,0
2026-10-04T14:10:14Z,redis-cart,emailservice,0,0,0,0,0,0,0
2026-10-04T14:10:14Z,redis-cart,frontend,0,0,0,0,0,0,0
2026-10-04T14:10:14Z,redis-cart,kubernetes,0,0,0,0,0,0,0
2026-10-04T14:10:14Z,redis-cart,paymentservice,0,0,0,0,0,0,0
2026-10-04T14:10:14Z,redis-cart,productcatalogservice,0,0,0,0,0,0,0
2026-10-04T14:10:14Z,redis-cart,recommendationservice,0,0,0,0,0,0,0
2026-10-04T14:10:14Z,redis-cart,redis-cart,0,0,0,0,0,0,0
2026-10-04T14:10:14Z,redis-cart,shippingservice,0,0,0,0,0,0,0
2026-10-04T14:10:14Z,shippingservice,adservice,0,0,0,0,0,0,0
2026-10-04T14:10:14Z,shippingservice,cartservice,0,0,0,0,0,0,0
2026-10-04T14:10:14Z,shippingservice,checkoutservice,0,0,0,0,0,0,0
2026-10-04T14:10:14Z,shippingservice,currencyservice,0,0,0,0,0,0,0
2026-10-04T14:10:14Z,shippingservice,emailservice,0,0,0,0,0,0,0
2026-10-04T14:10:14Z,shippingservice,frontend,0,0,0,0,0,0,0
2026-10-04T14:10:14Z,shippingservice,kubernetes,0,0,0,0,0,0,0
2026-10-04T14:10:14Z,shippingservice,paymentservice,0,0,0,0,0,0,0
2026-10-04T14:10:14Z,shippingservice,productcatalogservice,0,0,0,0,0,0,0
2026-10-04T14:10:14Z,shippingservice,recommendationservice,0,0,0,0,0,0,0
2026-10-04T14:10:14Z,shippingservice,redis-cart,0,0,0,0,0,0,0
2026-10-04T14:10:14Z,shippingservice,shippingservice,0,0,0,0,0,0,0
2026-10-04T14:10:15Z,adservice,adservice,0,0,0,0,0,0,0
2026-10-04T14:10:15Z,adservice,cartservice,0,0,0,0,0,0,0
2026-10-04T14:10:15Z,adservice,checkoutservice,0,0,0,0,0,0,0
2026-10-04T14:10:15Z,adservice,currencyservice,0,0,0,0,0,0,0
2026-10-04T14:10:15Z,adservice,emailservice,0,0,0,0,0,0,0
2026-10-04T14:10:15Z,adservice,frontend,0,0,0,0,0,0,0
2026-10-04T14:10:15Z,adservice,kubernetes,0,0,0,0,0,0,0
2026-10-04T14:10:15Z,adservice,paymentservice,0,0,0,0,0,0,0
2026-10-04T14:10:15Z,adservice,productcatalogservice,0,0,0,0,0,0,0
2026-10-04T14:10:15Z,adservice,recommendationservice,0,0,0,0,0,0,0
2026-10-04T14:10:15Z,adservice,redis-cart,0,0,0,0,0,0,0
2026-10-04T14:10:15Z,adservice,shippingservice,0,0,0,0,0,0,0
2026-10-04T14:10:15Z,cartservice,adservice,0,0,0,0,0,0,0
2026-10-04T14:10:15Z,cartservice,cartservice,0,0,0,0,0,0,0
2026-10-04T14:10:15Z,cartservice,checkoutservice,0,0,0,0,0,0,0
2026-10-04T14:10:15Z,cartservice,currencyservice,0,0,0,0,0,0,0
2026-10-04T14:10:15Z,cartservice,emailservice,0,0,0,0,0,0,0
2026-10-04T14:10:15Z,cartservice,frontend,0,0,0,0,0,0,0
2026-10-04T14:10:15Z,cartservice,kubernetes,0,0,0,0,0,0,0
2026-10-04T14:10:15Z,cartservice,paymentservice,0,0,0,0,0,0,0
2026-10-04T14:10:15Z,cartservice,productcatalogservice,0,0,0,0,0,0,0
2026-10-04T14:10:15Z,cartservice,recommendationservice,0,0,0,0,0,0,0
2026-10-04T14:10:15Z,cartservice,redis-cart,2,0,0,0,0,0,0
2026-10-04T14:10:15Z,cartservice,shippingservice,0,0,0,0,0,0,0
2026-10-04T14:10:15Z,checkoutservice,adservice,0,0,0,0,0,0,0
2026-10-04T14:10:15Z,checkoutservice,cartservice,60992,60061,0,100,0,700317,59695
2026-10-04T14:10:15Z,checkoutservice,checkoutservice,0,0,0,0,0,0,0
2026-10-04T14:10:15Z,checkoutservice,currencyservice,41897,41892,0,0,0,567374,41711
2026-10-04T14:10:15Z,checkoutservice,emailservice,13128,12839,0,66,0,430894,12660
2026-10-04T14:10:15Z,checkoutservice,frontend,0,0,0,0,0,0,0
2026-10-04T14:10:15Z,checkoutservice,kubernetes,0,0,0,0,0,0,0
2026-10-04T14:10:15Z,checkoutservice,paymentservice,35158,33308,0,192,0,437395,32981
2026-10-04T14:10:15Z,checkoutservice,productcatalogservice,0,0,0,0,0,0,0
2026-10-04T14:10:15Z,checkoutservice,recommendationservice,0,0,0,0,0,0,0
2026-10-04T14:10:15Z,checkoutservice,redis-cart,0,0,0,0,0,0,0
2026-10-04T14:10:15Z,checkoutservice,shippingservice,66303,64200,0,154,0,512498,63833
2026-10-04T14:10:15Z,currencyservice,adservice,0,0,0,0,0,0,0
2026-10-04T14:10:15Z,currencyservice,cartservice,0,0,0,0,0,0,0
2026-10-04T14:10:15Z,currencyservice,checkoutservice,0,0,0,0,0,0,0
2026-10-04T14:10:15Z,currencyservice,currencyservice,0,0,0,0,0,0,0
2026-10-04T14:10:15Z,currencyservice,emailservice,0,0,0,0,0,0,0
2026-10-04T14:10:15Z,currencyservice,frontend,0,0,0,0,0,0,0
2026-10-04T14:10:15Z,currencyservice,kubernetes,0,0,0,0,0,0,0
2026-10-04T14:10:15Z,currencyservice,paymentservice,0,0,0,0,0,0,0
2026-10-04T14:10:15Z,currencyservice,productcatalogservice,0,0,0,0,0,0,0
2026-10-04T14:10:15Z,currencyservice,recommendationservice,0,0,0,0,0,0,0
2026-10-04T14:10:15Z,currencyservice,redis-cart,0,0,0,0,0,0,0
2026-10-04T14:10:15Z,currencyservice,shippingservice,0,0,0,0,0,0,0
2026-10-04T14:10:15Z,emailservice,adservice,0,0,0,0,0,0,0
2026-10-04T14:10:15Z,emailservice,cartservice,0,0,0,0,0,0,0
2026-10-04T14:10:15Z,emailservice,checkoutservice,0,0,0,0,0,0,0
2026-10-04T14:10:15Z,emailservice,currencyservice,0,0,0,0,0,0,0
2026-10-04T14:10:15Z,emailservice,emailservice,0,0,0,0,0,0,0
2026-10-04T14:10:15Z,emailservice,frontend,0,0,0,0,0,0,0
2026-10-04T14:10:15Z,emailservice,kubernetes,0,0,0,0,0,0,0
2026-10-04T14:10:15Z,emailservice,paymentservice,0,0,0,0,0,0,0
2026-10-04T14:10:15Z,emailservice,productcatalogservice,0,0,0,0,0,0,0
2026-10-04T14:10:15Z,emailservice,recommendationservice,0,0,0,0,0,0,0
2026-10-04T14:10:15Z,emailservice,redis-cart,0,0,0,0,0,0,0
2026-10-04T14:10:15Z,emailservice,shippingservice,0,0,0,0,0,0,0
2026-10-04T14:10:15Z,frontend,adservice,850741,850739,0,0,0,2563050,850481
2026-10-04T14:10:15Z,frontend,cartservice,1897279,1897264,0,0,4,10497415,1896591
2026-10-04T14:10:15Z,frontend,checkoutservice,400890,190915,0,40061,169946,62818754,190817
2026-10-04T14:10:15Z,frontend,currencyservice,3015133,3015115,0,0,0,15876169,3014030
2026-10-04T14:10:15Z,frontend,emailservice,0,0,0,0,0,0,0
2026-10-04T14:10:15Z,frontend,frontend,0,0,0,0,0,0,0
2026-10-04T14:10:15Z,frontend,kubernetes,0,0,0,0,0,0,0
2026-10-04T14:10:15Z,frontend,paymentservice,0,0,0,0,0,0,0
2026-10-04T14:10:15Z,frontend,productcatalogservice,8446999,8446931,0,0,0,57663221,8444053
2026-10-04T14:10:15Z,frontend,recommendationservice,2761683,1675238,0,114297,969629,837509021,1674639
2026-10-04T14:10:15Z,frontend,redis-cart,0,0,0,0,0,0,0
2026-10-04T14:10:15Z,frontend,shippingservice,311896,311894,0,0,0,944061,311787
2026-10-04T14:10:15Z,paymentservice,adservice,0,0,0,0,0,0,0
2026-10-04T14:10:15Z,paymentservice,cartservice,0,0,0,0,0,0,0
2026-10-04T14:10:15Z,paymentservice,checkoutservice,0,0,0,0,0,0,0
2026-10-04T14:10:15Z,paymentservice,currencyservice,0,0,0,0,0,0,0
2026-10-04T14:10:15Z,paymentservice,emailservice,0,0,0,0,0,0,0
2026-10-04T14:10:15Z,paymentservice,frontend,0,0,0,0,0,0,0
2026-10-04T14:10:15Z,paymentservice,kubernetes,0,0,0,0,0,0,0
2026-10-04T14:10:15Z,paymentservice,paymentservice,0,0,0,0,0,0,0
2026-10-04T14:10:15Z,paymentservice,productcatalogservice,0,0,0,0,0,0,0
2026-10-04T14:10:15Z,paymentservice,recommendationservice,0,0,0,0,0,0,0
2026-10-04T14:10:15Z,paymentservice,redis-cart,0,0,0,0,0,0,0
2026-10-04T14:10:15Z,paymentservice,shippingservice,0,0,0,0,0,0,0
2026-10-04T14:10:15Z,productcatalogservice,adservice,0,0,0,0,0,0,0
2026-10-04T14:10:15Z,productcatalogservice,cartservice,0,0,0,0,0,0,0
2026-10-04T14:10:15Z,productcatalogservice,checkoutservice,0,0,0,0,0,0,0
2026-10-04T14:10:15Z,productcatalogservice,currencyservice,0,0,0,0,0,0,0
2026-10-04T14:10:15Z,productcatalogservice,emailservice,0,0,0,0,0,0,0
2026-10-04T14:10:15Z,productcatalogservice,frontend,0,0,0,0,0,0,0
2026-10-04T14:10:15Z,productcatalogservice,kubernetes,0,0,0,0,0,0,0
2026-10-04T14:10:15Z,productcatalogservice,paymentservice,0,0,0,0,0,0,0
2026-10-04T14:10:15Z,productcatalogservice,productcatalogservice,0,0,0,0,0,0,0
2026-10-04T14:10:15Z,productcatalogservice,recommendationservice,0,0,0,0,0,0,0
2026-10-04T14:10:15Z,productcatalogservice,redis-cart,0,0,0,0,0,0,0
2026-10-04T14:10:15Z,productcatalogservice,shippingservice,0,0,0,0,0,0,0
2026-10-04T14:10:15Z,recommendationservice,adservice,0,0,0,0,0,0,0
2026-10-04T14:10:15Z,recommendationservice,cartservice,0,0,0,0,0,0,0
2026-10-04T14:10:15Z,recommendationservice,checkoutservice,0,0,0,0,0,0,0
2026-10-04T14:10:15Z,recommendationservice,currencyservice,0,0,0,0,0,0,0
2026-10-04T14:10:15Z,recommendationservice,emailservice,0,0,0,0,0,0,0
2026-10-04T14:10:15Z,recommendationservice,frontend,0,0,0,0,0,0,0
2026-10-04T14:10:15Z,recommendationservice,kubernetes,0,0,0,0,0,0,0
2026-10-04T14:10:15Z,recommendationservice,paymentservice,0,0,0,0,0,0,0
2026-10-04T14:10:15Z,recommendationservice,productcatalogservice,167593,167593,0,0,0,1145411,167558
2026-10-04T14:10:15Z,recommendationservice,recommendationservice,0,0,0,0,0,0,0
2026-10-04T14:10:15Z,recommendationservice,redis-cart,0,0,0,0,0,0,0
2026-10-04T14:10:15Z,recommendationservice,shippingservice,0,0,0,0,0,0,0
2026-10-04T14:10:15Z,redis-cart,adservice,0,0,0,0,0,0,0
2026-10-04T14:10:15Z,redis-cart,cartservice,0,0,0,0,0,0,0
2026-10-04T14:10:15Z,redis-cart,checkoutservice,0,0,0,0,0,0,0
2026-10-04T14:10:15Z,redis-cart,currencyservice,0,0,0,0,0,0,0
2026-10-04T14:10:15Z,redis-cart,emailservice,0,0,0,0,0,0,0
2026-10-04T14:10:15Z,redis-cart,frontend,0,0,0,0,0,0,0
2026-10-04T14:10:15Z,redis-cart,kubernetes,0,0,0,0,0,0,0
2026-10-04T14:10:15Z,redis-cart,paymentservice,0,0,0,0,0,0,0
2026-10-04T14:10:15Z,redis-cart,productcatalogservice,0,0,0,0,0,0,0
2026-10-04T14:10:15Z,redis-cart,recommendationservice,0,0,0,0,0,0,0
2026-10-04T14:10:15Z,redis-cart,redis-cart,0,0,0,0,0,0,0
2026-10-04T14:10:15Z,redis-cart,shippingservice,0,0,0,0,0,0,0
2026-10-04T14:10:15Z,shippingservice,adservice,0,0,0,0,0,0,0
2026-10-04T14:10:15Z,shippingservice,cartservice,0,0,0,0,0,0,0
2026-10-04T14:10:15Z,shippingservice,checkoutservice,0,0,0,0,0,0,0
2026-10-04T14:10:15Z,shippingservice,currencyservice,0,0,0,0,0,0,0
2026-10-04T14:10:15Z,shippingservice,emailservice,0,0,0,0,0,0,0
2026-10-04T14:10:15Z,shippingservice,frontend,0,0,0,0,0,0,0
2026-10-04T14:10:15Z,shippingservice,kubernetes,0,0,0,0,0,0,0
2026-10-04T14:10:15Z,shippingservice,paymentservice,0,0,0,0,0,0,0
2026-10-04T14:10:15Z,shippingservice,productcatalogservice,0,0,0,0,0,0,0
2026-10-04T14:10:15Z,shippingservice,recommendationservice,0,0,0,0,0,0,0
2026-10-04T14:10:15Z,shippingservice,redis-cart,0,0,0,0,0,0,0
2026-10-04T14:10:15Z,shippingservice,shippingservice,0,0,0,0,0,0,0
2026-10-04T14:10:16Z,adservice,adservice,0,0,0,0,0,0,0
2026-10-04T14:10:16Z,adservice,cartservice,0,0,0,0,0,0,0
2026-10-04T14:10:16Z,adservice,checkoutservice,0,0,0,0,0,0,0
2026-10-04T14:10:16Z,adservice,currencyservice,0,0,0,0,0,0,0
2026-10-04T14:10:16Z,adservice,emailservice,0,0,0,0,0,0,0
2026-10-04T14:10:16Z,adservice,frontend,0,0,0,0,0,0,0
2026-10-04T14:10:16Z,adservice,kubernetes,0,0,0,0,0,0,0
2026-10-04T14:10:16Z,adservice,paymentservice,0,0,0,0,0,0,0
2026-10-04T14:10:16Z,adservice,productcatalogservice,0,0,0,0,0,0,0
2026-10-04T14:10:16Z,adservice,recommendationservice,0,0,0,0,0,0,0
2026-10-04T14:10:16Z,adservice,redis-cart,0,0,0,0,0,0,0
2026-10-04T14:10:16Z,adservice,shippingservice,0,0,0,0,0,0,0
2026-10-04T14:10:16Z,cartservice,adservice,0,0,0,0,0,0,0
2026-10-04T14:10:16Z,cartservice,cartservice,0,0,0,0,0,0,0
2026-10-04T14:10:16Z,cartservice,checkoutservice,0,0,0,0,0,0,0
2026-10-04T14:10:16Z,cartservice,currencyservice,0,0,0,0,0,0,0
2026-10-04T14:10:16Z,cartservice,emailservice,0,0,0,0,0,0,0
2026-10-04T14:10:16Z,cartservice,frontend,0,0,0,0,0,0,0
2026-10-04T14:10:16Z,cartservice,kubernetes,0,0,0,0,0,0,0
2026-10-04T14:10:16Z,cartservice,paymentservice,0,0,0,0,0,0,0
2026-10-04T14:10:16Z,cartservice,productcatalogservice,0,0,0,0,0,0,0
2026-10-04T14:10:16Z,cartservice,recommendationservice,0,0,0,0,0,0,0
2026-10-04T14:10:16Z,cartservice,redis-cart,2,0,0,0,0,0,0
2026-10-04T14:10:16Z,cartservice,shippingservice,0,0,0,0,0,0,0
2026-10-04T14:10:16Z,checkoutservice,adservice,0,0,0,0,0,0,0
2026-10-04T14:10:16Z,checkoutservice,cartservice,61089,60155,0,100,0,700317,59695
2026-10-04T14:10:16Z,checkoutservice,checkoutservice,0,0,0,0,0,0,0
2026-10-04T14:10:16Z,checkoutservice,currencyservice,41939,41939,0,0,0,567374,41711
2026-10-04T14:10:16Z,checkoutservice,emailservice,13175,12886,0,66,0,430894,12660
2026-10-04T14:10:16Z,checkoutservice,frontend,0,0,0,0,0,0,0
2026-10-04T14:10:16Z,checkoutservice,kubernetes,0,0,0,0,0,0,0
2026-10-04T14:10:16Z,checkoutservice,paymentservice,35205,33357,0,192,0,437395,32981
2026-10-04T14:10:16Z,checkoutservice,productcatalogservice,0,0,0,0,0,0,0
2026-10-04T14:10:16Z,checkoutservice,recommendationservice,0,0,0,0,0,0,0
2026-10-04T14:10:16Z,checkoutservice,redis-cart,0,0,0,0,0,0,0
2026-10-04T14:10:16Z,checkoutservice,shippingservice,66397,64293,0,154,0,512498,63833
2026-10-04T14:10:16Z,currencyservice,adservice,0,0,0,0,0,0,0
2026-10-04T14:10:16Z,currencyservice,cartservice,0,0,0,0,0,0,0
2026-10-04T14:10:16Z,currencyservice,checkoutservice,0,0,0,0,0,0,0
2026-10-04T14:10:16Z,currencyservice,currencyservice,0,0,0,0,0,0,0
2026-10-04T14:10:16Z,currencyservice,emailservice,0,0,0,0,0,0,0
2026-10-04T14:10:16Z,currencyservice,frontend,0,0,0,0,0,0,0
2026-10-04T14:10:16Z,currencyservice,kubernetes,0,0,0,0,0,0,0
2026-10-04T14:10:16Z,currencyservice,paymentservice,0,0,0,0,0,0,0
2026-10-04T14:10:16Z,currencyservice,productcatalogservice,0,0,0,0,0,0,0
2026-10-04T14:10:16Z,currencyservice,recommendationservice,0,0,0,0,0,0,0
2026-10-04T14:10:16Z,currencyservice,redis-cart,0,0,0,0,0,0,0
2026-10-04T14:10:16Z,currencyservice,shippingservice,0,0,0,0,0,0,0
2026-10-04T14:10:16Z,emailservice,adservice,0,0,0,0,0,0,0
2026-10-04T14:10:16Z,emailservice,cartservice,0,0,0,0,0,0,0
2026-10-04T14:10:16Z,emailservice,checkoutservice,0,0,0,0,0,0,0
2026-10-04T14:10:16Z,emailservice,currencyservice,0,0,0,0,0,0,0
2026-10-04T14:10:16Z,emailservice,emailservice,0,0,0,0,0,0,0
2026-10-04T14:10:16Z,emailservice,frontend,0,0,0,0,0,0,0
2026-10-04T14:10:16Z,emailservice,kubernetes,0,0,0,0,0,0,0
2026-10-04T14:10:16Z,emailservice,paymentservice,0,0,0,0,0,0,0
2026-10-04T14:10:16Z,emailservice,productcatalogservice,0,0,0,0,0,0,0
2026-10-04T14:10:16Z,emailservice,recommendationservice,0,0,0,0,0,0,0
2026-10-04T14:10:16Z,emailservice,redis-cart,0,0,0,0,0,0,0
2026-10-04T14:10:16Z,emailservice,shippingservice,0,0,0,0,0,0,0
2026-10-04T14:10:16Z,frontend,adservice,850891,850889,0,0,0,2563050,850481
2026-10-04T14:10:16Z,frontend,cartservice,1897690,1897673,0,0,4,10497415,1896591
2026-10-04T14:10:16Z,frontend,checkoutservice,400939,190966,0,40061,169946,62818754,190817
2026-10-04T14:10:16Z,frontend,currencyservice,3015787,3015778,0,0,0,15876169,3014030
2026-10-04T14:10:16Z,frontend,emailservice,0,0,0,0,0,0,0
2026-10-04T14:10:16Z,frontend,frontend,0,0,0,0,0,0,0
2026-10-04T14:10:16Z,frontend,kubernetes,0,0,0,0,0,0,0
2026-10-04T14:10:16Z,frontend,paymentservice,0,0,0,0,0,0,0
2026-10-04T14:10:16Z,frontend,productcatalogservice,8448573,8448494,0,0,0,57663221,8444053
2026-10-04T14:10:16Z,frontend,recommendationservice,2762443,1675589,0,114343,969968,837509021,1674639
2026-10-04T14:10:16Z,frontend,redis-cart,0,0,0,0,0,0,0
2026-10-04T14:10:16Z,frontend,shippingservice,311947,311944,0,0,0,944061,311787
2026-10-04T14:10:16Z,paymentservice,adservice,0,0,0,0,0,0,0
2026-10-04T14:10:16Z,paymentservice,cartservice,0,0,0,0,0,0,0
2026-10-04T14:10:16Z,paymentservice,checkoutservice,0,0,0,0,0,0,0
2026-10-04T14:10:16Z,paymentservice,currencyservice,0,0,0,0,0,0,0
2026-10-04T14:10:16Z,paymentservice,emailservice,0,0,0,0,0,0,0
2026-10-04T14:10:16Z,paymentservice,frontend,0,0,0,0,0,0,0
2026-10-04T14:10:16Z,paymentservice,kubernetes,0,0,0,0,0,0,0
2026-10-04T14:10:16Z,paymentservice,paymentservice,0,0,0,0,0,0,0
2026-10-04T14:10:16Z,paymentservice,productcatalogservice,0,0,0,0,0,0,0
2026-10-04T14:10:16Z,paymentservice,recommendationservice,0,0,0,0,0,0,0
2026-10-04T14:10:16Z,paymentservice,redis-cart,0,0,0,0,0,0,0
2026-10-04T14:10:16Z,paymentservice,shippingservice,0,0,0,0,0,0,0
2026-10-04T14:10:16Z,productcatalogservice,adservice,0,0,0,0,0,0,0
2026-10-04T14:10:16Z,productcatalogservice,cartservice,0,0,0,0,0,0,0
2026-10-04T14:10:16Z,productcatalogservice,checkoutservice,0,0,0,0,0,0,0
2026-10-04T14:10:16Z,productcatalogservice,currencyservice,0,0,0,0,0,0,0
2026-10-04T14:10:16Z,productcatalogservice,emailservice,0,0,0,0,0,0,0
2026-10-04T14:10:16Z,productcatalogservice,frontend,0,0,0,0,0,0,0
2026-10-04T14:10:16Z,productcatalogservice,kubernetes,0,0,0,0,0,0,0
2026-10-04T14:10:16Z,productcatalogservice,paymentservice,0,0,0,0,0,0,0
2026-10-04T14:10:16Z,productcatalogservice,productcatalogservice,0,0,0,0,0,0,0
2026-10-04T14:10:16Z,productcatalogservice,recommendationservice,0,0,0,0,0,0,0
2026-10-04T14:10:16Z,productcatalogservice,redis-cart,0,0,0,0,0,0,0
2026-10-04T14:10:16Z,productcatalogservice,shippingservice,0,0,0,0,0,0,0
2026-10-04T14:10:16Z,recommendationservice,adservice,0,0,0,0,0,0,0
2026-10-04T14:10:16Z,recommendationservice,cartservice,0,0,0,0,0,0,0
2026-10-04T14:10:16Z,recommendationservice,checkoutservice,0,0,0,0,0,0,0
2026-10-04T14:10:16Z,recommendationservice,currencyservice,0,0,0,0,0,0,0
2026-10-04T14:10:16Z,recommendationservice,emailservice,0,0,0,0,0,0,0
2026-10-04T14:10:16Z,recommendationservice,frontend,0,0,0,0,0,0,0
2026-10-04T14:10:16Z,recommendationservice,kubernetes,0,0,0,0,0,0,0
2026-10-04T14:10:16Z,recommendationservice,paymentservice,0,0,0,0,0,0,0
2026-10-04T14:10:16Z,recommendationservice,productcatalogservice,168034,168033,0,0,0,1145411,167558
2026-10-04T14:10:16Z,recommendationservice,recommendationservice,0,0,0,0,0,0,0
2026-10-04T14:10:16Z,recommendationservice,redis-cart,0,0,0,0,0,0,0
2026-10-04T14:10:16Z,recommendationservice,shippingservice,0,0,0,0,0,0,0
2026-10-04T14:10:16Z,redis-cart,adservice,0,0,0,0,0,0,0
2026-10-04T14:10:16Z,redis-cart,cartservice,0,0,0,0,0,0,0
2026-10-04T14:10:16Z,redis-cart,checkoutservice,0,0,0,0,0,0,0
2026-10-04T14:10:16Z,redis-cart,currencyservice,0,0,0,0,0,0,0
2026-10-04T14:10:16Z,redis-cart,emailservice,0,0,0,0,0,0,0
2026-10-04T14:10:16Z,redis-cart,frontend,0,0,0,0,0,0,0
2026-10-04T14:10:16Z,redis-cart,kubernetes,0,0,0,0,0,0,0
2026-10-04T14:10:16Z,redis-cart,paymentservice,0,0,0,0,0,0,0
2026-10-04T14:10:16Z,redis-cart,productcatalogservice,0,0,0,0,0,0,0
2026-10-04T14:10:16Z,redis-cart,recommendationservice,0,0,0,0,0,0,0
2026-10-04T14:10:16Z,redis-cart,redis-cart,0,0,0,0,0,0,0
2026-10-04T14:10:16Z,redis-cart,shippingservice,0,0,0,0,0,0,0
2026-10-04T14:10:16Z,shippingservice,adservice,0,0,0,0,0,0,0
2026-10-04T14:10:16Z,shippingservice,cartservice,0,0,0,0,0,0,0
2026-10-04T14:10:16Z,shippingservice,checkoutservice,0,0,0,0,0,0,0
2026-10-04T14:10:16Z,shippingservice,currencyservice,0,0,0,0,0,0,0
2026-10-04T14:10:16Z,shippingservice,emailservice,0,0,0,0,0,0,0
2026-10-04T14:10:16Z,shippingservice,frontend,0,0,0,0,0,0,0
2026-10-04T14:10:16Z,shippingservice,kubernetes,0,0,0,0,0,0,0
2026-10-04T14:10:16Z,shippingservice,paymentservice,0,0,0,0,0,0,0
2026-10-04T14:10:16Z,shippingservice,productcatalogservice,0,0,0,0,0,0,0
2026-10-04T14:10:16Z,shippingservice,recommendationservice,0,0,0,0,0,0,0
2026-10-04T14:10:16Z,shippingservice,redis-cart,0,0,0,0,0,0,0
2026-10-04T14:10:16Z,shippingservice,shippingservice,0,0,0,0,0,0,0
2026-10-04T14:10:17Z,adservice,adservice,0,0,0,0,0,0,0
2026-10-04T14:10:17Z,adservice,cartservice,0,0,0,0,0,0,0
2026-10-04T14:10:17Z,adservice,checkoutservice,0,0,0,0,0,0,0
2026-10-04T14:10:17Z,adservice,currencyservice,0,0,0,0,0,0,0
2026-10-04T14:10:17Z,adservice,emailservice,0,0,0,0,0,0,0
2026-10-04T14:10:17Z,adservice,frontend,0,0,0,0,0,0,0
2026-10-04T14:10:17Z,adservice,kubernetes,0,0,0,0,0,0,0
2026-10-04T14:10:17Z,adservice,paymentservice,0,0,0,0,0,0,0
2026-10-04T14:10:17Z,adservice,productcatalogservice,0,0,0,0,0,0,0
2026-10-04T14:10:17Z,adservice,recommendationservice,0,0,0,0,0,0,0
2026-10-04T14:10:17Z,adservice,redis-cart,0,0,0,0,0,0,0
2026-10-04T14:10:17Z,adservice,shippingservice,0,0,0,0,0,0,0
2026-10-04T14:10:17Z,cartservice,adservice,0,0,0,0,0,0,0
2026-10-04T14:10:17Z,cartservice,cartservice,0,0,0,0,0,0,0
2026-10-04T14:10:17Z,cartservice,checkoutservice,0,0,0,0,0,0,0
2026-10-04T14:10:17Z,cartservice,currencyservice,0,0,0,0,0,0,0
2026-10-04T14:10:17Z,cartservice,emailservice,0,0,0,0,0,0,0
2026-10-04T14:10:17Z,cartservice,frontend,0,0,0,0,0,0,0
2026-10-04T14:10:17Z,cartservice,kubernetes,0,0,0,0,0,0,0
2026-10-04T14:10:17Z,cartservice,paymentservice,0,0,0,0,0,0,0
2026-10-04T14:10:17Z,cartservice,productcatalogservice,0,0,0,0,0,0,0
2026-10-04T14:10:17Z,cartservice,recommendationservice,0,0,0,0,0,0,0
2026-10-04T14:10:17Z,cartservice,redis-cart,2,0,0,0,0,0,0
2026-10-04T14:10:17Z,cartservice,shippingservice,0,0,0,0,0,0,0
2026-10-04T14:10:17Z,checkoutservice,adservice,0,0,0,0,0,0,0
2026-10-04T14:10:17Z,checkoutservice,cartservice,61198,60266,0,100,0,702903,60253
2026-10-04T14:10:17Z,checkoutservice,checkoutservice,0,0,0,0,0,0,0
2026-10-04T14:10:17Z,checkoutservice,currencyservice,41995,41995,0,0,0,568778,41990
2026-10-04T14:10:17Z,checkoutservice,emailservice,13232,12943,0,66,0,434619,12940
2026-10-04T14:10:17Z,checkoutservice,frontend,0,0,0,0,0,0,0
2026-10-04T14:10:17Z,checkoutservice,kubernetes,0,0,0,0,0,0,0
2026-10-04T14:10:17Z,checkoutservice,paymentservice,35261,33413,0,192,0,438381,33260
2026-10-04T14:10:17Z,checkoutservice,productcatalogservice,0,0,0,0,0,0,0
2026-10-04T14:10:17Z,checkoutservice,recommendationservice,0,0,0,0,0,0,0
2026-10-04T14:10:17Z,checkoutservice,redis-cart,0,0,0,0,0,0,0
2026-10-04T14:10:17Z,checkoutservice,shippingservice,66509,64405,0,154,0,513706,64391
2026-10-04T14:10:17Z,currencyservice,adservice,0,0,0,0,0,0,0
2026-10-04T14:10:17Z,currencyservice,cartservice,0,0,0,0,0,0,0
2026-10-04T14:10:17Z,currencyservice,checkoutservice,0,0,0,0,0,0,0
2026-10-04T14:10:17Z,currencyservice,currencyservice,0,0,0,0,0,0,0
2026-10-04T14:10:17Z,currencyservice,emailservice,0,0,0,0,0,0,0
2026-10-04T14:10:17Z,currencyservice,frontend,0,0,0,0,0,0,0
2026-10-04T14:10:17Z,currencyservice,kubernetes,0,0,0,0,0,0,0
2026-10-04T14:10:17Z,currencyservice,paymentservice,0,0,0,0,0,0,0
2026-10-04T14:10:17Z,currencyservice,productcatalogservice,0,0,0,0,0,0,0
2026-10-04T14:10:17Z,currencyservice,recommendationservice,0,0,0,0,0,0,0
2026-10-04T14:10:17Z,currencyservice,redis-cart,0,0,0,0,0,0,0
2026-10-04T14:10:17Z,currencyservice,shippingservice,0,0,0,0,0,0,0
2026-10-04T14:10:17Z,emailservice,adservice,0,0,0,0,0,0,0
2026-10-04T14:10:17Z,emailservice,cartservice,0,0,0,0,0,0,0
2026-10-04T14:10:17Z,emailservice,checkoutservice,0,0,0,0,0,0,0
2026-10-04T14:10:17Z,emailservice,currencyservice,0,0,0,0,0,0,0
2026-10-04T14:10:17Z,emailservice,emailservice,0,0,0,0,0,0,0
2026-10-04T14:10:17Z,emailservice,frontend,0,0,0,0,0,0,0
2026-10-04T14:10:17Z,emailservice,kubernetes,0,0,0,0,0,0,0
2026-10-04T14:10:17Z,emailservice,paymentservice,0,0,0,0,0,0,0
2026-10-04T14:10:17Z,emailservice,productcatalogservice,0,0,0,0,0,0,0
2026-10-04T14:10:17Z,emailservice,recommendationservice,0,0,0,0,0,0,0
2026-10-04T14:10:17Z,emailservice,redis-cart,0,0,0,0,0,0,0
2026-10-04T14:10:17Z,emailservice,shippingservice,0,0,0,0,0,0,0
2026-10-04T14:10:17Z,frontend,adservice,851031,851029,0,0,0,2563050,850481
2026-10-04T14:10:17Z,frontend,cartservice,1898070,1898058,0,0,4,10497415,1896591
2026-10-04T14:10:17Z,frontend,checkoutservice,400991,191023,0,40061,169946,62818754,190817
2026-10-04T14:10:17Z,frontend,currencyservice,3016392,3016384,0,0,0,15876169,3014030
2026-10-04T14:10:17Z,frontend,emailservice,0,0,0,0,0,0,0
2026-10-04T14:10:17Z,frontend,frontend,0,0,0,0,0,0,0
2026-10-04T14:10:17Z,frontend,kubernetes,0,0,0,0,0,0,0
2026-10-04T14:10:17Z,frontend,paymentservice,0,0,0,0,0,0,0
2026-10-04T14:10:17Z,frontend,productcatalogservice,8450119,8450054,0,0,0,57663221,8444053
2026-10-04T14:10:17Z,frontend,recommendationservice,2763223,1675926,0,114377,970379,837509021,1674639
2026-10-04T14:10:17Z,frontend,redis-cart,0,0,0,0,0,0,0
2026-10-04T14:10:17Z,frontend,shippingservice,312012,312009,0,0,0,944061,311787
2026-10-04T14:10:17Z,paymentservice,adservice,0,0,0,0,0,0,0
2026-10-04T14:10:17Z,paymentservice,cartservice,0,0,0,0,0,0,0
2026-10-04T14:10:17Z,paymentservice,checkoutservice,0,0,0,0,0,0,0
2026-10-04T14:10:17Z,paymentservice,currencyservice,0,0,0,0,0,0,0
2026-10-04T14:10:17Z,paymentservice,emailservice,0,0,0,0,0,0,0
2026-10-04T14:10:17Z,paymentservice,frontend,0,0,0,0,0,0,0
2026-10-04T14:10:17Z,paymentservice,kubernetes,0,0,0,0,0,0,0
2026-10-04T14:10:17Z,paymentservice,paymentservice,0,0,0,0,0,0,0
2026-10-04T14:10:17Z,paymentservice,productcatalogservice,0,0,0,0,0,0,0
2026-10-04T14:10:17Z,paymentservice,recommendationservice,0,0,0,0,0,0,0
2026-10-04T14:10:17Z,paymentservice,redis-cart,0,0,0,0,0,0,0
2026-10-04T14:10:17Z,paymentservice,shippingservice,0,0,0,0,0,0,0
2026-10-04T14:10:17Z,productcatalogservice,adservice,0,0,0,0,0,0,0
2026-10-04T14:10:17Z,productcatalogservice,cartservice,0,0,0,0,0,0,0
2026-10-04T14:10:17Z,productcatalogservice,checkoutservice,0,0,0,0,0,0,0
2026-10-04T14:10:17Z,productcatalogservice,currencyservice,0,0,0,0,0,0,0
2026-10-04T14:10:17Z,productcatalogservice,emailservice,0,0,0,0,0,0,0
2026-10-04T14:10:17Z,productcatalogservice,frontend,0,0,0,0,0,0,0
2026-10-04T14:10:17Z,productcatalogservice,kubernetes,0,0,0,0,0,0,0
2026-10-04T14:10:17Z,productcatalogservice,paymentservice,0,0,0,0,0,0,0
2026-10-04T14:10:17Z,productcatalogservice,productcatalogservice,0,0,0,0,0,0,0
2026-10-04T14:10:17Z,productcatalogservice,recommendationservice,0,0,0,0,0,0,0
2026-10-04T14:10:17Z,productcatalogservice,redis-cart,0,0,0,0,0,0,0
2026-10-04T14:10:17Z,productcatalogservice,shippingservice,0,0,0,0,0,0,0
2026-10-04T14:10:17Z,recommendationservice,adservice,0,0,0,0,0,0,0
2026-10-04T14:10:17Z,recommendationservice,cartservice,0,0,0,0,0,0,0
2026-10-04T14:10:17Z,recommendationservice,checkoutservice,0,0,0,0,0,0,0
2026-10-04T14:10:17Z,recommendationservice,currencyservice,0,0,0,0,0,0,0
2026-10-04T14:10:17Z,recommendationservice,emailservice,0,0,0,0,0,0,0
2026-10-04T14:10:17Z,recommendationservice,frontend,0,0,0,0,0,0,0
2026-10-04T14:10:17Z,recommendationservice,kubernetes,0,0,0,0,0,0,0
2026-10-04T14:10:17Z,recommendationservice,paymentservice,0,0,0,0,0,0,0
2026-10-04T14:10:17Z,recommendationservice,productcatalogservice,168424,168416,0,0,0,1145411,167558
2026-10-04T14:10:17Z,recommendationservice,recommendationservice,0,0,0,0,0,0,0
2026-10-04T14:10:17Z,recommendationservice,redis-cart,0,0,0,0,0,0,0
2026-10-04T14:10:17Z,recommendationservice,shippingservice,0,0,0,0,0,0,0
2026-10-04T14:10:17Z,redis-cart,adservice,0,0,0,0,0,0,0
2026-10-04T14:10:17Z,redis-cart,cartservice,0,0,0,0,0,0,0
2026-10-04T14:10:17Z,redis-cart,checkoutservice,0,0,0,0,0,0,0
2026-10-04T14:10:17Z,redis-cart,currencyservice,0,0,0,0,0,0,0
2026-10-04T14:10:17Z,redis-cart,emailservice,0,0,0,0,0,0,0
2026-10-04T14:10:17Z,redis-cart,frontend,0,0,0,0,0,0,0
2026-10-04T14:10:17Z,redis-cart,kubernetes,0,0,0,0,0,0,0
2026-10-04T14:10:17Z,redis-cart,paymentservice,0,0,0,0,0,0,0
2026-10-04T14:10:17Z,redis-cart,productcatalogservice,0,0,0,0,0,0,0
2026-10-04T14:10:17Z,redis-cart,recommendationservice,0,0,0,0,0,0,0
2026-10-04T14:10:17Z,redis-cart,redis-cart,0,0,0,0,0,0,0
2026-10-04T14:10:17Z,redis-cart,shippingservice,0,0,0,0,0,0,0
2026-10-04T14:10:17Z,shippingservice,adservice,0,0,0,0,0,0,0
2026-10-04T14:10:17Z,shippingservice,cartservice,0,0,0,0,0,0,0
2026-10-04T14:10:17Z,shippingservice,checkoutservice,0,0,0,0,0,0,0
2026-10-04T14:10:17Z,shippingservice,currencyservice,0,0,0,0,0,0,0
2026-10-04T14:10:17Z,shippingservice,emailservice,0,0,0,0,0,0,0
2026-10-04T14:10:17Z,shippingservice,frontend,0,0,0,0,0,0,0
2026-10-04T14:10:17Z,shippingservice,kubernetes,0,0,0,0,0,0,0
2026-10-04T14:10:17Z,shippingservice,paymentservice,0,0,0,0,0,0,0
2026-10-04T14:10:17Z,shippingservice,productcatalogservice,0,0,0,0,0,0,0
2026-10-04T14:10:17Z,shippingservice,recommendationservice,0,0,0,0,0,0,0
2026-10-04T14:10:17Z,shippingservice,redis-cart,0,0,0,0,0,0,0
2026-10-04T14:10:17Z,shippingservice,shippingservice,0,0,0,0,0,0,0
2026-10-04T14:10:18Z,adservice,adservice,0,0,0,0,0,0,0
2026-10-04T14:10:18Z,adservice,cartservice,0,0,0,0,0,0,0
2026-10-04T14:10:18Z,adservice,checkoutservice,0,0,0,0,0,0,0
2026-10-04T14:10:18Z,adservice,currencyservice,0,0,0,0,0,0,0
2026-10-04T14:10:18Z,adservice,emailservice,0,0,0,0,0,0,0
2026-10-04T14:10:18Z,adservice,frontend,0,0,0,0,0,0,0
2026-10-04T14:10:18Z,adservice,kubernetes,0,0,0,0,0,0,0
2026-10-04T14:10:18Z,adservice,paymentservice,0,0,0,0,0,0,0
2026-10-04T14:10:18Z,adservice,productcatalogservice,0,0,0,0,0,0,0
2026-10-04T14:10:18Z,adservice,recommendationservice,0,0,0,0,0,0,0
2026-10-04T14:10:18Z,adservice,redis-cart,0,0,0,0,0,0,0
2026-10-04T14:10:18Z,adservice,shippingservice,0,0,0,0,0,0,0
2026-10-04T14:10:18Z,cartservice,adservice,0,0,0,0,0,0,0
2026-10-04T14:10:18Z,cartservice,cartservice,0,0,0,0,0,0,0
2026-10-04T14:10:18Z,cartservice,checkoutservice,0,0,0,0,0,0,0
2026-10-04T14:10:18Z,cartservice,currencyservice,0,0,0,0,0,0,0
2026-10-04T14:10:18Z,cartservice,emailservice,0,0,0,0,0,0,0
2026-10-04T14:10:18Z,cartservice,frontend,0,0,0,0,0,0,0
2026-10-04T14:10:18Z,cartservice,kubernetes,0,0,0,0,0,0,0
2026-10-04T14:10:18Z,cartservice,paymentservice,0,0,0,0,0,0,0
2026-10-04T14:10:18Z,cartservice,productcatalogservice,0,0,0,0,0,0,0
2026-10-04T14:10:18Z,cartservice,recommendationservice,0,0,0,0,0,0,0
2026-10-04T14:10:18Z,cartservice,redis-cart,2,0,0,0,0,0,0
2026-10-04T14:10:18Z,cartservice,shippingservice,0,0,0,0,0,0,0
2026-10-04T14:10:18Z,checkoutservice,adservice,0,0,0,0,0,0,0
2026-10-04T14:10:18Z,checkoutservice,cartservice,61307,60376,0,100,0,702903,60253
2026-10-04T14:10:18Z,checkoutservice,checkoutservice,0,0,0,0,0,0,0
2026-10-04T14:10:18Z,checkoutservice,currencyservice,42051,42051,0,0,0,568778,41990
2026-10-04T14:10:18Z,checkoutservice,emailservice,13289,13001,0,66,0,434619,12940
2026-10-04T14:10:18Z,checkoutservice,frontend,0,0,0,0,0,0,0
2026-10-04T14:10:18Z,checkoutservice,kubernetes,0,0,0,0,0,0,0
2026-10-04T14:10:18Z,checkoutservice,paymentservice,35317,33469,0,192,0,438381,33260
2026-10-04T14:10:18Z,checkoutservice,productcatalogservice,0,0,0,0,0,0,0
2026-10-04T14:10:18Z,checkoutservice,recommendationservice,0,0,0,0,0,0,0
2026-10-04T14:10:18Z,checkoutservice,redis-cart,0,0,0,0,0,0,0
2026-10-04T14:10:18Z,checkoutservice,shippingservice,66618,64515,0,154,0,513706,64391
2026-10-04T14:10:18Z,currencyservice,adservice,0,0,0,0,0,0,0
2026-10-04T14:10:18Z,currencyservice,cartservice,0,0,0,0,0,0,0
2026-10-04T14:10:18Z,currencyservice,checkoutservice,0,0,0,0,0,0,0
2026-10-04T14:10:18Z,currencyservice,currencyservice,0,0,0,0,0,0,0
2026-10-04T14:10:18Z,currencyservice,emailservice,0,0,0,0,0,0,0
2026-10-04T14:10:18Z,currencyservice,frontend,0,0,0,0,0,0,0
2026-10-04T14:10:18Z,currencyservice,kubernetes,0,0,0,0,0,0,0
2026-10-04T14:10:18Z,currencyservice,paymentservice,0,0,0,0,0,0,0
2026-10-04T14:10:18Z,currencyservice,productcatalogservice,0,0,0,0,0,0,0
2026-10-04T14:10:18Z,currencyservice,recommendationservice,0,0,0,0,0,0,0
2026-10-04T14:10:18Z,currencyservice,redis-cart,0,0,0,0,0,0,0
2026-10-04T14:10:18Z,currencyservice,shippingservice,0,0,0,0,0,0,0
2026-10-04T14:10:18Z,emailservice,adservice,0,0,0,0,0,0,0
2026-10-04T14:10:18Z,emailservice,cartservice,0,0,0,0,0,0,0
2026-10-04T14:10:18Z,emailservice,checkoutservice,0,0,0,0,0,0,0
2026-10-04T14:10:18Z,emailservice,currencyservice,0,0,0,0,0,0,0
2026-10-04T14:10:18Z,emailservice,emailservice,0,0,0,0,0,0,0
2026-10-04T14:10:18Z,emailservice,frontend,0,0,0,0,0,0,0
2026-10-04T14:10:18Z,emailservice,kubernetes,0,0,0,0,0,0,0
2026-10-04T14:10:18Z,emailservice,paymentservice,0,0,0,0,0,0,0
2026-10-04T14:10:18Z,emailservice,productcatalogservice,0,0,0,0,0,0,0
2026-10-04T14:10:18Z,emailservice,recommendationservice,0,0,0,0,0,0,0
2026-10-04T14:10:18Z,emailservice,redis-cart,0,0,0,0,0,0,0
2026-10-04T14:10:18Z,emailservice,shippingservice,0,0,0,0,0,0,0
2026-10-04T14:10:18Z,frontend,adservice,851161,851159,0,0,0,2563532,850637
2026-10-04T14:10:18Z,frontend,cartservice,1898443,1898430,0,0,4,10499657,1897059
2026-10-04T14:10:18Z,frontend,checkoutservice,401049,191082,0,40061,169946,62826771,190889
2026-10-04T14:10:18Z,frontend,currencyservice,3016980,3016973,0,0,0,15879533,3014774
2026-10-04T14:10:18Z,frontend,emailservice,0,0,0,0,0,0,0
2026-10-04T14:10:18Z,frontend,frontend,0,0,0,0,0,0,0
2026-10-04T14:10:18Z,frontend,kubernetes,0,0,0,0,0,0,0
2026-10-04T14:10:18Z,frontend,paymentservice,0,0,0,0,0,0,0
2026-10-04T14:10:18Z,frontend,productcatalogservice,8451577,8451508,0,0,0,57677020,8445873
2026-10-04T14:10:18Z,frontend,recommendationservice,2763954,1676229,0,114447,970729,837867646,1675066
2026-10-04T14:10:18Z,frontend,redis-cart,0,0,0,0,0,0,0
2026-10-04T14:10:18Z,frontend,shippingservice,312057,312055,0,0,0,944219,311851
2026-10-04T14:10:18Z,paymentservice,adservice,0,0,0,0,0,0,0
2026-10-04T14:10:18Z,paymentservice,cartservice,0,0,0,0,0,0,0
2026-10-04T14:10:18Z,paymentservice,checkoutservice,0,0,0,0,0,0,0
2026-10-04T14:10:18Z,paymentservice,currencyservice,0,0,0,0,0,0,0
2026-10-04T14:10:18Z,paymentservice,emailservice,0,0,0,0,0,0,0
2026-10-04T14:10:18Z,paymentservice,frontend,0,0,0,0,0,0,0
2026-10-04T14:10:18Z,paymentservice,kubernetes,0,0,0,0,0,0,0
2026-10-04T14:10:18Z,paymentservice,paymentservice,0,0,0,0,0,0,0
2026-10-04T14:10:18Z,paymentservice,productcatalogservice,0,0,0,0,0,0,0
2026-10-04T14:10:18Z,paymentservice,recommendationservice,0,0,0,0,0,0,0
2026-10-04T14:10:18Z,paymentservice,redis-cart,0,0,0,0,0,0,0
2026-10-04T14:10:18Z,paymentservice,shippingservice,0,0,0,0,0,0,0
2026-10-04T14:10:18Z,productcatalogservice,adservice,0,0,0,0,0,0,0
2026-10-04T14:10:18Z,productcatalogservice,cartservice,0,0,0,0,0,0,0
2026-10-04T14:10:18Z,productcatalogservice,checkoutservice,0,0,0,0,0,0,0
2026-10-04T14:10:18Z,productcatalogservice,currencyservice,0,0,0,0,0,0,0
2026-10-04T14:10:18Z,productcatalogservice,emailservice,0,0,0,0,0,0,0
2026-10-04T14:10:18Z,productcatalogservice,frontend,0,0,0,0,0,0,0
2026-10-04T14:10:18Z,productcatalogservice,kubernetes,0,0,0,0,0,0,0
2026-10-04T14:10:18Z,productcatalogservice,paymentservice,0,0,0,0,0,0,0
2026-10-04T14:10:18Z,productcatalogservice,productcatalogservice,0,0,0,0,0,0,0
2026-10-04T14:10:18Z,productcatalogservice,recommendationservice,0,0,0,0,0,0,0
2026-10-04T14:10:18Z,productcatalogservice,redis-cart,0,0,0,0,0,0,0
2026-10-04T14:10:18Z,productcatalogservice,shippingservice,0,0,0,0,0,0,0
2026-10-04T14:10:18Z,recommendationservice,adservice,0,0,0,0,0,0,0
2026-10-04T14:10:18Z,recommendationservice,cartservice,0,0,0,0,0,0,0
2026-10-04T14:10:18Z,recommendationservice,checkoutservice,0,0,0,0,0,0,0
2026-10-04T14:10:18Z,recommendationservice,currencyservice,0,0,0,0,0,0,0
2026-10-04T14:10:18Z,recommendationservice,emailservice,0,0,0,0,0,0,0
2026-10-04T14:10:18Z,recommendationservice,frontend,0,0,0,0,0,0,0
2026-10-04T14:10:18Z,recommendationservice,kubernetes,0,0,0,0,0,0,0
2026-10-04T14:10:18Z,recommendationservice,paymentservice,0,0,0,0,0,0,0
2026-10-04T14:10:18Z,recommendationservice,productcatalogservice,168828,168825,0,0,0,1145411,167558
2026-10-04T14:10:18Z,recommendationservice,recommendationservice,0,0,0,0,0,0,0
2026-10-04T14:10:18Z,recommendationservice,redis-cart,0,0,0,0,0,0,0
2026-10-04T14:10:18Z,recommendationservice,shippingservice,0,0,0,0,0,0,0
2026-10-04T14:10:18Z,redis-cart,adservice,0,0,0,0,0,0,0
2026-10-04T14:10:18Z,redis-cart,cartservice,0,0,0,0,0,0,0
2026-10-04T14:10:18Z,redis-cart,checkoutservice,0,0,0,0,0,0,0
2026-10-04T14:10:18Z,redis-cart,currencyservice,0,0,0,0,0,0,0
2026-10-04T14:10:18Z,redis-cart,emailservice,0,0,0,0,0,0,0
2026-10-04T14:10:18Z,redis-cart,frontend,0,0,0,0,0,0,0
2026-10-04T14:10:18Z,redis-cart,kubernetes,0,0,0,0,0,0,0
2026-10-04T14:10:18Z,redis-cart,paymentservice,0,0,0,0,0,0,0
2026-10-04T14:10:18Z,redis-cart,productcatalogservice,0,0,0,0,0,0,0
2026-10-04T14:10:18Z,redis-cart,recommendationservice,0,0,0,0,0,0,0
2026-10-04T14:10:18Z,redis-cart,redis-cart,0,0,0,0,0,0,0
2026-10-04T14:10:18Z,redis-cart,shippingservice,0,0,0,0,0,0,0
2026-10-04T14:10:18Z,shippingservice,adservice,0,0,0,0,0,0,0
2026-10-04T14:10:18Z,shippingservice,cartservice,0,0,0,0,0,0,0
2026-10-04T14:10:18Z,shippingservice,checkoutservice,0,0,0,0,0,0,0
2026-10-04T14:10:18Z,shippingservice,currencyservice,0,0,0,0,0,0,0
2026-10-04T14:10:18Z,shippingservice,emailservice,0,0,0,0,0,0,0
2026-10-04T14:10:18Z,shippingservice,frontend,0,0,0,0,0,0,0
2026-10-04T14:10:18Z,shippingservice,kubernetes,0,0,0,0,0,0,0
2026-10-04T14:10:18Z,shippingservice,paymentservice,0,0,0,0,0,0,0
2026-10-04T14:10:18Z,shippingservice,productcatalogservice,0,0,0,0,0,0,0
2026-10-04T14:10:18Z,shippingservice,recommendationservice,0,0,0,0,0,0,0
2026-10-04T14:10:18Z,shippingservice,redis-cart,0,0,0,0,0,0,0
2026-10-04T14:10:18Z,shippingservice,shippingservice,0,0,0,0,0,0,0
2026-10-04T14:10:19Z,adservice,adservice,0,0,0,0,0,0,0
2026-10-04T14:10:19Z,adservice,cartservice,0,0,0,0,0,0,0
2026-10-04T14:10:19Z,adservice,checkoutservice,0,0,0,0,0,0,0
2026-10-04T14:10:19Z,adservice,currencyservice,0,0,0,0,0,0,0
2026-10-04T14:10:19Z,adservice,emailservice,0,0,0,0,0,0,0
2026-10-04T14:10:19Z,adservice,frontend,0,0,0,0,0,0,0
2026-10-04T14:10:19Z,adservice,kubernetes,0,0,0,0,0,0,0
2026-10-04T14:10:19Z,adservice,paymentservice,0,0,0,0,0,0,0
2026-10-04T14:10:19Z,adservice,productcatalogservice,0,0,0,0,0,0,0
2026-10-04T14:10:19Z,adservice,recommendationservice,0,0,0,0,0,0,0
2026-10-04T14:10:19Z,adservice,redis-cart,0,0,0,0,0,0,0
2026-10-04T14:10:19Z,adservice,shippingservice,0,0,0,0,0,0,0
2026-10-04T14:10:19Z,cartservice,adservice,0,0,0,0,0,0,0
2026-10-04T14:10:19Z,cartservice,cartservice,0,0,0,0,0,0,0
2026-10-04T14:10:19Z,cartservice,checkoutservice,0,0,0,0,0,0,0
2026-10-04T14:10:19Z,cartservice,currencyservice,0,0,0,0,0,0,0
2026-10-04T14:10:19Z,cartservice,emailservice,0,0,0,0,0,0,0
2026-10-04T14:10:19Z,cartservice,frontend,0,0,0,0,0,0,0
2026-10-04T14:10:19Z,cartservice,kubernetes,0,0,0,0,0,0,0
2026-10-04T14:10:19Z,cartservice,paymentservice,0,0,0,0,0,0,0
2026-10-04T14:10:19Z,cartservice,productcatalogservice,0,0,0,0,0,0,0
2026-10-04T14:10:19Z,cartservice,recommendationservice,0,0,0,0,0,0,0
2026-10-04T14:10:19Z,cartservice,redis-cart,2,0,0,0,0,0,0
2026-10-04T14:10:19Z,cartservice,shippingservice,0,0,0,0,0,0,0
2026-10-04T14:10:19Z,checkoutservice,adservice,0,0,0,0,0,0,0
2026-10-04T14:10:19Z,checkoutservice,cartservice,61451,60520,0,100,0,702903,60253
2026-10-04T14:10:19Z,checkoutservice,checkoutservice,0,0,0,0,0,0,0
2026-10-04T14:10:19Z,checkoutservice,currencyservice,42123,42123,0,0,0,568778,41990
2026-10-04T14:10:19Z,checkoutservice,emailservice,13361,13068,0,66,0,434619,12940
2026-10-04T14:10:19Z,checkoutservice,frontend,0,0,0,0,0,0,0
2026-10-04T14:10:19Z,checkoutservice,kubernetes,0,0,0,0,0,0,0
2026-10-04T14:10:19Z,checkoutservice,paymentservice,35389,33541,0,192,0,438381,33260
2026-10-04T14:10:19Z,checkoutservice,productcatalogservice,0,0,0,0,0,0,0
2026-10-04T14:10:19Z,checkoutservice,recommendationservice,0,0,0,0,0,0,0
2026-10-04T14:10:19Z,checkoutservice,redis-cart,0,0,0,0,0,0,0
2026-10-04T14:10:19Z,checkoutservice,shippingservice,66762,64659,0,154,0,513706,64391
2026-10-04T14:10:19Z,currencyservice,adservice,0,0,0,0,0,0,0
2026-10-04T14:10:19Z,currencyservice,cartservice,0,0,0,0,0,0,0
2026-10-04T14:10:19Z,currencyservice,checkoutservice,0,0,0,0,0,0,0
2026-10-04T14:10:19Z,currencyservice,currencyservice,0,0,0,0,0,0,0
2026-10-04T14:10:19Z,currencyservice,emailservice,0,0,0,0,0,0,0
2026-10-04T14:10:19Z,currencyservice,frontend,0,0,0,0,0,0,0
2026-10-04T14:10:19Z,currencyservice,kubernetes,0,0,0,0,0,0,0
2026-10-04T14:10:19Z,currencyservice,paymentservice,0,0,0,0,0,0,0
2026-10-04T14:10:19Z,currencyservice,productcatalogservice,0,0,0,0,0,0,0
2026-10-04T14:10:19Z,currencyservice,recommendationservice,0,0,0,0,0,0,0
2026-10-04T14:10:19Z,currencyservice,redis-cart,0,0,0,0,0,0,0
2026-10-04T14:10:19Z,currencyservice,shippingservice,0,0,0,0,0,0,0
2026-10-04T14:10:19Z,emailservice,adservice,0,0,0,0,0,0,0
2026-10-04T14:10:19Z,emailservice,cartservice,0,0,0,0,0,0,0
2026-10-04T14:10:19Z,emailservice,checkoutservice,0,0,0,0,0,0,0
2026-10-04T14:10:19Z,emailservice,currencyservice,0,0,0,0,0,0,0
2026-10-04T14:10:19Z,emailservice,emailservice,0,0,0,0,0,0,0
2026-10-04T14:10:19Z,emailservice,frontend,0,0,0,0,0,0,0
2026-10-04T14:10:19Z,emailservice,kubernetes,0,0,0,0,0,0,0
2026-10-04T14:10:19Z,emailservice,paymentservice,0,0,0,0,0,0,0
2026-10-04T14:10:19Z,emailservice,productcatalogservice,0,0,0,0,0,0,0
2026-10-04T14:10:19Z,emailservice,recommendationservice,0,0,0,0,0,0,0
2026-10-04T14:10:19Z,emailservice,redis-cart,0,0,0,0,0,0,0
2026-10-04T14:10:19Z,emailservice,shippingservice,0,0,0,0,0,0,0
2026-10-04T14:10:19Z,frontend,adservice,851319,851317,0,0,0,2564890,851070
2026-10-04T14:10:19Z,frontend,cartservice,1898842,1898827,0,0,4,10504893,1898167
2026-10-04T14:10:19Z,frontend,checkoutservice,401115,191144,0,40061,169946,62839738,191027
2026-10-04T14:10:19Z,frontend,currencyservice,3017613,3017605,0,0,0,15886919,3016537
2026-10-04T14:10:19Z,frontend,emailservice,0,0,0,0,0,0,0
2026-10-04T14:10:19Z,frontend,frontend,0,0,0,0,0,0,0
2026-10-04T14:10:19Z,frontend,kubernetes,0,0,0,0,0,0,0
2026-10-04T14:10:19Z,frontend,paymentservice,0,0,0,0,0,0,0
2026-10-04T14:10:19Z,frontend,productcatalogservice,8453274,8453204,0,0,0,57703215,8450518
2026-10-04T14:10:19Z,frontend,recommendationservice,2764696,1676579,0,114496,971082,838602711,1675994
2026-10-04T14:10:19Z,frontend,redis-cart,0,0,0,0,0,0,0
2026-10-04T14:10:19Z,frontend,shippingservice,312107,312105,0,0,0,944695,312024
2026-10-04T14:10:19Z,paymentservice,adservice,0,0,0,0,0,0,0
2026-10-04T14:10:19Z,paymentservice,cartservice,0,0,0,0,0,0,0
2026-10-04T14:10:19Z,paymentservice,checkoutservice,0,0,0,0,0,0,0
2026-10-04T14:10:19Z,paymentservice,currencyservice,0,0,0,0,0,0,0
2026-10-04T14:10:19Z,paymentservice,emailservice,0,0,0,0,0,0,0
2026-10-04T14:10:19Z,paymentservice,frontend,0,0,0,0,0,0,0
2026-10-04T14:10:19Z,paymentservice,kubernetes,0,0,0,0,0,0,0
2026-10-04T14:10:19Z,paymentservice,paymentservice,0,0,0,0,0,0,0
2026-10-04T14:10:19Z,paymentservice,productcatalogservice,0,0,0,0,0,0,0
2026-10-04T14:10:19Z,paymentservice,recommendationservice,0,0,0,0,0,0,0
2026-10-04T14:10:19Z,paymentservice,redis-cart,0,0,0,0,0,0,0
2026-10-04T14:10:19Z,paymentservice,shippingservice,0,0,0,0,0,0,0
2026-10-04T14:10:19Z,productcatalogservice,adservice,0,0,0,0,0,0,0
2026-10-04T14:10:19Z,productcatalogservice,cartservice,0,0,0,0,0,0,0
2026-10-04T14:10:19Z,productcatalogservice,checkoutservice,0,0,0,0,0,0,0
2026-10-04T14:10:19Z,productcatalogservice,currencyservice,0,0,0,0,0,0,0
2026-10-04T14:10:19Z,productcatalogservice,emailservice,0,0,0,0,0,0,0
2026-10-04T14:10:19Z,productcatalogservice,frontend,0,0,0,0,0,0,0
2026-10-04T14:10:19Z,productcatalogservice,kubernetes,0,0,0,0,0,0,0
2026-10-04T14:10:19Z,productcatalogservice,paymentservice,0,0,0,0,0,0,0
2026-10-04T14:10:19Z,productcatalogservice,productcatalogservice,0,0,0,0,0,0,0
2026-10-04T14:10:19Z,productcatalogservice,recommendationservice,0,0,0,0,0,0,0
2026-10-04T14:10:19Z,productcatalogservice,redis-cart,0,0,0,0,0,0,0
2026-10-04T14:10:19Z,productcatalogservice,shippingservice,0,0,0,0,0,0,0
2026-10-04T14:10:19Z,recommendationservice,adservice,0,0,0,0,0,0,0
2026-10-04T14:10:19Z,recommendationservice,cartservice,0,0,0,0,0,0,0
2026-10-04T14:10:19Z,recommendationservice,checkoutservice,0,0,0,0,0,0,0
2026-10-04T14:10:19Z,recommendationservice,currencyservice,0,0,0,0,0,0,0
2026-10-04T14:10:19Z,recommendationservice,emailservice,0,0,0,0,0,0,0
2026-10-04T14:10:19Z,recommendationservice,frontend,0,0,0,0,0,0,0
2026-10-04T14:10:19Z,recommendationservice,kubernetes,0,0,0,0,0,0,0
2026-10-04T14:10:19Z,recommendationservice,paymentservice,0,0,0,0,0,0,0
2026-10-04T14:10:19Z,recommendationservice,productcatalogservice,169224,169223,0,0,0,1145411,167558
2026-10-04T14:10:19Z,recommendationservice,recommendationservice,0,0,0,0,0,0,0
2026-10-04T14:10:19Z,recommendationservice,redis-cart,0,0,0,0,0,0,0
2026-10-04T14:10:19Z,recommendationservice,shippingservice,0,0,0,0,0,0,0
2026-10-04T14:10:19Z,redis-cart,adservice,0,0,0,0,0,0,0
2026-10-04T14:10:19Z,redis-cart,cartservice,0,0,0,0,0,0,0
2026-10-04T14:10:19Z,redis-cart,checkoutservice,0,0,0,0,0,0,0
2026-10-04T14:10:19Z,redis-cart,currencyservice,0,0,0,0,0,0,0
2026-10-04T14:10:19Z,redis-cart,emailservice,0,0,0,0,0,0,0
2026-10-04T14:10:19Z,redis-cart,frontend,0,0,0,0,0,0,0
2026-10-04T14:10:19Z,redis-cart,kubernetes,0,0,0,0,0,0,0
2026-10-04T14:10:19Z,redis-cart,paymentservice,0,0,0,0,0,0,0
2026-10-04T14:10:19Z,redis-cart,productcatalogservice,0,0,0,0,0,0,0
2026-10-04T14:10:19Z,redis-cart,recommendationservice,0,0,0,0,0,0,0
2026-10-04T14:10:19Z,redis-cart,redis-cart,0,0,0,0,0,0,0
2026-10-04T14:10:19Z,redis-cart,shippingservice,0,0,0,0,0,0,0
2026-10-04T14:10:19Z,shippingservice,adservice,0,0,0,0,0,0,0
2026-10-04T14:10:19Z,shippingservice,cartservice,0,0,0,0,0,0,0
2026-10-04T14:10:19Z,shippingservice,checkoutservice,0,0,0,0,0,0,0
2026-10-04T14:10:19Z,shippingservice,currencyservice,0,0,0,0,0,0,0
2026-10-04T14:10:19Z,shippingservice,emailservice,0,0,0,0,0,0,0
2026-10-04T14:10:19Z,shippingservice,frontend,0,0,0,0,0,0,0
2026-10-04T14:10:19Z,shippingservice,kubernetes,0,0,0,0,0,0,0
2026-10-04T14:10:19Z,shippingservice,paymentservice,0,0,0,0,0,0,0
2026-10-04T14:10:19Z,shippingservice,productcatalogservice,0,0,0,0,0,0,0
2026-10-04T14:10:19Z,shippingservice,recommendationservice,0,0,0,0,0,0,0
2026-10-04T14:10:19Z,shippingservice,redis-cart,0,0,0,0,0,0,0
2026-10-04T14:10:19Z,shippingservice,shippingservice,0,0,0,0,0,0,0
2026-10-04T14:10:20Z,adservice,adservice,0,0,0,0,0,0,0
2026-10-04T14:10:20Z,adservice,cartservice,0,0,0,0,0,0,0
2026-10-04T14:10:20Z,adservice,checkoutservice,0,0,0,0,0,0,0
2026-10-04T14:10:20Z,adservice,currencyservice,0,0,0,0,0,0,0
2026-10-04T14:10:20Z,adservice,emailservice,0,0,0,0,0,0,0
2026-10-04T14:10:20Z,adservice,frontend,0,0,0,0,0,0,0
2026-10-04T14:10:20Z,adservice,kubernetes,0,0,0,0,0,0,0
2026-10-04T14:10:20Z,adservice,paymentservice,0,0,0,0,0,0,0
2026-10-04T14:10:20Z,adservice,productcatalogservice,0,0,0,0,0,0,0
2026-10-04T14:10:20Z,adservice,recommendationservice,0,0,0,0,0,0,0
2026-10-04T14:10:20Z,adservice,redis-cart,0,0,0,0,0,0,0
2026-10-04T14:10:20Z,adservice,shippingservice,0,0,0,0,0,0,0
2026-10-04T14:10:20Z,cartservice,adservice,0,0,0,0,0,0,0
2026-10-04T14:10:20Z,cartservice,cartservice,0,0,0,0,0,0,0
2026-10-04T14:10:20Z,cartservice,checkoutservice,0,0,0,0,0,0,0
2026-10-04T14:10:20Z,cartservice,currencyservice,0,0,0,0,0,0,0
2026-10-04T14:10:20Z,cartservice,emailservice,0,0,0,0,0,0,0
2026-10-04T14:10:20Z,cartservice,frontend,0,0,0,0,0,0,0
2026-10-04T14:10:20Z,cartservice,kubernetes,0,0,0,0,0,0,0
2026-10-04T14:10:20Z,cartservice,paymentservice,0,0,0,0,0,0,0
2026-10-04T14:10:20Z,cartservice,productcatalogservice,0,0,0,0,0,0,0
2026-10-04T14:10:20Z,cartservice,recommendationservice,0,0,0,0,0,0,0
2026-10-04T14:10:20Z,cartservice,redis-cart,2,0,0,0,0,0,0
2026-10-04T14:10:20Z,cartservice,shippingservice,0,0,0,0,0,0,0
2026-10-04T14:10:20Z,checkoutservice,adservice,0,0,0,0,0,0,0
2026-10-04T14:10:20Z,checkoutservice,cartservice,61555,60623,0,100,0,702903,60253
2026-10-04T14:10:20Z,checkoutservice,checkoutservice,0,0,0,0,0,0,0
2026-10-04T14:10:20Z,checkoutservice,currencyservice,42178,42176,0,0,0,568778,41990
2026-10-04T14:10:20Z,checkoutservice,emailservice,13405,13117,0,66,0,434619,12940
2026-10-04T14:10:20Z,checkoutservice,frontend,0,0,0,0,0,0,0
2026-10-04T14:10:20Z,checkoutservice,kubernetes,0,0,0,0,0,0,0
2026-10-04T14:10:20Z,checkoutservice,paymentservice,35442,33594,0,192,0,438381,33260
2026-10-04T14:10:20Z,checkoutservice,productcatalogservice,0,0,0,0,0,0,0
2026-10-04T14:10:20Z,checkoutservice,recommendationservice,0,0,0,0,0,0,0
2026-10-04T14:10:20Z,checkoutservice,redis-cart,0,0,0,0,0,0,0
2026-10-04T14:10:20Z,checkoutservice,shippingservice,66868,64762,0,154,0,513706,64391
2026-10-04T14:10:20Z,currencyservice,adservice,0,0,0,0,0,0,0
2026-10-04T14:10:20Z,currencyservice,cartservice,0,0,0,0,0,0,0
2026-10-04T14:10:20Z,currencyservice,checkoutservice,0,0,0,0,0,0,0
2026-10-04T14:10:20Z,currencyservice,currencyservice,0,0,0,0,0,0,0
2026-10-04T14:10:20Z,currencyservice,emailservice,0,0,0,0,0,0,0
2026-10-04T14:10:20Z,currencyservice,frontend,0,0,0,0,0,0,0
2026-10-04T14:10:20Z,currencyservice,kubernetes,0,0,0,0,0,0,0
2026-10-04T14:10:20Z,currencyservice,paymentservice,0,0,0,0,0,0,0
2026-10-04T14:10:20Z,currencyservice,productcatalogservice,0,0,0,0,0,0,0
2026-10-04T14:10:20Z,currencyservice,recommendationservice,0,0,0,0,0,0,0
2026-10-04T14:10:20Z,currencyservice,redis-cart,0,0,0,0,0,0,0
2026-10-04T14:10:20Z,currencyservice,shippingservice,0,0,0,0,0,0,0
2026-10-04T14:10:20Z,emailservice,adservice,0,0,0,0,0,0,0
2026-10-04T14:10:20Z,emailservice,cartservice,0,0,0,0,0,0,0
2026-10-04T14:10:20Z,emailservice,checkoutservice,0,0,0,0,0,0,0
2026-10-04T14:10:20Z,emailservice,currencyservice,0,0,0,0,0,0,0
2026-10-04T14:10:20Z,emailservice,emailservice,0,0,0,0,0,0,0
2026-10-04T14:10:20Z,emailservice,frontend,0,0,0,0,0,0,0
2026-10-04T14:10:20Z,emailservice,kubernetes,0,0,0,0,0,0,0
2026-10-04T14:10:20Z,emailservice,paymentservice,0,0,0,0,0,0,0
2026-10-04T14:10:20Z,emailservice,productcatalogservice,0,0,0,0,0,0,0
2026-10-04T14:10:20Z,emailservice,recommendationservice,0,0,0,0,0,0,0
2026-10-04T14:10:20Z,emailservice,redis-cart,0,0,0,0,0,0,0
2026-10-04T14:10:20Z,emailservice,shippingservice,0,0,0,0,0,0,0
2026-10-04T14:10:20Z,frontend,adservice,851456,851454,0,0,0,2565212,851208
2026-10-04T14:10:20Z,frontend,cartservice,1899234,1899217,0,0,4,10506689,1898559
2026-10-04T14:10:20Z,frontend,checkoutservice,401177,191199,0,40061,169946,62847816,191102
2026-10-04T14:10:20Z,frontend,currencyservice,3018233,3018222,0,0,0,15889447,3017186
2026-10-04T14:10:20Z,frontend,emailservice,0,0,0,0,0,0,0
2026-10-04T14:10:20Z,frontend,frontend,0,0,0,0,0,0,0
2026-10-04T14:10:20Z,frontend,kubernetes,0,0,0,0,0,0,0
2026-10-04T14:10:20Z,frontend,paymentservice,0,0,0,0,0,0,0
2026-10-04T14:10:20Z,frontend,productcatalogservice,8454836,8454762,0,0,0,57714347,8452151
2026-10-04T14:10:20Z,frontend,recommendationservice,2765440,1676919,0,114546,971454,838883101,1676348
2026-10-04T14:10:20Z,frontend,redis-cart,0,0,0,0,0,0,0
2026-10-04T14:10:20Z,frontend,shippingservice,312159,312157,0,0,0,944854,312074
2026-10-04T14:10:20Z,paymentservice,adservice,0,0,0,0,0,0,0
2026-10-04T14:10:20Z,paymentservice,cartservice,0,0,0,0,0,0,0
2026-10-04T14:10:20Z,paymentservice,checkoutservice,0,0,0,0,0,0,0
2026-10-04T14:10:20Z,paymentservice,currencyservice,0,0,0,0,0,0,0
2026-10-04T14:10:20Z,paymentservice,emailservice,0,0,0,0,0,0,0
2026-10-04T14:10:20Z,paymentservice,frontend,0,0,0,0,0,0,0
2026-10-04T14:10:20Z,paymentservice,kubernetes,0,0,0,0,0,0,0
2026-10-04T14:10:20Z,paymentservice,paymentservice,0,0,0,0,0,0,0
2026-10-04T14:10:20Z,paymentservice,productcatalogservice,0,0,0,0,0,0,0
2026-10-04T14:10:20Z,paymentservice,recommendationservice,0,0,0,0,0,0,0
2026-10-04T14:10:20Z,paymentservice,redis-cart,0,0,0,0,0,0,0
2026-10-04T14:10:20Z,paymentservice,shippingservice,0,0,0,0,0,0,0
2026-10-04T14:10:20Z,productcatalogservice,adservice,0,0,0,0,0,0,0
2026-10-04T14:10:20Z,productcatalogservice,cartservice,0,0,0,0,0,0,0
2026-10-04T14:10:20Z,productcatalogservice,checkoutservice,0,0,0,0,0,0,0
2026-10-04T14:10:20Z,productcatalogservice,currencyservice,0,0,0,0,0,0,0
2026-10-04T14:10:20Z,productcatalogservice,emailservice,0,0,0,0,0,0,0
2026-10-04T14:10:20Z,productcatalogservice,frontend,0,0,0,0,0,0,0
2026-10-04T14:10:20Z,productcatalogservice,kubernetes,0,0,0,0,0,0,0
2026-10-04T14:10:20Z,productcatalogservice,paymentservice,0,0,0,0,0,0,0
2026-10-04T14:10:20Z,productcatalogservice,productcatalogservice,0,0,0,0,0,0,0
2026-10-04T14:10:20Z,productcatalogservice,recommendationservice,0,0,0,0,0,0,0
2026-10-04T14:10:20Z,productcatalogservice,redis-cart,0,0,0,0,0,0,0
2026-10-04T14:10:20Z,productcatalogservice,shippingservice,0,0,0,0,0,0,0
2026-10-04T14:10:20Z,recommendationservice,adservice,0,0,0,0,0,0,0
2026-10-04T14:10:20Z,recommendationservice,cartservice,0,0,0,0,0,0,0
2026-10-04T14:10:20Z,recommendationservice,checkoutservice,0,0,0,0,0,0,0
2026-10-04T14:10:20Z,recommendationservice,currencyservice,0,0,0,0,0,0,0
2026-10-04T14:10:20Z,recommendationservice,emailservice,0,0,0,0,0,0,0
2026-10-04T14:10:20Z,recommendationservice,frontend,0,0,0,0,0,0,0
2026-10-04T14:10:20Z,recommendationservice,kubernetes,0,0,0,0,0,0,0
2026-10-04T14:10:20Z,recommendationservice,paymentservice,0,0,0,0,0,0,0
2026-10-04T14:10:20Z,recommendationservice,productcatalogservice,169627,169626,0,0,0,1157372,169576
2026-10-04T14:10:20Z,recommendationservice,recommendationservice,0,0,0,0,0,0,0
2026-10-04T14:10:20Z,recommendationservice,redis-cart,0,0,0,0,0,0,0
2026-10-04T14:10:20Z,recommendationservice,shippingservice,0,0,0,0,0,0,0
2026-10-04T14:10:20Z,redis-cart,adservice,0,0,0,0,0,0,0
2026-10-04T14:10:20Z,redis-cart,cartservice,0,0,0,0,0,0,0
2026-10-04T14:10:20Z,redis-cart,checkoutservice,0,0,0,0,0,0,0
2026-10-04T14:10:20Z,redis-cart,currencyservice,0,0,0,0,0,0,0
2026-10-04T14:10:20Z,redis-cart,emailservice,0,0,0,0,0,0,0
2026-10-04T14:10:20Z,redis-cart,frontend,0,0,0,0,0,0,0
2026-10-04T14:10:20Z,redis-cart,kubernetes,0,0,0,0,0,0,0
2026-10-04T14:10:20Z,redis-cart,paymentservice,0,0,0,0,0,0,0
2026-10-04T14:10:20Z,redis-cart,productcatalogservice,0,0,0,0,0,0,0
2026-10-04T14:10:20Z,redis-cart,recommendationservice,0,0,0,0,0,0,0
2026-10-04T14:10:20Z,redis-cart,redis-cart,0,0,0,0,0,0,0
2026-10-04T14:10:20Z,redis-cart,shippingservice,0,0,0,0,0,0,0
2026-10-04T14:10:20Z,shippingservice,adservice,0,0,0,0,0,0,0
2026-10-04T14:10:20Z,shippingservice,cartservice,0,0,0,0,0,0,0
2026-10-04T14:10:20Z,shippingservice,checkoutservice,0,0,0,0,0,0,0
2026-10-04T14:10:20Z,shippingservice,currencyservice,0,0,0,0,0,0,0
2026-10-04T14:10:20Z,shippingservice,emailservice,0,0,0,0,0,0,0
2026-10-04T14:10:20Z,shippingservice,frontend,0,0,0,0,0,0,0
2026-10-04T14:10:20Z,shippingservice,kubernetes,0,0,0,0,0,0,0
2026-10-04T14:10:20Z,shippingservice,paymentservice,0,0,0,0,0,0,0
2026-10-04T14:10:20Z,shippingservice,productcatalogservice,0,0,0,0,0,0,0
2026-10-04T14:10:20Z,shippingservice,recommendationservice,0,0,0,0,0,0,0
2026-10-04T14:10:20Z,shippingservice,redis-cart,0,0,0,0,0,0,0
2026-10-04T14:10:20Z,shippingservice,shippingservice,0,0,0,0,0,0,0
2026-10-04T14:10:21Z,adservice,adservice,0,0,0,0,0,0,0
2026-10-04T14:10:21Z,adservice,cartservice,0,0,0,0,0,0,0
2026-10-04T14:10:21Z,adservice,checkoutservice,0,0,0,0,0,0,0
2026-10-04T14:10:21Z,adservice,currencyservice,0,0,0,0,0,0,0
2026-10-04T14:10:21Z,adservice,emailservice,0,0,0,0,0,0,0
2026-10-04T14:10:21Z,adservice,frontend,0,0,0,0,0,0,0
2026-10-04T14:10:21Z,adservice,kubernetes,0,0,0,0,0,0,0
2026-10-04T14:10:21Z,adservice,paymentservice,0,0,0,0,0,0,0
2026-10-04T14:10:21Z,adservice,productcatalogservice,0,0,0,0,0,0,0
2026-10-04T14:10:21Z,adservice,recommendationservice,0,0,0,0,0,0,0
2026-10-04T14:10:21Z,adservice,redis-cart,0,0,0,0,0,0,0
2026-10-04T14:10:21Z,adservice,shippingservice,0,0,0,0,0,0,0
2026-10-04T14:10:21Z,cartservice,adservice,0,0,0,0,0,0,0
2026-10-04T14:10:21Z,cartservice,cartservice,0,0,0,0,0,0,0
2026-10-04T14:10:21Z,cartservice,checkoutservice,0,0,0,0,0,0,0
2026-10-04T14:10:21Z,cartservice,currencyservice,0,0,0,0,0,0,0
2026-10-04T14:10:21Z,cartservice,emailservice,0,0,0,0,0,0,0
2026-10-04T14:10:21Z,cartservice,frontend,0,0,0,0,0,0,0
2026-10-04T14:10:21Z,cartservice,kubernetes,0,0,0,0,0,0,0
2026-10-04T14:10:21Z,cartservice,paymentservice,0,0,0,0,0,0,0
2026-10-04T14:10:21Z,cartservice,productcatalogservice,0,0,0,0,0,0,0
2026-10-04T14:10:21Z,cartservice,recommendationservice,0,0,0,0,0,0,0
2026-10-04T14:10:21Z,cartservice,redis-cart,2,0,0,0,0,0,0
2026-10-04T14:10:21Z,cartservice,shippingservice,0,0,0,0,0,0,0
2026-10-04T14:10:21Z,checkoutservice,adservice,0,0,0,0,0,0,0
2026-10-04T14:10:21Z,checkoutservice,cartservice,61677,60742,0,100,0,702903,60253
2026-10-04T14:10:21Z,checkoutservice,checkoutservice,0,0,0,0,0,0,0
2026-10-04T14:10:21Z,checkoutservice,currencyservice,42239,42238,0,0,0,568778,41990
2026-10-04T14:10:21Z,checkoutservice,emailservice,13467,13179,0,66,0,434619,12940
2026-10-04T14:10:21Z,checkoutservice,frontend,0,0,0,0,0,0,0
2026-10-04T14:10:21Z,checkoutservice,kubernetes,0,0,0,0,0,0,0
2026-10-04T14:10:21Z,checkoutservice,paymentservice,35503,33654,0,192,0,438381,33260
2026-10-04T14:10:21Z,checkoutservice,productcatalogservice,0,0,0,0,0,0,0
2026-10-04T14:10:21Z,checkoutservice,recommendationservice,0,0,0,0,0,0,0
2026-10-04T14:10:21Z,checkoutservice,redis-cart,0,0,0,0,0,0,0
2026-10-04T14:10:21Z,checkoutservice,shippingservice,66991,64885,0,154,0,513706,64391
2026-10-04T14:10:21Z,currencyservice,adservice,0,0,0,0,0,0,0
2026-10-04T14:10:21Z,currencyservice,cartservice,0,0,0,0,0,0,0
2026-10-04T14:10:21Z,currencyservice,checkoutservice,0,0,0,0,0,0,0
2026-10-04T14:10:21Z,currencyservice,currencyservice,0,0,0,0,0,0,0
2026-10-04T14:10:21Z,currencyservice,emailservice,0,0,0,0,0,0,0
2026-10-04T14:10:21Z,currencyservice,frontend,0,0,0,0,0,0,0
2026-10-04T14:10:21Z,currencyservice,kubernetes,0,0,0,0,0,0,0
2026-10-04T14:10:21Z,currencyservice,paymentservice,0,0,0,0,0,0,0
2026-10-04T14:10:21Z,currencyservice,productcatalogservice,0,0,0,0,0,0,0
2026-10-04T14:10:21Z,currencyservice,recommendationservice,0,0,0,0,0,0,0
2026-10-04T14:10:21Z,currencyservice,redis-cart,0,0,0,0,0,0,0
2026-10-04T14:10:21Z,currencyservice,shippingservice,0,0,0,0,0,0,0
2026-10-04T14:10:21Z,emailservice,adservice,0,0,0,0,0,0,0
2026-10-04T14:10:21Z,emailservice,cartservice,0,0,0,0,0,0,0
2026-10-04T14:10:21Z,emailservice,checkoutservice,0,0,0,0,0,0,0
2026-10-04T14:10:21Z,emailservice,currencyservice,0,0,0,0,0,0,0
2026-10-04T14:10:21Z,emailservice,emailservice,0,0,0,0,0,0,0
2026-10-04T14:10:21Z,emailservice,frontend,0,0,0,0,0,0,0
2026-10-04T14:10:21Z,emailservice,kubernetes,0,0,0,0,0,0,0
2026-10-04T14:10:21Z,emailservice,paymentservice,0,0,0,0,0,0,0
2026-10-04T14:10:21Z,emailservice,productcatalogservice,0,0,0,0,0,0,0
2026-10-04T14:10:21Z,emailservice,recommendationservice,0,0,0,0,0,0,0
2026-10-04T14:10:21Z,emailservice,redis-cart,0,0,0,0,0,0,0
2026-10-04T14:10:21Z,emailservice,shippingservice,0,0,0,0,0,0,0
2026-10-04T14:10:21Z,frontend,adservice,851582,851579,0,0,0,2565212,851208
2026-10-04T14:10:21Z,frontend,cartservice,1899597,1899574,0,0,4,10506689,1898559
2026-10-04T14:10:21Z,frontend,checkoutservice,401234,191254,0,40061,169946,62847816,191102
2026-10-04T14:10:21Z,frontend,currencyservice,3018801,3018788,0,0,0,15889447,3017186
2026-10-04T14:10:21Z,frontend,emailservice,0,0,0,0,0,0,0
2026-10-04T14:10:21Z,frontend,frontend,0,0,0,0,0,0,0
2026-10-04T14:10:21Z,frontend,kubernetes,0,0,0,0,0,0,0
2026-10-04T14:10:21Z,frontend,paymentservice,0,0,0,0,0,0,0
2026-10-04T14:10:21Z,frontend,productcatalogservice,8456266,8456192,0,0,0,57714347,8452151
2026-10-04T14:10:21Z,frontend,recommendationservice,2766161,1677232,0,114611,971798,838883101,1676348
2026-10-04T14:10:21Z,frontend,redis-cart,0,0,0,0,0,0,0
2026-10-04T14:10:21Z,frontend,shippingservice,312202,312199,0,0,0,944854,312074
2026-10-04T14:10:21Z,paymentservice,adservice,0,0,0,0,0,0,0
2026-10-04T14:10:21Z,paymentservice,cartservice,0,0,0,0,0,0,0
2026-10-04T14:10:21Z,paymentservice,checkoutservice,0,0,0,0,0,0,0
2026-10-04T14:10:21Z,paymentservice,currencyservice,0,0,0,0,0,0,0
2026-10-04T14:10:21Z,paymentservice,emailservice,0,0,0,0,0,0,0
2026-10-04T14:10:21Z,paymentservice,frontend,0,0,0,0,0,0,0
2026-10-04T14:10:21Z,paymentservice,kubernetes,0,0,0,0,0,0,0
2026-10-04T14:10:21Z,paymentservice,paymentservice,0,0,0,0,0,0,0
2026-10-04T14:10:21Z,paymentservice,productcatalogservice,0,0,0,0,0,0,0
2026-10-04T14:10:21Z,paymentservice,recommendationservice,0,0,0,0,0,0,0
2026-10-04T14:10:21Z,paymentservice,redis-cart,0,0,0,0,0,0,0
2026-10-04T14:10:21Z,paymentservice,shippingservice,0,0,0,0,0,0,0
2026-10-04T14:10:21Z,productcatalogservice,adservice,0,0,0,0,0,0,0
2026-10-04T14:10:21Z,productcatalogservice,cartservice,0,0,0,0,0,0,0
2026-10-04T14:10:21Z,productcatalogservice,checkoutservice,0,0,0,0,0,0,0
2026-10-04T14:10:21Z,productcatalogservice,currencyservice,0,0,0,0,0,0,0
2026-10-04T14:10:21Z,productcatalogservice,emailservice,0,0,0,0,0,0,0
2026-10-04T14:10:21Z,productcatalogservice,frontend,0,0,0,0,0,0,0
2026-10-04T14:10:21Z,productcatalogservice,kubernetes,0,0,0,0,0,0,0
2026-10-04T14:10:21Z,productcatalogservice,paymentservice,0,0,0,0,0,0,0
2026-10-04T14:10:21Z,productcatalogservice,productcatalogservice,0,0,0,0,0,0,0
2026-10-04T14:10:21Z,productcatalogservice,recommendationservice,0,0,0,0,0,0,0
2026-10-04T14:10:21Z,productcatalogservice,redis-cart,0,0,0,0,0,0,0
2026-10-04T14:10:21Z,productcatalogservice,shippingservice,0,0,0,0,0,0,0
2026-10-04T14:10:21Z,recommendationservice,adservice,0,0,0,0,0,0,0
2026-10-04T14:10:21Z,recommendationservice,cartservice,0,0,0,0,0,0,0
2026-10-04T14:10:21Z,recommendationservice,checkoutservice,0,0,0,0,0,0,0
2026-10-04T14:10:21Z,recommendationservice,currencyservice,0,0,0,0,0,0,0
2026-10-04T14:10:21Z,recommendationservice,emailservice,0,0,0,0,0,0,0
2026-10-04T14:10:21Z,recommendationservice,frontend,0,0,0,0,0,0,0
2026-10-04T14:10:21Z,recommendationservice,kubernetes,0,0,0,0,0,0,0
2026-10-04T14:10:21Z,recommendationservice,paymentservice,0,0,0,0,0,0,0
2026-10-04T14:10:21Z,recommendationservice,productcatalogservice,170035,170031,0,0,0,1157372,169576
2026-10-04T14:10:21Z,recommendationservice,recommendationservice,0,0,0,0,0,0,0
2026-10-04T14:10:21Z,recommendationservice,redis-cart,0,0,0,0,0,0,0
2026-10-04T14:10:21Z,recommendationservice,shippingservice,0,0,0,0,0,0,0
2026-10-04T14:10:21Z,redis-cart,adservice,0,0,0,0,0,0,0
2026-10-04T14:10:21Z,redis-cart,cartservice,0,0,0,0,0,0,0
2026-10-04T14:10:21Z,redis-cart,checkoutservice,0,0,0,0,0,0,0
2026-10-04T14:10:21Z,redis-cart,currencyservice,0,0,0,0,0,0,0
2026-10-04T14:10:21Z,redis-cart,emailservice,0,0,0,0,0,0,0
2026-10-04T14:10:21Z,redis-cart,frontend,0,0,0,0,0,0,0
2026-10-04T14:10:21Z,redis-cart,kubernetes,0,0,0,0,0,0,0
2026-10-04T14:10:21Z,redis-cart,paymentservice,0,0,0,0,0,0,0
2026-10-04T14:10:21Z,redis-cart,productcatalogservice,0,0,0,0,0,0,0
2026-10-04T14:10:21Z,redis-cart,recommendationservice,0,0,0,0,0,0,0
2026-10-04T14:10:21Z,redis-cart,redis-cart,0,0,0,0,0,0,0
2026-10-04T14:10:21Z,redis-cart,shippingservice,0,0,0,0,0,0,0
2026-10-04T14:10:21Z,shippingservice,adservice,0,0,0,0,0,0,0
2026-10-04T14:10:21Z,shippingservice,cartservice,0,0,0,0,0,0,0
2026-10-04T14:10:21Z,shippingservice,checkoutservice,0,0,0,0,0,0,0
2026-10-04T14:10:21Z,shippingservice,currencyservice,0,0,0,0,0,0,0
2026-10-04T14:10:21Z,shippingservice,emailservice,0,0,0,0,0,0,0
2026-10-04T14:10:21Z,shippingservice,frontend,0,0,0,0,0,0,0
2026-10-04T14:10:21Z,shippingservice,kubernetes,0,0,0,0,0,0,0
2026-10-04T14:10:21Z,shippingservice,paymentservice,0,0,0,0,0,0,0
2026-10-04T14:10:21Z,shippingservice,productcatalogservice,0,0,0,0,0,0,0
2026-10-04T14:10:21Z,shippingservice,recommendationservice,0,0,0,0,0,0,0
2026-10-04T14:10:21Z,shippingservice,redis-cart,0,0,0,0,0,0,0
2026-10-04T14:10:21Z,shippingservice,shippingservice,0,0,0,0,0,0,0
2026-10-04T14:10:22Z,adservice,adservice,0,0,0,0,0,0,0
2026-10-04T14:10:22Z,adservice,cartservice,0,0,0,0,0,0,0
2026-10-04T14:10:22Z,adservice,checkoutservice,0,0,0,0,0,0,0
2026-10-04T14:10:22Z,adservice,currencyservice,0,0,0,0,0,0,0
2026-10-04T14:10:22Z,adservice,emailservice,0,0,0,0,0,0,0
2026-10-04T14:10:22Z,adservice,frontend,0,0,0,0,0,0,0
2026-10-04T14:10:22Z,adservice,kubernetes,0,0,0,0,0,0,0
2026-10-04T14:10:22Z,adservice,paymentservice,0,0,0,0,0,0,0
2026-10-04T14:10:22Z,adservice,productcatalogservice,0,0,0,0,0,0,0
2026-10-04T14:10:22Z,adservice,recommendationservice,0,0,0,0,0,0,0
2026-10-04T14:10:22Z,adservice,redis-cart,0,0,0,0,0,0,0
2026-10-04T14:10:22Z,adservice,shippingservice,0,0,0,0,0,0,0
2026-10-04T14:10:22Z,cartservice,adservice,0,0,0,0,0,0,0
2026-10-04T14:10:22Z,cartservice,cartservice,0,0,0,0,0,0,0
2026-10-04T14:10:22Z,cartservice,checkoutservice,0,0,0,0,0,0,0
2026-10-04T14:10:22Z,cartservice,currencyservice,0,0,0,0,0,0,0
2026-10-04T14:10:22Z,cartservice,emailservice,0,0,0,0,0,0,0
2026-10-04T14:10:22Z,cartservice,frontend,0,0,0,0,0,0,0
2026-10-04T14:10:22Z,cartservice,kubernetes,0,0,0,0,0,0,0
2026-10-04T14:10:22Z,cartservice,paymentservice,0,0,0,0,0,0,0
2026-10-04T14:10:22Z,cartservice,productcatalogservice,0,0,0,0,0,0,0
2026-10-04T14:10:22Z,cartservice,recommendationservice,0,0,0,0,0,0,0
2026-10-04T14:10:22Z,cartservice,redis-cart,2,0,0,0,0,0,0
2026-10-04T14:10:22Z,cartservice,shippingservice,0,0,0,0,0,0,0
2026-10-04T14:10:22Z,checkoutservice,adservice,0,0,0,0,0,0,0
2026-10-04T14:10:22Z,checkoutservice,cartservice,61796,60861,0,100,0,705752,60839
2026-10-04T14:10:22Z,checkoutservice,checkoutservice,0,0,0,0,0,0,0
2026-10-04T14:10:22Z,checkoutservice,currencyservice,42294,42293,0,0,0,570115,42283
2026-10-04T14:10:22Z,checkoutservice,emailservice,13528,13240,0,66,0,444894,13233
2026-10-04T14:10:22Z,checkoutservice,frontend,0,0,0,0,0,0,0
2026-10-04T14:10:22Z,checkoutservice,kubernetes,0,0,0,0,0,0,0
2026-10-04T14:10:22Z,checkoutservice,paymentservice,35559,33711,0,192,0,439835,33553
2026-10-04T14:10:22Z,checkoutservice,productcatalogservice,0,0,0,0,0,0,0
2026-10-04T14:10:22Z,checkoutservice,recommendationservice,0,0,0,0,0,0,0
2026-10-04T14:10:22Z,checkoutservice,redis-cart,0,0,0,0,0,0,0
2026-10-04T14:10:22Z,checkoutservice,shippingservice,67104,65000,0,154,0,515065,64977
2026-10-04T14:10:22Z,currencyservice,adservice,0,0,0,0,0,0,0
2026-10-04T14:10:22Z,currencyservice,cartservice,0,0,0,0,0,0,0
2026-10-04T14:10:22Z,currencyservice,checkoutservice,0,0,0,0,0,0,0
2026-10-04T14:10:22Z,currencyservice,currencyservice,0,0,0,0,0,0,0
2026-10-04T14:10:22Z,currencyservice,emailservice,0,0,0,0,0,0,0
2026-10-04T14:10:22Z,currencyservice,frontend,0,0,0,0,0,0,0
2026-10-04T14:10:22Z,currencyservice,kubernetes,0,0,0,0,0,0,0
2026-10-04T14:10:22Z,currencyservice,paymentservice,0,0,0,0,0,0,0
2026-10-04T14:10:22Z,currencyservice,productcatalogservice,0,0,0,0,0,0,0
2026-10-04T14:10:22Z,currencyservice,recommendationservice,0,0,0,0,0,0,0
2026-10-04T14:10:22Z,currencyservice,redis-cart,0,0,0,0,0,0,0
2026-10-04T14:10:22Z,currencyservice,shippingservice,0,0,0,0,0,0,0
2026-10-04T14:10:22Z,emailservice,adservice,0,0,0,0,0,0,0
2026-10-04T14:10:22Z,emailservice,cartservice,0,0,0,0,0,0,0
2026-10-04T14:10:22Z,emailservice,checkoutservice,0,0,0,0,0,0,0
2026-10-04T14:10:22Z,emailservice,currencyservice,0,0,0,0,0,0,0
2026-10-04T14:10:22Z,emailservice,emailservice,0,0,0,0,0,0,0
2026-10-04T14:10:22Z,emailservice,frontend,0,0,0,0,0,0,0
2026-10-04T14:10:22Z,emailservice,kubernetes,0,0,0,0,0,0,0
2026-10-04T14:10:22Z,emailservice,paymentservice,0,0,0,0,0,0,0
2026-10-04T14:10:22Z,emailservice,productcatalogservice,0,0,0,0,0,0,0
2026-10-04T14:10:22Z,emailservice,recommendationservice,0,0,0,0,0,0,0
2026-10-04T14:10:22Z,emailservice,redis-cart,0,0,0,0,0,0,0
2026-10-04T14:10:22Z,emailservice,shippingservice,0,0,0,0,0,0,0
2026-10-04T14:10:22Z,frontend,adservice,851716,851712,0,0,0,2565212,851208
2026-10-04T14:10:22Z,frontend,cartservice,1899983,1899971,0,0,4,10506689,1898559
2026-10-04T14:10:22Z,frontend,checkoutservice,401290,191319,0,40061,169946,62847816,191102
2026-10-04T14:10:22Z,frontend,currencyservice,3019420,3019411,0,0,0,15889447,3017186
2026-10-04T14:10:22Z,frontend,emailservice,0,0,0,0,0,0,0
2026-10-04T14:10:22Z,frontend,frontend,0,0,0,0,0,0,0
2026-10-04T14:10:22Z,frontend,kubernetes,0,0,0,0,0,0,0
2026-10-04T14:10:22Z,frontend,paymentservice,0,0,0,0,0,0,0
2026-10-04T14:10:22Z,frontend,productcatalogservice,8457780,8457709,0,0,0,57714347,8452151
2026-10-04T14:10:22Z,frontend,recommendationservice,2766959,1677540,0,114668,972213,838883101,1676348
2026-10-04T14:10:22Z,frontend,redis-cart,0,0,0,0,0,0,0
2026-10-04T14:10:22Z,frontend,shippingservice,312253,312250,0,0,0,944854,312074
2026-10-04T14:10:22Z,paymentservice,adservice,0,0,0,0,0,0,0
2026-10-04T14:10:22Z,paymentservice,cartservice,0,0,0,0,0,0,0
2026-10-04T14:10:22Z,paymentservice,checkoutservice,0,0,0,0,0,0,0
2026-10-04T14:10:22Z,paymentservice,currencyservice,0,0,0,0,0,0,0
2026-10-04T14:10:22Z,paymentservice,emailservice,0,0,0,0,0,0,0
2026-10-04T14:10:22Z,paymentservice,frontend,0,0,0,0,0,0,0
2026-10-04T14:10:22Z,paymentservice,kubernetes,0,0,0,0,0,0,0
2026-10-04T14:10:22Z,paymentservice,paymentservice,0,0,0,0,0,0,0
2026-10-04T14:10:22Z,paymentservice,productcatalogservice,0,0,0,0,0,0,0
2026-10-04T14:10:22Z,paymentservice,recommendationservice,0,0,0,0,0,0,0
2026-10-04T14:10:22Z,paymentservice,redis-cart,0,0,0,0,0,0,0
2026-10-04T14:10:22Z,paymentservice,shippingservice,0,0,0,0,0,0,0
2026-10-04T14:10:22Z,productcatalogservice,adservice,0,0,0,0,0,0,0
2026-10-04T14:10:22Z,productcatalogservice,cartservice,0,0,0,0,0,0,0
2026-10-04T14:10:22Z,productcatalogservice,checkoutservice,0,0,0,0,0,0,0
2026-10-04T14:10:22Z,productcatalogservice,currencyservice,0,0,0,0,0,0,0
2026-10-04T14:10:22Z,productcatalogservice,emailservice,0,0,0,0,0,0,0
2026-10-04T14:10:22Z,productcatalogservice,frontend,0,0,0,0,0,0,0
2026-10-04T14:10:22Z,productcatalogservice,kubernetes,0,0,0,0,0,0,0
2026-10-04T14:10:22Z,productcatalogservice,paymentservice,0,0,0,0,0,0,0
2026-10-04T14:10:22Z,productcatalogservice,productcatalogservice,0,0,0,0,0,0,0
2026-10-04T14:10:22Z,productcatalogservice,recommendationservice,0,0,0,0,0,0,0
2026-10-04T14:10:22Z,productcatalogservice,redis-cart,0,0,0,0,0,0,0
2026-10-04T14:10:22Z,productcatalogservice,shippingservice,0,0,0,0,0,0,0
2026-10-04T14:10:22Z,recommendationservice,adservice,0,0,0,0,0,0,0
2026-10-04T14:10:22Z,recommendationservice,cartservice,0,0,0,0,0,0,0
2026-10-04T14:10:22Z,recommendationservice,checkoutservice,0,0,0,0,0,0,0
2026-10-04T14:10:22Z,recommendationservice,currencyservice,0,0,0,0,0,0,0
2026-10-04T14:10:22Z,recommendationservice,emailservice,0,0,0,0,0,0,0
2026-10-04T14:10:22Z,recommendationservice,frontend,0,0,0,0,0,0,0
2026-10-04T14:10:22Z,recommendationservice,kubernetes,0,0,0,0,0,0,0
2026-10-04T14:10:22Z,recommendationservice,paymentservice,0,0,0,0,0,0,0
2026-10-04T14:10:22Z,recommendationservice,productcatalogservice,170442,170441,0,0,0,1157372,169576
2026-10-04T14:10:22Z,recommendationservice,recommendationservice,0,0,0,0,0,0,0
2026-10-04T14:10:22Z,recommendationservice,redis-cart,0,0,0,0,0,0,0
2026-10-04T14:10:22Z,recommendationservice,shippingservice,0,0,0,0,0,0,0
2026-10-04T14:10:22Z,redis-cart,adservice,0,0,0,0,0,0,0
2026-10-04T14:10:22Z,redis-cart,cartservice,0,0,0,0,0,0,0
2026-10-04T14:10:22Z,redis-cart,checkoutservice,0,0,0,0,0,0,0
2026-10-04T14:10:22Z,redis-cart,currencyservice,0,0,0,0,0,0,0
2026-10-04T14:10:22Z,redis-cart,emailservice,0,0,0,0,0,0,0
2026-10-04T14:10:22Z,redis-cart,frontend,0,0,0,0,0,0,0
2026-10-04T14:10:22Z,redis-cart,kubernetes,0,0,0,0,0,0,0
2026-10-04T14:10:22Z,redis-cart,paymentservice,0,0,0,0,0,0,0
2026-10-04T14:10:22Z,redis-cart,productcatalogservice,0,0,0,0,0,0,0
2026-10-04T14:10:22Z,redis-cart,recommendationservice,0,0,0,0,0,0,0
2026-10-04T14:10:22Z,redis-cart,redis-cart,0,0,0,0,0,0,0
2026-10-04T14:10:22Z,redis-cart,shippingservice,0,0,0,0,0,0,0
2026-10-04T14:10:22Z,shippingservice,adservice,0,0,0,0,0,0,0
2026-10-04T14:10:22Z,shippingservice,cartservice,0,0,0,0,0,0,0
2026-10-04T14:10:22Z,shippingservice,checkoutservice,0,0,0,0,0,0,0
2026-10-04T14:10:22Z,shippingservice,currencyservice,0,0,0,0,0,0,0
2026-10-04T14:10:22Z,shippingservice,emailservice,0,0,0,0,0,0,0
2026-10-04T14:10:22Z,shippingservice,frontend,0,0,0,0,0,0,0
2026-10-04T14:10:22Z,shippingservice,kubernetes,0,0,0,0,0,0,0
2026-10-04T14:10:22Z,shippingservice,paymentservice,0,0,0,0,0,0,0
2026-10-04T14:10:22Z,shippingservice,productcatalogservice,0,0,0,0,0,0,0
2026-10-04T14:10:22Z,shippingservice,recommendationservice,0,0,0,0,0,0,0
2026-10-04T14:10:22Z,shippingservice,redis-cart,0,0,0,0,0,0,0
2026-10-04T14:10:22Z,shippingservice,shippingservice,0,0,0,0,0,0,0
2026-10-04T14:10:23Z,adservice,adservice,0,0,0,0,0,0,0
2026-10-04T14:10:23Z,adservice,cartservice,0,0,0,0,0,0,0
2026-10-04T14:10:23Z,adservice,checkoutservice,0,0,0,0,0,0,0
2026-10-04T14:10:23Z,adservice,currencyservice,0,0,0,0,0,0,0
2026-10-04T14:10:23Z,adservice,emailservice,0,0,0,0,0,0,0
2026-10-04T14:10:23Z,adservice,frontend,0,0,0,0,0,0,0
2026-10-04T14:10:23Z,adservice,kubernetes,0,0,0,0,0,0,0
2026-10-04T14:10:23Z,adservice,paymentservice,0,0,0,0,0,0,0
2026-10-04T14:10:23Z,adservice,productcatalogservice,0,0,0,0,0,0,0
2026-10-04T14:10:23Z,adservice,recommendationservice,0,0,0,0,0,0,0
2026-10-04T14:10:23Z,adservice,redis-cart,0,0,0,0,0,0,0
2026-10-04T14:10:23Z,adservice,shippingservice,0,0,0,0,0,0,0
2026-10-04T14:10:23Z,cartservice,adservice,0,0,0,0,0,0,0
2026-10-04T14:10:23Z,cartservice,cartservice,0,0,0,0,0,0,0
2026-10-04T14:10:23Z,cartservice,checkoutservice,0,0,0,0,0,0,0
2026-10-04T14:10:23Z,cartservice,currencyservice,0,0,0,0,0,0,0
2026-10-04T14:10:23Z,cartservice,emailservice,0,0,0,0,0,0,0
2026-10-04T14:10:23Z,cartservice,frontend,0,0,0,0,0,0,0
2026-10-04T14:10:23Z,cartservice,kubernetes,0,0,0,0,0,0,0
2026-10-04T14:10:23Z,cartservice,paymentservice,0,0,0,0,0,0,0
2026-10-04T14:10:23Z,cartservice,productcatalogservice,0,0,0,0,0,0,0
2026-10-04T14:10:23Z,cartservice,recommendationservice,0,0,0,0,0,0,0
2026-10-04T14:10:23Z,cartservice,redis-cart,2,0,0,0,0,0,0
2026-10-04T14:10:23Z,cartservice,shippingservice,0,0,0,0,0,0,0
2026-10-04T14:10:23Z,checkoutservice,adservice,0,0,0,0,0,0,0
2026-10-04T14:10:23Z,checkoutservice,cartservice,61898,60966,0,100,0,705752,60839
2026-10-04T14:10:23Z,checkoutservice,checkoutservice,0,0,0,0,0,0,0
2026-10-04T14:10:23Z,checkoutservice,currencyservice,42346,42346,0,0,0,570115,42283
2026-10-04T14:10:23Z,checkoutservice,emailservice,13584,13296,0,66,0,444894,13233
2026-10-04T14:10:23Z,checkoutservice,frontend,0,0,0,0,0,0,0
2026-10-04T14:10:23Z,checkoutservice,kubernetes,0,0,0,0,0,0,0
2026-10-04T14:10:23Z,checkoutservice,paymentservice,35612,33764,0,192,0,439835,33553
2026-10-04T14:10:23Z,checkoutservice,productcatalogservice,0,0,0,0,0,0,0
2026-10-04T14:10:23Z,checkoutservice,recommendationservice,0,0,0,0,0,0,0
2026-10-04T14:10:23Z,checkoutservice,redis-cart,0,0,0,0,0,0,0
2026-10-04T14:10:23Z,checkoutservice,shippingservice,67208,65105,0,154,0,515065,64977
2026-10-04T14:10:23Z,currencyservice,adservice,0,0,0,0,0,0,0
2026-10-04T14:10:23Z,currencyservice,cartservice,0,0,0,0,0,0,0
2026-10-04T14:10:23Z,currencyservice,checkoutservice,0,0,0,0,0,0,0
2026-10-04T14:10:23Z,currencyservice,currencyservice,0,0,0,0,0,0,0
2026-10-04T14:10:23Z,currencyservice,emailservice,0,0,0,0,0,0,0
2026-10-04T14:10:23Z,currencyservice,frontend,0,0,0,0,0,0,0
2026-10-04T14:10:23Z,currencyservice,kubernetes,0,0,0,0,0,0,0
2026-10-04T14:10:23Z,currencyservice,paymentservice,0,0,0,0,0,0,0
2026-10-04T14:10:23Z,currencyservice,productcatalogservice,0,0,0,0,0,0,0
2026-10-04T14:10:23Z,currencyservice,recommendationservice,0,0,0,0,0,0,0
2026-10-04T14:10:23Z,currencyservice,redis-cart,0,0,0,0,0,0,0
2026-10-04T14:10:23Z,currencyservice,shippingservice,0,0,0,0,0,0,0
2026-10-04T14:10:23Z,emailservice,adservice,0,0,0,0,0,0,0
2026-10-04T14:10:23Z,emailservice,cartservice,0,0,0,0,0,0,0
2026-10-04T14:10:23Z,emailservice,checkoutservice,0,0,0,0,0,0,0
2026-10-04T14:10:23Z,emailservice,currencyservice,0,0,0,0,0,0,0
2026-10-04T14:10:23Z,emailservice,emailservice,0,0,0,0,0,0,0
2026-10-04T14:10:23Z,emailservice,frontend,0,0,0,0,0,0,0
2026-10-04T14:10:23Z,emailservice,kubernetes,0,0,0,0,0,0,0
2026-10-04T14:10:23Z,emailservice,paymentservice,0,0,0,0,0,0,0
2026-10-04T14:10:23Z,emailservice,productcatalogservice,0,0,0,0,0,0,0
2026-10-04T14:10:23Z,emailservice,recommendationservice,0,0,0,0,0,0,0
2026-10-04T14:10:23Z,emailservice,redis-cart,0,0,0,0,0,0,0
2026-10-04T14:10:23Z,emailservice,shippingservice,0,0,0,0,0,0,0
2026-10-04T14:10:23Z,frontend,adservice,851877,851874,0,0,0,2565725,851388
2026-10-04T14:10:23Z,frontend,cartservice,1900390,1900377,0,0,4,10508972,1899063
2026-10-04T14:10:23Z,frontend,checkoutservice,401345,191377,0,40061,169946,62856380,191168
2026-10-04T14:10:23Z,frontend,currencyservice,3020088,3020079,0,0,0,15892985,3018001
2026-10-04T14:10:23Z,frontend,emailservice,0,0,0,0,0,0,0
2026-10-04T14:10:23Z,frontend,frontend,0,0,0,0,0,0,0
2026-10-04T14:10:23Z,frontend,kubernetes,0,0,0,0,0,0,0
2026-10-04T14:10:23Z,frontend,paymentservice,0,0,0,0,0,0,0
2026-10-04T14:10:23Z,frontend,productcatalogservice,8459536,8459452,0,0,0,57729185,8454123
2026-10-04T14:10:23Z,frontend,recommendationservice,2767702,1677897,0,114733,972543,839266031,1676817
2026-10-04T14:10:23Z,frontend,redis-cart,0,0,0,0,0,0,0
2026-10-04T14:10:23Z,frontend,shippingservice,312322,312320,0,0,0,945020,312141
2026-10-04T14:10:23Z,paymentservice,adservice,0,0,0,0,0,0,0
2026-10-04T14:10:23Z,paymentservice,cartservice,0,0,0,0,0,0,0
2026-10-04T14:10:23Z,paymentservice,checkoutservice,0,0,0,0,0,0,0
2026-10-04T14:10:23Z,paymentservice,currencyservice,0,0,0,0,0,0,0
2026-10-04T14:10:23Z,paymentservice,emailservice,0,0,0,0,0,0,0
2026-10-04T14:10:23Z,paymentservice,frontend,0,0,0,0,0,0,0
2026-10-04T14:10:23Z,paymentservice,kubernetes,0,0,0,0,0,0,0
2026-10-04T14:10:23Z,paymentservice,paymentservice,0,0,0,0,0,0,0
2026-10-04T14:10:23Z,paymentservice,productcatalogservice,0,0,0,0,0,0,0
2026-10-04T14:10:23Z,paymentservice,recommendationservice,0,0,0,0,0,0,0
2026-10-04T14:10:23Z,paymentservice,redis-cart,0,0,0,0,0,0,0
2026-10-04T14:10:23Z,paymentservice,shippingservice,0,0,0,0,0,0,0
2026-10-04T14:10:23Z,productcatalogservice,adservice,0,0,0,0,0,0,0
2026-10-04T14:10:23Z,productcatalogservice,cartservice,0,0,0,0,0,0,0
2026-10-04T14:10:23Z,productcatalogservice,checkoutservice,0,0,0,0,0,0,0
2026-10-04T14:10:23Z,productcatalogservice,currencyservice,0,0,0,0,0,0,0
2026-10-04T14:10:23Z,productcatalogservice,emailservice,0,0,0,0,0,0,0
2026-10-04T14:10:23Z,productcatalogservice,frontend,0,0,0,0,0,0,0
2026-10-04T14:10:23Z,productcatalogservice,kubernetes,0,0,0,0,0,0,0
2026-10-04T14:10:23Z,productcatalogservice,paymentservice,0,0,0,0,0,0,0
2026-10-04T14:10:23Z,productcatalogservice,productcatalogservice,0,0,0,0,0,0,0
2026-10-04T14:10:23Z,productcatalogservice,recommendationservice,0,0,0,0,0,0,0
2026-10-04T14:10:23Z,productcatalogservice,redis-cart,0,0,0,0,0,0,0
2026-10-04T14:10:23Z,productcatalogservice,shippingservice,0,0,0,0,0,0,0
2026-10-04T14:10:23Z,recommendationservice,adservice,0,0,0,0,0,0,0
2026-10-04T14:10:23Z,recommendationservice,cartservice,0,0,0,0,0,0,0
2026-10-04T14:10:23Z,recommendationservice,checkoutservice,0,0,0,0,0,0,0
2026-10-04T14:10:23Z,recommendationservice,currencyservice,0,0,0,0,0,0,0
2026-10-04T14:10:23Z,recommendationservice,emailservice,0,0,0,0,0,0,0
2026-10-04T14:10:23Z,recommendationservice,frontend,0,0,0,0,0,0,0
2026-10-04T14:10:23Z,recommendationservice,kubernetes,0,0,0,0,0,0,0
2026-10-04T14:10:23Z,recommendationservice,paymentservice,0,0,0,0,0,0,0
2026-10-04T14:10:23Z,recommendationservice,productcatalogservice,170869,170866,0,0,0,1157372,169576
2026-10-04T14:10:23Z,recommendationservice,recommendationservice,0,0,0,0,0,0,0
2026-10-04T14:10:23Z,recommendationservice,redis-cart,0,0,0,0,0,0,0
2026-10-04T14:10:23Z,recommendationservice,shippingservice,0,0,0,0,0,0,0
2026-10-04T14:10:23Z,redis-cart,adservice,0,0,0,0,0,0,0
2026-10-04T14:10:23Z,redis-cart,cartservice,0,0,0,0,0,0,0
2026-10-04T14:10:23Z,redis-cart,checkoutservice,0,0,0,0,0,0,0
2026-10-04T14:10:23Z,redis-cart,currencyservice,0,0,0,0,0,0,0
2026-10-04T14:10:23Z,redis-cart,emailservice,0,0,0,0,0,0,0
2026-10-04T14:10:23Z,redis-cart,frontend,0,0,0,0,0,0,0
2026-10-04T14:10:23Z,redis-cart,kubernetes,0,0,0,0,0,0,0
2026-10-04T14:10:23Z,redis-cart,paymentservice,0,0,0,0,0,0,0
2026-10-04T14:10:23Z,redis-cart,productcatalogservice,0,0,0,0,0,0,0
2026-10-04T14:10:23Z,redis-cart,recommendationservice,0,0,0,0,0,0,0
2026-10-04T14:10:23Z,redis-cart,redis-cart,0,0,0,0,0,0,0
2026-10-04T14:10:23Z,redis-cart,shippingservice,0,0,0,0,0,0,0
2026-10-04T14:10:23Z,shippingservice,adservice,0,0,0,0,0,0,0
2026-10-04T14:10:23Z,shippingservice,cartservice,0,0,0,0,0,0,0
2026-10-04T14:10:23Z,shippingservice,checkoutservice,0,0,0,0,0,0,0
2026-10-04T14:10:23Z,shippingservice,currencyservice,0,0,0,0,0,0,0
2026-10-04T14:10:23Z,shippingservice,emailservice,0,0,0,0,0,0,0
2026-10-04T14:10:23Z,shippingservice,frontend,0,0,0,0,0,0,0
2026-10-04T14:10:23Z,shippingservice,kubernetes,0,0,0,0,0,0,0
2026-10-04T14:10:23Z,shippingservice,paymentservice,0,0,0,0,0,0,0
2026-10-04T14:10:23Z,shippingservice,productcatalogservice,0,0,0,0,0,0,0
2026-10-04T14:10:23Z,shippingservice,recommendationservice,0,0,0,0,0,0,0
2026-10-04T14:10:23Z,shippingservice,redis-cart,0,0,0,0,0,0,0
2026-10-04T14:10:23Z,shippingservice,shippingservice,0,0,0,0,0,0,0
2026-10-04T14:10:24Z,adservice,adservice,0,0,0,0,0,0,0
2026-10-04T14:10:24Z,adservice,cartservice,0,0,0,0,0,0,0
2026-10-04T14:10:24Z,adservice,checkoutservice,0,0,0,0,0,0,0
2026-10-04T14:10:24Z,adservice,currencyservice,0,0,0,0,0,0,0
2026-10-04T14:10:24Z,adservice,emailservice,0,0,0,0,0,0,0
2026-10-04T14:10:24Z,adservice,frontend,0,0,0,0,0,0,0
2026-10-04T14:10:24Z,adservice,kubernetes,0,0,0,0,0,0,0
2026-10-04T14:10:24Z,adservice,paymentservice,0,0,0,0,0,0,0
2026-10-04T14:10:24Z,adservice,productcatalogservice,0,0,0,0,0,0,0
2026-10-04T14:10:24Z,adservice,recommendationservice,0,0,0,0,0,0,0
2026-10-04T14:10:24Z,adservice,redis-cart,0,0,0,0,0,0,0
2026-10-04T14:10:24Z,adservice,shippingservice,0,0,0,0,0,0,0
2026-10-04T14:10:24Z,cartservice,adservice,0,0,0,0,0,0,0
2026-10-04T14:10:24Z,cartservice,cartservice,0,0,0,0,0,0,0
2026-10-04T14:10:24Z,cartservice,checkoutservice,0,0,0,0,0,0,0
2026-10-04T14:10:24Z,cartservice,currencyservice,0,0,0,0,0,0,0
2026-10-04T14:10:24Z,cartservice,emailservice,0,0,0,0,0,0,0
2026-10-04T14:10:24Z,cartservice,frontend,0,0,0,0,0,0,0
2026-10-04T14:10:24Z,cartservice,kubernetes,0,0,0,0,0,0,0
2026-10-04T14:10:24Z,cartservice,paymentservice,0,0,0,0,0,0,0
2026-10-04T14:10:24Z,cartservice,productcatalogservice,0,0,0,0,0,0,0
2026-10-04T14:10:24Z,cartservice,recommendationservice,0,0,0,0,0,0,0
2026-10-04T14:10:24Z,cartservice,redis-cart,2,0,0,0,0,0,0
2026-10-04T14:10:24Z,cartservice,shippingservice,0,0,0,0,0,0,0
2026-10-04T14:10:24Z,checkoutservice,adservice,0,0,0,0,0,0,0
2026-10-04T14:10:24Z,checkoutservice,cartservice,62040,61107,0,100,0,705752,60839
2026-10-04T14:10:24Z,checkoutservice,checkoutservice,0,0,0,0,0,0,0
2026-10-04T14:10:24Z,checkoutservice,currencyservice,42418,42418,0,0,0,570115,42283
2026-10-04T14:10:24Z,checkoutservice,emailservice,13653,13357,0,66,0,444894,13233
2026-10-04T14:10:24Z,checkoutservice,frontend,0,0,0,0,0,0,0
2026-10-04T14:10:24Z,checkoutservice,kubernetes,0,0,0,0,0,0,0
2026-10-04T14:10:24Z,checkoutservice,paymentservice,35684,33836,0,192,0,439835,33553
2026-10-04T14:10:24Z,checkoutservice,productcatalogservice,0,0,0,0,0,0,0
2026-10-04T14:10:24Z,checkoutservice,recommendationservice,0,0,0,0,0,0,0
2026-10-04T14:10:24Z,checkoutservice,redis-cart,0,0,0,0,0,0,0
2026-10-04T14:10:24Z,checkoutservice,shippingservice,67352,65248,0,154,0,515065,64977
2026-10-04T14:10:24Z,currencyservice,adservice,0,0,0,0,0,0,0
2026-10-04T14:10:24Z,currencyservice,cartservice,0,0,0,0,0,0,0
2026-10-04T14:10:24Z,currencyservice,checkoutservice,0,0,0,0,0,0,0
2026-10-04T14:10:24Z,currencyservice,currencyservice,0,0,0,0,0,0,0
2026-10-04T14:10:24Z,currencyservice,emailservice,0,0,0,0,0,0,0
2026-10-04T14:10:24Z,currencyservice,frontend,0,0,0,0,0,0,0
2026-10-04T14:10:24Z,currencyservice,kubernetes,0,0,0,0,0,0,0
2026-10-04T14:10:24Z,currencyservice,paymentservice,0,0,0,0,0,0,0
2026-10-04T14:10:24Z,currencyservice,productcatalogservice,0,0,0,0,0,0,0
2026-10-04T14:10:24Z,currencyservice,recommendationservice,0,0,0,0,0,0,0
2026-10-04T14:10:24Z,currencyservice,redis-cart,0,0,0,0,0,0,0
2026-10-04T14:10:24Z,currencyservice,shippingservice,0,0,0,0,0,0,0
2026-10-04T14:10:24Z,emailservice,adservice,0,0,0,0,0,0,0
2026-10-04T14:10:24Z,emailservice,cartservice,0,0,0,0,0,0,0
2026-10-04T14:10:24Z,emailservice,checkoutservice,0,0,0,0,0,0,0
2026-10-04T14:10:24Z,emailservice,currencyservice,0,0,0,0,0,0,0
2026-10-04T14:10:24Z,emailservice,emailservice,0,0,0,0,0,0,0
2026-10-04T14:10:24Z,emailservice,frontend,0,0,0,0,0,0,0
2026-10-04T14:10:24Z,emailservice,kubernetes,0,0,0,0,0,0,0
2026-10-04T14:10:24Z,emailservice,paymentservice,0,0,0,0,0,0,0
2026-10-04T14:10:24Z,emailservice,productcatalogservice,0,0,0,0,0,0,0
2026-10-04T14:10:24Z,emailservice,recommendationservice,0,0,0,0,0,0,0
2026-10-04T14:10:24Z,emailservice,redis-cart,0,0,0,0,0,0,0
2026-10-04T14:10:24Z,emailservice,shippingservice,0,0,0,0,0,0,0
2026-10-04T14:10:24Z,frontend,adservice,852035,852033,0,0,0,2566945,851770
2026-10-04T14:10:24Z,frontend,cartservice,1900789,1900776,0,0,4,10513824,1900101
2026-10-04T14:10:24Z,frontend,checkoutservice,401402,191431,0,40061,169946,62875291,191328
2026-10-04T14:10:24Z,frontend,currencyservice,3020743,3020735,0,0,0,15899215,3019614
2026-10-04T14:10:24Z,frontend,emailservice,0,0,0,0,0,0,0
2026-10-04T14:10:24Z,frontend,frontend,0,0,0,0,0,0,0
2026-10-04T14:10:24Z,frontend,kubernetes,0,0,0,0,0,0,0
2026-10-04T14:10:24Z,frontend,paymentservice,0,0,0,0,0,0,0
2026-10-04T14:10:24Z,frontend,productcatalogservice,8461221,8461150,0,0,0,57751378,8458327
2026-10-04T14:10:24Z,frontend,recommendationservice,2768399,1678244,0,114767,972843,839937296,1677662
2026-10-04T14:10:24Z,frontend,redis-cart,0,0,0,0,0,0,0
2026-10-04T14:10:24Z,frontend,shippingservice,312389,312387,0,0,0,945374,312287
2026-10-04T14:10:24Z,paymentservice,adservice,0,0,0,0,0,0,0
2026-10-04T14:10:24Z,paymentservice,cartservice,0,0,0,0,0,0,0
2026-10-04T14:10:24Z,paymentservice,checkoutservice,0,0,0,0,0,0,0
2026-10-04T14:10:24Z,paymentservice,currencyservice,0,0,0,0,0,0,0
2026-10-04T14:10:24Z,paymentservice,emailservice,0,0,0,0,0,0,0
2026-10-04T14:10:24Z,paymentservice,frontend,0,0,0,0,0,0,0
2026-10-04T14:10:24Z,paymentservice,kubernetes,0,0,0,0,0,0,0
2026-10-04T14:10:24Z,paymentservice,paymentservice,0,0,0,0,0,0,0
2026-10-04T14:10:24Z,paymentservice,productcatalogservice,0,0,0,0,0,0,0
2026-10-04T14:10:24Z,paymentservice,recommendationservice,0,0,0,0,0,0,0
2026-10-04T14:10:24Z,paymentservice,redis-cart,0,0,0,0,0,0,0
2026-10-04T14:10:24Z,paymentservice,shippingservice,0,0,0,0,0,0,0
2026-10-04T14:10:24Z,productcatalogservice,adservice,0,0,0,0,0,0,0
2026-10-04T14:10:24Z,productcatalogservice,cartservice,0,0,0,0,0,0,0
2026-10-04T14:10:24Z,productcatalogservice,checkoutservice,0,0,0,0,0,0,0
2026-10-04T14:10:24Z,productcatalogservice,currencyservice,0,0,0,0,0,0,0
2026-10-04T14:10:24Z,productcatalogservice,emailservice,0,0,0,0,0,0,0
2026-10-04T14:10:24Z,productcatalogservice,frontend,0,0,0,0,0,0,0
2026-10-04T14:10:24Z,productcatalogservice,kubernetes,0,0,0,0,0,0,0
2026-10-04T14:10:24Z,productcatalogservice,paymentservice,0,0,0,0,0,0,0
2026-10-04T14:10:24Z,productcatalogservice,productcatalogservice,0,0,0,0,0,0,0
2026-10-04T14:10:24Z,productcatalogservice,recommendationservice,0,0,0,0,0,0,0
2026-10-04T14:10:24Z,productcatalogservice,redis-cart,0,0,0,0,0,0,0
2026-10-04T14:10:24Z,productcatalogservice,shippingservice,0,0,0,0,0,0,0
2026-10-04T14:10:24Z,recommendationservice,adservice,0,0,0,0,0,0,0
2026-10-04T14:10:24Z,recommendationservice,cartservice,0,0,0,0,0,0,0
2026-10-04T14:10:24Z,recommendationservice,checkoutservice,0,0,0,0,0,0,0
2026-10-04T14:10:24Z,recommendationservice,currencyservice,0,0,0,0,0,0,0
2026-10-04T14:10:24Z,recommendationservice,emailservice,0,0,0,0,0,0,0
2026-10-04T14:10:24Z,recommendationservice,frontend,0,0,0,0,0,0,0
2026-10-04T14:10:24Z,recommendationservice,kubernetes,0,0,0,0,0,0,0
2026-10-04T14:10:24Z,recommendationservice,paymentservice,0,0,0,0,0,0,0
2026-10-04T14:10:24Z,recommendationservice,productcatalogservice,171276,171276,0,0,0,1157372,169576
2026-10-04T14:10:24Z,recommendationservice,recommendationservice,0,0,0,0,0,0,0
2026-10-04T14:10:24Z,recommendationservice,redis-cart,0,0,0,0,0,0,0
2026-10-04T14:10:24Z,recommendationservice,shippingservice,0,0,0,0,0,0,0
2026-10-04T14:10:24Z,redis-cart,adservice,0,0,0,0,0,0,0
2026-10-04T14:10:24Z,redis-cart,cartservice,0,0,0,0,0,0,0
2026-10-04T14:10:24Z,redis-cart,checkoutservice,0,0,0,0,0,0,0
2026-10-04T14:10:24Z,redis-cart,currencyservice,0,0,0,0,0,0,0
2026-10-04T14:10:24Z,redis-cart,emailservice,0,0,0,0,0,0,0
2026-10-04T14:10:24Z,redis-cart,frontend,0,0,0,0,0,0,0
2026-10-04T14:10:24Z,redis-cart,kubernetes,0,0,0,0,0,0,0
2026-10-04T14:10:24Z,redis-cart,paymentservice,0,0,0,0,0,0,0
2026-10-04T14:10:24Z,redis-cart,productcatalogservice,0,0,0,0,0,0,0
2026-10-04T14:10:24Z,redis-cart,recommendationservice,0,0,0,0,0,0,0
2026-10-04T14:10:24Z,redis-cart,redis-cart,0,0,0,0,0,0,0
2026-10-04T14:10:24Z,redis-cart,shippingservice,0,0,0,0,0,0,0
2026-10-04T14:10:24Z,shippingservice,adservice,0,0,0,0,0,0,0
2026-10-04T14:10:24Z,shippingservice,cartservice,0,0,0,0,0,0,0
2026-10-04T14:10:24Z,shippingservice,checkoutservice,0,0,0,0,0,0,0
2026-10-04T14:10:24Z,shippingservice,currencyservice,0,0,0,0,0,0,0
2026-10-04T14:10:24Z,shippingservice,emailservice,0,0,0,0,0,0,0
2026-10-04T14:10:24Z,shippingservice,frontend,0,0,0,0,0,0,0
2026-10-04T14:10:24Z,shippingservice,kubernetes,0,0,0,0,0,0,0
2026-10-04T14:10:24Z,shippingservice,paymentservice,0,0,0,0,0,0,0
2026-10-04T14:10:24Z,shippingservice,productcatalogservice,0,0,0,0,0,0,0
2026-10-04T14:10:24Z,shippingservice,recommendationservice,0,0,0,0,0,0,0
2026-10-04T14:10:24Z,shippingservice,redis-cart,0,0,0,0,0,0,0
2026-10-04T14:10:24Z,shippingservice,shippingservice,0,0,0,0,0,0,0
2026-10-04T14:10:25Z,adservice,adservice,0,0,0,0,0,0,0
2026-10-04T14:10:25Z,adservice,cartservice,0,0,0,0,0,0,0
2026-10-04T14:10:25Z,adservice,checkoutservice,0,0,0,0,0,0,0
2026-10-04T14:10:25Z,adservice,currencyservice,0,0,0,0,0,0,0
2026-10-04T14:10:25Z,adservice,emailservice,0,0,0,0,0,0,0
2026-10-04T14:10:25Z,adservice,frontend,0,0,0,0,0,0,0
2026-10-04T14:10:25Z,adservice,kubernetes,0,0,0,0,0,0,0
2026-10-04T14:10:25Z,adservice,paymentservice,0,0,0,0,0,0,0
2026-10-04T14:10:25Z,adservice,productcatalogservice,0,0,0,0,0,0,0
2026-10-04T14:10:25Z,adservice,recommendationservice,0,0,0,0,0,0,0
2026-10-04T14:10:25Z,adservice,redis-cart,0,0,0,0,0,0,0
2026-10-04T14:10:25Z,adservice,shippingservice,0,0,0,0,0,0,0
2026-10-04T14:10:25Z,cartservice,adservice,0,0,0,0,0,0,0
2026-10-04T14:10:25Z,cartservice,cartservice,0,0,0,0,0,0,0
2026-10-04T14:10:25Z,cartservice,checkoutservice,0,0,0,0,0,0,0
2026-10-04T14:10:25Z,cartservice,currencyservice,0,0,0,0,0,0,0
2026-10-04T14:10:25Z,cartservice,emailservice,0,0,0,0,0,0,0
2026-10-04T14:10:25Z,cartservice,frontend,0,0,0,0,0,0,0
2026-10-04T14:10:25Z,cartservice,kubernetes,0,0,0,0,0,0,0
2026-10-04T14:10:25Z,cartservice,paymentservice,0,0,0,0,0,0,0
2026-10-04T14:10:25Z,cartservice,productcatalogservice,0,0,0,0,0,0,0
2026-10-04T14:10:25Z,cartservice,recommendationservice,0,0,0,0,0,0,0
2026-10-04T14:10:25Z,cartservice,redis-cart,2,0,0,0,0,0,0
2026-10-04T14:10:25Z,cartservice,shippingservice,0,0,0,0,0,0,0
2026-10-04T14:10:25Z,checkoutservice,adservice,0,0,0,0,0,0,0
2026-10-04T14:10:25Z,checkoutservice,cartservice,62118,61185,0,100,0,705752,60839
2026-10-04T14:10:25Z,checkoutservice,checkoutservice,0,0,0,0,0,0,0
2026-10-04T14:10:25Z,checkoutservice,currencyservice,42455,42454,0,0,0,570115,42283
2026-10-04T14:10:25Z,checkoutservice,emailservice,13689,13401,0,66,0,444894,13233
2026-10-04T14:10:25Z,checkoutservice,frontend,0,0,0,0,0,0,0
2026-10-04T14:10:25Z,checkoutservice,kubernetes,0,0,0,0,0,0,0
2026-10-04T14:10:25Z,checkoutservice,paymentservice,35720,33871,0,192,0,439835,33553
2026-10-04T14:10:25Z,checkoutservice,productcatalogservice,0,0,0,0,0,0,0
2026-10-04T14:10:25Z,checkoutservice,recommendationservice,0,0,0,0,0,0,0
2026-10-04T14:10:25Z,checkoutservice,redis-cart,0,0,0,0,0,0,0
2026-10-04T14:10:25Z,checkoutservice,shippingservice,67429,65320,0,154,0,515065,64977
2026-10-04T14:10:25Z,currencyservice,adservice,0,0,0,0,0,0,0
2026-10-04T14:10:25Z,currencyservice,cartservice,0,0,0,0,0,0,0
2026-10-04T14:10:25Z,currencyservice,checkoutservice,0,0,0,0,0,0,0
2026-10-04T14:10:25Z,currencyservice,currencyservice,0,0,0,0,0,0,0
2026-10-04T14:10:25Z,currencyservice,emailservice,0,0,0,0,0,0,0
2026-10-04T14:10:25Z,currencyservice,frontend,0,0,0,0,0,0,0
2026-10-04T14:10:25Z,currencyservice,kubernetes,0,0,0,0,0,0,0
2026-10-04T14:10:25Z,currencyservice,paymentservice,0,0,0,0,0,0,0
2026-10-04T14:10:25Z,currencyservice,productcatalogservice,0,0,0,0,0,0,0
2026-10-04T14:10:25Z,currencyservice,recommendationservice,0,0,0,0,0,0,0
2026-10-04T14:10:25Z,currencyservice,redis-cart,0,0,0,0,0,0,0
2026-10-04T14:10:25Z,currencyservice,shippingservice,0,0,0,0,0,0,0
2026-10-04T14:10:25Z,emailservice,adservice,0,0,0,0,0,0,0
2026-10-04T14:10:25Z,emailservice,cartservice,0,0,0,0,0,0,0
2026-10-04T14:10:25Z,emailservice,checkoutservice,0,0,0,0,0,0,0
2026-10-04T14:10:25Z,emailservice,currencyservice,0,0,0,0,0,0,0
2026-10-04T14:10:25Z,emailservice,emailservice,0,0,0,0,0,0,0
2026-10-04T14:10:25Z,emailservice,frontend,0,0,0,0,0,0,0
2026-10-04T14:10:25Z,emailservice,kubernetes,0,0,0,0,0,0,0
2026-10-04T14:10:25Z,emailservice,paymentservice,0,0,0,0,0,0,0
2026-10-04T14:10:25Z,emailservice,productcatalogservice,0,0,0,0,0,0,0
2026-10-04T14:10:25Z,emailservice,recommendationservice,0,0,0,0,0,0,0
2026-10-04T14:10:25Z,emailservice,redis-cart,0,0,0,0,0,0,0
2026-10-04T14:10:25Z,emailservice,shippingservice,0,0,0,0,0,0,0
2026-10-04T14:10:25Z,frontend,adservice,852182,852180,0,0,0,2567320,851929
2026-10-04T14:10:25Z,frontend,cartservice,1901159,1901145,0,0,4,10515654,1900494
2026-10-04T14:10:25Z,frontend,checkoutservice,401449,191478,0,40061,169946,62884872,191395
2026-10-04T14:10:25Z,frontend,currencyservice,3021316,3021302,0,0,0,15901833,3020288
2026-10-04T14:10:25Z,frontend,emailservice,0,0,0,0,0,0,0
2026-10-04T14:10:25Z,frontend,frontend,0,0,0,0,0,0,0
2026-10-04T14:10:25Z,frontend,kubernetes,0,0,0,0,0,0,0
2026-10-04T14:10:25Z,frontend,paymentservice,0,0,0,0,0,0,0
2026-10-04T14:10:25Z,frontend,productcatalogservice,8462716,8462651,0,0,0,57763834,8460080
2026-10-04T14:10:25Z,frontend,recommendationservice,2769178,1678548,0,114812,973267,840202056,1678013
2026-10-04T14:10:25Z,frontend,redis-cart,0,0,0,0,0,0,0
2026-10-04T14:10:25Z,frontend,shippingservice,312438,312436,0,0,0,945514,312351
2026-10-04T14:10:25Z,paymentservice,adservice,0,0,0,0,0,0,0
2026-10-04T14:10:25Z,paymentservice,cartservice,0,0,0,0,0,0,0
2026-10-04T14:10:25Z,paymentservice,checkoutservice,0,0,0,0,0,0,0
2026-10-04T14:10:25Z,paymentservice,currencyservice,0,0,0,0,0,0,0
2026-10-04T14:10:25Z,paymentservice,emailservice,0,0,0,0,0,0,0
2026-10-04T14:10:25Z,paymentservice,frontend,0,0,0,0,0,0,0
2026-10-04T14:10:25Z,paymentservice,kubernetes,0,0,0,0,0,0,0
2026-10-04T14:10:25Z,paymentservice,paymentservice,0,0,0,0,0,0,0
2026-10-04T14:10:25Z,paymentservice,productcatalogservice,0,0,0,0,0,0,0
2026-10-04T14:10:25Z,paymentservice,recommendationservice,0,0,0,0,0,0,0
2026-10-04T14:10:25Z,paymentservice,redis-cart,0,0,0,0,0,0,0
2026-10-04T14:10:25Z,paymentservice,shippingservice,0,0,0,0,0,0,0
2026-10-04T14:10:25Z,productcatalogservice,adservice,0,0,0,0,0,0,0
2026-10-04T14:10:25Z,productcatalogservice,cartservice,0,0,0,0,0,0,0
2026-10-04T14:10:25Z,productcatalogservice,checkoutservice,0,0,0,0,0,0,0
2026-10-04T14:10:25Z,productcatalogservice,currencyservice,0,0,0,0,0,0,0
2026-10-04T14:10:25Z,productcatalogservice,emailservice,0,0,0,0,0,0,0
2026-10-04T14:10:25Z,productcatalogservice,frontend,0,0,0,0,0,0,0
2026-10-04T14:10:25Z,productcatalogservice,kubernetes,0,0,0,0,0,0,0
2026-10-04T14:10:25Z,productcatalogservice,paymentservice,0,0,0,0,0,0,0
2026-10-04T14:10:25Z,productcatalogservice,productcatalogservice,0,0,0,0,0,0,0
2026-10-04T14:10:25Z,productcatalogservice,recommendationservice,0,0,0,0,0,0,0
2026-10-04T14:10:25Z,productcatalogservice,redis-cart,0,0,0,0,0,0,0
2026-10-04T14:10:25Z,productcatalogservice,shippingservice,0,0,0,0,0,0,0
2026-10-04T14:10:25Z,recommendationservice,adservice,0,0,0,0,0,0,0
2026-10-04T14:10:25Z,recommendationservice,cartservice,0,0,0,0,0,0,0
2026-10-04T14:10:25Z,recommendationservice,checkoutservice,0,0,0,0,0,0,0
2026-10-04T14:10:25Z,recommendationservice,currencyservice,0,0,0,0,0,0,0
2026-10-04T14:10:25Z,recommendationservice,emailservice,0,0,0,0,0,0,0
2026-10-04T14:10:25Z,recommendationservice,frontend,0,0,0,0,0,0,0
2026-10-04T14:10:25Z,recommendationservice,kubernetes,0,0,0,0,0,0,0
2026-10-04T14:10:25Z,recommendationservice,paymentservice,0,0,0,0,0,0,0
2026-10-04T14:10:25Z,recommendationservice,productcatalogservice,171683,171680,0,0,0,1169060,171639
2026-10-04T14:10:25Z,recommendationservice,recommendationservice,0,0,0,0,0,0,0
2026-10-04T14:10:25Z,recommendationservice,redis-cart,0,0,0,0,0,0,0
2026-10-04T14:10:25Z,recommendationservice,shippingservice,0,0,0,0,0,0,0
2026-10-04T14:10:25Z,redis-cart,adservice,0,0,0,0,0,0,0
2026-10-04T14:10:25Z,redis-cart,cartservice,0,0,0,0,0,0,0
2026-10-04T14:10:25Z,redis-cart,checkoutservice,0,0,0,0,0,0,0
2026-10-04T14:10:25Z,redis-cart,currencyservice,0,0,0,0,0,0,0
2026-10-04T14:10:25Z,redis-cart,emailservice,0,0,0,0,0,0,0
2026-10-04T14:10:25Z,redis-cart,frontend,0,0,0,0,0,0,0
2026-10-04T14:10:25Z,redis-cart,kubernetes,0,0,0,0,0,0,0
2026-10-04T14:10:25Z,redis-cart,paymentservice,0,0,0,0,0,0,0
2026-10-04T14:10:25Z,redis-cart,productcatalogservice,0,0,0,0,0,0,0
2026-10-04T14:10:25Z,redis-cart,recommendationservice,0,0,0,0,0,0,0
2026-10-04T14:10:25Z,redis-cart,redis-cart,0,0,0,0,0,0,0
2026-10-04T14:10:25Z,redis-cart,shippingservice,0,0,0,0,0,0,0
2026-10-04T14:10:25Z,shippingservice,adservice,0,0,0,0,0,0,0
2026-10-04T14:10:25Z,shippingservice,cartservice,0,0,0,0,0,0,0
2026-10-04T14:10:25Z,shippingservice,checkoutservice,0,0,0,0,0,0,0
2026-10-04T14:10:25Z,shippingservice,currencyservice,0,0,0,0,0,0,0
2026-10-04T14:10:25Z,shippingservice,emailservice,0,0,0,0,0,0,0
2026-10-04T14:10:25Z,shippingservice,frontend,0,0,0,0,0,0,0
2026-10-04T14:10:25Z,shippingservice,kubernetes,0,0,0,0,0,0,0
2026-10-04T14:10:25Z,shippingservice,paymentservice,0,0,0,0,0,0,0
2026-10-04T14:10:25Z,shippingservice,productcatalogservice,0,0,0,0,0,0,0
2026-10-04T14:10:25Z,shippingservice,recommendationservice,0,0,0,0,0,0,0
2026-10-04T14:10:25Z,shippingservice,redis-cart,0,0,0,0,0,0,0
2026-10-04T14:10:25Z,shippingservice,shippingservice,0,0,0,0,0,0,0
2026-10-04T14:10:26Z,adservice,adservice,0,0,0,0,0,0,0
2026-10-04T14:10:26Z,adservice,cartservice,0,0,0,0,0,0,0
2026-10-04T14:10:26Z,adservice,checkoutservice,0,0,0,0,0,0,0
2026-10-04T14:10:26Z,adservice,currencyservice,0,0,0,0,0,0,0
2026-10-04T14:10:26Z,adservice,emailservice,0,0,0,0,0,0,0
2026-10-04T14:10:26Z,adservice,frontend,0,0,0,0,0,0,0
2026-10-04T14:10:26Z,adservice,kubernetes,0,0,0,0,0,0,0
2026-10-04T14:10:26Z,adservice,paymentservice,0,0,0,0,0,0,0
2026-10-04T14:10:26Z,adservice,productcatalogservice,0,0,0,0,0,0,0
2026-10-04T14:10:26Z,adservice,recommendationservice,0,0,0,0,0,0,0
2026-10-04T14:10:26Z,adservice,redis-cart,0,0,0,0,0,0,0
2026-10-04T14:10:26Z,adservice,shippingservice,0,0,0,0,0,0,0
2026-10-04T14:10:26Z,cartservice,adservice,0,0,0,0,0,0,0
2026-10-04T14:10:26Z,cartservice,cartservice,0,0,0,0,0,0,0
2026-10-04T14:10:26Z,cartservice,checkoutservice,0,0,0,0,0,0,0
2026-10-04T14:10:26Z,cartservice,currencyservice,0,0,0,0,0,0,0
2026-10-04T14:10:26Z,cartservice,emailservice,0,0,0,0,0,0,0
2026-10-04T14:10:26Z,cartservice,frontend,0,0,0,0,0,0,0
2026-10-04T14:10:26Z,cartservice,kubernetes,0,0,0,0,0,0,0
2026-10-04T14:10:26Z,cartservice,paymentservice,0,0,0,0,0,0,0
2026-10-04T14:10:26Z,cartservice,productcatalogservice,0,0,0,0,0,0,0
2026-10-04T14:10:26Z,cartservice,recommendationservice,0,0,0,0,0,0,0
2026-10-04T14:10:26Z,cartservice,redis-cart,2,0,0,0,0,0,0
2026-10-04T14:10:26Z,cartservice,shippingservice,0,0,0,0,0,0,0
2026-10-04T14:10:26Z,checkoutservice,adservice,0,0,0,0,0,0,0
2026-10-04T14:10:26Z,checkoutservice,cartservice,62213,61281,0,100,0,705752,60839
2026-10-04T14:10:26Z,checkoutservice,checkoutservice,0,0,0,0,0,0,0
2026-10-04T14:10:26Z,checkoutservice,currencyservice,42504,42504,0,0,0,570115,42283
2026-10-04T14:10:26Z,checkoutservice,emailservice,13740,13452,0,66,0,444894,13233
2026-10-04T14:10:26Z,checkoutservice,frontend,0,0,0,0,0,0,0
2026-10-04T14:10:26Z,checkoutservice,kubernetes,0,0,0,0,0,0,0
2026-10-04T14:10:26Z,checkoutservice,paymentservice,35770,33921,0,192,0,439835,33553
2026-10-04T14:10:26Z,checkoutservice,productcatalogservice,0,0,0,0,0,0,0
2026-10-04T14:10:26Z,checkoutservice,recommendationservice,0,0,0,0,0,0,0
2026-10-04T14:10:26Z,checkoutservice,redis-cart,0,0,0,0,0,0,0
2026-10-04T14:10:26Z,checkoutservice,shippingservice,67523,65420,0,154,0,515065,64977
2026-10-04T14:10:26Z,currencyservice,adservice,0,0,0,0,0,0,0
2026-10-04T14:10:26Z,currencyservice,cartservice,0,0,0,0,0,0,0
2026-10-04T14:10:26Z,currencyservice,checkoutservice,0,0,0,0,0,0,0
2026-10-04T14:10:26Z,currencyservice,currencyservice,0,0,0,0,0,0,0
2026-10-04T14:10:26Z,currencyservice,emailservice,0,0,0,0,0,0,0
2026-10-04T14:10:26Z,currencyservice,frontend,0,0,0,0,0,0,0
2026-10-04T14:10:26Z,currencyservice,kubernetes,0,0,0,0,0,0,0
2026-10-04T14:10:26Z,currencyservice,paymentservice,0,0,0,0,0,0,0
2026-10-04T14:10:26Z,currencyservice,productcatalogservice,0,0,0,0,0,0,0
2026-10-04T14:10:26Z,currencyservice,recommendationservice,0,0,0,0,0,0,0
2026-10-04T14:10:26Z,currencyservice,redis-cart,0,0,0,0,0,0,0
2026-10-04T14:10:26Z,currencyservice,shippingservice,0,0,0,0,0,0,0
2026-10-04T14:10:26Z,emailservice,adservice,0,0,0,0,0,0,0
2026-10-04T14:10:26Z,emailservice,cartservice,0,0,0,0,0,0,0
2026-10-04T14:10:26Z,emailservice,checkoutservice,0,0,0,0,0,0,0
2026-10-04T14:10:26Z,emailservice,currencyservice,0,0,0,0,0,0,0
2026-10-04T14:10:26Z,emailservice,emailservice,0,0,0,0,0,0,0
2026-10-04T14:10:26Z,emailservice,frontend,0,0,0,0,0,0,0
2026-10-04T14:10:26Z,emailservice,kubernetes,0,0,0,0,0,0,0
2026-10-04T14:10:26Z,emailservice,paymentservice,0,0,0,0,0,0,0
2026-10-04T14:10:26Z,emailservice,productcatalogservice,0,0,0,0,0,0,0
2026-10-04T14:10:26Z,emailservice,recommendationservice,0,0,0,0,0,0,0
2026-10-04T14:10:26Z,emailservice,redis-cart,0,0,0,0,0,0,0
2026-10-04T14:10:26Z,emailservice,shippingservice,0,0,0,0,0,0,0
2026-10-04T14:10:26Z,frontend,adservice,852278,852275,0,0,0,2567320,851929
2026-10-04T14:10:26Z,frontend,cartservice,1901539,1901525,0,0,4,10515654,1900494
2026-10-04T14:10:26Z,frontend,checkoutservice,401500,191532,0,40061,169946,62884872,191395
2026-10-04T14:10:26Z,frontend,currencyservice,3021919,3021911,0,0,0,15901833,3020288
2026-10-04T14:10:26Z,frontend,emailservice,0,0,0,0,0,0,0
2026-10-04T14:10:26Z,frontend,frontend,0,0,0,0,0,0,0
2026-10-04T14:10:26Z,frontend,kubernetes,0,0,0,0,0,0,0
2026-10-04T14:10:26Z,frontend,paymentservice,0,0,0,0,0,0,0
2026-10-04T14:10:26Z,frontend,productcatalogservice,8464021,8463944,0,0,0,57763834,8460080
2026-10-04T14:10:26Z,frontend,recommendationservice,2769943,1678858,0,114879,973652,840202056,1678013
2026-10-04T14:10:26Z,frontend,redis-cart,0,0,0,0,0,0,0
2026-10-04T14:10:26Z,frontend,shippingservice,312483,312481,0,0,0,945514,312351
2026-10-04T14:10:26Z,paymentservice,adservice,0,0,0,0,0,0,0
2026-10-04T14:10:26Z,paymentservice,cartservice,0,0,0,0,0,0,0
2026-10-04T14:10:26Z,paymentservice,checkoutservice,0,0,0,0,0,0,0
2026-10-04T14:10:26Z,paymentservice,currencyservice,0,0,0,0,0,0,0
2026-10-04T14:10:26Z,paymentservice,emailservice,0,0,0,0,0,0,0
2026-10-04T14:10:26Z,paymentservice,frontend,0,0,0,0,0,0,0
2026-10-04T14:10:26Z,paymentservice,kubernetes,0,0,0,0,0,0,0
2026-10-04T14:10:26Z,paymentservice,paymentservice,0,0,0,0,0,0,0
2026-10-04T14:10:26Z,paymentservice,productcatalogservice,0,0,0,0,0,0,0
2026-10-04T14:10:26Z,paymentservice,recommendationservice,0,0,0,0,0,0,0
2026-10-04T14:10:26Z,paymentservice,redis-cart,0,0,0,0,0,0,0
2026-10-04T14:10:26Z,paymentservice,shippingservice,0,0,0,0,0,0,0
2026-10-04T14:10:26Z,productcatalogservice,adservice,0,0,0,0,0,0,0
2026-10-04T14:10:26Z,productcatalogservice,cartservice,0,0,0,0,0,0,0
2026-10-04T14:10:26Z,productcatalogservice,checkoutservice,0,0,0,0,0,0,0
2026-10-04T14:10:26Z,productcatalogservice,currencyservice,0,0,0,0,0,0,0
2026-10-04T14:10:26Z,productcatalogservice,emailservice,0,0,0,0,0,0,0
2026-10-04T14:10:26Z,productcatalogservice,frontend,0,0,0,0,0,0,0
2026-10-04T14:10:26Z,productcatalogservice,kubernetes,0,0,0,0,0,0,0
2026-10-04T14:10:26Z,productcatalogservice,paymentservice,0,0,0,0,0,0,0
2026-10-04T14:10:26Z,productcatalogservice,productcatalogservice,0,0,0,0,0,0,0
2026-10-04T14:10:26Z,productcatalogservice,recommendationservice,0,0,0,0,0,0,0
2026-10-04T14:10:26Z,productcatalogservice,redis-cart,0,0,0,0,0,0,0
2026-10-04T14:10:26Z,productcatalogservice,shippingservice,0,0,0,0,0,0,0
2026-10-04T14:10:26Z,recommendationservice,adservice,0,0,0,0,0,0,0
2026-10-04T14:10:26Z,recommendationservice,cartservice,0,0,0,0,0,0,0
2026-10-04T14:10:26Z,recommendationservice,checkoutservice,0,0,0,0,0,0,0
2026-10-04T14:10:26Z,recommendationservice,currencyservice,0,0,0,0,0,0,0
2026-10-04T14:10:26Z,recommendationservice,emailservice,0,0,0,0,0,0,0
2026-10-04T14:10:26Z,recommendationservice,frontend,0,0,0,0,0,0,0
2026-10-04T14:10:26Z,recommendationservice,kubernetes,0,0,0,0,0,0,0
2026-10-04T14:10:26Z,recommendationservice,paymentservice,0,0,0,0,0,0,0
2026-10-04T14:10:26Z,recommendationservice,productcatalogservice,172092,172092,0,0,0,1169060,171639
2026-10-04T14:10:26Z,recommendationservice,recommendationservice,0,0,0,0,0,0,0
2026-10-04T14:10:26Z,recommendationservice,redis-cart,0,0,0,0,0,0,0
2026-10-04T14:10:26Z,recommendationservice,shippingservice,0,0,0,0,0,0,0
2026-10-04T14:10:26Z,redis-cart,adservice,0,0,0,0,0,0,0
2026-10-04T14:10:26Z,redis-cart,cartservice,0,0,0,0,0,0,0
2026-10-04T14:10:26Z,redis-cart,checkoutservice,0,0,0,0,0,0,0
2026-10-04T14:10:26Z,redis-cart,currencyservice,0,0,0,0,0,0,0
2026-10-04T14:10:26Z,redis-cart,emailservice,0,0,0,0,0,0,0
2026-10-04T14:10:26Z,redis-cart,frontend,0,0,0,0,0,0,0
2026-10-04T14:10:26Z,redis-cart,kubernetes,0,0,0,0,0,0,0
2026-10-04T14:10:26Z,redis-cart,paymentservice,0,0,0,0,0,0,0
2026-10-04T14:10:26Z,redis-cart,productcatalogservice,0,0,0,0,0,0,0
2026-10-04T14:10:26Z,redis-cart,recommendationservice,0,0,0,0,0,0,0
2026-10-04T14:10:26Z,redis-cart,redis-cart,0,0,0,0,0,0,0
2026-10-04T14:10:26Z,redis-cart,shippingservice,0,0,0,0,0,0,0
2026-10-04T14:10:26Z,shippingservice,adservice,0,0,0,0,0,0,0
2026-10-04T14:10:26Z,shippingservice,cartservice,0,0,0,0,0,0,0
2026-10-04T14:10:26Z,shippingservice,checkoutservice,0,0,0,0,0,0,0
2026-10-04T14:10:26Z,shippingservice,currencyservice,0,0,0,0,0,0,0
2026-10-04T14:10:26Z,shippingservice,emailservice,0,0,0,0,0,0,0
2026-10-04T14:10:26Z,shippingservice,frontend,0,0,0,0,0,0,0
2026-10-04T14:10:26Z,shippingservice,kubernetes,0,0,0,0,0,0,0
2026-10-04T14:10:26Z,shippingservice,paymentservice,0,0,0,0,0,0,0
2026-10-04T14:10:26Z,shippingservice,productcatalogservice,0,0,0,0,0,0,0
2026-10-04T14:10:26Z,shippingservice,recommendationservice,0,0,0,0,0,0,0
2026-10-04T14:10:26Z,shippingservice,redis-cart,0,0,0,0,0,0,0
2026-10-04T14:10:26Z,shippingservice,shippingservice,0,0,0,0,0,0,0
2026-10-04T14:10:27Z,adservice,adservice,0,0,0,0,0,0,0
2026-10-04T14:10:27Z,adservice,cartservice,0,0,0,0,0,0,0
2026-10-04T14:10:27Z,adservice,checkoutservice,0,0,0,0,0,0,0
2026-10-04T14:10:27Z,adservice,currencyservice,0,0,0,0,0,0,0
2026-10-04T14:10:27Z,adservice,emailservice,0,0,0,0,0,0,0
2026-10-04T14:10:27Z,adservice,frontend,0,0,0,0,0,0,0
2026-10-04T14:10:27Z,adservice,kubernetes,0,0,0,0,0,0,0
2026-10-04T14:10:27Z,adservice,paymentservice,0,0,0,0,0,0,0
2026-10-04T14:10:27Z,adservice,productcatalogservice,0,0,0,0,0,0,0
2026-10-04T14:10:27Z,adservice,recommendationservice,0,0,0,0,0,0,0
2026-10-04T14:10:27Z,adservice,redis-cart,0,0,0,0,0,0,0
2026-10-04T14:10:27Z,adservice,shippingservice,0,0,0,0,0,0,0
2026-10-04T14:10:27Z,cartservice,adservice,0,0,0,0,0,0,0
2026-10-04T14:10:27Z,cartservice,cartservice,0,0,0,0,0,0,0
2026-10-04T14:10:27Z,cartservice,checkoutservice,0,0,0,0,0,0,0
2026-10-04T14:10:27Z,cartservice,currencyservice,0,0,0,0,0,0,0
2026-10-04T14:10:27Z,cartservice,emailservice,0,0,0,0,0,0,0
2026-10-04T14:10:27Z,cartservice,frontend,0,0,0,0,0,0,0
2026-10-04T14:10:27Z,cartservice,kubernetes,0,0,0,0,0,0,0
2026-10-04T14:10:27Z,cartservice,paymentservice,0,0,0,0,0,0,0
2026-10-04T14:10:27Z,cartservice,productcatalogservice,0,0,0,0,0,0,0
2026-10-04T14:10:27Z,cartservice,recommendationservice,0,0,0,0,0,0,0
2026-10-04T14:10:27Z,cartservice,redis-cart,2,0,0,0,0,0,0
2026-10-04T14:10:27Z,cartservice,shippingservice,0,0,0,0,0,0,0
2026-10-04T14:10:27Z,checkoutservice,adservice,0,0,0,0,0,0,0
2026-10-04T14:10:27Z,checkoutservice,cartservice,62318,61387,0,100,0,708243,61367
2026-10-04T14:10:27Z,checkoutservice,checkoutservice,0,0,0,0,0,0,0
2026-10-04T14:10:27Z,checkoutservice,currencyservice,42556,42556,0,0,0,571290,42553
2026-10-04T14:10:27Z,checkoutservice,emailservice,13793,13505,0,66,0,450538,13487
2026-10-04T14:10:27Z,checkoutservice,frontend,0,0,0,0,0,0,0
2026-10-04T14:10:27Z,checkoutservice,kubernetes,0,0,0,0,0,0,0
2026-10-04T14:10:27Z,checkoutservice,paymentservice,35822,33974,0,192,0,440682,33819
2026-10-04T14:10:27Z,checkoutservice,productcatalogservice,0,0,0,0,0,0,0
2026-10-04T14:10:27Z,checkoutservice,recommendationservice,0,0,0,0,0,0,0
2026-10-04T14:10:27Z,checkoutservice,redis-cart,0,0,0,0,0,0,0
2026-10-04T14:10:27Z,checkoutservice,shippingservice,67629,65526,0,154,0,516352,65513
2026-10-04T14:10:27Z,currencyservice,adservice,0,0,0,0,0,0,0
2026-10-04T14:10:27Z,currencyservice,cartservice,0,0,0,0,0,0,0
2026-10-04T14:10:27Z,currencyservice,checkoutservice,0,0,0,0,0,0,0
2026-10-04T14:10:27Z,currencyservice,currencyservice,0,0,0,0,0,0,0
2026-10-04T14:10:27Z,currencyservice,emailservice,0,0,0,0,0,0,0
2026-10-04T14:10:27Z,currencyservice,frontend,0,0,0,0,0,0,0
2026-10-04T14:10:27Z,currencyservice,kubernetes,0,0,0,0,0,0,0
2026-10-04T14:10:27Z,currencyservice,paymentservice,0,0,0,0,0,0,0
2026-10-04T14:10:27Z,currencyservice,productcatalogservice,0,0,0,0,0,0,0
2026-10-04T14:10:27Z,currencyservice,recommendationservice,0,0,0,0,0,0,0
2026-10-04T14:10:27Z,currencyservice,redis-cart,0,0,0,0,0,0,0
2026-10-04T14:10:27Z,currencyservice,shippingservice,0,0,0,0,0,0,0
2026-10-04T14:10:27Z,emailservice,adservice,0,0,0,0,0,0,0
2026-10-04T14:10:27Z,emailservice,cartservice,0,0,0,0,0,0,0
2026-10-04T14:10:27Z,emailservice,checkoutservice,0,0,0,0,0,0,0
2026-10-04T14:10:27Z,emailservice,currencyservice,0,0,0,0,0,0,0
2026-10-04T14:10:27Z,emailservice,emailservice,0,0,0,0,0,0,0
2026-10-04T14:10:27Z,emailservice,frontend,0,0,0,0,0,0,0
2026-10-04T14:10:27Z,emailservice,kubernetes,0,0,0,0,0,0,0
2026-10-04T14:10:27Z,emailservice,paymentservice,0,0,0,0,0,0,0
2026-10-04T14:10:27Z,emailservice,productcatalogservice,0,0,0,0,0,0,0
2026-10-04T14:10:27Z,emailservice,recommendationservice,0,0,0,0,0,0,0
2026-10-04T14:10:27Z,emailservice,redis-cart,0,0,0,0,0,0,0
2026-10-04T14:10:27Z,emailservice,shippingservice,0,0,0,0,0,0,0
2026-10-04T14:10:27Z,frontend,adservice,852405,852403,0,0,0,2567320,851929
2026-10-04T14:10:27Z,frontend,cartservice,1901906,1901893,0,0,4,10515654,1900494
2026-10-04T14:10:27Z,frontend,checkoutservice,401556,191581,0,40061,169946,62884872,191395
2026-10-04T14:10:27Z,frontend,currencyservice,3022500,3022491,0,0,0,15901833,3020288
2026-10-04T14:10:27Z,frontend,emailservice,0,0,0,0,0,0,0
2026-10-04T14:10:27Z,frontend,frontend,0,0,0,0,0,0,0
2026-10-04T14:10:27Z,frontend,kubernetes,0,0,0,0,0,0,0
2026-10-04T14:10:27Z,frontend,paymentservice,0,0,0,0,0,0,0
2026-10-04T14:10:27Z,frontend,productcatalogservice,8465395,8465316,0,0,0,57763834,8460080
2026-10-04T14:10:27Z,frontend,recommendationservice,2770665,1679192,0,114929,973997,840202056,1678013
2026-10-04T14:10:27Z,frontend,redis-cart,0,0,0,0,0,0,0
2026-10-04T14:10:27Z,frontend,shippingservice,312520,312518,0,0,0,945514,312351
2026-10-04T14:10:27Z,paymentservice,adservice,0,0,0,0,0,0,0
2026-10-04T14:10:27Z,paymentservice,cartservice,0,0,0,0,0,0,0
2026-10-04T14:10:27Z,paymentservice,checkoutservice,0,0,0,0,0,0,0
2026-10-04T14:10:27Z,paymentservice,currencyservice,0,0,0,0,0,0,0
2026-10-04T14:10:27Z,paymentservice,emailservice,0,0,0,0,0,0,0
2026-10-04T14:10:27Z,paymentservice,frontend,0,0,0,0,0,0,0
2026-10-04T14:10:27Z,paymentservice,kubernetes,0,0,0,0,0,0,0
2026-10-04T14:10:27Z,paymentservice,paymentservice,0,0,0,0,0,0,0
2026-10-04T14:10:27Z,paymentservice,productcatalogservice,0,0,0,0,0,0,0
2026-10-04T14:10:27Z,paymentservice,recommendationservice,0,0,0,0,0,0,0
2026-10-04T14:10:27Z,paymentservice,redis-cart,0,0,0,0,0,0,0
2026-10-04T14:10:27Z,paymentservice,shippingservice,0,0,0,0,0,0,0
2026-10-04T14:10:27Z,productcatalogservice,adservice,0,0,0,0,0,0,0
2026-10-04T14:10:27Z,productcatalogservice,cartservice,0,0,0,0,0,0,0
2026-10-04T14:10:27Z,productcatalogservice,checkoutservice,0,0,0,0,0,0,0
2026-10-04T14:10:27Z,productcatalogservice,currencyservice,0,0,0,0,0,0,0
2026-10-04T14:10:27Z,productcatalogservice,emailservice,0,0,0,0,0,0,0
2026-10-04T14:10:27Z,productcatalogservice,frontend,0,0,0,0,0,0,0
2026-10-04T14:10:27Z,productcatalogservice,kubernetes,0,0,0,0,0,0,0
2026-10-04T14:10:27Z,productcatalogservice,paymentservice,0,0,0,0,0,0,0
2026-10-04T14:10:27Z,productcatalogservice,productcatalogservice,0,0,0,0,0,0,0
2026-10-04T14:10:27Z,productcatalogservice,recommendationservice,0,0,0,0,0,0,0
2026-10-04T14:10:27Z,productcatalogservice,redis-cart,0,0,0,0,0,0,0
2026-10-04T14:10:27Z,productcatalogservice,shippingservice,0,0,0,0,0,0,0
2026-10-04T14:10:27Z,recommendationservice,adservice,0,0,0,0,0,0,0
2026-10-04T14:10:27Z,recommendationservice,cartservice,0,0,0,0,0,0,0
2026-10-04T14:10:27Z,recommendationservice,checkoutservice,0,0,0,0,0,0,0
2026-10-04T14:10:27Z,recommendationservice,currencyservice,0,0,0,0,0,0,0
2026-10-04T14:10:27Z,recommendationservice,emailservice,0,0,0,0,0,0,0
2026-10-04T14:10:27Z,recommendationservice,frontend,0,0,0,0,0,0,0
2026-10-04T14:10:27Z,recommendationservice,kubernetes,0,0,0,0,0,0,0
2026-10-04T14:10:27Z,recommendationservice,paymentservice,0,0,0,0,0,0,0
2026-10-04T14:10:27Z,recommendationservice,productcatalogservice,172514,172512,0,0,0,1169060,171639
2026-10-04T14:10:27Z,recommendationservice,recommendationservice,0,0,0,0,0,0,0
2026-10-04T14:10:27Z,recommendationservice,redis-cart,0,0,0,0,0,0,0
2026-10-04T14:10:27Z,recommendationservice,shippingservice,0,0,0,0,0,0,0
2026-10-04T14:10:27Z,redis-cart,adservice,0,0,0,0,0,0,0
2026-10-04T14:10:27Z,redis-cart,cartservice,0,0,0,0,0,0,0
2026-10-04T14:10:27Z,redis-cart,checkoutservice,0,0,0,0,0,0,0
2026-10-04T14:10:27Z,redis-cart,currencyservice,0,0,0,0,0,0,0
2026-10-04T14:10:27Z,redis-cart,emailservice,0,0,0,0,0,0,0
2026-10-04T14:10:27Z,redis-cart,frontend,0,0,0,0,0,0,0
2026-10-04T14:10:27Z,redis-cart,kubernetes,0,0,0,0,0,0,0
2026-10-04T14:10:27Z,redis-cart,paymentservice,0,0,0,0,0,0,0
2026-10-04T14:10:27Z,redis-cart,productcatalogservice,0,0,0,0,0,0,0
2026-10-04T14:10:27Z,redis-cart,recommendationservice,0,0,0,0,0,0,0
2026-10-04T14:10:27Z,redis-cart,redis-cart,0,0,0,0,0,0,0
2026-10-04T14:10:27Z,redis-cart,shippingservice,0,0,0,0,0,0,0
2026-10-04T14:10:27Z,shippingservice,adservice,0,0,0,0,0,0,0
2026-10-04T14:10:27Z,shippingservice,cartservice,0,0,0,0,0,0,0
2026-10-04T14:10:27Z,shippingservice,checkoutservice,0,0,0,0,0,0,0
2026-10-04T14:10:27Z,shippingservice,currencyservice,0,0,0,0,0,0,0
2026-10-04T14:10:27Z,shippingservice,emailservice,0,0,0,0,0,0,0
2026-10-04T14:10:27Z,shippingservice,frontend,0,0,0,0,0,0,0
2026-10-04T14:10:27Z,shippingservice,kubernetes,0,0,0,0,0,0,0
2026-10-04T14:10:27Z,shippingservice,paymentservice,0,0,0,0,0,0,0
2026-10-04T14:10:27Z,shippingservice,productcatalogservice,0,0,0,0,0,0,0
2026-10-04T14:10:27Z,shippingservice,recommendationservice,0,0,0,0,0,0,0
2026-10-04T14:10:27Z,shippingservice,redis-cart,0,0,0,0,0,0,0
2026-10-04T14:10:27Z,shippingservice,shippingservice,0,0,0,0,0,0,0
2026-10-04T14:10:28Z,adservice,adservice,0,0,0,0,0,0,0
2026-10-04T14:10:28Z,adservice,cartservice,0,0,0,0,0,0,0
2026-10-04T14:10:28Z,adservice,checkoutservice,0,0,0,0,0,0,0
2026-10-04T14:10:28Z,adservice,currencyservice,0,0,0,0,0,0,0
2026-10-04T14:10:28Z,adservice,emailservice,0,0,0,0,0,0,0
2026-10-04T14:10:28Z,adservice,frontend,0,0,0,0,0,0,0
2026-10-04T14:10:28Z,adservice,kubernetes,0,0,0,0,0,0,0
2026-10-04T14:10:28Z,adservice,paymentservice,0,0,0,0,0,0,0
2026-10-04T14:10:28Z,adservice,productcatalogservice,0,0,0,0,0,0,0
2026-10-04T14:10:28Z,adservice,recommendationservice,0,0,0,0,0,0,0
2026-10-04T14:10:28Z,adservice,redis-cart,0,0,0,0,0,0,0
2026-10-04T14:10:28Z,adservice,shippingservice,0,0,0,0,0,0,0
2026-10-04T14:10:28Z,cartservice,adservice,0,0,0,0,0,0,0
2026-10-04T14:10:28Z,cartservice,cartservice,0,0,0,0,0,0,0
2026-10-04T14:10:28Z,cartservice,checkoutservice,0,0,0,0,0,0,0
2026-10-04T14:10:28Z,cartservice,currencyservice,0,0,0,0,0,0,0
2026-10-04T14:10:28Z,cartservice,emailservice,0,0,0,0,0,0,0
2026-10-04T14:10:28Z,cartservice,frontend,0,0,0,0,0,0,0
2026-10-04T14:10:28Z,cartservice,kubernetes,0,0,0,0,0,0,0
2026-10-04T14:10:28Z,cartservice,paymentservice,0,0,0,0,0,0,0
2026-10-04T14:10:28Z,cartservice,productcatalogservice,0,0,0,0,0,0,0
2026-10-04T14:10:28Z,cartservice,recommendationservice,0,0,0,0,0,0,0
2026-10-04T14:10:28Z,cartservice,redis-cart,2,0,0,0,0,0,0
2026-10-04T14:10:28Z,cartservice,shippingservice,0,0,0,0,0,0,0
2026-10-04T14:10:28Z,checkoutservice,adservice,0,0,0,0,0,0,0
2026-10-04T14:10:28Z,checkoutservice,cartservice,62425,61494,0,100,0,708243,61367
2026-10-04T14:10:28Z,checkoutservice,checkoutservice,0,0,0,0,0,0,0
2026-10-04T14:10:28Z,checkoutservice,currencyservice,42610,42610,0,0,0,571290,42553
2026-10-04T14:10:28Z,checkoutservice,emailservice,13848,13560,0,66,0,450538,13487
2026-10-04T14:10:28Z,checkoutservice,frontend,0,0,0,0,0,0,0
2026-10-04T14:10:28Z,checkoutservice,kubernetes,0,0,0,0,0,0,0
2026-10-04T14:10:28Z,checkoutservice,paymentservice,35876,34028,0,192,0,440682,33819
2026-10-04T14:10:28Z,checkoutservice,productcatalogservice,0,0,0,0,0,0,0
2026-10-04T14:10:28Z,checkoutservice,recommendationservice,0,0,0,0,0,0,0
2026-10-04T14:10:28Z,checkoutservice,redis-cart,0,0,0,0,0,0,0
2026-10-04T14:10:28Z,checkoutservice,shippingservice,67736,65633,0,154,0,516352,65513
2026-10-04T14:10:28Z,currencyservice,adservice,0,0,0,0,0,0,0
2026-10-04T14:10:28Z,currencyservice,cartservice,0,0,0,0,0,0,0
2026-10-04T14:10:28Z,currencyservice,checkoutservice,0,0,0,0,0,0,0
2026-10-04T14:10:28Z,currencyservice,currencyservice,0,0,0,0,0,0,0
2026-10-04T14:10:28Z,currencyservice,emailservice,0,0,0,0,0,0,0
2026-10-04T14:10:28Z,currencyservice,frontend,0,0,0,0,0,0,0
2026-10-04T14:10:28Z,currencyservice,kubernetes,0,0,0,0,0,0,0
2026-10-04T14:10:28Z,currencyservice,paymentservice,0,0,0,0,0,0,0
2026-10-04T14:10:28Z,currencyservice,productcatalogservice,0,0,0,0,0,0,0
2026-10-04T14:10:28Z,currencyservice,recommendationservice,0,0,0,0,0,0,0
2026-10-04T14:10:28Z,currencyservice,redis-cart,0,0,0,0,0,0,0
2026-10-04T14:10:28Z,currencyservice,shippingservice,0,0,0,0,0,0,0
2026-10-04T14:10:28Z,emailservice,adservice,0,0,0,0,0,0,0
2026-10-04T14:10:28Z,emailservice,cartservice,0,0,0,0,0,0,0
2026-10-04T14:10:28Z,emailservice,checkoutservice,0,0,0,0,0,0,0
2026-10-04T14:10:28Z,emailservice,currencyservice,0,0,0,0,0,0,0
2026-10-04T14:10:28Z,emailservice,emailservice,0,0,0,0,0,0,0
2026-10-04T14:10:28Z,emailservice,frontend,0,0,0,0,0,0,0
2026-10-04T14:10:28Z,emailservice,kubernetes,0,0,0,0,0,0,0
2026-10-04T14:10:28Z,emailservice,paymentservice,0,0,0,0,0,0,0
2026-10-04T14:10:28Z,emailservice,productcatalogservice,0,0,0,0,0,0,0
2026-10-04T14:10:28Z,emailservice,recommendationservice,0,0,0,0,0,0,0
2026-10-04T14:10:28Z,emailservice,redis-cart,0,0,0,0,0,0,0
2026-10-04T14:10:28Z,emailservice,shippingservice,0,0,0,0,0,0,0
2026-10-04T14:10:28Z,frontend,adservice,852553,852550,0,0,0,2567761,852086
2026-10-04T14:10:28Z,frontend,cartservice,1902301,1902287,0,0,4,10517938,1900988
2026-10-04T14:10:28Z,frontend,checkoutservice,401596,191627,0,40061,169946,62892323,191457
2026-10-04T14:10:28Z,frontend,currencyservice,3023104,3023095,0,0,0,15904867,3021036
2026-10-04T14:10:28Z,frontend,emailservice,0,0,0,0,0,0,0
2026-10-04T14:10:28Z,frontend,frontend,0,0,0,0,0,0,0
2026-10-04T14:10:28Z,frontend,kubernetes,0,0,0,0,0,0,0
2026-10-04T14:10:28Z,frontend,paymentservice,0,0,0,0,0,0,0
2026-10-04T14:10:28Z,frontend,productcatalogservice,8466908,8466819,0,0,0,57774761,8461794
2026-10-04T14:10:28Z,frontend,recommendationservice,2771422,1679552,0,114966,974366,840583941,1678470
2026-10-04T14:10:28Z,frontend,redis-cart,0,0,0,0,0,0,0
2026-10-04T14:10:28Z,frontend,shippingservice,312564,312562,0,0,0,945601,312401
2026-10-04T14:10:28Z,paymentservice,adservice,0,0,0,0,0,0,0
2026-10-04T14:10:28Z,paymentservice,cartservice,0,0,0,0,0,0,0
2026-10-04T14:10:28Z,paymentservice,checkoutservice,0,0,0,0,0,0,0
2026-10-04T14:10:28Z,paymentservice,currencyservice,0,0,0,0,0,0,0
2026-10-04T14:10:28Z,paymentservice,emailservice,0,0,0,0,0,0,0
2026-10-04T14:10:28Z,paymentservice,frontend,0,0,0,0,0,0,0
2026-10-04T14:10:28Z,paymentservice,kubernetes,0,0,0,0,0,0,0
2026-10-04T14:10:28Z,paymentservice,paymentservice,0,0,0,0,0,0,0
2026-10-04T14:10:28Z,paymentservice,productcatalogservice,0,0,0,0,0,0,0
2026-10-04T14:10:28Z,paymentservice,recommendationservice,0,0,0,0,0,0,0
2026-10-04T14:10:28Z,paymentservice,redis-cart,0,0,0,0,0,0,0
2026-10-04T14:10:28Z,paymentservice,shippingservice,0,0,0,0,0,0,0
2026-10-04T14:10:28Z,productcatalogservice,adservice,0,0,0,0,0,0,0
2026-10-04T14:10:28Z,productcatalogservice,cartservice,0,0,0,0,0,0,0
2026-10-04T14:10:28Z,productcatalogservice,checkoutservice,0,0,0,0,0,0,0
2026-10-04T14:10:28Z,productcatalogservice,currencyservice,0,0,0,0,0,0,0
2026-10-04T14:10:28Z,productcatalogservice,emailservice,0,0,0,0,0,0,0
2026-10-04T14:10:28Z,productcatalogservice,frontend,0,0,0,0,0,0,0
2026-10-04T14:10:28Z,productcatalogservice,kubernetes,0,0,0,0,0,0,0
2026-10-04T14:10:28Z,productcatalogservice,paymentservice,0,0,0,0,0,0,0
2026-10-04T14:10:28Z,productcatalogservice,productcatalogservice,0,0,0,0,0,0,0
2026-10-04T14:10:28Z,productcatalogservice,recommendationservice,0,0,0,0,0,0,0
2026-10-04T14:10:28Z,productcatalogservice,redis-cart,0,0,0,0,0,0,0
2026-10-04T14:10:28Z,productcatalogservice,shippingservice,0,0,0,0,0,0,0
2026-10-04T14:10:28Z,recommendationservice,adservice,0,0,0,0,0,0,0
2026-10-04T14:10:28Z,recommendationservice,cartservice,0,0,0,0,0,0,0
2026-10-04T14:10:28Z,recommendationservice,checkoutservice,0,0,0,0,0,0,0
2026-10-04T14:10:28Z,recommendationservice,currencyservice,0,0,0,0,0,0,0
2026-10-04T14:10:28Z,recommendationservice,emailservice,0,0,0,0,0,0,0
2026-10-04T14:10:28Z,recommendationservice,frontend,0,0,0,0,0,0,0
2026-10-04T14:10:28Z,recommendationservice,kubernetes,0,0,0,0,0,0,0
2026-10-04T14:10:28Z,recommendationservice,paymentservice,0,0,0,0,0,0,0
2026-10-04T14:10:28Z,recommendationservice,productcatalogservice,172925,172925,0,0,0,1169060,171639
2026-10-04T14:10:28Z,recommendationservice,recommendationservice,0,0,0,0,0,0,0
2026-10-04T14:10:28Z,recommendationservice,redis-cart,0,0,0,0,0,0,0
2026-10-04T14:10:28Z,recommendationservice,shippingservice,0,0,0,0,0,0,0
2026-10-04T14:10:28Z,redis-cart,adservice,0,0,0,0,0,0,0
2026-10-04T14:10:28Z,redis-cart,cartservice,0,0,0,0,0,0,0
2026-10-04T14:10:28Z,redis-cart,checkoutservice,0,0,0,0,0,0,0
2026-10-04T14:10:28Z,redis-cart,currencyservice,0,0,0,0,0,0,0
2026-10-04T14:10:28Z,redis-cart,emailservice,0,0,0,0,0,0,0
2026-10-04T14:10:28Z,redis-cart,frontend,0,0,0,0,0,0,0
2026-10-04T14:10:28Z,redis-cart,kubernetes,0,0,0,0,0,0,0
2026-10-04T14:10:28Z,redis-cart,paymentservice,0,0,0,0,0,0,0
2026-10-04T14:10:28Z,redis-cart,productcatalogservice,0,0,0,0,0,0,0
2026-10-04T14:10:28Z,redis-cart,recommendationservice,0,0,0,0,0,0,0
2026-10-04T14:10:28Z,redis-cart,redis-cart,0,0,0,0,0,0,0
2026-10-04T14:10:28Z,redis-cart,shippingservice,0,0,0,0,0,0,0
2026-10-04T14:10:28Z,shippingservice,adservice,0,0,0,0,0,0,0
2026-10-04T14:10:28Z,shippingservice,cartservice,0,0,0,0,0,0,0
2026-10-04T14:10:28Z,shippingservice,checkoutservice,0,0,0,0,0,0,0
2026-10-04T14:10:28Z,shippingservice,currencyservice,0,0,0,0,0,0,0
2026-10-04T14:10:28Z,shippingservice,emailservice,0,0,0,0,0,0,0
2026-10-04T14:10:28Z,shippingservice,frontend,0,0,0,0,0,0,0
2026-10-04T14:10:28Z,shippingservice,kubernetes,0,0,0,0,0,0,0
2026-10-04T14:10:28Z,shippingservice,paymentservice,0,0,0,0,0,0,0
2026-10-04T14:10:28Z,shippingservice,productcatalogservice,0,0,0,0,0,0,0
2026-10-04T14:10:28Z,shippingservice,recommendationservice,0,0,0,0,0,0,0
2026-10-04T14:10:28Z,shippingservice,redis-cart,0,0,0,0,0,0,0
2026-10-04T14:10:28Z,shippingservice,shippingservice,0,0,0,0,0,0,0
2026-10-04T14:10:29Z,adservice,adservice,0,0,0,0,0,0,0
2026-10-04T14:10:29Z,adservice,cartservice,0,0,0,0,0,0,0
2026-10-04T14:10:29Z,adservice,checkoutservice,0,0,0,0,0,0,0
2026-10-04T14:10:29Z,adservice,currencyservice,0,0,0,0,0,0,0
2026-10-04T14:10:29Z,adservice,emailservice,0,0,0,0,0,0,0
2026-10-04T14:10:29Z,adservice,frontend,0,0,0,0,0,0,0
2026-10-04T14:10:29Z,adservice,kubernetes,0,0,0,0,0,0,0
2026-10-04T14:10:29Z,adservice,paymentservice,0,0,0,0,0,0,0
2026-10-04T14:10:29Z,adservice,productcatalogservice,0,0,0,0,0,0,0
2026-10-04T14:10:29Z,adservice,recommendationservice,0,0,0,0,0,0,0
2026-10-04T14:10:29Z,adservice,redis-cart,0,0,0,0,0,0,0
2026-10-04T14:10:29Z,adservice,shippingservice,0,0,0,0,0,0,0
2026-10-04T14:10:29Z,cartservice,adservice,0,0,0,0,0,0,0
2026-10-04T14:10:29Z,cartservice,cartservice,0,0,0,0,0,0,0
2026-10-04T14:10:29Z,cartservice,checkoutservice,0,0,0,0,0,0,0
2026-10-04T14:10:29Z,cartservice,currencyservice,0,0,0,0,0,0,0
2026-10-04T14:10:29Z,cartservice,emailservice,0,0,0,0,0,0,0
2026-10-04T14:10:29Z,cartservice,frontend,0,0,0,0,0,0,0
2026-10-04T14:10:29Z,cartservice,kubernetes,0,0,0,0,0,0,0
2026-10-04T14:10:29Z,cartservice,paymentservice,0,0,0,0,0,0,0
2026-10-04T14:10:29Z,cartservice,productcatalogservice,0,0,0,0,0,0,0
2026-10-04T14:10:29Z,cartservice,recommendationservice,0,0,0,0,0,0,0
2026-10-04T14:10:29Z,cartservice,redis-cart,2,0,0,0,0,0,0
2026-10-04T14:10:29Z,cartservice,shippingservice,0,0,0,0,0,0,0
2026-10-04T14:10:29Z,checkoutservice,adservice,0,0,0,0,0,0,0
2026-10-04T14:10:29Z,checkoutservice,cartservice,62504,61573,0,100,0,708243,61367
2026-10-04T14:10:29Z,checkoutservice,checkoutservice,0,0,0,0,0,0,0
2026-10-04T14:10:29Z,checkoutservice,currencyservice,42650,42650,0,0,0,571290,42553
2026-10-04T14:10:29Z,checkoutservice,emailservice,13887,13595,0,66,0,450538,13487
2026-10-04T14:10:29Z,checkoutservice,frontend,0,0,0,0,0,0,0
2026-10-04T14:10:29Z,checkoutservice,kubernetes,0,0,0,0,0,0,0
2026-10-04T14:10:29Z,checkoutservice,paymentservice,35916,34068,0,192,0,440682,33819
2026-10-04T14:10:29Z,checkoutservice,productcatalogservice,0,0,0,0,0,0,0
2026-10-04T14:10:29Z,checkoutservice,recommendationservice,0,0,0,0,0,0,0
2026-10-04T14:10:29Z,checkoutservice,redis-cart,0,0,0,0,0,0,0
2026-10-04T14:10:29Z,checkoutservice,shippingservice,67816,65713,0,154,0,516352,65513
2026-10-04T14:10:29Z,currencyservice,adservice,0,0,0,0,0,0,0
2026-10-04T14:10:29Z,currencyservice,cartservice,0,0,0,0,0,0,0
2026-10-04T14:10:29Z,currencyservice,checkoutservice,0,0,0,0,0,0,0
2026-10-04T14:10:29Z,currencyservice,currencyservice,0,0,0,0,0,0,0
2026-10-04T14:10:29Z,currencyservice,emailservice,0,0,0,0,0,0,0
2026-10-04T14:10:29Z,currencyservice,frontend,0,0,0,0,0,0,0
2026-10-04T14:10:29Z,currencyservice,kubernetes,0,0,0,0,0,0,0
2026-10-04T14:10:29Z,currencyservice,paymentservice,0,0,0,0,0,0,0
2026-10-04T14:10:29Z,currencyservice,productcatalogservice,0,0,0,0,0,0,0
2026-10-04T14:10:29Z,currencyservice,recommendationservice,0,0,0,0,0,0,0
2026-10-04T14:10:29Z,currencyservice,redis-cart,0,0,0,0,0,0,0
2026-10-04T14:10:29Z,currencyservice,shippingservice,0,0,0,0,0,0,0
2026-10-04T14:10:29Z,emailservice,adservice,0,0,0,0,0,0,0
2026-10-04T14:10:29Z,emailservice,cartservice,0,0,0,0,0,0,0
2026-10-04T14:10:29Z,emailservice,checkoutservice,0,0,0,0,0,0,0
2026-10-04T14:10:29Z,emailservice,currencyservice,0,0,0,0,0,0,0
2026-10-04T14:10:29Z,emailservice,emailservice,0,0,0,0,0,0,0
2026-10-04T14:10:29Z,emailservice,frontend,0,0,0,0,0,0,0
2026-10-04T14:10:29Z,emailservice,kubernetes,0,0,0,0,0,0,0
2026-10-04T14:10:29Z,emailservice,paymentservice,0,0,0,0,0,0,0
2026-10-04T14:10:29Z,emailservice,productcatalogservice,0,0,0,0,0,0,0
2026-10-04T14:10:29Z,emailservice,recommendationservice,0,0,0,0,0,0,0
2026-10-04T14:10:29Z,emailservice,redis-cart,0,0,0,0,0,0,0
2026-10-04T14:10:29Z,emailservice,shippingservice,0,0,0,0,0,0,0
2026-10-04T14:10:29Z,frontend,adservice,852663,852661,0,0,0,2568976,852454
2026-10-04T14:10:29Z,frontend,cartservice,1902680,1902666,0,0,4,10522574,1902021
2026-10-04T14:10:29Z,frontend,checkoutservice,401633,191665,0,40061,169946,62905513,191581
2026-10-04T14:10:29Z,frontend,currencyservice,3023663,3023655,0,0,0,15910973,3022665
2026-10-04T14:10:29Z,frontend,emailservice,0,0,0,0,0,0,0
2026-10-04T14:10:29Z,frontend,frontend,0,0,0,0,0,0,0
2026-10-04T14:10:29Z,frontend,kubernetes,0,0,0,0,0,0,0
2026-10-04T14:10:29Z,frontend,paymentservice,0,0,0,0,0,0,0
2026-10-04T14:10:29Z,frontend,productcatalogservice,8468061,8467992,0,0,0,57795662,8465670
2026-10-04T14:10:29Z,frontend,recommendationservice,2772195,1679846,0,115011,974782,841270331,1679306
2026-10-04T14:10:29Z,frontend,redis-cart,0,0,0,0,0,0,0
2026-10-04T14:10:29Z,frontend,shippingservice,312601,312599,0,0,0,945915,312525
2026-10-04T14:10:29Z,paymentservice,adservice,0,0,0,0,0,0,0
2026-10-04T14:10:29Z,paymentservice,cartservice,0,0,0,0,0,0,0
2026-10-04T14:10:29Z,paymentservice,checkoutservice,0,0,0,0,0,0,0
2026-10-04T14:10:29Z,paymentservice,currencyservice,0,0,0,0,0,0,0
2026-10-04T14:10:29Z,paymentservice,emailservice,0,0,0,0,0,0,0
2026-10-04T14:10:29Z,paymentservice,frontend,0,0,0,0,0,0,0
2026-10-04T14:10:29Z,paymentservice,kubernetes,0,0,0,0,0,0,0
2026-10-04T14:10:29Z,paymentservice,paymentservice,0,0,0,0,0,0,0
2026-10-04T14:10:29Z,paymentservice,productcatalogservice,0,0,0,0,0,0,0
2026-10-04T14:10:29Z,paymentservice,recommendationservice,0,0,0,0,0,0,0
2026-10-04T14:10:29Z,paymentservice,redis-cart,0,0,0,0,0,0,0
2026-10-04T14:10:29Z,paymentservice,shippingservice,0,0,0,0,0,0,0
2026-10-04T14:10:29Z,productcatalogservice,adservice,0,0,0,0,0,0,0
2026-10-04T14:10:29Z,productcatalogservice,cartservice,0,0,0,0,0,0,0
2026-10-04T14:10:29Z,productcatalogservice,checkoutservice,0,0,0,0,0,0,0
2026-10-04T14:10:29Z,productcatalogservice,currencyservice,0,0,0,0,0,0,0
2026-10-04T14:10:29Z,productcatalogservice,emailservice,0,0,0,0,0,0,0
2026-10-04T14:10:29Z,productcatalogservice,frontend,0,0,0,0,0,0,0
2026-10-04T14:10:29Z,productcatalogservice,kubernetes,0,0,0,0,0,0,0
2026-10-04T14:10:29Z,productcatalogservice,paymentservice,0,0,0,0,0,0,0
2026-10-04T14:10:29Z,productcatalogservice,productcatalogservice,0,0,0,0,0,0,0
2026-10-04T14:10:29Z,productcatalogservice,recommendationservice,0,0,0,0,0,0,0
2026-10-04T14:10:29Z,productcatalogservice,redis-cart,0,0,0,0,0,0,0
2026-10-04T14:10:29Z,productcatalogservice,shippingservice,0,0,0,0,0,0,0
2026-10-04T14:10:29Z,recommendationservice,adservice,0,0,0,0,0,0,0
2026-10-04T14:10:29Z,recommendationservice,cartservice,0,0,0,0,0,0,0
2026-10-04T14:10:29Z,recommendationservice,checkoutservice,0,0,0,0,0,0,0
2026-10-04T14:10:29Z,recommendationservice,currencyservice,0,0,0,0,0,0,0
2026-10-04T14:10:29Z,recommendationservice,emailservice,0,0,0,0,0,0,0
2026-10-04T14:10:29Z,recommendationservice,frontend,0,0,0,0,0,0,0
2026-10-04T14:10:29Z,recommendationservice,kubernetes,0,0,0,0,0,0,0
2026-10-04T14:10:29Z,recommendationservice,paymentservice,0,0,0,0,0,0,0
2026-10-04T14:10:29Z,recommendationservice,productcatalogservice,173322,173320,0,0,0,1169060,171639
2026-10-04T14:10:29Z,recommendationservice,recommendationservice,0,0,0,0,0,0,0
2026-10-04T14:10:29Z,recommendationservice,redis-cart,0,0,0,0,0,0,0
2026-10-04T14:10:29Z,recommendationservice,shippingservice,0,0,0,0,0,0,0
2026-10-04T14:10:29Z,redis-cart,adservice,0,0,0,0,0,0,0
2026-10-04T14:10:29Z,redis-cart,cartservice,0,0,0,0,0,0,0
2026-10-04T14:10:29Z,redis-cart,checkoutservice,0,0,0,0,0,0,0
2026-10-04T14:10:29Z,redis-cart,currencyservice,0,0,0,0,0,0,0
2026-10-04T14:10:29Z,redis-cart,emailservice,0,0,0,0,0,0,0
2026-10-04T14:10:29Z,redis-cart,frontend,0,0,0,0,0,0,0
2026-10-04T14:10:29Z,redis-cart,kubernetes,0,0,0,0,0,0,0
2026-10-04T14:10:29Z,redis-cart,paymentservice,0,0,0,0,0,0,0
2026-10-04T14:10:29Z,redis-cart,productcatalogservice,0,0,0,0,0,0,0
2026-10-04T14:10:29Z,redis-cart,recommendationservice,0,0,0,0,0,0,0
2026-10-04T14:10:29Z,redis-cart,redis-cart,0,0,0,0,0,0,0
2026-10-04T14:10:29Z,redis-cart,shippingservice,0,0,0,0,0,0,0
2026-10-04T14:10:29Z,shippingservice,adservice,0,0,0,0,0,0,0
2026-10-04T14:10:29Z,shippingservice,cartservice,0,0,0,0,0,0,0
2026-10-04T14:10:29Z,shippingservice,checkoutservice,0,0,0,0,0,0,0
2026-10-04T14:10:29Z,shippingservice,currencyservice,0,0,0,0,0,0,0
2026-10-04T14:10:29Z,shippingservice,emailservice,0,0,0,0,0,0,0
2026-10-04T14:10:29Z,shippingservice,frontend,0,0,0,0,0,0,0
2026-10-04T14:10:29Z,shippingservice,kubernetes,0,0,0,0,0,0,0
2026-10-04T14:10:29Z,shippingservice,paymentservice,0,0,0,0,0,0,0
2026-10-04T14:10:29Z,shippingservice,productcatalogservice,0,0,0,0,0,0,0
2026-10-04T14:10:29Z,shippingservice,recommendationservice,0,0,0,0,0,0,0
2026-10-04T14:10:29Z,shippingservice,redis-cart,0,0,0,0,0,0,0
2026-10-04T14:10:29Z,shippingservice,shippingservice,0,0,0,0,0,0,0
2026-10-04T14:10:30Z,adservice,adservice,0,0,0,0,0,0,0
2026-10-04T14:10:30Z,adservice,cartservice,0,0,0,0,0,0,0
2026-10-04T14:10:30Z,adservice,checkoutservice,0,0,0,0,0,0,0
2026-10-04T14:10:30Z,adservice,currencyservice,0,0,0,0,0,0,0
2026-10-04T14:10:30Z,adservice,emailservice,0,0,0,0,0,0,0
2026-10-04T14:10:30Z,adservice,frontend,0,0,0,0,0,0,0
2026-10-04T14:10:30Z,adservice,kubernetes,0,0,0,0,0,0,0
2026-10-04T14:10:30Z,adservice,paymentservice,0,0,0,0,0,0,0
2026-10-04T14:10:30Z,adservice,productcatalogservice,0,0,0,0,0,0,0
2026-10-04T14:10:30Z,adservice,recommendationservice,0,0,0,0,0,0,0
2026-10-04T14:10:30Z,adservice,redis-cart,0,0,0,0,0,0,0
2026-10-04T14:10:30Z,adservice,shippingservice,0,0,0,0,0,0,0
2026-10-04T14:10:30Z,cartservice,adservice,0,0,0,0,0,0,0
2026-10-04T14:10:30Z,cartservice,cartservice,0,0,0,0,0,0,0
2026-10-04T14:10:30Z,cartservice,checkoutservice,0,0,0,0,0,0,0
2026-10-04T14:10:30Z,cartservice,currencyservice,0,0,0,0,0,0,0
2026-10-04T14:10:30Z,cartservice,emailservice,0,0,0,0,0,0,0
2026-10-04T14:10:30Z,cartservice,frontend,0,0,0,0,0,0,0
2026-10-04T14:10:30Z,cartservice,kubernetes,0,0,0,0,0,0,0
2026-10-04T14:10:30Z,cartservice,paymentservice,0,0,0,0,0,0,0
2026-10-04T14:10:30Z,cartservice,productcatalogservice,0,0,0,0,0,0,0
2026-10-04T14:10:30Z,cartservice,recommendationservice,0,0,0,0,0,0,0
2026-10-04T14:10:30Z,cartservice,redis-cart,2,0,0,0,0,0,0
2026-10-04T14:10:30Z,cartservice,shippingservice,0,0,0,0,0,0,0
2026-10-04T14:10:30Z,checkoutservice,adservice,0,0,0,0,0,0,0
2026-10-04T14:10:30Z,checkoutservice,cartservice,62572,61641,0,100,0,708243,61367
2026-10-04T14:10:30Z,checkoutservice,checkoutservice,0,0,0,0,0,0,0
2026-10-04T14:10:30Z,checkoutservice,currencyservice,42685,42685,0,0,0,571290,42553
2026-10-04T14:10:30Z,checkoutservice,emailservice,13917,13628,0,66,0,450538,13487
2026-10-04T14:10:30Z,checkoutservice,frontend,0,0,0,0,0,0,0
2026-10-04T14:10:30Z,checkoutservice,kubernetes,0,0,0,0,0,0,0
2026-10-04T14:10:30Z,checkoutservice,paymentservice,35948,34100,0,192,0,440682,33819
2026-10-04T14:10:30Z,checkoutservice,productcatalogservice,0,0,0,0,0,0,0
2026-10-04T14:10:30Z,checkoutservice,recommendationservice,0,0,0,0,0,0,0
2026-10-04T14:10:30Z,checkoutservice,redis-cart,0,0,0,0,0,0,0
2026-10-04T14:10:30Z,checkoutservice,shippingservice,67883,65780,0,154,0,516352,65513
2026-10-04T14:10:30Z,currencyservice,adservice,0,0,0,0,0,0,0
2026-10-04T14:10:30Z,currencyservice,cartservice,0,0,0,0,0,0,0
2026-10-04T14:10:30Z,currencyservice,checkoutservice,0,0,0,0,0,0,0
2026-10-04T14:10:30Z,currencyservice,currencyservice,0,0,0,0,0,0,0
2026-10-04T14:10:30Z,currencyservice,emailservice,0,0,0,0,0,0,0
2026-10-04T14:10:30Z,currencyservice,frontend,0,0,0,0,0,0,0
2026-10-04T14:10:30Z,currencyservice,kubernetes,0,0,0,0,0,0,0
2026-10-04T14:10:30Z,currencyservice,paymentservice,0,0,0,0,0,0,0
2026-10-04T14:10:30Z,currencyservice,productcatalogservice,0,0,0,0,0,0,0
2026-10-04T14:10:30Z,currencyservice,recommendationservice,0,0,0,0,0,0,0
2026-10-04T14:10:30Z,currencyservice,redis-cart,0,0,0,0,0,0,0
2026-10-04T14:10:30Z,currencyservice,shippingservice,0,0,0,0,0,0,0
2026-10-04T14:10:30Z,emailservice,adservice,0,0,0,0,0,0,0
2026-10-04T14:10:30Z,emailservice,cartservice,0,0,0,0,0,0,0
2026-10-04T14:10:30Z,emailservice,checkoutservice,0,0,0,0,0,0,0
2026-10-04T14:10:30Z,emailservice,currencyservice,0,0,0,0,0,0,0
2026-10-04T14:10:30Z,emailservice,emailservice,0,0,0,0,0,0,0
2026-10-04T14:10:30Z,emailservice,frontend,0,0,0,0,0,0,0
2026-10-04T14:10:30Z,emailservice,kubernetes,0,0,0,0,0,0,0
2026-10-04T14:10:30Z,emailservice,paymentservice,0,0,0,0,0,0,0
2026-10-04T14:10:30Z,emailservice,productcatalogservice,0,0,0,0,0,0,0
2026-10-04T14:10:30Z,emailservice,recommendationservice,0,0,0,0,0,0,0
2026-10-04T14:10:30Z,emailservice,redis-cart,0,0,0,0,0,0,0
2026-10-04T14:10:30Z,emailservice,shippingservice,0,0,0,0,0,0,0
2026-10-04T14:10:30Z,frontend,adservice,852769,852766,0,0,0,2569262,852584
2026-10-04T14:10:30Z,frontend,cartservice,1903060,1903044,0,0,4,10524433,1902419
2026-10-04T14:10:30Z,frontend,checkoutservice,401674,191703,0,40061,169946,62911846,191635
2026-10-04T14:10:30Z,frontend,currencyservice,3024248,3024240,0,0,0,15913359,3023284
2026-10-04T14:10:30Z,frontend,emailservice,0,0,0,0,0,0,0
2026-10-04T14:10:30Z,frontend,frontend,0,0,0,0,0,0,0
2026-10-04T14:10:30Z,frontend,kubernetes,0,0,0,0,0,0,0
2026-10-04T14:10:30Z,frontend,paymentservice,0,0,0,0,0,0,0
2026-10-04T14:10:30Z,frontend,productcatalogservice,8469320,8469250,0,0,0,57805117,8467129
2026-10-04T14:10:30Z,frontend,recommendationservice,2772980,1680178,0,115063,975188,841550891,1679634
2026-10-04T14:10:30Z,frontend,redis-cart,0,0,0,0,0,0,0
2026-10-04T14:10:30Z,frontend,shippingservice,312641,312638,0,0,0,946041,312572
2026-10-04T14:10:30Z,paymentservice,adservice,0,0,0,0,0,0,0
2026-10-04T14:10:30Z,paymentservice,cartservice,0,0,0,0,0,0,0
2026-10-04T14:10:30Z,paymentservice,checkoutservice,0,0,0,0,0,0,0
2026-10-04T14:10:30Z,paymentservice,currencyservice,0,0,0,0,0,0,0
2026-10-04T14:10:30Z,paymentservice,emailservice,0,0,0,0,0,0,0
2026-10-04T14:10:30Z,paymentservice,frontend,0,0,0,0,0,0,0
2026-10-04T14:10:30Z,paymentservice,kubernetes,0,0,0,0,0,0,0
2026-10-04T14:10:30Z,paymentservice,paymentservice,0,0,0,0,0,0,0
2026-10-04T14:10:30Z,paymentservice,productcatalogservice,0,0,0,0,0,0,0
2026-10-04T14:10:30Z,paymentservice,recommendationservice,0,0,0,0,0,0,0
2026-10-04T14:10:30Z,paymentservice,redis-cart,0,0,0,0,0,0,0
2026-10-04T14:10:30Z,paymentservice,shippingservice,0,0,0,0,0,0,0
2026-10-04T14:10:30Z,productcatalogservice,adservice,0,0,0,0,0,0,0
2026-10-04T14:10:30Z,productcatalogservice,cartservice,0,0,0,0,0,0,0
2026-10-04T14:10:30Z,productcatalogservice,checkoutservice,0,0,0,0,0,0,0
2026-10-04T14:10:30Z,productcatalogservice,currencyservice,0,0,0,0,0,0,0
2026-10-04T14:10:30Z,productcatalogservice,emailservice,0,0,0,0,0,0,0
2026-10-04T14:10:30Z,productcatalogservice,frontend,0,0,0,0,0,0,0
2026-10-04T14:10:30Z,productcatalogservice,kubernetes,0,0,0,0,0,0,0
2026-10-04T14:10:30Z,productcatalogservice,paymentservice,0,0,0,0,0,0,0
2026-10-04T14:10:30Z,productcatalogservice,productcatalogservice,0,0,0,0,0,0,0
2026-10-04T14:10:30Z,productcatalogservice,recommendationservice,0,0,0,0,0,0,0
2026-10-04T14:10:30Z,productcatalogservice,redis-cart,0,0,0,0,0,0,0
2026-10-04T14:10:30Z,productcatalogservice,shippingservice,0,0,0,0,0,0,0
2026-10-04T14:10:30Z,recommendationservice,adservice,0,0,0,0,0,0,0
2026-10-04T14:10:30Z,recommendationservice,cartservice,0,0,0,0,0,0,0
2026-10-04T14:10:30Z,recommendationservice,checkoutservice,0,0,0,0,0,0,0
2026-10-04T14:10:30Z,recommendationservice,currencyservice,0,0,0,0,0,0,0
2026-10-04T14:10:30Z,recommendationservice,emailservice,0,0,0,0,0,0,0
2026-10-04T14:10:30Z,recommendationservice,frontend,0,0,0,0,0,0,0
2026-10-04T14:10:30Z,recommendationservice,kubernetes,0,0,0,0,0,0,0
2026-10-04T14:10:30Z,recommendationservice,paymentservice,0,0,0,0,0,0,0
2026-10-04T14:10:30Z,recommendationservice,productcatalogservice,173742,173740,0,0,0,1179949,173697
2026-10-04T14:10:30Z,recommendationservice,recommendationservice,0,0,0,0,0,0,0
2026-10-04T14:10:30Z,recommendationservice,redis-cart,0,0,0,0,0,0,0
2026-10-04T14:10:30Z,recommendationservice,shippingservice,0,0,0,0,0,0,0
2026-10-04T14:10:30Z,redis-cart,adservice,0,0,0,0,0,0,0
2026-10-04T14:10:30Z,redis-cart,cartservice,0,0,0,0,0,0,0
2026-10-04T14:10:30Z,redis-cart,checkoutservice,0,0,0,0,0,0,0
2026-10-04T14:10:30Z,redis-cart,currencyservice,0,0,0,0,0,0,0
2026-10-04T14:10:30Z,redis-cart,emailservice,0,0,0,0,0,0,0
2026-10-04T14:10:30Z,redis-cart,frontend,0,0,0,0,0,0,0
2026-10-04T14:10:30Z,redis-cart,kubernetes,0,0,0,0,0,0,0
2026-10-04T14:10:30Z,redis-cart,paymentservice,0,0,0,0,0,0,0
2026-10-04T14:10:30Z,redis-cart,productcatalogservice,0,0,0,0,0,0,0
2026-10-04T14:10:30Z,redis-cart,recommendationservice,0,0,0,0,0,0,0
2026-10-04T14:10:30Z,redis-cart,redis-cart,0,0,0,0,0,0,0
2026-10-04T14:10:30Z,redis-cart,shippingservice,0,0,0,0,0,0,0
2026-10-04T14:10:30Z,shippingservice,adservice,0,0,0,0,0,0,0
2026-10-04T14:10:30Z,shippingservice,cartservice,0,0,0,0,0,0,0
2026-10-04T14:10:30Z,shippingservice,checkoutservice,0,0,0,0,0,0,0
2026-10-04T14:10:30Z,shippingservice,currencyservice,0,0,0,0,0,0,0
2026-10-04T14:10:30Z,shippingservice,emailservice,0,0,0,0,0,0,0
2026-10-04T14:10:30Z,shippingservice,frontend,0,0,0,0,0,0,0
2026-10-04T14:10:30Z,shippingservice,kubernetes,0,0,0,0,0,0,0
2026-10-04T14:10:30Z,shippingservice,paymentservice,0,0,0,0,0,0,0
2026-10-04T14:10:30Z,shippingservice,productcatalogservice,0,0,0,0,0,0,0
2026-10-04T14:10:30Z,shippingservice,recommendationservice,0,0,0,0,0,0,0
2026-10-04T14:10:30Z,shippingservice,redis-cart,0,0,0,0,0,0,0
2026-10-04T14:10:30Z,shippingservice,shippingservice,0,0,0,0,0,0,0
2026-10-04T14:10:31Z,adservice,adservice,0,0,0,0,0,0,0
2026-10-04T14:10:31Z,adservice,cartservice,0,0,0,0,0,0,0
2026-10-04T14:10:31Z,adservice,checkoutservice,0,0,0,0,0,0,0
2026-10-04T14:10:31Z,adservice,currencyservice,0,0,0,0,0,0,0
2026-10-04T14:10:31Z,adservice,emailservice,0,0,0,0,0,0,0
2026-10-04T14:10:31Z,adservice,frontend,0,0,0,0,0,0,0
2026-10-04T14:10:31Z,adservice,kubernetes,0,0,0,0,0,0,0
2026-10-04T14:10:31Z,adservice,paymentservice,0,0,0,0,0,0,0
2026-10-04T14:10:31Z,adservice,productcatalogservice,0,0,0,0,0,0,0
2026-10-04T14:10:31Z,adservice,recommendationservice,0,0,0,0,0,0,0
2026-10-04T14:10:31Z,adservice,redis-cart,0,0,0,0,0,0,0
2026-10-04T14:10:31Z,adservice,shippingservice,0,0,0,0,0,0,0
2026-10-04T14:10:31Z,cartservice,adservice,0,0,0,0,0,0,0
2026-10-04T14:10:31Z,cartservice,cartservice,0,0,0,0,0,0,0
2026-10-04T14:10:31Z,cartservice,checkoutservice,0,0,0,0,0,0,0
2026-10-04T14:10:31Z,cartservice,currencyservice,0,0,0,0,0,0,0
2026-10-04T14:10:31Z,cartservice,emailservice,0,0,0,0,0,0,0
2026-10-04T14:10:31Z,cartservice,frontend,0,0,0,0,0,0,0
2026-10-04T14:10:31Z,cartservice,kubernetes,0,0,0,0,0,0,0
2026-10-04T14:10:31Z,cartservice,paymentservice,0,0,0,0,0,0,0
2026-10-04T14:10:31Z,cartservice,productcatalogservice,0,0,0,0,0,0,0
2026-10-04T14:10:31Z,cartservice,recommendationservice,0,0,0,0,0,0,0
2026-10-04T14:10:31Z,cartservice,redis-cart,2,0,0,0,0,0,0
2026-10-04T14:10:31Z,cartservice,shippingservice,0,0,0,0,0,0,0
2026-10-04T14:10:31Z,checkoutservice,adservice,0,0,0,0,0,0,0
2026-10-04T14:10:31Z,checkoutservice,cartservice,62663,61730,0,100,0,708243,61367
2026-10-04T14:10:31Z,checkoutservice,checkoutservice,0,0,0,0,0,0,0
2026-10-04T14:10:31Z,checkoutservice,currencyservice,42729,42729,0,0,0,571290,42553
2026-10-04T14:10:31Z,checkoutservice,emailservice,13964,13675,0,66,0,450538,13487
2026-10-04T14:10:31Z,checkoutservice,frontend,0,0,0,0,0,0,0
2026-10-04T14:10:31Z,checkoutservice,kubernetes,0,0,0,0,0,0,0
2026-10-04T14:10:31Z,checkoutservice,paymentservice,35995,34147,0,192,0,440682,33819
2026-10-04T14:10:31Z,checkoutservice,productcatalogservice,0,0,0,0,0,0,0
2026-10-04T14:10:31Z,checkoutservice,recommendationservice,0,0,0,0,0,0,0
2026-10-04T14:10:31Z,checkoutservice,redis-cart,0,0,0,0,0,0,0
2026-10-04T14:10:31Z,checkoutservice,shippingservice,67975,65871,0,154,0,516352,65513
2026-10-04T14:10:31Z,currencyservice,adservice,0,0,0,0,0,0,0
2026-10-04T14:10:31Z,currencyservice,cartservice,0,0,0,0,0,0,0
2026-10-04T14:10:31Z,currencyservice,checkoutservice,0,0,0,0,0,0,0
2026-10-04T14:10:31Z,currencyservice,currencyservice,0,0,0,0,0,0,0
2026-10-04T14:10:31Z,currencyservice,emailservice,0,0,0,0,0,0,0
2026-10-04T14:10:31Z,currencyservice,frontend,0,0,0,0,0,0,0
2026-10-04T14:10:31Z,currencyservice,kubernetes,0,0,0,0,0,0,0
2026-10-04T14:10:31Z,currencyservice,paymentservice,0,0,0,0,0,0,0
2026-10-04T14:10:31Z,currencyservice,productcatalogservice,0,0,0,0,0,0,0
2026-10-04T14:10:31Z,currencyservice,recommendationservice,0,0,0,0,0,0,0
2026-10-04T14:10:31Z,currencyservice,redis-cart,0,0,0,0,0,0,0
2026-10-04T14:10:31Z,currencyservice,shippingservice,0,0,0,0,0,0,0
2026-10-04T14:10:31Z,emailservice,adservice,0,0,0,0,0,0,0
2026-10-04T14:10:31Z,emailservice,cartservice,0,0,0,0,0,0,0
2026-10-04T14:10:31Z,emailservice,checkoutservice,0,0,0,0,0,0,0
2026-10-04T14:10:31Z,emailservice,currencyservice,0,0,0,0,0,0,0
2026-10-04T14:10:31Z,emailservice,emailservice,0,0,0,0,0,0,0
2026-10-04T14:10:31Z,emailservice,frontend,0,0,0,0,0,0,0
2026-10-04T14:10:31Z,emailservice,kubernetes,0,0,0,0,0,0,0
2026-10-04T14:10:31Z,emailservice,paymentservice,0,0,0,0,0,0,0
2026-10-04T14:10:31Z,emailservice,productcatalogservice,0,0,0,0,0,0,0
2026-10-04T14:10:31Z,emailservice,recommendationservice,0,0,0,0,0,0,0
2026-10-04T14:10:31Z,emailservice,redis-cart,0,0,0,0,0,0,0
2026-10-04T14:10:31Z,emailservice,shippingservice,0,0,0,0,0,0,0
2026-10-04T14:10:31Z,frontend,adservice,852868,852864,0,0,0,2569262,852584
2026-10-04T14:10:31Z,frontend,cartservice,1903412,1903398,0,0,4,10524433,1902419
2026-10-04T14:10:31Z,frontend,checkoutservice,401720,191752,0,40061,169946,62911846,191635
2026-10-04T14:10:31Z,frontend,currencyservice,3024782,3024773,0,0,0,15913359,3023284
2026-10-04T14:10:31Z,frontend,emailservice,0,0,0,0,0,0,0
2026-10-04T14:10:31Z,frontend,frontend,0,0,0,0,0,0,0
2026-10-04T14:10:31Z,frontend,kubernetes,0,0,0,0,0,0,0
2026-10-04T14:10:31Z,frontend,paymentservice,0,0,0,0,0,0,0
2026-10-04T14:10:31Z,frontend,productcatalogservice,8470470,8470401,0,0,0,57805117,8467129
2026-10-04T14:10:31Z,frontend,recommendationservice,2773754,1680447,0,115110,975621,841550891,1679634
2026-10-04T14:10:31Z,frontend,redis-cart,0,0,0,0,0,0,0
2026-10-04T14:10:31Z,frontend,shippingservice,312675,312673,0,0,0,946041,312572
2026-10-04T14:10:31Z,paymentservice,adservice,0,0,0,0,0,0,0
2026-10-04T14:10:31Z,paymentservice,cartservice,0,0,0,0,0,0,0
2026-10-04T14:10:31Z,paymentservice,checkoutservice,0,0,0,0,0,0,0
2026-10-04T14:10:31Z,paymentservice,currencyservice,0,0,0,0,0,0,0
2026-10-04T14:10:31Z,paymentservice,emailservice,0,0,0,0,0,0,0
2026-10-04T14:10:31Z,paymentservice,frontend,0,0,0,0,0,0,0
2026-10-04T14:10:31Z,paymentservice,kubernetes,0,0,0,0,0,0,0
2026-10-04T14:10:31Z,paymentservice,paymentservice,0,0,0,0,0,0,0
2026-10-04T14:10:31Z,paymentservice,productcatalogservice,0,0,0,0,0,0,0
2026-10-04T14:10:31Z,paymentservice,recommendationservice,0,0,0,0,0,0,0
2026-10-04T14:10:31Z,paymentservice,redis-cart,0,0,0,0,0,0,0
2026-10-04T14:10:31Z,paymentservice,shippingservice,0,0,0,0,0,0,0
2026-10-04T14:10:31Z,productcatalogservice,adservice,0,0,0,0,0,0,0
2026-10-04T14:10:31Z,productcatalogservice,cartservice,0,0,0,0,0,0,0
2026-10-04T14:10:31Z,productcatalogservice,checkoutservice,0,0,0,0,0,0,0
2026-10-04T14:10:31Z,productcatalogservice,currencyservice,0,0,0,0,0,0,0
2026-10-04T14:10:31Z,productcatalogservice,emailservice,0,0,0,0,0,0,0
2026-10-04T14:10:31Z,productcatalogservice,frontend,0,0,0,0,0,0,0
2026-10-04T14:10:31Z,productcatalogservice,kubernetes,0,0,0,0,0,0,0
2026-10-04T14:10:31Z,productcatalogservice,paymentservice,0,0,0,0,0,0,0
2026-10-04T14:10:31Z,productcatalogservice,productcatalogservice,0,0,0,0,0,0,0
2026-10-04T14:10:31Z,productcatalogservice,recommendationservice,0,0,0,0,0,0,0
2026-10-04T14:10:31Z,productcatalogservice,redis-cart,0,0,0,0,0,0,0
2026-10-04T14:10:31Z,productcatalogservice,shippingservice,0,0,0,0,0,0,0
2026-10-04T14:10:31Z,recommendationservice,adservice,0,0,0,0,0,0,0
2026-10-04T14:10:31Z,recommendationservice,cartservice,0,0,0,0,0,0,0
2026-10-04T14:10:31Z,recommendationservice,checkoutservice,0,0,0,0,0,0,0
2026-10-04T14:10:31Z,recommendationservice,currencyservice,0,0,0,0,0,0,0
2026-10-04T14:10:31Z,recommendationservice,emailservice,0,0,0,0,0,0,0
2026-10-04T14:10:31Z,recommendationservice,frontend,0,0,0,0,0,0,0
2026-10-04T14:10:31Z,recommendationservice,kubernetes,0,0,0,0,0,0,0
2026-10-04T14:10:31Z,recommendationservice,paymentservice,0,0,0,0,0,0,0
2026-10-04T14:10:31Z,recommendationservice,productcatalogservice,174146,174145,0,0,0,1179949,173697
2026-10-04T14:10:31Z,recommendationservice,recommendationservice,0,0,0,0,0,0,0
2026-10-04T14:10:31Z,recommendationservice,redis-cart,0,0,0,0,0,0,0
2026-10-04T14:10:31Z,recommendationservice,shippingservice,0,0,0,0,0,0,0
2026-10-04T14:10:31Z,redis-cart,adservice,0,0,0,0,0,0,0
2026-10-04T14:10:31Z,redis-cart,cartservice,0,0,0,0,0,0,0
2026-10-04T14:10:31Z,redis-cart,checkoutservice,0,0,0,0,0,0,0
2026-10-04T14:10:31Z,redis-cart,currencyservice,0,0,0,0,0,0,0
2026-10-04T14:10:31Z,redis-cart,emailservice,0,0,0,0,0,0,0
2026-10-04T14:10:31Z,redis-cart,frontend,0,0,0,0,0,0,0
2026-10-04T14:10:31Z,redis-cart,kubernetes,0,0,0,0,0,0,0
2026-10-04T14:10:31Z,redis-cart,paymentservice,0,0,0,0,0,0,0
2026-10-04T14:10:31Z,redis-cart,productcatalogservice,0,0,0,0,0,0,0
2026-10-04T14:10:31Z,redis-cart,recommendationservice,0,0,0,0,0,0,0
2026-10-04T14:10:31Z,redis-cart,redis-cart,0,0,0,0,0,0,0
2026-10-04T14:10:31Z,redis-cart,shippingservice,0,0,0,0,0,0,0
2026-10-04T14:10:31Z,shippingservice,adservice,0,0,0,0,0,0,0
2026-10-04T14:10:31Z,shippingservice,cartservice,0,0,0,0,0,0,0
2026-10-04T14:10:31Z,shippingservice,checkoutservice,0,0,0,0,0,0,0
2026-10-04T14:10:31Z,shippingservice,currencyservice,0,0,0,0,0,0,0
2026-10-04T14:10:31Z,shippingservice,emailservice,0,0,0,0,0,0,0
2026-10-04T14:10:31Z,shippingservice,frontend,0,0,0,0,0,0,0
2026-10-04T14:10:31Z,shippingservice,kubernetes,0,0,0,0,0,0,0
2026-10-04T14:10:31Z,shippingservice,paymentservice,0,0,0,0,0,0,0
2026-10-04T14:10:31Z,shippingservice,productcatalogservice,0,0,0,0,0,0,0
2026-10-04T14:10:31Z,shippingservice,recommendationservice,0,0,0,0,0,0,0
2026-10-04T14:10:31Z,shippingservice,redis-cart,0,0,0,0,0,0,0
2026-10-04T14:10:31Z,shippingservice,shippingservice,0,0,0,0,0,0,0
2026-10-04T14:10:32Z,adservice,adservice,0,0,0,0,0,0,0
2026-10-04T14:10:32Z,adservice,cartservice,0,0,0,0,0,0,0
2026-10-04T14:10:32Z,adservice,checkoutservice,0,0,0,0,0,0,0
2026-10-04T14:10:32Z,adservice,currencyservice,0,0,0,0,0,0,0
2026-10-04T14:10:32Z,adservice,emailservice,0,0,0,0,0,0,0
2026-10-04T14:10:32Z,adservice,frontend,0,0,0,0,0,0,0
2026-10-04T14:10:32Z,adservice,kubernetes,0,0,0,0,0,0,0
2026-10-04T14:10:32Z,adservice,paymentservice,0,0,0,0,0,0,0
2026-10-04T14:10:32Z,adservice,productcatalogservice,0,0,0,0,0,0,0
2026-10-04T14:10:32Z,adservice,recommendationservice,0,0,0,0,0,0,0
2026-10-04T14:10:32Z,adservice,redis-cart,0,0,0,0,0,0,0
2026-10-04T14:10:32Z,adservice,shippingservice,0,0,0,0,0,0,0
2026-10-04T14:10:32Z,cartservice,adservice,0,0,0,0,0,0,0
2026-10-04T14:10:32Z,cartservice,cartservice,0,0,0,0,0,0,0
2026-10-04T14:10:32Z,cartservice,checkoutservice,0,0,0,0,0,0,0
2026-10-04T14:10:32Z,cartservice,currencyservice,0,0,0,0,0,0,0
2026-10-04T14:10:32Z,cartservice,emailservice,0,0,0,0,0,0,0
2026-10-04T14:10:32Z,cartservice,frontend,0,0,0,0,0,0,0
2026-10-04T14:10:32Z,cartservice,kubernetes,0,0,0,0,0,0,0
2026-10-04T14:10:32Z,cartservice,paymentservice,0,0,0,0,0,0,0
2026-10-04T14:10:32Z,cartservice,productcatalogservice,0,0,0,0,0,0,0
2026-10-04T14:10:32Z,cartservice,recommendationservice,0,0,0,0,0,0,0
2026-10-04T14:10:32Z,cartservice,redis-cart,2,0,0,0,0,0,0
2026-10-04T14:10:32Z,cartservice,shippingservice,0,0,0,0,0,0,0
2026-10-04T14:10:32Z,checkoutservice,adservice,0,0,0,0,0,0,0
2026-10-04T14:10:32Z,checkoutservice,cartservice,62752,61821,0,100,0,710353,61814
2026-10-04T14:10:32Z,checkoutservice,checkoutservice,0,0,0,0,0,0,0
2026-10-04T14:10:32Z,checkoutservice,currencyservice,42773,42773,0,0,0,572214,42773
2026-10-04T14:10:32Z,checkoutservice,emailservice,14011,13723,0,66,0,455782,13718
2026-10-04T14:10:32Z,checkoutservice,frontend,0,0,0,0,0,0,0
2026-10-04T14:10:32Z,checkoutservice,kubernetes,0,0,0,0,0,0,0
2026-10-04T14:10:32Z,checkoutservice,paymentservice,36039,34191,0,192,0,442205,34043
2026-10-04T14:10:32Z,checkoutservice,productcatalogservice,0,0,0,0,0,0,0
2026-10-04T14:10:32Z,checkoutservice,recommendationservice,0,0,0,0,0,0,0
2026-10-04T14:10:32Z,checkoutservice,redis-cart,0,0,0,0,0,0,0
2026-10-04T14:10:32Z,checkoutservice,shippingservice,68063,65960,0,154,0,517333,65956
2026-10-04T14:10:32Z,currencyservice,adservice,0,0,0,0,0,0,0
2026-10-04T14:10:32Z,currencyservice,cartservice,0,0,0,0,0,0,0
2026-10-04T14:10:32Z,currencyservice,checkoutservice,0,0,0,0,0,0,0
2026-10-04T14:10:32Z,currencyservice,currencyservice,0,0,0,0,0,0,0
2026-10-04T14:10:32Z,currencyservice,emailservice,0,0,0,0,0,0,0
2026-10-04T14:10:32Z,currencyservice,frontend,0,0,0,0,0,0,0
2026-10-04T14:10:32Z,currencyservice,kubernetes,0,0,0,0,0,0,0
2026-10-04T14:10:32Z,currencyservice,paymentservice,0,0,0,0,0,0,0
2026-10-04T14:10:32Z,currencyservice,productcatalogservice,0,0,0,0,0,0,0
2026-10-04T14:10:32Z,currencyservice,recommendationservice,0,0,0,0,0,0,0
2026-10-04T14:10:32Z,currencyservice,redis-cart,0,0,0,0,0,0,0
2026-10-04T14:10:32Z,currencyservice,shippingservice,0,0,0,0,0,0,0
2026-10-04T14:10:32Z,emailservice,adservice,0,0,0,0,0,0,0
2026-10-04T14:10:32Z,emailservice,cartservice,0,0,0,0,0,0,0
2026-10-04T14:10:32Z,emailservice,checkoutservice,0,0,0,0,0,0,0
2026-10-04T14:10:32Z,emailservice,currencyservice,0,0,0,0,0,0,0
2026-10-04T14:10:32Z,emailservice,emailservice,0,0,0,0,0,0,0
2026-10-04T14:10:32Z,emailservice,frontend,0,0,0,0,0,0,0
2026-10-04T14:10:32Z,emailservice,kubernetes,0,0,0,0,0,0,0
2026-10-04T14:10:32Z,emailservice,paymentservice,0,0,0,0,0,0,0
2026-10-04T14:10:32Z,emailservice,productcatalogservice,0,0,0,0,0,0,0
2026-10-04T14:10:32Z,emailservice,recommendationservice,0,0,0,0,0,0,0
2026-10-04T14:10:32Z,emailservice,redis-cart,0,0,0,0,0,0,0
2026-10-04T14:10:32Z,emailservice,shippingservice,0,0,0,0,0,0,0
2026-10-04T14:10:32Z,frontend,adservice,853008,853006,0,0,0,2569262,852584
2026-10-04T14:10:32Z,frontend,cartservice,1903800,1903787,0,0,4,10524433,1902419
2026-10-04T14:10:32Z,frontend,checkoutservice,401776,191807,0,40061,169946,62911846,191635
2026-10-04T14:10:32Z,frontend,currencyservice,3025394,3025383,0,0,0,15913359,3023284
2026-10-04T14:10:32Z,frontend,emailservice,0,0,0,0,0,0,0
2026-10-04T14:10:32Z,frontend,frontend,0,0,0,0,0,0,0
2026-10-04T14:10:32Z,frontend,kubernetes,0,0,0,0,0,0,0
2026-10-04T14:10:32Z,frontend,paymentservice,0,0,0,0,0,0,0
2026-10-04T14:10:32Z,frontend,productcatalogservice,8471930,8471868,0,0,0,57805117,8467129
2026-10-04T14:10:32Z,frontend,recommendationservice,2774586,1680789,0,115180,976063,841550891,1679634
2026-10-04T14:10:32Z,frontend,redis-cart,0,0,0,0,0,0,0
2026-10-04T14:10:32Z,frontend,shippingservice,312713,312711,0,0,0,946041,312572
2026-10-04T14:10:32Z,paymentservice,adservice,0,0,0,0,0,0,0
2026-10-04T14:10:32Z,paymentservice,cartservice,0,0,0,0,0,0,0
2026-10-04T14:10:32Z,paymentservice,checkoutservice,0,0,0,0,0,0,0
2026-10-04T14:10:32Z,paymentservice,currencyservice,0,0,0,0,0,0,0
2026-10-04T14:10:32Z,paymentservice,emailservice,0,0,0,0,0,0,0
2026-10-04T14:10:32Z,paymentservice,frontend,0,0,0,0,0,0,0
2026-10-04T14:10:32Z,paymentservice,kubernetes,0,0,0,0,0,0,0
2026-10-04T14:10:32Z,paymentservice,paymentservice,0,0,0,0,0,0,0
2026-10-04T14:10:32Z,paymentservice,productcatalogservice,0,0,0,0,0,0,0
2026-10-04T14:10:32Z,paymentservice,recommendationservice,0,0,0,0,0,0,0
2026-10-04T14:10:32Z,paymentservice,redis-cart,0,0,0,0,0,0,0
2026-10-04T14:10:32Z,paymentservice,shippingservice,0,0,0,0,0,0,0
2026-10-04T14:10:32Z,productcatalogservice,adservice,0,0,0,0,0,0,0
2026-10-04T14:10:32Z,productcatalogservice,cartservice,0,0,0,0,0,0,0
2026-10-04T14:10:32Z,productcatalogservice,checkoutservice,0,0,0,0,0,0,0
2026-10-04T14:10:32Z,productcatalogservice,currencyservice,0,0,0,0,0,0,0
2026-10-04T14:10:32Z,productcatalogservice,emailservice,0,0,0,0,0,0,0
2026-10-04T14:10:32Z,productcatalogservice,frontend,0,0,0,0,0,0,0
2026-10-04T14:10:32Z,productcatalogservice,kubernetes,0,0,0,0,0,0,0
2026-10-04T14:10:32Z,productcatalogservice,paymentservice,0,0,0,0,0,0,0
2026-10-04T14:10:32Z,productcatalogservice,productcatalogservice,0,0,0,0,0,0,0
2026-10-04T14:10:32Z,productcatalogservice,recommendationservice,0,0,0,0,0,0,0
2026-10-04T14:10:32Z,productcatalogservice,redis-cart,0,0,0,0,0,0,0
2026-10-04T14:10:32Z,productcatalogservice,shippingservice,0,0,0,0,0,0,0
2026-10-04T14:10:32Z,recommendationservice,adservice,0,0,0,0,0,0,0
2026-10-04T14:10:32Z,recommendationservice,cartservice,0,0,0,0,0,0,0
2026-10-04T14:10:32Z,recommendationservice,checkoutservice,0,0,0,0,0,0,0
2026-10-04T14:10:32Z,recommendationservice,currencyservice,0,0,0,0,0,0,0
2026-10-04T14:10:32Z,recommendationservice,emailservice,0,0,0,0,0,0,0
2026-10-04T14:10:32Z,recommendationservice,frontend,0,0,0,0,0,0,0
2026-10-04T14:10:32Z,recommendationservice,kubernetes,0,0,0,0,0,0,0
2026-10-04T14:10:32Z,recommendationservice,paymentservice,0,0,0,0,0,0,0
2026-10-04T14:10:32Z,recommendationservice,productcatalogservice,174546,174541,0,0,0,1179949,173697
2026-10-04T14:10:32Z,recommendationservice,recommendationservice,0,0,0,0,0,0,0
2026-10-04T14:10:32Z,recommendationservice,redis-cart,0,0,0,0,0,0,0
2026-10-04T14:10:32Z,recommendationservice,shippingservice,0,0,0,0,0,0,0
2026-10-04T14:10:32Z,redis-cart,adservice,0,0,0,0,0,0,0
2026-10-04T14:10:32Z,redis-cart,cartservice,0,0,0,0,0,0,0
2026-10-04T14:10:32Z,redis-cart,checkoutservice,0,0,0,0,0,0,0
2026-10-04T14:10:32Z,redis-cart,currencyservice,0,0,0,0,0,0,0
2026-10-04T14:10:32Z,redis-cart,emailservice,0,0,0,0,0,0,0
2026-10-04T14:10:32Z,redis-cart,frontend,0,0,0,0,0,0,0
2026-10-04T14:10:32Z,redis-cart,kubernetes,0,0,0,0,0,0,0
2026-10-04T14:10:32Z,redis-cart,paymentservice,0,0,0,0,0,0,0
2026-10-04T14:10:32Z,redis-cart,productcatalogservice,0,0,0,0,0,0,0
2026-10-04T14:10:32Z,redis-cart,recommendationservice,0,0,0,0,0,0,0
2026-10-04T14:10:32Z,redis-cart,redis-cart,0,0,0,0,0,0,0
2026-10-04T14:10:32Z,redis-cart,shippingservice,0,0,0,0,0,0,0
2026-10-04T14:10:32Z,shippingservice,adservice,0,0,0,0,0,0,0
2026-10-04T14:10:32Z,shippingservice,cartservice,0,0,0,0,0,0,0
2026-10-04T14:10:32Z,shippingservice,checkoutservice,0,0,0,0,0,0,0
2026-10-04T14:10:32Z,shippingservice,currencyservice,0,0,0,0,0,0,0
2026-10-04T14:10:32Z,shippingservice,emailservice,0,0,0,0,0,0,0
2026-10-04T14:10:32Z,shippingservice,frontend,0,0,0,0,0,0,0
2026-10-04T14:10:32Z,shippingservice,kubernetes,0,0,0,0,0,0,0
2026-10-04T14:10:32Z,shippingservice,paymentservice,0,0,0,0,0,0,0
2026-10-04T14:10:32Z,shippingservice,productcatalogservice,0,0,0,0,0,0,0
2026-10-04T14:10:32Z,shippingservice,recommendationservice,0,0,0,0,0,0,0
2026-10-04T14:10:32Z,shippingservice,redis-cart,0,0,0,0,0,0,0
2026-10-04T14:10:32Z,shippingservice,shippingservice,0,0,0,0,0,0,0
2026-10-04T14:10:33Z,adservice,adservice,0,0,0,0,0,0,0
2026-10-04T14:10:33Z,adservice,cartservice,0,0,0,0,0,0,0
2026-10-04T14:10:33Z,adservice,checkoutservice,0,0,0,0,0,0,0
2026-10-04T14:10:33Z,adservice,currencyservice,0,0,0,0,0,0,0
2026-10-04T14:10:33Z,adservice,emailservice,0,0,0,0,0,0,0
2026-10-04T14:10:33Z,adservice,frontend,0,0,0,0,0,0,0
2026-10-04T14:10:33Z,adservice,kubernetes,0,0,0,0,0,0,0
2026-10-04T14:10:33Z,adservice,paymentservice,0,0,0,0,0,0,0
2026-10-04T14:10:33Z,adservice,productcatalogservice,0,0,0,0,0,0,0
2026-10-04T14:10:33Z,adservice,recommendationservice,0,0,0,0,0,0,0
2026-10-04T14:10:33Z,adservice,redis-cart,0,0,0,0,0,0,0
2026-10-04T14:10:33Z,adservice,shippingservice,0,0,0,0,0,0,0
2026-10-04T14:10:33Z,cartservice,adservice,0,0,0,0,0,0,0
2026-10-04T14:10:33Z,cartservice,cartservice,0,0,0,0,0,0,0
2026-10-04T14:10:33Z,cartservice,checkoutservice,0,0,0,0,0,0,0
2026-10-04T14:10:33Z,cartservice,currencyservice,0,0,0,0,0,0,0
2026-10-04T14:10:33Z,cartservice,emailservice,0,0,0,0,0,0,0
2026-10-04T14:10:33Z,cartservice,frontend,0,0,0,0,0,0,0
2026-10-04T14:10:33Z,cartservice,kubernetes,0,0,0,0,0,0,0
2026-10-04T14:10:33Z,cartservice,paymentservice,0,0,0,0,0,0,0
2026-10-04T14:10:33Z,cartservice,productcatalogservice,0,0,0,0,0,0,0
2026-10-04T14:10:33Z,cartservice,recommendationservice,0,0,0,0,0,0,0
2026-10-04T14:10:33Z,cartservice,redis-cart,2,0,0,0,0,0,0
2026-10-04T14:10:33Z,cartservice,shippingservice,0,0,0,0,0,0,0
2026-10-04T14:10:33Z,checkoutservice,adservice,0,0,0,0,0,0,0
2026-10-04T14:10:33Z,checkoutservice,cartservice,62871,61940,0,100,0,710353,61814
2026-10-04T14:10:33Z,checkoutservice,checkoutservice,0,0,0,0,0,0,0
2026-10-04T14:10:33Z,checkoutservice,currencyservice,42833,42833,0,0,0,572214,42773
2026-10-04T14:10:33Z,checkoutservice,emailservice,14071,13783,0,66,0,455782,13718
2026-10-04T14:10:33Z,checkoutservice,frontend,0,0,0,0,0,0,0
2026-10-04T14:10:33Z,checkoutservice,kubernetes,0,0,0,0,0,0,0
2026-10-04T14:10:33Z,checkoutservice,paymentservice,36099,34251,0,192,0,442205,34043
2026-10-04T14:10:33Z,checkoutservice,productcatalogservice,0,0,0,0,0,0,0
2026-10-04T14:10:33Z,checkoutservice,recommendationservice,0,0,0,0,0,0,0
2026-10-04T14:10:33Z,checkoutservice,redis-cart,0,0,0,0,0,0,0
2026-10-04T14:10:33Z,checkoutservice,shippingservice,68182,66079,0,154,0,517333,65956
2026-10-04T14:10:33Z,currencyservice,adservice,0,0,0,0,0,0,0
2026-10-04T14:10:33Z,currencyservice,cartservice,0,0,0,0,0,0,0
2026-10-04T14:10:33Z,currencyservice,checkoutservice,0,0,0,0,0,0,0
2026-10-04T14:10:33Z,currencyservice,currencyservice,0,0,0,0,0,0,0
2026-10-04T14:10:33Z,currencyservice,emailservice,0,0,0,0,0,0,0
2026-10-04T14:10:33Z,currencyservice,frontend,0,0,0,0,0,0,0
2026-10-04T14:10:33Z,currencyservice,kubernetes,0,0,0,0,0,0,0
2026-10-04T14:10:33Z,currencyservice,paymentservice,0,0,0,0,0,0,0
2026-10-04T14:10:33Z,currencyservice,productcatalogservice,0,0,0,0,0,0,0
2026-10-04T14:10:33Z,currencyservice,recommendationservice,0,0,0,0,0,0,0
2026-10-04T14:10:33Z,currencyservice,redis-cart,0,0,0,0,0,0,0
2026-10-04T14:10:33Z,currencyservice,shippingservice,0,0,0,0,0,0,0
2026-10-04T14:10:33Z,emailservice,adservice,0,0,0,0,0,0,0
2026-10-04T14:10:33Z,emailservice,cartservice,0,0,0,0,0,0,0
2026-10-04T14:10:33Z,emailservice,checkoutservice,0,0,0,0,0,0,0
2026-10-04T14:10:33Z,emailservice,currencyservice,0,0,0,0,0,0,0
2026-10-04T14:10:33Z,emailservice,emailservice,0,0,0,0,0,0,0
2026-10-04T14:10:33Z,emailservice,frontend,0,0,0,0,0,0,0
2026-10-04T14:10:33Z,emailservice,kubernetes,0,0,0,0,0,0,0
2026-10-04T14:10:33Z,emailservice,paymentservice,0,0,0,0,0,0,0
2026-10-04T14:10:33Z,emailservice,productcatalogservice,0,0,0,0,0,0,0
2026-10-04T14:10:33Z,emailservice,recommendationservice,0,0,0,0,0,0,0
2026-10-04T14:10:33Z,emailservice,redis-cart,0,0,0,0,0,0,0
2026-10-04T14:10:33Z,emailservice,shippingservice,0,0,0,0,0,0,0
2026-10-04T14:10:33Z,frontend,adservice,853137,853135,0,0,0,2569722,852721
2026-10-04T14:10:33Z,frontend,cartservice,1904164,1904150,0,0,4,10526308,1902839
2026-10-04T14:10:33Z,frontend,checkoutservice,401826,191856,0,40061,169946,62918093,191691
2026-10-04T14:10:33Z,frontend,currencyservice,3025962,3025955,0,0,0,15916524,3023962
2026-10-04T14:10:33Z,frontend,emailservice,0,0,0,0,0,0,0
2026-10-04T14:10:33Z,frontend,frontend,0,0,0,0,0,0,0
2026-10-04T14:10:33Z,frontend,kubernetes,0,0,0,0,0,0,0
2026-10-04T14:10:33Z,frontend,paymentservice,0,0,0,0,0,0,0
2026-10-04T14:10:33Z,frontend,productcatalogservice,8473357,8473287,0,0,0,57816466,8468626
2026-10-04T14:10:33Z,frontend,recommendationservice,2775249,1681109,0,115230,976363,841937031,1680052
2026-10-04T14:10:33Z,frontend,redis-cart,0,0,0,0,0,0,0
2026-10-04T14:10:33Z,frontend,shippingservice,312757,312755,0,0,0,946122,312611
2026-10-04T14:10:33Z,paymentservice,adservice,0,0,0,0,0,0,0
2026-10-04T14:10:33Z,paymentservice,cartservice,0,0,0,0,0,0,0
2026-10-04T14:10:33Z,paymentservice,checkoutservice,0,0,0,0,0,0,0
2026-10-04T14:10:33Z,paymentservice,currencyservice,0,0,0,0,0,0,0
2026-10-04T14:10:33Z,paymentservice,emailservice,0,0,0,0,0,0,0
2026-10-04T14:10:33Z,paymentservice,frontend,0,0,0,0,0,0,0
2026-10-04T14:10:33Z,paymentservice,kubernetes,0,0,0,0,0,0,0
2026-10-04T14:10:33Z,paymentservice,paymentservice,0,0,0,0,0,0,0
2026-10-04T14:10:33Z,paymentservice,productcatalogservice,0,0,0,0,0,0,0
2026-10-04T14:10:33Z,paymentservice,recommendationservice,0,0,0,0,0,0,0
2026-10-04T14:10:33Z,paymentservice,redis-cart,0,0,0,0,0,0,0
2026-10-04T14:10:33Z,paymentservice,shippingservice,0,0,0,0,0,0,0
2026-10-04T14:10:33Z,productcatalogservice,adservice,0,0,0,0,0,0,0
2026-10-04T14:10:33Z,productcatalogservice,cartservice,0,0,0,0,0,0,0
2026-10-04T14:10:33Z,productcatalogservice,checkoutservice,0,0,0,0,0,0,0
2026-10-04T14:10:33Z,productcatalogservice,currencyservice,0,0,0,0,0,0,0
2026-10-04T14:10:33Z,productcatalogservice,emailservice,0,0,0,0,0,0,0
2026-10-04T14:10:33Z,productcatalogservice,frontend,0,0,0,0,0,0,0
2026-10-04T14:10:33Z,productcatalogservice,kubernetes,0,0,0,0,0,0,0
2026-10-04T14:10:33Z,productcatalogservice,paymentservice,0,0,0,0,0,0,0
2026-10-04T14:10:33Z,productcatalogservice,productcatalogservice,0,0,0,0,0,0,0
2026-10-04T14:10:33Z,productcatalogservice,recommendationservice,0,0,0,0,0,0,0
2026-10-04T14:10:33Z,productcatalogservice,redis-cart,0,0,0,0,0,0,0
2026-10-04T14:10:33Z,productcatalogservice,shippingservice,0,0,0,0,0,0,0
2026-10-04T14:10:33Z,recommendationservice,adservice,0,0,0,0,0,0,0
2026-10-04T14:10:33Z,recommendationservice,cartservice,0,0,0,0,0,0,0
2026-10-04T14:10:33Z,recommendationservice,checkoutservice,0,0,0,0,0,0,0
2026-10-04T14:10:33Z,recommendationservice,currencyservice,0,0,0,0,0,0,0
2026-10-04T14:10:33Z,recommendationservice,emailservice,0,0,0,0,0,0,0
2026-10-04T14:10:33Z,recommendationservice,frontend,0,0,0,0,0,0,0
2026-10-04T14:10:33Z,recommendationservice,kubernetes,0,0,0,0,0,0,0
2026-10-04T14:10:33Z,recommendationservice,paymentservice,0,0,0,0,0,0,0
2026-10-04T14:10:33Z,recommendationservice,productcatalogservice,174954,174951,0,0,0,1179949,173697
2026-10-04T14:10:33Z,recommendationservice,recommendationservice,0,0,0,0,0,0,0
2026-10-04T14:10:33Z,recommendationservice,redis-cart,0,0,0,0,0,0,0
2026-10-04T14:10:33Z,recommendationservice,shippingservice,0,0,0,0,0,0,0
2026-10-04T14:10:33Z,redis-cart,adservice,0,0,0,0,0,0,0
2026-10-04T14:10:33Z,redis-cart,cartservice,0,0,0,0,0,0,0
2026-10-04T14:10:33Z,redis-cart,checkoutservice,0,0,0,0,0,0,0
2026-10-04T14:10:33Z,redis-cart,currencyservice,0,0,0,0,0,0,0
2026-10-04T14:10:33Z,redis-cart,emailservice,0,0,0,0,0,0,0
2026-10-04T14:10:33Z,redis-cart,frontend,0,0,0,0,0,0,0
2026-10-04T14:10:33Z,redis-cart,kubernetes,0,0,0,0,0,0,0
2026-10-04T14:10:33Z,redis-cart,paymentservice,0,0,0,0,0,0,0
2026-10-04T14:10:33Z,redis-cart,productcatalogservice,0,0,0,0,0,0,0
2026-10-04T14:10:33Z,redis-cart,recommendationservice,0,0,0,0,0,0,0
2026-10-04T14:10:33Z,redis-cart,redis-cart,0,0,0,0,0,0,0
2026-10-04T14:10:33Z,redis-cart,shippingservice,0,0,0,0,0,0,0
2026-10-04T14:10:33Z,shippingservice,adservice,0,0,0,0,0,0,0
2026-10-04T14:10:33Z,shippingservice,cartservice,0,0,0,0,0,0,0
2026-10-04T14:10:33Z,shippingservice,checkoutservice,0,0,0,0,0,0,0
2026-10-04T14:10:33Z,shippingservice,currencyservice,0,0,0,0,0,0,0
2026-10-04T14:10:33Z,shippingservice,emailservice,0,0,0,0,0,0,0
2026-10-04T14:10:33Z,shippingservice,frontend,0,0,0,0,0,0,0
2026-10-04T14:10:33Z,shippingservice,kubernetes,0,0,0,0,0,0,0
2026-10-04T14:10:33Z,shippingservice,paymentservice,0,0,0,0,0,0,0
2026-10-04T14:10:33Z,shippingservice,productcatalogservice,0,0,0,0,0,0,0
2026-10-04T14:10:33Z,shippingservice,recommendationservice,0,0,0,0,0,0,0
2026-10-04T14:10:33Z,shippingservice,redis-cart,0,0,0,0,0,0,0
2026-10-04T14:10:33Z,shippingservice,shippingservice,0,0,0,0,0,0,0
2026-10-04T14:10:34Z,adservice,adservice,0,0,0,0,0,0,0
2026-10-04T14:10:34Z,adservice,cartservice,0,0,0,0,0,0,0
2026-10-04T14:10:34Z,adservice,checkoutservice,0,0,0,0,0,0,0
2026-10-04T14:10:34Z,adservice,currencyservice,0,0,0,0,0,0,0
2026-10-04T14:10:34Z,adservice,emailservice,0,0,0,0,0,0,0
2026-10-04T14:10:34Z,adservice,frontend,0,0,0,0,0,0,0
2026-10-04T14:10:34Z,adservice,kubernetes,0,0,0,0,0,0,0
2026-10-04T14:10:34Z,adservice,paymentservice,0,0,0,0,0,0,0
2026-10-04T14:10:34Z,adservice,productcatalogservice,0,0,0,0,0,0,0
2026-10-04T14:10:34Z,adservice,recommendationservice,0,0,0,0,0,0,0
2026-10-04T14:10:34Z,adservice,redis-cart,0,0,0,0,0,0,0
2026-10-04T14:10:34Z,adservice,shippingservice,0,0,0,0,0,0,0
2026-10-04T14:10:34Z,cartservice,adservice,0,0,0,0,0,0,0
2026-10-04T14:10:34Z,cartservice,cartservice,0,0,0,0,0,0,0
2026-10-04T14:10:34Z,cartservice,checkoutservice,0,0,0,0,0,0,0
2026-10-04T14:10:34Z,cartservice,currencyservice,0,0,0,0,0,0,0
2026-10-04T14:10:34Z,cartservice,emailservice,0,0,0,0,0,0,0
2026-10-04T14:10:34Z,cartservice,frontend,0,0,0,0,0,0,0
2026-10-04T14:10:34Z,cartservice,kubernetes,0,0,0,0,0,0,0
2026-10-04T14:10:34Z,cartservice,paymentservice,0,0,0,0,0,0,0
2026-10-04T14:10:34Z,cartservice,productcatalogservice,0,0,0,0,0,0,0
2026-10-04T14:10:34Z,cartservice,recommendationservice,0,0,0,0,0,0,0
2026-10-04T14:10:34Z,cartservice,redis-cart,2,0,0,0,0,0,0
2026-10-04T14:10:34Z,cartservice,shippingservice,0,0,0,0,0,0,0
2026-10-04T14:10:34Z,checkoutservice,adservice,0,0,0,0,0,0,0
2026-10-04T14:10:34Z,checkoutservice,cartservice,62970,62038,0,100,0,710353,61814
2026-10-04T14:10:34Z,checkoutservice,checkoutservice,0,0,0,0,0,0,0
2026-10-04T14:10:34Z,checkoutservice,currencyservice,42885,42881,0,0,0,572214,42773
2026-10-04T14:10:34Z,checkoutservice,emailservice,14117,13829,0,66,0,455782,13718
2026-10-04T14:10:34Z,checkoutservice,frontend,0,0,0,0,0,0,0
2026-10-04T14:10:34Z,checkoutservice,kubernetes,0,0,0,0,0,0,0
2026-10-04T14:10:34Z,checkoutservice,paymentservice,36147,34299,0,192,0,442205,34043
2026-10-04T14:10:34Z,checkoutservice,productcatalogservice,0,0,0,0,0,0,0
2026-10-04T14:10:34Z,checkoutservice,recommendationservice,0,0,0,0,0,0,0
2026-10-04T14:10:34Z,checkoutservice,redis-cart,0,0,0,0,0,0,0
2026-10-04T14:10:34Z,checkoutservice,shippingservice,68282,66179,0,154,0,517333,65956
2026-10-04T14:10:34Z,currencyservice,adservice,0,0,0,0,0,0,0
2026-10-04T14:10:34Z,currencyservice,cartservice,0,0,0,0,0,0,0
2026-10-04T14:10:34Z,currencyservice,checkoutservice,0,0,0,0,0,0,0
2026-10-04T14:10:34Z,currencyservice,currencyservice,0,0,0,0,0,0,0
2026-10-04T14:10:34Z,currencyservice,emailservice,0,0,0,0,0,0,0
2026-10-04T14:10:34Z,currencyservice,frontend,0,0,0,0,0,0,0
2026-10-04T14:10:34Z,currencyservice,kubernetes,0,0,0,0,0,0,0
2026-10-04T14:10:34Z,currencyservice,paymentservice,0,0,0,0,0,0,0
2026-10-04T14:10:34Z,currencyservice,productcatalogservice,0,0,0,0,0,0,0
2026-10-04T14:10:34Z,currencyservice,recommendationservice,0,0,0,0,0,0,0
2026-10-04T14:10:34Z,currencyservice,redis-cart,0,0,0,0,0,0,0
2026-10-04T14:10:34Z,currencyservice,shippingservice,0,0,0,0,0,0,0
2026-10-04T14:10:34Z,emailservice,adservice,0,0,0,0,0,0,0
2026-10-04T14:10:34Z,emailservice,cartservice,0,0,0,0,0,0,0
2026-10-04T14:10:34Z,emailservice,checkoutservice,0,0,0,0,0,0,0
2026-10-04T14:10:34Z,emailservice,currencyservice,0,0,0,0,0,0,0
2026-10-04T14:10:34Z,emailservice,emailservice,0,0,0,0,0,0,0
2026-10-04T14:10:34Z,emailservice,frontend,0,0,0,0,0,0,0
2026-10-04T14:10:34Z,emailservice,kubernetes,0,0,0,0,0,0,0
2026-10-04T14:10:34Z,emailservice,paymentservice,0,0,0,0,0,0,0
2026-10-04T14:10:34Z,emailservice,productcatalogservice,0,0,0,0,0,0,0
2026-10-04T14:10:34Z,emailservice,recommendationservice,0,0,0,0,0,0,0
2026-10-04T14:10:34Z,emailservice,redis-cart,0,0,0,0,0,0,0
2026-10-04T14:10:34Z,emailservice,shippingservice,0,0,0,0,0,0,0
2026-10-04T14:10:34Z,frontend,adservice,853282,853280,0,0,0,2570770,853056
2026-10-04T14:10:34Z,frontend,cartservice,1904560,1904546,0,0,4,10530775,1903871
2026-10-04T14:10:34Z,frontend,checkoutservice,401870,191899,0,40061,169946,62930982,191827
2026-10-04T14:10:34Z,frontend,currencyservice,3026573,3026562,0,0,0,15922404,3025513
2026-10-04T14:10:34Z,frontend,emailservice,0,0,0,0,0,0,0
2026-10-04T14:10:34Z,frontend,frontend,0,0,0,0,0,0,0
2026-10-04T14:10:34Z,frontend,kubernetes,0,0,0,0,0,0,0
2026-10-04T14:10:34Z,frontend,paymentservice,0,0,0,0,0,0,0
2026-10-04T14:10:34Z,frontend,productcatalogservice,8474828,8474763,0,0,0,57837645,8472426
2026-10-04T14:10:34Z,frontend,recommendationservice,2776025,1681449,0,115273,976745,842644621,1680891
2026-10-04T14:10:34Z,frontend,redis-cart,0,0,0,0,0,0,0
2026-10-04T14:10:34Z,frontend,shippingservice,312807,312805,0,0,0,946410,312735
2026-10-04T14:10:34Z,paymentservice,adservice,0,0,0,0,0,0,0
2026-10-04T14:10:34Z,paymentservice,cartservice,0,0,0,0,0,0,0
2026-10-04T14:10:34Z,paymentservice,checkoutservice,0,0,0,0,0,0,0
2026-10-04T14:10:34Z,paymentservice,currencyservice,0,0,0,0,0,0,0
2026-10-04T14:10:34Z,paymentservice,emailservice,0,0,0,0,0,0,0
2026-10-04T14:10:34Z,paymentservice,frontend,0,0,0,0,0,0,0
2026-10-04T14:10:34Z,paymentservice,kubernetes,0,0,0,0,0,0,0
2026-10-04T14:10:34Z,paymentservice,paymentservice,0,0,0,0,0,0,0
2026-10-04T14:10:34Z,paymentservice,productcatalogservice,0,0,0,0,0,0,0
2026-10-04T14:10:34Z,paymentservice,recommendationservice,0,0,0,0,0,0,0
2026-10-04T14:10:34Z,paymentservice,redis-cart,0,0,0,0,0,0,0
2026-10-04T14:10:34Z,paymentservice,shippingservice,0,0,0,0,0,0,0
2026-10-04T14:10:34Z,productcatalogservice,adservice,0,0,0,0,0,0,0
2026-10-04T14:10:34Z,productcatalogservice,cartservice,0,0,0,0,0,0,0
2026-10-04T14:10:34Z,productcatalogservice,checkoutservice,0,0,0,0,0,0,0
2026-10-04T14:10:34Z,productcatalogservice,currencyservice,0,0,0,0,0,0,0
2026-10-04T14:10:34Z,productcatalogservice,emailservice,0,0,0,0,0,0,0
2026-10-04T14:10:34Z,productcatalogservice,frontend,0,0,0,0,0,0,0
2026-10-04T14:10:34Z,productcatalogservice,kubernetes,0,0,0,0,0,0,0
2026-10-04T14:10:34Z,productcatalogservice,paymentservice,0,0,0,0,0,0,0
2026-10-04T14:10:34Z,productcatalogservice,productcatalogservice,0,0,0,0,0,0,0
2026-10-04T14:10:34Z,productcatalogservice,recommendationservice,0,0,0,0,0,0,0
2026-10-04T14:10:34Z,productcatalogservice,redis-cart,0,0,0,0,0,0,0
2026-10-04T14:10:34Z,productcatalogservice,shippingservice,0,0,0,0,0,0,0
2026-10-04T14:10:34Z,recommendationservice,adservice,0,0,0,0,0,0,0
2026-10-04T14:10:34Z,recommendationservice,cartservice,0,0,0,0,0,0,0
2026-10-04T14:10:34Z,recommendationservice,checkoutservice,0,0,0,0,0,0,0
2026-10-04T14:10:34Z,recommendationservice,currencyservice,0,0,0,0,0,0,0
2026-10-04T14:10:34Z,recommendationservice,emailservice,0,0,0,0,0,0,0
2026-10-04T14:10:34Z,recommendationservice,frontend,0,0,0,0,0,0,0
2026-10-04T14:10:34Z,recommendationservice,kubernetes,0,0,0,0,0,0,0
2026-10-04T14:10:34Z,recommendationservice,paymentservice,0,0,0,0,0,0,0
2026-10-04T14:10:34Z,recommendationservice,productcatalogservice,175352,175352,0,0,0,1179949,173697
2026-10-04T14:10:34Z,recommendationservice,recommendationservice,0,0,0,0,0,0,0
2026-10-04T14:10:34Z,recommendationservice,redis-cart,0,0,0,0,0,0,0
2026-10-04T14:10:34Z,recommendationservice,shippingservice,0,0,0,0,0,0,0
2026-10-04T14:10:34Z,redis-cart,adservice,0,0,0,0,0,0,0
2026-10-04T14:10:34Z,redis-cart,cartservice,0,0,0,0,0,0,0
2026-10-04T14:10:34Z,redis-cart,checkoutservice,0,0,0,0,0,0,0
2026-10-04T14:10:34Z,redis-cart,currencyservice,0,0,0,0,0,0,0
2026-10-04T14:10:34Z,redis-cart,emailservice,0,0,0,0,0,0,0
2026-10-04T14:10:34Z,redis-cart,frontend,0,0,0,0,0,0,0
2026-10-04T14:10:34Z,redis-cart,kubernetes,0,0,0,0,0,0,0
2026-10-04T14:10:34Z,redis-cart,paymentservice,0,0,0,0,0,0,0
2026-10-04T14:10:34Z,redis-cart,productcatalogservice,0,0,0,0,0,0,0
2026-10-04T14:10:34Z,redis-cart,recommendationservice,0,0,0,0,0,0,0
2026-10-04T14:10:34Z,redis-cart,redis-cart,0,0,0,0,0,0,0
2026-10-04T14:10:34Z,redis-cart,shippingservice,0,0,0,0,0,0,0
2026-10-04T14:10:34Z,shippingservice,adservice,0,0,0,0,0,0,0
2026-10-04T14:10:34Z,shippingservice,cartservice,0,0,0,0,0,0,0
2026-10-04T14:10:34Z,shippingservice,checkoutservice,0,0,0,0,0,0,0
2026-10-04T14:10:34Z,shippingservice,currencyservice,0,0,0,0,0,0,0
2026-10-04T14:10:34Z,shippingservice,emailservice,0,0,0,0,0,0,0
2026-10-04T14:10:34Z,shippingservice,frontend,0,0,0,0,0,0,0
2026-10-04T14:10:34Z,shippingservice,kubernetes,0,0,0,0,0,0,0
2026-10-04T14:10:34Z,shippingservice,paymentservice,0,0,0,0,0,0,0
2026-10-04T14:10:34Z,shippingservice,productcatalogservice,0,0,0,0,0,0,0
2026-10-04T14:10:34Z,shippingservice,recommendationservice,0,0,0,0,0,0,0
2026-10-04T14:10:34Z,shippingservice,redis-cart,0,0,0,0,0,0,0
2026-10-04T14:10:34Z,shippingservice,shippingservice,0,0,0,0,0,0,0
2026-10-04T14:10:35Z,adservice,adservice,0,0,0,0,0,0,0
2026-10-04T14:10:35Z,adservice,cartservice,0,0,0,0,0,0,0
2026-10-04T14:10:35Z,adservice,checkoutservice,0,0,0,0,0,0,0
2026-10-04T14:10:35Z,adservice,currencyservice,0,0,0,0,0,0,0
2026-10-04T14:10:35Z,adservice,emailservice,0,0,0,0,0,0,0
2026-10-04T14:10:35Z,adservice,frontend,0,0,0,0,0,0,0
2026-10-04T14:10:35Z,adservice,kubernetes,0,0,0,0,0,0,0
2026-10-04T14:10:35Z,adservice,paymentservice,0,0,0,0,0,0,0
2026-10-04T14:10:35Z,adservice,productcatalogservice,0,0,0,0,0,0,0
2026-10-04T14:10:35Z,adservice,recommendationservice,0,0,0,0,0,0,0
2026-10-04T14:10:35Z,adservice,redis-cart,0,0,0,0,0,0,0
2026-10-04T14:10:35Z,adservice,shippingservice,0,0,0,0,0,0,0
2026-10-04T14:10:35Z,cartservice,adservice,0,0,0,0,0,0,0
2026-10-04T14:10:35Z,cartservice,cartservice,0,0,0,0,0,0,0
2026-10-04T14:10:35Z,cartservice,checkoutservice,0,0,0,0,0,0,0
2026-10-04T14:10:35Z,cartservice,currencyservice,0,0,0,0,0,0,0
2026-10-04T14:10:35Z,cartservice,emailservice,0,0,0,0,0,0,0
2026-10-04T14:10:35Z,cartservice,frontend,0,0,0,0,0,0,0
2026-10-04T14:10:35Z,cartservice,kubernetes,0,0,0,0,0,0,0
2026-10-04T14:10:35Z,cartservice,paymentservice,0,0,0,0,0,0,0
2026-10-04T14:10:35Z,cartservice,productcatalogservice,0,0,0,0,0,0,0
2026-10-04T14:10:35Z,cartservice,recommendationservice,0,0,0,0,0,0,0
2026-10-04T14:10:35Z,cartservice,redis-cart,2,0,0,0,0,0,0
2026-10-04T14:10:35Z,cartservice,shippingservice,0,0,0,0,0,0,0
2026-10-04T14:10:35Z,checkoutservice,adservice,0,0,0,0,0,0,0
2026-10-04T14:10:35Z,checkoutservice,cartservice,63056,62125,0,100,0,710353,61814
2026-10-04T14:10:35Z,checkoutservice,checkoutservice,0,0,0,0,0,0,0
2026-10-04T14:10:35Z,checkoutservice,currencyservice,42925,42924,0,0,0,572214,42773
2026-10-04T14:10:35Z,checkoutservice,emailservice,14158,13867,0,66,0,455782,13718
2026-10-04T14:10:35Z,checkoutservice,frontend,0,0,0,0,0,0,0
2026-10-04T14:10:35Z,checkoutservice,kubernetes,0,0,0,0,0,0,0
2026-10-04T14:10:35Z,checkoutservice,paymentservice,36189,34341,0,192,0,442205,34043
2026-10-04T14:10:35Z,checkoutservice,productcatalogservice,0,0,0,0,0,0,0
2026-10-04T14:10:35Z,checkoutservice,recommendationservice,0,0,0,0,0,0,0
2026-10-04T14:10:35Z,checkoutservice,redis-cart,0,0,0,0,0,0,0
2026-10-04T14:10:35Z,checkoutservice,shippingservice,68367,66264,0,154,0,517333,65956
2026-10-04T14:10:35Z,currencyservice,adservice,0,0,0,0,0,0,0
2026-10-04T14:10:35Z,currencyservice,cartservice,0,0,0,0,0,0,0
2026-10-04T14:10:35Z,currencyservice,checkoutservice,0,0,0,0,0,0,0
2026-10-04T14:10:35Z,currencyservice,currencyservice,0,0,0,0,0,0,0
2026-10-04T14:10:35Z,currencyservice,emailservice,0,0,0,0,0,0,0
2026-10-04T14:10:35Z,currencyservice,frontend,0,0,0,0,0,0,0
2026-10-04T14:10:35Z,currencyservice,kubernetes,0,0,0,0,0,0,0
2026-10-04T14:10:35Z,currencyservice,paymentservice,0,0,0,0,0,0,0
2026-10-04T14:10:35Z,currencyservice,productcatalogservice,0,0,0,0,0,0,0
2026-10-04T14:10:35Z,currencyservice,recommendationservice,0,0,0,0,0,0,0
2026-10-04T14:10:35Z,currencyservice,redis-cart,0,0,0,0,0,0,0
2026-10-04T14:10:35Z,currencyservice,shippingservice,0,0,0,0,0,0,0
2026-10-04T14:10:35Z,emailservice,adservice,0,0,0,0,0,0,0
2026-10-04T14:10:35Z,emailservice,cartservice,0,0,0,0,0,0,0
2026-10-04T14:10:35Z,emailservice,checkoutservice,0,0,0,0,0,0,0
2026-10-04T14:10:35Z,emailservice,currencyservice,0,0,0,0,0,0,0
2026-10-04T14:10:35Z,emailservice,emailservice,0,0,0,0,0,0,0
2026-10-04T14:10:35Z,emailservice,frontend,0,0,0,0,0,0,0
2026-10-04T14:10:35Z,emailservice,kubernetes,0,0,0,0,0,0,0
2026-10-04T14:10:35Z,emailservice,paymentservice,0,0,0,0,0,0,0
2026-10-04T14:10:35Z,emailservice,productcatalogservice,0,0,0,0,0,0,0
2026-10-04T14:10:35Z,emailservice,recommendationservice,0,0,0,0,0,0,0
2026-10-04T14:10:35Z,emailservice,redis-cart,0,0,0,0,0,0,0
2026-10-04T14:10:35Z,emailservice,shippingservice,0,0,0,0,0,0,0
2026-10-04T14:10:35Z,frontend,adservice,853400,853398,0,0,0,2571116,853183
2026-10-04T14:10:35Z,frontend,cartservice,1904959,1904946,0,0,4,10532535,1904271
2026-10-04T14:10:35Z,frontend,checkoutservice,401922,191943,0,40061,169946,62935495,191869
2026-10-04T14:10:35Z,frontend,currencyservice,3027181,3027174,0,0,0,15925060,3026145
2026-10-04T14:10:35Z,frontend,emailservice,0,0,0,0,0,0,0
2026-10-04T14:10:35Z,frontend,frontend,0,0,0,0,0,0,0
2026-10-04T14:10:35Z,frontend,kubernetes,0,0,0,0,0,0,0
2026-10-04T14:10:35Z,frontend,paymentservice,0,0,0,0,0,0,0
2026-10-04T14:10:35Z,frontend,productcatalogservice,8476222,8476155,0,0,0,57847079,8473786
2026-10-04T14:10:35Z,frontend,recommendationservice,2776835,1681796,0,115325,977156,842926976,1681216
2026-10-04T14:10:35Z,frontend,redis-cart,0,0,0,0,0,0,0
2026-10-04T14:10:35Z,frontend,shippingservice,312850,312848,0,0,0,946479,312773
2026-10-04T14:10:35Z,paymentservice,adservice,0,0,0,0,0,0,0
2026-10-04T14:10:35Z,paymentservice,cartservice,0,0,0,0,0,0,0
2026-10-04T14:10:35Z,paymentservice,checkoutservice,0,0,0,0,0,0,0
2026-10-04T14:10:35Z,paymentservice,currencyservice,0,0,0,0,0,0,0
2026-10-04T14:10:35Z,paymentservice,emailservice,0,0,0,0,0,0,0
2026-10-04T14:10:35Z,paymentservice,frontend,0,0,0,0,0,0,0
2026-10-04T14:10:35Z,paymentservice,kubernetes,0,0,0,0,0,0,0
2026-10-04T14:10:35Z,paymentservice,paymentservice,0,0,0,0,0,0,0
2026-10-04T14:10:35Z,paymentservice,productcatalogservice,0,0,0,0,0,0,0
2026-10-04T14:10:35Z,paymentservice,recommendationservice,0,0,0,0,0,0,0
2026-10-04T14:10:35Z,paymentservice,redis-cart,0,0,0,0,0,0,0
2026-10-04T14:10:35Z,paymentservice,shippingservice,0,0,0,0,0,0,0
2026-10-04T14:10:35Z,productcatalogservice,adservice,0,0,0,0,0,0,0
2026-10-04T14:10:35Z,productcatalogservice,cartservice,0,0,0,0,0,0,0
2026-10-04T14:10:35Z,productcatalogservice,checkoutservice,0,0,0,0,0,0,0
2026-10-04T14:10:35Z,productcatalogservice,currencyservice,0,0,0,0,0,0,0
2026-10-04T14:10:35Z,productcatalogservice,emailservice,0,0,0,0,0,0,0
2026-10-04T14:10:35Z,productcatalogservice,frontend,0,0,0,0,0,0,0
2026-10-04T14:10:35Z,productcatalogservice,kubernetes,0,0,0,0,0,0,0
2026-10-04T14:10:35Z,productcatalogservice,paymentservice,0,0,0,0,0,0,0
2026-10-04T14:10:35Z,productcatalogservice,productcatalogservice,0,0,0,0,0,0,0
2026-10-04T14:10:35Z,productcatalogservice,recommendationservice,0,0,0,0,0,0,0
2026-10-04T14:10:35Z,productcatalogservice,redis-cart,0,0,0,0,0,0,0
2026-10-04T14:10:35Z,productcatalogservice,shippingservice,0,0,0,0,0,0,0
2026-10-04T14:10:35Z,recommendationservice,adservice,0,0,0,0,0,0,0
2026-10-04T14:10:35Z,recommendationservice,cartservice,0,0,0,0,0,0,0
2026-10-04T14:10:35Z,recommendationservice,checkoutservice,0,0,0,0,0,0,0
2026-10-04T14:10:35Z,recommendationservice,currencyservice,0,0,0,0,0,0,0
2026-10-04T14:10:35Z,recommendationservice,emailservice,0,0,0,0,0,0,0
2026-10-04T14:10:35Z,recommendationservice,frontend,0,0,0,0,0,0,0
2026-10-04T14:10:35Z,recommendationservice,kubernetes,0,0,0,0,0,0,0
2026-10-04T14:10:35Z,recommendationservice,paymentservice,0,0,0,0,0,0,0
2026-10-04T14:10:35Z,recommendationservice,productcatalogservice,175771,175770,0,0,0,1190752,175727
2026-10-04T14:10:35Z,recommendationservice,recommendationservice,0,0,0,0,0,0,0
2026-10-04T14:10:35Z,recommendationservice,redis-cart,0,0,0,0,0,0,0
2026-10-04T14:10:35Z,recommendationservice,shippingservice,0,0,0,0,0,0,0
2026-10-04T14:10:35Z,redis-cart,adservice,0,0,0,0,0,0,0
2026-10-04T14:10:35Z,redis-cart,cartservice,0,0,0,0,0,0,0
2026-10-04T14:10:35Z,redis-cart,checkoutservice,0,0,0,0,0,0,0
2026-10-04T14:10:35Z,redis-cart,currencyservice,0,0,0,0,0,0,0
2026-10-04T14:10:35Z,redis-cart,emailservice,0,0,0,0,0,0,0
2026-10-04T14:10:35Z,redis-cart,frontend,0,0,0,0,0,0,0
2026-10-04T14:10:35Z,redis-cart,kubernetes,0,0,0,0,0,0,0
2026-10-04T14:10:35Z,redis-cart,paymentservice,0,0,0,0,0,0,0
2026-10-04T14:10:35Z,redis-cart,productcatalogservice,0,0,0,0,0,0,0
2026-10-04T14:10:35Z,redis-cart,recommendationservice,0,0,0,0,0,0,0
2026-10-04T14:10:35Z,redis-cart,redis-cart,0,0,0,0,0,0,0
2026-10-04T14:10:35Z,redis-cart,shippingservice,0,0,0,0,0,0,0
2026-10-04T14:10:35Z,shippingservice,adservice,0,0,0,0,0,0,0
2026-10-04T14:10:35Z,shippingservice,cartservice,0,0,0,0,0,0,0
2026-10-04T14:10:35Z,shippingservice,checkoutservice,0,0,0,0,0,0,0
2026-10-04T14:10:35Z,shippingservice,currencyservice,0,0,0,0,0,0,0
2026-10-04T14:10:35Z,shippingservice,emailservice,0,0,0,0,0,0,0
2026-10-04T14:10:35Z,shippingservice,frontend,0,0,0,0,0,0,0
2026-10-04T14:10:35Z,shippingservice,kubernetes,0,0,0,0,0,0,0
2026-10-04T14:10:35Z,shippingservice,paymentservice,0,0,0,0,0,0,0
2026-10-04T14:10:35Z,shippingservice,productcatalogservice,0,0,0,0,0,0,0
2026-10-04T14:10:35Z,shippingservice,recommendationservice,0,0,0,0,0,0,0
2026-10-04T14:10:35Z,shippingservice,redis-cart,0,0,0,0,0,0,0
2026-10-04T14:10:35Z,shippingservice,shippingservice,0,0,0,0,0,0,0
2026-10-04T14:10:36Z,adservice,adservice,0,0,0,0,0,0,0
2026-10-04T14:10:36Z,adservice,cartservice,0,0,0,0,0,0,0
2026-10-04T14:10:36Z,adservice,checkoutservice,0,0,0,0,0,0,0
2026-10-04T14:10:36Z,adservice,currencyservice,0,0,0,0,0,0,0
2026-10-04T14:10:36Z,adservice,emailservice,0,0,0,0,0,0,0
2026-10-04T14:10:36Z,adservice,frontend,0,0,0,0,0,0,0
2026-10-04T14:10:36Z,adservice,kubernetes,0,0,0,0,0,0,0
2026-10-04T14:10:36Z,adservice,paymentservice,0,0,0,0,0,0,0
2026-10-04T14:10:36Z,adservice,productcatalogservice,0,0,0,0,0,0,0
2026-10-04T14:10:36Z,adservice,recommendationservice,0,0,0,0,0,0,0
2026-10-04T14:10:36Z,adservice,redis-cart,0,0,0,0,0,0,0
2026-10-04T14:10:36Z,adservice,shippingservice,0,0,0,0,0,0,0
2026-10-04T14:10:36Z,cartservice,adservice,0,0,0,0,0,0,0
2026-10-04T14:10:36Z,cartservice,cartservice,0,0,0,0,0,0,0
2026-10-04T14:10:36Z,cartservice,checkoutservice,0,0,0,0,0,0,0
2026-10-04T14:10:36Z,cartservice,currencyservice,0,0,0,0,0,0,0
2026-10-04T14:10:36Z,cartservice,emailservice,0,0,0,0,0,0,0
2026-10-04T14:10:36Z,cartservice,frontend,0,0,0,0,0,0,0
2026-10-04T14:10:36Z,cartservice,kubernetes,0,0,0,0,0,0,0
2026-10-04T14:10:36Z,cartservice,paymentservice,0,0,0,0,0,0,0
2026-10-04T14:10:36Z,cartservice,productcatalogservice,0,0,0,0,0,0,0
2026-10-04T14:10:36Z,cartservice,recommendationservice,0,0,0,0,0,0,0
2026-10-04T14:10:36Z,cartservice,redis-cart,2,0,0,0,0,0,0
2026-10-04T14:10:36Z,cartservice,shippingservice,0,0,0,0,0,0,0
2026-10-04T14:10:36Z,checkoutservice,adservice,0,0,0,0,0,0,0
2026-10-04T14:10:36Z,checkoutservice,cartservice,63159,62226,0,100,0,710353,61814
2026-10-04T14:10:36Z,checkoutservice,checkoutservice,0,0,0,0,0,0,0
2026-10-04T14:10:36Z,checkoutservice,currencyservice,42976,42976,0,0,0,572214,42773
2026-10-04T14:10:36Z,checkoutservice,emailservice,14213,13925,0,66,0,455782,13718
2026-10-04T14:10:36Z,checkoutservice,frontend,0,0,0,0,0,0,0
2026-10-04T14:10:36Z,checkoutservice,kubernetes,0,0,0,0,0,0,0
2026-10-04T14:10:36Z,checkoutservice,paymentservice,36242,34394,0,192,0,442205,34043
2026-10-04T14:10:36Z,checkoutservice,productcatalogservice,0,0,0,0,0,0,0
2026-10-04T14:10:36Z,checkoutservice,recommendationservice,0,0,0,0,0,0,0
2026-10-04T14:10:36Z,checkoutservice,redis-cart,0,0,0,0,0,0,0
2026-10-04T14:10:36Z,checkoutservice,shippingservice,68468,66364,0,154,0,517333,65956
2026-10-04T14:10:36Z,currencyservice,adservice,0,0,0,0,0,0,0
2026-10-04T14:10:36Z,currencyservice,cartservice,0,0,0,0,0,0,0
2026-10-04T14:10:36Z,currencyservice,checkoutservice,0,0,0,0,0,0,0
2026-10-04T14:10:36Z,currencyservice,currencyservice,0,0,0,0,0,0,0
2026-10-04T14:10:36Z,currencyservice,emailservice,0,0,0,0,0,0,0
2026-10-04T14:10:36Z,currencyservice,frontend,0,0,0,0,0,0,0
2026-10-04T14:10:36Z,currencyservice,kubernetes,0,0,0,0,0,0,0
2026-10-04T14:10:36Z,currencyservice,paymentservice,0,0,0,0,0,0,0
2026-10-04T14:10:36Z,currencyservice,productcatalogservice,0,0,0,0,0,0,0
2026-10-04T14:10:36Z,currencyservice,recommendationservice,0,0,0,0,0,0,0
2026-10-04T14:10:36Z,currencyservice,redis-cart,0,0,0,0,0,0,0
2026-10-04T14:10:36Z,currencyservice,shippingservice,0,0,0,0,0,0,0
2026-10-04T14:10:36Z,emailservice,adservice,0,0,0,0,0,0,0
2026-10-04T14:10:36Z,emailservice,cartservice,0,0,0,0,0,0,0
2026-10-04T14:10:36Z,emailservice,checkoutservice,0,0,0,0,0,0,0
2026-10-04T14:10:36Z,emailservice,currencyservice,0,0,0,0,0,0,0
2026-10-04T14:10:36Z,emailservice,emailservice,0,0,0,0,0,0,0
2026-10-04T14:10:36Z,emailservice,frontend,0,0,0,0,0,0,0
2026-10-04T14:10:36Z,emailservice,kubernetes,0,0,0,0,0,0,0
2026-10-04T14:10:36Z,emailservice,paymentservice,0,0,0,0,0,0,0
2026-10-04T14:10:36Z,emailservice,productcatalogservice,0,0,0,0,0,0,0
2026-10-04T14:10:36Z,emailservice,recommendationservice,0,0,0,0,0,0,0
2026-10-04T14:10:36Z,emailservice,redis-cart,0,0,0,0,0,0,0
2026-10-04T14:10:36Z,emailservice,shippingservice,0,0,0,0,0,0,0
2026-10-04T14:10:36Z,frontend,adservice,853486,853483,0,0,0,2571116,853183
2026-10-04T14:10:36Z,frontend,cartservice,1905321,1905302,0,0,4,10532535,1904271
2026-10-04T14:10:36Z,frontend,checkoutservice,401980,192007,0,40061,169946,62935495,191869
2026-10-04T14:10:36Z,frontend,currencyservice,3027759,3027751,0,0,0,15925060,3026145
2026-10-04T14:10:36Z,frontend,emailservice,0,0,0,0,0,0,0
2026-10-04T14:10:36Z,frontend,frontend,0,0,0,0,0,0,0
2026-10-04T14:10:36Z,frontend,kubernetes,0,0,0,0,0,0,0
2026-10-04T14:10:36Z,frontend,paymentservice,0,0,0,0,0,0,0
2026-10-04T14:10:36Z,frontend,productcatalogservice,8477418,8477349,0,0,0,57847079,8473786
2026-10-04T14:10:36Z,frontend,recommendationservice,2777583,1682119,0,115375,977541,842926976,1681216
2026-10-04T14:10:36Z,frontend,redis-cart,0,0,0,0,0,0,0
2026-10-04T14:10:36Z,frontend,shippingservice,312889,312885,0,0,0,946479,312773
2026-10-04T14:10:36Z,paymentservice,adservice,0,0,0,0,0,0,0
2026-10-04T14:10:36Z,paymentservice,cartservice,0,0,0,0,0,0,0
2026-10-04T14:10:36Z,paymentservice,checkoutservice,0,0,0,0,0,0,0
2026-10-04T14:10:36Z,paymentservice,currencyservice,0,0,0,0,0,0,0
2026-10-04T14:10:36Z,paymentservice,emailservice,0,0,0,0,0,0,0
2026-10-04T14:10:36Z,paymentservice,frontend,0,0,0,0,0,0,0
2026-10-04T14:10:36Z,paymentservice,kubernetes,0,0,0,0,0,0,0
2026-10-04T14:10:36Z,paymentservice,paymentservice,0,0,0,0,0,0,0
2026-10-04T14:10:36Z,paymentservice,productcatalogservice,0,0,0,0,0,0,0
2026-10-04T14:10:36Z,paymentservice,recommendationservice,0,0,0,0,0,0,0
2026-10-04T14:10:36Z,paymentservice,redis-cart,0,0,0,0,0,0,0
2026-10-04T14:10:36Z,paymentservice,shippingservice,0,0,0,0,0,0,0
2026-10-04T14:10:36Z,productcatalogservice,adservice,0,0,0,0,0,0,0
2026-10-04T14:10:36Z,productcatalogservice,cartservice,0,0,0,0,0,0,0
2026-10-04T14:10:36Z,productcatalogservice,checkoutservice,0,0,0,0,0,0,0
2026-10-04T14:10:36Z,productcatalogservice,currencyservice,0,0,0,0,0,0,0
2026-10-04T14:10:36Z,productcatalogservice,emailservice,0,0,0,0,0,0,0
2026-10-04T14:10:36Z,productcatalogservice,frontend,0,0,0,0,0,0,0
2026-10-04T14:10:36Z,productcatalogservice,kubernetes,0,0,0,0,0,0,0
2026-10-04T14:10:36Z,productcatalogservice,paymentservice,0,0,0,0,0,0,0
2026-10-04T14:10:36Z,productcatalogservice,productcatalogservice,0,0,0,0,0,0,0
2026-10-04T14:10:36Z,productcatalogservice,recommendationservice,0,0,0,0,0,0,0
2026-10-04T14:10:36Z,productcatalogservice,redis-cart,0,0,0,0,0,0,0
2026-10-04T14:10:36Z,productcatalogservice,shippingservice,0,0,0,0,0,0,0
2026-10-04T14:10:36Z,recommendationservice,adservice,0,0,0,0,0,0,0
2026-10-04T14:10:36Z,recommendationservice,cartservice,0,0,0,0,0,0,0
2026-10-04T14:10:36Z,recommendationservice,checkoutservice,0,0,0,0,0,0,0
2026-10-04T14:10:36Z,recommendationservice,currencyservice,0,0,0,0,0,0,0
2026-10-04T14:10:36Z,recommendationservice,emailservice,0,0,0,0,0,0,0
2026-10-04T14:10:36Z,recommendationservice,frontend,0,0,0,0,0,0,0
2026-10-04T14:10:36Z,recommendationservice,kubernetes,0,0,0,0,0,0,0
2026-10-04T14:10:36Z,recommendationservice,paymentservice,0,0,0,0,0,0,0
2026-10-04T14:10:36Z,recommendationservice,productcatalogservice,176176,176172,0,0,0,1190752,175727
2026-10-04T14:10:36Z,recommendationservice,recommendationservice,0,0,0,0,0,0,0
2026-10-04T14:10:36Z,recommendationservice,redis-cart,0,0,0,0,0,0,0
2026-10-04T14:10:36Z,recommendationservice,shippingservice,0,0,0,0,0,0,0
2026-10-04T14:10:36Z,redis-cart,adservice,0,0,0,0,0,0,0
2026-10-04T14:10:36Z,redis-cart,cartservice,0,0,0,0,0,0,0
2026-10-04T14:10:36Z,redis-cart,checkoutservice,0,0,0,0,0,0,0
2026-10-04T14:10:36Z,redis-cart,currencyservice,0,0,0,0,0,0,0
2026-10-04T14:10:36Z,redis-cart,emailservice,0,0,0,0,0,0,0
2026-10-04T14:10:36Z,redis-cart,frontend,0,0,0,0,0,0,0
2026-10-04T14:10:36Z,redis-cart,kubernetes,0,0,0,0,0,0,0
2026-10-04T14:10:36Z,redis-cart,paymentservice,0,0,0,0,0,0,0
2026-10-04T14:10:36Z,redis-cart,productcatalogservice,0,0,0,0,0,0,0
2026-10-04T14:10:36Z,redis-cart,recommendationservice,0,0,0,0,0,0,0
2026-10-04T14:10:36Z,redis-cart,redis-cart,0,0,0,0,0,0,0
2026-10-04T14:10:36Z,redis-cart,shippingservice,0,0,0,0,0,0,0
2026-10-04T14:10:36Z,shippingservice,adservice,0,0,0,0,0,0,0
2026-10-04T14:10:36Z,shippingservice,cartservice,0,0,0,0,0,0,0
2026-10-04T14:10:36Z,shippingservice,checkoutservice,0,0,0,0,0,0,0
2026-10-04T14:10:36Z,shippingservice,currencyservice,0,0,0,0,0,0,0
2026-10-04T14:10:36Z,shippingservice,emailservice,0,0,0,0,0,0,0
2026-10-04T14:10:36Z,shippingservice,frontend,0,0,0,0,0,0,0
2026-10-04T14:10:36Z,shippingservice,kubernetes,0,0,0,0,0,0,0
2026-10-04T14:10:36Z,shippingservice,paymentservice,0,0,0,0,0,0,0
2026-10-04T14:10:36Z,shippingservice,productcatalogservice,0,0,0,0,0,0,0
2026-10-04T14:10:36Z,shippingservice,recommendationservice,0,0,0,0,0,0,0
2026-10-04T14:10:36Z,shippingservice,redis-cart,0,0,0,0,0,0,0
2026-10-04T14:10:36Z,shippingservice,shippingservice,0,0,0,0,0,0,0
2026-10-04T14:10:37Z,adservice,adservice,0,0,0,0,0,0,0
2026-10-04T14:10:37Z,adservice,cartservice,0,0,0,0,0,0,0
2026-10-04T14:10:37Z,adservice,checkoutservice,0,0,0,0,0,0,0
2026-10-04T14:10:37Z,adservice,currencyservice,0,0,0,0,0,0,0
2026-10-04T14:10:37Z,adservice,emailservice,0,0,0,0,0,0,0
2026-10-04T14:10:37Z,adservice,frontend,0,0,0,0,0,0,0
2026-10-04T14:10:37Z,adservice,kubernetes,0,0,0,0,0,0,0
2026-10-04T14:10:37Z,adservice,paymentservice,0,0,0,0,0,0,0
2026-10-04T14:10:37Z,adservice,productcatalogservice,0,0,0,0,0,0,0
2026-10-04T14:10:37Z,adservice,recommendationservice,0,0,0,0,0,0,0
2026-10-04T14:10:37Z,adservice,redis-cart,0,0,0,0,0,0,0
2026-10-04T14:10:37Z,adservice,shippingservice,0,0,0,0,0,0,0
2026-10-04T14:10:37Z,cartservice,adservice,0,0,0,0,0,0,0
2026-10-04T14:10:37Z,cartservice,cartservice,0,0,0,0,0,0,0
2026-10-04T14:10:37Z,cartservice,checkoutservice,0,0,0,0,0,0,0
2026-10-04T14:10:37Z,cartservice,currencyservice,0,0,0,0,0,0,0
2026-10-04T14:10:37Z,cartservice,emailservice,0,0,0,0,0,0,0
2026-10-04T14:10:37Z,cartservice,frontend,0,0,0,0,0,0,0
2026-10-04T14:10:37Z,cartservice,kubernetes,0,0,0,0,0,0,0
2026-10-04T14:10:37Z,cartservice,paymentservice,0,0,0,0,0,0,0
2026-10-04T14:10:37Z,cartservice,productcatalogservice,0,0,0,0,0,0,0
2026-10-04T14:10:37Z,cartservice,recommendationservice,0,0,0,0,0,0,0
2026-10-04T14:10:37Z,cartservice,redis-cart,2,0,0,0,0,0,0
2026-10-04T14:10:37Z,cartservice,shippingservice,0,0,0,0,0,0,0
2026-10-04T14:10:37Z,checkoutservice,adservice,0,0,0,0,0,0,0
2026-10-04T14:10:37Z,checkoutservice,cartservice,63249,62318,0,100,0,712796,62317
2026-10-04T14:10:37Z,checkoutservice,checkoutservice,0,0,0,0,0,0,0
2026-10-04T14:10:37Z,checkoutservice,currencyservice,43022,43022,0,0,0,573337,43022
2026-10-04T14:10:37Z,checkoutservice,emailservice,14260,13972,0,66,0,462885,13972
2026-10-04T14:10:37Z,checkoutservice,frontend,0,0,0,0,0,0,0
2026-10-04T14:10:37Z,checkoutservice,kubernetes,0,0,0,0,0,0,0
2026-10-04T14:10:37Z,checkoutservice,paymentservice,36288,34440,0,192,0,443064,34292
2026-10-04T14:10:37Z,checkoutservice,productcatalogservice,0,0,0,0,0,0,0
2026-10-04T14:10:37Z,checkoutservice,recommendationservice,0,0,0,0,0,0,0
2026-10-04T14:10:37Z,checkoutservice,redis-cart,0,0,0,0,0,0,0
2026-10-04T14:10:37Z,checkoutservice,shippingservice,68560,66457,0,154,0,518519,66455
2026-10-04T14:10:37Z,currencyservice,adservice,0,0,0,0,0,0,0
2026-10-04T14:10:37Z,currencyservice,cartservice,0,0,0,0,0,0,0
2026-10-04T14:10:37Z,currencyservice,checkoutservice,0,0,0,0,0,0,0
2026-10-04T14:10:37Z,currencyservice,currencyservice,0,0,0,0,0,0,0
2026-10-04T14:10:37Z,currencyservice,emailservice,0,0,0,0,0,0,0
2026-10-04T14:10:37Z,currencyservice,frontend,0,0,0,0,0,0,0
2026-10-04T14:10:37Z,currencyservice,kubernetes,0,0,0,0,0,0,0
2026-10-04T14:10:37Z,currencyservice,paymentservice,0,0,0,0,0,0,0
2026-10-04T14:10:37Z,currencyservice,productcatalogservice,0,0,0,0,0,0,0
2026-10-04T14:10:37Z,currencyservice,recommendationservice,0,0,0,0,0,0,0
2026-10-04T14:10:37Z,currencyservice,redis-cart,0,0,0,0,0,0,0
2026-10-04T14:10:37Z,currencyservice,shippingservice,0,0,0,0,0,0,0
2026-10-04T14:10:37Z,emailservice,adservice,0,0,0,0,0,0,0
2026-10-04T14:10:37Z,emailservice,cartservice,0,0,0,0,0,0,0
2026-10-04T14:10:37Z,emailservice,checkoutservice,0,0,0,0,0,0,0
2026-10-04T14:10:37Z,emailservice,currencyservice,0,0,0,0,0,0,0
2026-10-04T14:10:37Z,emailservice,emailservice,0,0,0,0,0,0,0
2026-10-04T14:10:37Z,emailservice,frontend,0,0,0,0,0,0,0
2026-10-04T14:10:37Z,emailservice,kubernetes,0,0,0,0,0,0,0
2026-10-04T14:10:37Z,emailservice,paymentservice,0,0,0,0,0,0,0
2026-10-04T14:10:37Z,emailservice,productcatalogservice,0,0,0,0,0,0,0
2026-10-04T14:10:37Z,emailservice,recommendationservice,0,0,0,0,0,0,0
2026-10-04T14:10:37Z,emailservice,redis-cart,0,0,0,0,0,0,0
2026-10-04T14:10:37Z,emailservice,shippingservice,0,0,0,0,0,0,0
2026-10-04T14:10:37Z,frontend,adservice,853603,853601,0,0,0,2571116,853183
2026-10-04T14:10:37Z,frontend,cartservice,1905668,1905656,0,0,4,10532535,1904271
2026-10-04T14:10:37Z,frontend,checkoutservice,402015,192046,0,40061,169946,62935495,191869
2026-10-04T14:10:37Z,frontend,currencyservice,3028283,3028275,0,0,0,15925060,3026145
2026-10-04T14:10:37Z,frontend,emailservice,0,0,0,0,0,0,0
2026-10-04T14:10:37Z,frontend,frontend,0,0,0,0,0,0,0
2026-10-04T14:10:37Z,frontend,kubernetes,0,0,0,0,0,0,0
2026-10-04T14:10:37Z,frontend,paymentservice,0,0,0,0,0,0,0
2026-10-04T14:10:37Z,frontend,productcatalogservice,8478630,8478567,0,0,0,57847079,8473786
2026-10-04T14:10:37Z,frontend,recommendationservice,2778329,1682404,0,115420,977950,842926976,1681216
2026-10-04T14:10:37Z,frontend,redis-cart,0,0,0,0,0,0,0
2026-10-04T14:10:37Z,frontend,shippingservice,312928,312926,0,0,0,946479,312773
2026-10-04T14:10:37Z,paymentservice,adservice,0,0,0,0,0,0,0
2026-10-04T14:10:37Z,paymentservice,cartservice,0,0,0,0,0,0,0
2026-10-04T14:10:37Z,paymentservice,checkoutservice,0,0,0,0,0,0,0
2026-10-04T14:10:37Z,paymentservice,currencyservice,0,0,0,0,0,0,0
2026-10-04T14:10:37Z,paymentservice,emailservice,0,0,0,0,0,0,0
2026-10-04T14:10:37Z,paymentservice,frontend,0,0,0,0,0,0,0
2026-10-04T14:10:37Z,paymentservice,kubernetes,0,0,0,0,0,0,0
2026-10-04T14:10:37Z,paymentservice,paymentservice,0,0,0,0,0,0,0
2026-10-04T14:10:37Z,paymentservice,productcatalogservice,0,0,0,0,0,0,0
2026-10-04T14:10:37Z,paymentservice,recommendationservice,0,0,0,0,0,0,0
2026-10-04T14:10:37Z,paymentservice,redis-cart,0,0,0,0,0,0,0
2026-10-04T14:10:37Z,paymentservice,shippingservice,0,0,0,0,0,0,0
2026-10-04T14:10:37Z,productcatalogservice,adservice,0,0,0,0,0,0,0
2026-10-04T14:10:37Z,productcatalogservice,cartservice,0,0,0,0,0,0,0
2026-10-04T14:10:37Z,productcatalogservice,checkoutservice,0,0,0,0,0,0,0
2026-10-04T14:10:37Z,productcatalogservice,currencyservice,0,0,0,0,0,0,0
2026-10-04T14:10:37Z,productcatalogservice,emailservice,0,0,0,0,0,0,0
2026-10-04T14:10:37Z,productcatalogservice,frontend,0,0,0,0,0,0,0
2026-10-04T14:10:37Z,productcatalogservice,kubernetes,0,0,0,0,0,0,0
2026-10-04T14:10:37Z,productcatalogservice,paymentservice,0,0,0,0,0,0,0
2026-10-04T14:10:37Z,productcatalogservice,productcatalogservice,0,0,0,0,0,0,0
2026-10-04T14:10:37Z,productcatalogservice,recommendationservice,0,0,0,0,0,0,0
2026-10-04T14:10:37Z,productcatalogservice,redis-cart,0,0,0,0,0,0,0
2026-10-04T14:10:37Z,productcatalogservice,shippingservice,0,0,0,0,0,0,0
2026-10-04T14:10:37Z,recommendationservice,adservice,0,0,0,0,0,0,0
2026-10-04T14:10:37Z,recommendationservice,cartservice,0,0,0,0,0,0,0
2026-10-04T14:10:37Z,recommendationservice,checkoutservice,0,0,0,0,0,0,0
2026-10-04T14:10:37Z,recommendationservice,currencyservice,0,0,0,0,0,0,0
2026-10-04T14:10:37Z,recommendationservice,emailservice,0,0,0,0,0,0,0
2026-10-04T14:10:37Z,recommendationservice,frontend,0,0,0,0,0,0,0
2026-10-04T14:10:37Z,recommendationservice,kubernetes,0,0,0,0,0,0,0
2026-10-04T14:10:37Z,recommendationservice,paymentservice,0,0,0,0,0,0,0
2026-10-04T14:10:37Z,recommendationservice,productcatalogservice,176538,176537,0,0,0,1190752,175727
2026-10-04T14:10:37Z,recommendationservice,recommendationservice,0,0,0,0,0,0,0
2026-10-04T14:10:37Z,recommendationservice,redis-cart,0,0,0,0,0,0,0
2026-10-04T14:10:37Z,recommendationservice,shippingservice,0,0,0,0,0,0,0
2026-10-04T14:10:37Z,redis-cart,adservice,0,0,0,0,0,0,0
2026-10-04T14:10:37Z,redis-cart,cartservice,0,0,0,0,0,0,0
2026-10-04T14:10:37Z,redis-cart,checkoutservice,0,0,0,0,0,0,0
2026-10-04T14:10:37Z,redis-cart,currencyservice,0,0,0,0,0,0,0
2026-10-04T14:10:37Z,redis-cart,emailservice,0,0,0,0,0,0,0
2026-10-04T14:10:37Z,redis-cart,frontend,0,0,0,0,0,0,0
2026-10-04T14:10:37Z,redis-cart,kubernetes,0,0,0,0,0,0,0
2026-10-04T14:10:37Z,redis-cart,paymentservice,0,0,0,0,0,0,0
2026-10-04T14:10:37Z,redis-cart,productcatalogservice,0,0,0,0,0,0,0
2026-10-04T14:10:37Z,redis-cart,recommendationservice,0,0,0,0,0,0,0
2026-10-04T14:10:37Z,redis-cart,redis-cart,0,0,0,0,0,0,0
2026-10-04T14:10:37Z,redis-cart,shippingservice,0,0,0,0,0,0,0
2026-10-04T14:10:37Z,shippingservice,adservice,0,0,0,0,0,0,0
2026-10-04T14:10:37Z,shippingservice,cartservice,0,0,0,0,0,0,0
2026-10-04T14:10:37Z,shippingservice,checkoutservice,0,0,0,0,0,0,0
2026-10-04T14:10:37Z,shippingservice,currencyservice,0,0,0,0,0,0,0
2026-10-04T14:10:37Z,shippingservice,emailservice,0,0,0,0,0,0,0
2026-10-04T14:10:37Z,shippingservice,frontend,0,0,0,0,0,0,0
2026-10-04T14:10:37Z,shippingservice,kubernetes,0,0,0,0,0,0,0
2026-10-04T14:10:37Z,shippingservice,paymentservice,0,0,0,0,0,0,0
2026-10-04T14:10:37Z,shippingservice,productcatalogservice,0,0,0,0,0,0,0
2026-10-04T14:10:37Z,shippingservice,recommendationservice,0,0,0,0,0,0,0
2026-10-04T14:10:37Z,shippingservice,redis-cart,0,0,0,0,0,0,0
2026-10-04T14:10:37Z,shippingservice,shippingservice,0,0,0,0,0,0,0
2026-10-04T14:10:38Z,adservice,adservice,0,0,0,0,0,0,0
2026-10-04T14:10:38Z,adservice,cartservice,0,0,0,0,0,0,0
2026-10-04T14:10:38Z,adservice,checkoutservice,0,0,0,0,0,0,0
2026-10-04T14:10:38Z,adservice,currencyservice,0,0,0,0,0,0,0
2026-10-04T14:10:38Z,adservice,emailservice,0,0,0,0,0,0,0
2026-10-04T14:10:38Z,adservice,frontend,0,0,0,0,0,0,0
2026-10-04T14:10:38Z,adservice,kubernetes,0,0,0,0,0,0,0
2026-10-04T14:10:38Z,adservice,paymentservice,0,0,0,0,0,0,0
2026-10-04T14:10:38Z,adservice,productcatalogservice,0,0,0,0,0,0,0
2026-10-04T14:10:38Z,adservice,recommendationservice,0,0,0,0,0,0,0
2026-10-04T14:10:38Z,adservice,redis-cart,0,0,0,0,0,0,0
2026-10-04T14:10:38Z,adservice,shippingservice,0,0,0,0,0,0,0
2026-10-04T14:10:38Z,cartservice,adservice,0,0,0,0,0,0,0
2026-10-04T14:10:38Z,cartservice,cartservice,0,0,0,0,0,0,0
2026-10-04T14:10:38Z,cartservice,checkoutservice,0,0,0,0,0,0,0
2026-10-04T14:10:38Z,cartservice,currencyservice,0,0,0,0,0,0,0
2026-10-04T14:10:38Z,cartservice,emailservice,0,0,0,0,0,0,0
2026-10-04T14:10:38Z,cartservice,frontend,0,0,0,0,0,0,0
2026-10-04T14:10:38Z,cartservice,kubernetes,0,0,0,0,0,0,0
2026-10-04T14:10:38Z,cartservice,paymentservice,0,0,0,0,0,0,0
2026-10-04T14:10:38Z,cartservice,productcatalogservice,0,0,0,0,0,0,0
2026-10-04T14:10:38Z,cartservice,recommendationservice,0,0,0,0,0,0,0
2026-10-04T14:10:38Z,cartservice,redis-cart,2,0,0,0,0,0,0
2026-10-04T14:10:38Z,cartservice,shippingservice,0,0,0,0,0,0,0
2026-10-04T14:10:38Z,checkoutservice,adservice,0,0,0,0,0,0,0
2026-10-04T14:10:38Z,checkoutservice,cartservice,63351,62420,0,100,0,712796,62317
2026-10-04T14:10:38Z,checkoutservice,checkoutservice,0,0,0,0,0,0,0
2026-10-04T14:10:38Z,checkoutservice,currencyservice,43073,43073,0,0,0,573337,43022
2026-10-04T14:10:38Z,checkoutservice,emailservice,14311,14023,0,66,0,462885,13972
2026-10-04T14:10:38Z,checkoutservice,frontend,0,0,0,0,0,0,0
2026-10-04T14:10:38Z,checkoutservice,kubernetes,0,0,0,0,0,0,0
2026-10-04T14:10:38Z,checkoutservice,paymentservice,36339,34491,0,192,0,443064,34292
2026-10-04T14:10:38Z,checkoutservice,productcatalogservice,0,0,0,0,0,0,0
2026-10-04T14:10:38Z,checkoutservice,recommendationservice,0,0,0,0,0,0,0
2026-10-04T14:10:38Z,checkoutservice,redis-cart,0,0,0,0,0,0,0
2026-10-04T14:10:38Z,checkoutservice,shippingservice,68662,66559,0,154,0,518519,66455
2026-10-04T14:10:38Z,currencyservice,adservice,0,0,0,0,0,0,0
2026-10-04T14:10:38Z,currencyservice,cartservice,0,0,0,0,0,0,0
2026-10-04T14:10:38Z,currencyservice,checkoutservice,0,0,0,0,0,0,0
2026-10-04T14:10:38Z,currencyservice,currencyservice,0,0,0,0,0,0,0
2026-10-04T14:10:38Z,currencyservice,emailservice,0,0,0,0,0,0,0
2026-10-04T14:10:38Z,currencyservice,frontend,0,0,0,0,0,0,0
2026-10-04T14:10:38Z,currencyservice,kubernetes,0,0,0,0,0,0,0
2026-10-04T14:10:38Z,currencyservice,paymentservice,0,0,0,0,0,0,0
2026-10-04T14:10:38Z,currencyservice,productcatalogservice,0,0,0,0,0,0,0
2026-10-04T14:10:38Z,currencyservice,recommendationservice,0,0,0,0,0,0,0
2026-10-04T14:10:38Z,currencyservice,redis-cart,0,0,0,0,0,0,0
2026-10-04T14:10:38Z,currencyservice,shippingservice,0,0,0,0,0,0,0
2026-10-04T14:10:38Z,emailservice,adservice,0,0,0,0,0,0,0
2026-10-04T14:10:38Z,emailservice,cartservice,0,0,0,0,0,0,0
2026-10-04T14:10:38Z,emailservice,checkoutservice,0,0,0,0,0,0,0
2026-10-04T14:10:38Z,emailservice,currencyservice,0,0,0,0,0,0,0
2026-10-04T14:10:38Z,emailservice,emailservice,0,0,0,0,0,0,0
2026-10-04T14:10:38Z,emailservice,frontend,0,0,0,0,0,0,0
2026-10-04T14:10:38Z,emailservice,kubernetes,0,0,0,0,0,0,0
2026-10-04T14:10:38Z,emailservice,paymentservice,0,0,0,0,0,0,0
2026-10-04T14:10:38Z,emailservice,productcatalogservice,0,0,0,0,0,0,0
2026-10-04T14:10:38Z,emailservice,recommendationservice,0,0,0,0,0,0,0
2026-10-04T14:10:38Z,emailservice,redis-cart,0,0,0,0,0,0,0
2026-10-04T14:10:38Z,emailservice,shippingservice,0,0,0,0,0,0,0
2026-10-04T14:10:38Z,frontend,adservice,853742,853740,0,0,0,2571603,853346
2026-10-04T14:10:38Z,frontend,cartservice,1906077,1906057,0,0,4,10534604,1904719
2026-10-04T14:10:38Z,frontend,checkoutservice,402063,192093,0,40061,169946,62941103,191922
2026-10-04T14:10:38Z,frontend,currencyservice,3028924,3028915,0,0,0,15928193,3026846
2026-10-04T14:10:38Z,frontend,emailservice,0,0,0,0,0,0,0
2026-10-04T14:10:38Z,frontend,frontend,0,0,0,0,0,0,0
2026-10-04T14:10:38Z,frontend,kubernetes,0,0,0,0,0,0,0
2026-10-04T14:10:38Z,frontend,paymentservice,0,0,0,0,0,0,0
2026-10-04T14:10:38Z,frontend,productcatalogservice,8480131,8480069,0,0,0,57859032,8475407
2026-10-04T14:10:38Z,frontend,recommendationservice,2779071,1682771,0,115473,978294,843304776,1681638
2026-10-04T14:10:38Z,frontend,redis-cart,0,0,0,0,0,0,0
2026-10-04T14:10:38Z,frontend,shippingservice,312976,312974,0,0,0,946556,312809
2026-10-04T14:10:38Z,paymentservice,adservice,0,0,0,0,0,0,0
2026-10-04T14:10:38Z,paymentservice,cartservice,0,0,0,0,0,0,0
2026-10-04T14:10:38Z,paymentservice,checkoutservice,0,0,0,0,0,0,0
2026-10-04T14:10:38Z,paymentservice,currencyservice,0,0,0,0,0,0,0
2026-10-04T14:10:38Z,paymentservice,emailservice,0,0,0,0,0,0,0
2026-10-04T14:10:38Z,paymentservice,frontend,0,0,0,0,0,0,0
2026-10-04T14:10:38Z,paymentservice,kubernetes,0,0,0,0,0,0,0
2026-10-04T14:10:38Z,paymentservice,paymentservice,0,0,0,0,0,0,0
2026-10-04T14:10:38Z,paymentservice,productcatalogservice,0,0,0,0,0,0,0
2026-10-04T14:10:38Z,paymentservice,recommendationservice,0,0,0,0,0,0,0
2026-10-04T14:10:38Z,paymentservice,redis-cart,0,0,0,0,0,0,0
2026-10-04T14:10:38Z,paymentservice,shippingservice,0,0,0,0,0,0,0
2026-10-04T14:10:38Z,productcatalogservice,adservice,0,0,0,0,0,0,0
2026-10-04T14:10:38Z,productcatalogservice,cartservice,0,0,0,0,0,0,0
2026-10-04T14:10:38Z,productcatalogservice,checkoutservice,0,0,0,0,0,0,0
2026-10-04T14:10:38Z,productcatalogservice,currencyservice,0,0,0,0,0,0,0
2026-10-04T14:10:38Z,productcatalogservice,emailservice,0,0,0,0,0,0,0
2026-10-04T14:10:38Z,productcatalogservice,frontend,0,0,0,0,0,0,0
2026-10-04T14:10:38Z,productcatalogservice,kubernetes,0,0,0,0,0,0,0
2026-10-04T14:10:38Z,productcatalogservice,paymentservice,0,0,0,0,0,0,0
2026-10-04T14:10:38Z,productcatalogservice,productcatalogservice,0,0,0,0,0,0,0
2026-10-04T14:10:38Z,productcatalogservice,recommendationservice,0,0,0,0,0,0,0
2026-10-04T14:10:38Z,productcatalogservice,redis-cart,0,0,0,0,0,0,0
2026-10-04T14:10:38Z,productcatalogservice,shippingservice,0,0,0,0,0,0,0
2026-10-04T14:10:38Z,recommendationservice,adservice,0,0,0,0,0,0,0
2026-10-04T14:10:38Z,recommendationservice,cartservice,0,0,0,0,0,0,0
2026-10-04T14:10:38Z,recommendationservice,checkoutservice,0,0,0,0,0,0,0
2026-10-04T14:10:38Z,recommendationservice,currencyservice,0,0,0,0,0,0,0
2026-10-04T14:10:38Z,recommendationservice,emailservice,0,0,0,0,0,0,0
2026-10-04T14:10:38Z,recommendationservice,frontend,0,0,0,0,0,0,0
2026-10-04T14:10:38Z,recommendationservice,kubernetes,0,0,0,0,0,0,0
2026-10-04T14:10:38Z,recommendationservice,paymentservice,0,0,0,0,0,0,0
2026-10-04T14:10:38Z,recommendationservice,productcatalogservice,176915,176912,0,0,0,1190752,175727
2026-10-04T14:10:38Z,recommendationservice,recommendationservice,0,0,0,0,0,0,0
2026-10-04T14:10:38Z,recommendationservice,redis-cart,0,0,0,0,0,0,0
2026-10-04T14:10:38Z,recommendationservice,shippingservice,0,0,0,0,0,0,0
2026-10-04T14:10:38Z,redis-cart,adservice,0,0,0,0,0,0,0
2026-10-04T14:10:38Z,redis-cart,cartservice,0,0,0,0,0,0,0
2026-10-04T14:10:38Z,redis-cart,checkoutservice,0,0,0,0,0,0,0
2026-10-04T14:10:38Z,redis-cart,currencyservice,0,0,0,0,0,0,0
2026-10-04T14:10:38Z,redis-cart,emailservice,0,0,0,0,0,0,0
2026-10-04T14:10:38Z,redis-cart,frontend,0,0,0,0,0,0,0
2026-10-04T14:10:38Z,redis-cart,kubernetes,0,0,0,0,0,0,0
2026-10-04T14:10:38Z,redis-cart,paymentservice,0,0,0,0,0,0,0
2026-10-04T14:10:38Z,redis-cart,productcatalogservice,0,0,0,0,0,0,0
2026-10-04T14:10:38Z,redis-cart,recommendationservice,0,0,0,0,0,0,0
2026-10-04T14:10:38Z,redis-cart,redis-cart,0,0,0,0,0,0,0
2026-10-04T14:10:38Z,redis-cart,shippingservice,0,0,0,0,0,0,0
2026-10-04T14:10:38Z,shippingservice,adservice,0,0,0,0,0,0,0
2026-10-04T14:10:38Z,shippingservice,cartservice,0,0,0,0,0,0,0
2026-10-04T14:10:38Z,shippingservice,checkoutservice,0,0,0,0,0,0,0
2026-10-04T14:10:38Z,shippingservice,currencyservice,0,0,0,0,0,0,0
2026-10-04T14:10:38Z,shippingservice,emailservice,0,0,0,0,0,0,0
2026-10-04T14:10:38Z,shippingservice,frontend,0,0,0,0,0,0,0
2026-10-04T14:10:38Z,shippingservice,kubernetes,0,0,0,0,0,0,0
2026-10-04T14:10:38Z,shippingservice,paymentservice,0,0,0,0,0,0,0
2026-10-04T14:10:38Z,shippingservice,productcatalogservice,0,0,0,0,0,0,0
2026-10-04T14:10:38Z,shippingservice,recommendationservice,0,0,0,0,0,0,0
2026-10-04T14:10:38Z,shippingservice,redis-cart,0,0,0,0,0,0,0
2026-10-04T14:10:38Z,shippingservice,shippingservice,0,0,0,0,0,0,0
2026-10-04T14:10:39Z,adservice,adservice,0,0,0,0,0,0,0
2026-10-04T14:10:39Z,adservice,cartservice,0,0,0,0,0,0,0
2026-10-04T14:10:39Z,adservice,checkoutservice,0,0,0,0,0,0,0
2026-10-04T14:10:39Z,adservice,currencyservice,0,0,0,0,0,0,0
2026-10-04T14:10:39Z,adservice,emailservice,0,0,0,0,0,0,0
2026-10-04T14:10:39Z,adservice,frontend,0,0,0,0,0,0,0
2026-10-04T14:10:39Z,adservice,kubernetes,0,0,0,0,0,0,0
2026-10-04T14:10:39Z,adservice,paymentservice,0,0,0,0,0,0,0
2026-10-04T14:10:39Z,adservice,productcatalogservice,0,0,0,0,0,0,0
2026-10-04T14:10:39Z,adservice,recommendationservice,0,0,0,0,0,0,0
2026-10-04T14:10:39Z,adservice,redis-cart,0,0,0,0,0,0,0
2026-10-04T14:10:39Z,adservice,shippingservice,0,0,0,0,0,0,0
2026-10-04T14:10:39Z,cartservice,adservice,0,0,0,0,0,0,0
2026-10-04T14:10:39Z,cartservice,cartservice,0,0,0,0,0,0,0
2026-10-04T14:10:39Z,cartservice,checkoutservice,0,0,0,0,0,0,0
2026-10-04T14:10:39Z,cartservice,currencyservice,0,0,0,0,0,0,0
2026-10-04T14:10:39Z,cartservice,emailservice,0,0,0,0,0,0,0
2026-10-04T14:10:39Z,cartservice,frontend,0,0,0,0,0,0,0
2026-10-04T14:10:39Z,cartservice,kubernetes,0,0,0,0,0,0,0
2026-10-04T14:10:39Z,cartservice,paymentservice,0,0,0,0,0,0,0
2026-10-04T14:10:39Z,cartservice,productcatalogservice,0,0,0,0,0,0,0
2026-10-04T14:10:39Z,cartservice,recommendationservice,0,0,0,0,0,0,0
2026-10-04T14:10:39Z,cartservice,redis-cart,2,0,0,0,0,0,0
2026-10-04T14:10:39Z,cartservice,shippingservice,0,0,0,0,0,0,0
2026-10-04T14:10:39Z,checkoutservice,adservice,0,0,0,0,0,0,0
2026-10-04T14:10:39Z,checkoutservice,cartservice,63452,62521,0,100,0,712796,62317
2026-10-04T14:10:39Z,checkoutservice,checkoutservice,0,0,0,0,0,0,0
2026-10-04T14:10:39Z,checkoutservice,currencyservice,43125,43125,0,0,0,573337,43022
2026-10-04T14:10:39Z,checkoutservice,emailservice,14360,14070,0,66,0,462885,13972
2026-10-04T14:10:39Z,checkoutservice,frontend,0,0,0,0,0,0,0
2026-10-04T14:10:39Z,checkoutservice,kubernetes,0,0,0,0,0,0,0
2026-10-04T14:10:39Z,checkoutservice,paymentservice,36389,34540,0,192,0,443064,34292
2026-10-04T14:10:39Z,checkoutservice,productcatalogservice,0,0,0,0,0,0,0
2026-10-04T14:10:39Z,checkoutservice,recommendationservice,0,0,0,0,0,0,0
2026-10-04T14:10:39Z,checkoutservice,redis-cart,0,0,0,0,0,0,0
2026-10-04T14:10:39Z,checkoutservice,shippingservice,68763,66660,0,154,0,518519,66455
2026-10-04T14:10:39Z,currencyservice,adservice,0,0,0,0,0,0,0
2026-10-04T14:10:39Z,currencyservice,cartservice,0,0,0,0,0,0,0
2026-10-04T14:10:39Z,currencyservice,checkoutservice,0,0,0,0,0,0,0
2026-10-04T14:10:39Z,currencyservice,currencyservice,0,0,0,0,0,0,0
2026-10-04T14:10:39Z,currencyservice,emailservice,0,0,0,0,0,0,0
2026-10-04T14:10:39Z,currencyservice,frontend,0,0,0,0,0,0,0
2026-10-04T14:10:39Z,currencyservice,kubernetes,0,0,0,0,0,0,0
2026-10-04T14:10:39Z,currencyservice,paymentservice,0,0,0,0,0,0,0
2026-10-04T14:10:39Z,currencyservice,productcatalogservice,0,0,0,0,0,0,0
2026-10-04T14:10:39Z,currencyservice,recommendationservice,0,0,0,0,0,0,0
2026-10-04T14:10:39Z,currencyservice,redis-cart,0,0,0,0,0,0,0
2026-10-04T14:10:39Z,currencyservice,shippingservice,0,0,0,0,0,0,0
2026-10-04T14:10:39Z,emailservice,adservice,0,0,0,0,0,0,0
2026-10-04T14:10:39Z,emailservice,cartservice,0,0,0,0,0,0,0
2026-10-04T14:10:39Z,emailservice,checkoutservice,0,0,0,0,0,0,0
2026-10-04T14:10:39Z,emailservice,currencyservice,0,0,0,0,0,0,0
2026-10-04T14:10:39Z,emailservice,emailservice,0,0,0,0,0,0,0
2026-10-04T14:10:39Z,emailservice,frontend,0,0,0,0,0,0,0
2026-10-04T14:10:39Z,emailservice,kubernetes,0,0,0,0,0,0,0
2026-10-04T14:10:39Z,emailservice,paymentservice,0,0,0,0,0,0,0
2026-10-04T14:10:39Z,emailservice,productcatalogservice,0,0,0,0,0,0,0
2026-10-04T14:10:39Z,emailservice,recommendationservice,0,0,0,0,0,0,0
2026-10-04T14:10:39Z,emailservice,redis-cart,0,0,0,0,0,0,0
2026-10-04T14:10:39Z,emailservice,shippingservice,0,0,0,0,0,0,0
2026-10-04T14:10:39Z,frontend,adservice,853875,853873,0,0,0,2572564,853653
2026-10-04T14:10:39Z,frontend,cartservice,1906429,1906413,0,0,4,10539144,1905744
2026-10-04T14:10:39Z,frontend,checkoutservice,402120,192144,0,40061,169946,62957218,192058
2026-10-04T14:10:39Z,frontend,currencyservice,3029473,3029462,0,0,0,15934348,3028422
2026-10-04T14:10:39Z,frontend,emailservice,0,0,0,0,0,0,0
2026-10-04T14:10:39Z,frontend,frontend,0,0,0,0,0,0,0
2026-10-04T14:10:39Z,frontend,kubernetes,0,0,0,0,0,0,0
2026-10-04T14:10:39Z,frontend,paymentservice,0,0,0,0,0,0,0
2026-10-04T14:10:39Z,frontend,productcatalogservice,8481608,8481544,0,0,0,57878841,8479062
2026-10-04T14:10:39Z,frontend,recommendationservice,2779831,1683077,0,115517,978707,844050636,1682515
2026-10-04T14:10:39Z,frontend,redis-cart,0,0,0,0,0,0,0
2026-10-04T14:10:39Z,frontend,shippingservice,313024,313021,0,0,0,946895,312939
2026-10-04T14:10:39Z,paymentservice,adservice,0,0,0,0,0,0,0
2026-10-04T14:10:39Z,paymentservice,cartservice,0,0,0,0,0,0,0
2026-10-04T14:10:39Z,paymentservice,checkoutservice,0,0,0,0,0,0,0
2026-10-04T14:10:39Z,paymentservice,currencyservice,0,0,0,0,0,0,0
2026-10-04T14:10:39Z,paymentservice,emailservice,0,0,0,0,0,0,0
2026-10-04T14:10:39Z,paymentservice,frontend,0,0,0,0,0,0,0
2026-10-04T14:10:39Z,paymentservice,kubernetes,0,0,0,0,0,0,0
2026-10-04T14:10:39Z,paymentservice,paymentservice,0,0,0,0,0,0,0
2026-10-04T14:10:39Z,paymentservice,productcatalogservice,0,0,0,0,0,0,0
2026-10-04T14:10:39Z,paymentservice,recommendationservice,0,0,0,0,0,0,0
2026-10-04T14:10:39Z,paymentservice,redis-cart,0,0,0,0,0,0,0
2026-10-04T14:10:39Z,paymentservice,shippingservice,0,0,0,0,0,0,0
2026-10-04T14:10:39Z,productcatalogservice,adservice,0,0,0,0,0,0,0
2026-10-04T14:10:39Z,productcatalogservice,cartservice,0,0,0,0,0,0,0
2026-10-04T14:10:39Z,productcatalogservice,checkoutservice,0,0,0,0,0,0,0
2026-10-04T14:10:39Z,productcatalogservice,currencyservice,0,0,0,0,0,0,0
2026-10-04T14:10:39Z,productcatalogservice,emailservice,0,0,0,0,0,0,0
2026-10-04T14:10:39Z,productcatalogservice,frontend,0,0,0,0,0,0,0
2026-10-04T14:10:39Z,productcatalogservice,kubernetes,0,0,0,0,0,0,0
2026-10-04T14:10:39Z,productcatalogservice,paymentservice,0,0,0,0,0,0,0
2026-10-04T14:10:39Z,productcatalogservice,productcatalogservice,0,0,0,0,0,0,0
2026-10-04T14:10:39Z,productcatalogservice,recommendationservice,0,0,0,0,0,0,0
2026-10-04T14:10:39Z,productcatalogservice,redis-cart,0,0,0,0,0,0,0
2026-10-04T14:10:39Z,productcatalogservice,shippingservice,0,0,0,0,0,0,0
2026-10-04T14:10:39Z,recommendationservice,adservice,0,0,0,0,0,0,0
2026-10-04T14:10:39Z,recommendationservice,cartservice,0,0,0,0,0,0,0
2026-10-04T14:10:39Z,recommendationservice,checkoutservice,0,0,0,0,0,0,0
2026-10-04T14:10:39Z,recommendationservice,currencyservice,0,0,0,0,0,0,0
2026-10-04T14:10:39Z,recommendationservice,emailservice,0,0,0,0,0,0,0
2026-10-04T14:10:39Z,recommendationservice,frontend,0,0,0,0,0,0,0
2026-10-04T14:10:39Z,recommendationservice,kubernetes,0,0,0,0,0,0,0
2026-10-04T14:10:39Z,recommendationservice,paymentservice,0,0,0,0,0,0,0
2026-10-04T14:10:39Z,recommendationservice,productcatalogservice,177293,177292,0,0,0,1190752,175727
2026-10-04T14:10:39Z,recommendationservice,recommendationservice,0,0,0,0,0,0,0
2026-10-04T14:10:39Z,recommendationservice,redis-cart,0,0,0,0,0,0,0
2026-10-04T14:10:39Z,recommendationservice,shippingservice,0,0,0,0,0,0,0
2026-10-04T14:10:39Z,redis-cart,adservice,0,0,0,0,0,0,0
2026-10-04T14:10:39Z,redis-cart,cartservice,0,0,0,0,0,0,0
2026-10-04T14:10:39Z,redis-cart,checkoutservice,0,0,0,0,0,0,0
2026-10-04T14:10:39Z,redis-cart,currencyservice,0,0,0,0,0,0,0
2026-10-04T14:10:39Z,redis-cart,emailservice,0,0,0,0,0,0,0
2026-10-04T14:10:39Z,redis-cart,frontend,0,0,0,0,0,0,0
2026-10-04T14:10:39Z,redis-cart,kubernetes,0,0,0,0,0,0,0
2026-10-04T14:10:39Z,redis-cart,paymentservice,0,0,0,0,0,0,0
2026-10-04T14:10:39Z,redis-cart,productcatalogservice,0,0,0,0,0,0,0
2026-10-04T14:10:39Z,redis-cart,recommendationservice,0,0,0,0,0,0,0
2026-10-04T14:10:39Z,redis-cart,redis-cart,0,0,0,0,0,0,0
2026-10-04T14:10:39Z,redis-cart,shippingservice,0,0,0,0,0,0,0
2026-10-04T14:10:39Z,shippingservice,adservice,0,0,0,0,0,0,0
2026-10-04T14:10:39Z,shippingservice,cartservice,0,0,0,0,0,0,0
2026-10-04T14:10:39Z,shippingservice,checkoutservice,0,0,0,0,0,0,0
2026-10-04T14:10:39Z,shippingservice,currencyservice,0,0,0,0,0,0,0
2026-10-04T14:10:39Z,shippingservice,emailservice,0,0,0,0,0,0,0
2026-10-04T14:10:39Z,shippingservice,frontend,0,0,0,0,0,0,0
2026-10-04T14:10:39Z,shippingservice,kubernetes,0,0,0,0,0,0,0
2026-10-04T14:10:39Z,shippingservice,paymentservice,0,0,0,0,0,0,0
2026-10-04T14:10:39Z,shippingservice,productcatalogservice,0,0,0,0,0,0,0
2026-10-04T14:10:39Z,shippingservice,recommendationservice,0,0,0,0,0,0,0
2026-10-04T14:10:39Z,shippingservice,redis-cart,0,0,0,0,0,0,0
2026-10-04T14:10:39Z,shippingservice,shippingservice,0,0,0,0,0,0,0
2026-10-04T14:10:40Z,adservice,adservice,0,0,0,0,0,0,0
2026-10-04T14:10:40Z,adservice,cartservice,0,0,0,0,0,0,0
2026-10-04T14:10:40Z,adservice,checkoutservice,0,0,0,0,0,0,0
2026-10-04T14:10:40Z,adservice,currencyservice,0,0,0,0,0,0,0
2026-10-04T14:10:40Z,adservice,emailservice,0,0,0,0,0,0,0
2026-10-04T14:10:40Z,adservice,frontend,0,0,0,0,0,0,0
2026-10-04T14:10:40Z,adservice,kubernetes,0,0,0,0,0,0,0
2026-10-04T14:10:40Z,adservice,paymentservice,0,0,0,0,0,0,0
2026-10-04T14:10:40Z,adservice,productcatalogservice,0,0,0,0,0,0,0
2026-10-04T14:10:40Z,adservice,recommendationservice,0,0,0,0,0,0,0
2026-10-04T14:10:40Z,adservice,redis-cart,0,0,0,0,0,0,0
2026-10-04T14:10:40Z,adservice,shippingservice,0,0,0,0,0,0,0
2026-10-04T14:10:40Z,cartservice,adservice,0,0,0,0,0,0,0
2026-10-04T14:10:40Z,cartservice,cartservice,0,0,0,0,0,0,0
2026-10-04T14:10:40Z,cartservice,checkoutservice,0,0,0,0,0,0,0
2026-10-04T14:10:40Z,cartservice,currencyservice,0,0,0,0,0,0,0
2026-10-04T14:10:40Z,cartservice,emailservice,0,0,0,0,0,0,0
2026-10-04T14:10:40Z,cartservice,frontend,0,0,0,0,0,0,0
2026-10-04T14:10:40Z,cartservice,kubernetes,0,0,0,0,0,0,0
2026-10-04T14:10:40Z,cartservice,paymentservice,0,0,0,0,0,0,0
2026-10-04T14:10:40Z,cartservice,productcatalogservice,0,0,0,0,0,0,0
2026-10-04T14:10:40Z,cartservice,recommendationservice,0,0,0,0,0,0,0
2026-10-04T14:10:40Z,cartservice,redis-cart,2,0,0,0,0,0,0
2026-10-04T14:10:40Z,cartservice,shippingservice,0,0,0,0,0,0,0
2026-10-04T14:10:40Z,checkoutservice,adservice,0,0,0,0,0,0,0
2026-10-04T14:10:40Z,checkoutservice,cartservice,63552,62621,0,100,0,712796,62317
2026-10-04T14:10:40Z,checkoutservice,checkoutservice,0,0,0,0,0,0,0
2026-10-04T14:10:40Z,checkoutservice,currencyservice,43173,43173,0,0,0,573337,43022
2026-10-04T14:10:40Z,checkoutservice,emailservice,14409,14121,0,66,0,462885,13972
2026-10-04T14:10:40Z,checkoutservice,frontend,0,0,0,0,0,0,0
2026-10-04T14:10:40Z,checkoutservice,kubernetes,0,0,0,0,0,0,0
2026-10-04T14:10:40Z,checkoutservice,paymentservice,36439,34589,0,192,0,443064,34292
2026-10-04T14:10:40Z,checkoutservice,productcatalogservice,0,0,0,0,0,0,0
2026-10-04T14:10:40Z,checkoutservice,recommendationservice,0,0,0,0,0,0,0
2026-10-04T14:10:40Z,checkoutservice,redis-cart,0,0,0,0,0,0,0
2026-10-04T14:10:40Z,checkoutservice,shippingservice,68863,66759,0,154,0,518519,66455
2026-10-04T14:10:40Z,currencyservice,adservice,0,0,0,0,0,0,0
2026-10-04T14:10:40Z,currencyservice,cartservice,0,0,0,0,0,0,0
2026-10-04T14:10:40Z,currencyservice,checkoutservice,0,0,0,0,0,0,0
2026-10-04T14:10:40Z,currencyservice,currencyservice,0,0,0,0,0,0,0
2026-10-04T14:10:40Z,currencyservice,emailservice,0,0,0,0,0,0,0
2026-10-04T14:10:40Z,currencyservice,frontend,0,0,0,0,0,0,0
2026-10-04T14:10:40Z,currencyservice,kubernetes,0,0,0,0,0,0,0
2026-10-04T14:10:40Z,currencyservice,paymentservice,0,0,0,0,0,0,0
2026-10-04T14:10:40Z,currencyservice,productcatalogservice,0,0,0,0,0,0,0
2026-10-04T14:10:40Z,currencyservice,recommendationservice,0,0,0,0,0,0,0
2026-10-04T14:10:40Z,currencyservice,redis-cart,0,0,0,0,0,0,0
2026-10-04T14:10:40Z,currencyservice,shippingservice,0,0,0,0,0,0,0
2026-10-04T14:10:40Z,emailservice,adservice,0,0,0,0,0,0,0
2026-10-04T14:10:40Z,emailservice,cartservice,0,0,0,0,0,0,0
2026-10-04T14:10:40Z,emailservice,checkoutservice,0,0,0,0,0,0,0
2026-10-04T14:10:40Z,emailservice,currencyservice,0,0,0,0,0,0,0
2026-10-04T14:10:40Z,emailservice,emailservice,0,0,0,0,0,0,0
2026-10-04T14:10:40Z,emailservice,frontend,0,0,0,0,0,0,0
2026-10-04T14:10:40Z,emailservice,kubernetes,0,0,0,0,0,0,0
2026-10-04T14:10:40Z,emailservice,paymentservice,0,0,0,0,0,0,0
2026-10-04T14:10:40Z,emailservice,productcatalogservice,0,0,0,0,0,0,0
2026-10-04T14:10:40Z,emailservice,recommendationservice,0,0,0,0,0,0,0
2026-10-04T14:10:40Z,emailservice,redis-cart,0,0,0,0,0,0,0
2026-10-04T14:10:40Z,emailservice,shippingservice,0,0,0,0,0,0,0
2026-10-04T14:10:40Z,frontend,adservice,854008,854006,0,0,0,2572835,853772
2026-10-04T14:10:40Z,frontend,cartservice,1906850,1906836,0,0,4,10540949,1906156
2026-10-04T14:10:40Z,frontend,checkoutservice,402174,192199,0,40061,169946,62963934,192116
2026-10-04T14:10:40Z,frontend,currencyservice,3030146,3030136,0,0,0,15936787,3029082
2026-10-04T14:10:40Z,frontend,emailservice,0,0,0,0,0,0,0
2026-10-04T14:10:40Z,frontend,frontend,0,0,0,0,0,0,0
2026-10-04T14:10:40Z,frontend,kubernetes,0,0,0,0,0,0,0
2026-10-04T14:10:40Z,frontend,paymentservice,0,0,0,0,0,0,0
2026-10-04T14:10:40Z,frontend,productcatalogservice,8483139,8483073,0,0,0,57888505,8480488
2026-10-04T14:10:40Z,frontend,recommendationservice,2780611,1683430,0,115585,979046,844350286,1682859
2026-10-04T14:10:40Z,frontend,redis-cart,0,0,0,0,0,0,0
2026-10-04T14:10:40Z,frontend,shippingservice,313077,313075,0,0,0,946993,312984
2026-10-04T14:10:40Z,paymentservice,adservice,0,0,0,0,0,0,0
2026-10-04T14:10:40Z,paymentservice,cartservice,0,0,0,0,0,0,0
2026-10-04T14:10:40Z,paymentservice,checkoutservice,0,0,0,0,0,0,0
2026-10-04T14:10:40Z,paymentservice,currencyservice,0,0,0,0,0,0,0
2026-10-04T14:10:40Z,paymentservice,emailservice,0,0,0,0,0,0,0
2026-10-04T14:10:40Z,paymentservice,frontend,0,0,0,0,0,0,0
2026-10-04T14:10:40Z,paymentservice,kubernetes,0,0,0,0,0,0,0
2026-10-04T14:10:40Z,paymentservice,paymentservice,0,0,0,0,0,0,0
2026-10-04T14:10:40Z,paymentservice,productcatalogservice,0,0,0,0,0,0,0
2026-10-04T14:10:40Z,paymentservice,recommendationservice,0,0,0,0,0,0,0
2026-10-04T14:10:40Z,paymentservice,redis-cart,0,0,0,0,0,0,0
2026-10-04T14:10:40Z,paymentservice,shippingservice,0,0,0,0,0,0,0
2026-10-04T14:10:40Z,productcatalogservice,adservice,0,0,0,0,0,0,0
2026-10-04T14:10:40Z,productcatalogservice,cartservice,0,0,0,0,0,0,0
2026-10-04T14:10:40Z,productcatalogservice,checkoutservice,0,0,0,0,0,0,0
2026-10-04T14:10:40Z,productcatalogservice,currencyservice,0,0,0,0,0,0,0
2026-10-04T14:10:40Z,productcatalogservice,emailservice,0,0,0,0,0,0,0
2026-10-04T14:10:40Z,productcatalogservice,frontend,0,0,0,0,0,0,0
2026-10-04T14:10:40Z,productcatalogservice,kubernetes,0,0,0,0,0,0,0
2026-10-04T14:10:40Z,productcatalogservice,paymentservice,0,0,0,0,0,0,0
2026-10-04T14:10:40Z,productcatalogservice,productcatalogservice,0,0,0,0,0,0,0
2026-10-04T14:10:40Z,productcatalogservice,recommendationservice,0,0,0,0,0,0,0
2026-10-04T14:10:40Z,productcatalogservice,redis-cart,0,0,0,0,0,0,0
2026-10-04T14:10:40Z,productcatalogservice,shippingservice,0,0,0,0,0,0,0
2026-10-04T14:10:40Z,recommendationservice,adservice,0,0,0,0,0,0,0
2026-10-04T14:10:40Z,recommendationservice,cartservice,0,0,0,0,0,0,0
2026-10-04T14:10:40Z,recommendationservice,checkoutservice,0,0,0,0,0,0,0
2026-10-04T14:10:40Z,recommendationservice,currencyservice,0,0,0,0,0,0,0
2026-10-04T14:10:40Z,recommendationservice,emailservice,0,0,0,0,0,0,0
2026-10-04T14:10:40Z,recommendationservice,frontend,0,0,0,0,0,0,0
2026-10-04T14:10:40Z,recommendationservice,kubernetes,0,0,0,0,0,0,0
2026-10-04T14:10:40Z,recommendationservice,paymentservice,0,0,0,0,0,0,0
2026-10-04T14:10:40Z,recommendationservice,productcatalogservice,177750,177743,0,0,0,1201482,177697
2026-10-04T14:10:40Z,recommendationservice,recommendationservice,0,0,0,0,0,0,0
2026-10-04T14:10:40Z,recommendationservice,redis-cart,0,0,0,0,0,0,0
2026-10-04T14:10:40Z,recommendationservice,shippingservice,0,0,0,0,0,0,0
2026-10-04T14:10:40Z,redis-cart,adservice,0,0,0,0,0,0,0
2026-10-04T14:10:40Z,redis-cart,cartservice,0,0,0,0,0,0,0
2026-10-04T14:10:40Z,redis-cart,checkoutservice,0,0,0,0,0,0,0
2026-10-04T14:10:40Z,redis-cart,currencyservice,0,0,0,0,0,0,0
2026-10-04T14:10:40Z,redis-cart,emailservice,0,0,0,0,0,0,0
2026-10-04T14:10:40Z,redis-cart,frontend,0,0,0,0,0,0,0
2026-10-04T14:10:40Z,redis-cart,kubernetes,0,0,0,0,0,0,0
2026-10-04T14:10:40Z,redis-cart,paymentservice,0,0,0,0,0,0,0
2026-10-04T14:10:40Z,redis-cart,productcatalogservice,0,0,0,0,0,0,0
2026-10-04T14:10:40Z,redis-cart,recommendationservice,0,0,0,0,0,0,0
2026-10-04T14:10:40Z,redis-cart,redis-cart,0,0,0,0,0,0,0
2026-10-04T14:10:40Z,redis-cart,shippingservice,0,0,0,0,0,0,0
2026-10-04T14:10:40Z,shippingservice,adservice,0,0,0,0,0,0,0
2026-10-04T14:10:40Z,shippingservice,cartservice,0,0,0,0,0,0,0
2026-10-04T14:10:40Z,shippingservice,checkoutservice,0,0,0,0,0,0,0
2026-10-04T14:10:40Z,shippingservice,currencyservice,0,0,0,0,0,0,0
2026-10-04T14:10:40Z,shippingservice,emailservice,0,0,0,0,0,0,0
2026-10-04T14:10:40Z,shippingservice,frontend,0,0,0,0,0,0,0
2026-10-04T14:10:40Z,shippingservice,kubernetes,0,0,0,0,0,0,0
2026-10-04T14:10:40Z,shippingservice,paymentservice,0,0,0,0,0,0,0
2026-10-04T14:10:40Z,shippingservice,productcatalogservice,0,0,0,0,0,0,0
2026-10-04T14:10:40Z,shippingservice,recommendationservice,0,0,0,0,0,0,0
2026-10-04T14:10:40Z,shippingservice,redis-cart,0,0,0,0,0,0,0
2026-10-04T14:10:40Z,shippingservice,shippingservice,0,0,0,0,0,0,0
2026-10-04T14:10:41Z,adservice,adservice,0,0,0,0,0,0,0
2026-10-04T14:10:41Z,adservice,cartservice,0,0,0,0,0,0,0
2026-10-04T14:10:41Z,adservice,checkoutservice,0,0,0,0,0,0,0
2026-10-04T14:10:41Z,adservice,currencyservice,0,0,0,0,0,0,0
2026-10-04T14:10:41Z,adservice,emailservice,0,0,0,0,0,0,0
2026-10-04T14:10:41Z,adservice,frontend,0,0,0,0,0,0,0
2026-10-04T14:10:41Z,adservice,kubernetes,0,0,0,0,0,0,0
2026-10-04T14:10:41Z,adservice,paymentservice,0,0,0,0,0,0,0
2026-10-04T14:10:41Z,adservice,productcatalogservice,0,0,0,0,0,0,0
2026-10-04T14:10:41Z,adservice,recommendationservice,0,0,0,0,0,0,0
2026-10-04T14:10:41Z,adservice,redis-cart,0,0,0,0,0,0,0
2026-10-04T14:10:41Z,adservice,shippingservice,0,0,0,0,0,0,0
2026-10-04T14:10:41Z,cartservice,adservice,0,0,0,0,0,0,0
2026-10-04T14:10:41Z,cartservice,cartservice,0,0,0,0,0,0,0
2026-10-04T14:10:41Z,cartservice,checkoutservice,0,0,0,0,0,0,0
2026-10-04T14:10:41Z,cartservice,currencyservice,0,0,0,0,0,0,0
2026-10-04T14:10:41Z,cartservice,emailservice,0,0,0,0,0,0,0
2026-10-04T14:10:41Z,cartservice,frontend,0,0,0,0,0,0,0
2026-10-04T14:10:41Z,cartservice,kubernetes,0,0,0,0,0,0,0
2026-10-04T14:10:41Z,cartservice,paymentservice,0,0,0,0,0,0,0
2026-10-04T14:10:41Z,cartservice,productcatalogservice,0,0,0,0,0,0,0
2026-10-04T14:10:41Z,cartservice,recommendationservice,0,0,0,0,0,0,0
2026-10-04T14:10:41Z,cartservice,redis-cart,2,0,0,0,0,0,0
2026-10-04T14:10:41Z,cartservice,shippingservice,0,0,0,0,0,0,0
2026-10-04T14:10:41Z,checkoutservice,adservice,0,0,0,0,0,0,0
2026-10-04T14:10:41Z,checkoutservice,cartservice,63661,62730,0,100,0,712796,62317
2026-10-04T14:10:41Z,checkoutservice,checkoutservice,0,0,0,0,0,0,0
2026-10-04T14:10:41Z,checkoutservice,currencyservice,43229,43229,0,0,0,573337,43022
2026-10-04T14:10:41Z,checkoutservice,emailservice,14463,14175,0,66,0,462885,13972
2026-10-04T14:10:41Z,checkoutservice,frontend,0,0,0,0,0,0,0
2026-10-04T14:10:41Z,checkoutservice,kubernetes,0,0,0,0,0,0,0
2026-10-04T14:10:41Z,checkoutservice,paymentservice,36494,34646,0,192,0,443064,34292
2026-10-04T14:10:41Z,checkoutservice,productcatalogservice,0,0,0,0,0,0,0
2026-10-04T14:10:41Z,checkoutservice,recommendationservice,0,0,0,0,0,0,0
2026-10-04T14:10:41Z,checkoutservice,redis-cart,0,0,0,0,0,0,0
2026-10-04T14:10:41Z,checkoutservice,shippingservice,68973,66869,0,154,0,518519,66455
2026-10-04T14:10:41Z,currencyservice,adservice,0,0,0,0,0,0,0
2026-10-04T14:10:41Z,currencyservice,cartservice,0,0,0,0,0,0,0
2026-10-04T14:10:41Z,currencyservice,checkoutservice,0,0,0,0,0,0,0
2026-10-04T14:10:41Z,currencyservice,currencyservice,0,0,0,0,0,0,0
2026-10-04T14:10:41Z,currencyservice,emailservice,0,0,0,0,0,0,0
2026-10-04T14:10:41Z,currencyservice,frontend,0,0,0,0,0,0,0
2026-10-04T14:10:41Z,currencyservice,kubernetes,0,0,0,0,0,0,0
2026-10-04T14:10:41Z,currencyservice,paymentservice,0,0,0,0,0,0,0
2026-10-04T14:10:41Z,currencyservice,productcatalogservice,0,0,0,0,0,0,0
2026-10-04T14:10:41Z,currencyservice,recommendationservice,0,0,0,0,0,0,0
2026-10-04T14:10:41Z,currencyservice,redis-cart,0,0,0,0,0,0,0
2026-10-04T14:10:41Z,currencyservice,shippingservice,0,0,0,0,0,0,0
2026-10-04T14:10:41Z,emailservice,adservice,0,0,0,0,0,0,0
2026-10-04T14:10:41Z,emailservice,cartservice,0,0,0,0,0,0,0
2026-10-04T14:10:41Z,emailservice,checkoutservice,0,0,0,0,0,0,0
2026-10-04T14:10:41Z,emailservice,currencyservice,0,0,0,0,0,0,0
2026-10-04T14:10:41Z,emailservice,emailservice,0,0,0,0,0,0,0
2026-10-04T14:10:41Z,emailservice,frontend,0,0,0,0,0,0,0
2026-10-04T14:10:41Z,emailservice,kubernetes,0,0,0,0,0,0,0
2026-10-04T14:10:41Z,emailservice,paymentservice,0,0,0,0,0,0,0
2026-10-04T14:10:41Z,emailservice,productcatalogservice,0,0,0,0,0,0,0
2026-10-04T14:10:41Z,emailservice,recommendationservice,0,0,0,0,0,0,0
2026-10-04T14:10:41Z,emailservice,redis-cart,0,0,0,0,0,0,0
2026-10-04T14:10:41Z,emailservice,shippingservice,0,0,0,0,0,0,0
2026-10-04T14:10:41Z,frontend,adservice,854109,854107,0,0,0,2572835,853772
2026-10-04T14:10:41Z,frontend,cartservice,1907196,1907176,0,0,4,10540949,1906156
2026-10-04T14:10:41Z,frontend,checkoutservice,402226,192255,0,40061,169946,62963934,192116
2026-10-04T14:10:41Z,frontend,currencyservice,3030694,3030682,0,0,0,15936787,3029082
2026-10-04T14:10:41Z,frontend,emailservice,0,0,0,0,0,0,0
2026-10-04T14:10:41Z,frontend,frontend,0,0,0,0,0,0,0
2026-10-04T14:10:41Z,frontend,kubernetes,0,0,0,0,0,0,0
2026-10-04T14:10:41Z,frontend,paymentservice,0,0,0,0,0,0,0
2026-10-04T14:10:41Z,frontend,productcatalogservice,8484352,8484286,0,0,0,57888505,8480488
2026-10-04T14:10:41Z,frontend,recommendationservice,2781336,1683735,0,115629,979435,844350286,1682859
2026-10-04T14:10:41Z,frontend,redis-cart,0,0,0,0,0,0,0
2026-10-04T14:10:41Z,frontend,shippingservice,313113,313111,0,0,0,946993,312984
2026-10-04T14:10:41Z,paymentservice,adservice,0,0,0,0,0,0,0
2026-10-04T14:10:41Z,paymentservice,cartservice,0,0,0,0,0,0,0
2026-10-04T14:10:41Z,paymentservice,checkoutservice,0,0,0,0,0,0,0
2026-10-04T14:10:41Z,paymentservice,currencyservice,0,0,0,0,0,0,0
2026-10-04T14:10:41Z,paymentservice,emailservice,0,0,0,0,0,0,0
2026-10-04T14:10:41Z,paymentservice,frontend,0,0,0,0,0,0,0
2026-10-04T14:10:41Z,paymentservice,kubernetes,0,0,0,0,0,0,0
2026-10-04T14:10:41Z,paymentservice,paymentservice,0,0,0,0,0,0,0
2026-10-04T14:10:41Z,paymentservice,productcatalogservice,0,0,0,0,0,0,0
2026-10-04T14:10:41Z,paymentservice,recommendationservice,0,0,0,0,0,0,0
2026-10-04T14:10:41Z,paymentservice,redis-cart,0,0,0,0,0,0,0
2026-10-04T14:10:41Z,paymentservice,shippingservice,0,0,0,0,0,0,0
2026-10-04T14:10:41Z,productcatalogservice,adservice,0,0,0,0,0,0,0
2026-10-04T14:10:41Z,productcatalogservice,cartservice,0,0,0,0,0,0,0
2026-10-04T14:10:41Z,productcatalogservice,checkoutservice,0,0,0,0,0,0,0
2026-10-04T14:10:41Z,productcatalogservice,currencyservice,0,0,0,0,0,0,0
2026-10-04T14:10:41Z,productcatalogservice,emailservice,0,0,0,0,0,0,0
2026-10-04T14:10:41Z,productcatalogservice,frontend,0,0,0,0,0,0,0
2026-10-04T14:10:41Z,productcatalogservice,kubernetes,0,0,0,0,0,0,0
2026-10-04T14:10:41Z,productcatalogservice,paymentservice,0,0,0,0,0,0,0
2026-10-04T14:10:41Z,productcatalogservice,productcatalogservice,0,0,0,0,0,0,0
2026-10-04T14:10:41Z,productcatalogservice,recommendationservice,0,0,0,0,0,0,0
2026-10-04T14:10:41Z,productcatalogservice,redis-cart,0,0,0,0,0,0,0
2026-10-04T14:10:41Z,productcatalogservice,shippingservice,0,0,0,0,0,0,0
2026-10-04T14:10:41Z,recommendationservice,adservice,0,0,0,0,0,0,0
2026-10-04T14:10:41Z,recommendationservice,cartservice,0,0,0,0,0,0,0
2026-10-04T14:10:41Z,recommendationservice,checkoutservice,0,0,0,0,0,0,0
2026-10-04T14:10:41Z,recommendationservice,currencyservice,0,0,0,0,0,0,0
2026-10-04T14:10:41Z,recommendationservice,emailservice,0,0,0,0,0,0,0
2026-10-04T14:10:41Z,recommendationservice,frontend,0,0,0,0,0,0,0
2026-10-04T14:10:41Z,recommendationservice,kubernetes,0,0,0,0,0,0,0
2026-10-04T14:10:41Z,recommendationservice,paymentservice,0,0,0,0,0,0,0
2026-10-04T14:10:41Z,recommendationservice,productcatalogservice,178152,178151,0,0,0,1201482,177697
2026-10-04T14:10:41Z,recommendationservice,recommendationservice,0,0,0,0,0,0,0
2026-10-04T14:10:41Z,recommendationservice,redis-cart,0,0,0,0,0,0,0
2026-10-04T14:10:41Z,recommendationservice,shippingservice,0,0,0,0,0,0,0
2026-10-04T14:10:41Z,redis-cart,adservice,0,0,0,0,0,0,0
2026-10-04T14:10:41Z,redis-cart,cartservice,0,0,0,0,0,0,0
2026-10-04T14:10:41Z,redis-cart,checkoutservice,0,0,0,0,0,0,0
2026-10-04T14:10:41Z,redis-cart,currencyservice,0,0,0,0,0,0,0
2026-10-04T14:10:41Z,redis-cart,emailservice,0,0,0,0,0,0,0
2026-10-04T14:10:41Z,redis-cart,frontend,0,0,0,0,0,0,0
2026-10-04T14:10:41Z,redis-cart,kubernetes,0,0,0,0,0,0,0
2026-10-04T14:10:41Z,redis-cart,paymentservice,0,0,0,0,0,0,0
2026-10-04T14:10:41Z,redis-cart,productcatalogservice,0,0,0,0,0,0,0
2026-10-04T14:10:41Z,redis-cart,recommendationservice,0,0,0,0,0,0,0
2026-10-04T14:10:41Z,redis-cart,redis-cart,0,0,0,0,0,0,0
2026-10-04T14:10:41Z,redis-cart,shippingservice,0,0,0,0,0,0,0
2026-10-04T14:10:41Z,shippingservice,adservice,0,0,0,0,0,0,0
2026-10-04T14:10:41Z,shippingservice,cartservice,0,0,0,0,0,0,0
2026-10-04T14:10:41Z,shippingservice,checkoutservice,0,0,0,0,0,0,0
2026-10-04T14:10:41Z,shippingservice,currencyservice,0,0,0,0,0,0,0
2026-10-04T14:10:41Z,shippingservice,emailservice,0,0,0,0,0,0,0
2026-10-04T14:10:41Z,shippingservice,frontend,0,0,0,0,0,0,0
2026-10-04T14:10:41Z,shippingservice,kubernetes,0,0,0,0,0,0,0
2026-10-04T14:10:41Z,shippingservice,paymentservice,0,0,0,0,0,0,0
2026-10-04T14:10:41Z,shippingservice,productcatalogservice,0,0,0,0,0,0,0
2026-10-04T14:10:41Z,shippingservice,recommendationservice,0,0,0,0,0,0,0
2026-10-04T14:10:41Z,shippingservice,redis-cart,0,0,0,0,0,0,0
2026-10-04T14:10:41Z,shippingservice,shippingservice,0,0,0,0,0,0,0
2026-10-04T14:10:42Z,adservice,adservice,0,0,0,0,0,0,0
2026-10-04T14:10:42Z,adservice,cartservice,0,0,0,0,0,0,0
2026-10-04T14:10:42Z,adservice,checkoutservice,0,0,0,0,0,0,0
2026-10-04T14:10:42Z,adservice,currencyservice,0,0,0,0,0,0,0
2026-10-04T14:10:42Z,adservice,emailservice,0,0,0,0,0,0,0
2026-10-04T14:10:42Z,adservice,frontend,0,0,0,0,0,0,0
2026-10-04T14:10:42Z,adservice,kubernetes,0,0,0,0,0,0,0
2026-10-04T14:10:42Z,adservice,paymentservice,0,0,0,0,0,0,0
2026-10-04T14:10:42Z,adservice,productcatalogservice,0,0,0,0,0,0,0
2026-10-04T14:10:42Z,adservice,recommendationservice,0,0,0,0,0,0,0
2026-10-04T14:10:42Z,adservice,redis-cart,0,0,0,0,0,0,0
2026-10-04T14:10:42Z,adservice,shippingservice,0,0,0,0,0,0,0
2026-10-04T14:10:42Z,cartservice,adservice,0,0,0,0,0,0,0
2026-10-04T14:10:42Z,cartservice,cartservice,0,0,0,0,0,0,0
2026-10-04T14:10:42Z,cartservice,checkoutservice,0,0,0,0,0,0,0
2026-10-04T14:10:42Z,cartservice,currencyservice,0,0,0,0,0,0,0
2026-10-04T14:10:42Z,cartservice,emailservice,0,0,0,0,0,0,0
2026-10-04T14:10:42Z,cartservice,frontend,0,0,0,0,0,0,0
2026-10-04T14:10:42Z,cartservice,kubernetes,0,0,0,0,0,0,0
2026-10-04T14:10:42Z,cartservice,paymentservice,0,0,0,0,0,0,0
2026-10-04T14:10:42Z,cartservice,productcatalogservice,0,0,0,0,0,0,0
2026-10-04T14:10:42Z,cartservice,recommendationservice,0,0,0,0,0,0,0
2026-10-04T14:10:42Z,cartservice,redis-cart,2,0,0,0,0,0,0
2026-10-04T14:10:42Z,cartservice,shippingservice,0,0,0,0,0,0,0
2026-10-04T14:10:42Z,checkoutservice,adservice,0,0,0,0,0,0,0
2026-10-04T14:10:42Z,checkoutservice,cartservice,63760,62829,0,100,0,715053,62819
2026-10-04T14:10:42Z,checkoutservice,checkoutservice,0,0,0,0,0,0,0
2026-10-04T14:10:42Z,checkoutservice,currencyservice,43277,43277,0,0,0,574303,43276
2026-10-04T14:10:42Z,checkoutservice,emailservice,14514,14226,0,66,0,468351,14219
2026-10-04T14:10:42Z,checkoutservice,frontend,0,0,0,0,0,0,0
2026-10-04T14:10:42Z,checkoutservice,kubernetes,0,0,0,0,0,0,0
2026-10-04T14:10:42Z,checkoutservice,paymentservice,36543,34695,0,192,0,444216,34543
2026-10-04T14:10:42Z,checkoutservice,productcatalogservice,0,0,0,0,0,0,0
2026-10-04T14:10:42Z,checkoutservice,recommendationservice,0,0,0,0,0,0,0
2026-10-04T14:10:42Z,checkoutservice,redis-cart,0,0,0,0,0,0,0
2026-10-04T14:10:42Z,checkoutservice,shippingservice,69071,66967,0,154,0,519562,66958
2026-10-04T14:10:42Z,currencyservice,adservice,0,0,0,0,0,0,0
2026-10-04T14:10:42Z,currencyservice,cartservice,0,0,0,0,0,0,0
2026-10-04T14:10:42Z,currencyservice,checkoutservice,0,0,0,0,0,0,0
2026-10-04T14:10:42Z,currencyservice,currencyservice,0,0,0,0,0,0,0
2026-10-04T14:10:42Z,currencyservice,emailservice,0,0,0,0,0,0,0
2026-10-04T14:10:42Z,currencyservice,frontend,0,0,0,0,0,0,0
2026-10-04T14:10:42Z,currencyservice,kubernetes,0,0,0,0,0,0,0
2026-10-04T14:10:42Z,currencyservice,paymentservice,0,0,0,0,0,0,0
2026-10-04T14:10:42Z,currencyservice,productcatalogservice,0,0,0,0,0,0,0
2026-10-04T14:10:42Z,currencyservice,recommendationservice,0,0,0,0,0,0,0
2026-10-04T14:10:42Z,currencyservice,redis-cart,0,0,0,0,0,0,0
2026-10-04T14:10:42Z,currencyservice,shippingservice,0,0,0,0,0,0,0
2026-10-04T14:10:42Z,emailservice,adservice,0,0,0,0,0,0,0
2026-10-04T14:10:42Z,emailservice,cartservice,0,0,0,0,0,0,0
2026-10-04T14:10:42Z,emailservice,checkoutservice,0,0,0,0,0,0,0
2026-10-04T14:10:42Z,emailservice,currencyservice,0,0,0,0,0,0,0
2026-10-04T14:10:42Z,emailservice,emailservice,0,0,0,0,0,0,0
2026-10-04T14:10:42Z,emailservice,frontend,0,0,0,0,0,0,0
2026-10-04T14:10:42Z,emailservice,kubernetes,0,0,0,0,0,0,0
2026-10-04T14:10:42Z,emailservice,paymentservice,0,0,0,0,0,0,0
2026-10-04T14:10:42Z,emailservice,productcatalogservice,0,0,0,0,0,0,0
2026-10-04T14:10:42Z,emailservice,recommendationservice,0,0,0,0,0,0,0
2026-10-04T14:10:42Z,emailservice,redis-cart,0,0,0,0,0,0,0
2026-10-04T14:10:42Z,emailservice,shippingservice,0,0,0,0,0,0,0
2026-10-04T14:10:42Z,frontend,adservice,854214,854212,0,0,0,2572835,853772
2026-10-04T14:10:42Z,frontend,cartservice,1907582,1907569,0,0,4,10540949,1906156
2026-10-04T14:10:42Z,frontend,checkoutservice,402274,192305,0,40061,169946,62963934,192116
2026-10-04T14:10:42Z,frontend,currencyservice,3031287,3031277,0,0,0,15936787,3029082
2026-10-04T14:10:42Z,frontend,emailservice,0,0,0,0,0,0,0
2026-10-04T14:10:42Z,frontend,frontend,0,0,0,0,0,0,0
2026-10-04T14:10:42Z,frontend,kubernetes,0,0,0,0,0,0,0
2026-10-04T14:10:42Z,frontend,paymentservice,0,0,0,0,0,0,0
2026-10-04T14:10:42Z,frontend,productcatalogservice,8485631,8485561,0,0,0,57888505,8480488
2026-10-04T14:10:42Z,frontend,recommendationservice,2782135,1684047,0,115686,979840,844350286,1682859
2026-10-04T14:10:42Z,frontend,redis-cart,0,0,0,0,0,0,0
2026-10-04T14:10:42Z,frontend,shippingservice,313152,313147,0,0,0,946993,312984
2026-10-04T14:10:42Z,paymentservice,adservice,0,0,0,0,0,0,0
2026-10-04T14:10:42Z,paymentservice,cartservice,0,0,0,0,0,0,0
2026-10-04T14:10:42Z,paymentservice,checkoutservice,0,0,0,0,0,0,0
2026-10-04T14:10:42Z,paymentservice,currencyservice,0,0,0,0,0,0,0
2026-10-04T14:10:42Z,paymentservice,emailservice,0,0,0,0,0,0,0
2026-10-04T14:10:42Z,paymentservice,frontend,0,0,0,0,0,0,0
2026-10-04T14:10:42Z,paymentservice,kubernetes,0,0,0,0,0,0,0
2026-10-04T14:10:42Z,paymentservice,paymentservice,0,0,0,0,0,0,0
2026-10-04T14:10:42Z,paymentservice,productcatalogservice,0,0,0,0,0,0,0
2026-10-04T14:10:42Z,paymentservice,recommendationservice,0,0,0,0,0,0,0
2026-10-04T14:10:42Z,paymentservice,redis-cart,0,0,0,0,0,0,0
2026-10-04T14:10:42Z,paymentservice,shippingservice,0,0,0,0,0,0,0
2026-10-04T14:10:42Z,productcatalogservice,adservice,0,0,0,0,0,0,0
2026-10-04T14:10:42Z,productcatalogservice,cartservice,0,0,0,0,0,0,0
2026-10-04T14:10:42Z,productcatalogservice,checkoutservice,0,0,0,0,0,0,0
2026-10-04T14:10:42Z,productcatalogservice,currencyservice,0,0,0,0,0,0,0
2026-10-04T14:10:42Z,productcatalogservice,emailservice,0,0,0,0,0,0,0
2026-10-04T14:10:42Z,productcatalogservice,frontend,0,0,0,0,0,0,0
2026-10-04T14:10:42Z,productcatalogservice,kubernetes,0,0,0,0,0,0,0
2026-10-04T14:10:42Z,productcatalogservice,paymentservice,0,0,0,0,0,0,0
2026-10-04T14:10:42Z,productcatalogservice,productcatalogservice,0,0,0,0,0,0,0
2026-10-04T14:10:42Z,productcatalogservice,recommendationservice,0,0,0,0,0,0,0
2026-10-04T14:10:42Z,productcatalogservice,redis-cart,0,0,0,0,0,0,0
2026-10-04T14:10:42Z,productcatalogservice,shippingservice,0,0,0,0,0,0,0
2026-10-04T14:10:42Z,recommendationservice,adservice,0,0,0,0,0,0,0
2026-10-04T14:10:42Z,recommendationservice,cartservice,0,0,0,0,0,0,0
2026-10-04T14:10:42Z,recommendationservice,checkoutservice,0,0,0,0,0,0,0
2026-10-04T14:10:42Z,recommendationservice,currencyservice,0,0,0,0,0,0,0
2026-10-04T14:10:42Z,recommendationservice,emailservice,0,0,0,0,0,0,0
2026-10-04T14:10:42Z,recommendationservice,frontend,0,0,0,0,0,0,0
2026-10-04T14:10:42Z,recommendationservice,kubernetes,0,0,0,0,0,0,0
2026-10-04T14:10:42Z,recommendationservice,paymentservice,0,0,0,0,0,0,0
2026-10-04T14:10:42Z,recommendationservice,productcatalogservice,178579,178573,0,0,0,1201482,177697
2026-10-04T14:10:42Z,recommendationservice,recommendationservice,0,0,0,0,0,0,0
2026-10-04T14:10:42Z,recommendationservice,redis-cart,0,0,0,0,0,0,0
2026-10-04T14:10:42Z,recommendationservice,shippingservice,0,0,0,0,0,0,0
2026-10-04T14:10:42Z,redis-cart,adservice,0,0,0,0,0,0,0
2026-10-04T14:10:42Z,redis-cart,cartservice,0,0,0,0,0,0,0
2026-10-04T14:10:42Z,redis-cart,checkoutservice,0,0,0,0,0,0,0
2026-10-04T14:10:42Z,redis-cart,currencyservice,0,0,0,0,0,0,0
2026-10-04T14:10:42Z,redis-cart,emailservice,0,0,0,0,0,0,0
2026-10-04T14:10:42Z,redis-cart,frontend,0,0,0,0,0,0,0
2026-10-04T14:10:42Z,redis-cart,kubernetes,0,0,0,0,0,0,0
2026-10-04T14:10:42Z,redis-cart,paymentservice,0,0,0,0,0,0,0
2026-10-04T14:10:42Z,redis-cart,productcatalogservice,0,0,0,0,0,0,0
2026-10-04T14:10:42Z,redis-cart,recommendationservice,0,0,0,0,0,0,0
2026-10-04T14:10:42Z,redis-cart,redis-cart,0,0,0,0,0,0,0
2026-10-04T14:10:42Z,redis-cart,shippingservice,0,0,0,0,0,0,0
2026-10-04T14:10:42Z,shippingservice,adservice,0,0,0,0,0,0,0
2026-10-04T14:10:42Z,shippingservice,cartservice,0,0,0,0,0,0,0
2026-10-04T14:10:42Z,shippingservice,checkoutservice,0,0,0,0,0,0,0
2026-10-04T14:10:42Z,shippingservice,currencyservice,0,0,0,0,0,0,0
2026-10-04T14:10:42Z,shippingservice,emailservice,0,0,0,0,0,0,0
2026-10-04T14:10:42Z,shippingservice,frontend,0,0,0,0,0,0,0
2026-10-04T14:10:42Z,shippingservice,kubernetes,0,0,0,0,0,0,0
2026-10-04T14:10:42Z,shippingservice,paymentservice,0,0,0,0,0,0,0
2026-10-04T14:10:42Z,shippingservice,productcatalogservice,0,0,0,0,0,0,0
2026-10-04T14:10:42Z,shippingservice,recommendationservice,0,0,0,0,0,0,0
2026-10-04T14:10:42Z,shippingservice,redis-cart,0,0,0,0,0,0,0
2026-10-04T14:10:42Z,shippingservice,shippingservice,0,0,0,0,0,0,0
2026-10-04T14:10:43Z,adservice,adservice,0,0,0,0,0,0,0
2026-10-04T14:10:43Z,adservice,cartservice,0,0,0,0,0,0,0
2026-10-04T14:10:43Z,adservice,checkoutservice,0,0,0,0,0,0,0
2026-10-04T14:10:43Z,adservice,currencyservice,0,0,0,0,0,0,0
2026-10-04T14:10:43Z,adservice,emailservice,0,0,0,0,0,0,0
2026-10-04T14:10:43Z,adservice,frontend,0,0,0,0,0,0,0
2026-10-04T14:10:43Z,adservice,kubernetes,0,0,0,0,0,0,0
2026-10-04T14:10:43Z,adservice,paymentservice,0,0,0,0,0,0,0
2026-10-04T14:10:43Z,adservice,productcatalogservice,0,0,0,0,0,0,0
2026-10-04T14:10:43Z,adservice,recommendationservice,0,0,0,0,0,0,0
2026-10-04T14:10:43Z,adservice,redis-cart,0,0,0,0,0,0,0
2026-10-04T14:10:43Z,adservice,shippingservice,0,0,0,0,0,0,0
2026-10-04T14:10:43Z,cartservice,adservice,0,0,0,0,0,0,0
2026-10-04T14:10:43Z,cartservice,cartservice,0,0,0,0,0,0,0
2026-10-04T14:10:43Z,cartservice,checkoutservice,0,0,0,0,0,0,0
2026-10-04T14:10:43Z,cartservice,currencyservice,0,0,0,0,0,0,0
2026-10-04T14:10:43Z,cartservice,emailservice,0,0,0,0,0,0,0
2026-10-04T14:10:43Z,cartservice,frontend,0,0,0,0,0,0,0
2026-10-04T14:10:43Z,cartservice,kubernetes,0,0,0,0,0,0,0
2026-10-04T14:10:43Z,cartservice,paymentservice,0,0,0,0,0,0,0
2026-10-04T14:10:43Z,cartservice,productcatalogservice,0,0,0,0,0,0,0
2026-10-04T14:10:43Z,cartservice,recommendationservice,0,0,0,0,0,0,0
2026-10-04T14:10:43Z,cartservice,redis-cart,2,0,0,0,0,0,0
2026-10-04T14:10:43Z,cartservice,shippingservice,0,0,0,0,0,0,0
2026-10-04T14:10:43Z,checkoutservice,adservice,0,0,0,0,0,0,0
2026-10-04T14:10:43Z,checkoutservice,cartservice,63865,62934,0,100,0,715053,62819
2026-10-04T14:10:43Z,checkoutservice,checkoutservice,0,0,0,0,0,0,0
2026-10-04T14:10:43Z,checkoutservice,currencyservice,43330,43330,0,0,0,574303,43276
2026-10-04T14:10:43Z,checkoutservice,emailservice,14568,14280,0,66,0,468351,14219
2026-10-04T14:10:43Z,checkoutservice,frontend,0,0,0,0,0,0,0
2026-10-04T14:10:43Z,checkoutservice,kubernetes,0,0,0,0,0,0,0
2026-10-04T14:10:43Z,checkoutservice,paymentservice,36596,34748,0,192,0,444216,34543
2026-10-04T14:10:43Z,checkoutservice,productcatalogservice,0,0,0,0,0,0,0
2026-10-04T14:10:43Z,checkoutservice,recommendationservice,0,0,0,0,0,0,0
2026-10-04T14:10:43Z,checkoutservice,redis-cart,0,0,0,0,0,0,0
2026-10-04T14:10:43Z,checkoutservice,shippingservice,69176,67073,0,154,0,519562,66958
2026-10-04T14:10:43Z,currencyservice,adservice,0,0,0,0,0,0,0
2026-10-04T14:10:43Z,currencyservice,cartservice,0,0,0,0,0,0,0
2026-10-04T14:10:43Z,currencyservice,checkoutservice,0,0,0,0,0,0,0
2026-10-04T14:10:43Z,currencyservice,currencyservice,0,0,0,0,0,0,0
2026-10-04T14:10:43Z,currencyservice,emailservice,0,0,0,0,0,0,0
2026-10-04T14:10:43Z,currencyservice,frontend,0,0,0,0,0,0,0
2026-10-04T14:10:43Z,currencyservice,kubernetes,0,0,0,0,0,0,0
2026-10-04T14:10:43Z,currencyservice,paymentservice,0,0,0,0,0,0,0
2026-10-04T14:10:43Z,currencyservice,productcatalogservice,0,0,0,0,0,0,0
2026-10-04T14:10:43Z,currencyservice,recommendationservice,0,0,0,0,0,0,0
2026-10-04T14:10:43Z,currencyservice,redis-cart,0,0,0,0,0,0,0
2026-10-04T14:10:43Z,currencyservice,shippingservice,0,0,0,0,0,0,0
2026-10-04T14:10:43Z,emailservice,adservice,0,0,0,0,0,0,0
2026-10-04T14:10:43Z,emailservice,cartservice,0,0,0,0,0,0,0
2026-10-04T14:10:43Z,emailservice,checkoutservice,0,0,0,0,0,0,0
2026-10-04T14:10:43Z,emailservice,currencyservice,0,0,0,0,0,0,0
2026-10-04T14:10:43Z,emailservice,emailservice,0,0,0,0,0,0,0
2026-10-04T14:10:43Z,emailservice,frontend,0,0,0,0,0,0,0
2026-10-04T14:10:43Z,emailservice,kubernetes,0,0,0,0,0,0,0
2026-10-04T14:10:43Z,emailservice,paymentservice,0,0,0,0,0,0,0
2026-10-04T14:10:43Z,emailservice,productcatalogservice,0,0,0,0,0,0,0
2026-10-04T14:10:43Z,emailservice,recommendationservice,0,0,0,0,0,0,0
2026-10-04T14:10:43Z,emailservice,redis-cart,0,0,0,0,0,0,0
2026-10-04T14:10:43Z,emailservice,shippingservice,0,0,0,0,0,0,0
2026-10-04T14:10:43Z,frontend,adservice,854367,854365,0,0,0,2573196,853897
2026-10-04T14:10:43Z,frontend,cartservice,1907957,1907945,0,0,4,10543203,1906653
2026-10-04T14:10:43Z,frontend,checkoutservice,402326,192351,0,40061,169946,62968878,192165
2026-10-04T14:10:43Z,frontend,currencyservice,3031880,3031873,0,0,0,15940008,3029810
2026-10-04T14:10:43Z,frontend,emailservice,0,0,0,0,0,0,0
2026-10-04T14:10:43Z,frontend,frontend,0,0,0,0,0,0,0
2026-10-04T14:10:43Z,frontend,kubernetes,0,0,0,0,0,0,0
2026-10-04T14:10:43Z,frontend,paymentservice,0,0,0,0,0,0,0
2026-10-04T14:10:43Z,frontend,productcatalogservice,8487190,8487121,0,0,0,57898584,8481998
2026-10-04T14:10:43Z,frontend,recommendationservice,2782863,1684400,0,115728,980190,844699921,1683297
2026-10-04T14:10:43Z,frontend,redis-cart,0,0,0,0,0,0,0
2026-10-04T14:10:43Z,frontend,shippingservice,313202,313200,0,0,0,947101,313038
2026-10-04T14:10:43Z,paymentservice,adservice,0,0,0,0,0,0,0
2026-10-04T14:10:43Z,paymentservice,cartservice,0,0,0,0,0,0,0
2026-10-04T14:10:43Z,paymentservice,checkoutservice,0,0,0,0,0,0,0
2026-10-04T14:10:43Z,paymentservice,currencyservice,0,0,0,0,0,0,0
2026-10-04T14:10:43Z,paymentservice,emailservice,0,0,0,0,0,0,0
2026-10-04T14:10:43Z,paymentservice,frontend,0,0,0,0,0,0,0
2026-10-04T14:10:43Z,paymentservice,kubernetes,0,0,0,0,0,0,0
2026-10-04T14:10:43Z,paymentservice,paymentservice,0,0,0,0,0,0,0
2026-10-04T14:10:43Z,paymentservice,productcatalogservice,0,0,0,0,0,0,0
2026-10-04T14:10:43Z,paymentservice,recommendationservice,0,0,0,0,0,0,0
2026-10-04T14:10:43Z,paymentservice,redis-cart,0,0,0,0,0,0,0
2026-10-04T14:10:43Z,paymentservice,shippingservice,0,0,0,0,0,0,0
2026-10-04T14:10:43Z,productcatalogservice,adservice,0,0,0,0,0,0,0
2026-10-04T14:10:43Z,productcatalogservice,cartservice,0,0,0,0,0,0,0
2026-10-04T14:10:43Z,productcatalogservice,checkoutservice,0,0,0,0,0,0,0
2026-10-04T14:10:43Z,productcatalogservice,currencyservice,0,0,0,0,0,0,0
2026-10-04T14:10:43Z,productcatalogservice,emailservice,0,0,0,0,0,0,0
2026-10-04T14:10:43Z,productcatalogservice,frontend,0,0,0,0,0,0,0
2026-10-04T14:10:43Z,productcatalogservice,kubernetes,0,0,0,0,0,0,0
2026-10-04T14:10:43Z,productcatalogservice,paymentservice,0,0,0,0,0,0,0
2026-10-04T14:10:43Z,productcatalogservice,productcatalogservice,0,0,0,0,0,0,0
2026-10-04T14:10:43Z,productcatalogservice,recommendationservice,0,0,0,0,0,0,0
2026-10-04T14:10:43Z,productcatalogservice,redis-cart,0,0,0,0,0,0,0
2026-10-04T14:10:43Z,productcatalogservice,shippingservice,0,0,0,0,0,0,0
2026-10-04T14:10:43Z,recommendationservice,adservice,0,0,0,0,0,0,0
2026-10-04T14:10:43Z,recommendationservice,cartservice,0,0,0,0,0,0,0
2026-10-04T14:10:43Z,recommendationservice,checkoutservice,0,0,0,0,0,0,0
2026-10-04T14:10:43Z,recommendationservice,currencyservice,0,0,0,0,0,0,0
2026-10-04T14:10:43Z,recommendationservice,emailservice,0,0,0,0,0,0,0
2026-10-04T14:10:43Z,recommendationservice,frontend,0,0,0,0,0,0,0
2026-10-04T14:10:43Z,recommendationservice,kubernetes,0,0,0,0,0,0,0
2026-10-04T14:10:43Z,recommendationservice,paymentservice,0,0,0,0,0,0,0
2026-10-04T14:10:43Z,recommendationservice,productcatalogservice,178967,178967,0,0,0,1201482,177697
2026-10-04T14:10:43Z,recommendationservice,recommendationservice,0,0,0,0,0,0,0
2026-10-04T14:10:43Z,recommendationservice,redis-cart,0,0,0,0,0,0,0
2026-10-04T14:10:43Z,recommendationservice,shippingservice,0,0,0,0,0,0,0
2026-10-04T14:10:43Z,redis-cart,adservice,0,0,0,0,0,0,0
2026-10-04T14:10:43Z,redis-cart,cartservice,0,0,0,0,0,0,0
2026-10-04T14:10:43Z,redis-cart,checkoutservice,0,0,0,0,0,0,0
2026-10-04T14:10:43Z,redis-cart,currencyservice,0,0,0,0,0,0,0
2026-10-04T14:10:43Z,redis-cart,emailservice,0,0,0,0,0,0,0
2026-10-04T14:10:43Z,redis-cart,frontend,0,0,0,0,0,0,0
2026-10-04T14:10:43Z,redis-cart,kubernetes,0,0,0,0,0,0,0
2026-10-04T14:10:43Z,redis-cart,paymentservice,0,0,0,0,0,0,0
2026-10-04T14:10:43Z,redis-cart,productcatalogservice,0,0,0,0,0,0,0
2026-10-04T14:10:43Z,redis-cart,recommendationservice,0,0,0,0,0,0,0
2026-10-04T14:10:43Z,redis-cart,redis-cart,0,0,0,0,0,0,0
2026-10-04T14:10:43Z,redis-cart,shippingservice,0,0,0,0,0,0,0
2026-10-04T14:10:43Z,shippingservice,adservice,0,0,0,0,0,0,0
2026-10-04T14:10:43Z,shippingservice,cartservice,0,0,0,0,0,0,0
2026-10-04T14:10:43Z,shippingservice,checkoutservice,0,0,0,0,0,0,0
2026-10-04T14:10:43Z,shippingservice,currencyservice,0,0,0,0,0,0,0
2026-10-04T14:10:43Z,shippingservice,emailservice,0,0,0,0,0,0,0
2026-10-04T14:10:43Z,shippingservice,frontend,0,0,0,0,0,0,0
2026-10-04T14:10:43Z,shippingservice,kubernetes,0,0,0,0,0,0,0
2026-10-04T14:10:43Z,shippingservice,paymentservice,0,0,0,0,0,0,0
2026-10-04T14:10:43Z,shippingservice,productcatalogservice,0,0,0,0,0,0,0
2026-10-04T14:10:43Z,shippingservice,recommendationservice,0,0,0,0,0,0,0
2026-10-04T14:10:43Z,shippingservice,redis-cart,0,0,0,0,0,0,0
2026-10-04T14:10:43Z,shippingservice,shippingservice,0,0,0,0,0,0,0
2026-10-04T14:10:44Z,adservice,adservice,0,0,0,0,0,0,0
2026-10-04T14:10:44Z,adservice,cartservice,0,0,0,0,0,0,0
2026-10-04T14:10:44Z,adservice,checkoutservice,0,0,0,0,0,0,0
2026-10-04T14:10:44Z,adservice,currencyservice,0,0,0,0,0,0,0
2026-10-04T14:10:44Z,adservice,emailservice,0,0,0,0,0,0,0
2026-10-04T14:10:44Z,adservice,frontend,0,0,0,0,0,0,0
2026-10-04T14:10:44Z,adservice,kubernetes,0,0,0,0,0,0,0
2026-10-04T14:10:44Z,adservice,paymentservice,0,0,0,0,0,0,0
2026-10-04T14:10:44Z,adservice,productcatalogservice,0,0,0,0,0,0,0
2026-10-04T14:10:44Z,adservice,recommendationservice,0,0,0,0,0,0,0
2026-10-04T14:10:44Z,adservice,redis-cart,0,0,0,0,0,0,0
2026-10-04T14:10:44Z,adservice,shippingservice,0,0,0,0,0,0,0
2026-10-04T14:10:44Z,cartservice,adservice,0,0,0,0,0,0,0
2026-10-04T14:10:44Z,cartservice,cartservice,0,0,0,0,0,0,0
2026-10-04T14:10:44Z,cartservice,checkoutservice,0,0,0,0,0,0,0
2026-10-04T14:10:44Z,cartservice,currencyservice,0,0,0,0,0,0,0
2026-10-04T14:10:44Z,cartservice,emailservice,0,0,0,0,0,0,0
2026-10-04T14:10:44Z,cartservice,frontend,0,0,0,0,0,0,0
2026-10-04T14:10:44Z,cartservice,kubernetes,0,0,0,0,0,0,0
2026-10-04T14:10:44Z,cartservice,paymentservice,0,0,0,0,0,0,0
2026-10-04T14:10:44Z,cartservice,productcatalogservice,0,0,0,0,0,0,0
2026-10-04T14:10:44Z,cartservice,recommendationservice,0,0,0,0,0,0,0
2026-10-04T14:10:44Z,cartservice,redis-cart,2,0,0,0,0,0,0
2026-10-04T14:10:44Z,cartservice,shippingservice,0,0,0,0,0,0,0
2026-10-04T14:10:44Z,checkoutservice,adservice,0,0,0,0,0,0,0
2026-10-04T14:10:44Z,checkoutservice,cartservice,63972,63040,0,100,0,715053,62819
2026-10-04T14:10:44Z,checkoutservice,checkoutservice,0,0,0,0,0,0,0
2026-10-04T14:10:44Z,checkoutservice,currencyservice,43385,43385,0,0,0,574303,43276
2026-10-04T14:10:44Z,checkoutservice,emailservice,14619,14331,0,66,0,468351,14219
2026-10-04T14:10:44Z,checkoutservice,frontend,0,0,0,0,0,0,0
2026-10-04T14:10:44Z,checkoutservice,kubernetes,0,0,0,0,0,0,0
2026-10-04T14:10:44Z,checkoutservice,paymentservice,36651,34801,0,192,0,444216,34543
2026-10-04T14:10:44Z,checkoutservice,productcatalogservice,0,0,0,0,0,0,0
2026-10-04T14:10:44Z,checkoutservice,recommendationservice,0,0,0,0,0,0,0
2026-10-04T14:10:44Z,checkoutservice,redis-cart,0,0,0,0,0,0,0
2026-10-04T14:10:44Z,checkoutservice,shippingservice,69283,67180,0,154,0,519562,66958
2026-10-04T14:10:44Z,currencyservice,adservice,0,0,0,0,0,0,0
2026-10-04T14:10:44Z,currencyservice,cartservice,0,0,0,0,0,0,0
2026-10-04T14:10:44Z,currencyservice,checkoutservice,0,0,0,0,0,0,0
2026-10-04T14:10:44Z,currencyservice,currencyservice,0,0,0,0,0,0,0
2026-10-04T14:10:44Z,currencyservice,emailservice,0,0,0,0,0,0,0
2026-10-04T14:10:44Z,currencyservice,frontend,0,0,0,0,0,0,0
2026-10-04T14:10:44Z,currencyservice,kubernetes,0,0,0,0,0,0,0
2026-10-04T14:10:44Z,currencyservice,paymentservice,0,0,0,0,0,0,0
2026-10-04T14:10:44Z,currencyservice,productcatalogservice,0,0,0,0,0,0,0
2026-10-04T14:10:44Z,currencyservice,recommendationservice,0,0,0,0,0,0,0
2026-10-04T14:10:44Z,currencyservice,redis-cart,0,0,0,0,0,0,0
2026-10-04T14:10:44Z,currencyservice,shippingservice,0,0,0,0,0,0,0
2026-10-04T14:10:44Z,emailservice,adservice,0,0,0,0,0,0,0
2026-10-04T14:10:44Z,emailservice,cartservice,0,0,0,0,0,0,0
2026-10-04T14:10:44Z,emailservice,checkoutservice,0,0,0,0,0,0,0
2026-10-04T14:10:44Z,emailservice,currencyservice,0,0,0,0,0,0,0
2026-10-04T14:10:44Z,emailservice,emailservice,0,0,0,0,0,0,0
2026-10-04T14:10:44Z,emailservice,frontend,0,0,0,0,0,0,0
2026-10-04T14:10:44Z,emailservice,kubernetes,0,0,0,0,0,0,0
2026-10-04T14:10:44Z,emailservice,paymentservice,0,0,0,0,0,0,0
2026-10-04T14:10:44Z,emailservice,productcatalogservice,0,0,0,0,0,0,0
2026-10-04T14:10:44Z,emailservice,recommendationservice,0,0,0,0,0,0,0
2026-10-04T14:10:44Z,emailservice,redis-cart,0,0,0,0,0,0,0
2026-10-04T14:10:44Z,emailservice,shippingservice,0,0,0,0,0,0,0
2026-10-04T14:10:44Z,frontend,adservice,854502,854500,0,0,0,2574318,854248
2026-10-04T14:10:44Z,frontend,cartservice,1908341,1908329,0,0,4,10547651,1907641
2026-10-04T14:10:44Z,frontend,checkoutservice,402380,192411,0,40061,169946,62983680,192312
2026-10-04T14:10:44Z,frontend,currencyservice,3032478,3032468,0,0,0,15946108,3031379
2026-10-04T14:10:44Z,frontend,emailservice,0,0,0,0,0,0,0
2026-10-04T14:10:44Z,frontend,frontend,0,0,0,0,0,0,0
2026-10-04T14:10:44Z,frontend,kubernetes,0,0,0,0,0,0,0
2026-10-04T14:10:44Z,frontend,paymentservice,0,0,0,0,0,0,0
2026-10-04T14:10:44Z,frontend,productcatalogservice,8488719,8488650,0,0,0,57920220,8485861
2026-10-04T14:10:44Z,frontend,recommendationservice,2783604,1684706,0,115778,980572,845401851,1684132
2026-10-04T14:10:44Z,frontend,redis-cart,0,0,0,0,0,0,0
2026-10-04T14:10:44Z,frontend,shippingservice,313259,313257,0,0,0,947398,313155
2026-10-04T14:10:44Z,paymentservice,adservice,0,0,0,0,0,0,0
2026-10-04T14:10:44Z,paymentservice,cartservice,0,0,0,0,0,0,0
2026-10-04T14:10:44Z,paymentservice,checkoutservice,0,0,0,0,0,0,0
2026-10-04T14:10:44Z,paymentservice,currencyservice,0,0,0,0,0,0,0
2026-10-04T14:10:44Z,paymentservice,emailservice,0,0,0,0,0,0,0
2026-10-04T14:10:44Z,paymentservice,frontend,0,0,0,0,0,0,0
2026-10-04T14:10:44Z,paymentservice,kubernetes,0,0,0,0,0,0,0
2026-10-04T14:10:44Z,paymentservice,paymentservice,0,0,0,0,0,0,0
2026-10-04T14:10:44Z,paymentservice,productcatalogservice,0,0,0,0,0,0,0
2026-10-04T14:10:44Z,paymentservice,recommendationservice,0,0,0,0,0,0,0
2026-10-04T14:10:44Z,paymentservice,redis-cart,0,0,0,0,0,0,0
2026-10-04T14:10:44Z,paymentservice,shippingservice,0,0,0,0,0,0,0
2026-10-04T14:10:44Z,productcatalogservice,adservice,0,0,0,0,0,0,0
2026-10-04T14:10:44Z,productcatalogservice,cartservice,0,0,0,0,0,0,0
2026-10-04T14:10:44Z,productcatalogservice,checkoutservice,0,0,0,0,0,0,0
2026-10-04T14:10:44Z,productcatalogservice,currencyservice,0,0,0,0,0,0,0
2026-10-04T14:10:44Z,productcatalogservice,emailservice,0,0,0,0,0,0,0
2026-10-04T14:10:44Z,productcatalogservice,frontend,0,0,0,0,0,0,0
2026-10-04T14:10:44Z,productcatalogservice,kubernetes,0,0,0,0,0,0,0
2026-10-04T14:10:44Z,productcatalogservice,paymentservice,0,0,0,0,0,0,0
2026-10-04T14:10:44Z,productcatalogservice,productcatalogservice,0,0,0,0,0,0,0
2026-10-04T14:10:44Z,productcatalogservice,recommendationservice,0,0,0,0,0,0,0
2026-10-04T14:10:44Z,productcatalogservice,redis-cart,0,0,0,0,0,0,0
2026-10-04T14:10:44Z,productcatalogservice,shippingservice,0,0,0,0,0,0,0
2026-10-04T14:10:44Z,recommendationservice,adservice,0,0,0,0,0,0,0
2026-10-04T14:10:44Z,recommendationservice,cartservice,0,0,0,0,0,0,0
2026-10-04T14:10:44Z,recommendationservice,checkoutservice,0,0,0,0,0,0,0
2026-10-04T14:10:44Z,recommendationservice,currencyservice,0,0,0,0,0,0,0
2026-10-04T14:10:44Z,recommendationservice,emailservice,0,0,0,0,0,0,0
2026-10-04T14:10:44Z,recommendationservice,frontend,0,0,0,0,0,0,0
2026-10-04T14:10:44Z,recommendationservice,kubernetes,0,0,0,0,0,0,0
2026-10-04T14:10:44Z,recommendationservice,paymentservice,0,0,0,0,0,0,0
2026-10-04T14:10:44Z,recommendationservice,productcatalogservice,179352,179352,0,0,0,1201482,177697
2026-10-04T14:10:44Z,recommendationservice,recommendationservice,0,0,0,0,0,0,0
2026-10-04T14:10:44Z,recommendationservice,redis-cart,0,0,0,0,0,0,0
2026-10-04T14:10:44Z,recommendationservice,shippingservice,0,0,0,0,0,0,0
2026-10-04T14:10:44Z,redis-cart,adservice,0,0,0,0,0,0,0
2026-10-04T14:10:44Z,redis-cart,cartservice,0,0,0,0,0,0,0
2026-10-04T14:10:44Z,redis-cart,checkoutservice,0,0,0,0,0,0,0
2026-10-04T14:10:44Z,redis-cart,currencyservice,0,0,0,0,0,0,0
2026-10-04T14:10:44Z,redis-cart,emailservice,0,0,0,0,0,0,0
2026-10-04T14:10:44Z,redis-cart,frontend,0,0,0,0,0,0,0
2026-10-04T14:10:44Z,redis-cart,kubernetes,0,0,0,0,0,0,0
2026-10-04T14:10:44Z,redis-cart,paymentservice,0,0,0,0,0,0,0
2026-10-04T14:10:44Z,redis-cart,productcatalogservice,0,0,0,0,0,0,0
2026-10-04T14:10:44Z,redis-cart,recommendationservice,0,0,0,0,0,0,0
2026-10-04T14:10:44Z,redis-cart,redis-cart,0,0,0,0,0,0,0
2026-10-04T14:10:44Z,redis-cart,shippingservice,0,0,0,0,0,0,0
2026-10-04T14:10:44Z,shippingservice,adservice,0,0,0,0,0,0,0
2026-10-04T14:10:44Z,shippingservice,cartservice,0,0,0,0,0,0,0
2026-10-04T14:10:44Z,shippingservice,checkoutservice,0,0,0,0,0,0,0
2026-10-04T14:10:44Z,shippingservice,currencyservice,0,0,0,0,0,0,0
2026-10-04T14:10:44Z,shippingservice,emailservice,0,0,0,0,0,0,0
2026-10-04T14:10:44Z,shippingservice,frontend,0,0,0,0,0,0,0
2026-10-04T14:10:44Z,shippingservice,kubernetes,0,0,0,0,0,0,0
2026-10-04T14:10:44Z,shippingservice,paymentservice,0,0,0,0,0,0,0
2026-10-04T14:10:44Z,shippingservice,productcatalogservice,0,0,0,0,0,0,0
2026-10-04T14:10:44Z,shippingservice,recommendationservice,0,0,0,0,0,0,0
2026-10-04T14:10:44Z,shippingservice,redis-cart,0,0,0,0,0,0,0
2026-10-04T14:10:44Z,shippingservice,shippingservice,0,0,0,0,0,0,0
2026-10-04T14:10:45Z,adservice,adservice,0,0,0,0,0,0,0
2026-10-04T14:10:45Z,adservice,cartservice,0,0,0,0,0,0,0
2026-10-04T14:10:45Z,adservice,checkoutservice,0,0,0,0,0,0,0
2026-10-04T14:10:45Z,adservice,currencyservice,0,0,0,0,0,0,0
2026-10-04T14:10:45Z,adservice,emailservice,0,0,0,0,0,0,0
2026-10-04T14:10:45Z,adservice,frontend,0,0,0,0,0,0,0
2026-10-04T14:10:45Z,adservice,kubernetes,0,0,0,0,0,0,0
2026-10-04T14:10:45Z,adservice,paymentservice,0,0,0,0,0,0,0
2026-10-04T14:10:45Z,adservice,productcatalogservice,0,0,0,0,0,0,0
2026-10-04T14:10:45Z,adservice,recommendationservice,0,0,0,0,0,0,0
2026-10-04T14:10:45Z,adservice,redis-cart,0,0,0,0,0,0,0
2026-10-04T14:10:45Z,adservice,shippingservice,0,0,0,0,0,0,0
2026-10-04T14:10:45Z,cartservice,adservice,0,0,0,0,0,0,0
2026-10-04T14:10:45Z,cartservice,cartservice,0,0,0,0,0,0,0
2026-10-04T14:10:45Z,cartservice,checkoutservice,0,0,0,0,0,0,0
2026-10-04T14:10:45Z,cartservice,currencyservice,0,0,0,0,0,0,0
2026-10-04T14:10:45Z,cartservice,emailservice,0,0,0,0,0,0,0
2026-10-04T14:10:45Z,cartservice,frontend,0,0,0,0,0,0,0
2026-10-04T14:10:45Z,cartservice,kubernetes,0,0,0,0,0,0,0
2026-10-04T14:10:45Z,cartservice,paymentservice,0,0,0,0,0,0,0
2026-10-04T14:10:45Z,cartservice,productcatalogservice,0,0,0,0,0,0,0
2026-10-04T14:10:45Z,cartservice,recommendationservice,0,0,0,0,0,0,0
2026-10-04T14:10:45Z,cartservice,redis-cart,2,0,0,0,0,0,0
2026-10-04T14:10:45Z,cartservice,shippingservice,0,0,0,0,0,0,0
2026-10-04T14:10:45Z,checkoutservice,adservice,0,0,0,0,0,0,0
2026-10-04T14:10:45Z,checkoutservice,cartservice,64059,63127,0,100,0,715053,62819
2026-10-04T14:10:45Z,checkoutservice,checkoutservice,0,0,0,0,0,0,0
2026-10-04T14:10:45Z,checkoutservice,currencyservice,43427,43427,0,0,0,574303,43276
2026-10-04T14:10:45Z,checkoutservice,emailservice,14660,14372,0,66,0,468351,14219
2026-10-04T14:10:45Z,checkoutservice,frontend,0,0,0,0,0,0,0
2026-10-04T14:10:45Z,checkoutservice,kubernetes,0,0,0,0,0,0,0
2026-10-04T14:10:45Z,checkoutservice,paymentservice,36692,34844,0,192,0,444216,34543
2026-10-04T14:10:45Z,checkoutservice,productcatalogservice,0,0,0,0,0,0,0
2026-10-04T14:10:45Z,checkoutservice,recommendationservice,0,0,0,0,0,0,0
2026-10-04T14:10:45Z,checkoutservice,redis-cart,0,0,0,0,0,0,0
2026-10-04T14:10:45Z,checkoutservice,shippingservice,69368,67264,0,154,0,519562,66958
2026-10-04T14:10:45Z,currencyservice,adservice,0,0,0,0,0,0,0
2026-10-04T14:10:45Z,currencyservice,cartservice,0,0,0,0,0,0,0
2026-10-04T14:10:45Z,currencyservice,checkoutservice,0,0,0,0,0,0,0
2026-10-04T14:10:45Z,currencyservice,currencyservice,0,0,0,0,0,0,0
2026-10-04T14:10:45Z,currencyservice,emailservice,0,0,0,0,0,0,0
2026-10-04T14:10:45Z,currencyservice,frontend,0,0,0,0,0,0,0
2026-10-04T14:10:45Z,currencyservice,kubernetes,0,0,0,0,0,0,0
2026-10-04T14:10:45Z,currencyservice,paymentservice,0,0,0,0,0,0,0
2026-10-04T14:10:45Z,currencyservice,productcatalogservice,0,0,0,0,0,0,0
2026-10-04T14:10:45Z,currencyservice,recommendationservice,0,0,0,0,0,0,0
2026-10-04T14:10:45Z,currencyservice,redis-cart,0,0,0,0,0,0,0
2026-10-04T14:10:45Z,currencyservice,shippingservice,0,0,0,0,0,0,0
2026-10-04T14:10:45Z,emailservice,adservice,0,0,0,0,0,0,0
2026-10-04T14:10:45Z,emailservice,cartservice,0,0,0,0,0,0,0
2026-10-04T14:10:45Z,emailservice,checkoutservice,0,0,0,0,0,0,0
2026-10-04T14:10:45Z,emailservice,currencyservice,0,0,0,0,0,0,0
2026-10-04T14:10:45Z,emailservice,emailservice,0,0,0,0,0,0,0
2026-10-04T14:10:45Z,emailservice,frontend,0,0,0,0,0,0,0
2026-10-04T14:10:45Z,emailservice,kubernetes,0,0,0,0,0,0,0
2026-10-04T14:10:45Z,emailservice,paymentservice,0,0,0,0,0,0,0
2026-10-04T14:10:45Z,emailservice,productcatalogservice,0,0,0,0,0,0,0
2026-10-04T14:10:45Z,emailservice,recommendationservice,0,0,0,0,0,0,0
2026-10-04T14:10:45Z,emailservice,redis-cart,0,0,0,0,0,0,0
2026-10-04T14:10:45Z,emailservice,shippingservice,0,0,0,0,0,0,0
2026-10-04T14:10:45Z,frontend,adservice,854630,854628,0,0,0,2574728,854416
2026-10-04T14:10:45Z,frontend,cartservice,1908731,1908715,0,0,4,10549712,1908076
2026-10-04T14:10:45Z,frontend,checkoutservice,402422,192449,0,40061,169946,62990892,192370
2026-10-04T14:10:45Z,frontend,currencyservice,3033067,3033058,0,0,0,15948881,3032083
2026-10-04T14:10:45Z,frontend,emailservice,0,0,0,0,0,0,0
2026-10-04T14:10:45Z,frontend,frontend,0,0,0,0,0,0,0
2026-10-04T14:10:45Z,frontend,kubernetes,0,0,0,0,0,0,0
2026-10-04T14:10:45Z,frontend,paymentservice,0,0,0,0,0,0,0
2026-10-04T14:10:45Z,frontend,productcatalogservice,8490081,8490005,0,0,0,57933785,8487637
2026-10-04T14:10:45Z,frontend,recommendationservice,2784421,1685007,0,115855,980996,845704871,1684507
2026-10-04T14:10:45Z,frontend,redis-cart,0,0,0,0,0,0,0
2026-10-04T14:10:45Z,frontend,shippingservice,313298,313296,0,0,0,947580,313218
2026-10-04T14:10:45Z,paymentservice,adservice,0,0,0,0,0,0,0
2026-10-04T14:10:45Z,paymentservice,cartservice,0,0,0,0,0,0,0
2026-10-04T14:10:45Z,paymentservice,checkoutservice,0,0,0,0,0,0,0
2026-10-04T14:10:45Z,paymentservice,currencyservice,0,0,0,0,0,0,0
2026-10-04T14:10:45Z,paymentservice,emailservice,0,0,0,0,0,0,0
2026-10-04T14:10:45Z,paymentservice,frontend,0,0,0,0,0,0,0
2026-10-04T14:10:45Z,paymentservice,kubernetes,0,0,0,0,0,0,0
2026-10-04T14:10:45Z,paymentservice,paymentservice,0,0,0,0,0,0,0
2026-10-04T14:10:45Z,paymentservice,productcatalogservice,0,0,0,0,0,0,0
2026-10-04T14:10:45Z,paymentservice,recommendationservice,0,0,0,0,0,0,0
2026-10-04T14:10:45Z,paymentservice,redis-cart,0,0,0,0,0,0,0
2026-10-04T14:10:45Z,paymentservice,shippingservice,0,0,0,0,0,0,0
2026-10-04T14:10:45Z,productcatalogservice,adservice,0,0,0,0,0,0,0
2026-10-04T14:10:45Z,productcatalogservice,cartservice,0,0,0,0,0,0,0
2026-10-04T14:10:45Z,productcatalogservice,checkoutservice,0,0,0,0,0,0,0
2026-10-04T14:10:45Z,productcatalogservice,currencyservice,0,0,0,0,0,0,0
2026-10-04T14:10:45Z,productcatalogservice,emailservice,0,0,0,0,0,0,0
2026-10-04T14:10:45Z,productcatalogservice,frontend,0,0,0,0,0,0,0
2026-10-04T14:10:45Z,productcatalogservice,kubernetes,0,0,0,0,0,0,0
2026-10-04T14:10:45Z,productcatalogservice,paymentservice,0,0,0,0,0,0,0
2026-10-04T14:10:45Z,productcatalogservice,productcatalogservice,0,0,0,0,0,0,0
2026-10-04T14:10:45Z,productcatalogservice,recommendationservice,0,0,0,0,0,0,0
2026-10-04T14:10:45Z,productcatalogservice,redis-cart,0,0,0,0,0,0,0
2026-10-04T14:10:45Z,productcatalogservice,shippingservice,0,0,0,0,0,0,0
2026-10-04T14:10:45Z,recommendationservice,adservice,0,0,0,0,0,0,0
2026-10-04T14:10:45Z,recommendationservice,cartservice,0,0,0,0,0,0,0
2026-10-04T14:10:45Z,recommendationservice,checkoutservice,0,0,0,0,0,0,0
2026-10-04T14:10:45Z,recommendationservice,currencyservice,0,0,0,0,0,0,0
2026-10-04T14:10:45Z,recommendationservice,emailservice,0,0,0,0,0,0,0
2026-10-04T14:10:45Z,recommendationservice,frontend,0,0,0,0,0,0,0
2026-10-04T14:10:45Z,recommendationservice,kubernetes,0,0,0,0,0,0,0
2026-10-04T14:10:45Z,recommendationservice,paymentservice,0,0,0,0,0,0,0
2026-10-04T14:10:45Z,recommendationservice,productcatalogservice,179747,179746,0,0,0,1212491,179717
2026-10-04T14:10:45Z,recommendationservice,recommendationservice,0,0,0,0,0,0,0
2026-10-04T14:10:45Z,recommendationservice,redis-cart,0,0,0,0,0,0,0
2026-10-04T14:10:45Z,recommendationservice,shippingservice,0,0,0,0,0,0,0
2026-10-04T14:10:45Z,redis-cart,adservice,0,0,0,0,0,0,0
2026-10-04T14:10:45Z,redis-cart,cartservice,0,0,0,0,0,0,0
2026-10-04T14:10:45Z,redis-cart,checkoutservice,0,0,0,0,0,0,0
2026-10-04T14:10:45Z,redis-cart,currencyservice,0,0,0,0,0,0,0
2026-10-04T14:10:45Z,redis-cart,emailservice,0,0,0,0,0,0,0
2026-10-04T14:10:45Z,redis-cart,frontend,0,0,0,0,0,0,0
2026-10-04T14:10:45Z,redis-cart,kubernetes,0,0,0,0,0,0,0
2026-10-04T14:10:45Z,redis-cart,paymentservice,0,0,0,0,0,0,0
2026-10-04T14:10:45Z,redis-cart,productcatalogservice,0,0,0,0,0,0,0
2026-10-04T14:10:45Z,redis-cart,recommendationservice,0,0,0,0,0,0,0
2026-10-04T14:10:45Z,redis-cart,redis-cart,0,0,0,0,0,0,0
2026-10-04T14:10:45Z,redis-cart,shippingservice,0,0,0,0,0,0,0
2026-10-04T14:10:45Z,shippingservice,adservice,0,0,0,0,0,0,0
2026-10-04T14:10:45Z,shippingservice,cartservice,0,0,0,0,0,0,0
2026-10-04T14:10:45Z,shippingservice,checkoutservice,0,0,0,0,0,0,0
2026-10-04T14:10:45Z,shippingservice,currencyservice,0,0,0,0,0,0,0
2026-10-04T14:10:45Z,shippingservice,emailservice,0,0,0,0,0,0,0
2026-10-04T14:10:45Z,shippingservice,frontend,0,0,0,0,0,0,0
2026-10-04T14:10:45Z,shippingservice,kubernetes,0,0,0,0,0,0,0
2026-10-04T14:10:45Z,shippingservice,paymentservice,0,0,0,0,0,0,0
2026-10-04T14:10:45Z,shippingservice,productcatalogservice,0,0,0,0,0,0,0
2026-10-04T14:10:45Z,shippingservice,recommendationservice,0,0,0,0,0,0,0
2026-10-04T14:10:45Z,shippingservice,redis-cart,0,0,0,0,0,0,0
2026-10-04T14:10:45Z,shippingservice,shippingservice,0,0,0,0,0,0,0
2026-10-04T14:10:46Z,adservice,adservice,0,0,0,0,0,0,0
2026-10-04T14:10:46Z,adservice,cartservice,0,0,0,0,0,0,0
2026-10-04T14:10:46Z,adservice,checkoutservice,0,0,0,0,0,0,0
2026-10-04T14:10:46Z,adservice,currencyservice,0,0,0,0,0,0,0
2026-10-04T14:10:46Z,adservice,emailservice,0,0,0,0,0,0,0
2026-10-04T14:10:46Z,adservice,frontend,0,0,0,0,0,0,0
2026-10-04T14:10:46Z,adservice,kubernetes,0,0,0,0,0,0,0
2026-10-04T14:10:46Z,adservice,paymentservice,0,0,0,0,0,0,0
2026-10-04T14:10:46Z,adservice,productcatalogservice,0,0,0,0,0,0,0
2026-10-04T14:10:46Z,adservice,recommendationservice,0,0,0,0,0,0,0
2026-10-04T14:10:46Z,adservice,redis-cart,0,0,0,0,0,0,0
2026-10-04T14:10:46Z,adservice,shippingservice,0,0,0,0,0,0,0
2026-10-04T14:10:46Z,cartservice,adservice,0,0,0,0,0,0,0
2026-10-04T14:10:46Z,cartservice,cartservice,0,0,0,0,0,0,0
2026-10-04T14:10:46Z,cartservice,checkoutservice,0,0,0,0,0,0,0
2026-10-04T14:10:46Z,cartservice,currencyservice,0,0,0,0,0,0,0
2026-10-04T14:10:46Z,cartservice,emailservice,0,0,0,0,0,0,0
2026-10-04T14:10:46Z,cartservice,frontend,0,0,0,0,0,0,0
2026-10-04T14:10:46Z,cartservice,kubernetes,0,0,0,0,0,0,0
2026-10-04T14:10:46Z,cartservice,paymentservice,0,0,0,0,0,0,0
2026-10-04T14:10:46Z,cartservice,productcatalogservice,0,0,0,0,0,0,0
2026-10-04T14:10:46Z,cartservice,recommendationservice,0,0,0,0,0,0,0
2026-10-04T14:10:46Z,cartservice,redis-cart,2,0,0,0,0,0,0
2026-10-04T14:10:46Z,cartservice,shippingservice,0,0,0,0,0,0,0
2026-10-04T14:10:46Z,checkoutservice,adservice,0,0,0,0,0,0,0
2026-10-04T14:10:46Z,checkoutservice,cartservice,64153,63219,0,100,0,715053,62819
2026-10-04T14:10:46Z,checkoutservice,checkoutservice,0,0,0,0,0,0,0
2026-10-04T14:10:46Z,checkoutservice,currencyservice,43475,43475,0,0,0,574303,43276
2026-10-04T14:10:46Z,checkoutservice,emailservice,14707,14417,0,66,0,468351,14219
2026-10-04T14:10:46Z,checkoutservice,frontend,0,0,0,0,0,0,0
2026-10-04T14:10:46Z,checkoutservice,kubernetes,0,0,0,0,0,0,0
2026-10-04T14:10:46Z,checkoutservice,paymentservice,36740,34891,0,192,0,444216,34543
2026-10-04T14:10:46Z,checkoutservice,productcatalogservice,0,0,0,0,0,0,0
2026-10-04T14:10:46Z,checkoutservice,recommendationservice,0,0,0,0,0,0,0
2026-10-04T14:10:46Z,checkoutservice,redis-cart,0,0,0,0,0,0,0
2026-10-04T14:10:46Z,checkoutservice,shippingservice,69464,67361,0,154,0,519562,66958
2026-10-04T14:10:46Z,currencyservice,adservice,0,0,0,0,0,0,0
2026-10-04T14:10:46Z,currencyservice,cartservice,0,0,0,0,0,0,0
2026-10-04T14:10:46Z,currencyservice,checkoutservice,0,0,0,0,0,0,0
2026-10-04T14:10:46Z,currencyservice,currencyservice,0,0,0,0,0,0,0
2026-10-04T14:10:46Z,currencyservice,emailservice,0,0,0,0,0,0,0
2026-10-04T14:10:46Z,currencyservice,frontend,0,0,0,0,0,0,0
2026-10-04T14:10:46Z,currencyservice,kubernetes,0,0,0,0,0,0,0
2026-10-04T14:10:46Z,currencyservice,paymentservice,0,0,0,0,0,0,0
2026-10-04T14:10:46Z,currencyservice,productcatalogservice,0,0,0,0,0,0,0
2026-10-04T14:10:46Z,currencyservice,recommendationservice,0,0,0,0,0,0,0
2026-10-04T14:10:46Z,currencyservice,redis-cart,0,0,0,0,0,0,0
2026-10-04T14:10:46Z,currencyservice,shippingservice,0,0,0,0,0,0,0
2026-10-04T14:10:46Z,emailservice,adservice,0,0,0,0,0,0,0
2026-10-04T14:10:46Z,emailservice,cartservice,0,0,0,0,0,0,0
2026-10-04T14:10:46Z,emailservice,checkoutservice,0,0,0,0,0,0,0
2026-10-04T14:10:46Z,emailservice,currencyservice,0,0,0,0,0,0,0
2026-10-04T14:10:46Z,emailservice,emailservice,0,0,0,0,0,0,0
2026-10-04T14:10:46Z,emailservice,frontend,0,0,0,0,0,0,0
2026-10-04T14:10:46Z,emailservice,kubernetes,0,0,0,0,0,0,0
2026-10-04T14:10:46Z,emailservice,paymentservice,0,0,0,0,0,0,0
2026-10-04T14:10:46Z,emailservice,productcatalogservice,0,0,0,0,0,0,0
2026-10-04T14:10:46Z,emailservice,recommendationservice,0,0,0,0,0,0,0
2026-10-04T14:10:46Z,emailservice,redis-cart,0,0,0,0,0,0,0
2026-10-04T14:10:46Z,emailservice,shippingservice,0,0,0,0,0,0,0
2026-10-04T14:10:46Z,frontend,adservice,854743,854741,0,0,0,2574728,854416
2026-10-04T14:10:46Z,frontend,cartservice,1909106,1909086,0,0,4,10549712,1908076
2026-10-04T14:10:46Z,frontend,checkoutservice,402475,192499,0,40061,169946,62990892,192370
2026-10-04T14:10:46Z,frontend,currencyservice,3033656,3033644,0,0,0,15948881,3032083
2026-10-04T14:10:46Z,frontend,emailservice,0,0,0,0,0,0,0
2026-10-04T14:10:46Z,frontend,frontend,0,0,0,0,0,0,0
2026-10-04T14:10:46Z,frontend,kubernetes,0,0,0,0,0,0,0
2026-10-04T14:10:46Z,frontend,paymentservice,0,0,0,0,0,0,0
2026-10-04T14:10:46Z,frontend,productcatalogservice,8491464,8491387,0,0,0,57933785,8487637
2026-10-04T14:10:46Z,frontend,recommendationservice,2785180,1685343,0,115918,981392,845704871,1684507
2026-10-04T14:10:46Z,frontend,redis-cart,0,0,0,0,0,0,0
2026-10-04T14:10:46Z,frontend,shippingservice,313348,313344,0,0,0,947580,313218
2026-10-04T14:10:46Z,paymentservice,adservice,0,0,0,0,0,0,0
2026-10-04T14:10:46Z,paymentservice,cartservice,0,0,0,0,0,0,0
2026-10-04T14:10:46Z,paymentservice,checkoutservice,0,0,0,0,0,0,0
2026-10-04T14:10:46Z,paymentservice,currencyservice,0,0,0,0,0,0,0
2026-10-04T14:10:46Z,paymentservice,emailservice,0,0,0,0,0,0,0
2026-10-04T14:10:46Z,paymentservice,frontend,0,0,0,0,0,0,0
2026-10-04T14:10:46Z,paymentservice,kubernetes,0,0,0,0,0,0,0
2026-10-04T14:10:46Z,paymentservice,paymentservice,0,0,0,0,0,0,0
2026-10-04T14:10:46Z,paymentservice,productcatalogservice,0,0,0,0,0,0,0
2026-10-04T14:10:46Z,paymentservice,recommendationservice,0,0,0,0,0,0,0
2026-10-04T14:10:46Z,paymentservice,redis-cart,0,0,0,0,0,0,0
2026-10-04T14:10:46Z,paymentservice,shippingservice,0,0,0,0,0,0,0
2026-10-04T14:10:46Z,productcatalogservice,adservice,0,0,0,0,0,0,0
2026-10-04T14:10:46Z,productcatalogservice,cartservice,0,0,0,0,0,0,0
2026-10-04T14:10:46Z,productcatalogservice,checkoutservice,0,0,0,0,0,0,0
2026-10-04T14:10:46Z,productcatalogservice,currencyservice,0,0,0,0,0,0,0
2026-10-04T14:10:46Z,productcatalogservice,emailservice,0,0,0,0,0,0,0
2026-10-04T14:10:46Z,productcatalogservice,frontend,0,0,0,0,0,0,0
2026-10-04T14:10:46Z,productcatalogservice,kubernetes,0,0,0,0,0,0,0
2026-10-04T14:10:46Z,productcatalogservice,paymentservice,0,0,0,0,0,0,0
2026-10-04T14:10:46Z,productcatalogservice,productcatalogservice,0,0,0,0,0,0,0
2026-10-04T14:10:46Z,productcatalogservice,recommendationservice,0,0,0,0,0,0,0
2026-10-04T14:10:46Z,productcatalogservice,redis-cart,0,0,0,0,0,0,0
2026-10-04T14:10:46Z,productcatalogservice,shippingservice,0,0,0,0,0,0,0
2026-10-04T14:10:46Z,recommendationservice,adservice,0,0,0,0,0,0,0
2026-10-04T14:10:46Z,recommendationservice,cartservice,0,0,0,0,0,0,0
2026-10-04T14:10:46Z,recommendationservice,checkoutservice,0,0,0,0,0,0,0
2026-10-04T14:10:46Z,recommendationservice,currencyservice,0,0,0,0,0,0,0
2026-10-04T14:10:46Z,recommendationservice,emailservice,0,0,0,0,0,0,0
2026-10-04T14:10:46Z,recommendationservice,frontend,0,0,0,0,0,0,0
2026-10-04T14:10:46Z,recommendationservice,kubernetes,0,0,0,0,0,0,0
2026-10-04T14:10:46Z,recommendationservice,paymentservice,0,0,0,0,0,0,0
2026-10-04T14:10:46Z,recommendationservice,productcatalogservice,180168,180158,0,0,0,1212491,179717
2026-10-04T14:10:46Z,recommendationservice,recommendationservice,0,0,0,0,0,0,0
2026-10-04T14:10:46Z,recommendationservice,redis-cart,0,0,0,0,0,0,0
2026-10-04T14:10:46Z,recommendationservice,shippingservice,0,0,0,0,0,0,0
2026-10-04T14:10:46Z,redis-cart,adservice,0,0,0,0,0,0,0
2026-10-04T14:10:46Z,redis-cart,cartservice,0,0,0,0,0,0,0
2026-10-04T14:10:46Z,redis-cart,checkoutservice,0,0,0,0,0,0,0
2026-10-04T14:10:46Z,redis-cart,currencyservice,0,0,0,0,0,0,0
2026-10-04T14:10:46Z,redis-cart,emailservice,0,0,0,0,0,0,0
2026-10-04T14:10:46Z,redis-cart,frontend,0,0,0,0,0,0,0
2026-10-04T14:10:46Z,redis-cart,kubernetes,0,0,0,0,0,0,0
2026-10-04T14:10:46Z,redis-cart,paymentservice,0,0,0,0,0,0,0
2026-10-04T14:10:46Z,redis-cart,productcatalogservice,0,0,0,0,0,0,0
2026-10-04T14:10:46Z,redis-cart,recommendationservice,0,0,0,0,0,0,0
2026-10-04T14:10:46Z,redis-cart,redis-cart,0,0,0,0,0,0,0
2026-10-04T14:10:46Z,redis-cart,shippingservice,0,0,0,0,0,0,0
2026-10-04T14:10:46Z,shippingservice,adservice,0,0,0,0,0,0,0
2026-10-04T14:10:46Z,shippingservice,cartservice,0,0,0,0,0,0,0
2026-10-04T14:10:46Z,shippingservice,checkoutservice,0,0,0,0,0,0,0
2026-10-04T14:10:46Z,shippingservice,currencyservice,0,0,0,0,0,0,0
2026-10-04T14:10:46Z,shippingservice,emailservice,0,0,0,0,0,0,0
2026-10-04T14:10:46Z,shippingservice,frontend,0,0,0,0,0,0,0
2026-10-04T14:10:46Z,shippingservice,kubernetes,0,0,0,0,0,0,0
2026-10-04T14:10:46Z,shippingservice,paymentservice,0,0,0,0,0,0,0
2026-10-04T14:10:46Z,shippingservice,productcatalogservice,0,0,0,0,0,0,0
2026-10-04T14:10:46Z,shippingservice,recommendationservice,0,0,0,0,0,0,0
2026-10-04T14:10:46Z,shippingservice,redis-cart,0,0,0,0,0,0,0
2026-10-04T14:10:46Z,shippingservice,shippingservice,0,0,0,0,0,0,0
2026-10-04T14:10:47Z,adservice,adservice,0,0,0,0,0,0,0
2026-10-04T14:10:47Z,adservice,cartservice,0,0,0,0,0,0,0
2026-10-04T14:10:47Z,adservice,checkoutservice,0,0,0,0,0,0,0
2026-10-04T14:10:47Z,adservice,currencyservice,0,0,0,0,0,0,0
2026-10-04T14:10:47Z,adservice,emailservice,0,0,0,0,0,0,0
2026-10-04T14:10:47Z,adservice,frontend,0,0,0,0,0,0,0
2026-10-04T14:10:47Z,adservice,kubernetes,0,0,0,0,0,0,0
2026-10-04T14:10:47Z,adservice,paymentservice,0,0,0,0,0,0,0
2026-10-04T14:10:47Z,adservice,productcatalogservice,0,0,0,0,0,0,0
2026-10-04T14:10:47Z,adservice,recommendationservice,0,0,0,0,0,0,0
2026-10-04T14:10:47Z,adservice,redis-cart,0,0,0,0,0,0,0
2026-10-04T14:10:47Z,adservice,shippingservice,0,0,0,0,0,0,0
2026-10-04T14:10:47Z,cartservice,adservice,0,0,0,0,0,0,0
2026-10-04T14:10:47Z,cartservice,cartservice,0,0,0,0,0,0,0
2026-10-04T14:10:47Z,cartservice,checkoutservice,0,0,0,0,0,0,0
2026-10-04T14:10:47Z,cartservice,currencyservice,0,0,0,0,0,0,0
2026-10-04T14:10:47Z,cartservice,emailservice,0,0,0,0,0,0,0
2026-10-04T14:10:47Z,cartservice,frontend,0,0,0,0,0,0,0
2026-10-04T14:10:47Z,cartservice,kubernetes,0,0,0,0,0,0,0
2026-10-04T14:10:47Z,cartservice,paymentservice,0,0,0,0,0,0,0
2026-10-04T14:10:47Z,cartservice,productcatalogservice,0,0,0,0,0,0,0
2026-10-04T14:10:47Z,cartservice,recommendationservice,0,0,0,0,0,0,0
2026-10-04T14:10:47Z,cartservice,redis-cart,2,0,0,0,0,0,0
2026-10-04T14:10:47Z,cartservice,shippingservice,0,0,0,0,0,0,0
2026-10-04T14:10:47Z,checkoutservice,adservice,0,0,0,0,0,0,0
2026-10-04T14:10:47Z,checkoutservice,cartservice,64281,63350,0,100,0,717488,63335
2026-10-04T14:10:47Z,checkoutservice,checkoutservice,0,0,0,0,0,0,0
2026-10-04T14:10:47Z,checkoutservice,currencyservice,43538,43538,0,0,0,575323,43530
2026-10-04T14:10:47Z,checkoutservice,emailservice,14776,14488,0,66,0,474363,14470
2026-10-04T14:10:47Z,checkoutservice,frontend,0,0,0,0,0,0,0
2026-10-04T14:10:47Z,checkoutservice,kubernetes,0,0,0,0,0,0,0
2026-10-04T14:10:47Z,checkoutservice,paymentservice,36804,34956,0,192,0,445033,34798
2026-10-04T14:10:47Z,checkoutservice,productcatalogservice,0,0,0,0,0,0,0
2026-10-04T14:10:47Z,checkoutservice,recommendationservice,0,0,0,0,0,0,0
2026-10-04T14:10:47Z,checkoutservice,redis-cart,0,0,0,0,0,0,0
2026-10-04T14:10:47Z,checkoutservice,shippingservice,69592,67489,0,154,0,520672,67471
2026-10-04T14:10:47Z,currencyservice,adservice,0,0,0,0,0,0,0
2026-10-04T14:10:47Z,currencyservice,cartservice,0,0,0,0,0,0,0
2026-10-04T14:10:47Z,currencyservice,checkoutservice,0,0,0,0,0,0,0
2026-10-04T14:10:47Z,currencyservice,currencyservice,0,0,0,0,0,0,0
2026-10-04T14:10:47Z,currencyservice,emailservice,0,0,0,0,0,0,0
2026-10-04T14:10:47Z,currencyservice,frontend,0,0,0,0,0,0,0
2026-10-04T14:10:47Z,currencyservice,kubernetes,0,0,0,0,0,0,0
2026-10-04T14:10:47Z,currencyservice,paymentservice,0,0,0,0,0,0,0
2026-10-04T14:10:47Z,currencyservice,productcatalogservice,0,0,0,0,0,0,0
2026-10-04T14:10:47Z,currencyservice,recommendationservice,0,0,0,0,0,0,0
2026-10-04T14:10:47Z,currencyservice,redis-cart,0,0,0,0,0,0,0
2026-10-04T14:10:47Z,currencyservice,shippingservice,0,0,0,0,0,0,0
2026-10-04T14:10:47Z,emailservice,adservice,0,0,0,0,0,0,0
2026-10-04T14:10:47Z,emailservice,cartservice,0,0,0,0,0,0,0
2026-10-04T14:10:47Z,emailservice,checkoutservice,0,0,0,0,0,0,0
2026-10-04T14:10:47Z,emailservice,currencyservice,0,0,0,0,0,0,0
2026-10-04T14:10:47Z,emailservice,emailservice,0,0,0,0,0,0,0
2026-10-04T14:10:47Z,emailservice,frontend,0,0,0,0,0,0,0
2026-10-04T14:10:47Z,emailservice,kubernetes,0,0,0,0,0,0,0
2026-10-04T14:10:47Z,emailservice,paymentservice,0,0,0,0,0,0,0
2026-10-04T14:10:47Z,emailservice,productcatalogservice,0,0,0,0,0,0,0
2026-10-04T14:10:47Z,emailservice,recommendationservice,0,0,0,0,0,0,0
2026-10-04T14:10:47Z,emailservice,redis-cart,0,0,0,0,0,0,0
2026-10-04T14:10:47Z,emailservice,shippingservice,0,0,0,0,0,0,0
2026-10-04T14:10:47Z,frontend,adservice,854887,854885,0,0,0,2574728,854416
2026-10-04T14:10:47Z,frontend,cartservice,1909485,1909471,0,0,4,10549712,1908076
2026-10-04T14:10:47Z,frontend,checkoutservice,402534,192565,0,40061,169946,62990892,192370
2026-10-04T14:10:47Z,frontend,currencyservice,3034262,3034251,0,0,0,15948881,3032083
2026-10-04T14:10:47Z,frontend,emailservice,0,0,0,0,0,0,0
2026-10-04T14:10:47Z,frontend,frontend,0,0,0,0,0,0,0
2026-10-04T14:10:47Z,frontend,kubernetes,0,0,0,0,0,0,0
2026-10-04T14:10:47Z,frontend,paymentservice,0,0,0,0,0,0,0
2026-10-04T14:10:47Z,frontend,productcatalogservice,8492979,8492909,0,0,0,57933785,8487637
2026-10-04T14:10:47Z,frontend,recommendationservice,2785877,1685673,0,115955,981712,845704871,1684507
2026-10-04T14:10:47Z,frontend,redis-cart,0,0,0,0,0,0,0
2026-10-04T14:10:47Z,frontend,shippingservice,313391,313389,0,0,0,947580,313218
2026-10-04T14:10:47Z,paymentservice,adservice,0,0,0,0,0,0,0
2026-10-04T14:10:47Z,paymentservice,cartservice,0,0,0,0,0,0,0
2026-10-04T14:10:47Z,paymentservice,checkoutservice,0,0,0,0,0,0,0
2026-10-04T14:10:47Z,paymentservice,currencyservice,0,0,0,0,0,0,0
2026-10-04T14:10:47Z,paymentservice,emailservice,0,0,0,0,0,0,0
2026-10-04T14:10:47Z,paymentservice,frontend,0,0,0,0,0,0,0
2026-10-04T14:10:47Z,paymentservice,kubernetes,0,0,0,0,0,0,0
2026-10-04T14:10:47Z,paymentservice,paymentservice,0,0,0,0,0,0,0
2026-10-04T14:10:47Z,paymentservice,productcatalogservice,0,0,0,0,0,0,0
2026-10-04T14:10:47Z,paymentservice,recommendationservice,0,0,0,0,0,0,0
2026-10-04T14:10:47Z,paymentservice,redis-cart,0,0,0,0,0,0,0
2026-10-04T14:10:47Z,paymentservice,shippingservice,0,0,0,0,0,0,0
2026-10-04T14:10:47Z,productcatalogservice,adservice,0,0,0,0,0,0,0
2026-10-04T14:10:47Z,productcatalogservice,cartservice,0,0,0,0,0,0,0
2026-10-04T14:10:47Z,productcatalogservice,checkoutservice,0,0,0,0,0,0,0
2026-10-04T14:10:47Z,productcatalogservice,currencyservice,0,0,0,0,0,0,0
2026-10-04T14:10:47Z,productcatalogservice,emailservice,0,0,0,0,0,0,0
2026-10-04T14:10:47Z,productcatalogservice,frontend,0,0,0,0,0,0,0
2026-10-04T14:10:47Z,productcatalogservice,kubernetes,0,0,0,0,0,0,0
2026-10-04T14:10:47Z,productcatalogservice,paymentservice,0,0,0,0,0,0,0
2026-10-04T14:10:47Z,productcatalogservice,productcatalogservice,0,0,0,0,0,0,0
2026-10-04T14:10:47Z,productcatalogservice,recommendationservice,0,0,0,0,0,0,0
2026-10-04T14:10:47Z,productcatalogservice,redis-cart,0,0,0,0,0,0,0
2026-10-04T14:10:47Z,productcatalogservice,shippingservice,0,0,0,0,0,0,0
2026-10-04T14:10:47Z,recommendationservice,adservice,0,0,0,0,0,0,0
2026-10-04T14:10:47Z,recommendationservice,cartservice,0,0,0,0,0,0,0
2026-10-04T14:10:47Z,recommendationservice,checkoutservice,0,0,0,0,0,0,0
2026-10-04T14:10:47Z,recommendationservice,currencyservice,0,0,0,0,0,0,0
2026-10-04T14:10:47Z,recommendationservice,emailservice,0,0,0,0,0,0,0
2026-10-04T14:10:47Z,recommendationservice,frontend,0,0,0,0,0,0,0
2026-10-04T14:10:47Z,recommendationservice,kubernetes,0,0,0,0,0,0,0
2026-10-04T14:10:47Z,recommendationservice,paymentservice,0,0,0,0,0,0,0
2026-10-04T14:10:47Z,recommendationservice,productcatalogservice,180560,180560,0,0,0,1212491,179717
2026-10-04T14:10:47Z,recommendationservice,recommendationservice,0,0,0,0,0,0,0
2026-10-04T14:10:47Z,recommendationservice,redis-cart,0,0,0,0,0,0,0
2026-10-04T14:10:47Z,recommendationservice,shippingservice,0,0,0,0,0,0,0
2026-10-04T14:10:47Z,redis-cart,adservice,0,0,0,0,0,0,0
2026-10-04T14:10:47Z,redis-cart,cartservice,0,0,0,0,0,0,0
2026-10-04T14:10:47Z,redis-cart,checkoutservice,0,0,0,0,0,0,0
2026-10-04T14:10:47Z,redis-cart,currencyservice,0,0,0,0,0,0,0
2026-10-04T14:10:47Z,redis-cart,emailservice,0,0,0,0,0,0,0
2026-10-04T14:10:47Z,redis-cart,frontend,0,0,0,0,0,0,0
2026-10-04T14:10:47Z,redis-cart,kubernetes,0,0,0,0,0,0,0
2026-10-04T14:10:47Z,redis-cart,paymentservice,0,0,0,0,0,0,0
2026-10-04T14:10:47Z,redis-cart,productcatalogservice,0,0,0,0,0,0,0
2026-10-04T14:10:47Z,redis-cart,recommendationservice,0,0,0,0,0,0,0
2026-10-04T14:10:47Z,redis-cart,redis-cart,0,0,0,0,0,0,0
2026-10-04T14:10:47Z,redis-cart,shippingservice,0,0,0,0,0,0,0
2026-10-04T14:10:47Z,shippingservice,adservice,0,0,0,0,0,0,0
2026-10-04T14:10:47Z,shippingservice,cartservice,0,0,0,0,0,0,0
2026-10-04T14:10:47Z,shippingservice,checkoutservice,0,0,0,0,0,0,0
2026-10-04T14:10:47Z,shippingservice,currencyservice,0,0,0,0,0,0,0
2026-10-04T14:10:47Z,shippingservice,emailservice,0,0,0,0,0,0,0
2026-10-04T14:10:47Z,shippingservice,frontend,0,0,0,0,0,0,0
2026-10-04T14:10:47Z,shippingservice,kubernetes,0,0,0,0,0,0,0
2026-10-04T14:10:47Z,shippingservice,paymentservice,0,0,0,0,0,0,0
2026-10-04T14:10:47Z,shippingservice,productcatalogservice,0,0,0,0,0,0,0
2026-10-04T14:10:47Z,shippingservice,recommendationservice,0,0,0,0,0,0,0
2026-10-04T14:10:47Z,shippingservice,redis-cart,0,0,0,0,0,0,0
2026-10-04T14:10:47Z,shippingservice,shippingservice,0,0,0,0,0,0,0
2026-10-04T14:10:48Z,adservice,adservice,0,0,0,0,0,0,0
2026-10-04T14:10:48Z,adservice,cartservice,0,0,0,0,0,0,0
2026-10-04T14:10:48Z,adservice,checkoutservice,0,0,0,0,0,0,0
2026-10-04T14:10:48Z,adservice,currencyservice,0,0,0,0,0,0,0
2026-10-04T14:10:48Z,adservice,emailservice,0,0,0,0,0,0,0
2026-10-04T14:10:48Z,adservice,frontend,0,0,0,0,0,0,0
2026-10-04T14:10:48Z,adservice,kubernetes,0,0,0,0,0,0,0
2026-10-04T14:10:48Z,adservice,paymentservice,0,0,0,0,0,0,0
2026-10-04T14:10:48Z,adservice,productcatalogservice,0,0,0,0,0,0,0
2026-10-04T14:10:48Z,adservice,recommendationservice,0,0,0,0,0,0,0
2026-10-04T14:10:48Z,adservice,redis-cart,0,0,0,0,0,0,0
2026-10-04T14:10:48Z,adservice,shippingservice,0,0,0,0,0,0,0
2026-10-04T14:10:48Z,cartservice,adservice,0,0,0,0,0,0,0
2026-10-04T14:10:48Z,cartservice,cartservice,0,0,0,0,0,0,0
2026-10-04T14:10:48Z,cartservice,checkoutservice,0,0,0,0,0,0,0
2026-10-04T14:10:48Z,cartservice,currencyservice,0,0,0,0,0,0,0
2026-10-04T14:10:48Z,cartservice,emailservice,0,0,0,0,0,0,0
2026-10-04T14:10:48Z,cartservice,frontend,0,0,0,0,0,0,0
2026-10-04T14:10:48Z,cartservice,kubernetes,0,0,0,0,0,0,0
2026-10-04T14:10:48Z,cartservice,paymentservice,0,0,0,0,0,0,0
2026-10-04T14:10:48Z,cartservice,productcatalogservice,0,0,0,0,0,0,0
2026-10-04T14:10:48Z,cartservice,recommendationservice,0,0,0,0,0,0,0
2026-10-04T14:10:48Z,cartservice,redis-cart,2,0,0,0,0,0,0
2026-10-04T14:10:48Z,cartservice,shippingservice,0,0,0,0,0,0,0
2026-10-04T14:10:48Z,checkoutservice,adservice,0,0,0,0,0,0,0
2026-10-04T14:10:48Z,checkoutservice,cartservice,64395,63464,0,100,0,717488,63335
2026-10-04T14:10:48Z,checkoutservice,checkoutservice,0,0,0,0,0,0,0
2026-10-04T14:10:48Z,checkoutservice,currencyservice,43595,43595,0,0,0,575323,43530
2026-10-04T14:10:48Z,checkoutservice,emailservice,14833,14545,0,66,0,474363,14470
2026-10-04T14:10:48Z,checkoutservice,frontend,0,0,0,0,0,0,0
2026-10-04T14:10:48Z,checkoutservice,kubernetes,0,0,0,0,0,0,0
2026-10-04T14:10:48Z,checkoutservice,paymentservice,36861,35013,0,192,0,445033,34798
2026-10-04T14:10:48Z,checkoutservice,productcatalogservice,0,0,0,0,0,0,0
2026-10-04T14:10:48Z,checkoutservice,recommendationservice,0,0,0,0,0,0,0
2026-10-04T14:10:48Z,checkoutservice,redis-cart,0,0,0,0,0,0,0
2026-10-04T14:10:48Z,checkoutservice,shippingservice,69706,67603,0,154,0,520672,67471
2026-10-04T14:10:48Z,currencyservice,adservice,0,0,0,0,0,0,0
2026-10-04T14:10:48Z,currencyservice,cartservice,0,0,0,0,0,0,0
2026-10-04T14:10:48Z,currencyservice,checkoutservice,0,0,0,0,0,0,0
2026-10-04T14:10:48Z,currencyservice,currencyservice,0,0,0,0,0,0,0
2026-10-04T14:10:48Z,currencyservice,emailservice,0,0,0,0,0,0,0
2026-10-04T14:10:48Z,currencyservice,frontend,0,0,0,0,0,0,0
2026-10-04T14:10:48Z,currencyservice,kubernetes,0,0,0,0,0,0,0
2026-10-04T14:10:48Z,currencyservice,paymentservice,0,0,0,0,0,0,0
2026-10-04T14:10:48Z,currencyservice,productcatalogservice,0,0,0,0,0,0,0
2026-10-04T14:10:48Z,currencyservice,recommendationservice,0,0,0,0,0,0,0
2026-10-04T14:10:48Z,currencyservice,redis-cart,0,0,0,0,0,0,0
2026-10-04T14:10:48Z,currencyservice,shippingservice,0,0,0,0,0,0,0
2026-10-04T14:10:48Z,emailservice,adservice,0,0,0,0,0,0,0
2026-10-04T14:10:48Z,emailservice,cartservice,0,0,0,0,0,0,0
2026-10-04T14:10:48Z,emailservice,checkoutservice,0,0,0,0,0,0,0
2026-10-04T14:10:48Z,emailservice,currencyservice,0,0,0,0,0,0,0
2026-10-04T14:10:48Z,emailservice,emailservice,0,0,0,0,0,0,0
2026-10-04T14:10:48Z,emailservice,frontend,0,0,0,0,0,0,0
2026-10-04T14:10:48Z,emailservice,kubernetes,0,0,0,0,0,0,0
2026-10-04T14:10:48Z,emailservice,paymentservice,0,0,0,0,0,0,0
2026-10-04T14:10:48Z,emailservice,productcatalogservice,0,0,0,0,0,0,0
2026-10-04T14:10:48Z,emailservice,recommendationservice,0,0,0,0,0,0,0
2026-10-04T14:10:48Z,emailservice,redis-cart,0,0,0,0,0,0,0
2026-10-04T14:10:48Z,emailservice,shippingservice,0,0,0,0,0,0,0
2026-10-04T14:10:48Z,frontend,adservice,855023,855021,0,0,0,2575073,854549
2026-10-04T14:10:48Z,frontend,cartservice,1909876,1909862,0,0,4,10551993,1908546
2026-10-04T14:10:48Z,frontend,checkoutservice,402582,192616,0,40061,169946,62997775,192433
2026-10-04T14:10:48Z,frontend,currencyservice,3034861,3034851,0,0,0,15952017,3032804
2026-10-04T14:10:48Z,frontend,emailservice,0,0,0,0,0,0,0
2026-10-04T14:10:48Z,frontend,frontend,0,0,0,0,0,0,0
2026-10-04T14:10:48Z,frontend,kubernetes,0,0,0,0,0,0,0
2026-10-04T14:10:48Z,frontend,paymentservice,0,0,0,0,0,0,0
2026-10-04T14:10:48Z,frontend,productcatalogservice,8494372,8494303,0,0,0,57944196,8489220
2026-10-04T14:10:48Z,frontend,recommendationservice,2786641,1685996,0,115994,982096,846053726,1684920
2026-10-04T14:10:48Z,frontend,redis-cart,0,0,0,0,0,0,0
2026-10-04T14:10:48Z,frontend,shippingservice,313426,313424,0,0,0,947681,313263
2026-10-04T14:10:48Z,paymentservice,adservice,0,0,0,0,0,0,0
2026-10-04T14:10:48Z,paymentservice,cartservice,0,0,0,0,0,0,0
2026-10-04T14:10:48Z,paymentservice,checkoutservice,0,0,0,0,0,0,0
2026-10-04T14:10:48Z,paymentservice,currencyservice,0,0,0,0,0,0,0
2026-10-04T14:10:48Z,paymentservice,emailservice,0,0,0,0,0,0,0
2026-10-04T14:10:48Z,paymentservice,frontend,0,0,0,0,0,0,0
2026-10-04T14:10:48Z,paymentservice,kubernetes,0,0,0,0,0,0,0
2026-10-04T14:10:48Z,paymentservice,paymentservice,0,0,0,0,0,0,0
2026-10-04T14:10:48Z,paymentservice,productcatalogservice,0,0,0,0,0,0,0
2026-10-04T14:10:48Z,paymentservice,recommendationservice,0,0,0,0,0,0,0
2026-10-04T14:10:48Z,paymentservice,redis-cart,0,0,0,0,0,0,0
2026-10-04T14:10:48Z,paymentservice,shippingservice,0,0,0,0,0,0,0
2026-10-04T14:10:48Z,productcatalogservice,adservice,0,0,0,0,0,0,0
2026-10-04T14:10:48Z,productcatalogservice,cartservice,0,0,0,0,0,0,0
2026-10-04T14:10:48Z,productcatalogservice,checkoutservice,0,0,0,0,0,0,0
2026-10-04T14:10:48Z,productcatalogservice,currencyservice,0,0,0,0,0,0,0
2026-10-04T14:10:48Z,productcatalogservice,emailservice,0,0,0,0,0,0,0
2026-10-04T14:10:48Z,productcatalogservice,frontend,0,0,0,0,0,0,0
2026-10-04T14:10:48Z,productcatalogservice,kubernetes,0,0,0,0,0,0,0
2026-10-04T14:10:48Z,productcatalogservice,paymentservice,0,0,0,0,0,0,0
2026-10-04T14:10:48Z,productcatalogservice,productcatalogservice,0,0,0,0,0,0,0
2026-10-04T14:10:48Z,productcatalogservice,recommendationservice,0,0,0,0,0,0,0
2026-10-04T14:10:48Z,productcatalogservice,redis-cart,0,0,0,0,0,0,0
2026-10-04T14:10:48Z,productcatalogservice,shippingservice,0,0,0,0,0,0,0
2026-10-04T14:10:48Z,recommendationservice,adservice,0,0,0,0,0,0,0
2026-10-04T14:10:48Z,recommendationservice,cartservice,0,0,0,0,0,0,0
2026-10-04T14:10:48Z,recommendationservice,checkoutservice,0,0,0,0,0,0,0
2026-10-04T14:10:48Z,recommendationservice,currencyservice,0,0,0,0,0,0,0
2026-10-04T14:10:48Z,recommendationservice,emailservice,0,0,0,0,0,0,0
2026-10-04T14:10:48Z,recommendationservice,frontend,0,0,0,0,0,0,0
2026-10-04T14:10:48Z,recommendationservice,kubernetes,0,0,0,0,0,0,0
2026-10-04T14:10:48Z,recommendationservice,paymentservice,0,0,0,0,0,0,0
2026-10-04T14:10:48Z,recommendationservice,productcatalogservice,180958,180958,0,0,0,1212491,179717
2026-10-04T14:10:48Z,recommendationservice,recommendationservice,0,0,0,0,0,0,0
2026-10-04T14:10:48Z,recommendationservice,redis-cart,0,0,0,0,0,0,0
2026-10-04T14:10:48Z,recommendationservice,shippingservice,0,0,0,0,0,0,0
2026-10-04T14:10:48Z,redis-cart,adservice,0,0,0,0,0,0,0
2026-10-04T14:10:48Z,redis-cart,cartservice,0,0,0,0,0,0,0
2026-10-04T14:10:48Z,redis-cart,checkoutservice,0,0,0,0,0,0,0
2026-10-04T14:10:48Z,redis-cart,currencyservice,0,0,0,0,0,0,0
2026-10-04T14:10:48Z,redis-cart,emailservice,0,0,0,0,0,0,0
2026-10-04T14:10:48Z,redis-cart,frontend,0,0,0,0,0,0,0
2026-10-04T14:10:48Z,redis-cart,kubernetes,0,0,0,0,0,0,0
2026-10-04T14:10:48Z,redis-cart,paymentservice,0,0,0,0,0,0,0
2026-10-04T14:10:48Z,redis-cart,productcatalogservice,0,0,0,0,0,0,0
2026-10-04T14:10:48Z,redis-cart,recommendationservice,0,0,0,0,0,0,0
2026-10-04T14:10:48Z,redis-cart,redis-cart,0,0,0,0,0,0,0
2026-10-04T14:10:48Z,redis-cart,shippingservice,0,0,0,0,0,0,0
2026-10-04T14:10:48Z,shippingservice,adservice,0,0,0,0,0,0,0
2026-10-04T14:10:48Z,shippingservice,cartservice,0,0,0,0,0,0,0
2026-10-04T14:10:48Z,shippingservice,checkoutservice,0,0,0,0,0,0,0
2026-10-04T14:10:48Z,shippingservice,currencyservice,0,0,0,0,0,0,0
2026-10-04T14:10:48Z,shippingservice,emailservice,0,0,0,0,0,0,0
2026-10-04T14:10:48Z,shippingservice,frontend,0,0,0,0,0,0,0
2026-10-04T14:10:48Z,shippingservice,kubernetes,0,0,0,0,0,0,0
2026-10-04T14:10:48Z,shippingservice,paymentservice,0,0,0,0,0,0,0
2026-10-04T14:10:48Z,shippingservice,productcatalogservice,0,0,0,0,0,0,0
2026-10-04T14:10:48Z,shippingservice,recommendationservice,0,0,0,0,0,0,0
2026-10-04T14:10:48Z,shippingservice,redis-cart,0,0,0,0,0,0,0
2026-10-04T14:10:48Z,shippingservice,shippingservice,0,0,0,0,0,0,0
2026-10-04T14:10:49Z,adservice,adservice,0,0,0,0,0,0,0
2026-10-04T14:10:49Z,adservice,cartservice,0,0,0,0,0,0,0
2026-10-04T14:10:49Z,adservice,checkoutservice,0,0,0,0,0,0,0
2026-10-04T14:10:49Z,adservice,currencyservice,0,0,0,0,0,0,0
2026-10-04T14:10:49Z,adservice,emailservice,0,0,0,0,0,0,0
2026-10-04T14:10:49Z,adservice,frontend,0,0,0,0,0,0,0
2026-10-04T14:10:49Z,adservice,kubernetes,0,0,0,0,0,0,0
2026-10-04T14:10:49Z,adservice,paymentservice,0,0,0,0,0,0,0
2026-10-04T14:10:49Z,adservice,productcatalogservice,0,0,0,0,0,0,0
2026-10-04T14:10:49Z,adservice,recommendationservice,0,0,0,0,0,0,0
2026-10-04T14:10:49Z,adservice,redis-cart,0,0,0,0,0,0,0
2026-10-04T14:10:49Z,adservice,shippingservice,0,0,0,0,0,0,0
2026-10-04T14:10:49Z,cartservice,adservice,0,0,0,0,0,0,0
2026-10-04T14:10:49Z,cartservice,cartservice,0,0,0,0,0,0,0
2026-10-04T14:10:49Z,cartservice,checkoutservice,0,0,0,0,0,0,0
2026-10-04T14:10:49Z,cartservice,currencyservice,0,0,0,0,0,0,0
2026-10-04T14:10:49Z,cartservice,emailservice,0,0,0,0,0,0,0
2026-10-04T14:10:49Z,cartservice,frontend,0,0,0,0,0,0,0
2026-10-04T14:10:49Z,cartservice,kubernetes,0,0,0,0,0,0,0
2026-10-04T14:10:49Z,cartservice,paymentservice,0,0,0,0,0,0,0
2026-10-04T14:10:49Z,cartservice,productcatalogservice,0,0,0,0,0,0,0
2026-10-04T14:10:49Z,cartservice,recommendationservice,0,0,0,0,0,0,0
2026-10-04T14:10:49Z,cartservice,redis-cart,2,0,0,0,0,0,0
2026-10-04T14:10:49Z,cartservice,shippingservice,0,0,0,0,0,0,0
2026-10-04T14:10:49Z,checkoutservice,adservice,0,0,0,0,0,0,0
2026-10-04T14:10:49Z,checkoutservice,cartservice,64467,63535,0,100,0,717488,63335
2026-10-04T14:10:49Z,checkoutservice,checkoutservice,0,0,0,0,0,0,0
2026-10-04T14:10:49Z,checkoutservice,currencyservice,43634,43631,0,0,0,575323,43530
2026-10-04T14:10:49Z,checkoutservice,emailservice,14865,14576,0,66,0,474363,14470
2026-10-04T14:10:49Z,checkoutservice,frontend,0,0,0,0,0,0,0
2026-10-04T14:10:49Z,checkoutservice,kubernetes,0,0,0,0,0,0,0
2026-10-04T14:10:49Z,checkoutservice,paymentservice,36897,35049,0,192,0,445033,34798
2026-10-04T14:10:49Z,checkoutservice,productcatalogservice,0,0,0,0,0,0,0
2026-10-04T14:10:49Z,checkoutservice,recommendationservice,0,0,0,0,0,0,0
2026-10-04T14:10:49Z,checkoutservice,redis-cart,0,0,0,0,0,0,0
2026-10-04T14:10:49Z,checkoutservice,shippingservice,69780,67677,0,154,0,520672,67471
2026-10-04T14:10:49Z,currencyservice,adservice,0,0,0,0,0,0,0
2026-10-04T14:10:49Z,currencyservice,cartservice,0,0,0,0,0,0,0
2026-10-04T14:10:49Z,currencyservice,checkoutservice,0,0,0,0,0,0,0
2026-10-04T14:10:49Z,currencyservice,currencyservice,0,0,0,0,0,0,0
2026-10-04T14:10:49Z,currencyservice,emailservice,0,0,0,0,0,0,0
2026-10-04T14:10:49Z,currencyservice,frontend,0,0,0,0,0,0,0
2026-10-04T14:10:49Z,currencyservice,kubernetes,0,0,0,0,0,0,0
2026-10-04T14:10:49Z,currencyservice,paymentservice,0,0,0,0,0,0,0
2026-10-04T14:10:49Z,currencyservice,productcatalogservice,0,0,0,0,0,0,0
2026-10-04T14:10:49Z,currencyservice,recommendationservice,0,0,0,0,0,0,0
2026-10-04T14:10:49Z,currencyservice,redis-cart,0,0,0,0,0,0,0
2026-10-04T14:10:49Z,currencyservice,shippingservice,0,0,0,0,0,0,0
2026-10-04T14:10:49Z,emailservice,adservice,0,0,0,0,0,0,0
2026-10-04T14:10:49Z,emailservice,cartservice,0,0,0,0,0,0,0
2026-10-04T14:10:49Z,emailservice,checkoutservice,0,0,0,0,0,0,0
2026-10-04T14:10:49Z,emailservice,currencyservice,0,0,0,0,0,0,0
2026-10-04T14:10:49Z,emailservice,emailservice,0,0,0,0,0,0,0
2026-10-04T14:10:49Z,emailservice,frontend,0,0,0,0,0,0,0
2026-10-04T14:10:49Z,emailservice,kubernetes,0,0,0,0,0,0,0
2026-10-04T14:10:49Z,emailservice,paymentservice,0,0,0,0,0,0,0
2026-10-04T14:10:49Z,emailservice,productcatalogservice,0,0,0,0,0,0,0
2026-10-04T14:10:49Z,emailservice,recommendationservice,0,0,0,0,0,0,0
2026-10-04T14:10:49Z,emailservice,redis-cart,0,0,0,0,0,0,0
2026-10-04T14:10:49Z,emailservice,shippingservice,0,0,0,0,0,0,0
2026-10-04T14:10:49Z,frontend,adservice,855130,855128,0,0,0,2576415,854927
2026-10-04T14:10:49Z,frontend,cartservice,1910241,1910224,0,0,4,10556703,1909571
2026-10-04T14:10:49Z,frontend,checkoutservice,402618,192651,0,40061,169946,63011681,192570
2026-10-04T14:10:49Z,frontend,currencyservice,3035432,3035422,0,0,0,15958597,3034405
2026-10-04T14:10:49Z,frontend,emailservice,0,0,0,0,0,0,0
2026-10-04T14:10:49Z,frontend,frontend,0,0,0,0,0,0,0
2026-10-04T14:10:49Z,frontend,kubernetes,0,0,0,0,0,0,0
2026-10-04T14:10:49Z,frontend,paymentservice,0,0,0,0,0,0,0
2026-10-04T14:10:49Z,frontend,productcatalogservice,8495654,8495578,0,0,0,57967540,8493237
2026-10-04T14:10:49Z,frontend,recommendationservice,2787377,1686334,0,116029,982463,846755296,1685765
2026-10-04T14:10:49Z,frontend,redis-cart,0,0,0,0,0,0,0
2026-10-04T14:10:49Z,frontend,shippingservice,313476,313474,0,0,0,948056,313394
2026-10-04T14:10:49Z,paymentservice,adservice,0,0,0,0,0,0,0
2026-10-04T14:10:49Z,paymentservice,cartservice,0,0,0,0,0,0,0
2026-10-04T14:10:49Z,paymentservice,checkoutservice,0,0,0,0,0,0,0
2026-10-04T14:10:49Z,paymentservice,currencyservice,0,0,0,0,0,0,0
2026-10-04T14:10:49Z,paymentservice,emailservice,0,0,0,0,0,0,0
2026-10-04T14:10:49Z,paymentservice,frontend,0,0,0,0,0,0,0
2026-10-04T14:10:49Z,paymentservice,kubernetes,0,0,0,0,0,0,0
2026-10-04T14:10:49Z,paymentservice,paymentservice,0,0,0,0,0,0,0
2026-10-04T14:10:49Z,paymentservice,productcatalogservice,0,0,0,0,0,0,0
2026-10-04T14:10:49Z,paymentservice,recommendationservice,0,0,0,0,0,0,0
2026-10-04T14:10:49Z,paymentservice,redis-cart,0,0,0,0,0,0,0
2026-10-04T14:10:49Z,paymentservice,shippingservice,0,0,0,0,0,0,0
2026-10-04T14:10:49Z,productcatalogservice,adservice,0,0,0,0,0,0,0
2026-10-04T14:10:49Z,productcatalogservice,cartservice,0,0,0,0,0,0,0
2026-10-04T14:10:49Z,productcatalogservice,checkoutservice,0,0,0,0,0,0,0
2026-10-04T14:10:49Z,productcatalogservice,currencyservice,0,0,0,0,0,0,0
2026-10-04T14:10:49Z,productcatalogservice,emailservice,0,0,0,0,0,0,0
2026-10-04T14:10:49Z,productcatalogservice,frontend,0,0,0,0,0,0,0
2026-10-04T14:10:49Z,productcatalogservice,kubernetes,0,0,0,0,0,0,0
2026-10-04T14:10:49Z,productcatalogservice,paymentservice,0,0,0,0,0,0,0
2026-10-04T14:10:49Z,productcatalogservice,productcatalogservice,0,0,0,0,0,0,0
2026-10-04T14:10:49Z,productcatalogservice,recommendationservice,0,0,0,0,0,0,0
2026-10-04T14:10:49Z,productcatalogservice,redis-cart,0,0,0,0,0,0,0
2026-10-04T14:10:49Z,productcatalogservice,shippingservice,0,0,0,0,0,0,0
2026-10-04T14:10:49Z,recommendationservice,adservice,0,0,0,0,0,0,0
2026-10-04T14:10:49Z,recommendationservice,cartservice,0,0,0,0,0,0,0
2026-10-04T14:10:49Z,recommendationservice,checkoutservice,0,0,0,0,0,0,0
2026-10-04T14:10:49Z,recommendationservice,currencyservice,0,0,0,0,0,0,0
2026-10-04T14:10:49Z,recommendationservice,emailservice,0,0,0,0,0,0,0
2026-10-04T14:10:49Z,recommendationservice,frontend,0,0,0,0,0,0,0
2026-10-04T14:10:49Z,recommendationservice,kubernetes,0,0,0,0,0,0,0
2026-10-04T14:10:49Z,recommendationservice,paymentservice,0,0,0,0,0,0,0
2026-10-04T14:10:49Z,recommendationservice,productcatalogservice,181396,181396,0,0,0,1212491,179717
2026-10-04T14:10:49Z,recommendationservice,recommendationservice,0,0,0,0,0,0,0
2026-10-04T14:10:49Z,recommendationservice,redis-cart,0,0,0,0,0,0,0
2026-10-04T14:10:49Z,recommendationservice,shippingservice,0,0,0,0,0,0,0
2026-10-04T14:10:49Z,redis-cart,adservice,0,0,0,0,0,0,0
2026-10-04T14:10:49Z,redis-cart,cartservice,0,0,0,0,0,0,0
2026-10-04T14:10:49Z,redis-cart,checkoutservice,0,0,0,0,0,0,0
2026-10-04T14:10:49Z,redis-cart,currencyservice,0,0,0,0,0,0,0
2026-10-04T14:10:49Z,redis-cart,emailservice,0,0,0,0,0,0,0
2026-10-04T14:10:49Z,redis-cart,frontend,0,0,0,0,0,0,0
2026-10-04T14:10:49Z,redis-cart,kubernetes,0,0,0,0,0,0,0
2026-10-04T14:10:49Z,redis-cart,paymentservice,0,0,0,0,0,0,0
2026-10-04T14:10:49Z,redis-cart,productcatalogservice,0,0,0,0,0,0,0
2026-10-04T14:10:49Z,redis-cart,recommendationservice,0,0,0,0,0,0,0
2026-10-04T14:10:49Z,redis-cart,redis-cart,0,0,0,0,0,0,0
2026-10-04T14:10:49Z,redis-cart,shippingservice,0,0,0,0,0,0,0
2026-10-04T14:10:49Z,shippingservice,adservice,0,0,0,0,0,0,0
2026-10-04T14:10:49Z,shippingservice,cartservice,0,0,0,0,0,0,0
2026-10-04T14:10:49Z,shippingservice,checkoutservice,0,0,0,0,0,0,0
2026-10-04T14:10:49Z,shippingservice,currencyservice,0,0,0,0,0,0,0
2026-10-04T14:10:49Z,shippingservice,emailservice,0,0,0,0,0,0,0
2026-10-04T14:10:49Z,shippingservice,frontend,0,0,0,0,0,0,0
2026-10-04T14:10:49Z,shippingservice,kubernetes,0,0,0,0,0,0,0
2026-10-04T14:10:49Z,shippingservice,paymentservice,0,0,0,0,0,0,0
2026-10-04T14:10:49Z,shippingservice,productcatalogservice,0,0,0,0,0,0,0
2026-10-04T14:10:49Z,shippingservice,recommendationservice,0,0,0,0,0,0,0
2026-10-04T14:10:49Z,shippingservice,redis-cart,0,0,0,0,0,0,0
2026-10-04T14:10:49Z,shippingservice,shippingservice,0,0,0,0,0,0,0
2026-10-04T14:10:50Z,adservice,adservice,0,0,0,0,0,0,0
2026-10-04T14:10:50Z,adservice,cartservice,0,0,0,0,0,0,0
2026-10-04T14:10:50Z,adservice,checkoutservice,0,0,0,0,0,0,0
2026-10-04T14:10:50Z,adservice,currencyservice,0,0,0,0,0,0,0
2026-10-04T14:10:50Z,adservice,emailservice,0,0,0,0,0,0,0
2026-10-04T14:10:50Z,adservice,frontend,0,0,0,0,0,0,0
2026-10-04T14:10:50Z,adservice,kubernetes,0,0,0,0,0,0,0
2026-10-04T14:10:50Z,adservice,paymentservice,0,0,0,0,0,0,0
2026-10-04T14:10:50Z,adservice,productcatalogservice,0,0,0,0,0,0,0
2026-10-04T14:10:50Z,adservice,recommendationservice,0,0,0,0,0,0,0
2026-10-04T14:10:50Z,adservice,redis-cart,0,0,0,0,0,0,0
2026-10-04T14:10:50Z,adservice,shippingservice,0,0,0,0,0,0,0
2026-10-04T14:10:50Z,cartservice,adservice,0,0,0,0,0,0,0
2026-10-04T14:10:50Z,cartservice,cartservice,0,0,0,0,0,0,0
2026-10-04T14:10:50Z,cartservice,checkoutservice,0,0,0,0,0,0,0
2026-10-04T14:10:50Z,cartservice,currencyservice,0,0,0,0,0,0,0
2026-10-04T14:10:50Z,cartservice,emailservice,0,0,0,0,0,0,0
2026-10-04T14:10:50Z,cartservice,frontend,0,0,0,0,0,0,0
2026-10-04T14:10:50Z,cartservice,kubernetes,0,0,0,0,0,0,0
2026-10-04T14:10:50Z,cartservice,paymentservice,0,0,0,0,0,0,0
2026-10-04T14:10:50Z,cartservice,productcatalogservice,0,0,0,0,0,0,0
2026-10-04T14:10:50Z,cartservice,recommendationservice,0,0,0,0,0,0,0
2026-10-04T14:10:50Z,cartservice,redis-cart,2,0,0,0,0,0,0
2026-10-04T14:10:50Z,cartservice,shippingservice,0,0,0,0,0,0,0
2026-10-04T14:10:50Z,checkoutservice,adservice,0,0,0,0,0,0,0
2026-10-04T14:10:50Z,checkoutservice,cartservice,64548,63617,0,100,0,717488,63335
2026-10-04T14:10:50Z,checkoutservice,checkoutservice,0,0,0,0,0,0,0
2026-10-04T14:10:50Z,checkoutservice,currencyservice,43671,43671,0,0,0,575323,43530
2026-10-04T14:10:50Z,checkoutservice,emailservice,14908,14620,0,66,0,474363,14470
2026-10-04T14:10:50Z,checkoutservice,frontend,0,0,0,0,0,0,0
2026-10-04T14:10:50Z,checkoutservice,kubernetes,0,0,0,0,0,0,0
2026-10-04T14:10:50Z,checkoutservice,paymentservice,36937,35089,0,192,0,445033,34798
2026-10-04T14:10:50Z,checkoutservice,productcatalogservice,0,0,0,0,0,0,0
2026-10-04T14:10:50Z,checkoutservice,recommendationservice,0,0,0,0,0,0,0
2026-10-04T14:10:50Z,checkoutservice,redis-cart,0,0,0,0,0,0,0
2026-10-04T14:10:50Z,checkoutservice,shippingservice,69860,67754,0,154,0,520672,67471
2026-10-04T14:10:50Z,currencyservice,adservice,0,0,0,0,0,0,0
2026-10-04T14:10:50Z,currencyservice,cartservice,0,0,0,0,0,0,0
2026-10-04T14:10:50Z,currencyservice,checkoutservice,0,0,0,0,0,0,0
2026-10-04T14:10:50Z,currencyservice,currencyservice,0,0,0,0,0,0,0
2026-10-04T14:10:50Z,currencyservice,emailservice,0,0,0,0,0,0,0
2026-10-04T14:10:50Z,currencyservice,frontend,0,0,0,0,0,0,0
2026-10-04T14:10:50Z,currencyservice,kubernetes,0,0,0,0,0,0,0
2026-10-04T14:10:50Z,currencyservice,paymentservice,0,0,0,0,0,0,0
2026-10-04T14:10:50Z,currencyservice,productcatalogservice,0,0,0,0,0,0,0
2026-10-04T14:10:50Z,currencyservice,recommendationservice,0,0,0,0,0,0,0
2026-10-04T14:10:50Z,currencyservice,redis-cart,0,0,0,0,0,0,0
2026-10-04T14:10:50Z,currencyservice,shippingservice,0,0,0,0,0,0,0
2026-10-04T14:10:50Z,emailservice,adservice,0,0,0,0,0,0,0
2026-10-04T14:10:50Z,emailservice,cartservice,0,0,0,0,0,0,0
2026-10-04T14:10:50Z,emailservice,checkoutservice,0,0,0,0,0,0,0
2026-10-04T14:10:50Z,emailservice,currencyservice,0,0,0,0,0,0,0
2026-10-04T14:10:50Z,emailservice,emailservice,0,0,0,0,0,0,0
2026-10-04T14:10:50Z,emailservice,frontend,0,0,0,0,0,0,0
2026-10-04T14:10:50Z,emailservice,kubernetes,0,0,0,0,0,0,0
2026-10-04T14:10:50Z,emailservice,paymentservice,0,0,0,0,0,0,0
2026-10-04T14:10:50Z,emailservice,productcatalogservice,0,0,0,0,0,0,0
2026-10-04T14:10:50Z,emailservice,recommendationservice,0,0,0,0,0,0,0
2026-10-04T14:10:50Z,emailservice,redis-cart,0,0,0,0,0,0,0
2026-10-04T14:10:50Z,emailservice,shippingservice,0,0,0,0,0,0,0
2026-10-04T14:10:50Z,frontend,adservice,855237,855235,0,0,0,2576731,855054
2026-10-04T14:10:50Z,frontend,cartservice,1910626,1910613,0,0,4,10558488,1909976
2026-10-04T14:10:50Z,frontend,checkoutservice,402661,192690,0,40061,169946,63017684,192623
2026-10-04T14:10:50Z,frontend,currencyservice,3036011,3036001,0,0,0,15960912,3035042
2026-10-04T14:10:50Z,frontend,emailservice,0,0,0,0,0,0,0
2026-10-04T14:10:50Z,frontend,frontend,0,0,0,0,0,0,0
2026-10-04T14:10:50Z,frontend,kubernetes,0,0,0,0,0,0,0
2026-10-04T14:10:50Z,frontend,paymentservice,0,0,0,0,0,0,0
2026-10-04T14:10:50Z,frontend,productcatalogservice,8496915,8496834,0,0,0,57977467,8494714
2026-10-04T14:10:50Z,frontend,recommendationservice,2788151,1686687,0,116063,982853,847053851,1686103
2026-10-04T14:10:50Z,frontend,redis-cart,0,0,0,0,0,0,0
2026-10-04T14:10:50Z,frontend,shippingservice,313517,313515,0,0,0,948178,313447
2026-10-04T14:10:50Z,paymentservice,adservice,0,0,0,0,0,0,0
2026-10-04T14:10:50Z,paymentservice,cartservice,0,0,0,0,0,0,0
2026-10-04T14:10:50Z,paymentservice,checkoutservice,0,0,0,0,0,0,0
2026-10-04T14:10:50Z,paymentservice,currencyservice,0,0,0,0,0,0,0
2026-10-04T14:10:50Z,paymentservice,emailservice,0,0,0,0,0,0,0
2026-10-04T14:10:50Z,paymentservice,frontend,0,0,0,0,0,0,0
2026-10-04T14:10:50Z,paymentservice,kubernetes,0,0,0,0,0,0,0
2026-10-04T14:10:50Z,paymentservice,paymentservice,0,0,0,0,0,0,0
2026-10-04T14:10:50Z,paymentservice,productcatalogservice,0,0,0,0,0,0,0
2026-10-04T14:10:50Z,paymentservice,recommendationservice,0,0,0,0,0,0,0
2026-10-04T14:10:50Z,paymentservice,redis-cart,0,0,0,0,0,0,0
2026-10-04T14:10:50Z,paymentservice,shippingservice,0,0,0,0,0,0,0
2026-10-04T14:10:50Z,productcatalogservice,adservice,0,0,0,0,0,0,0
2026-10-04T14:10:50Z,productcatalogservice,cartservice,0,0,0,0,0,0,0
2026-10-04T14:10:50Z,productcatalogservice,checkoutservice,0,0,0,0,0,0,0
2026-10-04T14:10:50Z,productcatalogservice,currencyservice,0,0,0,0,0,0,0
2026-10-04T14:10:50Z,productcatalogservice,emailservice,0,0,0,0,0,0,0
2026-10-04T14:10:50Z,productcatalogservice,frontend,0,0,0,0,0,0,0
2026-10-04T14:10:50Z,productcatalogservice,kubernetes,0,0,0,0,0,0,0
2026-10-04T14:10:50Z,productcatalogservice,paymentservice,0,0,0,0,0,0,0
2026-10-04T14:10:50Z,productcatalogservice,productcatalogservice,0,0,0,0,0,0,0
2026-10-04T14:10:50Z,productcatalogservice,recommendationservice,0,0,0,0,0,0,0
2026-10-04T14:10:50Z,productcatalogservice,redis-cart,0,0,0,0,0,0,0
2026-10-04T14:10:50Z,productcatalogservice,shippingservice,0,0,0,0,0,0,0
2026-10-04T14:10:50Z,recommendationservice,adservice,0,0,0,0,0,0,0
2026-10-04T14:10:50Z,recommendationservice,cartservice,0,0,0,0,0,0,0
2026-10-04T14:10:50Z,recommendationservice,checkoutservice,0,0,0,0,0,0,0
2026-10-04T14:10:50Z,recommendationservice,currencyservice,0,0,0,0,0,0,0
2026-10-04T14:10:50Z,recommendationservice,emailservice,0,0,0,0,0,0,0
2026-10-04T14:10:50Z,recommendationservice,frontend,0,0,0,0,0,0,0
2026-10-04T14:10:50Z,recommendationservice,kubernetes,0,0,0,0,0,0,0
2026-10-04T14:10:50Z,recommendationservice,paymentservice,0,0,0,0,0,0,0
2026-10-04T14:10:50Z,recommendationservice,productcatalogservice,181870,181870,0,0,0,1223184,181799
2026-10-04T14:10:50Z,recommendationservice,recommendationservice,0,0,0,0,0,0,0
2026-10-04T14:10:50Z,recommendationservice,redis-cart,0,0,0,0,0,0,0
2026-10-04T14:10:50Z,recommendationservice,shippingservice,0,0,0,0,0,0,0
2026-10-04T14:10:50Z,redis-cart,adservice,0,0,0,0,0,0,0
2026-10-04T14:10:50Z,redis-cart,cartservice,0,0,0,0,0,0,0
2026-10-04T14:10:50Z,redis-cart,checkoutservice,0,0,0,0,0,0,0
2026-10-04T14:10:50Z,redis-cart,currencyservice,0,0,0,0,0,0,0
2026-10-04T14:10:50Z,redis-cart,emailservice,0,0,0,0,0,0,0
2026-10-04T14:10:50Z,redis-cart,frontend,0,0,0,0,0,0,0
2026-10-04T14:10:50Z,redis-cart,kubernetes,0,0,0,0,0,0,0
2026-10-04T14:10:50Z,redis-cart,paymentservice,0,0,0,0,0,0,0
2026-10-04T14:10:50Z,redis-cart,productcatalogservice,0,0,0,0,0,0,0
2026-10-04T14:10:50Z,redis-cart,recommendationservice,0,0,0,0,0,0,0
2026-10-04T14:10:50Z,redis-cart,redis-cart,0,0,0,0,0,0,0
2026-10-04T14:10:50Z,redis-cart,shippingservice,0,0,0,0,0,0,0
2026-10-04T14:10:50Z,shippingservice,adservice,0,0,0,0,0,0,0
2026-10-04T14:10:50Z,shippingservice,cartservice,0,0,0,0,0,0,0
2026-10-04T14:10:50Z,shippingservice,checkoutservice,0,0,0,0,0,0,0
2026-10-04T14:10:50Z,shippingservice,currencyservice,0,0,0,0,0,0,0
2026-10-04T14:10:50Z,shippingservice,emailservice,0,0,0,0,0,0,0
2026-10-04T14:10:50Z,shippingservice,frontend,0,0,0,0,0,0,0
2026-10-04T14:10:50Z,shippingservice,kubernetes,0,0,0,0,0,0,0
2026-10-04T14:10:50Z,shippingservice,paymentservice,0,0,0,0,0,0,0
2026-10-04T14:10:50Z,shippingservice,productcatalogservice,0,0,0,0,0,0,0
2026-10-04T14:10:50Z,shippingservice,recommendationservice,0,0,0,0,0,0,0
2026-10-04T14:10:50Z,shippingservice,redis-cart,0,0,0,0,0,0,0
2026-10-04T14:10:50Z,shippingservice,shippingservice,0,0,0,0,0,0,0
2026-10-04T14:10:51Z,adservice,adservice,0,0,0,0,0,0,0
2026-10-04T14:10:51Z,adservice,cartservice,0,0,0,0,0,0,0
2026-10-04T14:10:51Z,adservice,checkoutservice,0,0,0,0,0,0,0
2026-10-04T14:10:51Z,adservice,currencyservice,0,0,0,0,0,0,0
2026-10-04T14:10:51Z,adservice,emailservice,0,0,0,0,0,0,0
2026-10-04T14:10:51Z,adservice,frontend,0,0,0,0,0,0,0
2026-10-04T14:10:51Z,adservice,kubernetes,0,0,0,0,0,0,0
2026-10-04T14:10:51Z,adservice,paymentservice,0,0,0,0,0,0,0
2026-10-04T14:10:51Z,adservice,productcatalogservice,0,0,0,0,0,0,0
2026-10-04T14:10:51Z,adservice,recommendationservice,0,0,0,0,0,0,0
2026-10-04T14:10:51Z,adservice,redis-cart,0,0,0,0,0,0,0
2026-10-04T14:10:51Z,adservice,shippingservice,0,0,0,0,0,0,0
2026-10-04T14:10:51Z,cartservice,adservice,0,0,0,0,0,0,0
2026-10-04T14:10:51Z,cartservice,cartservice,0,0,0,0,0,0,0
2026-10-04T14:10:51Z,cartservice,checkoutservice,0,0,0,0,0,0,0
2026-10-04T14:10:51Z,cartservice,currencyservice,0,0,0,0,0,0,0
2026-10-04T14:10:51Z,cartservice,emailservice,0,0,0,0,0,0,0
2026-10-04T14:10:51Z,cartservice,frontend,0,0,0,0,0,0,0
2026-10-04T14:10:51Z,cartservice,kubernetes,0,0,0,0,0,0,0
2026-10-04T14:10:51Z,cartservice,paymentservice,0,0,0,0,0,0,0
2026-10-04T14:10:51Z,cartservice,productcatalogservice,0,0,0,0,0,0,0
2026-10-04T14:10:51Z,cartservice,recommendationservice,0,0,0,0,0,0,0
2026-10-04T14:10:51Z,cartservice,redis-cart,2,0,0,0,0,0,0
2026-10-04T14:10:51Z,cartservice,shippingservice,0,0,0,0,0,0,0
2026-10-04T14:10:51Z,checkoutservice,adservice,0,0,0,0,0,0,0
2026-10-04T14:10:51Z,checkoutservice,cartservice,64625,63694,0,100,0,717488,63335
2026-10-04T14:10:51Z,checkoutservice,checkoutservice,0,0,0,0,0,0,0
2026-10-04T14:10:51Z,checkoutservice,currencyservice,43710,43710,0,0,0,575323,43530
2026-10-04T14:10:51Z,checkoutservice,emailservice,14948,14660,0,66,0,474363,14470
2026-10-04T14:10:51Z,checkoutservice,frontend,0,0,0,0,0,0,0
2026-10-04T14:10:51Z,checkoutservice,kubernetes,0,0,0,0,0,0,0
2026-10-04T14:10:51Z,checkoutservice,paymentservice,36976,35128,0,192,0,445033,34798
2026-10-04T14:10:51Z,checkoutservice,productcatalogservice,0,0,0,0,0,0,0
2026-10-04T14:10:51Z,checkoutservice,recommendationservice,0,0,0,0,0,0,0
2026-10-04T14:10:51Z,checkoutservice,redis-cart,0,0,0,0,0,0,0
2026-10-04T14:10:51Z,checkoutservice,shippingservice,69936,67833,0,154,0,520672,67471
2026-10-04T14:10:51Z,currencyservice,adservice,0,0,0,0,0,0,0
2026-10-04T14:10:51Z,currencyservice,cartservice,0,0,0,0,0,0,0
2026-10-04T14:10:51Z,currencyservice,checkoutservice,0,0,0,0,0,0,0
2026-10-04T14:10:51Z,currencyservice,currencyservice,0,0,0,0,0,0,0
2026-10-04T14:10:51Z,currencyservice,emailservice,0,0,0,0,0,0,0
2026-10-04T14:10:51Z,currencyservice,frontend,0,0,0,0,0,0,0
2026-10-04T14:10:51Z,currencyservice,kubernetes,0,0,0,0,0,0,0
2026-10-04T14:10:51Z,currencyservice,paymentservice,0,0,0,0,0,0,0
2026-10-04T14:10:51Z,currencyservice,productcatalogservice,0,0,0,0,0,0,0
2026-10-04T14:10:51Z,currencyservice,recommendationservice,0,0,0,0,0,0,0
2026-10-04T14:10:51Z,currencyservice,redis-cart,0,0,0,0,0,0,0
2026-10-04T14:10:51Z,currencyservice,shippingservice,0,0,0,0,0,0,0
2026-10-04T14:10:51Z,emailservice,adservice,0,0,0,0,0,0,0
2026-10-04T14:10:51Z,emailservice,cartservice,0,0,0,0,0,0,0
2026-10-04T14:10:51Z,emailservice,checkoutservice,0,0,0,0,0,0,0
2026-10-04T14:10:51Z,emailservice,currencyservice,0,0,0,0,0,0,0
2026-10-04T14:10:51Z,emailservice,emailservice,0,0,0,0,0,0,0
2026-10-04T14:10:51Z,emailservice,frontend,0,0,0,0,0,0,0
2026-10-04T14:10:51Z,emailservice,kubernetes,0,0,0,0,0,0,0
2026-10-04T14:10:51Z,emailservice,paymentservice,0,0,0,0,0,0,0
2026-10-04T14:10:51Z,emailservice,productcatalogservice,0,0,0,0,0,0,0
2026-10-04T14:10:51Z,emailservice,recommendationservice,0,0,0,0,0,0,0
2026-10-04T14:10:51Z,emailservice,redis-cart,0,0,0,0,0,0,0
2026-10-04T14:10:51Z,emailservice,shippingservice,0,0,0,0,0,0,0
2026-10-04T14:10:51Z,frontend,adservice,855354,855352,0,0,0,2576731,855054
2026-10-04T14:10:51Z,frontend,cartservice,1911029,1911016,0,0,4,10558488,1909976
2026-10-04T14:10:51Z,frontend,checkoutservice,402703,192732,0,40061,169946,63017684,192623
2026-10-04T14:10:51Z,frontend,currencyservice,3036630,3036615,0,0,0,15960912,3035042
2026-10-04T14:10:51Z,frontend,emailservice,0,0,0,0,0,0,0
2026-10-04T14:10:51Z,frontend,frontend,0,0,0,0,0,0,0
2026-10-04T14:10:51Z,frontend,kubernetes,0,0,0,0,0,0,0
2026-10-04T14:10:51Z,frontend,paymentservice,0,0,0,0,0,0,0
2026-10-04T14:10:51Z,frontend,productcatalogservice,8498149,8498087,0,0,0,57977467,8494714
2026-10-04T14:10:51Z,frontend,recommendationservice,2788933,1687041,0,116107,983242,847053851,1686103
2026-10-04T14:10:51Z,frontend,redis-cart,0,0,0,0,0,0,0
2026-10-04T14:10:51Z,frontend,shippingservice,313551,313548,0,0,0,948178,313447
2026-10-04T14:10:51Z,paymentservice,adservice,0,0,0,0,0,0,0
2026-10-04T14:10:51Z,paymentservice,cartservice,0,0,0,0,0,0,0
2026-10-04T14:10:51Z,paymentservice,checkoutservice,0,0,0,0,0,0,0
2026-10-04T14:10:51Z,paymentservice,currencyservice,0,0,0,0,0,0,0
2026-10-04T14:10:51Z,paymentservice,emailservice,0,0,0,0,0,0,0
2026-10-04T14:10:51Z,paymentservice,frontend,0,0,0,0,0,0,0
2026-10-04T14:10:51Z,paymentservice,kubernetes,0,0,0,0,0,0,0
2026-10-04T14:10:51Z,paymentservice,paymentservice,0,0,0,0,0,0,0
2026-10-04T14:10:51Z,paymentservice,productcatalogservice,0,0,0,0,0,0,0
2026-10-04T14:10:51Z,paymentservice,recommendationservice,0,0,0,0,0,0,0
2026-10-04T14:10:51Z,paymentservice,redis-cart,0,0,0,0,0,0,0
2026-10-04T14:10:51Z,paymentservice,shippingservice,0,0,0,0,0,0,0
2026-10-04T14:10:51Z,productcatalogservice,adservice,0,0,0,0,0,0,0
2026-10-04T14:10:51Z,productcatalogservice,cartservice,0,0,0,0,0,0,0
2026-10-04T14:10:51Z,productcatalogservice,checkoutservice,0,0,0,0,0,0,0
2026-10-04T14:10:51Z,productcatalogservice,currencyservice,0,0,0,0,0,0,0
2026-10-04T14:10:51Z,productcatalogservice,emailservice,0,0,0,0,0,0,0
2026-10-04T14:10:51Z,productcatalogservice,frontend,0,0,0,0,0,0,0
2026-10-04T14:10:51Z,productcatalogservice,kubernetes,0,0,0,0,0,0,0
2026-10-04T14:10:51Z,productcatalogservice,paymentservice,0,0,0,0,0,0,0
2026-10-04T14:10:51Z,productcatalogservice,productcatalogservice,0,0,0,0,0,0,0
2026-10-04T14:10:51Z,productcatalogservice,recommendationservice,0,0,0,0,0,0,0
2026-10-04T14:10:51Z,productcatalogservice,redis-cart,0,0,0,0,0,0,0
2026-10-04T14:10:51Z,productcatalogservice,shippingservice,0,0,0,0,0,0,0
2026-10-04T14:10:51Z,recommendationservice,adservice,0,0,0,0,0,0,0
2026-10-04T14:10:51Z,recommendationservice,cartservice,0,0,0,0,0,0,0
2026-10-04T14:10:51Z,recommendationservice,checkoutservice,0,0,0,0,0,0,0
2026-10-04T14:10:51Z,recommendationservice,currencyservice,0,0,0,0,0,0,0
2026-10-04T14:10:51Z,recommendationservice,emailservice,0,0,0,0,0,0,0
2026-10-04T14:10:51Z,recommendationservice,frontend,0,0,0,0,0,0,0
2026-10-04T14:10:51Z,recommendationservice,kubernetes,0,0,0,0,0,0,0
2026-10-04T14:10:51Z,recommendationservice,paymentservice,0,0,0,0,0,0,0
2026-10-04T14:10:51Z,recommendationservice,productcatalogservice,182291,182291,0,0,0,1223184,181799
2026-10-04T14:10:51Z,recommendationservice,recommendationservice,0,0,0,0,0,0,0
2026-10-04T14:10:51Z,recommendationservice,redis-cart,0,0,0,0,0,0,0
2026-10-04T14:10:51Z,recommendationservice,shippingservice,0,0,0,0,0,0,0
2026-10-04T14:10:51Z,redis-cart,adservice,0,0,0,0,0,0,0
2026-10-04T14:10:51Z,redis-cart,cartservice,0,0,0,0,0,0,0
2026-10-04T14:10:51Z,redis-cart,checkoutservice,0,0,0,0,0,0,0
2026-10-04T14:10:51Z,redis-cart,currencyservice,0,0,0,0,0,0,0
2026-10-04T14:10:51Z,redis-cart,emailservice,0,0,0,0,0,0,0
2026-10-04T14:10:51Z,redis-cart,frontend,0,0,0,0,0,0,0
2026-10-04T14:10:51Z,redis-cart,kubernetes,0,0,0,0,0,0,0
2026-10-04T14:10:51Z,redis-cart,paymentservice,0,0,0,0,0,0,0
2026-10-04T14:10:51Z,redis-cart,productcatalogservice,0,0,0,0,0,0,0
2026-10-04T14:10:51Z,redis-cart,recommendationservice,0,0,0,0,0,0,0
2026-10-04T14:10:51Z,redis-cart,redis-cart,0,0,0,0,0,0,0
2026-10-04T14:10:51Z,redis-cart,shippingservice,0,0,0,0,0,0,0
2026-10-04T14:10:51Z,shippingservice,adservice,0,0,0,0,0,0,0
2026-10-04T14:10:51Z,shippingservice,cartservice,0,0,0,0,0,0,0
2026-10-04T14:10:51Z,shippingservice,checkoutservice,0,0,0,0,0,0,0
2026-10-04T14:10:51Z,shippingservice,currencyservice,0,0,0,0,0,0,0
2026-10-04T14:10:51Z,shippingservice,emailservice,0,0,0,0,0,0,0
2026-10-04T14:10:51Z,shippingservice,frontend,0,0,0,0,0,0,0
2026-10-04T14:10:51Z,shippingservice,kubernetes,0,0,0,0,0,0,0
2026-10-04T14:10:51Z,shippingservice,paymentservice,0,0,0,0,0,0,0
2026-10-04T14:10:51Z,shippingservice,productcatalogservice,0,0,0,0,0,0,0
2026-10-04T14:10:51Z,shippingservice,recommendationservice,0,0,0,0,0,0,0
2026-10-04T14:10:51Z,shippingservice,redis-cart,0,0,0,0,0,0,0
2026-10-04T14:10:51Z,shippingservice,shippingservice,0,0,0,0,0,0,0
2026-10-04T14:10:52Z,adservice,adservice,0,0,0,0,0,0,0
2026-10-04T14:10:52Z,adservice,cartservice,0,0,0,0,0,0,0
2026-10-04T14:10:52Z,adservice,checkoutservice,0,0,0,0,0,0,0
2026-10-04T14:10:52Z,adservice,currencyservice,0,0,0,0,0,0,0
2026-10-04T14:10:52Z,adservice,emailservice,0,0,0,0,0,0,0
2026-10-04T14:10:52Z,adservice,frontend,0,0,0,0,0,0,0
2026-10-04T14:10:52Z,adservice,kubernetes,0,0,0,0,0,0,0
2026-10-04T14:10:52Z,adservice,paymentservice,0,0,0,0,0,0,0
2026-10-04T14:10:52Z,adservice,productcatalogservice,0,0,0,0,0,0,0
2026-10-04T14:10:52Z,adservice,recommendationservice,0,0,0,0,0,0,0
2026-10-04T14:10:52Z,adservice,redis-cart,0,0,0,0,0,0,0
2026-10-04T14:10:52Z,adservice,shippingservice,0,0,0,0,0,0,0
2026-10-04T14:10:52Z,cartservice,adservice,0,0,0,0,0,0,0
2026-10-04T14:10:52Z,cartservice,cartservice,0,0,0,0,0,0,0
2026-10-04T14:10:52Z,cartservice,checkoutservice,0,0,0,0,0,0,0
2026-10-04T14:10:52Z,cartservice,currencyservice,0,0,0,0,0,0,0
2026-10-04T14:10:52Z,cartservice,emailservice,0,0,0,0,0,0,0
2026-10-04T14:10:52Z,cartservice,frontend,0,0,0,0,0,0,0
2026-10-04T14:10:52Z,cartservice,kubernetes,0,0,0,0,0,0,0
2026-10-04T14:10:52Z,cartservice,paymentservice,0,0,0,0,0,0,0
2026-10-04T14:10:52Z,cartservice,productcatalogservice,0,0,0,0,0,0,0
2026-10-04T14:10:52Z,cartservice,recommendationservice,0,0,0,0,0,0,0
2026-10-04T14:10:52Z,cartservice,redis-cart,2,0,0,0,0,0,0
2026-10-04T14:10:52Z,cartservice,shippingservice,0,0,0,0,0,0,0
2026-10-04T14:10:52Z,checkoutservice,adservice,0,0,0,0,0,0,0
2026-10-04T14:10:52Z,checkoutservice,cartservice,64729,63798,0,100,0,719583,63785
2026-10-04T14:10:52Z,checkoutservice,checkoutservice,0,0,0,0,0,0,0
2026-10-04T14:10:52Z,checkoutservice,currencyservice,43762,43762,0,0,0,576305,43755
2026-10-04T14:10:52Z,checkoutservice,emailservice,15000,14712,0,66,0,478529,14696
2026-10-04T14:10:52Z,checkoutservice,frontend,0,0,0,0,0,0,0
2026-10-04T14:10:52Z,checkoutservice,kubernetes,0,0,0,0,0,0,0
2026-10-04T14:10:52Z,checkoutservice,paymentservice,37028,35180,0,192,0,445920,35025
2026-10-04T14:10:52Z,checkoutservice,productcatalogservice,0,0,0,0,0,0,0
2026-10-04T14:10:52Z,checkoutservice,recommendationservice,0,0,0,0,0,0,0
2026-10-04T14:10:52Z,checkoutservice,redis-cart,0,0,0,0,0,0,0
2026-10-04T14:10:52Z,checkoutservice,shippingservice,70040,67937,0,154,0,521553,67922
2026-10-04T14:10:52Z,currencyservice,adservice,0,0,0,0,0,0,0
2026-10-04T14:10:52Z,currencyservice,cartservice,0,0,0,0,0,0,0
2026-10-04T14:10:52Z,currencyservice,checkoutservice,0,0,0,0,0,0,0
2026-10-04T14:10:52Z,currencyservice,currencyservice,0,0,0,0,0,0,0
2026-10-04T14:10:52Z,currencyservice,emailservice,0,0,0,0,0,0,0
2026-10-04T14:10:52Z,currencyservice,frontend,0,0,0,0,0,0,0
2026-10-04T14:10:52Z,currencyservice,kubernetes,0,0,0,0,0,0,0
2026-10-04T14:10:52Z,currencyservice,paymentservice,0,0,0,0,0,0,0
2026-10-04T14:10:52Z,currencyservice,productcatalogservice,0,0,0,0,0,0,0
2026-10-04T14:10:52Z,currencyservice,recommendationservice,0,0,0,0,0,0,0
2026-10-04T14:10:52Z,currencyservice,redis-cart,0,0,0,0,0,0,0
2026-10-04T14:10:52Z,currencyservice,shippingservice,0,0,0,0,0,0,0
2026-10-04T14:10:52Z,emailservice,adservice,0,0,0,0,0,0,0
2026-10-04T14:10:52Z,emailservice,cartservice,0,0,0,0,0,0,0
2026-10-04T14:10:52Z,emailservice,checkoutservice,0,0,0,0,0,0,0
2026-10-04T14:10:52Z,emailservice,currencyservice,0,0,0,0,0,0,0
2026-10-04T14:10:52Z,emailservice,emailservice,0,0,0,0,0,0,0
2026-10-04T14:10:52Z,emailservice,frontend,0,0,0,0,0,0,0
2026-10-04T14:10:52Z,emailservice,kubernetes,0,0,0,0,0,0,0
2026-10-04T14:10:52Z,emailservice,paymentservice,0,0,0,0,0,0,0
2026-10-04T14:10:52Z,emailservice,productcatalogservice,0,0,0,0,0,0,0
2026-10-04T14:10:52Z,emailservice,recommendationservice,0,0,0,0,0,0,0
2026-10-04T14:10:52Z,emailservice,redis-cart,0,0,0,0,0,0,0
2026-10-04T14:10:52Z,emailservice,shippingservice,0,0,0,0,0,0,0
2026-10-04T14:10:52Z,frontend,adservice,855443,855441,0,0,0,2576731,855054
2026-10-04T14:10:52Z,frontend,cartservice,1911407,1911395,0,0,4,10558488,1909976
2026-10-04T14:10:52Z,frontend,checkoutservice,402755,192786,0,40061,169946,63017684,192623
2026-10-04T14:10:52Z,frontend,currencyservice,3037205,3037195,0,0,0,15960912,3035042
2026-10-04T14:10:52Z,frontend,emailservice,0,0,0,0,0,0,0
2026-10-04T14:10:52Z,frontend,frontend,0,0,0,0,0,0,0
2026-10-04T14:10:52Z,frontend,kubernetes,0,0,0,0,0,0,0
2026-10-04T14:10:52Z,frontend,paymentservice,0,0,0,0,0,0,0
2026-10-04T14:10:52Z,frontend,productcatalogservice,8499334,8499266,0,0,0,57977467,8494714
2026-10-04T14:10:52Z,frontend,recommendationservice,2789708,1687370,0,116137,983643,847053851,1686103
2026-10-04T14:10:52Z,frontend,redis-cart,0,0,0,0,0,0,0
2026-10-04T14:10:52Z,frontend,shippingservice,313586,313584,0,0,0,948178,313447
2026-10-04T14:10:52Z,paymentservice,adservice,0,0,0,0,0,0,0
2026-10-04T14:10:52Z,paymentservice,cartservice,0,0,0,0,0,0,0
2026-10-04T14:10:52Z,paymentservice,checkoutservice,0,0,0,0,0,0,0
2026-10-04T14:10:52Z,paymentservice,currencyservice,0,0,0,0,0,0,0
2026-10-04T14:10:52Z,paymentservice,emailservice,0,0,0,0,0,0,0
2026-10-04T14:10:52Z,paymentservice,frontend,0,0,0,0,0,0,0
2026-10-04T14:10:52Z,paymentservice,kubernetes,0,0,0,0,0,0,0
2026-10-04T14:10:52Z,paymentservice,paymentservice,0,0,0,0,0,0,0
2026-10-04T14:10:52Z,paymentservice,productcatalogservice,0,0,0,0,0,0,0
2026-10-04T14:10:52Z,paymentservice,recommendationservice,0,0,0,0,0,0,0
2026-10-04T14:10:52Z,paymentservice,redis-cart,0,0,0,0,0,0,0
2026-10-04T14:10:52Z,paymentservice,shippingservice,0,0,0,0,0,0,0
2026-10-04T14:10:52Z,productcatalogservice,adservice,0,0,0,0,0,0,0
2026-10-04T14:10:52Z,productcatalogservice,cartservice,0,0,0,0,0,0,0
2026-10-04T14:10:52Z,productcatalogservice,checkoutservice,0,0,0,0,0,0,0
2026-10-04T14:10:52Z,productcatalogservice,currencyservice,0,0,0,0,0,0,0
2026-10-04T14:10:52Z,productcatalogservice,emailservice,0,0,0,0,0,0,0
2026-10-04T14:10:52Z,productcatalogservice,frontend,0,0,0,0,0,0,0
2026-10-04T14:10:52Z,productcatalogservice,kubernetes,0,0,0,0,0,0,0
2026-10-04T14:10:52Z,productcatalogservice,paymentservice,0,0,0,0,0,0,0
2026-10-04T14:10:52Z,productcatalogservice,productcatalogservice,0,0,0,0,0,0,0
2026-10-04T14:10:52Z,productcatalogservice,recommendationservice,0,0,0,0,0,0,0
2026-10-04T14:10:52Z,productcatalogservice,redis-cart,0,0,0,0,0,0,0
2026-10-04T14:10:52Z,productcatalogservice,shippingservice,0,0,0,0,0,0,0
2026-10-04T14:10:52Z,recommendationservice,adservice,0,0,0,0,0,0,0
2026-10-04T14:10:52Z,recommendationservice,cartservice,0,0,0,0,0,0,0
2026-10-04T14:10:52Z,recommendationservice,checkoutservice,0,0,0,0,0,0,0
2026-10-04T14:10:52Z,recommendationservice,currencyservice,0,0,0,0,0,0,0
2026-10-04T14:10:52Z,recommendationservice,emailservice,0,0,0,0,0,0,0
2026-10-04T14:10:52Z,recommendationservice,frontend,0,0,0,0,0,0,0
2026-10-04T14:10:52Z,recommendationservice,kubernetes,0,0,0,0,0,0,0
2026-10-04T14:10:52Z,recommendationservice,paymentservice,0,0,0,0,0,0,0
2026-10-04T14:10:52Z,recommendationservice,productcatalogservice,182719,182718,0,0,0,1223184,181799
2026-10-04T14:10:52Z,recommendationservice,recommendationservice,0,0,0,0,0,0,0
2026-10-04T14:10:52Z,recommendationservice,redis-cart,0,0,0,0,0,0,0
2026-10-04T14:10:52Z,recommendationservice,shippingservice,0,0,0,0,0,0,0
2026-10-04T14:10:52Z,redis-cart,adservice,0,0,0,0,0,0,0
2026-10-04T14:10:52Z,redis-cart,cartservice,0,0,0,0,0,0,0
2026-10-04T14:10:52Z,redis-cart,checkoutservice,0,0,0,0,0,0,0
2026-10-04T14:10:52Z,redis-cart,currencyservice,0,0,0,0,0,0,0
2026-10-04T14:10:52Z,redis-cart,emailservice,0,0,0,0,0,0,0
2026-10-04T14:10:52Z,redis-cart,frontend,0,0,0,0,0,0,0
2026-10-04T14:10:52Z,redis-cart,kubernetes,0,0,0,0,0,0,0
2026-10-04T14:10:52Z,redis-cart,paymentservice,0,0,0,0,0,0,0
2026-10-04T14:10:52Z,redis-cart,productcatalogservice,0,0,0,0,0,0,0
2026-10-04T14:10:52Z,redis-cart,recommendationservice,0,0,0,0,0,0,0
2026-10-04T14:10:52Z,redis-cart,redis-cart,0,0,0,0,0,0,0
2026-10-04T14:10:52Z,redis-cart,shippingservice,0,0,0,0,0,0,0
2026-10-04T14:10:52Z,shippingservice,adservice,0,0,0,0,0,0,0
2026-10-04T14:10:52Z,shippingservice,cartservice,0,0,0,0,0,0,0
2026-10-04T14:10:52Z,shippingservice,checkoutservice,0,0,0,0,0,0,0
2026-10-04T14:10:52Z,shippingservice,currencyservice,0,0,0,0,0,0,0
2026-10-04T14:10:52Z,shippingservice,emailservice,0,0,0,0,0,0,0
2026-10-04T14:10:52Z,shippingservice,frontend,0,0,0,0,0,0,0
2026-10-04T14:10:52Z,shippingservice,kubernetes,0,0,0,0,0,0,0
2026-10-04T14:10:52Z,shippingservice,paymentservice,0,0,0,0,0,0,0
2026-10-04T14:10:52Z,shippingservice,productcatalogservice,0,0,0,0,0,0,0
2026-10-04T14:10:52Z,shippingservice,recommendationservice,0,0,0,0,0,0,0
2026-10-04T14:10:52Z,shippingservice,redis-cart,0,0,0,0,0,0,0
2026-10-04T14:10:52Z,shippingservice,shippingservice,0,0,0,0,0,0,0
2026-10-04T14:10:53Z,adservice,adservice,0,0,0,0,0,0,0
2026-10-04T14:10:53Z,adservice,cartservice,0,0,0,0,0,0,0
2026-10-04T14:10:53Z,adservice,checkoutservice,0,0,0,0,0,0,0
2026-10-04T14:10:53Z,adservice,currencyservice,0,0,0,0,0,0,0
2026-10-04T14:10:53Z,adservice,emailservice,0,0,0,0,0,0,0
2026-10-04T14:10:53Z,adservice,frontend,0,0,0,0,0,0,0
2026-10-04T14:10:53Z,adservice,kubernetes,0,0,0,0,0,0,0
2026-10-04T14:10:53Z,adservice,paymentservice,0,0,0,0,0,0,0
2026-10-04T14:10:53Z,adservice,productcatalogservice,0,0,0,0,0,0,0
2026-10-04T14:10:53Z,adservice,recommendationservice,0,0,0,0,0,0,0
2026-10-04T14:10:53Z,adservice,redis-cart,0,0,0,0,0,0,0
2026-10-04T14:10:53Z,adservice,shippingservice,0,0,0,0,0,0,0
2026-10-04T14:10:53Z,cartservice,adservice,0,0,0,0,0,0,0
2026-10-04T14:10:53Z,cartservice,cartservice,0,0,0,0,0,0,0
2026-10-04T14:10:53Z,cartservice,checkoutservice,0,0,0,0,0,0,0
2026-10-04T14:10:53Z,cartservice,currencyservice,0,0,0,0,0,0,0
2026-10-04T14:10:53Z,cartservice,emailservice,0,0,0,0,0,0,0
2026-10-04T14:10:53Z,cartservice,frontend,0,0,0,0,0,0,0
2026-10-04T14:10:53Z,cartservice,kubernetes,0,0,0,0,0,0,0
2026-10-04T14:10:53Z,cartservice,paymentservice,0,0,0,0,0,0,0
2026-10-04T14:10:53Z,cartservice,productcatalogservice,0,0,0,0,0,0,0
2026-10-04T14:10:53Z,cartservice,recommendationservice,0,0,0,0,0,0,0
2026-10-04T14:10:53Z,cartservice,redis-cart,2,0,0,0,0,0,0
2026-10-04T14:10:53Z,cartservice,shippingservice,0,0,0,0,0,0,0
2026-10-04T14:10:53Z,checkoutservice,adservice,0,0,0,0,0,0,0
2026-10-04T14:10:53Z,checkoutservice,cartservice,64827,63896,0,100,0,719583,63785
2026-10-04T14:10:53Z,checkoutservice,checkoutservice,0,0,0,0,0,0,0
2026-10-04T14:10:53Z,checkoutservice,currencyservice,43811,43811,0,0,0,576305,43755
2026-10-04T14:10:53Z,checkoutservice,emailservice,15049,14761,0,66,0,478529,14696
2026-10-04T14:10:53Z,checkoutservice,frontend,0,0,0,0,0,0,0
2026-10-04T14:10:53Z,checkoutservice,kubernetes,0,0,0,0,0,0,0
2026-10-04T14:10:53Z,checkoutservice,paymentservice,37077,35229,0,192,0,445920,35025
2026-10-04T14:10:53Z,checkoutservice,productcatalogservice,0,0,0,0,0,0,0
2026-10-04T14:10:53Z,checkoutservice,recommendationservice,0,0,0,0,0,0,0
2026-10-04T14:10:53Z,checkoutservice,redis-cart,0,0,0,0,0,0,0
2026-10-04T14:10:53Z,checkoutservice,shippingservice,70138,68035,0,154,0,521553,67922
2026-10-04T14:10:53Z,currencyservice,adservice,0,0,0,0,0,0,0
2026-10-04T14:10:53Z,currencyservice,cartservice,0,0,0,0,0,0,0
2026-10-04T14:10:53Z,currencyservice,checkoutservice,0,0,0,0,0,0,0
2026-10-04T14:10:53Z,currencyservice,currencyservice,0,0,0,0,0,0,0
2026-10-04T14:10:53Z,currencyservice,emailservice,0,0,0,0,0,0,0
2026-10-04T14:10:53Z,currencyservice,frontend,0,0,0,0,0,0,0
2026-10-04T14:10:53Z,currencyservice,kubernetes,0,0,0,0,0,0,0
2026-10-04T14:10:53Z,currencyservice,paymentservice,0,0,0,0,0,0,0
2026-10-04T14:10:53Z,currencyservice,productcatalogservice,0,0,0,0,0,0,0
2026-10-04T14:10:53Z,currencyservice,recommendationservice,0,0,0,0,0,0,0
2026-10-04T14:10:53Z,currencyservice,redis-cart,0,0,0,0,0,0,0
2026-10-04T14:10:53Z,currencyservice,shippingservice,0,0,0,0,0,0,0
2026-10-04T14:10:53Z,emailservice,adservice,0,0,0,0,0,0,0
2026-10-04T14:10:53Z,emailservice,cartservice,0,0,0,0,0,0,0
2026-10-04T14:10:53Z,emailservice,checkoutservice,0,0,0,0,0,0,0
2026-10-04T14:10:53Z,emailservice,currencyservice,0,0,0,0,0,0,0
2026-10-04T14:10:53Z,emailservice,emailservice,0,0,0,0,0,0,0
2026-10-04T14:10:53Z,emailservice,frontend,0,0,0,0,0,0,0
2026-10-04T14:10:53Z,emailservice,kubernetes,0,0,0,0,0,0,0
2026-10-04T14:10:53Z,emailservice,paymentservice,0,0,0,0,0,0,0
2026-10-04T14:10:53Z,emailservice,productcatalogservice,0,0,0,0,0,0,0
2026-10-04T14:10:53Z,emailservice,recommendationservice,0,0,0,0,0,0,0
2026-10-04T14:10:53Z,emailservice,redis-cart,0,0,0,0,0,0,0
2026-10-04T14:10:53Z,emailservice,shippingservice,0,0,0,0,0,0,0
2026-10-04T14:10:53Z,frontend,adservice,855550,855548,0,0,0,2577093,855190
2026-10-04T14:10:53Z,frontend,cartservice,1911810,1911797,0,0,4,10560633,1910471
2026-10-04T14:10:53Z,frontend,checkoutservice,402803,192830,0,40061,169946,63022647,192674
2026-10-04T14:10:53Z,frontend,currencyservice,3037816,3037807,0,0,0,15963631,3035760
2026-10-04T14:10:53Z,frontend,emailservice,0,0,0,0,0,0,0
2026-10-04T14:10:53Z,frontend,frontend,0,0,0,0,0,0,0
2026-10-04T14:10:53Z,frontend,kubernetes,0,0,0,0,0,0,0
2026-10-04T14:10:53Z,frontend,paymentservice,0,0,0,0,0,0,0
2026-10-04T14:10:53Z,frontend,productcatalogservice,8500602,8500539,0,0,0,57987003,8496216
2026-10-04T14:10:53Z,frontend,recommendationservice,2790450,1687738,0,116178,983986,847463991,1686567
2026-10-04T14:10:53Z,frontend,redis-cart,0,0,0,0,0,0,0
2026-10-04T14:10:53Z,frontend,shippingservice,313624,313622,0,0,0,948246,313481
2026-10-04T14:10:53Z,paymentservice,adservice,0,0,0,0,0,0,0
2026-10-04T14:10:53Z,paymentservice,cartservice,0,0,0,0,0,0,0
2026-10-04T14:10:53Z,paymentservice,checkoutservice,0,0,0,0,0,0,0
2026-10-04T14:10:53Z,paymentservice,currencyservice,0,0,0,0,0,0,0
2026-10-04T14:10:53Z,paymentservice,emailservice,0,0,0,0,0,0,0
2026-10-04T14:10:53Z,paymentservice,frontend,0,0,0,0,0,0,0
2026-10-04T14:10:53Z,paymentservice,kubernetes,0,0,0,0,0,0,0
2026-10-04T14:10:53Z,paymentservice,paymentservice,0,0,0,0,0,0,0
2026-10-04T14:10:53Z,paymentservice,productcatalogservice,0,0,0,0,0,0,0
2026-10-04T14:10:53Z,paymentservice,recommendationservice,0,0,0,0,0,0,0
2026-10-04T14:10:53Z,paymentservice,redis-cart,0,0,0,0,0,0,0
2026-10-04T14:10:53Z,paymentservice,shippingservice,0,0,0,0,0,0,0
2026-10-04T14:10:53Z,productcatalogservice,adservice,0,0,0,0,0,0,0
2026-10-04T14:10:53Z,productcatalogservice,cartservice,0,0,0,0,0,0,0
2026-10-04T14:10:53Z,productcatalogservice,checkoutservice,0,0,0,0,0,0,0
2026-10-04T14:10:53Z,productcatalogservice,currencyservice,0,0,0,0,0,0,0
2026-10-04T14:10:53Z,productcatalogservice,emailservice,0,0,0,0,0,0,0
2026-10-04T14:10:53Z,productcatalogservice,frontend,0,0,0,0,0,0,0
2026-10-04T14:10:53Z,productcatalogservice,kubernetes,0,0,0,0,0,0,0
2026-10-04T14:10:53Z,productcatalogservice,paymentservice,0,0,0,0,0,0,0
2026-10-04T14:10:53Z,productcatalogservice,productcatalogservice,0,0,0,0,0,0,0
2026-10-04T14:10:53Z,productcatalogservice,recommendationservice,0,0,0,0,0,0,0
2026-10-04T14:10:53Z,productcatalogservice,redis-cart,0,0,0,0,0,0,0
2026-10-04T14:10:53Z,productcatalogservice,shippingservice,0,0,0,0,0,0,0
2026-10-04T14:10:53Z,recommendationservice,adservice,0,0,0,0,0,0,0
2026-10-04T14:10:53Z,recommendationservice,cartservice,0,0,0,0,0,0,0
2026-10-04T14:10:53Z,recommendationservice,checkoutservice,0,0,0,0,0,0,0
2026-10-04T14:10:53Z,recommendationservice,currencyservice,0,0,0,0,0,0,0
2026-10-04T14:10:53Z,recommendationservice,emailservice,0,0,0,0,0,0,0
2026-10-04T14:10:53Z,recommendationservice,frontend,0,0,0,0,0,0,0
2026-10-04T14:10:53Z,recommendationservice,kubernetes,0,0,0,0,0,0,0
2026-10-04T14:10:53Z,recommendationservice,paymentservice,0,0,0,0,0,0,0
2026-10-04T14:10:53Z,recommendationservice,productcatalogservice,183185,183185,0,0,0,1223184,181799
2026-10-04T14:10:53Z,recommendationservice,recommendationservice,0,0,0,0,0,0,0
2026-10-04T14:10:53Z,recommendationservice,redis-cart,0,0,0,0,0,0,0
2026-10-04T14:10:53Z,recommendationservice,shippingservice,0,0,0,0,0,0,0
2026-10-04T14:10:53Z,redis-cart,adservice,0,0,0,0,0,0,0
2026-10-04T14:10:53Z,redis-cart,cartservice,0,0,0,0,0,0,0
2026-10-04T14:10:53Z,redis-cart,checkoutservice,0,0,0,0,0,0,0
2026-10-04T14:10:53Z,redis-cart,currencyservice,0,0,0,0,0,0,0
2026-10-04T14:10:53Z,redis-cart,emailservice,0,0,0,0,0,0,0
2026-10-04T14:10:53Z,redis-cart,frontend,0,0,0,0,0,0,0
2026-10-04T14:10:53Z,redis-cart,kubernetes,0,0,0,0,0,0,0
2026-10-04T14:10:53Z,redis-cart,paymentservice,0,0,0,0,0,0,0
2026-10-04T14:10:53Z,redis-cart,productcatalogservice,0,0,0,0,0,0,0
2026-10-04T14:10:53Z,redis-cart,recommendationservice,0,0,0,0,0,0,0
2026-10-04T14:10:53Z,redis-cart,redis-cart,0,0,0,0,0,0,0
2026-10-04T14:10:53Z,redis-cart,shippingservice,0,0,0,0,0,0,0
2026-10-04T14:10:53Z,shippingservice,adservice,0,0,0,0,0,0,0
2026-10-04T14:10:53Z,shippingservice,cartservice,0,0,0,0,0,0,0
2026-10-04T14:10:53Z,shippingservice,checkoutservice,0,0,0,0,0,0,0
2026-10-04T14:10:53Z,shippingservice,currencyservice,0,0,0,0,0,0,0
2026-10-04T14:10:53Z,shippingservice,emailservice,0,0,0,0,0,0,0
2026-10-04T14:10:53Z,shippingservice,frontend,0,0,0,0,0,0,0
2026-10-04T14:10:53Z,shippingservice,kubernetes,0,0,0,0,0,0,0
2026-10-04T14:10:53Z,shippingservice,paymentservice,0,0,0,0,0,0,0
2026-10-04T14:10:53Z,shippingservice,productcatalogservice,0,0,0,0,0,0,0
2026-10-04T14:10:53Z,shippingservice,recommendationservice,0,0,0,0,0,0,0
2026-10-04T14:10:53Z,shippingservice,redis-cart,0,0,0,0,0,0,0
2026-10-04T14:10:53Z,shippingservice,shippingservice,0,0,0,0,0,0,0
2026-10-04T14:10:54Z,adservice,adservice,0,0,0,0,0,0,0
2026-10-04T14:10:54Z,adservice,cartservice,0,0,0,0,0,0,0
2026-10-04T14:10:54Z,adservice,checkoutservice,0,0,0,0,0,0,0
2026-10-04T14:10:54Z,adservice,currencyservice,0,0,0,0,0,0,0
2026-10-04T14:10:54Z,adservice,emailservice,0,0,0,0,0,0,0
2026-10-04T14:10:54Z,adservice,frontend,0,0,0,0,0,0,0
2026-10-04T14:10:54Z,adservice,kubernetes,0,0,0,0,0,0,0
2026-10-04T14:10:54Z,adservice,paymentservice,0,0,0,0,0,0,0
2026-10-04T14:10:54Z,adservice,productcatalogservice,0,0,0,0,0,0,0
2026-10-04T14:10:54Z,adservice,recommendationservice,0,0,0,0,0,0,0
2026-10-04T14:10:54Z,adservice,redis-cart,0,0,0,0,0,0,0
2026-10-04T14:10:54Z,adservice,shippingservice,0,0,0,0,0,0,0
2026-10-04T14:10:54Z,cartservice,adservice,0,0,0,0,0,0,0
2026-10-04T14:10:54Z,cartservice,cartservice,0,0,0,0,0,0,0
2026-10-04T14:10:54Z,cartservice,checkoutservice,0,0,0,0,0,0,0
2026-10-04T14:10:54Z,cartservice,currencyservice,0,0,0,0,0,0,0
2026-10-04T14:10:54Z,cartservice,emailservice,0,0,0,0,0,0,0
2026-10-04T14:10:54Z,cartservice,frontend,0,0,0,0,0,0,0
2026-10-04T14:10:54Z,cartservice,kubernetes,0,0,0,0,0,0,0
2026-10-04T14:10:54Z,cartservice,paymentservice,0,0,0,0,0,0,0
2026-10-04T14:10:54Z,cartservice,productcatalogservice,0,0,0,0,0,0,0
2026-10-04T14:10:54Z,cartservice,recommendationservice,0,0,0,0,0,0,0
2026-10-04T14:10:54Z,cartservice,redis-cart,2,0,0,0,0,0,0
2026-10-04T14:10:54Z,cartservice,shippingservice,0,0,0,0,0,0,0
2026-10-04T14:10:54Z,checkoutservice,adservice,0,0,0,0,0,0,0
2026-10-04T14:10:54Z,checkoutservice,cartservice,64912,63981,0,100,0,719583,63785
2026-10-04T14:10:54Z,checkoutservice,checkoutservice,0,0,0,0,0,0,0
2026-10-04T14:10:54Z,checkoutservice,currencyservice,43854,43854,0,0,0,576305,43755
2026-10-04T14:10:54Z,checkoutservice,emailservice,15091,14803,0,66,0,478529,14696
2026-10-04T14:10:54Z,checkoutservice,frontend,0,0,0,0,0,0,0
2026-10-04T14:10:54Z,checkoutservice,kubernetes,0,0,0,0,0,0,0
2026-10-04T14:10:54Z,checkoutservice,paymentservice,37120,35272,0,192,0,445920,35025
2026-10-04T14:10:54Z,checkoutservice,productcatalogservice,0,0,0,0,0,0,0
2026-10-04T14:10:54Z,checkoutservice,recommendationservice,0,0,0,0,0,0,0
2026-10-04T14:10:54Z,checkoutservice,redis-cart,0,0,0,0,0,0,0
2026-10-04T14:10:54Z,checkoutservice,shippingservice,70224,68120,0,154,0,521553,67922
2026-10-04T14:10:54Z,currencyservice,adservice,0,0,0,0,0,0,0
2026-10-04T14:10:54Z,currencyservice,cartservice,0,0,0,0,0,0,0
2026-10-04T14:10:54Z,currencyservice,checkoutservice,0,0,0,0,0,0,0
2026-10-04T14:10:54Z,currencyservice,currencyservice,0,0,0,0,0,0,0
2026-10-04T14:10:54Z,currencyservice,emailservice,0,0,0,0,0,0,0
2026-10-04T14:10:54Z,currencyservice,frontend,0,0,0,0,0,0,0
2026-10-04T14:10:54Z,currencyservice,kubernetes,0,0,0,0,0,0,0
2026-10-04T14:10:54Z,currencyservice,paymentservice,0,0,0,0,0,0,0
2026-10-04T14:10:54Z,currencyservice,productcatalogservice,0,0,0,0,0,0,0
2026-10-04T14:10:54Z,currencyservice,recommendationservice,0,0,0,0,0,0,0
2026-10-04T14:10:54Z,currencyservice,redis-cart,0,0,0,0,0,0,0
2026-10-04T14:10:54Z,currencyservice,shippingservice,0,0,0,0,0,0,0
2026-10-04T14:10:54Z,emailservice,adservice,0,0,0,0,0,0,0
2026-10-04T14:10:54Z,emailservice,cartservice,0,0,0,0,0,0,0
2026-10-04T14:10:54Z,emailservice,checkoutservice,0,0,0,0,0,0,0
2026-10-04T14:10:54Z,emailservice,currencyservice,0,0,0,0,0,0,0
2026-10-04T14:10:54Z,emailservice,emailservice,0,0,0,0,0,0,0
2026-10-04T14:10:54Z,emailservice,frontend,0,0,0,0,0,0,0
2026-10-04T14:10:54Z,emailservice,kubernetes,0,0,0,0,0,0,0
2026-10-04T14:10:54Z,emailservice,paymentservice,0,0,0,0,0,0,0
2026-10-04T14:10:54Z,emailservice,productcatalogservice,0,0,0,0,0,0,0
2026-10-04T14:10:54Z,emailservice,recommendationservice,0,0,0,0,0,0,0
2026-10-04T14:10:54Z,emailservice,redis-cart,0,0,0,0,0,0,0
2026-10-04T14:10:54Z,emailservice,shippingservice,0,0,0,0,0,0,0
2026-10-04T14:10:54Z,frontend,adservice,855655,855653,0,0,0,2577932,855479
2026-10-04T14:10:54Z,frontend,cartservice,1912206,1912194,0,0,4,10565083,1911514
2026-10-04T14:10:54Z,frontend,checkoutservice,402839,192872,0,40061,169946,63035347,192800
2026-10-04T14:10:54Z,frontend,currencyservice,3038443,3038428,0,0,0,15969280,3037366
2026-10-04T14:10:54Z,frontend,emailservice,0,0,0,0,0,0,0
2026-10-04T14:10:54Z,frontend,frontend,0,0,0,0,0,0,0
2026-10-04T14:10:54Z,frontend,kubernetes,0,0,0,0,0,0,0
2026-10-04T14:10:54Z,frontend,paymentservice,0,0,0,0,0,0,0
2026-10-04T14:10:54Z,frontend,productcatalogservice,8501867,8501799,0,0,0,58004853,8499656
2026-10-04T14:10:54Z,frontend,recommendationservice,2791222,1688109,0,116215,984350,848280431,1687495
2026-10-04T14:10:54Z,frontend,redis-cart,0,0,0,0,0,0,0
2026-10-04T14:10:54Z,frontend,shippingservice,313669,313667,0,0,0,948508,313589
2026-10-04T14:10:54Z,paymentservice,adservice,0,0,0,0,0,0,0
2026-10-04T14:10:54Z,paymentservice,cartservice,0,0,0,0,0,0,0
2026-10-04T14:10:54Z,paymentservice,checkoutservice,0,0,0,0,0,0,0
2026-10-04T14:10:54Z,paymentservice,currencyservice,0,0,0,0,0,0,0
2026-10-04T14:10:54Z,paymentservice,emailservice,0,0,0,0,0,0,0
2026-10-04T14:10:54Z,paymentservice,frontend,0,0,0,0,0,0,0
2026-10-04T14:10:54Z,paymentservice,kubernetes,0,0,0,0,0,0,0
2026-10-04T14:10:54Z,paymentservice,paymentservice,0,0,0,0,0,0,0
2026-10-04T14:10:54Z,paymentservice,productcatalogservice,0,0,0,0,0,0,0
2026-10-04T14:10:54Z,paymentservice,recommendationservice,0,0,0,0,0,0,0
2026-10-04T14:10:54Z,paymentservice,redis-cart,0,0,0,0,0,0,0
2026-10-04T14:10:54Z,paymentservice,shippingservice,0,0,0,0,0,0,0
2026-10-04T14:10:54Z,productcatalogservice,adservice,0,0,0,0,0,0,0
2026-10-04T14:10:54Z,productcatalogservice,cartservice,0,0,0,0,0,0,0
2026-10-04T14:10:54Z,productcatalogservice,checkoutservice,0,0,0,0,0,0,0
2026-10-04T14:10:54Z,productcatalogservice,currencyservice,0,0,0,0,0,0,0
2026-10-04T14:10:54Z,productcatalogservice,emailservice,0,0,0,0,0,0,0
2026-10-04T14:10:54Z,productcatalogservice,frontend,0,0,0,0,0,0,0
2026-10-04T14:10:54Z,productcatalogservice,kubernetes,0,0,0,0,0,0,0
2026-10-04T14:10:54Z,productcatalogservice,paymentservice,0,0,0,0,0,0,0
2026-10-04T14:10:54Z,productcatalogservice,productcatalogservice,0,0,0,0,0,0,0
2026-10-04T14:10:54Z,productcatalogservice,recommendationservice,0,0,0,0,0,0,0
2026-10-04T14:10:54Z,productcatalogservice,redis-cart,0,0,0,0,0,0,0
2026-10-04T14:10:54Z,productcatalogservice,shippingservice,0,0,0,0,0,0,0
2026-10-04T14:10:54Z,recommendationservice,adservice,0,0,0,0,0,0,0
2026-10-04T14:10:54Z,recommendationservice,cartservice,0,0,0,0,0,0,0
2026-10-04T14:10:54Z,recommendationservice,checkoutservice,0,0,0,0,0,0,0
2026-10-04T14:10:54Z,recommendationservice,currencyservice,0,0,0,0,0,0,0
2026-10-04T14:10:54Z,recommendationservice,emailservice,0,0,0,0,0,0,0
2026-10-04T14:10:54Z,recommendationservice,frontend,0,0,0,0,0,0,0
2026-10-04T14:10:54Z,recommendationservice,kubernetes,0,0,0,0,0,0,0
2026-10-04T14:10:54Z,recommendationservice,paymentservice,0,0,0,0,0,0,0
2026-10-04T14:10:54Z,recommendationservice,productcatalogservice,183575,183574,0,0,0,1223184,181799
2026-10-04T14:10:54Z,recommendationservice,recommendationservice,0,0,0,0,0,0,0
2026-10-04T14:10:54Z,recommendationservice,redis-cart,0,0,0,0,0,0,0
2026-10-04T14:10:54Z,recommendationservice,shippingservice,0,0,0,0,0,0,0
2026-10-04T14:10:54Z,redis-cart,adservice,0,0,0,0,0,0,0
2026-10-04T14:10:54Z,redis-cart,cartservice,0,0,0,0,0,0,0
2026-10-04T14:10:54Z,redis-cart,checkoutservice,0,0,0,0,0,0,0
2026-10-04T14:10:54Z,redis-cart,currencyservice,0,0,0,0,0,0,0
2026-10-04T14:10:54Z,redis-cart,emailservice,0,0,0,0,0,0,0
2026-10-04T14:10:54Z,redis-cart,frontend,0,0,0,0,0,0,0
2026-10-04T14:10:54Z,redis-cart,kubernetes,0,0,0,0,0,0,0
2026-10-04T14:10:54Z,redis-cart,paymentservice,0,0,0,0,0,0,0
2026-10-04T14:10:54Z,redis-cart,productcatalogservice,0,0,0,0,0,0,0
2026-10-04T14:10:54Z,redis-cart,recommendationservice,0,0,0,0,0,0,0
2026-10-04T14:10:54Z,redis-cart,redis-cart,0,0,0,0,0,0,0
2026-10-04T14:10:54Z,redis-cart,shippingservice,0,0,0,0,0,0,0
2026-10-04T14:10:54Z,shippingservice,adservice,0,0,0,0,0,0,0
2026-10-04T14:10:54Z,shippingservice,cartservice,0,0,0,0,0,0,0
2026-10-04T14:10:54Z,shippingservice,checkoutservice,0,0,0,0,0,0,0
2026-10-04T14:10:54Z,shippingservice,currencyservice,0,0,0,0,0,0,0
2026-10-04T14:10:54Z,shippingservice,emailservice,0,0,0,0,0,0,0
2026-10-04T14:10:54Z,shippingservice,frontend,0,0,0,0,0,0,0
2026-10-04T14:10:54Z,shippingservice,kubernetes,0,0,0,0,0,0,0
2026-10-04T14:10:54Z,shippingservice,paymentservice,0,0,0,0,0,0,0
2026-10-04T14:10:54Z,shippingservice,productcatalogservice,0,0,0,0,0,0,0
2026-10-04T14:10:54Z,shippingservice,recommendationservice,0,0,0,0,0,0,0
2026-10-04T14:10:54Z,shippingservice,redis-cart,0,0,0,0,0,0,0
2026-10-04T14:10:54Z,shippingservice,shippingservice,0,0,0,0,0,0,0
2026-10-04T14:10:55Z,adservice,adservice,0,0,0,0,0,0,0
2026-10-04T14:10:55Z,adservice,cartservice,0,0,0,0,0,0,0
2026-10-04T14:10:55Z,adservice,checkoutservice,0,0,0,0,0,0,0
2026-10-04T14:10:55Z,adservice,currencyservice,0,0,0,0,0,0,0
2026-10-04T14:10:55Z,adservice,emailservice,0,0,0,0,0,0,0
2026-10-04T14:10:55Z,adservice,frontend,0,0,0,0,0,0,0
2026-10-04T14:10:55Z,adservice,kubernetes,0,0,0,0,0,0,0
2026-10-04T14:10:55Z,adservice,paymentservice,0,0,0,0,0,0,0
2026-10-04T14:10:55Z,adservice,productcatalogservice,0,0,0,0,0,0,0
2026-10-04T14:10:55Z,adservice,recommendationservice,0,0,0,0,0,0,0
2026-10-04T14:10:55Z,adservice,redis-cart,0,0,0,0,0,0,0
2026-10-04T14:10:55Z,adservice,shippingservice,0,0,0,0,0,0,0
2026-10-04T14:10:55Z,cartservice,adservice,0,0,0,0,0,0,0
2026-10-04T14:10:55Z,cartservice,cartservice,0,0,0,0,0,0,0
2026-10-04T14:10:55Z,cartservice,checkoutservice,0,0,0,0,0,0,0
2026-10-04T14:10:55Z,cartservice,currencyservice,0,0,0,0,0,0,0
2026-10-04T14:10:55Z,cartservice,emailservice,0,0,0,0,0,0,0
2026-10-04T14:10:55Z,cartservice,frontend,0,0,0,0,0,0,0
2026-10-04T14:10:55Z,cartservice,kubernetes,0,0,0,0,0,0,0
2026-10-04T14:10:55Z,cartservice,paymentservice,0,0,0,0,0,0,0
2026-10-04T14:10:55Z,cartservice,productcatalogservice,0,0,0,0,0,0,0
2026-10-04T14:10:55Z,cartservice,recommendationservice,0,0,0,0,0,0,0
2026-10-04T14:10:55Z,cartservice,redis-cart,2,0,0,0,0,0,0
2026-10-04T14:10:55Z,cartservice,shippingservice,0,0,0,0,0,0,0
2026-10-04T14:10:55Z,checkoutservice,adservice,0,0,0,0,0,0,0
2026-10-04T14:10:55Z,checkoutservice,cartservice,64965,64031,0,100,0,719583,63785
2026-10-04T14:10:55Z,checkoutservice,checkoutservice,0,0,0,0,0,0,0
2026-10-04T14:10:55Z,checkoutservice,currencyservice,43879,43879,0,0,0,576305,43755
2026-10-04T14:10:55Z,checkoutservice,emailservice,15115,14827,0,66,0,478529,14696
2026-10-04T14:10:55Z,checkoutservice,frontend,0,0,0,0,0,0,0
2026-10-04T14:10:55Z,checkoutservice,kubernetes,0,0,0,0,0,0,0
2026-10-04T14:10:55Z,checkoutservice,paymentservice,37145,35297,0,192,0,445920,35025
2026-10-04T14:10:55Z,checkoutservice,productcatalogservice,0,0,0,0,0,0,0
2026-10-04T14:10:55Z,checkoutservice,recommendationservice,0,0,0,0,0,0,0
2026-10-04T14:10:55Z,checkoutservice,redis-cart,0,0,0,0,0,0,0
2026-10-04T14:10:55Z,checkoutservice,shippingservice,70273,68170,0,154,0,521553,67922
2026-10-04T14:10:55Z,currencyservice,adservice,0,0,0,0,0,0,0
2026-10-04T14:10:55Z,currencyservice,cartservice,0,0,0,0,0,0,0
2026-10-04T14:10:55Z,currencyservice,checkoutservice,0,0,0,0,0,0,0
2026-10-04T14:10:55Z,currencyservice,currencyservice,0,0,0,0,0,0,0
2026-10-04T14:10:55Z,currencyservice,emailservice,0,0,0,0,0,0,0
2026-10-04T14:10:55Z,currencyservice,frontend,0,0,0,0,0,0,0
2026-10-04T14:10:55Z,currencyservice,kubernetes,0,0,0,0,0,0,0
2026-10-04T14:10:55Z,currencyservice,paymentservice,0,0,0,0,0,0,0
2026-10-04T14:10:55Z,currencyservice,productcatalogservice,0,0,0,0,0,0,0
2026-10-04T14:10:55Z,currencyservice,recommendationservice,0,0,0,0,0,0,0
2026-10-04T14:10:55Z,currencyservice,redis-cart,0,0,0,0,0,0,0
2026-10-04T14:10:55Z,currencyservice,shippingservice,0,0,0,0,0,0,0
2026-10-04T14:10:55Z,emailservice,adservice,0,0,0,0,0,0,0
2026-10-04T14:10:55Z,emailservice,cartservice,0,0,0,0,0,0,0
2026-10-04T14:10:55Z,emailservice,checkoutservice,0,0,0,0,0,0,0
2026-10-04T14:10:55Z,emailservice,currencyservice,0,0,0,0,0,0,0
2026-10-04T14:10:55Z,emailservice,emailservice,0,0,0,0,0,0,0
2026-10-04T14:10:55Z,emailservice,frontend,0,0,0,0,0,0,0
2026-10-04T14:10:55Z,emailservice,kubernetes,0,0,0,0,0,0,0
2026-10-04T14:10:55Z,emailservice,paymentservice,0,0,0,0,0,0,0
2026-10-04T14:10:55Z,emailservice,productcatalogservice,0,0,0,0,0,0,0
2026-10-04T14:10:55Z,emailservice,recommendationservice,0,0,0,0,0,0,0
2026-10-04T14:10:55Z,emailservice,redis-cart,0,0,0,0,0,0,0
2026-10-04T14:10:55Z,emailservice,shippingservice,0,0,0,0,0,0,0
2026-10-04T14:10:55Z,frontend,adservice,855756,855754,0,0,0,2578165,855589
2026-10-04T14:10:55Z,frontend,cartservice,1912602,1912590,0,0,4,10566787,1911921
2026-10-04T14:10:55Z,frontend,checkoutservice,402870,192899,0,40061,169946,63039804,192845
2026-10-04T14:10:55Z,frontend,currencyservice,3039018,3039006,0,0,0,15971745,3038012
2026-10-04T14:10:55Z,frontend,emailservice,0,0,0,0,0,0,0
2026-10-04T14:10:55Z,frontend,frontend,0,0,0,0,0,0,0
2026-10-04T14:10:55Z,frontend,kubernetes,0,0,0,0,0,0,0
2026-10-04T14:10:55Z,frontend,paymentservice,0,0,0,0,0,0,0
2026-10-04T14:10:55Z,frontend,productcatalogservice,8503012,8502937,0,0,0,58013045,8500977
2026-10-04T14:10:55Z,frontend,recommendationservice,2792025,1688474,0,116239,984753,848606636,1687848
2026-10-04T14:10:55Z,frontend,redis-cart,0,0,0,0,0,0,0
2026-10-04T14:10:55Z,frontend,shippingservice,313700,313698,0,0,0,948611,313636
2026-10-04T14:10:55Z,paymentservice,adservice,0,0,0,0,0,0,0
2026-10-04T14:10:55Z,paymentservice,cartservice,0,0,0,0,0,0,0
2026-10-04T14:10:55Z,paymentservice,checkoutservice,0,0,0,0,0,0,0
2026-10-04T14:10:55Z,paymentservice,currencyservice,0,0,0,0,0,0,0
2026-10-04T14:10:55Z,paymentservice,emailservice,0,0,0,0,0,0,0
2026-10-04T14:10:55Z,paymentservice,frontend,0,0,0,0,0,0,0
2026-10-04T14:10:55Z,paymentservice,kubernetes,0,0,0,0,0,0,0
2026-10-04T14:10:55Z,paymentservice,paymentservice,0,0,0,0,0,0,0
2026-10-04T14:10:55Z,paymentservice,productcatalogservice,0,0,0,0,0,0,0
2026-10-04T14:10:55Z,paymentservice,recommendationservice,0,0,0,0,0,0,0
2026-10-04T14:10:55Z,paymentservice,redis-cart,0,0,0,0,0,0,0
2026-10-04T14:10:55Z,paymentservice,shippingservice,0,0,0,0,0,0,0
2026-10-04T14:10:55Z,productcatalogservice,adservice,0,0,0,0,0,0,0
2026-10-04T14:10:55Z,productcatalogservice,cartservice,0,0,0,0,0,0,0
2026-10-04T14:10:55Z,productcatalogservice,checkoutservice,0,0,0,0,0,0,0
2026-10-04T14:10:55Z,productcatalogservice,currencyservice,0,0,0,0,0,0,0
2026-10-04T14:10:55Z,productcatalogservice,emailservice,0,0,0,0,0,0,0
2026-10-04T14:10:55Z,productcatalogservice,frontend,0,0,0,0,0,0,0
2026-10-04T14:10:55Z,productcatalogservice,kubernetes,0,0,0,0,0,0,0
2026-10-04T14:10:55Z,productcatalogservice,paymentservice,0,0,0,0,0,0,0
2026-10-04T14:10:55Z,productcatalogservice,productcatalogservice,0,0,0,0,0,0,0
2026-10-04T14:10:55Z,productcatalogservice,recommendationservice,0,0,0,0,0,0,0
2026-10-04T14:10:55Z,productcatalogservice,redis-cart,0,0,0,0,0,0,0
2026-10-04T14:10:55Z,productcatalogservice,shippingservice,0,0,0,0,0,0,0
2026-10-04T14:10:55Z,recommendationservice,adservice,0,0,0,0,0,0,0
2026-10-04T14:10:55Z,recommendationservice,cartservice,0,0,0,0,0,0,0
2026-10-04T14:10:55Z,recommendationservice,checkoutservice,0,0,0,0,0,0,0
2026-10-04T14:10:55Z,recommendationservice,currencyservice,0,0,0,0,0,0,0
2026-10-04T14:10:55Z,recommendationservice,emailservice,0,0,0,0,0,0,0
2026-10-04T14:10:55Z,recommendationservice,frontend,0,0,0,0,0,0,0
2026-10-04T14:10:55Z,recommendationservice,kubernetes,0,0,0,0,0,0,0
2026-10-04T14:10:55Z,recommendationservice,paymentservice,0,0,0,0,0,0,0
2026-10-04T14:10:55Z,recommendationservice,productcatalogservice,184029,184028,0,0,0,1232979,184002
2026-10-04T14:10:55Z,recommendationservice,recommendationservice,0,0,0,0,0,0,0
2026-10-04T14:10:55Z,recommendationservice,redis-cart,0,0,0,0,0,0,0
2026-10-04T14:10:55Z,recommendationservice,shippingservice,0,0,0,0,0,0,0
2026-10-04T14:10:55Z,redis-cart,adservice,0,0,0,0,0,0,0
2026-10-04T14:10:55Z,redis-cart,cartservice,0,0,0,0,0,0,0
2026-10-04T14:10:55Z,redis-cart,checkoutservice,0,0,0,0,0,0,0
2026-10-04T14:10:55Z,redis-cart,currencyservice,0,0,0,0,0,0,0
2026-10-04T14:10:55Z,redis-cart,emailservice,0,0,0,0,0,0,0
2026-10-04T14:10:55Z,redis-cart,frontend,0,0,0,0,0,0,0
2026-10-04T14:10:55Z,redis-cart,kubernetes,0,0,0,0,0,0,0
2026-10-04T14:10:55Z,redis-cart,paymentservice,0,0,0,0,0,0,0
2026-10-04T14:10:55Z,redis-cart,productcatalogservice,0,0,0,0,0,0,0
2026-10-04T14:10:55Z,redis-cart,recommendationservice,0,0,0,0,0,0,0
2026-10-04T14:10:55Z,redis-cart,redis-cart,0,0,0,0,0,0,0
2026-10-04T14:10:55Z,redis-cart,shippingservice,0,0,0,0,0,0,0
2026-10-04T14:10:55Z,shippingservice,adservice,0,0,0,0,0,0,0
2026-10-04T14:10:55Z,shippingservice,cartservice,0,0,0,0,0,0,0
2026-10-04T14:10:55Z,shippingservice,checkoutservice,0,0,0,0,0,0,0
2026-10-04T14:10:55Z,shippingservice,currencyservice,0,0,0,0,0,0,0
2026-10-04T14:10:55Z,shippingservice,emailservice,0,0,0,0,0,0,0
2026-10-04T14:10:55Z,shippingservice,frontend,0,0,0,0,0,0,0
2026-10-04T14:10:55Z,shippingservice,kubernetes,0,0,0,0,0,0,0
2026-10-04T14:10:55Z,shippingservice,paymentservice,0,0,0,0,0,0,0
2026-10-04T14:10:55Z,shippingservice,productcatalogservice,0,0,0,0,0,0,0
2026-10-04T14:10:55Z,shippingservice,recommendationservice,0,0,0,0,0,0,0
2026-10-04T14:10:55Z,shippingservice,redis-cart,0,0,0,0,0,0,0
2026-10-04T14:10:55Z,shippingservice,shippingservice,0,0,0,0,0,0,0
2026-10-04T14:10:56Z,adservice,adservice,0,0,0,0,0,0,0
2026-10-04T14:10:56Z,adservice,cartservice,0,0,0,0,0,0,0
2026-10-04T14:10:56Z,adservice,checkoutservice,0,0,0,0,0,0,0
2026-10-04T14:10:56Z,adservice,currencyservice,0,0,0,0,0,0,0
2026-10-04T14:10:56Z,adservice,emailservice,0,0,0,0,0,0,0
2026-10-04T14:10:56Z,adservice,frontend,0,0,0,0,0,0,0
2026-10-04T14:10:56Z,adservice,kubernetes,0,0,0,0,0,0,0
2026-10-04T14:10:56Z,adservice,paymentservice,0,0,0,0,0,0,0
2026-10-04T14:10:56Z,adservice,productcatalogservice,0,0,0,0,0,0,0
2026-10-04T14:10:56Z,adservice,recommendationservice,0,0,0,0,0,0,0
2026-10-04T14:10:56Z,adservice,redis-cart,0,0,0,0,0,0,0
2026-10-04T14:10:56Z,adservice,shippingservice,0,0,0,0,0,0,0
2026-10-04T14:10:56Z,cartservice,adservice,0,0,0,0,0,0,0
2026-10-04T14:10:56Z,cartservice,cartservice,0,0,0,0,0,0,0
2026-10-04T14:10:56Z,cartservice,checkoutservice,0,0,0,0,0,0,0
2026-10-04T14:10:56Z,cartservice,currencyservice,0,0,0,0,0,0,0
2026-10-04T14:10:56Z,cartservice,emailservice,0,0,0,0,0,0,0
2026-10-04T14:10:56Z,cartservice,frontend,0,0,0,0,0,0,0
2026-10-04T14:10:56Z,cartservice,kubernetes,0,0,0,0,0,0,0
2026-10-04T14:10:56Z,cartservice,paymentservice,0,0,0,0,0,0,0
2026-10-04T14:10:56Z,cartservice,productcatalogservice,0,0,0,0,0,0,0
2026-10-04T14:10:56Z,cartservice,recommendationservice,0,0,0,0,0,0,0
2026-10-04T14:10:56Z,cartservice,redis-cart,2,0,0,0,0,0,0
2026-10-04T14:10:56Z,cartservice,shippingservice,0,0,0,0,0,0,0
2026-10-04T14:10:56Z,checkoutservice,adservice,0,0,0,0,0,0,0
2026-10-04T14:10:56Z,checkoutservice,cartservice,65025,64094,0,100,0,719583,63785
2026-10-04T14:10:56Z,checkoutservice,checkoutservice,0,0,0,0,0,0,0
2026-10-04T14:10:56Z,checkoutservice,currencyservice,43910,43910,0,0,0,576305,43755
2026-10-04T14:10:56Z,checkoutservice,emailservice,15148,14860,0,66,0,478529,14696
2026-10-04T14:10:56Z,checkoutservice,frontend,0,0,0,0,0,0,0
2026-10-04T14:10:56Z,checkoutservice,kubernetes,0,0,0,0,0,0,0
2026-10-04T14:10:56Z,checkoutservice,paymentservice,37176,35328,0,192,0,445920,35025
2026-10-04T14:10:56Z,checkoutservice,productcatalogservice,0,0,0,0,0,0,0
2026-10-04T14:10:56Z,checkoutservice,recommendationservice,0,0,0,0,0,0,0
2026-10-04T14:10:56Z,checkoutservice,redis-cart,0,0,0,0,0,0,0
2026-10-04T14:10:56Z,checkoutservice,shippingservice,70336,68233,0,154,0,521553,67922
2026-10-04T14:10:56Z,currencyservice,adservice,0,0,0,0,0,0,0
2026-10-04T14:10:56Z,currencyservice,cartservice,0,0,0,0,0,0,0
2026-10-04T14:10:56Z,currencyservice,checkoutservice,0,0,0,0,0,0,0
2026-10-04T14:10:56Z,currencyservice,currencyservice,0,0,0,0,0,0,0
2026-10-04T14:10:56Z,currencyservice,emailservice,0,0,0,0,0,0,0
2026-10-04T14:10:56Z,currencyservice,frontend,0,0,0,0,0,0,0
2026-10-04T14:10:56Z,currencyservice,kubernetes,0,0,0,0,0,0,0
2026-10-04T14:10:56Z,currencyservice,paymentservice,0,0,0,0,0,0,0
2026-10-04T14:10:56Z,currencyservice,productcatalogservice,0,0,0,0,0,0,0
2026-10-04T14:10:56Z,currencyservice,recommendationservice,0,0,0,0,0,0,0
2026-10-04T14:10:56Z,currencyservice,redis-cart,0,0,0,0,0,0,0
2026-10-04T14:10:56Z,currencyservice,shippingservice,0,0,0,0,0,0,0
2026-10-04T14:10:56Z,emailservice,adservice,0,0,0,0,0,0,0
2026-10-04T14:10:56Z,emailservice,cartservice,0,0,0,0,0,0,0
2026-10-04T14:10:56Z,emailservice,checkoutservice,0,0,0,0,0,0,0
2026-10-04T14:10:56Z,emailservice,currencyservice,0,0,0,0,0,0,0
2026-10-04T14:10:56Z,emailservice,emailservice,0,0,0,0,0,0,0
2026-10-04T14:10:56Z,emailservice,frontend,0,0,0,0,0,0,0
2026-10-04T14:10:56Z,emailservice,kubernetes,0,0,0,0,0,0,0
2026-10-04T14:10:56Z,emailservice,paymentservice,0,0,0,0,0,0,0
2026-10-04T14:10:56Z,emailservice,productcatalogservice,0,0,0,0,0,0,0
2026-10-04T14:10:56Z,emailservice,recommendationservice,0,0,0,0,0,0,0
2026-10-04T14:10:56Z,emailservice,redis-cart,0,0,0,0,0,0,0
2026-10-04T14:10:56Z,emailservice,shippingservice,0,0,0,0,0,0,0
2026-10-04T14:10:56Z,frontend,adservice,855858,855854,0,0,0,2578165,855589
2026-10-04T14:10:56Z,frontend,cartservice,1912966,1912950,0,0,4,10566787,1911921
2026-10-04T14:10:56Z,frontend,checkoutservice,402904,192935,0,40061,169946,63039804,192845
2026-10-04T14:10:56Z,frontend,currencyservice,3039566,3039553,0,0,0,15971745,3038012
2026-10-04T14:10:56Z,frontend,emailservice,0,0,0,0,0,0,0
2026-10-04T14:10:56Z,frontend,frontend,0,0,0,0,0,0,0
2026-10-04T14:10:56Z,frontend,kubernetes,0,0,0,0,0,0,0
2026-10-04T14:10:56Z,frontend,paymentservice,0,0,0,0,0,0,0
2026-10-04T14:10:56Z,frontend,productcatalogservice,8504127,8504056,0,0,0,58013045,8500977
2026-10-04T14:10:56Z,frontend,recommendationservice,2792766,1688775,0,116285,985144,848606636,1687848
2026-10-04T14:10:56Z,frontend,redis-cart,0,0,0,0,0,0,0
2026-10-04T14:10:56Z,frontend,shippingservice,313736,313733,0,0,0,948611,313636
2026-10-04T14:10:56Z,paymentservice,adservice,0,0,0,0,0,0,0
2026-10-04T14:10:56Z,paymentservice,cartservice,0,0,0,0,0,0,0
2026-10-04T14:10:56Z,paymentservice,checkoutservice,0,0,0,0,0,0,0
2026-10-04T14:10:56Z,paymentservice,currencyservice,0,0,0,0,0,0,0
2026-10-04T14:10:56Z,paymentservice,emailservice,0,0,0,0,0,0,0
2026-10-04T14:10:56Z,paymentservice,frontend,0,0,0,0,0,0,0
2026-10-04T14:10:56Z,paymentservice,kubernetes,0,0,0,0,0,0,0
2026-10-04T14:10:56Z,paymentservice,paymentservice,0,0,0,0,0,0,0
2026-10-04T14:10:56Z,paymentservice,productcatalogservice,0,0,0,0,0,0,0
2026-10-04T14:10:56Z,paymentservice,recommendationservice,0,0,0,0,0,0,0
2026-10-04T14:10:56Z,paymentservice,redis-cart,0,0,0,0,0,0,0
2026-10-04T14:10:56Z,paymentservice,shippingservice,0,0,0,0,0,0,0
2026-10-04T14:10:56Z,productcatalogservice,adservice,0,0,0,0,0,0,0
2026-10-04T14:10:56Z,productcatalogservice,cartservice,0,0,0,0,0,0,0
2026-10-04T14:10:56Z,productcatalogservice,checkoutservice,0,0,0,0,0,0,0
2026-10-04T14:10:56Z,productcatalogservice,currencyservice,0,0,0,0,0,0,0
2026-10-04T14:10:56Z,productcatalogservice,emailservice,0,0,0,0,0,0,0
2026-10-04T14:10:56Z,productcatalogservice,frontend,0,0,0,0,0,0,0
2026-10-04T14:10:56Z,productcatalogservice,kubernetes,0,0,0,0,0,0,0
2026-10-04T14:10:56Z,productcatalogservice,paymentservice,0,0,0,0,0,0,0
2026-10-04T14:10:56Z,productcatalogservice,productcatalogservice,0,0,0,0,0,0,0
2026-10-04T14:10:56Z,productcatalogservice,recommendationservice,0,0,0,0,0,0,0
2026-10-04T14:10:56Z,productcatalogservice,redis-cart,0,0,0,0,0,0,0
2026-10-04T14:10:56Z,productcatalogservice,shippingservice,0,0,0,0,0,0,0
2026-10-04T14:10:56Z,recommendationservice,adservice,0,0,0,0,0,0,0
2026-10-04T14:10:56Z,recommendationservice,cartservice,0,0,0,0,0,0,0
2026-10-04T14:10:56Z,recommendationservice,checkoutservice,0,0,0,0,0,0,0
2026-10-04T14:10:56Z,recommendationservice,currencyservice,0,0,0,0,0,0,0
2026-10-04T14:10:56Z,recommendationservice,emailservice,0,0,0,0,0,0,0
2026-10-04T14:10:56Z,recommendationservice,frontend,0,0,0,0,0,0,0
2026-10-04T14:10:56Z,recommendationservice,kubernetes,0,0,0,0,0,0,0
2026-10-04T14:10:56Z,recommendationservice,paymentservice,0,0,0,0,0,0,0
2026-10-04T14:10:56Z,recommendationservice,productcatalogservice,184435,184434,0,0,0,1232979,184002
2026-10-04T14:10:56Z,recommendationservice,recommendationservice,0,0,0,0,0,0,0
2026-10-04T14:10:56Z,recommendationservice,redis-cart,0,0,0,0,0,0,0
2026-10-04T14:10:56Z,recommendationservice,shippingservice,0,0,0,0,0,0,0
2026-10-04T14:10:56Z,redis-cart,adservice,0,0,0,0,0,0,0
2026-10-04T14:10:56Z,redis-cart,cartservice,0,0,0,0,0,0,0
2026-10-04T14:10:56Z,redis-cart,checkoutservice,0,0,0,0,0,0,0
2026-10-04T14:10:56Z,redis-cart,currencyservice,0,0,0,0,0,0,0
2026-10-04T14:10:56Z,redis-cart,emailservice,0,0,0,0,0,0,0
2026-10-04T14:10:56Z,redis-cart,frontend,0,0,0,0,0,0,0
2026-10-04T14:10:56Z,redis-cart,kubernetes,0,0,0,0,0,0,0
2026-10-04T14:10:56Z,redis-cart,paymentservice,0,0,0,0,0,0,0
2026-10-04T14:10:56Z,redis-cart,productcatalogservice,0,0,0,0,0,0,0
2026-10-04T14:10:56Z,redis-cart,recommendationservice,0,0,0,0,0,0,0
2026-10-04T14:10:56Z,redis-cart,redis-cart,0,0,0,0,0,0,0
2026-10-04T14:10:56Z,redis-cart,shippingservice,0,0,0,0,0,0,0
2026-10-04T14:10:56Z,shippingservice,adservice,0,0,0,0,0,0,0
2026-10-04T14:10:56Z,shippingservice,cartservice,0,0,0,0,0,0,0
2026-10-04T14:10:56Z,shippingservice,checkoutservice,0,0,0,0,0,0,0
2026-10-04T14:10:56Z,shippingservice,currencyservice,0,0,0,0,0,0,0
2026-10-04T14:10:56Z,shippingservice,emailservice,0,0,0,0,0,0,0
2026-10-04T14:10:56Z,shippingservice,frontend,0,0,0,0,0,0,0
2026-10-04T14:10:56Z,shippingservice,kubernetes,0,0,0,0,0,0,0
2026-10-04T14:10:56Z,shippingservice,paymentservice,0,0,0,0,0,0,0
2026-10-04T14:10:56Z,shippingservice,productcatalogservice,0,0,0,0,0,0,0
2026-10-04T14:10:56Z,shippingservice,recommendationservice,0,0,0,0,0,0,0
2026-10-04T14:10:56Z,shippingservice,redis-cart,0,0,0,0,0,0,0
2026-10-04T14:10:56Z,shippingservice,shippingservice,0,0,0,0,0,0,0
2026-10-04T14:10:57Z,adservice,adservice,0,0,0,0,0,0,0
2026-10-04T14:10:57Z,adservice,cartservice,0,0,0,0,0,0,0
2026-10-04T14:10:57Z,adservice,checkoutservice,0,0,0,0,0,0,0
2026-10-04T14:10:57Z,adservice,currencyservice,0,0,0,0,0,0,0
2026-10-04T14:10:57Z,adservice,emailservice,0,0,0,0,0,0,0
2026-10-04T14:10:57Z,adservice,frontend,0,0,0,0,0,0,0
2026-10-04T14:10:57Z,adservice,kubernetes,0,0,0,0,0,0,0
2026-10-04T14:10:57Z,adservice,paymentservice,0,0,0,0,0,0,0
2026-10-04T14:10:57Z,adservice,productcatalogservice,0,0,0,0,0,0,0
2026-10-04T14:10:57Z,adservice,recommendationservice,0,0,0,0,0,0,0
2026-10-04T14:10:57Z,adservice,redis-cart,0,0,0,0,0,0,0
2026-10-04T14:10:57Z,adservice,shippingservice,0,0,0,0,0,0,0
2026-10-04T14:10:57Z,cartservice,adservice,0,0,0,0,0,0,0
2026-10-04T14:10:57Z,cartservice,cartservice,0,0,0,0,0,0,0
2026-10-04T14:10:57Z,cartservice,checkoutservice,0,0,0,0,0,0,0
2026-10-04T14:10:57Z,cartservice,currencyservice,0,0,0,0,0,0,0
2026-10-04T14:10:57Z,cartservice,emailservice,0,0,0,0,0,0,0
2026-10-04T14:10:57Z,cartservice,frontend,0,0,0,0,0,0,0
2026-10-04T14:10:57Z,cartservice,kubernetes,0,0,0,0,0,0,0
2026-10-04T14:10:57Z,cartservice,paymentservice,0,0,0,0,0,0,0
2026-10-04T14:10:57Z,cartservice,productcatalogservice,0,0,0,0,0,0,0
2026-10-04T14:10:57Z,cartservice,recommendationservice,0,0,0,0,0,0,0
2026-10-04T14:10:57Z,cartservice,redis-cart,2,0,0,0,0,0,0
2026-10-04T14:10:57Z,cartservice,shippingservice,0,0,0,0,0,0,0
2026-10-04T14:10:57Z,checkoutservice,adservice,0,0,0,0,0,0,0
2026-10-04T14:10:57Z,checkoutservice,cartservice,65111,64180,0,100,0,721297,64178
2026-10-04T14:10:57Z,checkoutservice,checkoutservice,0,0,0,0,0,0,0
2026-10-04T14:10:57Z,checkoutservice,currencyservice,43953,43953,0,0,0,577165,43953
2026-10-04T14:10:57Z,checkoutservice,emailservice,15191,14903,0,66,0,483050,14902
2026-10-04T14:10:57Z,checkoutservice,frontend,0,0,0,0,0,0,0
2026-10-04T14:10:57Z,checkoutservice,kubernetes,0,0,0,0,0,0,0
2026-10-04T14:10:57Z,checkoutservice,paymentservice,37219,35371,0,192,0,446542,35223
2026-10-04T14:10:57Z,checkoutservice,productcatalogservice,0,0,0,0,0,0,0
2026-10-04T14:10:57Z,checkoutservice,recommendationservice,0,0,0,0,0,0,0
2026-10-04T14:10:57Z,checkoutservice,redis-cart,0,0,0,0,0,0,0
2026-10-04T14:10:57Z,checkoutservice,shippingservice,70422,68319,0,154,0,522368,68317
2026-10-04T14:10:57Z,currencyservice,adservice,0,0,0,0,0,0,0
2026-10-04T14:10:57Z,currencyservice,cartservice,0,0,0,0,0,0,0
2026-10-04T14:10:57Z,currencyservice,checkoutservice,0,0,0,0,0,0,0
2026-10-04T14:10:57Z,currencyservice,currencyservice,0,0,0,0,0,0,0
2026-10-04T14:10:57Z,currencyservice,emailservice,0,0,0,0,0,0,0
2026-10-04T14:10:57Z,currencyservice,frontend,0,0,0,0,0,0,0
2026-10-04T14:10:57Z,currencyservice,kubernetes,0,0,0,0,0,0,0
2026-10-04T14:10:57Z,currencyservice,paymentservice,0,0,0,0,0,0,0
2026-10-04T14:10:57Z,currencyservice,productcatalogservice,0,0,0,0,0,0,0
2026-10-04T14:10:57Z,currencyservice,recommendationservice,0,0,0,0,0,0,0
2026-10-04T14:10:57Z,currencyservice,redis-cart,0,0,0,0,0,0,0
2026-10-04T14:10:57Z,currencyservice,shippingservice,0,0,0,0,0,0,0
2026-10-04T14:10:57Z,emailservice,adservice,0,0,0,0,0,0,0
2026-10-04T14:10:57Z,emailservice,cartservice,0,0,0,0,0,0,0
2026-10-04T14:10:57Z,emailservice,checkoutservice,0,0,0,0,0,0,0
2026-10-04T14:10:57Z,emailservice,currencyservice,0,0,0,0,0,0,0
2026-10-04T14:10:57Z,emailservice,emailservice,0,0,0,0,0,0,0
2026-10-04T14:10:57Z,emailservice,frontend,0,0,0,0,0,0,0
2026-10-04T14:10:57Z,emailservice,kubernetes,0,0,0,0,0,0,0
2026-10-04T14:10:57Z,emailservice,paymentservice,0,0,0,0,0,0,0
2026-10-04T14:10:57Z,emailservice,productcatalogservice,0,0,0,0,0,0,0
2026-10-04T14:10:57Z,emailservice,recommendationservice,0,0,0,0,0,0,0
2026-10-04T14:10:57Z,emailservice,redis-cart,0,0,0,0,0,0,0
2026-10-04T14:10:57Z,emailservice,shippingservice,0,0,0,0,0,0,0
2026-10-04T14:10:57Z,frontend,adservice,855976,855974,0,0,0,2578165,855589
2026-10-04T14:10:57Z,frontend,cartservice,1913341,1913328,0,0,4,10566787,1911921
2026-10-04T14:10:57Z,frontend,checkoutservice,402955,192976,0,40061,169946,63039804,192845
2026-10-04T14:10:57Z,frontend,currencyservice,3040146,3040138,0,0,0,15971745,3038012
2026-10-04T14:10:57Z,frontend,emailservice,0,0,0,0,0,0,0
2026-10-04T14:10:57Z,frontend,frontend,0,0,0,0,0,0,0
2026-10-04T14:10:57Z,frontend,kubernetes,0,0,0,0,0,0,0
2026-10-04T14:10:57Z,frontend,paymentservice,0,0,0,0,0,0,0
2026-10-04T14:10:57Z,frontend,productcatalogservice,8505518,8505449,0,0,0,58013045,8500977
2026-10-04T14:10:57Z,frontend,recommendationservice,2793515,1689103,0,116338,985521,848606636,1687848
2026-10-04T14:10:57Z,frontend,redis-cart,0,0,0,0,0,0,0
2026-10-04T14:10:57Z,frontend,shippingservice,313786,313784,0,0,0,948611,313636
2026-10-04T14:10:57Z,paymentservice,adservice,0,0,0,0,0,0,0
2026-10-04T14:10:57Z,paymentservice,cartservice,0,0,0,0,0,0,0
2026-10-04T14:10:57Z,paymentservice,checkoutservice,0,0,0,0,0,0,0
2026-10-04T14:10:57Z,paymentservice,currencyservice,0,0,0,0,0,0,0
2026-10-04T14:10:57Z,paymentservice,emailservice,0,0,0,0,0,0,0
2026-10-04T14:10:57Z,paymentservice,frontend,0,0,0,0,0,0,0
2026-10-04T14:10:57Z,paymentservice,kubernetes,0,0,0,0,0,0,0
2026-10-04T14:10:57Z,paymentservice,paymentservice,0,0,0,0,0,0,0
2026-10-04T14:10:57Z,paymentservice,productcatalogservice,0,0,0,0,0,0,0
2026-10-04T14:10:57Z,paymentservice,recommendationservice,0,0,0,0,0,0,0
2026-10-04T14:10:57Z,paymentservice,redis-cart,0,0,0,0,0,0,0
2026-10-04T14:10:57Z,paymentservice,shippingservice,0,0,0,0,0,0,0
2026-10-04T14:10:57Z,productcatalogservice,adservice,0,0,0,0,0,0,0
2026-10-04T14:10:57Z,productcatalogservice,cartservice,0,0,0,0,0,0,0
2026-10-04T14:10:57Z,productcatalogservice,checkoutservice,0,0,0,0,0,0,0
2026-10-04T14:10:57Z,productcatalogservice,currencyservice,0,0,0,0,0,0,0
2026-10-04T14:10:57Z,productcatalogservice,emailservice,0,0,0,0,0,0,0
2026-10-04T14:10:57Z,productcatalogservice,frontend,0,0,0,0,0,0,0
2026-10-04T14:10:57Z,productcatalogservice,kubernetes,0,0,0,0,0,0,0
2026-10-04T14:10:57Z,productcatalogservice,paymentservice,0,0,0,0,0,0,0
2026-10-04T14:10:57Z,productcatalogservice,productcatalogservice,0,0,0,0,0,0,0
2026-10-04T14:10:57Z,productcatalogservice,recommendationservice,0,0,0,0,0,0,0
2026-10-04T14:10:57Z,productcatalogservice,redis-cart,0,0,0,0,0,0,0
2026-10-04T14:10:57Z,productcatalogservice,shippingservice,0,0,0,0,0,0,0
2026-10-04T14:10:57Z,recommendationservice,adservice,0,0,0,0,0,0,0
2026-10-04T14:10:57Z,recommendationservice,cartservice,0,0,0,0,0,0,0
2026-10-04T14:10:57Z,recommendationservice,checkoutservice,0,0,0,0,0,0,0
2026-10-04T14:10:57Z,recommendationservice,currencyservice,0,0,0,0,0,0,0
2026-10-04T14:10:57Z,recommendationservice,emailservice,0,0,0,0,0,0,0
2026-10-04T14:10:57Z,recommendationservice,frontend,0,0,0,0,0,0,0
2026-10-04T14:10:57Z,recommendationservice,kubernetes,0,0,0,0,0,0,0
2026-10-04T14:10:57Z,recommendationservice,paymentservice,0,0,0,0,0,0,0
2026-10-04T14:10:57Z,recommendationservice,productcatalogservice,184862,184855,0,0,0,1232979,184002
2026-10-04T14:10:57Z,recommendationservice,recommendationservice,0,0,0,0,0,0,0
2026-10-04T14:10:57Z,recommendationservice,redis-cart,0,0,0,0,0,0,0
2026-10-04T14:10:57Z,recommendationservice,shippingservice,0,0,0,0,0,0,0
2026-10-04T14:10:57Z,redis-cart,adservice,0,0,0,0,0,0,0
2026-10-04T14:10:57Z,redis-cart,cartservice,0,0,0,0,0,0,0
2026-10-04T14:10:57Z,redis-cart,checkoutservice,0,0,0,0,0,0,0
2026-10-04T14:10:57Z,redis-cart,currencyservice,0,0,0,0,0,0,0
2026-10-04T14:10:57Z,redis-cart,emailservice,0,0,0,0,0,0,0
2026-10-04T14:10:57Z,redis-cart,frontend,0,0,0,0,0,0,0
2026-10-04T14:10:57Z,redis-cart,kubernetes,0,0,0,0,0,0,0
2026-10-04T14:10:57Z,redis-cart,paymentservice,0,0,0,0,0,0,0
2026-10-04T14:10:57Z,redis-cart,productcatalogservice,0,0,0,0,0,0,0
2026-10-04T14:10:57Z,redis-cart,recommendationservice,0,0,0,0,0,0,0
2026-10-04T14:10:57Z,redis-cart,redis-cart,0,0,0,0,0,0,0
2026-10-04T14:10:57Z,redis-cart,shippingservice,0,0,0,0,0,0,0
2026-10-04T14:10:57Z,shippingservice,adservice,0,0,0,0,0,0,0
2026-10-04T14:10:57Z,shippingservice,cartservice,0,0,0,0,0,0,0
2026-10-04T14:10:57Z,shippingservice,checkoutservice,0,0,0,0,0,0,0
2026-10-04T14:10:57Z,shippingservice,currencyservice,0,0,0,0,0,0,0
2026-10-04T14:10:57Z,shippingservice,emailservice,0,0,0,0,0,0,0
2026-10-04T14:10:57Z,shippingservice,frontend,0,0,0,0,0,0,0
2026-10-04T14:10:57Z,shippingservice,kubernetes,0,0,0,0,0,0,0
2026-10-04T14:10:57Z,shippingservice,paymentservice,0,0,0,0,0,0,0
2026-10-04T14:10:57Z,shippingservice,productcatalogservice,0,0,0,0,0,0,0
2026-10-04T14:10:57Z,shippingservice,recommendationservice,0,0,0,0,0,0,0
2026-10-04T14:10:57Z,shippingservice,redis-cart,0,0,0,0,0,0,0
2026-10-04T14:10:57Z,shippingservice,shippingservice,0,0,0,0,0,0,0
2026-10-04T14:10:58Z,adservice,adservice,0,0,0,0,0,0,0
2026-10-04T14:10:58Z,adservice,cartservice,0,0,0,0,0,0,0
2026-10-04T14:10:58Z,adservice,checkoutservice,0,0,0,0,0,0,0
2026-10-04T14:10:58Z,adservice,currencyservice,0,0,0,0,0,0,0
2026-10-04T14:10:58Z,adservice,emailservice,0,0,0,0,0,0,0
2026-10-04T14:10:58Z,adservice,frontend,0,0,0,0,0,0,0
2026-10-04T14:10:58Z,adservice,kubernetes,0,0,0,0,0,0,0
2026-10-04T14:10:58Z,adservice,paymentservice,0,0,0,0,0,0,0
2026-10-04T14:10:58Z,adservice,productcatalogservice,0,0,0,0,0,0,0
2026-10-04T14:10:58Z,adservice,recommendationservice,0,0,0,0,0,0,0
2026-10-04T14:10:58Z,adservice,redis-cart,0,0,0,0,0,0,0
2026-10-04T14:10:58Z,adservice,shippingservice,0,0,0,0,0,0,0
2026-10-04T14:10:58Z,cartservice,adservice,0,0,0,0,0,0,0
2026-10-04T14:10:58Z,cartservice,cartservice,0,0,0,0,0,0,0
2026-10-04T14:10:58Z,cartservice,checkoutservice,0,0,0,0,0,0,0
2026-10-04T14:10:58Z,cartservice,currencyservice,0,0,0,0,0,0,0
2026-10-04T14:10:58Z,cartservice,emailservice,0,0,0,0,0,0,0
2026-10-04T14:10:58Z,cartservice,frontend,0,0,0,0,0,0,0
2026-10-04T14:10:58Z,cartservice,kubernetes,0,0,0,0,0,0,0
2026-10-04T14:10:58Z,cartservice,paymentservice,0,0,0,0,0,0,0
2026-10-04T14:10:58Z,cartservice,productcatalogservice,0,0,0,0,0,0,0
2026-10-04T14:10:58Z,cartservice,recommendationservice,0,0,0,0,0,0,0
2026-10-04T14:10:58Z,cartservice,redis-cart,2,0,0,0,0,0,0
2026-10-04T14:10:58Z,cartservice,shippingservice,0,0,0,0,0,0,0
2026-10-04T14:10:58Z,checkoutservice,adservice,0,0,0,0,0,0,0
2026-10-04T14:10:58Z,checkoutservice,cartservice,65231,64300,0,100,0,721297,64178
2026-10-04T14:10:58Z,checkoutservice,checkoutservice,0,0,0,0,0,0,0
2026-10-04T14:10:58Z,checkoutservice,currencyservice,44013,44013,0,0,0,577165,43953
2026-10-04T14:10:58Z,checkoutservice,emailservice,15251,14963,0,66,0,483050,14902
2026-10-04T14:10:58Z,checkoutservice,frontend,0,0,0,0,0,0,0
2026-10-04T14:10:58Z,checkoutservice,kubernetes,0,0,0,0,0,0,0
2026-10-04T14:10:58Z,checkoutservice,paymentservice,37279,35431,0,192,0,446542,35223
2026-10-04T14:10:58Z,checkoutservice,productcatalogservice,0,0,0,0,0,0,0
2026-10-04T14:10:58Z,checkoutservice,recommendationservice,0,0,0,0,0,0,0
2026-10-04T14:10:58Z,checkoutservice,redis-cart,0,0,0,0,0,0,0
2026-10-04T14:10:58Z,checkoutservice,shippingservice,70542,68439,0,154,0,522368,68317
2026-10-04T14:10:58Z,currencyservice,adservice,0,0,0,0,0,0,0
2026-10-04T14:10:58Z,currencyservice,cartservice,0,0,0,0,0,0,0
2026-10-04T14:10:58Z,currencyservice,checkoutservice,0,0,0,0,0,0,0
2026-10-04T14:10:58Z,currencyservice,currencyservice,0,0,0,0,0,0,0
2026-10-04T14:10:58Z,currencyservice,emailservice,0,0,0,0,0,0,0
2026-10-04T14:10:58Z,currencyservice,frontend,0,0,0,0,0,0,0
2026-10-04T14:10:58Z,currencyservice,kubernetes,0,0,0,0,0,0,0
2026-10-04T14:10:58Z,currencyservice,paymentservice,0,0,0,0,0,0,0
2026-10-04T14:10:58Z,currencyservice,productcatalogservice,0,0,0,0,0,0,0
2026-10-04T14:10:58Z,currencyservice,recommendationservice,0,0,0,0,0,0,0
2026-10-04T14:10:58Z,currencyservice,redis-cart,0,0,0,0,0,0,0
2026-10-04T14:10:58Z,currencyservice,shippingservice,0,0,0,0,0,0,0
2026-10-04T14:10:58Z,emailservice,adservice,0,0,0,0,0,0,0
2026-10-04T14:10:58Z,emailservice,cartservice,0,0,0,0,0,0,0
2026-10-04T14:10:58Z,emailservice,checkoutservice,0,0,0,0,0,0,0
2026-10-04T14:10:58Z,emailservice,currencyservice,0,0,0,0,0,0,0
2026-10-04T14:10:58Z,emailservice,emailservice,0,0,0,0,0,0,0
2026-10-04T14:10:58Z,emailservice,frontend,0,0,0,0,0,0,0
2026-10-04T14:10:58Z,emailservice,kubernetes,0,0,0,0,0,0,0
2026-10-04T14:10:58Z,emailservice,paymentservice,0,0,0,0,0,0,0
2026-10-04T14:10:58Z,emailservice,productcatalogservice,0,0,0,0,0,0,0
2026-10-04T14:10:58Z,emailservice,recommendationservice,0,0,0,0,0,0,0
2026-10-04T14:10:58Z,emailservice,redis-cart,0,0,0,0,0,0,0
2026-10-04T14:10:58Z,emailservice,shippingservice,0,0,0,0,0,0,0
2026-10-04T14:10:58Z,frontend,adservice,856099,856097,0,0,0,2578450,855714
2026-10-04T14:10:58Z,frontend,cartservice,1913716,1913702,0,0,4,10569088,1912429
2026-10-04T14:10:58Z,frontend,checkoutservice,403008,193037,0,40061,169946,63044053,192884
2026-10-04T14:10:58Z,frontend,currencyservice,3040736,3040726,0,0,0,15974421,3038757
2026-10-04T14:10:58Z,frontend,emailservice,0,0,0,0,0,0,0
2026-10-04T14:10:58Z,frontend,frontend,0,0,0,0,0,0,0
2026-10-04T14:10:58Z,frontend,kubernetes,0,0,0,0,0,0,0
2026-10-04T14:10:58Z,frontend,paymentservice,0,0,0,0,0,0,0
2026-10-04T14:10:58Z,frontend,productcatalogservice,8506920,8506851,0,0,0,58022470,8502429
2026-10-04T14:10:58Z,frontend,recommendationservice,2794241,1689439,0,116384,985881,848987426,1688310
2026-10-04T14:10:58Z,frontend,redis-cart,0,0,0,0,0,0,0
2026-10-04T14:10:58Z,frontend,shippingservice,313832,313830,0,0,0,948701,313680
2026-10-04T14:10:58Z,paymentservice,adservice,0,0,0,0,0,0,0
2026-10-04T14:10:58Z,paymentservice,cartservice,0,0,0,0,0,0,0
2026-10-04T14:10:58Z,paymentservice,checkoutservice,0,0,0,0,0,0,0
2026-10-04T14:10:58Z,paymentservice,currencyservice,0,0,0,0,0,0,0
2026-10-04T14:10:58Z,paymentservice,emailservice,0,0,0,0,0,0,0
2026-10-04T14:10:58Z,paymentservice,frontend,0,0,0,0,0,0,0
2026-10-04T14:10:58Z,paymentservice,kubernetes,0,0,0,0,0,0,0
2026-10-04T14:10:58Z,paymentservice,paymentservice,0,0,0,0,0,0,0
2026-10-04T14:10:58Z,paymentservice,productcatalogservice,0,0,0,0,0,0,0
2026-10-04T14:10:58Z,paymentservice,recommendationservice,0,0,0,0,0,0,0
2026-10-04T14:10:58Z,paymentservice,redis-cart,0,0,0,0,0,0,0
2026-10-04T14:10:58Z,paymentservice,shippingservice,0,0,0,0,0,0,0
2026-10-04T14:10:58Z,productcatalogservice,adservice,0,0,0,0,0,0,0
2026-10-04T14:10:58Z,productcatalogservice,cartservice,0,0,0,0,0,0,0
2026-10-04T14:10:58Z,productcatalogservice,checkoutservice,0,0,0,0,0,0,0
2026-10-04T14:10:58Z,productcatalogservice,currencyservice,0,0,0,0,0,0,0
2026-10-04T14:10:58Z,productcatalogservice,emailservice,0,0,0,0,0,0,0
2026-10-04T14:10:58Z,productcatalogservice,frontend,0,0,0,0,0,0,0
2026-10-04T14:10:58Z,productcatalogservice,kubernetes,0,0,0,0,0,0,0
2026-10-04T14:10:58Z,productcatalogservice,paymentservice,0,0,0,0,0,0,0
2026-10-04T14:10:58Z,productcatalogservice,productcatalogservice,0,0,0,0,0,0,0
2026-10-04T14:10:58Z,productcatalogservice,recommendationservice,0,0,0,0,0,0,0
2026-10-04T14:10:58Z,productcatalogservice,redis-cart,0,0,0,0,0,0,0
2026-10-04T14:10:58Z,productcatalogservice,shippingservice,0,0,0,0,0,0,0
2026-10-04T14:10:58Z,recommendationservice,adservice,0,0,0,0,0,0,0
2026-10-04T14:10:58Z,recommendationservice,cartservice,0,0,0,0,0,0,0
2026-10-04T14:10:58Z,recommendationservice,checkoutservice,0,0,0,0,0,0,0
2026-10-04T14:10:58Z,recommendationservice,currencyservice,0,0,0,0,0,0,0
2026-10-04T14:10:58Z,recommendationservice,emailservice,0,0,0,0,0,0,0
2026-10-04T14:10:58Z,recommendationservice,frontend,0,0,0,0,0,0,0
2026-10-04T14:10:58Z,recommendationservice,kubernetes,0,0,0,0,0,0,0
2026-10-04T14:10:58Z,recommendationservice,paymentservice,0,0,0,0,0,0,0
2026-10-04T14:10:58Z,recommendationservice,productcatalogservice,185252,185252,0,0,0,1232979,184002
2026-10-04T14:10:58Z,recommendationservice,recommendationservice,0,0,0,0,0,0,0
2026-10-04T14:10:58Z,recommendationservice,redis-cart,0,0,0,0,0,0,0
2026-10-04T14:10:58Z,recommendationservice,shippingservice,0,0,0,0,0,0,0
2026-10-04T14:10:58Z,redis-cart,adservice,0,0,0,0,0,0,0
2026-10-04T14:10:58Z,redis-cart,cartservice,0,0,0,0,0,0,0
2026-10-04T14:10:58Z,redis-cart,checkoutservice,0,0,0,0,0,0,0
2026-10-04T14:10:58Z,redis-cart,currencyservice,0,0,0,0,0,0,0
2026-10-04T14:10:58Z,redis-cart,emailservice,0,0,0,0,0,0,0
2026-10-04T14:10:58Z,redis-cart,frontend,0,0,0,0,0,0,0
2026-10-04T14:10:58Z,redis-cart,kubernetes,0,0,0,0,0,0,0
2026-10-04T14:10:58Z,redis-cart,paymentservice,0,0,0,0,0,0,0
2026-10-04T14:10:58Z,redis-cart,productcatalogservice,0,0,0,0,0,0,0
2026-10-04T14:10:58Z,redis-cart,recommendationservice,0,0,0,0,0,0,0
2026-10-04T14:10:58Z,redis-cart,redis-cart,0,0,0,0,0,0,0
2026-10-04T14:10:58Z,redis-cart,shippingservice,0,0,0,0,0,0,0
2026-10-04T14:10:58Z,shippingservice,adservice,0,0,0,0,0,0,0
2026-10-04T14:10:58Z,shippingservice,cartservice,0,0,0,0,0,0,0
2026-10-04T14:10:58Z,shippingservice,checkoutservice,0,0,0,0,0,0,0
2026-10-04T14:10:58Z,shippingservice,currencyservice,0,0,0,0,0,0,0
2026-10-04T14:10:58Z,shippingservice,emailservice,0,0,0,0,0,0,0
2026-10-04T14:10:58Z,shippingservice,frontend,0,0,0,0,0,0,0
2026-10-04T14:10:58Z,shippingservice,kubernetes,0,0,0,0,0,0,0
2026-10-04T14:10:58Z,shippingservice,paymentservice,0,0,0,0,0,0,0
2026-10-04T14:10:58Z,shippingservice,productcatalogservice,0,0,0,0,0,0,0
2026-10-04T14:10:58Z,shippingservice,recommendationservice,0,0,0,0,0,0,0
2026-10-04T14:10:58Z,shippingservice,redis-cart,0,0,0,0,0,0,0
2026-10-04T14:10:58Z,shippingservice,shippingservice,0,0,0,0,0,0,0
2026-10-04T14:10:59Z,adservice,adservice,0,0,0,0,0,0,0
2026-10-04T14:10:59Z,adservice,cartservice,0,0,0,0,0,0,0
2026-10-04T14:10:59Z,adservice,checkoutservice,0,0,0,0,0,0,0
2026-10-04T14:10:59Z,adservice,currencyservice,0,0,0,0,0,0,0
2026-10-04T14:10:59Z,adservice,emailservice,0,0,0,0,0,0,0
2026-10-04T14:10:59Z,adservice,frontend,0,0,0,0,0,0,0
2026-10-04T14:10:59Z,adservice,kubernetes,0,0,0,0,0,0,0
2026-10-04T14:10:59Z,adservice,paymentservice,0,0,0,0,0,0,0
2026-10-04T14:10:59Z,adservice,productcatalogservice,0,0,0,0,0,0,0
2026-10-04T14:10:59Z,adservice,recommendationservice,0,0,0,0,0,0,0
2026-10-04T14:10:59Z,adservice,redis-cart,0,0,0,0,0,0,0
2026-10-04T14:10:59Z,adservice,shippingservice,0,0,0,0,0,0,0
2026-10-04T14:10:59Z,cartservice,adservice,0,0,0,0,0,0,0
2026-10-04T14:10:59Z,cartservice,cartservice,0,0,0,0,0,0,0
2026-10-04T14:10:59Z,cartservice,checkoutservice,0,0,0,0,0,0,0
2026-10-04T14:10:59Z,cartservice,currencyservice,0,0,0,0,0,0,0
2026-10-04T14:10:59Z,cartservice,emailservice,0,0,0,0,0,0,0
2026-10-04T14:10:59Z,cartservice,frontend,0,0,0,0,0,0,0
2026-10-04T14:10:59Z,cartservice,kubernetes,0,0,0,0,0,0,0
2026-10-04T14:10:59Z,cartservice,paymentservice,0,0,0,0,0,0,0
2026-10-04T14:10:59Z,cartservice,productcatalogservice,0,0,0,0,0,0,0
2026-10-04T14:10:59Z,cartservice,recommendationservice,0,0,0,0,0,0,0
2026-10-04T14:10:59Z,cartservice,redis-cart,2,0,0,0,0,0,0
2026-10-04T14:10:59Z,cartservice,shippingservice,0,0,0,0,0,0,0
2026-10-04T14:10:59Z,checkoutservice,adservice,0,0,0,0,0,0,0
2026-10-04T14:10:59Z,checkoutservice,cartservice,65335,64404,0,100,0,721297,64178
2026-10-04T14:10:59Z,checkoutservice,checkoutservice,0,0,0,0,0,0,0
2026-10-04T14:10:59Z,checkoutservice,currencyservice,44065,44065,0,0,0,577165,43953
2026-10-04T14:10:59Z,checkoutservice,emailservice,15303,15015,0,66,0,483050,14902
2026-10-04T14:10:59Z,checkoutservice,frontend,0,0,0,0,0,0,0
2026-10-04T14:10:59Z,checkoutservice,kubernetes,0,0,0,0,0,0,0
2026-10-04T14:10:59Z,checkoutservice,paymentservice,37331,35483,0,192,0,446542,35223
2026-10-04T14:10:59Z,checkoutservice,productcatalogservice,0,0,0,0,0,0,0
2026-10-04T14:10:59Z,checkoutservice,recommendationservice,0,0,0,0,0,0,0
2026-10-04T14:10:59Z,checkoutservice,redis-cart,0,0,0,0,0,0,0
2026-10-04T14:10:59Z,checkoutservice,shippingservice,70646,68543,0,154,0,522368,68317
2026-10-04T14:10:59Z,currencyservice,adservice,0,0,0,0,0,0,0
2026-10-04T14:10:59Z,currencyservice,cartservice,0,0,0,0,0,0,0
2026-10-04T14:10:59Z,currencyservice,checkoutservice,0,0,0,0,0,0,0
2026-10-04T14:10:59Z,currencyservice,currencyservice,0,0,0,0,0,0,0
2026-10-04T14:10:59Z,currencyservice,emailservice,0,0,0,0,0,0,0
2026-10-04T14:10:59Z,currencyservice,frontend,0,0,0,0,0,0,0
2026-10-04T14:10:59Z,currencyservice,kubernetes,0,0,0,0,0,0,0
2026-10-04T14:10:59Z,currencyservice,paymentservice,0,0,0,0,0,0,0
2026-10-04T14:10:59Z,currencyservice,productcatalogservice,0,0,0,0,0,0,0
2026-10-04T14:10:59Z,currencyservice,recommendationservice,0,0,0,0,0,0,0
2026-10-04T14:10:59Z,currencyservice,redis-cart,0,0,0,0,0,0,0
2026-10-04T14:10:59Z,currencyservice,shippingservice,0,0,0,0,0,0,0
2026-10-04T14:10:59Z,emailservice,adservice,0,0,0,0,0,0,0
2026-10-04T14:10:59Z,emailservice,cartservice,0,0,0,0,0,0,0
2026-10-04T14:10:59Z,emailservice,checkoutservice,0,0,0,0,0,0,0
2026-10-04T14:10:59Z,emailservice,currencyservice,0,0,0,0,0,0,0
2026-10-04T14:10:59Z,emailservice,emailservice,0,0,0,0,0,0,0
2026-10-04T14:10:59Z,emailservice,frontend,0,0,0,0,0,0,0
2026-10-04T14:10:59Z,emailservice,kubernetes,0,0,0,0,0,0,0
2026-10-04T14:10:59Z,emailservice,paymentservice,0,0,0,0,0,0,0
2026-10-04T14:10:59Z,emailservice,productcatalogservice,0,0,0,0,0,0,0
2026-10-04T14:10:59Z,emailservice,recommendationservice,0,0,0,0,0,0,0
2026-10-04T14:10:59Z,emailservice,redis-cart,0,0,0,0,0,0,0
2026-10-04T14:10:59Z,emailservice,shippingservice,0,0,0,0,0,0,0
2026-10-04T14:10:59Z,frontend,adservice,856206,856204,0,0,0,2579229,855981
2026-10-04T14:10:59Z,frontend,cartservice,1914079,1914065,0,0,4,10573095,1913400
2026-10-04T14:10:59Z,frontend,checkoutservice,403054,193087,0,40061,169946,63056303,192995
2026-10-04T14:10:59Z,frontend,currencyservice,3041290,3041282,0,0,0,15979207,3040250
2026-10-04T14:10:59Z,frontend,emailservice,0,0,0,0,0,0,0
2026-10-04T14:10:59Z,frontend,frontend,0,0,0,0,0,0,0
2026-10-04T14:10:59Z,frontend,kubernetes,0,0,0,0,0,0,0
2026-10-04T14:10:59Z,frontend,paymentservice,0,0,0,0,0,0,0
2026-10-04T14:10:59Z,frontend,productcatalogservice,8508176,8508106,0,0,0,58036825,8505639
2026-10-04T14:10:59Z,frontend,recommendationservice,2795044,1689729,0,116428,986315,849733291,1689162
2026-10-04T14:10:59Z,frontend,redis-cart,0,0,0,0,0,0,0
2026-10-04T14:10:59Z,frontend,shippingservice,313876,313874,0,0,0,948948,313789
2026-10-04T14:10:59Z,paymentservice,adservice,0,0,0,0,0,0,0
2026-10-04T14:10:59Z,paymentservice,cartservice,0,0,0,0,0,0,0
2026-10-04T14:10:59Z,paymentservice,checkoutservice,0,0,0,0,0,0,0
2026-10-04T14:10:59Z,paymentservice,currencyservice,0,0,0,0,0,0,0
2026-10-04T14:10:59Z,paymentservice,emailservice,0,0,0,0,0,0,0
2026-10-04T14:10:59Z,paymentservice,frontend,0,0,0,0,0,0,0
2026-10-04T14:10:59Z,paymentservice,kubernetes,0,0,0,0,0,0,0
2026-10-04T14:10:59Z,paymentservice,paymentservice,0,0,0,0,0,0,0
2026-10-04T14:10:59Z,paymentservice,productcatalogservice,0,0,0,0,0,0,0
2026-10-04T14:10:59Z,paymentservice,recommendationservice,0,0,0,0,0,0,0
2026-10-04T14:10:59Z,paymentservice,redis-cart,0,0,0,0,0,0,0
2026-10-04T14:10:59Z,paymentservice,shippingservice,0,0,0,0,0,0,0
2026-10-04T14:10:59Z,productcatalogservice,adservice,0,0,0,0,0,0,0
2026-10-04T14:10:59Z,productcatalogservice,cartservice,0,0,0,0,0,0,0
2026-10-04T14:10:59Z,productcatalogservice,checkoutservice,0,0,0,0,0,0,0
2026-10-04T14:10:59Z,productcatalogservice,currencyservice,0,0,0,0,0,0,0
2026-10-04T14:10:59Z,productcatalogservice,emailservice,0,0,0,0,0,0,0
2026-10-04T14:10:59Z,productcatalogservice,frontend,0,0,0,0,0,0,0
2026-10-04T14:10:59Z,productcatalogservice,kubernetes,0,0,0,0,0,0,0
2026-10-04T14:10:59Z,productcatalogservice,paymentservice,0,0,0,0,0,0,0
2026-10-04T14:10:59Z,productcatalogservice,productcatalogservice,0,0,0,0,0,0,0
2026-10-04T14:10:59Z,productcatalogservice,recommendationservice,0,0,0,0,0,0,0
2026-10-04T14:10:59Z,productcatalogservice,redis-cart,0,0,0,0,0,0,0
2026-10-04T14:10:59Z,productcatalogservice,shippingservice,0,0,0,0,0,0,0
2026-10-04T14:10:59Z,recommendationservice,adservice,0,0,0,0,0,0,0
2026-10-04T14:10:59Z,recommendationservice,cartservice,0,0,0,0,0,0,0
2026-10-04T14:10:59Z,recommendationservice,checkoutservice,0,0,0,0,0,0,0
2026-10-04T14:10:59Z,recommendationservice,currencyservice,0,0,0,0,0,0,0
2026-10-04T14:10:59Z,recommendationservice,emailservice,0,0,0,0,0,0,0
2026-10-04T14:10:59Z,recommendationservice,frontend,0,0,0,0,0,0,0
2026-10-04T14:10:59Z,recommendationservice,kubernetes,0,0,0,0,0,0,0
2026-10-04T14:10:59Z,recommendationservice,paymentservice,0,0,0,0,0,0,0
2026-10-04T14:10:59Z,recommendationservice,productcatalogservice,185633,185632,0,0,0,1232979,184002
2026-10-04T14:10:59Z,recommendationservice,recommendationservice,0,0,0,0,0,0,0
2026-10-04T14:10:59Z,recommendationservice,redis-cart,0,0,0,0,0,0,0
2026-10-04T14:10:59Z,recommendationservice,shippingservice,0,0,0,0,0,0,0
2026-10-04T14:10:59Z,redis-cart,adservice,0,0,0,0,0,0,0
2026-10-04T14:10:59Z,redis-cart,cartservice,0,0,0,0,0,0,0
2026-10-04T14:10:59Z,redis-cart,checkoutservice,0,0,0,0,0,0,0
2026-10-04T14:10:59Z,redis-cart,currencyservice,0,0,0,0,0,0,0
2026-10-04T14:10:59Z,redis-cart,emailservice,0,0,0,0,0,0,0
2026-10-04T14:10:59Z,redis-cart,frontend,0,0,0,0,0,0,0
2026-10-04T14:10:59Z,redis-cart,kubernetes,0,0,0,0,0,0,0
2026-10-04T14:10:59Z,redis-cart,paymentservice,0,0,0,0,0,0,0
2026-10-04T14:10:59Z,redis-cart,productcatalogservice,0,0,0,0,0,0,0
2026-10-04T14:10:59Z,redis-cart,recommendationservice,0,0,0,0,0,0,0
2026-10-04T14:10:59Z,redis-cart,redis-cart,0,0,0,0,0,0,0
2026-10-04T14:10:59Z,redis-cart,shippingservice,0,0,0,0,0,0,0
2026-10-04T14:10:59Z,shippingservice,adservice,0,0,0,0,0,0,0
2026-10-04T14:10:59Z,shippingservice,cartservice,0,0,0,0,0,0,0
2026-10-04T14:10:59Z,shippingservice,checkoutservice,0,0,0,0,0,0,0
2026-10-04T14:10:59Z,shippingservice,currencyservice,0,0,0,0,0,0,0
2026-10-04T14:10:59Z,shippingservice,emailservice,0,0,0,0,0,0,0
2026-10-04T14:10:59Z,shippingservice,frontend,0,0,0,0,0,0,0
2026-10-04T14:10:59Z,shippingservice,kubernetes,0,0,0,0,0,0,0
2026-10-04T14:10:59Z,shippingservice,paymentservice,0,0,0,0,0,0,0
2026-10-04T14:10:59Z,shippingservice,productcatalogservice,0,0,0,0,0,0,0
2026-10-04T14:10:59Z,shippingservice,recommendationservice,0,0,0,0,0,0,0
2026-10-04T14:10:59Z,shippingservice,redis-cart,0,0,0,0,0,0,0
2026-10-04T14:10:59Z,shippingservice,shippingservice,0,0,0,0,0,0,0
2026-10-04T14:11:00Z,adservice,adservice,0,0,0,0,0,0,0
2026-10-04T14:11:00Z,adservice,cartservice,0,0,0,0,0,0,0
2026-10-04T14:11:00Z,adservice,checkoutservice,0,0,0,0,0,0,0
2026-10-04T14:11:00Z,adservice,currencyservice,0,0,0,0,0,0,0
2026-10-04T14:11:00Z,adservice,emailservice,0,0,0,0,0,0,0
2026-10-04T14:11:00Z,adservice,frontend,0,0,0,0,0,0,0
2026-10-04T14:11:00Z,adservice,kubernetes,0,0,0,0,0,0,0
2026-10-04T14:11:00Z,adservice,paymentservice,0,0,0,0,0,0,0
2026-10-04T14:11:00Z,adservice,productcatalogservice,0,0,0,0,0,0,0
2026-10-04T14:11:00Z,adservice,recommendationservice,0,0,0,0,0,0,0
2026-10-04T14:11:00Z,adservice,redis-cart,0,0,0,0,0,0,0
2026-10-04T14:11:00Z,adservice,shippingservice,0,0,0,0,0,0,0
2026-10-04T14:11:00Z,cartservice,adservice,0,0,0,0,0,0,0
2026-10-04T14:11:00Z,cartservice,cartservice,0,0,0,0,0,0,0
2026-10-04T14:11:00Z,cartservice,checkoutservice,0,0,0,0,0,0,0
2026-10-04T14:11:00Z,cartservice,currencyservice,0,0,0,0,0,0,0
2026-10-04T14:11:00Z,cartservice,emailservice,0,0,0,0,0,0,0
2026-10-04T14:11:00Z,cartservice,frontend,0,0,0,0,0,0,0
2026-10-04T14:11:00Z,cartservice,kubernetes,0,0,0,0,0,0,0
2026-10-04T14:11:00Z,cartservice,paymentservice,0,0,0,0,0,0,0
2026-10-04T14:11:00Z,cartservice,productcatalogservice,0,0,0,0,0,0,0
2026-10-04T14:11:00Z,cartservice,recommendationservice,0,0,0,0,0,0,0
2026-10-04T14:11:00Z,cartservice,redis-cart,2,0,0,0,0,0,0
2026-10-04T14:11:00Z,cartservice,shippingservice,0,0,0,0,0,0,0
2026-10-04T14:11:00Z,checkoutservice,adservice,0,0,0,0,0,0,0
2026-10-04T14:11:00Z,checkoutservice,cartservice,65440,64509,0,100,0,721297,64178
2026-10-04T14:11:00Z,checkoutservice,checkoutservice,0,0,0,0,0,0,0
2026-10-04T14:11:00Z,checkoutservice,currencyservice,44118,44117,0,0,0,577165,43953
2026-10-04T14:11:00Z,checkoutservice,emailservice,15353,15063,0,66,0,483050,14902
2026-10-04T14:11:00Z,checkoutservice,frontend,0,0,0,0,0,0,0
2026-10-04T14:11:00Z,checkoutservice,kubernetes,0,0,0,0,0,0,0
2026-10-04T14:11:00Z,checkoutservice,paymentservice,37383,35535,0,192,0,446542,35223
2026-10-04T14:11:00Z,checkoutservice,productcatalogservice,0,0,0,0,0,0,0
2026-10-04T14:11:00Z,checkoutservice,recommendationservice,0,0,0,0,0,0,0
2026-10-04T14:11:00Z,checkoutservice,redis-cart,0,0,0,0,0,0,0
2026-10-04T14:11:00Z,checkoutservice,shippingservice,70752,68648,0,154,0,522368,68317
2026-10-04T14:11:00Z,currencyservice,adservice,0,0,0,0,0,0,0
2026-10-04T14:11:00Z,currencyservice,cartservice,0,0,0,0,0,0,0
2026-10-04T14:11:00Z,currencyservice,checkoutservice,0,0,0,0,0,0,0
2026-10-04T14:11:00Z,currencyservice,currencyservice,0,0,0,0,0,0,0
2026-10-04T14:11:00Z,currencyservice,emailservice,0,0,0,0,0,0,0
2026-10-04T14:11:00Z,currencyservice,frontend,0,0,0,0,0,0,0
2026-10-04T14:11:00Z,currencyservice,kubernetes,0,0,0,0,0,0,0
2026-10-04T14:11:00Z,currencyservice,paymentservice,0,0,0,0,0,0,0
2026-10-04T14:11:00Z,currencyservice,productcatalogservice,0,0,0,0,0,0,0
2026-10-04T14:11:00Z,currencyservice,recommendationservice,0,0,0,0,0,0,0
2026-10-04T14:11:00Z,currencyservice,redis-cart,0,0,0,0,0,0,0
2026-10-04T14:11:00Z,currencyservice,shippingservice,0,0,0,0,0,0,0
2026-10-04T14:11:00Z,emailservice,adservice,0,0,0,0,0,0,0
2026-10-04T14:11:00Z,emailservice,cartservice,0,0,0,0,0,0,0
2026-10-04T14:11:00Z,emailservice,checkoutservice,0,0,0,0,0,0,0
2026-10-04T14:11:00Z,emailservice,currencyservice,0,0,0,0,0,0,0
2026-10-04T14:11:00Z,emailservice,emailservice,0,0,0,0,0,0,0
2026-10-04T14:11:00Z,emailservice,frontend,0,0,0,0,0,0,0
2026-10-04T14:11:00Z,emailservice,kubernetes,0,0,0,0,0,0,0
2026-10-04T14:11:00Z,emailservice,paymentservice,0,0,0,0,0,0,0
2026-10-04T14:11:00Z,emailservice,productcatalogservice,0,0,0,0,0,0,0
2026-10-04T14:11:00Z,emailservice,recommendationservice,0,0,0,0,0,0,0
2026-10-04T14:11:00Z,emailservice,redis-cart,0,0,0,0,0,0,0
2026-10-04T14:11:00Z,emailservice,shippingservice,0,0,0,0,0,0,0
2026-10-04T14:11:00Z,frontend,adservice,856335,856331,0,0,0,2579580,856118
2026-10-04T14:11:00Z,frontend,cartservice,1914481,1914465,0,0,4,10575079,1913811
2026-10-04T14:11:00Z,frontend,checkoutservice,403111,193131,0,40061,169946,63061879,193050
2026-10-04T14:11:00Z,frontend,currencyservice,3041914,3041907,0,0,0,15981809,3040896
2026-10-04T14:11:00Z,frontend,emailservice,0,0,0,0,0,0,0
2026-10-04T14:11:00Z,frontend,frontend,0,0,0,0,0,0,0
2026-10-04T14:11:00Z,frontend,kubernetes,0,0,0,0,0,0,0
2026-10-04T14:11:00Z,frontend,paymentservice,0,0,0,0,0,0,0
2026-10-04T14:11:00Z,frontend,productcatalogservice,8509696,8509612,0,0,0,58047780,8507199
2026-10-04T14:11:00Z,frontend,recommendationservice,2795799,1690082,0,116510,986671,850062716,1689526
2026-10-04T14:11:00Z,frontend,redis-cart,0,0,0,0,0,0,0
2026-10-04T14:11:00Z,frontend,shippingservice,313924,313922,0,0,0,949093,313847
2026-10-04T14:11:00Z,paymentservice,adservice,0,0,0,0,0,0,0
2026-10-04T14:11:00Z,paymentservice,cartservice,0,0,0,0,0,0,0
2026-10-04T14:11:00Z,paymentservice,checkoutservice,0,0,0,0,0,0,0
2026-10-04T14:11:00Z,paymentservice,currencyservice,0,0,0,0,0,0,0
2026-10-04T14:11:00Z,paymentservice,emailservice,0,0,0,0,0,0,0
2026-10-04T14:11:00Z,paymentservice,frontend,0,0,0,0,0,0,0
2026-10-04T14:11:00Z,paymentservice,kubernetes,0,0,0,0,0,0,0
2026-10-04T14:11:00Z,paymentservice,paymentservice,0,0,0,0,0,0,0
2026-10-04T14:11:00Z,paymentservice,productcatalogservice,0,0,0,0,0,0,0
2026-10-04T14:11:00Z,paymentservice,recommendationservice,0,0,0,0,0,0,0
2026-10-04T14:11:00Z,paymentservice,redis-cart,0,0,0,0,0,0,0
2026-10-04T14:11:00Z,paymentservice,shippingservice,0,0,0,0,0,0,0
2026-10-04T14:11:00Z,productcatalogservice,adservice,0,0,0,0,0,0,0
2026-10-04T14:11:00Z,productcatalogservice,cartservice,0,0,0,0,0,0,0
2026-10-04T14:11:00Z,productcatalogservice,checkoutservice,0,0,0,0,0,0,0
2026-10-04T14:11:00Z,productcatalogservice,currencyservice,0,0,0,0,0,0,0
2026-10-04T14:11:00Z,productcatalogservice,emailservice,0,0,0,0,0,0,0
2026-10-04T14:11:00Z,productcatalogservice,frontend,0,0,0,0,0,0,0
2026-10-04T14:11:00Z,productcatalogservice,kubernetes,0,0,0,0,0,0,0
2026-10-04T14:11:00Z,productcatalogservice,paymentservice,0,0,0,0,0,0,0
2026-10-04T14:11:00Z,productcatalogservice,productcatalogservice,0,0,0,0,0,0,0
2026-10-04T14:11:00Z,productcatalogservice,recommendationservice,0,0,0,0,0,0,0
2026-10-04T14:11:00Z,productcatalogservice,redis-cart,0,0,0,0,0,0,0
2026-10-04T14:11:00Z,productcatalogservice,shippingservice,0,0,0,0,0,0,0
2026-10-04T14:11:00Z,recommendationservice,adservice,0,0,0,0,0,0,0
2026-10-04T14:11:00Z,recommendationservice,cartservice,0,0,0,0,0,0,0
2026-10-04T14:11:00Z,recommendationservice,checkoutservice,0,0,0,0,0,0,0
2026-10-04T14:11:00Z,recommendationservice,currencyservice,0,0,0,0,0,0,0
2026-10-04T14:11:00Z,recommendationservice,emailservice,0,0,0,0,0,0,0
2026-10-04T14:11:00Z,recommendationservice,frontend,0,0,0,0,0,0,0
2026-10-04T14:11:00Z,recommendationservice,kubernetes,0,0,0,0,0,0,0
2026-10-04T14:11:00Z,recommendationservice,paymentservice,0,0,0,0,0,0,0
2026-10-04T14:11:00Z,recommendationservice,productcatalogservice,186074,186072,0,0,0,1242917,186035
2026-10-04T14:11:00Z,recommendationservice,recommendationservice,0,0,0,0,0,0,0
2026-10-04T14:11:00Z,recommendationservice,redis-cart,0,0,0,0,0,0,0
2026-10-04T14:11:00Z,recommendationservice,shippingservice,0,0,0,0,0,0,0
2026-10-04T14:11:00Z,redis-cart,adservice,0,0,0,0,0,0,0
2026-10-04T14:11:00Z,redis-cart,cartservice,0,0,0,0,0,0,0
2026-10-04T14:11:00Z,redis-cart,checkoutservice,0,0,0,0,0,0,0
2026-10-04T14:11:00Z,redis-cart,currencyservice,0,0,0,0,0,0,0
2026-10-04T14:11:00Z,redis-cart,emailservice,0,0,0,0,0,0,0
2026-10-04T14:11:00Z,redis-cart,frontend,0,0,0,0,0,0,0
2026-10-04T14:11:00Z,redis-cart,kubernetes,0,0,0,0,0,0,0
2026-10-04T14:11:00Z,redis-cart,paymentservice,0,0,0,0,0,0,0
2026-10-04T14:11:00Z,redis-cart,productcatalogservice,0,0,0,0,0,0,0
2026-10-04T14:11:00Z,redis-cart,recommendationservice,0,0,0,0,0,0,0
2026-10-04T14:11:00Z,redis-cart,redis-cart,0,0,0,0,0,0,0
2026-10-04T14:11:00Z,redis-cart,shippingservice,0,0,0,0,0,0,0
2026-10-04T14:11:00Z,shippingservice,adservice,0,0,0,0,0,0,0
2026-10-04T14:11:00Z,shippingservice,cartservice,0,0,0,0,0,0,0
2026-10-04T14:11:00Z,shippingservice,checkoutservice,0,0,0,0,0,0,0
2026-10-04T14:11:00Z,shippingservice,currencyservice,0,0,0,0,0,0,0
2026-10-04T14:11:00Z,shippingservice,emailservice,0,0,0,0,0,0,0
2026-10-04T14:11:00Z,shippingservice,frontend,0,0,0,0,0,0,0
2026-10-04T14:11:00Z,shippingservice,kubernetes,0,0,0,0,0,0,0
2026-10-04T14:11:00Z,shippingservice,paymentservice,0,0,0,0,0,0,0
2026-10-04T14:11:00Z,shippingservice,productcatalogservice,0,0,0,0,0,0,0
2026-10-04T14:11:00Z,shippingservice,recommendationservice,0,0,0,0,0,0,0
2026-10-04T14:11:00Z,shippingservice,redis-cart,0,0,0,0,0,0,0
2026-10-04T14:11:00Z,shippingservice,shippingservice,0,0,0,0,0,0,0
2026-10-04T14:11:01Z,adservice,adservice,0,0,0,0,0,0,0
2026-10-04T14:11:01Z,adservice,cartservice,0,0,0,0,0,0,0
2026-10-04T14:11:01Z,adservice,checkoutservice,0,0,0,0,0,0,0
2026-10-04T14:11:01Z,adservice,currencyservice,0,0,0,0,0,0,0
2026-10-04T14:11:01Z,adservice,emailservice,0,0,0,0,0,0,0
2026-10-04T14:11:01Z,adservice,frontend,0,0,0,0,0,0,0
2026-10-04T14:11:01Z,adservice,kubernetes,0,0,0,0,0,0,0
2026-10-04T14:11:01Z,adservice,paymentservice,0,0,0,0,0,0,0
2026-10-04T14:11:01Z,adservice,productcatalogservice,0,0,0,0,0,0,0
2026-10-04T14:11:01Z,adservice,recommendationservice,0,0,0,0,0,0,0
2026-10-04T14:11:01Z,adservice,redis-cart,0,0,0,0,0,0,0
2026-10-04T14:11:01Z,adservice,shippingservice,0,0,0,0,0,0,0
2026-10-04T14:11:01Z,cartservice,adservice,0,0,0,0,0,0,0
2026-10-04T14:11:01Z,cartservice,cartservice,0,0,0,0,0,0,0
2026-10-04T14:11:01Z,cartservice,checkoutservice,0,0,0,0,0,0,0
2026-10-04T14:11:01Z,cartservice,currencyservice,0,0,0,0,0,0,0
2026-10-04T14:11:01Z,cartservice,emailservice,0,0,0,0,0,0,0
2026-10-04T14:11:01Z,cartservice,frontend,0,0,0,0,0,0,0
2026-10-04T14:11:01Z,cartservice,kubernetes,0,0,0,0,0,0,0
2026-10-04T14:11:01Z,cartservice,paymentservice,0,0,0,0,0,0,0
2026-10-04T14:11:01Z,cartservice,productcatalogservice,0,0,0,0,0,0,0
2026-10-04T14:11:01Z,cartservice,recommendationservice,0,0,0,0,0,0,0
2026-10-04T14:11:01Z,cartservice,redis-cart,2,0,0,0,0,0,0
2026-10-04T14:11:01Z,cartservice,shippingservice,0,0,0,0,0,0,0
2026-10-04T14:11:01Z,checkoutservice,adservice,0,0,0,0,0,0,0
2026-10-04T14:11:01Z,checkoutservice,cartservice,65551,64616,0,100,0,721297,64178
2026-10-04T14:11:01Z,checkoutservice,checkoutservice,0,0,0,0,0,0,0
2026-10-04T14:11:01Z,checkoutservice,currencyservice,44173,44173,0,0,0,577165,43953
2026-10-04T14:11:01Z,checkoutservice,emailservice,15406,15118,0,66,0,483050,14902
2026-10-04T14:11:01Z,checkoutservice,frontend,0,0,0,0,0,0,0
2026-10-04T14:11:01Z,checkoutservice,kubernetes,0,0,0,0,0,0,0
2026-10-04T14:11:01Z,checkoutservice,paymentservice,37438,35589,0,192,0,446542,35223
2026-10-04T14:11:01Z,checkoutservice,productcatalogservice,0,0,0,0,0,0,0
2026-10-04T14:11:01Z,checkoutservice,recommendationservice,0,0,0,0,0,0,0
2026-10-04T14:11:01Z,checkoutservice,redis-cart,0,0,0,0,0,0,0
2026-10-04T14:11:01Z,checkoutservice,shippingservice,70861,68757,0,154,0,522368,68317
2026-10-04T14:11:01Z,currencyservice,adservice,0,0,0,0,0,0,0
2026-10-04T14:11:01Z,currencyservice,cartservice,0,0,0,0,0,0,0
2026-10-04T14:11:01Z,currencyservice,checkoutservice,0,0,0,0,0,0,0
2026-10-04T14:11:01Z,currencyservice,currencyservice,0,0,0,0,0,0,0
2026-10-04T14:11:01Z,currencyservice,emailservice,0,0,0,0,0,0,0
2026-10-04T14:11:01Z,currencyservice,frontend,0,0,0,0,0,0,0
2026-10-04T14:11:01Z,currencyservice,kubernetes,0,0,0,0,0,0,0
2026-10-04T14:11:01Z,currencyservice,paymentservice,0,0,0,0,0,0,0
2026-10-04T14:11:01Z,currencyservice,productcatalogservice,0,0,0,0,0,0,0
2026-10-04T14:11:01Z,currencyservice,recommendationservice,0,0,0,0,0,0,0
2026-10-04T14:11:01Z,currencyservice,redis-cart,0,0,0,0,0,0,0
2026-10-04T14:11:01Z,currencyservice,shippingservice,0,0,0,0,0,0,0
2026-10-04T14:11:01Z,emailservice,adservice,0,0,0,0,0,0,0
2026-10-04T14:11:01Z,emailservice,cartservice,0,0,0,0,0,0,0
2026-10-04T14:11:01Z,emailservice,checkoutservice,0,0,0,0,0,0,0
2026-10-04T14:11:01Z,emailservice,currencyservice,0,0,0,0,0,0,0
2026-10-04T14:11:01Z,emailservice,emailservice,0,0,0,0,0,0,0
2026-10-04T14:11:01Z,emailservice,frontend,0,0,0,0,0,0,0
2026-10-04T14:11:01Z,emailservice,kubernetes,0,0,0,0,0,0,0
2026-10-04T14:11:01Z,emailservice,paymentservice,0,0,0,0,0,0,0
2026-10-04T14:11:01Z,emailservice,productcatalogservice,0,0,0,0,0,0,0
2026-10-04T14:11:01Z,emailservice,recommendationservice,0,0,0,0,0,0,0
2026-10-04T14:11:01Z,emailservice,redis-cart,0,0,0,0,0,0,0
2026-10-04T14:11:01Z,emailservice,shippingservice,0,0,0,0,0,0,0
2026-10-04T14:11:01Z,frontend,adservice,856456,856454,0,0,0,2579580,856118
2026-10-04T14:11:01Z,frontend,cartservice,1914843,1914823,0,0,4,10575079,1913811
2026-10-04T14:11:01Z,frontend,checkoutservice,403165,193189,0,40061,169946,63061879,193050
2026-10-04T14:11:01Z,frontend,currencyservice,3042479,3042468,0,0,0,15981809,3040896
2026-10-04T14:11:01Z,frontend,emailservice,0,0,0,0,0,0,0
2026-10-04T14:11:01Z,frontend,frontend,0,0,0,0,0,0,0
2026-10-04T14:11:01Z,frontend,kubernetes,0,0,0,0,0,0,0
2026-10-04T14:11:01Z,frontend,paymentservice,0,0,0,0,0,0,0
2026-10-04T14:11:01Z,frontend,productcatalogservice,8511072,8510987,0,0,0,58047780,8507199
2026-10-04T14:11:01Z,frontend,recommendationservice,2796525,1690402,0,116549,987037,850062716,1689526
2026-10-04T14:11:01Z,frontend,redis-cart,0,0,0,0,0,0,0
2026-10-04T14:11:01Z,frontend,shippingservice,313957,313955,0,0,0,949093,313847
2026-10-04T14:11:01Z,paymentservice,adservice,0,0,0,0,0,0,0
2026-10-04T14:11:01Z,paymentservice,cartservice,0,0,0,0,0,0,0
2026-10-04T14:11:01Z,paymentservice,checkoutservice,0,0,0,0,0,0,0
2026-10-04T14:11:01Z,paymentservice,currencyservice,0,0,0,0,0,0,0
2026-10-04T14:11:01Z,paymentservice,emailservice,0,0,0,0,0,0,0
2026-10-04T14:11:01Z,paymentservice,frontend,0,0,0,0,0,0,0
2026-10-04T14:11:01Z,paymentservice,kubernetes,0,0,0,0,0,0,0
2026-10-04T14:11:01Z,paymentservice,paymentservice,0,0,0,0,0,0,0
2026-10-04T14:11:01Z,paymentservice,productcatalogservice,0,0,0,0,0,0,0
2026-10-04T14:11:01Z,paymentservice,recommendationservice,0,0,0,0,0,0,0
2026-10-04T14:11:01Z,paymentservice,redis-cart,0,0,0,0,0,0,0
2026-10-04T14:11:01Z,paymentservice,shippingservice,0,0,0,0,0,0,0
2026-10-04T14:11:01Z,productcatalogservice,adservice,0,0,0,0,0,0,0
2026-10-04T14:11:01Z,productcatalogservice,cartservice,0,0,0,0,0,0,0
2026-10-04T14:11:01Z,productcatalogservice,checkoutservice,0,0,0,0,0,0,0
2026-10-04T14:11:01Z,productcatalogservice,currencyservice,0,0,0,0,0,0,0
2026-10-04T14:11:01Z,productcatalogservice,emailservice,0,0,0,0,0,0,0
2026-10-04T14:11:01Z,productcatalogservice,frontend,0,0,0,0,0,0,0
2026-10-04T14:11:01Z,productcatalogservice,kubernetes,0,0,0,0,0,0,0
2026-10-04T14:11:01Z,productcatalogservice,paymentservice,0,0,0,0,0,0,0
2026-10-04T14:11:01Z,productcatalogservice,productcatalogservice,0,0,0,0,0,0,0
2026-10-04T14:11:01Z,productcatalogservice,recommendationservice,0,0,0,0,0,0,0
2026-10-04T14:11:01Z,productcatalogservice,redis-cart,0,0,0,0,0,0,0
2026-10-04T14:11:01Z,productcatalogservice,shippingservice,0,0,0,0,0,0,0
2026-10-04T14:11:01Z,recommendationservice,adservice,0,0,0,0,0,0,0
2026-10-04T14:11:01Z,recommendationservice,cartservice,0,0,0,0,0,0,0
2026-10-04T14:11:01Z,recommendationservice,checkoutservice,0,0,0,0,0,0,0
2026-10-04T14:11:01Z,recommendationservice,currencyservice,0,0,0,0,0,0,0
2026-10-04T14:11:01Z,recommendationservice,emailservice,0,0,0,0,0,0,0
2026-10-04T14:11:01Z,recommendationservice,frontend,0,0,0,0,0,0,0
2026-10-04T14:11:01Z,recommendationservice,kubernetes,0,0,0,0,0,0,0
2026-10-04T14:11:01Z,recommendationservice,paymentservice,0,0,0,0,0,0,0
2026-10-04T14:11:01Z,recommendationservice,productcatalogservice,186477,186467,0,0,0,1242917,186035
2026-10-04T14:11:01Z,recommendationservice,recommendationservice,0,0,0,0,0,0,0
2026-10-04T14:11:01Z,recommendationservice,redis-cart,0,0,0,0,0,0,0
2026-10-04T14:11:01Z,recommendationservice,shippingservice,0,0,0,0,0,0,0
2026-10-04T14:11:01Z,redis-cart,adservice,0,0,0,0,0,0,0
2026-10-04T14:11:01Z,redis-cart,cartservice,0,0,0,0,0,0,0
2026-10-04T14:11:01Z,redis-cart,checkoutservice,0,0,0,0,0,0,0
2026-10-04T14:11:01Z,redis-cart,currencyservice,0,0,0,0,0,0,0
2026-10-04T14:11:01Z,redis-cart,emailservice,0,0,0,0,0,0,0
2026-10-04T14:11:01Z,redis-cart,frontend,0,0,0,0,0,0,0
2026-10-04T14:11:01Z,redis-cart,kubernetes,0,0,0,0,0,0,0
2026-10-04T14:11:01Z,redis-cart,paymentservice,0,0,0,0,0,0,0
2026-10-04T14:11:01Z,redis-cart,productcatalogservice,0,0,0,0,0,0,0
2026-10-04T14:11:01Z,redis-cart,recommendationservice,0,0,0,0,0,0,0
2026-10-04T14:11:01Z,redis-cart,redis-cart,0,0,0,0,0,0,0
2026-10-04T14:11:01Z,redis-cart,shippingservice,0,0,0,0,0,0,0
2026-10-04T14:11:01Z,shippingservice,adservice,0,0,0,0,0,0,0
2026-10-04T14:11:01Z,shippingservice,cartservice,0,0,0,0,0,0,0
2026-10-04T14:11:01Z,shippingservice,checkoutservice,0,0,0,0,0,0,0
2026-10-04T14:11:01Z,shippingservice,currencyservice,0,0,0,0,0,0,0
2026-10-04T14:11:01Z,shippingservice,emailservice,0,0,0,0,0,0,0
2026-10-04T14:11:01Z,shippingservice,frontend,0,0,0,0,0,0,0
2026-10-04T14:11:01Z,shippingservice,kubernetes,0,0,0,0,0,0,0
2026-10-04T14:11:01Z,shippingservice,paymentservice,0,0,0,0,0,0,0
2026-10-04T14:11:01Z,shippingservice,productcatalogservice,0,0,0,0,0,0,0
2026-10-04T14:11:01Z,shippingservice,recommendationservice,0,0,0,0,0,0,0
2026-10-04T14:11:01Z,shippingservice,redis-cart,0,0,0,0,0,0,0
2026-10-04T14:11:01Z,shippingservice,shippingservice,0,0,0,0,0,0,0
2026-10-04T14:11:02Z,adservice,adservice,0,0,0,0,0,0,0
2026-10-04T14:11:02Z,adservice,cartservice,0,0,0,0,0,0,0
2026-10-04T14:11:02Z,adservice,checkoutservice,0,0,0,0,0,0,0
2026-10-04T14:11:02Z,adservice,currencyservice,0,0,0,0,0,0,0
2026-10-04T14:11:02Z,adservice,emailservice,0,0,0,0,0,0,0
2026-10-04T14:11:02Z,adservice,frontend,0,0,0,0,0,0,0
2026-10-04T14:11:02Z,adservice,kubernetes,0,0,0,0,0,0,0
2026-10-04T14:11:02Z,adservice,paymentservice,0,0,0,0,0,0,0
2026-10-04T14:11:02Z,adservice,productcatalogservice,0,0,0,0,0,0,0
2026-10-04T14:11:02Z,adservice,recommendationservice,0,0,0,0,0,0,0
2026-10-04T14:11:02Z,adservice,redis-cart,0,0,0,0,0,0,0
2026-10-04T14:11:02Z,adservice,shippingservice,0,0,0,0,0,0,0
2026-10-04T14:11:02Z,cartservice,adservice,0,0,0,0,0,0,0
2026-10-04T14:11:02Z,cartservice,cartservice,0,0,0,0,0,0,0
2026-10-04T14:11:02Z,cartservice,checkoutservice,0,0,0,0,0,0,0
2026-10-04T14:11:02Z,cartservice,currencyservice,0,0,0,0,0,0,0
2026-10-04T14:11:02Z,cartservice,emailservice,0,0,0,0,0,0,0
2026-10-04T14:11:02Z,cartservice,frontend,0,0,0,0,0,0,0
2026-10-04T14:11:02Z,cartservice,kubernetes,0,0,0,0,0,0,0
2026-10-04T14:11:02Z,cartservice,paymentservice,0,0,0,0,0,0,0
2026-10-04T14:11:02Z,cartservice,productcatalogservice,0,0,0,0,0,0,0
2026-10-04T14:11:02Z,cartservice,recommendationservice,0,0,0,0,0,0,0
2026-10-04T14:11:02Z,cartservice,redis-cart,2,0,0,0,0,0,0
2026-10-04T14:11:02Z,cartservice,shippingservice,0,0,0,0,0,0,0
2026-10-04T14:11:02Z,checkoutservice,adservice,0,0,0,0,0,0,0
2026-10-04T14:11:02Z,checkoutservice,cartservice,65661,64730,0,100,0,723925,64719
2026-10-04T14:11:02Z,checkoutservice,checkoutservice,0,0,0,0,0,0,0
2026-10-04T14:11:02Z,checkoutservice,currencyservice,44226,44226,0,0,0,578179,44226
2026-10-04T14:11:02Z,checkoutservice,emailservice,15464,15176,0,66,0,496885,15169
2026-10-04T14:11:02Z,checkoutservice,frontend,0,0,0,0,0,0,0
2026-10-04T14:11:02Z,checkoutservice,kubernetes,0,0,0,0,0,0,0
2026-10-04T14:11:02Z,checkoutservice,paymentservice,37492,35644,0,192,0,448512,35496
2026-10-04T14:11:02Z,checkoutservice,productcatalogservice,0,0,0,0,0,0,0
2026-10-04T14:11:02Z,checkoutservice,recommendationservice,0,0,0,0,0,0,0
2026-10-04T14:11:02Z,checkoutservice,redis-cart,0,0,0,0,0,0,0
2026-10-04T14:11:02Z,checkoutservice,shippingservice,70969,68865,0,154,0,523614,68861
2026-10-04T14:11:02Z,currencyservice,adservice,0,0,0,0,0,0,0
2026-10-04T14:11:02Z,currencyservice,cartservice,0,0,0,0,0,0,0
2026-10-04T14:11:02Z,currencyservice,checkoutservice,0,0,0,0,0,0,0
2026-10-04T14:11:02Z,currencyservice,currencyservice,0,0,0,0,0,0,0
2026-10-04T14:11:02Z,currencyservice,emailservice,0,0,0,0,0,0,0
2026-10-04T14:11:02Z,currencyservice,frontend,0,0,0,0,0,0,0
2026-10-04T14:11:02Z,currencyservice,kubernetes,0,0,0,0,0,0,0
2026-10-04T14:11:02Z,currencyservice,paymentservice,0,0,0,0,0,0,0
2026-10-04T14:11:02Z,currencyservice,productcatalogservice,0,0,0,0,0,0,0
2026-10-04T14:11:02Z,currencyservice,recommendationservice,0,0,0,0,0,0,0
2026-10-04T14:11:02Z,currencyservice,redis-cart,0,0,0,0,0,0,0
2026-10-04T14:11:02Z,currencyservice,shippingservice,0,0,0,0,0,0,0
2026-10-04T14:11:02Z,emailservice,adservice,0,0,0,0,0,0,0
2026-10-04T14:11:02Z,emailservice,cartservice,0,0,0,0,0,0,0
2026-10-04T14:11:02Z,emailservice,checkoutservice,0,0,0,0,0,0,0
2026-10-04T14:11:02Z,emailservice,currencyservice,0,0,0,0,0,0,0
2026-10-04T14:11:02Z,emailservice,emailservice,0,0,0,0,0,0,0
2026-10-04T14:11:02Z,emailservice,frontend,0,0,0,0,0,0,0
2026-10-04T14:11:02Z,emailservice,kubernetes,0,0,0,0,0,0,0
2026-10-04T14:11:02Z,emailservice,paymentservice,0,0,0,0,0,0,0
2026-10-04T14:11:02Z,emailservice,productcatalogservice,0,0,0,0,0,0,0
2026-10-04T14:11:02Z,emailservice,recommendationservice,0,0,0,0,0,0,0
2026-10-04T14:11:02Z,emailservice,redis-cart,0,0,0,0,0,0,0
2026-10-04T14:11:02Z,emailservice,shippingservice,0,0,0,0,0,0,0
2026-10-04T14:11:02Z,frontend,adservice,856599,856597,0,0,0,2579580,856118
2026-10-04T14:11:02Z,frontend,cartservice,1915239,1915227,0,0,4,10575079,1913811
2026-10-04T14:11:02Z,frontend,checkoutservice,403222,193253,0,40061,169946,63061879,193050
2026-10-04T14:11:02Z,frontend,currencyservice,3043105,3043097,0,0,0,15981809,3040896
2026-10-04T14:11:02Z,frontend,emailservice,0,0,0,0,0,0,0
2026-10-04T14:11:02Z,frontend,frontend,0,0,0,0,0,0,0
2026-10-04T14:11:02Z,frontend,kubernetes,0,0,0,0,0,0,0
2026-10-04T14:11:02Z,frontend,paymentservice,0,0,0,0,0,0,0
2026-10-04T14:11:02Z,frontend,productcatalogservice,8512626,8512552,0,0,0,58047780,8507199
2026-10-04T14:11:02Z,frontend,recommendationservice,2797307,1690735,0,116595,987424,850062716,1689526
2026-10-04T14:11:02Z,frontend,redis-cart,0,0,0,0,0,0,0
2026-10-04T14:11:02Z,frontend,shippingservice,314019,314017,0,0,0,949093,313847
2026-10-04T14:11:02Z,paymentservice,adservice,0,0,0,0,0,0,0
2026-10-04T14:11:02Z,paymentservice,cartservice,0,0,0,0,0,0,0
2026-10-04T14:11:02Z,paymentservice,checkoutservice,0,0,0,0,0,0,0
2026-10-04T14:11:02Z,paymentservice,currencyservice,0,0,0,0,0,0,0
2026-10-04T14:11:02Z,paymentservice,emailservice,0,0,0,0,0,0,0
2026-10-04T14:11:02Z,paymentservice,frontend,0,0,0,0,0,0,0
2026-10-04T14:11:02Z,paymentservice,kubernetes,0,0,0,0,0,0,0
2026-10-04T14:11:02Z,paymentservice,paymentservice,0,0,0,0,0,0,0
2026-10-04T14:11:02Z,paymentservice,productcatalogservice,0,0,0,0,0,0,0
2026-10-04T14:11:02Z,paymentservice,recommendationservice,0,0,0,0,0,0,0
2026-10-04T14:11:02Z,paymentservice,redis-cart,0,0,0,0,0,0,0
2026-10-04T14:11:02Z,paymentservice,shippingservice,0,0,0,0,0,0,0
2026-10-04T14:11:02Z,productcatalogservice,adservice,0,0,0,0,0,0,0
2026-10-04T14:11:02Z,productcatalogservice,cartservice,0,0,0,0,0,0,0
2026-10-04T14:11:02Z,productcatalogservice,checkoutservice,0,0,0,0,0,0,0
2026-10-04T14:11:02Z,productcatalogservice,currencyservice,0,0,0,0,0,0,0
2026-10-04T14:11:02Z,productcatalogservice,emailservice,0,0,0,0,0,0,0
2026-10-04T14:11:02Z,productcatalogservice,frontend,0,0,0,0,0,0,0
2026-10-04T14:11:02Z,productcatalogservice,kubernetes,0,0,0,0,0,0,0
2026-10-04T14:11:02Z,productcatalogservice,paymentservice,0,0,0,0,0,0,0
2026-10-04T14:11:02Z,productcatalogservice,productcatalogservice,0,0,0,0,0,0,0
2026-10-04T14:11:02Z,productcatalogservice,recommendationservice,0,0,0,0,0,0,0
2026-10-04T14:11:02Z,productcatalogservice,redis-cart,0,0,0,0,0,0,0
2026-10-04T14:11:02Z,productcatalogservice,shippingservice,0,0,0,0,0,0,0
2026-10-04T14:11:02Z,recommendationservice,adservice,0,0,0,0,0,0,0
2026-10-04T14:11:02Z,recommendationservice,cartservice,0,0,0,0,0,0,0
2026-10-04T14:11:02Z,recommendationservice,checkoutservice,0,0,0,0,0,0,0
2026-10-04T14:11:02Z,recommendationservice,currencyservice,0,0,0,0,0,0,0
2026-10-04T14:11:02Z,recommendationservice,emailservice,0,0,0,0,0,0,0
2026-10-04T14:11:02Z,recommendationservice,frontend,0,0,0,0,0,0,0
2026-10-04T14:11:02Z,recommendationservice,kubernetes,0,0,0,0,0,0,0
2026-10-04T14:11:02Z,recommendationservice,paymentservice,0,0,0,0,0,0,0
2026-10-04T14:11:02Z,recommendationservice,productcatalogservice,186881,186873,0,0,0,1242917,186035
2026-10-04T14:11:02Z,recommendationservice,recommendationservice,0,0,0,0,0,0,0
2026-10-04T14:11:02Z,recommendationservice,redis-cart,0,0,0,0,0,0,0
2026-10-04T14:11:02Z,recommendationservice,shippingservice,0,0,0,0,0,0,0
2026-10-04T14:11:02Z,redis-cart,adservice,0,0,0,0,0,0,0
2026-10-04T14:11:02Z,redis-cart,cartservice,0,0,0,0,0,0,0
2026-10-04T14:11:02Z,redis-cart,checkoutservice,0,0,0,0,0,0,0
2026-10-04T14:11:02Z,redis-cart,currencyservice,0,0,0,0,0,0,0
2026-10-04T14:11:02Z,redis-cart,emailservice,0,0,0,0,0,0,0
2026-10-04T14:11:02Z,redis-cart,frontend,0,0,0,0,0,0,0
2026-10-04T14:11:02Z,redis-cart,kubernetes,0,0,0,0,0,0,0
2026-10-04T14:11:02Z,redis-cart,paymentservice,0,0,0,0,0,0,0
2026-10-04T14:11:02Z,redis-cart,productcatalogservice,0,0,0,0,0,0,0
2026-10-04T14:11:02Z,redis-cart,recommendationservice,0,0,0,0,0,0,0
2026-10-04T14:11:02Z,redis-cart,redis-cart,0,0,0,0,0,0,0
2026-10-04T14:11:02Z,redis-cart,shippingservice,0,0,0,0,0,0,0
2026-10-04T14:11:02Z,shippingservice,adservice,0,0,0,0,0,0,0
2026-10-04T14:11:02Z,shippingservice,cartservice,0,0,0,0,0,0,0
2026-10-04T14:11:02Z,shippingservice,checkoutservice,0,0,0,0,0,0,0
2026-10-04T14:11:02Z,shippingservice,currencyservice,0,0,0,0,0,0,0
2026-10-04T14:11:02Z,shippingservice,emailservice,0,0,0,0,0,0,0
2026-10-04T14:11:02Z,shippingservice,frontend,0,0,0,0,0,0,0
2026-10-04T14:11:02Z,shippingservice,kubernetes,0,0,0,0,0,0,0
2026-10-04T14:11:02Z,shippingservice,paymentservice,0,0,0,0,0,0,0
2026-10-04T14:11:02Z,shippingservice,productcatalogservice,0,0,0,0,0,0,0
2026-10-04T14:11:02Z,shippingservice,recommendationservice,0,0,0,0,0,0,0
2026-10-04T14:11:02Z,shippingservice,redis-cart,0,0,0,0,0,0,0
2026-10-04T14:11:02Z,shippingservice,shippingservice,0,0,0,0,0,0,0
2026-10-04T14:11:03Z,adservice,adservice,0,0,0,0,0,0,0
2026-10-04T14:11:03Z,adservice,cartservice,0,0,0,0,0,0,0
2026-10-04T14:11:03Z,adservice,checkoutservice,0,0,0,0,0,0,0
2026-10-04T14:11:03Z,adservice,currencyservice,0,0,0,0,0,0,0
2026-10-04T14:11:03Z,adservice,emailservice,0,0,0,0,0,0,0
2026-10-04T14:11:03Z,adservice,frontend,0,0,0,0,0,0,0
2026-10-04T14:11:03Z,adservice,kubernetes,0,0,0,0,0,0,0
2026-10-04T14:11:03Z,adservice,paymentservice,0,0,0,0,0,0,0
2026-10-04T14:11:03Z,adservice,productcatalogservice,0,0,0,0,0,0,0
2026-10-04T14:11:03Z,adservice,recommendationservice,0,0,0,0,0,0,0
2026-10-04T14:11:03Z,adservice,redis-cart,0,0,0,0,0,0,0
2026-10-04T14:11:03Z,adservice,shippingservice,0,0,0,0,0,0,0
2026-10-04T14:11:03Z,cartservice,adservice,0,0,0,0,0,0,0
2026-10-04T14:11:03Z,cartservice,cartservice,0,0,0,0,0,0,0
2026-10-04T14:11:03Z,cartservice,checkoutservice,0,0,0,0,0,0,0
2026-10-04T14:11:03Z,cartservice,currencyservice,0,0,0,0,0,0,0
2026-10-04T14:11:03Z,cartservice,emailservice,0,0,0,0,0,0,0
2026-10-04T14:11:03Z,cartservice,frontend,0,0,0,0,0,0,0
2026-10-04T14:11:03Z,cartservice,kubernetes,0,0,0,0,0,0,0
2026-10-04T14:11:03Z,cartservice,paymentservice,0,0,0,0,0,0,0
2026-10-04T14:11:03Z,cartservice,productcatalogservice,0,0,0,0,0,0,0
2026-10-04T14:11:03Z,cartservice,recommendationservice,0,0,0,0,0,0,0
2026-10-04T14:11:03Z,cartservice,redis-cart,2,0,0,0,0,0,0
2026-10-04T14:11:03Z,cartservice,shippingservice,0,0,0,0,0,0,0
2026-10-04T14:11:03Z,checkoutservice,adservice,0,0,0,0,0,0,0
2026-10-04T14:11:03Z,checkoutservice,cartservice,65769,64838,0,100,0,723925,64719
2026-10-04T14:11:03Z,checkoutservice,checkoutservice,0,0,0,0,0,0,0
2026-10-04T14:11:03Z,checkoutservice,currencyservice,44282,44282,0,0,0,578179,44226
2026-10-04T14:11:03Z,checkoutservice,emailservice,15520,15232,0,66,0,496885,15169
2026-10-04T14:11:03Z,checkoutservice,frontend,0,0,0,0,0,0,0
2026-10-04T14:11:03Z,checkoutservice,kubernetes,0,0,0,0,0,0,0
2026-10-04T14:11:03Z,checkoutservice,paymentservice,37548,35700,0,192,0,448512,35496
2026-10-04T14:11:03Z,checkoutservice,productcatalogservice,0,0,0,0,0,0,0
2026-10-04T14:11:03Z,checkoutservice,recommendationservice,0,0,0,0,0,0,0
2026-10-04T14:11:03Z,checkoutservice,redis-cart,0,0,0,0,0,0,0
2026-10-04T14:11:03Z,checkoutservice,shippingservice,71080,68977,0,154,0,523614,68861
2026-10-04T14:11:03Z,currencyservice,adservice,0,0,0,0,0,0,0
2026-10-04T14:11:03Z,currencyservice,cartservice,0,0,0,0,0,0,0
2026-10-04T14:11:03Z,currencyservice,checkoutservice,0,0,0,0,0,0,0
2026-10-04T14:11:03Z,currencyservice,currencyservice,0,0,0,0,0,0,0
2026-10-04T14:11:03Z,currencyservice,emailservice,0,0,0,0,0,0,0
2026-10-04T14:11:03Z,currencyservice,frontend,0,0,0,0,0,0,0
2026-10-04T14:11:03Z,currencyservice,kubernetes,0,0,0,0,0,0,0
2026-10-04T14:11:03Z,currencyservice,paymentservice,0,0,0,0,0,0,0
2026-10-04T14:11:03Z,currencyservice,productcatalogservice,0,0,0,0,0,0,0
2026-10-04T14:11:03Z,currencyservice,recommendationservice,0,0,0,0,0,0,0
2026-10-04T14:11:03Z,currencyservice,redis-cart,0,0,0,0,0,0,0
2026-10-04T14:11:03Z,currencyservice,shippingservice,0,0,0,0,0,0,0
2026-10-04T14:11:03Z,emailservice,adservice,0,0,0,0,0,0,0
2026-10-04T14:11:03Z,emailservice,cartservice,0,0,0,0,0,0,0
2026-10-04T14:11:03Z,emailservice,checkoutservice,0,0,0,0,0,0,0
2026-10-04T14:11:03Z,emailservice,currencyservice,0,0,0,0,0,0,0
2026-10-04T14:11:03Z,emailservice,emailservice,0,0,0,0,0,0,0
2026-10-04T14:11:03Z,emailservice,frontend,0,0,0,0,0,0,0
2026-10-04T14:11:03Z,emailservice,kubernetes,0,0,0,0,0,0,0
2026-10-04T14:11:03Z,emailservice,paymentservice,0,0,0,0,0,0,0
2026-10-04T14:11:03Z,emailservice,productcatalogservice,0,0,0,0,0,0,0
2026-10-04T14:11:03Z,emailservice,recommendationservice,0,0,0,0,0,0,0
2026-10-04T14:11:03Z,emailservice,redis-cart,0,0,0,0,0,0,0
2026-10-04T14:11:03Z,emailservice,shippingservice,0,0,0,0,0,0,0
2026-10-04T14:11:03Z,frontend,adservice,856730,856728,0,0,0,2580050,856297
2026-10-04T14:11:03Z,frontend,cartservice,1915602,1915586,0,0,4,10577244,1914317
2026-10-04T14:11:03Z,frontend,checkoutservice,403267,193300,0,40061,169946,63068550,193105
2026-10-04T14:11:03Z,frontend,currencyservice,3043698,3043686,0,0,0,15984972,3041692
2026-10-04T14:11:03Z,frontend,emailservice,0,0,0,0,0,0,0
2026-10-04T14:11:03Z,frontend,frontend,0,0,0,0,0,0,0
2026-10-04T14:11:03Z,frontend,kubernetes,0,0,0,0,0,0,0
2026-10-04T14:11:03Z,frontend,paymentservice,0,0,0,0,0,0,0
2026-10-04T14:11:03Z,frontend,productcatalogservice,8514000,8513939,0,0,0,58062055,8509052
2026-10-04T14:11:03Z,frontend,recommendationservice,2798024,1691024,0,116656,987789,850427246,1689971
2026-10-04T14:11:03Z,frontend,redis-cart,0,0,0,0,0,0,0
2026-10-04T14:11:03Z,frontend,shippingservice,314068,314066,0,0,0,949206,313904
2026-10-04T14:11:03Z,paymentservice,adservice,0,0,0,0,0,0,0
2026-10-04T14:11:03Z,paymentservice,cartservice,0,0,0,0,0,0,0
2026-10-04T14:11:03Z,paymentservice,checkoutservice,0,0,0,0,0,0,0
2026-10-04T14:11:03Z,paymentservice,currencyservice,0,0,0,0,0,0,0
2026-10-04T14:11:03Z,paymentservice,emailservice,0,0,0,0,0,0,0
2026-10-04T14:11:03Z,paymentservice,frontend,0,0,0,0,0,0,0
2026-10-04T14:11:03Z,paymentservice,kubernetes,0,0,0,0,0,0,0
2026-10-04T14:11:03Z,paymentservice,paymentservice,0,0,0,0,0,0,0
2026-10-04T14:11:03Z,paymentservice,productcatalogservice,0,0,0,0,0,0,0
2026-10-04T14:11:03Z,paymentservice,recommendationservice,0,0,0,0,0,0,0
2026-10-04T14:11:03Z,paymentservice,redis-cart,0,0,0,0,0,0,0
2026-10-04T14:11:03Z,paymentservice,shippingservice,0,0,0,0,0,0,0
2026-10-04T14:11:03Z,productcatalogservice,adservice,0,0,0,0,0,0,0
2026-10-04T14:11:03Z,productcatalogservice,cartservice,0,0,0,0,0,0,0
2026-10-04T14:11:03Z,productcatalogservice,checkoutservice,0,0,0,0,0,0,0
2026-10-04T14:11:03Z,productcatalogservice,currencyservice,0,0,0,0,0,0,0
2026-10-04T14:11:03Z,productcatalogservice,emailservice,0,0,0,0,0,0,0
2026-10-04T14:11:03Z,productcatalogservice,frontend,0,0,0,0,0,0,0
2026-10-04T14:11:03Z,productcatalogservice,kubernetes,0,0,0,0,0,0,0
2026-10-04T14:11:03Z,productcatalogservice,paymentservice,0,0,0,0,0,0,0
2026-10-04T14:11:03Z,productcatalogservice,productcatalogservice,0,0,0,0,0,0,0
2026-10-04T14:11:03Z,productcatalogservice,recommendationservice,0,0,0,0,0,0,0
2026-10-04T14:11:03Z,productcatalogservice,redis-cart,0,0,0,0,0,0,0
2026-10-04T14:11:03Z,productcatalogservice,shippingservice,0,0,0,0,0,0,0
2026-10-04T14:11:03Z,recommendationservice,adservice,0,0,0,0,0,0,0
2026-10-04T14:11:03Z,recommendationservice,cartservice,0,0,0,0,0,0,0
2026-10-04T14:11:03Z,recommendationservice,checkoutservice,0,0,0,0,0,0,0
2026-10-04T14:11:03Z,recommendationservice,currencyservice,0,0,0,0,0,0,0
2026-10-04T14:11:03Z,recommendationservice,emailservice,0,0,0,0,0,0,0
2026-10-04T14:11:03Z,recommendationservice,frontend,0,0,0,0,0,0,0
2026-10-04T14:11:03Z,recommendationservice,kubernetes,0,0,0,0,0,0,0
2026-10-04T14:11:03Z,recommendationservice,paymentservice,0,0,0,0,0,0,0
2026-10-04T14:11:03Z,recommendationservice,productcatalogservice,187255,187255,0,0,0,1242917,186035
2026-10-04T14:11:03Z,recommendationservice,recommendationservice,0,0,0,0,0,0,0
2026-10-04T14:11:03Z,recommendationservice,redis-cart,0,0,0,0,0,0,0
2026-10-04T14:11:03Z,recommendationservice,shippingservice,0,0,0,0,0,0,0
2026-10-04T14:11:03Z,redis-cart,adservice,0,0,0,0,0,0,0
2026-10-04T14:11:03Z,redis-cart,cartservice,0,0,0,0,0,0,0
2026-10-04T14:11:03Z,redis-cart,checkoutservice,0,0,0,0,0,0,0
2026-10-04T14:11:03Z,redis-cart,currencyservice,0,0,0,0,0,0,0
2026-10-04T14:11:03Z,redis-cart,emailservice,0,0,0,0,0,0,0
2026-10-04T14:11:03Z,redis-cart,frontend,0,0,0,0,0,0,0
2026-10-04T14:11:03Z,redis-cart,kubernetes,0,0,0,0,0,0,0
2026-10-04T14:11:03Z,redis-cart,paymentservice,0,0,0,0,0,0,0
2026-10-04T14:11:03Z,redis-cart,productcatalogservice,0,0,0,0,0,0,0
2026-10-04T14:11:03Z,redis-cart,recommendationservice,0,0,0,0,0,0,0
2026-10-04T14:11:03Z,redis-cart,redis-cart,0,0,0,0,0,0,0
2026-10-04T14:11:03Z,redis-cart,shippingservice,0,0,0,0,0,0,0
2026-10-04T14:11:03Z,shippingservice,adservice,0,0,0,0,0,0,0
2026-10-04T14:11:03Z,shippingservice,cartservice,0,0,0,0,0,0,0
2026-10-04T14:11:03Z,shippingservice,checkoutservice,0,0,0,0,0,0,0
2026-10-04T14:11:03Z,shippingservice,currencyservice,0,0,0,0,0,0,0
2026-10-04T14:11:03Z,shippingservice,emailservice,0,0,0,0,0,0,0
2026-10-04T14:11:03Z,shippingservice,frontend,0,0,0,0,0,0,0
2026-10-04T14:11:03Z,shippingservice,kubernetes,0,0,0,0,0,0,0
2026-10-04T14:11:03Z,shippingservice,paymentservice,0,0,0,0,0,0,0
2026-10-04T14:11:03Z,shippingservice,productcatalogservice,0,0,0,0,0,0,0
2026-10-04T14:11:03Z,shippingservice,recommendationservice,0,0,0,0,0,0,0
2026-10-04T14:11:03Z,shippingservice,redis-cart,0,0,0,0,0,0,0
2026-10-04T14:11:03Z,shippingservice,shippingservice,0,0,0,0,0,0,0
2026-10-04T14:11:04Z,adservice,adservice,0,0,0,0,0,0,0
2026-10-04T14:11:04Z,adservice,cartservice,0,0,0,0,0,0,0
2026-10-04T14:11:04Z,adservice,checkoutservice,0,0,0,0,0,0,0
2026-10-04T14:11:04Z,adservice,currencyservice,0,0,0,0,0,0,0
2026-10-04T14:11:04Z,adservice,emailservice,0,0,0,0,0,0,0
2026-10-04T14:11:04Z,adservice,frontend,0,0,0,0,0,0,0
2026-10-04T14:11:04Z,adservice,kubernetes,0,0,0,0,0,0,0
2026-10-04T14:11:04Z,adservice,paymentservice,0,0,0,0,0,0,0
2026-10-04T14:11:04Z,adservice,productcatalogservice,0,0,0,0,0,0,0
2026-10-04T14:11:04Z,adservice,recommendationservice,0,0,0,0,0,0,0
2026-10-04T14:11:04Z,adservice,redis-cart,0,0,0,0,0,0,0
2026-10-04T14:11:04Z,adservice,shippingservice,0,0,0,0,0,0,0
2026-10-04T14:11:04Z,cartservice,adservice,0,0,0,0,0,0,0
2026-10-04T14:11:04Z,cartservice,cartservice,0,0,0,0,0,0,0
2026-10-04T14:11:04Z,cartservice,checkoutservice,0,0,0,0,0,0,0
2026-10-04T14:11:04Z,cartservice,currencyservice,0,0,0,0,0,0,0
2026-10-04T14:11:04Z,cartservice,emailservice,0,0,0,0,0,0,0
2026-10-04T14:11:04Z,cartservice,frontend,0,0,0,0,0,0,0
2026-10-04T14:11:04Z,cartservice,kubernetes,0,0,0,0,0,0,0
2026-10-04T14:11:04Z,cartservice,paymentservice,0,0,0,0,0,0,0
2026-10-04T14:11:04Z,cartservice,productcatalogservice,0,0,0,0,0,0,0
2026-10-04T14:11:04Z,cartservice,recommendationservice,0,0,0,0,0,0,0
2026-10-04T14:11:04Z,cartservice,redis-cart,2,0,0,0,0,0,0
2026-10-04T14:11:04Z,cartservice,shippingservice,0,0,0,0,0,0,0
2026-10-04T14:11:04Z,checkoutservice,adservice,0,0,0,0,0,0,0
2026-10-04T14:11:04Z,checkoutservice,cartservice,65854,64923,0,100,0,723925,64719
2026-10-04T14:11:04Z,checkoutservice,checkoutservice,0,0,0,0,0,0,0
2026-10-04T14:11:04Z,checkoutservice,currencyservice,44329,44327,0,0,0,578179,44226
2026-10-04T14:11:04Z,checkoutservice,emailservice,15557,15269,0,66,0,496885,15169
2026-10-04T14:11:04Z,checkoutservice,frontend,0,0,0,0,0,0,0
2026-10-04T14:11:04Z,checkoutservice,kubernetes,0,0,0,0,0,0,0
2026-10-04T14:11:04Z,checkoutservice,paymentservice,37590,35740,0,192,0,448512,35496
2026-10-04T14:11:04Z,checkoutservice,productcatalogservice,0,0,0,0,0,0,0
2026-10-04T14:11:04Z,checkoutservice,recommendationservice,0,0,0,0,0,0,0
2026-10-04T14:11:04Z,checkoutservice,redis-cart,0,0,0,0,0,0,0
2026-10-04T14:11:04Z,checkoutservice,shippingservice,71165,69062,0,154,0,523614,68861
2026-10-04T14:11:04Z,currencyservice,adservice,0,0,0,0,0,0,0
2026-10-04T14:11:04Z,currencyservice,cartservice,0,0,0,0,0,0,0
2026-10-04T14:11:04Z,currencyservice,checkoutservice,0,0,0,0,0,0,0
2026-10-04T14:11:04Z,currencyservice,currencyservice,0,0,0,0,0,0,0
2026-10-04T14:11:04Z,currencyservice,emailservice,0,0,0,0,0,0,0
2026-10-04T14:11:04Z,currencyservice,frontend,0,0,0,0,0,0,0
2026-10-04T14:11:04Z,currencyservice,kubernetes,0,0,0,0,0,0,0
2026-10-04T14:11:04Z,currencyservice,paymentservice,0,0,0,0,0,0,0
2026-10-04T14:11:04Z,currencyservice,productcatalogservice,0,0,0,0,0,0,0
2026-10-04T14:11:04Z,currencyservice,recommendationservice,0,0,0,0,0,0,0
2026-10-04T14:11:04Z,currencyservice,redis-cart,0,0,0,0,0,0,0
2026-10-04T14:11:04Z,currencyservice,shippingservice,0,0,0,0,0,0,0
2026-10-04T14:11:04Z,emailservice,adservice,0,0,0,0,0,0,0
2026-10-04T14:11:04Z,emailservice,cartservice,0,0,0,0,0,0,0
2026-10-04T14:11:04Z,emailservice,checkoutservice,0,0,0,0,0,0,0
2026-10-04T14:11:04Z,emailservice,currencyservice,0,0,0,0,0,0,0
2026-10-04T14:11:04Z,emailservice,emailservice,0,0,0,0,0,0,0
2026-10-04T14:11:04Z,emailservice,frontend,0,0,0,0,0,0,0
2026-10-04T14:11:04Z,emailservice,kubernetes,0,0,0,0,0,0,0
2026-10-04T14:11:04Z,emailservice,paymentservice,0,0,0,0,0,0,0
2026-10-04T14:11:04Z,emailservice,productcatalogservice,0,0,0,0,0,0,0
2026-10-04T14:11:04Z,emailservice,recommendationservice,0,0,0,0,0,0,0
2026-10-04T14:11:04Z,emailservice,redis-cart,0,0,0,0,0,0,0
2026-10-04T14:11:04Z,emailservice,shippingservice,0,0,0,0,0,0,0
2026-10-04T14:11:04Z,frontend,adservice,856873,856871,0,0,0,2581011,856622
2026-10-04T14:11:04Z,frontend,cartservice,1915992,1915977,0,0,4,10581480,1915305
2026-10-04T14:11:04Z,frontend,checkoutservice,403321,193353,0,40061,169946,63085341,193252
2026-10-04T14:11:04Z,frontend,currencyservice,3044306,3044293,0,0,0,15990732,3043223
2026-10-04T14:11:04Z,frontend,emailservice,0,0,0,0,0,0,0
2026-10-04T14:11:04Z,frontend,frontend,0,0,0,0,0,0,0
2026-10-04T14:11:04Z,frontend,kubernetes,0,0,0,0,0,0,0
2026-10-04T14:11:04Z,frontend,paymentservice,0,0,0,0,0,0,0
2026-10-04T14:11:04Z,frontend,productcatalogservice,8515572,8515497,0,0,0,58082495,8512746
2026-10-04T14:11:04Z,frontend,recommendationservice,2798796,1691374,0,116702,988179,851093411,1690768
2026-10-04T14:11:04Z,frontend,redis-cart,0,0,0,0,0,0,0
2026-10-04T14:11:04Z,frontend,shippingservice,314117,314115,0,0,0,949539,314022
2026-10-04T14:11:04Z,paymentservice,adservice,0,0,0,0,0,0,0
2026-10-04T14:11:04Z,paymentservice,cartservice,0,0,0,0,0,0,0
2026-10-04T14:11:04Z,paymentservice,checkoutservice,0,0,0,0,0,0,0
2026-10-04T14:11:04Z,paymentservice,currencyservice,0,0,0,0,0,0,0
2026-10-04T14:11:04Z,paymentservice,emailservice,0,0,0,0,0,0,0
2026-10-04T14:11:04Z,paymentservice,frontend,0,0,0,0,0,0,0
2026-10-04T14:11:04Z,paymentservice,kubernetes,0,0,0,0,0,0,0
2026-10-04T14:11:04Z,paymentservice,paymentservice,0,0,0,0,0,0,0
2026-10-04T14:11:04Z,paymentservice,productcatalogservice,0,0,0,0,0,0,0
2026-10-04T14:11:04Z,paymentservice,recommendationservice,0,0,0,0,0,0,0
2026-10-04T14:11:04Z,paymentservice,redis-cart,0,0,0,0,0,0,0
2026-10-04T14:11:04Z,paymentservice,shippingservice,0,0,0,0,0,0,0
2026-10-04T14:11:04Z,productcatalogservice,adservice,0,0,0,0,0,0,0
2026-10-04T14:11:04Z,productcatalogservice,cartservice,0,0,0,0,0,0,0
2026-10-04T14:11:04Z,productcatalogservice,checkoutservice,0,0,0,0,0,0,0
2026-10-04T14:11:04Z,productcatalogservice,currencyservice,0,0,0,0,0,0,0
2026-10-04T14:11:04Z,productcatalogservice,emailservice,0,0,0,0,0,0,0
2026-10-04T14:11:04Z,productcatalogservice,frontend,0,0,0,0,0,0,0
2026-10-04T14:11:04Z,productcatalogservice,kubernetes,0,0,0,0,0,0,0
2026-10-04T14:11:04Z,productcatalogservice,paymentservice,0,0,0,0,0,0,0
2026-10-04T14:11:04Z,productcatalogservice,productcatalogservice,0,0,0,0,0,0,0
2026-10-04T14:11:04Z,productcatalogservice,recommendationservice,0,0,0,0,0,0,0
2026-10-04T14:11:04Z,productcatalogservice,redis-cart,0,0,0,0,0,0,0
2026-10-04T14:11:04Z,productcatalogservice,shippingservice,0,0,0,0,0,0,0
2026-10-04T14:11:04Z,recommendationservice,adservice,0,0,0,0,0,0,0
2026-10-04T14:11:04Z,recommendationservice,cartservice,0,0,0,0,0,0,0
2026-10-04T14:11:04Z,recommendationservice,checkoutservice,0,0,0,0,0,0,0
2026-10-04T14:11:04Z,recommendationservice,currencyservice,0,0,0,0,0,0,0
2026-10-04T14:11:04Z,recommendationservice,emailservice,0,0,0,0,0,0,0
2026-10-04T14:11:04Z,recommendationservice,frontend,0,0,0,0,0,0,0
2026-10-04T14:11:04Z,recommendationservice,kubernetes,0,0,0,0,0,0,0
2026-10-04T14:11:04Z,recommendationservice,paymentservice,0,0,0,0,0,0,0
2026-10-04T14:11:04Z,recommendationservice,productcatalogservice,187667,187667,0,0,0,1242917,186035
2026-10-04T14:11:04Z,recommendationservice,recommendationservice,0,0,0,0,0,0,0
2026-10-04T14:11:04Z,recommendationservice,redis-cart,0,0,0,0,0,0,0
2026-10-04T14:11:04Z,recommendationservice,shippingservice,0,0,0,0,0,0,0
2026-10-04T14:11:04Z,redis-cart,adservice,0,0,0,0,0,0,0
2026-10-04T14:11:04Z,redis-cart,cartservice,0,0,0,0,0,0,0
2026-10-04T14:11:04Z,redis-cart,checkoutservice,0,0,0,0,0,0,0
2026-10-04T14:11:04Z,redis-cart,currencyservice,0,0,0,0,0,0,0
2026-10-04T14:11:04Z,redis-cart,emailservice,0,0,0,0,0,0,0
2026-10-04T14:11:04Z,redis-cart,frontend,0,0,0,0,0,0,0
2026-10-04T14:11:04Z,redis-cart,kubernetes,0,0,0,0,0,0,0
2026-10-04T14:11:04Z,redis-cart,paymentservice,0,0,0,0,0,0,0
2026-10-04T14:11:04Z,redis-cart,productcatalogservice,0,0,0,0,0,0,0
2026-10-04T14:11:04Z,redis-cart,recommendationservice,0,0,0,0,0,0,0
2026-10-04T14:11:04Z,redis-cart,redis-cart,0,0,0,0,0,0,0
2026-10-04T14:11:04Z,redis-cart,shippingservice,0,0,0,0,0,0,0
2026-10-04T14:11:04Z,shippingservice,adservice,0,0,0,0,0,0,0
2026-10-04T14:11:04Z,shippingservice,cartservice,0,0,0,0,0,0,0
2026-10-04T14:11:04Z,shippingservice,checkoutservice,0,0,0,0,0,0,0
2026-10-04T14:11:04Z,shippingservice,currencyservice,0,0,0,0,0,0,0
2026-10-04T14:11:04Z,shippingservice,emailservice,0,0,0,0,0,0,0
2026-10-04T14:11:04Z,shippingservice,frontend,0,0,0,0,0,0,0
2026-10-04T14:11:04Z,shippingservice,kubernetes,0,0,0,0,0,0,0
2026-10-04T14:11:04Z,shippingservice,paymentservice,0,0,0,0,0,0,0
2026-10-04T14:11:04Z,shippingservice,productcatalogservice,0,0,0,0,0,0,0
2026-10-04T14:11:04Z,shippingservice,recommendationservice,0,0,0,0,0,0,0
2026-10-04T14:11:04Z,shippingservice,redis-cart,0,0,0,0,0,0,0
2026-10-04T14:11:04Z,shippingservice,shippingservice,0,0,0,0,0,0,0
2026-10-04T14:11:05Z,adservice,adservice,0,0,0,0,0,0,0
2026-10-04T14:11:05Z,adservice,cartservice,0,0,0,0,0,0,0
2026-10-04T14:11:05Z,adservice,checkoutservice,0,0,0,0,0,0,0
2026-10-04T14:11:05Z,adservice,currencyservice,0,0,0,0,0,0,0
2026-10-04T14:11:05Z,adservice,emailservice,0,0,0,0,0,0,0
2026-10-04T14:11:05Z,adservice,frontend,0,0,0,0,0,0,0
2026-10-04T14:11:05Z,adservice,kubernetes,0,0,0,0,0,0,0
2026-10-04T14:11:05Z,adservice,paymentservice,0,0,0,0,0,0,0
2026-10-04T14:11:05Z,adservice,productcatalogservice,0,0,0,0,0,0,0
2026-10-04T14:11:05Z,adservice,recommendationservice,0,0,0,0,0,0,0
2026-10-04T14:11:05Z,adservice,redis-cart,0,0,0,0,0,0,0
2026-10-04T14:11:05Z,adservice,shippingservice,0,0,0,0,0,0,0
2026-10-04T14:11:05Z,cartservice,adservice,0,0,0,0,0,0,0
2026-10-04T14:11:05Z,cartservice,cartservice,0,0,0,0,0,0,0
2026-10-04T14:11:05Z,cartservice,checkoutservice,0,0,0,0,0,0,0
2026-10-04T14:11:05Z,cartservice,currencyservice,0,0,0,0,0,0,0
2026-10-04T14:11:05Z,cartservice,emailservice,0,0,0,0,0,0,0
2026-10-04T14:11:05Z,cartservice,frontend,0,0,0,0,0,0,0
2026-10-04T14:11:05Z,cartservice,kubernetes,0,0,0,0,0,0,0
2026-10-04T14:11:05Z,cartservice,paymentservice,0,0,0,0,0,0,0
2026-10-04T14:11:05Z,cartservice,productcatalogservice,0,0,0,0,0,0,0
2026-10-04T14:11:05Z,cartservice,recommendationservice,0,0,0,0,0,0,0
2026-10-04T14:11:05Z,cartservice,redis-cart,2,0,0,0,0,0,0
2026-10-04T14:11:05Z,cartservice,shippingservice,0,0,0,0,0,0,0
2026-10-04T14:11:05Z,checkoutservice,adservice,0,0,0,0,0,0,0
2026-10-04T14:11:05Z,checkoutservice,cartservice,65954,65023,0,100,0,723925,64719
2026-10-04T14:11:05Z,checkoutservice,checkoutservice,0,0,0,0,0,0,0
2026-10-04T14:11:05Z,checkoutservice,currencyservice,44376,44375,0,0,0,578179,44226
2026-10-04T14:11:05Z,checkoutservice,emailservice,15610,15321,0,66,0,496885,15169
2026-10-04T14:11:05Z,checkoutservice,frontend,0,0,0,0,0,0,0
2026-10-04T14:11:05Z,checkoutservice,kubernetes,0,0,0,0,0,0,0
2026-10-04T14:11:05Z,checkoutservice,paymentservice,37641,35791,0,192,0,448512,35496
2026-10-04T14:11:05Z,checkoutservice,productcatalogservice,0,0,0,0,0,0,0
2026-10-04T14:11:05Z,checkoutservice,recommendationservice,0,0,0,0,0,0,0
2026-10-04T14:11:05Z,checkoutservice,redis-cart,0,0,0,0,0,0,0
2026-10-04T14:11:05Z,checkoutservice,shippingservice,71265,69162,0,154,0,523614,68861
2026-10-04T14:11:05Z,currencyservice,adservice,0,0,0,0,0,0,0
2026-10-04T14:11:05Z,currencyservice,cartservice,0,0,0,0,0,0,0
2026-10-04T14:11:05Z,currencyservice,checkoutservice,0,0,0,0,0,0,0
2026-10-04T14:11:05Z,currencyservice,currencyservice,0,0,0,0,0,0,0
2026-10-04T14:11:05Z,currencyservice,emailservice,0,0,0,0,0,0,0
2026-10-04T14:11:05Z,currencyservice,frontend,0,0,0,0,0,0,0
2026-10-04T14:11:05Z,currencyservice,kubernetes,0,0,0,0,0,0,0
2026-10-04T14:11:05Z,currencyservice,paymentservice,0,0,0,0,0,0,0
2026-10-04T14:11:05Z,currencyservice,productcatalogservice,0,0,0,0,0,0,0
2026-10-04T14:11:05Z,currencyservice,recommendationservice,0,0,0,0,0,0,0
2026-10-04T14:11:05Z,currencyservice,redis-cart,0,0,0,0,0,0,0
2026-10-04T14:11:05Z,currencyservice,shippingservice,0,0,0,0,0,0,0
2026-10-04T14:11:05Z,emailservice,adservice,0,0,0,0,0,0,0
2026-10-04T14:11:05Z,emailservice,cartservice,0,0,0,0,0,0,0
2026-10-04T14:11:05Z,emailservice,checkoutservice,0,0,0,0,0,0,0
2026-10-04T14:11:05Z,emailservice,currencyservice,0,0,0,0,0,0,0
2026-10-04T14:11:05Z,emailservice,emailservice,0,0,0,0,0,0,0
2026-10-04T14:11:05Z,emailservice,frontend,0,0,0,0,0,0,0
2026-10-04T14:11:05Z,emailservice,kubernetes,0,0,0,0,0,0,0
2026-10-04T14:11:05Z,emailservice,paymentservice,0,0,0,0,0,0,0
2026-10-04T14:11:05Z,emailservice,productcatalogservice,0,0,0,0,0,0,0
2026-10-04T14:11:05Z,emailservice,recommendationservice,0,0,0,0,0,0,0
2026-10-04T14:11:05Z,emailservice,redis-cart,0,0,0,0,0,0,0
2026-10-04T14:11:05Z,emailservice,shippingservice,0,0,0,0,0,0,0
2026-10-04T14:11:05Z,frontend,adservice,857001,856999,0,0,0,2581403,856774
2026-10-04T14:11:05Z,frontend,cartservice,1916399,1916386,0,0,4,10583322,1915723
2026-10-04T14:11:05Z,frontend,checkoutservice,403367,193395,0,40061,169946,63095401,193316
2026-10-04T14:11:05Z,frontend,currencyservice,3044936,3044926,0,0,0,15993484,3043890
2026-10-04T14:11:05Z,frontend,emailservice,0,0,0,0,0,0,0
2026-10-04T14:11:05Z,frontend,frontend,0,0,0,0,0,0,0
2026-10-04T14:11:05Z,frontend,kubernetes,0,0,0,0,0,0,0
2026-10-04T14:11:05Z,frontend,paymentservice,0,0,0,0,0,0,0
2026-10-04T14:11:05Z,frontend,productcatalogservice,8517000,8516921,0,0,0,58095592,8514422
2026-10-04T14:11:05Z,frontend,recommendationservice,2799590,1691723,0,116750,988552,851405496,1691136
2026-10-04T14:11:05Z,frontend,redis-cart,0,0,0,0,0,0,0
2026-10-04T14:11:05Z,frontend,shippingservice,314161,314159,0,0,0,949668,314074
2026-10-04T14:11:05Z,paymentservice,adservice,0,0,0,0,0,0,0
2026-10-04T14:11:05Z,paymentservice,cartservice,0,0,0,0,0,0,0
2026-10-04T14:11:05Z,paymentservice,checkoutservice,0,0,0,0,0,0,0
2026-10-04T14:11:05Z,paymentservice,currencyservice,0,0,0,0,0,0,0
2026-10-04T14:11:05Z,paymentservice,emailservice,0,0,0,0,0,0,0
2026-10-04T14:11:05Z,paymentservice,frontend,0,0,0,0,0,0,0
2026-10-04T14:11:05Z,paymentservice,kubernetes,0,0,0,0,0,0,0
2026-10-04T14:11:05Z,paymentservice,paymentservice,0,0,0,0,0,0,0
2026-10-04T14:11:05Z,paymentservice,productcatalogservice,0,0,0,0,0,0,0
2026-10-04T14:11:05Z,paymentservice,recommendationservice,0,0,0,0,0,0,0
2026-10-04T14:11:05Z,paymentservice,redis-cart,0,0,0,0,0,0,0
2026-10-04T14:11:05Z,paymentservice,shippingservice,0,0,0,0,0,0,0
2026-10-04T14:11:05Z,productcatalogservice,adservice,0,0,0,0,0,0,0
2026-10-04T14:11:05Z,productcatalogservice,cartservice,0,0,0,0,0,0,0
2026-10-04T14:11:05Z,productcatalogservice,checkoutservice,0,0,0,0,0,0,0
2026-10-04T14:11:05Z,productcatalogservice,currencyservice,0,0,0,0,0,0,0
2026-10-04T14:11:05Z,productcatalogservice,emailservice,0,0,0,0,0,0,0
2026-10-04T14:11:05Z,productcatalogservice,frontend,0,0,0,0,0,0,0
2026-10-04T14:11:05Z,productcatalogservice,kubernetes,0,0,0,0,0,0,0
2026-10-04T14:11:05Z,productcatalogservice,paymentservice,0,0,0,0,0,0,0
2026-10-04T14:11:05Z,productcatalogservice,productcatalogservice,0,0,0,0,0,0,0
2026-10-04T14:11:05Z,productcatalogservice,recommendationservice,0,0,0,0,0,0,0
2026-10-04T14:11:05Z,productcatalogservice,redis-cart,0,0,0,0,0,0,0
2026-10-04T14:11:05Z,productcatalogservice,shippingservice,0,0,0,0,0,0,0
2026-10-04T14:11:05Z,recommendationservice,adservice,0,0,0,0,0,0,0
2026-10-04T14:11:05Z,recommendationservice,cartservice,0,0,0,0,0,0,0
2026-10-04T14:11:05Z,recommendationservice,checkoutservice,0,0,0,0,0,0,0
2026-10-04T14:11:05Z,recommendationservice,currencyservice,0,0,0,0,0,0,0
2026-10-04T14:11:05Z,recommendationservice,emailservice,0,0,0,0,0,0,0
2026-10-04T14:11:05Z,recommendationservice,frontend,0,0,0,0,0,0,0
2026-10-04T14:11:05Z,recommendationservice,kubernetes,0,0,0,0,0,0,0
2026-10-04T14:11:05Z,recommendationservice,paymentservice,0,0,0,0,0,0,0
2026-10-04T14:11:05Z,recommendationservice,productcatalogservice,188136,188136,0,0,0,1254227,188086
2026-10-04T14:11:05Z,recommendationservice,recommendationservice,0,0,0,0,0,0,0
2026-10-04T14:11:05Z,recommendationservice,redis-cart,0,0,0,0,0,0,0
2026-10-04T14:11:05Z,recommendationservice,shippingservice,0,0,0,0,0,0,0
2026-10-04T14:11:05Z,redis-cart,adservice,0,0,0,0,0,0,0
2026-10-04T14:11:05Z,redis-cart,cartservice,0,0,0,0,0,0,0
2026-10-04T14:11:05Z,redis-cart,checkoutservice,0,0,0,0,0,0,0
2026-10-04T14:11:05Z,redis-cart,currencyservice,0,0,0,0,0,0,0
2026-10-04T14:11:05Z,redis-cart,emailservice,0,0,0,0,0,0,0
2026-10-04T14:11:05Z,redis-cart,frontend,0,0,0,0,0,0,0
2026-10-04T14:11:05Z,redis-cart,kubernetes,0,0,0,0,0,0,0
2026-10-04T14:11:05Z,redis-cart,paymentservice,0,0,0,0,0,0,0
2026-10-04T14:11:05Z,redis-cart,productcatalogservice,0,0,0,0,0,0,0
2026-10-04T14:11:05Z,redis-cart,recommendationservice,0,0,0,0,0,0,0
2026-10-04T14:11:05Z,redis-cart,redis-cart,0,0,0,0,0,0,0
2026-10-04T14:11:05Z,redis-cart,shippingservice,0,0,0,0,0,0,0
2026-10-04T14:11:05Z,shippingservice,adservice,0,0,0,0,0,0,0
2026-10-04T14:11:05Z,shippingservice,cartservice,0,0,0,0,0,0,0
2026-10-04T14:11:05Z,shippingservice,checkoutservice,0,0,0,0,0,0,0
2026-10-04T14:11:05Z,shippingservice,currencyservice,0,0,0,0,0,0,0
2026-10-04T14:11:05Z,shippingservice,emailservice,0,0,0,0,0,0,0
2026-10-04T14:11:05Z,shippingservice,frontend,0,0,0,0,0,0,0
2026-10-04T14:11:05Z,shippingservice,kubernetes,0,0,0,0,0,0,0
2026-10-04T14:11:05Z,shippingservice,paymentservice,0,0,0,0,0,0,0
2026-10-04T14:11:05Z,shippingservice,productcatalogservice,0,0,0,0,0,0,0
2026-10-04T14:11:05Z,shippingservice,recommendationservice,0,0,0,0,0,0,0
2026-10-04T14:11:05Z,shippingservice,redis-cart,0,0,0,0,0,0,0
2026-10-04T14:11:05Z,shippingservice,shippingservice,0,0,0,0,0,0,0
2026-10-04T14:11:06Z,adservice,adservice,0,0,0,0,0,0,0
2026-10-04T14:11:06Z,adservice,cartservice,0,0,0,0,0,0,0
2026-10-04T14:11:06Z,adservice,checkoutservice,0,0,0,0,0,0,0
2026-10-04T14:11:06Z,adservice,currencyservice,0,0,0,0,0,0,0
2026-10-04T14:11:06Z,adservice,emailservice,0,0,0,0,0,0,0
2026-10-04T14:11:06Z,adservice,frontend,0,0,0,0,0,0,0
2026-10-04T14:11:06Z,adservice,kubernetes,0,0,0,0,0,0,0
2026-10-04T14:11:06Z,adservice,paymentservice,0,0,0,0,0,0,0
2026-10-04T14:11:06Z,adservice,productcatalogservice,0,0,0,0,0,0,0
2026-10-04T14:11:06Z,adservice,recommendationservice,0,0,0,0,0,0,0
2026-10-04T14:11:06Z,adservice,redis-cart,0,0,0,0,0,0,0
2026-10-04T14:11:06Z,adservice,shippingservice,0,0,0,0,0,0,0
2026-10-04T14:11:06Z,cartservice,adservice,0,0,0,0,0,0,0
2026-10-04T14:11:06Z,cartservice,cartservice,0,0,0,0,0,0,0
2026-10-04T14:11:06Z,cartservice,checkoutservice,0,0,0,0,0,0,0
2026-10-04T14:11:06Z,cartservice,currencyservice,0,0,0,0,0,0,0
2026-10-04T14:11:06Z,cartservice,emailservice,0,0,0,0,0,0,0
2026-10-04T14:11:06Z,cartservice,frontend,0,0,0,0,0,0,0
2026-10-04T14:11:06Z,cartservice,kubernetes,0,0,0,0,0,0,0
2026-10-04T14:11:06Z,cartservice,paymentservice,0,0,0,0,0,0,0
2026-10-04T14:11:06Z,cartservice,productcatalogservice,0,0,0,0,0,0,0
2026-10-04T14:11:06Z,cartservice,recommendationservice,0,0,0,0,0,0,0
2026-10-04T14:11:06Z,cartservice,redis-cart,2,0,0,0,0,0,0
2026-10-04T14:11:06Z,cartservice,shippingservice,0,0,0,0,0,0,0
2026-10-04T14:11:06Z,checkoutservice,adservice,0,0,0,0,0,0,0
2026-10-04T14:11:06Z,checkoutservice,cartservice,66063,65131,0,100,0,723925,64719
2026-10-04T14:11:06Z,checkoutservice,checkoutservice,0,0,0,0,0,0,0
2026-10-04T14:11:06Z,checkoutservice,currencyservice,44429,44428,0,0,0,578179,44226
2026-10-04T14:11:06Z,checkoutservice,emailservice,15666,15378,0,66,0,496885,15169
2026-10-04T14:11:06Z,checkoutservice,frontend,0,0,0,0,0,0,0
2026-10-04T14:11:06Z,checkoutservice,kubernetes,0,0,0,0,0,0,0
2026-10-04T14:11:06Z,checkoutservice,paymentservice,37694,35846,0,192,0,448512,35496
2026-10-04T14:11:06Z,checkoutservice,productcatalogservice,0,0,0,0,0,0,0
2026-10-04T14:11:06Z,checkoutservice,recommendationservice,0,0,0,0,0,0,0
2026-10-04T14:11:06Z,checkoutservice,redis-cart,0,0,0,0,0,0,0
2026-10-04T14:11:06Z,checkoutservice,shippingservice,71373,69270,0,154,0,523614,68861
2026-10-04T14:11:06Z,currencyservice,adservice,0,0,0,0,0,0,0
2026-10-04T14:11:06Z,currencyservice,cartservice,0,0,0,0,0,0,0
2026-10-04T14:11:06Z,currencyservice,checkoutservice,0,0,0,0,0,0,0
2026-10-04T14:11:06Z,currencyservice,currencyservice,0,0,0,0,0,0,0
2026-10-04T14:11:06Z,currencyservice,emailservice,0,0,0,0,0,0,0
2026-10-04T14:11:06Z,currencyservice,frontend,0,0,0,0,0,0,0
2026-10-04T14:11:06Z,currencyservice,kubernetes,0,0,0,0,0,0,0
2026-10-04T14:11:06Z,currencyservice,paymentservice,0,0,0,0,0,0,0
2026-10-04T14:11:06Z,currencyservice,productcatalogservice,0,0,0,0,0,0,0
2026-10-04T14:11:06Z,currencyservice,recommendationservice,0,0,0,0,0,0,0
2026-10-04T14:11:06Z,currencyservice,redis-cart,0,0,0,0,0,0,0
2026-10-04T14:11:06Z,currencyservice,shippingservice,0,0,0,0,0,0,0
2026-10-04T14:11:06Z,emailservice,adservice,0,0,0,0,0,0,0
2026-10-04T14:11:06Z,emailservice,cartservice,0,0,0,0,0,0,0
2026-10-04T14:11:06Z,emailservice,checkoutservice,0,0,0,0,0,0,0
2026-10-04T14:11:06Z,emailservice,currencyservice,0,0,0,0,0,0,0
2026-10-04T14:11:06Z,emailservice,emailservice,0,0,0,0,0,0,0
2026-10-04T14:11:06Z,emailservice,frontend,0,0,0,0,0,0,0
2026-10-04T14:11:06Z,emailservice,kubernetes,0,0,0,0,0,0,0
2026-10-04T14:11:06Z,emailservice,paymentservice,0,0,0,0,0,0,0
2026-10-04T14:11:06Z,emailservice,productcatalogservice,0,0,0,0,0,0,0
2026-10-04T14:11:06Z,emailservice,recommendationservice,0,0,0,0,0,0,0
2026-10-04T14:11:06Z,emailservice,redis-cart,0,0,0,0,0,0,0
2026-10-04T14:11:06Z,emailservice,shippingservice,0,0,0,0,0,0,0
2026-10-04T14:11:06Z,frontend,adservice,857137,857135,0,0,0,2581403,856774
2026-10-04T14:11:06Z,frontend,cartservice,1916776,1916755,0,0,4,10583322,1915723
2026-10-04T14:11:06Z,frontend,checkoutservice,403430,193456,0,40061,169946,63095401,193316
2026-10-04T14:11:06Z,frontend,currencyservice,3045528,3045516,0,0,0,15993484,3043890
2026-10-04T14:11:06Z,frontend,emailservice,0,0,0,0,0,0,0
2026-10-04T14:11:06Z,frontend,frontend,0,0,0,0,0,0,0
2026-10-04T14:11:06Z,frontend,kubernetes,0,0,0,0,0,0,0
2026-10-04T14:11:06Z,frontend,paymentservice,0,0,0,0,0,0,0
2026-10-04T14:11:06Z,frontend,productcatalogservice,8518489,8518420,0,0,0,58095592,8514422
2026-10-04T14:11:06Z,frontend,recommendationservice,2800363,1692043,0,116804,988962,851405496,1691136
2026-10-04T14:11:06Z,frontend,redis-cart,0,0,0,0,0,0,0
2026-10-04T14:11:06Z,frontend,shippingservice,314205,314203,0,0,0,949668,314074
2026-10-04T14:11:06Z,paymentservice,adservice,0,0,0,0,0,0,0
2026-10-04T14:11:06Z,paymentservice,cartservice,0,0,0,0,0,0,0
2026-10-04T14:11:06Z,paymentservice,checkoutservice,0,0,0,0,0,0,0
2026-10-04T14:11:06Z,paymentservice,currencyservice,0,0,0,0,0,0,0
2026-10-04T14:11:06Z,paymentservice,emailservice,0,0,0,0,0,0,0
2026-10-04T14:11:06Z,paymentservice,frontend,0,0,0,0,0,0,0
2026-10-04T14:11:06Z,paymentservice,kubernetes,0,0,0,0,0,0,0
2026-10-04T14:11:06Z,paymentservice,paymentservice,0,0,0,0,0,0,0
2026-10-04T14:11:06Z,paymentservice,productcatalogservice,0,0,0,0,0,0,0
2026-10-04T14:11:06Z,paymentservice,recommendationservice,0,0,0,0,0,0,0
2026-10-04T14:11:06Z,paymentservice,redis-cart,0,0,0,0,0,0,0
2026-10-04T14:11:06Z,paymentservice,shippingservice,0,0,0,0,0,0,0
2026-10-04T14:11:06Z,productcatalogservice,adservice,0,0,0,0,0,0,0
2026-10-04T14:11:06Z,productcatalogservice,cartservice,0,0,0,0,0,0,0
2026-10-04T14:11:06Z,productcatalogservice,checkoutservice,0,0,0,0,0,0,0
2026-10-04T14:11:06Z,productcatalogservice,currencyservice,0,0,0,0,0,0,0
2026-10-04T14:11:06Z,productcatalogservice,emailservice,0,0,0,0,0,0,0
2026-10-04T14:11:06Z,productcatalogservice,frontend,0,0,0,0,0,0,0
2026-10-04T14:11:06Z,productcatalogservice,kubernetes,0,0,0,0,0,0,0
2026-10-04T14:11:06Z,productcatalogservice,paymentservice,0,0,0,0,0,0,0
2026-10-04T14:11:06Z,productcatalogservice,productcatalogservice,0,0,0,0,0,0,0
2026-10-04T14:11:06Z,productcatalogservice,recommendationservice,0,0,0,0,0,0,0
2026-10-04T14:11:06Z,productcatalogservice,redis-cart,0,0,0,0,0,0,0
2026-10-04T14:11:06Z,productcatalogservice,shippingservice,0,0,0,0,0,0,0
2026-10-04T14:11:06Z,recommendationservice,adservice,0,0,0,0,0,0,0
2026-10-04T14:11:06Z,recommendationservice,cartservice,0,0,0,0,0,0,0
2026-10-04T14:11:06Z,recommendationservice,checkoutservice,0,0,0,0,0,0,0
2026-10-04T14:11:06Z,recommendationservice,currencyservice,0,0,0,0,0,0,0
2026-10-04T14:11:06Z,recommendationservice,emailservice,0,0,0,0,0,0,0
2026-10-04T14:11:06Z,recommendationservice,frontend,0,0,0,0,0,0,0
2026-10-04T14:11:06Z,recommendationservice,kubernetes,0,0,0,0,0,0,0
2026-10-04T14:11:06Z,recommendationservice,paymentservice,0,0,0,0,0,0,0
2026-10-04T14:11:06Z,recommendationservice,productcatalogservice,188545,188544,0,0,0,1254227,188086
2026-10-04T14:11:06Z,recommendationservice,recommendationservice,0,0,0,0,0,0,0
2026-10-04T14:11:06Z,recommendationservice,redis-cart,0,0,0,0,0,0,0
2026-10-04T14:11:06Z,recommendationservice,shippingservice,0,0,0,0,0,0,0
2026-10-04T14:11:06Z,redis-cart,adservice,0,0,0,0,0,0,0
2026-10-04T14:11:06Z,redis-cart,cartservice,0,0,0,0,0,0,0
2026-10-04T14:11:06Z,redis-cart,checkoutservice,0,0,0,0,0,0,0
2026-10-04T14:11:06Z,redis-cart,currencyservice,0,0,0,0,0,0,0
2026-10-04T14:11:06Z,redis-cart,emailservice,0,0,0,0,0,0,0
2026-10-04T14:11:06Z,redis-cart,frontend,0,0,0,0,0,0,0
2026-10-04T14:11:06Z,redis-cart,kubernetes,0,0,0,0,0,0,0
2026-10-04T14:11:06Z,redis-cart,paymentservice,0,0,0,0,0,0,0
2026-10-04T14:11:06Z,redis-cart,productcatalogservice,0,0,0,0,0,0,0
2026-10-04T14:11:06Z,redis-cart,recommendationservice,0,0,0,0,0,0,0
2026-10-04T14:11:06Z,redis-cart,redis-cart,0,0,0,0,0,0,0
2026-10-04T14:11:06Z,redis-cart,shippingservice,0,0,0,0,0,0,0
2026-10-04T14:11:06Z,shippingservice,adservice,0,0,0,0,0,0,0
2026-10-04T14:11:06Z,shippingservice,cartservice,0,0,0,0,0,0,0
2026-10-04T14:11:06Z,shippingservice,checkoutservice,0,0,0,0,0,0,0
2026-10-04T14:11:06Z,shippingservice,currencyservice,0,0,0,0,0,0,0
2026-10-04T14:11:06Z,shippingservice,emailservice,0,0,0,0,0,0,0
2026-10-04T14:11:06Z,shippingservice,frontend,0,0,0,0,0,0,0
2026-10-04T14:11:06Z,shippingservice,kubernetes,0,0,0,0,0,0,0
2026-10-04T14:11:06Z,shippingservice,paymentservice,0,0,0,0,0,0,0
2026-10-04T14:11:06Z,shippingservice,productcatalogservice,0,0,0,0,0,0,0
2026-10-04T14:11:06Z,shippingservice,recommendationservice,0,0,0,0,0,0,0
2026-10-04T14:11:06Z,shippingservice,redis-cart,0,0,0,0,0,0,0
2026-10-04T14:11:06Z,shippingservice,shippingservice,0,0,0,0,0,0,0
2026-10-04T14:11:07Z,adservice,adservice,0,0,0,0,0,0,0
2026-10-04T14:11:07Z,adservice,cartservice,0,0,0,0,0,0,0
2026-10-04T14:11:07Z,adservice,checkoutservice,0,0,0,0,0,0,0
2026-10-04T14:11:07Z,adservice,currencyservice,0,0,0,0,0,0,0
2026-10-04T14:11:07Z,adservice,emailservice,0,0,0,0,0,0,0
2026-10-04T14:11:07Z,adservice,frontend,0,0,0,0,0,0,0
2026-10-04T14:11:07Z,adservice,kubernetes,0,0,0,0,0,0,0
2026-10-04T14:11:07Z,adservice,paymentservice,0,0,0,0,0,0,0
2026-10-04T14:11:07Z,adservice,productcatalogservice,0,0,0,0,0,0,0
2026-10-04T14:11:07Z,adservice,recommendationservice,0,0,0,0,0,0,0
2026-10-04T14:11:07Z,adservice,redis-cart,0,0,0,0,0,0,0
2026-10-04T14:11:07Z,adservice,shippingservice,0,0,0,0,0,0,0
2026-10-04T14:11:07Z,cartservice,adservice,0,0,0,0,0,0,0
2026-10-04T14:11:07Z,cartservice,cartservice,0,0,0,0,0,0,0
2026-10-04T14:11:07Z,cartservice,checkoutservice,0,0,0,0,0,0,0
2026-10-04T14:11:07Z,cartservice,currencyservice,0,0,0,0,0,0,0
2026-10-04T14:11:07Z,cartservice,emailservice,0,0,0,0,0,0,0
2026-10-04T14:11:07Z,cartservice,frontend,0,0,0,0,0,0,0
2026-10-04T14:11:07Z,cartservice,kubernetes,0,0,0,0,0,0,0
2026-10-04T14:11:07Z,cartservice,paymentservice,0,0,0,0,0,0,0
2026-10-04T14:11:07Z,cartservice,productcatalogservice,0,0,0,0,0,0,0
2026-10-04T14:11:07Z,cartservice,recommendationservice,0,0,0,0,0,0,0
2026-10-04T14:11:07Z,cartservice,redis-cart,2,0,0,0,0,0,0
2026-10-04T14:11:07Z,cartservice,shippingservice,0,0,0,0,0,0,0
2026-10-04T14:11:07Z,checkoutservice,adservice,0,0,0,0,0,0,0
2026-10-04T14:11:07Z,checkoutservice,cartservice,66198,65266,0,100,0,726135,65249
2026-10-04T14:11:07Z,checkoutservice,checkoutservice,0,0,0,0,0,0,0
2026-10-04T14:11:07Z,checkoutservice,currencyservice,44495,44495,0,0,0,579320,44488
2026-10-04T14:11:07Z,checkoutservice,emailservice,15732,15443,0,66,0,503713,15433
2026-10-04T14:11:07Z,checkoutservice,frontend,0,0,0,0,0,0,0
2026-10-04T14:11:07Z,checkoutservice,kubernetes,0,0,0,0,0,0,0
2026-10-04T14:11:07Z,checkoutservice,paymentservice,37761,35913,0,192,0,450796,35758
2026-10-04T14:11:07Z,checkoutservice,productcatalogservice,0,0,0,0,0,0,0
2026-10-04T14:11:07Z,checkoutservice,recommendationservice,0,0,0,0,0,0,0
2026-10-04T14:11:07Z,checkoutservice,redis-cart,0,0,0,0,0,0,0
2026-10-04T14:11:07Z,checkoutservice,shippingservice,71509,69402,0,154,0,524699,69387
2026-10-04T14:11:07Z,currencyservice,adservice,0,0,0,0,0,0,0
2026-10-04T14:11:07Z,currencyservice,cartservice,0,0,0,0,0,0,0
2026-10-04T14:11:07Z,currencyservice,checkoutservice,0,0,0,0,0,0,0
2026-10-04T14:11:07Z,currencyservice,currencyservice,0,0,0,0,0,0,0
2026-10-04T14:11:07Z,currencyservice,emailservice,0,0,0,0,0,0,0
2026-10-04T14:11:07Z,currencyservice,frontend,0,0,0,0,0,0,0
2026-10-04T14:11:07Z,currencyservice,kubernetes,0,0,0,0,0,0,0
2026-10-04T14:11:07Z,currencyservice,paymentservice,0,0,0,0,0,0,0
2026-10-04T14:11:07Z,currencyservice,productcatalogservice,0,0,0,0,0,0,0
2026-10-04T14:11:07Z,currencyservice,recommendationservice,0,0,0,0,0,0,0
2026-10-04T14:11:07Z,currencyservice,redis-cart,0,0,0,0,0,0,0
2026-10-04T14:11:07Z,currencyservice,shippingservice,0,0,0,0,0,0,0
2026-10-04T14:11:07Z,emailservice,adservice,0,0,0,0,0,0,0
2026-10-04T14:11:07Z,emailservice,cartservice,0,0,0,0,0,0,0
2026-10-04T14:11:07Z,emailservice,checkoutservice,0,0,0,0,0,0,0
2026-10-04T14:11:07Z,emailservice,currencyservice,0,0,0,0,0,0,0
2026-10-04T14:11:07Z,emailservice,emailservice,0,0,0,0,0,0,0
2026-10-04T14:11:07Z,emailservice,frontend,0,0,0,0,0,0,0
2026-10-04T14:11:07Z,emailservice,kubernetes,0,0,0,0,0,0,0
2026-10-04T14:11:07Z,emailservice,paymentservice,0,0,0,0,0,0,0
2026-10-04T14:11:07Z,emailservice,productcatalogservice,0,0,0,0,0,0,0
2026-10-04T14:11:07Z,emailservice,recommendationservice,0,0,0,0,0,0,0
2026-10-04T14:11:07Z,emailservice,redis-cart,0,0,0,0,0,0,0
2026-10-04T14:11:07Z,emailservice,shippingservice,0,0,0,0,0,0,0
2026-10-04T14:11:07Z,frontend,adservice,857298,857296,0,0,0,2581403,856774
2026-10-04T14:11:07Z,frontend,cartservice,1917169,1917156,0,0,4,10583322,1915723
2026-10-04T14:11:07Z,frontend,checkoutservice,403492,193520,0,40061,169946,63095401,193316
2026-10-04T14:11:07Z,frontend,currencyservice,3046153,3046146,0,0,0,15993484,3043890
2026-10-04T14:11:07Z,frontend,emailservice,0,0,0,0,0,0,0
2026-10-04T14:11:07Z,frontend,frontend,0,0,0,0,0,0,0
2026-10-04T14:11:07Z,frontend,kubernetes,0,0,0,0,0,0,0
2026-10-04T14:11:07Z,frontend,paymentservice,0,0,0,0,0,0,0
2026-10-04T14:11:07Z,frontend,productcatalogservice,8520149,8520079,0,0,0,58095592,8514422
2026-10-04T14:11:07Z,frontend,recommendationservice,2801084,1692417,0,116843,989295,851405496,1691136
2026-10-04T14:11:07Z,frontend,redis-cart,0,0,0,0,0,0,0
2026-10-04T14:11:07Z,frontend,shippingservice,314254,314251,0,0,0,949668,314074
2026-10-04T14:11:07Z,paymentservice,adservice,0,0,0,0,0,0,0
2026-10-04T14:11:07Z,paymentservice,cartservice,0,0,0,0,0,0,0
2026-10-04T14:11:07Z,paymentservice,checkoutservice,0,0,0,0,0,0,0
2026-10-04T14:11:07Z,paymentservice,currencyservice,0,0,0,0,0,0,0
2026-10-04T14:11:07Z,paymentservice,emailservice,0,0,0,0,0,0,0
2026-10-04T14:11:07Z,paymentservice,frontend,0,0,0,0,0,0,0
2026-10-04T14:11:07Z,paymentservice,kubernetes,0,0,0,0,0,0,0
2026-10-04T14:11:07Z,paymentservice,paymentservice,0,0,0,0,0,0,0
2026-10-04T14:11:07Z,paymentservice,productcatalogservice,0,0,0,0,0,0,0
2026-10-04T14:11:07Z,paymentservice,recommendationservice,0,0,0,0,0,0,0
2026-10-04T14:11:07Z,paymentservice,redis-cart,0,0,0,0,0,0,0
2026-10-04T14:11:07Z,paymentservice,shippingservice,0,0,0,0,0,0,0
2026-10-04T14:11:07Z,productcatalogservice,adservice,0,0,0,0,0,0,0
2026-10-04T14:11:07Z,productcatalogservice,cartservice,0,0,0,0,0,0,0
2026-10-04T14:11:07Z,productcatalogservice,checkoutservice,0,0,0,0,0,0,0
2026-10-04T14:11:07Z,productcatalogservice,currencyservice,0,0,0,0,0,0,0
2026-10-04T14:11:07Z,productcatalogservice,emailservice,0,0,0,0,0,0,0
2026-10-04T14:11:07Z,productcatalogservice,frontend,0,0,0,0,0,0,0
2026-10-04T14:11:07Z,productcatalogservice,kubernetes,0,0,0,0,0,0,0
2026-10-04T14:11:07Z,productcatalogservice,paymentservice,0,0,0,0,0,0,0
2026-10-04T14:11:07Z,productcatalogservice,productcatalogservice,0,0,0,0,0,0,0
2026-10-04T14:11:07Z,productcatalogservice,recommendationservice,0,0,0,0,0,0,0
2026-10-04T14:11:07Z,productcatalogservice,redis-cart,0,0,0,0,0,0,0
2026-10-04T14:11:07Z,productcatalogservice,shippingservice,0,0,0,0,0,0,0
2026-10-04T14:11:07Z,recommendationservice,adservice,0,0,0,0,0,0,0
2026-10-04T14:11:07Z,recommendationservice,cartservice,0,0,0,0,0,0,0
2026-10-04T14:11:07Z,recommendationservice,checkoutservice,0,0,0,0,0,0,0
2026-10-04T14:11:07Z,recommendationservice,currencyservice,0,0,0,0,0,0,0
2026-10-04T14:11:07Z,recommendationservice,emailservice,0,0,0,0,0,0,0
2026-10-04T14:11:07Z,recommendationservice,frontend,0,0,0,0,0,0,0
2026-10-04T14:11:07Z,recommendationservice,kubernetes,0,0,0,0,0,0,0
2026-10-04T14:11:07Z,recommendationservice,paymentservice,0,0,0,0,0,0,0
2026-10-04T14:11:07Z,recommendationservice,productcatalogservice,189008,189008,0,0,0,1254227,188086
2026-10-04T14:11:07Z,recommendationservice,recommendationservice,0,0,0,0,0,0,0
2026-10-04T14:11:07Z,recommendationservice,redis-cart,0,0,0,0,0,0,0
2026-10-04T14:11:07Z,recommendationservice,shippingservice,0,0,0,0,0,0,0
2026-10-04T14:11:07Z,redis-cart,adservice,0,0,0,0,0,0,0
2026-10-04T14:11:07Z,redis-cart,cartservice,0,0,0,0,0,0,0
2026-10-04T14:11:07Z,redis-cart,checkoutservice,0,0,0,0,0,0,0
2026-10-04T14:11:07Z,redis-cart,currencyservice,0,0,0,0,0,0,0
2026-10-04T14:11:07Z,redis-cart,emailservice,0,0,0,0,0,0,0
2026-10-04T14:11:07Z,redis-cart,frontend,0,0,0,0,0,0,0
2026-10-04T14:11:07Z,redis-cart,kubernetes,0,0,0,0,0,0,0
2026-10-04T14:11:07Z,redis-cart,paymentservice,0,0,0,0,0,0,0
2026-10-04T14:11:07Z,redis-cart,productcatalogservice,0,0,0,0,0,0,0
2026-10-04T14:11:07Z,redis-cart,recommendationservice,0,0,0,0,0,0,0
2026-10-04T14:11:07Z,redis-cart,redis-cart,0,0,0,0,0,0,0
2026-10-04T14:11:07Z,redis-cart,shippingservice,0,0,0,0,0,0,0
2026-10-04T14:11:07Z,shippingservice,adservice,0,0,0,0,0,0,0
2026-10-04T14:11:07Z,shippingservice,cartservice,0,0,0,0,0,0,0
2026-10-04T14:11:07Z,shippingservice,checkoutservice,0,0,0,0,0,0,0
2026-10-04T14:11:07Z,shippingservice,currencyservice,0,0,0,0,0,0,0
2026-10-04T14:11:07Z,shippingservice,emailservice,0,0,0,0,0,0,0
2026-10-04T14:11:07Z,shippingservice,frontend,0,0,0,0,0,0,0
2026-10-04T14:11:07Z,shippingservice,kubernetes,0,0,0,0,0,0,0
2026-10-04T14:11:07Z,shippingservice,paymentservice,0,0,0,0,0,0,0
2026-10-04T14:11:07Z,shippingservice,productcatalogservice,0,0,0,0,0,0,0
2026-10-04T14:11:07Z,shippingservice,recommendationservice,0,0,0,0,0,0,0
2026-10-04T14:11:07Z,shippingservice,redis-cart,0,0,0,0,0,0,0
2026-10-04T14:11:07Z,shippingservice,shippingservice,0,0,0,0,0,0,0
2026-10-04T14:11:08Z,adservice,adservice,0,0,0,0,0,0,0
2026-10-04T14:11:08Z,adservice,cartservice,0,0,0,0,0,0,0
2026-10-04T14:11:08Z,adservice,checkoutservice,0,0,0,0,0,0,0
2026-10-04T14:11:08Z,adservice,currencyservice,0,0,0,0,0,0,0
2026-10-04T14:11:08Z,adservice,emailservice,0,0,0,0,0,0,0
2026-10-04T14:11:08Z,adservice,frontend,0,0,0,0,0,0,0
2026-10-04T14:11:08Z,adservice,kubernetes,0,0,0,0,0,0,0
2026-10-04T14:11:08Z,adservice,paymentservice,0,0,0,0,0,0,0
2026-10-04T14:11:08Z,adservice,productcatalogservice,0,0,0,0,0,0,0
2026-10-04T14:11:08Z,adservice,recommendationservice,0,0,0,0,0,0,0
2026-10-04T14:11:08Z,adservice,redis-cart,0,0,0,0,0,0,0
2026-10-04T14:11:08Z,adservice,shippingservice,0,0,0,0,0,0,0
2026-10-04T14:11:08Z,cartservice,adservice,0,0,0,0,0,0,0
2026-10-04T14:11:08Z,cartservice,cartservice,0,0,0,0,0,0,0
2026-10-04T14:11:08Z,cartservice,checkoutservice,0,0,0,0,0,0,0
2026-10-04T14:11:08Z,cartservice,currencyservice,0,0,0,0,0,0,0
2026-10-04T14:11:08Z,cartservice,emailservice,0,0,0,0,0,0,0
2026-10-04T14:11:08Z,cartservice,frontend,0,0,0,0,0,0,0
2026-10-04T14:11:08Z,cartservice,kubernetes,0,0,0,0,0,0,0
2026-10-04T14:11:08Z,cartservice,paymentservice,0,0,0,0,0,0,0
2026-10-04T14:11:08Z,cartservice,productcatalogservice,0,0,0,0,0,0,0
2026-10-04T14:11:08Z,cartservice,recommendationservice,0,0,0,0,0,0,0
2026-10-04T14:11:08Z,cartservice,redis-cart,2,0,0,0,0,0,0
2026-10-04T14:11:08Z,cartservice,shippingservice,0,0,0,0,0,0,0
2026-10-04T14:11:08Z,checkoutservice,adservice,0,0,0,0,0,0,0
2026-10-04T14:11:08Z,checkoutservice,cartservice,66299,65368,0,100,0,726135,65249
2026-10-04T14:11:08Z,checkoutservice,checkoutservice,0,0,0,0,0,0,0
2026-10-04T14:11:08Z,checkoutservice,currencyservice,44547,44547,0,0,0,579320,44488
2026-10-04T14:11:08Z,checkoutservice,emailservice,15785,15497,0,66,0,503713,15433
2026-10-04T14:11:08Z,checkoutservice,frontend,0,0,0,0,0,0,0
2026-10-04T14:11:08Z,checkoutservice,kubernetes,0,0,0,0,0,0,0
2026-10-04T14:11:08Z,checkoutservice,paymentservice,37813,35965,0,192,0,450796,35758
2026-10-04T14:11:08Z,checkoutservice,productcatalogservice,0,0,0,0,0,0,0
2026-10-04T14:11:08Z,checkoutservice,recommendationservice,0,0,0,0,0,0,0
2026-10-04T14:11:08Z,checkoutservice,redis-cart,0,0,0,0,0,0,0
2026-10-04T14:11:08Z,checkoutservice,shippingservice,71610,69507,0,154,0,524699,69387
2026-10-04T14:11:08Z,currencyservice,adservice,0,0,0,0,0,0,0
2026-10-04T14:11:08Z,currencyservice,cartservice,0,0,0,0,0,0,0
2026-10-04T14:11:08Z,currencyservice,checkoutservice,0,0,0,0,0,0,0
2026-10-04T14:11:08Z,currencyservice,currencyservice,0,0,0,0,0,0,0
2026-10-04T14:11:08Z,currencyservice,emailservice,0,0,0,0,0,0,0
2026-10-04T14:11:08Z,currencyservice,frontend,0,0,0,0,0,0,0
2026-10-04T14:11:08Z,currencyservice,kubernetes,0,0,0,0,0,0,0
2026-10-04T14:11:08Z,currencyservice,paymentservice,0,0,0,0,0,0,0
2026-10-04T14:11:08Z,currencyservice,productcatalogservice,0,0,0,0,0,0,0
2026-10-04T14:11:08Z,currencyservice,recommendationservice,0,0,0,0,0,0,0
2026-10-04T14:11:08Z,currencyservice,redis-cart,0,0,0,0,0,0,0
2026-10-04T14:11:08Z,currencyservice,shippingservice,0,0,0,0,0,0,0
2026-10-04T14:11:08Z,emailservice,adservice,0,0,0,0,0,0,0
2026-10-04T14:11:08Z,emailservice,cartservice,0,0,0,0,0,0,0
2026-10-04T14:11:08Z,emailservice,checkoutservice,0,0,0,0,0,0,0
2026-10-04T14:11:08Z,emailservice,currencyservice,0,0,0,0,0,0,0
2026-10-04T14:11:08Z,emailservice,emailservice,0,0,0,0,0,0,0
2026-10-04T14:11:08Z,emailservice,frontend,0,0,0,0,0,0,0
2026-10-04T14:11:08Z,emailservice,kubernetes,0,0,0,0,0,0,0
2026-10-04T14:11:08Z,emailservice,paymentservice,0,0,0,0,0,0,0
2026-10-04T14:11:08Z,emailservice,productcatalogservice,0,0,0,0,0,0,0
2026-10-04T14:11:08Z,emailservice,recommendationservice,0,0,0,0,0,0,0
2026-10-04T14:11:08Z,emailservice,redis-cart,0,0,0,0,0,0,0
2026-10-04T14:11:08Z,emailservice,shippingservice,0,0,0,0,0,0,0
2026-10-04T14:11:08Z,frontend,adservice,857420,857417,0,0,0,2581728,856918
2026-10-04T14:11:08Z,frontend,cartservice,1917557,1917539,0,0,4,10585330,1916191
2026-10-04T14:11:08Z,frontend,checkoutservice,403542,193574,0,40061,169946,63100047,193365
2026-10-04T14:11:08Z,frontend,currencyservice,3046766,3046752,0,0,0,15996436,3044610
2026-10-04T14:11:08Z,frontend,emailservice,0,0,0,0,0,0,0
2026-10-04T14:11:08Z,frontend,frontend,0,0,0,0,0,0,0
2026-10-04T14:11:08Z,frontend,kubernetes,0,0,0,0,0,0,0
2026-10-04T14:11:08Z,frontend,paymentservice,0,0,0,0,0,0,0
2026-10-04T14:11:08Z,frontend,productcatalogservice,8521586,8521511,0,0,0,58104757,8515977
2026-10-04T14:11:08Z,frontend,recommendationservice,2801820,1692766,0,116872,989637,851771121,1691574
2026-10-04T14:11:08Z,frontend,redis-cart,0,0,0,0,0,0,0
2026-10-04T14:11:08Z,frontend,shippingservice,314303,314301,0,0,0,949762,314120
2026-10-04T14:11:08Z,paymentservice,adservice,0,0,0,0,0,0,0
2026-10-04T14:11:08Z,paymentservice,cartservice,0,0,0,0,0,0,0
2026-10-04T14:11:08Z,paymentservice,checkoutservice,0,0,0,0,0,0,0
2026-10-04T14:11:08Z,paymentservice,currencyservice,0,0,0,0,0,0,0
2026-10-04T14:11:08Z,paymentservice,emailservice,0,0,0,0,0,0,0
2026-10-04T14:11:08Z,paymentservice,frontend,0,0,0,0,0,0,0
2026-10-04T14:11:08Z,paymentservice,kubernetes,0,0,0,0,0,0,0
2026-10-04T14:11:08Z,paymentservice,paymentservice,0,0,0,0,0,0,0
2026-10-04T14:11:08Z,paymentservice,productcatalogservice,0,0,0,0,0,0,0
2026-10-04T14:11:08Z,paymentservice,recommendationservice,0,0,0,0,0,0,0
2026-10-04T14:11:08Z,paymentservice,redis-cart,0,0,0,0,0,0,0
2026-10-04T14:11:08Z,paymentservice,shippingservice,0,0,0,0,0,0,0
2026-10-04T14:11:08Z,productcatalogservice,adservice,0,0,0,0,0,0,0
2026-10-04T14:11:08Z,productcatalogservice,cartservice,0,0,0,0,0,0,0
2026-10-04T14:11:08Z,productcatalogservice,checkoutservice,0,0,0,0,0,0,0
2026-10-04T14:11:08Z,productcatalogservice,currencyservice,0,0,0,0,0,0,0
2026-10-04T14:11:08Z,productcatalogservice,emailservice,0,0,0,0,0,0,0
2026-10-04T14:11:08Z,productcatalogservice,frontend,0,0,0,0,0,0,0
2026-10-04T14:11:08Z,productcatalogservice,kubernetes,0,0,0,0,0,0,0
2026-10-04T14:11:08Z,productcatalogservice,paymentservice,0,0,0,0,0,0,0
2026-10-04T14:11:08Z,productcatalogservice,productcatalogservice,0,0,0,0,0,0,0
2026-10-04T14:11:08Z,productcatalogservice,recommendationservice,0,0,0,0,0,0,0
2026-10-04T14:11:08Z,productcatalogservice,redis-cart,0,0,0,0,0,0,0
2026-10-04T14:11:08Z,productcatalogservice,shippingservice,0,0,0,0,0,0,0
2026-10-04T14:11:08Z,recommendationservice,adservice,0,0,0,0,0,0,0
2026-10-04T14:11:08Z,recommendationservice,cartservice,0,0,0,0,0,0,0
2026-10-04T14:11:08Z,recommendationservice,checkoutservice,0,0,0,0,0,0,0
2026-10-04T14:11:08Z,recommendationservice,currencyservice,0,0,0,0,0,0,0
2026-10-04T14:11:08Z,recommendationservice,emailservice,0,0,0,0,0,0,0
2026-10-04T14:11:08Z,recommendationservice,frontend,0,0,0,0,0,0,0
2026-10-04T14:11:08Z,recommendationservice,kubernetes,0,0,0,0,0,0,0
2026-10-04T14:11:08Z,recommendationservice,paymentservice,0,0,0,0,0,0,0
2026-10-04T14:11:08Z,recommendationservice,productcatalogservice,189454,189454,0,0,0,1254227,188086
2026-10-04T14:11:08Z,recommendationservice,recommendationservice,0,0,0,0,0,0,0
2026-10-04T14:11:08Z,recommendationservice,redis-cart,0,0,0,0,0,0,0
2026-10-04T14:11:08Z,recommendationservice,shippingservice,0,0,0,0,0,0,0
2026-10-04T14:11:08Z,redis-cart,adservice,0,0,0,0,0,0,0
2026-10-04T14:11:08Z,redis-cart,cartservice,0,0,0,0,0,0,0
2026-10-04T14:11:08Z,redis-cart,checkoutservice,0,0,0,0,0,0,0
2026-10-04T14:11:08Z,redis-cart,currencyservice,0,0,0,0,0,0,0
2026-10-04T14:11:08Z,redis-cart,emailservice,0,0,0,0,0,0,0
2026-10-04T14:11:08Z,redis-cart,frontend,0,0,0,0,0,0,0
2026-10-04T14:11:08Z,redis-cart,kubernetes,0,0,0,0,0,0,0
2026-10-04T14:11:08Z,redis-cart,paymentservice,0,0,0,0,0,0,0
2026-10-04T14:11:08Z,redis-cart,productcatalogservice,0,0,0,0,0,0,0
2026-10-04T14:11:08Z,redis-cart,recommendationservice,0,0,0,0,0,0,0
2026-10-04T14:11:08Z,redis-cart,redis-cart,0,0,0,0,0,0,0
2026-10-04T14:11:08Z,redis-cart,shippingservice,0,0,0,0,0,0,0
2026-10-04T14:11:08Z,shippingservice,adservice,0,0,0,0,0,0,0
2026-10-04T14:11:08Z,shippingservice,cartservice,0,0,0,0,0,0,0
2026-10-04T14:11:08Z,shippingservice,checkoutservice,0,0,0,0,0,0,0
2026-10-04T14:11:08Z,shippingservice,currencyservice,0,0,0,0,0,0,0
2026-10-04T14:11:08Z,shippingservice,emailservice,0,0,0,0,0,0,0
2026-10-04T14:11:08Z,shippingservice,frontend,0,0,0,0,0,0,0
2026-10-04T14:11:08Z,shippingservice,kubernetes,0,0,0,0,0,0,0
2026-10-04T14:11:08Z,shippingservice,paymentservice,0,0,0,0,0,0,0
2026-10-04T14:11:08Z,shippingservice,productcatalogservice,0,0,0,0,0,0,0
2026-10-04T14:11:08Z,shippingservice,recommendationservice,0,0,0,0,0,0,0
2026-10-04T14:11:08Z,shippingservice,redis-cart,0,0,0,0,0,0,0
2026-10-04T14:11:08Z,shippingservice,shippingservice,0,0,0,0,0,0,0
2026-10-04T14:11:09Z,adservice,adservice,0,0,0,0,0,0,0
2026-10-04T14:11:09Z,adservice,cartservice,0,0,0,0,0,0,0
2026-10-04T14:11:09Z,adservice,checkoutservice,0,0,0,0,0,0,0
2026-10-04T14:11:09Z,adservice,currencyservice,0,0,0,0,0,0,0
2026-10-04T14:11:09Z,adservice,emailservice,0,0,0,0,0,0,0
2026-10-04T14:11:09Z,adservice,frontend,0,0,0,0,0,0,0
2026-10-04T14:11:09Z,adservice,kubernetes,0,0,0,0,0,0,0
2026-10-04T14:11:09Z,adservice,paymentservice,0,0,0,0,0,0,0
2026-10-04T14:11:09Z,adservice,productcatalogservice,0,0,0,0,0,0,0
2026-10-04T14:11:09Z,adservice,recommendationservice,0,0,0,0,0,0,0
2026-10-04T14:11:09Z,adservice,redis-cart,0,0,0,0,0,0,0
2026-10-04T14:11:09Z,adservice,shippingservice,0,0,0,0,0,0,0
2026-10-04T14:11:09Z,cartservice,adservice,0,0,0,0,0,0,0
2026-10-04T14:11:09Z,cartservice,cartservice,0,0,0,0,0,0,0
2026-10-04T14:11:09Z,cartservice,checkoutservice,0,0,0,0,0,0,0
2026-10-04T14:11:09Z,cartservice,currencyservice,0,0,0,0,0,0,0
2026-10-04T14:11:09Z,cartservice,emailservice,0,0,0,0,0,0,0
2026-10-04T14:11:09Z,cartservice,frontend,0,0,0,0,0,0,0
2026-10-04T14:11:09Z,cartservice,kubernetes,0,0,0,0,0,0,0
2026-10-04T14:11:09Z,cartservice,paymentservice,0,0,0,0,0,0,0
2026-10-04T14:11:09Z,cartservice,productcatalogservice,0,0,0,0,0,0,0
2026-10-04T14:11:09Z,cartservice,recommendationservice,0,0,0,0,0,0,0
2026-10-04T14:11:09Z,cartservice,redis-cart,2,0,0,0,0,0,0
2026-10-04T14:11:09Z,cartservice,shippingservice,0,0,0,0,0,0,0
2026-10-04T14:11:09Z,checkoutservice,adservice,0,0,0,0,0,0,0
2026-10-04T14:11:09Z,checkoutservice,cartservice,66407,65476,0,100,0,726135,65249
2026-10-04T14:11:09Z,checkoutservice,checkoutservice,0,0,0,0,0,0,0
2026-10-04T14:11:09Z,checkoutservice,currencyservice,44601,44601,0,0,0,579320,44488
2026-10-04T14:11:09Z,checkoutservice,emailservice,15839,15551,0,66,0,503713,15433
2026-10-04T14:11:09Z,checkoutservice,frontend,0,0,0,0,0,0,0
2026-10-04T14:11:09Z,checkoutservice,kubernetes,0,0,0,0,0,0,0
2026-10-04T14:11:09Z,checkoutservice,paymentservice,37867,36019,0,192,0,450796,35758
2026-10-04T14:11:09Z,checkoutservice,productcatalogservice,0,0,0,0,0,0,0
2026-10-04T14:11:09Z,checkoutservice,recommendationservice,0,0,0,0,0,0,0
2026-10-04T14:11:09Z,checkoutservice,redis-cart,0,0,0,0,0,0,0
2026-10-04T14:11:09Z,checkoutservice,shippingservice,71718,69615,0,154,0,524699,69387
2026-10-04T14:11:09Z,currencyservice,adservice,0,0,0,0,0,0,0
2026-10-04T14:11:09Z,currencyservice,cartservice,0,0,0,0,0,0,0
2026-10-04T14:11:09Z,currencyservice,checkoutservice,0,0,0,0,0,0,0
2026-10-04T14:11:09Z,currencyservice,currencyservice,0,0,0,0,0,0,0
2026-10-04T14:11:09Z,currencyservice,emailservice,0,0,0,0,0,0,0
2026-10-04T14:11:09Z,currencyservice,frontend,0,0,0,0,0,0,0
2026-10-04T14:11:09Z,currencyservice,kubernetes,0,0,0,0,0,0,0
2026-10-04T14:11:09Z,currencyservice,paymentservice,0,0,0,0,0,0,0
2026-10-04T14:11:09Z,currencyservice,productcatalogservice,0,0,0,0,0,0,0
2026-10-04T14:11:09Z,currencyservice,recommendationservice,0,0,0,0,0,0,0
2026-10-04T14:11:09Z,currencyservice,redis-cart,0,0,0,0,0,0,0
2026-10-04T14:11:09Z,currencyservice,shippingservice,0,0,0,0,0,0,0
2026-10-04T14:11:09Z,emailservice,adservice,0,0,0,0,0,0,0
2026-10-04T14:11:09Z,emailservice,cartservice,0,0,0,0,0,0,0
2026-10-04T14:11:09Z,emailservice,checkoutservice,0,0,0,0,0,0,0
2026-10-04T14:11:09Z,emailservice,currencyservice,0,0,0,0,0,0,0
2026-10-04T14:11:09Z,emailservice,emailservice,0,0,0,0,0,0,0
2026-10-04T14:11:09Z,emailservice,frontend,0,0,0,0,0,0,0
2026-10-04T14:11:09Z,emailservice,kubernetes,0,0,0,0,0,0,0
2026-10-04T14:11:09Z,emailservice,paymentservice,0,0,0,0,0,0,0
2026-10-04T14:11:09Z,emailservice,productcatalogservice,0,0,0,0,0,0,0
2026-10-04T14:11:09Z,emailservice,recommendationservice,0,0,0,0,0,0,0
2026-10-04T14:11:09Z,emailservice,redis-cart,0,0,0,0,0,0,0
2026-10-04T14:11:09Z,emailservice,shippingservice,0,0,0,0,0,0,0
2026-10-04T14:11:09Z,frontend,adservice,857545,857543,0,0,0,2582873,857307
2026-10-04T14:11:09Z,frontend,cartservice,1917939,1917921,0,0,4,10590118,1917281
2026-10-04T14:11:09Z,frontend,checkoutservice,403597,193629,0,40061,169946,63115638,193518
2026-10-04T14:11:09Z,frontend,currencyservice,3047374,3047366,0,0,0,16003366,3046331
2026-10-04T14:11:09Z,frontend,emailservice,0,0,0,0,0,0,0
2026-10-04T14:11:09Z,frontend,frontend,0,0,0,0,0,0,0
2026-10-04T14:11:09Z,frontend,kubernetes,0,0,0,0,0,0,0
2026-10-04T14:11:09Z,frontend,paymentservice,0,0,0,0,0,0,0
2026-10-04T14:11:09Z,frontend,productcatalogservice,8523038,8522959,0,0,0,58127089,8520271
2026-10-04T14:11:09Z,frontend,recommendationservice,2802574,1693113,0,116905,990006,852559586,1692498
2026-10-04T14:11:09Z,frontend,redis-cart,0,0,0,0,0,0,0
2026-10-04T14:11:09Z,frontend,shippingservice,314353,314351,0,0,0,950124,314266
2026-10-04T14:11:09Z,paymentservice,adservice,0,0,0,0,0,0,0
2026-10-04T14:11:09Z,paymentservice,cartservice,0,0,0,0,0,0,0
2026-10-04T14:11:09Z,paymentservice,checkoutservice,0,0,0,0,0,0,0
2026-10-04T14:11:09Z,paymentservice,currencyservice,0,0,0,0,0,0,0
2026-10-04T14:11:09Z,paymentservice,emailservice,0,0,0,0,0,0,0
2026-10-04T14:11:09Z,paymentservice,frontend,0,0,0,0,0,0,0
2026-10-04T14:11:09Z,paymentservice,kubernetes,0,0,0,0,0,0,0
2026-10-04T14:11:09Z,paymentservice,paymentservice,0,0,0,0,0,0,0
2026-10-04T14:11:09Z,paymentservice,productcatalogservice,0,0,0,0,0,0,0
2026-10-04T14:11:09Z,paymentservice,recommendationservice,0,0,0,0,0,0,0
2026-10-04T14:11:09Z,paymentservice,redis-cart,0,0,0,0,0,0,0
2026-10-04T14:11:09Z,paymentservice,shippingservice,0,0,0,0,0,0,0
2026-10-04T14:11:09Z,productcatalogservice,adservice,0,0,0,0,0,0,0
2026-10-04T14:11:09Z,productcatalogservice,cartservice,0,0,0,0,0,0,0
2026-10-04T14:11:09Z,productcatalogservice,checkoutservice,0,0,0,0,0,0,0
2026-10-04T14:11:09Z,productcatalogservice,currencyservice,0,0,0,0,0,0,0
2026-10-04T14:11:09Z,productcatalogservice,emailservice,0,0,0,0,0,0,0
2026-10-04T14:11:09Z,productcatalogservice,frontend,0,0,0,0,0,0,0
2026-10-04T14:11:09Z,productcatalogservice,kubernetes,0,0,0,0,0,0,0
2026-10-04T14:11:09Z,productcatalogservice,paymentservice,0,0,0,0,0,0,0
2026-10-04T14:11:09Z,productcatalogservice,productcatalogservice,0,0,0,0,0,0,0
2026-10-04T14:11:09Z,productcatalogservice,recommendationservice,0,0,0,0,0,0,0
2026-10-04T14:11:09Z,productcatalogservice,redis-cart,0,0,0,0,0,0,0
2026-10-04T14:11:09Z,productcatalogservice,shippingservice,0,0,0,0,0,0,0
2026-10-04T14:11:09Z,recommendationservice,adservice,0,0,0,0,0,0,0
2026-10-04T14:11:09Z,recommendationservice,cartservice,0,0,0,0,0,0,0
2026-10-04T14:11:09Z,recommendationservice,checkoutservice,0,0,0,0,0,0,0
2026-10-04T14:11:09Z,recommendationservice,currencyservice,0,0,0,0,0,0,0
2026-10-04T14:11:09Z,recommendationservice,emailservice,0,0,0,0,0,0,0
2026-10-04T14:11:09Z,recommendationservice,frontend,0,0,0,0,0,0,0
2026-10-04T14:11:09Z,recommendationservice,kubernetes,0,0,0,0,0,0,0
2026-10-04T14:11:09Z,recommendationservice,paymentservice,0,0,0,0,0,0,0
2026-10-04T14:11:09Z,recommendationservice,productcatalogservice,189905,189904,0,0,0,1254227,188086
2026-10-04T14:11:09Z,recommendationservice,recommendationservice,0,0,0,0,0,0,0
2026-10-04T14:11:09Z,recommendationservice,redis-cart,0,0,0,0,0,0,0
2026-10-04T14:11:09Z,recommendationservice,shippingservice,0,0,0,0,0,0,0
2026-10-04T14:11:09Z,redis-cart,adservice,0,0,0,0,0,0,0
2026-10-04T14:11:09Z,redis-cart,cartservice,0,0,0,0,0,0,0
2026-10-04T14:11:09Z,redis-cart,checkoutservice,0,0,0,0,0,0,0
2026-10-04T14:11:09Z,redis-cart,currencyservice,0,0,0,0,0,0,0
2026-10-04T14:11:09Z,redis-cart,emailservice,0,0,0,0,0,0,0
2026-10-04T14:11:09Z,redis-cart,frontend,0,0,0,0,0,0,0
2026-10-04T14:11:09Z,redis-cart,kubernetes,0,0,0,0,0,0,0
2026-10-04T14:11:09Z,redis-cart,paymentservice,0,0,0,0,0,0,0
2026-10-04T14:11:09Z,redis-cart,productcatalogservice,0,0,0,0,0,0,0
2026-10-04T14:11:09Z,redis-cart,recommendationservice,0,0,0,0,0,0,0
2026-10-04T14:11:09Z,redis-cart,redis-cart,0,0,0,0,0,0,0
2026-10-04T14:11:09Z,redis-cart,shippingservice,0,0,0,0,0,0,0
2026-10-04T14:11:09Z,shippingservice,adservice,0,0,0,0,0,0,0
2026-10-04T14:11:09Z,shippingservice,cartservice,0,0,0,0,0,0,0
2026-10-04T14:11:09Z,shippingservice,checkoutservice,0,0,0,0,0,0,0
2026-10-04T14:11:09Z,shippingservice,currencyservice,0,0,0,0,0,0,0
2026-10-04T14:11:09Z,shippingservice,emailservice,0,0,0,0,0,0,0
2026-10-04T14:11:09Z,shippingservice,frontend,0,0,0,0,0,0,0
2026-10-04T14:11:09Z,shippingservice,kubernetes,0,0,0,0,0,0,0
2026-10-04T14:11:09Z,shippingservice,paymentservice,0,0,0,0,0,0,0
2026-10-04T14:11:09Z,shippingservice,productcatalogservice,0,0,0,0,0,0,0
2026-10-04T14:11:09Z,shippingservice,recommendationservice,0,0,0,0,0,0,0
2026-10-04T14:11:09Z,shippingservice,redis-cart,0,0,0,0,0,0,0
2026-10-04T14:11:09Z,shippingservice,shippingservice,0,0,0,0,0,0,0
2026-10-04T14:11:10Z,adservice,adservice,0,0,0,0,0,0,0
2026-10-04T14:11:10Z,adservice,cartservice,0,0,0,0,0,0,0
2026-10-04T14:11:10Z,adservice,checkoutservice,0,0,0,0,0,0,0
2026-10-04T14:11:10Z,adservice,currencyservice,0,0,0,0,0,0,0
2026-10-04T14:11:10Z,adservice,emailservice,0,0,0,0,0,0,0
2026-10-04T14:11:10Z,adservice,frontend,0,0,0,0,0,0,0
2026-10-04T14:11:10Z,adservice,kubernetes,0,0,0,0,0,0,0
2026-10-04T14:11:10Z,adservice,paymentservice,0,0,0,0,0,0,0
2026-10-04T14:11:10Z,adservice,productcatalogservice,0,0,0,0,0,0,0
2026-10-04T14:11:10Z,adservice,recommendationservice,0,0,0,0,0,0,0
2026-10-04T14:11:10Z,adservice,redis-cart,0,0,0,0,0,0,0
2026-10-04T14:11:10Z,adservice,shippingservice,0,0,0,0,0,0,0
2026-10-04T14:11:10Z,cartservice,adservice,0,0,0,0,0,0,0
2026-10-04T14:11:10Z,cartservice,cartservice,0,0,0,0,0,0,0
2026-10-04T14:11:10Z,cartservice,checkoutservice,0,0,0,0,0,0,0
2026-10-04T14:11:10Z,cartservice,currencyservice,0,0,0,0,0,0,0
2026-10-04T14:11:10Z,cartservice,emailservice,0,0,0,0,0,0,0
2026-10-04T14:11:10Z,cartservice,frontend,0,0,0,0,0,0,0
2026-10-04T14:11:10Z,cartservice,kubernetes,0,0,0,0,0,0,0
2026-10-04T14:11:10Z,cartservice,paymentservice,0,0,0,0,0,0,0
2026-10-04T14:11:10Z,cartservice,productcatalogservice,0,0,0,0,0,0,0
2026-10-04T14:11:10Z,cartservice,recommendationservice,0,0,0,0,0,0,0
2026-10-04T14:11:10Z,cartservice,redis-cart,2,0,0,0,0,0,0
2026-10-04T14:11:10Z,cartservice,shippingservice,0,0,0,0,0,0,0
2026-10-04T14:11:10Z,checkoutservice,adservice,0,0,0,0,0,0,0
2026-10-04T14:11:10Z,checkoutservice,cartservice,66516,65585,0,100,0,726135,65249
2026-10-04T14:11:10Z,checkoutservice,checkoutservice,0,0,0,0,0,0,0
2026-10-04T14:11:10Z,checkoutservice,currencyservice,44656,44656,0,0,0,579320,44488
2026-10-04T14:11:10Z,checkoutservice,emailservice,15891,15602,0,66,0,503713,15433
2026-10-04T14:11:10Z,checkoutservice,frontend,0,0,0,0,0,0,0
2026-10-04T14:11:10Z,checkoutservice,kubernetes,0,0,0,0,0,0,0
2026-10-04T14:11:10Z,checkoutservice,paymentservice,37922,36074,0,192,0,450796,35758
2026-10-04T14:11:10Z,checkoutservice,productcatalogservice,0,0,0,0,0,0,0
2026-10-04T14:11:10Z,checkoutservice,recommendationservice,0,0,0,0,0,0,0
2026-10-04T14:11:10Z,checkoutservice,redis-cart,0,0,0,0,0,0,0
2026-10-04T14:11:10Z,checkoutservice,shippingservice,71827,69724,0,154,0,524699,69387
2026-10-04T14:11:10Z,currencyservice,adservice,0,0,0,0,0,0,0
2026-10-04T14:11:10Z,currencyservice,cartservice,0,0,0,0,0,0,0
2026-10-04T14:11:10Z,currencyservice,checkoutservice,0,0,0,0,0,0,0
2026-10-04T14:11:10Z,currencyservice,currencyservice,0,0,0,0,0,0,0
2026-10-04T14:11:10Z,currencyservice,emailservice,0,0,0,0,0,0,0
2026-10-04T14:11:10Z,currencyservice,frontend,0,0,0,0,0,0,0
2026-10-04T14:11:10Z,currencyservice,kubernetes,0,0,0,0,0,0,0
2026-10-04T14:11:10Z,currencyservice,paymentservice,0,0,0,0,0,0,0
2026-10-04T14:11:10Z,currencyservice,productcatalogservice,0,0,0,0,0,0,0
2026-10-04T14:11:10Z,currencyservice,recommendationservice,0,0,0,0,0,0,0
2026-10-04T14:11:10Z,currencyservice,redis-cart,0,0,0,0,0,0,0
2026-10-04T14:11:10Z,currencyservice,shippingservice,0,0,0,0,0,0,0
2026-10-04T14:11:10Z,emailservice,adservice,0,0,0,0,0,0,0
2026-10-04T14:11:10Z,emailservice,cartservice,0,0,0,0,0,0,0
2026-10-04T14:11:10Z,emailservice,checkoutservice,0,0,0,0,0,0,0
2026-10-04T14:11:10Z,emailservice,currencyservice,0,0,0,0,0,0,0
2026-10-04T14:11:10Z,emailservice,emailservice,0,0,0,0,0,0,0
2026-10-04T14:11:10Z,emailservice,frontend,0,0,0,0,0,0,0
2026-10-04T14:11:10Z,emailservice,kubernetes,0,0,0,0,0,0,0
2026-10-04T14:11:10Z,emailservice,paymentservice,0,0,0,0,0,0,0
2026-10-04T14:11:10Z,emailservice,productcatalogservice,0,0,0,0,0,0,0
2026-10-04T14:11:10Z,emailservice,recommendationservice,0,0,0,0,0,0,0
2026-10-04T14:11:10Z,emailservice,redis-cart,0,0,0,0,0,0,0
2026-10-04T14:11:10Z,emailservice,shippingservice,0,0,0,0,0,0,0
2026-10-04T14:11:10Z,frontend,adservice,857658,857656,0,0,0,2583184,857449
2026-10-04T14:11:10Z,frontend,cartservice,1918301,1918285,0,0,4,10591889,1917678
2026-10-04T14:11:10Z,frontend,checkoutservice,403650,193676,0,40061,169946,63122956,193593
2026-10-04T14:11:10Z,frontend,currencyservice,3047944,3047936,0,0,0,16006109,3046973
2026-10-04T14:11:10Z,frontend,emailservice,0,0,0,0,0,0,0
2026-10-04T14:11:10Z,frontend,frontend,0,0,0,0,0,0,0
2026-10-04T14:11:10Z,frontend,kubernetes,0,0,0,0,0,0,0
2026-10-04T14:11:10Z,frontend,paymentservice,0,0,0,0,0,0,0
2026-10-04T14:11:10Z,frontend,productcatalogservice,8524378,8524306,0,0,0,58137716,8521907
2026-10-04T14:11:10Z,frontend,recommendationservice,2803359,1693440,0,116947,990419,852879851,1692867
2026-10-04T14:11:10Z,frontend,redis-cart,0,0,0,0,0,0,0
2026-10-04T14:11:10Z,frontend,shippingservice,314404,314401,0,0,0,950226,314316
2026-10-04T14:11:10Z,paymentservice,adservice,0,0,0,0,0,0,0
2026-10-04T14:11:10Z,paymentservice,cartservice,0,0,0,0,0,0,0
2026-10-04T14:11:10Z,paymentservice,checkoutservice,0,0,0,0,0,0,0
2026-10-04T14:11:10Z,paymentservice,currencyservice,0,0,0,0,0,0,0
2026-10-04T14:11:10Z,paymentservice,emailservice,0,0,0,0,0,0,0
2026-10-04T14:11:10Z,paymentservice,frontend,0,0,0,0,0,0,0
2026-10-04T14:11:10Z,paymentservice,kubernetes,0,0,0,0,0,0,0
2026-10-04T14:11:10Z,paymentservice,paymentservice,0,0,0,0,0,0,0
2026-10-04T14:11:10Z,paymentservice,productcatalogservice,0,0,0,0,0,0,0
2026-10-04T14:11:10Z,paymentservice,recommendationservice,0,0,0,0,0,0,0
2026-10-04T14:11:10Z,paymentservice,redis-cart,0,0,0,0,0,0,0
2026-10-04T14:11:10Z,paymentservice,shippingservice,0,0,0,0,0,0,0
2026-10-04T14:11:10Z,productcatalogservice,adservice,0,0,0,0,0,0,0
2026-10-04T14:11:10Z,productcatalogservice,cartservice,0,0,0,0,0,0,0
2026-10-04T14:11:10Z,productcatalogservice,checkoutservice,0,0,0,0,0,0,0
2026-10-04T14:11:10Z,productcatalogservice,currencyservice,0,0,0,0,0,0,0
2026-10-04T14:11:10Z,productcatalogservice,emailservice,0,0,0,0,0,0,0
2026-10-04T14:11:10Z,productcatalogservice,frontend,0,0,0,0,0,0,0
2026-10-04T14:11:10Z,productcatalogservice,kubernetes,0,0,0,0,0,0,0
2026-10-04T14:11:10Z,productcatalogservice,paymentservice,0,0,0,0,0,0,0
2026-10-04T14:11:10Z,productcatalogservice,productcatalogservice,0,0,0,0,0,0,0
2026-10-04T14:11:10Z,productcatalogservice,recommendationservice,0,0,0,0,0,0,0
2026-10-04T14:11:10Z,productcatalogservice,redis-cart,0,0,0,0,0,0,0
2026-10-04T14:11:10Z,productcatalogservice,shippingservice,0,0,0,0,0,0,0
2026-10-04T14:11:10Z,recommendationservice,adservice,0,0,0,0,0,0,0
2026-10-04T14:11:10Z,recommendationservice,cartservice,0,0,0,0,0,0,0
2026-10-04T14:11:10Z,recommendationservice,checkoutservice,0,0,0,0,0,0,0
2026-10-04T14:11:10Z,recommendationservice,currencyservice,0,0,0,0,0,0,0
2026-10-04T14:11:10Z,recommendationservice,emailservice,0,0,0,0,0,0,0
2026-10-04T14:11:10Z,recommendationservice,frontend,0,0,0,0,0,0,0
2026-10-04T14:11:10Z,recommendationservice,kubernetes,0,0,0,0,0,0,0
2026-10-04T14:11:10Z,recommendationservice,paymentservice,0,0,0,0,0,0,0
2026-10-04T14:11:10Z,recommendationservice,productcatalogservice,190332,190332,0,0,0,1266291,190312
2026-10-04T14:11:10Z,recommendationservice,recommendationservice,0,0,0,0,0,0,0
2026-10-04T14:11:10Z,recommendationservice,redis-cart,0,0,0,0,0,0,0
2026-10-04T14:11:10Z,recommendationservice,shippingservice,0,0,0,0,0,0,0
2026-10-04T14:11:10Z,redis-cart,adservice,0,0,0,0,0,0,0
2026-10-04T14:11:10Z,redis-cart,cartservice,0,0,0,0,0,0,0
2026-10-04T14:11:10Z,redis-cart,checkoutservice,0,0,0,0,0,0,0
2026-10-04T14:11:10Z,redis-cart,currencyservice,0,0,0,0,0,0,0
2026-10-04T14:11:10Z,redis-cart,emailservice,0,0,0,0,0,0,0
2026-10-04T14:11:10Z,redis-cart,frontend,0,0,0,0,0,0,0
2026-10-04T14:11:10Z,redis-cart,kubernetes,0,0,0,0,0,0,0
2026-10-04T14:11:10Z,redis-cart,paymentservice,0,0,0,0,0,0,0
2026-10-04T14:11:10Z,redis-cart,productcatalogservice,0,0,0,0,0,0,0
2026-10-04T14:11:10Z,redis-cart,recommendationservice,0,0,0,0,0,0,0
2026-10-04T14:11:10Z,redis-cart,redis-cart,0,0,0,0,0,0,0
2026-10-04T14:11:10Z,redis-cart,shippingservice,0,0,0,0,0,0,0
2026-10-04T14:11:10Z,shippingservice,adservice,0,0,0,0,0,0,0
2026-10-04T14:11:10Z,shippingservice,cartservice,0,0,0,0,0,0,0
2026-10-04T14:11:10Z,shippingservice,checkoutservice,0,0,0,0,0,0,0
2026-10-04T14:11:10Z,shippingservice,currencyservice,0,0,0,0,0,0,0
2026-10-04T14:11:10Z,shippingservice,emailservice,0,0,0,0,0,0,0
2026-10-04T14:11:10Z,shippingservice,frontend,0,0,0,0,0,0,0
2026-10-04T14:11:10Z,shippingservice,kubernetes,0,0,0,0,0,0,0
2026-10-04T14:11:10Z,shippingservice,paymentservice,0,0,0,0,0,0,0
2026-10-04T14:11:10Z,shippingservice,productcatalogservice,0,0,0,0,0,0,0
2026-10-04T14:11:10Z,shippingservice,recommendationservice,0,0,0,0,0,0,0
2026-10-04T14:11:10Z,shippingservice,redis-cart,0,0,0,0,0,0,0
2026-10-04T14:11:10Z,shippingservice,shippingservice,0,0,0,0,0,0,0
2026-10-04T14:11:11Z,adservice,adservice,0,0,0,0,0,0,0
2026-10-04T14:11:11Z,adservice,cartservice,0,0,0,0,0,0,0
2026-10-04T14:11:11Z,adservice,checkoutservice,0,0,0,0,0,0,0
2026-10-04T14:11:11Z,adservice,currencyservice,0,0,0,0,0,0,0
2026-10-04T14:11:11Z,adservice,emailservice,0,0,0,0,0,0,0
2026-10-04T14:11:11Z,adservice,frontend,0,0,0,0,0,0,0
2026-10-04T14:11:11Z,adservice,kubernetes,0,0,0,0,0,0,0
2026-10-04T14:11:11Z,adservice,paymentservice,0,0,0,0,0,0,0
2026-10-04T14:11:11Z,adservice,productcatalogservice,0,0,0,0,0,0,0
2026-10-04T14:11:11Z,adservice,recommendationservice,0,0,0,0,0,0,0
2026-10-04T14:11:11Z,adservice,redis-cart,0,0,0,0,0,0,0
2026-10-04T14:11:11Z,adservice,shippingservice,0,0,0,0,0,0,0
2026-10-04T14:11:11Z,cartservice,adservice,0,0,0,0,0,0,0
2026-10-04T14:11:11Z,cartservice,cartservice,0,0,0,0,0,0,0
2026-10-04T14:11:11Z,cartservice,checkoutservice,0,0,0,0,0,0,0
2026-10-04T14:11:11Z,cartservice,currencyservice,0,0,0,0,0,0,0
2026-10-04T14:11:11Z,cartservice,emailservice,0,0,0,0,0,0,0
2026-10-04T14:11:11Z,cartservice,frontend,0,0,0,0,0,0,0
2026-10-04T14:11:11Z,cartservice,kubernetes,0,0,0,0,0,0,0
2026-10-04T14:11:11Z,cartservice,paymentservice,0,0,0,0,0,0,0
2026-10-04T14:11:11Z,cartservice,productcatalogservice,0,0,0,0,0,0,0
2026-10-04T14:11:11Z,cartservice,recommendationservice,0,0,0,0,0,0,0
2026-10-04T14:11:11Z,cartservice,redis-cart,2,0,0,0,0,0,0
2026-10-04T14:11:11Z,cartservice,shippingservice,0,0,0,0,0,0,0
2026-10-04T14:11:11Z,checkoutservice,adservice,0,0,0,0,0,0,0
2026-10-04T14:11:11Z,checkoutservice,cartservice,66608,65673,0,100,0,726135,65249
2026-10-04T14:11:11Z,checkoutservice,checkoutservice,0,0,0,0,0,0,0
2026-10-04T14:11:11Z,checkoutservice,currencyservice,44701,44701,0,0,0,579320,44488
2026-10-04T14:11:11Z,checkoutservice,emailservice,15936,15648,0,66,0,503713,15433
2026-10-04T14:11:11Z,checkoutservice,frontend,0,0,0,0,0,0,0
2026-10-04T14:11:11Z,checkoutservice,kubernetes,0,0,0,0,0,0,0
2026-10-04T14:11:11Z,checkoutservice,paymentservice,37967,36118,0,192,0,450796,35758
2026-10-04T14:11:11Z,checkoutservice,productcatalogservice,0,0,0,0,0,0,0
2026-10-04T14:11:11Z,checkoutservice,recommendationservice,0,0,0,0,0,0,0
2026-10-04T14:11:11Z,checkoutservice,redis-cart,0,0,0,0,0,0,0
2026-10-04T14:11:11Z,checkoutservice,shippingservice,71917,69814,0,154,0,524699,69387
2026-10-04T14:11:11Z,currencyservice,adservice,0,0,0,0,0,0,0
2026-10-04T14:11:11Z,currencyservice,cartservice,0,0,0,0,0,0,0
2026-10-04T14:11:11Z,currencyservice,checkoutservice,0,0,0,0,0,0,0
2026-10-04T14:11:11Z,currencyservice,currencyservice,0,0,0,0,0,0,0
2026-10-04T14:11:11Z,currencyservice,emailservice,0,0,0,0,0,0,0
2026-10-04T14:11:11Z,currencyservice,frontend,0,0,0,0,0,0,0
2026-10-04T14:11:11Z,currencyservice,kubernetes,0,0,0,0,0,0,0
2026-10-04T14:11:11Z,currencyservice,paymentservice,0,0,0,0,0,0,0
2026-10-04T14:11:11Z,currencyservice,productcatalogservice,0,0,0,0,0,0,0
2026-10-04T14:11:11Z,currencyservice,recommendationservice,0,0,0,0,0,0,0
2026-10-04T14:11:11Z,currencyservice,redis-cart,0,0,0,0,0,0,0
2026-10-04T14:11:11Z,currencyservice,shippingservice,0,0,0,0,0,0,0
2026-10-04T14:11:11Z,emailservice,adservice,0,0,0,0,0,0,0
2026-10-04T14:11:11Z,emailservice,cartservice,0,0,0,0,0,0,0
2026-10-04T14:11:11Z,emailservice,checkoutservice,0,0,0,0,0,0,0
2026-10-04T14:11:11Z,emailservice,currencyservice,0,0,0,0,0,0,0
2026-10-04T14:11:11Z,emailservice,emailservice,0,0,0,0,0,0,0
2026-10-04T14:11:11Z,emailservice,frontend,0,0,0,0,0,0,0
2026-10-04T14:11:11Z,emailservice,kubernetes,0,0,0,0,0,0,0
2026-10-04T14:11:11Z,emailservice,paymentservice,0,0,0,0,0,0,0
2026-10-04T14:11:11Z,emailservice,productcatalogservice,0,0,0,0,0,0,0
2026-10-04T14:11:11Z,emailservice,recommendationservice,0,0,0,0,0,0,0
2026-10-04T14:11:11Z,emailservice,redis-cart,0,0,0,0,0,0,0
2026-10-04T14:11:11Z,emailservice,shippingservice,0,0,0,0,0,0,0
2026-10-04T14:11:11Z,frontend,adservice,857789,857787,0,0,0,2583184,857449
2026-10-04T14:11:11Z,frontend,cartservice,1918688,1918676,0,0,4,10591889,1917678
2026-10-04T14:11:11Z,frontend,checkoutservice,403695,193727,0,40061,169946,63122956,193593
2026-10-04T14:11:11Z,frontend,currencyservice,3048557,3048546,0,0,0,16006109,3046973
2026-10-04T14:11:11Z,frontend,emailservice,0,0,0,0,0,0,0
2026-10-04T14:11:11Z,frontend,frontend,0,0,0,0,0,0,0
2026-10-04T14:11:11Z,frontend,kubernetes,0,0,0,0,0,0,0
2026-10-04T14:11:11Z,frontend,paymentservice,0,0,0,0,0,0,0
2026-10-04T14:11:11Z,frontend,productcatalogservice,8525793,8525728,0,0,0,58137716,8521907
2026-10-04T14:11:11Z,frontend,recommendationservice,2804112,1693761,0,117005,990798,852879851,1692867
2026-10-04T14:11:11Z,frontend,redis-cart,0,0,0,0,0,0,0
2026-10-04T14:11:11Z,frontend,shippingservice,314451,314449,0,0,0,950226,314316
2026-10-04T14:11:11Z,paymentservice,adservice,0,0,0,0,0,0,0
2026-10-04T14:11:11Z,paymentservice,cartservice,0,0,0,0,0,0,0
2026-10-04T14:11:11Z,paymentservice,checkoutservice,0,0,0,0,0,0,0
2026-10-04T14:11:11Z,paymentservice,currencyservice,0,0,0,0,0,0,0
2026-10-04T14:11:11Z,paymentservice,emailservice,0,0,0,0,0,0,0
2026-10-04T14:11:11Z,paymentservice,frontend,0,0,0,0,0,0,0
2026-10-04T14:11:11Z,paymentservice,kubernetes,0,0,0,0,0,0,0
2026-10-04T14:11:11Z,paymentservice,paymentservice,0,0,0,0,0,0,0
2026-10-04T14:11:11Z,paymentservice,productcatalogservice,0,0,0,0,0,0,0
2026-10-04T14:11:11Z,paymentservice,recommendationservice,0,0,0,0,0,0,0
2026-10-04T14:11:11Z,paymentservice,redis-cart,0,0,0,0,0,0,0
2026-10-04T14:11:11Z,paymentservice,shippingservice,0,0,0,0,0,0,0
2026-10-04T14:11:11Z,productcatalogservice,adservice,0,0,0,0,0,0,0
2026-10-04T14:11:11Z,productcatalogservice,cartservice,0,0,0,0,0,0,0
2026-10-04T14:11:11Z,productcatalogservice,checkoutservice,0,0,0,0,0,0,0
2026-10-04T14:11:11Z,productcatalogservice,currencyservice,0,0,0,0,0,0,0
2026-10-04T14:11:11Z,productcatalogservice,emailservice,0,0,0,0,0,0,0
2026-10-04T14:11:11Z,productcatalogservice,frontend,0,0,0,0,0,0,0
2026-10-04T14:11:11Z,productcatalogservice,kubernetes,0,0,0,0,0,0,0
2026-10-04T14:11:11Z,productcatalogservice,paymentservice,0,0,0,0,0,0,0
2026-10-04T14:11:11Z,productcatalogservice,productcatalogservice,0,0,0,0,0,0,0
2026-10-04T14:11:11Z,productcatalogservice,recommendationservice,0,0,0,0,0,0,0
2026-10-04T14:11:11Z,productcatalogservice,redis-cart,0,0,0,0,0,0,0
2026-10-04T14:11:11Z,productcatalogservice,shippingservice,0,0,0,0,0,0,0
2026-10-04T14:11:11Z,recommendationservice,adservice,0,0,0,0,0,0,0
2026-10-04T14:11:11Z,recommendationservice,cartservice,0,0,0,0,0,0,0
2026-10-04T14:11:11Z,recommendationservice,checkoutservice,0,0,0,0,0,0,0
2026-10-04T14:11:11Z,recommendationservice,currencyservice,0,0,0,0,0,0,0
2026-10-04T14:11:11Z,recommendationservice,emailservice,0,0,0,0,0,0,0
2026-10-04T14:11:11Z,recommendationservice,frontend,0,0,0,0,0,0,0
2026-10-04T14:11:11Z,recommendationservice,kubernetes,0,0,0,0,0,0,0
2026-10-04T14:11:11Z,recommendationservice,paymentservice,0,0,0,0,0,0,0
2026-10-04T14:11:11Z,recommendationservice,productcatalogservice,190783,190783,0,0,0,1266291,190312
2026-10-04T14:11:11Z,recommendationservice,recommendationservice,0,0,0,0,0,0,0
2026-10-04T14:11:11Z,recommendationservice,redis-cart,0,0,0,0,0,0,0
2026-10-04T14:11:11Z,recommendationservice,shippingservice,0,0,0,0,0,0,0
2026-10-04T14:11:11Z,redis-cart,adservice,0,0,0,0,0,0,0
2026-10-04T14:11:11Z,redis-cart,cartservice,0,0,0,0,0,0,0
2026-10-04T14:11:11Z,redis-cart,checkoutservice,0,0,0,0,0,0,0
2026-10-04T14:11:11Z,redis-cart,currencyservice,0,0,0,0,0,0,0
2026-10-04T14:11:11Z,redis-cart,emailservice,0,0,0,0,0,0,0
2026-10-04T14:11:11Z,redis-cart,frontend,0,0,0,0,0,0,0
2026-10-04T14:11:11Z,redis-cart,kubernetes,0,0,0,0,0,0,0
2026-10-04T14:11:11Z,redis-cart,paymentservice,0,0,0,0,0,0,0
2026-10-04T14:11:11Z,redis-cart,productcatalogservice,0,0,0,0,0,0,0
2026-10-04T14:11:11Z,redis-cart,recommendationservice,0,0,0,0,0,0,0
2026-10-04T14:11:11Z,redis-cart,redis-cart,0,0,0,0,0,0,0
2026-10-04T14:11:11Z,redis-cart,shippingservice,0,0,0,0,0,0,0
2026-10-04T14:11:11Z,shippingservice,adservice,0,0,0,0,0,0,0
2026-10-04T14:11:11Z,shippingservice,cartservice,0,0,0,0,0,0,0
2026-10-04T14:11:11Z,shippingservice,checkoutservice,0,0,0,0,0,0,0
2026-10-04T14:11:11Z,shippingservice,currencyservice,0,0,0,0,0,0,0
2026-10-04T14:11:11Z,shippingservice,emailservice,0,0,0,0,0,0,0
2026-10-04T14:11:11Z,shippingservice,frontend,0,0,0,0,0,0,0
2026-10-04T14:11:11Z,shippingservice,kubernetes,0,0,0,0,0,0,0
2026-10-04T14:11:11Z,shippingservice,paymentservice,0,0,0,0,0,0,0
2026-10-04T14:11:11Z,shippingservice,productcatalogservice,0,0,0,0,0,0,0
2026-10-04T14:11:11Z,shippingservice,recommendationservice,0,0,0,0,0,0,0
2026-10-04T14:11:11Z,shippingservice,redis-cart,0,0,0,0,0,0,0
2026-10-04T14:11:11Z,shippingservice,shippingservice,0,0,0,0,0,0,0
2026-10-04T14:11:12Z,adservice,adservice,0,0,0,0,0,0,0
2026-10-04T14:11:12Z,adservice,cartservice,0,0,0,0,0,0,0
2026-10-04T14:11:12Z,adservice,checkoutservice,0,0,0,0,0,0,0
2026-10-04T14:11:12Z,adservice,currencyservice,0,0,0,0,0,0,0
2026-10-04T14:11:12Z,adservice,emailservice,0,0,0,0,0,0,0
2026-10-04T14:11:12Z,adservice,frontend,0,0,0,0,0,0,0
2026-10-04T14:11:12Z,adservice,kubernetes,0,0,0,0,0,0,0
2026-10-04T14:11:12Z,adservice,paymentservice,0,0,0,0,0,0,0
2026-10-04T14:11:12Z,adservice,productcatalogservice,0,0,0,0,0,0,0
2026-10-04T14:11:12Z,adservice,recommendationservice,0,0,0,0,0,0,0
2026-10-04T14:11:12Z,adservice,redis-cart,0,0,0,0,0,0,0
2026-10-04T14:11:12Z,adservice,shippingservice,0,0,0,0,0,0,0
2026-10-04T14:11:12Z,cartservice,adservice,0,0,0,0,0,0,0
2026-10-04T14:11:12Z,cartservice,cartservice,0,0,0,0,0,0,0
2026-10-04T14:11:12Z,cartservice,checkoutservice,0,0,0,0,0,0,0
2026-10-04T14:11:12Z,cartservice,currencyservice,0,0,0,0,0,0,0
2026-10-04T14:11:12Z,cartservice,emailservice,0,0,0,0,0,0,0
2026-10-04T14:11:12Z,cartservice,frontend,0,0,0,0,0,0,0
2026-10-04T14:11:12Z,cartservice,kubernetes,0,0,0,0,0,0,0
2026-10-04T14:11:12Z,cartservice,paymentservice,0,0,0,0,0,0,0
2026-10-04T14:11:12Z,cartservice,productcatalogservice,0,0,0,0,0,0,0
2026-10-04T14:11:12Z,cartservice,recommendationservice,0,0,0,0,0,0,0
2026-10-04T14:11:12Z,cartservice,redis-cart,2,0,0,0,0,0,0
2026-10-04T14:11:12Z,cartservice,shippingservice,0,0,0,0,0,0,0
2026-10-04T14:11:12Z,checkoutservice,adservice,0,0,0,0,0,0,0
2026-10-04T14:11:12Z,checkoutservice,cartservice,66717,65786,0,100,0,728097,65761
2026-10-04T14:11:12Z,checkoutservice,checkoutservice,0,0,0,0,0,0,0
2026-10-04T14:11:12Z,checkoutservice,currencyservice,44756,44756,0,0,0,580305,44744
2026-10-04T14:11:12Z,checkoutservice,emailservice,15994,15706,0,66,0,507075,15694
2026-10-04T14:11:12Z,checkoutservice,frontend,0,0,0,0,0,0,0
2026-10-04T14:11:12Z,checkoutservice,kubernetes,0,0,0,0,0,0,0
2026-10-04T14:11:12Z,checkoutservice,paymentservice,38022,36174,0,192,0,452046,36014
2026-10-04T14:11:12Z,checkoutservice,productcatalogservice,0,0,0,0,0,0,0
2026-10-04T14:11:12Z,checkoutservice,recommendationservice,0,0,0,0,0,0,0
2026-10-04T14:11:12Z,checkoutservice,redis-cart,0,0,0,0,0,0,0
2026-10-04T14:11:12Z,checkoutservice,shippingservice,72028,69925,0,154,0,525614,69899
2026-10-04T14:11:12Z,currencyservice,adservice,0,0,0,0,0,0,0
2026-10-04T14:11:12Z,currencyservice,cartservice,0,0,0,0,0,0,0
2026-10-04T14:11:12Z,currencyservice,checkoutservice,0,0,0,0,0,0,0
2026-10-04T14:11:12Z,currencyservice,currencyservice,0,0,0,0,0,0,0
2026-10-04T14:11:12Z,currencyservice,emailservice,0,0,0,0,0,0,0
2026-10-04T14:11:12Z,currencyservice,frontend,0,0,0,0,0,0,0
2026-10-04T14:11:12Z,currencyservice,kubernetes,0,0,0,0,0,0,0
2026-10-04T14:11:12Z,currencyservice,paymentservice,0,0,0,0,0,0,0
2026-10-04T14:11:12Z,currencyservice,productcatalogservice,0,0,0,0,0,0,0
2026-10-04T14:11:12Z,currencyservice,recommendationservice,0,0,0,0,0,0,0
2026-10-04T14:11:12Z,currencyservice,redis-cart,0,0,0,0,0,0,0
2026-10-04T14:11:12Z,currencyservice,shippingservice,0,0,0,0,0,0,0
2026-10-04T14:11:12Z,emailservice,adservice,0,0,0,0,0,0,0
2026-10-04T14:11:12Z,emailservice,cartservice,0,0,0,0,0,0,0
2026-10-04T14:11:12Z,emailservice,checkoutservice,0,0,0,0,0,0,0
2026-10-04T14:11:12Z,emailservice,currencyservice,0,0,0,0,0,0,0
2026-10-04T14:11:12Z,emailservice,emailservice,0,0,0,0,0,0,0
2026-10-04T14:11:12Z,emailservice,frontend,0,0,0,0,0,0,0
2026-10-04T14:11:12Z,emailservice,kubernetes,0,0,0,0,0,0,0
2026-10-04T14:11:12Z,emailservice,paymentservice,0,0,0,0,0,0,0
2026-10-04T14:11:12Z,emailservice,productcatalogservice,0,0,0,0,0,0,0
2026-10-04T14:11:12Z,emailservice,recommendationservice,0,0,0,0,0,0,0
2026-10-04T14:11:12Z,emailservice,redis-cart,0,0,0,0,0,0,0
2026-10-04T14:11:12Z,emailservice,shippingservice,0,0,0,0,0,0,0
2026-10-04T14:11:12Z,frontend,adservice,857922,857920,0,0,0,2583184,857449
2026-10-04T14:11:12Z,frontend,cartservice,1919104,1919092,0,0,4,10591889,1917678
2026-10-04T14:11:12Z,frontend,checkoutservice,403750,193776,0,40061,169946,63122956,193593
2026-10-04T14:11:12Z,frontend,currencyservice,3049202,3049193,0,0,0,16006109,3046973
2026-10-04T14:11:12Z,frontend,emailservice,0,0,0,0,0,0,0
2026-10-04T14:11:12Z,frontend,frontend,0,0,0,0,0,0,0
2026-10-04T14:11:12Z,frontend,kubernetes,0,0,0,0,0,0,0
2026-10-04T14:11:12Z,frontend,paymentservice,0,0,0,0,0,0,0
2026-10-04T14:11:12Z,frontend,productcatalogservice,8527340,8527268,0,0,0,58137716,8521907
2026-10-04T14:11:12Z,frontend,recommendationservice,2804852,1694144,0,117043,991119,852879851,1692867
2026-10-04T14:11:12Z,frontend,redis-cart,0,0,0,0,0,0,0
2026-10-04T14:11:12Z,frontend,shippingservice,314506,314504,0,0,0,950226,314316
2026-10-04T14:11:12Z,paymentservice,adservice,0,0,0,0,0,0,0
2026-10-04T14:11:12Z,paymentservice,cartservice,0,0,0,0,0,0,0
2026-10-04T14:11:12Z,paymentservice,checkoutservice,0,0,0,0,0,0,0
2026-10-04T14:11:12Z,paymentservice,currencyservice,0,0,0,0,0,0,0
2026-10-04T14:11:12Z,paymentservice,emailservice,0,0,0,0,0,0,0
2026-10-04T14:11:12Z,paymentservice,frontend,0,0,0,0,0,0,0
2026-10-04T14:11:12Z,paymentservice,kubernetes,0,0,0,0,0,0,0
2026-10-04T14:11:12Z,paymentservice,paymentservice,0,0,0,0,0,0,0
2026-10-04T14:11:12Z,paymentservice,productcatalogservice,0,0,0,0,0,0,0
2026-10-04T14:11:12Z,paymentservice,recommendationservice,0,0,0,0,0,0,0
2026-10-04T14:11:12Z,paymentservice,redis-cart,0,0,0,0,0,0,0
2026-10-04T14:11:12Z,paymentservice,shippingservice,0,0,0,0,0,0,0
2026-10-04T14:11:12Z,productcatalogservice,adservice,0,0,0,0,0,0,0
2026-10-04T14:11:12Z,productcatalogservice,cartservice,0,0,0,0,0,0,0
2026-10-04T14:11:12Z,productcatalogservice,checkoutservice,0,0,0,0,0,0,0
2026-10-04T14:11:12Z,productcatalogservice,currencyservice,0,0,0,0,0,0,0
2026-10-04T14:11:12Z,productcatalogservice,emailservice,0,0,0,0,0,0,0
2026-10-04T14:11:12Z,productcatalogservice,frontend,0,0,0,0,0,0,0
2026-10-04T14:11:12Z,productcatalogservice,kubernetes,0,0,0,0,0,0,0
2026-10-04T14:11:12Z,productcatalogservice,paymentservice,0,0,0,0,0,0,0
2026-10-04T14:11:12Z,productcatalogservice,productcatalogservice,0,0,0,0,0,0,0
2026-10-04T14:11:12Z,productcatalogservice,recommendationservice,0,0,0,0,0,0,0
2026-10-04T14:11:12Z,productcatalogservice,redis-cart,0,0,0,0,0,0,0
2026-10-04T14:11:12Z,productcatalogservice,shippingservice,0,0,0,0,0,0,0
2026-10-04T14:11:12Z,recommendationservice,adservice,0,0,0,0,0,0,0
2026-10-04T14:11:12Z,recommendationservice,cartservice,0,0,0,0,0,0,0
2026-10-04T14:11:12Z,recommendationservice,checkoutservice,0,0,0,0,0,0,0
2026-10-04T14:11:12Z,recommendationservice,currencyservice,0,0,0,0,0,0,0
2026-10-04T14:11:12Z,recommendationservice,emailservice,0,0,0,0,0,0,0
2026-10-04T14:11:12Z,recommendationservice,frontend,0,0,0,0,0,0,0
2026-10-04T14:11:12Z,recommendationservice,kubernetes,0,0,0,0,0,0,0
2026-10-04T14:11:12Z,recommendationservice,paymentservice,0,0,0,0,0,0,0
2026-10-04T14:11:12Z,recommendationservice,productcatalogservice,191242,191242,0,0,0,1266291,190312
2026-10-04T14:11:12Z,recommendationservice,recommendationservice,0,0,0,0,0,0,0
2026-10-04T14:11:12Z,recommendationservice,redis-cart,0,0,0,0,0,0,0
2026-10-04T14:11:12Z,recommendationservice,shippingservice,0,0,0,0,0,0,0
2026-10-04T14:11:12Z,redis-cart,adservice,0,0,0,0,0,0,0
2026-10-04T14:11:12Z,redis-cart,cartservice,0,0,0,0,0,0,0
2026-10-04T14:11:12Z,redis-cart,checkoutservice,0,0,0,0,0,0,0
2026-10-04T14:11:12Z,redis-cart,currencyservice,0,0,0,0,0,0,0
2026-10-04T14:11:12Z,redis-cart,emailservice,0,0,0,0,0,0,0
2026-10-04T14:11:12Z,redis-cart,frontend,0,0,0,0,0,0,0
2026-10-04T14:11:12Z,redis-cart,kubernetes,0,0,0,0,0,0,0
2026-10-04T14:11:12Z,redis-cart,paymentservice,0,0,0,0,0,0,0
2026-10-04T14:11:12Z,redis-cart,productcatalogservice,0,0,0,0,0,0,0
2026-10-04T14:11:12Z,redis-cart,recommendationservice,0,0,0,0,0,0,0
2026-10-04T14:11:12Z,redis-cart,redis-cart,0,0,0,0,0,0,0
2026-10-04T14:11:12Z,redis-cart,shippingservice,0,0,0,0,0,0,0
2026-10-04T14:11:12Z,shippingservice,adservice,0,0,0,0,0,0,0
2026-10-04T14:11:12Z,shippingservice,cartservice,0,0,0,0,0,0,0
2026-10-04T14:11:12Z,shippingservice,checkoutservice,0,0,0,0,0,0,0
2026-10-04T14:11:12Z,shippingservice,currencyservice,0,0,0,0,0,0,0
2026-10-04T14:11:12Z,shippingservice,emailservice,0,0,0,0,0,0,0
2026-10-04T14:11:12Z,shippingservice,frontend,0,0,0,0,0,0,0
2026-10-04T14:11:12Z,shippingservice,kubernetes,0,0,0,0,0,0,0
2026-10-04T14:11:12Z,shippingservice,paymentservice,0,0,0,0,0,0,0
2026-10-04T14:11:12Z,shippingservice,productcatalogservice,0,0,0,0,0,0,0
2026-10-04T14:11:12Z,shippingservice,recommendationservice,0,0,0,0,0,0,0
2026-10-04T14:11:12Z,shippingservice,redis-cart,0,0,0,0,0,0,0
2026-10-04T14:11:12Z,shippingservice,shippingservice,0,0,0,0,0,0,0
2026-10-04T14:11:13Z,adservice,adservice,0,0,0,0,0,0,0
2026-10-04T14:11:13Z,adservice,cartservice,0,0,0,0,0,0,0
2026-10-04T14:11:13Z,adservice,checkoutservice,0,0,0,0,0,0,0
2026-10-04T14:11:13Z,adservice,currencyservice,0,0,0,0,0,0,0
2026-10-04T14:11:13Z,adservice,emailservice,0,0,0,0,0,0,0
2026-10-04T14:11:13Z,adservice,frontend,0,0,0,0,0,0,0
2026-10-04T14:11:13Z,adservice,kubernetes,0,0,0,0,0,0,0
2026-10-04T14:11:13Z,adservice,paymentservice,0,0,0,0,0,0,0
2026-10-04T14:11:13Z,adservice,productcatalogservice,0,0,0,0,0,0,0
2026-10-04T14:11:13Z,adservice,recommendationservice,0,0,0,0,0,0,0
2026-10-04T14:11:13Z,adservice,redis-cart,0,0,0,0,0,0,0
2026-10-04T14:11:13Z,adservice,shippingservice,0,0,0,0,0,0,0
2026-10-04T14:11:13Z,cartservice,adservice,0,0,0,0,0,0,0
2026-10-04T14:11:13Z,cartservice,cartservice,0,0,0,0,0,0,0
2026-10-04T14:11:13Z,cartservice,checkoutservice,0,0,0,0,0,0,0
2026-10-04T14:11:13Z,cartservice,currencyservice,0,0,0,0,0,0,0
2026-10-04T14:11:13Z,cartservice,emailservice,0,0,0,0,0,0,0
2026-10-04T14:11:13Z,cartservice,frontend,0,0,0,0,0,0,0
2026-10-04T14:11:13Z,cartservice,kubernetes,0,0,0,0,0,0,0
2026-10-04T14:11:13Z,cartservice,paymentservice,0,0,0,0,0,0,0
2026-10-04T14:11:13Z,cartservice,productcatalogservice,0,0,0,0,0,0,0
2026-10-04T14:11:13Z,cartservice,recommendationservice,0,0,0,0,0,0,0
2026-10-04T14:11:13Z,cartservice,redis-cart,2,0,0,0,0,0,0
2026-10-04T14:11:13Z,cartservice,shippingservice,0,0,0,0,0,0,0
2026-10-04T14:11:13Z,checkoutservice,adservice,0,0,0,0,0,0,0
2026-10-04T14:11:13Z,checkoutservice,cartservice,66823,65891,0,100,0,728097,65761
2026-10-04T14:11:13Z,checkoutservice,checkoutservice,0,0,0,0,0,0,0
2026-10-04T14:11:13Z,checkoutservice,currencyservice,44809,44809,0,0,0,580305,44744
2026-10-04T14:11:13Z,checkoutservice,emailservice,16045,15757,0,66,0,507075,15694
2026-10-04T14:11:13Z,checkoutservice,frontend,0,0,0,0,0,0,0
2026-10-04T14:11:13Z,checkoutservice,kubernetes,0,0,0,0,0,0,0
2026-10-04T14:11:13Z,checkoutservice,paymentservice,38075,36227,0,192,0,452046,36014
2026-10-04T14:11:13Z,checkoutservice,productcatalogservice,0,0,0,0,0,0,0
2026-10-04T14:11:13Z,checkoutservice,recommendationservice,0,0,0,0,0,0,0
2026-10-04T14:11:13Z,checkoutservice,redis-cart,0,0,0,0,0,0,0
2026-10-04T14:11:13Z,checkoutservice,shippingservice,72134,70030,0,154,0,525614,69899
2026-10-04T14:11:13Z,currencyservice,adservice,0,0,0,0,0,0,0
2026-10-04T14:11:13Z,currencyservice,cartservice,0,0,0,0,0,0,0
2026-10-04T14:11:13Z,currencyservice,checkoutservice,0,0,0,0,0,0,0
2026-10-04T14:11:13Z,currencyservice,currencyservice,0,0,0,0,0,0,0
2026-10-04T14:11:13Z,currencyservice,emailservice,0,0,0,0,0,0,0
2026-10-04T14:11:13Z,currencyservice,frontend,0,0,0,0,0,0,0
2026-10-04T14:11:13Z,currencyservice,kubernetes,0,0,0,0,0,0,0
2026-10-04T14:11:13Z,currencyservice,paymentservice,0,0,0,0,0,0,0
2026-10-04T14:11:13Z,currencyservice,productcatalogservice,0,0,0,0,0,0,0
2026-10-04T14:11:13Z,currencyservice,recommendationservice,0,0,0,0,0,0,0
2026-10-04T14:11:13Z,currencyservice,redis-cart,0,0,0,0,0,0,0
2026-10-04T14:11:13Z,currencyservice,shippingservice,0,0,0,0,0,0,0
2026-10-04T14:11:13Z,emailservice,adservice,0,0,0,0,0,0,0
2026-10-04T14:11:13Z,emailservice,cartservice,0,0,0,0,0,0,0
2026-10-04T14:11:13Z,emailservice,checkoutservice,0,0,0,0,0,0,0
2026-10-04T14:11:13Z,emailservice,currencyservice,0,0,0,0,0,0,0
2026-10-04T14:11:13Z,emailservice,emailservice,0,0,0,0,0,0,0
2026-10-04T14:11:13Z,emailservice,frontend,0,0,0,0,0,0,0
2026-10-04T14:11:13Z,emailservice,kubernetes,0,0,0,0,0,0,0
2026-10-04T14:11:13Z,emailservice,paymentservice,0,0,0,0,0,0,0
2026-10-04T14:11:13Z,emailservice,productcatalogservice,0,0,0,0,0,0,0
2026-10-04T14:11:13Z,emailservice,recommendationservice,0,0,0,0,0,0,0
2026-10-04T14:11:13Z,emailservice,redis-cart,0,0,0,0,0,0,0
2026-10-04T14:11:13Z,emailservice,shippingservice,0,0,0,0,0,0,0
2026-10-04T14:11:13Z,frontend,adservice,858052,858049,0,0,0,2583540,857589
2026-10-04T14:11:13Z,frontend,cartservice,1919476,1919460,0,0,4,10593996,1918142
2026-10-04T14:11:13Z,frontend,checkoutservice,403800,193832,0,40061,169946,63127105,193653
2026-10-04T14:11:13Z,frontend,currencyservice,3049783,3049775,0,0,0,16009629,3047699
2026-10-04T14:11:13Z,frontend,emailservice,0,0,0,0,0,0,0
2026-10-04T14:11:13Z,frontend,frontend,0,0,0,0,0,0,0
2026-10-04T14:11:13Z,frontend,kubernetes,0,0,0,0,0,0,0
2026-10-04T14:11:13Z,frontend,paymentservice,0,0,0,0,0,0,0
2026-10-04T14:11:13Z,frontend,productcatalogservice,8528720,8528654,0,0,0,58149743,8523595
2026-10-04T14:11:13Z,frontend,recommendationservice,2805627,1694453,0,117074,991534,853261321,1693308
2026-10-04T14:11:13Z,frontend,redis-cart,0,0,0,0,0,0,0
2026-10-04T14:11:13Z,frontend,shippingservice,314548,314546,0,0,0,950347,314379
2026-10-04T14:11:13Z,paymentservice,adservice,0,0,0,0,0,0,0
2026-10-04T14:11:13Z,paymentservice,cartservice,0,0,0,0,0,0,0
2026-10-04T14:11:13Z,paymentservice,checkoutservice,0,0,0,0,0,0,0
2026-10-04T14:11:13Z,paymentservice,currencyservice,0,0,0,0,0,0,0
2026-10-04T14:11:13Z,paymentservice,emailservice,0,0,0,0,0,0,0
2026-10-04T14:11:13Z,paymentservice,frontend,0,0,0,0,0,0,0
2026-10-04T14:11:13Z,paymentservice,kubernetes,0,0,0,0,0,0,0
2026-10-04T14:11:13Z,paymentservice,paymentservice,0,0,0,0,0,0,0
2026-10-04T14:11:13Z,paymentservice,productcatalogservice,0,0,0,0,0,0,0
2026-10-04T14:11:13Z,paymentservice,recommendationservice,0,0,0,0,0,0,0
2026-10-04T14:11:13Z,paymentservice,redis-cart,0,0,0,0,0,0,0
2026-10-04T14:11:13Z,paymentservice,shippingservice,0,0,0,0,0,0,0
2026-10-04T14:11:13Z,productcatalogservice,adservice,0,0,0,0,0,0,0
2026-10-04T14:11:13Z,productcatalogservice,cartservice,0,0,0,0,0,0,0
2026-10-04T14:11:13Z,productcatalogservice,checkoutservice,0,0,0,0,0,0,0
2026-10-04T14:11:13Z,productcatalogservice,currencyservice,0,0,0,0,0,0,0
2026-10-04T14:11:13Z,productcatalogservice,emailservice,0,0,0,0,0,0,0
2026-10-04T14:11:13Z,productcatalogservice,frontend,0,0,0,0,0,0,0
2026-10-04T14:11:13Z,productcatalogservice,kubernetes,0,0,0,0,0,0,0
2026-10-04T14:11:13Z,productcatalogservice,paymentservice,0,0,0,0,0,0,0
2026-10-04T14:11:13Z,productcatalogservice,productcatalogservice,0,0,0,0,0,0,0
2026-10-04T14:11:13Z,productcatalogservice,recommendationservice,0,0,0,0,0,0,0
2026-10-04T14:11:13Z,productcatalogservice,redis-cart,0,0,0,0,0,0,0
2026-10-04T14:11:13Z,productcatalogservice,shippingservice,0,0,0,0,0,0,0
2026-10-04T14:11:13Z,recommendationservice,adservice,0,0,0,0,0,0,0
2026-10-04T14:11:13Z,recommendationservice,cartservice,0,0,0,0,0,0,0
2026-10-04T14:11:13Z,recommendationservice,checkoutservice,0,0,0,0,0,0,0
2026-10-04T14:11:13Z,recommendationservice,currencyservice,0,0,0,0,0,0,0
2026-10-04T14:11:13Z,recommendationservice,emailservice,0,0,0,0,0,0,0
2026-10-04T14:11:13Z,recommendationservice,frontend,0,0,0,0,0,0,0
2026-10-04T14:11:13Z,recommendationservice,kubernetes,0,0,0,0,0,0,0
2026-10-04T14:11:13Z,recommendationservice,paymentservice,0,0,0,0,0,0,0
2026-10-04T14:11:13Z,recommendationservice,productcatalogservice,191637,191637,0,0,0,1266291,190312
2026-10-04T14:11:13Z,recommendationservice,recommendationservice,0,0,0,0,0,0,0
2026-10-04T14:11:13Z,recommendationservice,redis-cart,0,0,0,0,0,0,0
2026-10-04T14:11:13Z,recommendationservice,shippingservice,0,0,0,0,0,0,0
2026-10-04T14:11:13Z,redis-cart,adservice,0,0,0,0,0,0,0
2026-10-04T14:11:13Z,redis-cart,cartservice,0,0,0,0,0,0,0
2026-10-04T14:11:13Z,redis-cart,checkoutservice,0,0,0,0,0,0,0
2026-10-04T14:11:13Z,redis-cart,currencyservice,0,0,0,0,0,0,0
2026-10-04T14:11:13Z,redis-cart,emailservice,0,0,0,0,0,0,0
2026-10-04T14:11:13Z,redis-cart,frontend,0,0,0,0,0,0,0
2026-10-04T14:11:13Z,redis-cart,kubernetes,0,0,0,0,0,0,0
2026-10-04T14:11:13Z,redis-cart,paymentservice,0,0,0,0,0,0,0
2026-10-04T14:11:13Z,redis-cart,productcatalogservice,0,0,0,0,0,0,0
2026-10-04T14:11:13Z,redis-cart,recommendationservice,0,0,0,0,0,0,0
2026-10-04T14:11:13Z,redis-cart,redis-cart,0,0,0,0,0,0,0
2026-10-04T14:11:13Z,redis-cart,shippingservice,0,0,0,0,0,0,0
2026-10-04T14:11:13Z,shippingservice,adservice,0,0,0,0,0,0,0
2026-10-04T14:11:13Z,shippingservice,cartservice,0,0,0,0,0,0,0
2026-10-04T14:11:13Z,shippingservice,checkoutservice,0,0,0,0,0,0,0
2026-10-04T14:11:13Z,shippingservice,currencyservice,0,0,0,0,0,0,0
2026-10-04T14:11:13Z,shippingservice,emailservice,0,0,0,0,0,0,0
2026-10-04T14:11:13Z,shippingservice,frontend,0,0,0,0,0,0,0
2026-10-04T14:11:13Z,shippingservice,kubernetes,0,0,0,0,0,0,0
2026-10-04T14:11:13Z,shippingservice,paymentservice,0,0,0,0,0,0,0
2026-10-04T14:11:13Z,shippingservice,productcatalogservice,0,0,0,0,0,0,0
2026-10-04T14:11:13Z,shippingservice,recommendationservice,0,0,0,0,0,0,0
2026-10-04T14:11:13Z,shippingservice,redis-cart,0,0,0,0,0,0,0
2026-10-04T14:11:13Z,shippingservice,shippingservice,0,0,0,0,0,0,0
2026-10-04T14:11:14Z,adservice,adservice,0,0,0,0,0,0,0
2026-10-04T14:11:14Z,adservice,cartservice,0,0,0,0,0,0,0
2026-10-04T14:11:14Z,adservice,checkoutservice,0,0,0,0,0,0,0
2026-10-04T14:11:14Z,adservice,currencyservice,0,0,0,0,0,0,0
2026-10-04T14:11:14Z,adservice,emailservice,0,0,0,0,0,0,0
2026-10-04T14:11:14Z,adservice,frontend,0,0,0,0,0,0,0
2026-10-04T14:11:14Z,adservice,kubernetes,0,0,0,0,0,0,0
2026-10-04T14:11:14Z,adservice,paymentservice,0,0,0,0,0,0,0
2026-10-04T14:11:14Z,adservice,productcatalogservice,0,0,0,0,0,0,0
2026-10-04T14:11:14Z,adservice,recommendationservice,0,0,0,0,0,0,0
2026-10-04T14:11:14Z,adservice,redis-cart,0,0,0,0,0,0,0
2026-10-04T14:11:14Z,adservice,shippingservice,0,0,0,0,0,0,0
2026-10-04T14:11:14Z,cartservice,adservice,0,0,0,0,0,0,0
2026-10-04T14:11:14Z,cartservice,cartservice,0,0,0,0,0,0,0
2026-10-04T14:11:14Z,cartservice,checkoutservice,0,0,0,0,0,0,0
2026-10-04T14:11:14Z,cartservice,currencyservice,0,0,0,0,0,0,0
2026-10-04T14:11:14Z,cartservice,emailservice,0,0,0,0,0,0,0
2026-10-04T14:11:14Z,cartservice,frontend,0,0,0,0,0,0,0
2026-10-04T14:11:14Z,cartservice,kubernetes,0,0,0,0,0,0,0
2026-10-04T14:11:14Z,cartservice,paymentservice,0,0,0,0,0,0,0
2026-10-04T14:11:14Z,cartservice,productcatalogservice,0,0,0,0,0,0,0
2026-10-04T14:11:14Z,cartservice,recommendationservice,0,0,0,0,0,0,0
2026-10-04T14:11:14Z,cartservice,redis-cart,2,0,0,0,0,0,0
2026-10-04T14:11:14Z,cartservice,shippingservice,0,0,0,0,0,0,0
2026-10-04T14:11:14Z,checkoutservice,adservice,0,0,0,0,0,0,0
2026-10-04T14:11:14Z,checkoutservice,cartservice,66913,65981,0,100,0,728097,65761
2026-10-04T14:11:14Z,checkoutservice,checkoutservice,0,0,0,0,0,0,0
2026-10-04T14:11:14Z,checkoutservice,currencyservice,44853,44853,0,0,0,580305,44744
2026-10-04T14:11:14Z,checkoutservice,emailservice,16091,15803,0,66,0,507075,15694
2026-10-04T14:11:14Z,checkoutservice,frontend,0,0,0,0,0,0,0
2026-10-04T14:11:14Z,checkoutservice,kubernetes,0,0,0,0,0,0,0
2026-10-04T14:11:14Z,checkoutservice,paymentservice,38119,36271,0,192,0,452046,36014
2026-10-04T14:11:14Z,checkoutservice,productcatalogservice,0,0,0,0,0,0,0
2026-10-04T14:11:14Z,checkoutservice,recommendationservice,0,0,0,0,0,0,0
2026-10-04T14:11:14Z,checkoutservice,redis-cart,0,0,0,0,0,0,0
2026-10-04T14:11:14Z,checkoutservice,shippingservice,72223,70119,0,154,0,525614,69899
2026-10-04T14:11:14Z,currencyservice,adservice,0,0,0,0,0,0,0
2026-10-04T14:11:14Z,currencyservice,cartservice,0,0,0,0,0,0,0
2026-10-04T14:11:14Z,currencyservice,checkoutservice,0,0,0,0,0,0,0
2026-10-04T14:11:14Z,currencyservice,currencyservice,0,0,0,0,0,0,0
2026-10-04T14:11:14Z,currencyservice,emailservice,0,0,0,0,0,0,0
2026-10-04T14:11:14Z,currencyservice,frontend,0,0,0,0,0,0,0
2026-10-04T14:11:14Z,currencyservice,kubernetes,0,0,0,0,0,0,0
2026-10-04T14:11:14Z,currencyservice,paymentservice,0,0,0,0,0,0,0
2026-10-04T14:11:14Z,currencyservice,productcatalogservice,0,0,0,0,0,0,0
2026-10-04T14:11:14Z,currencyservice,recommendationservice,0,0,0,0,0,0,0
2026-10-04T14:11:14Z,currencyservice,redis-cart,0,0,0,0,0,0,0
2026-10-04T14:11:14Z,currencyservice,shippingservice,0,0,0,0,0,0,0
2026-10-04T14:11:14Z,emailservice,adservice,0,0,0,0,0,0,0
2026-10-04T14:11:14Z,emailservice,cartservice,0,0,0,0,0,0,0
2026-10-04T14:11:14Z,emailservice,checkoutservice,0,0,0,0,0,0,0
2026-10-04T14:11:14Z,emailservice,currencyservice,0,0,0,0,0,0,0
2026-10-04T14:11:14Z,emailservice,emailservice,0,0,0,0,0,0,0
2026-10-04T14:11:14Z,emailservice,frontend,0,0,0,0,0,0,0
2026-10-04T14:11:14Z,emailservice,kubernetes,0,0,0,0,0,0,0
2026-10-04T14:11:14Z,emailservice,paymentservice,0,0,0,0,0,0,0
2026-10-04T14:11:14Z,emailservice,productcatalogservice,0,0,0,0,0,0,0
2026-10-04T14:11:14Z,emailservice,recommendationservice,0,0,0,0,0,0,0
2026-10-04T14:11:14Z,emailservice,redis-cart,0,0,0,0,0,0,0
2026-10-04T14:11:14Z,emailservice,shippingservice,0,0,0,0,0,0,0
2026-10-04T14:11:14Z,frontend,adservice,858161,858159,0,0,0,2584548,857955
2026-10-04T14:11:14Z,frontend,cartservice,1919831,1919818,0,0,4,10598314,1919158
2026-10-04T14:11:14Z,frontend,checkoutservice,403848,193880,0,40061,169946,63136251,193788
2026-10-04T14:11:14Z,frontend,currencyservice,3050330,3050321,0,0,0,16015376,3049303
2026-10-04T14:11:14Z,frontend,emailservice,0,0,0,0,0,0,0
2026-10-04T14:11:14Z,frontend,frontend,0,0,0,0,0,0,0
2026-10-04T14:11:14Z,frontend,kubernetes,0,0,0,0,0,0,0
2026-10-04T14:11:14Z,frontend,paymentservice,0,0,0,0,0,0,0
2026-10-04T14:11:14Z,frontend,productcatalogservice,8529968,8529905,0,0,0,58166327,8527513
2026-10-04T14:11:14Z,frontend,recommendationservice,2806401,1694770,0,117119,991957,854037236,1694202
2026-10-04T14:11:14Z,frontend,redis-cart,0,0,0,0,0,0,0
2026-10-04T14:11:14Z,frontend,shippingservice,314585,314583,0,0,0,950616,314501
2026-10-04T14:11:14Z,paymentservice,adservice,0,0,0,0,0,0,0
2026-10-04T14:11:14Z,paymentservice,cartservice,0,0,0,0,0,0,0
2026-10-04T14:11:14Z,paymentservice,checkoutservice,0,0,0,0,0,0,0
2026-10-04T14:11:14Z,paymentservice,currencyservice,0,0,0,0,0,0,0
2026-10-04T14:11:14Z,paymentservice,emailservice,0,0,0,0,0,0,0
2026-10-04T14:11:14Z,paymentservice,frontend,0,0,0,0,0,0,0
2026-10-04T14:11:14Z,paymentservice,kubernetes,0,0,0,0,0,0,0
2026-10-04T14:11:14Z,paymentservice,paymentservice,0,0,0,0,0,0,0
2026-10-04T14:11:14Z,paymentservice,productcatalogservice,0,0,0,0,0,0,0
2026-10-04T14:11:14Z,paymentservice,recommendationservice,0,0,0,0,0,0,0
2026-10-04T14:11:14Z,paymentservice,redis-cart,0,0,0,0,0,0,0
2026-10-04T14:11:14Z,paymentservice,shippingservice,0,0,0,0,0,0,0
2026-10-04T14:11:14Z,productcatalogservice,adservice,0,0,0,0,0,0,0
2026-10-04T14:11:14Z,productcatalogservice,cartservice,0,0,0,0,0,0,0
2026-10-04T14:11:14Z,productcatalogservice,checkoutservice,0,0,0,0,0,0,0
2026-10-04T14:11:14Z,productcatalogservice,currencyservice,0,0,0,0,0,0,0
2026-10-04T14:11:14Z,productcatalogservice,emailservice,0,0,0,0,0,0,0
2026-10-04T14:11:14Z,productcatalogservice,frontend,0,0,0,0,0,0,0
2026-10-04T14:11:14Z,productcatalogservice,kubernetes,0,0,0,0,0,0,0
2026-10-04T14:11:14Z,productcatalogservice,paymentservice,0,0,0,0,0,0,0
2026-10-04T14:11:14Z,productcatalogservice,productcatalogservice,0,0,0,0,0,0,0
2026-10-04T14:11:14Z,productcatalogservice,recommendationservice,0,0,0,0,0,0,0
2026-10-04T14:11:14Z,productcatalogservice,redis-cart,0,0,0,0,0,0,0
2026-10-04T14:11:14Z,productcatalogservice,shippingservice,0,0,0,0,0,0,0
2026-10-04T14:11:14Z,recommendationservice,adservice,0,0,0,0,0,0,0
2026-10-04T14:11:14Z,recommendationservice,cartservice,0,0,0,0,0,0,0
2026-10-04T14:11:14Z,recommendationservice,checkoutservice,0,0,0,0,0,0,0
2026-10-04T14:11:14Z,recommendationservice,currencyservice,0,0,0,0,0,0,0
2026-10-04T14:11:14Z,recommendationservice,emailservice,0,0,0,0,0,0,0
2026-10-04T14:11:14Z,recommendationservice,frontend,0,0,0,0,0,0,0
2026-10-04T14:11:14Z,recommendationservice,kubernetes,0,0,0,0,0,0,0
2026-10-04T14:11:14Z,recommendationservice,paymentservice,0,0,0,0,0,0,0
2026-10-04T14:11:14Z,recommendationservice,productcatalogservice,192076,192075,0,0,0,1266291,190312
2026-10-04T14:11:14Z,recommendationservice,recommendationservice,0,0,0,0,0,0,0
2026-10-04T14:11:14Z,recommendationservice,redis-cart,0,0,0,0,0,0,0
2026-10-04T14:11:14Z,recommendationservice,shippingservice,0,0,0,0,0,0,0
2026-10-04T14:11:14Z,redis-cart,adservice,0,0,0,0,0,0,0
2026-10-04T14:11:14Z,redis-cart,cartservice,0,0,0,0,0,0,0
2026-10-04T14:11:14Z,redis-cart,checkoutservice,0,0,0,0,0,0,0
2026-10-04T14:11:14Z,redis-cart,currencyservice,0,0,0,0,0,0,0
2026-10-04T14:11:14Z,redis-cart,emailservice,0,0,0,0,0,0,0
2026-10-04T14:11:14Z,redis-cart,frontend,0,0,0,0,0,0,0
2026-10-04T14:11:14Z,redis-cart,kubernetes,0,0,0,0,0,0,0
2026-10-04T14:11:14Z,redis-cart,paymentservice,0,0,0,0,0,0,0
2026-10-04T14:11:14Z,redis-cart,productcatalogservice,0,0,0,0,0,0,0
2026-10-04T14:11:14Z,redis-cart,recommendationservice,0,0,0,0,0,0,0
2026-10-04T14:11:14Z,redis-cart,redis-cart,0,0,0,0,0,0,0
2026-10-04T14:11:14Z,redis-cart,shippingservice,0,0,0,0,0,0,0
2026-10-04T14:11:14Z,shippingservice,adservice,0,0,0,0,0,0,0
2026-10-04T14:11:14Z,shippingservice,cartservice,0,0,0,0,0,0,0
2026-10-04T14:11:14Z,shippingservice,checkoutservice,0,0,0,0,0,0,0
2026-10-04T14:11:14Z,shippingservice,currencyservice,0,0,0,0,0,0,0
2026-10-04T14:11:14Z,shippingservice,emailservice,0,0,0,0,0,0,0
2026-10-04T14:11:14Z,shippingservice,frontend,0,0,0,0,0,0,0
2026-10-04T14:11:14Z,shippingservice,kubernetes,0,0,0,0,0,0,0
2026-10-04T14:11:14Z,shippingservice,paymentservice,0,0,0,0,0,0,0
2026-10-04T14:11:14Z,shippingservice,productcatalogservice,0,0,0,0,0,0,0
2026-10-04T14:11:14Z,shippingservice,recommendationservice,0,0,0,0,0,0,0
2026-10-04T14:11:14Z,shippingservice,redis-cart,0,0,0,0,0,0,0
2026-10-04T14:11:14Z,shippingservice,shippingservice,0,0,0,0,0,0,0
2026-10-04T14:11:15Z,adservice,adservice,0,0,0,0,0,0,0
2026-10-04T14:11:15Z,adservice,cartservice,0,0,0,0,0,0,0
2026-10-04T14:11:15Z,adservice,checkoutservice,0,0,0,0,0,0,0
2026-10-04T14:11:15Z,adservice,currencyservice,0,0,0,0,0,0,0
2026-10-04T14:11:15Z,adservice,emailservice,0,0,0,0,0,0,0
2026-10-04T14:11:15Z,adservice,frontend,0,0,0,0,0,0,0
2026-10-04T14:11:15Z,adservice,kubernetes,0,0,0,0,0,0,0
2026-10-04T14:11:15Z,adservice,paymentservice,0,0,0,0,0,0,0
2026-10-04T14:11:15Z,adservice,productcatalogservice,0,0,0,0,0,0,0
2026-10-04T14:11:15Z,adservice,recommendationservice,0,0,0,0,0,0,0
2026-10-04T14:11:15Z,adservice,redis-cart,0,0,0,0,0,0,0
2026-10-04T14:11:15Z,adservice,shippingservice,0,0,0,0,0,0,0
2026-10-04T14:11:15Z,cartservice,adservice,0,0,0,0,0,0,0
2026-10-04T14:11:15Z,cartservice,cartservice,0,0,0,0,0,0,0
2026-10-04T14:11:15Z,cartservice,checkoutservice,0,0,0,0,0,0,0
2026-10-04T14:11:15Z,cartservice,currencyservice,0,0,0,0,0,0,0
2026-10-04T14:11:15Z,cartservice,emailservice,0,0,0,0,0,0,0
2026-10-04T14:11:15Z,cartservice,frontend,0,0,0,0,0,0,0
2026-10-04T14:11:15Z,cartservice,kubernetes,0,0,0,0,0,0,0
2026-10-04T14:11:15Z,cartservice,paymentservice,0,0,0,0,0,0,0
2026-10-04T14:11:15Z,cartservice,productcatalogservice,0,0,0,0,0,0,0
2026-10-04T14:11:15Z,cartservice,recommendationservice,0,0,0,0,0,0,0
2026-10-04T14:11:15Z,cartservice,redis-cart,2,0,0,0,0,0,0
2026-10-04T14:11:15Z,cartservice,shippingservice,0,0,0,0,0,0,0
2026-10-04T14:11:15Z,checkoutservice,adservice,0,0,0,0,0,0,0
2026-10-04T14:11:15Z,checkoutservice,cartservice,67011,66077,0,100,0,728097,65761
2026-10-04T14:11:15Z,checkoutservice,checkoutservice,0,0,0,0,0,0,0
2026-10-04T14:11:15Z,checkoutservice,currencyservice,44906,44906,0,0,0,580305,44744
2026-10-04T14:11:15Z,checkoutservice,emailservice,16135,15847,0,66,0,507075,15694
2026-10-04T14:11:15Z,checkoutservice,frontend,0,0,0,0,0,0,0
2026-10-04T14:11:15Z,checkoutservice,kubernetes,0,0,0,0,0,0,0
2026-10-04T14:11:15Z,checkoutservice,paymentservice,38167,36318,0,192,0,452046,36014
2026-10-04T14:11:15Z,checkoutservice,productcatalogservice,0,0,0,0,0,0,0
2026-10-04T14:11:15Z,checkoutservice,recommendationservice,0,0,0,0,0,0,0
2026-10-04T14:11:15Z,checkoutservice,redis-cart,0,0,0,0,0,0,0
2026-10-04T14:11:15Z,checkoutservice,shippingservice,72322,70219,0,154,0,525614,69899
2026-10-04T14:11:15Z,currencyservice,adservice,0,0,0,0,0,0,0
2026-10-04T14:11:15Z,currencyservice,cartservice,0,0,0,0,0,0,0
2026-10-04T14:11:15Z,currencyservice,checkoutservice,0,0,0,0,0,0,0
2026-10-04T14:11:15Z,currencyservice,currencyservice,0,0,0,0,0,0,0
2026-10-04T14:11:15Z,currencyservice,emailservice,0,0,0,0,0,0,0
2026-10-04T14:11:15Z,currencyservice,frontend,0,0,0,0,0,0,0
2026-10-04T14:11:15Z,currencyservice,kubernetes,0,0,0,0,0,0,0
2026-10-04T14:11:15Z,currencyservice,paymentservice,0,0,0,0,0,0,0
2026-10-04T14:11:15Z,currencyservice,productcatalogservice,0,0,0,0,0,0,0
2026-10-04T14:11:15Z,currencyservice,recommendationservice,0,0,0,0,0,0,0
2026-10-04T14:11:15Z,currencyservice,redis-cart,0,0,0,0,0,0,0
2026-10-04T14:11:15Z,currencyservice,shippingservice,0,0,0,0,0,0,0
2026-10-04T14:11:15Z,emailservice,adservice,0,0,0,0,0,0,0
2026-10-04T14:11:15Z,emailservice,cartservice,0,0,0,0,0,0,0
2026-10-04T14:11:15Z,emailservice,checkoutservice,0,0,0,0,0,0,0
2026-10-04T14:11:15Z,emailservice,currencyservice,0,0,0,0,0,0,0
2026-10-04T14:11:15Z,emailservice,emailservice,0,0,0,0,0,0,0
2026-10-04T14:11:15Z,emailservice,frontend,0,0,0,0,0,0,0
2026-10-04T14:11:15Z,emailservice,kubernetes,0,0,0,0,0,0,0
2026-10-04T14:11:15Z,emailservice,paymentservice,0,0,0,0,0,0,0
2026-10-04T14:11:15Z,emailservice,productcatalogservice,0,0,0,0,0,0,0
2026-10-04T14:11:15Z,emailservice,recommendationservice,0,0,0,0,0,0,0
2026-10-04T14:11:15Z,emailservice,redis-cart,0,0,0,0,0,0,0
2026-10-04T14:11:15Z,emailservice,shippingservice,0,0,0,0,0,0,0
2026-10-04T14:11:15Z,frontend,adservice,858275,858273,0,0,0,2584845,858091
2026-10-04T14:11:15Z,frontend,cartservice,1920213,1920198,0,0,4,10600238,1919588
2026-10-04T14:11:15Z,frontend,checkoutservice,403894,193922,0,40061,169946,63141027,193844
2026-10-04T14:11:15Z,frontend,currencyservice,3050919,3050909,0,0,0,16017913,3049974
2026-10-04T14:11:15Z,frontend,emailservice,0,0,0,0,0,0,0
2026-10-04T14:11:15Z,frontend,frontend,0,0,0,0,0,0,0
2026-10-04T14:11:15Z,frontend,kubernetes,0,0,0,0,0,0,0
2026-10-04T14:11:15Z,frontend,paymentservice,0,0,0,0,0,0,0
2026-10-04T14:11:15Z,frontend,productcatalogservice,8531278,8531212,0,0,0,58176630,8529118
2026-10-04T14:11:15Z,frontend,recommendationservice,2807176,1695092,0,117179,992355,854356451,1694569
2026-10-04T14:11:15Z,frontend,redis-cart,0,0,0,0,0,0,0
2026-10-04T14:11:15Z,frontend,shippingservice,314625,314623,0,0,0,950775,314563
2026-10-04T14:11:15Z,paymentservice,adservice,0,0,0,0,0,0,0
2026-10-04T14:11:15Z,paymentservice,cartservice,0,0,0,0,0,0,0
2026-10-04T14:11:15Z,paymentservice,checkoutservice,0,0,0,0,0,0,0
2026-10-04T14:11:15Z,paymentservice,currencyservice,0,0,0,0,0,0,0
2026-10-04T14:11:15Z,paymentservice,emailservice,0,0,0,0,0,0,0
2026-10-04T14:11:15Z,paymentservice,frontend,0,0,0,0,0,0,0
2026-10-04T14:11:15Z,paymentservice,kubernetes,0,0,0,0,0,0,0
2026-10-04T14:11:15Z,paymentservice,paymentservice,0,0,0,0,0,0,0
2026-10-04T14:11:15Z,paymentservice,productcatalogservice,0,0,0,0,0,0,0
2026-10-04T14:11:15Z,paymentservice,recommendationservice,0,0,0,0,0,0,0
2026-10-04T14:11:15Z,paymentservice,redis-cart,0,0,0,0,0,0,0
2026-10-04T14:11:15Z,paymentservice,shippingservice,0,0,0,0,0,0,0
2026-10-04T14:11:15Z,productcatalogservice,adservice,0,0,0,0,0,0,0
2026-10-04T14:11:15Z,productcatalogservice,cartservice,0,0,0,0,0,0,0
2026-10-04T14:11:15Z,productcatalogservice,checkoutservice,0,0,0,0,0,0,0
2026-10-04T14:11:15Z,productcatalogservice,currencyservice,0,0,0,0,0,0,0
2026-10-04T14:11:15Z,productcatalogservice,emailservice,0,0,0,0,0,0,0
2026-10-04T14:11:15Z,productcatalogservice,frontend,0,0,0,0,0,0,0
2026-10-04T14:11:15Z,productcatalogservice,kubernetes,0,0,0,0,0,0,0
2026-10-04T14:11:15Z,productcatalogservice,paymentservice,0,0,0,0,0,0,0
2026-10-04T14:11:15Z,productcatalogservice,productcatalogservice,0,0,0,0,0,0,0
2026-10-04T14:11:15Z,productcatalogservice,recommendationservice,0,0,0,0,0,0,0
2026-10-04T14:11:15Z,productcatalogservice,redis-cart,0,0,0,0,0,0,0
2026-10-04T14:11:15Z,productcatalogservice,shippingservice,0,0,0,0,0,0,0
2026-10-04T14:11:15Z,recommendationservice,adservice,0,0,0,0,0,0,0
2026-10-04T14:11:15Z,recommendationservice,cartservice,0,0,0,0,0,0,0
2026-10-04T14:11:15Z,recommendationservice,checkoutservice,0,0,0,0,0,0,0
2026-10-04T14:11:15Z,recommendationservice,currencyservice,0,0,0,0,0,0,0
2026-10-04T14:11:15Z,recommendationservice,emailservice,0,0,0,0,0,0,0
2026-10-04T14:11:15Z,recommendationservice,frontend,0,0,0,0,0,0,0
2026-10-04T14:11:15Z,recommendationservice,kubernetes,0,0,0,0,0,0,0
2026-10-04T14:11:15Z,recommendationservice,paymentservice,0,0,0,0,0,0,0
2026-10-04T14:11:15Z,recommendationservice,productcatalogservice,192473,192467,0,0,0,1276532,192444
2026-10-04T14:11:15Z,recommendationservice,recommendationservice,0,0,0,0,0,0,0
2026-10-04T14:11:15Z,recommendationservice,redis-cart,0,0,0,0,0,0,0
2026-10-04T14:11:15Z,recommendationservice,shippingservice,0,0,0,0,0,0,0
2026-10-04T14:11:15Z,redis-cart,adservice,0,0,0,0,0,0,0
2026-10-04T14:11:15Z,redis-cart,cartservice,0,0,0,0,0,0,0
2026-10-04T14:11:15Z,redis-cart,checkoutservice,0,0,0,0,0,0,0
2026-10-04T14:11:15Z,redis-cart,currencyservice,0,0,0,0,0,0,0
2026-10-04T14:11:15Z,redis-cart,emailservice,0,0,0,0,0,0,0
2026-10-04T14:11:15Z,redis-cart,frontend,0,0,0,0,0,0,0
2026-10-04T14:11:15Z,redis-cart,kubernetes,0,0,0,0,0,0,0
2026-10-04T14:11:15Z,redis-cart,paymentservice,0,0,0,0,0,0,0
2026-10-04T14:11:15Z,redis-cart,productcatalogservice,0,0,0,0,0,0,0
2026-10-04T14:11:15Z,redis-cart,recommendationservice,0,0,0,0,0,0,0
2026-10-04T14:11:15Z,redis-cart,redis-cart,0,0,0,0,0,0,0
2026-10-04T14:11:15Z,redis-cart,shippingservice,0,0,0,0,0,0,0
2026-10-04T14:11:15Z,shippingservice,adservice,0,0,0,0,0,0,0
2026-10-04T14:11:15Z,shippingservice,cartservice,0,0,0,0,0,0,0
2026-10-04T14:11:15Z,shippingservice,checkoutservice,0,0,0,0,0,0,0
2026-10-04T14:11:15Z,shippingservice,currencyservice,0,0,0,0,0,0,0
2026-10-04T14:11:15Z,shippingservice,emailservice,0,0,0,0,0,0,0
2026-10-04T14:11:15Z,shippingservice,frontend,0,0,0,0,0,0,0
2026-10-04T14:11:15Z,shippingservice,kubernetes,0,0,0,0,0,0,0
2026-10-04T14:11:15Z,shippingservice,paymentservice,0,0,0,0,0,0,0
2026-10-04T14:11:15Z,shippingservice,productcatalogservice,0,0,0,0,0,0,0
2026-10-04T14:11:15Z,shippingservice,recommendationservice,0,0,0,0,0,0,0
2026-10-04T14:11:15Z,shippingservice,redis-cart,0,0,0,0,0,0,0
2026-10-04T14:11:15Z,shippingservice,shippingservice,0,0,0,0,0,0,0
2026-10-04T14:11:16Z,adservice,adservice,0,0,0,0,0,0,0
2026-10-04T14:11:16Z,adservice,cartservice,0,0,0,0,0,0,0
2026-10-04T14:11:16Z,adservice,checkoutservice,0,0,0,0,0,0,0
2026-10-04T14:11:16Z,adservice,currencyservice,0,0,0,0,0,0,0
2026-10-04T14:11:16Z,adservice,emailservice,0,0,0,0,0,0,0
2026-10-04T14:11:16Z,adservice,frontend,0,0,0,0,0,0,0
2026-10-04T14:11:16Z,adservice,kubernetes,0,0,0,0,0,0,0
2026-10-04T14:11:16Z,adservice,paymentservice,0,0,0,0,0,0,0
2026-10-04T14:11:16Z,adservice,productcatalogservice,0,0,0,0,0,0,0
2026-10-04T14:11:16Z,adservice,recommendationservice,0,0,0,0,0,0,0
2026-10-04T14:11:16Z,adservice,redis-cart,0,0,0,0,0,0,0
2026-10-04T14:11:16Z,adservice,shippingservice,0,0,0,0,0,0,0
2026-10-04T14:11:16Z,cartservice,adservice,0,0,0,0,0,0,0
2026-10-04T14:11:16Z,cartservice,cartservice,0,0,0,0,0,0,0
2026-10-04T14:11:16Z,cartservice,checkoutservice,0,0,0,0,0,0,0
2026-10-04T14:11:16Z,cartservice,currencyservice,0,0,0,0,0,0,0
2026-10-04T14:11:16Z,cartservice,emailservice,0,0,0,0,0,0,0
2026-10-04T14:11:16Z,cartservice,frontend,0,0,0,0,0,0,0
2026-10-04T14:11:16Z,cartservice,kubernetes,0,0,0,0,0,0,0
2026-10-04T14:11:16Z,cartservice,paymentservice,0,0,0,0,0,0,0
2026-10-04T14:11:16Z,cartservice,productcatalogservice,0,0,0,0,0,0,0
2026-10-04T14:11:16Z,cartservice,recommendationservice,0,0,0,0,0,0,0
2026-10-04T14:11:16Z,cartservice,redis-cart,2,0,0,0,0,0,0
2026-10-04T14:11:16Z,cartservice,shippingservice,0,0,0,0,0,0,0
2026-10-04T14:11:16Z,checkoutservice,adservice,0,0,0,0,0,0,0
2026-10-04T14:11:16Z,checkoutservice,cartservice,67092,66161,0,100,0,728097,65761
2026-10-04T14:11:16Z,checkoutservice,checkoutservice,0,0,0,0,0,0,0
2026-10-04T14:11:16Z,checkoutservice,currencyservice,44943,44943,0,0,0,580305,44744
2026-10-04T14:11:16Z,checkoutservice,emailservice,16181,15891,0,66,0,507075,15694
2026-10-04T14:11:16Z,checkoutservice,frontend,0,0,0,0,0,0,0
2026-10-04T14:11:16Z,checkoutservice,kubernetes,0,0,0,0,0,0,0
2026-10-04T14:11:16Z,checkoutservice,paymentservice,38209,36361,0,192,0,452046,36014
2026-10-04T14:11:16Z,checkoutservice,productcatalogservice,0,0,0,0,0,0,0
2026-10-04T14:11:16Z,checkoutservice,recommendationservice,0,0,0,0,0,0,0
2026-10-04T14:11:16Z,checkoutservice,redis-cart,0,0,0,0,0,0,0
2026-10-04T14:11:16Z,checkoutservice,shippingservice,72403,70299,0,154,0,525614,69899
2026-10-04T14:11:16Z,currencyservice,adservice,0,0,0,0,0,0,0
2026-10-04T14:11:16Z,currencyservice,cartservice,0,0,0,0,0,0,0
2026-10-04T14:11:16Z,currencyservice,checkoutservice,0,0,0,0,0,0,0
2026-10-04T14:11:16Z,currencyservice,currencyservice,0,0,0,0,0,0,0
2026-10-04T14:11:16Z,currencyservice,emailservice,0,0,0,0,0,0,0
2026-10-04T14:11:16Z,currencyservice,frontend,0,0,0,0,0,0,0
2026-10-04T14:11:16Z,currencyservice,kubernetes,0,0,0,0,0,0,0
2026-10-04T14:11:16Z,currencyservice,paymentservice,0,0,0,0,0,0,0
2026-10-04T14:11:16Z,currencyservice,productcatalogservice,0,0,0,0,0,0,0
2026-10-04T14:11:16Z,currencyservice,recommendationservice,0,0,0,0,0,0,0
2026-10-04T14:11:16Z,currencyservice,redis-cart,0,0,0,0,0,0,0
2026-10-04T14:11:16Z,currencyservice,shippingservice,0,0,0,0,0,0,0
2026-10-04T14:11:16Z,emailservice,adservice,0,0,0,0,0,0,0
2026-10-04T14:11:16Z,emailservice,cartservice,0,0,0,0,0,0,0
2026-10-04T14:11:16Z,emailservice,checkoutservice,0,0,0,0,0,0,0
2026-10-04T14:11:16Z,emailservice,currencyservice,0,0,0,0,0,0,0
2026-10-04T14:11:16Z,emailservice,emailservice,0,0,0,0,0,0,0
2026-10-04T14:11:16Z,emailservice,frontend,0,0,0,0,0,0,0
2026-10-04T14:11:16Z,emailservice,kubernetes,0,0,0,0,0,0,0
2026-10-04T14:11:16Z,emailservice,paymentservice,0,0,0,0,0,0,0
2026-10-04T14:11:16Z,emailservice,productcatalogservice,0,0,0,0,0,0,0
2026-10-04T14:11:16Z,emailservice,recommendationservice,0,0,0,0,0,0,0
2026-10-04T14:11:16Z,emailservice,redis-cart,0,0,0,0,0,0,0
2026-10-04T14:11:16Z,emailservice,shippingservice,0,0,0,0,0,0,0
2026-10-04T14:11:16Z,frontend,adservice,858373,858371,0,0,0,2584845,858091
2026-10-04T14:11:16Z,frontend,cartservice,1920567,1920553,0,0,4,10600238,1919588
2026-10-04T14:11:16Z,frontend,checkoutservice,403931,193964,0,40061,169946,63141027,193844
2026-10-04T14:11:16Z,frontend,currencyservice,3051440,3051433,0,0,0,16017913,3049974
2026-10-04T14:11:16Z,frontend,emailservice,0,0,0,0,0,0,0
2026-10-04T14:11:16Z,frontend,frontend,0,0,0,0,0,0,0
2026-10-04T14:11:16Z,frontend,kubernetes,0,0,0,0,0,0,0
2026-10-04T14:11:16Z,frontend,paymentservice,0,0,0,0,0,0,0
2026-10-04T14:11:16Z,frontend,productcatalogservice,8532391,8532320,0,0,0,58176630,8529118
2026-10-04T14:11:16Z,frontend,recommendationservice,2807933,1695389,0,117224,992750,854356451,1694569
2026-10-04T14:11:16Z,frontend,redis-cart,0,0,0,0,0,0,0
2026-10-04T14:11:16Z,frontend,shippingservice,314652,314650,0,0,0,950775,314563
2026-10-04T14:11:16Z,paymentservice,adservice,0,0,0,0,0,0,0
2026-10-04T14:11:16Z,paymentservice,cartservice,0,0,0,0,0,0,0
2026-10-04T14:11:16Z,paymentservice,checkoutservice,0,0,0,0,0,0,0
2026-10-04T14:11:16Z,paymentservice,currencyservice,0,0,0,0,0,0,0
2026-10-04T14:11:16Z,paymentservice,emailservice,0,0,0,0,0,0,0
2026-10-04T14:11:16Z,paymentservice,frontend,0,0,0,0,0,0,0
2026-10-04T14:11:16Z,paymentservice,kubernetes,0,0,0,0,0,0,0
2026-10-04T14:11:16Z,paymentservice,paymentservice,0,0,0,0,0,0,0
2026-10-04T14:11:16Z,paymentservice,productcatalogservice,0,0,0,0,0,0,0
2026-10-04T14:11:16Z,paymentservice,recommendationservice,0,0,0,0,0,0,0
2026-10-04T14:11:16Z,paymentservice,redis-cart,0,0,0,0,0,0,0
2026-10-04T14:11:16Z,paymentservice,shippingservice,0,0,0,0,0,0,0
2026-10-04T14:11:16Z,productcatalogservice,adservice,0,0,0,0,0,0,0
2026-10-04T14:11:16Z,productcatalogservice,cartservice,0,0,0,0,0,0,0
2026-10-04T14:11:16Z,productcatalogservice,checkoutservice,0,0,0,0,0,0,0
2026-10-04T14:11:16Z,productcatalogservice,currencyservice,0,0,0,0,0,0,0
2026-10-04T14:11:16Z,productcatalogservice,emailservice,0,0,0,0,0,0,0
2026-10-04T14:11:16Z,productcatalogservice,frontend,0,0,0,0,0,0,0
2026-10-04T14:11:16Z,productcatalogservice,kubernetes,0,0,0,0,0,0,0
2026-10-04T14:11:16Z,productcatalogservice,paymentservice,0,0,0,0,0,0,0
2026-10-04T14:11:16Z,productcatalogservice,productcatalogservice,0,0,0,0,0,0,0
2026-10-04T14:11:16Z,productcatalogservice,recommendationservice,0,0,0,0,0,0,0
2026-10-04T14:11:16Z,productcatalogservice,redis-cart,0,0,0,0,0,0,0
2026-10-04T14:11:16Z,productcatalogservice,shippingservice,0,0,0,0,0,0,0
2026-10-04T14:11:16Z,recommendationservice,adservice,0,0,0,0,0,0,0
2026-10-04T14:11:16Z,recommendationservice,cartservice,0,0,0,0,0,0,0
2026-10-04T14:11:16Z,recommendationservice,checkoutservice,0,0,0,0,0,0,0
2026-10-04T14:11:16Z,recommendationservice,currencyservice,0,0,0,0,0,0,0
2026-10-04T14:11:16Z,recommendationservice,emailservice,0,0,0,0,0,0,0
2026-10-04T14:11:16Z,recommendationservice,frontend,0,0,0,0,0,0,0
2026-10-04T14:11:16Z,recommendationservice,kubernetes,0,0,0,0,0,0,0
2026-10-04T14:11:16Z,recommendationservice,paymentservice,0,0,0,0,0,0,0
2026-10-04T14:11:16Z,recommendationservice,productcatalogservice,192870,192869,0,0,0,1276532,192444
2026-10-04T14:11:16Z,recommendationservice,recommendationservice,0,0,0,0,0,0,0
2026-10-04T14:11:16Z,recommendationservice,redis-cart,0,0,0,0,0,0,0
2026-10-04T14:11:16Z,recommendationservice,shippingservice,0,0,0,0,0,0,0
2026-10-04T14:11:16Z,redis-cart,adservice,0,0,0,0,0,0,0
2026-10-04T14:11:16Z,redis-cart,cartservice,0,0,0,0,0,0,0
2026-10-04T14:11:16Z,redis-cart,checkoutservice,0,0,0,0,0,0,0
2026-10-04T14:11:16Z,redis-cart,currencyservice,0,0,0,0,0,0,0
2026-10-04T14:11:16Z,redis-cart,emailservice,0,0,0,0,0,0,0
2026-10-04T14:11:16Z,redis-cart,frontend,0,0,0,0,0,0,0
2026-10-04T14:11:16Z,redis-cart,kubernetes,0,0,0,0,0,0,0
2026-10-04T14:11:16Z,redis-cart,paymentservice,0,0,0,0,0,0,0
2026-10-04T14:11:16Z,redis-cart,productcatalogservice,0,0,0,0,0,0,0
2026-10-04T14:11:16Z,redis-cart,recommendationservice,0,0,0,0,0,0,0
2026-10-04T14:11:16Z,redis-cart,redis-cart,0,0,0,0,0,0,0
2026-10-04T14:11:16Z,redis-cart,shippingservice,0,0,0,0,0,0,0
2026-10-04T14:11:16Z,shippingservice,adservice,0,0,0,0,0,0,0
2026-10-04T14:11:16Z,shippingservice,cartservice,0,0,0,0,0,0,0
2026-10-04T14:11:16Z,shippingservice,checkoutservice,0,0,0,0,0,0,0
2026-10-04T14:11:16Z,shippingservice,currencyservice,0,0,0,0,0,0,0
2026-10-04T14:11:16Z,shippingservice,emailservice,0,0,0,0,0,0,0
2026-10-04T14:11:16Z,shippingservice,frontend,0,0,0,0,0,0,0
2026-10-04T14:11:16Z,shippingservice,kubernetes,0,0,0,0,0,0,0
2026-10-04T14:11:16Z,shippingservice,paymentservice,0,0,0,0,0,0,0
2026-10-04T14:11:16Z,shippingservice,productcatalogservice,0,0,0,0,0,0,0
2026-10-04T14:11:16Z,shippingservice,recommendationservice,0,0,0,0,0,0,0
2026-10-04T14:11:16Z,shippingservice,redis-cart,0,0,0,0,0,0,0
2026-10-04T14:11:16Z,shippingservice,shippingservice,0,0,0,0,0,0,0
2026-10-04T14:11:17Z,adservice,adservice,0,0,0,0,0,0,0
2026-10-04T14:11:17Z,adservice,cartservice,0,0,0,0,0,0,0
2026-10-04T14:11:17Z,adservice,checkoutservice,0,0,0,0,0,0,0
2026-10-04T14:11:17Z,adservice,currencyservice,0,0,0,0,0,0,0
2026-10-04T14:11:17Z,adservice,emailservice,0,0,0,0,0,0,0
2026-10-04T14:11:17Z,adservice,frontend,0,0,0,0,0,0,0
2026-10-04T14:11:17Z,adservice,kubernetes,0,0,0,0,0,0,0
2026-10-04T14:11:17Z,adservice,paymentservice,0,0,0,0,0,0,0
2026-10-04T14:11:17Z,adservice,productcatalogservice,0,0,0,0,0,0,0
2026-10-04T14:11:17Z,adservice,recommendationservice,0,0,0,0,0,0,0
2026-10-04T14:11:17Z,adservice,redis-cart,0,0,0,0,0,0,0
2026-10-04T14:11:17Z,adservice,shippingservice,0,0,0,0,0,0,0
2026-10-04T14:11:17Z,cartservice,adservice,0,0,0,0,0,0,0
2026-10-04T14:11:17Z,cartservice,cartservice,0,0,0,0,0,0,0
2026-10-04T14:11:17Z,cartservice,checkoutservice,0,0,0,0,0,0,0
2026-10-04T14:11:17Z,cartservice,currencyservice,0,0,0,0,0,0,0
2026-10-04T14:11:17Z,cartservice,emailservice,0,0,0,0,0,0,0
2026-10-04T14:11:17Z,cartservice,frontend,0,0,0,0,0,0,0
2026-10-04T14:11:17Z,cartservice,kubernetes,0,0,0,0,0,0,0
2026-10-04T14:11:17Z,cartservice,paymentservice,0,0,0,0,0,0,0
2026-10-04T14:11:17Z,cartservice,productcatalogservice,0,0,0,0,0,0,0
2026-10-04T14:11:17Z,cartservice,recommendationservice,0,0,0,0,0,0,0
2026-10-04T14:11:17Z,cartservice,redis-cart,2,0,0,0,0,0,0
2026-10-04T14:11:17Z,cartservice,shippingservice,0,0,0,0,0,0,0
2026-10-04T14:11:17Z,checkoutservice,adservice,0,0,0,0,0,0,0
2026-10-04T14:11:17Z,checkoutservice,cartservice,67180,66249,0,100,0,730150,66245
2026-10-04T14:11:17Z,checkoutservice,checkoutservice,0,0,0,0,0,0,0
2026-10-04T14:11:17Z,checkoutservice,currencyservice,44987,44987,0,0,0,581137,44986
2026-10-04T14:11:17Z,checkoutservice,emailservice,16224,15936,0,66,0,512123,15929
2026-10-04T14:11:17Z,checkoutservice,frontend,0,0,0,0,0,0,0
2026-10-04T14:11:17Z,checkoutservice,kubernetes,0,0,0,0,0,0,0
2026-10-04T14:11:17Z,checkoutservice,paymentservice,38253,36405,0,192,0,452838,36256
2026-10-04T14:11:17Z,checkoutservice,productcatalogservice,0,0,0,0,0,0,0
2026-10-04T14:11:17Z,checkoutservice,recommendationservice,0,0,0,0,0,0,0
2026-10-04T14:11:17Z,checkoutservice,redis-cart,0,0,0,0,0,0,0
2026-10-04T14:11:17Z,checkoutservice,shippingservice,72492,70388,0,154,0,526526,70383
2026-10-04T14:11:17Z,currencyservice,adservice,0,0,0,0,0,0,0
2026-10-04T14:11:17Z,currencyservice,cartservice,0,0,0,0,0,0,0
2026-10-04T14:11:17Z,currencyservice,checkoutservice,0,0,0,0,0,0,0
2026-10-04T14:11:17Z,currencyservice,currencyservice,0,0,0,0,0,0,0
2026-10-04T14:11:17Z,currencyservice,emailservice,0,0,0,0,0,0,0
2026-10-04T14:11:17Z,currencyservice,frontend,0,0,0,0,0,0,0
2026-10-04T14:11:17Z,currencyservice,kubernetes,0,0,0,0,0,0,0
2026-10-04T14:11:17Z,currencyservice,paymentservice,0,0,0,0,0,0,0
2026-10-04T14:11:17Z,currencyservice,productcatalogservice,0,0,0,0,0,0,0
2026-10-04T14:11:17Z,currencyservice,recommendationservice,0,0,0,0,0,0,0
2026-10-04T14:11:17Z,currencyservice,redis-cart,0,0,0,0,0,0,0
2026-10-04T14:11:17Z,currencyservice,shippingservice,0,0,0,0,0,0,0
2026-10-04T14:11:17Z,emailservice,adservice,0,0,0,0,0,0,0
2026-10-04T14:11:17Z,emailservice,cartservice,0,0,0,0,0,0,0
2026-10-04T14:11:17Z,emailservice,checkoutservice,0,0,0,0,0,0,0
2026-10-04T14:11:17Z,emailservice,currencyservice,0,0,0,0,0,0,0
2026-10-04T14:11:17Z,emailservice,emailservice,0,0,0,0,0,0,0
2026-10-04T14:11:17Z,emailservice,frontend,0,0,0,0,0,0,0
2026-10-04T14:11:17Z,emailservice,kubernetes,0,0,0,0,0,0,0
2026-10-04T14:11:17Z,emailservice,paymentservice,0,0,0,0,0,0,0
2026-10-04T14:11:17Z,emailservice,productcatalogservice,0,0,0,0,0,0,0
2026-10-04T14:11:17Z,emailservice,recommendationservice,0,0,0,0,0,0,0
2026-10-04T14:11:17Z,emailservice,redis-cart,0,0,0,0,0,0,0
2026-10-04T14:11:17Z,emailservice,shippingservice,0,0,0,0,0,0,0
2026-10-04T14:11:17Z,frontend,adservice,858463,858461,0,0,0,2584845,858091
2026-10-04T14:11:17Z,frontend,cartservice,1920942,1920929,0,0,4,10600238,1919588
2026-10-04T14:11:17Z,frontend,checkoutservice,403978,194009,0,40061,169946,63141027,193844
2026-10-04T14:11:17Z,frontend,currencyservice,3052018,3052010,0,0,0,16017913,3049974
2026-10-04T14:11:17Z,frontend,emailservice,0,0,0,0,0,0,0
2026-10-04T14:11:17Z,frontend,frontend,0,0,0,0,0,0,0
2026-10-04T14:11:17Z,frontend,kubernetes,0,0,0,0,0,0,0
2026-10-04T14:11:17Z,frontend,paymentservice,0,0,0,0,0,0,0
2026-10-04T14:11:17Z,frontend,productcatalogservice,8533571,8533497,0,0,0,58176630,8529118
2026-10-04T14:11:17Z,frontend,recommendationservice,2808696,1695710,0,117298,993133,854356451,1694569
2026-10-04T14:11:17Z,frontend,redis-cart,0,0,0,0,0,0,0
2026-10-04T14:11:17Z,frontend,shippingservice,314694,314692,0,0,0,950775,314563
2026-10-04T14:11:17Z,paymentservice,adservice,0,0,0,0,0,0,0
2026-10-04T14:11:17Z,paymentservice,cartservice,0,0,0,0,0,0,0
2026-10-04T14:11:17Z,paymentservice,checkoutservice,0,0,0,0,0,0,0
2026-10-04T14:11:17Z,paymentservice,currencyservice,0,0,0,0,0,0,0
2026-10-04T14:11:17Z,paymentservice,emailservice,0,0,0,0,0,0,0
2026-10-04T14:11:17Z,paymentservice,frontend,0,0,0,0,0,0,0
2026-10-04T14:11:17Z,paymentservice,kubernetes,0,0,0,0,0,0,0
2026-10-04T14:11:17Z,paymentservice,paymentservice,0,0,0,0,0,0,0
2026-10-04T14:11:17Z,paymentservice,productcatalogservice,0,0,0,0,0,0,0
2026-10-04T14:11:17Z,paymentservice,recommendationservice,0,0,0,0,0,0,0
2026-10-04T14:11:17Z,paymentservice,redis-cart,0,0,0,0,0,0,0
2026-10-04T14:11:17Z,paymentservice,shippingservice,0,0,0,0,0,0,0
2026-10-04T14:11:17Z,productcatalogservice,adservice,0,0,0,0,0,0,0
2026-10-04T14:11:17Z,productcatalogservice,cartservice,0,0,0,0,0,0,0
2026-10-04T14:11:17Z,productcatalogservice,checkoutservice,0,0,0,0,0,0,0
2026-10-04T14:11:17Z,productcatalogservice,currencyservice,0,0,0,0,0,0,0
2026-10-04T14:11:17Z,productcatalogservice,emailservice,0,0,0,0,0,0,0
2026-10-04T14:11:17Z,productcatalogservice,frontend,0,0,0,0,0,0,0
2026-10-04T14:11:17Z,productcatalogservice,kubernetes,0,0,0,0,0,0,0
2026-10-04T14:11:17Z,productcatalogservice,paymentservice,0,0,0,0,0,0,0
2026-10-04T14:11:17Z,productcatalogservice,productcatalogservice,0,0,0,0,0,0,0
2026-10-04T14:11:17Z,productcatalogservice,recommendationservice,0,0,0,0,0,0,0
2026-10-04T14:11:17Z,productcatalogservice,redis-cart,0,0,0,0,0,0,0
2026-10-04T14:11:17Z,productcatalogservice,shippingservice,0,0,0,0,0,0,0
2026-10-04T14:11:17Z,recommendationservice,adservice,0,0,0,0,0,0,0
2026-10-04T14:11:17Z,recommendationservice,cartservice,0,0,0,0,0,0,0
2026-10-04T14:11:17Z,recommendationservice,checkoutservice,0,0,0,0,0,0,0
2026-10-04T14:11:17Z,recommendationservice,currencyservice,0,0,0,0,0,0,0
2026-10-04T14:11:17Z,recommendationservice,emailservice,0,0,0,0,0,0,0
2026-10-04T14:11:17Z,recommendationservice,frontend,0,0,0,0,0,0,0
2026-10-04T14:11:17Z,recommendationservice,kubernetes,0,0,0,0,0,0,0
2026-10-04T14:11:17Z,recommendationservice,paymentservice,0,0,0,0,0,0,0
2026-10-04T14:11:17Z,recommendationservice,productcatalogservice,193294,193294,0,0,0,1276532,192444
2026-10-04T14:11:17Z,recommendationservice,recommendationservice,0,0,0,0,0,0,0
2026-10-04T14:11:17Z,recommendationservice,redis-cart,0,0,0,0,0,0,0
2026-10-04T14:11:17Z,recommendationservice,shippingservice,0,0,0,0,0,0,0
2026-10-04T14:11:17Z,redis-cart,adservice,0,0,0,0,0,0,0
2026-10-04T14:11:17Z,redis-cart,cartservice,0,0,0,0,0,0,0
2026-10-04T14:11:17Z,redis-cart,checkoutservice,0,0,0,0,0,0,0
2026-10-04T14:11:17Z,redis-cart,currencyservice,0,0,0,0,0,0,0
2026-10-04T14:11:17Z,redis-cart,emailservice,0,0,0,0,0,0,0
2026-10-04T14:11:17Z,redis-cart,frontend,0,0,0,0,0,0,0
2026-10-04T14:11:17Z,redis-cart,kubernetes,0,0,0,0,0,0,0
2026-10-04T14:11:17Z,redis-cart,paymentservice,0,0,0,0,0,0,0
2026-10-04T14:11:17Z,redis-cart,productcatalogservice,0,0,0,0,0,0,0
2026-10-04T14:11:17Z,redis-cart,recommendationservice,0,0,0,0,0,0,0
2026-10-04T14:11:17Z,redis-cart,redis-cart,0,0,0,0,0,0,0
2026-10-04T14:11:17Z,redis-cart,shippingservice,0,0,0,0,0,0,0
2026-10-04T14:11:17Z,shippingservice,adservice,0,0,0,0,0,0,0
2026-10-04T14:11:17Z,shippingservice,cartservice,0,0,0,0,0,0,0
2026-10-04T14:11:17Z,shippingservice,checkoutservice,0,0,0,0,0,0,0
2026-10-04T14:11:17Z,shippingservice,currencyservice,0,0,0,0,0,0,0
2026-10-04T14:11:17Z,shippingservice,emailservice,0,0,0,0,0,0,0
2026-10-04T14:11:17Z,shippingservice,frontend,0,0,0,0,0,0,0
2026-10-04T14:11:17Z,shippingservice,kubernetes,0,0,0,0,0,0,0
2026-10-04T14:11:17Z,shippingservice,paymentservice,0,0,0,0,0,0,0
2026-10-04T14:11:17Z,shippingservice,productcatalogservice,0,0,0,0,0,0,0
2026-10-04T14:11:17Z,shippingservice,recommendationservice,0,0,0,0,0,0,0
2026-10-04T14:11:17Z,shippingservice,redis-cart,0,0,0,0,0,0,0
2026-10-04T14:11:17Z,shippingservice,shippingservice,0,0,0,0,0,0,0
2026-10-04T14:11:18Z,adservice,adservice,0,0,0,0,0,0,0
2026-10-04T14:11:18Z,adservice,cartservice,0,0,0,0,0,0,0
2026-10-04T14:11:18Z,adservice,checkoutservice,0,0,0,0,0,0,0
2026-10-04T14:11:18Z,adservice,currencyservice,0,0,0,0,0,0,0
2026-10-04T14:11:18Z,adservice,emailservice,0,0,0,0,0,0,0
2026-10-04T14:11:18Z,adservice,frontend,0,0,0,0,0,0,0
2026-10-04T14:11:18Z,adservice,kubernetes,0,0,0,0,0,0,0
2026-10-04T14:11:18Z,adservice,paymentservice,0,0,0,0,0,0,0
2026-10-04T14:11:18Z,adservice,productcatalogservice,0,0,0,0,0,0,0
2026-10-04T14:11:18Z,adservice,recommendationservice,0,0,0,0,0,0,0
2026-10-04T14:11:18Z,adservice,redis-cart,0,0,0,0,0,0,0
2026-10-04T14:11:18Z,adservice,shippingservice,0,0,0,0,0,0,0
2026-10-04T14:11:18Z,cartservice,adservice,0,0,0,0,0,0,0
2026-10-04T14:11:18Z,cartservice,cartservice,0,0,0,0,0,0,0
2026-10-04T14:11:18Z,cartservice,checkoutservice,0,0,0,0,0,0,0
2026-10-04T14:11:18Z,cartservice,currencyservice,0,0,0,0,0,0,0
2026-10-04T14:11:18Z,cartservice,emailservice,0,0,0,0,0,0,0
2026-10-04T14:11:18Z,cartservice,frontend,0,0,0,0,0,0,0
2026-10-04T14:11:18Z,cartservice,kubernetes,0,0,0,0,0,0,0
2026-10-04T14:11:18Z,cartservice,paymentservice,0,0,0,0,0,0,0
2026-10-04T14:11:18Z,cartservice,productcatalogservice,0,0,0,0,0,0,0
2026-10-04T14:11:18Z,cartservice,recommendationservice,0,0,0,0,0,0,0
2026-10-04T14:11:18Z,cartservice,redis-cart,2,0,0,0,0,0,0
2026-10-04T14:11:18Z,cartservice,shippingservice,0,0,0,0,0,0,0
2026-10-04T14:11:18Z,checkoutservice,adservice,0,0,0,0,0,0,0
2026-10-04T14:11:18Z,checkoutservice,cartservice,67287,66356,0,100,0,730150,66245
2026-10-04T14:11:18Z,checkoutservice,checkoutservice,0,0,0,0,0,0,0
2026-10-04T14:11:18Z,checkoutservice,currencyservice,45041,45041,0,0,0,581137,44986
2026-10-04T14:11:18Z,checkoutservice,emailservice,16279,15991,0,66,0,512123,15929
2026-10-04T14:11:18Z,checkoutservice,frontend,0,0,0,0,0,0,0
2026-10-04T14:11:18Z,checkoutservice,kubernetes,0,0,0,0,0,0,0
2026-10-04T14:11:18Z,checkoutservice,paymentservice,38307,36459,0,192,0,452838,36256
2026-10-04T14:11:18Z,checkoutservice,productcatalogservice,0,0,0,0,0,0,0
2026-10-04T14:11:18Z,checkoutservice,recommendationservice,0,0,0,0,0,0,0
2026-10-04T14:11:18Z,checkoutservice,redis-cart,0,0,0,0,0,0,0
2026-10-04T14:11:18Z,checkoutservice,shippingservice,72598,70495,0,154,0,526526,70383
2026-10-04T14:11:18Z,currencyservice,adservice,0,0,0,0,0,0,0
2026-10-04T14:11:18Z,currencyservice,cartservice,0,0,0,0,0,0,0
2026-10-04T14:11:18Z,currencyservice,checkoutservice,0,0,0,0,0,0,0
2026-10-04T14:11:18Z,currencyservice,currencyservice,0,0,0,0,0,0,0
2026-10-04T14:11:18Z,currencyservice,emailservice,0,0,0,0,0,0,0
2026-10-04T14:11:18Z,currencyservice,frontend,0,0,0,0,0,0,0
2026-10-04T14:11:18Z,currencyservice,kubernetes,0,0,0,0,0,0,0
2026-10-04T14:11:18Z,currencyservice,paymentservice,0,0,0,0,0,0,0
2026-10-04T14:11:18Z,currencyservice,productcatalogservice,0,0,0,0,0,0,0
2026-10-04T14:11:18Z,currencyservice,recommendationservice,0,0,0,0,0,0,0
2026-10-04T14:11:18Z,currencyservice,redis-cart,0,0,0,0,0,0,0
2026-10-04T14:11:18Z,currencyservice,shippingservice,0,0,0,0,0,0,0
2026-10-04T14:11:18Z,emailservice,adservice,0,0,0,0,0,0,0
2026-10-04T14:11:18Z,emailservice,cartservice,0,0,0,0,0,0,0
2026-10-04T14:11:18Z,emailservice,checkoutservice,0,0,0,0,0,0,0
2026-10-04T14:11:18Z,emailservice,currencyservice,0,0,0,0,0,0,0
2026-10-04T14:11:18Z,emailservice,emailservice,0,0,0,0,0,0,0
2026-10-04T14:11:18Z,emailservice,frontend,0,0,0,0,0,0,0
2026-10-04T14:11:18Z,emailservice,kubernetes,0,0,0,0,0,0,0
2026-10-04T14:11:18Z,emailservice,paymentservice,0,0,0,0,0,0,0
2026-10-04T14:11:18Z,emailservice,productcatalogservice,0,0,0,0,0,0,0
2026-10-04T14:11:18Z,emailservice,recommendationservice,0,0,0,0,0,0,0
2026-10-04T14:11:18Z,emailservice,redis-cart,0,0,0,0,0,0,0
2026-10-04T14:11:18Z,emailservice,shippingservice,0,0,0,0,0,0,0
2026-10-04T14:11:18Z,frontend,adservice,858593,858591,0,0,0,2585286,858250
2026-10-04T14:11:18Z,frontend,cartservice,1921332,1921319,0,0,4,10602304,1920056
2026-10-04T14:11:18Z,frontend,checkoutservice,404032,194063,0,40061,169946,63146078,193891
2026-10-04T14:11:18Z,frontend,currencyservice,3052632,3052624,0,0,0,16020792,3050695
2026-10-04T14:11:18Z,frontend,emailservice,0,0,0,0,0,0,0
2026-10-04T14:11:18Z,frontend,frontend,0,0,0,0,0,0,0
2026-10-04T14:11:18Z,frontend,kubernetes,0,0,0,0,0,0,0
2026-10-04T14:11:18Z,frontend,paymentservice,0,0,0,0,0,0,0
2026-10-04T14:11:18Z,frontend,productcatalogservice,8535089,8535027,0,0,0,58187229,8530763
2026-10-04T14:11:18Z,frontend,recommendationservice,2809455,1696022,0,117355,993530,854710701,1695000
2026-10-04T14:11:18Z,frontend,redis-cart,0,0,0,0,0,0,0
2026-10-04T14:11:18Z,frontend,shippingservice,314760,314758,0,0,0,950858,314610
2026-10-04T14:11:18Z,paymentservice,adservice,0,0,0,0,0,0,0
2026-10-04T14:11:18Z,paymentservice,cartservice,0,0,0,0,0,0,0
2026-10-04T14:11:18Z,paymentservice,checkoutservice,0,0,0,0,0,0,0
2026-10-04T14:11:18Z,paymentservice,currencyservice,0,0,0,0,0,0,0
2026-10-04T14:11:18Z,paymentservice,emailservice,0,0,0,0,0,0,0
2026-10-04T14:11:18Z,paymentservice,frontend,0,0,0,0,0,0,0
2026-10-04T14:11:18Z,paymentservice,kubernetes,0,0,0,0,0,0,0
2026-10-04T14:11:18Z,paymentservice,paymentservice,0,0,0,0,0,0,0
2026-10-04T14:11:18Z,paymentservice,productcatalogservice,0,0,0,0,0,0,0
2026-10-04T14:11:18Z,paymentservice,recommendationservice,0,0,0,0,0,0,0
2026-10-04T14:11:18Z,paymentservice,redis-cart,0,0,0,0,0,0,0
2026-10-04T14:11:18Z,paymentservice,shippingservice,0,0,0,0,0,0,0
2026-10-04T14:11:18Z,productcatalogservice,adservice,0,0,0,0,0,0,0
2026-10-04T14:11:18Z,productcatalogservice,cartservice,0,0,0,0,0,0,0
2026-10-04T14:11:18Z,productcatalogservice,checkoutservice,0,0,0,0,0,0,0
2026-10-04T14:11:18Z,productcatalogservice,currencyservice,0,0,0,0,0,0,0
2026-10-04T14:11:18Z,productcatalogservice,emailservice,0,0,0,0,0,0,0
2026-10-04T14:11:18Z,productcatalogservice,frontend,0,0,0,0,0,0,0
2026-10-04T14:11:18Z,productcatalogservice,kubernetes,0,0,0,0,0,0,0
2026-10-04T14:11:18Z,productcatalogservice,paymentservice,0,0,0,0,0,0,0
2026-10-04T14:11:18Z,productcatalogservice,productcatalogservice,0,0,0,0,0,0,0
2026-10-04T14:11:18Z,productcatalogservice,recommendationservice,0,0,0,0,0,0,0
2026-10-04T14:11:18Z,productcatalogservice,redis-cart,0,0,0,0,0,0,0
2026-10-04T14:11:18Z,productcatalogservice,shippingservice,0,0,0,0,0,0,0
2026-10-04T14:11:18Z,recommendationservice,adservice,0,0,0,0,0,0,0
2026-10-04T14:11:18Z,recommendationservice,cartservice,0,0,0,0,0,0,0
2026-10-04T14:11:18Z,recommendationservice,checkoutservice,0,0,0,0,0,0,0
2026-10-04T14:11:18Z,recommendationservice,currencyservice,0,0,0,0,0,0,0
2026-10-04T14:11:18Z,recommendationservice,emailservice,0,0,0,0,0,0,0
2026-10-04T14:11:18Z,recommendationservice,frontend,0,0,0,0,0,0,0
2026-10-04T14:11:18Z,recommendationservice,kubernetes,0,0,0,0,0,0,0
2026-10-04T14:11:18Z,recommendationservice,paymentservice,0,0,0,0,0,0,0
2026-10-04T14:11:18Z,recommendationservice,productcatalogservice,193677,193677,0,0,0,1276532,192444
2026-10-04T14:11:18Z,recommendationservice,recommendationservice,0,0,0,0,0,0,0
2026-10-04T14:11:18Z,recommendationservice,redis-cart,0,0,0,0,0,0,0
2026-10-04T14:11:18Z,recommendationservice,shippingservice,0,0,0,0,0,0,0
2026-10-04T14:11:18Z,redis-cart,adservice,0,0,0,0,0,0,0
2026-10-04T14:11:18Z,redis-cart,cartservice,0,0,0,0,0,0,0
2026-10-04T14:11:18Z,redis-cart,checkoutservice,0,0,0,0,0,0,0
2026-10-04T14:11:18Z,redis-cart,currencyservice,0,0,0,0,0,0,0
2026-10-04T14:11:18Z,redis-cart,emailservice,0,0,0,0,0,0,0
2026-10-04T14:11:18Z,redis-cart,frontend,0,0,0,0,0,0,0
2026-10-04T14:11:18Z,redis-cart,kubernetes,0,0,0,0,0,0,0
2026-10-04T14:11:18Z,redis-cart,paymentservice,0,0,0,0,0,0,0
2026-10-04T14:11:18Z,redis-cart,productcatalogservice,0,0,0,0,0,0,0
2026-10-04T14:11:18Z,redis-cart,recommendationservice,0,0,0,0,0,0,0
2026-10-04T14:11:18Z,redis-cart,redis-cart,0,0,0,0,0,0,0
2026-10-04T14:11:18Z,redis-cart,shippingservice,0,0,0,0,0,0,0
2026-10-04T14:11:18Z,shippingservice,adservice,0,0,0,0,0,0,0
2026-10-04T14:11:18Z,shippingservice,cartservice,0,0,0,0,0,0,0
2026-10-04T14:11:18Z,shippingservice,checkoutservice,0,0,0,0,0,0,0
2026-10-04T14:11:18Z,shippingservice,currencyservice,0,0,0,0,0,0,0
2026-10-04T14:11:18Z,shippingservice,emailservice,0,0,0,0,0,0,0
2026-10-04T14:11:18Z,shippingservice,frontend,0,0,0,0,0,0,0
2026-10-04T14:11:18Z,shippingservice,kubernetes,0,0,0,0,0,0,0
2026-10-04T14:11:18Z,shippingservice,paymentservice,0,0,0,0,0,0,0
2026-10-04T14:11:18Z,shippingservice,productcatalogservice,0,0,0,0,0,0,0
2026-10-04T14:11:18Z,shippingservice,recommendationservice,0,0,0,0,0,0,0
2026-10-04T14:11:18Z,shippingservice,redis-cart,0,0,0,0,0,0,0
2026-10-04T14:11:18Z,shippingservice,shippingservice,0,0,0,0,0,0,0
2026-10-04T14:11:19Z,adservice,adservice,0,0,0,0,0,0,0
2026-10-04T14:11:19Z,adservice,cartservice,0,0,0,0,0,0,0
2026-10-04T14:11:19Z,adservice,checkoutservice,0,0,0,0,0,0,0
2026-10-04T14:11:19Z,adservice,currencyservice,0,0,0,0,0,0,0
2026-10-04T14:11:19Z,adservice,emailservice,0,0,0,0,0,0,0
2026-10-04T14:11:19Z,adservice,frontend,0,0,0,0,0,0,0
2026-10-04T14:11:19Z,adservice,kubernetes,0,0,0,0,0,0,0
2026-10-04T14:11:19Z,adservice,paymentservice,0,0,0,0,0,0,0
2026-10-04T14:11:19Z,adservice,productcatalogservice,0,0,0,0,0,0,0
2026-10-04T14:11:19Z,adservice,recommendationservice,0,0,0,0,0,0,0
2026-10-04T14:11:19Z,adservice,redis-cart,0,0,0,0,0,0,0
2026-10-04T14:11:19Z,adservice,shippingservice,0,0,0,0,0,0,0
2026-10-04T14:11:19Z,cartservice,adservice,0,0,0,0,0,0,0
2026-10-04T14:11:19Z,cartservice,cartservice,0,0,0,0,0,0,0
2026-10-04T14:11:19Z,cartservice,checkoutservice,0,0,0,0,0,0,0
2026-10-04T14:11:19Z,cartservice,currencyservice,0,0,0,0,0,0,0
2026-10-04T14:11:19Z,cartservice,emailservice,0,0,0,0,0,0,0
2026-10-04T14:11:19Z,cartservice,frontend,0,0,0,0,0,0,0
2026-10-04T14:11:19Z,cartservice,kubernetes,0,0,0,0,0,0,0
2026-10-04T14:11:19Z,cartservice,paymentservice,0,0,0,0,0,0,0
2026-10-04T14:11:19Z,cartservice,productcatalogservice,0,0,0,0,0,0,0
2026-10-04T14:11:19Z,cartservice,recommendationservice,0,0,0,0,0,0,0
2026-10-04T14:11:19Z,cartservice,redis-cart,2,0,0,0,0,0,0
2026-10-04T14:11:19Z,cartservice,shippingservice,0,0,0,0,0,0,0
2026-10-04T14:11:19Z,checkoutservice,adservice,0,0,0,0,0,0,0
2026-10-04T14:11:19Z,checkoutservice,cartservice,67407,66474,0,100,0,730150,66245
2026-10-04T14:11:19Z,checkoutservice,checkoutservice,0,0,0,0,0,0,0
2026-10-04T14:11:19Z,checkoutservice,currencyservice,45101,45100,0,0,0,581137,44986
2026-10-04T14:11:19Z,checkoutservice,emailservice,16329,16040,0,66,0,512123,15929
2026-10-04T14:11:19Z,checkoutservice,frontend,0,0,0,0,0,0,0
2026-10-04T14:11:19Z,checkoutservice,kubernetes,0,0,0,0,0,0,0
2026-10-04T14:11:19Z,checkoutservice,paymentservice,38366,36518,0,192,0,452838,36256
2026-10-04T14:11:19Z,checkoutservice,productcatalogservice,0,0,0,0,0,0,0
2026-10-04T14:11:19Z,checkoutservice,recommendationservice,0,0,0,0,0,0,0
2026-10-04T14:11:19Z,checkoutservice,redis-cart,0,0,0,0,0,0,0
2026-10-04T14:11:19Z,checkoutservice,shippingservice,72718,70615,0,154,0,526526,70383
2026-10-04T14:11:19Z,currencyservice,adservice,0,0,0,0,0,0,0
2026-10-04T14:11:19Z,currencyservice,cartservice,0,0,0,0,0,0,0
2026-10-04T14:11:19Z,currencyservice,checkoutservice,0,0,0,0,0,0,0
2026-10-04T14:11:19Z,currencyservice,currencyservice,0,0,0,0,0,0,0
2026-10-04T14:11:19Z,currencyservice,emailservice,0,0,0,0,0,0,0
2026-10-04T14:11:19Z,currencyservice,frontend,0,0,0,0,0,0,0
2026-10-04T14:11:19Z,currencyservice,kubernetes,0,0,0,0,0,0,0
2026-10-04T14:11:19Z,currencyservice,paymentservice,0,0,0,0,0,0,0
2026-10-04T14:11:19Z,currencyservice,productcatalogservice,0,0,0,0,0,0,0
2026-10-04T14:11:19Z,currencyservice,recommendationservice,0,0,0,0,0,0,0
2026-10-04T14:11:19Z,currencyservice,redis-cart,0,0,0,0,0,0,0
2026-10-04T14:11:19Z,currencyservice,shippingservice,0,0,0,0,0,0,0
2026-10-04T14:11:19Z,emailservice,adservice,0,0,0,0,0,0,0
2026-10-04T14:11:19Z,emailservice,cartservice,0,0,0,0,0,0,0
2026-10-04T14:11:19Z,emailservice,checkoutservice,0,0,0,0,0,0,0
2026-10-04T14:11:19Z,emailservice,currencyservice,0,0,0,0,0,0,0
2026-10-04T14:11:19Z,emailservice,emailservice,0,0,0,0,0,0,0
2026-10-04T14:11:19Z,emailservice,frontend,0,0,0,0,0,0,0
2026-10-04T14:11:19Z,emailservice,kubernetes,0,0,0,0,0,0,0
2026-10-04T14:11:19Z,emailservice,paymentservice,0,0,0,0,0,0,0
2026-10-04T14:11:19Z,emailservice,productcatalogservice,0,0,0,0,0,0,0
2026-10-04T14:11:19Z,emailservice,recommendationservice,0,0,0,0,0,0,0
2026-10-04T14:11:19Z,emailservice,redis-cart,0,0,0,0,0,0,0
2026-10-04T14:11:19Z,emailservice,shippingservice,0,0,0,0,0,0,0
2026-10-04T14:11:19Z,frontend,adservice,858721,858719,0,0,0,2585968,858510
2026-10-04T14:11:19Z,frontend,cartservice,1921710,1921697,0,0,4,10606185,1921019
2026-10-04T14:11:19Z,frontend,checkoutservice,404094,194122,0,40061,169946,63159889,194023
2026-10-04T14:11:19Z,frontend,currencyservice,3053256,3053247,0,0,0,16025805,3052184
2026-10-04T14:11:19Z,frontend,emailservice,0,0,0,0,0,0,0
2026-10-04T14:11:19Z,frontend,frontend,0,0,0,0,0,0,0
2026-10-04T14:11:19Z,frontend,kubernetes,0,0,0,0,0,0,0
2026-10-04T14:11:19Z,frontend,paymentservice,0,0,0,0,0,0,0
2026-10-04T14:11:19Z,frontend,productcatalogservice,8536687,8536618,0,0,0,58202725,8534051
2026-10-04T14:11:19Z,frontend,recommendationservice,2810210,1696343,0,117420,993899,855397071,1695790
2026-10-04T14:11:19Z,frontend,redis-cart,0,0,0,0,0,0,0
2026-10-04T14:11:19Z,frontend,shippingservice,314826,314824,0,0,0,951115,314719
2026-10-04T14:11:19Z,paymentservice,adservice,0,0,0,0,0,0,0
2026-10-04T14:11:19Z,paymentservice,cartservice,0,0,0,0,0,0,0
2026-10-04T14:11:19Z,paymentservice,checkoutservice,0,0,0,0,0,0,0
2026-10-04T14:11:19Z,paymentservice,currencyservice,0,0,0,0,0,0,0
2026-10-04T14:11:19Z,paymentservice,emailservice,0,0,0,0,0,0,0
2026-10-04T14:11:19Z,paymentservice,frontend,0,0,0,0,0,0,0
2026-10-04T14:11:19Z,paymentservice,kubernetes,0,0,0,0,0,0,0
2026-10-04T14:11:19Z,paymentservice,paymentservice,0,0,0,0,0,0,0
2026-10-04T14:11:19Z,paymentservice,productcatalogservice,0,0,0,0,0,0,0
2026-10-04T14:11:19Z,paymentservice,recommendationservice,0,0,0,0,0,0,0
2026-10-04T14:11:19Z,paymentservice,redis-cart,0,0,0,0,0,0,0
2026-10-04T14:11:19Z,paymentservice,shippingservice,0,0,0,0,0,0,0
2026-10-04T14:11:19Z,productcatalogservice,adservice,0,0,0,0,0,0,0
2026-10-04T14:11:19Z,productcatalogservice,cartservice,0,0,0,0,0,0,0
2026-10-04T14:11:19Z,productcatalogservice,checkoutservice,0,0,0,0,0,0,0
2026-10-04T14:11:19Z,productcatalogservice,currencyservice,0,0,0,0,0,0,0
2026-10-04T14:11:19Z,productcatalogservice,emailservice,0,0,0,0,0,0,0
2026-10-04T14:11:19Z,productcatalogservice,frontend,0,0,0,0,0,0,0
2026-10-04T14:11:19Z,productcatalogservice,kubernetes,0,0,0,0,0,0,0
2026-10-04T14:11:19Z,productcatalogservice,paymentservice,0,0,0,0,0,0,0
2026-10-04T14:11:19Z,productcatalogservice,productcatalogservice,0,0,0,0,0,0,0
2026-10-04T14:11:19Z,productcatalogservice,recommendationservice,0,0,0,0,0,0,0
2026-10-04T14:11:19Z,productcatalogservice,redis-cart,0,0,0,0,0,0,0
2026-10-04T14:11:19Z,productcatalogservice,shippingservice,0,0,0,0,0,0,0
2026-10-04T14:11:19Z,recommendationservice,adservice,0,0,0,0,0,0,0
2026-10-04T14:11:19Z,recommendationservice,cartservice,0,0,0,0,0,0,0
2026-10-04T14:11:19Z,recommendationservice,checkoutservice,0,0,0,0,0,0,0
2026-10-04T14:11:19Z,recommendationservice,currencyservice,0,0,0,0,0,0,0
2026-10-04T14:11:19Z,recommendationservice,emailservice,0,0,0,0,0,0,0
2026-10-04T14:11:19Z,recommendationservice,frontend,0,0,0,0,0,0,0
2026-10-04T14:11:19Z,recommendationservice,kubernetes,0,0,0,0,0,0,0
2026-10-04T14:11:19Z,recommendationservice,paymentservice,0,0,0,0,0,0,0
2026-10-04T14:11:19Z,recommendationservice,productcatalogservice,194063,194063,0,0,0,1276532,192444
2026-10-04T14:11:19Z,recommendationservice,recommendationservice,0,0,0,0,0,0,0
2026-10-04T14:11:19Z,recommendationservice,redis-cart,0,0,0,0,0,0,0
2026-10-04T14:11:19Z,recommendationservice,shippingservice,0,0,0,0,0,0,0
2026-10-04T14:11:19Z,redis-cart,adservice,0,0,0,0,0,0,0
2026-10-04T14:11:19Z,redis-cart,cartservice,0,0,0,0,0,0,0
2026-10-04T14:11:19Z,redis-cart,checkoutservice,0,0,0,0,0,0,0
2026-10-04T14:11:19Z,redis-cart,currencyservice,0,0,0,0,0,0,0
2026-10-04T14:11:19Z,redis-cart,emailservice,0,0,0,0,0,0,0
2026-10-04T14:11:19Z,redis-cart,frontend,0,0,0,0,0,0,0
2026-10-04T14:11:19Z,redis-cart,kubernetes,0,0,0,0,0,0,0
2026-10-04T14:11:19Z,redis-cart,paymentservice,0,0,0,0,0,0,0
2026-10-04T14:11:19Z,redis-cart,productcatalogservice,0,0,0,0,0,0,0
2026-10-04T14:11:19Z,redis-cart,recommendationservice,0,0,0,0,0,0,0
2026-10-04T14:11:19Z,redis-cart,redis-cart,0,0,0,0,0,0,0
2026-10-04T14:11:19Z,redis-cart,shippingservice,0,0,0,0,0,0,0
2026-10-04T14:11:19Z,shippingservice,adservice,0,0,0,0,0,0,0
2026-10-04T14:11:19Z,shippingservice,cartservice,0,0,0,0,0,0,0
2026-10-04T14:11:19Z,shippingservice,checkoutservice,0,0,0,0,0,0,0
2026-10-04T14:11:19Z,shippingservice,currencyservice,0,0,0,0,0,0,0
2026-10-04T14:11:19Z,shippingservice,emailservice,0,0,0,0,0,0,0
2026-10-04T14:11:19Z,shippingservice,frontend,0,0,0,0,0,0,0
2026-10-04T14:11:19Z,shippingservice,kubernetes,0,0,0,0,0,0,0
2026-10-04T14:11:19Z,shippingservice,paymentservice,0,0,0,0,0,0,0
2026-10-04T14:11:19Z,shippingservice,productcatalogservice,0,0,0,0,0,0,0
2026-10-04T14:11:19Z,shippingservice,recommendationservice,0,0,0,0,0,0,0
2026-10-04T14:11:19Z,shippingservice,redis-cart,0,0,0,0,0,0,0
2026-10-04T14:11:19Z,shippingservice,shippingservice,0,0,0,0,0,0,0
2026-10-04T14:11:20Z,adservice,adservice,0,0,0,0,0,0,0
2026-10-04T14:11:20Z,adservice,cartservice,0,0,0,0,0,0,0
2026-10-04T14:11:20Z,adservice,checkoutservice,0,0,0,0,0,0,0
2026-10-04T14:11:20Z,adservice,currencyservice,0,0,0,0,0,0,0
2026-10-04T14:11:20Z,adservice,emailservice,0,0,0,0,0,0,0
2026-10-04T14:11:20Z,adservice,frontend,0,0,0,0,0,0,0
2026-10-04T14:11:20Z,adservice,kubernetes,0,0,0,0,0,0,0
2026-10-04T14:11:20Z,adservice,paymentservice,0,0,0,0,0,0,0
2026-10-04T14:11:20Z,adservice,productcatalogservice,0,0,0,0,0,0,0
2026-10-04T14:11:20Z,adservice,recommendationservice,0,0,0,0,0,0,0
2026-10-04T14:11:20Z,adservice,redis-cart,0,0,0,0,0,0,0
2026-10-04T14:11:20Z,adservice,shippingservice,0,0,0,0,0,0,0
2026-10-04T14:11:20Z,cartservice,adservice,0,0,0,0,0,0,0
2026-10-04T14:11:20Z,cartservice,cartservice,0,0,0,0,0,0,0
2026-10-04T14:11:20Z,cartservice,checkoutservice,0,0,0,0,0,0,0
2026-10-04T14:11:20Z,cartservice,currencyservice,0,0,0,0,0,0,0
2026-10-04T14:11:20Z,cartservice,emailservice,0,0,0,0,0,0,0
2026-10-04T14:11:20Z,cartservice,frontend,0,0,0,0,0,0,0
2026-10-04T14:11:20Z,cartservice,kubernetes,0,0,0,0,0,0,0
2026-10-04T14:11:20Z,cartservice,paymentservice,0,0,0,0,0,0,0
2026-10-04T14:11:20Z,cartservice,productcatalogservice,0,0,0,0,0,0,0
2026-10-04T14:11:20Z,cartservice,recommendationservice,0,0,0,0,0,0,0
2026-10-04T14:11:20Z,cartservice,redis-cart,2,0,0,0,0,0,0
2026-10-04T14:11:20Z,cartservice,shippingservice,0,0,0,0,0,0,0
2026-10-04T14:11:20Z,checkoutservice,adservice,0,0,0,0,0,0,0
2026-10-04T14:11:20Z,checkoutservice,cartservice,67511,66578,0,100,0,730150,66245
2026-10-04T14:11:20Z,checkoutservice,checkoutservice,0,0,0,0,0,0,0
2026-10-04T14:11:20Z,checkoutservice,currencyservice,45151,45151,0,0,0,581137,44986
2026-10-04T14:11:20Z,checkoutservice,emailservice,16387,16099,0,66,0,512123,15929
2026-10-04T14:11:20Z,checkoutservice,frontend,0,0,0,0,0,0,0
2026-10-04T14:11:20Z,checkoutservice,kubernetes,0,0,0,0,0,0,0
2026-10-04T14:11:20Z,checkoutservice,paymentservice,38417,36569,0,192,0,452838,36256
2026-10-04T14:11:20Z,checkoutservice,productcatalogservice,0,0,0,0,0,0,0
2026-10-04T14:11:20Z,checkoutservice,recommendationservice,0,0,0,0,0,0,0
2026-10-04T14:11:20Z,checkoutservice,redis-cart,0,0,0,0,0,0,0
2026-10-04T14:11:20Z,checkoutservice,shippingservice,72817,70714,0,154,0,526526,70383
2026-10-04T14:11:20Z,currencyservice,adservice,0,0,0,0,0,0,0
2026-10-04T14:11:20Z,currencyservice,cartservice,0,0,0,0,0,0,0
2026-10-04T14:11:20Z,currencyservice,checkoutservice,0,0,0,0,0,0,0
2026-10-04T14:11:20Z,currencyservice,currencyservice,0,0,0,0,0,0,0
2026-10-04T14:11:20Z,currencyservice,emailservice,0,0,0,0,0,0,0
2026-10-04T14:11:20Z,currencyservice,frontend,0,0,0,0,0,0,0
2026-10-04T14:11:20Z,currencyservice,kubernetes,0,0,0,0,0,0,0
2026-10-04T14:11:20Z,currencyservice,paymentservice,0,0,0,0,0,0,0
2026-10-04T14:11:20Z,currencyservice,productcatalogservice,0,0,0,0,0,0,0
2026-10-04T14:11:20Z,currencyservice,recommendationservice,0,0,0,0,0,0,0
2026-10-04T14:11:20Z,currencyservice,redis-cart,0,0,0,0,0,0,0
2026-10-04T14:11:20Z,currencyservice,shippingservice,0,0,0,0,0,0,0
2026-10-04T14:11:20Z,emailservice,adservice,0,0,0,0,0,0,0
2026-10-04T14:11:20Z,emailservice,cartservice,0,0,0,0,0,0,0
2026-10-04T14:11:20Z,emailservice,checkoutservice,0,0,0,0,0,0,0
2026-10-04T14:11:20Z,emailservice,currencyservice,0,0,0,0,0,0,0
2026-10-04T14:11:20Z,emailservice,emailservice,0,0,0,0,0,0,0
2026-10-04T14:11:20Z,emailservice,frontend,0,0,0,0,0,0,0
2026-10-04T14:11:20Z,emailservice,kubernetes,0,0,0,0,0,0,0
2026-10-04T14:11:20Z,emailservice,paymentservice,0,0,0,0,0,0,0
2026-10-04T14:11:20Z,emailservice,productcatalogservice,0,0,0,0,0,0,0
2026-10-04T14:11:20Z,emailservice,recommendationservice,0,0,0,0,0,0,0
2026-10-04T14:11:20Z,emailservice,redis-cart,0,0,0,0,0,0,0
2026-10-04T14:11:20Z,emailservice,shippingservice,0,0,0,0,0,0,0
2026-10-04T14:11:20Z,frontend,adservice,858859,858856,0,0,0,2586218,858625
2026-10-04T14:11:20Z,frontend,cartservice,1922142,1922129,0,0,4,10608117,1921450
2026-10-04T14:11:20Z,frontend,checkoutservice,404153,194176,0,40061,169946,63166557,194078
2026-10-04T14:11:20Z,frontend,currencyservice,3053921,3053912,0,0,0,16028151,3052832
2026-10-04T14:11:20Z,frontend,emailservice,0,0,0,0,0,0,0
2026-10-04T14:11:20Z,frontend,frontend,0,0,0,0,0,0,0
2026-10-04T14:11:20Z,frontend,kubernetes,0,0,0,0,0,0,0
2026-10-04T14:11:20Z,frontend,paymentservice,0,0,0,0,0,0,0
2026-10-04T14:11:20Z,frontend,productcatalogservice,8538225,8538155,0,0,0,58212225,8535550
2026-10-04T14:11:20Z,frontend,recommendationservice,2810979,1696719,0,117478,994228,855707491,1696133
2026-10-04T14:11:20Z,frontend,redis-cart,0,0,0,0,0,0,0
2026-10-04T14:11:20Z,frontend,shippingservice,314868,314866,0,0,0,951274,314782
2026-10-04T14:11:20Z,paymentservice,adservice,0,0,0,0,0,0,0
2026-10-04T14:11:20Z,paymentservice,cartservice,0,0,0,0,0,0,0
2026-10-04T14:11:20Z,paymentservice,checkoutservice,0,0,0,0,0,0,0
2026-10-04T14:11:20Z,paymentservice,currencyservice,0,0,0,0,0,0,0
2026-10-04T14:11:20Z,paymentservice,emailservice,0,0,0,0,0,0,0
2026-10-04T14:11:20Z,paymentservice,frontend,0,0,0,0,0,0,0
2026-10-04T14:11:20Z,paymentservice,kubernetes,0,0,0,0,0,0,0
2026-10-04T14:11:20Z,paymentservice,paymentservice,0,0,0,0,0,0,0
2026-10-04T14:11:20Z,paymentservice,productcatalogservice,0,0,0,0,0,0,0
2026-10-04T14:11:20Z,paymentservice,recommendationservice,0,0,0,0,0,0,0
2026-10-04T14:11:20Z,paymentservice,redis-cart,0,0,0,0,0,0,0
2026-10-04T14:11:20Z,paymentservice,shippingservice,0,0,0,0,0,0,0
2026-10-04T14:11:20Z,productcatalogservice,adservice,0,0,0,0,0,0,0
2026-10-04T14:11:20Z,productcatalogservice,cartservice,0,0,0,0,0,0,0
2026-10-04T14:11:20Z,productcatalogservice,checkoutservice,0,0,0,0,0,0,0
2026-10-04T14:11:20Z,productcatalogservice,currencyservice,0,0,0,0,0,0,0
2026-10-04T14:11:20Z,productcatalogservice,emailservice,0,0,0,0,0,0,0
2026-10-04T14:11:20Z,productcatalogservice,frontend,0,0,0,0,0,0,0
2026-10-04T14:11:20Z,productcatalogservice,kubernetes,0,0,0,0,0,0,0
2026-10-04T14:11:20Z,productcatalogservice,paymentservice,0,0,0,0,0,0,0
2026-10-04T14:11:20Z,productcatalogservice,productcatalogservice,0,0,0,0,0,0,0
2026-10-04T14:11:20Z,productcatalogservice,recommendationservice,0,0,0,0,0,0,0
2026-10-04T14:11:20Z,productcatalogservice,redis-cart,0,0,0,0,0,0,0
2026-10-04T14:11:20Z,productcatalogservice,shippingservice,0,0,0,0,0,0,0
2026-10-04T14:11:20Z,recommendationservice,adservice,0,0,0,0,0,0,0
2026-10-04T14:11:20Z,recommendationservice,cartservice,0,0,0,0,0,0,0
2026-10-04T14:11:20Z,recommendationservice,checkoutservice,0,0,0,0,0,0,0
2026-10-04T14:11:20Z,recommendationservice,currencyservice,0,0,0,0,0,0,0
2026-10-04T14:11:20Z,recommendationservice,emailservice,0,0,0,0,0,0,0
2026-10-04T14:11:20Z,recommendationservice,frontend,0,0,0,0,0,0,0
2026-10-04T14:11:20Z,recommendationservice,kubernetes,0,0,0,0,0,0,0
2026-10-04T14:11:20Z,recommendationservice,paymentservice,0,0,0,0,0,0,0
2026-10-04T14:11:20Z,recommendationservice,productcatalogservice,194501,194501,0,0,0,1287326,194479
2026-10-04T14:11:20Z,recommendationservice,recommendationservice,0,0,0,0,0,0,0
2026-10-04T14:11:20Z,recommendationservice,redis-cart,0,0,0,0,0,0,0
2026-10-04T14:11:20Z,recommendationservice,shippingservice,0,0,0,0,0,0,0
2026-10-04T14:11:20Z,redis-cart,adservice,0,0,0,0,0,0,0
2026-10-04T14:11:20Z,redis-cart,cartservice,0,0,0,0,0,0,0
2026-10-04T14:11:20Z,redis-cart,checkoutservice,0,0,0,0,0,0,0
2026-10-04T14:11:20Z,redis-cart,currencyservice,0,0,0,0,0,0,0
2026-10-04T14:11:20Z,redis-cart,emailservice,0,0,0,0,0,0,0
2026-10-04T14:11:20Z,redis-cart,frontend,0,0,0,0,0,0,0
2026-10-04T14:11:20Z,redis-cart,kubernetes,0,0,0,0,0,0,0
2026-10-04T14:11:20Z,redis-cart,paymentservice,0,0,0,0,0,0,0
2026-10-04T14:11:20Z,redis-cart,productcatalogservice,0,0,0,0,0,0,0
2026-10-04T14:11:20Z,redis-cart,recommendationservice,0,0,0,0,0,0,0
2026-10-04T14:11:20Z,redis-cart,redis-cart,0,0,0,0,0,0,0
2026-10-04T14:11:20Z,redis-cart,shippingservice,0,0,0,0,0,0,0
2026-10-04T14:11:20Z,shippingservice,adservice,0,0,0,0,0,0,0
2026-10-04T14:11:20Z,shippingservice,cartservice,0,0,0,0,0,0,0
2026-10-04T14:11:20Z,shippingservice,checkoutservice,0,0,0,0,0,0,0
2026-10-04T14:11:20Z,shippingservice,currencyservice,0,0,0,0,0,0,0
2026-10-04T14:11:20Z,shippingservice,emailservice,0,0,0,0,0,0,0
2026-10-04T14:11:20Z,shippingservice,frontend,0,0,0,0,0,0,0
2026-10-04T14:11:20Z,shippingservice,kubernetes,0,0,0,0,0,0,0
2026-10-04T14:11:20Z,shippingservice,paymentservice,0,0,0,0,0,0,0
2026-10-04T14:11:20Z,shippingservice,productcatalogservice,0,0,0,0,0,0,0
2026-10-04T14:11:20Z,shippingservice,recommendationservice,0,0,0,0,0,0,0
2026-10-04T14:11:20Z,shippingservice,redis-cart,0,0,0,0,0,0,0
2026-10-04T14:11:20Z,shippingservice,shippingservice,0,0,0,0,0,0,0
2026-10-04T14:11:21Z,adservice,adservice,0,0,0,0,0,0,0
2026-10-04T14:11:21Z,adservice,cartservice,0,0,0,0,0,0,0
2026-10-04T14:11:21Z,adservice,checkoutservice,0,0,0,0,0,0,0
2026-10-04T14:11:21Z,adservice,currencyservice,0,0,0,0,0,0,0
2026-10-04T14:11:21Z,adservice,emailservice,0,0,0,0,0,0,0
2026-10-04T14:11:21Z,adservice,frontend,0,0,0,0,0,0,0
2026-10-04T14:11:21Z,adservice,kubernetes,0,0,0,0,0,0,0
2026-10-04T14:11:21Z,adservice,paymentservice,0,0,0,0,0,0,0
2026-10-04T14:11:21Z,adservice,productcatalogservice,0,0,0,0,0,0,0
2026-10-04T14:11:21Z,adservice,recommendationservice,0,0,0,0,0,0,0
2026-10-04T14:11:21Z,adservice,redis-cart,0,0,0,0,0,0,0
2026-10-04T14:11:21Z,adservice,shippingservice,0,0,0,0,0,0,0
2026-10-04T14:11:21Z,cartservice,adservice,0,0,0,0,0,0,0
2026-10-04T14:11:21Z,cartservice,cartservice,0,0,0,0,0,0,0
2026-10-04T14:11:21Z,cartservice,checkoutservice,0,0,0,0,0,0,0
2026-10-04T14:11:21Z,cartservice,currencyservice,0,0,0,0,0,0,0
2026-10-04T14:11:21Z,cartservice,emailservice,0,0,0,0,0,0,0
2026-10-04T14:11:21Z,cartservice,frontend,0,0,0,0,0,0,0
2026-10-04T14:11:21Z,cartservice,kubernetes,0,0,0,0,0,0,0
2026-10-04T14:11:21Z,cartservice,paymentservice,0,0,0,0,0,0,0
2026-10-04T14:11:21Z,cartservice,productcatalogservice,0,0,0,0,0,0,0
2026-10-04T14:11:21Z,cartservice,recommendationservice,0,0,0,0,0,0,0
2026-10-04T14:11:21Z,cartservice,redis-cart,2,0,0,0,0,0,0
2026-10-04T14:11:21Z,cartservice,shippingservice,0,0,0,0,0,0,0
2026-10-04T14:11:21Z,checkoutservice,adservice,0,0,0,0,0,0,0
2026-10-04T14:11:21Z,checkoutservice,cartservice,67638,66705,0,100,0,730150,66245
2026-10-04T14:11:21Z,checkoutservice,checkoutservice,0,0,0,0,0,0,0
2026-10-04T14:11:21Z,checkoutservice,currencyservice,45218,45218,0,0,0,581137,44986
2026-10-04T14:11:21Z,checkoutservice,emailservice,16449,16159,0,66,0,512123,15929
2026-10-04T14:11:21Z,checkoutservice,frontend,0,0,0,0,0,0,0
2026-10-04T14:11:21Z,checkoutservice,kubernetes,0,0,0,0,0,0,0
2026-10-04T14:11:21Z,checkoutservice,paymentservice,38481,36631,0,192,0,452838,36256
2026-10-04T14:11:21Z,checkoutservice,productcatalogservice,0,0,0,0,0,0,0
2026-10-04T14:11:21Z,checkoutservice,recommendationservice,0,0,0,0,0,0,0
2026-10-04T14:11:21Z,checkoutservice,redis-cart,0,0,0,0,0,0,0
2026-10-04T14:11:21Z,checkoutservice,shippingservice,72947,70844,0,154,0,526526,70383
2026-10-04T14:11:21Z,currencyservice,adservice,0,0,0,0,0,0,0
2026-10-04T14:11:21Z,currencyservice,cartservice,0,0,0,0,0,0,0
2026-10-04T14:11:21Z,currencyservice,checkoutservice,0,0,0,0,0,0,0
2026-10-04T14:11:21Z,currencyservice,currencyservice,0,0,0,0,0,0,0
2026-10-04T14:11:21Z,currencyservice,emailservice,0,0,0,0,0,0,0
2026-10-04T14:11:21Z,currencyservice,frontend,0,0,0,0,0,0,0
2026-10-04T14:11:21Z,currencyservice,kubernetes,0,0,0,0,0,0,0
2026-10-04T14:11:21Z,currencyservice,paymentservice,0,0,0,0,0,0,0
2026-10-04T14:11:21Z,currencyservice,productcatalogservice,0,0,0,0,0,0,0
2026-10-04T14:11:21Z,currencyservice,recommendationservice,0,0,0,0,0,0,0
2026-10-04T14:11:21Z,currencyservice,redis-cart,0,0,0,0,0,0,0
2026-10-04T14:11:21Z,currencyservice,shippingservice,0,0,0,0,0,0,0
2026-10-04T14:11:21Z,emailservice,adservice,0,0,0,0,0,0,0
2026-10-04T14:11:21Z,emailservice,cartservice,0,0,0,0,0,0,0
2026-10-04T14:11:21Z,emailservice,checkoutservice,0,0,0,0,0,0,0
2026-10-04T14:11:21Z,emailservice,currencyservice,0,0,0,0,0,0,0
2026-10-04T14:11:21Z,emailservice,emailservice,0,0,0,0,0,0,0
2026-10-04T14:11:21Z,emailservice,frontend,0,0,0,0,0,0,0
2026-10-04T14:11:21Z,emailservice,kubernetes,0,0,0,0,0,0,0
2026-10-04T14:11:21Z,emailservice,paymentservice,0,0,0,0,0,0,0
2026-10-04T14:11:21Z,emailservice,productcatalogservice,0,0,0,0,0,0,0
2026-10-04T14:11:21Z,emailservice,recommendationservice,0,0,0,0,0,0,0
2026-10-04T14:11:21Z,emailservice,redis-cart,0,0,0,0,0,0,0
2026-10-04T14:11:21Z,emailservice,shippingservice,0,0,0,0,0,0,0
2026-10-04T14:11:21Z,frontend,adservice,859013,859009,0,0,0,2586218,858625
2026-10-04T14:11:21Z,frontend,cartservice,1922504,1922491,0,0,4,10608117,1921450
2026-10-04T14:11:21Z,frontend,checkoutservice,404227,194242,0,40061,169946,63166557,194078
2026-10-04T14:11:21Z,frontend,currencyservice,3054510,3054500,0,0,0,16028151,3052832
2026-10-04T14:11:21Z,frontend,emailservice,0,0,0,0,0,0,0
2026-10-04T14:11:21Z,frontend,frontend,0,0,0,0,0,0,0
2026-10-04T14:11:21Z,frontend,kubernetes,0,0,0,0,0,0,0
2026-10-04T14:11:21Z,frontend,paymentservice,0,0,0,0,0,0,0
2026-10-04T14:11:21Z,frontend,productcatalogservice,8539933,8539847,0,0,0,58212225,8535550
2026-10-04T14:11:21Z,frontend,recommendationservice,2811636,1697095,0,117516,994520,855707491,1696133
2026-10-04T14:11:21Z,frontend,redis-cart,0,0,0,0,0,0,0
2026-10-04T14:11:21Z,frontend,shippingservice,314913,314911,0,0,0,951274,314782
2026-10-04T14:11:21Z,paymentservice,adservice,0,0,0,0,0,0,0
2026-10-04T14:11:21Z,paymentservice,cartservice,0,0,0,0,0,0,0
2026-10-04T14:11:21Z,paymentservice,checkoutservice,0,0,0,0,0,0,0
2026-10-04T14:11:21Z,paymentservice,currencyservice,0,0,0,0,0,0,0
2026-10-04T14:11:21Z,paymentservice,emailservice,0,0,0,0,0,0,0
2026-10-04T14:11:21Z,paymentservice,frontend,0,0,0,0,0,0,0
2026-10-04T14:11:21Z,paymentservice,kubernetes,0,0,0,0,0,0,0
2026-10-04T14:11:21Z,paymentservice,paymentservice,0,0,0,0,0,0,0
2026-10-04T14:11:21Z,paymentservice,productcatalogservice,0,0,0,0,0,0,0
2026-10-04T14:11:21Z,paymentservice,recommendationservice,0,0,0,0,0,0,0
2026-10-04T14:11:21Z,paymentservice,redis-cart,0,0,0,0,0,0,0
2026-10-04T14:11:21Z,paymentservice,shippingservice,0,0,0,0,0,0,0
2026-10-04T14:11:21Z,productcatalogservice,adservice,0,0,0,0,0,0,0
2026-10-04T14:11:21Z,productcatalogservice,cartservice,0,0,0,0,0,0,0
2026-10-04T14:11:21Z,productcatalogservice,checkoutservice,0,0,0,0,0,0,0
2026-10-04T14:11:21Z,productcatalogservice,currencyservice,0,0,0,0,0,0,0
2026-10-04T14:11:21Z,productcatalogservice,emailservice,0,0,0,0,0,0,0
2026-10-04T14:11:21Z,productcatalogservice,frontend,0,0,0,0,0,0,0
2026-10-04T14:11:21Z,productcatalogservice,kubernetes,0,0,0,0,0,0,0
2026-10-04T14:11:21Z,productcatalogservice,paymentservice,0,0,0,0,0,0,0
2026-10-04T14:11:21Z,productcatalogservice,productcatalogservice,0,0,0,0,0,0,0
2026-10-04T14:11:21Z,productcatalogservice,recommendationservice,0,0,0,0,0,0,0
2026-10-04T14:11:21Z,productcatalogservice,redis-cart,0,0,0,0,0,0,0
2026-10-04T14:11:21Z,productcatalogservice,shippingservice,0,0,0,0,0,0,0
2026-10-04T14:11:21Z,recommendationservice,adservice,0,0,0,0,0,0,0
2026-10-04T14:11:21Z,recommendationservice,cartservice,0,0,0,0,0,0,0
2026-10-04T14:11:21Z,recommendationservice,checkoutservice,0,0,0,0,0,0,0
2026-10-04T14:11:21Z,recommendationservice,currencyservice,0,0,0,0,0,0,0
2026-10-04T14:11:21Z,recommendationservice,emailservice,0,0,0,0,0,0,0
2026-10-04T14:11:21Z,recommendationservice,frontend,0,0,0,0,0,0,0
2026-10-04T14:11:21Z,recommendationservice,kubernetes,0,0,0,0,0,0,0
2026-10-04T14:11:21Z,recommendationservice,paymentservice,0,0,0,0,0,0,0
2026-10-04T14:11:21Z,recommendationservice,productcatalogservice,194952,194951,0,0,0,1287326,194479
2026-10-04T14:11:21Z,recommendationservice,recommendationservice,0,0,0,0,0,0,0
2026-10-04T14:11:21Z,recommendationservice,redis-cart,0,0,0,0,0,0,0
2026-10-04T14:11:21Z,recommendationservice,shippingservice,0,0,0,0,0,0,0
2026-10-04T14:11:21Z,redis-cart,adservice,0,0,0,0,0,0,0
2026-10-04T14:11:21Z,redis-cart,cartservice,0,0,0,0,0,0,0
2026-10-04T14:11:21Z,redis-cart,checkoutservice,0,0,0,0,0,0,0
2026-10-04T14:11:21Z,redis-cart,currencyservice,0,0,0,0,0,0,0
2026-10-04T14:11:21Z,redis-cart,emailservice,0,0,0,0,0,0,0
2026-10-04T14:11:21Z,redis-cart,frontend,0,0,0,0,0,0,0
2026-10-04T14:11:21Z,redis-cart,kubernetes,0,0,0,0,0,0,0
2026-10-04T14:11:21Z,redis-cart,paymentservice,0,0,0,0,0,0,0
2026-10-04T14:11:21Z,redis-cart,productcatalogservice,0,0,0,0,0,0,0
2026-10-04T14:11:21Z,redis-cart,recommendationservice,0,0,0,0,0,0,0
2026-10-04T14:11:21Z,redis-cart,redis-cart,0,0,0,0,0,0,0
2026-10-04T14:11:21Z,redis-cart,shippingservice,0,0,0,0,0,0,0
2026-10-04T14:11:21Z,shippingservice,adservice,0,0,0,0,0,0,0
2026-10-04T14:11:21Z,shippingservice,cartservice,0,0,0,0,0,0,0
2026-10-04T14:11:21Z,shippingservice,checkoutservice,0,0,0,0,0,0,0
2026-10-04T14:11:21Z,shippingservice,currencyservice,0,0,0,0,0,0,0
2026-10-04T14:11:21Z,shippingservice,emailservice,0,0,0,0,0,0,0
2026-10-04T14:11:21Z,shippingservice,frontend,0,0,0,0,0,0,0
2026-10-04T14:11:21Z,shippingservice,kubernetes,0,0,0,0,0,0,0
2026-10-04T14:11:21Z,shippingservice,paymentservice,0,0,0,0,0,0,0
2026-10-04T14:11:21Z,shippingservice,productcatalogservice,0,0,0,0,0,0,0
2026-10-04T14:11:21Z,shippingservice,recommendationservice,0,0,0,0,0,0,0
2026-10-04T14:11:21Z,shippingservice,redis-cart,0,0,0,0,0,0,0
2026-10-04T14:11:21Z,shippingservice,shippingservice,0,0,0,0,0,0,0
2026-10-04T14:11:22Z,adservice,adservice,0,0,0,0,0,0,0
2026-10-04T14:11:22Z,adservice,cartservice,0,0,0,0,0,0,0
2026-10-04T14:11:22Z,adservice,checkoutservice,0,0,0,0,0,0,0
2026-10-04T14:11:22Z,adservice,currencyservice,0,0,0,0,0,0,0
2026-10-04T14:11:22Z,adservice,emailservice,0,0,0,0,0,0,0
2026-10-04T14:11:22Z,adservice,frontend,0,0,0,0,0,0,0
2026-10-04T14:11:22Z,adservice,kubernetes,0,0,0,0,0,0,0
2026-10-04T14:11:22Z,adservice,paymentservice,0,0,0,0,0,0,0
2026-10-04T14:11:22Z,adservice,productcatalogservice,0,0,0,0,0,0,0
2026-10-04T14:11:22Z,adservice,recommendationservice,0,0,0,0,0,0,0
2026-10-04T14:11:22Z,adservice,redis-cart,0,0,0,0,0,0,0
2026-10-04T14:11:22Z,adservice,shippingservice,0,0,0,0,0,0,0
2026-10-04T14:11:22Z,cartservice,adservice,0,0,0,0,0,0,0
2026-10-04T14:11:22Z,cartservice,cartservice,0,0,0,0,0,0,0
2026-10-04T14:11:22Z,cartservice,checkoutservice,0,0,0,0,0,0,0
2026-10-04T14:11:22Z,cartservice,currencyservice,0,0,0,0,0,0,0
2026-10-04T14:11:22Z,cartservice,emailservice,0,0,0,0,0,0,0
2026-10-04T14:11:22Z,cartservice,frontend,0,0,0,0,0,0,0
2026-10-04T14:11:22Z,cartservice,kubernetes,0,0,0,0,0,0,0
2026-10-04T14:11:22Z,cartservice,paymentservice,0,0,0,0,0,0,0
2026-10-04T14:11:22Z,cartservice,productcatalogservice,0,0,0,0,0,0,0
2026-10-04T14:11:22Z,cartservice,recommendationservice,0,0,0,0,0,0,0
2026-10-04T14:11:22Z,cartservice,redis-cart,2,0,0,0,0,0,0
2026-10-04T14:11:22Z,cartservice,shippingservice,0,0,0,0,0,0,0
2026-10-04T14:11:22Z,checkoutservice,adservice,0,0,0,0,0,0,0
2026-10-04T14:11:22Z,checkoutservice,cartservice,67761,66830,0,100,0,732994,66827
2026-10-04T14:11:22Z,checkoutservice,checkoutservice,0,0,0,0,0,0,0
2026-10-04T14:11:22Z,checkoutservice,currencyservice,45278,45278,0,0,0,582504,45277
2026-10-04T14:11:22Z,checkoutservice,emailservice,16515,16227,0,66,0,522337,16224
2026-10-04T14:11:22Z,checkoutservice,frontend,0,0,0,0,0,0,0
2026-10-04T14:11:22Z,checkoutservice,kubernetes,0,0,0,0,0,0,0
2026-10-04T14:11:22Z,checkoutservice,paymentservice,38543,36695,0,192,0,454530,36547
2026-10-04T14:11:22Z,checkoutservice,productcatalogservice,0,0,0,0,0,0,0
2026-10-04T14:11:22Z,checkoutservice,recommendationservice,0,0,0,0,0,0,0
2026-10-04T14:11:22Z,checkoutservice,redis-cart,0,0,0,0,0,0,0
2026-10-04T14:11:22Z,checkoutservice,shippingservice,73072,70969,0,154,0,527852,70965
2026-10-04T14:11:22Z,currencyservice,adservice,0,0,0,0,0,0,0
2026-10-04T14:11:22Z,currencyservice,cartservice,0,0,0,0,0,0,0
2026-10-04T14:11:22Z,currencyservice,checkoutservice,0,0,0,0,0,0,0
2026-10-04T14:11:22Z,currencyservice,currencyservice,0,0,0,0,0,0,0
2026-10-04T14:11:22Z,currencyservice,emailservice,0,0,0,0,0,0,0
2026-10-04T14:11:22Z,currencyservice,frontend,0,0,0,0,0,0,0
2026-10-04T14:11:22Z,currencyservice,kubernetes,0,0,0,0,0,0,0
2026-10-04T14:11:22Z,currencyservice,paymentservice,0,0,0,0,0,0,0
2026-10-04T14:11:22Z,currencyservice,productcatalogservice,0,0,0,0,0,0,0
2026-10-04T14:11:22Z,currencyservice,recommendationservice,0,0,0,0,0,0,0
2026-10-04T14:11:22Z,currencyservice,redis-cart,0,0,0,0,0,0,0
2026-10-04T14:11:22Z,currencyservice,shippingservice,0,0,0,0,0,0,0
2026-10-04T14:11:22Z,emailservice,adservice,0,0,0,0,0,0,0
2026-10-04T14:11:22Z,emailservice,cartservice,0,0,0,0,0,0,0
2026-10-04T14:11:22Z,emailservice,checkoutservice,0,0,0,0,0,0,0
2026-10-04T14:11:22Z,emailservice,currencyservice,0,0,0,0,0,0,0
2026-10-04T14:11:22Z,emailservice,emailservice,0,0,0,0,0,0,0
2026-10-04T14:11:22Z,emailservice,frontend,0,0,0,0,0,0,0
2026-10-04T14:11:22Z,emailservice,kubernetes,0,0,0,0,0,0,0
2026-10-04T14:11:22Z,emailservice,paymentservice,0,0,0,0,0,0,0
2026-10-04T14:11:22Z,emailservice,productcatalogservice,0,0,0,0,0,0,0
2026-10-04T14:11:22Z,emailservice,recommendationservice,0,0,0,0,0,0,0
2026-10-04T14:11:22Z,emailservice,redis-cart,0,0,0,0,0,0,0
2026-10-04T14:11:22Z,emailservice,shippingservice,0,0,0,0,0,0,0
2026-10-04T14:11:22Z,frontend,adservice,859169,859167,0,0,0,2586218,858625
2026-10-04T14:11:22Z,frontend,cartservice,1922915,1922902,0,0,4,10608117,1921450
2026-10-04T14:11:22Z,frontend,checkoutservice,404275,194305,0,40061,169946,63166557,194078
2026-10-04T14:11:22Z,frontend,currencyservice,3055168,3055160,0,0,0,16028151,3052832
2026-10-04T14:11:22Z,frontend,emailservice,0,0,0,0,0,0,0
2026-10-04T14:11:22Z,frontend,frontend,0,0,0,0,0,0,0
2026-10-04T14:11:22Z,frontend,kubernetes,0,0,0,0,0,0,0
2026-10-04T14:11:22Z,frontend,paymentservice,0,0,0,0,0,0,0
2026-10-04T14:11:22Z,frontend,productcatalogservice,8541414,8541343,0,0,0,58212225,8535550
2026-10-04T14:11:22Z,frontend,recommendationservice,2812399,1697438,0,117566,994855,855707491,1696133
2026-10-04T14:11:22Z,frontend,redis-cart,0,0,0,0,0,0,0
2026-10-04T14:11:22Z,frontend,shippingservice,314956,314954,0,0,0,951274,314782
2026-10-04T14:11:22Z,paymentservice,adservice,0,0,0,0,0,0,0
2026-10-04T14:11:22Z,paymentservice,cartservice,0,0,0,0,0,0,0
2026-10-04T14:11:22Z,paymentservice,checkoutservice,0,0,0,0,0,0,0
2026-10-04T14:11:22Z,paymentservice,currencyservice,0,0,0,0,0,0,0
2026-10-04T14:11:22Z,paymentservice,emailservice,0,0,0,0,0,0,0
2026-10-04T14:11:22Z,paymentservice,frontend,0,0,0,0,0,0,0
2026-10-04T14:11:22Z,paymentservice,kubernetes,0,0,0,0,0,0,0
2026-10-04T14:11:22Z,paymentservice,paymentservice,0,0,0,0,0,0,0
2026-10-04T14:11:22Z,paymentservice,productcatalogservice,0,0,0,0,0,0,0
2026-10-04T14:11:22Z,paymentservice,recommendationservice,0,0,0,0,0,0,0
2026-10-04T14:11:22Z,paymentservice,redis-cart,0,0,0,0,0,0,0
2026-10-04T14:11:22Z,paymentservice,shippingservice,0,0,0,0,0,0,0
2026-10-04T14:11:22Z,productcatalogservice,adservice,0,0,0,0,0,0,0
2026-10-04T14:11:22Z,productcatalogservice,cartservice,0,0,0,0,0,0,0
2026-10-04T14:11:22Z,productcatalogservice,checkoutservice,0,0,0,0,0,0,0
2026-10-04T14:11:22Z,productcatalogservice,currencyservice,0,0,0,0,0,0,0
2026-10-04T14:11:22Z,productcatalogservice,emailservice,0,0,0,0,0,0,0
2026-10-04T14:11:22Z,productcatalogservice,frontend,0,0,0,0,0,0,0
2026-10-04T14:11:22Z,productcatalogservice,kubernetes,0,0,0,0,0,0,0
2026-10-04T14:11:22Z,productcatalogservice,paymentservice,0,0,0,0,0,0,0
2026-10-04T14:11:22Z,productcatalogservice,productcatalogservice,0,0,0,0,0,0,0
2026-10-04T14:11:22Z,productcatalogservice,recommendationservice,0,0,0,0,0,0,0
2026-10-04T14:11:22Z,productcatalogservice,redis-cart,0,0,0,0,0,0,0
2026-10-04T14:11:22Z,productcatalogservice,shippingservice,0,0,0,0,0,0,0
2026-10-04T14:11:22Z,recommendationservice,adservice,0,0,0,0,0,0,0
2026-10-04T14:11:22Z,recommendationservice,cartservice,0,0,0,0,0,0,0
2026-10-04T14:11:22Z,recommendationservice,checkoutservice,0,0,0,0,0,0,0
2026-10-04T14:11:22Z,recommendationservice,currencyservice,0,0,0,0,0,0,0
2026-10-04T14:11:22Z,recommendationservice,emailservice,0,0,0,0,0,0,0
2026-10-04T14:11:22Z,recommendationservice,frontend,0,0,0,0,0,0,0
2026-10-04T14:11:22Z,recommendationservice,kubernetes,0,0,0,0,0,0,0
2026-10-04T14:11:22Z,recommendationservice,paymentservice,0,0,0,0,0,0,0
2026-10-04T14:11:22Z,recommendationservice,productcatalogservice,195413,195411,0,0,0,1287326,194479
2026-10-04T14:11:22Z,recommendationservice,recommendationservice,0,0,0,0,0,0,0
2026-10-04T14:11:22Z,recommendationservice,redis-cart,0,0,0,0,0,0,0
2026-10-04T14:11:22Z,recommendationservice,shippingservice,0,0,0,0,0,0,0
2026-10-04T14:11:22Z,redis-cart,adservice,0,0,0,0,0,0,0
2026-10-04T14:11:22Z,redis-cart,cartservice,0,0,0,0,0,0,0
2026-10-04T14:11:22Z,redis-cart,checkoutservice,0,0,0,0,0,0,0
2026-10-04T14:11:22Z,redis-cart,currencyservice,0,0,0,0,0,0,0
2026-10-04T14:11:22Z,redis-cart,emailservice,0,0,0,0,0,0,0
2026-10-04T14:11:22Z,redis-cart,frontend,0,0,0,0,0,0,0
2026-10-04T14:11:22Z,redis-cart,kubernetes,0,0,0,0,0,0,0
2026-10-04T14:11:22Z,redis-cart,paymentservice,0,0,0,0,0,0,0
2026-10-04T14:11:22Z,redis-cart,productcatalogservice,0,0,0,0,0,0,0
2026-10-04T14:11:22Z,redis-cart,recommendationservice,0,0,0,0,0,0,0
2026-10-04T14:11:22Z,redis-cart,redis-cart,0,0,0,0,0,0,0
2026-10-04T14:11:22Z,redis-cart,shippingservice,0,0,0,0,0,0,0
2026-10-04T14:11:22Z,shippingservice,adservice,0,0,0,0,0,0,0
2026-10-04T14:11:22Z,shippingservice,cartservice,0,0,0,0,0,0,0
2026-10-04T14:11:22Z,shippingservice,checkoutservice,0,0,0,0,0,0,0
2026-10-04T14:11:22Z,shippingservice,currencyservice,0,0,0,0,0,0,0
2026-10-04T14:11:22Z,shippingservice,emailservice,0,0,0,0,0,0,0
2026-10-04T14:11:22Z,shippingservice,frontend,0,0,0,0,0,0,0
2026-10-04T14:11:22Z,shippingservice,kubernetes,0,0,0,0,0,0,0
2026-10-04T14:11:22Z,shippingservice,paymentservice,0,0,0,0,0,0,0
2026-10-04T14:11:22Z,shippingservice,productcatalogservice,0,0,0,0,0,0,0
2026-10-04T14:11:22Z,shippingservice,recommendationservice,0,0,0,0,0,0,0
2026-10-04T14:11:22Z,shippingservice,redis-cart,0,0,0,0,0,0,0
2026-10-04T14:11:22Z,shippingservice,shippingservice,0,0,0,0,0,0,0
2026-10-04T14:11:23Z,adservice,adservice,0,0,0,0,0,0,0
2026-10-04T14:11:23Z,adservice,cartservice,0,0,0,0,0,0,0
2026-10-04T14:11:23Z,adservice,checkoutservice,0,0,0,0,0,0,0
2026-10-04T14:11:23Z,adservice,currencyservice,0,0,0,0,0,0,0
2026-10-04T14:11:23Z,adservice,emailservice,0,0,0,0,0,0,0
2026-10-04T14:11:23Z,adservice,frontend,0,0,0,0,0,0,0
2026-10-04T14:11:23Z,adservice,kubernetes,0,0,0,0,0,0,0
2026-10-04T14:11:23Z,adservice,paymentservice,0,0,0,0,0,0,0
2026-10-04T14:11:23Z,adservice,productcatalogservice,0,0,0,0,0,0,0
2026-10-04T14:11:23Z,adservice,recommendationservice,0,0,0,0,0,0,0
2026-10-04T14:11:23Z,adservice,redis-cart,0,0,0,0,0,0,0
2026-10-04T14:11:23Z,adservice,shippingservice,0,0,0,0,0,0,0
2026-10-04T14:11:23Z,cartservice,adservice,0,0,0,0,0,0,0
2026-10-04T14:11:23Z,cartservice,cartservice,0,0,0,0,0,0,0
2026-10-04T14:11:23Z,cartservice,checkoutservice,0,0,0,0,0,0,0
2026-10-04T14:11:23Z,cartservice,currencyservice,0,0,0,0,0,0,0
2026-10-04T14:11:23Z,cartservice,emailservice,0,0,0,0,0,0,0
2026-10-04T14:11:23Z,cartservice,frontend,0,0,0,0,0,0,0
2026-10-04T14:11:23Z,cartservice,kubernetes,0,0,0,0,0,0,0
2026-10-04T14:11:23Z,cartservice,paymentservice,0,0,0,0,0,0,0
2026-10-04T14:11:23Z,cartservice,productcatalogservice,0,0,0,0,0,0,0
2026-10-04T14:11:23Z,cartservice,recommendationservice,0,0,0,0,0,0,0
2026-10-04T14:11:23Z,cartservice,redis-cart,2,0,0,0,0,0,0
2026-10-04T14:11:23Z,cartservice,shippingservice,0,0,0,0,0,0,0
2026-10-04T14:11:23Z,checkoutservice,adservice,0,0,0,0,0,0,0
2026-10-04T14:11:23Z,checkoutservice,cartservice,67869,66938,0,100,0,732994,66827
2026-10-04T14:11:23Z,checkoutservice,checkoutservice,0,0,0,0,0,0,0
2026-10-04T14:11:23Z,checkoutservice,currencyservice,45332,45332,0,0,0,582504,45277
2026-10-04T14:11:23Z,checkoutservice,emailservice,16570,16282,0,66,0,522337,16224
2026-10-04T14:11:23Z,checkoutservice,frontend,0,0,0,0,0,0,0
2026-10-04T14:11:23Z,checkoutservice,kubernetes,0,0,0,0,0,0,0
2026-10-04T14:11:23Z,checkoutservice,paymentservice,38598,36750,0,192,0,454530,36547
2026-10-04T14:11:23Z,checkoutservice,productcatalogservice,0,0,0,0,0,0,0
2026-10-04T14:11:23Z,checkoutservice,recommendationservice,0,0,0,0,0,0,0
2026-10-04T14:11:23Z,checkoutservice,redis-cart,0,0,0,0,0,0,0
2026-10-04T14:11:23Z,checkoutservice,shippingservice,73180,71077,0,154,0,527852,70965
2026-10-04T14:11:23Z,currencyservice,adservice,0,0,0,0,0,0,0
2026-10-04T14:11:23Z,currencyservice,cartservice,0,0,0,0,0,0,0
2026-10-04T14:11:23Z,currencyservice,checkoutservice,0,0,0,0,0,0,0
2026-10-04T14:11:23Z,currencyservice,currencyservice,0,0,0,0,0,0,0
2026-10-04T14:11:23Z,currencyservice,emailservice,0,0,0,0,0,0,0
2026-10-04T14:11:23Z,currencyservice,frontend,0,0,0,0,0,0,0
2026-10-04T14:11:23Z,currencyservice,kubernetes,0,0,0,0,0,0,0
2026-10-04T14:11:23Z,currencyservice,paymentservice,0,0,0,0,0,0,0
2026-10-04T14:11:23Z,currencyservice,productcatalogservice,0,0,0,0,0,0,0
2026-10-04T14:11:23Z,currencyservice,recommendationservice,0,0,0,0,0,0,0
2026-10-04T14:11:23Z,currencyservice,redis-cart,0,0,0,0,0,0,0
2026-10-04T14:11:23Z,currencyservice,shippingservice,0,0,0,0,0,0,0
2026-10-04T14:11:23Z,emailservice,adservice,0,0,0,0,0,0,0
2026-10-04T14:11:23Z,emailservice,cartservice,0,0,0,0,0,0,0
2026-10-04T14:11:23Z,emailservice,checkoutservice,0,0,0,0,0,0,0
2026-10-04T14:11:23Z,emailservice,currencyservice,0,0,0,0,0,0,0
2026-10-04T14:11:23Z,emailservice,emailservice,0,0,0,0,0,0,0
2026-10-04T14:11:23Z,emailservice,frontend,0,0,0,0,0,0,0
2026-10-04T14:11:23Z,emailservice,kubernetes,0,0,0,0,0,0,0
2026-10-04T14:11:23Z,emailservice,paymentservice,0,0,0,0,0,0,0
2026-10-04T14:11:23Z,emailservice,productcatalogservice,0,0,0,0,0,0,0
2026-10-04T14:11:23Z,emailservice,recommendationservice,0,0,0,0,0,0,0
2026-10-04T14:11:23Z,emailservice,redis-cart,0,0,0,0,0,0,0
2026-10-04T14:11:23Z,emailservice,shippingservice,0,0,0,0,0,0,0
2026-10-04T14:11:23Z,frontend,adservice,859329,859327,0,0,0,2586625,858793
2026-10-04T14:11:23Z,frontend,cartservice,1923308,1923291,0,0,4,10610031,1921913
2026-10-04T14:11:23Z,frontend,checkoutservice,404325,194356,0,40061,169946,63175267,194153
2026-10-04T14:11:23Z,frontend,currencyservice,3055783,3055775,0,0,0,16031166,3053594
2026-10-04T14:11:23Z,frontend,emailservice,0,0,0,0,0,0,0
2026-10-04T14:11:23Z,frontend,frontend,0,0,0,0,0,0,0
2026-10-04T14:11:23Z,frontend,kubernetes,0,0,0,0,0,0,0
2026-10-04T14:11:23Z,frontend,paymentservice,0,0,0,0,0,0,0
2026-10-04T14:11:23Z,frontend,productcatalogservice,8543097,8543018,0,0,0,58225547,8537411
2026-10-04T14:11:23Z,frontend,recommendationservice,2813055,1697818,0,117586,995151,856070761,1696616
2026-10-04T14:11:23Z,frontend,redis-cart,0,0,0,0,0,0,0
2026-10-04T14:11:23Z,frontend,shippingservice,315012,315009,0,0,0,951400,314842
2026-10-04T14:11:23Z,paymentservice,adservice,0,0,0,0,0,0,0
2026-10-04T14:11:23Z,paymentservice,cartservice,0,0,0,0,0,0,0
2026-10-04T14:11:23Z,paymentservice,checkoutservice,0,0,0,0,0,0,0
2026-10-04T14:11:23Z,paymentservice,currencyservice,0,0,0,0,0,0,0
2026-10-04T14:11:23Z,paymentservice,emailservice,0,0,0,0,0,0,0
2026-10-04T14:11:23Z,paymentservice,frontend,0,0,0,0,0,0,0
2026-10-04T14:11:23Z,paymentservice,kubernetes,0,0,0,0,0,0,0
2026-10-04T14:11:23Z,paymentservice,paymentservice,0,0,0,0,0,0,0
2026-10-04T14:11:23Z,paymentservice,productcatalogservice,0,0,0,0,0,0,0
2026-10-04T14:11:23Z,paymentservice,recommendationservice,0,0,0,0,0,0,0
2026-10-04T14:11:23Z,paymentservice,redis-cart,0,0,0,0,0,0,0
2026-10-04T14:11:23Z,paymentservice,shippingservice,0,0,0,0,0,0,0
2026-10-04T14:11:23Z,productcatalogservice,adservice,0,0,0,0,0,0,0
2026-10-04T14:11:23Z,productcatalogservice,cartservice,0,0,0,0,0,0,0
2026-10-04T14:11:23Z,productcatalogservice,checkoutservice,0,0,0,0,0,0,0
2026-10-04T14:11:23Z,productcatalogservice,currencyservice,0,0,0,0,0,0,0
2026-10-04T14:11:23Z,productcatalogservice,emailservice,0,0,0,0,0,0,0
2026-10-04T14:11:23Z,productcatalogservice,frontend,0,0,0,0,0,0,0
2026-10-04T14:11:23Z,productcatalogservice,kubernetes,0,0,0,0,0,0,0
2026-10-04T14:11:23Z,productcatalogservice,paymentservice,0,0,0,0,0,0,0
2026-10-04T14:11:23Z,productcatalogservice,productcatalogservice,0,0,0,0,0,0,0
2026-10-04T14:11:23Z,productcatalogservice,recommendationservice,0,0,0,0,0,0,0
2026-10-04T14:11:23Z,productcatalogservice,redis-cart,0,0,0,0,0,0,0
2026-10-04T14:11:23Z,productcatalogservice,shippingservice,0,0,0,0,0,0,0
2026-10-04T14:11:23Z,recommendationservice,adservice,0,0,0,0,0,0,0
2026-10-04T14:11:23Z,recommendationservice,cartservice,0,0,0,0,0,0,0
2026-10-04T14:11:23Z,recommendationservice,checkoutservice,0,0,0,0,0,0,0
2026-10-04T14:11:23Z,recommendationservice,currencyservice,0,0,0,0,0,0,0
2026-10-04T14:11:23Z,recommendationservice,emailservice,0,0,0,0,0,0,0
2026-10-04T14:11:23Z,recommendationservice,frontend,0,0,0,0,0,0,0
2026-10-04T14:11:23Z,recommendationservice,kubernetes,0,0,0,0,0,0,0
2026-10-04T14:11:23Z,recommendationservice,paymentservice,0,0,0,0,0,0,0
2026-10-04T14:11:23Z,recommendationservice,productcatalogservice,195816,195814,0,0,0,1287326,194479
2026-10-04T14:11:23Z,recommendationservice,recommendationservice,0,0,0,0,0,0,0
2026-10-04T14:11:23Z,recommendationservice,redis-cart,0,0,0,0,0,0,0
2026-10-04T14:11:23Z,recommendationservice,shippingservice,0,0,0,0,0,0,0
2026-10-04T14:11:23Z,redis-cart,adservice,0,0,0,0,0,0,0
2026-10-04T14:11:23Z,redis-cart,cartservice,0,0,0,0,0,0,0
2026-10-04T14:11:23Z,redis-cart,checkoutservice,0,0,0,0,0,0,0
2026-10-04T14:11:23Z,redis-cart,currencyservice,0,0,0,0,0,0,0
2026-10-04T14:11:23Z,redis-cart,emailservice,0,0,0,0,0,0,0
2026-10-04T14:11:23Z,redis-cart,frontend,0,0,0,0,0,0,0
2026-10-04T14:11:23Z,redis-cart,kubernetes,0,0,0,0,0,0,0
2026-10-04T14:11:23Z,redis-cart,paymentservice,0,0,0,0,0,0,0
2026-10-04T14:11:23Z,redis-cart,productcatalogservice,0,0,0,0,0,0,0
2026-10-04T14:11:23Z,redis-cart,recommendationservice,0,0,0,0,0,0,0
2026-10-04T14:11:23Z,redis-cart,redis-cart,0,0,0,0,0,0,0
2026-10-04T14:11:23Z,redis-cart,shippingservice,0,0,0,0,0,0,0
2026-10-04T14:11:23Z,shippingservice,adservice,0,0,0,0,0,0,0
2026-10-04T14:11:23Z,shippingservice,cartservice,0,0,0,0,0,0,0
2026-10-04T14:11:23Z,shippingservice,checkoutservice,0,0,0,0,0,0,0
2026-10-04T14:11:23Z,shippingservice,currencyservice,0,0,0,0,0,0,0
2026-10-04T14:11:23Z,shippingservice,emailservice,0,0,0,0,0,0,0
2026-10-04T14:11:23Z,shippingservice,frontend,0,0,0,0,0,0,0
2026-10-04T14:11:23Z,shippingservice,kubernetes,0,0,0,0,0,0,0
2026-10-04T14:11:23Z,shippingservice,paymentservice,0,0,0,0,0,0,0
2026-10-04T14:11:23Z,shippingservice,productcatalogservice,0,0,0,0,0,0,0
2026-10-04T14:11:23Z,shippingservice,recommendationservice,0,0,0,0,0,0,0
2026-10-04T14:11:23Z,shippingservice,redis-cart,0,0,0,0,0,0,0
2026-10-04T14:11:23Z,shippingservice,shippingservice,0,0,0,0,0,0,0
2026-10-04T14:11:24Z,adservice,adservice,0,0,0,0,0,0,0
2026-10-04T14:11:24Z,adservice,cartservice,0,0,0,0,0,0,0
2026-10-04T14:11:24Z,adservice,checkoutservice,0,0,0,0,0,0,0
2026-10-04T14:11:24Z,adservice,currencyservice,0,0,0,0,0,0,0
2026-10-04T14:11:24Z,adservice,emailservice,0,0,0,0,0,0,0
2026-10-04T14:11:24Z,adservice,frontend,0,0,0,0,0,0,0
2026-10-04T14:11:24Z,adservice,kubernetes,0,0,0,0,0,0,0
2026-10-04T14:11:24Z,adservice,paymentservice,0,0,0,0,0,0,0
2026-10-04T14:11:24Z,adservice,productcatalogservice,0,0,0,0,0,0,0
2026-10-04T14:11:24Z,adservice,recommendationservice,0,0,0,0,0,0,0
2026-10-04T14:11:24Z,adservice,redis-cart,0,0,0,0,0,0,0
2026-10-04T14:11:24Z,adservice,shippingservice,0,0,0,0,0,0,0
2026-10-04T14:11:24Z,cartservice,adservice,0,0,0,0,0,0,0
2026-10-04T14:11:24Z,cartservice,cartservice,0,0,0,0,0,0,0
2026-10-04T14:11:24Z,cartservice,checkoutservice,0,0,0,0,0,0,0
2026-10-04T14:11:24Z,cartservice,currencyservice,0,0,0,0,0,0,0
2026-10-04T14:11:24Z,cartservice,emailservice,0,0,0,0,0,0,0
2026-10-04T14:11:24Z,cartservice,frontend,0,0,0,0,0,0,0
2026-10-04T14:11:24Z,cartservice,kubernetes,0,0,0,0,0,0,0
2026-10-04T14:11:24Z,cartservice,paymentservice,0,0,0,0,0,0,0
2026-10-04T14:11:24Z,cartservice,productcatalogservice,0,0,0,0,0,0,0
2026-10-04T14:11:24Z,cartservice,recommendationservice,0,0,0,0,0,0,0
2026-10-04T14:11:24Z,cartservice,redis-cart,2,0,0,0,0,0,0
2026-10-04T14:11:24Z,cartservice,shippingservice,0,0,0,0,0,0,0
2026-10-04T14:11:24Z,checkoutservice,adservice,0,0,0,0,0,0,0
2026-10-04T14:11:24Z,checkoutservice,cartservice,67985,67054,0,100,0,732994,66827
2026-10-04T14:11:24Z,checkoutservice,checkoutservice,0,0,0,0,0,0,0
2026-10-04T14:11:24Z,checkoutservice,currencyservice,45393,45393,0,0,0,582504,45277
2026-10-04T14:11:24Z,checkoutservice,emailservice,16625,16336,0,66,0,522337,16224
2026-10-04T14:11:24Z,checkoutservice,frontend,0,0,0,0,0,0,0
2026-10-04T14:11:24Z,checkoutservice,kubernetes,0,0,0,0,0,0,0
2026-10-04T14:11:24Z,checkoutservice,paymentservice,38658,36809,0,192,0,454530,36547
2026-10-04T14:11:24Z,checkoutservice,productcatalogservice,0,0,0,0,0,0,0
2026-10-04T14:11:24Z,checkoutservice,recommendationservice,0,0,0,0,0,0,0
2026-10-04T14:11:24Z,checkoutservice,redis-cart,0,0,0,0,0,0,0
2026-10-04T14:11:24Z,checkoutservice,shippingservice,73298,71194,0,154,0,527852,70965
2026-10-04T14:11:24Z,currencyservice,adservice,0,0,0,0,0,0,0
2026-10-04T14:11:24Z,currencyservice,cartservice,0,0,0,0,0,0,0
2026-10-04T14:11:24Z,currencyservice,checkoutservice,0,0,0,0,0,0,0
2026-10-04T14:11:24Z,currencyservice,currencyservice,0,0,0,0,0,0,0
2026-10-04T14:11:24Z,currencyservice,emailservice,0,0,0,0,0,0,0
2026-10-04T14:11:24Z,currencyservice,frontend,0,0,0,0,0,0,0
2026-10-04T14:11:24Z,currencyservice,kubernetes,0,0,0,0,0,0,0
2026-10-04T14:11:24Z,currencyservice,paymentservice,0,0,0,0,0,0,0
2026-10-04T14:11:24Z,currencyservice,productcatalogservice,0,0,0,0,0,0,0
2026-10-04T14:11:24Z,currencyservice,recommendationservice,0,0,0,0,0,0,0
2026-10-04T14:11:24Z,currencyservice,redis-cart,0,0,0,0,0,0,0
2026-10-04T14:11:24Z,currencyservice,shippingservice,0,0,0,0,0,0,0
2026-10-04T14:11:24Z,emailservice,adservice,0,0,0,0,0,0,0
2026-10-04T14:11:24Z,emailservice,cartservice,0,0,0,0,0,0,0
2026-10-04T14:11:24Z,emailservice,checkoutservice,0,0,0,0,0,0,0
2026-10-04T14:11:24Z,emailservice,currencyservice,0,0,0,0,0,0,0
2026-10-04T14:11:24Z,emailservice,emailservice,0,0,0,0,0,0,0
2026-10-04T14:11:24Z,emailservice,frontend,0,0,0,0,0,0,0
2026-10-04T14:11:24Z,emailservice,kubernetes,0,0,0,0,0,0,0
2026-10-04T14:11:24Z,emailservice,paymentservice,0,0,0,0,0,0,0
2026-10-04T14:11:24Z,emailservice,productcatalogservice,0,0,0,0,0,0,0
2026-10-04T14:11:24Z,emailservice,recommendationservice,0,0,0,0,0,0,0
2026-10-04T14:11:24Z,emailservice,redis-cart,0,0,0,0,0,0,0
2026-10-04T14:11:24Z,emailservice,shippingservice,0,0,0,0,0,0,0
2026-10-04T14:11:24Z,frontend,adservice,859508,859506,0,0,0,2587980,859228
2026-10-04T14:11:24Z,frontend,cartservice,1923736,1923723,0,0,4,10615285,1923012
2026-10-04T14:11:24Z,frontend,checkoutservice,404382,194410,0,40061,169946,63196246,194311
2026-10-04T14:11:24Z,frontend,currencyservice,3056478,3056469,0,0,0,16038320,3055352
2026-10-04T14:11:24Z,frontend,emailservice,0,0,0,0,0,0,0
2026-10-04T14:11:24Z,frontend,frontend,0,0,0,0,0,0,0
2026-10-04T14:11:24Z,frontend,kubernetes,0,0,0,0,0,0,0
2026-10-04T14:11:24Z,frontend,paymentservice,0,0,0,0,0,0,0
2026-10-04T14:11:24Z,frontend,productcatalogservice,8544926,8544859,0,0,0,58252780,8541978
2026-10-04T14:11:24Z,frontend,recommendationservice,2813790,1698180,0,117622,995456,856773476,1697562
2026-10-04T14:11:24Z,frontend,redis-cart,0,0,0,0,0,0,0
2026-10-04T14:11:24Z,frontend,shippingservice,315083,315081,0,0,0,951777,314986
2026-10-04T14:11:24Z,paymentservice,adservice,0,0,0,0,0,0,0
2026-10-04T14:11:24Z,paymentservice,cartservice,0,0,0,0,0,0,0
2026-10-04T14:11:24Z,paymentservice,checkoutservice,0,0,0,0,0,0,0
2026-10-04T14:11:24Z,paymentservice,currencyservice,0,0,0,0,0,0,0
2026-10-04T14:11:24Z,paymentservice,emailservice,0,0,0,0,0,0,0
2026-10-04T14:11:24Z,paymentservice,frontend,0,0,0,0,0,0,0
2026-10-04T14:11:24Z,paymentservice,kubernetes,0,0,0,0,0,0,0
2026-10-04T14:11:24Z,paymentservice,paymentservice,0,0,0,0,0,0,0
2026-10-04T14:11:24Z,paymentservice,productcatalogservice,0,0,0,0,0,0,0
2026-10-04T14:11:24Z,paymentservice,recommendationservice,0,0,0,0,0,0,0
2026-10-04T14:11:24Z,paymentservice,redis-cart,0,0,0,0,0,0,0
2026-10-04T14:11:24Z,paymentservice,shippingservice,0,0,0,0,0,0,0
2026-10-04T14:11:24Z,productcatalogservice,adservice,0,0,0,0,0,0,0
2026-10-04T14:11:24Z,productcatalogservice,cartservice,0,0,0,0,0,0,0
2026-10-04T14:11:24Z,productcatalogservice,checkoutservice,0,0,0,0,0,0,0
2026-10-04T14:11:24Z,productcatalogservice,currencyservice,0,0,0,0,0,0,0
2026-10-04T14:11:24Z,productcatalogservice,emailservice,0,0,0,0,0,0,0
2026-10-04T14:11:24Z,productcatalogservice,frontend,0,0,0,0,0,0,0
2026-10-04T14:11:24Z,productcatalogservice,kubernetes,0,0,0,0,0,0,0
2026-10-04T14:11:24Z,productcatalogservice,paymentservice,0,0,0,0,0,0,0
2026-10-04T14:11:24Z,productcatalogservice,productcatalogservice,0,0,0,0,0,0,0
2026-10-04T14:11:24Z,productcatalogservice,recommendationservice,0,0,0,0,0,0,0
2026-10-04T14:11:24Z,productcatalogservice,redis-cart,0,0,0,0,0,0,0
2026-10-04T14:11:24Z,productcatalogservice,shippingservice,0,0,0,0,0,0,0
2026-10-04T14:11:24Z,recommendationservice,adservice,0,0,0,0,0,0,0
2026-10-04T14:11:24Z,recommendationservice,cartservice,0,0,0,0,0,0,0
2026-10-04T14:11:24Z,recommendationservice,checkoutservice,0,0,0,0,0,0,0
2026-10-04T14:11:24Z,recommendationservice,currencyservice,0,0,0,0,0,0,0
2026-10-04T14:11:24Z,recommendationservice,emailservice,0,0,0,0,0,0,0
2026-10-04T14:11:24Z,recommendationservice,frontend,0,0,0,0,0,0,0
2026-10-04T14:11:24Z,recommendationservice,kubernetes,0,0,0,0,0,0,0
2026-10-04T14:11:24Z,recommendationservice,paymentservice,0,0,0,0,0,0,0
2026-10-04T14:11:24Z,recommendationservice,productcatalogservice,196229,196228,0,0,0,1287326,194479
2026-10-04T14:11:24Z,recommendationservice,recommendationservice,0,0,0,0,0,0,0
2026-10-04T14:11:24Z,recommendationservice,redis-cart,0,0,0,0,0,0,0
2026-10-04T14:11:24Z,recommendationservice,shippingservice,0,0,0,0,0,0,0
2026-10-04T14:11:24Z,redis-cart,adservice,0,0,0,0,0,0,0
2026-10-04T14:11:24Z,redis-cart,cartservice,0,0,0,0,0,0,0
2026-10-04T14:11:24Z,redis-cart,checkoutservice,0,0,0,0,0,0,0
2026-10-04T14:11:24Z,redis-cart,currencyservice,0,0,0,0,0,0,0
2026-10-04T14:11:24Z,redis-cart,emailservice,0,0,0,0,0,0,0
2026-10-04T14:11:24Z,redis-cart,frontend,0,0,0,0,0,0,0
2026-10-04T14:11:24Z,redis-cart,kubernetes,0,0,0,0,0,0,0
2026-10-04T14:11:24Z,redis-cart,paymentservice,0,0,0,0,0,0,0
2026-10-04T14:11:24Z,redis-cart,productcatalogservice,0,0,0,0,0,0,0
2026-10-04T14:11:24Z,redis-cart,recommendationservice,0,0,0,0,0,0,0
2026-10-04T14:11:24Z,redis-cart,redis-cart,0,0,0,0,0,0,0
2026-10-04T14:11:24Z,redis-cart,shippingservice,0,0,0,0,0,0,0
2026-10-04T14:11:24Z,shippingservice,adservice,0,0,0,0,0,0,0
2026-10-04T14:11:24Z,shippingservice,cartservice,0,0,0,0,0,0,0
2026-10-04T14:11:24Z,shippingservice,checkoutservice,0,0,0,0,0,0,0
2026-10-04T14:11:24Z,shippingservice,currencyservice,0,0,0,0,0,0,0
2026-10-04T14:11:24Z,shippingservice,emailservice,0,0,0,0,0,0,0
2026-10-04T14:11:24Z,shippingservice,frontend,0,0,0,0,0,0,0
2026-10-04T14:11:24Z,shippingservice,kubernetes,0,0,0,0,0,0,0
2026-10-04T14:11:24Z,shippingservice,paymentservice,0,0,0,0,0,0,0
2026-10-04T14:11:24Z,shippingservice,productcatalogservice,0,0,0,0,0,0,0
2026-10-04T14:11:24Z,shippingservice,recommendationservice,0,0,0,0,0,0,0
2026-10-04T14:11:24Z,shippingservice,redis-cart,0,0,0,0,0,0,0
2026-10-04T14:11:24Z,shippingservice,shippingservice,0,0,0,0,0,0,0
2026-10-04T14:11:25Z,adservice,adservice,0,0,0,0,0,0,0
2026-10-04T14:11:25Z,adservice,cartservice,0,0,0,0,0,0,0
2026-10-04T14:11:25Z,adservice,checkoutservice,0,0,0,0,0,0,0
2026-10-04T14:11:25Z,adservice,currencyservice,0,0,0,0,0,0,0
2026-10-04T14:11:25Z,adservice,emailservice,0,0,0,0,0,0,0
2026-10-04T14:11:25Z,adservice,frontend,0,0,0,0,0,0,0
2026-10-04T14:11:25Z,adservice,kubernetes,0,0,0,0,0,0,0
2026-10-04T14:11:25Z,adservice,paymentservice,0,0,0,0,0,0,0
2026-10-04T14:11:25Z,adservice,productcatalogservice,0,0,0,0,0,0,0
2026-10-04T14:11:25Z,adservice,recommendationservice,0,0,0,0,0,0,0
2026-10-04T14:11:25Z,adservice,redis-cart,0,0,0,0,0,0,0
2026-10-04T14:11:25Z,adservice,shippingservice,0,0,0,0,0,0,0
2026-10-04T14:11:25Z,cartservice,adservice,0,0,0,0,0,0,0
2026-10-04T14:11:25Z,cartservice,cartservice,0,0,0,0,0,0,0
2026-10-04T14:11:25Z,cartservice,checkoutservice,0,0,0,0,0,0,0
2026-10-04T14:11:25Z,cartservice,currencyservice,0,0,0,0,0,0,0
2026-10-04T14:11:25Z,cartservice,emailservice,0,0,0,0,0,0,0
2026-10-04T14:11:25Z,cartservice,frontend,0,0,0,0,0,0,0
2026-10-04T14:11:25Z,cartservice,kubernetes,0,0,0,0,0,0,0
2026-10-04T14:11:25Z,cartservice,paymentservice,0,0,0,0,0,0,0
2026-10-04T14:11:25Z,cartservice,productcatalogservice,0,0,0,0,0,0,0
2026-10-04T14:11:25Z,cartservice,recommendationservice,0,0,0,0,0,0,0
2026-10-04T14:11:25Z,cartservice,redis-cart,2,0,0,0,0,0,0
2026-10-04T14:11:25Z,cartservice,shippingservice,0,0,0,0,0,0,0
2026-10-04T14:11:25Z,checkoutservice,adservice,0,0,0,0,0,0,0
2026-10-04T14:11:25Z,checkoutservice,cartservice,68094,67159,0,100,0,732994,66827
2026-10-04T14:11:25Z,checkoutservice,checkoutservice,0,0,0,0,0,0,0
2026-10-04T14:11:25Z,checkoutservice,currencyservice,45447,45447,0,0,0,582504,45277
2026-10-04T14:11:25Z,checkoutservice,emailservice,16676,16388,0,66,0,522337,16224
2026-10-04T14:11:25Z,checkoutservice,frontend,0,0,0,0,0,0,0
2026-10-04T14:11:25Z,checkoutservice,kubernetes,0,0,0,0,0,0,0
2026-10-04T14:11:25Z,checkoutservice,paymentservice,38710,36862,0,192,0,454530,36547
2026-10-04T14:11:25Z,checkoutservice,productcatalogservice,0,0,0,0,0,0,0
2026-10-04T14:11:25Z,checkoutservice,recommendationservice,0,0,0,0,0,0,0
2026-10-04T14:11:25Z,checkoutservice,redis-cart,0,0,0,0,0,0,0
2026-10-04T14:11:25Z,checkoutservice,shippingservice,73406,71303,0,154,0,527852,70965
2026-10-04T14:11:25Z,currencyservice,adservice,0,0,0,0,0,0,0
2026-10-04T14:11:25Z,currencyservice,cartservice,0,0,0,0,0,0,0
2026-10-04T14:11:25Z,currencyservice,checkoutservice,0,0,0,0,0,0,0
2026-10-04T14:11:25Z,currencyservice,currencyservice,0,0,0,0,0,0,0
2026-10-04T14:11:25Z,currencyservice,emailservice,0,0,0,0,0,0,0
2026-10-04T14:11:25Z,currencyservice,frontend,0,0,0,0,0,0,0
2026-10-04T14:11:25Z,currencyservice,kubernetes,0,0,0,0,0,0,0
2026-10-04T14:11:25Z,currencyservice,paymentservice,0,0,0,0,0,0,0
2026-10-04T14:11:25Z,currencyservice,productcatalogservice,0,0,0,0,0,0,0
2026-10-04T14:11:25Z,currencyservice,recommendationservice,0,0,0,0,0,0,0
2026-10-04T14:11:25Z,currencyservice,redis-cart,0,0,0,0,0,0,0
2026-10-04T14:11:25Z,currencyservice,shippingservice,0,0,0,0,0,0,0
2026-10-04T14:11:25Z,emailservice,adservice,0,0,0,0,0,0,0
2026-10-04T14:11:25Z,emailservice,cartservice,0,0,0,0,0,0,0
2026-10-04T14:11:25Z,emailservice,checkoutservice,0,0,0,0,0,0,0
2026-10-04T14:11:25Z,emailservice,currencyservice,0,0,0,0,0,0,0
2026-10-04T14:11:25Z,emailservice,emailservice,0,0,0,0,0,0,0
2026-10-04T14:11:25Z,emailservice,frontend,0,0,0,0,0,0,0
2026-10-04T14:11:25Z,emailservice,kubernetes,0,0,0,0,0,0,0
2026-10-04T14:11:25Z,emailservice,paymentservice,0,0,0,0,0,0,0
2026-10-04T14:11:25Z,emailservice,productcatalogservice,0,0,0,0,0,0,0
2026-10-04T14:11:25Z,emailservice,recommendationservice,0,0,0,0,0,0,0
2026-10-04T14:11:25Z,emailservice,redis-cart,0,0,0,0,0,0,0
2026-10-04T14:11:25Z,emailservice,shippingservice,0,0,0,0,0,0,0
2026-10-04T14:11:25Z,frontend,adservice,859661,859657,0,0,0,2588339,859388
2026-10-04T14:11:25Z,frontend,cartservice,1924123,1924110,0,0,4,10617286,1923447
2026-10-04T14:11:25Z,frontend,checkoutservice,404444,194468,0,40061,169946,63202759,194366
2026-10-04T14:11:25Z,frontend,currencyservice,3057114,3057097,0,0,0,16040657,3056025
2026-10-04T14:11:25Z,frontend,emailservice,0,0,0,0,0,0,0
2026-10-04T14:11:25Z,frontend,frontend,0,0,0,0,0,0,0
2026-10-04T14:11:25Z,frontend,kubernetes,0,0,0,0,0,0,0
2026-10-04T14:11:25Z,frontend,paymentservice,0,0,0,0,0,0,0
2026-10-04T14:11:25Z,frontend,productcatalogservice,8546656,8546583,0,0,0,58264559,8543645
2026-10-04T14:11:25Z,frontend,recommendationservice,2814527,1698532,0,117669,995802,857085596,1697936
2026-10-04T14:11:25Z,frontend,redis-cart,0,0,0,0,0,0,0
2026-10-04T14:11:25Z,frontend,shippingservice,315149,315147,0,0,0,951887,315035
2026-10-04T14:11:25Z,paymentservice,adservice,0,0,0,0,0,0,0
2026-10-04T14:11:25Z,paymentservice,cartservice,0,0,0,0,0,0,0
2026-10-04T14:11:25Z,paymentservice,checkoutservice,0,0,0,0,0,0,0
2026-10-04T14:11:25Z,paymentservice,currencyservice,0,0,0,0,0,0,0
2026-10-04T14:11:25Z,paymentservice,emailservice,0,0,0,0,0,0,0
2026-10-04T14:11:25Z,paymentservice,frontend,0,0,0,0,0,0,0
2026-10-04T14:11:25Z,paymentservice,kubernetes,0,0,0,0,0,0,0
2026-10-04T14:11:25Z,paymentservice,paymentservice,0,0,0,0,0,0,0
2026-10-04T14:11:25Z,paymentservice,productcatalogservice,0,0,0,0,0,0,0
2026-10-04T14:11:25Z,paymentservice,recommendationservice,0,0,0,0,0,0,0
2026-10-04T14:11:25Z,paymentservice,redis-cart,0,0,0,0,0,0,0
2026-10-04T14:11:25Z,paymentservice,shippingservice,0,0,0,0,0,0,0
2026-10-04T14:11:25Z,productcatalogservice,adservice,0,0,0,0,0,0,0
2026-10-04T14:11:25Z,productcatalogservice,cartservice,0,0,0,0,0,0,0
2026-10-04T14:11:25Z,productcatalogservice,checkoutservice,0,0,0,0,0,0,0
2026-10-04T14:11:25Z,productcatalogservice,currencyservice,0,0,0,0,0,0,0
2026-10-04T14:11:25Z,productcatalogservice,emailservice,0,0,0,0,0,0,0
2026-10-04T14:11:25Z,productcatalogservice,frontend,0,0,0,0,0,0,0
2026-10-04T14:11:25Z,productcatalogservice,kubernetes,0,0,0,0,0,0,0
2026-10-04T14:11:25Z,productcatalogservice,paymentservice,0,0,0,0,0,0,0
2026-10-04T14:11:25Z,productcatalogservice,productcatalogservice,0,0,0,0,0,0,0
2026-10-04T14:11:25Z,productcatalogservice,recommendationservice,0,0,0,0,0,0,0
2026-10-04T14:11:25Z,productcatalogservice,redis-cart,0,0,0,0,0,0,0
2026-10-04T14:11:25Z,productcatalogservice,shippingservice,0,0,0,0,0,0,0
2026-10-04T14:11:25Z,recommendationservice,adservice,0,0,0,0,0,0,0
2026-10-04T14:11:25Z,recommendationservice,cartservice,0,0,0,0,0,0,0
2026-10-04T14:11:25Z,recommendationservice,checkoutservice,0,0,0,0,0,0,0
2026-10-04T14:11:25Z,recommendationservice,currencyservice,0,0,0,0,0,0,0
2026-10-04T14:11:25Z,recommendationservice,emailservice,0,0,0,0,0,0,0
2026-10-04T14:11:25Z,recommendationservice,frontend,0,0,0,0,0,0,0
2026-10-04T14:11:25Z,recommendationservice,kubernetes,0,0,0,0,0,0,0
2026-10-04T14:11:25Z,recommendationservice,paymentservice,0,0,0,0,0,0,0
2026-10-04T14:11:25Z,recommendationservice,productcatalogservice,196664,196664,0,0,0,1299648,196642
2026-10-04T14:11:25Z,recommendationservice,recommendationservice,0,0,0,0,0,0,0
2026-10-04T14:11:25Z,recommendationservice,redis-cart,0,0,0,0,0,0,0
2026-10-04T14:11:25Z,recommendationservice,shippingservice,0,0,0,0,0,0,0
2026-10-04T14:11:25Z,redis-cart,adservice,0,0,0,0,0,0,0
2026-10-04T14:11:25Z,redis-cart,cartservice,0,0,0,0,0,0,0
2026-10-04T14:11:25Z,redis-cart,checkoutservice,0,0,0,0,0,0,0
2026-10-04T14:11:25Z,redis-cart,currencyservice,0,0,0,0,0,0,0
2026-10-04T14:11:25Z,redis-cart,emailservice,0,0,0,0,0,0,0
2026-10-04T14:11:25Z,redis-cart,frontend,0,0,0,0,0,0,0
2026-10-04T14:11:25Z,redis-cart,kubernetes,0,0,0,0,0,0,0
2026-10-04T14:11:25Z,redis-cart,paymentservice,0,0,0,0,0,0,0
2026-10-04T14:11:25Z,redis-cart,productcatalogservice,0,0,0,0,0,0,0
2026-10-04T14:11:25Z,redis-cart,recommendationservice,0,0,0,0,0,0,0
2026-10-04T14:11:25Z,redis-cart,redis-cart,0,0,0,0,0,0,0
2026-10-04T14:11:25Z,redis-cart,shippingservice,0,0,0,0,0,0,0
2026-10-04T14:11:25Z,shippingservice,adservice,0,0,0,0,0,0,0
2026-10-04T14:11:25Z,shippingservice,cartservice,0,0,0,0,0,0,0
2026-10-04T14:11:25Z,shippingservice,checkoutservice,0,0,0,0,0,0,0
2026-10-04T14:11:25Z,shippingservice,currencyservice,0,0,0,0,0,0,0
2026-10-04T14:11:25Z,shippingservice,emailservice,0,0,0,0,0,0,0
2026-10-04T14:11:25Z,shippingservice,frontend,0,0,0,0,0,0,0
2026-10-04T14:11:25Z,shippingservice,kubernetes,0,0,0,0,0,0,0
2026-10-04T14:11:25Z,shippingservice,paymentservice,0,0,0,0,0,0,0
2026-10-04T14:11:25Z,shippingservice,productcatalogservice,0,0,0,0,0,0,0
2026-10-04T14:11:25Z,shippingservice,recommendationservice,0,0,0,0,0,0,0
2026-10-04T14:11:25Z,shippingservice,redis-cart,0,0,0,0,0,0,0
2026-10-04T14:11:25Z,shippingservice,shippingservice,0,0,0,0,0,0,0
2026-10-04T14:11:26Z,adservice,adservice,0,0,0,0,0,0,0
2026-10-04T14:11:26Z,adservice,cartservice,0,0,0,0,0,0,0
2026-10-04T14:11:26Z,adservice,checkoutservice,0,0,0,0,0,0,0
2026-10-04T14:11:26Z,adservice,currencyservice,0,0,0,0,0,0,0
2026-10-04T14:11:26Z,adservice,emailservice,0,0,0,0,0,0,0
2026-10-04T14:11:26Z,adservice,frontend,0,0,0,0,0,0,0
2026-10-04T14:11:26Z,adservice,kubernetes,0,0,0,0,0,0,0
2026-10-04T14:11:26Z,adservice,paymentservice,0,0,0,0,0,0,0
2026-10-04T14:11:26Z,adservice,productcatalogservice,0,0,0,0,0,0,0
2026-10-04T14:11:26Z,adservice,recommendationservice,0,0,0,0,0,0,0
2026-10-04T14:11:26Z,adservice,redis-cart,0,0,0,0,0,0,0
2026-10-04T14:11:26Z,adservice,shippingservice,0,0,0,0,0,0,0
2026-10-04T14:11:26Z,cartservice,adservice,0,0,0,0,0,0,0
2026-10-04T14:11:26Z,cartservice,cartservice,0,0,0,0,0,0,0
2026-10-04T14:11:26Z,cartservice,checkoutservice,0,0,0,0,0,0,0
2026-10-04T14:11:26Z,cartservice,currencyservice,0,0,0,0,0,0,0
2026-10-04T14:11:26Z,cartservice,emailservice,0,0,0,0,0,0,0
2026-10-04T14:11:26Z,cartservice,frontend,0,0,0,0,0,0,0
2026-10-04T14:11:26Z,cartservice,kubernetes,0,0,0,0,0,0,0
2026-10-04T14:11:26Z,cartservice,paymentservice,0,0,0,0,0,0,0
2026-10-04T14:11:26Z,cartservice,productcatalogservice,0,0,0,0,0,0,0
2026-10-04T14:11:26Z,cartservice,recommendationservice,0,0,0,0,0,0,0
2026-10-04T14:11:26Z,cartservice,redis-cart,2,0,0,0,0,0,0
2026-10-04T14:11:26Z,cartservice,shippingservice,0,0,0,0,0,0,0
2026-10-04T14:11:26Z,checkoutservice,adservice,0,0,0,0,0,0,0
2026-10-04T14:11:26Z,checkoutservice,cartservice,68220,67286,0,100,0,732994,66827
2026-10-04T14:11:26Z,checkoutservice,checkoutservice,0,0,0,0,0,0,0
2026-10-04T14:11:26Z,checkoutservice,currencyservice,45510,45507,0,0,0,582504,45277
2026-10-04T14:11:26Z,checkoutservice,emailservice,16738,16450,0,66,0,522337,16224
2026-10-04T14:11:26Z,checkoutservice,frontend,0,0,0,0,0,0,0
2026-10-04T14:11:26Z,checkoutservice,kubernetes,0,0,0,0,0,0,0
2026-10-04T14:11:26Z,checkoutservice,paymentservice,38773,36924,0,192,0,454530,36547
2026-10-04T14:11:26Z,checkoutservice,productcatalogservice,0,0,0,0,0,0,0
2026-10-04T14:11:26Z,checkoutservice,recommendationservice,0,0,0,0,0,0,0
2026-10-04T14:11:26Z,checkoutservice,redis-cart,0,0,0,0,0,0,0
2026-10-04T14:11:26Z,checkoutservice,shippingservice,73532,71427,0,154,0,527852,70965
2026-10-04T14:11:26Z,currencyservice,adservice,0,0,0,0,0,0,0
2026-10-04T14:11:26Z,currencyservice,cartservice,0,0,0,0,0,0,0
2026-10-04T14:11:26Z,currencyservice,checkoutservice,0,0,0,0,0,0,0
2026-10-04T14:11:26Z,currencyservice,currencyservice,0,0,0,0,0,0,0
2026-10-04T14:11:26Z,currencyservice,emailservice,0,0,0,0,0,0,0
2026-10-04T14:11:26Z,currencyservice,frontend,0,0,0,0,0,0,0
2026-10-04T14:11:26Z,currencyservice,kubernetes,0,0,0,0,0,0,0
2026-10-04T14:11:26Z,currencyservice,paymentservice,0,0,0,0,0,0,0
2026-10-04T14:11:26Z,currencyservice,productcatalogservice,0,0,0,0,0,0,0
2026-10-04T14:11:26Z,currencyservice,recommendationservice,0,0,0,0,0,0,0
2026-10-04T14:11:26Z,currencyservice,redis-cart,0,0,0,0,0,0,0
2026-10-04T14:11:26Z,currencyservice,shippingservice,0,0,0,0,0,0,0
2026-10-04T14:11:26Z,emailservice,adservice,0,0,0,0,0,0,0
2026-10-04T14:11:26Z,emailservice,cartservice,0,0,0,0,0,0,0
2026-10-04T14:11:26Z,emailservice,checkoutservice,0,0,0,0,0,0,0
2026-10-04T14:11:26Z,emailservice,currencyservice,0,0,0,0,0,0,0
2026-10-04T14:11:26Z,emailservice,emailservice,0,0,0,0,0,0,0
2026-10-04T14:11:26Z,emailservice,frontend,0,0,0,0,0,0,0
2026-10-04T14:11:26Z,emailservice,kubernetes,0,0,0,0,0,0,0
2026-10-04T14:11:26Z,emailservice,paymentservice,0,0,0,0,0,0,0
2026-10-04T14:11:26Z,emailservice,productcatalogservice,0,0,0,0,0,0,0
2026-10-04T14:11:26Z,emailservice,recommendationservice,0,0,0,0,0,0,0
2026-10-04T14:11:26Z,emailservice,redis-cart,0,0,0,0,0,0,0
2026-10-04T14:11:26Z,emailservice,shippingservice,0,0,0,0,0,0,0
2026-10-04T14:11:26Z,frontend,adservice,859793,859786,0,0,0,2588339,859388
2026-10-04T14:11:26Z,frontend,cartservice,1924533,1924521,0,0,4,10617286,1923447
2026-10-04T14:11:26Z,frontend,checkoutservice,404517,194529,0,40061,169946,63202759,194366
2026-10-04T14:11:26Z,frontend,currencyservice,3057773,3057762,0,0,0,16040657,3056025
2026-10-04T14:11:26Z,frontend,emailservice,0,0,0,0,0,0,0
2026-10-04T14:11:26Z,frontend,frontend,0,0,0,0,0,0,0
2026-10-04T14:11:26Z,frontend,kubernetes,0,0,0,0,0,0,0
2026-10-04T14:11:26Z,frontend,paymentservice,0,0,0,0,0,0,0
2026-10-04T14:11:26Z,frontend,productcatalogservice,8548265,8548193,0,0,0,58264559,8543645
2026-10-04T14:11:26Z,frontend,recommendationservice,2815242,1698898,0,117722,996118,857085596,1697936
2026-10-04T14:11:26Z,frontend,redis-cart,0,0,0,0,0,0,0
2026-10-04T14:11:26Z,frontend,shippingservice,315202,315200,0,0,0,951887,315035
2026-10-04T14:11:26Z,paymentservice,adservice,0,0,0,0,0,0,0
2026-10-04T14:11:26Z,paymentservice,cartservice,0,0,0,0,0,0,0
2026-10-04T14:11:26Z,paymentservice,checkoutservice,0,0,0,0,0,0,0
2026-10-04T14:11:26Z,paymentservice,currencyservice,0,0,0,0,0,0,0
2026-10-04T14:11:26Z,paymentservice,emailservice,0,0,0,0,0,0,0
2026-10-04T14:11:26Z,paymentservice,frontend,0,0,0,0,0,0,0
2026-10-04T14:11:26Z,paymentservice,kubernetes,0,0,0,0,0,0,0
2026-10-04T14:11:26Z,paymentservice,paymentservice,0,0,0,0,0,0,0
2026-10-04T14:11:26Z,paymentservice,productcatalogservice,0,0,0,0,0,0,0
2026-10-04T14:11:26Z,paymentservice,recommendationservice,0,0,0,0,0,0,0
2026-10-04T14:11:26Z,paymentservice,redis-cart,0,0,0,0,0,0,0
2026-10-04T14:11:26Z,paymentservice,shippingservice,0,0,0,0,0,0,0
2026-10-04T14:11:26Z,productcatalogservice,adservice,0,0,0,0,0,0,0
2026-10-04T14:11:26Z,productcatalogservice,cartservice,0,0,0,0,0,0,0
2026-10-04T14:11:26Z,productcatalogservice,checkoutservice,0,0,0,0,0,0,0
2026-10-04T14:11:26Z,productcatalogservice,currencyservice,0,0,0,0,0,0,0
2026-10-04T14:11:26Z,productcatalogservice,emailservice,0,0,0,0,0,0,0
2026-10-04T14:11:26Z,productcatalogservice,frontend,0,0,0,0,0,0,0
2026-10-04T14:11:26Z,productcatalogservice,kubernetes,0,0,0,0,0,0,0
2026-10-04T14:11:26Z,productcatalogservice,paymentservice,0,0,0,0,0,0,0
2026-10-04T14:11:26Z,productcatalogservice,productcatalogservice,0,0,0,0,0,0,0
2026-10-04T14:11:26Z,productcatalogservice,recommendationservice,0,0,0,0,0,0,0
2026-10-04T14:11:26Z,productcatalogservice,redis-cart,0,0,0,0,0,0,0
2026-10-04T14:11:26Z,productcatalogservice,shippingservice,0,0,0,0,0,0,0
2026-10-04T14:11:26Z,recommendationservice,adservice,0,0,0,0,0,0,0
2026-10-04T14:11:26Z,recommendationservice,cartservice,0,0,0,0,0,0,0
2026-10-04T14:11:26Z,recommendationservice,checkoutservice,0,0,0,0,0,0,0
2026-10-04T14:11:26Z,recommendationservice,currencyservice,0,0,0,0,0,0,0
2026-10-04T14:11:26Z,recommendationservice,emailservice,0,0,0,0,0,0,0
2026-10-04T14:11:26Z,recommendationservice,frontend,0,0,0,0,0,0,0
2026-10-04T14:11:26Z,recommendationservice,kubernetes,0,0,0,0,0,0,0
2026-10-04T14:11:26Z,recommendationservice,paymentservice,0,0,0,0,0,0,0
2026-10-04T14:11:26Z,recommendationservice,productcatalogservice,197108,197107,0,0,0,1299648,196642
2026-10-04T14:11:26Z,recommendationservice,recommendationservice,0,0,0,0,0,0,0
2026-10-04T14:11:26Z,recommendationservice,redis-cart,0,0,0,0,0,0,0
2026-10-04T14:11:26Z,recommendationservice,shippingservice,0,0,0,0,0,0,0
2026-10-04T14:11:26Z,redis-cart,adservice,0,0,0,0,0,0,0
2026-10-04T14:11:26Z,redis-cart,cartservice,0,0,0,0,0,0,0
2026-10-04T14:11:26Z,redis-cart,checkoutservice,0,0,0,0,0,0,0
2026-10-04T14:11:26Z,redis-cart,currencyservice,0,0,0,0,0,0,0
2026-10-04T14:11:26Z,redis-cart,emailservice,0,0,0,0,0,0,0
2026-10-04T14:11:26Z,redis-cart,frontend,0,0,0,0,0,0,0
2026-10-04T14:11:26Z,redis-cart,kubernetes,0,0,0,0,0,0,0
2026-10-04T14:11:26Z,redis-cart,paymentservice,0,0,0,0,0,0,0
2026-10-04T14:11:26Z,redis-cart,productcatalogservice,0,0,0,0,0,0,0
2026-10-04T14:11:26Z,redis-cart,recommendationservice,0,0,0,0,0,0,0
2026-10-04T14:11:26Z,redis-cart,redis-cart,0,0,0,0,0,0,0
2026-10-04T14:11:26Z,redis-cart,shippingservice,0,0,0,0,0,0,0
2026-10-04T14:11:26Z,shippingservice,adservice,0,0,0,0,0,0,0
2026-10-04T14:11:26Z,shippingservice,cartservice,0,0,0,0,0,0,0
2026-10-04T14:11:26Z,shippingservice,checkoutservice,0,0,0,0,0,0,0
2026-10-04T14:11:26Z,shippingservice,currencyservice,0,0,0,0,0,0,0
2026-10-04T14:11:26Z,shippingservice,emailservice,0,0,0,0,0,0,0
2026-10-04T14:11:26Z,shippingservice,frontend,0,0,0,0,0,0,0
2026-10-04T14:11:26Z,shippingservice,kubernetes,0,0,0,0,0,0,0
2026-10-04T14:11:26Z,shippingservice,paymentservice,0,0,0,0,0,0,0
2026-10-04T14:11:26Z,shippingservice,productcatalogservice,0,0,0,0,0,0,0
2026-10-04T14:11:26Z,shippingservice,recommendationservice,0,0,0,0,0,0,0
2026-10-04T14:11:26Z,shippingservice,redis-cart,0,0,0,0,0,0,0
2026-10-04T14:11:26Z,shippingservice,shippingservice,0,0,0,0,0,0,0
2026-10-04T14:11:27Z,adservice,adservice,0,0,0,0,0,0,0
2026-10-04T14:11:27Z,adservice,cartservice,0,0,0,0,0,0,0
2026-10-04T14:11:27Z,adservice,checkoutservice,0,0,0,0,0,0,0
2026-10-04T14:11:27Z,adservice,currencyservice,0,0,0,0,0,0,0
2026-10-04T14:11:27Z,adservice,emailservice,0,0,0,0,0,0,0
2026-10-04T14:11:27Z,adservice,frontend,0,0,0,0,0,0,0
2026-10-04T14:11:27Z,adservice,kubernetes,0,0,0,0,0,0,0
2026-10-04T14:11:27Z,adservice,paymentservice,0,0,0,0,0,0,0
2026-10-04T14:11:27Z,adservice,productcatalogservice,0,0,0,0,0,0,0
2026-10-04T14:11:27Z,adservice,recommendationservice,0,0,0,0,0,0,0
2026-10-04T14:11:27Z,adservice,redis-cart,0,0,0,0,0,0,0
2026-10-04T14:11:27Z,adservice,shippingservice,0,0,0,0,0,0,0
2026-10-04T14:11:27Z,cartservice,adservice,0,0,0,0,0,0,0
2026-10-04T14:11:27Z,cartservice,cartservice,0,0,0,0,0,0,0
2026-10-04T14:11:27Z,cartservice,checkoutservice,0,0,0,0,0,0,0
2026-10-04T14:11:27Z,cartservice,currencyservice,0,0,0,0,0,0,0
2026-10-04T14:11:27Z,cartservice,emailservice,0,0,0,0,0,0,0
2026-10-04T14:11:27Z,cartservice,frontend,0,0,0,0,0,0,0
2026-10-04T14:11:27Z,cartservice,kubernetes,0,0,0,0,0,0,0
2026-10-04T14:11:27Z,cartservice,paymentservice,0,0,0,0,0,0,0
2026-10-04T14:11:27Z,cartservice,productcatalogservice,0,0,0,0,0,0,0
2026-10-04T14:11:27Z,cartservice,recommendationservice,0,0,0,0,0,0,0
2026-10-04T14:11:27Z,cartservice,redis-cart,2,0,0,0,0,0,0
2026-10-04T14:11:27Z,cartservice,shippingservice,0,0,0,0,0,0,0
2026-10-04T14:11:27Z,checkoutservice,adservice,0,0,0,0,0,0,0
2026-10-04T14:11:27Z,checkoutservice,cartservice,68354,67423,0,100,0,735730,67414
2026-10-04T14:11:27Z,checkoutservice,checkoutservice,0,0,0,0,0,0,0
2026-10-04T14:11:27Z,checkoutservice,currencyservice,45575,45575,0,0,0,583846,45570
2026-10-04T14:11:27Z,checkoutservice,emailservice,16811,16523,0,66,0,532149,16516
2026-10-04T14:11:27Z,checkoutservice,frontend,0,0,0,0,0,0,0
2026-10-04T14:11:27Z,checkoutservice,kubernetes,0,0,0,0,0,0,0
2026-10-04T14:11:27Z,checkoutservice,paymentservice,38840,36992,0,192,0,455559,36840
2026-10-04T14:11:27Z,checkoutservice,productcatalogservice,0,0,0,0,0,0,0
2026-10-04T14:11:27Z,checkoutservice,recommendationservice,0,0,0,0,0,0,0
2026-10-04T14:11:27Z,checkoutservice,redis-cart,0,0,0,0,0,0,0
2026-10-04T14:11:27Z,checkoutservice,shippingservice,73665,71561,0,154,0,529138,71551
2026-10-04T14:11:27Z,currencyservice,adservice,0,0,0,0,0,0,0
2026-10-04T14:11:27Z,currencyservice,cartservice,0,0,0,0,0,0,0
2026-10-04T14:11:27Z,currencyservice,checkoutservice,0,0,0,0,0,0,0
2026-10-04T14:11:27Z,currencyservice,currencyservice,0,0,0,0,0,0,0
2026-10-04T14:11:27Z,currencyservice,emailservice,0,0,0,0,0,0,0
2026-10-04T14:11:27Z,currencyservice,frontend,0,0,0,0,0,0,0
2026-10-04T14:11:27Z,currencyservice,kubernetes,0,0,0,0,0,0,0
2026-10-04T14:11:27Z,currencyservice,paymentservice,0,0,0,0,0,0,0
2026-10-04T14:11:27Z,currencyservice,productcatalogservice,0,0,0,0,0,0,0
2026-10-04T14:11:27Z,currencyservice,recommendationservice,0,0,0,0,0,0,0
2026-10-04T14:11:27Z,currencyservice,redis-cart,0,0,0,0,0,0,0
2026-10-04T14:11:27Z,currencyservice,shippingservice,0,0,0,0,0,0,0
2026-10-04T14:11:27Z,emailservice,adservice,0,0,0,0,0,0,0
2026-10-04T14:11:27Z,emailservice,cartservice,0,0,0,0,0,0,0
2026-10-04T14:11:27Z,emailservice,checkoutservice,0,0,0,0,0,0,0
2026-10-04T14:11:27Z,emailservice,currencyservice,0,0,0,0,0,0,0
2026-10-04T14:11:27Z,emailservice,emailservice,0,0,0,0,0,0,0
2026-10-04T14:11:27Z,emailservice,frontend,0,0,0,0,0,0,0
2026-10-04T14:11:27Z,emailservice,kubernetes,0,0,0,0,0,0,0
2026-10-04T14:11:27Z,emailservice,paymentservice,0,0,0,0,0,0,0
2026-10-04T14:11:27Z,emailservice,productcatalogservice,0,0,0,0,0,0,0
2026-10-04T14:11:27Z,emailservice,recommendationservice,0,0,0,0,0,0,0
2026-10-04T14:11:27Z,emailservice,redis-cart,0,0,0,0,0,0,0
2026-10-04T14:11:27Z,emailservice,shippingservice,0,0,0,0,0,0,0
2026-10-04T14:11:27Z,frontend,adservice,859932,859930,0,0,0,2588339,859388
2026-10-04T14:11:27Z,frontend,cartservice,1924946,1924933,0,0,4,10617286,1923447
2026-10-04T14:11:27Z,frontend,checkoutservice,404575,194606,0,40061,169946,63202759,194366
2026-10-04T14:11:27Z,frontend,currencyservice,3058441,3058432,0,0,0,16040657,3056025
2026-10-04T14:11:27Z,frontend,emailservice,0,0,0,0,0,0,0
2026-10-04T14:11:27Z,frontend,frontend,0,0,0,0,0,0,0
2026-10-04T14:11:27Z,frontend,kubernetes,0,0,0,0,0,0,0
2026-10-04T14:11:27Z,frontend,paymentservice,0,0,0,0,0,0,0
2026-10-04T14:11:27Z,frontend,productcatalogservice,8549837,8549761,0,0,0,58264559,8543645
2026-10-04T14:11:27Z,frontend,recommendationservice,2815974,1699257,0,117751,996434,857085596,1697936
2026-10-04T14:11:27Z,frontend,redis-cart,0,0,0,0,0,0,0
2026-10-04T14:11:27Z,frontend,shippingservice,315255,315253,0,0,0,951887,315035
2026-10-04T14:11:27Z,paymentservice,adservice,0,0,0,0,0,0,0
2026-10-04T14:11:27Z,paymentservice,cartservice,0,0,0,0,0,0,0
2026-10-04T14:11:27Z,paymentservice,checkoutservice,0,0,0,0,0,0,0
2026-10-04T14:11:27Z,paymentservice,currencyservice,0,0,0,0,0,0,0
2026-10-04T14:11:27Z,paymentservice,emailservice,0,0,0,0,0,0,0
2026-10-04T14:11:27Z,paymentservice,frontend,0,0,0,0,0,0,0
2026-10-04T14:11:27Z,paymentservice,kubernetes,0,0,0,0,0,0,0
2026-10-04T14:11:27Z,paymentservice,paymentservice,0,0,0,0,0,0,0
2026-10-04T14:11:27Z,paymentservice,productcatalogservice,0,0,0,0,0,0,0
2026-10-04T14:11:27Z,paymentservice,recommendationservice,0,0,0,0,0,0,0
2026-10-04T14:11:27Z,paymentservice,redis-cart,0,0,0,0,0,0,0
2026-10-04T14:11:27Z,paymentservice,shippingservice,0,0,0,0,0,0,0
2026-10-04T14:11:27Z,productcatalogservice,adservice,0,0,0,0,0,0,0
2026-10-04T14:11:27Z,productcatalogservice,cartservice,0,0,0,0,0,0,0
2026-10-04T14:11:27Z,productcatalogservice,checkoutservice,0,0,0,0,0,0,0
2026-10-04T14:11:27Z,productcatalogservice,currencyservice,0,0,0,0,0,0,0
2026-10-04T14:11:27Z,productcatalogservice,emailservice,0,0,0,0,0,0,0
2026-10-04T14:11:27Z,productcatalogservice,frontend,0,0,0,0,0,0,0
2026-10-04T14:11:27Z,productcatalogservice,kubernetes,0,0,0,0,0,0,0
2026-10-04T14:11:27Z,productcatalogservice,paymentservice,0,0,0,0,0,0,0
2026-10-04T14:11:27Z,productcatalogservice,productcatalogservice,0,0,0,0,0,0,0
2026-10-04T14:11:27Z,productcatalogservice,recommendationservice,0,0,0,0,0,0,0
2026-10-04T14:11:27Z,productcatalogservice,redis-cart,0,0,0,0,0,0,0
2026-10-04T14:11:27Z,productcatalogservice,shippingservice,0,0,0,0,0,0,0
2026-10-04T14:11:27Z,recommendationservice,adservice,0,0,0,0,0,0,0
2026-10-04T14:11:27Z,recommendationservice,cartservice,0,0,0,0,0,0,0
2026-10-04T14:11:27Z,recommendationservice,checkoutservice,0,0,0,0,0,0,0
2026-10-04T14:11:27Z,recommendationservice,currencyservice,0,0,0,0,0,0,0
2026-10-04T14:11:27Z,recommendationservice,emailservice,0,0,0,0,0,0,0
2026-10-04T14:11:27Z,recommendationservice,frontend,0,0,0,0,0,0,0
2026-10-04T14:11:27Z,recommendationservice,kubernetes,0,0,0,0,0,0,0
2026-10-04T14:11:27Z,recommendationservice,paymentservice,0,0,0,0,0,0,0
2026-10-04T14:11:27Z,recommendationservice,productcatalogservice,197545,197535,0,0,0,1299648,196642
2026-10-04T14:11:27Z,recommendationservice,recommendationservice,0,0,0,0,0,0,0
2026-10-04T14:11:27Z,recommendationservice,redis-cart,0,0,0,0,0,0,0
2026-10-04T14:11:27Z,recommendationservice,shippingservice,0,0,0,0,0,0,0
2026-10-04T14:11:27Z,redis-cart,adservice,0,0,0,0,0,0,0
2026-10-04T14:11:27Z,redis-cart,cartservice,0,0,0,0,0,0,0
2026-10-04T14:11:27Z,redis-cart,checkoutservice,0,0,0,0,0,0,0
2026-10-04T14:11:27Z,redis-cart,currencyservice,0,0,0,0,0,0,0
2026-10-04T14:11:27Z,redis-cart,emailservice,0,0,0,0,0,0,0
2026-10-04T14:11:27Z,redis-cart,frontend,0,0,0,0,0,0,0
2026-10-04T14:11:27Z,redis-cart,kubernetes,0,0,0,0,0,0,0
2026-10-04T14:11:27Z,redis-cart,paymentservice,0,0,0,0,0,0,0
2026-10-04T14:11:27Z,redis-cart,productcatalogservice,0,0,0,0,0,0,0
2026-10-04T14:11:27Z,redis-cart,recommendationservice,0,0,0,0,0,0,0
2026-10-04T14:11:27Z,redis-cart,redis-cart,0,0,0,0,0,0,0
2026-10-04T14:11:27Z,redis-cart,shippingservice,0,0,0,0,0,0,0
2026-10-04T14:11:27Z,shippingservice,adservice,0,0,0,0,0,0,0
2026-10-04T14:11:27Z,shippingservice,cartservice,0,0,0,0,0,0,0
2026-10-04T14:11:27Z,shippingservice,checkoutservice,0,0,0,0,0,0,0
2026-10-04T14:11:27Z,shippingservice,currencyservice,0,0,0,0,0,0,0
2026-10-04T14:11:27Z,shippingservice,emailservice,0,0,0,0,0,0,0
2026-10-04T14:11:27Z,shippingservice,frontend,0,0,0,0,0,0,0
2026-10-04T14:11:27Z,shippingservice,kubernetes,0,0,0,0,0,0,0
2026-10-04T14:11:27Z,shippingservice,paymentservice,0,0,0,0,0,0,0
2026-10-04T14:11:27Z,shippingservice,productcatalogservice,0,0,0,0,0,0,0
2026-10-04T14:11:27Z,shippingservice,recommendationservice,0,0,0,0,0,0,0
2026-10-04T14:11:27Z,shippingservice,redis-cart,0,0,0,0,0,0,0
2026-10-04T14:11:27Z,shippingservice,shippingservice,0,0,0,0,0,0,0
2026-10-04T14:11:28Z,adservice,adservice,0,0,0,0,0,0,0
2026-10-04T14:11:28Z,adservice,cartservice,0,0,0,0,0,0,0
2026-10-04T14:11:28Z,adservice,checkoutservice,0,0,0,0,0,0,0
2026-10-04T14:11:28Z,adservice,currencyservice,0,0,0,0,0,0,0
2026-10-04T14:11:28Z,adservice,emailservice,0,0,0,0,0,0,0
2026-10-04T14:11:28Z,adservice,frontend,0,0,0,0,0,0,0
2026-10-04T14:11:28Z,adservice,kubernetes,0,0,0,0,0,0,0
2026-10-04T14:11:28Z,adservice,paymentservice,0,0,0,0,0,0,0
2026-10-04T14:11:28Z,adservice,productcatalogservice,0,0,0,0,0,0,0
2026-10-04T14:11:28Z,adservice,recommendationservice,0,0,0,0,0,0,0
2026-10-04T14:11:28Z,adservice,redis-cart,0,0,0,0,0,0,0
2026-10-04T14:11:28Z,adservice,shippingservice,0,0,0,0,0,0,0
2026-10-04T14:11:28Z,cartservice,adservice,0,0,0,0,0,0,0
2026-10-04T14:11:28Z,cartservice,cartservice,0,0,0,0,0,0,0
2026-10-04T14:11:28Z,cartservice,checkoutservice,0,0,0,0,0,0,0
2026-10-04T14:11:28Z,cartservice,currencyservice,0,0,0,0,0,0,0
2026-10-04T14:11:28Z,cartservice,emailservice,0,0,0,0,0,0,0
2026-10-04T14:11:28Z,cartservice,frontend,0,0,0,0,0,0,0
2026-10-04T14:11:28Z,cartservice,kubernetes,0,0,0,0,0,0,0
2026-10-04T14:11:28Z,cartservice,paymentservice,0,0,0,0,0,0,0
2026-10-04T14:11:28Z,cartservice,productcatalogservice,0,0,0,0,0,0,0
2026-10-04T14:11:28Z,cartservice,recommendationservice,0,0,0,0,0,0,0
2026-10-04T14:11:28Z,cartservice,redis-cart,2,0,0,0,0,0,0
2026-10-04T14:11:28Z,cartservice,shippingservice,0,0,0,0,0,0,0
2026-10-04T14:11:28Z,checkoutservice,adservice,0,0,0,0,0,0,0
2026-10-04T14:11:28Z,checkoutservice,cartservice,68491,67556,0,100,0,735730,67414
2026-10-04T14:11:28Z,checkoutservice,checkoutservice,0,0,0,0,0,0,0
2026-10-04T14:11:28Z,checkoutservice,currencyservice,45643,45643,0,0,0,583846,45570
2026-10-04T14:11:28Z,checkoutservice,emailservice,16877,16588,0,66,0,532149,16516
2026-10-04T14:11:28Z,checkoutservice,frontend,0,0,0,0,0,0,0
2026-10-04T14:11:28Z,checkoutservice,kubernetes,0,0,0,0,0,0,0
2026-10-04T14:11:28Z,checkoutservice,paymentservice,38909,37061,0,192,0,455559,36840
2026-10-04T14:11:28Z,checkoutservice,productcatalogservice,0,0,0,0,0,0,0
2026-10-04T14:11:28Z,checkoutservice,recommendationservice,0,0,0,0,0,0,0
2026-10-04T14:11:28Z,checkoutservice,redis-cart,0,0,0,0,0,0,0
2026-10-04T14:11:28Z,checkoutservice,shippingservice,73802,71699,0,154,0,529138,71551
2026-10-04T14:11:28Z,currencyservice,adservice,0,0,0,0,0,0,0
2026-10-04T14:11:28Z,currencyservice,cartservice,0,0,0,0,0,0,0
2026-10-04T14:11:28Z,currencyservice,checkoutservice,0,0,0,0,0,0,0
2026-10-04T14:11:28Z,currencyservice,currencyservice,0,0,0,0,0,0,0
2026-10-04T14:11:28Z,currencyservice,emailservice,0,0,0,0,0,0,0
2026-10-04T14:11:28Z,currencyservice,frontend,0,0,0,0,0,0,0
2026-10-04T14:11:28Z,currencyservice,kubernetes,0,0,0,0,0,0,0
2026-10-04T14:11:28Z,currencyservice,paymentservice,0,0,0,0,0,0,0
2026-10-04T14:11:28Z,currencyservice,productcatalogservice,0,0,0,0,0,0,0
2026-10-04T14:11:28Z,currencyservice,recommendationservice,0,0,0,0,0,0,0
2026-10-04T14:11:28Z,currencyservice,redis-cart,0,0,0,0,0,0,0
2026-10-04T14:11:28Z,currencyservice,shippingservice,0,0,0,0,0,0,0
2026-10-04T14:11:28Z,emailservice,adservice,0,0,0,0,0,0,0
2026-10-04T14:11:28Z,emailservice,cartservice,0,0,0,0,0,0,0
2026-10-04T14:11:28Z,emailservice,checkoutservice,0,0,0,0,0,0,0
2026-10-04T14:11:28Z,emailservice,currencyservice,0,0,0,0,0,0,0
2026-10-04T14:11:28Z,emailservice,emailservice,0,0,0,0,0,0,0
2026-10-04T14:11:28Z,emailservice,frontend,0,0,0,0,0,0,0
2026-10-04T14:11:28Z,emailservice,kubernetes,0,0,0,0,0,0,0
2026-10-04T14:11:28Z,emailservice,paymentservice,0,0,0,0,0,0,0
2026-10-04T14:11:28Z,emailservice,productcatalogservice,0,0,0,0,0,0,0
2026-10-04T14:11:28Z,emailservice,recommendationservice,0,0,0,0,0,0,0
2026-10-04T14:11:28Z,emailservice,redis-cart,0,0,0,0,0,0,0
2026-10-04T14:11:28Z,emailservice,shippingservice,0,0,0,0,0,0,0
2026-10-04T14:11:28Z,frontend,adservice,860111,860109,0,0,0,2588850,859557
2026-10-04T14:11:28Z,frontend,cartservice,1925368,1925355,0,0,4,10619585,1923974
2026-10-04T14:11:28Z,frontend,checkoutservice,404627,194661,0,40061,169946,63211875,194439
2026-10-04T14:11:28Z,frontend,currencyservice,3059135,3059127,0,0,0,16044219,3056865
2026-10-04T14:11:28Z,frontend,emailservice,0,0,0,0,0,0,0
2026-10-04T14:11:28Z,frontend,frontend,0,0,0,0,0,0,0
2026-10-04T14:11:28Z,frontend,kubernetes,0,0,0,0,0,0,0
2026-10-04T14:11:28Z,frontend,paymentservice,0,0,0,0,0,0,0
2026-10-04T14:11:28Z,frontend,productcatalogservice,8551588,8551527,0,0,0,58282488,8545704
2026-10-04T14:11:28Z,frontend,recommendationservice,2816696,1699620,0,117790,996726,857451236,1698421
2026-10-04T14:11:28Z,frontend,redis-cart,0,0,0,0,0,0,0
2026-10-04T14:11:28Z,frontend,shippingservice,315316,315314,0,0,0,952071,315124
2026-10-04T14:11:28Z,paymentservice,adservice,0,0,0,0,0,0,0
2026-10-04T14:11:28Z,paymentservice,cartservice,0,0,0,0,0,0,0
2026-10-04T14:11:28Z,paymentservice,checkoutservice,0,0,0,0,0,0,0
2026-10-04T14:11:28Z,paymentservice,currencyservice,0,0,0,0,0,0,0
2026-10-04T14:11:28Z,paymentservice,emailservice,0,0,0,0,0,0,0
2026-10-04T14:11:28Z,paymentservice,frontend,0,0,0,0,0,0,0
2026-10-04T14:11:28Z,paymentservice,kubernetes,0,0,0,0,0,0,0
2026-10-04T14:11:28Z,paymentservice,paymentservice,0,0,0,0,0,0,0
2026-10-04T14:11:28Z,paymentservice,productcatalogservice,0,0,0,0,0,0,0
2026-10-04T14:11:28Z,paymentservice,recommendationservice,0,0,0,0,0,0,0
2026-10-04T14:11:28Z,paymentservice,redis-cart,0,0,0,0,0,0,0
2026-10-04T14:11:28Z,paymentservice,shippingservice,0,0,0,0,0,0,0
2026-10-04T14:11:28Z,productcatalogservice,adservice,0,0,0,0,0,0,0
2026-10-04T14:11:28Z,productcatalogservice,cartservice,0,0,0,0,0,0,0
2026-10-04T14:11:28Z,productcatalogservice,checkoutservice,0,0,0,0,0,0,0
2026-10-04T14:11:28Z,productcatalogservice,currencyservice,0,0,0,0,0,0,0
2026-10-04T14:11:28Z,productcatalogservice,emailservice,0,0,0,0,0,0,0
2026-10-04T14:11:28Z,productcatalogservice,frontend,0,0,0,0,0,0,0
2026-10-04T14:11:28Z,productcatalogservice,kubernetes,0,0,0,0,0,0,0
2026-10-04T14:11:28Z,productcatalogservice,paymentservice,0,0,0,0,0,0,0
2026-10-04T14:11:28Z,productcatalogservice,productcatalogservice,0,0,0,0,0,0,0
2026-10-04T14:11:28Z,productcatalogservice,recommendationservice,0,0,0,0,0,0,0
2026-10-04T14:11:28Z,productcatalogservice,redis-cart,0,0,0,0,0,0,0
2026-10-04T14:11:28Z,productcatalogservice,shippingservice,0,0,0,0,0,0,0
2026-10-04T14:11:28Z,recommendationservice,adservice,0,0,0,0,0,0,0
2026-10-04T14:11:28Z,recommendationservice,cartservice,0,0,0,0,0,0,0
2026-10-04T14:11:28Z,recommendationservice,checkoutservice,0,0,0,0,0,0,0
2026-10-04T14:11:28Z,recommendationservice,currencyservice,0,0,0,0,0,0,0
2026-10-04T14:11:28Z,recommendationservice,emailservice,0,0,0,0,0,0,0
2026-10-04T14:11:28Z,recommendationservice,frontend,0,0,0,0,0,0,0
2026-10-04T14:11:28Z,recommendationservice,kubernetes,0,0,0,0,0,0,0
2026-10-04T14:11:28Z,recommendationservice,paymentservice,0,0,0,0,0,0,0
2026-10-04T14:11:28Z,recommendationservice,productcatalogservice,197967,197967,0,0,0,1299648,196642
2026-10-04T14:11:28Z,recommendationservice,recommendationservice,0,0,0,0,0,0,0
2026-10-04T14:11:28Z,recommendationservice,redis-cart,0,0,0,0,0,0,0
2026-10-04T14:11:28Z,recommendationservice,shippingservice,0,0,0,0,0,0,0
2026-10-04T14:11:28Z,redis-cart,adservice,0,0,0,0,0,0,0
2026-10-04T14:11:28Z,redis-cart,cartservice,0,0,0,0,0,0,0
2026-10-04T14:11:28Z,redis-cart,checkoutservice,0,0,0,0,0,0,0
2026-10-04T14:11:28Z,redis-cart,currencyservice,0,0,0,0,0,0,0
2026-10-04T14:11:28Z,redis-cart,emailservice,0,0,0,0,0,0,0
2026-10-04T14:11:28Z,redis-cart,frontend,0,0,0,0,0,0,0
2026-10-04T14:11:28Z,redis-cart,kubernetes,0,0,0,0,0,0,0
2026-10-04T14:11:28Z,redis-cart,paymentservice,0,0,0,0,0,0,0
2026-10-04T14:11:28Z,redis-cart,productcatalogservice,0,0,0,0,0,0,0
2026-10-04T14:11:28Z,redis-cart,recommendationservice,0,0,0,0,0,0,0
2026-10-04T14:11:28Z,redis-cart,redis-cart,0,0,0,0,0,0,0
2026-10-04T14:11:28Z,redis-cart,shippingservice,0,0,0,0,0,0,0
2026-10-04T14:11:28Z,shippingservice,adservice,0,0,0,0,0,0,0
2026-10-04T14:11:28Z,shippingservice,cartservice,0,0,0,0,0,0,0
2026-10-04T14:11:28Z,shippingservice,checkoutservice,0,0,0,0,0,0,0
2026-10-04T14:11:28Z,shippingservice,currencyservice,0,0,0,0,0,0,0
2026-10-04T14:11:28Z,shippingservice,emailservice,0,0,0,0,0,0,0
2026-10-04T14:11:28Z,shippingservice,frontend,0,0,0,0,0,0,0
2026-10-04T14:11:28Z,shippingservice,kubernetes,0,0,0,0,0,0,0
2026-10-04T14:11:28Z,shippingservice,paymentservice,0,0,0,0,0,0,0
2026-10-04T14:11:28Z,shippingservice,productcatalogservice,0,0,0,0,0,0,0
2026-10-04T14:11:28Z,shippingservice,recommendationservice,0,0,0,0,0,0,0
2026-10-04T14:11:28Z,shippingservice,redis-cart,0,0,0,0,0,0,0
2026-10-04T14:11:28Z,shippingservice,shippingservice,0,0,0,0,0,0,0
2026-10-04T14:11:29Z,adservice,adservice,0,0,0,0,0,0,0
2026-10-04T14:11:29Z,adservice,cartservice,0,0,0,0,0,0,0
2026-10-04T14:11:29Z,adservice,checkoutservice,0,0,0,0,0,0,0
2026-10-04T14:11:29Z,adservice,currencyservice,0,0,0,0,0,0,0
2026-10-04T14:11:29Z,adservice,emailservice,0,0,0,0,0,0,0
2026-10-04T14:11:29Z,adservice,frontend,0,0,0,0,0,0,0
2026-10-04T14:11:29Z,adservice,kubernetes,0,0,0,0,0,0,0
2026-10-04T14:11:29Z,adservice,paymentservice,0,0,0,0,0,0,0
2026-10-04T14:11:29Z,adservice,productcatalogservice,0,0,0,0,0,0,0
2026-10-04T14:11:29Z,adservice,recommendationservice,0,0,0,0,0,0,0
2026-10-04T14:11:29Z,adservice,redis-cart,0,0,0,0,0,0,0
2026-10-04T14:11:29Z,adservice,shippingservice,0,0,0,0,0,0,0
2026-10-04T14:11:29Z,cartservice,adservice,0,0,0,0,0,0,0
2026-10-04T14:11:29Z,cartservice,cartservice,0,0,0,0,0,0,0
2026-10-04T14:11:29Z,cartservice,checkoutservice,0,0,0,0,0,0,0
2026-10-04T14:11:29Z,cartservice,currencyservice,0,0,0,0,0,0,0
2026-10-04T14:11:29Z,cartservice,emailservice,0,0,0,0,0,0,0
2026-10-04T14:11:29Z,cartservice,frontend,0,0,0,0,0,0,0
2026-10-04T14:11:29Z,cartservice,kubernetes,0,0,0,0,0,0,0
2026-10-04T14:11:29Z,cartservice,paymentservice,0,0,0,0,0,0,0
2026-10-04T14:11:29Z,cartservice,productcatalogservice,0,0,0,0,0,0,0
2026-10-04T14:11:29Z,cartservice,recommendationservice,0,0,0,0,0,0,0
2026-10-04T14:11:29Z,cartservice,redis-cart,2,0,0,0,0,0,0
2026-10-04T14:11:29Z,cartservice,shippingservice,0,0,0,0,0,0,0
2026-10-04T14:11:29Z,checkoutservice,adservice,0,0,0,0,0,0,0
2026-10-04T14:11:29Z,checkoutservice,cartservice,68565,67634,0,100,0,735730,67414
2026-10-04T14:11:29Z,checkoutservice,checkoutservice,0,0,0,0,0,0,0
2026-10-04T14:11:29Z,checkoutservice,currencyservice,45679,45674,0,0,0,583846,45570
2026-10-04T14:11:29Z,checkoutservice,emailservice,16912,16621,0,66,0,532149,16516
2026-10-04T14:11:29Z,checkoutservice,frontend,0,0,0,0,0,0,0
2026-10-04T14:11:29Z,checkoutservice,kubernetes,0,0,0,0,0,0,0
2026-10-04T14:11:29Z,checkoutservice,paymentservice,38940,37092,0,192,0,455559,36840
2026-10-04T14:11:29Z,checkoutservice,productcatalogservice,0,0,0,0,0,0,0
2026-10-04T14:11:29Z,checkoutservice,recommendationservice,0,0,0,0,0,0,0
2026-10-04T14:11:29Z,checkoutservice,redis-cart,0,0,0,0,0,0,0
2026-10-04T14:11:29Z,checkoutservice,shippingservice,73876,71767,0,154,0,529138,71551
2026-10-04T14:11:29Z,currencyservice,adservice,0,0,0,0,0,0,0
2026-10-04T14:11:29Z,currencyservice,cartservice,0,0,0,0,0,0,0
2026-10-04T14:11:29Z,currencyservice,checkoutservice,0,0,0,0,0,0,0
2026-10-04T14:11:29Z,currencyservice,currencyservice,0,0,0,0,0,0,0
2026-10-04T14:11:29Z,currencyservice,emailservice,0,0,0,0,0,0,0
2026-10-04T14:11:29Z,currencyservice,frontend,0,0,0,0,0,0,0
2026-10-04T14:11:29Z,currencyservice,kubernetes,0,0,0,0,0,0,0
2026-10-04T14:11:29Z,currencyservice,paymentservice,0,0,0,0,0,0,0
2026-10-04T14:11:29Z,currencyservice,productcatalogservice,0,0,0,0,0,0,0
2026-10-04T14:11:29Z,currencyservice,recommendationservice,0,0,0,0,0,0,0
2026-10-04T14:11:29Z,currencyservice,redis-cart,0,0,0,0,0,0,0
2026-10-04T14:11:29Z,currencyservice,shippingservice,0,0,0,0,0,0,0
2026-10-04T14:11:29Z,emailservice,adservice,0,0,0,0,0,0,0
2026-10-04T14:11:29Z,emailservice,cartservice,0,0,0,0,0,0,0
2026-10-04T14:11:29Z,emailservice,checkoutservice,0,0,0,0,0,0,0
2026-10-04T14:11:29Z,emailservice,currencyservice,0,0,0,0,0,0,0
2026-10-04T14:11:29Z,emailservice,emailservice,0,0,0,0,0,0,0
2026-10-04T14:11:29Z,emailservice,frontend,0,0,0,0,0,0,0
2026-10-04T14:11:29Z,emailservice,kubernetes,0,0,0,0,0,0,0
2026-10-04T14:11:29Z,emailservice,paymentservice,0,0,0,0,0,0,0
2026-10-04T14:11:29Z,emailservice,productcatalogservice,0,0,0,0,0,0,0
2026-10-04T14:11:29Z,emailservice,recommendationservice,0,0,0,0,0,0,0
2026-10-04T14:11:29Z,emailservice,redis-cart,0,0,0,0,0,0,0
2026-10-04T14:11:29Z,emailservice,shippingservice,0,0,0,0,0,0,0
2026-10-04T14:11:29Z,frontend,adservice,860230,860228,0,0,0,2590172,859990
2026-10-04T14:11:29Z,frontend,cartservice,1925725,1925705,0,0,4,10624141,1925045
2026-10-04T14:11:29Z,frontend,checkoutservice,404671,194697,0,40061,169946,63233790,194609
2026-10-04T14:11:29Z,frontend,currencyservice,3059665,3059654,0,0,0,16050640,3058612
2026-10-04T14:11:29Z,frontend,emailservice,0,0,0,0,0,0,0
2026-10-04T14:11:29Z,frontend,frontend,0,0,0,0,0,0,0
2026-10-04T14:11:29Z,frontend,kubernetes,0,0,0,0,0,0,0
2026-10-04T14:11:29Z,frontend,paymentservice,0,0,0,0,0,0,0
2026-10-04T14:11:29Z,frontend,productcatalogservice,8552945,8552878,0,0,0,58308049,8550182
2026-10-04T14:11:29Z,frontend,recommendationservice,2817466,1699948,0,117823,997148,858138591,1699365
2026-10-04T14:11:29Z,frontend,redis-cart,0,0,0,0,0,0,0
2026-10-04T14:11:29Z,frontend,shippingservice,315365,315363,0,0,0,952386,315258
2026-10-04T14:11:29Z,paymentservice,adservice,0,0,0,0,0,0,0
2026-10-04T14:11:29Z,paymentservice,cartservice,0,0,0,0,0,0,0
2026-10-04T14:11:29Z,paymentservice,checkoutservice,0,0,0,0,0,0,0
2026-10-04T14:11:29Z,paymentservice,currencyservice,0,0,0,0,0,0,0
2026-10-04T14:11:29Z,paymentservice,emailservice,0,0,0,0,0,0,0
2026-10-04T14:11:29Z,paymentservice,frontend,0,0,0,0,0,0,0
2026-10-04T14:11:29Z,paymentservice,kubernetes,0,0,0,0,0,0,0
2026-10-04T14:11:29Z,paymentservice,paymentservice,0,0,0,0,0,0,0
2026-10-04T14:11:29Z,paymentservice,productcatalogservice,0,0,0,0,0,0,0
2026-10-04T14:11:29Z,paymentservice,recommendationservice,0,0,0,0,0,0,0
2026-10-04T14:11:29Z,paymentservice,redis-cart,0,0,0,0,0,0,0
2026-10-04T14:11:29Z,paymentservice,shippingservice,0,0,0,0,0,0,0
2026-10-04T14:11:29Z,productcatalogservice,adservice,0,0,0,0,0,0,0
2026-10-04T14:11:29Z,productcatalogservice,cartservice,0,0,0,0,0,0,0
2026-10-04T14:11:29Z,productcatalogservice,checkoutservice,0,0,0,0,0,0,0
2026-10-04T14:11:29Z,productcatalogservice,currencyservice,0,0,0,0,0,0,0
2026-10-04T14:11:29Z,productcatalogservice,emailservice,0,0,0,0,0,0,0
2026-10-04T14:11:29Z,productcatalogservice,frontend,0,0,0,0,0,0,0
2026-10-04T14:11:29Z,productcatalogservice,kubernetes,0,0,0,0,0,0,0
2026-10-04T14:11:29Z,productcatalogservice,paymentservice,0,0,0,0,0,0,0
2026-10-04T14:11:29Z,productcatalogservice,productcatalogservice,0,0,0,0,0,0,0
2026-10-04T14:11:29Z,productcatalogservice,recommendationservice,0,0,0,0,0,0,0
2026-10-04T14:11:29Z,productcatalogservice,redis-cart,0,0,0,0,0,0,0
2026-10-04T14:11:29Z,productcatalogservice,shippingservice,0,0,0,0,0,0,0
2026-10-04T14:11:29Z,recommendationservice,adservice,0,0,0,0,0,0,0
2026-10-04T14:11:29Z,recommendationservice,cartservice,0,0,0,0,0,0,0
2026-10-04T14:11:29Z,recommendationservice,checkoutservice,0,0,0,0,0,0,0
2026-10-04T14:11:29Z,recommendationservice,currencyservice,0,0,0,0,0,0,0
2026-10-04T14:11:29Z,recommendationservice,emailservice,0,0,0,0,0,0,0
2026-10-04T14:11:29Z,recommendationservice,frontend,0,0,0,0,0,0,0
2026-10-04T14:11:29Z,recommendationservice,kubernetes,0,0,0,0,0,0,0
2026-10-04T14:11:29Z,recommendationservice,paymentservice,0,0,0,0,0,0,0
2026-10-04T14:11:29Z,recommendationservice,productcatalogservice,198421,198418,0,0,0,1299648,196642
2026-10-04T14:11:29Z,recommendationservice,recommendationservice,0,0,0,0,0,0,0
2026-10-04T14:11:29Z,recommendationservice,redis-cart,0,0,0,0,0,0,0
2026-10-04T14:11:29Z,recommendationservice,shippingservice,0,0,0,0,0,0,0
2026-10-04T14:11:29Z,redis-cart,adservice,0,0,0,0,0,0,0
2026-10-04T14:11:29Z,redis-cart,cartservice,0,0,0,0,0,0,0
2026-10-04T14:11:29Z,redis-cart,checkoutservice,0,0,0,0,0,0,0
2026-10-04T14:11:29Z,redis-cart,currencyservice,0,0,0,0,0,0,0
2026-10-04T14:11:29Z,redis-cart,emailservice,0,0,0,0,0,0,0
2026-10-04T14:11:29Z,redis-cart,frontend,0,0,0,0,0,0,0
2026-10-04T14:11:29Z,redis-cart,kubernetes,0,0,0,0,0,0,0
2026-10-04T14:11:29Z,redis-cart,paymentservice,0,0,0,0,0,0,0
2026-10-04T14:11:29Z,redis-cart,productcatalogservice,0,0,0,0,0,0,0
2026-10-04T14:11:29Z,redis-cart,recommendationservice,0,0,0,0,0,0,0
2026-10-04T14:11:29Z,redis-cart,redis-cart,0,0,0,0,0,0,0
2026-10-04T14:11:29Z,redis-cart,shippingservice,0,0,0,0,0,0,0
2026-10-04T14:11:29Z,shippingservice,adservice,0,0,0,0,0,0,0
2026-10-04T14:11:29Z,shippingservice,cartservice,0,0,0,0,0,0,0
2026-10-04T14:11:29Z,shippingservice,checkoutservice,0,0,0,0,0,0,0
2026-10-04T14:11:29Z,shippingservice,currencyservice,0,0,0,0,0,0,0
2026-10-04T14:11:29Z,shippingservice,emailservice,0,0,0,0,0,0,0
2026-10-04T14:11:29Z,shippingservice,frontend,0,0,0,0,0,0,0
2026-10-04T14:11:29Z,shippingservice,kubernetes,0,0,0,0,0,0,0
2026-10-04T14:11:29Z,shippingservice,paymentservice,0,0,0,0,0,0,0
2026-10-04T14:11:29Z,shippingservice,productcatalogservice,0,0,0,0,0,0,0
2026-10-04T14:11:29Z,shippingservice,recommendationservice,0,0,0,0,0,0,0
2026-10-04T14:11:29Z,shippingservice,redis-cart,0,0,0,0,0,0,0
2026-10-04T14:11:29Z,shippingservice,shippingservice,0,0,0,0,0,0,0
2026-10-04T14:11:30Z,adservice,adservice,0,0,0,0,0,0,0
2026-10-04T14:11:30Z,adservice,cartservice,0,0,0,0,0,0,0
2026-10-04T14:11:30Z,adservice,checkoutservice,0,0,0,0,0,0,0
2026-10-04T14:11:30Z,adservice,currencyservice,0,0,0,0,0,0,0
2026-10-04T14:11:30Z,adservice,emailservice,0,0,0,0,0,0,0
2026-10-04T14:11:30Z,adservice,frontend,0,0,0,0,0,0,0
2026-10-04T14:11:30Z,adservice,kubernetes,0,0,0,0,0,0,0
2026-10-04T14:11:30Z,adservice,paymentservice,0,0,0,0,0,0,0
2026-10-04T14:11:30Z,adservice,productcatalogservice,0,0,0,0,0,0,0
2026-10-04T14:11:30Z,adservice,recommendationservice,0,0,0,0,0,0,0
2026-10-04T14:11:30Z,adservice,redis-cart,0,0,0,0,0,0,0
2026-10-04T14:11:30Z,adservice,shippingservice,0,0,0,0,0,0,0
2026-10-04T14:11:30Z,cartservice,adservice,0,0,0,0,0,0,0
2026-10-04T14:11:30Z,cartservice,cartservice,0,0,0,0,0,0,0
2026-10-04T14:11:30Z,cartservice,checkoutservice,0,0,0,0,0,0,0
2026-10-04T14:11:30Z,cartservice,currencyservice,0,0,0,0,0,0,0
2026-10-04T14:11:30Z,cartservice,emailservice,0,0,0,0,0,0,0
2026-10-04T14:11:30Z,cartservice,frontend,0,0,0,0,0,0,0
2026-10-04T14:11:30Z,cartservice,kubernetes,0,0,0,0,0,0,0
2026-10-04T14:11:30Z,cartservice,paymentservice,0,0,0,0,0,0,0
2026-10-04T14:11:30Z,cartservice,productcatalogservice,0,0,0,0,0,0,0
2026-10-04T14:11:30Z,cartservice,recommendationservice,0,0,0,0,0,0,0
2026-10-04T14:11:30Z,cartservice,redis-cart,2,0,0,0,0,0,0
2026-10-04T14:11:30Z,cartservice,shippingservice,0,0,0,0,0,0,0
2026-10-04T14:11:30Z,checkoutservice,adservice,0,0,0,0,0,0,0
2026-10-04T14:11:30Z,checkoutservice,cartservice,68643,67711,0,100,0,735730,67414
2026-10-04T14:11:30Z,checkoutservice,checkoutservice,0,0,0,0,0,0,0
2026-10-04T14:11:30Z,checkoutservice,currencyservice,45720,45720,0,0,0,583846,45570
2026-10-04T14:11:30Z,checkoutservice,emailservice,16954,16665,0,66,0,532149,16516
2026-10-04T14:11:30Z,checkoutservice,frontend,0,0,0,0,0,0,0
2026-10-04T14:11:30Z,checkoutservice,kubernetes,0,0,0,0,0,0,0
2026-10-04T14:11:30Z,checkoutservice,paymentservice,38985,37137,0,192,0,455559,36840
2026-10-04T14:11:30Z,checkoutservice,productcatalogservice,0,0,0,0,0,0,0
2026-10-04T14:11:30Z,checkoutservice,recommendationservice,0,0,0,0,0,0,0
2026-10-04T14:11:30Z,checkoutservice,redis-cart,0,0,0,0,0,0,0
2026-10-04T14:11:30Z,checkoutservice,shippingservice,73954,71851,0,154,0,529138,71551
2026-10-04T14:11:30Z,currencyservice,adservice,0,0,0,0,0,0,0
2026-10-04T14:11:30Z,currencyservice,cartservice,0,0,0,0,0,0,0
2026-10-04T14:11:30Z,currencyservice,checkoutservice,0,0,0,0,0,0,0
2026-10-04T14:11:30Z,currencyservice,currencyservice,0,0,0,0,0,0,0
2026-10-04T14:11:30Z,currencyservice,emailservice,0,0,0,0,0,0,0
2026-10-04T14:11:30Z,currencyservice,frontend,0,0,0,0,0,0,0
2026-10-04T14:11:30Z,currencyservice,kubernetes,0,0,0,0,0,0,0
2026-10-04T14:11:30Z,currencyservice,paymentservice,0,0,0,0,0,0,0
2026-10-04T14:11:30Z,currencyservice,productcatalogservice,0,0,0,0,0,0,0
2026-10-04T14:11:30Z,currencyservice,recommendationservice,0,0,0,0,0,0,0
2026-10-04T14:11:30Z,currencyservice,redis-cart,0,0,0,0,0,0,0
2026-10-04T14:11:30Z,currencyservice,shippingservice,0,0,0,0,0,0,0
2026-10-04T14:11:30Z,emailservice,adservice,0,0,0,0,0,0,0
2026-10-04T14:11:30Z,emailservice,cartservice,0,0,0,0,0,0,0
2026-10-04T14:11:30Z,emailservice,checkoutservice,0,0,0,0,0,0,0
2026-10-04T14:11:30Z,emailservice,currencyservice,0,0,0,0,0,0,0
2026-10-04T14:11:30Z,emailservice,emailservice,0,0,0,0,0,0,0
2026-10-04T14:11:30Z,emailservice,frontend,0,0,0,0,0,0,0
2026-10-04T14:11:30Z,emailservice,kubernetes,0,0,0,0,0,0,0
2026-10-04T14:11:30Z,emailservice,paymentservice,0,0,0,0,0,0,0
2026-10-04T14:11:30Z,emailservice,productcatalogservice,0,0,0,0,0,0,0
2026-10-04T14:11:30Z,emailservice,recommendationservice,0,0,0,0,0,0,0
2026-10-04T14:11:30Z,emailservice,redis-cart,0,0,0,0,0,0,0
2026-10-04T14:11:30Z,emailservice,shippingservice,0,0,0,0,0,0,0
2026-10-04T14:11:30Z,frontend,adservice,860325,860322,0,0,0,2590571,860157
2026-10-04T14:11:30Z,frontend,cartservice,1926141,1926126,0,0,4,10626092,1925476
2026-10-04T14:11:30Z,frontend,checkoutservice,404716,194739,0,40061,169946,63241674,194680
2026-10-04T14:11:30Z,frontend,currencyservice,3060300,3060290,0,0,0,16053216,3059305
2026-10-04T14:11:30Z,frontend,emailservice,0,0,0,0,0,0,0
2026-10-04T14:11:30Z,frontend,frontend,0,0,0,0,0,0,0
2026-10-04T14:11:30Z,frontend,kubernetes,0,0,0,0,0,0,0
2026-10-04T14:11:30Z,frontend,paymentservice,0,0,0,0,0,0,0
2026-10-04T14:11:30Z,frontend,productcatalogservice,8554137,8554071,0,0,0,58323193,8552052
2026-10-04T14:11:30Z,frontend,recommendationservice,2818235,1700316,0,117877,997491,858437591,1699741
2026-10-04T14:11:30Z,frontend,redis-cart,0,0,0,0,0,0,0
2026-10-04T14:11:30Z,frontend,shippingservice,315396,315394,0,0,0,952550,315330
2026-10-04T14:11:30Z,paymentservice,adservice,0,0,0,0,0,0,0
2026-10-04T14:11:30Z,paymentservice,cartservice,0,0,0,0,0,0,0
2026-10-04T14:11:30Z,paymentservice,checkoutservice,0,0,0,0,0,0,0
2026-10-04T14:11:30Z,paymentservice,currencyservice,0,0,0,0,0,0,0
2026-10-04T14:11:30Z,paymentservice,emailservice,0,0,0,0,0,0,0
2026-10-04T14:11:30Z,paymentservice,frontend,0,0,0,0,0,0,0
2026-10-04T14:11:30Z,paymentservice,kubernetes,0,0,0,0,0,0,0
2026-10-04T14:11:30Z,paymentservice,paymentservice,0,0,0,0,0,0,0
2026-10-04T14:11:30Z,paymentservice,productcatalogservice,0,0,0,0,0,0,0
2026-10-04T14:11:30Z,paymentservice,recommendationservice,0,0,0,0,0,0,0
2026-10-04T14:11:30Z,paymentservice,redis-cart,0,0,0,0,0,0,0
2026-10-04T14:11:30Z,paymentservice,shippingservice,0,0,0,0,0,0,0
2026-10-04T14:11:30Z,productcatalogservice,adservice,0,0,0,0,0,0,0
2026-10-04T14:11:30Z,productcatalogservice,cartservice,0,0,0,0,0,0,0
2026-10-04T14:11:30Z,productcatalogservice,checkoutservice,0,0,0,0,0,0,0
2026-10-04T14:11:30Z,productcatalogservice,currencyservice,0,0,0,0,0,0,0
2026-10-04T14:11:30Z,productcatalogservice,emailservice,0,0,0,0,0,0,0
2026-10-04T14:11:30Z,productcatalogservice,frontend,0,0,0,0,0,0,0
2026-10-04T14:11:30Z,productcatalogservice,kubernetes,0,0,0,0,0,0,0
2026-10-04T14:11:30Z,productcatalogservice,paymentservice,0,0,0,0,0,0,0
2026-10-04T14:11:30Z,productcatalogservice,productcatalogservice,0,0,0,0,0,0,0
2026-10-04T14:11:30Z,productcatalogservice,recommendationservice,0,0,0,0,0,0,0
2026-10-04T14:11:30Z,productcatalogservice,redis-cart,0,0,0,0,0,0,0
2026-10-04T14:11:30Z,productcatalogservice,shippingservice,0,0,0,0,0,0,0
2026-10-04T14:11:30Z,recommendationservice,adservice,0,0,0,0,0,0,0
2026-10-04T14:11:30Z,recommendationservice,cartservice,0,0,0,0,0,0,0
2026-10-04T14:11:30Z,recommendationservice,checkoutservice,0,0,0,0,0,0,0
2026-10-04T14:11:30Z,recommendationservice,currencyservice,0,0,0,0,0,0,0
2026-10-04T14:11:30Z,recommendationservice,emailservice,0,0,0,0,0,0,0
2026-10-04T14:11:30Z,recommendationservice,frontend,0,0,0,0,0,0,0
2026-10-04T14:11:30Z,recommendationservice,kubernetes,0,0,0,0,0,0,0
2026-10-04T14:11:30Z,recommendationservice,paymentservice,0,0,0,0,0,0,0
2026-10-04T14:11:30Z,recommendationservice,productcatalogservice,198884,198884,0,0,0,1312008,198863
2026-10-04T14:11:30Z,recommendationservice,recommendationservice,0,0,0,0,0,0,0
2026-10-04T14:11:30Z,recommendationservice,redis-cart,0,0,0,0,0,0,0
2026-10-04T14:11:30Z,recommendationservice,shippingservice,0,0,0,0,0,0,0
2026-10-04T14:11:30Z,redis-cart,adservice,0,0,0,0,0,0,0
2026-10-04T14:11:30Z,redis-cart,cartservice,0,0,0,0,0,0,0
2026-10-04T14:11:30Z,redis-cart,checkoutservice,0,0,0,0,0,0,0
2026-10-04T14:11:30Z,redis-cart,currencyservice,0,0,0,0,0,0,0
2026-10-04T14:11:30Z,redis-cart,emailservice,0,0,0,0,0,0,0
2026-10-04T14:11:30Z,redis-cart,frontend,0,0,0,0,0,0,0
2026-10-04T14:11:30Z,redis-cart,kubernetes,0,0,0,0,0,0,0
2026-10-04T14:11:30Z,redis-cart,paymentservice,0,0,0,0,0,0,0
2026-10-04T14:11:30Z,redis-cart,productcatalogservice,0,0,0,0,0,0,0
2026-10-04T14:11:30Z,redis-cart,recommendationservice,0,0,0,0,0,0,0
2026-10-04T14:11:30Z,redis-cart,redis-cart,0,0,0,0,0,0,0
2026-10-04T14:11:30Z,redis-cart,shippingservice,0,0,0,0,0,0,0
2026-10-04T14:11:30Z,shippingservice,adservice,0,0,0,0,0,0,0
2026-10-04T14:11:30Z,shippingservice,cartservice,0,0,0,0,0,0,0
2026-10-04T14:11:30Z,shippingservice,checkoutservice,0,0,0,0,0,0,0
2026-10-04T14:11:30Z,shippingservice,currencyservice,0,0,0,0,0,0,0
2026-10-04T14:11:30Z,shippingservice,emailservice,0,0,0,0,0,0,0
2026-10-04T14:11:30Z,shippingservice,frontend,0,0,0,0,0,0,0
2026-10-04T14:11:30Z,shippingservice,kubernetes,0,0,0,0,0,0,0
2026-10-04T14:11:30Z,shippingservice,paymentservice,0,0,0,0,0,0,0
2026-10-04T14:11:30Z,shippingservice,productcatalogservice,0,0,0,0,0,0,0
2026-10-04T14:11:30Z,shippingservice,recommendationservice,0,0,0,0,0,0,0
2026-10-04T14:11:30Z,shippingservice,redis-cart,0,0,0,0,0,0,0
2026-10-04T14:11:30Z,shippingservice,shippingservice,0,0,0,0,0,0,0
2026-10-04T14:11:31Z,adservice,adservice,0,0,0,0,0,0,0
2026-10-04T14:11:31Z,adservice,cartservice,0,0,0,0,0,0,0
2026-10-04T14:11:31Z,adservice,checkoutservice,0,0,0,0,0,0,0
2026-10-04T14:11:31Z,adservice,currencyservice,0,0,0,0,0,0,0
2026-10-04T14:11:31Z,adservice,emailservice,0,0,0,0,0,0,0
2026-10-04T14:11:31Z,adservice,frontend,0,0,0,0,0,0,0
2026-10-04T14:11:31Z,adservice,kubernetes,0,0,0,0,0,0,0
2026-10-04T14:11:31Z,adservice,paymentservice,0,0,0,0,0,0,0
2026-10-04T14:11:31Z,adservice,productcatalogservice,0,0,0,0,0,0,0
2026-10-04T14:11:31Z,adservice,recommendationservice,0,0,0,0,0,0,0
2026-10-04T14:11:31Z,adservice,redis-cart,0,0,0,0,0,0,0
2026-10-04T14:11:31Z,adservice,shippingservice,0,0,0,0,0,0,0
2026-10-04T14:11:31Z,cartservice,adservice,0,0,0,0,0,0,0
2026-10-04T14:11:31Z,cartservice,cartservice,0,0,0,0,0,0,0
2026-10-04T14:11:31Z,cartservice,checkoutservice,0,0,0,0,0,0,0
2026-10-04T14:11:31Z,cartservice,currencyservice,0,0,0,0,0,0,0
2026-10-04T14:11:31Z,cartservice,emailservice,0,0,0,0,0,0,0
2026-10-04T14:11:31Z,cartservice,frontend,0,0,0,0,0,0,0
2026-10-04T14:11:31Z,cartservice,kubernetes,0,0,0,0,0,0,0
2026-10-04T14:11:31Z,cartservice,paymentservice,0,0,0,0,0,0,0
2026-10-04T14:11:31Z,cartservice,productcatalogservice,0,0,0,0,0,0,0
2026-10-04T14:11:31Z,cartservice,recommendationservice,0,0,0,0,0,0,0
2026-10-04T14:11:31Z,cartservice,redis-cart,2,0,0,0,0,0,0
2026-10-04T14:11:31Z,cartservice,shippingservice,0,0,0,0,0,0,0
2026-10-04T14:11:31Z,checkoutservice,adservice,0,0,0,0,0,0,0
2026-10-04T14:11:31Z,checkoutservice,cartservice,68719,67788,0,100,0,735730,67414
2026-10-04T14:11:31Z,checkoutservice,checkoutservice,0,0,0,0,0,0,0
2026-10-04T14:11:31Z,checkoutservice,currencyservice,45758,45757,0,0,0,583846,45570
2026-10-04T14:11:31Z,checkoutservice,emailservice,16994,16705,0,66,0,532149,16516
2026-10-04T14:11:31Z,checkoutservice,frontend,0,0,0,0,0,0,0
2026-10-04T14:11:31Z,checkoutservice,kubernetes,0,0,0,0,0,0,0
2026-10-04T14:11:31Z,checkoutservice,paymentservice,39023,37174,0,192,0,455559,36840
2026-10-04T14:11:31Z,checkoutservice,productcatalogservice,0,0,0,0,0,0,0
2026-10-04T14:11:31Z,checkoutservice,recommendationservice,0,0,0,0,0,0,0
2026-10-04T14:11:31Z,checkoutservice,redis-cart,0,0,0,0,0,0,0
2026-10-04T14:11:31Z,checkoutservice,shippingservice,74030,71927,0,154,0,529138,71551
2026-10-04T14:11:31Z,currencyservice,adservice,0,0,0,0,0,0,0
2026-10-04T14:11:31Z,currencyservice,cartservice,0,0,0,0,0,0,0
2026-10-04T14:11:31Z,currencyservice,checkoutservice,0,0,0,0,0,0,0
2026-10-04T14:11:31Z,currencyservice,currencyservice,0,0,0,0,0,0,0
2026-10-04T14:11:31Z,currencyservice,emailservice,0,0,0,0,0,0,0
2026-10-04T14:11:31Z,currencyservice,frontend,0,0,0,0,0,0,0
2026-10-04T14:11:31Z,currencyservice,kubernetes,0,0,0,0,0,0,0
2026-10-04T14:11:31Z,currencyservice,paymentservice,0,0,0,0,0,0,0
2026-10-04T14:11:31Z,currencyservice,productcatalogservice,0,0,0,0,0,0,0
2026-10-04T14:11:31Z,currencyservice,recommendationservice,0,0,0,0,0,0,0
2026-10-04T14:11:31Z,currencyservice,redis-cart,0,0,0,0,0,0,0
2026-10-04T14:11:31Z,currencyservice,shippingservice,0,0,0,0,0,0,0
2026-10-04T14:11:31Z,emailservice,adservice,0,0,0,0,0,0,0
2026-10-04T14:11:31Z,emailservice,cartservice,0,0,0,0,0,0,0
2026-10-04T14:11:31Z,emailservice,checkoutservice,0,0,0,0,0,0,0
2026-10-04T14:11:31Z,emailservice,currencyservice,0,0,0,0,0,0,0
2026-10-04T14:11:31Z,emailservice,emailservice,0,0,0,0,0,0,0
2026-10-04T14:11:31Z,emailservice,frontend,0,0,0,0,0,0,0
2026-10-04T14:11:31Z,emailservice,kubernetes,0,0,0,0,0,0,0
2026-10-04T14:11:31Z,emailservice,paymentservice,0,0,0,0,0,0,0
2026-10-04T14:11:31Z,emailservice,productcatalogservice,0,0,0,0,0,0,0
2026-10-04T14:11:31Z,emailservice,recommendationservice,0,0,0,0,0,0,0
2026-10-04T14:11:31Z,emailservice,redis-cart,0,0,0,0,0,0,0
2026-10-04T14:11:31Z,emailservice,shippingservice,0,0,0,0,0,0,0
2026-10-04T14:11:31Z,frontend,adservice,860434,860432,0,0,0,2590571,860157
2026-10-04T14:11:31Z,frontend,cartservice,1926512,1926499,0,0,4,10626092,1925476
2026-10-04T14:11:31Z,frontend,checkoutservice,404755,194782,0,40061,169946,63241674,194680
2026-10-04T14:11:31Z,frontend,currencyservice,3060854,3060846,0,0,0,16053216,3059305
2026-10-04T14:11:31Z,frontend,emailservice,0,0,0,0,0,0,0
2026-10-04T14:11:31Z,frontend,frontend,0,0,0,0,0,0,0
2026-10-04T14:11:31Z,frontend,kubernetes,0,0,0,0,0,0,0
2026-10-04T14:11:31Z,frontend,paymentservice,0,0,0,0,0,0,0
2026-10-04T14:11:31Z,frontend,productcatalogservice,8555347,8555282,0,0,0,58323193,8552052
2026-10-04T14:11:31Z,frontend,recommendationservice,2818987,1700666,0,117902,997875,858437591,1699741
2026-10-04T14:11:31Z,frontend,redis-cart,0,0,0,0,0,0,0
2026-10-04T14:11:31Z,frontend,shippingservice,315437,315435,0,0,0,952550,315330
2026-10-04T14:11:31Z,paymentservice,adservice,0,0,0,0,0,0,0
2026-10-04T14:11:31Z,paymentservice,cartservice,0,0,0,0,0,0,0
2026-10-04T14:11:31Z,paymentservice,checkoutservice,0,0,0,0,0,0,0
2026-10-04T14:11:31Z,paymentservice,currencyservice,0,0,0,0,0,0,0
2026-10-04T14:11:31Z,paymentservice,emailservice,0,0,0,0,0,0,0
2026-10-04T14:11:31Z,paymentservice,frontend,0,0,0,0,0,0,0
2026-10-04T14:11:31Z,paymentservice,kubernetes,0,0,0,0,0,0,0
2026-10-04T14:11:31Z,paymentservice,paymentservice,0,0,0,0,0,0,0
2026-10-04T14:11:31Z,paymentservice,productcatalogservice,0,0,0,0,0,0,0
2026-10-04T14:11:31Z,paymentservice,recommendationservice,0,0,0,0,0,0,0
2026-10-04T14:11:31Z,paymentservice,redis-cart,0,0,0,0,0,0,0
2026-10-04T14:11:31Z,paymentservice,shippingservice,0,0,0,0,0,0,0
2026-10-04T14:11:31Z,productcatalogservice,adservice,0,0,0,0,0,0,0
2026-10-04T14:11:31Z,productcatalogservice,cartservice,0,0,0,0,0,0,0
2026-10-04T14:11:31Z,productcatalogservice,checkoutservice,0,0,0,0,0,0,0
2026-10-04T14:11:31Z,productcatalogservice,currencyservice,0,0,0,0,0,0,0
2026-10-04T14:11:31Z,productcatalogservice,emailservice,0,0,0,0,0,0,0
2026-10-04T14:11:31Z,productcatalogservice,frontend,0,0,0,0,0,0,0
2026-10-04T14:11:31Z,productcatalogservice,kubernetes,0,0,0,0,0,0,0
2026-10-04T14:11:31Z,productcatalogservice,paymentservice,0,0,0,0,0,0,0
2026-10-04T14:11:31Z,productcatalogservice,productcatalogservice,0,0,0,0,0,0,0
2026-10-04T14:11:31Z,productcatalogservice,recommendationservice,0,0,0,0,0,0,0
2026-10-04T14:11:31Z,productcatalogservice,redis-cart,0,0,0,0,0,0,0
2026-10-04T14:11:31Z,productcatalogservice,shippingservice,0,0,0,0,0,0,0
2026-10-04T14:11:31Z,recommendationservice,adservice,0,0,0,0,0,0,0
2026-10-04T14:11:31Z,recommendationservice,cartservice,0,0,0,0,0,0,0
2026-10-04T14:11:31Z,recommendationservice,checkoutservice,0,0,0,0,0,0,0
2026-10-04T14:11:31Z,recommendationservice,currencyservice,0,0,0,0,0,0,0
2026-10-04T14:11:31Z,recommendationservice,emailservice,0,0,0,0,0,0,0
2026-10-04T14:11:31Z,recommendationservice,frontend,0,0,0,0,0,0,0
2026-10-04T14:11:31Z,recommendationservice,kubernetes,0,0,0,0,0,0,0
2026-10-04T14:11:31Z,recommendationservice,paymentservice,0,0,0,0,0,0,0
2026-10-04T14:11:31Z,recommendationservice,productcatalogservice,199322,199320,0,0,0,1312008,198863
2026-10-04T14:11:31Z,recommendationservice,recommendationservice,0,0,0,0,0,0,0
2026-10-04T14:11:31Z,recommendationservice,redis-cart,0,0,0,0,0,0,0
2026-10-04T14:11:31Z,recommendationservice,shippingservice,0,0,0,0,0,0,0
2026-10-04T14:11:31Z,redis-cart,adservice,0,0,0,0,0,0,0
2026-10-04T14:11:31Z,redis-cart,cartservice,0,0,0,0,0,0,0
2026-10-04T14:11:31Z,redis-cart,checkoutservice,0,0,0,0,0,0,0
2026-10-04T14:11:31Z,redis-cart,currencyservice,0,0,0,0,0,0,0
2026-10-04T14:11:31Z,redis-cart,emailservice,0,0,0,0,0,0,0
2026-10-04T14:11:31Z,redis-cart,frontend,0,0,0,0,0,0,0
2026-10-04T14:11:31Z,redis-cart,kubernetes,0,0,0,0,0,0,0
2026-10-04T14:11:31Z,redis-cart,paymentservice,0,0,0,0,0,0,0
2026-10-04T14:11:31Z,redis-cart,productcatalogservice,0,0,0,0,0,0,0
2026-10-04T14:11:31Z,redis-cart,recommendationservice,0,0,0,0,0,0,0
2026-10-04T14:11:31Z,redis-cart,redis-cart,0,0,0,0,0,0,0
2026-10-04T14:11:31Z,redis-cart,shippingservice,0,0,0,0,0,0,0
2026-10-04T14:11:31Z,shippingservice,adservice,0,0,0,0,0,0,0
2026-10-04T14:11:31Z,shippingservice,cartservice,0,0,0,0,0,0,0
2026-10-04T14:11:31Z,shippingservice,checkoutservice,0,0,0,0,0,0,0
2026-10-04T14:11:31Z,shippingservice,currencyservice,0,0,0,0,0,0,0
2026-10-04T14:11:31Z,shippingservice,emailservice,0,0,0,0,0,0,0
2026-10-04T14:11:31Z,shippingservice,frontend,0,0,0,0,0,0,0
2026-10-04T14:11:31Z,shippingservice,kubernetes,0,0,0,0,0,0,0
2026-10-04T14:11:31Z,shippingservice,paymentservice,0,0,0,0,0,0,0
2026-10-04T14:11:31Z,shippingservice,productcatalogservice,0,0,0,0,0,0,0
2026-10-04T14:11:31Z,shippingservice,recommendationservice,0,0,0,0,0,0,0
2026-10-04T14:11:31Z,shippingservice,redis-cart,0,0,0,0,0,0,0
2026-10-04T14:11:31Z,shippingservice,shippingservice,0,0,0,0,0,0,0
2026-10-04T14:11:32Z,adservice,adservice,0,0,0,0,0,0,0
2026-10-04T14:11:32Z,adservice,cartservice,0,0,0,0,0,0,0
2026-10-04T14:11:32Z,adservice,checkoutservice,0,0,0,0,0,0,0
2026-10-04T14:11:32Z,adservice,currencyservice,0,0,0,0,0,0,0
2026-10-04T14:11:32Z,adservice,emailservice,0,0,0,0,0,0,0
2026-10-04T14:11:32Z,adservice,frontend,0,0,0,0,0,0,0
2026-10-04T14:11:32Z,adservice,kubernetes,0,0,0,0,0,0,0
2026-10-04T14:11:32Z,adservice,paymentservice,0,0,0,0,0,0,0
2026-10-04T14:11:32Z,adservice,productcatalogservice,0,0,0,0,0,0,0
2026-10-04T14:11:32Z,adservice,recommendationservice,0,0,0,0,0,0,0
2026-10-04T14:11:32Z,adservice,redis-cart,0,0,0,0,0,0,0
2026-10-04T14:11:32Z,adservice,shippingservice,0,0,0,0,0,0,0
2026-10-04T14:11:32Z,cartservice,adservice,0,0,0,0,0,0,0
2026-10-04T14:11:32Z,cartservice,cartservice,0,0,0,0,0,0,0
2026-10-04T14:11:32Z,cartservice,checkoutservice,0,0,0,0,0,0,0
2026-10-04T14:11:32Z,cartservice,currencyservice,0,0,0,0,0,0,0
2026-10-04T14:11:32Z,cartservice,emailservice,0,0,0,0,0,0,0
2026-10-04T14:11:32Z,cartservice,frontend,0,0,0,0,0,0,0
2026-10-04T14:11:32Z,cartservice,kubernetes,0,0,0,0,0,0,0
2026-10-04T14:11:32Z,cartservice,paymentservice,0,0,0,0,0,0,0
2026-10-04T14:11:32Z,cartservice,productcatalogservice,0,0,0,0,0,0,0
2026-10-04T14:11:32Z,cartservice,recommendationservice,0,0,0,0,0,0,0
2026-10-04T14:11:32Z,cartservice,redis-cart,2,0,0,0,0,0,0
2026-10-04T14:11:32Z,cartservice,shippingservice,0,0,0,0,0,0,0
2026-10-04T14:11:32Z,checkoutservice,adservice,0,0,0,0,0,0,0
2026-10-04T14:11:32Z,checkoutservice,cartservice,68845,67914,0,100,0,737962,67899
2026-10-04T14:11:32Z,checkoutservice,checkoutservice,0,0,0,0,0,0,0
2026-10-04T14:11:32Z,checkoutservice,currencyservice,45820,45820,0,0,0,584848,45817
2026-10-04T14:11:32Z,checkoutservice,emailservice,17058,16765,0,66,0,539382,16751
2026-10-04T14:11:32Z,checkoutservice,frontend,0,0,0,0,0,0,0
2026-10-04T14:11:32Z,checkoutservice,kubernetes,0,0,0,0,0,0,0
2026-10-04T14:11:32Z,checkoutservice,paymentservice,39086,37238,0,192,0,457799,37083
2026-10-04T14:11:32Z,checkoutservice,productcatalogservice,0,0,0,0,0,0,0
2026-10-04T14:11:32Z,checkoutservice,recommendationservice,0,0,0,0,0,0,0
2026-10-04T14:11:32Z,checkoutservice,redis-cart,0,0,0,0,0,0,0
2026-10-04T14:11:32Z,checkoutservice,shippingservice,74156,72053,0,154,0,530231,72042
2026-10-04T14:11:32Z,currencyservice,adservice,0,0,0,0,0,0,0
2026-10-04T14:11:32Z,currencyservice,cartservice,0,0,0,0,0,0,0
2026-10-04T14:11:32Z,currencyservice,checkoutservice,0,0,0,0,0,0,0
2026-10-04T14:11:32Z,currencyservice,currencyservice,0,0,0,0,0,0,0
2026-10-04T14:11:32Z,currencyservice,emailservice,0,0,0,0,0,0,0
2026-10-04T14:11:32Z,currencyservice,frontend,0,0,0,0,0,0,0
2026-10-04T14:11:32Z,currencyservice,kubernetes,0,0,0,0,0,0,0
2026-10-04T14:11:32Z,currencyservice,paymentservice,0,0,0,0,0,0,0
2026-10-04T14:11:32Z,currencyservice,productcatalogservice,0,0,0,0,0,0,0
2026-10-04T14:11:32Z,currencyservice,recommendationservice,0,0,0,0,0,0,0
2026-10-04T14:11:32Z,currencyservice,redis-cart,0,0,0,0,0,0,0
2026-10-04T14:11:32Z,currencyservice,shippingservice,0,0,0,0,0,0,0
2026-10-04T14:11:32Z,emailservice,adservice,0,0,0,0,0,0,0
2026-10-04T14:11:32Z,emailservice,cartservice,0,0,0,0,0,0,0
2026-10-04T14:11:32Z,emailservice,checkoutservice,0,0,0,0,0,0,0
2026-10-04T14:11:32Z,emailservice,currencyservice,0,0,0,0,0,0,0
2026-10-04T14:11:32Z,emailservice,emailservice,0,0,0,0,0,0,0
2026-10-04T14:11:32Z,emailservice,frontend,0,0,0,0,0,0,0
2026-10-04T14:11:32Z,emailservice,kubernetes,0,0,0,0,0,0,0
2026-10-04T14:11:32Z,emailservice,paymentservice,0,0,0,0,0,0,0
2026-10-04T14:11:32Z,emailservice,productcatalogservice,0,0,0,0,0,0,0
2026-10-04T14:11:32Z,emailservice,recommendationservice,0,0,0,0,0,0,0
2026-10-04T14:11:32Z,emailservice,redis-cart,0,0,0,0,0,0,0
2026-10-04T14:11:32Z,emailservice,shippingservice,0,0,0,0,0,0,0
2026-10-04T14:11:32Z,frontend,adservice,860540,860538,0,0,0,2590571,860157
2026-10-04T14:11:32Z,frontend,cartservice,1926930,1926918,0,0,4,10626092,1925476
2026-10-04T14:11:32Z,frontend,checkoutservice,404808,194842,0,40061,169946,63241674,194680
2026-10-04T14:11:32Z,frontend,currencyservice,3061522,3061513,0,0,0,16053216,3059305
2026-10-04T14:11:32Z,frontend,emailservice,0,0,0,0,0,0,0
2026-10-04T14:11:32Z,frontend,frontend,0,0,0,0,0,0,0
2026-10-04T14:11:32Z,frontend,kubernetes,0,0,0,0,0,0,0
2026-10-04T14:11:32Z,frontend,paymentservice,0,0,0,0,0,0,0
2026-10-04T14:11:32Z,frontend,productcatalogservice,8556689,8556621,0,0,0,58323193,8552052
2026-10-04T14:11:32Z,frontend,recommendationservice,2819742,1701031,0,117942,998210,858437591,1699741
2026-10-04T14:11:32Z,frontend,redis-cart,0,0,0,0,0,0,0
2026-10-04T14:11:32Z,frontend,shippingservice,315479,315477,0,0,0,952550,315330
2026-10-04T14:11:32Z,paymentservice,adservice,0,0,0,0,0,0,0
2026-10-04T14:11:32Z,paymentservice,cartservice,0,0,0,0,0,0,0
2026-10-04T14:11:32Z,paymentservice,checkoutservice,0,0,0,0,0,0,0
2026-10-04T14:11:32Z,paymentservice,currencyservice,0,0,0,0,0,0,0
2026-10-04T14:11:32Z,paymentservice,emailservice,0,0,0,0,0,0,0
2026-10-04T14:11:32Z,paymentservice,frontend,0,0,0,0,0,0,0
2026-10-04T14:11:32Z,paymentservice,kubernetes,0,0,0,0,0,0,0
2026-10-04T14:11:32Z,paymentservice,paymentservice,0,0,0,0,0,0,0
2026-10-04T14:11:32Z,paymentservice,productcatalogservice,0,0,0,0,0,0,0
2026-10-04T14:11:32Z,paymentservice,recommendationservice,0,0,0,0,0,0,0
2026-10-04T14:11:32Z,paymentservice,redis-cart,0,0,0,0,0,0,0
2026-10-04T14:11:32Z,paymentservice,shippingservice,0,0,0,0,0,0,0
2026-10-04T14:11:32Z,productcatalogservice,adservice,0,0,0,0,0,0,0
2026-10-04T14:11:32Z,productcatalogservice,cartservice,0,0,0,0,0,0,0
2026-10-04T14:11:32Z,productcatalogservice,checkoutservice,0,0,0,0,0,0,0
2026-10-04T14:11:32Z,productcatalogservice,currencyservice,0,0,0,0,0,0,0
2026-10-04T14:11:32Z,productcatalogservice,emailservice,0,0,0,0,0,0,0
2026-10-04T14:11:32Z,productcatalogservice,frontend,0,0,0,0,0,0,0
2026-10-04T14:11:32Z,productcatalogservice,kubernetes,0,0,0,0,0,0,0
2026-10-04T14:11:32Z,productcatalogservice,paymentservice,0,0,0,0,0,0,0
2026-10-04T14:11:32Z,productcatalogservice,productcatalogservice,0,0,0,0,0,0,0
2026-10-04T14:11:32Z,productcatalogservice,recommendationservice,0,0,0,0,0,0,0
2026-10-04T14:11:32Z,productcatalogservice,redis-cart,0,0,0,0,0,0,0
2026-10-04T14:11:32Z,productcatalogservice,shippingservice,0,0,0,0,0,0,0
2026-10-04T14:11:32Z,recommendationservice,adservice,0,0,0,0,0,0,0
2026-10-04T14:11:32Z,recommendationservice,cartservice,0,0,0,0,0,0,0
2026-10-04T14:11:32Z,recommendationservice,checkoutservice,0,0,0,0,0,0,0
2026-10-04T14:11:32Z,recommendationservice,currencyservice,0,0,0,0,0,0,0
2026-10-04T14:11:32Z,recommendationservice,emailservice,0,0,0,0,0,0,0
2026-10-04T14:11:32Z,recommendationservice,frontend,0,0,0,0,0,0,0
2026-10-04T14:11:32Z,recommendationservice,kubernetes,0,0,0,0,0,0,0
2026-10-04T14:11:32Z,recommendationservice,paymentservice,0,0,0,0,0,0,0
2026-10-04T14:11:32Z,recommendationservice,productcatalogservice,199759,199752,0,0,0,1312008,198863
2026-10-04T14:11:32Z,recommendationservice,recommendationservice,0,0,0,0,0,0,0
2026-10-04T14:11:32Z,recommendationservice,redis-cart,0,0,0,0,0,0,0
2026-10-04T14:11:32Z,recommendationservice,shippingservice,0,0,0,0,0,0,0
2026-10-04T14:11:32Z,redis-cart,adservice,0,0,0,0,0,0,0
2026-10-04T14:11:32Z,redis-cart,cartservice,0,0,0,0,0,0,0
2026-10-04T14:11:32Z,redis-cart,checkoutservice,0,0,0,0,0,0,0
2026-10-04T14:11:32Z,redis-cart,currencyservice,0,0,0,0,0,0,0
2026-10-04T14:11:32Z,redis-cart,emailservice,0,0,0,0,0,0,0
2026-10-04T14:11:32Z,redis-cart,frontend,0,0,0,0,0,0,0
2026-10-04T14:11:32Z,redis-cart,kubernetes,0,0,0,0,0,0,0
2026-10-04T14:11:32Z,redis-cart,paymentservice,0,0,0,0,0,0,0
2026-10-04T14:11:32Z,redis-cart,productcatalogservice,0,0,0,0,0,0,0
2026-10-04T14:11:32Z,redis-cart,recommendationservice,0,0,0,0,0,0,0
2026-10-04T14:11:32Z,redis-cart,redis-cart,0,0,0,0,0,0,0
2026-10-04T14:11:32Z,redis-cart,shippingservice,0,0,0,0,0,0,0
2026-10-04T14:11:32Z,shippingservice,adservice,0,0,0,0,0,0,0
2026-10-04T14:11:32Z,shippingservice,cartservice,0,0,0,0,0,0,0
2026-10-04T14:11:32Z,shippingservice,checkoutservice,0,0,0,0,0,0,0
2026-10-04T14:11:32Z,shippingservice,currencyservice,0,0,0,0,0,0,0
2026-10-04T14:11:32Z,shippingservice,emailservice,0,0,0,0,0,0,0
2026-10-04T14:11:32Z,shippingservice,frontend,0,0,0,0,0,0,0
2026-10-04T14:11:32Z,shippingservice,kubernetes,0,0,0,0,0,0,0
2026-10-04T14:11:32Z,shippingservice,paymentservice,0,0,0,0,0,0,0
2026-10-04T14:11:32Z,shippingservice,productcatalogservice,0,0,0,0,0,0,0
2026-10-04T14:11:32Z,shippingservice,recommendationservice,0,0,0,0,0,0,0
2026-10-04T14:11:32Z,shippingservice,redis-cart,0,0,0,0,0,0,0
2026-10-04T14:11:32Z,shippingservice,shippingservice,0,0,0,0,0,0,0
2026-10-04T14:11:33Z,adservice,adservice,0,0,0,0,0,0,0
2026-10-04T14:11:33Z,adservice,cartservice,0,0,0,0,0,0,0
2026-10-04T14:11:33Z,adservice,checkoutservice,0,0,0,0,0,0,0
2026-10-04T14:11:33Z,adservice,currencyservice,0,0,0,0,0,0,0
2026-10-04T14:11:33Z,adservice,emailservice,0,0,0,0,0,0,0
2026-10-04T14:11:33Z,adservice,frontend,0,0,0,0,0,0,0
2026-10-04T14:11:33Z,adservice,kubernetes,0,0,0,0,0,0,0
2026-10-04T14:11:33Z,adservice,paymentservice,0,0,0,0,0,0,0
2026-10-04T14:11:33Z,adservice,productcatalogservice,0,0,0,0,0,0,0
2026-10-04T14:11:33Z,adservice,recommendationservice,0,0,0,0,0,0,0
2026-10-04T14:11:33Z,adservice,redis-cart,0,0,0,0,0,0,0
2026-10-04T14:11:33Z,adservice,shippingservice,0,0,0,0,0,0,0
2026-10-04T14:11:33Z,cartservice,adservice,0,0,0,0,0,0,0
2026-10-04T14:11:33Z,cartservice,cartservice,0,0,0,0,0,0,0
2026-10-04T14:11:33Z,cartservice,checkoutservice,0,0,0,0,0,0,0
2026-10-04T14:11:33Z,cartservice,currencyservice,0,0,0,0,0,0,0
2026-10-04T14:11:33Z,cartservice,emailservice,0,0,0,0,0,0,0
2026-10-04T14:11:33Z,cartservice,frontend,0,0,0,0,0,0,0
2026-10-04T14:11:33Z,cartservice,kubernetes,0,0,0,0,0,0,0
2026-10-04T14:11:33Z,cartservice,paymentservice,0,0,0,0,0,0,0
2026-10-04T14:11:33Z,cartservice,productcatalogservice,0,0,0,0,0,0,0
2026-10-04T14:11:33Z,cartservice,recommendationservice,0,0,0,0,0,0,0
2026-10-04T14:11:33Z,cartservice,redis-cart,2,0,0,0,0,0,0
2026-10-04T14:11:33Z,cartservice,shippingservice,0,0,0,0,0,0,0
2026-10-04T14:11:33Z,checkoutservice,adservice,0,0,0,0,0,0,0
2026-10-04T14:11:33Z,checkoutservice,cartservice,68921,67990,0,100,0,737962,67899
2026-10-04T14:11:33Z,checkoutservice,checkoutservice,0,0,0,0,0,0,0
2026-10-04T14:11:33Z,checkoutservice,currencyservice,45858,45858,0,0,0,584848,45817
2026-10-04T14:11:33Z,checkoutservice,emailservice,17096,16808,0,66,0,539382,16751
2026-10-04T14:11:33Z,checkoutservice,frontend,0,0,0,0,0,0,0
2026-10-04T14:11:33Z,checkoutservice,kubernetes,0,0,0,0,0,0,0
2026-10-04T14:11:33Z,checkoutservice,paymentservice,39124,37276,0,192,0,457799,37083
2026-10-04T14:11:33Z,checkoutservice,productcatalogservice,0,0,0,0,0,0,0
2026-10-04T14:11:33Z,checkoutservice,recommendationservice,0,0,0,0,0,0,0
2026-10-04T14:11:33Z,checkoutservice,redis-cart,0,0,0,0,0,0,0
2026-10-04T14:11:33Z,checkoutservice,shippingservice,74232,72129,0,154,0,530231,72042
2026-10-04T14:11:33Z,currencyservice,adservice,0,0,0,0,0,0,0
2026-10-04T14:11:33Z,currencyservice,cartservice,0,0,0,0,0,0,0
2026-10-04T14:11:33Z,currencyservice,checkoutservice,0,0,0,0,0,0,0
2026-10-04T14:11:33Z,currencyservice,currencyservice,0,0,0,0,0,0,0
2026-10-04T14:11:33Z,currencyservice,emailservice,0,0,0,0,0,0,0
2026-10-04T14:11:33Z,currencyservice,frontend,0,0,0,0,0,0,0
2026-10-04T14:11:33Z,currencyservice,kubernetes,0,0,0,0,0,0,0
2026-10-04T14:11:33Z,currencyservice,paymentservice,0,0,0,0,0,0,0
2026-10-04T14:11:33Z,currencyservice,productcatalogservice,0,0,0,0,0,0,0
2026-10-04T14:11:33Z,currencyservice,recommendationservice,0,0,0,0,0,0,0
2026-10-04T14:11:33Z,currencyservice,redis-cart,0,0,0,0,0,0,0
2026-10-04T14:11:33Z,currencyservice,shippingservice,0,0,0,0,0,0,0
2026-10-04T14:11:33Z,emailservice,adservice,0,0,0,0,0,0,0
2026-10-04T14:11:33Z,emailservice,cartservice,0,0,0,0,0,0,0
2026-10-04T14:11:33Z,emailservice,checkoutservice,0,0,0,0,0,0,0
2026-10-04T14:11:33Z,emailservice,currencyservice,0,0,0,0,0,0,0
2026-10-04T14:11:33Z,emailservice,emailservice,0,0,0,0,0,0,0
2026-10-04T14:11:33Z,emailservice,frontend,0,0,0,0,0,0,0
2026-10-04T14:11:33Z,emailservice,kubernetes,0,0,0,0,0,0,0
2026-10-04T14:11:33Z,emailservice,paymentservice,0,0,0,0,0,0,0
2026-10-04T14:11:33Z,emailservice,productcatalogservice,0,0,0,0,0,0,0
2026-10-04T14:11:33Z,emailservice,recommendationservice,0,0,0,0,0,0,0
2026-10-04T14:11:33Z,emailservice,redis-cart,0,0,0,0,0,0,0
2026-10-04T14:11:33Z,emailservice,shippingservice,0,0,0,0,0,0,0
2026-10-04T14:11:33Z,frontend,adservice,860655,860653,0,0,0,2590799,860254
2026-10-04T14:11:33Z,frontend,cartservice,1927287,1927274,0,0,4,10627862,1925928
2026-10-04T14:11:33Z,frontend,checkoutservice,404850,194878,0,40061,169946,63245164,194710
2026-10-04T14:11:33Z,frontend,currencyservice,3062063,3062048,0,0,0,16055392,3059972
2026-10-04T14:11:33Z,frontend,emailservice,0,0,0,0,0,0,0
2026-10-04T14:11:33Z,frontend,frontend,0,0,0,0,0,0,0
2026-10-04T14:11:33Z,frontend,kubernetes,0,0,0,0,0,0,0
2026-10-04T14:11:33Z,frontend,paymentservice,0,0,0,0,0,0,0
2026-10-04T14:11:33Z,frontend,productcatalogservice,8558020,8557942,0,0,0,58330153,8553245
2026-10-04T14:11:33Z,frontend,recommendationservice,2820450,1701371,0,117973,998581,858791636,1700132
2026-10-04T14:11:33Z,frontend,redis-cart,0,0,0,0,0,0,0
2026-10-04T14:11:33Z,frontend,shippingservice,315529,315527,0,0,0,952637,315371
2026-10-04T14:11:33Z,paymentservice,adservice,0,0,0,0,0,0,0
2026-10-04T14:11:33Z,paymentservice,cartservice,0,0,0,0,0,0,0
2026-10-04T14:11:33Z,paymentservice,checkoutservice,0,0,0,0,0,0,0
2026-10-04T14:11:33Z,paymentservice,currencyservice,0,0,0,0,0,0,0
2026-10-04T14:11:33Z,paymentservice,emailservice,0,0,0,0,0,0,0
2026-10-04T14:11:33Z,paymentservice,frontend,0,0,0,0,0,0,0
2026-10-04T14:11:33Z,paymentservice,kubernetes,0,0,0,0,0,0,0
2026-10-04T14:11:33Z,paymentservice,paymentservice,0,0,0,0,0,0,0
2026-10-04T14:11:33Z,paymentservice,productcatalogservice,0,0,0,0,0,0,0
2026-10-04T14:11:33Z,paymentservice,recommendationservice,0,0,0,0,0,0,0
2026-10-04T14:11:33Z,paymentservice,redis-cart,0,0,0,0,0,0,0
2026-10-04T14:11:33Z,paymentservice,shippingservice,0,0,0,0,0,0,0
2026-10-04T14:11:33Z,productcatalogservice,adservice,0,0,0,0,0,0,0
2026-10-04T14:11:33Z,productcatalogservice,cartservice,0,0,0,0,0,0,0
2026-10-04T14:11:33Z,productcatalogservice,checkoutservice,0,0,0,0,0,0,0
2026-10-04T14:11:33Z,productcatalogservice,currencyservice,0,0,0,0,0,0,0
2026-10-04T14:11:33Z,productcatalogservice,emailservice,0,0,0,0,0,0,0
2026-10-04T14:11:33Z,productcatalogservice,frontend,0,0,0,0,0,0,0
2026-10-04T14:11:33Z,productcatalogservice,kubernetes,0,0,0,0,0,0,0
2026-10-04T14:11:33Z,productcatalogservice,paymentservice,0,0,0,0,0,0,0
2026-10-04T14:11:33Z,productcatalogservice,productcatalogservice,0,0,0,0,0,0,0
2026-10-04T14:11:33Z,productcatalogservice,recommendationservice,0,0,0,0,0,0,0
2026-10-04T14:11:33Z,productcatalogservice,redis-cart,0,0,0,0,0,0,0
2026-10-04T14:11:33Z,productcatalogservice,shippingservice,0,0,0,0,0,0,0
2026-10-04T14:11:33Z,recommendationservice,adservice,0,0,0,0,0,0,0
2026-10-04T14:11:33Z,recommendationservice,cartservice,0,0,0,0,0,0,0
2026-10-04T14:11:33Z,recommendationservice,checkoutservice,0,0,0,0,0,0,0
2026-10-04T14:11:33Z,recommendationservice,currencyservice,0,0,0,0,0,0,0
2026-10-04T14:11:33Z,recommendationservice,emailservice,0,0,0,0,0,0,0
2026-10-04T14:11:33Z,recommendationservice,frontend,0,0,0,0,0,0,0
2026-10-04T14:11:33Z,recommendationservice,kubernetes,0,0,0,0,0,0,0
2026-10-04T14:11:33Z,recommendationservice,paymentservice,0,0,0,0,0,0,0
2026-10-04T14:11:33Z,recommendationservice,productcatalogservice,200173,200173,0,0,0,1312008,198863
2026-10-04T14:11:33Z,recommendationservice,recommendationservice,0,0,0,0,0,0,0
2026-10-04T14:11:33Z,recommendationservice,redis-cart,0,0,0,0,0,0,0
2026-10-04T14:11:33Z,recommendationservice,shippingservice,0,0,0,0,0,0,0
2026-10-04T14:11:33Z,redis-cart,adservice,0,0,0,0,0,0,0
2026-10-04T14:11:33Z,redis-cart,cartservice,0,0,0,0,0,0,0
2026-10-04T14:11:33Z,redis-cart,checkoutservice,0,0,0,0,0,0,0
2026-10-04T14:11:33Z,redis-cart,currencyservice,0,0,0,0,0,0,0
2026-10-04T14:11:33Z,redis-cart,emailservice,0,0,0,0,0,0,0
2026-10-04T14:11:33Z,redis-cart,frontend,0,0,0,0,0,0,0
2026-10-04T14:11:33Z,redis-cart,kubernetes,0,0,0,0,0,0,0
2026-10-04T14:11:33Z,redis-cart,paymentservice,0,0,0,0,0,0,0
2026-10-04T14:11:33Z,redis-cart,productcatalogservice,0,0,0,0,0,0,0
2026-10-04T14:11:33Z,redis-cart,recommendationservice,0,0,0,0,0,0,0
2026-10-04T14:11:33Z,redis-cart,redis-cart,0,0,0,0,0,0,0
2026-10-04T14:11:33Z,redis-cart,shippingservice,0,0,0,0,0,0,0
2026-10-04T14:11:33Z,shippingservice,adservice,0,0,0,0,0,0,0
2026-10-04T14:11:33Z,shippingservice,cartservice,0,0,0,0,0,0,0
2026-10-04T14:11:33Z,shippingservice,checkoutservice,0,0,0,0,0,0,0
2026-10-04T14:11:33Z,shippingservice,currencyservice,0,0,0,0,0,0,0
2026-10-04T14:11:33Z,shippingservice,emailservice,0,0,0,0,0,0,0
2026-10-04T14:11:33Z,shippingservice,frontend,0,0,0,0,0,0,0
2026-10-04T14:11:33Z,shippingservice,kubernetes,0,0,0,0,0,0,0
2026-10-04T14:11:33Z,shippingservice,paymentservice,0,0,0,0,0,0,0
2026-10-04T14:11:33Z,shippingservice,productcatalogservice,0,0,0,0,0,0,0
2026-10-04T14:11:33Z,shippingservice,recommendationservice,0,0,0,0,0,0,0
2026-10-04T14:11:33Z,shippingservice,redis-cart,0,0,0,0,0,0,0
2026-10-04T14:11:33Z,shippingservice,shippingservice,0,0,0,0,0,0,0
2026-10-04T14:11:34Z,adservice,adservice,0,0,0,0,0,0,0
2026-10-04T14:11:34Z,adservice,cartservice,0,0,0,0,0,0,0
2026-10-04T14:11:34Z,adservice,checkoutservice,0,0,0,0,0,0,0
2026-10-04T14:11:34Z,adservice,currencyservice,0,0,0,0,0,0,0
2026-10-04T14:11:34Z,adservice,emailservice,0,0,0,0,0,0,0
2026-10-04T14:11:34Z,adservice,frontend,0,0,0,0,0,0,0
2026-10-04T14:11:34Z,adservice,kubernetes,0,0,0,0,0,0,0
2026-10-04T14:11:34Z,adservice,paymentservice,0,0,0,0,0,0,0
2026-10-04T14:11:34Z,adservice,productcatalogservice,0,0,0,0,0,0,0
2026-10-04T14:11:34Z,adservice,recommendationservice,0,0,0,0,0,0,0
2026-10-04T14:11:34Z,adservice,redis-cart,0,0,0,0,0,0,0
2026-10-04T14:11:34Z,adservice,shippingservice,0,0,0,0,0,0,0
2026-10-04T14:11:34Z,cartservice,adservice,0,0,0,0,0,0,0
2026-10-04T14:11:34Z,cartservice,cartservice,0,0,0,0,0,0,0
2026-10-04T14:11:34Z,cartservice,checkoutservice,0,0,0,0,0,0,0
2026-10-04T14:11:34Z,cartservice,currencyservice,0,0,0,0,0,0,0
2026-10-04T14:11:34Z,cartservice,emailservice,0,0,0,0,0,0,0
2026-10-04T14:11:34Z,cartservice,frontend,0,0,0,0,0,0,0
2026-10-04T14:11:34Z,cartservice,kubernetes,0,0,0,0,0,0,0
2026-10-04T14:11:34Z,cartservice,paymentservice,0,0,0,0,0,0,0
2026-10-04T14:11:34Z,cartservice,productcatalogservice,0,0,0,0,0,0,0
2026-10-04T14:11:34Z,cartservice,recommendationservice,0,0,0,0,0,0,0
2026-10-04T14:11:34Z,cartservice,redis-cart,2,0,0,0,0,0,0
2026-10-04T14:11:34Z,cartservice,shippingservice,0,0,0,0,0,0,0
2026-10-04T14:11:34Z,checkoutservice,adservice,0,0,0,0,0,0,0
2026-10-04T14:11:34Z,checkoutservice,cartservice,69008,68072,0,100,0,737962,67899
2026-10-04T14:11:34Z,checkoutservice,checkoutservice,0,0,0,0,0,0,0
2026-10-04T14:11:34Z,checkoutservice,currencyservice,45901,45900,0,0,0,584848,45817
2026-10-04T14:11:34Z,checkoutservice,emailservice,17133,16845,0,66,0,539382,16751
2026-10-04T14:11:34Z,checkoutservice,frontend,0,0,0,0,0,0,0
2026-10-04T14:11:34Z,checkoutservice,kubernetes,0,0,0,0,0,0,0
2026-10-04T14:11:34Z,checkoutservice,paymentservice,39165,37316,0,192,0,457799,37083
2026-10-04T14:11:34Z,checkoutservice,productcatalogservice,0,0,0,0,0,0,0
2026-10-04T14:11:34Z,checkoutservice,recommendationservice,0,0,0,0,0,0,0
2026-10-04T14:11:34Z,checkoutservice,redis-cart,0,0,0,0,0,0,0
2026-10-04T14:11:34Z,checkoutservice,shippingservice,74315,72212,0,154,0,530231,72042
2026-10-04T14:11:34Z,currencyservice,adservice,0,0,0,0,0,0,0
2026-10-04T14:11:34Z,currencyservice,cartservice,0,0,0,0,0,0,0
2026-10-04T14:11:34Z,currencyservice,checkoutservice,0,0,0,0,0,0,0
2026-10-04T14:11:34Z,currencyservice,currencyservice,0,0,0,0,0,0,0
2026-10-04T14:11:34Z,currencyservice,emailservice,0,0,0,0,0,0,0
2026-10-04T14:11:34Z,currencyservice,frontend,0,0,0,0,0,0,0
2026-10-04T14:11:34Z,currencyservice,kubernetes,0,0,0,0,0,0,0
2026-10-04T14:11:34Z,currencyservice,paymentservice,0,0,0,0,0,0,0
2026-10-04T14:11:34Z,currencyservice,productcatalogservice,0,0,0,0,0,0,0
2026-10-04T14:11:34Z,currencyservice,recommendationservice,0,0,0,0,0,0,0
2026-10-04T14:11:34Z,currencyservice,redis-cart,0,0,0,0,0,0,0
2026-10-04T14:11:34Z,currencyservice,shippingservice,0,0,0,0,0,0,0
2026-10-04T14:11:34Z,emailservice,adservice,0,0,0,0,0,0,0
2026-10-04T14:11:34Z,emailservice,cartservice,0,0,0,0,0,0,0
2026-10-04T14:11:34Z,emailservice,checkoutservice,0,0,0,0,0,0,0
2026-10-04T14:11:34Z,emailservice,currencyservice,0,0,0,0,0,0,0
2026-10-04T14:11:34Z,emailservice,emailservice,0,0,0,0,0,0,0
2026-10-04T14:11:34Z,emailservice,frontend,0,0,0,0,0,0,0
2026-10-04T14:11:34Z,emailservice,kubernetes,0,0,0,0,0,0,0
2026-10-04T14:11:34Z,emailservice,paymentservice,0,0,0,0,0,0,0
2026-10-04T14:11:34Z,emailservice,productcatalogservice,0,0,0,0,0,0,0
2026-10-04T14:11:34Z,emailservice,recommendationservice,0,0,0,0,0,0,0
2026-10-04T14:11:34Z,emailservice,redis-cart,0,0,0,0,0,0,0
2026-10-04T14:11:34Z,emailservice,shippingservice,0,0,0,0,0,0,0
2026-10-04T14:11:34Z,frontend,adservice,860791,860788,0,0,0,2591662,860565
2026-10-04T14:11:34Z,frontend,cartservice,1927680,1927667,0,0,4,10632017,1926980
2026-10-04T14:11:34Z,frontend,checkoutservice,404895,194918,0,40061,169946,63263565,194841
2026-10-04T14:11:34Z,frontend,currencyservice,3062653,3062640,0,0,0,16060462,3061590
2026-10-04T14:11:34Z,frontend,emailservice,0,0,0,0,0,0,0
2026-10-04T14:11:34Z,frontend,frontend,0,0,0,0,0,0,0
2026-10-04T14:11:34Z,frontend,kubernetes,0,0,0,0,0,0,0
2026-10-04T14:11:34Z,frontend,paymentservice,0,0,0,0,0,0,0
2026-10-04T14:11:34Z,frontend,productcatalogservice,8559412,8559339,0,0,0,58347304,8556896
2026-10-04T14:11:34Z,frontend,recommendationservice,2821244,1701681,0,118044,998981,859574206,1701082
2026-10-04T14:11:34Z,frontend,redis-cart,0,0,0,0,0,0,0
2026-10-04T14:11:34Z,frontend,shippingservice,315564,315561,0,0,0,952915,315497
2026-10-04T14:11:34Z,paymentservice,adservice,0,0,0,0,0,0,0
2026-10-04T14:11:34Z,paymentservice,cartservice,0,0,0,0,0,0,0
2026-10-04T14:11:34Z,paymentservice,checkoutservice,0,0,0,0,0,0,0
2026-10-04T14:11:34Z,paymentservice,currencyservice,0,0,0,0,0,0,0
2026-10-04T14:11:34Z,paymentservice,emailservice,0,0,0,0,0,0,0
2026-10-04T14:11:34Z,paymentservice,frontend,0,0,0,0,0,0,0
2026-10-04T14:11:34Z,paymentservice,kubernetes,0,0,0,0,0,0,0
2026-10-04T14:11:34Z,paymentservice,paymentservice,0,0,0,0,0,0,0
2026-10-04T14:11:34Z,paymentservice,productcatalogservice,0,0,0,0,0,0,0
2026-10-04T14:11:34Z,paymentservice,recommendationservice,0,0,0,0,0,0,0
2026-10-04T14:11:34Z,paymentservice,redis-cart,0,0,0,0,0,0,0
2026-10-04T14:11:34Z,paymentservice,shippingservice,0,0,0,0,0,0,0
2026-10-04T14:11:34Z,productcatalogservice,adservice,0,0,0,0,0,0,0
2026-10-04T14:11:34Z,productcatalogservice,cartservice,0,0,0,0,0,0,0
2026-10-04T14:11:34Z,productcatalogservice,checkoutservice,0,0,0,0,0,0,0
2026-10-04T14:11:34Z,productcatalogservice,currencyservice,0,0,0,0,0,0,0
2026-10-04T14:11:34Z,productcatalogservice,emailservice,0,0,0,0,0,0,0
2026-10-04T14:11:34Z,productcatalogservice,frontend,0,0,0,0,0,0,0
2026-10-04T14:11:34Z,productcatalogservice,kubernetes,0,0,0,0,0,0,0
2026-10-04T14:11:34Z,productcatalogservice,paymentservice,0,0,0,0,0,0,0
2026-10-04T14:11:34Z,productcatalogservice,productcatalogservice,0,0,0,0,0,0,0
2026-10-04T14:11:34Z,productcatalogservice,recommendationservice,0,0,0,0,0,0,0
2026-10-04T14:11:34Z,productcatalogservice,redis-cart,0,0,0,0,0,0,0
2026-10-04T14:11:34Z,productcatalogservice,shippingservice,0,0,0,0,0,0,0
2026-10-04T14:11:34Z,recommendationservice,adservice,0,0,0,0,0,0,0
2026-10-04T14:11:34Z,recommendationservice,cartservice,0,0,0,0,0,0,0
2026-10-04T14:11:34Z,recommendationservice,checkoutservice,0,0,0,0,0,0,0
2026-10-04T14:11:34Z,recommendationservice,currencyservice,0,0,0,0,0,0,0
2026-10-04T14:11:34Z,recommendationservice,emailservice,0,0,0,0,0,0,0
2026-10-04T14:11:34Z,recommendationservice,frontend,0,0,0,0,0,0,0
2026-10-04T14:11:34Z,recommendationservice,kubernetes,0,0,0,0,0,0,0
2026-10-04T14:11:34Z,recommendationservice,paymentservice,0,0,0,0,0,0,0
2026-10-04T14:11:34Z,recommendationservice,productcatalogservice,200577,200577,0,0,0,1312008,198863
2026-10-04T14:11:34Z,recommendationservice,recommendationservice,0,0,0,0,0,0,0
2026-10-04T14:11:34Z,recommendationservice,redis-cart,0,0,0,0,0,0,0
2026-10-04T14:11:34Z,recommendationservice,shippingservice,0,0,0,0,0,0,0
2026-10-04T14:11:34Z,redis-cart,adservice,0,0,0,0,0,0,0
2026-10-04T14:11:34Z,redis-cart,cartservice,0,0,0,0,0,0,0
2026-10-04T14:11:34Z,redis-cart,checkoutservice,0,0,0,0,0,0,0
2026-10-04T14:11:34Z,redis-cart,currencyservice,0,0,0,0,0,0,0
2026-10-04T14:11:34Z,redis-cart,emailservice,0,0,0,0,0,0,0
2026-10-04T14:11:34Z,redis-cart,frontend,0,0,0,0,0,0,0
2026-10-04T14:11:34Z,redis-cart,kubernetes,0,0,0,0,0,0,0
2026-10-04T14:11:34Z,redis-cart,paymentservice,0,0,0,0,0,0,0
2026-10-04T14:11:34Z,redis-cart,productcatalogservice,0,0,0,0,0,0,0
2026-10-04T14:11:34Z,redis-cart,recommendationservice,0,0,0,0,0,0,0
2026-10-04T14:11:34Z,redis-cart,redis-cart,0,0,0,0,0,0,0
2026-10-04T14:11:34Z,redis-cart,shippingservice,0,0,0,0,0,0,0
2026-10-04T14:11:34Z,shippingservice,adservice,0,0,0,0,0,0,0
2026-10-04T14:11:34Z,shippingservice,cartservice,0,0,0,0,0,0,0
2026-10-04T14:11:34Z,shippingservice,checkoutservice,0,0,0,0,0,0,0
2026-10-04T14:11:34Z,shippingservice,currencyservice,0,0,0,0,0,0,0
2026-10-04T14:11:34Z,shippingservice,emailservice,0,0,0,0,0,0,0
2026-10-04T14:11:34Z,shippingservice,frontend,0,0,0,0,0,0,0
2026-10-04T14:11:34Z,shippingservice,kubernetes,0,0,0,0,0,0,0
2026-10-04T14:11:34Z,shippingservice,paymentservice,0,0,0,0,0,0,0
2026-10-04T14:11:34Z,shippingservice,productcatalogservice,0,0,0,0,0,0,0
2026-10-04T14:11:34Z,shippingservice,recommendationservice,0,0,0,0,0,0,0
2026-10-04T14:11:34Z,shippingservice,redis-cart,0,0,0,0,0,0,0
2026-10-04T14:11:34Z,shippingservice,shippingservice,0,0,0,0,0,0,0
2026-10-04T14:11:35Z,adservice,adservice,0,0,0,0,0,0,0
2026-10-04T14:11:35Z,adservice,cartservice,0,0,0,0,0,0,0
2026-10-04T14:11:35Z,adservice,checkoutservice,0,0,0,0,0,0,0
2026-10-04T14:11:35Z,adservice,currencyservice,0,0,0,0,0,0,0
2026-10-04T14:11:35Z,adservice,emailservice,0,0,0,0,0,0,0
2026-10-04T14:11:35Z,adservice,frontend,0,0,0,0,0,0,0
2026-10-04T14:11:35Z,adservice,kubernetes,0,0,0,0,0,0,0
2026-10-04T14:11:35Z,adservice,paymentservice,0,0,0,0,0,0,0
2026-10-04T14:11:35Z,adservice,productcatalogservice,0,0,0,0,0,0,0
2026-10-04T14:11:35Z,adservice,recommendationservice,0,0,0,0,0,0,0
2026-10-04T14:11:35Z,adservice,redis-cart,0,0,0,0,0,0,0
2026-10-04T14:11:35Z,adservice,shippingservice,0,0,0,0,0,0,0
2026-10-04T14:11:35Z,cartservice,adservice,0,0,0,0,0,0,0
2026-10-04T14:11:35Z,cartservice,cartservice,0,0,0,0,0,0,0
2026-10-04T14:11:35Z,cartservice,checkoutservice,0,0,0,0,0,0,0
2026-10-04T14:11:35Z,cartservice,currencyservice,0,0,0,0,0,0,0
2026-10-04T14:11:35Z,cartservice,emailservice,0,0,0,0,0,0,0
2026-10-04T14:11:35Z,cartservice,frontend,0,0,0,0,0,0,0
2026-10-04T14:11:35Z,cartservice,kubernetes,0,0,0,0,0,0,0
2026-10-04T14:11:35Z,cartservice,paymentservice,0,0,0,0,0,0,0
2026-10-04T14:11:35Z,cartservice,productcatalogservice,0,0,0,0,0,0,0
2026-10-04T14:11:35Z,cartservice,recommendationservice,0,0,0,0,0,0,0
2026-10-04T14:11:35Z,cartservice,redis-cart,2,0,0,0,0,0,0
2026-10-04T14:11:35Z,cartservice,shippingservice,0,0,0,0,0,0,0
2026-10-04T14:11:35Z,checkoutservice,adservice,0,0,0,0,0,0,0
2026-10-04T14:11:35Z,checkoutservice,cartservice,69105,68174,0,100,0,737962,67899
2026-10-04T14:11:35Z,checkoutservice,checkoutservice,0,0,0,0,0,0,0
2026-10-04T14:11:35Z,checkoutservice,currencyservice,45951,45951,0,0,0,584848,45817
2026-10-04T14:11:35Z,checkoutservice,emailservice,17183,16894,0,66,0,539382,16751
2026-10-04T14:11:35Z,checkoutservice,frontend,0,0,0,0,0,0,0
2026-10-04T14:11:35Z,checkoutservice,kubernetes,0,0,0,0,0,0,0
2026-10-04T14:11:35Z,checkoutservice,paymentservice,39217,37369,0,192,0,457799,37083
2026-10-04T14:11:35Z,checkoutservice,productcatalogservice,0,0,0,0,0,0,0
2026-10-04T14:11:35Z,checkoutservice,recommendationservice,0,0,0,0,0,0,0
2026-10-04T14:11:35Z,checkoutservice,redis-cart,0,0,0,0,0,0,0
2026-10-04T14:11:35Z,checkoutservice,shippingservice,74418,72315,0,154,0,530231,72042
2026-10-04T14:11:35Z,currencyservice,adservice,0,0,0,0,0,0,0
2026-10-04T14:11:35Z,currencyservice,cartservice,0,0,0,0,0,0,0
2026-10-04T14:11:35Z,currencyservice,checkoutservice,0,0,0,0,0,0,0
2026-10-04T14:11:35Z,currencyservice,currencyservice,0,0,0,0,0,0,0
2026-10-04T14:11:35Z,currencyservice,emailservice,0,0,0,0,0,0,0
2026-10-04T14:11:35Z,currencyservice,frontend,0,0,0,0,0,0,0
2026-10-04T14:11:35Z,currencyservice,kubernetes,0,0,0,0,0,0,0
2026-10-04T14:11:35Z,currencyservice,paymentservice,0,0,0,0,0,0,0
2026-10-04T14:11:35Z,currencyservice,productcatalogservice,0,0,0,0,0,0,0
2026-10-04T14:11:35Z,currencyservice,recommendationservice,0,0,0,0,0,0,0
2026-10-04T14:11:35Z,currencyservice,redis-cart,0,0,0,0,0,0,0
2026-10-04T14:11:35Z,currencyservice,shippingservice,0,0,0,0,0,0,0
2026-10-04T14:11:35Z,emailservice,adservice,0,0,0,0,0,0,0
2026-10-04T14:11:35Z,emailservice,cartservice,0,0,0,0,0,0,0
2026-10-04T14:11:35Z,emailservice,checkoutservice,0,0,0,0,0,0,0
2026-10-04T14:11:35Z,emailservice,currencyservice,0,0,0,0,0,0,0
2026-10-04T14:11:35Z,emailservice,emailservice,0,0,0,0,0,0,0
2026-10-04T14:11:35Z,emailservice,frontend,0,0,0,0,0,0,0
2026-10-04T14:11:35Z,emailservice,kubernetes,0,0,0,0,0,0,0
2026-10-04T14:11:35Z,emailservice,paymentservice,0,0,0,0,0,0,0
2026-10-04T14:11:35Z,emailservice,productcatalogservice,0,0,0,0,0,0,0
2026-10-04T14:11:35Z,emailservice,recommendationservice,0,0,0,0,0,0,0
2026-10-04T14:11:35Z,emailservice,redis-cart,0,0,0,0,0,0,0
2026-10-04T14:11:35Z,emailservice,shippingservice,0,0,0,0,0,0,0
2026-10-04T14:11:35Z,frontend,adservice,860932,860930,0,0,0,2591915,860680
2026-10-04T14:11:35Z,frontend,cartservice,1928111,1928098,0,0,4,10633688,1927396
2026-10-04T14:11:35Z,frontend,checkoutservice,404952,194974,0,40061,169946,63269657,194891
2026-10-04T14:11:35Z,frontend,currencyservice,3063323,3063312,0,0,0,16062707,3062244
2026-10-04T14:11:35Z,frontend,emailservice,0,0,0,0,0,0,0
2026-10-04T14:11:35Z,frontend,frontend,0,0,0,0,0,0,0
2026-10-04T14:11:35Z,frontend,kubernetes,0,0,0,0,0,0,0
2026-10-04T14:11:35Z,frontend,paymentservice,0,0,0,0,0,0,0
2026-10-04T14:11:35Z,frontend,productcatalogservice,8560992,8560915,0,0,0,58356062,8558273
2026-10-04T14:11:35Z,frontend,recommendationservice,2822019,1702073,0,118100,999323,859893211,1701445
2026-10-04T14:11:35Z,frontend,redis-cart,0,0,0,0,0,0,0
2026-10-04T14:11:35Z,frontend,shippingservice,315614,315611,0,0,0,953008,315538
2026-10-04T14:11:35Z,paymentservice,adservice,0,0,0,0,0,0,0
2026-10-04T14:11:35Z,paymentservice,cartservice,0,0,0,0,0,0,0
2026-10-04T14:11:35Z,paymentservice,checkoutservice,0,0,0,0,0,0,0
2026-10-04T14:11:35Z,paymentservice,currencyservice,0,0,0,0,0,0,0
2026-10-04T14:11:35Z,paymentservice,emailservice,0,0,0,0,0,0,0
2026-10-04T14:11:35Z,paymentservice,frontend,0,0,0,0,0,0,0
2026-10-04T14:11:35Z,paymentservice,kubernetes,0,0,0,0,0,0,0
2026-10-04T14:11:35Z,paymentservice,paymentservice,0,0,0,0,0,0,0
2026-10-04T14:11:35Z,paymentservice,productcatalogservice,0,0,0,0,0,0,0
2026-10-04T14:11:35Z,paymentservice,recommendationservice,0,0,0,0,0,0,0
2026-10-04T14:11:35Z,paymentservice,redis-cart,0,0,0,0,0,0,0
2026-10-04T14:11:35Z,paymentservice,shippingservice,0,0,0,0,0,0,0
2026-10-04T14:11:35Z,productcatalogservice,adservice,0,0,0,0,0,0,0
2026-10-04T14:11:35Z,productcatalogservice,cartservice,0,0,0,0,0,0,0
2026-10-04T14:11:35Z,productcatalogservice,checkoutservice,0,0,0,0,0,0,0
2026-10-04T14:11:35Z,productcatalogservice,currencyservice,0,0,0,0,0,0,0
2026-10-04T14:11:35Z,productcatalogservice,emailservice,0,0,0,0,0,0,0
2026-10-04T14:11:35Z,productcatalogservice,frontend,0,0,0,0,0,0,0
2026-10-04T14:11:35Z,productcatalogservice,kubernetes,0,0,0,0,0,0,0
2026-10-04T14:11:35Z,productcatalogservice,paymentservice,0,0,0,0,0,0,0
2026-10-04T14:11:35Z,productcatalogservice,productcatalogservice,0,0,0,0,0,0,0
2026-10-04T14:11:35Z,productcatalogservice,recommendationservice,0,0,0,0,0,0,0
2026-10-04T14:11:35Z,productcatalogservice,redis-cart,0,0,0,0,0,0,0
2026-10-04T14:11:35Z,productcatalogservice,shippingservice,0,0,0,0,0,0,0
2026-10-04T14:11:35Z,recommendationservice,adservice,0,0,0,0,0,0,0
2026-10-04T14:11:35Z,recommendationservice,cartservice,0,0,0,0,0,0,0
2026-10-04T14:11:35Z,recommendationservice,checkoutservice,0,0,0,0,0,0,0
2026-10-04T14:11:35Z,recommendationservice,currencyservice,0,0,0,0,0,0,0
2026-10-04T14:11:35Z,recommendationservice,emailservice,0,0,0,0,0,0,0
2026-10-04T14:11:35Z,recommendationservice,frontend,0,0,0,0,0,0,0
2026-10-04T14:11:35Z,recommendationservice,kubernetes,0,0,0,0,0,0,0
2026-10-04T14:11:35Z,recommendationservice,paymentservice,0,0,0,0,0,0,0
2026-10-04T14:11:35Z,recommendationservice,productcatalogservice,201013,201012,0,0,0,1321934,200988
2026-10-04T14:11:35Z,recommendationservice,recommendationservice,0,0,0,0,0,0,0
2026-10-04T14:11:35Z,recommendationservice,redis-cart,0,0,0,0,0,0,0
2026-10-04T14:11:35Z,recommendationservice,shippingservice,0,0,0,0,0,0,0
2026-10-04T14:11:35Z,redis-cart,adservice,0,0,0,0,0,0,0
2026-10-04T14:11:35Z,redis-cart,cartservice,0,0,0,0,0,0,0
2026-10-04T14:11:35Z,redis-cart,checkoutservice,0,0,0,0,0,0,0
2026-10-04T14:11:35Z,redis-cart,currencyservice,0,0,0,0,0,0,0
2026-10-04T14:11:35Z,redis-cart,emailservice,0,0,0,0,0,0,0
2026-10-04T14:11:35Z,redis-cart,frontend,0,0,0,0,0,0,0
2026-10-04T14:11:35Z,redis-cart,kubernetes,0,0,0,0,0,0,0
2026-10-04T14:11:35Z,redis-cart,paymentservice,0,0,0,0,0,0,0
2026-10-04T14:11:35Z,redis-cart,productcatalogservice,0,0,0,0,0,0,0
2026-10-04T14:11:35Z,redis-cart,recommendationservice,0,0,0,0,0,0,0
2026-10-04T14:11:35Z,redis-cart,redis-cart,0,0,0,0,0,0,0
2026-10-04T14:11:35Z,redis-cart,shippingservice,0,0,0,0,0,0,0
2026-10-04T14:11:35Z,shippingservice,adservice,0,0,0,0,0,0,0
2026-10-04T14:11:35Z,shippingservice,cartservice,0,0,0,0,0,0,0
2026-10-04T14:11:35Z,shippingservice,checkoutservice,0,0,0,0,0,0,0
2026-10-04T14:11:35Z,shippingservice,currencyservice,0,0,0,0,0,0,0
2026-10-04T14:11:35Z,shippingservice,emailservice,0,0,0,0,0,0,0
2026-10-04T14:11:35Z,shippingservice,frontend,0,0,0,0,0,0,0
2026-10-04T14:11:35Z,shippingservice,kubernetes,0,0,0,0,0,0,0
2026-10-04T14:11:35Z,shippingservice,paymentservice,0,0,0,0,0,0,0
2026-10-04T14:11:35Z,shippingservice,productcatalogservice,0,0,0,0,0,0,0
2026-10-04T14:11:35Z,shippingservice,recommendationservice,0,0,0,0,0,0,0
2026-10-04T14:11:35Z,shippingservice,redis-cart,0,0,0,0,0,0,0
2026-10-04T14:11:35Z,shippingservice,shippingservice,0,0,0,0,0,0,0
2026-10-04T14:11:36Z,adservice,adservice,0,0,0,0,0,0,0
2026-10-04T14:11:36Z,adservice,cartservice,0,0,0,0,0,0,0
2026-10-04T14:11:36Z,adservice,checkoutservice,0,0,0,0,0,0,0
2026-10-04T14:11:36Z,adservice,currencyservice,0,0,0,0,0,0,0
2026-10-04T14:11:36Z,adservice,emailservice,0,0,0,0,0,0,0
2026-10-04T14:11:36Z,adservice,frontend,0,0,0,0,0,0,0
2026-10-04T14:11:36Z,adservice,kubernetes,0,0,0,0,0,0,0
2026-10-04T14:11:36Z,adservice,paymentservice,0,0,0,0,0,0,0
2026-10-04T14:11:36Z,adservice,productcatalogservice,0,0,0,0,0,0,0
2026-10-04T14:11:36Z,adservice,recommendationservice,0,0,0,0,0,0,0
2026-10-04T14:11:36Z,adservice,redis-cart,0,0,0,0,0,0,0
2026-10-04T14:11:36Z,adservice,shippingservice,0,0,0,0,0,0,0
2026-10-04T14:11:36Z,cartservice,adservice,0,0,0,0,0,0,0
2026-10-04T14:11:36Z,cartservice,cartservice,0,0,0,0,0,0,0
2026-10-04T14:11:36Z,cartservice,checkoutservice,0,0,0,0,0,0,0
2026-10-04T14:11:36Z,cartservice,currencyservice,0,0,0,0,0,0,0
2026-10-04T14:11:36Z,cartservice,emailservice,0,0,0,0,0,0,0
2026-10-04T14:11:36Z,cartservice,frontend,0,0,0,0,0,0,0
2026-10-04T14:11:36Z,cartservice,kubernetes,0,0,0,0,0,0,0
2026-10-04T14:11:36Z,cartservice,paymentservice,0,0,0,0,0,0,0
2026-10-04T14:11:36Z,cartservice,productcatalogservice,0,0,0,0,0,0,0
2026-10-04T14:11:36Z,cartservice,recommendationservice,0,0,0,0,0,0,0
2026-10-04T14:11:36Z,cartservice,redis-cart,2,0,0,0,0,0,0
2026-10-04T14:11:36Z,cartservice,shippingservice,0,0,0,0,0,0,0
2026-10-04T14:11:36Z,checkoutservice,adservice,0,0,0,0,0,0,0
2026-10-04T14:11:36Z,checkoutservice,cartservice,69217,68286,0,100,0,737962,67899
2026-10-04T14:11:36Z,checkoutservice,checkoutservice,0,0,0,0,0,0,0
2026-10-04T14:11:36Z,checkoutservice,currencyservice,46008,46008,0,0,0,584848,45817
2026-10-04T14:11:36Z,checkoutservice,emailservice,17240,16952,0,66,0,539382,16751
2026-10-04T14:11:36Z,checkoutservice,frontend,0,0,0,0,0,0,0
2026-10-04T14:11:36Z,checkoutservice,kubernetes,0,0,0,0,0,0,0
2026-10-04T14:11:36Z,checkoutservice,paymentservice,39272,37423,0,192,0,457799,37083
2026-10-04T14:11:36Z,checkoutservice,productcatalogservice,0,0,0,0,0,0,0
2026-10-04T14:11:36Z,checkoutservice,recommendationservice,0,0,0,0,0,0,0
2026-10-04T14:11:36Z,checkoutservice,redis-cart,0,0,0,0,0,0,0
2026-10-04T14:11:36Z,checkoutservice,shippingservice,74529,72426,0,154,0,530231,72042
2026-10-04T14:11:36Z,currencyservice,adservice,0,0,0,0,0,0,0
2026-10-04T14:11:36Z,currencyservice,cartservice,0,0,0,0,0,0,0
2026-10-04T14:11:36Z,currencyservice,checkoutservice,0,0,0,0,0,0,0
2026-10-04T14:11:36Z,currencyservice,currencyservice,0,0,0,0,0,0,0
2026-10-04T14:11:36Z,currencyservice,emailservice,0,0,0,0,0,0,0
2026-10-04T14:11:36Z,currencyservice,frontend,0,0,0,0,0,0,0
2026-10-04T14:11:36Z,currencyservice,kubernetes,0,0,0,0,0,0,0
2026-10-04T14:11:36Z,currencyservice,paymentservice,0,0,0,0,0,0,0
2026-10-04T14:11:36Z,currencyservice,productcatalogservice,0,0,0,0,0,0,0
2026-10-04T14:11:36Z,currencyservice,recommendationservice,0,0,0,0,0,0,0
2026-10-04T14:11:36Z,currencyservice,redis-cart,0,0,0,0,0,0,0
2026-10-04T14:11:36Z,currencyservice,shippingservice,0,0,0,0,0,0,0
2026-10-04T14:11:36Z,emailservice,adservice,0,0,0,0,0,0,0
2026-10-04T14:11:36Z,emailservice,cartservice,0,0,0,0,0,0,0
2026-10-04T14:11:36Z,emailservice,checkoutservice,0,0,0,0,0,0,0
2026-10-04T14:11:36Z,emailservice,currencyservice,0,0,0,0,0,0,0
2026-10-04T14:11:36Z,emailservice,emailservice,0,0,0,0,0,0,0
2026-10-04T14:11:36Z,emailservice,frontend,0,0,0,0,0,0,0
2026-10-04T14:11:36Z,emailservice,kubernetes,0,0,0,0,0,0,0
2026-10-04T14:11:36Z,emailservice,paymentservice,0,0,0,0,0,0,0
2026-10-04T14:11:36Z,emailservice,productcatalogservice,0,0,0,0,0,0,0
2026-10-04T14:11:36Z,emailservice,recommendationservice,0,0,0,0,0,0,0
2026-10-04T14:11:36Z,emailservice,redis-cart,0,0,0,0,0,0,0
2026-10-04T14:11:36Z,emailservice,shippingservice,0,0,0,0,0,0,0
2026-10-04T14:11:36Z,frontend,adservice,861084,861082,0,0,0,2591915,860680
2026-10-04T14:11:36Z,frontend,cartservice,1928484,1928472,0,0,4,10633688,1927396
2026-10-04T14:11:36Z,frontend,checkoutservice,405002,195035,0,40061,169946,63269657,194891
2026-10-04T14:11:36Z,frontend,currencyservice,3063933,3063925,0,0,0,16062707,3062244
2026-10-04T14:11:36Z,frontend,emailservice,0,0,0,0,0,0,0
2026-10-04T14:11:36Z,frontend,frontend,0,0,0,0,0,0,0
2026-10-04T14:11:36Z,frontend,kubernetes,0,0,0,0,0,0,0
2026-10-04T14:11:36Z,frontend,paymentservice,0,0,0,0,0,0,0
2026-10-04T14:11:36Z,frontend,productcatalogservice,8562508,8562428,0,0,0,58356062,8558273
2026-10-04T14:11:36Z,frontend,recommendationservice,2822682,1702438,0,118129,999590,859893211,1701445
2026-10-04T14:11:36Z,frontend,redis-cart,0,0,0,0,0,0,0
2026-10-04T14:11:36Z,frontend,shippingservice,315654,315652,0,0,0,953008,315538
2026-10-04T14:11:36Z,paymentservice,adservice,0,0,0,0,0,0,0
2026-10-04T14:11:36Z,paymentservice,cartservice,0,0,0,0,0,0,0
2026-10-04T14:11:36Z,paymentservice,checkoutservice,0,0,0,0,0,0,0
2026-10-04T14:11:36Z,paymentservice,currencyservice,0,0,0,0,0,0,0
2026-10-04T14:11:36Z,paymentservice,emailservice,0,0,0,0,0,0,0
2026-10-04T14:11:36Z,paymentservice,frontend,0,0,0,0,0,0,0
2026-10-04T14:11:36Z,paymentservice,kubernetes,0,0,0,0,0,0,0
2026-10-04T14:11:36Z,paymentservice,paymentservice,0,0,0,0,0,0,0
2026-10-04T14:11:36Z,paymentservice,productcatalogservice,0,0,0,0,0,0,0
2026-10-04T14:11:36Z,paymentservice,recommendationservice,0,0,0,0,0,0,0
2026-10-04T14:11:36Z,paymentservice,redis-cart,0,0,0,0,0,0,0
2026-10-04T14:11:36Z,paymentservice,shippingservice,0,0,0,0,0,0,0
2026-10-04T14:11:36Z,productcatalogservice,adservice,0,0,0,0,0,0,0
2026-10-04T14:11:36Z,productcatalogservice,cartservice,0,0,0,0,0,0,0
2026-10-04T14:11:36Z,productcatalogservice,checkoutservice,0,0,0,0,0,0,0
2026-10-04T14:11:36Z,productcatalogservice,currencyservice,0,0,0,0,0,0,0
2026-10-04T14:11:36Z,productcatalogservice,emailservice,0,0,0,0,0,0,0
2026-10-04T14:11:36Z,productcatalogservice,frontend,0,0,0,0,0,0,0
2026-10-04T14:11:36Z,productcatalogservice,kubernetes,0,0,0,0,0,0,0
2026-10-04T14:11:36Z,productcatalogservice,paymentservice,0,0,0,0,0,0,0
2026-10-04T14:11:36Z,productcatalogservice,productcatalogservice,0,0,0,0,0,0,0
2026-10-04T14:11:36Z,productcatalogservice,recommendationservice,0,0,0,0,0,0,0
2026-10-04T14:11:36Z,productcatalogservice,redis-cart,0,0,0,0,0,0,0
2026-10-04T14:11:36Z,productcatalogservice,shippingservice,0,0,0,0,0,0,0
2026-10-04T14:11:36Z,recommendationservice,adservice,0,0,0,0,0,0,0
2026-10-04T14:11:36Z,recommendationservice,cartservice,0,0,0,0,0,0,0
2026-10-04T14:11:36Z,recommendationservice,checkoutservice,0,0,0,0,0,0,0
2026-10-04T14:11:36Z,recommendationservice,currencyservice,0,0,0,0,0,0,0
2026-10-04T14:11:36Z,recommendationservice,emailservice,0,0,0,0,0,0,0
2026-10-04T14:11:36Z,recommendationservice,frontend,0,0,0,0,0,0,0
2026-10-04T14:11:36Z,recommendationservice,kubernetes,0,0,0,0,0,0,0
2026-10-04T14:11:36Z,recommendationservice,paymentservice,0,0,0,0,0,0,0
2026-10-04T14:11:36Z,recommendationservice,productcatalogservice,201430,201427,0,0,0,1321934,200988
2026-10-04T14:11:36Z,recommendationservice,recommendationservice,0,0,0,0,0,0,0
2026-10-04T14:11:36Z,recommendationservice,redis-cart,0,0,0,0,0,0,0
2026-10-04T14:11:36Z,recommendationservice,shippingservice,0,0,0,0,0,0,0
2026-10-04T14:11:36Z,redis-cart,adservice,0,0,0,0,0,0,0
2026-10-04T14:11:36Z,redis-cart,cartservice,0,0,0,0,0,0,0
2026-10-04T14:11:36Z,redis-cart,checkoutservice,0,0,0,0,0,0,0
2026-10-04T14:11:36Z,redis-cart,currencyservice,0,0,0,0,0,0,0
2026-10-04T14:11:36Z,redis-cart,emailservice,0,0,0,0,0,0,0
2026-10-04T14:11:36Z,redis-cart,frontend,0,0,0,0,0,0,0
2026-10-04T14:11:36Z,redis-cart,kubernetes,0,0,0,0,0,0,0
2026-10-04T14:11:36Z,redis-cart,paymentservice,0,0,0,0,0,0,0
2026-10-04T14:11:36Z,redis-cart,productcatalogservice,0,0,0,0,0,0,0
2026-10-04T14:11:36Z,redis-cart,recommendationservice,0,0,0,0,0,0,0
2026-10-04T14:11:36Z,redis-cart,redis-cart,0,0,0,0,0,0,0
2026-10-04T14:11:36Z,redis-cart,shippingservice,0,0,0,0,0,0,0
2026-10-04T14:11:36Z,shippingservice,adservice,0,0,0,0,0,0,0
2026-10-04T14:11:36Z,shippingservice,cartservice,0,0,0,0,0,0,0
2026-10-04T14:11:36Z,shippingservice,checkoutservice,0,0,0,0,0,0,0
2026-10-04T14:11:36Z,shippingservice,currencyservice,0,0,0,0,0,0,0
2026-10-04T14:11:36Z,shippingservice,emailservice,0,0,0,0,0,0,0
2026-10-04T14:11:36Z,shippingservice,frontend,0,0,0,0,0,0,0
2026-10-04T14:11:36Z,shippingservice,kubernetes,0,0,0,0,0,0,0
2026-10-04T14:11:36Z,shippingservice,paymentservice,0,0,0,0,0,0,0
2026-10-04T14:11:36Z,shippingservice,productcatalogservice,0,0,0,0,0,0,0
2026-10-04T14:11:36Z,shippingservice,recommendationservice,0,0,0,0,0,0,0
2026-10-04T14:11:36Z,shippingservice,redis-cart,0,0,0,0,0,0,0
2026-10-04T14:11:36Z,shippingservice,shippingservice,0,0,0,0,0,0,0
2026-10-04T14:11:37Z,adservice,adservice,0,0,0,0,0,0,0
2026-10-04T14:11:37Z,adservice,cartservice,0,0,0,0,0,0,0
2026-10-04T14:11:37Z,adservice,checkoutservice,0,0,0,0,0,0,0
2026-10-04T14:11:37Z,adservice,currencyservice,0,0,0,0,0,0,0
2026-10-04T14:11:37Z,adservice,emailservice,0,0,0,0,0,0,0
2026-10-04T14:11:37Z,adservice,frontend,0,0,0,0,0,0,0
2026-10-04T14:11:37Z,adservice,kubernetes,0,0,0,0,0,0,0
2026-10-04T14:11:37Z,adservice,paymentservice,0,0,0,0,0,0,0
2026-10-04T14:11:37Z,adservice,productcatalogservice,0,0,0,0,0,0,0
2026-10-04T14:11:37Z,adservice,recommendationservice,0,0,0,0,0,0,0
2026-10-04T14:11:37Z,adservice,redis-cart,0,0,0,0,0,0,0
2026-10-04T14:11:37Z,adservice,shippingservice,0,0,0,0,0,0,0
2026-10-04T14:11:37Z,cartservice,adservice,0,0,0,0,0,0,0
2026-10-04T14:11:37Z,cartservice,cartservice,0,0,0,0,0,0,0
2026-10-04T14:11:37Z,cartservice,checkoutservice,0,0,0,0,0,0,0
2026-10-04T14:11:37Z,cartservice,currencyservice,0,0,0,0,0,0,0
2026-10-04T14:11:37Z,cartservice,emailservice,0,0,0,0,0,0,0
2026-10-04T14:11:37Z,cartservice,frontend,0,0,0,0,0,0,0
2026-10-04T14:11:37Z,cartservice,kubernetes,0,0,0,0,0,0,0
2026-10-04T14:11:37Z,cartservice,paymentservice,0,0,0,0,0,0,0
2026-10-04T14:11:37Z,cartservice,productcatalogservice,0,0,0,0,0,0,0
2026-10-04T14:11:37Z,cartservice,recommendationservice,0,0,0,0,0,0,0
2026-10-04T14:11:37Z,cartservice,redis-cart,2,0,0,0,0,0,0
2026-10-04T14:11:37Z,cartservice,shippingservice,0,0,0,0,0,0,0
2026-10-04T14:11:37Z,checkoutservice,adservice,0,0,0,0,0,0,0
2026-10-04T14:11:37Z,checkoutservice,cartservice,69333,68402,0,100,0,740349,68394
2026-10-04T14:11:37Z,checkoutservice,checkoutservice,0,0,0,0,0,0,0
2026-10-04T14:11:37Z,checkoutservice,currencyservice,46064,46064,0,0,0,585842,46064
2026-10-04T14:11:37Z,checkoutservice,emailservice,17302,17014,0,66,0,544645,17005
2026-10-04T14:11:37Z,checkoutservice,frontend,0,0,0,0,0,0,0
2026-10-04T14:11:37Z,checkoutservice,kubernetes,0,0,0,0,0,0,0
2026-10-04T14:11:37Z,checkoutservice,paymentservice,39330,37482,0,192,0,459298,37334
2026-10-04T14:11:37Z,checkoutservice,productcatalogservice,0,0,0,0,0,0,0
2026-10-04T14:11:37Z,checkoutservice,recommendationservice,0,0,0,0,0,0,0
2026-10-04T14:11:37Z,checkoutservice,redis-cart,0,0,0,0,0,0,0
2026-10-04T14:11:37Z,checkoutservice,shippingservice,74644,72541,0,154,0,531281,72533
2026-10-04T14:11:37Z,currencyservice,adservice,0,0,0,0,0,0,0
2026-10-04T14:11:37Z,currencyservice,cartservice,0,0,0,0,0,0,0
2026-10-04T14:11:37Z,currencyservice,checkoutservice,0,0,0,0,0,0,0
2026-10-04T14:11:37Z,currencyservice,currencyservice,0,0,0,0,0,0,0
2026-10-04T14:11:37Z,currencyservice,emailservice,0,0,0,0,0,0,0
2026-10-04T14:11:37Z,currencyservice,frontend,0,0,0,0,0,0,0
2026-10-04T14:11:37Z,currencyservice,kubernetes,0,0,0,0,0,0,0
2026-10-04T14:11:37Z,currencyservice,paymentservice,0,0,0,0,0,0,0
2026-10-04T14:11:37Z,currencyservice,productcatalogservice,0,0,0,0,0,0,0
2026-10-04T14:11:37Z,currencyservice,recommendationservice,0,0,0,0,0,0,0
2026-10-04T14:11:37Z,currencyservice,redis-cart,0,0,0,0,0,0,0
2026-10-04T14:11:37Z,currencyservice,shippingservice,0,0,0,0,0,0,0
2026-10-04T14:11:37Z,emailservice,adservice,0,0,0,0,0,0,0
2026-10-04T14:11:37Z,emailservice,cartservice,0,0,0,0,0,0,0
2026-10-04T14:11:37Z,emailservice,checkoutservice,0,0,0,0,0,0,0
2026-10-04T14:11:37Z,emailservice,currencyservice,0,0,0,0,0,0,0
2026-10-04T14:11:37Z,emailservice,emailservice,0,0,0,0,0,0,0
2026-10-04T14:11:37Z,emailservice,frontend,0,0,0,0,0,0,0
2026-10-04T14:11:37Z,emailservice,kubernetes,0,0,0,0,0,0,0
2026-10-04T14:11:37Z,emailservice,paymentservice,0,0,0,0,0,0,0
2026-10-04T14:11:37Z,emailservice,productcatalogservice,0,0,0,0,0,0,0
2026-10-04T14:11:37Z,emailservice,recommendationservice,0,0,0,0,0,0,0
2026-10-04T14:11:37Z,emailservice,redis-cart,0,0,0,0,0,0,0
2026-10-04T14:11:37Z,emailservice,shippingservice,0,0,0,0,0,0,0
2026-10-04T14:11:37Z,frontend,adservice,861251,861249,0,0,0,2591915,860680
2026-10-04T14:11:37Z,frontend,cartservice,1928898,1928885,0,0,4,10633688,1927396
2026-10-04T14:11:37Z,frontend,checkoutservice,405057,195090,0,40061,169946,63269657,194891
2026-10-04T14:11:37Z,frontend,currencyservice,3064588,3064577,0,0,0,16062707,3062244
2026-10-04T14:11:37Z,frontend,emailservice,0,0,0,0,0,0,0
2026-10-04T14:11:37Z,frontend,frontend,0,0,0,0,0,0,0
2026-10-04T14:11:37Z,frontend,kubernetes,0,0,0,0,0,0,0
2026-10-04T14:11:37Z,frontend,paymentservice,0,0,0,0,0,0,0
2026-10-04T14:11:37Z,frontend,productcatalogservice,8564203,8564133,0,0,0,58356062,8558273
2026-10-04T14:11:37Z,frontend,recommendationservice,2823423,1702779,0,118164,999947,859893211,1701445
2026-10-04T14:11:37Z,frontend,redis-cart,0,0,0,0,0,0,0
2026-10-04T14:11:37Z,frontend,shippingservice,315713,315711,0,0,0,953008,315538
2026-10-04T14:11:37Z,paymentservice,adservice,0,0,0,0,0,0,0
2026-10-04T14:11:37Z,paymentservice,cartservice,0,0,0,0,0,0,0
2026-10-04T14:11:37Z,paymentservice,checkoutservice,0,0,0,0,0,0,0
2026-10-04T14:11:37Z,paymentservice,currencyservice,0,0,0,0,0,0,0
2026-10-04T14:11:37Z,paymentservice,emailservice,0,0,0,0,0,0,0
2026-10-04T14:11:37Z,paymentservice,frontend,0,0,0,0,0,0,0
2026-10-04T14:11:37Z,paymentservice,kubernetes,0,0,0,0,0,0,0
2026-10-04T14:11:37Z,paymentservice,paymentservice,0,0,0,0,0,0,0
2026-10-04T14:11:37Z,paymentservice,productcatalogservice,0,0,0,0,0,0,0
2026-10-04T14:11:37Z,paymentservice,recommendationservice,0,0,0,0,0,0,0
2026-10-04T14:11:37Z,paymentservice,redis-cart,0,0,0,0,0,0,0
2026-10-04T14:11:37Z,paymentservice,shippingservice,0,0,0,0,0,0,0
2026-10-04T14:11:37Z,productcatalogservice,adservice,0,0,0,0,0,0,0
2026-10-04T14:11:37Z,productcatalogservice,cartservice,0,0,0,0,0,0,0
2026-10-04T14:11:37Z,productcatalogservice,checkoutservice,0,0,0,0,0,0,0
2026-10-04T14:11:37Z,productcatalogservice,currencyservice,0,0,0,0,0,0,0
2026-10-04T14:11:37Z,productcatalogservice,emailservice,0,0,0,0,0,0,0
2026-10-04T14:11:37Z,productcatalogservice,frontend,0,0,0,0,0,0,0
2026-10-04T14:11:37Z,productcatalogservice,kubernetes,0,0,0,0,0,0,0
2026-10-04T14:11:37Z,productcatalogservice,paymentservice,0,0,0,0,0,0,0
2026-10-04T14:11:37Z,productcatalogservice,productcatalogservice,0,0,0,0,0,0,0
2026-10-04T14:11:37Z,productcatalogservice,recommendationservice,0,0,0,0,0,0,0
2026-10-04T14:11:37Z,productcatalogservice,redis-cart,0,0,0,0,0,0,0
2026-10-04T14:11:37Z,productcatalogservice,shippingservice,0,0,0,0,0,0,0
2026-10-04T14:11:37Z,recommendationservice,adservice,0,0,0,0,0,0,0
2026-10-04T14:11:37Z,recommendationservice,cartservice,0,0,0,0,0,0,0
2026-10-04T14:11:37Z,recommendationservice,checkoutservice,0,0,0,0,0,0,0
2026-10-04T14:11:37Z,recommendationservice,currencyservice,0,0,0,0,0,0,0
2026-10-04T14:11:37Z,recommendationservice,emailservice,0,0,0,0,0,0,0
2026-10-04T14:11:37Z,recommendationservice,frontend,0,0,0,0,0,0,0
2026-10-04T14:11:37Z,recommendationservice,kubernetes,0,0,0,0,0,0,0
2026-10-04T14:11:37Z,recommendationservice,paymentservice,0,0,0,0,0,0,0
2026-10-04T14:11:37Z,recommendationservice,productcatalogservice,201865,201855,0,0,0,1321934,200988
2026-10-04T14:11:37Z,recommendationservice,recommendationservice,0,0,0,0,0,0,0
2026-10-04T14:11:37Z,recommendationservice,redis-cart,0,0,0,0,0,0,0
2026-10-04T14:11:37Z,recommendationservice,shippingservice,0,0,0,0,0,0,0
2026-10-04T14:11:37Z,redis-cart,adservice,0,0,0,0,0,0,0
2026-10-04T14:11:37Z,redis-cart,cartservice,0,0,0,0,0,0,0
2026-10-04T14:11:37Z,redis-cart,checkoutservice,0,0,0,0,0,0,0
2026-10-04T14:11:37Z,redis-cart,currencyservice,0,0,0,0,0,0,0
2026-10-04T14:11:37Z,redis-cart,emailservice,0,0,0,0,0,0,0
2026-10-04T14:11:37Z,redis-cart,frontend,0,0,0,0,0,0,0
2026-10-04T14:11:37Z,redis-cart,kubernetes,0,0,0,0,0,0,0
2026-10-04T14:11:37Z,redis-cart,paymentservice,0,0,0,0,0,0,0
2026-10-04T14:11:37Z,redis-cart,productcatalogservice,0,0,0,0,0,0,0
2026-10-04T14:11:37Z,redis-cart,recommendationservice,0,0,0,0,0,0,0
2026-10-04T14:11:37Z,redis-cart,redis-cart,0,0,0,0,0,0,0
2026-10-04T14:11:37Z,redis-cart,shippingservice,0,0,0,0,0,0,0
2026-10-04T14:11:37Z,shippingservice,adservice,0,0,0,0,0,0,0
2026-10-04T14:11:37Z,shippingservice,cartservice,0,0,0,0,0,0,0
2026-10-04T14:11:37Z,shippingservice,checkoutservice,0,0,0,0,0,0,0
2026-10-04T14:11:37Z,shippingservice,currencyservice,0,0,0,0,0,0,0
2026-10-04T14:11:37Z,shippingservice,emailservice,0,0,0,0,0,0,0
2026-10-04T14:11:37Z,shippingservice,frontend,0,0,0,0,0,0,0
2026-10-04T14:11:37Z,shippingservice,kubernetes,0,0,0,0,0,0,0
2026-10-04T14:11:37Z,shippingservice,paymentservice,0,0,0,0,0,0,0
2026-10-04T14:11:37Z,shippingservice,productcatalogservice,0,0,0,0,0,0,0
2026-10-04T14:11:37Z,shippingservice,recommendationservice,0,0,0,0,0,0,0
2026-10-04T14:11:37Z,shippingservice,redis-cart,0,0,0,0,0,0,0
2026-10-04T14:11:37Z,shippingservice,shippingservice,0,0,0,0,0,0,0
2026-10-04T14:11:38Z,adservice,adservice,0,0,0,0,0,0,0
2026-10-04T14:11:38Z,adservice,cartservice,0,0,0,0,0,0,0
2026-10-04T14:11:38Z,adservice,checkoutservice,0,0,0,0,0,0,0
2026-10-04T14:11:38Z,adservice,currencyservice,0,0,0,0,0,0,0
2026-10-04T14:11:38Z,adservice,emailservice,0,0,0,0,0,0,0
2026-10-04T14:11:38Z,adservice,frontend,0,0,0,0,0,0,0
2026-10-04T14:11:38Z,adservice,kubernetes,0,0,0,0,0,0,0
2026-10-04T14:11:38Z,adservice,paymentservice,0,0,0,0,0,0,0
2026-10-04T14:11:38Z,adservice,productcatalogservice,0,0,0,0,0,0,0
2026-10-04T14:11:38Z,adservice,recommendationservice,0,0,0,0,0,0,0
2026-10-04T14:11:38Z,adservice,redis-cart,0,0,0,0,0,0,0
2026-10-04T14:11:38Z,adservice,shippingservice,0,0,0,0,0,0,0
2026-10-04T14:11:38Z,cartservice,adservice,0,0,0,0,0,0,0
2026-10-04T14:11:38Z,cartservice,cartservice,0,0,0,0,0,0,0
2026-10-04T14:11:38Z,cartservice,checkoutservice,0,0,0,0,0,0,0
2026-10-04T14:11:38Z,cartservice,currencyservice,0,0,0,0,0,0,0
2026-10-04T14:11:38Z,cartservice,emailservice,0,0,0,0,0,0,0
2026-10-04T14:11:38Z,cartservice,frontend,0,0,0,0,0,0,0
2026-10-04T14:11:38Z,cartservice,kubernetes,0,0,0,0,0,0,0
2026-10-04T14:11:38Z,cartservice,paymentservice,0,0,0,0,0,0,0
2026-10-04T14:11:38Z,cartservice,productcatalogservice,0,0,0,0,0,0,0
2026-10-04T14:11:38Z,cartservice,recommendationservice,0,0,0,0,0,0,0
2026-10-04T14:11:38Z,cartservice,redis-cart,2,0,0,0,0,0,0
2026-10-04T14:11:38Z,cartservice,shippingservice,0,0,0,0,0,0,0
2026-10-04T14:11:38Z,checkoutservice,adservice,0,0,0,0,0,0,0
2026-10-04T14:11:38Z,checkoutservice,cartservice,69462,68531,0,100,0,740349,68394
2026-10-04T14:11:38Z,checkoutservice,checkoutservice,0,0,0,0,0,0,0
2026-10-04T14:11:38Z,checkoutservice,currencyservice,46130,46130,0,0,0,585842,46064
2026-10-04T14:11:38Z,checkoutservice,emailservice,17361,17073,0,66,0,544645,17005
2026-10-04T14:11:38Z,checkoutservice,frontend,0,0,0,0,0,0,0
2026-10-04T14:11:38Z,checkoutservice,kubernetes,0,0,0,0,0,0,0
2026-10-04T14:11:38Z,checkoutservice,paymentservice,39396,37548,0,192,0,459298,37334
2026-10-04T14:11:38Z,checkoutservice,productcatalogservice,0,0,0,0,0,0,0
2026-10-04T14:11:38Z,checkoutservice,recommendationservice,0,0,0,0,0,0,0
2026-10-04T14:11:38Z,checkoutservice,redis-cart,0,0,0,0,0,0,0
2026-10-04T14:11:38Z,checkoutservice,shippingservice,74775,72672,0,154,0,531281,72533
2026-10-04T14:11:38Z,currencyservice,adservice,0,0,0,0,0,0,0
2026-10-04T14:11:38Z,currencyservice,cartservice,0,0,0,0,0,0,0
2026-10-04T14:11:38Z,currencyservice,checkoutservice,0,0,0,0,0,0,0
2026-10-04T14:11:38Z,currencyservice,currencyservice,0,0,0,0,0,0,0
2026-10-04T14:11:38Z,currencyservice,emailservice,0,0,0,0,0,0,0
2026-10-04T14:11:38Z,currencyservice,frontend,0,0,0,0,0,0,0
2026-10-04T14:11:38Z,currencyservice,kubernetes,0,0,0,0,0,0,0
2026-10-04T14:11:38Z,currencyservice,paymentservice,0,0,0,0,0,0,0
2026-10-04T14:11:38Z,currencyservice,productcatalogservice,0,0,0,0,0,0,0
2026-10-04T14:11:38Z,currencyservice,recommendationservice,0,0,0,0,0,0,0
2026-10-04T14:11:38Z,currencyservice,redis-cart,0,0,0,0,0,0,0
2026-10-04T14:11:38Z,currencyservice,shippingservice,0,0,0,0,0,0,0
2026-10-04T14:11:38Z,emailservice,adservice,0,0,0,0,0,0,0
2026-10-04T14:11:38Z,emailservice,cartservice,0,0,0,0,0,0,0
2026-10-04T14:11:38Z,emailservice,checkoutservice,0,0,0,0,0,0,0
2026-10-04T14:11:38Z,emailservice,currencyservice,0,0,0,0,0,0,0
2026-10-04T14:11:38Z,emailservice,emailservice,0,0,0,0,0,0,0
2026-10-04T14:11:38Z,emailservice,frontend,0,0,0,0,0,0,0
2026-10-04T14:11:38Z,emailservice,kubernetes,0,0,0,0,0,0,0
2026-10-04T14:11:38Z,emailservice,paymentservice,0,0,0,0,0,0,0
2026-10-04T14:11:38Z,emailservice,productcatalogservice,0,0,0,0,0,0,0
2026-10-04T14:11:38Z,emailservice,recommendationservice,0,0,0,0,0,0,0
2026-10-04T14:11:38Z,emailservice,redis-cart,0,0,0,0,0,0,0
2026-10-04T14:11:38Z,emailservice,shippingservice,0,0,0,0,0,0,0
2026-10-04T14:11:38Z,frontend,adservice,861425,861423,0,0,0,2592461,860870
2026-10-04T14:11:38Z,frontend,cartservice,1929319,1929305,0,0,4,10635953,1927887
2026-10-04T14:11:38Z,frontend,checkoutservice,405124,195149,0,40061,169946,63278255,194962
2026-10-04T14:11:38Z,frontend,currencyservice,3065285,3065272,0,0,0,16066041,3063052
2026-10-04T14:11:38Z,frontend,emailservice,0,0,0,0,0,0,0
2026-10-04T14:11:38Z,frontend,frontend,0,0,0,0,0,0,0
2026-10-04T14:11:38Z,frontend,kubernetes,0,0,0,0,0,0,0
2026-10-04T14:11:38Z,frontend,paymentservice,0,0,0,0,0,0,0
2026-10-04T14:11:38Z,frontend,productcatalogservice,8566071,8566002,0,0,0,58374408,8560333
2026-10-04T14:11:38Z,frontend,recommendationservice,2824113,1703179,0,118196,1000209,860250856,1701927
2026-10-04T14:11:38Z,frontend,redis-cart,0,0,0,0,0,0,0
2026-10-04T14:11:38Z,frontend,shippingservice,315778,315776,0,0,0,953198,315617
2026-10-04T14:11:38Z,paymentservice,adservice,0,0,0,0,0,0,0
2026-10-04T14:11:38Z,paymentservice,cartservice,0,0,0,0,0,0,0
2026-10-04T14:11:38Z,paymentservice,checkoutservice,0,0,0,0,0,0,0
2026-10-04T14:11:38Z,paymentservice,currencyservice,0,0,0,0,0,0,0
2026-10-04T14:11:38Z,paymentservice,emailservice,0,0,0,0,0,0,0
2026-10-04T14:11:38Z,paymentservice,frontend,0,0,0,0,0,0,0
2026-10-04T14:11:38Z,paymentservice,kubernetes,0,0,0,0,0,0,0
2026-10-04T14:11:38Z,paymentservice,paymentservice,0,0,0,0,0,0,0
2026-10-04T14:11:38Z,paymentservice,productcatalogservice,0,0,0,0,0,0,0
2026-10-04T14:11:38Z,paymentservice,recommendationservice,0,0,0,0,0,0,0
2026-10-04T14:11:38Z,paymentservice,redis-cart,0,0,0,0,0,0,0
2026-10-04T14:11:38Z,paymentservice,shippingservice,0,0,0,0,0,0,0
2026-10-04T14:11:38Z,productcatalogservice,adservice,0,0,0,0,0,0,0
2026-10-04T14:11:38Z,productcatalogservice,cartservice,0,0,0,0,0,0,0
2026-10-04T14:11:38Z,productcatalogservice,checkoutservice,0,0,0,0,0,0,0
2026-10-04T14:11:38Z,productcatalogservice,currencyservice,0,0,0,0,0,0,0
2026-10-04T14:11:38Z,productcatalogservice,emailservice,0,0,0,0,0,0,0
2026-10-04T14:11:38Z,productcatalogservice,frontend,0,0,0,0,0,0,0
2026-10-04T14:11:38Z,productcatalogservice,kubernetes,0,0,0,0,0,0,0
2026-10-04T14:11:38Z,productcatalogservice,paymentservice,0,0,0,0,0,0,0
2026-10-04T14:11:38Z,productcatalogservice,productcatalogservice,0,0,0,0,0,0,0
2026-10-04T14:11:38Z,productcatalogservice,recommendationservice,0,0,0,0,0,0,0
2026-10-04T14:11:38Z,productcatalogservice,redis-cart,0,0,0,0,0,0,0
2026-10-04T14:11:38Z,productcatalogservice,shippingservice,0,0,0,0,0,0,0
2026-10-04T14:11:38Z,recommendationservice,adservice,0,0,0,0,0,0,0
2026-10-04T14:11:38Z,recommendationservice,cartservice,0,0,0,0,0,0,0
2026-10-04T14:11:38Z,recommendationservice,checkoutservice,0,0,0,0,0,0,0
2026-10-04T14:11:38Z,recommendationservice,currencyservice,0,0,0,0,0,0,0
2026-10-04T14:11:38Z,recommendationservice,emailservice,0,0,0,0,0,0,0
2026-10-04T14:11:38Z,recommendationservice,frontend,0,0,0,0,0,0,0
2026-10-04T14:11:38Z,recommendationservice,kubernetes,0,0,0,0,0,0,0
2026-10-04T14:11:38Z,recommendationservice,paymentservice,0,0,0,0,0,0,0
2026-10-04T14:11:38Z,recommendationservice,productcatalogservice,202284,202280,0,0,0,1321934,200988
2026-10-04T14:11:38Z,recommendationservice,recommendationservice,0,0,0,0,0,0,0
2026-10-04T14:11:38Z,recommendationservice,redis-cart,0,0,0,0,0,0,0
2026-10-04T14:11:38Z,recommendationservice,shippingservice,0,0,0,0,0,0,0
2026-10-04T14:11:38Z,redis-cart,adservice,0,0,0,0,0,0,0
2026-10-04T14:11:38Z,redis-cart,cartservice,0,0,0,0,0,0,0
2026-10-04T14:11:38Z,redis-cart,checkoutservice,0,0,0,0,0,0,0
2026-10-04T14:11:38Z,redis-cart,currencyservice,0,0,0,0,0,0,0
2026-10-04T14:11:38Z,redis-cart,emailservice,0,0,0,0,0,0,0
2026-10-04T14:11:38Z,redis-cart,frontend,0,0,0,0,0,0,0
2026-10-04T14:11:38Z,redis-cart,kubernetes,0,0,0,0,0,0,0
2026-10-04T14:11:38Z,redis-cart,paymentservice,0,0,0,0,0,0,0
2026-10-04T14:11:38Z,redis-cart,productcatalogservice,0,0,0,0,0,0,0
2026-10-04T14:11:38Z,redis-cart,recommendationservice,0,0,0,0,0,0,0
2026-10-04T14:11:38Z,redis-cart,redis-cart,0,0,0,0,0,0,0
2026-10-04T14:11:38Z,redis-cart,shippingservice,0,0,0,0,0,0,0
2026-10-04T14:11:38Z,shippingservice,adservice,0,0,0,0,0,0,0
2026-10-04T14:11:38Z,shippingservice,cartservice,0,0,0,0,0,0,0
2026-10-04T14:11:38Z,shippingservice,checkoutservice,0,0,0,0,0,0,0
2026-10-04T14:11:38Z,shippingservice,currencyservice,0,0,0,0,0,0,0
2026-10-04T14:11:38Z,shippingservice,emailservice,0,0,0,0,0,0,0
2026-10-04T14:11:38Z,shippingservice,frontend,0,0,0,0,0,0,0
2026-10-04T14:11:38Z,shippingservice,kubernetes,0,0,0,0,0,0,0
2026-10-04T14:11:38Z,shippingservice,paymentservice,0,0,0,0,0,0,0
2026-10-04T14:11:38Z,shippingservice,productcatalogservice,0,0,0,0,0,0,0
2026-10-04T14:11:38Z,shippingservice,recommendationservice,0,0,0,0,0,0,0
2026-10-04T14:11:38Z,shippingservice,redis-cart,0,0,0,0,0,0,0
2026-10-04T14:11:38Z,shippingservice,shippingservice,0,0,0,0,0,0,0
2026-10-04T14:11:39Z,adservice,adservice,0,0,0,0,0,0,0
2026-10-04T14:11:39Z,adservice,cartservice,0,0,0,0,0,0,0
2026-10-04T14:11:39Z,adservice,checkoutservice,0,0,0,0,0,0,0
2026-10-04T14:11:39Z,adservice,currencyservice,0,0,0,0,0,0,0
2026-10-04T14:11:39Z,adservice,emailservice,0,0,0,0,0,0,0
2026-10-04T14:11:39Z,adservice,frontend,0,0,0,0,0,0,0
2026-10-04T14:11:39Z,adservice,kubernetes,0,0,0,0,0,0,0
2026-10-04T14:11:39Z,adservice,paymentservice,0,0,0,0,0,0,0
2026-10-04T14:11:39Z,adservice,productcatalogservice,0,0,0,0,0,0,0
2026-10-04T14:11:39Z,adservice,recommendationservice,0,0,0,0,0,0,0
2026-10-04T14:11:39Z,adservice,redis-cart,0,0,0,0,0,0,0
2026-10-04T14:11:39Z,adservice,shippingservice,0,0,0,0,0,0,0
2026-10-04T14:11:39Z,cartservice,adservice,0,0,0,0,0,0,0
2026-10-04T14:11:39Z,cartservice,cartservice,0,0,0,0,0,0,0
2026-10-04T14:11:39Z,cartservice,checkoutservice,0,0,0,0,0,0,0
2026-10-04T14:11:39Z,cartservice,currencyservice,0,0,0,0,0,0,0
2026-10-04T14:11:39Z,cartservice,emailservice,0,0,0,0,0,0,0
2026-10-04T14:11:39Z,cartservice,frontend,0,0,0,0,0,0,0
2026-10-04T14:11:39Z,cartservice,kubernetes,0,0,0,0,0,0,0
2026-10-04T14:11:39Z,cartservice,paymentservice,0,0,0,0,0,0,0
2026-10-04T14:11:39Z,cartservice,productcatalogservice,0,0,0,0,0,0,0
2026-10-04T14:11:39Z,cartservice,recommendationservice,0,0,0,0,0,0,0
2026-10-04T14:11:39Z,cartservice,redis-cart,2,0,0,0,0,0,0
2026-10-04T14:11:39Z,cartservice,shippingservice,0,0,0,0,0,0,0
2026-10-04T14:11:39Z,checkoutservice,adservice,0,0,0,0,0,0,0
2026-10-04T14:11:39Z,checkoutservice,cartservice,69580,68648,0,100,0,740349,68394
2026-10-04T14:11:39Z,checkoutservice,checkoutservice,0,0,0,0,0,0,0
2026-10-04T14:11:39Z,checkoutservice,currencyservice,46189,46189,0,0,0,585842,46064
2026-10-04T14:11:39Z,checkoutservice,emailservice,17423,17133,0,66,0,544645,17005
2026-10-04T14:11:39Z,checkoutservice,frontend,0,0,0,0,0,0,0
2026-10-04T14:11:39Z,checkoutservice,kubernetes,0,0,0,0,0,0,0
2026-10-04T14:11:39Z,checkoutservice,paymentservice,39452,37603,0,192,0,459298,37334
2026-10-04T14:11:39Z,checkoutservice,productcatalogservice,0,0,0,0,0,0,0
2026-10-04T14:11:39Z,checkoutservice,recommendationservice,0,0,0,0,0,0,0
2026-10-04T14:11:39Z,checkoutservice,redis-cart,0,0,0,0,0,0,0
2026-10-04T14:11:39Z,checkoutservice,shippingservice,74890,72787,0,154,0,531281,72533
2026-10-04T14:11:39Z,currencyservice,adservice,0,0,0,0,0,0,0
2026-10-04T14:11:39Z,currencyservice,cartservice,0,0,0,0,0,0,0
2026-10-04T14:11:39Z,currencyservice,checkoutservice,0,0,0,0,0,0,0
2026-10-04T14:11:39Z,currencyservice,currencyservice,0,0,0,0,0,0,0
2026-10-04T14:11:39Z,currencyservice,emailservice,0,0,0,0,0,0,0
2026-10-04T14:11:39Z,currencyservice,frontend,0,0,0,0,0,0,0
2026-10-04T14:11:39Z,currencyservice,kubernetes,0,0,0,0,0,0,0
2026-10-04T14:11:39Z,currencyservice,paymentservice,0,0,0,0,0,0,0
2026-10-04T14:11:39Z,currencyservice,productcatalogservice,0,0,0,0,0,0,0
2026-10-04T14:11:39Z,currencyservice,recommendationservice,0,0,0,0,0,0,0
2026-10-04T14:11:39Z,currencyservice,redis-cart,0,0,0,0,0,0,0
2026-10-04T14:11:39Z,currencyservice,shippingservice,0,0,0,0,0,0,0
2026-10-04T14:11:39Z,emailservice,adservice,0,0,0,0,0,0,0
2026-10-04T14:11:39Z,emailservice,cartservice,0,0,0,0,0,0,0
2026-10-04T14:11:39Z,emailservice,checkoutservice,0,0,0,0,0,0,0
2026-10-04T14:11:39Z,emailservice,currencyservice,0,0,0,0,0,0,0
2026-10-04T14:11:39Z,emailservice,emailservice,0,0,0,0,0,0,0
2026-10-04T14:11:39Z,emailservice,frontend,0,0,0,0,0,0,0
2026-10-04T14:11:39Z,emailservice,kubernetes,0,0,0,0,0,0,0
2026-10-04T14:11:39Z,emailservice,paymentservice,0,0,0,0,0,0,0
2026-10-04T14:11:39Z,emailservice,productcatalogservice,0,0,0,0,0,0,0
2026-10-04T14:11:39Z,emailservice,recommendationservice,0,0,0,0,0,0,0
2026-10-04T14:11:39Z,emailservice,redis-cart,0,0,0,0,0,0,0
2026-10-04T14:11:39Z,emailservice,shippingservice,0,0,0,0,0,0,0
2026-10-04T14:11:39Z,frontend,adservice,861591,861589,0,0,0,2593819,861313
2026-10-04T14:11:39Z,frontend,cartservice,1929709,1929696,0,0,4,10641251,1929025
2026-10-04T14:11:39Z,frontend,checkoutservice,405184,195209,0,40061,169946,63292915,195117
2026-10-04T14:11:39Z,frontend,currencyservice,3065908,3065898,0,0,0,16072910,3064855
2026-10-04T14:11:39Z,frontend,emailservice,0,0,0,0,0,0,0
2026-10-04T14:11:39Z,frontend,frontend,0,0,0,0,0,0,0
2026-10-04T14:11:39Z,frontend,kubernetes,0,0,0,0,0,0,0
2026-10-04T14:11:39Z,frontend,paymentservice,0,0,0,0,0,0,0
2026-10-04T14:11:39Z,frontend,productcatalogservice,8567805,8567734,0,0,0,58402440,8564971
2026-10-04T14:11:39Z,frontend,recommendationservice,2824830,1703540,0,118219,1000553,861038386,1702955
2026-10-04T14:11:39Z,frontend,redis-cart,0,0,0,0,0,0,0
2026-10-04T14:11:39Z,frontend,shippingservice,315840,315838,0,0,0,953574,315755
2026-10-04T14:11:39Z,paymentservice,adservice,0,0,0,0,0,0,0
2026-10-04T14:11:39Z,paymentservice,cartservice,0,0,0,0,0,0,0
2026-10-04T14:11:39Z,paymentservice,checkoutservice,0,0,0,0,0,0,0
2026-10-04T14:11:39Z,paymentservice,currencyservice,0,0,0,0,0,0,0
2026-10-04T14:11:39Z,paymentservice,emailservice,0,0,0,0,0,0,0
2026-10-04T14:11:39Z,paymentservice,frontend,0,0,0,0,0,0,0
2026-10-04T14:11:39Z,paymentservice,kubernetes,0,0,0,0,0,0,0
2026-10-04T14:11:39Z,paymentservice,paymentservice,0,0,0,0,0,0,0
2026-10-04T14:11:39Z,paymentservice,productcatalogservice,0,0,0,0,0,0,0
2026-10-04T14:11:39Z,paymentservice,recommendationservice,0,0,0,0,0,0,0
2026-10-04T14:11:39Z,paymentservice,redis-cart,0,0,0,0,0,0,0
2026-10-04T14:11:39Z,paymentservice,shippingservice,0,0,0,0,0,0,0
2026-10-04T14:11:39Z,productcatalogservice,adservice,0,0,0,0,0,0,0
2026-10-04T14:11:39Z,productcatalogservice,cartservice,0,0,0,0,0,0,0
2026-10-04T14:11:39Z,productcatalogservice,checkoutservice,0,0,0,0,0,0,0
2026-10-04T14:11:39Z,productcatalogservice,currencyservice,0,0,0,0,0,0,0
2026-10-04T14:11:39Z,productcatalogservice,emailservice,0,0,0,0,0,0,0
2026-10-04T14:11:39Z,productcatalogservice,frontend,0,0,0,0,0,0,0
2026-10-04T14:11:39Z,productcatalogservice,kubernetes,0,0,0,0,0,0,0
2026-10-04T14:11:39Z,productcatalogservice,paymentservice,0,0,0,0,0,0,0
2026-10-04T14:11:39Z,productcatalogservice,productcatalogservice,0,0,0,0,0,0,0
2026-10-04T14:11:39Z,productcatalogservice,recommendationservice,0,0,0,0,0,0,0
2026-10-04T14:11:39Z,productcatalogservice,redis-cart,0,0,0,0,0,0,0
2026-10-04T14:11:39Z,productcatalogservice,shippingservice,0,0,0,0,0,0,0
2026-10-04T14:11:39Z,recommendationservice,adservice,0,0,0,0,0,0,0
2026-10-04T14:11:39Z,recommendationservice,cartservice,0,0,0,0,0,0,0
2026-10-04T14:11:39Z,recommendationservice,checkoutservice,0,0,0,0,0,0,0
2026-10-04T14:11:39Z,recommendationservice,currencyservice,0,0,0,0,0,0,0
2026-10-04T14:11:39Z,recommendationservice,emailservice,0,0,0,0,0,0,0
2026-10-04T14:11:39Z,recommendationservice,frontend,0,0,0,0,0,0,0
2026-10-04T14:11:39Z,recommendationservice,kubernetes,0,0,0,0,0,0,0
2026-10-04T14:11:39Z,recommendationservice,paymentservice,0,0,0,0,0,0,0
2026-10-04T14:11:39Z,recommendationservice,productcatalogservice,202729,202729,0,0,0,1321934,200988
2026-10-04T14:11:39Z,recommendationservice,recommendationservice,0,0,0,0,0,0,0
2026-10-04T14:11:39Z,recommendationservice,redis-cart,0,0,0,0,0,0,0
2026-10-04T14:11:39Z,recommendationservice,shippingservice,0,0,0,0,0,0,0
2026-10-04T14:11:39Z,redis-cart,adservice,0,0,0,0,0,0,0
2026-10-04T14:11:39Z,redis-cart,cartservice,0,0,0,0,0,0,0
2026-10-04T14:11:39Z,redis-cart,checkoutservice,0,0,0,0,0,0,0
2026-10-04T14:11:39Z,redis-cart,currencyservice,0,0,0,0,0,0,0
2026-10-04T14:11:39Z,redis-cart,emailservice,0,0,0,0,0,0,0
2026-10-04T14:11:39Z,redis-cart,frontend,0,0,0,0,0,0,0
2026-10-04T14:11:39Z,redis-cart,kubernetes,0,0,0,0,0,0,0
2026-10-04T14:11:39Z,redis-cart,paymentservice,0,0,0,0,0,0,0
2026-10-04T14:11:39Z,redis-cart,productcatalogservice,0,0,0,0,0,0,0
2026-10-04T14:11:39Z,redis-cart,recommendationservice,0,0,0,0,0,0,0
2026-10-04T14:11:39Z,redis-cart,redis-cart,0,0,0,0,0,0,0
2026-10-04T14:11:39Z,redis-cart,shippingservice,0,0,0,0,0,0,0
2026-10-04T14:11:39Z,shippingservice,adservice,0,0,0,0,0,0,0
2026-10-04T14:11:39Z,shippingservice,cartservice,0,0,0,0,0,0,0
2026-10-04T14:11:39Z,shippingservice,checkoutservice,0,0,0,0,0,0,0
2026-10-04T14:11:39Z,shippingservice,currencyservice,0,0,0,0,0,0,0
2026-10-04T14:11:39Z,shippingservice,emailservice,0,0,0,0,0,0,0
2026-10-04T14:11:39Z,shippingservice,frontend,0,0,0,0,0,0,0
2026-10-04T14:11:39Z,shippingservice,kubernetes,0,0,0,0,0,0,0
2026-10-04T14:11:39Z,shippingservice,paymentservice,0,0,0,0,0,0,0
2026-10-04T14:11:39Z,shippingservice,productcatalogservice,0,0,0,0,0,0,0
2026-10-04T14:11:39Z,shippingservice,recommendationservice,0,0,0,0,0,0,0
2026-10-04T14:11:39Z,shippingservice,redis-cart,0,0,0,0,0,0,0
2026-10-04T14:11:39Z,shippingservice,shippingservice,0,0,0,0,0,0,0
2026-10-04T14:11:40Z,adservice,adservice,0,0,0,0,0,0,0
2026-10-04T14:11:40Z,adservice,cartservice,0,0,0,0,0,0,0
2026-10-04T14:11:40Z,adservice,checkoutservice,0,0,0,0,0,0,0
2026-10-04T14:11:40Z,adservice,currencyservice,0,0,0,0,0,0,0
2026-10-04T14:11:40Z,adservice,emailservice,0,0,0,0,0,0,0
2026-10-04T14:11:40Z,adservice,frontend,0,0,0,0,0,0,0
2026-10-04T14:11:40Z,adservice,kubernetes,0,0,0,0,0,0,0
2026-10-04T14:11:40Z,adservice,paymentservice,0,0,0,0,0,0,0
2026-10-04T14:11:40Z,adservice,productcatalogservice,0,0,0,0,0,0,0
2026-10-04T14:11:40Z,adservice,recommendationservice,0,0,0,0,0,0,0
2026-10-04T14:11:40Z,adservice,redis-cart,0,0,0,0,0,0,0
2026-10-04T14:11:40Z,adservice,shippingservice,0,0,0,0,0,0,0
2026-10-04T14:11:40Z,cartservice,adservice,0,0,0,0,0,0,0
2026-10-04T14:11:40Z,cartservice,cartservice,0,0,0,0,0,0,0
2026-10-04T14:11:40Z,cartservice,checkoutservice,0,0,0,0,0,0,0
2026-10-04T14:11:40Z,cartservice,currencyservice,0,0,0,0,0,0,0
2026-10-04T14:11:40Z,cartservice,emailservice,0,0,0,0,0,0,0
2026-10-04T14:11:40Z,cartservice,frontend,0,0,0,0,0,0,0
2026-10-04T14:11:40Z,cartservice,kubernetes,0,0,0,0,0,0,0
2026-10-04T14:11:40Z,cartservice,paymentservice,0,0,0,0,0,0,0
2026-10-04T14:11:40Z,cartservice,productcatalogservice,0,0,0,0,0,0,0
2026-10-04T14:11:40Z,cartservice,recommendationservice,0,0,0,0,0,0,0
2026-10-04T14:11:40Z,cartservice,redis-cart,2,0,0,0,0,0,0
2026-10-04T14:11:40Z,cartservice,shippingservice,0,0,0,0,0,0,0
2026-10-04T14:11:40Z,checkoutservice,adservice,0,0,0,0,0,0,0
2026-10-04T14:11:40Z,checkoutservice,cartservice,69686,68753,0,100,0,740349,68394
2026-10-04T14:11:40Z,checkoutservice,checkoutservice,0,0,0,0,0,0,0
2026-10-04T14:11:40Z,checkoutservice,currencyservice,46241,46241,0,0,0,585842,46064
2026-10-04T14:11:40Z,checkoutservice,emailservice,17474,17186,0,66,0,544645,17005
2026-10-04T14:11:40Z,checkoutservice,frontend,0,0,0,0,0,0,0
2026-10-04T14:11:40Z,checkoutservice,kubernetes,0,0,0,0,0,0,0
2026-10-04T14:11:40Z,checkoutservice,paymentservice,39507,37657,0,192,0,459298,37334
2026-10-04T14:11:40Z,checkoutservice,productcatalogservice,0,0,0,0,0,0,0
2026-10-04T14:11:40Z,checkoutservice,recommendationservice,0,0,0,0,0,0,0
2026-10-04T14:11:40Z,checkoutservice,redis-cart,0,0,0,0,0,0,0
2026-10-04T14:11:40Z,checkoutservice,shippingservice,74996,72892,0,154,0,531281,72533
2026-10-04T14:11:40Z,currencyservice,adservice,0,0,0,0,0,0,0
2026-10-04T14:11:40Z,currencyservice,cartservice,0,0,0,0,0,0,0
2026-10-04T14:11:40Z,currencyservice,checkoutservice,0,0,0,0,0,0,0
2026-10-04T14:11:40Z,currencyservice,currencyservice,0,0,0,0,0,0,0
2026-10-04T14:11:40Z,currencyservice,emailservice,0,0,0,0,0,0,0
2026-10-04T14:11:40Z,currencyservice,frontend,0,0,0,0,0,0,0
2026-10-04T14:11:40Z,currencyservice,kubernetes,0,0,0,0,0,0,0
2026-10-04T14:11:40Z,currencyservice,paymentservice,0,0,0,0,0,0,0
2026-10-04T14:11:40Z,currencyservice,productcatalogservice,0,0,0,0,0,0,0
2026-10-04T14:11:40Z,currencyservice,recommendationservice,0,0,0,0,0,0,0
2026-10-04T14:11:40Z,currencyservice,redis-cart,0,0,0,0,0,0,0
2026-10-04T14:11:40Z,currencyservice,shippingservice,0,0,0,0,0,0,0
2026-10-04T14:11:40Z,emailservice,adservice,0,0,0,0,0,0,0
2026-10-04T14:11:40Z,emailservice,cartservice,0,0,0,0,0,0,0
2026-10-04T14:11:40Z,emailservice,checkoutservice,0,0,0,0,0,0,0
2026-10-04T14:11:40Z,emailservice,currencyservice,0,0,0,0,0,0,0
2026-10-04T14:11:40Z,emailservice,emailservice,0,0,0,0,0,0,0
2026-10-04T14:11:40Z,emailservice,frontend,0,0,0,0,0,0,0
2026-10-04T14:11:40Z,emailservice,kubernetes,0,0,0,0,0,0,0
2026-10-04T14:11:40Z,emailservice,paymentservice,0,0,0,0,0,0,0
2026-10-04T14:11:40Z,emailservice,productcatalogservice,0,0,0,0,0,0,0
2026-10-04T14:11:40Z,emailservice,recommendationservice,0,0,0,0,0,0,0
2026-10-04T14:11:40Z,emailservice,redis-cart,0,0,0,0,0,0,0
2026-10-04T14:11:40Z,emailservice,shippingservice,0,0,0,0,0,0,0
2026-10-04T14:11:40Z,frontend,adservice,861746,861744,0,0,0,2594183,861482
2026-10-04T14:11:40Z,frontend,cartservice,1930110,1930094,0,0,4,10643330,1929448
2026-10-04T14:11:40Z,frontend,checkoutservice,405243,195260,0,40061,169946,63299802,195177
2026-10-04T14:11:40Z,frontend,currencyservice,3066552,3066541,0,0,0,16075524,3065527
2026-10-04T14:11:40Z,frontend,emailservice,0,0,0,0,0,0,0
2026-10-04T14:11:40Z,frontend,frontend,0,0,0,0,0,0,0
2026-10-04T14:11:40Z,frontend,kubernetes,0,0,0,0,0,0,0
2026-10-04T14:11:40Z,frontend,paymentservice,0,0,0,0,0,0,0
2026-10-04T14:11:40Z,frontend,productcatalogservice,8569519,8569440,0,0,0,58416601,8566679
2026-10-04T14:11:40Z,frontend,recommendationservice,2825593,1703889,0,118275,1000901,861326461,1703309
2026-10-04T14:11:40Z,frontend,redis-cart,0,0,0,0,0,0,0
2026-10-04T14:11:40Z,frontend,shippingservice,315899,315897,0,0,0,953676,315803
2026-10-04T14:11:40Z,paymentservice,adservice,0,0,0,0,0,0,0
2026-10-04T14:11:40Z,paymentservice,cartservice,0,0,0,0,0,0,0
2026-10-04T14:11:40Z,paymentservice,checkoutservice,0,0,0,0,0,0,0
2026-10-04T14:11:40Z,paymentservice,currencyservice,0,0,0,0,0,0,0
2026-10-04T14:11:40Z,paymentservice,emailservice,0,0,0,0,0,0,0
2026-10-04T14:11:40Z,paymentservice,frontend,0,0,0,0,0,0,0
2026-10-04T14:11:40Z,paymentservice,kubernetes,0,0,0,0,0,0,0
2026-10-04T14:11:40Z,paymentservice,paymentservice,0,0,0,0,0,0,0
2026-10-04T14:11:40Z,paymentservice,productcatalogservice,0,0,0,0,0,0,0
2026-10-04T14:11:40Z,paymentservice,recommendationservice,0,0,0,0,0,0,0
2026-10-04T14:11:40Z,paymentservice,redis-cart,0,0,0,0,0,0,0
2026-10-04T14:11:40Z,paymentservice,shippingservice,0,0,0,0,0,0,0
2026-10-04T14:11:40Z,productcatalogservice,adservice,0,0,0,0,0,0,0
2026-10-04T14:11:40Z,productcatalogservice,cartservice,0,0,0,0,0,0,0
2026-10-04T14:11:40Z,productcatalogservice,checkoutservice,0,0,0,0,0,0,0
2026-10-04T14:11:40Z,productcatalogservice,currencyservice,0,0,0,0,0,0,0
2026-10-04T14:11:40Z,productcatalogservice,emailservice,0,0,0,0,0,0,0
2026-10-04T14:11:40Z,productcatalogservice,frontend,0,0,0,0,0,0,0
2026-10-04T14:11:40Z,productcatalogservice,kubernetes,0,0,0,0,0,0,0
2026-10-04T14:11:40Z,productcatalogservice,paymentservice,0,0,0,0,0,0,0
2026-10-04T14:11:40Z,productcatalogservice,productcatalogservice,0,0,0,0,0,0,0
2026-10-04T14:11:40Z,productcatalogservice,recommendationservice,0,0,0,0,0,0,0
2026-10-04T14:11:40Z,productcatalogservice,redis-cart,0,0,0,0,0,0,0
2026-10-04T14:11:40Z,productcatalogservice,shippingservice,0,0,0,0,0,0,0
2026-10-04T14:11:40Z,recommendationservice,adservice,0,0,0,0,0,0,0
2026-10-04T14:11:40Z,recommendationservice,cartservice,0,0,0,0,0,0,0
2026-10-04T14:11:40Z,recommendationservice,checkoutservice,0,0,0,0,0,0,0
2026-10-04T14:11:40Z,recommendationservice,currencyservice,0,0,0,0,0,0,0
2026-10-04T14:11:40Z,recommendationservice,emailservice,0,0,0,0,0,0,0
2026-10-04T14:11:40Z,recommendationservice,frontend,0,0,0,0,0,0,0
2026-10-04T14:11:40Z,recommendationservice,kubernetes,0,0,0,0,0,0,0
2026-10-04T14:11:40Z,recommendationservice,paymentservice,0,0,0,0,0,0,0
2026-10-04T14:11:40Z,recommendationservice,productcatalogservice,203191,203182,0,0,0,1335377,203156
2026-10-04T14:11:40Z,recommendationservice,recommendationservice,0,0,0,0,0,0,0
2026-10-04T14:11:40Z,recommendationservice,redis-cart,0,0,0,0,0,0,0
2026-10-04T14:11:40Z,recommendationservice,shippingservice,0,0,0,0,0,0,0
2026-10-04T14:11:40Z,redis-cart,adservice,0,0,0,0,0,0,0
2026-10-04T14:11:40Z,redis-cart,cartservice,0,0,0,0,0,0,0
2026-10-04T14:11:40Z,redis-cart,checkoutservice,0,0,0,0,0,0,0
2026-10-04T14:11:40Z,redis-cart,currencyservice,0,0,0,0,0,0,0
2026-10-04T14:11:40Z,redis-cart,emailservice,0,0,0,0,0,0,0
2026-10-04T14:11:40Z,redis-cart,frontend,0,0,0,0,0,0,0
2026-10-04T14:11:40Z,redis-cart,kubernetes,0,0,0,0,0,0,0
2026-10-04T14:11:40Z,redis-cart,paymentservice,0,0,0,0,0,0,0
2026-10-04T14:11:40Z,redis-cart,productcatalogservice,0,0,0,0,0,0,0
2026-10-04T14:11:40Z,redis-cart,recommendationservice,0,0,0,0,0,0,0
2026-10-04T14:11:40Z,redis-cart,redis-cart,0,0,0,0,0,0,0
2026-10-04T14:11:40Z,redis-cart,shippingservice,0,0,0,0,0,0,0
2026-10-04T14:11:40Z,shippingservice,adservice,0,0,0,0,0,0,0
2026-10-04T14:11:40Z,shippingservice,cartservice,0,0,0,0,0,0,0
2026-10-04T14:11:40Z,shippingservice,checkoutservice,0,0,0,0,0,0,0
2026-10-04T14:11:40Z,shippingservice,currencyservice,0,0,0,0,0,0,0
2026-10-04T14:11:40Z,shippingservice,emailservice,0,0,0,0,0,0,0
2026-10-04T14:11:40Z,shippingservice,frontend,0,0,0,0,0,0,0
2026-10-04T14:11:40Z,shippingservice,kubernetes,0,0,0,0,0,0,0
2026-10-04T14:11:40Z,shippingservice,paymentservice,0,0,0,0,0,0,0
2026-10-04T14:11:40Z,shippingservice,productcatalogservice,0,0,0,0,0,0,0
2026-10-04T14:11:40Z,shippingservice,recommendationservice,0,0,0,0,0,0,0
2026-10-04T14:11:40Z,shippingservice,redis-cart,0,0,0,0,0,0,0
2026-10-04T14:11:40Z,shippingservice,shippingservice,0,0,0,0,0,0,0
2026-10-04T14:11:41Z,adservice,adservice,0,0,0,0,0,0,0
2026-10-04T14:11:41Z,adservice,cartservice,0,0,0,0,0,0,0
2026-10-04T14:11:41Z,adservice,checkoutservice,0,0,0,0,0,0,0
2026-10-04T14:11:41Z,adservice,currencyservice,0,0,0,0,0,0,0
2026-10-04T14:11:41Z,adservice,emailservice,0,0,0,0,0,0,0
2026-10-04T14:11:41Z,adservice,frontend,0,0,0,0,0,0,0
2026-10-04T14:11:41Z,adservice,kubernetes,0,0,0,0,0,0,0
2026-10-04T14:11:41Z,adservice,paymentservice,0,0,0,0,0,0,0
2026-10-04T14:11:41Z,adservice,productcatalogservice,0,0,0,0,0,0,0
2026-10-04T14:11:41Z,adservice,recommendationservice,0,0,0,0,0,0,0
2026-10-04T14:11:41Z,adservice,redis-cart,0,0,0,0,0,0,0
2026-10-04T14:11:41Z,adservice,shippingservice,0,0,0,0,0,0,0
2026-10-04T14:11:41Z,cartservice,adservice,0,0,0,0,0,0,0
2026-10-04T14:11:41Z,cartservice,cartservice,0,0,0,0,0,0,0
2026-10-04T14:11:41Z,cartservice,checkoutservice,0,0,0,0,0,0,0
2026-10-04T14:11:41Z,cartservice,currencyservice,0,0,0,0,0,0,0
2026-10-04T14:11:41Z,cartservice,emailservice,0,0,0,0,0,0,0
2026-10-04T14:11:41Z,cartservice,frontend,0,0,0,0,0,0,0
2026-10-04T14:11:41Z,cartservice,kubernetes,0,0,0,0,0,0,0
2026-10-04T14:11:41Z,cartservice,paymentservice,0,0,0,0,0,0,0
2026-10-04T14:11:41Z,cartservice,productcatalogservice,0,0,0,0,0,0,0
2026-10-04T14:11:41Z,cartservice,recommendationservice,0,0,0,0,0,0,0
2026-10-04T14:11:41Z,cartservice,redis-cart,2,0,0,0,0,0,0
2026-10-04T14:11:41Z,cartservice,shippingservice,0,0,0,0,0,0,0
2026-10-04T14:11:41Z,checkoutservice,adservice,0,0,0,0,0,0,0
2026-10-04T14:11:41Z,checkoutservice,cartservice,69812,68881,0,100,0,740349,68394
2026-10-04T14:11:41Z,checkoutservice,checkoutservice,0,0,0,0,0,0,0
2026-10-04T14:11:41Z,checkoutservice,currencyservice,46305,46305,0,0,0,585842,46064
2026-10-04T14:11:41Z,checkoutservice,emailservice,17538,17250,0,66,0,544645,17005
2026-10-04T14:11:41Z,checkoutservice,frontend,0,0,0,0,0,0,0
2026-10-04T14:11:41Z,checkoutservice,kubernetes,0,0,0,0,0,0,0
2026-10-04T14:11:41Z,checkoutservice,paymentservice,39571,37722,0,192,0,459298,37334
2026-10-04T14:11:41Z,checkoutservice,productcatalogservice,0,0,0,0,0,0,0
2026-10-04T14:11:41Z,checkoutservice,recommendationservice,0,0,0,0,0,0,0
2026-10-04T14:11:41Z,checkoutservice,redis-cart,0,0,0,0,0,0,0
2026-10-04T14:11:41Z,checkoutservice,shippingservice,75125,73019,0,154,0,531281,72533
2026-10-04T14:11:41Z,currencyservice,adservice,0,0,0,0,0,0,0
2026-10-04T14:11:41Z,currencyservice,cartservice,0,0,0,0,0,0,0
2026-10-04T14:11:41Z,currencyservice,checkoutservice,0,0,0,0,0,0,0
2026-10-04T14:11:41Z,currencyservice,currencyservice,0,0,0,0,0,0,0
2026-10-04T14:11:41Z,currencyservice,emailservice,0,0,0,0,0,0,0
2026-10-04T14:11:41Z,currencyservice,frontend,0,0,0,0,0,0,0
2026-10-04T14:11:41Z,currencyservice,kubernetes,0,0,0,0,0,0,0
2026-10-04T14:11:41Z,currencyservice,paymentservice,0,0,0,0,0,0,0
2026-10-04T14:11:41Z,currencyservice,productcatalogservice,0,0,0,0,0,0,0
2026-10-04T14:11:41Z,currencyservice,recommendationservice,0,0,0,0,0,0,0
2026-10-04T14:11:41Z,currencyservice,redis-cart,0,0,0,0,0,0,0
2026-10-04T14:11:41Z,currencyservice,shippingservice,0,0,0,0,0,0,0
2026-10-04T14:11:41Z,emailservice,adservice,0,0,0,0,0,0,0
2026-10-04T14:11:41Z,emailservice,cartservice,0,0,0,0,0,0,0
2026-10-04T14:11:41Z,emailservice,checkoutservice,0,0,0,0,0,0,0
2026-10-04T14:11:41Z,emailservice,currencyservice,0,0,0,0,0,0,0
2026-10-04T14:11:41Z,emailservice,emailservice,0,0,0,0,0,0,0
2026-10-04T14:11:41Z,emailservice,frontend,0,0,0,0,0,0,0
2026-10-04T14:11:41Z,emailservice,kubernetes,0,0,0,0,0,0,0
2026-10-04T14:11:41Z,emailservice,paymentservice,0,0,0,0,0,0,0
2026-10-04T14:11:41Z,emailservice,productcatalogservice,0,0,0,0,0,0,0
2026-10-04T14:11:41Z,emailservice,recommendationservice,0,0,0,0,0,0,0
2026-10-04T14:11:41Z,emailservice,redis-cart,0,0,0,0,0,0,0
2026-10-04T14:11:41Z,emailservice,shippingservice,0,0,0,0,0,0,0
2026-10-04T14:11:41Z,frontend,adservice,861875,861872,0,0,0,2594183,861482
2026-10-04T14:11:41Z,frontend,cartservice,1930518,1930505,0,0,4,10643330,1929448
2026-10-04T14:11:41Z,frontend,checkoutservice,405305,195332,0,40061,169946,63299802,195177
2026-10-04T14:11:41Z,frontend,currencyservice,3067197,3067184,0,0,0,16075524,3065527
2026-10-04T14:11:41Z,frontend,emailservice,0,0,0,0,0,0,0
2026-10-04T14:11:41Z,frontend,frontend,0,0,0,0,0,0,0
2026-10-04T14:11:41Z,frontend,kubernetes,0,0,0,0,0,0,0
2026-10-04T14:11:41Z,frontend,paymentservice,0,0,0,0,0,0,0
2026-10-04T14:11:41Z,frontend,productcatalogservice,8571011,8570935,0,0,0,58416601,8566679
2026-10-04T14:11:41Z,frontend,recommendationservice,2826325,1704256,0,118316,1001228,861326461,1703309
2026-10-04T14:11:41Z,frontend,redis-cart,0,0,0,0,0,0,0
2026-10-04T14:11:41Z,frontend,shippingservice,315941,315939,0,0,0,953676,315803
2026-10-04T14:11:41Z,paymentservice,adservice,0,0,0,0,0,0,0
2026-10-04T14:11:41Z,paymentservice,cartservice,0,0,0,0,0,0,0
2026-10-04T14:11:41Z,paymentservice,checkoutservice,0,0,0,0,0,0,0
2026-10-04T14:11:41Z,paymentservice,currencyservice,0,0,0,0,0,0,0
2026-10-04T14:11:41Z,paymentservice,emailservice,0,0,0,0,0,0,0
2026-10-04T14:11:41Z,paymentservice,frontend,0,0,0,0,0,0,0
2026-10-04T14:11:41Z,paymentservice,kubernetes,0,0,0,0,0,0,0
2026-10-04T14:11:41Z,paymentservice,paymentservice,0,0,0,0,0,0,0
2026-10-04T14:11:41Z,paymentservice,productcatalogservice,0,0,0,0,0,0,0
2026-10-04T14:11:41Z,paymentservice,recommendationservice,0,0,0,0,0,0,0
2026-10-04T14:11:41Z,paymentservice,redis-cart,0,0,0,0,0,0,0
2026-10-04T14:11:41Z,paymentservice,shippingservice,0,0,0,0,0,0,0
2026-10-04T14:11:41Z,productcatalogservice,adservice,0,0,0,0,0,0,0
2026-10-04T14:11:41Z,productcatalogservice,cartservice,0,0,0,0,0,0,0
2026-10-04T14:11:41Z,productcatalogservice,checkoutservice,0,0,0,0,0,0,0
2026-10-04T14:11:41Z,productcatalogservice,currencyservice,0,0,0,0,0,0,0
2026-10-04T14:11:41Z,productcatalogservice,emailservice,0,0,0,0,0,0,0
2026-10-04T14:11:41Z,productcatalogservice,frontend,0,0,0,0,0,0,0
2026-10-04T14:11:41Z,productcatalogservice,kubernetes,0,0,0,0,0,0,0
2026-10-04T14:11:41Z,productcatalogservice,paymentservice,0,0,0,0,0,0,0
2026-10-04T14:11:41Z,productcatalogservice,productcatalogservice,0,0,0,0,0,0,0
2026-10-04T14:11:41Z,productcatalogservice,recommendationservice,0,0,0,0,0,0,0
2026-10-04T14:11:41Z,productcatalogservice,redis-cart,0,0,0,0,0,0,0
2026-10-04T14:11:41Z,productcatalogservice,shippingservice,0,0,0,0,0,0,0
2026-10-04T14:11:41Z,recommendationservice,adservice,0,0,0,0,0,0,0
2026-10-04T14:11:41Z,recommendationservice,cartservice,0,0,0,0,0,0,0
2026-10-04T14:11:41Z,recommendationservice,checkoutservice,0,0,0,0,0,0,0
2026-10-04T14:11:41Z,recommendationservice,currencyservice,0,0,0,0,0,0,0
2026-10-04T14:11:41Z,recommendationservice,emailservice,0,0,0,0,0,0,0
2026-10-04T14:11:41Z,recommendationservice,frontend,0,0,0,0,0,0,0
2026-10-04T14:11:41Z,recommendationservice,kubernetes,0,0,0,0,0,0,0
2026-10-04T14:11:41Z,recommendationservice,paymentservice,0,0,0,0,0,0,0
2026-10-04T14:11:41Z,recommendationservice,productcatalogservice,203602,203602,0,0,0,1335377,203156
2026-10-04T14:11:41Z,recommendationservice,recommendationservice,0,0,0,0,0,0,0
2026-10-04T14:11:41Z,recommendationservice,redis-cart,0,0,0,0,0,0,0
2026-10-04T14:11:41Z,recommendationservice,shippingservice,0,0,0,0,0,0,0
2026-10-04T14:11:41Z,redis-cart,adservice,0,0,0,0,0,0,0
2026-10-04T14:11:41Z,redis-cart,cartservice,0,0,0,0,0,0,0
2026-10-04T14:11:41Z,redis-cart,checkoutservice,0,0,0,0,0,0,0
2026-10-04T14:11:41Z,redis-cart,currencyservice,0,0,0,0,0,0,0
2026-10-04T14:11:41Z,redis-cart,emailservice,0,0,0,0,0,0,0
2026-10-04T14:11:41Z,redis-cart,frontend,0,0,0,0,0,0,0
2026-10-04T14:11:41Z,redis-cart,kubernetes,0,0,0,0,0,0,0
2026-10-04T14:11:41Z,redis-cart,paymentservice,0,0,0,0,0,0,0
2026-10-04T14:11:41Z,redis-cart,productcatalogservice,0,0,0,0,0,0,0
2026-10-04T14:11:41Z,redis-cart,recommendationservice,0,0,0,0,0,0,0
2026-10-04T14:11:41Z,redis-cart,redis-cart,0,0,0,0,0,0,0
2026-10-04T14:11:41Z,redis-cart,shippingservice,0,0,0,0,0,0,0
2026-10-04T14:11:41Z,shippingservice,adservice,0,0,0,0,0,0,0
2026-10-04T14:11:41Z,shippingservice,cartservice,0,0,0,0,0,0,0
2026-10-04T14:11:41Z,shippingservice,checkoutservice,0,0,0,0,0,0,0
2026-10-04T14:11:41Z,shippingservice,currencyservice,0,0,0,0,0,0,0
2026-10-04T14:11:41Z,shippingservice,emailservice,0,0,0,0,0,0,0
2026-10-04T14:11:41Z,shippingservice,frontend,0,0,0,0,0,0,0
2026-10-04T14:11:41Z,shippingservice,kubernetes,0,0,0,0,0,0,0
2026-10-04T14:11:41Z,shippingservice,paymentservice,0,0,0,0,0,0,0
2026-10-04T14:11:41Z,shippingservice,productcatalogservice,0,0,0,0,0,0,0
2026-10-04T14:11:41Z,shippingservice,recommendationservice,0,0,0,0,0,0,0
2026-10-04T14:11:41Z,shippingservice,redis-cart,0,0,0,0,0,0,0
2026-10-04T14:11:41Z,shippingservice,shippingservice,0,0,0,0,0,0,0
2026-10-04T14:11:42Z,adservice,adservice,0,0,0,0,0,0,0
2026-10-04T14:11:42Z,adservice,cartservice,0,0,0,0,0,0,0
2026-10-04T14:11:42Z,adservice,checkoutservice,0,0,0,0,0,0,0
2026-10-04T14:11:42Z,adservice,currencyservice,0,0,0,0,0,0,0
2026-10-04T14:11:42Z,adservice,emailservice,0,0,0,0,0,0,0
2026-10-04T14:11:42Z,adservice,frontend,0,0,0,0,0,0,0
2026-10-04T14:11:42Z,adservice,kubernetes,0,0,0,0,0,0,0
2026-10-04T14:11:42Z,adservice,paymentservice,0,0,0,0,0,0,0
2026-10-04T14:11:42Z,adservice,productcatalogservice,0,0,0,0,0,0,0
2026-10-04T14:11:42Z,adservice,recommendationservice,0,0,0,0,0,0,0
2026-10-04T14:11:42Z,adservice,redis-cart,0,0,0,0,0,0,0
2026-10-04T14:11:42Z,adservice,shippingservice,0,0,0,0,0,0,0
2026-10-04T14:11:42Z,cartservice,adservice,0,0,0,0,0,0,0
2026-10-04T14:11:42Z,cartservice,cartservice,0,0,0,0,0,0,0
2026-10-04T14:11:42Z,cartservice,checkoutservice,0,0,0,0,0,0,0
2026-10-04T14:11:42Z,cartservice,currencyservice,0,0,0,0,0,0,0
2026-10-04T14:11:42Z,cartservice,emailservice,0,0,0,0,0,0,0
2026-10-04T14:11:42Z,cartservice,frontend,0,0,0,0,0,0,0
2026-10-04T14:11:42Z,cartservice,kubernetes,0,0,0,0,0,0,0
2026-10-04T14:11:42Z,cartservice,paymentservice,0,0,0,0,0,0,0
2026-10-04T14:11:42Z,cartservice,productcatalogservice,0,0,0,0,0,0,0
2026-10-04T14:11:42Z,cartservice,recommendationservice,0,0,0,0,0,0,0
2026-10-04T14:11:42Z,cartservice,redis-cart,2,0,0,0,0,0,0
2026-10-04T14:11:42Z,cartservice,shippingservice,0,0,0,0,0,0,0
2026-10-04T14:11:42Z,checkoutservice,adservice,0,0,0,0,0,0,0
2026-10-04T14:11:42Z,checkoutservice,cartservice,69926,68995,0,100,0,743155,68991
2026-10-04T14:11:42Z,checkoutservice,checkoutservice,0,0,0,0,0,0,0
2026-10-04T14:11:42Z,checkoutservice,currencyservice,46360,46360,0,0,0,587216,46360
2026-10-04T14:11:42Z,checkoutservice,emailservice,17598,17310,0,66,0,557159,17305
2026-10-04T14:11:42Z,checkoutservice,frontend,0,0,0,0,0,0,0
2026-10-04T14:11:42Z,checkoutservice,kubernetes,0,0,0,0,0,0,0
2026-10-04T14:11:42Z,checkoutservice,paymentservice,39626,37778,0,192,0,461059,37630
2026-10-04T14:11:42Z,checkoutservice,productcatalogservice,0,0,0,0,0,0,0
2026-10-04T14:11:42Z,checkoutservice,recommendationservice,0,0,0,0,0,0,0
2026-10-04T14:11:42Z,checkoutservice,redis-cart,0,0,0,0,0,0,0
2026-10-04T14:11:42Z,checkoutservice,shippingservice,75236,73133,0,154,0,532549,73130
2026-10-04T14:11:42Z,currencyservice,adservice,0,0,0,0,0,0,0
2026-10-04T14:11:42Z,currencyservice,cartservice,0,0,0,0,0,0,0
2026-10-04T14:11:42Z,currencyservice,checkoutservice,0,0,0,0,0,0,0
2026-10-04T14:11:42Z,currencyservice,currencyservice,0,0,0,0,0,0,0
2026-10-04T14:11:42Z,currencyservice,emailservice,0,0,0,0,0,0,0
2026-10-04T14:11:42Z,currencyservice,frontend,0,0,0,0,0,0,0
2026-10-04T14:11:42Z,currencyservice,kubernetes,0,0,0,0,0,0,0
2026-10-04T14:11:42Z,currencyservice,paymentservice,0,0,0,0,0,0,0
2026-10-04T14:11:42Z,currencyservice,productcatalogservice,0,0,0,0,0,0,0
2026-10-04T14:11:42Z,currencyservice,recommendationservice,0,0,0,0,0,0,0
2026-10-04T14:11:42Z,currencyservice,redis-cart,0,0,0,0,0,0,0
2026-10-04T14:11:42Z,currencyservice,shippingservice,0,0,0,0,0,0,0
2026-10-04T14:11:42Z,emailservice,adservice,0,0,0,0,0,0,0
2026-10-04T14:11:42Z,emailservice,cartservice,0,0,0,0,0,0,0
2026-10-04T14:11:42Z,emailservice,checkoutservice,0,0,0,0,0,0,0
2026-10-04T14:11:42Z,emailservice,currencyservice,0,0,0,0,0,0,0
2026-10-04T14:11:42Z,emailservice,emailservice,0,0,0,0,0,0,0
2026-10-04T14:11:42Z,emailservice,frontend,0,0,0,0,0,0,0
2026-10-04T14:11:42Z,emailservice,kubernetes,0,0,0,0,0,0,0
2026-10-04T14:11:42Z,emailservice,paymentservice,0,0,0,0,0,0,0
2026-10-04T14:11:42Z,emailservice,productcatalogservice,0,0,0,0,0,0,0
2026-10-04T14:11:42Z,emailservice,recommendationservice,0,0,0,0,0,0,0
2026-10-04T14:11:42Z,emailservice,redis-cart,0,0,0,0,0,0,0
2026-10-04T14:11:42Z,emailservice,shippingservice,0,0,0,0,0,0,0
2026-10-04T14:11:42Z,frontend,adservice,862036,862033,0,0,0,2594183,861482
2026-10-04T14:11:42Z,frontend,cartservice,1930923,1930909,0,0,4,10643330,1929448
2026-10-04T14:11:42Z,frontend,checkoutservice,405358,195392,0,40061,169946,63299802,195177
2026-10-04T14:11:42Z,frontend,currencyservice,3067865,3067856,0,0,0,16075524,3065527
2026-10-04T14:11:42Z,frontend,emailservice,0,0,0,0,0,0,0
2026-10-04T14:11:42Z,frontend,frontend,0,0,0,0,0,0,0
2026-10-04T14:11:42Z,frontend,kubernetes,0,0,0,0,0,0,0
2026-10-04T14:11:42Z,frontend,paymentservice,0,0,0,0,0,0,0
2026-10-04T14:11:42Z,frontend,productcatalogservice,8572680,8572603,0,0,0,58416601,8566679
2026-10-04T14:11:42Z,frontend,recommendationservice,2827062,1704622,0,118352,1001559,861326461,1703309
2026-10-04T14:11:42Z,frontend,redis-cart,0,0,0,0,0,0,0
2026-10-04T14:11:42Z,frontend,shippingservice,316001,315999,0,0,0,953676,315803
2026-10-04T14:11:42Z,paymentservice,adservice,0,0,0,0,0,0,0
2026-10-04T14:11:42Z,paymentservice,cartservice,0,0,0,0,0,0,0
2026-10-04T14:11:42Z,paymentservice,checkoutservice,0,0,0,0,0,0,0
2026-10-04T14:11:42Z,paymentservice,currencyservice,0,0,0,0,0,0,0
2026-10-04T14:11:42Z,paymentservice,emailservice,0,0,0,0,0,0,0
2026-10-04T14:11:42Z,paymentservice,frontend,0,0,0,0,0,0,0
2026-10-04T14:11:42Z,paymentservice,kubernetes,0,0,0,0,0,0,0
2026-10-04T14:11:42Z,paymentservice,paymentservice,0,0,0,0,0,0,0
2026-10-04T14:11:42Z,paymentservice,productcatalogservice,0,0,0,0,0,0,0
2026-10-04T14:11:42Z,paymentservice,recommendationservice,0,0,0,0,0,0,0
2026-10-04T14:11:42Z,paymentservice,redis-cart,0,0,0,0,0,0,0
2026-10-04T14:11:42Z,paymentservice,shippingservice,0,0,0,0,0,0,0
2026-10-04T14:11:42Z,productcatalogservice,adservice,0,0,0,0,0,0,0
2026-10-04T14:11:42Z,productcatalogservice,cartservice,0,0,0,0,0,0,0
2026-10-04T14:11:42Z,productcatalogservice,checkoutservice,0,0,0,0,0,0,0
2026-10-04T14:11:42Z,productcatalogservice,currencyservice,0,0,0,0,0,0,0
2026-10-04T14:11:42Z,productcatalogservice,emailservice,0,0,0,0,0,0,0
2026-10-04T14:11:42Z,productcatalogservice,frontend,0,0,0,0,0,0,0
2026-10-04T14:11:42Z,productcatalogservice,kubernetes,0,0,0,0,0,0,0
2026-10-04T14:11:42Z,productcatalogservice,paymentservice,0,0,0,0,0,0,0
2026-10-04T14:11:42Z,productcatalogservice,productcatalogservice,0,0,0,0,0,0,0
2026-10-04T14:11:42Z,productcatalogservice,recommendationservice,0,0,0,0,0,0,0
2026-10-04T14:11:42Z,productcatalogservice,redis-cart,0,0,0,0,0,0,0
2026-10-04T14:11:42Z,productcatalogservice,shippingservice,0,0,0,0,0,0,0
2026-10-04T14:11:42Z,recommendationservice,adservice,0,0,0,0,0,0,0
2026-10-04T14:11:42Z,recommendationservice,cartservice,0,0,0,0,0,0,0
2026-10-04T14:11:42Z,recommendationservice,checkoutservice,0,0,0,0,0,0,0
2026-10-04T14:11:42Z,recommendationservice,currencyservice,0,0,0,0,0,0,0
2026-10-04T14:11:42Z,recommendationservice,emailservice,0,0,0,0,0,0,0
2026-10-04T14:11:42Z,recommendationservice,frontend,0,0,0,0,0,0,0
2026-10-04T14:11:42Z,recommendationservice,kubernetes,0,0,0,0,0,0,0
2026-10-04T14:11:42Z,recommendationservice,paymentservice,0,0,0,0,0,0,0
2026-10-04T14:11:42Z,recommendationservice,productcatalogservice,204025,204023,0,0,0,1335377,203156
2026-10-04T14:11:42Z,recommendationservice,recommendationservice,0,0,0,0,0,0,0
2026-10-04T14:11:42Z,recommendationservice,redis-cart,0,0,0,0,0,0,0
2026-10-04T14:11:42Z,recommendationservice,shippingservice,0,0,0,0,0,0,0
2026-10-04T14:11:42Z,redis-cart,adservice,0,0,0,0,0,0,0
2026-10-04T14:11:42Z,redis-cart,cartservice,0,0,0,0,0,0,0
2026-10-04T14:11:42Z,redis-cart,checkoutservice,0,0,0,0,0,0,0
2026-10-04T14:11:42Z,redis-cart,currencyservice,0,0,0,0,0,0,0
2026-10-04T14:11:42Z,redis-cart,emailservice,0,0,0,0,0,0,0
2026-10-04T14:11:42Z,redis-cart,frontend,0,0,0,0,0,0,0
2026-10-04T14:11:42Z,redis-cart,kubernetes,0,0,0,0,0,0,0
2026-10-04T14:11:42Z,redis-cart,paymentservice,0,0,0,0,0,0,0
2026-10-04T14:11:42Z,redis-cart,productcatalogservice,0,0,0,0,0,0,0
2026-10-04T14:11:42Z,redis-cart,recommendationservice,0,0,0,0,0,0,0
2026-10-04T14:11:42Z,redis-cart,redis-cart,0,0,0,0,0,0,0
2026-10-04T14:11:42Z,redis-cart,shippingservice,0,0,0,0,0,0,0
2026-10-04T14:11:42Z,shippingservice,adservice,0,0,0,0,0,0,0
2026-10-04T14:11:42Z,shippingservice,cartservice,0,0,0,0,0,0,0
2026-10-04T14:11:42Z,shippingservice,checkoutservice,0,0,0,0,0,0,0
2026-10-04T14:11:42Z,shippingservice,currencyservice,0,0,0,0,0,0,0
2026-10-04T14:11:42Z,shippingservice,emailservice,0,0,0,0,0,0,0
2026-10-04T14:11:42Z,shippingservice,frontend,0,0,0,0,0,0,0
2026-10-04T14:11:42Z,shippingservice,kubernetes,0,0,0,0,0,0,0
2026-10-04T14:11:42Z,shippingservice,paymentservice,0,0,0,0,0,0,0
2026-10-04T14:11:42Z,shippingservice,productcatalogservice,0,0,0,0,0,0,0
2026-10-04T14:11:42Z,shippingservice,recommendationservice,0,0,0,0,0,0,0
2026-10-04T14:11:42Z,shippingservice,redis-cart,0,0,0,0,0,0,0
2026-10-04T14:11:42Z,shippingservice,shippingservice,0,0,0,0,0,0,0
2026-10-04T14:11:43Z,adservice,adservice,0,0,0,0,0,0,0
2026-10-04T14:11:43Z,adservice,cartservice,0,0,0,0,0,0,0
2026-10-04T14:11:43Z,adservice,checkoutservice,0,0,0,0,0,0,0
2026-10-04T14:11:43Z,adservice,currencyservice,0,0,0,0,0,0,0
2026-10-04T14:11:43Z,adservice,emailservice,0,0,0,0,0,0,0
2026-10-04T14:11:43Z,adservice,frontend,0,0,0,0,0,0,0
2026-10-04T14:11:43Z,adservice,kubernetes,0,0,0,0,0,0,0
2026-10-04T14:11:43Z,adservice,paymentservice,0,0,0,0,0,0,0
2026-10-04T14:11:43Z,adservice,productcatalogservice,0,0,0,0,0,0,0
2026-10-04T14:11:43Z,adservice,recommendationservice,0,0,0,0,0,0,0
2026-10-04T14:11:43Z,adservice,redis-cart,0,0,0,0,0,0,0
2026-10-04T14:11:43Z,adservice,shippingservice,0,0,0,0,0,0,0
2026-10-04T14:11:43Z,cartservice,adservice,0,0,0,0,0,0,0
2026-10-04T14:11:43Z,cartservice,cartservice,0,0,0,0,0,0,0
2026-10-04T14:11:43Z,cartservice,checkoutservice,0,0,0,0,0,0,0
2026-10-04T14:11:43Z,cartservice,currencyservice,0,0,0,0,0,0,0
2026-10-04T14:11:43Z,cartservice,emailservice,0,0,0,0,0,0,0
2026-10-04T14:11:43Z,cartservice,frontend,0,0,0,0,0,0,0
2026-10-04T14:11:43Z,cartservice,kubernetes,0,0,0,0,0,0,0
2026-10-04T14:11:43Z,cartservice,paymentservice,0,0,0,0,0,0,0
2026-10-04T14:11:43Z,cartservice,productcatalogservice,0,0,0,0,0,0,0
2026-10-04T14:11:43Z,cartservice,recommendationservice,0,0,0,0,0,0,0
2026-10-04T14:11:43Z,cartservice,redis-cart,2,0,0,0,0,0,0
2026-10-04T14:11:43Z,cartservice,shippingservice,0,0,0,0,0,0,0
2026-10-04T14:11:43Z,checkoutservice,adservice,0,0,0,0,0,0,0
2026-10-04T14:11:43Z,checkoutservice,cartservice,70062,69131,0,100,0,743155,68991
2026-10-04T14:11:43Z,checkoutservice,checkoutservice,0,0,0,0,0,0,0
2026-10-04T14:11:43Z,checkoutservice,currencyservice,46431,46429,0,0,0,587216,46360
2026-10-04T14:11:43Z,checkoutservice,emailservice,17664,17369,0,66,0,557159,17305
2026-10-04T14:11:43Z,checkoutservice,frontend,0,0,0,0,0,0,0
2026-10-04T14:11:43Z,checkoutservice,kubernetes,0,0,0,0,0,0,0
2026-10-04T14:11:43Z,checkoutservice,paymentservice,39695,37846,0,192,0,461059,37630
2026-10-04T14:11:43Z,checkoutservice,productcatalogservice,0,0,0,0,0,0,0
2026-10-04T14:11:43Z,checkoutservice,recommendationservice,0,0,0,0,0,0,0
2026-10-04T14:11:43Z,checkoutservice,redis-cart,0,0,0,0,0,0,0
2026-10-04T14:11:43Z,checkoutservice,shippingservice,75374,73271,0,154,0,532549,73130
2026-10-04T14:11:43Z,currencyservice,adservice,0,0,0,0,0,0,0
2026-10-04T14:11:43Z,currencyservice,cartservice,0,0,0,0,0,0,0
2026-10-04T14:11:43Z,currencyservice,checkoutservice,0,0,0,0,0,0,0
2026-10-04T14:11:43Z,currencyservice,currencyservice,0,0,0,0,0,0,0
2026-10-04T14:11:43Z,currencyservice,emailservice,0,0,0,0,0,0,0
2026-10-04T14:11:43Z,currencyservice,frontend,0,0,0,0,0,0,0
2026-10-04T14:11:43Z,currencyservice,kubernetes,0,0,0,0,0,0,0
2026-10-04T14:11:43Z,currencyservice,paymentservice,0,0,0,0,0,0,0
2026-10-04T14:11:43Z,currencyservice,productcatalogservice,0,0,0,0,0,0,0
2026-10-04T14:11:43Z,currencyservice,recommendationservice,0,0,0,0,0,0,0
2026-10-04T14:11:43Z,currencyservice,redis-cart,0,0,0,0,0,0,0
2026-10-04T14:11:43Z,currencyservice,shippingservice,0,0,0,0,0,0,0
2026-10-04T14:11:43Z,emailservice,adservice,0,0,0,0,0,0,0
2026-10-04T14:11:43Z,emailservice,cartservice,0,0,0,0,0,0,0
2026-10-04T14:11:43Z,emailservice,checkoutservice,0,0,0,0,0,0,0
2026-10-04T14:11:43Z,emailservice,currencyservice,0,0,0,0,0,0,0
2026-10-04T14:11:43Z,emailservice,emailservice,0,0,0,0,0,0,0
2026-10-04T14:11:43Z,emailservice,frontend,0,0,0,0,0,0,0
2026-10-04T14:11:43Z,emailservice,kubernetes,0,0,0,0,0,0,0
2026-10-04T14:11:43Z,emailservice,paymentservice,0,0,0,0,0,0,0
2026-10-04T14:11:43Z,emailservice,productcatalogservice,0,0,0,0,0,0,0
2026-10-04T14:11:43Z,emailservice,recommendationservice,0,0,0,0,0,0,0
2026-10-04T14:11:43Z,emailservice,redis-cart,0,0,0,0,0,0,0
2026-10-04T14:11:43Z,emailservice,shippingservice,0,0,0,0,0,0,0
2026-10-04T14:11:43Z,frontend,adservice,862228,862226,0,0,0,2594638,861658
2026-10-04T14:11:43Z,frontend,cartservice,1931332,1931318,0,0,4,10645541,1929897
2026-10-04T14:11:43Z,frontend,checkoutservice,405425,195447,0,40061,169946,63308327,195236
2026-10-04T14:11:43Z,frontend,currencyservice,3068541,3068528,0,0,0,16078686,3066258
2026-10-04T14:11:43Z,frontend,emailservice,0,0,0,0,0,0,0
2026-10-04T14:11:43Z,frontend,frontend,0,0,0,0,0,0,0
2026-10-04T14:11:43Z,frontend,kubernetes,0,0,0,0,0,0,0
2026-10-04T14:11:43Z,frontend,paymentservice,0,0,0,0,0,0,0
2026-10-04T14:11:43Z,frontend,productcatalogservice,8574619,8574546,0,0,0,58429567,8568509
2026-10-04T14:11:43Z,frontend,recommendationservice,2827754,1705012,0,118379,1001847,861664891,1703737
2026-10-04T14:11:43Z,frontend,redis-cart,0,0,0,0,0,0,0
2026-10-04T14:11:43Z,frontend,shippingservice,316065,316063,0,0,0,953795,315860
2026-10-04T14:11:43Z,paymentservice,adservice,0,0,0,0,0,0,0
2026-10-04T14:11:43Z,paymentservice,cartservice,0,0,0,0,0,0,0
2026-10-04T14:11:43Z,paymentservice,checkoutservice,0,0,0,0,0,0,0
2026-10-04T14:11:43Z,paymentservice,currencyservice,0,0,0,0,0,0,0
2026-10-04T14:11:43Z,paymentservice,emailservice,0,0,0,0,0,0,0
2026-10-04T14:11:43Z,paymentservice,frontend,0,0,0,0,0,0,0
2026-10-04T14:11:43Z,paymentservice,kubernetes,0,0,0,0,0,0,0
2026-10-04T14:11:43Z,paymentservice,paymentservice,0,0,0,0,0,0,0
2026-10-04T14:11:43Z,paymentservice,productcatalogservice,0,0,0,0,0,0,0
2026-10-04T14:11:43Z,paymentservice,recommendationservice,0,0,0,0,0,0,0
2026-10-04T14:11:43Z,paymentservice,redis-cart,0,0,0,0,0,0,0
2026-10-04T14:11:43Z,paymentservice,shippingservice,0,0,0,0,0,0,0
2026-10-04T14:11:43Z,productcatalogservice,adservice,0,0,0,0,0,0,0
2026-10-04T14:11:43Z,productcatalogservice,cartservice,0,0,0,0,0,0,0
2026-10-04T14:11:43Z,productcatalogservice,checkoutservice,0,0,0,0,0,0,0
2026-10-04T14:11:43Z,productcatalogservice,currencyservice,0,0,0,0,0,0,0
2026-10-04T14:11:43Z,productcatalogservice,emailservice,0,0,0,0,0,0,0
2026-10-04T14:11:43Z,productcatalogservice,frontend,0,0,0,0,0,0,0
2026-10-04T14:11:43Z,productcatalogservice,kubernetes,0,0,0,0,0,0,0
2026-10-04T14:11:43Z,productcatalogservice,paymentservice,0,0,0,0,0,0,0
2026-10-04T14:11:43Z,productcatalogservice,productcatalogservice,0,0,0,0,0,0,0
2026-10-04T14:11:43Z,productcatalogservice,recommendationservice,0,0,0,0,0,0,0
2026-10-04T14:11:43Z,productcatalogservice,redis-cart,0,0,0,0,0,0,0
2026-10-04T14:11:43Z,productcatalogservice,shippingservice,0,0,0,0,0,0,0
2026-10-04T14:11:43Z,recommendationservice,adservice,0,0,0,0,0,0,0
2026-10-04T14:11:43Z,recommendationservice,cartservice,0,0,0,0,0,0,0
2026-10-04T14:11:43Z,recommendationservice,checkoutservice,0,0,0,0,0,0,0
2026-10-04T14:11:43Z,recommendationservice,currencyservice,0,0,0,0,0,0,0
2026-10-04T14:11:43Z,recommendationservice,emailservice,0,0,0,0,0,0,0
2026-10-04T14:11:43Z,recommendationservice,frontend,0,0,0,0,0,0,0
2026-10-04T14:11:43Z,recommendationservice,kubernetes,0,0,0,0,0,0,0
2026-10-04T14:11:43Z,recommendationservice,paymentservice,0,0,0,0,0,0,0
2026-10-04T14:11:43Z,recommendationservice,productcatalogservice,204464,204461,0,0,0,1335377,203156
2026-10-04T14:11:43Z,recommendationservice,recommendationservice,0,0,0,0,0,0,0
2026-10-04T14:11:43Z,recommendationservice,redis-cart,0,0,0,0,0,0,0
2026-10-04T14:11:43Z,recommendationservice,shippingservice,0,0,0,0,0,0,0
2026-10-04T14:11:43Z,redis-cart,adservice,0,0,0,0,0,0,0
2026-10-04T14:11:43Z,redis-cart,cartservice,0,0,0,0,0,0,0
2026-10-04T14:11:43Z,redis-cart,checkoutservice,0,0,0,0,0,0,0
2026-10-04T14:11:43Z,redis-cart,currencyservice,0,0,0,0,0,0,0
2026-10-04T14:11:43Z,redis-cart,emailservice,0,0,0,0,0,0,0
2026-10-04T14:11:43Z,redis-cart,frontend,0,0,0,0,0,0,0
2026-10-04T14:11:43Z,redis-cart,kubernetes,0,0,0,0,0,0,0
2026-10-04T14:11:43Z,redis-cart,paymentservice,0,0,0,0,0,0,0
2026-10-04T14:11:43Z,redis-cart,productcatalogservice,0,0,0,0,0,0,0
2026-10-04T14:11:43Z,redis-cart,recommendationservice,0,0,0,0,0,0,0
2026-10-04T14:11:43Z,redis-cart,redis-cart,0,0,0,0,0,0,0
2026-10-04T14:11:43Z,redis-cart,shippingservice,0,0,0,0,0,0,0
2026-10-04T14:11:43Z,shippingservice,adservice,0,0,0,0,0,0,0
2026-10-04T14:11:43Z,shippingservice,cartservice,0,0,0,0,0,0,0
2026-10-04T14:11:43Z,shippingservice,checkoutservice,0,0,0,0,0,0,0
2026-10-04T14:11:43Z,shippingservice,currencyservice,0,0,0,0,0,0,0
2026-10-04T14:11:43Z,shippingservice,emailservice,0,0,0,0,0,0,0
2026-10-04T14:11:43Z,shippingservice,frontend,0,0,0,0,0,0,0
2026-10-04T14:11:43Z,shippingservice,kubernetes,0,0,0,0,0,0,0
2026-10-04T14:11:43Z,shippingservice,paymentservice,0,0,0,0,0,0,0
2026-10-04T14:11:43Z,shippingservice,productcatalogservice,0,0,0,0,0,0,0
2026-10-04T14:11:43Z,shippingservice,recommendationservice,0,0,0,0,0,0,0
2026-10-04T14:11:43Z,shippingservice,redis-cart,0,0,0,0,0,0,0
2026-10-04T14:11:43Z,shippingservice,shippingservice,0,0,0,0,0,0,0
2026-10-04T14:11:44Z,adservice,adservice,0,0,0,0,0,0,0
2026-10-04T14:11:44Z,adservice,cartservice,0,0,0,0,0,0,0
2026-10-04T14:11:44Z,adservice,checkoutservice,0,0,0,0,0,0,0
2026-10-04T14:11:44Z,adservice,currencyservice,0,0,0,0,0,0,0
2026-10-04T14:11:44Z,adservice,emailservice,0,0,0,0,0,0,0
2026-10-04T14:11:44Z,adservice,frontend,0,0,0,0,0,0,0
2026-10-04T14:11:44Z,adservice,kubernetes,0,0,0,0,0,0,0
2026-10-04T14:11:44Z,adservice,paymentservice,0,0,0,0,0,0,0
2026-10-04T14:11:44Z,adservice,productcatalogservice,0,0,0,0,0,0,0
2026-10-04T14:11:44Z,adservice,recommendationservice,0,0,0,0,0,0,0
2026-10-04T14:11:44Z,adservice,redis-cart,0,0,0,0,0,0,0
2026-10-04T14:11:44Z,adservice,shippingservice,0,0,0,0,0,0,0
2026-10-04T14:11:44Z,cartservice,adservice,0,0,0,0,0,0,0
2026-10-04T14:11:44Z,cartservice,cartservice,0,0,0,0,0,0,0
2026-10-04T14:11:44Z,cartservice,checkoutservice,0,0,0,0,0,0,0
2026-10-04T14:11:44Z,cartservice,currencyservice,0,0,0,0,0,0,0
2026-10-04T14:11:44Z,cartservice,emailservice,0,0,0,0,0,0,0
2026-10-04T14:11:44Z,cartservice,frontend,0,0,0,0,0,0,0
2026-10-04T14:11:44Z,cartservice,kubernetes,0,0,0,0,0,0,0
2026-10-04T14:11:44Z,cartservice,paymentservice,0,0,0,0,0,0,0
2026-10-04T14:11:44Z,cartservice,productcatalogservice,0,0,0,0,0,0,0
2026-10-04T14:11:44Z,cartservice,recommendationservice,0,0,0,0,0,0,0
2026-10-04T14:11:44Z,cartservice,redis-cart,2,0,0,0,0,0,0
2026-10-04T14:11:44Z,cartservice,shippingservice,0,0,0,0,0,0,0
2026-10-04T14:11:44Z,checkoutservice,adservice,0,0,0,0,0,0,0
2026-10-04T14:11:44Z,checkoutservice,cartservice,70187,69254,0,100,0,743155,68991
2026-10-04T14:11:44Z,checkoutservice,checkoutservice,0,0,0,0,0,0,0
2026-10-04T14:11:44Z,checkoutservice,currencyservice,46491,46491,0,0,0,587216,46360
2026-10-04T14:11:44Z,checkoutservice,emailservice,17724,17435,0,66,0,557159,17305
2026-10-04T14:11:44Z,checkoutservice,frontend,0,0,0,0,0,0,0
2026-10-04T14:11:44Z,checkoutservice,kubernetes,0,0,0,0,0,0,0
2026-10-04T14:11:44Z,checkoutservice,paymentservice,39756,37905,0,192,0,461059,37630
2026-10-04T14:11:44Z,checkoutservice,productcatalogservice,0,0,0,0,0,0,0
2026-10-04T14:11:44Z,checkoutservice,recommendationservice,0,0,0,0,0,0,0
2026-10-04T14:11:44Z,checkoutservice,redis-cart,0,0,0,0,0,0,0
2026-10-04T14:11:44Z,checkoutservice,shippingservice,75497,73394,0,154,0,532549,73130
2026-10-04T14:11:44Z,currencyservice,adservice,0,0,0,0,0,0,0
2026-10-04T14:11:44Z,currencyservice,cartservice,0,0,0,0,0,0,0
2026-10-04T14:11:44Z,currencyservice,checkoutservice,0,0,0,0,0,0,0
2026-10-04T14:11:44Z,currencyservice,currencyservice,0,0,0,0,0,0,0
2026-10-04T14:11:44Z,currencyservice,emailservice,0,0,0,0,0,0,0
2026-10-04T14:11:44Z,currencyservice,frontend,0,0,0,0,0,0,0
2026-10-04T14:11:44Z,currencyservice,kubernetes,0,0,0,0,0,0,0
2026-10-04T14:11:44Z,currencyservice,paymentservice,0,0,0,0,0,0,0
2026-10-04T14:11:44Z,currencyservice,productcatalogservice,0,0,0,0,0,0,0
2026-10-04T14:11:44Z,currencyservice,recommendationservice,0,0,0,0,0,0,0
2026-10-04T14:11:44Z,currencyservice,redis-cart,0,0,0,0,0,0,0
2026-10-04T14:11:44Z,currencyservice,shippingservice,0,0,0,0,0,0,0
2026-10-04T14:11:44Z,emailservice,adservice,0,0,0,0,0,0,0
2026-10-04T14:11:44Z,emailservice,cartservice,0,0,0,0,0,0,0
2026-10-04T14:11:44Z,emailservice,checkoutservice,0,0,0,0,0,0,0
2026-10-04T14:11:44Z,emailservice,currencyservice,0,0,0,0,0,0,0
2026-10-04T14:11:44Z,emailservice,emailservice,0,0,0,0,0,0,0
2026-10-04T14:11:44Z,emailservice,frontend,0,0,0,0,0,0,0
2026-10-04T14:11:44Z,emailservice,kubernetes,0,0,0,0,0,0,0
2026-10-04T14:11:44Z,emailservice,paymentservice,0,0,0,0,0,0,0
2026-10-04T14:11:44Z,emailservice,productcatalogservice,0,0,0,0,0,0,0
2026-10-04T14:11:44Z,emailservice,recommendationservice,0,0,0,0,0,0,0
2026-10-04T14:11:44Z,emailservice,redis-cart,0,0,0,0,0,0,0
2026-10-04T14:11:44Z,emailservice,shippingservice,0,0,0,0,0,0,0
2026-10-04T14:11:44Z,frontend,adservice,862389,862386,0,0,0,2595946,862081
2026-10-04T14:11:44Z,frontend,cartservice,1931729,1931715,0,0,4,10650604,1930994
2026-10-04T14:11:44Z,frontend,checkoutservice,405484,195507,0,40061,169946,63329389,195406
2026-10-04T14:11:44Z,frontend,currencyservice,3069181,3069172,0,0,0,16085347,3067984
2026-10-04T14:11:44Z,frontend,emailservice,0,0,0,0,0,0,0
2026-10-04T14:11:44Z,frontend,frontend,0,0,0,0,0,0,0
2026-10-04T14:11:44Z,frontend,kubernetes,0,0,0,0,0,0,0
2026-10-04T14:11:44Z,frontend,paymentservice,0,0,0,0,0,0,0
2026-10-04T14:11:44Z,frontend,productcatalogservice,8576316,8576238,0,0,0,58455865,8573108
2026-10-04T14:11:44Z,frontend,recommendationservice,2828475,1705380,0,118410,1002171,862422381,1704724
2026-10-04T14:11:44Z,frontend,redis-cart,0,0,0,0,0,0,0
2026-10-04T14:11:44Z,frontend,shippingservice,316121,316119,0,0,0,954184,316009
2026-10-04T14:11:44Z,paymentservice,adservice,0,0,0,0,0,0,0
2026-10-04T14:11:44Z,paymentservice,cartservice,0,0,0,0,0,0,0
2026-10-04T14:11:44Z,paymentservice,checkoutservice,0,0,0,0,0,0,0
2026-10-04T14:11:44Z,paymentservice,currencyservice,0,0,0,0,0,0,0
2026-10-04T14:11:44Z,paymentservice,emailservice,0,0,0,0,0,0,0
2026-10-04T14:11:44Z,paymentservice,frontend,0,0,0,0,0,0,0
2026-10-04T14:11:44Z,paymentservice,kubernetes,0,0,0,0,0,0,0
2026-10-04T14:11:44Z,paymentservice,paymentservice,0,0,0,0,0,0,0
2026-10-04T14:11:44Z,paymentservice,productcatalogservice,0,0,0,0,0,0,0
2026-10-04T14:11:44Z,paymentservice,recommendationservice,0,0,0,0,0,0,0
2026-10-04T14:11:44Z,paymentservice,redis-cart,0,0,0,0,0,0,0
2026-10-04T14:11:44Z,paymentservice,shippingservice,0,0,0,0,0,0,0
2026-10-04T14:11:44Z,productcatalogservice,adservice,0,0,0,0,0,0,0
2026-10-04T14:11:44Z,productcatalogservice,cartservice,0,0,0,0,0,0,0
2026-10-04T14:11:44Z,productcatalogservice,checkoutservice,0,0,0,0,0,0,0
2026-10-04T14:11:44Z,productcatalogservice,currencyservice,0,0,0,0,0,0,0
2026-10-04T14:11:44Z,productcatalogservice,emailservice,0,0,0,0,0,0,0
2026-10-04T14:11:44Z,productcatalogservice,frontend,0,0,0,0,0,0,0
2026-10-04T14:11:44Z,productcatalogservice,kubernetes,0,0,0,0,0,0,0
2026-10-04T14:11:44Z,productcatalogservice,paymentservice,0,0,0,0,0,0,0
2026-10-04T14:11:44Z,productcatalogservice,productcatalogservice,0,0,0,0,0,0,0
2026-10-04T14:11:44Z,productcatalogservice,recommendationservice,0,0,0,0,0,0,0
2026-10-04T14:11:44Z,productcatalogservice,redis-cart,0,0,0,0,0,0,0
2026-10-04T14:11:44Z,productcatalogservice,shippingservice,0,0,0,0,0,0,0
2026-10-04T14:11:44Z,recommendationservice,adservice,0,0,0,0,0,0,0
2026-10-04T14:11:44Z,recommendationservice,cartservice,0,0,0,0,0,0,0
2026-10-04T14:11:44Z,recommendationservice,checkoutservice,0,0,0,0,0,0,0
2026-10-04T14:11:44Z,recommendationservice,currencyservice,0,0,0,0,0,0,0
2026-10-04T14:11:44Z,recommendationservice,emailservice,0,0,0,0,0,0,0
2026-10-04T14:11:44Z,recommendationservice,frontend,0,0,0,0,0,0,0
2026-10-04T14:11:44Z,recommendationservice,kubernetes,0,0,0,0,0,0,0
2026-10-04T14:11:44Z,recommendationservice,paymentservice,0,0,0,0,0,0,0
2026-10-04T14:11:44Z,recommendationservice,productcatalogservice,204902,204901,0,0,0,1335377,203156
2026-10-04T14:11:44Z,recommendationservice,recommendationservice,0,0,0,0,0,0,0
2026-10-04T14:11:44Z,recommendationservice,redis-cart,0,0,0,0,0,0,0
2026-10-04T14:11:44Z,recommendationservice,shippingservice,0,0,0,0,0,0,0
2026-10-04T14:11:44Z,redis-cart,adservice,0,0,0,0,0,0,0
2026-10-04T14:11:44Z,redis-cart,cartservice,0,0,0,0,0,0,0
2026-10-04T14:11:44Z,redis-cart,checkoutservice,0,0,0,0,0,0,0
2026-10-04T14:11:44Z,redis-cart,currencyservice,0,0,0,0,0,0,0
2026-10-04T14:11:44Z,redis-cart,emailservice,0,0,0,0,0,0,0
2026-10-04T14:11:44Z,redis-cart,frontend,0,0,0,0,0,0,0
2026-10-04T14:11:44Z,redis-cart,kubernetes,0,0,0,0,0,0,0
2026-10-04T14:11:44Z,redis-cart,paymentservice,0,0,0,0,0,0,0
2026-10-04T14:11:44Z,redis-cart,productcatalogservice,0,0,0,0,0,0,0
2026-10-04T14:11:44Z,redis-cart,recommendationservice,0,0,0,0,0,0,0
2026-10-04T14:11:44Z,redis-cart,redis-cart,0,0,0,0,0,0,0
2026-10-04T14:11:44Z,redis-cart,shippingservice,0,0,0,0,0,0,0
2026-10-04T14:11:44Z,shippingservice,adservice,0,0,0,0,0,0,0
2026-10-04T14:11:44Z,shippingservice,cartservice,0,0,0,0,0,0,0
2026-10-04T14:11:44Z,shippingservice,checkoutservice,0,0,0,0,0,0,0
2026-10-04T14:11:44Z,shippingservice,currencyservice,0,0,0,0,0,0,0
2026-10-04T14:11:44Z,shippingservice,emailservice,0,0,0,0,0,0,0
2026-10-04T14:11:44Z,shippingservice,frontend,0,0,0,0,0,0,0
2026-10-04T14:11:44Z,shippingservice,kubernetes,0,0,0,0,0,0,0
2026-10-04T14:11:44Z,shippingservice,paymentservice,0,0,0,0,0,0,0
2026-10-04T14:11:44Z,shippingservice,productcatalogservice,0,0,0,0,0,0,0
2026-10-04T14:11:44Z,shippingservice,recommendationservice,0,0,0,0,0,0,0
2026-10-04T14:11:44Z,shippingservice,redis-cart,0,0,0,0,0,0,0
2026-10-04T14:11:44Z,shippingservice,shippingservice,0,0,0,0,0,0,0
2026-10-04T14:11:45Z,adservice,adservice,0,0,0,0,0,0,0
2026-10-04T14:11:45Z,adservice,cartservice,0,0,0,0,0,0,0
2026-10-04T14:11:45Z,adservice,checkoutservice,0,0,0,0,0,0,0
2026-10-04T14:11:45Z,adservice,currencyservice,0,0,0,0,0,0,0
2026-10-04T14:11:45Z,adservice,emailservice,0,0,0,0,0,0,0
2026-10-04T14:11:45Z,adservice,frontend,0,0,0,0,0,0,0
2026-10-04T14:11:45Z,adservice,kubernetes,0,0,0,0,0,0,0
2026-10-04T14:11:45Z,adservice,paymentservice,0,0,0,0,0,0,0
2026-10-04T14:11:45Z,adservice,productcatalogservice,0,0,0,0,0,0,0
2026-10-04T14:11:45Z,adservice,recommendationservice,0,0,0,0,0,0,0
2026-10-04T14:11:45Z,adservice,redis-cart,0,0,0,0,0,0,0
2026-10-04T14:11:45Z,adservice,shippingservice,0,0,0,0,0,0,0
2026-10-04T14:11:45Z,cartservice,adservice,0,0,0,0,0,0,0
2026-10-04T14:11:45Z,cartservice,cartservice,0,0,0,0,0,0,0
2026-10-04T14:11:45Z,cartservice,checkoutservice,0,0,0,0,0,0,0
2026-10-04T14:11:45Z,cartservice,currencyservice,0,0,0,0,0,0,0
2026-10-04T14:11:45Z,cartservice,emailservice,0,0,0,0,0,0,0
2026-10-04T14:11:45Z,cartservice,frontend,0,0,0,0,0,0,0
2026-10-04T14:11:45Z,cartservice,kubernetes,0,0,0,0,0,0,0
2026-10-04T14:11:45Z,cartservice,paymentservice,0,0,0,0,0,0,0
2026-10-04T14:11:45Z,cartservice,productcatalogservice,0,0,0,0,0,0,0
2026-10-04T14:11:45Z,cartservice,recommendationservice,0,0,0,0,0,0,0
2026-10-04T14:11:45Z,cartservice,redis-cart,2,0,0,0,0,0,0
2026-10-04T14:11:45Z,cartservice,shippingservice,0,0,0,0,0,0,0
2026-10-04T14:11:45Z,checkoutservice,adservice,0,0,0,0,0,0,0
2026-10-04T14:11:45Z,checkoutservice,cartservice,70294,69363,0,100,0,743155,68991
2026-10-04T14:11:45Z,checkoutservice,checkoutservice,0,0,0,0,0,0,0
2026-10-04T14:11:45Z,checkoutservice,currencyservice,46549,46547,0,0,0,587216,46360
2026-10-04T14:11:45Z,checkoutservice,emailservice,17777,17489,0,66,0,557159,17305
2026-10-04T14:11:45Z,checkoutservice,frontend,0,0,0,0,0,0,0
2026-10-04T14:11:45Z,checkoutservice,kubernetes,0,0,0,0,0,0,0
2026-10-04T14:11:45Z,checkoutservice,paymentservice,39810,37960,0,192,0,461059,37630
2026-10-04T14:11:45Z,checkoutservice,productcatalogservice,0,0,0,0,0,0,0
2026-10-04T14:11:45Z,checkoutservice,recommendationservice,0,0,0,0,0,0,0
2026-10-04T14:11:45Z,checkoutservice,redis-cart,0,0,0,0,0,0,0
2026-10-04T14:11:45Z,checkoutservice,shippingservice,75605,73502,0,154,0,532549,73130
2026-10-04T14:11:45Z,currencyservice,adservice,0,0,0,0,0,0,0
2026-10-04T14:11:45Z,currencyservice,cartservice,0,0,0,0,0,0,0
2026-10-04T14:11:45Z,currencyservice,checkoutservice,0,0,0,0,0,0,0
2026-10-04T14:11:45Z,currencyservice,currencyservice,0,0,0,0,0,0,0
2026-10-04T14:11:45Z,currencyservice,emailservice,0,0,0,0,0,0,0
2026-10-04T14:11:45Z,currencyservice,frontend,0,0,0,0,0,0,0
2026-10-04T14:11:45Z,currencyservice,kubernetes,0,0,0,0,0,0,0
2026-10-04T14:11:45Z,currencyservice,paymentservice,0,0,0,0,0,0,0
2026-10-04T14:11:45Z,currencyservice,productcatalogservice,0,0,0,0,0,0,0
2026-10-04T14:11:45Z,currencyservice,recommendationservice,0,0,0,0,0,0,0
2026-10-04T14:11:45Z,currencyservice,redis-cart,0,0,0,0,0,0,0
2026-10-04T14:11:45Z,currencyservice,shippingservice,0,0,0,0,0,0,0
2026-10-04T14:11:45Z,emailservice,adservice,0,0,0,0,0,0,0
2026-10-04T14:11:45Z,emailservice,cartservice,0,0,0,0,0,0,0
2026-10-04T14:11:45Z,emailservice,checkoutservice,0,0,0,0,0,0,0
2026-10-04T14:11:45Z,emailservice,currencyservice,0,0,0,0,0,0,0
2026-10-04T14:11:45Z,emailservice,emailservice,0,0,0,0,0,0,0
2026-10-04T14:11:45Z,emailservice,frontend,0,0,0,0,0,0,0
2026-10-04T14:11:45Z,emailservice,kubernetes,0,0,0,0,0,0,0
2026-10-04T14:11:45Z,emailservice,paymentservice,0,0,0,0,0,0,0
2026-10-04T14:11:45Z,emailservice,productcatalogservice,0,0,0,0,0,0,0
2026-10-04T14:11:45Z,emailservice,recommendationservice,0,0,0,0,0,0,0
2026-10-04T14:11:45Z,emailservice,redis-cart,0,0,0,0,0,0,0
2026-10-04T14:11:45Z,emailservice,shippingservice,0,0,0,0,0,0,0
2026-10-04T14:11:45Z,frontend,adservice,862522,862520,0,0,0,2596435,862278
2026-10-04T14:11:45Z,frontend,cartservice,1932147,1932133,0,0,4,10652900,1931459
2026-10-04T14:11:45Z,frontend,checkoutservice,405535,195566,0,40061,169946,63338416,195472
2026-10-04T14:11:45Z,frontend,currencyservice,3069815,3069804,0,0,0,16088489,3068744
2026-10-04T14:11:45Z,frontend,emailservice,0,0,0,0,0,0,0
2026-10-04T14:11:45Z,frontend,frontend,0,0,0,0,0,0,0
2026-10-04T14:11:45Z,frontend,kubernetes,0,0,0,0,0,0,0
2026-10-04T14:11:45Z,frontend,paymentservice,0,0,0,0,0,0,0
2026-10-04T14:11:45Z,frontend,productcatalogservice,8577790,8577712,0,0,0,58472583,8575156
2026-10-04T14:11:45Z,frontend,recommendationservice,2829271,1705711,0,118458,1002554,862749171,1705144
2026-10-04T14:11:45Z,frontend,redis-cart,0,0,0,0,0,0,0
2026-10-04T14:11:45Z,frontend,shippingservice,316168,316166,0,0,0,954400,316079
2026-10-04T14:11:45Z,paymentservice,adservice,0,0,0,0,0,0,0
2026-10-04T14:11:45Z,paymentservice,cartservice,0,0,0,0,0,0,0
2026-10-04T14:11:45Z,paymentservice,checkoutservice,0,0,0,0,0,0,0
2026-10-04T14:11:45Z,paymentservice,currencyservice,0,0,0,0,0,0,0
2026-10-04T14:11:45Z,paymentservice,emailservice,0,0,0,0,0,0,0
2026-10-04T14:11:45Z,paymentservice,frontend,0,0,0,0,0,0,0
2026-10-04T14:11:45Z,paymentservice,kubernetes,0,0,0,0,0,0,0
2026-10-04T14:11:45Z,paymentservice,paymentservice,0,0,0,0,0,0,0
2026-10-04T14:11:45Z,paymentservice,productcatalogservice,0,0,0,0,0,0,0
2026-10-04T14:11:45Z,paymentservice,recommendationservice,0,0,0,0,0,0,0
2026-10-04T14:11:45Z,paymentservice,redis-cart,0,0,0,0,0,0,0
2026-10-04T14:11:45Z,paymentservice,shippingservice,0,0,0,0,0,0,0
2026-10-04T14:11:45Z,productcatalogservice,adservice,0,0,0,0,0,0,0
2026-10-04T14:11:45Z,productcatalogservice,cartservice,0,0,0,0,0,0,0
2026-10-04T14:11:45Z,productcatalogservice,checkoutservice,0,0,0,0,0,0,0
2026-10-04T14:11:45Z,productcatalogservice,currencyservice,0,0,0,0,0,0,0
2026-10-04T14:11:45Z,productcatalogservice,emailservice,0,0,0,0,0,0,0
2026-10-04T14:11:45Z,productcatalogservice,frontend,0,0,0,0,0,0,0
2026-10-04T14:11:45Z,productcatalogservice,kubernetes,0,0,0,0,0,0,0
2026-10-04T14:11:45Z,productcatalogservice,paymentservice,0,0,0,0,0,0,0
2026-10-04T14:11:45Z,productcatalogservice,productcatalogservice,0,0,0,0,0,0,0
2026-10-04T14:11:45Z,productcatalogservice,recommendationservice,0,0,0,0,0,0,0
2026-10-04T14:11:45Z,productcatalogservice,redis-cart,0,0,0,0,0,0,0
2026-10-04T14:11:45Z,productcatalogservice,shippingservice,0,0,0,0,0,0,0
2026-10-04T14:11:45Z,recommendationservice,adservice,0,0,0,0,0,0,0
2026-10-04T14:11:45Z,recommendationservice,cartservice,0,0,0,0,0,0,0
2026-10-04T14:11:45Z,recommendationservice,checkoutservice,0,0,0,0,0,0,0
2026-10-04T14:11:45Z,recommendationservice,currencyservice,0,0,0,0,0,0,0
2026-10-04T14:11:45Z,recommendationservice,emailservice,0,0,0,0,0,0,0
2026-10-04T14:11:45Z,recommendationservice,frontend,0,0,0,0,0,0,0
2026-10-04T14:11:45Z,recommendationservice,kubernetes,0,0,0,0,0,0,0
2026-10-04T14:11:45Z,recommendationservice,paymentservice,0,0,0,0,0,0,0
2026-10-04T14:11:45Z,recommendationservice,productcatalogservice,205329,205324,0,0,0,1348101,205304
2026-10-04T14:11:45Z,recommendationservice,recommendationservice,0,0,0,0,0,0,0
2026-10-04T14:11:45Z,recommendationservice,redis-cart,0,0,0,0,0,0,0
2026-10-04T14:11:45Z,recommendationservice,shippingservice,0,0,0,0,0,0,0
2026-10-04T14:11:45Z,redis-cart,adservice,0,0,0,0,0,0,0
2026-10-04T14:11:45Z,redis-cart,cartservice,0,0,0,0,0,0,0
2026-10-04T14:11:45Z,redis-cart,checkoutservice,0,0,0,0,0,0,0
2026-10-04T14:11:45Z,redis-cart,currencyservice,0,0,0,0,0,0,0
2026-10-04T14:11:45Z,redis-cart,emailservice,0,0,0,0,0,0,0
2026-10-04T14:11:45Z,redis-cart,frontend,0,0,0,0,0,0,0
2026-10-04T14:11:45Z,redis-cart,kubernetes,0,0,0,0,0,0,0
2026-10-04T14:11:45Z,redis-cart,paymentservice,0,0,0,0,0,0,0
2026-10-04T14:11:45Z,redis-cart,productcatalogservice,0,0,0,0,0,0,0
2026-10-04T14:11:45Z,redis-cart,recommendationservice,0,0,0,0,0,0,0
2026-10-04T14:11:45Z,redis-cart,redis-cart,0,0,0,0,0,0,0
2026-10-04T14:11:45Z,redis-cart,shippingservice,0,0,0,0,0,0,0
2026-10-04T14:11:45Z,shippingservice,adservice,0,0,0,0,0,0,0
2026-10-04T14:11:45Z,shippingservice,cartservice,0,0,0,0,0,0,0
2026-10-04T14:11:45Z,shippingservice,checkoutservice,0,0,0,0,0,0,0
2026-10-04T14:11:45Z,shippingservice,currencyservice,0,0,0,0,0,0,0
2026-10-04T14:11:45Z,shippingservice,emailservice,0,0,0,0,0,0,0
2026-10-04T14:11:45Z,shippingservice,frontend,0,0,0,0,0,0,0
2026-10-04T14:11:45Z,shippingservice,kubernetes,0,0,0,0,0,0,0
2026-10-04T14:11:45Z,shippingservice,paymentservice,0,0,0,0,0,0,0
2026-10-04T14:11:45Z,shippingservice,productcatalogservice,0,0,0,0,0,0,0
2026-10-04T14:11:45Z,shippingservice,recommendationservice,0,0,0,0,0,0,0
2026-10-04T14:11:45Z,shippingservice,redis-cart,0,0,0,0,0,0,0
2026-10-04T14:11:45Z,shippingservice,shippingservice,0,0,0,0,0,0,0
2026-10-04T14:11:46Z,adservice,adservice,0,0,0,0,0,0,0
2026-10-04T14:11:46Z,adservice,cartservice,0,0,0,0,0,0,0
2026-10-04T14:11:46Z,adservice,checkoutservice,0,0,0,0,0,0,0
2026-10-04T14:11:46Z,adservice,currencyservice,0,0,0,0,0,0,0
2026-10-04T14:11:46Z,adservice,emailservice,0,0,0,0,0,0,0
2026-10-04T14:11:46Z,adservice,frontend,0,0,0,0,0,0,0
2026-10-04T14:11:46Z,adservice,kubernetes,0,0,0,0,0,0,0
2026-10-04T14:11:46Z,adservice,paymentservice,0,0,0,0,0,0,0
2026-10-04T14:11:46Z,adservice,productcatalogservice,0,0,0,0,0,0,0
2026-10-04T14:11:46Z,adservice,recommendationservice,0,0,0,0,0,0,0
2026-10-04T14:11:46Z,adservice,redis-cart,0,0,0,0,0,0,0
2026-10-04T14:11:46Z,adservice,shippingservice,0,0,0,0,0,0,0
2026-10-04T14:11:46Z,cartservice,adservice,0,0,0,0,0,0,0
2026-10-04T14:11:46Z,cartservice,cartservice,0,0,0,0,0,0,0
2026-10-04T14:11:46Z,cartservice,checkoutservice,0,0,0,0,0,0,0
2026-10-04T14:11:46Z,cartservice,currencyservice,0,0,0,0,0,0,0
2026-10-04T14:11:46Z,cartservice,emailservice,0,0,0,0,0,0,0
2026-10-04T14:11:46Z,cartservice,frontend,0,0,0,0,0,0,0
2026-10-04T14:11:46Z,cartservice,kubernetes,0,0,0,0,0,0,0
2026-10-04T14:11:46Z,cartservice,paymentservice,0,0,0,0,0,0,0
2026-10-04T14:11:46Z,cartservice,productcatalogservice,0,0,0,0,0,0,0
2026-10-04T14:11:46Z,cartservice,recommendationservice,0,0,0,0,0,0,0
2026-10-04T14:11:46Z,cartservice,redis-cart,2,0,0,0,0,0,0
2026-10-04T14:11:46Z,cartservice,shippingservice,0,0,0,0,0,0,0
2026-10-04T14:11:46Z,checkoutservice,adservice,0,0,0,0,0,0,0
2026-10-04T14:11:46Z,checkoutservice,cartservice,70379,69446,0,100,0,743155,68991
2026-10-04T14:11:46Z,checkoutservice,checkoutservice,0,0,0,0,0,0,0
2026-10-04T14:11:46Z,checkoutservice,currencyservice,46587,46585,0,0,0,587216,46360
2026-10-04T14:11:46Z,checkoutservice,emailservice,17822,17534,0,66,0,557159,17305
2026-10-04T14:11:46Z,checkoutservice,frontend,0,0,0,0,0,0,0
2026-10-04T14:11:46Z,checkoutservice,kubernetes,0,0,0,0,0,0,0
2026-10-04T14:11:46Z,checkoutservice,paymentservice,39851,38002,0,192,0,461059,37630
2026-10-04T14:11:46Z,checkoutservice,productcatalogservice,0,0,0,0,0,0,0
2026-10-04T14:11:46Z,checkoutservice,recommendationservice,0,0,0,0,0,0,0
2026-10-04T14:11:46Z,checkoutservice,redis-cart,0,0,0,0,0,0,0
2026-10-04T14:11:46Z,checkoutservice,shippingservice,75688,73584,0,154,0,532549,73130
2026-10-04T14:11:46Z,currencyservice,adservice,0,0,0,0,0,0,0
2026-10-04T14:11:46Z,currencyservice,cartservice,0,0,0,0,0,0,0
2026-10-04T14:11:46Z,currencyservice,checkoutservice,0,0,0,0,0,0,0
2026-10-04T14:11:46Z,currencyservice,currencyservice,0,0,0,0,0,0,0
2026-10-04T14:11:46Z,currencyservice,emailservice,0,0,0,0,0,0,0
2026-10-04T14:11:46Z,currencyservice,frontend,0,0,0,0,0,0,0
2026-10-04T14:11:46Z,currencyservice,kubernetes,0,0,0,0,0,0,0
2026-10-04T14:11:46Z,currencyservice,paymentservice,0,0,0,0,0,0,0
2026-10-04T14:11:46Z,currencyservice,productcatalogservice,0,0,0,0,0,0,0
2026-10-04T14:11:46Z,currencyservice,recommendationservice,0,0,0,0,0,0,0
2026-10-04T14:11:46Z,currencyservice,redis-cart,0,0,0,0,0,0,0
2026-10-04T14:11:46Z,currencyservice,shippingservice,0,0,0,0,0,0,0
2026-10-04T14:11:46Z,emailservice,adservice,0,0,0,0,0,0,0
2026-10-04T14:11:46Z,emailservice,cartservice,0,0,0,0,0,0,0
2026-10-04T14:11:46Z,emailservice,checkoutservice,0,0,0,0,0,0,0
2026-10-04T14:11:46Z,emailservice,currencyservice,0,0,0,0,0,0,0
2026-10-04T14:11:46Z,emailservice,emailservice,0,0,0,0,0,0,0
2026-10-04T14:11:46Z,emailservice,frontend,0,0,0,0,0,0,0
2026-10-04T14:11:46Z,emailservice,kubernetes,0,0,0,0,0,0,0
2026-10-04T14:11:46Z,emailservice,paymentservice,0,0,0,0,0,0,0
2026-10-04T14:11:46Z,emailservice,productcatalogservice,0,0,0,0,0,0,0
2026-10-04T14:11:46Z,emailservice,recommendationservice,0,0,0,0,0,0,0
2026-10-04T14:11:46Z,emailservice,redis-cart,0,0,0,0,0,0,0
2026-10-04T14:11:46Z,emailservice,shippingservice,0,0,0,0,0,0,0
2026-10-04T14:11:46Z,frontend,adservice,862628,862626,0,0,0,2596435,862278
2026-10-04T14:11:46Z,frontend,cartservice,1932491,1932476,0,0,4,10652900,1931459
2026-10-04T14:11:46Z,frontend,checkoutservice,405580,195610,0,40061,169946,63338416,195472
2026-10-04T14:11:46Z,frontend,currencyservice,3070362,3070354,0,0,0,16088489,3068744
2026-10-04T14:11:46Z,frontend,emailservice,0,0,0,0,0,0,0
2026-10-04T14:11:46Z,frontend,frontend,0,0,0,0,0,0,0
2026-10-04T14:11:46Z,frontend,kubernetes,0,0,0,0,0,0,0
2026-10-04T14:11:46Z,frontend,paymentservice,0,0,0,0,0,0,0
2026-10-04T14:11:46Z,frontend,productcatalogservice,8579029,8578958,0,0,0,58472583,8575156
2026-10-04T14:11:46Z,frontend,recommendationservice,2829979,1706028,0,118498,1002907,862749171,1705144
2026-10-04T14:11:46Z,frontend,redis-cart,0,0,0,0,0,0,0
2026-10-04T14:11:46Z,frontend,shippingservice,316214,316211,0,0,0,954400,316079
2026-10-04T14:11:46Z,paymentservice,adservice,0,0,0,0,0,0,0
2026-10-04T14:11:46Z,paymentservice,cartservice,0,0,0,0,0,0,0
2026-10-04T14:11:46Z,paymentservice,checkoutservice,0,0,0,0,0,0,0
2026-10-04T14:11:46Z,paymentservice,currencyservice,0,0,0,0,0,0,0
2026-10-04T14:11:46Z,paymentservice,emailservice,0,0,0,0,0,0,0
2026-10-04T14:11:46Z,paymentservice,frontend,0,0,0,0,0,0,0
2026-10-04T14:11:46Z,paymentservice,kubernetes,0,0,0,0,0,0,0
2026-10-04T14:11:46Z,paymentservice,paymentservice,0,0,0,0,0,0,0
2026-10-04T14:11:46Z,paymentservice,productcatalogservice,0,0,0,0,0,0,0
2026-10-04T14:11:46Z,paymentservice,recommendationservice,0,0,0,0,0,0,0
2026-10-04T14:11:46Z,paymentservice,redis-cart,0,0,0,0,0,0,0
2026-10-04T14:11:46Z,paymentservice,shippingservice,0,0,0,0,0,0,0
2026-10-04T14:11:46Z,productcatalogservice,adservice,0,0,0,0,0,0,0
2026-10-04T14:11:46Z,productcatalogservice,cartservice,0,0,0,0,0,0,0
2026-10-04T14:11:46Z,productcatalogservice,checkoutservice,0,0,0,0,0,0,0
2026-10-04T14:11:46Z,productcatalogservice,currencyservice,0,0,0,0,0,0,0
2026-10-04T14:11:46Z,productcatalogservice,emailservice,0,0,0,0,0,0,0
2026-10-04T14:11:46Z,productcatalogservice,frontend,0,0,0,0,0,0,0
2026-10-04T14:11:46Z,productcatalogservice,kubernetes,0,0,0,0,0,0,0
2026-10-04T14:11:46Z,productcatalogservice,paymentservice,0,0,0,0,0,0,0
2026-10-04T14:11:46Z,productcatalogservice,productcatalogservice,0,0,0,0,0,0,0
2026-10-04T14:11:46Z,productcatalogservice,recommendationservice,0,0,0,0,0,0,0
2026-10-04T14:11:46Z,productcatalogservice,redis-cart,0,0,0,0,0,0,0
2026-10-04T14:11:46Z,productcatalogservice,shippingservice,0,0,0,0,0,0,0
2026-10-04T14:11:46Z,recommendationservice,adservice,0,0,0,0,0,0,0
2026-10-04T14:11:46Z,recommendationservice,cartservice,0,0,0,0,0,0,0
2026-10-04T14:11:46Z,recommendationservice,checkoutservice,0,0,0,0,0,0,0
2026-10-04T14:11:46Z,recommendationservice,currencyservice,0,0,0,0,0,0,0
2026-10-04T14:11:46Z,recommendationservice,emailservice,0,0,0,0,0,0,0
2026-10-04T14:11:46Z,recommendationservice,frontend,0,0,0,0,0,0,0
2026-10-04T14:11:46Z,recommendationservice,kubernetes,0,0,0,0,0,0,0
2026-10-04T14:11:46Z,recommendationservice,paymentservice,0,0,0,0,0,0,0
2026-10-04T14:11:46Z,recommendationservice,productcatalogservice,205765,205755,0,0,0,1348101,205304
2026-10-04T14:11:46Z,recommendationservice,recommendationservice,0,0,0,0,0,0,0
2026-10-04T14:11:46Z,recommendationservice,redis-cart,0,0,0,0,0,0,0
2026-10-04T14:11:46Z,recommendationservice,shippingservice,0,0,0,0,0,0,0
2026-10-04T14:11:46Z,redis-cart,adservice,0,0,0,0,0,0,0
2026-10-04T14:11:46Z,redis-cart,cartservice,0,0,0,0,0,0,0
2026-10-04T14:11:46Z,redis-cart,checkoutservice,0,0,0,0,0,0,0
2026-10-04T14:11:46Z,redis-cart,currencyservice,0,0,0,0,0,0,0
2026-10-04T14:11:46Z,redis-cart,emailservice,0,0,0,0,0,0,0
2026-10-04T14:11:46Z,redis-cart,frontend,0,0,0,0,0,0,0
2026-10-04T14:11:46Z,redis-cart,kubernetes,0,0,0,0,0,0,0
2026-10-04T14:11:46Z,redis-cart,paymentservice,0,0,0,0,0,0,0
2026-10-04T14:11:46Z,redis-cart,productcatalogservice,0,0,0,0,0,0,0
2026-10-04T14:11:46Z,redis-cart,recommendationservice,0,0,0,0,0,0,0
2026-10-04T14:11:46Z,redis-cart,redis-cart,0,0,0,0,0,0,0
2026-10-04T14:11:46Z,redis-cart,shippingservice,0,0,0,0,0,0,0
2026-10-04T14:11:46Z,shippingservice,adservice,0,0,0,0,0,0,0
2026-10-04T14:11:46Z,shippingservice,cartservice,0,0,0,0,0,0,0
2026-10-04T14:11:46Z,shippingservice,checkoutservice,0,0,0,0,0,0,0
2026-10-04T14:11:46Z,shippingservice,currencyservice,0,0,0,0,0,0,0
2026-10-04T14:11:46Z,shippingservice,emailservice,0,0,0,0,0,0,0
2026-10-04T14:11:46Z,shippingservice,frontend,0,0,0,0,0,0,0
2026-10-04T14:11:46Z,shippingservice,kubernetes,0,0,0,0,0,0,0
2026-10-04T14:11:46Z,shippingservice,paymentservice,0,0,0,0,0,0,0
2026-10-04T14:11:46Z,shippingservice,productcatalogservice,0,0,0,0,0,0,0
2026-10-04T14:11:46Z,shippingservice,recommendationservice,0,0,0,0,0,0,0
2026-10-04T14:11:46Z,shippingservice,redis-cart,0,0,0,0,0,0,0
2026-10-04T14:11:46Z,shippingservice,shippingservice,0,0,0,0,0,0,0
2026-10-04T14:11:47Z,adservice,adservice,0,0,0,0,0,0,0
2026-10-04T14:11:47Z,adservice,cartservice,0,0,0,0,0,0,0
2026-10-04T14:11:47Z,adservice,checkoutservice,0,0,0,0,0,0,0
2026-10-04T14:11:47Z,adservice,currencyservice,0,0,0,0,0,0,0
2026-10-04T14:11:47Z,adservice,emailservice,0,0,0,0,0,0,0
2026-10-04T14:11:47Z,adservice,frontend,0,0,0,0,0,0,0
2026-10-04T14:11:47Z,adservice,kubernetes,0,0,0,0,0,0,0
2026-10-04T14:11:47Z,adservice,paymentservice,0,0,0,0,0,0,0
2026-10-04T14:11:47Z,adservice,productcatalogservice,0,0,0,0,0,0,0
2026-10-04T14:11:47Z,adservice,recommendationservice,0,0,0,0,0,0,0
2026-10-04T14:11:47Z,adservice,redis-cart,0,0,0,0,0,0,0
2026-10-04T14:11:47Z,adservice,shippingservice,0,0,0,0,0,0,0
2026-10-04T14:11:47Z,cartservice,adservice,0,0,0,0,0,0,0
2026-10-04T14:11:47Z,cartservice,cartservice,0,0,0,0,0,0,0
2026-10-04T14:11:47Z,cartservice,checkoutservice,0,0,0,0,0,0,0
2026-10-04T14:11:47Z,cartservice,currencyservice,0,0,0,0,0,0,0
2026-10-04T14:11:47Z,cartservice,emailservice,0,0,0,0,0,0,0
2026-10-04T14:11:47Z,cartservice,frontend,0,0,0,0,0,0,0
2026-10-04T14:11:47Z,cartservice,kubernetes,0,0,0,0,0,0,0
2026-10-04T14:11:47Z,cartservice,paymentservice,0,0,0,0,0,0,0
2026-10-04T14:11:47Z,cartservice,productcatalogservice,0,0,0,0,0,0,0
2026-10-04T14:11:47Z,cartservice,recommendationservice,0,0,0,0,0,0,0
2026-10-04T14:11:47Z,cartservice,redis-cart,2,0,0,0,0,0,0
2026-10-04T14:11:47Z,cartservice,shippingservice,0,0,0,0,0,0,0
2026-10-04T14:11:47Z,checkoutservice,adservice,0,0,0,0,0,0,0
2026-10-04T14:11:47Z,checkoutservice,cartservice,70471,69540,0,100,0,745575,69539
2026-10-04T14:11:47Z,checkoutservice,checkoutservice,0,0,0,0,0,0,0
2026-10-04T14:11:47Z,checkoutservice,currencyservice,46633,46633,0,0,0,588432,46633
2026-10-04T14:11:47Z,checkoutservice,emailservice,17871,17583,0,66,0,562801,17581
2026-10-04T14:11:47Z,checkoutservice,frontend,0,0,0,0,0,0,0
2026-10-04T14:11:47Z,checkoutservice,kubernetes,0,0,0,0,0,0,0
2026-10-04T14:11:47Z,checkoutservice,paymentservice,39899,38051,0,192,0,462005,37903
2026-10-04T14:11:47Z,checkoutservice,productcatalogservice,0,0,0,0,0,0,0
2026-10-04T14:11:47Z,checkoutservice,recommendationservice,0,0,0,0,0,0,0
2026-10-04T14:11:47Z,checkoutservice,redis-cart,0,0,0,0,0,0,0
2026-10-04T14:11:47Z,checkoutservice,shippingservice,75782,73679,0,154,0,533751,73677
2026-10-04T14:11:47Z,currencyservice,adservice,0,0,0,0,0,0,0
2026-10-04T14:11:47Z,currencyservice,cartservice,0,0,0,0,0,0,0
2026-10-04T14:11:47Z,currencyservice,checkoutservice,0,0,0,0,0,0,0
2026-10-04T14:11:47Z,currencyservice,currencyservice,0,0,0,0,0,0,0
2026-10-04T14:11:47Z,currencyservice,emailservice,0,0,0,0,0,0,0
2026-10-04T14:11:47Z,currencyservice,frontend,0,0,0,0,0,0,0
2026-10-04T14:11:47Z,currencyservice,kubernetes,0,0,0,0,0,0,0
2026-10-04T14:11:47Z,currencyservice,paymentservice,0,0,0,0,0,0,0
2026-10-04T14:11:47Z,currencyservice,productcatalogservice,0,0,0,0,0,0,0
2026-10-04T14:11:47Z,currencyservice,recommendationservice,0,0,0,0,0,0,0
2026-10-04T14:11:47Z,currencyservice,redis-cart,0,0,0,0,0,0,0
2026-10-04T14:11:47Z,currencyservice,shippingservice,0,0,0,0,0,0,0
2026-10-04T14:11:47Z,emailservice,adservice,0,0,0,0,0,0,0
2026-10-04T14:11:47Z,emailservice,cartservice,0,0,0,0,0,0,0
2026-10-04T14:11:47Z,emailservice,checkoutservice,0,0,0,0,0,0,0
2026-10-04T14:11:47Z,emailservice,currencyservice,0,0,0,0,0,0,0
2026-10-04T14:11:47Z,emailservice,emailservice,0,0,0,0,0,0,0
2026-10-04T14:11:47Z,emailservice,frontend,0,0,0,0,0,0,0
2026-10-04T14:11:47Z,emailservice,kubernetes,0,0,0,0,0,0,0
2026-10-04T14:11:47Z,emailservice,paymentservice,0,0,0,0,0,0,0
2026-10-04T14:11:47Z,emailservice,productcatalogservice,0,0,0,0,0,0,0
2026-10-04T14:11:47Z,emailservice,recommendationservice,0,0,0,0,0,0,0
2026-10-04T14:11:47Z,emailservice,redis-cart,0,0,0,0,0,0,0
2026-10-04T14:11:47Z,emailservice,shippingservice,0,0,0,0,0,0,0
2026-10-04T14:11:47Z,frontend,adservice,862771,862767,0,0,0,2596435,862278
2026-10-04T14:11:47Z,frontend,cartservice,1932920,1932907,0,0,4,10652900,1931459
2026-10-04T14:11:47Z,frontend,checkoutservice,405622,195654,0,40061,169946,63338416,195472
2026-10-04T14:11:47Z,frontend,currencyservice,3071022,3071013,0,0,0,16088489,3068744
2026-10-04T14:11:47Z,frontend,emailservice,0,0,0,0,0,0,0
2026-10-04T14:11:47Z,frontend,frontend,0,0,0,0,0,0,0
2026-10-04T14:11:47Z,frontend,kubernetes,0,0,0,0,0,0,0
2026-10-04T14:11:47Z,frontend,paymentservice,0,0,0,0,0,0,0
2026-10-04T14:11:47Z,frontend,productcatalogservice,8580514,8580449,0,0,0,58472583,8575156
2026-10-04T14:11:47Z,frontend,recommendationservice,2830740,1706387,0,118550,1003261,862749171,1705144
2026-10-04T14:11:47Z,frontend,redis-cart,0,0,0,0,0,0,0
2026-10-04T14:11:47Z,frontend,shippingservice,316265,316263,0,0,0,954400,316079
2026-10-04T14:11:47Z,paymentservice,adservice,0,0,0,0,0,0,0
2026-10-04T14:11:47Z,paymentservice,cartservice,0,0,0,0,0,0,0
2026-10-04T14:11:47Z,paymentservice,checkoutservice,0,0,0,0,0,0,0
2026-10-04T14:11:47Z,paymentservice,currencyservice,0,0,0,0,0,0,0
2026-10-04T14:11:47Z,paymentservice,emailservice,0,0,0,0,0,0,0
2026-10-04T14:11:47Z,paymentservice,frontend,0,0,0,0,0,0,0
2026-10-04T14:11:47Z,paymentservice,kubernetes,0,0,0,0,0,0,0
2026-10-04T14:11:47Z,paymentservice,paymentservice,0,0,0,0,0,0,0
2026-10-04T14:11:47Z,paymentservice,productcatalogservice,0,0,0,0,0,0,0
2026-10-04T14:11:47Z,paymentservice,recommendationservice,0,0,0,0,0,0,0
2026-10-04T14:11:47Z,paymentservice,redis-cart,0,0,0,0,0,0,0
2026-10-04T14:11:47Z,paymentservice,shippingservice,0,0,0,0,0,0,0
2026-10-04T14:11:47Z,productcatalogservice,adservice,0,0,0,0,0,0,0
2026-10-04T14:11:47Z,productcatalogservice,cartservice,0,0,0,0,0,0,0
2026-10-04T14:11:47Z,productcatalogservice,checkoutservice,0,0,0,0,0,0,0
2026-10-04T14:11:47Z,productcatalogservice,currencyservice,0,0,0,0,0,0,0
2026-10-04T14:11:47Z,productcatalogservice,emailservice,0,0,0,0,0,0,0
2026-10-04T14:11:47Z,productcatalogservice,frontend,0,0,0,0,0,0,0
2026-10-04T14:11:47Z,productcatalogservice,kubernetes,0,0,0,0,0,0,0
2026-10-04T14:11:47Z,productcatalogservice,paymentservice,0,0,0,0,0,0,0
2026-10-04T14:11:47Z,productcatalogservice,productcatalogservice,0,0,0,0,0,0,0
2026-10-04T14:11:47Z,productcatalogservice,recommendationservice,0,0,0,0,0,0,0
2026-10-04T14:11:47Z,productcatalogservice,redis-cart,0,0,0,0,0,0,0
2026-10-04T14:11:47Z,productcatalogservice,shippingservice,0,0,0,0,0,0,0
2026-10-04T14:11:47Z,recommendationservice,adservice,0,0,0,0,0,0,0
2026-10-04T14:11:47Z,recommendationservice,cartservice,0,0,0,0,0,0,0
2026-10-04T14:11:47Z,recommendationservice,checkoutservice,0,0,0,0,0,0,0
2026-10-04T14:11:47Z,recommendationservice,currencyservice,0,0,0,0,0,0,0
2026-10-04T14:11:47Z,recommendationservice,emailservice,0,0,0,0,0,0,0
2026-10-04T14:11:47Z,recommendationservice,frontend,0,0,0,0,0,0,0
2026-10-04T14:11:47Z,recommendationservice,kubernetes,0,0,0,0,0,0,0
2026-10-04T14:11:47Z,recommendationservice,paymentservice,0,0,0,0,0,0,0
2026-10-04T14:11:47Z,recommendationservice,productcatalogservice,206130,206130,0,0,0,1348101,205304
2026-10-04T14:11:47Z,recommendationservice,recommendationservice,0,0,0,0,0,0,0
2026-10-04T14:11:47Z,recommendationservice,redis-cart,0,0,0,0,0,0,0
2026-10-04T14:11:47Z,recommendationservice,shippingservice,0,0,0,0,0,0,0
2026-10-04T14:11:47Z,redis-cart,adservice,0,0,0,0,0,0,0
2026-10-04T14:11:47Z,redis-cart,cartservice,0,0,0,0,0,0,0
2026-10-04T14:11:47Z,redis-cart,checkoutservice,0,0,0,0,0,0,0
2026-10-04T14:11:47Z,redis-cart,currencyservice,0,0,0,0,0,0,0
2026-10-04T14:11:47Z,redis-cart,emailservice,0,0,0,0,0,0,0
2026-10-04T14:11:47Z,redis-cart,frontend,0,0,0,0,0,0,0
2026-10-04T14:11:47Z,redis-cart,kubernetes,0,0,0,0,0,0,0
2026-10-04T14:11:47Z,redis-cart,paymentservice,0,0,0,0,0,0,0
2026-10-04T14:11:47Z,redis-cart,productcatalogservice,0,0,0,0,0,0,0
2026-10-04T14:11:47Z,redis-cart,recommendationservice,0,0,0,0,0,0,0
2026-10-04T14:11:47Z,redis-cart,redis-cart,0,0,0,0,0,0,0
2026-10-04T14:11:47Z,redis-cart,shippingservice,0,0,0,0,0,0,0
2026-10-04T14:11:47Z,shippingservice,adservice,0,0,0,0,0,0,0
2026-10-04T14:11:47Z,shippingservice,cartservice,0,0,0,0,0,0,0
2026-10-04T14:11:47Z,shippingservice,checkoutservice,0,0,0,0,0,0,0
2026-10-04T14:11:47Z,shippingservice,currencyservice,0,0,0,0,0,0,0
2026-10-04T14:11:47Z,shippingservice,emailservice,0,0,0,0,0,0,0
2026-10-04T14:11:47Z,shippingservice,frontend,0,0,0,0,0,0,0
2026-10-04T14:11:47Z,shippingservice,kubernetes,0,0,0,0,0,0,0
2026-10-04T14:11:47Z,shippingservice,paymentservice,0,0,0,0,0,0,0
2026-10-04T14:11:47Z,shippingservice,productcatalogservice,0,0,0,0,0,0,0
2026-10-04T14:11:47Z,shippingservice,recommendationservice,0,0,0,0,0,0,0
2026-10-04T14:11:47Z,shippingservice,redis-cart,0,0,0,0,0,0,0
2026-10-04T14:11:47Z,shippingservice,shippingservice,0,0,0,0,0,0,0
2026-10-04T14:11:48Z,adservice,adservice,0,0,0,0,0,0,0
2026-10-04T14:11:48Z,adservice,cartservice,0,0,0,0,0,0,0
2026-10-04T14:11:48Z,adservice,checkoutservice,0,0,0,0,0,0,0
2026-10-04T14:11:48Z,adservice,currencyservice,0,0,0,0,0,0,0
2026-10-04T14:11:48Z,adservice,emailservice,0,0,0,0,0,0,0
2026-10-04T14:11:48Z,adservice,frontend,0,0,0,0,0,0,0
2026-10-04T14:11:48Z,adservice,kubernetes,0,0,0,0,0,0,0
2026-10-04T14:11:48Z,adservice,paymentservice,0,0,0,0,0,0,0
2026-10-04T14:11:48Z,adservice,productcatalogservice,0,0,0,0,0,0,0
2026-10-04T14:11:48Z,adservice,recommendationservice,0,0,0,0,0,0,0
2026-10-04T14:11:48Z,adservice,redis-cart,0,0,0,0,0,0,0
2026-10-04T14:11:48Z,adservice,shippingservice,0,0,0,0,0,0,0
2026-10-04T14:11:48Z,cartservice,adservice,0,0,0,0,0,0,0
2026-10-04T14:11:48Z,cartservice,cartservice,0,0,0,0,0,0,0
2026-10-04T14:11:48Z,cartservice,checkoutservice,0,0,0,0,0,0,0
2026-10-04T14:11:48Z,cartservice,currencyservice,0,0,0,0,0,0,0
2026-10-04T14:11:48Z,cartservice,emailservice,0,0,0,0,0,0,0
2026-10-04T14:11:48Z,cartservice,frontend,0,0,0,0,0,0,0
2026-10-04T14:11:48Z,cartservice,kubernetes,0,0,0,0,0,0,0
2026-10-04T14:11:48Z,cartservice,paymentservice,0,0,0,0,0,0,0
2026-10-04T14:11:48Z,cartservice,productcatalogservice,0,0,0,0,0,0,0
2026-10-04T14:11:48Z,cartservice,recommendationservice,0,0,0,0,0,0,0
2026-10-04T14:11:48Z,cartservice,redis-cart,2,0,0,0,0,0,0
2026-10-04T14:11:48Z,cartservice,shippingservice,0,0,0,0,0,0,0
2026-10-04T14:11:48Z,checkoutservice,adservice,0,0,0,0,0,0,0
2026-10-04T14:11:48Z,checkoutservice,cartservice,70602,69666,0,100,0,745575,69539
2026-10-04T14:11:48Z,checkoutservice,checkoutservice,0,0,0,0,0,0,0
2026-10-04T14:11:48Z,checkoutservice,currencyservice,46702,46702,0,0,0,588432,46633
2026-10-04T14:11:48Z,checkoutservice,emailservice,17928,17639,0,66,0,562801,17581
2026-10-04T14:11:48Z,checkoutservice,frontend,0,0,0,0,0,0,0
2026-10-04T14:11:48Z,checkoutservice,kubernetes,0,0,0,0,0,0,0
2026-10-04T14:11:48Z,checkoutservice,paymentservice,39968,38120,0,192,0,462005,37903
2026-10-04T14:11:48Z,checkoutservice,productcatalogservice,0,0,0,0,0,0,0
2026-10-04T14:11:48Z,checkoutservice,recommendationservice,0,0,0,0,0,0,0
2026-10-04T14:11:48Z,checkoutservice,redis-cart,0,0,0,0,0,0,0
2026-10-04T14:11:48Z,checkoutservice,shippingservice,75919,73816,0,154,0,533751,73677
2026-10-04T14:11:48Z,currencyservice,adservice,0,0,0,0,0,0,0
2026-10-04T14:11:48Z,currencyservice,cartservice,0,0,0,0,0,0,0
2026-10-04T14:11:48Z,currencyservice,checkoutservice,0,0,0,0,0,0,0
2026-10-04T14:11:48Z,currencyservice,currencyservice,0,0,0,0,0,0,0
2026-10-04T14:11:48Z,currencyservice,emailservice,0,0,0,0,0,0,0
2026-10-04T14:11:48Z,currencyservice,frontend,0,0,0,0,0,0,0
2026-10-04T14:11:48Z,currencyservice,kubernetes,0,0,0,0,0,0,0
2026-10-04T14:11:48Z,currencyservice,paymentservice,0,0,0,0,0,0,0
2026-10-04T14:11:48Z,currencyservice,productcatalogservice,0,0,0,0,0,0,0
2026-10-04T14:11:48Z,currencyservice,recommendationservice,0,0,0,0,0,0,0
2026-10-04T14:11:48Z,currencyservice,redis-cart,0,0,0,0,0,0,0
2026-10-04T14:11:48Z,currencyservice,shippingservice,0,0,0,0,0,0,0
2026-10-04T14:11:48Z,emailservice,adservice,0,0,0,0,0,0,0
2026-10-04T14:11:48Z,emailservice,cartservice,0,0,0,0,0,0,0
2026-10-04T14:11:48Z,emailservice,checkoutservice,0,0,0,0,0,0,0
2026-10-04T14:11:48Z,emailservice,currencyservice,0,0,0,0,0,0,0
2026-10-04T14:11:48Z,emailservice,emailservice,0,0,0,0,0,0,0
2026-10-04T14:11:48Z,emailservice,frontend,0,0,0,0,0,0,0
2026-10-04T14:11:48Z,emailservice,kubernetes,0,0,0,0,0,0,0
2026-10-04T14:11:48Z,emailservice,paymentservice,0,0,0,0,0,0,0
2026-10-04T14:11:48Z,emailservice,productcatalogservice,0,0,0,0,0,0,0
2026-10-04T14:11:48Z,emailservice,recommendationservice,0,0,0,0,0,0,0
2026-10-04T14:11:48Z,emailservice,redis-cart,0,0,0,0,0,0,0
2026-10-04T14:11:48Z,emailservice,shippingservice,0,0,0,0,0,0,0
2026-10-04T14:11:48Z,frontend,adservice,862932,862930,0,0,0,2596938,862457
2026-10-04T14:11:48Z,frontend,cartservice,1933289,1933275,0,0,4,10655171,1931951
2026-10-04T14:11:48Z,frontend,checkoutservice,405692,195720,0,40061,169946,63345082,195528
2026-10-04T14:11:48Z,frontend,currencyservice,3071628,3071617,0,0,0,16091885,3069527
2026-10-04T14:11:48Z,frontend,emailservice,0,0,0,0,0,0,0
2026-10-04T14:11:48Z,frontend,frontend,0,0,0,0,0,0,0
2026-10-04T14:11:48Z,frontend,kubernetes,0,0,0,0,0,0,0
2026-10-04T14:11:48Z,frontend,paymentservice,0,0,0,0,0,0,0
2026-10-04T14:11:48Z,frontend,productcatalogservice,8582288,8582210,0,0,0,58487756,8577030
2026-10-04T14:11:48Z,frontend,recommendationservice,2831463,1706749,0,118594,1003616,863099201,1705594
2026-10-04T14:11:48Z,frontend,redis-cart,0,0,0,0,0,0,0
2026-10-04T14:11:48Z,frontend,shippingservice,316324,316322,0,0,0,954555,316145
2026-10-04T14:11:48Z,paymentservice,adservice,0,0,0,0,0,0,0
2026-10-04T14:11:48Z,paymentservice,cartservice,0,0,0,0,0,0,0
2026-10-04T14:11:48Z,paymentservice,checkoutservice,0,0,0,0,0,0,0
2026-10-04T14:11:48Z,paymentservice,currencyservice,0,0,0,0,0,0,0
2026-10-04T14:11:48Z,paymentservice,emailservice,0,0,0,0,0,0,0
2026-10-04T14:11:48Z,paymentservice,frontend,0,0,0,0,0,0,0
2026-10-04T14:11:48Z,paymentservice,kubernetes,0,0,0,0,0,0,0
2026-10-04T14:11:48Z,paymentservice,paymentservice,0,0,0,0,0,0,0
2026-10-04T14:11:48Z,paymentservice,productcatalogservice,0,0,0,0,0,0,0
2026-10-04T14:11:48Z,paymentservice,recommendationservice,0,0,0,0,0,0,0
2026-10-04T14:11:48Z,paymentservice,redis-cart,0,0,0,0,0,0,0
2026-10-04T14:11:48Z,paymentservice,shippingservice,0,0,0,0,0,0,0
2026-10-04T14:11:48Z,productcatalogservice,adservice,0,0,0,0,0,0,0
2026-10-04T14:11:48Z,productcatalogservice,cartservice,0,0,0,0,0,0,0
2026-10-04T14:11:48Z,productcatalogservice,checkoutservice,0,0,0,0,0,0,0
2026-10-04T14:11:48Z,productcatalogservice,currencyservice,0,0,0,0,0,0,0
2026-10-04T14:11:48Z,productcatalogservice,emailservice,0,0,0,0,0,0,0
2026-10-04T14:11:48Z,productcatalogservice,frontend,0,0,0,0,0,0,0
2026-10-04T14:11:48Z,productcatalogservice,kubernetes,0,0,0,0,0,0,0
2026-10-04T14:11:48Z,productcatalogservice,paymentservice,0,0,0,0,0,0,0
2026-10-04T14:11:48Z,productcatalogservice,productcatalogservice,0,0,0,0,0,0,0
2026-10-04T14:11:48Z,productcatalogservice,recommendationservice,0,0,0,0,0,0,0
2026-10-04T14:11:48Z,productcatalogservice,redis-cart,0,0,0,0,0,0,0
2026-10-04T14:11:48Z,productcatalogservice,shippingservice,0,0,0,0,0,0,0
2026-10-04T14:11:48Z,recommendationservice,adservice,0,0,0,0,0,0,0
2026-10-04T14:11:48Z,recommendationservice,cartservice,0,0,0,0,0,0,0
2026-10-04T14:11:48Z,recommendationservice,checkoutservice,0,0,0,0,0,0,0
2026-10-04T14:11:48Z,recommendationservice,currencyservice,0,0,0,0,0,0,0
2026-10-04T14:11:48Z,recommendationservice,emailservice,0,0,0,0,0,0,0
2026-10-04T14:11:48Z,recommendationservice,frontend,0,0,0,0,0,0,0
2026-10-04T14:11:48Z,recommendationservice,kubernetes,0,0,0,0,0,0,0
2026-10-04T14:11:48Z,recommendationservice,paymentservice,0,0,0,0,0,0,0
2026-10-04T14:11:48Z,recommendationservice,productcatalogservice,206559,206557,0,0,0,1348101,205304
2026-10-04T14:11:48Z,recommendationservice,recommendationservice,0,0,0,0,0,0,0
2026-10-04T14:11:48Z,recommendationservice,redis-cart,0,0,0,0,0,0,0
2026-10-04T14:11:48Z,recommendationservice,shippingservice,0,0,0,0,0,0,0
2026-10-04T14:11:48Z,redis-cart,adservice,0,0,0,0,0,0,0
2026-10-04T14:11:48Z,redis-cart,cartservice,0,0,0,0,0,0,0
2026-10-04T14:11:48Z,redis-cart,checkoutservice,0,0,0,0,0,0,0
2026-10-04T14:11:48Z,redis-cart,currencyservice,0,0,0,0,0,0,0
2026-10-04T14:11:48Z,redis-cart,emailservice,0,0,0,0,0,0,0
2026-10-04T14:11:48Z,redis-cart,frontend,0,0,0,0,0,0,0
2026-10-04T14:11:48Z,redis-cart,kubernetes,0,0,0,0,0,0,0
2026-10-04T14:11:48Z,redis-cart,paymentservice,0,0,0,0,0,0,0
2026-10-04T14:11:48Z,redis-cart,productcatalogservice,0,0,0,0,0,0,0
2026-10-04T14:11:48Z,redis-cart,recommendationservice,0,0,0,0,0,0,0
2026-10-04T14:11:48Z,redis-cart,redis-cart,0,0,0,0,0,0,0
2026-10-04T14:11:48Z,redis-cart,shippingservice,0,0,0,0,0,0,0
2026-10-04T14:11:48Z,shippingservice,adservice,0,0,0,0,0,0,0
2026-10-04T14:11:48Z,shippingservice,cartservice,0,0,0,0,0,0,0
2026-10-04T14:11:48Z,shippingservice,checkoutservice,0,0,0,0,0,0,0
2026-10-04T14:11:48Z,shippingservice,currencyservice,0,0,0,0,0,0,0
2026-10-04T14:11:48Z,shippingservice,emailservice,0,0,0,0,0,0,0
2026-10-04T14:11:48Z,shippingservice,frontend,0,0,0,0,0,0,0
2026-10-04T14:11:48Z,shippingservice,kubernetes,0,0,0,0,0,0,0
2026-10-04T14:11:48Z,shippingservice,paymentservice,0,0,0,0,0,0,0
2026-10-04T14:11:48Z,shippingservice,productcatalogservice,0,0,0,0,0,0,0
2026-10-04T14:11:48Z,shippingservice,recommendationservice,0,0,0,0,0,0,0
2026-10-04T14:11:48Z,shippingservice,redis-cart,0,0,0,0,0,0,0
2026-10-04T14:11:48Z,shippingservice,shippingservice,0,0,0,0,0,0,0
2026-10-04T14:11:49Z,adservice,adservice,0,0,0,0,0,0,0
2026-10-04T14:11:49Z,adservice,cartservice,0,0,0,0,0,0,0
2026-10-04T14:11:49Z,adservice,checkoutservice,0,0,0,0,0,0,0
2026-10-04T14:11:49Z,adservice,currencyservice,0,0,0,0,0,0,0
2026-10-04T14:11:49Z,adservice,emailservice,0,0,0,0,0,0,0
2026-10-04T14:11:49Z,adservice,frontend,0,0,0,0,0,0,0
2026-10-04T14:11:49Z,adservice,kubernetes,0,0,0,0,0,0,0
2026-10-04T14:11:49Z,adservice,paymentservice,0,0,0,0,0,0,0
2026-10-04T14:11:49Z,adservice,productcatalogservice,0,0,0,0,0,0,0
2026-10-04T14:11:49Z,adservice,recommendationservice,0,0,0,0,0,0,0
2026-10-04T14:11:49Z,adservice,redis-cart,0,0,0,0,0,0,0
2026-10-04T14:11:49Z,adservice,shippingservice,0,0,0,0,0,0,0
2026-10-04T14:11:49Z,cartservice,adservice,0,0,0,0,0,0,0
2026-10-04T14:11:49Z,cartservice,cartservice,0,0,0,0,0,0,0
2026-10-04T14:11:49Z,cartservice,checkoutservice,0,0,0,0,0,0,0
2026-10-04T14:11:49Z,cartservice,currencyservice,0,0,0,0,0,0,0
2026-10-04T14:11:49Z,cartservice,emailservice,0,0,0,0,0,0,0
2026-10-04T14:11:49Z,cartservice,frontend,0,0,0,0,0,0,0
2026-10-04T14:11:49Z,cartservice,kubernetes,0,0,0,0,0,0,0
2026-10-04T14:11:49Z,cartservice,paymentservice,0,0,0,0,0,0,0
2026-10-04T14:11:49Z,cartservice,productcatalogservice,0,0,0,0,0,0,0
2026-10-04T14:11:49Z,cartservice,recommendationservice,0,0,0,0,0,0,0
2026-10-04T14:11:49Z,cartservice,redis-cart,2,0,0,0,0,0,0
2026-10-04T14:11:49Z,cartservice,shippingservice,0,0,0,0,0,0,0
2026-10-04T14:11:49Z,checkoutservice,adservice,0,0,0,0,0,0,0
2026-10-04T14:11:49Z,checkoutservice,cartservice,70722,69790,0,100,0,745575,69539
2026-10-04T14:11:49Z,checkoutservice,checkoutservice,0,0,0,0,0,0,0
2026-10-04T14:11:49Z,checkoutservice,currencyservice,46763,46763,0,0,0,588432,46633
2026-10-04T14:11:49Z,checkoutservice,emailservice,17986,17698,0,66,0,562801,17581
2026-10-04T14:11:49Z,checkoutservice,frontend,0,0,0,0,0,0,0
2026-10-04T14:11:49Z,checkoutservice,kubernetes,0,0,0,0,0,0,0
2026-10-04T14:11:49Z,checkoutservice,paymentservice,40020,38172,0,192,0,462005,37903
2026-10-04T14:11:49Z,checkoutservice,productcatalogservice,0,0,0,0,0,0,0
2026-10-04T14:11:49Z,checkoutservice,recommendationservice,0,0,0,0,0,0,0
2026-10-04T14:11:49Z,checkoutservice,redis-cart,0,0,0,0,0,0,0
2026-10-04T14:11:49Z,checkoutservice,shippingservice,76033,73930,0,154,0,533751,73677
2026-10-04T14:11:49Z,currencyservice,adservice,0,0,0,0,0,0,0
2026-10-04T14:11:49Z,currencyservice,cartservice,0,0,0,0,0,0,0
2026-10-04T14:11:49Z,currencyservice,checkoutservice,0,0,0,0,0,0,0
2026-10-04T14:11:49Z,currencyservice,currencyservice,0,0,0,0,0,0,0
2026-10-04T14:11:49Z,currencyservice,emailservice,0,0,0,0,0,0,0
2026-10-04T14:11:49Z,currencyservice,frontend,0,0,0,0,0,0,0
2026-10-04T14:11:49Z,currencyservice,kubernetes,0,0,0,0,0,0,0
2026-10-04T14:11:49Z,currencyservice,paymentservice,0,0,0,0,0,0,0
2026-10-04T14:11:49Z,currencyservice,productcatalogservice,0,0,0,0,0,0,0
2026-10-04T14:11:49Z,currencyservice,recommendationservice,0,0,0,0,0,0,0
2026-10-04T14:11:49Z,currencyservice,redis-cart,0,0,0,0,0,0,0
2026-10-04T14:11:49Z,currencyservice,shippingservice,0,0,0,0,0,0,0
2026-10-04T14:11:49Z,emailservice,adservice,0,0,0,0,0,0,0
2026-10-04T14:11:49Z,emailservice,cartservice,0,0,0,0,0,0,0
2026-10-04T14:11:49Z,emailservice,checkoutservice,0,0,0,0,0,0,0
2026-10-04T14:11:49Z,emailservice,currencyservice,0,0,0,0,0,0,0
2026-10-04T14:11:49Z,emailservice,emailservice,0,0,0,0,0,0,0
2026-10-04T14:11:49Z,emailservice,frontend,0,0,0,0,0,0,0
2026-10-04T14:11:49Z,emailservice,kubernetes,0,0,0,0,0,0,0
2026-10-04T14:11:49Z,emailservice,paymentservice,0,0,0,0,0,0,0
2026-10-04T14:11:49Z,emailservice,productcatalogservice,0,0,0,0,0,0,0
2026-10-04T14:11:49Z,emailservice,recommendationservice,0,0,0,0,0,0,0
2026-10-04T14:11:49Z,emailservice,redis-cart,0,0,0,0,0,0,0
2026-10-04T14:11:49Z,emailservice,shippingservice,0,0,0,0,0,0,0
2026-10-04T14:11:49Z,frontend,adservice,863082,863080,0,0,0,2597963,862806
2026-10-04T14:11:49Z,frontend,cartservice,1933709,1933695,0,0,4,10659635,1933004
2026-10-04T14:11:49Z,frontend,checkoutservice,405755,195773,0,40061,169946,63360488,195677
2026-10-04T14:11:49Z,frontend,currencyservice,3072290,3072278,0,0,0,16098039,3071180
2026-10-04T14:11:49Z,frontend,emailservice,0,0,0,0,0,0,0
2026-10-04T14:11:49Z,frontend,frontend,0,0,0,0,0,0,0
2026-10-04T14:11:49Z,frontend,kubernetes,0,0,0,0,0,0,0
2026-10-04T14:11:49Z,frontend,paymentservice,0,0,0,0,0,0,0
2026-10-04T14:11:49Z,frontend,productcatalogservice,8583908,8583842,0,0,0,58508136,8580971
2026-10-04T14:11:49Z,frontend,recommendationservice,2832171,1707102,0,118653,1003895,863790896,1706479
2026-10-04T14:11:49Z,frontend,redis-cart,0,0,0,0,0,0,0
2026-10-04T14:11:49Z,frontend,shippingservice,316375,316372,0,0,0,954897,316286
2026-10-04T14:11:49Z,paymentservice,adservice,0,0,0,0,0,0,0
2026-10-04T14:11:49Z,paymentservice,cartservice,0,0,0,0,0,0,0
2026-10-04T14:11:49Z,paymentservice,checkoutservice,0,0,0,0,0,0,0
2026-10-04T14:11:49Z,paymentservice,currencyservice,0,0,0,0,0,0,0
2026-10-04T14:11:49Z,paymentservice,emailservice,0,0,0,0,0,0,0
2026-10-04T14:11:49Z,paymentservice,frontend,0,0,0,0,0,0,0
2026-10-04T14:11:49Z,paymentservice,kubernetes,0,0,0,0,0,0,0
2026-10-04T14:11:49Z,paymentservice,paymentservice,0,0,0,0,0,0,0
2026-10-04T14:11:49Z,paymentservice,productcatalogservice,0,0,0,0,0,0,0
2026-10-04T14:11:49Z,paymentservice,recommendationservice,0,0,0,0,0,0,0
2026-10-04T14:11:49Z,paymentservice,redis-cart,0,0,0,0,0,0,0
2026-10-04T14:11:49Z,paymentservice,shippingservice,0,0,0,0,0,0,0
2026-10-04T14:11:49Z,productcatalogservice,adservice,0,0,0,0,0,0,0
2026-10-04T14:11:49Z,productcatalogservice,cartservice,0,0,0,0,0,0,0
2026-10-04T14:11:49Z,productcatalogservice,checkoutservice,0,0,0,0,0,0,0
2026-10-04T14:11:49Z,productcatalogservice,currencyservice,0,0,0,0,0,0,0
2026-10-04T14:11:49Z,productcatalogservice,emailservice,0,0,0,0,0,0,0
2026-10-04T14:11:49Z,productcatalogservice,frontend,0,0,0,0,0,0,0
2026-10-04T14:11:49Z,productcatalogservice,kubernetes,0,0,0,0,0,0,0
2026-10-04T14:11:49Z,productcatalogservice,paymentservice,0,0,0,0,0,0,0
2026-10-04T14:11:49Z,productcatalogservice,productcatalogservice,0,0,0,0,0,0,0
2026-10-04T14:11:49Z,productcatalogservice,recommendationservice,0,0,0,0,0,0,0
2026-10-04T14:11:49Z,productcatalogservice,redis-cart,0,0,0,0,0,0,0
2026-10-04T14:11:49Z,productcatalogservice,shippingservice,0,0,0,0,0,0,0
2026-10-04T14:11:49Z,recommendationservice,adservice,0,0,0,0,0,0,0
2026-10-04T14:11:49Z,recommendationservice,cartservice,0,0,0,0,0,0,0
2026-10-04T14:11:49Z,recommendationservice,checkoutservice,0,0,0,0,0,0,0
2026-10-04T14:11:49Z,recommendationservice,currencyservice,0,0,0,0,0,0,0
2026-10-04T14:11:49Z,recommendationservice,emailservice,0,0,0,0,0,0,0
2026-10-04T14:11:49Z,recommendationservice,frontend,0,0,0,0,0,0,0
2026-10-04T14:11:49Z,recommendationservice,kubernetes,0,0,0,0,0,0,0
2026-10-04T14:11:49Z,recommendationservice,paymentservice,0,0,0,0,0,0,0
2026-10-04T14:11:49Z,recommendationservice,productcatalogservice,206985,206984,0,0,0,1348101,205304
2026-10-04T14:11:49Z,recommendationservice,recommendationservice,0,0,0,0,0,0,0
2026-10-04T14:11:49Z,recommendationservice,redis-cart,0,0,0,0,0,0,0
2026-10-04T14:11:49Z,recommendationservice,shippingservice,0,0,0,0,0,0,0
2026-10-04T14:11:49Z,redis-cart,adservice,0,0,0,0,0,0,0
2026-10-04T14:11:49Z,redis-cart,cartservice,0,0,0,0,0,0,0
2026-10-04T14:11:49Z,redis-cart,checkoutservice,0,0,0,0,0,0,0
2026-10-04T14:11:49Z,redis-cart,currencyservice,0,0,0,0,0,0,0
2026-10-04T14:11:49Z,redis-cart,emailservice,0,0,0,0,0,0,0
2026-10-04T14:11:49Z,redis-cart,frontend,0,0,0,0,0,0,0
2026-10-04T14:11:49Z,redis-cart,kubernetes,0,0,0,0,0,0,0
2026-10-04T14:11:49Z,redis-cart,paymentservice,0,0,0,0,0,0,0
2026-10-04T14:11:49Z,redis-cart,productcatalogservice,0,0,0,0,0,0,0
2026-10-04T14:11:49Z,redis-cart,recommendationservice,0,0,0,0,0,0,0
2026-10-04T14:11:49Z,redis-cart,redis-cart,0,0,0,0,0,0,0
2026-10-04T14:11:49Z,redis-cart,shippingservice,0,0,0,0,0,0,0
2026-10-04T14:11:49Z,shippingservice,adservice,0,0,0,0,0,0,0
2026-10-04T14:11:49Z,shippingservice,cartservice,0,0,0,0,0,0,0
2026-10-04T14:11:49Z,shippingservice,checkoutservice,0,0,0,0,0,0,0
2026-10-04T14:11:49Z,shippingservice,currencyservice,0,0,0,0,0,0,0
2026-10-04T14:11:49Z,shippingservice,emailservice,0,0,0,0,0,0,0
2026-10-04T14:11:49Z,shippingservice,frontend,0,0,0,0,0,0,0
2026-10-04T14:11:49Z,shippingservice,kubernetes,0,0,0,0,0,0,0
2026-10-04T14:11:49Z,shippingservice,paymentservice,0,0,0,0,0,0,0
2026-10-04T14:11:49Z,shippingservice,productcatalogservice,0,0,0,0,0,0,0
2026-10-04T14:11:49Z,shippingservice,recommendationservice,0,0,0,0,0,0,0
2026-10-04T14:11:49Z,shippingservice,redis-cart,0,0,0,0,0,0,0
2026-10-04T14:11:49Z,shippingservice,shippingservice,0,0,0,0,0,0,0
2026-10-04T14:11:50Z,adservice,adservice,0,0,0,0,0,0,0
2026-10-04T14:11:50Z,adservice,cartservice,0,0,0,0,0,0,0
2026-10-04T14:11:50Z,adservice,checkoutservice,0,0,0,0,0,0,0
2026-10-04T14:11:50Z,adservice,currencyservice,0,0,0,0,0,0,0
2026-10-04T14:11:50Z,adservice,emailservice,0,0,0,0,0,0,0
2026-10-04T14:11:50Z,adservice,frontend,0,0,0,0,0,0,0
2026-10-04T14:11:50Z,adservice,kubernetes,0,0,0,0,0,0,0
2026-10-04T14:11:50Z,adservice,paymentservice,0,0,0,0,0,0,0
2026-10-04T14:11:50Z,adservice,productcatalogservice,0,0,0,0,0,0,0
2026-10-04T14:11:50Z,adservice,recommendationservice,0,0,0,0,0,0,0
2026-10-04T14:11:50Z,adservice,redis-cart,0,0,0,0,0,0,0
2026-10-04T14:11:50Z,adservice,shippingservice,0,0,0,0,0,0,0
2026-10-04T14:11:50Z,cartservice,adservice,0,0,0,0,0,0,0
2026-10-04T14:11:50Z,cartservice,cartservice,0,0,0,0,0,0,0
2026-10-04T14:11:50Z,cartservice,checkoutservice,0,0,0,0,0,0,0
2026-10-04T14:11:50Z,cartservice,currencyservice,0,0,0,0,0,0,0
2026-10-04T14:11:50Z,cartservice,emailservice,0,0,0,0,0,0,0
2026-10-04T14:11:50Z,cartservice,frontend,0,0,0,0,0,0,0
2026-10-04T14:11:50Z,cartservice,kubernetes,0,0,0,0,0,0,0
2026-10-04T14:11:50Z,cartservice,paymentservice,0,0,0,0,0,0,0
2026-10-04T14:11:50Z,cartservice,productcatalogservice,0,0,0,0,0,0,0
2026-10-04T14:11:50Z,cartservice,recommendationservice,0,0,0,0,0,0,0
2026-10-04T14:11:50Z,cartservice,redis-cart,2,0,0,0,0,0,0
2026-10-04T14:11:50Z,cartservice,shippingservice,0,0,0,0,0,0,0
2026-10-04T14:11:50Z,checkoutservice,adservice,0,0,0,0,0,0,0
2026-10-04T14:11:50Z,checkoutservice,cartservice,70799,69867,0,100,0,745575,69539
2026-10-04T14:11:50Z,checkoutservice,checkoutservice,0,0,0,0,0,0,0
2026-10-04T14:11:50Z,checkoutservice,currencyservice,46799,46799,0,0,0,588432,46633
2026-10-04T14:11:50Z,checkoutservice,emailservice,18032,17744,0,66,0,562801,17581
2026-10-04T14:11:50Z,checkoutservice,frontend,0,0,0,0,0,0,0
2026-10-04T14:11:50Z,checkoutservice,kubernetes,0,0,0,0,0,0,0
2026-10-04T14:11:50Z,checkoutservice,paymentservice,40063,38215,0,192,0,462005,37903
2026-10-04T14:11:50Z,checkoutservice,productcatalogservice,0,0,0,0,0,0,0
2026-10-04T14:11:50Z,checkoutservice,recommendationservice,0,0,0,0,0,0,0
2026-10-04T14:11:50Z,checkoutservice,redis-cart,0,0,0,0,0,0,0
2026-10-04T14:11:50Z,checkoutservice,shippingservice,76110,74007,0,154,0,533751,73677
2026-10-04T14:11:50Z,currencyservice,adservice,0,0,0,0,0,0,0
2026-10-04T14:11:50Z,currencyservice,cartservice,0,0,0,0,0,0,0
2026-10-04T14:11:50Z,currencyservice,checkoutservice,0,0,0,0,0,0,0
2026-10-04T14:11:50Z,currencyservice,currencyservice,0,0,0,0,0,0,0
2026-10-04T14:11:50Z,currencyservice,emailservice,0,0,0,0,0,0,0
2026-10-04T14:11:50Z,currencyservice,frontend,0,0,0,0,0,0,0
2026-10-04T14:11:50Z,currencyservice,kubernetes,0,0,0,0,0,0,0
2026-10-04T14:11:50Z,currencyservice,paymentservice,0,0,0,0,0,0,0
2026-10-04T14:11:50Z,currencyservice,productcatalogservice,0,0,0,0,0,0,0
2026-10-04T14:11:50Z,currencyservice,recommendationservice,0,0,0,0,0,0,0
2026-10-04T14:11:50Z,currencyservice,redis-cart,0,0,0,0,0,0,0
2026-10-04T14:11:50Z,currencyservice,shippingservice,0,0,0,0,0,0,0
2026-10-04T14:11:50Z,emailservice,adservice,0,0,0,0,0,0,0
2026-10-04T14:11:50Z,emailservice,cartservice,0,0,0,0,0,0,0
2026-10-04T14:11:50Z,emailservice,checkoutservice,0,0,0,0,0,0,0
2026-10-04T14:11:50Z,emailservice,currencyservice,0,0,0,0,0,0,0
2026-10-04T14:11:50Z,emailservice,emailservice,0,0,0,0,0,0,0
2026-10-04T14:11:50Z,emailservice,frontend,0,0,0,0,0,0,0
2026-10-04T14:11:50Z,emailservice,kubernetes,0,0,0,0,0,0,0
2026-10-04T14:11:50Z,emailservice,paymentservice,0,0,0,0,0,0,0
2026-10-04T14:11:50Z,emailservice,productcatalogservice,0,0,0,0,0,0,0
2026-10-04T14:11:50Z,emailservice,recommendationservice,0,0,0,0,0,0,0
2026-10-04T14:11:50Z,emailservice,redis-cart,0,0,0,0,0,0,0
2026-10-04T14:11:50Z,emailservice,shippingservice,0,0,0,0,0,0,0
2026-10-04T14:11:50Z,frontend,adservice,863182,863180,0,0,0,2598393,862972
2026-10-04T14:11:50Z,frontend,cartservice,1934090,1934076,0,0,4,10661448,1933420
2026-10-04T14:11:50Z,frontend,checkoutservice,405792,195822,0,40061,169946,63367596,195740
2026-10-04T14:11:50Z,frontend,currencyservice,3072865,3072856,0,0,0,16100663,3071843
2026-10-04T14:11:50Z,frontend,emailservice,0,0,0,0,0,0,0
2026-10-04T14:11:50Z,frontend,frontend,0,0,0,0,0,0,0
2026-10-04T14:11:50Z,frontend,kubernetes,0,0,0,0,0,0,0
2026-10-04T14:11:50Z,frontend,paymentservice,0,0,0,0,0,0,0
2026-10-04T14:11:50Z,frontend,productcatalogservice,8585120,8585048,0,0,0,58520658,8582675
2026-10-04T14:11:50Z,frontend,recommendationservice,2832994,1707380,0,118692,1004350,864098261,1706855
2026-10-04T14:11:50Z,frontend,redis-cart,0,0,0,0,0,0,0
2026-10-04T14:11:50Z,frontend,shippingservice,316416,316414,0,0,0,954987,316329
2026-10-04T14:11:50Z,paymentservice,adservice,0,0,0,0,0,0,0
2026-10-04T14:11:50Z,paymentservice,cartservice,0,0,0,0,0,0,0
2026-10-04T14:11:50Z,paymentservice,checkoutservice,0,0,0,0,0,0,0
2026-10-04T14:11:50Z,paymentservice,currencyservice,0,0,0,0,0,0,0
2026-10-04T14:11:50Z,paymentservice,emailservice,0,0,0,0,0,0,0
2026-10-04T14:11:50Z,paymentservice,frontend,0,0,0,0,0,0,0
2026-10-04T14:11:50Z,paymentservice,kubernetes,0,0,0,0,0,0,0
2026-10-04T14:11:50Z,paymentservice,paymentservice,0,0,0,0,0,0,0
2026-10-04T14:11:50Z,paymentservice,productcatalogservice,0,0,0,0,0,0,0
2026-10-04T14:11:50Z,paymentservice,recommendationservice,0,0,0,0,0,0,0
2026-10-04T14:11:50Z,paymentservice,redis-cart,0,0,0,0,0,0,0
2026-10-04T14:11:50Z,paymentservice,shippingservice,0,0,0,0,0,0,0
2026-10-04T14:11:50Z,productcatalogservice,adservice,0,0,0,0,0,0,0
2026-10-04T14:11:50Z,productcatalogservice,cartservice,0,0,0,0,0,0,0
2026-10-04T14:11:50Z,productcatalogservice,checkoutservice,0,0,0,0,0,0,0
2026-10-04T14:11:50Z,productcatalogservice,currencyservice,0,0,0,0,0,0,0
2026-10-04T14:11:50Z,productcatalogservice,emailservice,0,0,0,0,0,0,0
2026-10-04T14:11:50Z,productcatalogservice,frontend,0,0,0,0,0,0,0
2026-10-04T14:11:50Z,productcatalogservice,kubernetes,0,0,0,0,0,0,0
2026-10-04T14:11:50Z,productcatalogservice,paymentservice,0,0,0,0,0,0,0
2026-10-04T14:11:50Z,productcatalogservice,productcatalogservice,0,0,0,0,0,0,0
2026-10-04T14:11:50Z,productcatalogservice,recommendationservice,0,0,0,0,0,0,0
2026-10-04T14:11:50Z,productcatalogservice,redis-cart,0,0,0,0,0,0,0
2026-10-04T14:11:50Z,productcatalogservice,shippingservice,0,0,0,0,0,0,0
2026-10-04T14:11:50Z,recommendationservice,adservice,0,0,0,0,0,0,0
2026-10-04T14:11:50Z,recommendationservice,cartservice,0,0,0,0,0,0,0
2026-10-04T14:11:50Z,recommendationservice,checkoutservice,0,0,0,0,0,0,0
2026-10-04T14:11:50Z,recommendationservice,currencyservice,0,0,0,0,0,0,0
2026-10-04T14:11:50Z,recommendationservice,emailservice,0,0,0,0,0,0,0
2026-10-04T14:11:50Z,recommendationservice,frontend,0,0,0,0,0,0,0
2026-10-04T14:11:50Z,recommendationservice,kubernetes,0,0,0,0,0,0,0
2026-10-04T14:11:50Z,recommendationservice,paymentservice,0,0,0,0,0,0,0
2026-10-04T14:11:50Z,recommendationservice,productcatalogservice,207394,207392,0,0,0,1359633,207377
2026-10-04T14:11:50Z,recommendationservice,recommendationservice,0,0,0,0,0,0,0
2026-10-04T14:11:50Z,recommendationservice,redis-cart,0,0,0,0,0,0,0
2026-10-04T14:11:50Z,recommendationservice,shippingservice,0,0,0,0,0,0,0
2026-10-04T14:11:50Z,redis-cart,adservice,0,0,0,0,0,0,0
2026-10-04T14:11:50Z,redis-cart,cartservice,0,0,0,0,0,0,0
2026-10-04T14:11:50Z,redis-cart,checkoutservice,0,0,0,0,0,0,0
2026-10-04T14:11:50Z,redis-cart,currencyservice,0,0,0,0,0,0,0
2026-10-04T14:11:50Z,redis-cart,emailservice,0,0,0,0,0,0,0
2026-10-04T14:11:50Z,redis-cart,frontend,0,0,0,0,0,0,0
2026-10-04T14:11:50Z,redis-cart,kubernetes,0,0,0,0,0,0,0
2026-10-04T14:11:50Z,redis-cart,paymentservice,0,0,0,0,0,0,0
2026-10-04T14:11:50Z,redis-cart,productcatalogservice,0,0,0,0,0,0,0
2026-10-04T14:11:50Z,redis-cart,recommendationservice,0,0,0,0,0,0,0
2026-10-04T14:11:50Z,redis-cart,redis-cart,0,0,0,0,0,0,0
2026-10-04T14:11:50Z,redis-cart,shippingservice,0,0,0,0,0,0,0
2026-10-04T14:11:50Z,shippingservice,adservice,0,0,0,0,0,0,0
2026-10-04T14:11:50Z,shippingservice,cartservice,0,0,0,0,0,0,0
2026-10-04T14:11:50Z,shippingservice,checkoutservice,0,0,0,0,0,0,0
2026-10-04T14:11:50Z,shippingservice,currencyservice,0,0,0,0,0,0,0
2026-10-04T14:11:50Z,shippingservice,emailservice,0,0,0,0,0,0,0
2026-10-04T14:11:50Z,shippingservice,frontend,0,0,0,0,0,0,0
2026-10-04T14:11:50Z,shippingservice,kubernetes,0,0,0,0,0,0,0
2026-10-04T14:11:50Z,shippingservice,paymentservice,0,0,0,0,0,0,0
2026-10-04T14:11:50Z,shippingservice,productcatalogservice,0,0,0,0,0,0,0
2026-10-04T14:11:50Z,shippingservice,recommendationservice,0,0,0,0,0,0,0
2026-10-04T14:11:50Z,shippingservice,redis-cart,0,0,0,0,0,0,0
2026-10-04T14:11:50Z,shippingservice,shippingservice,0,0,0,0,0,0,0
2026-10-04T14:11:51Z,adservice,adservice,0,0,0,0,0,0,0
2026-10-04T14:11:51Z,adservice,cartservice,0,0,0,0,0,0,0
2026-10-04T14:11:51Z,adservice,checkoutservice,0,0,0,0,0,0,0
2026-10-04T14:11:51Z,adservice,currencyservice,0,0,0,0,0,0,0
2026-10-04T14:11:51Z,adservice,emailservice,0,0,0,0,0,0,0
2026-10-04T14:11:51Z,adservice,frontend,0,0,0,0,0,0,0
2026-10-04T14:11:51Z,adservice,kubernetes,0,0,0,0,0,0,0
2026-10-04T14:11:51Z,adservice,paymentservice,0,0,0,0,0,0,0
2026-10-04T14:11:51Z,adservice,productcatalogservice,0,0,0,0,0,0,0
2026-10-04T14:11:51Z,adservice,recommendationservice,0,0,0,0,0,0,0
2026-10-04T14:11:51Z,adservice,redis-cart,0,0,0,0,0,0,0
2026-10-04T14:11:51Z,adservice,shippingservice,0,0,0,0,0,0,0
2026-10-04T14:11:51Z,cartservice,adservice,0,0,0,0,0,0,0
2026-10-04T14:11:51Z,cartservice,cartservice,0,0,0,0,0,0,0
2026-10-04T14:11:51Z,cartservice,checkoutservice,0,0,0,0,0,0,0
2026-10-04T14:11:51Z,cartservice,currencyservice,0,0,0,0,0,0,0
2026-10-04T14:11:51Z,cartservice,emailservice,0,0,0,0,0,0,0
2026-10-04T14:11:51Z,cartservice,frontend,0,0,0,0,0,0,0
2026-10-04T14:11:51Z,cartservice,kubernetes,0,0,0,0,0,0,0
2026-10-04T14:11:51Z,cartservice,paymentservice,0,0,0,0,0,0,0
2026-10-04T14:11:51Z,cartservice,productcatalogservice,0,0,0,0,0,0,0
2026-10-04T14:11:51Z,cartservice,recommendationservice,0,0,0,0,0,0,0
2026-10-04T14:11:51Z,cartservice,redis-cart,2,0,0,0,0,0,0
2026-10-04T14:11:51Z,cartservice,shippingservice,0,0,0,0,0,0,0
2026-10-04T14:11:51Z,checkoutservice,adservice,0,0,0,0,0,0,0
2026-10-04T14:11:51Z,checkoutservice,cartservice,70889,69957,0,100,0,745575,69539
2026-10-04T14:11:51Z,checkoutservice,checkoutservice,0,0,0,0,0,0,0
2026-10-04T14:11:51Z,checkoutservice,currencyservice,46842,46841,0,0,0,588432,46633
2026-10-04T14:11:51Z,checkoutservice,emailservice,18077,17788,0,66,0,562801,17581
2026-10-04T14:11:51Z,checkoutservice,frontend,0,0,0,0,0,0,0
2026-10-04T14:11:51Z,checkoutservice,kubernetes,0,0,0,0,0,0,0
2026-10-04T14:11:51Z,checkoutservice,paymentservice,40106,38258,0,192,0,462005,37903
2026-10-04T14:11:51Z,checkoutservice,productcatalogservice,0,0,0,0,0,0,0
2026-10-04T14:11:51Z,checkoutservice,recommendationservice,0,0,0,0,0,0,0
2026-10-04T14:11:51Z,checkoutservice,redis-cart,0,0,0,0,0,0,0
2026-10-04T14:11:51Z,checkoutservice,shippingservice,76199,74096,0,154,0,533751,73677
2026-10-04T14:11:51Z,currencyservice,adservice,0,0,0,0,0,0,0
2026-10-04T14:11:51Z,currencyservice,cartservice,0,0,0,0,0,0,0
2026-10-04T14:11:51Z,currencyservice,checkoutservice,0,0,0,0,0,0,0
2026-10-04T14:11:51Z,currencyservice,currencyservice,0,0,0,0,0,0,0
2026-10-04T14:11:51Z,currencyservice,emailservice,0,0,0,0,0,0,0
2026-10-04T14:11:51Z,currencyservice,frontend,0,0,0,0,0,0,0
2026-10-04T14:11:51Z,currencyservice,kubernetes,0,0,0,0,0,0,0
2026-10-04T14:11:51Z,currencyservice,paymentservice,0,0,0,0,0,0,0
2026-10-04T14:11:51Z,currencyservice,productcatalogservice,0,0,0,0,0,0,0
2026-10-04T14:11:51Z,currencyservice,recommendationservice,0,0,0,0,0,0,0
2026-10-04T14:11:51Z,currencyservice,redis-cart,0,0,0,0,0,0,0
2026-10-04T14:11:51Z,currencyservice,shippingservice,0,0,0,0,0,0,0
2026-10-04T14:11:51Z,emailservice,adservice,0,0,0,0,0,0,0
2026-10-04T14:11:51Z,emailservice,cartservice,0,0,0,0,0,0,0
2026-10-04T14:11:51Z,emailservice,checkoutservice,0,0,0,0,0,0,0
2026-10-04T14:11:51Z,emailservice,currencyservice,0,0,0,0,0,0,0
2026-10-04T14:11:51Z,emailservice,emailservice,0,0,0,0,0,0,0
2026-10-04T14:11:51Z,emailservice,frontend,0,0,0,0,0,0,0
2026-10-04T14:11:51Z,emailservice,kubernetes,0,0,0,0,0,0,0
2026-10-04T14:11:51Z,emailservice,paymentservice,0,0,0,0,0,0,0
2026-10-04T14:11:51Z,emailservice,productcatalogservice,0,0,0,0,0,0,0
2026-10-04T14:11:51Z,emailservice,recommendationservice,0,0,0,0,0,0,0
2026-10-04T14:11:51Z,emailservice,redis-cart,0,0,0,0,0,0,0
2026-10-04T14:11:51Z,emailservice,shippingservice,0,0,0,0,0,0,0
2026-10-04T14:11:51Z,frontend,adservice,863286,863283,0,0,0,2598393,862972
2026-10-04T14:11:51Z,frontend,cartservice,1934447,1934433,0,0,4,10661448,1933420
2026-10-04T14:11:51Z,frontend,checkoutservice,405834,195865,0,40061,169946,63367596,195740
2026-10-04T14:11:51Z,frontend,currencyservice,3073436,3073427,0,0,0,16100663,3071843
2026-10-04T14:11:51Z,frontend,emailservice,0,0,0,0,0,0,0
2026-10-04T14:11:51Z,frontend,frontend,0,0,0,0,0,0,0
2026-10-04T14:11:51Z,frontend,kubernetes,0,0,0,0,0,0,0
2026-10-04T14:11:51Z,frontend,paymentservice,0,0,0,0,0,0,0
2026-10-04T14:11:51Z,frontend,productcatalogservice,8586339,8586270,0,0,0,58520658,8582675
2026-10-04T14:11:51Z,frontend,recommendationservice,2833714,1707719,0,118737,1004710,864098261,1706855
2026-10-04T14:11:51Z,frontend,redis-cart,0,0,0,0,0,0,0
2026-10-04T14:11:51Z,frontend,shippingservice,316458,316456,0,0,0,954987,316329
2026-10-04T14:11:51Z,paymentservice,adservice,0,0,0,0,0,0,0
2026-10-04T14:11:51Z,paymentservice,cartservice,0,0,0,0,0,0,0
2026-10-04T14:11:51Z,paymentservice,checkoutservice,0,0,0,0,0,0,0
2026-10-04T14:11:51Z,paymentservice,currencyservice,0,0,0,0,0,0,0
2026-10-04T14:11:51Z,paymentservice,emailservice,0,0,0,0,0,0,0
2026-10-04T14:11:51Z,paymentservice,frontend,0,0,0,0,0,0,0
2026-10-04T14:11:51Z,paymentservice,kubernetes,0,0,0,0,0,0,0
2026-10-04T14:11:51Z,paymentservice,paymentservice,0,0,0,0,0,0,0
2026-10-04T14:11:51Z,paymentservice,productcatalogservice,0,0,0,0,0,0,0
2026-10-04T14:11:51Z,paymentservice,recommendationservice,0,0,0,0,0,0,0
2026-10-04T14:11:51Z,paymentservice,redis-cart,0,0,0,0,0,0,0
2026-10-04T14:11:51Z,paymentservice,shippingservice,0,0,0,0,0,0,0
2026-10-04T14:11:51Z,productcatalogservice,adservice,0,0,0,0,0,0,0
2026-10-04T14:11:51Z,productcatalogservice,cartservice,0,0,0,0,0,0,0
2026-10-04T14:11:51Z,productcatalogservice,checkoutservice,0,0,0,0,0,0,0
2026-10-04T14:11:51Z,productcatalogservice,currencyservice,0,0,0,0,0,0,0
2026-10-04T14:11:51Z,productcatalogservice,emailservice,0,0,0,0,0,0,0
2026-10-04T14:11:51Z,productcatalogservice,frontend,0,0,0,0,0,0,0
2026-10-04T14:11:51Z,productcatalogservice,kubernetes,0,0,0,0,0,0,0
2026-10-04T14:11:51Z,productcatalogservice,paymentservice,0,0,0,0,0,0,0
2026-10-04T14:11:51Z,productcatalogservice,productcatalogservice,0,0,0,0,0,0,0
2026-10-04T14:11:51Z,productcatalogservice,recommendationservice,0,0,0,0,0,0,0
2026-10-04T14:11:51Z,productcatalogservice,redis-cart,0,0,0,0,0,0,0
2026-10-04T14:11:51Z,productcatalogservice,shippingservice,0,0,0,0,0,0,0
2026-10-04T14:11:51Z,recommendationservice,adservice,0,0,0,0,0,0,0
2026-10-04T14:11:51Z,recommendationservice,cartservice,0,0,0,0,0,0,0
2026-10-04T14:11:51Z,recommendationservice,checkoutservice,0,0,0,0,0,0,0
2026-10-04T14:11:51Z,recommendationservice,currencyservice,0,0,0,0,0,0,0
2026-10-04T14:11:51Z,recommendationservice,emailservice,0,0,0,0,0,0,0
2026-10-04T14:11:51Z,recommendationservice,frontend,0,0,0,0,0,0,0
2026-10-04T14:11:51Z,recommendationservice,kubernetes,0,0,0,0,0,0,0
2026-10-04T14:11:51Z,recommendationservice,paymentservice,0,0,0,0,0,0,0
2026-10-04T14:11:51Z,recommendationservice,productcatalogservice,207850,207848,0,0,0,1359633,207377
2026-10-04T14:11:51Z,recommendationservice,recommendationservice,0,0,0,0,0,0,0
2026-10-04T14:11:51Z,recommendationservice,redis-cart,0,0,0,0,0,0,0
2026-10-04T14:11:51Z,recommendationservice,shippingservice,0,0,0,0,0,0,0
2026-10-04T14:11:51Z,redis-cart,adservice,0,0,0,0,0,0,0
2026-10-04T14:11:51Z,redis-cart,cartservice,0,0,0,0,0,0,0
2026-10-04T14:11:51Z,redis-cart,checkoutservice,0,0,0,0,0,0,0
2026-10-04T14:11:51Z,redis-cart,currencyservice,0,0,0,0,0,0,0
2026-10-04T14:11:51Z,redis-cart,emailservice,0,0,0,0,0,0,0
2026-10-04T14:11:51Z,redis-cart,frontend,0,0,0,0,0,0,0
2026-10-04T14:11:51Z,redis-cart,kubernetes,0,0,0,0,0,0,0
2026-10-04T14:11:51Z,redis-cart,paymentservice,0,0,0,0,0,0,0
2026-10-04T14:11:51Z,redis-cart,productcatalogservice,0,0,0,0,0,0,0
2026-10-04T14:11:51Z,redis-cart,recommendationservice,0,0,0,0,0,0,0
2026-10-04T14:11:51Z,redis-cart,redis-cart,0,0,0,0,0,0,0
2026-10-04T14:11:51Z,redis-cart,shippingservice,0,0,0,0,0,0,0
2026-10-04T14:11:51Z,shippingservice,adservice,0,0,0,0,0,0,0
2026-10-04T14:11:51Z,shippingservice,cartservice,0,0,0,0,0,0,0
2026-10-04T14:11:51Z,shippingservice,checkoutservice,0,0,0,0,0,0,0
2026-10-04T14:11:51Z,shippingservice,currencyservice,0,0,0,0,0,0,0
2026-10-04T14:11:51Z,shippingservice,emailservice,0,0,0,0,0,0,0
2026-10-04T14:11:51Z,shippingservice,frontend,0,0,0,0,0,0,0
2026-10-04T14:11:51Z,shippingservice,kubernetes,0,0,0,0,0,0,0
2026-10-04T14:11:51Z,shippingservice,paymentservice,0,0,0,0,0,0,0
2026-10-04T14:11:51Z,shippingservice,productcatalogservice,0,0,0,0,0,0,0
2026-10-04T14:11:51Z,shippingservice,recommendationservice,0,0,0,0,0,0,0
2026-10-04T14:11:51Z,shippingservice,redis-cart,0,0,0,0,0,0,0
2026-10-04T14:11:51Z,shippingservice,shippingservice,0,0,0,0,0,0,0
2026-10-04T14:11:52Z,adservice,adservice,0,0,0,0,0,0,0
2026-10-04T14:11:52Z,adservice,cartservice,0,0,0,0,0,0,0
2026-10-04T14:11:52Z,adservice,checkoutservice,0,0,0,0,0,0,0
2026-10-04T14:11:52Z,adservice,currencyservice,0,0,0,0,0,0,0
2026-10-04T14:11:52Z,adservice,emailservice,0,0,0,0,0,0,0
2026-10-04T14:11:52Z,adservice,frontend,0,0,0,0,0,0,0
2026-10-04T14:11:52Z,adservice,kubernetes,0,0,0,0,0,0,0
2026-10-04T14:11:52Z,adservice,paymentservice,0,0,0,0,0,0,0
2026-10-04T14:11:52Z,adservice,productcatalogservice,0,0,0,0,0,0,0
2026-10-04T14:11:52Z,adservice,recommendationservice,0,0,0,0,0,0,0
2026-10-04T14:11:52Z,adservice,redis-cart,0,0,0,0,0,0,0
2026-10-04T14:11:52Z,adservice,shippingservice,0,0,0,0,0,0,0
2026-10-04T14:11:52Z,cartservice,adservice,0,0,0,0,0,0,0
2026-10-04T14:11:52Z,cartservice,cartservice,0,0,0,0,0,0,0
2026-10-04T14:11:52Z,cartservice,checkoutservice,0,0,0,0,0,0,0
2026-10-04T14:11:52Z,cartservice,currencyservice,0,0,0,0,0,0,0
2026-10-04T14:11:52Z,cartservice,emailservice,0,0,0,0,0,0,0
2026-10-04T14:11:52Z,cartservice,frontend,0,0,0,0,0,0,0
2026-10-04T14:11:52Z,cartservice,kubernetes,0,0,0,0,0,0,0
2026-10-04T14:11:52Z,cartservice,paymentservice,0,0,0,0,0,0,0
2026-10-04T14:11:52Z,cartservice,productcatalogservice,0,0,0,0,0,0,0
2026-10-04T14:11:52Z,cartservice,recommendationservice,0,0,0,0,0,0,0
2026-10-04T14:11:52Z,cartservice,redis-cart,2,0,0,0,0,0,0
2026-10-04T14:11:52Z,cartservice,shippingservice,0,0,0,0,0,0,0
2026-10-04T14:11:52Z,checkoutservice,adservice,0,0,0,0,0,0,0
2026-10-04T14:11:52Z,checkoutservice,cartservice,71001,70070,0,100,0,748083,70066
2026-10-04T14:11:52Z,checkoutservice,checkoutservice,0,0,0,0,0,0,0
2026-10-04T14:11:52Z,checkoutservice,currencyservice,46898,46898,0,0,0,589562,46898
2026-10-04T14:11:52Z,checkoutservice,emailservice,18136,17848,0,66,0,568060,17843
2026-10-04T14:11:52Z,checkoutservice,frontend,0,0,0,0,0,0,0
2026-10-04T14:11:52Z,checkoutservice,kubernetes,0,0,0,0,0,0,0
2026-10-04T14:11:52Z,checkoutservice,paymentservice,40164,38316,0,192,0,463263,38166
2026-10-04T14:11:52Z,checkoutservice,productcatalogservice,0,0,0,0,0,0,0
2026-10-04T14:11:52Z,checkoutservice,recommendationservice,0,0,0,0,0,0,0
2026-10-04T14:11:52Z,checkoutservice,redis-cart,0,0,0,0,0,0,0
2026-10-04T14:11:52Z,checkoutservice,shippingservice,76312,74209,0,154,0,534915,74204
2026-10-04T14:11:52Z,currencyservice,adservice,0,0,0,0,0,0,0
2026-10-04T14:11:52Z,currencyservice,cartservice,0,0,0,0,0,0,0
2026-10-04T14:11:52Z,currencyservice,checkoutservice,0,0,0,0,0,0,0
2026-10-04T14:11:52Z,currencyservice,currencyservice,0,0,0,0,0,0,0
2026-10-04T14:11:52Z,currencyservice,emailservice,0,0,0,0,0,0,0
2026-10-04T14:11:52Z,currencyservice,frontend,0,0,0,0,0,0,0
2026-10-04T14:11:52Z,currencyservice,kubernetes,0,0,0,0,0,0,0
2026-10-04T14:11:52Z,currencyservice,paymentservice,0,0,0,0,0,0,0
2026-10-04T14:11:52Z,currencyservice,productcatalogservice,0,0,0,0,0,0,0
2026-10-04T14:11:52Z,currencyservice,recommendationservice,0,0,0,0,0,0,0
2026-10-04T14:11:52Z,currencyservice,redis-cart,0,0,0,0,0,0,0
2026-10-04T14:11:52Z,currencyservice,shippingservice,0,0,0,0,0,0,0
2026-10-04T14:11:52Z,emailservice,adservice,0,0,0,0,0,0,0
2026-10-04T14:11:52Z,emailservice,cartservice,0,0,0,0,0,0,0
2026-10-04T14:11:52Z,emailservice,checkoutservice,0,0,0,0,0,0,0
2026-10-04T14:11:52Z,emailservice,currencyservice,0,0,0,0,0,0,0
2026-10-04T14:11:52Z,emailservice,emailservice,0,0,0,0,0,0,0
2026-10-04T14:11:52Z,emailservice,frontend,0,0,0,0,0,0,0
2026-10-04T14:11:52Z,emailservice,kubernetes,0,0,0,0,0,0,0
2026-10-04T14:11:52Z,emailservice,paymentservice,0,0,0,0,0,0,0
2026-10-04T14:11:52Z,emailservice,productcatalogservice,0,0,0,0,0,0,0
2026-10-04T14:11:52Z,emailservice,recommendationservice,0,0,0,0,0,0,0
2026-10-04T14:11:52Z,emailservice,redis-cart,0,0,0,0,0,0,0
2026-10-04T14:11:52Z,emailservice,shippingservice,0,0,0,0,0,0,0
2026-10-04T14:11:52Z,frontend,adservice,863425,863423,0,0,0,2598393,862972
2026-10-04T14:11:52Z,frontend,cartservice,1934859,1934847,0,0,4,10661448,1933420
2026-10-04T14:11:52Z,frontend,checkoutservice,405890,195923,0,40061,169946,63367596,195740
2026-10-04T14:11:52Z,frontend,currencyservice,3074096,3074084,0,0,0,16100663,3071843
2026-10-04T14:11:52Z,frontend,emailservice,0,0,0,0,0,0,0
2026-10-04T14:11:52Z,frontend,frontend,0,0,0,0,0,0,0
2026-10-04T14:11:52Z,frontend,kubernetes,0,0,0,0,0,0,0
2026-10-04T14:11:52Z,frontend,paymentservice,0,0,0,0,0,0,0
2026-10-04T14:11:52Z,frontend,productcatalogservice,8587892,8587823,0,0,0,58520658,8582675
2026-10-04T14:11:52Z,frontend,recommendationservice,2834441,1708091,0,118779,1005027,864098261,1706855
2026-10-04T14:11:52Z,frontend,redis-cart,0,0,0,0,0,0,0
2026-10-04T14:11:52Z,frontend,shippingservice,316511,316509,0,0,0,954987,316329
2026-10-04T14:11:52Z,paymentservice,adservice,0,0,0,0,0,0,0
2026-10-04T14:11:52Z,paymentservice,cartservice,0,0,0,0,0,0,0
2026-10-04T14:11:52Z,paymentservice,checkoutservice,0,0,0,0,0,0,0
2026-10-04T14:11:52Z,paymentservice,currencyservice,0,0,0,0,0,0,0
2026-10-04T14:11:52Z,paymentservice,emailservice,0,0,0,0,0,0,0
2026-10-04T14:11:52Z,paymentservice,frontend,0,0,0,0,0,0,0
2026-10-04T14:11:52Z,paymentservice,kubernetes,0,0,0,0,0,0,0
2026-10-04T14:11:52Z,paymentservice,paymentservice,0,0,0,0,0,0,0
2026-10-04T14:11:52Z,paymentservice,productcatalogservice,0,0,0,0,0,0,0
2026-10-04T14:11:52Z,paymentservice,recommendationservice,0,0,0,0,0,0,0
2026-10-04T14:11:52Z,paymentservice,redis-cart,0,0,0,0,0,0,0
2026-10-04T14:11:52Z,paymentservice,shippingservice,0,0,0,0,0,0,0
2026-10-04T14:11:52Z,productcatalogservice,adservice,0,0,0,0,0,0,0
2026-10-04T14:11:52Z,productcatalogservice,cartservice,0,0,0,0,0,0,0
2026-10-04T14:11:52Z,productcatalogservice,checkoutservice,0,0,0,0,0,0,0
2026-10-04T14:11:52Z,productcatalogservice,currencyservice,0,0,0,0,0,0,0
2026-10-04T14:11:52Z,productcatalogservice,emailservice,0,0,0,0,0,0,0
2026-10-04T14:11:52Z,productcatalogservice,frontend,0,0,0,0,0,0,0
2026-10-04T14:11:52Z,productcatalogservice,kubernetes,0,0,0,0,0,0,0
2026-10-04T14:11:52Z,productcatalogservice,paymentservice,0,0,0,0,0,0,0
2026-10-04T14:11:52Z,productcatalogservice,productcatalogservice,0,0,0,0,0,0,0
2026-10-04T14:11:52Z,productcatalogservice,recommendationservice,0,0,0,0,0,0,0
2026-10-04T14:11:52Z,productcatalogservice,redis-cart,0,0,0,0,0,0,0
2026-10-04T14:11:52Z,productcatalogservice,shippingservice,0,0,0,0,0,0,0
2026-10-04T14:11:52Z,recommendationservice,adservice,0,0,0,0,0,0,0
2026-10-04T14:11:52Z,recommendationservice,cartservice,0,0,0,0,0,0,0
2026-10-04T14:11:52Z,recommendationservice,checkoutservice,0,0,0,0,0,0,0
2026-10-04T14:11:52Z,recommendationservice,currencyservice,0,0,0,0,0,0,0
2026-10-04T14:11:52Z,recommendationservice,emailservice,0,0,0,0,0,0,0
2026-10-04T14:11:52Z,recommendationservice,frontend,0,0,0,0,0,0,0
2026-10-04T14:11:52Z,recommendationservice,kubernetes,0,0,0,0,0,0,0
2026-10-04T14:11:52Z,recommendationservice,paymentservice,0,0,0,0,0,0,0
2026-10-04T14:11:52Z,recommendationservice,productcatalogservice,208254,208254,0,0,0,1359633,207377
2026-10-04T14:11:52Z,recommendationservice,recommendationservice,0,0,0,0,0,0,0
2026-10-04T14:11:52Z,recommendationservice,redis-cart,0,0,0,0,0,0,0
2026-10-04T14:11:52Z,recommendationservice,shippingservice,0,0,0,0,0,0,0
2026-10-04T14:11:52Z,redis-cart,adservice,0,0,0,0,0,0,0
2026-10-04T14:11:52Z,redis-cart,cartservice,0,0,0,0,0,0,0
2026-10-04T14:11:52Z,redis-cart,checkoutservice,0,0,0,0,0,0,0
2026-10-04T14:11:52Z,redis-cart,currencyservice,0,0,0,0,0,0,0
2026-10-04T14:11:52Z,redis-cart,emailservice,0,0,0,0,0,0,0
2026-10-04T14:11:52Z,redis-cart,frontend,0,0,0,0,0,0,0
2026-10-04T14:11:52Z,redis-cart,kubernetes,0,0,0,0,0,0,0
2026-10-04T14:11:52Z,redis-cart,paymentservice,0,0,0,0,0,0,0
2026-10-04T14:11:52Z,redis-cart,productcatalogservice,0,0,0,0,0,0,0
2026-10-04T14:11:52Z,redis-cart,recommendationservice,0,0,0,0,0,0,0
2026-10-04T14:11:52Z,redis-cart,redis-cart,0,0,0,0,0,0,0
2026-10-04T14:11:52Z,redis-cart,shippingservice,0,0,0,0,0,0,0
2026-10-04T14:11:52Z,shippingservice,adservice,0,0,0,0,0,0,0
2026-10-04T14:11:52Z,shippingservice,cartservice,0,0,0,0,0,0,0
2026-10-04T14:11:52Z,shippingservice,checkoutservice,0,0,0,0,0,0,0
2026-10-04T14:11:52Z,shippingservice,currencyservice,0,0,0,0,0,0,0
2026-10-04T14:11:52Z,shippingservice,emailservice,0,0,0,0,0,0,0
2026-10-04T14:11:52Z,shippingservice,frontend,0,0,0,0,0,0,0
2026-10-04T14:11:52Z,shippingservice,kubernetes,0,0,0,0,0,0,0
2026-10-04T14:11:52Z,shippingservice,paymentservice,0,0,0,0,0,0,0
2026-10-04T14:11:52Z,shippingservice,productcatalogservice,0,0,0,0,0,0,0
2026-10-04T14:11:52Z,shippingservice,recommendationservice,0,0,0,0,0,0,0
2026-10-04T14:11:52Z,shippingservice,redis-cart,0,0,0,0,0,0,0
2026-10-04T14:11:52Z,shippingservice,shippingservice,0,0,0,0,0,0,0
2026-10-04T14:11:53Z,adservice,adservice,0,0,0,0,0,0,0
2026-10-04T14:11:53Z,adservice,cartservice,0,0,0,0,0,0,0
2026-10-04T14:11:53Z,adservice,checkoutservice,0,0,0,0,0,0,0
2026-10-04T14:11:53Z,adservice,currencyservice,0,0,0,0,0,0,0
2026-10-04T14:11:53Z,adservice,emailservice,0,0,0,0,0,0,0
2026-10-04T14:11:53Z,adservice,frontend,0,0,0,0,0,0,0
2026-10-04T14:11:53Z,adservice,kubernetes,0,0,0,0,0,0,0
2026-10-04T14:11:53Z,adservice,paymentservice,0,0,0,0,0,0,0
2026-10-04T14:11:53Z,adservice,productcatalogservice,0,0,0,0,0,0,0
2026-10-04T14:11:53Z,adservice,recommendationservice,0,0,0,0,0,0,0
2026-10-04T14:11:53Z,adservice,redis-cart,0,0,0,0,0,0,0
2026-10-04T14:11:53Z,adservice,shippingservice,0,0,0,0,0,0,0
2026-10-04T14:11:53Z,cartservice,adservice,0,0,0,0,0,0,0
2026-10-04T14:11:53Z,cartservice,cartservice,0,0,0,0,0,0,0
2026-10-04T14:11:53Z,cartservice,checkoutservice,0,0,0,0,0,0,0
2026-10-04T14:11:53Z,cartservice,currencyservice,0,0,0,0,0,0,0
2026-10-04T14:11:53Z,cartservice,emailservice,0,0,0,0,0,0,0
2026-10-04T14:11:53Z,cartservice,frontend,0,0,0,0,0,0,0
2026-10-04T14:11:53Z,cartservice,kubernetes,0,0,0,0,0,0,0
2026-10-04T14:11:53Z,cartservice,paymentservice,0,0,0,0,0,0,0
2026-10-04T14:11:53Z,cartservice,productcatalogservice,0,0,0,0,0,0,0
2026-10-04T14:11:53Z,cartservice,recommendationservice,0,0,0,0,0,0,0
2026-10-04T14:11:53Z,cartservice,redis-cart,2,0,0,0,0,0,0
2026-10-04T14:11:53Z,cartservice,shippingservice,0,0,0,0,0,0,0
2026-10-04T14:11:53Z,checkoutservice,adservice,0,0,0,0,0,0,0
2026-10-04T14:11:53Z,checkoutservice,cartservice,71123,70190,0,100,0,748083,70066
2026-10-04T14:11:53Z,checkoutservice,checkoutservice,0,0,0,0,0,0,0
2026-10-04T14:11:53Z,checkoutservice,currencyservice,46959,46959,0,0,0,589562,46898
2026-10-04T14:11:53Z,checkoutservice,emailservice,18195,17901,0,66,0,568060,17843
2026-10-04T14:11:53Z,checkoutservice,frontend,0,0,0,0,0,0,0
2026-10-04T14:11:53Z,checkoutservice,kubernetes,0,0,0,0,0,0,0
2026-10-04T14:11:53Z,checkoutservice,paymentservice,40225,38377,0,192,0,463263,38166
2026-10-04T14:11:53Z,checkoutservice,productcatalogservice,0,0,0,0,0,0,0
2026-10-04T14:11:53Z,checkoutservice,recommendationservice,0,0,0,0,0,0,0
2026-10-04T14:11:53Z,checkoutservice,redis-cart,0,0,0,0,0,0,0
2026-10-04T14:11:53Z,checkoutservice,shippingservice,76434,74331,0,154,0,534915,74204
2026-10-04T14:11:53Z,currencyservice,adservice,0,0,0,0,0,0,0
2026-10-04T14:11:53Z,currencyservice,cartservice,0,0,0,0,0,0,0
2026-10-04T14:11:53Z,currencyservice,checkoutservice,0,0,0,0,0,0,0
2026-10-04T14:11:53Z,currencyservice,currencyservice,0,0,0,0,0,0,0
2026-10-04T14:11:53Z,currencyservice,emailservice,0,0,0,0,0,0,0
2026-10-04T14:11:53Z,currencyservice,frontend,0,0,0,0,0,0,0
2026-10-04T14:11:53Z,currencyservice,kubernetes,0,0,0,0,0,0,0
2026-10-04T14:11:53Z,currencyservice,paymentservice,0,0,0,0,0,0,0
2026-10-04T14:11:53Z,currencyservice,productcatalogservice,0,0,0,0,0,0,0
2026-10-04T14:11:53Z,currencyservice,recommendationservice,0,0,0,0,0,0,0
2026-10-04T14:11:53Z,currencyservice,redis-cart,0,0,0,0,0,0,0
2026-10-04T14:11:53Z,currencyservice,shippingservice,0,0,0,0,0,0,0
2026-10-04T14:11:53Z,emailservice,adservice,0,0,0,0,0,0,0
2026-10-04T14:11:53Z,emailservice,cartservice,0,0,0,0,0,0,0
2026-10-04T14:11:53Z,emailservice,checkoutservice,0,0,0,0,0,0,0
2026-10-04T14:11:53Z,emailservice,currencyservice,0,0,0,0,0,0,0
2026-10-04T14:11:53Z,emailservice,emailservice,0,0,0,0,0,0,0
2026-10-04T14:11:53Z,emailservice,frontend,0,0,0,0,0,0,0
2026-10-04T14:11:53Z,emailservice,kubernetes,0,0,0,0,0,0,0
2026-10-04T14:11:53Z,emailservice,paymentservice,0,0,0,0,0,0,0
2026-10-04T14:11:53Z,emailservice,productcatalogservice,0,0,0,0,0,0,0
2026-10-04T14:11:53Z,emailservice,recommendationservice,0,0,0,0,0,0,0
2026-10-04T14:11:53Z,emailservice,redis-cart,0,0,0,0,0,0,0
2026-10-04T14:11:53Z,emailservice,shippingservice,0,0,0,0,0,0,0
2026-10-04T14:11:53Z,frontend,adservice,863571,863569,0,0,0,2598803,863126
2026-10-04T14:11:53Z,frontend,cartservice,1935263,1935251,0,0,4,10663637,1933911
2026-10-04T14:11:53Z,frontend,checkoutservice,405947,195975,0,40061,169946,63371728,195788
2026-10-04T14:11:53Z,frontend,currencyservice,3074718,3074704,0,0,0,16103572,3072599
2026-10-04T14:11:53Z,frontend,emailservice,0,0,0,0,0,0,0
2026-10-04T14:11:53Z,frontend,frontend,0,0,0,0,0,0,0
2026-10-04T14:11:53Z,frontend,kubernetes,0,0,0,0,0,0,0
2026-10-04T14:11:53Z,frontend,paymentservice,0,0,0,0,0,0,0
2026-10-04T14:11:53Z,frontend,productcatalogservice,8589493,8589424,0,0,0,58532425,8584350
2026-10-04T14:11:53Z,frontend,recommendationservice,2835177,1708453,0,118814,1005379,864452626,1707289
2026-10-04T14:11:53Z,frontend,redis-cart,0,0,0,0,0,0,0
2026-10-04T14:11:53Z,frontend,shippingservice,316563,316561,0,0,0,955091,316383
2026-10-04T14:11:53Z,paymentservice,adservice,0,0,0,0,0,0,0
2026-10-04T14:11:53Z,paymentservice,cartservice,0,0,0,0,0,0,0
2026-10-04T14:11:53Z,paymentservice,checkoutservice,0,0,0,0,0,0,0
2026-10-04T14:11:53Z,paymentservice,currencyservice,0,0,0,0,0,0,0
2026-10-04T14:11:53Z,paymentservice,emailservice,0,0,0,0,0,0,0
2026-10-04T14:11:53Z,paymentservice,frontend,0,0,0,0,0,0,0
2026-10-04T14:11:53Z,paymentservice,kubernetes,0,0,0,0,0,0,0
2026-10-04T14:11:53Z,paymentservice,paymentservice,0,0,0,0,0,0,0
2026-10-04T14:11:53Z,paymentservice,productcatalogservice,0,0,0,0,0,0,0
2026-10-04T14:11:53Z,paymentservice,recommendationservice,0,0,0,0,0,0,0
2026-10-04T14:11:53Z,paymentservice,redis-cart,0,0,0,0,0,0,0
2026-10-04T14:11:53Z,paymentservice,shippingservice,0,0,0,0,0,0,0
2026-10-04T14:11:53Z,productcatalogservice,adservice,0,0,0,0,0,0,0
2026-10-04T14:11:53Z,productcatalogservice,cartservice,0,0,0,0,0,0,0
2026-10-04T14:11:53Z,productcatalogservice,checkoutservice,0,0,0,0,0,0,0
2026-10-04T14:11:53Z,productcatalogservice,currencyservice,0,0,0,0,0,0,0
2026-10-04T14:11:53Z,productcatalogservice,emailservice,0,0,0,0,0,0,0
2026-10-04T14:11:53Z,productcatalogservice,frontend,0,0,0,0,0,0,0
2026-10-04T14:11:53Z,productcatalogservice,kubernetes,0,0,0,0,0,0,0
2026-10-04T14:11:53Z,productcatalogservice,paymentservice,0,0,0,0,0,0,0
2026-10-04T14:11:53Z,productcatalogservice,productcatalogservice,0,0,0,0,0,0,0
2026-10-04T14:11:53Z,productcatalogservice,recommendationservice,0,0,0,0,0,0,0
2026-10-04T14:11:53Z,productcatalogservice,redis-cart,0,0,0,0,0,0,0
2026-10-04T14:11:53Z,productcatalogservice,shippingservice,0,0,0,0,0,0,0
2026-10-04T14:11:53Z,recommendationservice,adservice,0,0,0,0,0,0,0
2026-10-04T14:11:53Z,recommendationservice,cartservice,0,0,0,0,0,0,0
2026-10-04T14:11:53Z,recommendationservice,checkoutservice,0,0,0,0,0,0,0
2026-10-04T14:11:53Z,recommendationservice,currencyservice,0,0,0,0,0,0,0
2026-10-04T14:11:53Z,recommendationservice,emailservice,0,0,0,0,0,0,0
2026-10-04T14:11:53Z,recommendationservice,frontend,0,0,0,0,0,0,0
2026-10-04T14:11:53Z,recommendationservice,kubernetes,0,0,0,0,0,0,0
2026-10-04T14:11:53Z,recommendationservice,paymentservice,0,0,0,0,0,0,0
2026-10-04T14:11:53Z,recommendationservice,productcatalogservice,208692,208689,0,0,0,1359633,207377
2026-10-04T14:11:53Z,recommendationservice,recommendationservice,0,0,0,0,0,0,0
2026-10-04T14:11:53Z,recommendationservice,redis-cart,0,0,0,0,0,0,0
2026-10-04T14:11:53Z,recommendationservice,shippingservice,0,0,0,0,0,0,0
2026-10-04T14:11:53Z,redis-cart,adservice,0,0,0,0,0,0,0
2026-10-04T14:11:53Z,redis-cart,cartservice,0,0,0,0,0,0,0
2026-10-04T14:11:53Z,redis-cart,checkoutservice,0,0,0,0,0,0,0
2026-10-04T14:11:53Z,redis-cart,currencyservice,0,0,0,0,0,0,0
2026-10-04T14:11:53Z,redis-cart,emailservice,0,0,0,0,0,0,0
2026-10-04T14:11:53Z,redis-cart,frontend,0,0,0,0,0,0,0
2026-10-04T14:11:53Z,redis-cart,kubernetes,0,0,0,0,0,0,0
2026-10-04T14:11:53Z,redis-cart,paymentservice,0,0,0,0,0,0,0
2026-10-04T14:11:53Z,redis-cart,productcatalogservice,0,0,0,0,0,0,0
2026-10-04T14:11:53Z,redis-cart,recommendationservice,0,0,0,0,0,0,0
2026-10-04T14:11:53Z,redis-cart,redis-cart,0,0,0,0,0,0,0
2026-10-04T14:11:53Z,redis-cart,shippingservice,0,0,0,0,0,0,0
2026-10-04T14:11:53Z,shippingservice,adservice,0,0,0,0,0,0,0
2026-10-04T14:11:53Z,shippingservice,cartservice,0,0,0,0,0,0,0
2026-10-04T14:11:53Z,shippingservice,checkoutservice,0,0,0,0,0,0,0
2026-10-04T14:11:53Z,shippingservice,currencyservice,0,0,0,0,0,0,0
2026-10-04T14:11:53Z,shippingservice,emailservice,0,0,0,0,0,0,0
2026-10-04T14:11:53Z,shippingservice,frontend,0,0,0,0,0,0,0
2026-10-04T14:11:53Z,shippingservice,kubernetes,0,0,0,0,0,0,0
2026-10-04T14:11:53Z,shippingservice,paymentservice,0,0,0,0,0,0,0
2026-10-04T14:11:53Z,shippingservice,productcatalogservice,0,0,0,0,0,0,0
2026-10-04T14:11:53Z,shippingservice,recommendationservice,0,0,0,0,0,0,0
2026-10-04T14:11:53Z,shippingservice,redis-cart,0,0,0,0,0,0,0
2026-10-04T14:11:53Z,shippingservice,shippingservice,0,0,0,0,0,0,0
2026-10-04T14:11:54Z,adservice,adservice,0,0,0,0,0,0,0
2026-10-04T14:11:54Z,adservice,cartservice,0,0,0,0,0,0,0
2026-10-04T14:11:54Z,adservice,checkoutservice,0,0,0,0,0,0,0
2026-10-04T14:11:54Z,adservice,currencyservice,0,0,0,0,0,0,0
2026-10-04T14:11:54Z,adservice,emailservice,0,0,0,0,0,0,0
2026-10-04T14:11:54Z,adservice,frontend,0,0,0,0,0,0,0
2026-10-04T14:11:54Z,adservice,kubernetes,0,0,0,0,0,0,0
2026-10-04T14:11:54Z,adservice,paymentservice,0,0,0,0,0,0,0
2026-10-04T14:11:54Z,adservice,productcatalogservice,0,0,0,0,0,0,0
2026-10-04T14:11:54Z,adservice,recommendationservice,0,0,0,0,0,0,0
2026-10-04T14:11:54Z,adservice,redis-cart,0,0,0,0,0,0,0
2026-10-04T14:11:54Z,adservice,shippingservice,0,0,0,0,0,0,0
2026-10-04T14:11:54Z,cartservice,adservice,0,0,0,0,0,0,0
2026-10-04T14:11:54Z,cartservice,cartservice,0,0,0,0,0,0,0
2026-10-04T14:11:54Z,cartservice,checkoutservice,0,0,0,0,0,0,0
2026-10-04T14:11:54Z,cartservice,currencyservice,0,0,0,0,0,0,0
2026-10-04T14:11:54Z,cartservice,emailservice,0,0,0,0,0,0,0
2026-10-04T14:11:54Z,cartservice,frontend,0,0,0,0,0,0,0
2026-10-04T14:11:54Z,cartservice,kubernetes,0,0,0,0,0,0,0
2026-10-04T14:11:54Z,cartservice,paymentservice,0,0,0,0,0,0,0
2026-10-04T14:11:54Z,cartservice,productcatalogservice,0,0,0,0,0,0,0
2026-10-04T14:11:54Z,cartservice,recommendationservice,0,0,0,0,0,0,0
2026-10-04T14:11:54Z,cartservice,redis-cart,2,0,0,0,0,0,0
2026-10-04T14:11:54Z,cartservice,shippingservice,0,0,0,0,0,0,0
2026-10-04T14:11:54Z,checkoutservice,adservice,0,0,0,0,0,0,0
2026-10-04T14:11:54Z,checkoutservice,cartservice,71214,70283,0,100,0,748083,70066
2026-10-04T14:11:54Z,checkoutservice,checkoutservice,0,0,0,0,0,0,0
2026-10-04T14:11:54Z,checkoutservice,currencyservice,47008,47008,0,0,0,589562,46898
2026-10-04T14:11:54Z,checkoutservice,emailservice,18236,17948,0,66,0,568060,17843
2026-10-04T14:11:54Z,checkoutservice,frontend,0,0,0,0,0,0,0
2026-10-04T14:11:54Z,checkoutservice,kubernetes,0,0,0,0,0,0,0
2026-10-04T14:11:54Z,checkoutservice,paymentservice,40267,38419,0,192,0,463263,38166
2026-10-04T14:11:54Z,checkoutservice,productcatalogservice,0,0,0,0,0,0,0
2026-10-04T14:11:54Z,checkoutservice,recommendationservice,0,0,0,0,0,0,0
2026-10-04T14:11:54Z,checkoutservice,redis-cart,0,0,0,0,0,0,0
2026-10-04T14:11:54Z,checkoutservice,shippingservice,76526,74423,0,154,0,534915,74204
2026-10-04T14:11:54Z,currencyservice,adservice,0,0,0,0,0,0,0
2026-10-04T14:11:54Z,currencyservice,cartservice,0,0,0,0,0,0,0
2026-10-04T14:11:54Z,currencyservice,checkoutservice,0,0,0,0,0,0,0
2026-10-04T14:11:54Z,currencyservice,currencyservice,0,0,0,0,0,0,0
2026-10-04T14:11:54Z,currencyservice,emailservice,0,0,0,0,0,0,0
2026-10-04T14:11:54Z,currencyservice,frontend,0,0,0,0,0,0,0
2026-10-04T14:11:54Z,currencyservice,kubernetes,0,0,0,0,0,0,0
2026-10-04T14:11:54Z,currencyservice,paymentservice,0,0,0,0,0,0,0
2026-10-04T14:11:54Z,currencyservice,productcatalogservice,0,0,0,0,0,0,0
2026-10-04T14:11:54Z,currencyservice,recommendationservice,0,0,0,0,0,0,0
2026-10-04T14:11:54Z,currencyservice,redis-cart,0,0,0,0,0,0,0
2026-10-04T14:11:54Z,currencyservice,shippingservice,0,0,0,0,0,0,0
2026-10-04T14:11:54Z,emailservice,adservice,0,0,0,0,0,0,0
2026-10-04T14:11:54Z,emailservice,cartservice,0,0,0,0,0,0,0
2026-10-04T14:11:54Z,emailservice,checkoutservice,0,0,0,0,0,0,0
2026-10-04T14:11:54Z,emailservice,currencyservice,0,0,0,0,0,0,0
2026-10-04T14:11:54Z,emailservice,emailservice,0,0,0,0,0,0,0
2026-10-04T14:11:54Z,emailservice,frontend,0,0,0,0,0,0,0
2026-10-04T14:11:54Z,emailservice,kubernetes,0,0,0,0,0,0,0
2026-10-04T14:11:54Z,emailservice,paymentservice,0,0,0,0,0,0,0
2026-10-04T14:11:54Z,emailservice,productcatalogservice,0,0,0,0,0,0,0
2026-10-04T14:11:54Z,emailservice,recommendationservice,0,0,0,0,0,0,0
2026-10-04T14:11:54Z,emailservice,redis-cart,0,0,0,0,0,0,0
2026-10-04T14:11:54Z,emailservice,shippingservice,0,0,0,0,0,0,0
2026-10-04T14:11:54Z,frontend,adservice,863726,863724,0,0,0,2599849,863486
2026-10-04T14:11:54Z,frontend,cartservice,1935675,1935659,0,0,4,10668061,1934961
2026-10-04T14:11:54Z,frontend,checkoutservice,406002,196029,0,40061,169946,63388354,195938
2026-10-04T14:11:54Z,frontend,currencyservice,3075367,3075358,0,0,0,16109162,3074287
2026-10-04T14:11:54Z,frontend,emailservice,0,0,0,0,0,0,0
2026-10-04T14:11:54Z,frontend,frontend,0,0,0,0,0,0,0
2026-10-04T14:11:54Z,frontend,kubernetes,0,0,0,0,0,0,0
2026-10-04T14:11:54Z,frontend,paymentservice,0,0,0,0,0,0,0
2026-10-04T14:11:54Z,frontend,productcatalogservice,8591119,8591051,0,0,0,58553191,8588454
2026-10-04T14:11:54Z,frontend,recommendationservice,2835955,1708804,0,118861,1005746,865190661,1708204
2026-10-04T14:11:54Z,frontend,redis-cart,0,0,0,0,0,0,0
2026-10-04T14:11:54Z,frontend,shippingservice,316613,316611,0,0,0,955443,316528
2026-10-04T14:11:54Z,paymentservice,adservice,0,0,0,0,0,0,0
2026-10-04T14:11:54Z,paymentservice,cartservice,0,0,0,0,0,0,0
2026-10-04T14:11:54Z,paymentservice,checkoutservice,0,0,0,0,0,0,0
2026-10-04T14:11:54Z,paymentservice,currencyservice,0,0,0,0,0,0,0
2026-10-04T14:11:54Z,paymentservice,emailservice,0,0,0,0,0,0,0
2026-10-04T14:11:54Z,paymentservice,frontend,0,0,0,0,0,0,0
2026-10-04T14:11:54Z,paymentservice,kubernetes,0,0,0,0,0,0,0
2026-10-04T14:11:54Z,paymentservice,paymentservice,0,0,0,0,0,0,0
2026-10-04T14:11:54Z,paymentservice,productcatalogservice,0,0,0,0,0,0,0
2026-10-04T14:11:54Z,paymentservice,recommendationservice,0,0,0,0,0,0,0
2026-10-04T14:11:54Z,paymentservice,redis-cart,0,0,0,0,0,0,0
2026-10-04T14:11:54Z,paymentservice,shippingservice,0,0,0,0,0,0,0
2026-10-04T14:11:54Z,productcatalogservice,adservice,0,0,0,0,0,0,0
2026-10-04T14:11:54Z,productcatalogservice,cartservice,0,0,0,0,0,0,0
2026-10-04T14:11:54Z,productcatalogservice,checkoutservice,0,0,0,0,0,0,0
2026-10-04T14:11:54Z,productcatalogservice,currencyservice,0,0,0,0,0,0,0
2026-10-04T14:11:54Z,productcatalogservice,emailservice,0,0,0,0,0,0,0
2026-10-04T14:11:54Z,productcatalogservice,frontend,0,0,0,0,0,0,0
2026-10-04T14:11:54Z,productcatalogservice,kubernetes,0,0,0,0,0,0,0
2026-10-04T14:11:54Z,productcatalogservice,paymentservice,0,0,0,0,0,0,0
2026-10-04T14:11:54Z,productcatalogservice,productcatalogservice,0,0,0,0,0,0,0
2026-10-04T14:11:54Z,productcatalogservice,recommendationservice,0,0,0,0,0,0,0
2026-10-04T14:11:54Z,productcatalogservice,redis-cart,0,0,0,0,0,0,0
2026-10-04T14:11:54Z,productcatalogservice,shippingservice,0,0,0,0,0,0,0
2026-10-04T14:11:54Z,recommendationservice,adservice,0,0,0,0,0,0,0
2026-10-04T14:11:54Z,recommendationservice,cartservice,0,0,0,0,0,0,0
2026-10-04T14:11:54Z,recommendationservice,checkoutservice,0,0,0,0,0,0,0
2026-10-04T14:11:54Z,recommendationservice,currencyservice,0,0,0,0,0,0,0
2026-10-04T14:11:54Z,recommendationservice,emailservice,0,0,0,0,0,0,0
2026-10-04T14:11:54Z,recommendationservice,frontend,0,0,0,0,0,0,0
2026-10-04T14:11:54Z,recommendationservice,kubernetes,0,0,0,0,0,0,0
2026-10-04T14:11:54Z,recommendationservice,paymentservice,0,0,0,0,0,0,0
2026-10-04T14:11:54Z,recommendationservice,productcatalogservice,209105,209105,0,0,0,1359633,207377
2026-10-04T14:11:54Z,recommendationservice,recommendationservice,0,0,0,0,0,0,0
2026-10-04T14:11:54Z,recommendationservice,redis-cart,0,0,0,0,0,0,0
2026-10-04T14:11:54Z,recommendationservice,shippingservice,0,0,0,0,0,0,0
2026-10-04T14:11:54Z,redis-cart,adservice,0,0,0,0,0,0,0
2026-10-04T14:11:54Z,redis-cart,cartservice,0,0,0,0,0,0,0
2026-10-04T14:11:54Z,redis-cart,checkoutservice,0,0,0,0,0,0,0
2026-10-04T14:11:54Z,redis-cart,currencyservice,0,0,0,0,0,0,0
2026-10-04T14:11:54Z,redis-cart,emailservice,0,0,0,0,0,0,0
2026-10-04T14:11:54Z,redis-cart,frontend,0,0,0,0,0,0,0
2026-10-04T14:11:54Z,redis-cart,kubernetes,0,0,0,0,0,0,0
2026-10-04T14:11:54Z,redis-cart,paymentservice,0,0,0,0,0,0,0
2026-10-04T14:11:54Z,redis-cart,productcatalogservice,0,0,0,0,0,0,0
2026-10-04T14:11:54Z,redis-cart,recommendationservice,0,0,0,0,0,0,0
2026-10-04T14:11:54Z,redis-cart,redis-cart,0,0,0,0,0,0,0
2026-10-04T14:11:54Z,redis-cart,shippingservice,0,0,0,0,0,0,0
2026-10-04T14:11:54Z,shippingservice,adservice,0,0,0,0,0,0,0
2026-10-04T14:11:54Z,shippingservice,cartservice,0,0,0,0,0,0,0
2026-10-04T14:11:54Z,shippingservice,checkoutservice,0,0,0,0,0,0,0
2026-10-04T14:11:54Z,shippingservice,currencyservice,0,0,0,0,0,0,0
2026-10-04T14:11:54Z,shippingservice,emailservice,0,0,0,0,0,0,0
2026-10-04T14:11:54Z,shippingservice,frontend,0,0,0,0,0,0,0
2026-10-04T14:11:54Z,shippingservice,kubernetes,0,0,0,0,0,0,0
2026-10-04T14:11:54Z,shippingservice,paymentservice,0,0,0,0,0,0,0
2026-10-04T14:11:54Z,shippingservice,productcatalogservice,0,0,0,0,0,0,0
2026-10-04T14:11:54Z,shippingservice,recommendationservice,0,0,0,0,0,0,0
2026-10-04T14:11:54Z,shippingservice,redis-cart,0,0,0,0,0,0,0
2026-10-04T14:11:54Z,shippingservice,shippingservice,0,0,0,0,0,0,0
2026-10-04T14:11:55Z,adservice,adservice,0,0,0,0,0,0,0
2026-10-04T14:11:55Z,adservice,cartservice,0,0,0,0,0,0,0
2026-10-04T14:11:55Z,adservice,checkoutservice,0,0,0,0,0,0,0
2026-10-04T14:11:55Z,adservice,currencyservice,0,0,0,0,0,0,0
2026-10-04T14:11:55Z,adservice,emailservice,0,0,0,0,0,0,0
2026-10-04T14:11:55Z,adservice,frontend,0,0,0,0,0,0,0
2026-10-04T14:11:55Z,adservice,kubernetes,0,0,0,0,0,0,0
2026-10-04T14:11:55Z,adservice,paymentservice,0,0,0,0,0,0,0
2026-10-04T14:11:55Z,adservice,productcatalogservice,0,0,0,0,0,0,0
2026-10-04T14:11:55Z,adservice,recommendationservice,0,0,0,0,0,0,0
2026-10-04T14:11:55Z,adservice,redis-cart,0,0,0,0,0,0,0
2026-10-04T14:11:55Z,adservice,shippingservice,0,0,0,0,0,0,0
2026-10-04T14:11:55Z,cartservice,adservice,0,0,0,0,0,0,0
2026-10-04T14:11:55Z,cartservice,cartservice,0,0,0,0,0,0,0
2026-10-04T14:11:55Z,cartservice,checkoutservice,0,0,0,0,0,0,0
2026-10-04T14:11:55Z,cartservice,currencyservice,0,0,0,0,0,0,0
2026-10-04T14:11:55Z,cartservice,emailservice,0,0,0,0,0,0,0
2026-10-04T14:11:55Z,cartservice,frontend,0,0,0,0,0,0,0
2026-10-04T14:11:55Z,cartservice,kubernetes,0,0,0,0,0,0,0
2026-10-04T14:11:55Z,cartservice,paymentservice,0,0,0,0,0,0,0
2026-10-04T14:11:55Z,cartservice,productcatalogservice,0,0,0,0,0,0,0
2026-10-04T14:11:55Z,cartservice,recommendationservice,0,0,0,0,0,0,0
2026-10-04T14:11:55Z,cartservice,redis-cart,2,0,0,0,0,0,0
2026-10-04T14:11:55Z,cartservice,shippingservice,0,0,0,0,0,0,0
2026-10-04T14:11:55Z,checkoutservice,adservice,0,0,0,0,0,0,0
2026-10-04T14:11:55Z,checkoutservice,cartservice,71329,70397,0,100,0,748083,70066
2026-10-04T14:11:55Z,checkoutservice,checkoutservice,0,0,0,0,0,0,0
2026-10-04T14:11:55Z,checkoutservice,currencyservice,47064,47064,0,0,0,589562,46898
2026-10-04T14:11:55Z,checkoutservice,emailservice,18297,18009,0,66,0,568060,17843
2026-10-04T14:11:55Z,checkoutservice,frontend,0,0,0,0,0,0,0
2026-10-04T14:11:55Z,checkoutservice,kubernetes,0,0,0,0,0,0,0
2026-10-04T14:11:55Z,checkoutservice,paymentservice,40330,38482,0,192,0,463263,38166
2026-10-04T14:11:55Z,checkoutservice,productcatalogservice,0,0,0,0,0,0,0
2026-10-04T14:11:55Z,checkoutservice,recommendationservice,0,0,0,0,0,0,0
2026-10-04T14:11:55Z,checkoutservice,redis-cart,0,0,0,0,0,0,0
2026-10-04T14:11:55Z,checkoutservice,shippingservice,76642,74539,0,154,0,534915,74204
2026-10-04T14:11:55Z,currencyservice,adservice,0,0,0,0,0,0,0
2026-10-04T14:11:55Z,currencyservice,cartservice,0,0,0,0,0,0,0
2026-10-04T14:11:55Z,currencyservice,checkoutservice,0,0,0,0,0,0,0
2026-10-04T14:11:55Z,currencyservice,currencyservice,0,0,0,0,0,0,0
2026-10-04T14:11:55Z,currencyservice,emailservice,0,0,0,0,0,0,0
2026-10-04T14:11:55Z,currencyservice,frontend,0,0,0,0,0,0,0
2026-10-04T14:11:55Z,currencyservice,kubernetes,0,0,0,0,0,0,0
2026-10-04T14:11:55Z,currencyservice,paymentservice,0,0,0,0,0,0,0
2026-10-04T14:11:55Z,currencyservice,productcatalogservice,0,0,0,0,0,0,0
2026-10-04T14:11:55Z,currencyservice,recommendationservice,0,0,0,0,0,0,0
2026-10-04T14:11:55Z,currencyservice,redis-cart,0,0,0,0,0,0,0
2026-10-04T14:11:55Z,currencyservice,shippingservice,0,0,0,0,0,0,0
2026-10-04T14:11:55Z,emailservice,adservice,0,0,0,0,0,0,0
2026-10-04T14:11:55Z,emailservice,cartservice,0,0,0,0,0,0,0
2026-10-04T14:11:55Z,emailservice,checkoutservice,0,0,0,0,0,0,0
2026-10-04T14:11:55Z,emailservice,currencyservice,0,0,0,0,0,0,0
2026-10-04T14:11:55Z,emailservice,emailservice,0,0,0,0,0,0,0
2026-10-04T14:11:55Z,emailservice,frontend,0,0,0,0,0,0,0
2026-10-04T14:11:55Z,emailservice,kubernetes,0,0,0,0,0,0,0
2026-10-04T14:11:55Z,emailservice,paymentservice,0,0,0,0,0,0,0
2026-10-04T14:11:55Z,emailservice,productcatalogservice,0,0,0,0,0,0,0
2026-10-04T14:11:55Z,emailservice,recommendationservice,0,0,0,0,0,0,0
2026-10-04T14:11:55Z,emailservice,redis-cart,0,0,0,0,0,0,0
2026-10-04T14:11:55Z,emailservice,shippingservice,0,0,0,0,0,0,0
2026-10-04T14:11:55Z,frontend,adservice,863865,863863,0,0,0,2600103,863605
2026-10-04T14:11:55Z,frontend,cartservice,1936093,1936079,0,0,4,10669898,1935381
2026-10-04T14:11:55Z,frontend,checkoutservice,406059,196085,0,40061,169946,63394191,195993
2026-10-04T14:11:55Z,frontend,currencyservice,3076043,3076036,0,0,0,16111280,3074923
2026-10-04T14:11:55Z,frontend,emailservice,0,0,0,0,0,0,0
2026-10-04T14:11:55Z,frontend,frontend,0,0,0,0,0,0,0
2026-10-04T14:11:55Z,frontend,kubernetes,0,0,0,0,0,0,0
2026-10-04T14:11:55Z,frontend,paymentservice,0,0,0,0,0,0,0
2026-10-04T14:11:55Z,frontend,productcatalogservice,8592776,8592690,0,0,0,58562291,8589879
2026-10-04T14:11:55Z,frontend,recommendationservice,2836758,1709189,0,118913,1006119,865505456,1708564
2026-10-04T14:11:55Z,frontend,redis-cart,0,0,0,0,0,0,0
2026-10-04T14:11:55Z,frontend,shippingservice,316675,316673,0,0,0,955550,316577
2026-10-04T14:11:55Z,paymentservice,adservice,0,0,0,0,0,0,0
2026-10-04T14:11:55Z,paymentservice,cartservice,0,0,0,0,0,0,0
2026-10-04T14:11:55Z,paymentservice,checkoutservice,0,0,0,0,0,0,0
2026-10-04T14:11:55Z,paymentservice,currencyservice,0,0,0,0,0,0,0
2026-10-04T14:11:55Z,paymentservice,emailservice,0,0,0,0,0,0,0
2026-10-04T14:11:55Z,paymentservice,frontend,0,0,0,0,0,0,0
2026-10-04T14:11:55Z,paymentservice,kubernetes,0,0,0,0,0,0,0
2026-10-04T14:11:55Z,paymentservice,paymentservice,0,0,0,0,0,0,0
2026-10-04T14:11:55Z,paymentservice,productcatalogservice,0,0,0,0,0,0,0
2026-10-04T14:11:55Z,paymentservice,recommendationservice,0,0,0,0,0,0,0
2026-10-04T14:11:55Z,paymentservice,redis-cart,0,0,0,0,0,0,0
2026-10-04T14:11:55Z,paymentservice,shippingservice,0,0,0,0,0,0,0
2026-10-04T14:11:55Z,productcatalogservice,adservice,0,0,0,0,0,0,0
2026-10-04T14:11:55Z,productcatalogservice,cartservice,0,0,0,0,0,0,0
2026-10-04T14:11:55Z,productcatalogservice,checkoutservice,0,0,0,0,0,0,0
2026-10-04T14:11:55Z,productcatalogservice,currencyservice,0,0,0,0,0,0,0
2026-10-04T14:11:55Z,productcatalogservice,emailservice,0,0,0,0,0,0,0
2026-10-04T14:11:55Z,productcatalogservice,frontend,0,0,0,0,0,0,0
2026-10-04T14:11:55Z,productcatalogservice,kubernetes,0,0,0,0,0,0,0
2026-10-04T14:11:55Z,productcatalogservice,paymentservice,0,0,0,0,0,0,0
2026-10-04T14:11:55Z,productcatalogservice,productcatalogservice,0,0,0,0,0,0,0
2026-10-04T14:11:55Z,productcatalogservice,recommendationservice,0,0,0,0,0,0,0
2026-10-04T14:11:55Z,productcatalogservice,redis-cart,0,0,0,0,0,0,0
2026-10-04T14:11:55Z,productcatalogservice,shippingservice,0,0,0,0,0,0,0
2026-10-04T14:11:55Z,recommendationservice,adservice,0,0,0,0,0,0,0
2026-10-04T14:11:55Z,recommendationservice,cartservice,0,0,0,0,0,0,0
2026-10-04T14:11:55Z,recommendationservice,checkoutservice,0,0,0,0,0,0,0
2026-10-04T14:11:55Z,recommendationservice,currencyservice,0,0,0,0,0,0,0
2026-10-04T14:11:55Z,recommendationservice,emailservice,0,0,0,0,0,0,0
2026-10-04T14:11:55Z,recommendationservice,frontend,0,0,0,0,0,0,0
2026-10-04T14:11:55Z,recommendationservice,kubernetes,0,0,0,0,0,0,0
2026-10-04T14:11:55Z,recommendationservice,paymentservice,0,0,0,0,0,0,0
2026-10-04T14:11:55Z,recommendationservice,productcatalogservice,209560,209555,0,0,0,1370975,209536
2026-10-04T14:11:55Z,recommendationservice,recommendationservice,0,0,0,0,0,0,0
2026-10-04T14:11:55Z,recommendationservice,redis-cart,0,0,0,0,0,0,0
2026-10-04T14:11:55Z,recommendationservice,shippingservice,0,0,0,0,0,0,0
2026-10-04T14:11:55Z,redis-cart,adservice,0,0,0,0,0,0,0
2026-10-04T14:11:55Z,redis-cart,cartservice,0,0,0,0,0,0,0
2026-10-04T14:11:55Z,redis-cart,checkoutservice,0,0,0,0,0,0,0
2026-10-04T14:11:55Z,redis-cart,currencyservice,0,0,0,0,0,0,0
2026-10-04T14:11:55Z,redis-cart,emailservice,0,0,0,0,0,0,0
2026-10-04T14:11:55Z,redis-cart,frontend,0,0,0,0,0,0,0
2026-10-04T14:11:55Z,redis-cart,kubernetes,0,0,0,0,0,0,0
2026-10-04T14:11:55Z,redis-cart,paymentservice,0,0,0,0,0,0,0
2026-10-04T14:11:55Z,redis-cart,productcatalogservice,0,0,0,0,0,0,0
2026-10-04T14:11:55Z,redis-cart,recommendationservice,0,0,0,0,0,0,0
2026-10-04T14:11:55Z,redis-cart,redis-cart,0,0,0,0,0,0,0
2026-10-04T14:11:55Z,redis-cart,shippingservice,0,0,0,0,0,0,0
2026-10-04T14:11:55Z,shippingservice,adservice,0,0,0,0,0,0,0
2026-10-04T14:11:55Z,shippingservice,cartservice,0,0,0,0,0,0,0
2026-10-04T14:11:55Z,shippingservice,checkoutservice,0,0,0,0,0,0,0
2026-10-04T14:11:55Z,shippingservice,currencyservice,0,0,0,0,0,0,0
2026-10-04T14:11:55Z,shippingservice,emailservice,0,0,0,0,0,0,0
2026-10-04T14:11:55Z,shippingservice,frontend,0,0,0,0,0,0,0
2026-10-04T14:11:55Z,shippingservice,kubernetes,0,0,0,0,0,0,0
2026-10-04T14:11:55Z,shippingservice,paymentservice,0,0,0,0,0,0,0
2026-10-04T14:11:55Z,shippingservice,productcatalogservice,0,0,0,0,0,0,0
2026-10-04T14:11:55Z,shippingservice,recommendationservice,0,0,0,0,0,0,0
2026-10-04T14:11:55Z,shippingservice,redis-cart,0,0,0,0,0,0,0
2026-10-04T14:11:55Z,shippingservice,shippingservice,0,0,0,0,0,0,0
2026-10-04T14:11:56Z,adservice,adservice,0,0,0,0,0,0,0
2026-10-04T14:11:56Z,adservice,cartservice,0,0,0,0,0,0,0
2026-10-04T14:11:56Z,adservice,checkoutservice,0,0,0,0,0,0,0
2026-10-04T14:11:56Z,adservice,currencyservice,0,0,0,0,0,0,0
2026-10-04T14:11:56Z,adservice,emailservice,0,0,0,0,0,0,0
2026-10-04T14:11:56Z,adservice,frontend,0,0,0,0,0,0,0
2026-10-04T14:11:56Z,adservice,kubernetes,0,0,0,0,0,0,0
2026-10-04T14:11:56Z,adservice,paymentservice,0,0,0,0,0,0,0
2026-10-04T14:11:56Z,adservice,productcatalogservice,0,0,0,0,0,0,0
2026-10-04T14:11:56Z,adservice,recommendationservice,0,0,0,0,0,0,0
2026-10-04T14:11:56Z,adservice,redis-cart,0,0,0,0,0,0,0
2026-10-04T14:11:56Z,adservice,shippingservice,0,0,0,0,0,0,0
2026-10-04T14:11:56Z,cartservice,adservice,0,0,0,0,0,0,0
2026-10-04T14:11:56Z,cartservice,cartservice,0,0,0,0,0,0,0
2026-10-04T14:11:56Z,cartservice,checkoutservice,0,0,0,0,0,0,0
2026-10-04T14:11:56Z,cartservice,currencyservice,0,0,0,0,0,0,0
2026-10-04T14:11:56Z,cartservice,emailservice,0,0,0,0,0,0,0
2026-10-04T14:11:56Z,cartservice,frontend,0,0,0,0,0,0,0
2026-10-04T14:11:56Z,cartservice,kubernetes,0,0,0,0,0,0,0
2026-10-04T14:11:56Z,cartservice,paymentservice,0,0,0,0,0,0,0
2026-10-04T14:11:56Z,cartservice,productcatalogservice,0,0,0,0,0,0,0
2026-10-04T14:11:56Z,cartservice,recommendationservice,0,0,0,0,0,0,0
2026-10-04T14:11:56Z,cartservice,redis-cart,2,0,0,0,0,0,0
2026-10-04T14:11:56Z,cartservice,shippingservice,0,0,0,0,0,0,0
2026-10-04T14:11:56Z,checkoutservice,adservice,0,0,0,0,0,0,0
2026-10-04T14:11:56Z,checkoutservice,cartservice,71439,70508,0,100,0,748083,70066
2026-10-04T14:11:56Z,checkoutservice,checkoutservice,0,0,0,0,0,0,0
2026-10-04T14:11:56Z,checkoutservice,currencyservice,47118,47118,0,0,0,589562,46898
2026-10-04T14:11:56Z,checkoutservice,emailservice,18353,18064,0,66,0,568060,17843
2026-10-04T14:11:56Z,checkoutservice,frontend,0,0,0,0,0,0,0
2026-10-04T14:11:56Z,checkoutservice,kubernetes,0,0,0,0,0,0,0
2026-10-04T14:11:56Z,checkoutservice,paymentservice,40383,38534,0,192,0,463263,38166
2026-10-04T14:11:56Z,checkoutservice,productcatalogservice,0,0,0,0,0,0,0
2026-10-04T14:11:56Z,checkoutservice,recommendationservice,0,0,0,0,0,0,0
2026-10-04T14:11:56Z,checkoutservice,redis-cart,0,0,0,0,0,0,0
2026-10-04T14:11:56Z,checkoutservice,shippingservice,76750,74647,0,154,0,534915,74204
2026-10-04T14:11:56Z,currencyservice,adservice,0,0,0,0,0,0,0
2026-10-04T14:11:56Z,currencyservice,cartservice,0,0,0,0,0,0,0
2026-10-04T14:11:56Z,currencyservice,checkoutservice,0,0,0,0,0,0,0
2026-10-04T14:11:56Z,currencyservice,currencyservice,0,0,0,0,0,0,0
2026-10-04T14:11:56Z,currencyservice,emailservice,0,0,0,0,0,0,0
2026-10-04T14:11:56Z,currencyservice,frontend,0,0,0,0,0,0,0
2026-10-04T14:11:56Z,currencyservice,kubernetes,0,0,0,0,0,0,0
2026-10-04T14:11:56Z,currencyservice,paymentservice,0,0,0,0,0,0,0
2026-10-04T14:11:56Z,currencyservice,productcatalogservice,0,0,0,0,0,0,0
2026-10-04T14:11:56Z,currencyservice,recommendationservice,0,0,0,0,0,0,0
2026-10-04T14:11:56Z,currencyservice,redis-cart,0,0,0,0,0,0,0
2026-10-04T14:11:56Z,currencyservice,shippingservice,0,0,0,0,0,0,0
2026-10-04T14:11:56Z,emailservice,adservice,0,0,0,0,0,0,0
2026-10-04T14:11:56Z,emailservice,cartservice,0,0,0,0,0,0,0
2026-10-04T14:11:56Z,emailservice,checkoutservice,0,0,0,0,0,0,0
2026-10-04T14:11:56Z,emailservice,currencyservice,0,0,0,0,0,0,0
2026-10-04T14:11:56Z,emailservice,emailservice,0,0,0,0,0,0,0
2026-10-04T14:11:56Z,emailservice,frontend,0,0,0,0,0,0,0
2026-10-04T14:11:56Z,emailservice,kubernetes,0,0,0,0,0,0,0
2026-10-04T14:11:56Z,emailservice,paymentservice,0,0,0,0,0,0,0
2026-10-04T14:11:56Z,emailservice,productcatalogservice,0,0,0,0,0,0,0
2026-10-04T14:11:56Z,emailservice,recommendationservice,0,0,0,0,0,0,0
2026-10-04T14:11:56Z,emailservice,redis-cart,0,0,0,0,0,0,0
2026-10-04T14:11:56Z,emailservice,shippingservice,0,0,0,0,0,0,0
2026-10-04T14:11:56Z,frontend,adservice,864033,864031,0,0,0,2600103,863605
2026-10-04T14:11:56Z,frontend,cartservice,1936480,1936462,0,0,4,10669898,1935381
2026-10-04T14:11:56Z,frontend,checkoutservice,406121,196154,0,40061,169946,63394191,195993
2026-10-04T14:11:56Z,frontend,currencyservice,3076675,3076663,0,0,0,16111280,3074923
2026-10-04T14:11:56Z,frontend,emailservice,0,0,0,0,0,0,0
2026-10-04T14:11:56Z,frontend,frontend,0,0,0,0,0,0,0
2026-10-04T14:11:56Z,frontend,kubernetes,0,0,0,0,0,0,0
2026-10-04T14:11:56Z,frontend,paymentservice,0,0,0,0,0,0,0
2026-10-04T14:11:56Z,frontend,productcatalogservice,8594519,8594436,0,0,0,58562291,8589879
2026-10-04T14:11:56Z,frontend,recommendationservice,2837442,1709557,0,118952,1006424,865505456,1708564
2026-10-04T14:11:56Z,frontend,redis-cart,0,0,0,0,0,0,0
2026-10-04T14:11:56Z,frontend,shippingservice,316734,316732,0,0,0,955550,316577
2026-10-04T14:11:56Z,paymentservice,adservice,0,0,0,0,0,0,0
2026-10-04T14:11:56Z,paymentservice,cartservice,0,0,0,0,0,0,0
2026-10-04T14:11:56Z,paymentservice,checkoutservice,0,0,0,0,0,0,0
2026-10-04T14:11:56Z,paymentservice,currencyservice,0,0,0,0,0,0,0
2026-10-04T14:11:56Z,paymentservice,emailservice,0,0,0,0,0,0,0
2026-10-04T14:11:56Z,paymentservice,frontend,0,0,0,0,0,0,0
2026-10-04T14:11:56Z,paymentservice,kubernetes,0,0,0,0,0,0,0
2026-10-04T14:11:56Z,paymentservice,paymentservice,0,0,0,0,0,0,0
2026-10-04T14:11:56Z,paymentservice,productcatalogservice,0,0,0,0,0,0,0
2026-10-04T14:11:56Z,paymentservice,recommendationservice,0,0,0,0,0,0,0
2026-10-04T14:11:56Z,paymentservice,redis-cart,0,0,0,0,0,0,0
2026-10-04T14:11:56Z,paymentservice,shippingservice,0,0,0,0,0,0,0
2026-10-04T14:11:56Z,productcatalogservice,adservice,0,0,0,0,0,0,0
2026-10-04T14:11:56Z,productcatalogservice,cartservice,0,0,0,0,0,0,0
2026-10-04T14:11:56Z,productcatalogservice,checkoutservice,0,0,0,0,0,0,0
2026-10-04T14:11:56Z,productcatalogservice,currencyservice,0,0,0,0,0,0,0
2026-10-04T14:11:56Z,productcatalogservice,emailservice,0,0,0,0,0,0,0
2026-10-04T14:11:56Z,productcatalogservice,frontend,0,0,0,0,0,0,0
2026-10-04T14:11:56Z,productcatalogservice,kubernetes,0,0,0,0,0,0,0
2026-10-04T14:11:56Z,productcatalogservice,paymentservice,0,0,0,0,0,0,0
2026-10-04T14:11:56Z,productcatalogservice,productcatalogservice,0,0,0,0,0,0,0
2026-10-04T14:11:56Z,productcatalogservice,recommendationservice,0,0,0,0,0,0,0
2026-10-04T14:11:56Z,productcatalogservice,redis-cart,0,0,0,0,0,0,0
2026-10-04T14:11:56Z,productcatalogservice,shippingservice,0,0,0,0,0,0,0
2026-10-04T14:11:56Z,recommendationservice,adservice,0,0,0,0,0,0,0
2026-10-04T14:11:56Z,recommendationservice,cartservice,0,0,0,0,0,0,0
2026-10-04T14:11:56Z,recommendationservice,checkoutservice,0,0,0,0,0,0,0
2026-10-04T14:11:56Z,recommendationservice,currencyservice,0,0,0,0,0,0,0
2026-10-04T14:11:56Z,recommendationservice,emailservice,0,0,0,0,0,0,0
2026-10-04T14:11:56Z,recommendationservice,frontend,0,0,0,0,0,0,0
2026-10-04T14:11:56Z,recommendationservice,kubernetes,0,0,0,0,0,0,0
2026-10-04T14:11:56Z,recommendationservice,paymentservice,0,0,0,0,0,0,0
2026-10-04T14:11:56Z,recommendationservice,productcatalogservice,209988,209984,0,0,0,1370975,209536
2026-10-04T14:11:56Z,recommendationservice,recommendationservice,0,0,0,0,0,0,0
2026-10-04T14:11:56Z,recommendationservice,redis-cart,0,0,0,0,0,0,0
2026-10-04T14:11:56Z,recommendationservice,shippingservice,0,0,0,0,0,0,0
2026-10-04T14:11:56Z,redis-cart,adservice,0,0,0,0,0,0,0
2026-10-04T14:11:56Z,redis-cart,cartservice,0,0,0,0,0,0,0
2026-10-04T14:11:56Z,redis-cart,checkoutservice,0,0,0,0,0,0,0
2026-10-04T14:11:56Z,redis-cart,currencyservice,0,0,0,0,0,0,0
2026-10-04T14:11:56Z,redis-cart,emailservice,0,0,0,0,0,0,0
2026-10-04T14:11:56Z,redis-cart,frontend,0,0,0,0,0,0,0
2026-10-04T14:11:56Z,redis-cart,kubernetes,0,0,0,0,0,0,0
2026-10-04T14:11:56Z,redis-cart,paymentservice,0,0,0,0,0,0,0
2026-10-04T14:11:56Z,redis-cart,productcatalogservice,0,0,0,0,0,0,0
2026-10-04T14:11:56Z,redis-cart,recommendationservice,0,0,0,0,0,0,0
2026-10-04T14:11:56Z,redis-cart,redis-cart,0,0,0,0,0,0,0
2026-10-04T14:11:56Z,redis-cart,shippingservice,0,0,0,0,0,0,0
2026-10-04T14:11:56Z,shippingservice,adservice,0,0,0,0,0,0,0
2026-10-04T14:11:56Z,shippingservice,cartservice,0,0,0,0,0,0,0
2026-10-04T14:11:56Z,shippingservice,checkoutservice,0,0,0,0,0,0,0
2026-10-04T14:11:56Z,shippingservice,currencyservice,0,0,0,0,0,0,0
2026-10-04T14:11:56Z,shippingservice,emailservice,0,0,0,0,0,0,0
2026-10-04T14:11:56Z,shippingservice,frontend,0,0,0,0,0,0,0
2026-10-04T14:11:56Z,shippingservice,kubernetes,0,0,0,0,0,0,0
2026-10-04T14:11:56Z,shippingservice,paymentservice,0,0,0,0,0,0,0
2026-10-04T14:11:56Z,shippingservice,productcatalogservice,0,0,0,0,0,0,0
2026-10-04T14:11:56Z,shippingservice,recommendationservice,0,0,0,0,0,0,0
2026-10-04T14:11:56Z,shippingservice,redis-cart,0,0,0,0,0,0,0
2026-10-04T14:11:56Z,shippingservice,shippingservice,0,0,0,0,0,0,0
2026-10-04T14:11:57Z,adservice,adservice,0,0,0,0,0,0,0
2026-10-04T14:11:57Z,adservice,cartservice,0,0,0,0,0,0,0
2026-10-04T14:11:57Z,adservice,checkoutservice,0,0,0,0,0,0,0
2026-10-04T14:11:57Z,adservice,currencyservice,0,0,0,0,0,0,0
2026-10-04T14:11:57Z,adservice,emailservice,0,0,0,0,0,0,0
2026-10-04T14:11:57Z,adservice,frontend,0,0,0,0,0,0,0
2026-10-04T14:11:57Z,adservice,kubernetes,0,0,0,0,0,0,0
2026-10-04T14:11:57Z,adservice,paymentservice,0,0,0,0,0,0,0
2026-10-04T14:11:57Z,adservice,productcatalogservice,0,0,0,0,0,0,0
2026-10-04T14:11:57Z,adservice,recommendationservice,0,0,0,0,0,0,0
2026-10-04T14:11:57Z,adservice,redis-cart,0,0,0,0,0,0,0
2026-10-04T14:11:57Z,adservice,shippingservice,0,0,0,0,0,0,0
2026-10-04T14:11:57Z,cartservice,adservice,0,0,0,0,0,0,0
2026-10-04T14:11:57Z,cartservice,cartservice,0,0,0,0,0,0,0
2026-10-04T14:11:57Z,cartservice,checkoutservice,0,0,0,0,0,0,0
2026-10-04T14:11:57Z,cartservice,currencyservice,0,0,0,0,0,0,0
2026-10-04T14:11:57Z,cartservice,emailservice,0,0,0,0,0,0,0
2026-10-04T14:11:57Z,cartservice,frontend,0,0,0,0,0,0,0
2026-10-04T14:11:57Z,cartservice,kubernetes,0,0,0,0,0,0,0
2026-10-04T14:11:57Z,cartservice,paymentservice,0,0,0,0,0,0,0
2026-10-04T14:11:57Z,cartservice,productcatalogservice,0,0,0,0,0,0,0
2026-10-04T14:11:57Z,cartservice,recommendationservice,0,0,0,0,0,0,0
2026-10-04T14:11:57Z,cartservice,redis-cart,2,0,0,0,0,0,0
2026-10-04T14:11:57Z,cartservice,shippingservice,0,0,0,0,0,0,0
2026-10-04T14:11:57Z,checkoutservice,adservice,0,0,0,0,0,0,0
2026-10-04T14:11:57Z,checkoutservice,cartservice,71563,70632,0,100,0,750524,70628
2026-10-04T14:11:57Z,checkoutservice,checkoutservice,0,0,0,0,0,0,0
2026-10-04T14:11:57Z,checkoutservice,currencyservice,47179,47179,0,0,0,590596,47176
2026-10-04T14:11:57Z,checkoutservice,emailservice,18417,18129,0,66,0,575062,18123
2026-10-04T14:11:57Z,checkoutservice,frontend,0,0,0,0,0,0,0
2026-10-04T14:11:57Z,checkoutservice,kubernetes,0,0,0,0,0,0,0
2026-10-04T14:11:57Z,checkoutservice,paymentservice,40445,38597,0,192,0,464167,38446
2026-10-04T14:11:57Z,checkoutservice,productcatalogservice,0,0,0,0,0,0,0
2026-10-04T14:11:57Z,checkoutservice,recommendationservice,0,0,0,0,0,0,0
2026-10-04T14:11:57Z,checkoutservice,redis-cart,0,0,0,0,0,0,0
2026-10-04T14:11:57Z,checkoutservice,shippingservice,76874,74771,0,154,0,536001,74765
2026-10-04T14:11:57Z,currencyservice,adservice,0,0,0,0,0,0,0
2026-10-04T14:11:57Z,currencyservice,cartservice,0,0,0,0,0,0,0
2026-10-04T14:11:57Z,currencyservice,checkoutservice,0,0,0,0,0,0,0
2026-10-04T14:11:57Z,currencyservice,currencyservice,0,0,0,0,0,0,0
2026-10-04T14:11:57Z,currencyservice,emailservice,0,0,0,0,0,0,0
2026-10-04T14:11:57Z,currencyservice,frontend,0,0,0,0,0,0,0
2026-10-04T14:11:57Z,currencyservice,kubernetes,0,0,0,0,0,0,0
2026-10-04T14:11:57Z,currencyservice,paymentservice,0,0,0,0,0,0,0
2026-10-04T14:11:57Z,currencyservice,productcatalogservice,0,0,0,0,0,0,0
2026-10-04T14:11:57Z,currencyservice,recommendationservice,0,0,0,0,0,0,0
2026-10-04T14:11:57Z,currencyservice,redis-cart,0,0,0,0,0,0,0
2026-10-04T14:11:57Z,currencyservice,shippingservice,0,0,0,0,0,0,0
2026-10-04T14:11:57Z,emailservice,adservice,0,0,0,0,0,0,0
2026-10-04T14:11:57Z,emailservice,cartservice,0,0,0,0,0,0,0
2026-10-04T14:11:57Z,emailservice,checkoutservice,0,0,0,0,0,0,0
2026-10-04T14:11:57Z,emailservice,currencyservice,0,0,0,0,0,0,0
2026-10-04T14:11:57Z,emailservice,emailservice,0,0,0,0,0,0,0
2026-10-04T14:11:57Z,emailservice,frontend,0,0,0,0,0,0,0
2026-10-04T14:11:57Z,emailservice,kubernetes,0,0,0,0,0,0,0
2026-10-04T14:11:57Z,emailservice,paymentservice,0,0,0,0,0,0,0
2026-10-04T14:11:57Z,emailservice,productcatalogservice,0,0,0,0,0,0,0
2026-10-04T14:11:57Z,emailservice,recommendationservice,0,0,0,0,0,0,0
2026-10-04T14:11:57Z,emailservice,redis-cart,0,0,0,0,0,0,0
2026-10-04T14:11:57Z,emailservice,shippingservice,0,0,0,0,0,0,0
2026-10-04T14:11:57Z,frontend,adservice,864200,864197,0,0,0,2600103,863605
2026-10-04T14:11:57Z,frontend,cartservice,1936878,1936864,0,0,4,10669898,1935381
2026-10-04T14:11:57Z,frontend,checkoutservice,406190,196211,0,40061,169946,63394191,195993
2026-10-04T14:11:57Z,frontend,currencyservice,3077322,3077315,0,0,0,16111280,3074923
2026-10-04T14:11:57Z,frontend,emailservice,0,0,0,0,0,0,0
2026-10-04T14:11:57Z,frontend,frontend,0,0,0,0,0,0,0
2026-10-04T14:11:57Z,frontend,kubernetes,0,0,0,0,0,0,0
2026-10-04T14:11:57Z,frontend,paymentservice,0,0,0,0,0,0,0
2026-10-04T14:11:57Z,frontend,productcatalogservice,8596263,8596200,0,0,0,58562291,8589879
2026-10-04T14:11:57Z,frontend,recommendationservice,2838116,1709895,0,118995,1006712,865505456,1708564
2026-10-04T14:11:57Z,frontend,redis-cart,0,0,0,0,0,0,0
2026-10-04T14:11:57Z,frontend,shippingservice,316795,316793,0,0,0,955550,316577
2026-10-04T14:11:57Z,paymentservice,adservice,0,0,0,0,0,0,0
2026-10-04T14:11:57Z,paymentservice,cartservice,0,0,0,0,0,0,0
2026-10-04T14:11:57Z,paymentservice,checkoutservice,0,0,0,0,0,0,0
2026-10-04T14:11:57Z,paymentservice,currencyservice,0,0,0,0,0,0,0
2026-10-04T14:11:57Z,paymentservice,emailservice,0,0,0,0,0,0,0
2026-10-04T14:11:57Z,paymentservice,frontend,0,0,0,0,0,0,0
2026-10-04T14:11:57Z,paymentservice,kubernetes,0,0,0,0,0,0,0
2026-10-04T14:11:57Z,paymentservice,paymentservice,0,0,0,0,0,0,0
2026-10-04T14:11:57Z,paymentservice,productcatalogservice,0,0,0,0,0,0,0
2026-10-04T14:11:57Z,paymentservice,recommendationservice,0,0,0,0,0,0,0
2026-10-04T14:11:57Z,paymentservice,redis-cart,0,0,0,0,0,0,0
2026-10-04T14:11:57Z,paymentservice,shippingservice,0,0,0,0,0,0,0
2026-10-04T14:11:57Z,productcatalogservice,adservice,0,0,0,0,0,0,0
2026-10-04T14:11:57Z,productcatalogservice,cartservice,0,0,0,0,0,0,0
2026-10-04T14:11:57Z,productcatalogservice,checkoutservice,0,0,0,0,0,0,0
2026-10-04T14:11:57Z,productcatalogservice,currencyservice,0,0,0,0,0,0,0
2026-10-04T14:11:57Z,productcatalogservice,emailservice,0,0,0,0,0,0,0
2026-10-04T14:11:57Z,productcatalogservice,frontend,0,0,0,0,0,0,0
2026-10-04T14:11:57Z,productcatalogservice,kubernetes,0,0,0,0,0,0,0
2026-10-04T14:11:57Z,productcatalogservice,paymentservice,0,0,0,0,0,0,0
2026-10-04T14:11:57Z,productcatalogservice,productcatalogservice,0,0,0,0,0,0,0
2026-10-04T14:11:57Z,productcatalogservice,recommendationservice,0,0,0,0,0,0,0
2026-10-04T14:11:57Z,productcatalogservice,redis-cart,0,0,0,0,0,0,0
2026-10-04T14:11:57Z,productcatalogservice,shippingservice,0,0,0,0,0,0,0
2026-10-04T14:11:57Z,recommendationservice,adservice,0,0,0,0,0,0,0
2026-10-04T14:11:57Z,recommendationservice,cartservice,0,0,0,0,0,0,0
2026-10-04T14:11:57Z,recommendationservice,checkoutservice,0,0,0,0,0,0,0
2026-10-04T14:11:57Z,recommendationservice,currencyservice,0,0,0,0,0,0,0
2026-10-04T14:11:57Z,recommendationservice,emailservice,0,0,0,0,0,0,0
2026-10-04T14:11:57Z,recommendationservice,frontend,0,0,0,0,0,0,0
2026-10-04T14:11:57Z,recommendationservice,kubernetes,0,0,0,0,0,0,0
2026-10-04T14:11:57Z,recommendationservice,paymentservice,0,0,0,0,0,0,0
2026-10-04T14:11:57Z,recommendationservice,productcatalogservice,210398,210397,0,0,0,1370975,209536
2026-10-04T14:11:57Z,recommendationservice,recommendationservice,0,0,0,0,0,0,0
2026-10-04T14:11:57Z,recommendationservice,redis-cart,0,0,0,0,0,0,0
2026-10-04T14:11:57Z,recommendationservice,shippingservice,0,0,0,0,0,0,0
2026-10-04T14:11:57Z,redis-cart,adservice,0,0,0,0,0,0,0
2026-10-04T14:11:57Z,redis-cart,cartservice,0,0,0,0,0,0,0
2026-10-04T14:11:57Z,redis-cart,checkoutservice,0,0,0,0,0,0,0
2026-10-04T14:11:57Z,redis-cart,currencyservice,0,0,0,0,0,0,0
2026-10-04T14:11:57Z,redis-cart,emailservice,0,0,0,0,0,0,0
2026-10-04T14:11:57Z,redis-cart,frontend,0,0,0,0,0,0,0
2026-10-04T14:11:57Z,redis-cart,kubernetes,0,0,0,0,0,0,0
2026-10-04T14:11:57Z,redis-cart,paymentservice,0,0,0,0,0,0,0
2026-10-04T14:11:57Z,redis-cart,productcatalogservice,0,0,0,0,0,0,0
2026-10-04T14:11:57Z,redis-cart,recommendationservice,0,0,0,0,0,0,0
2026-10-04T14:11:57Z,redis-cart,redis-cart,0,0,0,0,0,0,0
2026-10-04T14:11:57Z,redis-cart,shippingservice,0,0,0,0,0,0,0
2026-10-04T14:11:57Z,shippingservice,adservice,0,0,0,0,0,0,0
2026-10-04T14:11:57Z,shippingservice,cartservice,0,0,0,0,0,0,0
2026-10-04T14:11:57Z,shippingservice,checkoutservice,0,0,0,0,0,0,0
2026-10-04T14:11:57Z,shippingservice,currencyservice,0,0,0,0,0,0,0
2026-10-04T14:11:57Z,shippingservice,emailservice,0,0,0,0,0,0,0
2026-10-04T14:11:57Z,shippingservice,frontend,0,0,0,0,0,0,0
2026-10-04T14:11:57Z,shippingservice,kubernetes,0,0,0,0,0,0,0
2026-10-04T14:11:57Z,shippingservice,paymentservice,0,0,0,0,0,0,0
2026-10-04T14:11:57Z,shippingservice,productcatalogservice,0,0,0,0,0,0,0
2026-10-04T14:11:57Z,shippingservice,recommendationservice,0,0,0,0,0,0,0
2026-10-04T14:11:57Z,shippingservice,redis-cart,0,0,0,0,0,0,0
2026-10-04T14:11:57Z,shippingservice,shippingservice,0,0,0,0,0,0,0
2026-10-04T14:11:58Z,adservice,adservice,0,0,0,0,0,0,0
2026-10-04T14:11:58Z,adservice,cartservice,0,0,0,0,0,0,0
2026-10-04T14:11:58Z,adservice,checkoutservice,0,0,0,0,0,0,0
2026-10-04T14:11:58Z,adservice,currencyservice,0,0,0,0,0,0,0
2026-10-04T14:11:58Z,adservice,emailservice,0,0,0,0,0,0,0
2026-10-04T14:11:58Z,adservice,frontend,0,0,0,0,0,0,0
2026-10-04T14:11:58Z,adservice,kubernetes,0,0,0,0,0,0,0
2026-10-04T14:11:58Z,adservice,paymentservice,0,0,0,0,0,0,0
2026-10-04T14:11:58Z,adservice,productcatalogservice,0,0,0,0,0,0,0
2026-10-04T14:11:58Z,adservice,recommendationservice,0,0,0,0,0,0,0
2026-10-04T14:11:58Z,adservice,redis-cart,0,0,0,0,0,0,0
2026-10-04T14:11:58Z,adservice,shippingservice,0,0,0,0,0,0,0
2026-10-04T14:11:58Z,cartservice,adservice,0,0,0,0,0,0,0
2026-10-04T14:11:58Z,cartservice,cartservice,0,0,0,0,0,0,0
2026-10-04T14:11:58Z,cartservice,checkoutservice,0,0,0,0,0,0,0
2026-10-04T14:11:58Z,cartservice,currencyservice,0,0,0,0,0,0,0
2026-10-04T14:11:58Z,cartservice,emailservice,0,0,0,0,0,0,0
2026-10-04T14:11:58Z,cartservice,frontend,0,0,0,0,0,0,0
2026-10-04T14:11:58Z,cartservice,kubernetes,0,0,0,0,0,0,0
2026-10-04T14:11:58Z,cartservice,paymentservice,0,0,0,0,0,0,0
2026-10-04T14:11:58Z,cartservice,productcatalogservice,0,0,0,0,0,0,0
2026-10-04T14:11:58Z,cartservice,recommendationservice,0,0,0,0,0,0,0
2026-10-04T14:11:58Z,cartservice,redis-cart,2,0,0,0,0,0,0
2026-10-04T14:11:58Z,cartservice,shippingservice,0,0,0,0,0,0,0
2026-10-04T14:11:58Z,checkoutservice,adservice,0,0,0,0,0,0,0
2026-10-04T14:11:58Z,checkoutservice,cartservice,71714,70783,0,100,0,750524,70628
2026-10-04T14:11:58Z,checkoutservice,checkoutservice,0,0,0,0,0,0,0
2026-10-04T14:11:58Z,checkoutservice,currencyservice,47252,47252,0,0,0,590596,47176
2026-10-04T14:11:58Z,checkoutservice,emailservice,18490,18200,0,66,0,575062,18123
2026-10-04T14:11:58Z,checkoutservice,frontend,0,0,0,0,0,0,0
2026-10-04T14:11:58Z,checkoutservice,kubernetes,0,0,0,0,0,0,0
2026-10-04T14:11:58Z,checkoutservice,paymentservice,40518,38670,0,192,0,464167,38446
2026-10-04T14:11:58Z,checkoutservice,productcatalogservice,0,0,0,0,0,0,0
2026-10-04T14:11:58Z,checkoutservice,recommendationservice,0,0,0,0,0,0,0
2026-10-04T14:11:58Z,checkoutservice,redis-cart,0,0,0,0,0,0,0
2026-10-04T14:11:58Z,checkoutservice,shippingservice,77025,74917,0,154,0,536001,74765
2026-10-04T14:11:58Z,currencyservice,adservice,0,0,0,0,0,0,0
2026-10-04T14:11:58Z,currencyservice,cartservice,0,0,0,0,0,0,0
2026-10-04T14:11:58Z,currencyservice,checkoutservice,0,0,0,0,0,0,0
2026-10-04T14:11:58Z,currencyservice,currencyservice,0,0,0,0,0,0,0
2026-10-04T14:11:58Z,currencyservice,emailservice,0,0,0,0,0,0,0
2026-10-04T14:11:58Z,currencyservice,frontend,0,0,0,0,0,0,0
2026-10-04T14:11:58Z,currencyservice,kubernetes,0,0,0,0,0,0,0
2026-10-04T14:11:58Z,currencyservice,paymentservice,0,0,0,0,0,0,0
2026-10-04T14:11:58Z,currencyservice,productcatalogservice,0,0,0,0,0,0,0
2026-10-04T14:11:58Z,currencyservice,recommendationservice,0,0,0,0,0,0,0
2026-10-04T14:11:58Z,currencyservice,redis-cart,0,0,0,0,0,0,0
2026-10-04T14:11:58Z,currencyservice,shippingservice,0,0,0,0,0,0,0
2026-10-04T14:11:58Z,emailservice,adservice,0,0,0,0,0,0,0
2026-10-04T14:11:58Z,emailservice,cartservice,0,0,0,0,0,0,0
2026-10-04T14:11:58Z,emailservice,checkoutservice,0,0,0,0,0,0,0
2026-10-04T14:11:58Z,emailservice,currencyservice,0,0,0,0,0,0,0
2026-10-04T14:11:58Z,emailservice,emailservice,0,0,0,0,0,0,0
2026-10-04T14:11:58Z,emailservice,frontend,0,0,0,0,0,0,0
2026-10-04T14:11:58Z,emailservice,kubernetes,0,0,0,0,0,0,0
2026-10-04T14:11:58Z,emailservice,paymentservice,0,0,0,0,0,0,0
2026-10-04T14:11:58Z,emailservice,productcatalogservice,0,0,0,0,0,0,0
2026-10-04T14:11:58Z,emailservice,recommendationservice,0,0,0,0,0,0,0
2026-10-04T14:11:58Z,emailservice,redis-cart,0,0,0,0,0,0,0
2026-10-04T14:11:58Z,emailservice,shippingservice,0,0,0,0,0,0,0
2026-10-04T14:11:58Z,frontend,adservice,864381,864379,0,0,0,2600744,863818
2026-10-04T14:11:58Z,frontend,cartservice,1937286,1937271,0,0,4,10672184,1935869
2026-10-04T14:11:58Z,frontend,checkoutservice,406249,196278,0,40061,169946,63399729,196053
2026-10-04T14:11:58Z,frontend,currencyservice,3077999,3077986,0,0,0,16114533,3075682
2026-10-04T14:11:58Z,frontend,emailservice,0,0,0,0,0,0,0
2026-10-04T14:11:58Z,frontend,frontend,0,0,0,0,0,0,0
2026-10-04T14:11:58Z,frontend,kubernetes,0,0,0,0,0,0,0
2026-10-04T14:11:58Z,frontend,paymentservice,0,0,0,0,0,0,0
2026-10-04T14:11:58Z,frontend,productcatalogservice,8598116,8598039,0,0,0,58578817,8591901
2026-10-04T14:11:58Z,frontend,recommendationservice,2838816,1710269,0,119026,1007002,865841521,1709009
2026-10-04T14:11:58Z,frontend,redis-cart,0,0,0,0,0,0,0
2026-10-04T14:11:58Z,frontend,shippingservice,316855,316853,0,0,0,955678,316629
2026-10-04T14:11:58Z,paymentservice,adservice,0,0,0,0,0,0,0
2026-10-04T14:11:58Z,paymentservice,cartservice,0,0,0,0,0,0,0
2026-10-04T14:11:58Z,paymentservice,checkoutservice,0,0,0,0,0,0,0
2026-10-04T14:11:58Z,paymentservice,currencyservice,0,0,0,0,0,0,0
2026-10-04T14:11:58Z,paymentservice,emailservice,0,0,0,0,0,0,0
2026-10-04T14:11:58Z,paymentservice,frontend,0,0,0,0,0,0,0
2026-10-04T14:11:58Z,paymentservice,kubernetes,0,0,0,0,0,0,0
2026-10-04T14:11:58Z,paymentservice,paymentservice,0,0,0,0,0,0,0
2026-10-04T14:11:58Z,paymentservice,productcatalogservice,0,0,0,0,0,0,0
2026-10-04T14:11:58Z,paymentservice,recommendationservice,0,0,0,0,0,0,0
2026-10-04T14:11:58Z,paymentservice,redis-cart,0,0,0,0,0,0,0
2026-10-04T14:11:58Z,paymentservice,shippingservice,0,0,0,0,0,0,0
2026-10-04T14:11:58Z,productcatalogservice,adservice,0,0,0,0,0,0,0
2026-10-04T14:11:58Z,productcatalogservice,cartservice,0,0,0,0,0,0,0
2026-10-04T14:11:58Z,productcatalogservice,checkoutservice,0,0,0,0,0,0,0
2026-10-04T14:11:58Z,productcatalogservice,currencyservice,0,0,0,0,0,0,0
2026-10-04T14:11:58Z,productcatalogservice,emailservice,0,0,0,0,0,0,0
2026-10-04T14:11:58Z,productcatalogservice,frontend,0,0,0,0,0,0,0
2026-10-04T14:11:58Z,productcatalogservice,kubernetes,0,0,0,0,0,0,0
2026-10-04T14:11:58Z,productcatalogservice,paymentservice,0,0,0,0,0,0,0
2026-10-04T14:11:58Z,productcatalogservice,productcatalogservice,0,0,0,0,0,0,0
2026-10-04T14:11:58Z,productcatalogservice,recommendationservice,0,0,0,0,0,0,0
2026-10-04T14:11:58Z,productcatalogservice,redis-cart,0,0,0,0,0,0,0
2026-10-04T14:11:58Z,productcatalogservice,shippingservice,0,0,0,0,0,0,0
2026-10-04T14:11:58Z,recommendationservice,adservice,0,0,0,0,0,0,0
2026-10-04T14:11:58Z,recommendationservice,cartservice,0,0,0,0,0,0,0
2026-10-04T14:11:58Z,recommendationservice,checkoutservice,0,0,0,0,0,0,0
2026-10-04T14:11:58Z,recommendationservice,currencyservice,0,0,0,0,0,0,0
2026-10-04T14:11:58Z,recommendationservice,emailservice,0,0,0,0,0,0,0
2026-10-04T14:11:58Z,recommendationservice,frontend,0,0,0,0,0,0,0
2026-10-04T14:11:58Z,recommendationservice,kubernetes,0,0,0,0,0,0,0
2026-10-04T14:11:58Z,recommendationservice,paymentservice,0,0,0,0,0,0,0
2026-10-04T14:11:58Z,recommendationservice,productcatalogservice,210841,210841,0,0,0,1370975,209536
2026-10-04T14:11:58Z,recommendationservice,recommendationservice,0,0,0,0,0,0,0
2026-10-04T14:11:58Z,recommendationservice,redis-cart,0,0,0,0,0,0,0
2026-10-04T14:11:58Z,recommendationservice,shippingservice,0,0,0,0,0,0,0
2026-10-04T14:11:58Z,redis-cart,adservice,0,0,0,0,0,0,0
2026-10-04T14:11:58Z,redis-cart,cartservice,0,0,0,0,0,0,0
2026-10-04T14:11:58Z,redis-cart,checkoutservice,0,0,0,0,0,0,0
2026-10-04T14:11:58Z,redis-cart,currencyservice,0,0,0,0,0,0,0
2026-10-04T14:11:58Z,redis-cart,emailservice,0,0,0,0,0,0,0
2026-10-04T14:11:58Z,redis-cart,frontend,0,0,0,0,0,0,0
2026-10-04T14:11:58Z,redis-cart,kubernetes,0,0,0,0,0,0,0
2026-10-04T14:11:58Z,redis-cart,paymentservice,0,0,0,0,0,0,0
2026-10-04T14:11:58Z,redis-cart,productcatalogservice,0,0,0,0,0,0,0
2026-10-04T14:11:58Z,redis-cart,recommendationservice,0,0,0,0,0,0,0
2026-10-04T14:11:58Z,redis-cart,redis-cart,0,0,0,0,0,0,0
2026-10-04T14:11:58Z,redis-cart,shippingservice,0,0,0,0,0,0,0
2026-10-04T14:11:58Z,shippingservice,adservice,0,0,0,0,0,0,0
2026-10-04T14:11:58Z,shippingservice,cartservice,0,0,0,0,0,0,0
2026-10-04T14:11:58Z,shippingservice,checkoutservice,0,0,0,0,0,0,0
2026-10-04T14:11:58Z,shippingservice,currencyservice,0,0,0,0,0,0,0
2026-10-04T14:11:58Z,shippingservice,emailservice,0,0,0,0,0,0,0
2026-10-04T14:11:58Z,shippingservice,frontend,0,0,0,0,0,0,0
2026-10-04T14:11:58Z,shippingservice,kubernetes,0,0,0,0,0,0,0
2026-10-04T14:11:58Z,shippingservice,paymentservice,0,0,0,0,0,0,0
2026-10-04T14:11:58Z,shippingservice,productcatalogservice,0,0,0,0,0,0,0
2026-10-04T14:11:58Z,shippingservice,recommendationservice,0,0,0,0,0,0,0
2026-10-04T14:11:58Z,shippingservice,redis-cart,0,0,0,0,0,0,0
2026-10-04T14:11:58Z,shippingservice,shippingservice,0,0,0,0,0,0,0
2026-10-04T14:11:59Z,adservice,adservice,0,0,0,0,0,0,0
2026-10-04T14:11:59Z,adservice,cartservice,0,0,0,0,0,0,0
2026-10-04T14:11:59Z,adservice,checkoutservice,0,0,0,0,0,0,0
2026-10-04T14:11:59Z,adservice,currencyservice,0,0,0,0,0,0,0
2026-10-04T14:11:59Z,adservice,emailservice,0,0,0,0,0,0,0
2026-10-04T14:11:59Z,adservice,frontend,0,0,0,0,0,0,0
2026-10-04T14:11:59Z,adservice,kubernetes,0,0,0,0,0,0,0
2026-10-04T14:11:59Z,adservice,paymentservice,0,0,0,0,0,0,0
2026-10-04T14:11:59Z,adservice,productcatalogservice,0,0,0,0,0,0,0
2026-10-04T14:11:59Z,adservice,recommendationservice,0,0,0,0,0,0,0
2026-10-04T14:11:59Z,adservice,redis-cart,0,0,0,0,0,0,0
2026-10-04T14:11:59Z,adservice,shippingservice,0,0,0,0,0,0,0
2026-10-04T14:11:59Z,cartservice,adservice,0,0,0,0,0,0,0
2026-10-04T14:11:59Z,cartservice,cartservice,0,0,0,0,0,0,0
2026-10-04T14:11:59Z,cartservice,checkoutservice,0,0,0,0,0,0,0
2026-10-04T14:11:59Z,cartservice,currencyservice,0,0,0,0,0,0,0
2026-10-04T14:11:59Z,cartservice,emailservice,0,0,0,0,0,0,0
2026-10-04T14:11:59Z,cartservice,frontend,0,0,0,0,0,0,0
2026-10-04T14:11:59Z,cartservice,kubernetes,0,0,0,0,0,0,0
2026-10-04T14:11:59Z,cartservice,paymentservice,0,0,0,0,0,0,0
2026-10-04T14:11:59Z,cartservice,productcatalogservice,0,0,0,0,0,0,0
2026-10-04T14:11:59Z,cartservice,recommendationservice,0,0,0,0,0,0,0
2026-10-04T14:11:59Z,cartservice,redis-cart,2,0,0,0,0,0,0
2026-10-04T14:11:59Z,cartservice,shippingservice,0,0,0,0,0,0,0
2026-10-04T14:11:59Z,checkoutservice,adservice,0,0,0,0,0,0,0
2026-10-04T14:11:59Z,checkoutservice,cartservice,71846,70915,0,100,0,750524,70628
2026-10-04T14:11:59Z,checkoutservice,checkoutservice,0,0,0,0,0,0,0
2026-10-04T14:11:59Z,checkoutservice,currencyservice,47321,47320,0,0,0,590596,47176
2026-10-04T14:11:59Z,checkoutservice,emailservice,18553,18264,0,66,0,575062,18123
2026-10-04T14:11:59Z,checkoutservice,frontend,0,0,0,0,0,0,0
2026-10-04T14:11:59Z,checkoutservice,kubernetes,0,0,0,0,0,0,0
2026-10-04T14:11:59Z,checkoutservice,paymentservice,40586,38738,0,192,0,464167,38446
2026-10-04T14:11:59Z,checkoutservice,productcatalogservice,0,0,0,0,0,0,0
2026-10-04T14:11:59Z,checkoutservice,recommendationservice,0,0,0,0,0,0,0
2026-10-04T14:11:59Z,checkoutservice,redis-cart,0,0,0,0,0,0,0
2026-10-04T14:11:59Z,checkoutservice,shippingservice,77158,75054,0,154,0,536001,74765
2026-10-04T14:11:59Z,currencyservice,adservice,0,0,0,0,0,0,0
2026-10-04T14:11:59Z,currencyservice,cartservice,0,0,0,0,0,0,0
2026-10-04T14:11:59Z,currencyservice,checkoutservice,0,0,0,0,0,0,0
2026-10-04T14:11:59Z,currencyservice,currencyservice,0,0,0,0,0,0,0
2026-10-04T14:11:59Z,currencyservice,emailservice,0,0,0,0,0,0,0
2026-10-04T14:11:59Z,currencyservice,frontend,0,0,0,0,0,0,0
2026-10-04T14:11:59Z,currencyservice,kubernetes,0,0,0,0,0,0,0
2026-10-04T14:11:59Z,currencyservice,paymentservice,0,0,0,0,0,0,0
2026-10-04T14:11:59Z,currencyservice,productcatalogservice,0,0,0,0,0,0,0
2026-10-04T14:11:59Z,currencyservice,recommendationservice,0,0,0,0,0,0,0
2026-10-04T14:11:59Z,currencyservice,redis-cart,0,0,0,0,0,0,0
2026-10-04T14:11:59Z,currencyservice,shippingservice,0,0,0,0,0,0,0
2026-10-04T14:11:59Z,emailservice,adservice,0,0,0,0,0,0,0
2026-10-04T14:11:59Z,emailservice,cartservice,0,0,0,0,0,0,0
2026-10-04T14:11:59Z,emailservice,checkoutservice,0,0,0,0,0,0,0
2026-10-04T14:11:59Z,emailservice,currencyservice,0,0,0,0,0,0,0
2026-10-04T14:11:59Z,emailservice,emailservice,0,0,0,0,0,0,0
2026-10-04T14:11:59Z,emailservice,frontend,0,0,0,0,0,0,0
2026-10-04T14:11:59Z,emailservice,kubernetes,0,0,0,0,0,0,0
2026-10-04T14:11:59Z,emailservice,paymentservice,0,0,0,0,0,0,0
2026-10-04T14:11:59Z,emailservice,productcatalogservice,0,0,0,0,0,0,0
2026-10-04T14:11:59Z,emailservice,recommendationservice,0,0,0,0,0,0,0
2026-10-04T14:11:59Z,emailservice,redis-cart,0,0,0,0,0,0,0
2026-10-04T14:11:59Z,emailservice,shippingservice,0,0,0,0,0,0,0
2026-10-04T14:11:59Z,frontend,adservice,864566,864561,0,0,0,2602186,864260
2026-10-04T14:11:59Z,frontend,cartservice,1937698,1937684,0,0,4,10677255,1936989
2026-10-04T14:11:59Z,frontend,checkoutservice,406318,196341,0,40061,169946,63419107,196235
2026-10-04T14:11:59Z,frontend,currencyservice,3078665,3078653,0,0,0,16121358,3077505
2026-10-04T14:11:59Z,frontend,emailservice,0,0,0,0,0,0,0
2026-10-04T14:11:59Z,frontend,frontend,0,0,0,0,0,0,0
2026-10-04T14:11:59Z,frontend,kubernetes,0,0,0,0,0,0,0
2026-10-04T14:11:59Z,frontend,paymentservice,0,0,0,0,0,0,0
2026-10-04T14:11:59Z,frontend,productcatalogservice,8600016,8599941,0,0,0,58609159,8596800
2026-10-04T14:11:59Z,frontend,recommendationservice,2839532,1710654,0,119065,1007299,866605686,1710033
2026-10-04T14:11:59Z,frontend,redis-cart,0,0,0,0,0,0,0
2026-10-04T14:11:59Z,frontend,shippingservice,316919,316916,0,0,0,956189,316807
2026-10-04T14:11:59Z,paymentservice,adservice,0,0,0,0,0,0,0
2026-10-04T14:11:59Z,paymentservice,cartservice,0,0,0,0,0,0,0
2026-10-04T14:11:59Z,paymentservice,checkoutservice,0,0,0,0,0,0,0
2026-10-04T14:11:59Z,paymentservice,currencyservice,0,0,0,0,0,0,0
2026-10-04T14:11:59Z,paymentservice,emailservice,0,0,0,0,0,0,0
2026-10-04T14:11:59Z,paymentservice,frontend,0,0,0,0,0,0,0
2026-10-04T14:11:59Z,paymentservice,kubernetes,0,0,0,0,0,0,0
2026-10-04T14:11:59Z,paymentservice,paymentservice,0,0,0,0,0,0,0
2026-10-04T14:11:59Z,paymentservice,productcatalogservice,0,0,0,0,0,0,0
2026-10-04T14:11:59Z,paymentservice,recommendationservice,0,0,0,0,0,0,0
2026-10-04T14:11:59Z,paymentservice,redis-cart,0,0,0,0,0,0,0
2026-10-04T14:11:59Z,paymentservice,shippingservice,0,0,0,0,0,0,0
2026-10-04T14:11:59Z,productcatalogservice,adservice,0,0,0,0,0,0,0
2026-10-04T14:11:59Z,productcatalogservice,cartservice,0,0,0,0,0,0,0
2026-10-04T14:11:59Z,productcatalogservice,checkoutservice,0,0,0,0,0,0,0
2026-10-04T14:11:59Z,productcatalogservice,currencyservice,0,0,0,0,0,0,0
2026-10-04T14:11:59Z,productcatalogservice,emailservice,0,0,0,0,0,0,0
2026-10-04T14:11:59Z,productcatalogservice,frontend,0,0,0,0,0,0,0
2026-10-04T14:11:59Z,productcatalogservice,kubernetes,0,0,0,0,0,0,0
2026-10-04T14:11:59Z,productcatalogservice,paymentservice,0,0,0,0,0,0,0
2026-10-04T14:11:59Z,productcatalogservice,productcatalogservice,0,0,0,0,0,0,0
2026-10-04T14:11:59Z,productcatalogservice,recommendationservice,0,0,0,0,0,0,0
2026-10-04T14:11:59Z,productcatalogservice,redis-cart,0,0,0,0,0,0,0
2026-10-04T14:11:59Z,productcatalogservice,shippingservice,0,0,0,0,0,0,0
2026-10-04T14:11:59Z,recommendationservice,adservice,0,0,0,0,0,0,0
2026-10-04T14:11:59Z,recommendationservice,cartservice,0,0,0,0,0,0,0
2026-10-04T14:11:59Z,recommendationservice,checkoutservice,0,0,0,0,0,0,0
2026-10-04T14:11:59Z,recommendationservice,currencyservice,0,0,0,0,0,0,0
2026-10-04T14:11:59Z,recommendationservice,emailservice,0,0,0,0,0,0,0
2026-10-04T14:11:59Z,recommendationservice,frontend,0,0,0,0,0,0,0
2026-10-04T14:11:59Z,recommendationservice,kubernetes,0,0,0,0,0,0,0
2026-10-04T14:11:59Z,recommendationservice,paymentservice,0,0,0,0,0,0,0
2026-10-04T14:11:59Z,recommendationservice,productcatalogservice,211288,211283,0,0,0,1370975,209536
2026-10-04T14:11:59Z,recommendationservice,recommendationservice,0,0,0,0,0,0,0
2026-10-04T14:11:59Z,recommendationservice,redis-cart,0,0,0,0,0,0,0
2026-10-04T14:11:59Z,recommendationservice,shippingservice,0,0,0,0,0,0,0
2026-10-04T14:11:59Z,redis-cart,adservice,0,0,0,0,0,0,0
2026-10-04T14:11:59Z,redis-cart,cartservice,0,0,0,0,0,0,0
2026-10-04T14:11:59Z,redis-cart,checkoutservice,0,0,0,0,0,0,0
2026-10-04T14:11:59Z,redis-cart,currencyservice,0,0,0,0,0,0,0
2026-10-04T14:11:59Z,redis-cart,emailservice,0,0,0,0,0,0,0
2026-10-04T14:11:59Z,redis-cart,frontend,0,0,0,0,0,0,0
2026-10-04T14:11:59Z,redis-cart,kubernetes,0,0,0,0,0,0,0
2026-10-04T14:11:59Z,redis-cart,paymentservice,0,0,0,0,0,0,0
2026-10-04T14:11:59Z,redis-cart,productcatalogservice,0,0,0,0,0,0,0
2026-10-04T14:11:59Z,redis-cart,recommendationservice,0,0,0,0,0,0,0
2026-10-04T14:11:59Z,redis-cart,redis-cart,0,0,0,0,0,0,0
2026-10-04T14:11:59Z,redis-cart,shippingservice,0,0,0,0,0,0,0
2026-10-04T14:11:59Z,shippingservice,adservice,0,0,0,0,0,0,0
2026-10-04T14:11:59Z,shippingservice,cartservice,0,0,0,0,0,0,0
2026-10-04T14:11:59Z,shippingservice,checkoutservice,0,0,0,0,0,0,0
2026-10-04T14:11:59Z,shippingservice,currencyservice,0,0,0,0,0,0,0
2026-10-04T14:11:59Z,shippingservice,emailservice,0,0,0,0,0,0,0
2026-10-04T14:11:59Z,shippingservice,frontend,0,0,0,0,0,0,0
2026-10-04T14:11:59Z,shippingservice,kubernetes,0,0,0,0,0,0,0
2026-10-04T14:11:59Z,shippingservice,paymentservice,0,0,0,0,0,0,0
2026-10-04T14:11:59Z,shippingservice,productcatalogservice,0,0,0,0,0,0,0
2026-10-04T14:11:59Z,shippingservice,recommendationservice,0,0,0,0,0,0,0
2026-10-04T14:11:59Z,shippingservice,redis-cart,0,0,0,0,0,0,0
2026-10-04T14:11:59Z,shippingservice,shippingservice,0,0,0,0,0,0,0
2026-10-04T14:12:00Z,adservice,adservice,0,0,0,0,0,0,0
2026-10-04T14:12:00Z,adservice,cartservice,0,0,0,0,0,0,0
2026-10-04T14:12:00Z,adservice,checkoutservice,0,0,0,0,0,0,0
2026-10-04T14:12:00Z,adservice,currencyservice,0,0,0,0,0,0,0
2026-10-04T14:12:00Z,adservice,emailservice,0,0,0,0,0,0,0
2026-10-04T14:12:00Z,adservice,frontend,0,0,0,0,0,0,0
2026-10-04T14:12:00Z,adservice,kubernetes,0,0,0,0,0,0,0
2026-10-04T14:12:00Z,adservice,paymentservice,0,0,0,0,0,0,0
2026-10-04T14:12:00Z,adservice,productcatalogservice,0,0,0,0,0,0,0
2026-10-04T14:12:00Z,adservice,recommendationservice,0,0,0,0,0,0,0
2026-10-04T14:12:00Z,adservice,redis-cart,0,0,0,0,0,0,0
2026-10-04T14:12:00Z,adservice,shippingservice,0,0,0,0,0,0,0
2026-10-04T14:12:00Z,cartservice,adservice,0,0,0,0,0,0,0
2026-10-04T14:12:00Z,cartservice,cartservice,0,0,0,0,0,0,0
2026-10-04T14:12:00Z,cartservice,checkoutservice,0,0,0,0,0,0,0
2026-10-04T14:12:00Z,cartservice,currencyservice,0,0,0,0,0,0,0
2026-10-04T14:12:00Z,cartservice,emailservice,0,0,0,0,0,0,0
2026-10-04T14:12:00Z,cartservice,frontend,0,0,0,0,0,0,0
2026-10-04T14:12:00Z,cartservice,kubernetes,0,0,0,0,0,0,0
2026-10-04T14:12:00Z,cartservice,paymentservice,0,0,0,0,0,0,0
2026-10-04T14:12:00Z,cartservice,productcatalogservice,0,0,0,0,0,0,0
2026-10-04T14:12:00Z,cartservice,recommendationservice,0,0,0,0,0,0,0
2026-10-04T14:12:00Z,cartservice,redis-cart,2,0,0,0,0,0,0
2026-10-04T14:12:00Z,cartservice,shippingservice,0,0,0,0,0,0,0
2026-10-04T14:12:00Z,checkoutservice,adservice,0,0,0,0,0,0,0
2026-10-04T14:12:00Z,checkoutservice,cartservice,71975,71041,0,100,0,750524,70628
2026-10-04T14:12:00Z,checkoutservice,checkoutservice,0,0,0,0,0,0,0
2026-10-04T14:12:00Z,checkoutservice,currencyservice,47387,47387,0,0,0,590596,47176
2026-10-04T14:12:00Z,checkoutservice,emailservice,18615,18327,0,66,0,575062,18123
2026-10-04T14:12:00Z,checkoutservice,frontend,0,0,0,0,0,0,0
2026-10-04T14:12:00Z,checkoutservice,kubernetes,0,0,0,0,0,0,0
2026-10-04T14:12:00Z,checkoutservice,paymentservice,40652,38804,0,192,0,464167,38446
2026-10-04T14:12:00Z,checkoutservice,productcatalogservice,0,0,0,0,0,0,0
2026-10-04T14:12:00Z,checkoutservice,recommendationservice,0,0,0,0,0,0,0
2026-10-04T14:12:00Z,checkoutservice,redis-cart,0,0,0,0,0,0,0
2026-10-04T14:12:00Z,checkoutservice,shippingservice,77289,75183,0,154,0,536001,74765
2026-10-04T14:12:00Z,currencyservice,adservice,0,0,0,0,0,0,0
2026-10-04T14:12:00Z,currencyservice,cartservice,0,0,0,0,0,0,0
2026-10-04T14:12:00Z,currencyservice,checkoutservice,0,0,0,0,0,0,0
2026-10-04T14:12:00Z,currencyservice,currencyservice,0,0,0,0,0,0,0
2026-10-04T14:12:00Z,currencyservice,emailservice,0,0,0,0,0,0,0
2026-10-04T14:12:00Z,currencyservice,frontend,0,0,0,0,0,0,0
2026-10-04T14:12:00Z,currencyservice,kubernetes,0,0,0,0,0,0,0
2026-10-04T14:12:00Z,currencyservice,paymentservice,0,0,0,0,0,0,0
2026-10-04T14:12:00Z,currencyservice,productcatalogservice,0,0,0,0,0,0,0
2026-10-04T14:12:00Z,currencyservice,recommendationservice,0,0,0,0,0,0,0
2026-10-04T14:12:00Z,currencyservice,redis-cart,0,0,0,0,0,0,0
2026-10-04T14:12:00Z,currencyservice,shippingservice,0,0,0,0,0,0,0
2026-10-04T14:12:00Z,emailservice,adservice,0,0,0,0,0,0,0
2026-10-04T14:12:00Z,emailservice,cartservice,0,0,0,0,0,0,0
2026-10-04T14:12:00Z,emailservice,checkoutservice,0,0,0,0,0,0,0
2026-10-04T14:12:00Z,emailservice,currencyservice,0,0,0,0,0,0,0
2026-10-04T14:12:00Z,emailservice,emailservice,0,0,0,0,0,0,0
2026-10-04T14:12:00Z,emailservice,frontend,0,0,0,0,0,0,0
2026-10-04T14:12:00Z,emailservice,kubernetes,0,0,0,0,0,0,0
2026-10-04T14:12:00Z,emailservice,paymentservice,0,0,0,0,0,0,0
2026-10-04T14:12:00Z,emailservice,productcatalogservice,0,0,0,0,0,0,0
2026-10-04T14:12:00Z,emailservice,recommendationservice,0,0,0,0,0,0,0
2026-10-04T14:12:00Z,emailservice,redis-cart,0,0,0,0,0,0,0
2026-10-04T14:12:00Z,emailservice,shippingservice,0,0,0,0,0,0,0
2026-10-04T14:12:00Z,frontend,adservice,864729,864727,0,0,0,2602685,864465
2026-10-04T14:12:00Z,frontend,cartservice,1938107,1938090,0,0,4,10679269,1937430
2026-10-04T14:12:00Z,frontend,checkoutservice,406393,196405,0,40061,169946,63426447,196301
2026-10-04T14:12:00Z,frontend,currencyservice,3079335,3079327,0,0,0,16124682,3078232
2026-10-04T14:12:00Z,frontend,emailservice,0,0,0,0,0,0,0
2026-10-04T14:12:00Z,frontend,frontend,0,0,0,0,0,0,0
2026-10-04T14:12:00Z,frontend,kubernetes,0,0,0,0,0,0,0
2026-10-04T14:12:00Z,frontend,paymentservice,0,0,0,0,0,0,0
2026-10-04T14:12:00Z,frontend,productcatalogservice,8601790,8601708,0,0,0,58626780,8598853
2026-10-04T14:12:00Z,frontend,recommendationservice,2840244,1711037,0,119098,1007591,866913131,1710432
2026-10-04T14:12:00Z,frontend,redis-cart,0,0,0,0,0,0,0
2026-10-04T14:12:00Z,frontend,shippingservice,316972,316970,0,0,0,956356,316875
2026-10-04T14:12:00Z,paymentservice,adservice,0,0,0,0,0,0,0
2026-10-04T14:12:00Z,paymentservice,cartservice,0,0,0,0,0,0,0
2026-10-04T14:12:00Z,paymentservice,checkoutservice,0,0,0,0,0,0,0
2026-10-04T14:12:00Z,paymentservice,currencyservice,0,0,0,0,0,0,0
2026-10-04T14:12:00Z,paymentservice,emailservice,0,0,0,0,0,0,0
2026-10-04T14:12:00Z,paymentservice,frontend,0,0,0,0,0,0,0
2026-10-04T14:12:00Z,paymentservice,kubernetes,0,0,0,0,0,0,0
2026-10-04T14:12:00Z,paymentservice,paymentservice,0,0,0,0,0,0,0
2026-10-04T14:12:00Z,paymentservice,productcatalogservice,0,0,0,0,0,0,0
2026-10-04T14:12:00Z,paymentservice,recommendationservice,0,0,0,0,0,0,0
2026-10-04T14:12:00Z,paymentservice,redis-cart,0,0,0,0,0,0,0
2026-10-04T14:12:00Z,paymentservice,shippingservice,0,0,0,0,0,0,0
2026-10-04T14:12:00Z,productcatalogservice,adservice,0,0,0,0,0,0,0
2026-10-04T14:12:00Z,productcatalogservice,cartservice,0,0,0,0,0,0,0
2026-10-04T14:12:00Z,productcatalogservice,checkoutservice,0,0,0,0,0,0,0
2026-10-04T14:12:00Z,productcatalogservice,currencyservice,0,0,0,0,0,0,0
2026-10-04T14:12:00Z,productcatalogservice,emailservice,0,0,0,0,0,0,0
2026-10-04T14:12:00Z,productcatalogservice,frontend,0,0,0,0,0,0,0
2026-10-04T14:12:00Z,productcatalogservice,kubernetes,0,0,0,0,0,0,0
2026-10-04T14:12:00Z,productcatalogservice,paymentservice,0,0,0,0,0,0,0
2026-10-04T14:12:00Z,productcatalogservice,productcatalogservice,0,0,0,0,0,0,0
2026-10-04T14:12:00Z,productcatalogservice,recommendationservice,0,0,0,0,0,0,0
2026-10-04T14:12:00Z,productcatalogservice,redis-cart,0,0,0,0,0,0,0
2026-10-04T14:12:00Z,productcatalogservice,shippingservice,0,0,0,0,0,0,0
2026-10-04T14:12:00Z,recommendationservice,adservice,0,0,0,0,0,0,0
2026-10-04T14:12:00Z,recommendationservice,cartservice,0,0,0,0,0,0,0
2026-10-04T14:12:00Z,recommendationservice,checkoutservice,0,0,0,0,0,0,0
2026-10-04T14:12:00Z,recommendationservice,currencyservice,0,0,0,0,0,0,0
2026-10-04T14:12:00Z,recommendationservice,emailservice,0,0,0,0,0,0,0
2026-10-04T14:12:00Z,recommendationservice,frontend,0,0,0,0,0,0,0
2026-10-04T14:12:00Z,recommendationservice,kubernetes,0,0,0,0,0,0,0
2026-10-04T14:12:00Z,recommendationservice,paymentservice,0,0,0,0,0,0,0
2026-10-04T14:12:00Z,recommendationservice,productcatalogservice,211729,211727,0,0,0,1385651,211705
2026-10-04T14:12:00Z,recommendationservice,recommendationservice,0,0,0,0,0,0,0
2026-10-04T14:12:00Z,recommendationservice,redis-cart,0,0,0,0,0,0,0
2026-10-04T14:12:00Z,recommendationservice,shippingservice,0,0,0,0,0,0,0
2026-10-04T14:12:00Z,redis-cart,adservice,0,0,0,0,0,0,0
2026-10-04T14:12:00Z,redis-cart,cartservice,0,0,0,0,0,0,0
2026-10-04T14:12:00Z,redis-cart,checkoutservice,0,0,0,0,0,0,0
2026-10-04T14:12:00Z,redis-cart,currencyservice,0,0,0,0,0,0,0
2026-10-04T14:12:00Z,redis-cart,emailservice,0,0,0,0,0,0,0
2026-10-04T14:12:00Z,redis-cart,frontend,0,0,0,0,0,0,0
2026-10-04T14:12:00Z,redis-cart,kubernetes,0,0,0,0,0,0,0
2026-10-04T14:12:00Z,redis-cart,paymentservice,0,0,0,0,0,0,0
2026-10-04T14:12:00Z,redis-cart,productcatalogservice,0,0,0,0,0,0,0
2026-10-04T14:12:00Z,redis-cart,recommendationservice,0,0,0,0,0,0,0
2026-10-04T14:12:00Z,redis-cart,redis-cart,0,0,0,0,0,0,0
2026-10-04T14:12:00Z,redis-cart,shippingservice,0,0,0,0,0,0,0
2026-10-04T14:12:00Z,shippingservice,adservice,0,0,0,0,0,0,0
2026-10-04T14:12:00Z,shippingservice,cartservice,0,0,0,0,0,0,0
2026-10-04T14:12:00Z,shippingservice,checkoutservice,0,0,0,0,0,0,0
2026-10-04T14:12:00Z,shippingservice,currencyservice,0,0,0,0,0,0,0
2026-10-04T14:12:00Z,shippingservice,emailservice,0,0,0,0,0,0,0
2026-10-04T14:12:00Z,shippingservice,frontend,0,0,0,0,0,0,0
2026-10-04T14:12:00Z,shippingservice,kubernetes,0,0,0,0,0,0,0
2026-10-04T14:12:00Z,shippingservice,paymentservice,0,0,0,0,0,0,0
2026-10-04T14:12:00Z,shippingservice,productcatalogservice,0,0,0,0,0,0,0
2026-10-04T14:12:00Z,shippingservice,recommendationservice,0,0,0,0,0,0,0
2026-10-04T14:12:00Z,shippingservice,redis-cart,0,0,0,0,0,0,0
2026-10-04T14:12:00Z,shippingservice,shippingservice,0,0,0,0,0,0,0
2026-10-04T14:12:01Z,adservice,adservice,0,0,0,0,0,0,0
2026-10-04T14:12:01Z,adservice,cartservice,0,0,0,0,0,0,0
2026-10-04T14:12:01Z,adservice,checkoutservice,0,0,0,0,0,0,0
2026-10-04T14:12:01Z,adservice,currencyservice,0,0,0,0,0,0,0
2026-10-04T14:12:01Z,adservice,emailservice,0,0,0,0,0,0,0
2026-10-04T14:12:01Z,adservice,frontend,0,0,0,0,0,0,0
2026-10-04T14:12:01Z,adservice,kubernetes,0,0,0,0,0,0,0
2026-10-04T14:12:01Z,adservice,paymentservice,0,0,0,0,0,0,0
2026-10-04T14:12:01Z,adservice,productcatalogservice,0,0,0,0,0,0,0
2026-10-04T14:12:01Z,adservice,recommendationservice,0,0,0,0,0,0,0
2026-10-04T14:12:01Z,adservice,redis-cart,0,0,0,0,0,0,0
2026-10-04T14:12:01Z,adservice,shippingservice,0,0,0,0,0,0,0
2026-10-04T14:12:01Z,cartservice,adservice,0,0,0,0,0,0,0
2026-10-04T14:12:01Z,cartservice,cartservice,0,0,0,0,0,0,0
2026-10-04T14:12:01Z,cartservice,checkoutservice,0,0,0,0,0,0,0
2026-10-04T14:12:01Z,cartservice,currencyservice,0,0,0,0,0,0,0
2026-10-04T14:12:01Z,cartservice,emailservice,0,0,0,0,0,0,0
2026-10-04T14:12:01Z,cartservice,frontend,0,0,0,0,0,0,0
2026-10-04T14:12:01Z,cartservice,kubernetes,0,0,0,0,0,0,0
2026-10-04T14:12:01Z,cartservice,paymentservice,0,0,0,0,0,0,0
2026-10-04T14:12:01Z,cartservice,productcatalogservice,0,0,0,0,0,0,0
2026-10-04T14:12:01Z,cartservice,recommendationservice,0,0,0,0,0,0,0
2026-10-04T14:12:01Z,cartservice,redis-cart,2,0,0,0,0,0,0
2026-10-04T14:12:01Z,cartservice,shippingservice,0,0,0,0,0,0,0
2026-10-04T14:12:01Z,checkoutservice,adservice,0,0,0,0,0,0,0
2026-10-04T14:12:01Z,checkoutservice,cartservice,72087,71156,0,100,0,750524,70628
2026-10-04T14:12:01Z,checkoutservice,checkoutservice,0,0,0,0,0,0,0
2026-10-04T14:12:01Z,checkoutservice,currencyservice,47440,47440,0,0,0,590596,47176
2026-10-04T14:12:01Z,checkoutservice,emailservice,18677,18387,0,66,0,575062,18123
2026-10-04T14:12:01Z,checkoutservice,frontend,0,0,0,0,0,0,0
2026-10-04T14:12:01Z,checkoutservice,kubernetes,0,0,0,0,0,0,0
2026-10-04T14:12:01Z,checkoutservice,paymentservice,40706,38858,0,192,0,464167,38446
2026-10-04T14:12:01Z,checkoutservice,productcatalogservice,0,0,0,0,0,0,0
2026-10-04T14:12:01Z,checkoutservice,recommendationservice,0,0,0,0,0,0,0
2026-10-04T14:12:01Z,checkoutservice,redis-cart,0,0,0,0,0,0,0
2026-10-04T14:12:01Z,checkoutservice,shippingservice,77398,75294,0,154,0,536001,74765
2026-10-04T14:12:01Z,currencyservice,adservice,0,0,0,0,0,0,0
2026-10-04T14:12:01Z,currencyservice,cartservice,0,0,0,0,0,0,0
2026-10-04T14:12:01Z,currencyservice,checkoutservice,0,0,0,0,0,0,0
2026-10-04T14:12:01Z,currencyservice,currencyservice,0,0,0,0,0,0,0
2026-10-04T14:12:01Z,currencyservice,emailservice,0,0,0,0,0,0,0
2026-10-04T14:12:01Z,currencyservice,frontend,0,0,0,0,0,0,0
2026-10-04T14:12:01Z,currencyservice,kubernetes,0,0,0,0,0,0,0
2026-10-04T14:12:01Z,currencyservice,paymentservice,0,0,0,0,0,0,0
2026-10-04T14:12:01Z,currencyservice,productcatalogservice,0,0,0,0,0,0,0
2026-10-04T14:12:01Z,currencyservice,recommendationservice,0,0,0,0,0,0,0
2026-10-04T14:12:01Z,currencyservice,redis-cart,0,0,0,0,0,0,0
2026-10-04T14:12:01Z,currencyservice,shippingservice,0,0,0,0,0,0,0
2026-10-04T14:12:01Z,emailservice,adservice,0,0,0,0,0,0,0
2026-10-04T14:12:01Z,emailservice,cartservice,0,0,0,0,0,0,0
2026-10-04T14:12:01Z,emailservice,checkoutservice,0,0,0,0,0,0,0
2026-10-04T14:12:01Z,emailservice,currencyservice,0,0,0,0,0,0,0
2026-10-04T14:12:01Z,emailservice,emailservice,0,0,0,0,0,0,0
2026-10-04T14:12:01Z,emailservice,frontend,0,0,0,0,0,0,0
2026-10-04T14:12:01Z,emailservice,kubernetes,0,0,0,0,0,0,0
2026-10-04T14:12:01Z,emailservice,paymentservice,0,0,0,0,0,0,0
2026-10-04T14:12:01Z,emailservice,productcatalogservice,0,0,0,0,0,0,0
2026-10-04T14:12:01Z,emailservice,recommendationservice,0,0,0,0,0,0,0
2026-10-04T14:12:01Z,emailservice,redis-cart,0,0,0,0,0,0,0
2026-10-04T14:12:01Z,emailservice,shippingservice,0,0,0,0,0,0,0
2026-10-04T14:12:01Z,frontend,adservice,864846,864844,0,0,0,2602685,864465
2026-10-04T14:12:01Z,frontend,cartservice,1938498,1938483,0,0,4,10679269,1937430
2026-10-04T14:12:01Z,frontend,checkoutservice,406452,196477,0,40061,169948,63426447,196301
2026-10-04T14:12:01Z,frontend,currencyservice,3079985,3079977,0,0,0,16124682,3078232
2026-10-04T14:12:01Z,frontend,emailservice,0,0,0,0,0,0,0
2026-10-04T14:12:01Z,frontend,frontend,0,0,0,0,0,0,0
2026-10-04T14:12:01Z,frontend,kubernetes,0,0,0,0,0,0,0
2026-10-04T14:12:01Z,frontend,paymentservice,0,0,0,0,0,0,0
2026-10-04T14:12:01Z,frontend,productcatalogservice,8603279,8603207,0,0,0,58626780,8598853
2026-10-04T14:12:01Z,frontend,recommendationservice,2840975,1711378,0,119133,1007933,866913131,1710432
2026-10-04T14:12:01Z,frontend,redis-cart,0,0,0,0,0,0,0
2026-10-04T14:12:01Z,frontend,shippingservice,317033,317031,0,0,0,956356,316875
2026-10-04T14:12:01Z,paymentservice,adservice,0,0,0,0,0,0,0
2026-10-04T14:12:01Z,paymentservice,cartservice,0,0,0,0,0,0,0
2026-10-04T14:12:01Z,paymentservice,checkoutservice,0,0,0,0,0,0,0
2026-10-04T14:12:01Z,paymentservice,currencyservice,0,0,0,0,0,0,0
2026-10-04T14:12:01Z,paymentservice,emailservice,0,0,0,0,0,0,0
2026-10-04T14:12:01Z,paymentservice,frontend,0,0,0,0,0,0,0
2026-10-04T14:12:01Z,paymentservice,kubernetes,0,0,0,0,0,0,0
2026-10-04T14:12:01Z,paymentservice,paymentservice,0,0,0,0,0,0,0
2026-10-04T14:12:01Z,paymentservice,productcatalogservice,0,0,0,0,0,0,0
2026-10-04T14:12:01Z,paymentservice,recommendationservice,0,0,0,0,0,0,0
2026-10-04T14:12:01Z,paymentservice,redis-cart,0,0,0,0,0,0,0
2026-10-04T14:12:01Z,paymentservice,shippingservice,0,0,0,0,0,0,0
2026-10-04T14:12:01Z,productcatalogservice,adservice,0,0,0,0,0,0,0
2026-10-04T14:12:01Z,productcatalogservice,cartservice,0,0,0,0,0,0,0
2026-10-04T14:12:01Z,productcatalogservice,checkoutservice,0,0,0,0,0,0,0
2026-10-04T14:12:01Z,productcatalogservice,currencyservice,0,0,0,0,0,0,0
2026-10-04T14:12:01Z,productcatalogservice,emailservice,0,0,0,0,0,0,0
2026-10-04T14:12:01Z,productcatalogservice,frontend,0,0,0,0,0,0,0
2026-10-04T14:12:01Z,productcatalogservice,kubernetes,0,0,0,0,0,0,0
2026-10-04T14:12:01Z,productcatalogservice,paymentservice,0,0,0,0,0,0,0
2026-10-04T14:12:01Z,productcatalogservice,productcatalogservice,0,0,0,0,0,0,0
2026-10-04T14:12:01Z,productcatalogservice,recommendationservice,0,0,0,0,0,0,0
2026-10-04T14:12:01Z,productcatalogservice,redis-cart,0,0,0,0,0,0,0
2026-10-04T14:12:01Z,productcatalogservice,shippingservice,0,0,0,0,0,0,0
2026-10-04T14:12:01Z,recommendationservice,adservice,0,0,0,0,0,0,0
2026-10-04T14:12:01Z,recommendationservice,cartservice,0,0,0,0,0,0,0
2026-10-04T14:12:01Z,recommendationservice,checkoutservice,0,0,0,0,0,0,0
2026-10-04T14:12:01Z,recommendationservice,currencyservice,0,0,0,0,0,0,0
2026-10-04T14:12:01Z,recommendationservice,emailservice,0,0,0,0,0,0,0
2026-10-04T14:12:01Z,recommendationservice,frontend,0,0,0,0,0,0,0
2026-10-04T14:12:01Z,recommendationservice,kubernetes,0,0,0,0,0,0,0
2026-10-04T14:12:01Z,recommendationservice,paymentservice,0,0,0,0,0,0,0
2026-10-04T14:12:01Z,recommendationservice,productcatalogservice,212137,212132,0,0,0,1385651,211705
2026-10-04T14:12:01Z,recommendationservice,recommendationservice,0,0,0,0,0,0,0
2026-10-04T14:12:01Z,recommendationservice,redis-cart,0,0,0,0,0,0,0
2026-10-04T14:12:01Z,recommendationservice,shippingservice,0,0,0,0,0,0,0
2026-10-04T14:12:01Z,redis-cart,adservice,0,0,0,0,0,0,0
2026-10-04T14:12:01Z,redis-cart,cartservice,0,0,0,0,0,0,0
2026-10-04T14:12:01Z,redis-cart,checkoutservice,0,0,0,0,0,0,0
2026-10-04T14:12:01Z,redis-cart,currencyservice,0,0,0,0,0,0,0
2026-10-04T14:12:01Z,redis-cart,emailservice,0,0,0,0,0,0,0
2026-10-04T14:12:01Z,redis-cart,frontend,0,0,0,0,0,0,0
2026-10-04T14:12:01Z,redis-cart,kubernetes,0,0,0,0,0,0,0
2026-10-04T14:12:01Z,redis-cart,paymentservice,0,0,0,0,0,0,0
2026-10-04T14:12:01Z,redis-cart,productcatalogservice,0,0,0,0,0,0,0
2026-10-04T14:12:01Z,redis-cart,recommendationservice,0,0,0,0,0,0,0
2026-10-04T14:12:01Z,redis-cart,redis-cart,0,0,0,0,0,0,0
2026-10-04T14:12:01Z,redis-cart,shippingservice,0,0,0,0,0,0,0
2026-10-04T14:12:01Z,shippingservice,adservice,0,0,0,0,0,0,0
2026-10-04T14:12:01Z,shippingservice,cartservice,0,0,0,0,0,0,0
2026-10-04T14:12:01Z,shippingservice,checkoutservice,0,0,0,0,0,0,0
2026-10-04T14:12:01Z,shippingservice,currencyservice,0,0,0,0,0,0,0
2026-10-04T14:12:01Z,shippingservice,emailservice,0,0,0,0,0,0,0
2026-10-04T14:12:01Z,shippingservice,frontend,0,0,0,0,0,0,0
2026-10-04T14:12:01Z,shippingservice,kubernetes,0,0,0,0,0,0,0
2026-10-04T14:12:01Z,shippingservice,paymentservice,0,0,0,0,0,0,0
2026-10-04T14:12:01Z,shippingservice,productcatalogservice,0,0,0,0,0,0,0
2026-10-04T14:12:01Z,shippingservice,recommendationservice,0,0,0,0,0,0,0
2026-10-04T14:12:01Z,shippingservice,redis-cart,0,0,0,0,0,0,0
2026-10-04T14:12:01Z,shippingservice,shippingservice,0,0,0,0,0,0,0
2026-10-04T14:12:02Z,adservice,adservice,0,0,0,0,0,0,0
2026-10-04T14:12:02Z,adservice,cartservice,0,0,0,0,0,0,0
2026-10-04T14:12:02Z,adservice,checkoutservice,0,0,0,0,0,0,0
2026-10-04T14:12:02Z,adservice,currencyservice,0,0,0,0,0,0,0
2026-10-04T14:12:02Z,adservice,emailservice,0,0,0,0,0,0,0
2026-10-04T14:12:02Z,adservice,frontend,0,0,0,0,0,0,0
2026-10-04T14:12:02Z,adservice,kubernetes,0,0,0,0,0,0,0
2026-10-04T14:12:02Z,adservice,paymentservice,0,0,0,0,0,0,0
2026-10-04T14:12:02Z,adservice,productcatalogservice,0,0,0,0,0,0,0
2026-10-04T14:12:02Z,adservice,recommendationservice,0,0,0,0,0,0,0
2026-10-04T14:12:02Z,adservice,redis-cart,0,0,0,0,0,0,0
2026-10-04T14:12:02Z,adservice,shippingservice,0,0,0,0,0,0,0
2026-10-04T14:12:02Z,cartservice,adservice,0,0,0,0,0,0,0
2026-10-04T14:12:02Z,cartservice,cartservice,0,0,0,0,0,0,0
2026-10-04T14:12:02Z,cartservice,checkoutservice,0,0,0,0,0,0,0
2026-10-04T14:12:02Z,cartservice,currencyservice,0,0,0,0,0,0,0
2026-10-04T14:12:02Z,cartservice,emailservice,0,0,0,0,0,0,0
2026-10-04T14:12:02Z,cartservice,frontend,0,0,0,0,0,0,0
2026-10-04T14:12:02Z,cartservice,kubernetes,0,0,0,0,0,0,0
2026-10-04T14:12:02Z,cartservice,paymentservice,0,0,0,0,0,0,0
2026-10-04T14:12:02Z,cartservice,productcatalogservice,0,0,0,0,0,0,0
2026-10-04T14:12:02Z,cartservice,recommendationservice,0,0,0,0,0,0,0
2026-10-04T14:12:02Z,cartservice,redis-cart,2,0,0,0,0,0,0
2026-10-04T14:12:02Z,cartservice,shippingservice,0,0,0,0,0,0,0
2026-10-04T14:12:02Z,checkoutservice,adservice,0,0,0,0,0,0,0
2026-10-04T14:12:02Z,checkoutservice,cartservice,72217,71286,0,100,0,753792,71283
2026-10-04T14:12:02Z,checkoutservice,checkoutservice,0,0,0,0,0,0,0
2026-10-04T14:12:02Z,checkoutservice,currencyservice,47506,47506,0,0,0,592214,47506
2026-10-04T14:12:02Z,checkoutservice,emailservice,18744,18454,0,66,0,589861,18451
2026-10-04T14:12:02Z,checkoutservice,frontend,0,0,0,0,0,0,0
2026-10-04T14:12:02Z,checkoutservice,kubernetes,0,0,0,0,0,0,0
2026-10-04T14:12:02Z,checkoutservice,paymentservice,40772,38924,0,192,0,466351,38774
2026-10-04T14:12:02Z,checkoutservice,productcatalogservice,0,0,0,0,0,0,0
2026-10-04T14:12:02Z,checkoutservice,recommendationservice,0,0,0,0,0,0,0
2026-10-04T14:12:02Z,checkoutservice,redis-cart,0,0,0,0,0,0,0
2026-10-04T14:12:02Z,checkoutservice,shippingservice,77528,75425,0,154,0,537573,75421
2026-10-04T14:12:02Z,currencyservice,adservice,0,0,0,0,0,0,0
2026-10-04T14:12:02Z,currencyservice,cartservice,0,0,0,0,0,0,0
2026-10-04T14:12:02Z,currencyservice,checkoutservice,0,0,0,0,0,0,0
2026-10-04T14:12:02Z,currencyservice,currencyservice,0,0,0,0,0,0,0
2026-10-04T14:12:02Z,currencyservice,emailservice,0,0,0,0,0,0,0
2026-10-04T14:12:02Z,currencyservice,frontend,0,0,0,0,0,0,0
2026-10-04T14:12:02Z,currencyservice,kubernetes,0,0,0,0,0,0,0
2026-10-04T14:12:02Z,currencyservice,paymentservice,0,0,0,0,0,0,0
2026-10-04T14:12:02Z,currencyservice,productcatalogservice,0,0,0,0,0,0,0
2026-10-04T14:12:02Z,currencyservice,recommendationservice,0,0,0,0,0,0,0
2026-10-04T14:12:02Z,currencyservice,redis-cart,0,0,0,0,0,0,0
2026-10-04T14:12:02Z,currencyservice,shippingservice,0,0,0,0,0,0,0
2026-10-04T14:12:02Z,emailservice,adservice,0,0,0,0,0,0,0
2026-10-04T14:12:02Z,emailservice,cartservice,0,0,0,0,0,0,0
2026-10-04T14:12:02Z,emailservice,checkoutservice,0,0,0,0,0,0,0
2026-10-04T14:12:02Z,emailservice,currencyservice,0,0,0,0,0,0,0
2026-10-04T14:12:02Z,emailservice,emailservice,0,0,0,0,0,0,0
2026-10-04T14:12:02Z,emailservice,frontend,0,0,0,0,0,0,0
2026-10-04T14:12:02Z,emailservice,kubernetes,0,0,0,0,0,0,0
2026-10-04T14:12:02Z,emailservice,paymentservice,0,0,0,0,0,0,0
2026-10-04T14:12:02Z,emailservice,productcatalogservice,0,0,0,0,0,0,0
2026-10-04T14:12:02Z,emailservice,recommendationservice,0,0,0,0,0,0,0
2026-10-04T14:12:02Z,emailservice,redis-cart,0,0,0,0,0,0,0
2026-10-04T14:12:02Z,emailservice,shippingservice,0,0,0,0,0,0,0
2026-10-04T14:12:02Z,frontend,adservice,864986,864984,0,0,0,2602685,864465
2026-10-04T14:12:02Z,frontend,cartservice,1938922,1938905,0,0,4,10679269,1937430
2026-10-04T14:12:02Z,frontend,checkoutservice,406507,196536,0,40061,169948,63426447,196301
2026-10-04T14:12:02Z,frontend,currencyservice,3080658,3080643,0,0,0,16124682,3078232
2026-10-04T14:12:02Z,frontend,emailservice,0,0,0,0,0,0,0
2026-10-04T14:12:02Z,frontend,frontend,0,0,0,0,0,0,0
2026-10-04T14:12:02Z,frontend,kubernetes,0,0,0,0,0,0,0
2026-10-04T14:12:02Z,frontend,paymentservice,0,0,0,0,0,0,0
2026-10-04T14:12:02Z,frontend,productcatalogservice,8604865,8604797,0,0,0,58626780,8598853
2026-10-04T14:12:02Z,frontend,recommendationservice,2841722,1711740,0,119187,1008258,866913131,1710432
2026-10-04T14:12:02Z,frontend,redis-cart,0,0,0,0,0,0,0
2026-10-04T14:12:02Z,frontend,shippingservice,317093,317091,0,0,0,956356,316875
2026-10-04T14:12:02Z,paymentservice,adservice,0,0,0,0,0,0,0
2026-10-04T14:12:02Z,paymentservice,cartservice,0,0,0,0,0,0,0
2026-10-04T14:12:02Z,paymentservice,checkoutservice,0,0,0,0,0,0,0
2026-10-04T14:12:02Z,paymentservice,currencyservice,0,0,0,0,0,0,0
2026-10-04T14:12:02Z,paymentservice,emailservice,0,0,0,0,0,0,0
2026-10-04T14:12:02Z,paymentservice,frontend,0,0,0,0,0,0,0
2026-10-04T14:12:02Z,paymentservice,kubernetes,0,0,0,0,0,0,0
2026-10-04T14:12:02Z,paymentservice,paymentservice,0,0,0,0,0,0,0
2026-10-04T14:12:02Z,paymentservice,productcatalogservice,0,0,0,0,0,0,0
2026-10-04T14:12:02Z,paymentservice,recommendationservice,0,0,0,0,0,0,0
2026-10-04T14:12:02Z,paymentservice,redis-cart,0,0,0,0,0,0,0
2026-10-04T14:12:02Z,paymentservice,shippingservice,0,0,0,0,0,0,0
2026-10-04T14:12:02Z,productcatalogservice,adservice,0,0,0,0,0,0,0
2026-10-04T14:12:02Z,productcatalogservice,cartservice,0,0,0,0,0,0,0
2026-10-04T14:12:02Z,productcatalogservice,checkoutservice,0,0,0,0,0,0,0
2026-10-04T14:12:02Z,productcatalogservice,currencyservice,0,0,0,0,0,0,0
2026-10-04T14:12:02Z,productcatalogservice,emailservice,0,0,0,0,0,0,0
2026-10-04T14:12:02Z,productcatalogservice,frontend,0,0,0,0,0,0,0
2026-10-04T14:12:02Z,productcatalogservice,kubernetes,0,0,0,0,0,0,0
2026-10-04T14:12:02Z,productcatalogservice,paymentservice,0,0,0,0,0,0,0
2026-10-04T14:12:02Z,productcatalogservice,productcatalogservice,0,0,0,0,0,0,0
2026-10-04T14:12:02Z,productcatalogservice,recommendationservice,0,0,0,0,0,0,0
2026-10-04T14:12:02Z,productcatalogservice,redis-cart,0,0,0,0,0,0,0
2026-10-04T14:12:02Z,productcatalogservice,shippingservice,0,0,0,0,0,0,0
2026-10-04T14:12:02Z,recommendationservice,adservice,0,0,0,0,0,0,0
2026-10-04T14:12:02Z,recommendationservice,cartservice,0,0,0,0,0,0,0
2026-10-04T14:12:02Z,recommendationservice,checkoutservice,0,0,0,0,0,0,0
2026-10-04T14:12:02Z,recommendationservice,currencyservice,0,0,0,0,0,0,0
2026-10-04T14:12:02Z,recommendationservice,emailservice,0,0,0,0,0,0,0
2026-10-04T14:12:02Z,recommendationservice,frontend,0,0,0,0,0,0,0
2026-10-04T14:12:02Z,recommendationservice,kubernetes,0,0,0,0,0,0,0
2026-10-04T14:12:02Z,recommendationservice,paymentservice,0,0,0,0,0,0,0
2026-10-04T14:12:02Z,recommendationservice,productcatalogservice,212538,212537,0,0,0,1385651,211705
2026-10-04T14:12:02Z,recommendationservice,recommendationservice,0,0,0,0,0,0,0
2026-10-04T14:12:02Z,recommendationservice,redis-cart,0,0,0,0,0,0,0
2026-10-04T14:12:02Z,recommendationservice,shippingservice,0,0,0,0,0,0,0
2026-10-04T14:12:02Z,redis-cart,adservice,0,0,0,0,0,0,0
2026-10-04T14:12:02Z,redis-cart,cartservice,0,0,0,0,0,0,0
2026-10-04T14:12:02Z,redis-cart,checkoutservice,0,0,0,0,0,0,0
2026-10-04T14:12:02Z,redis-cart,currencyservice,0,0,0,0,0,0,0
2026-10-04T14:12:02Z,redis-cart,emailservice,0,0,0,0,0,0,0
2026-10-04T14:12:02Z,redis-cart,frontend,0,0,0,0,0,0,0
2026-10-04T14:12:02Z,redis-cart,kubernetes,0,0,0,0,0,0,0
2026-10-04T14:12:02Z,redis-cart,paymentservice,0,0,0,0,0,0,0
2026-10-04T14:12:02Z,redis-cart,productcatalogservice,0,0,0,0,0,0,0
2026-10-04T14:12:02Z,redis-cart,recommendationservice,0,0,0,0,0,0,0
2026-10-04T14:12:02Z,redis-cart,redis-cart,0,0,0,0,0,0,0
2026-10-04T14:12:02Z,redis-cart,shippingservice,0,0,0,0,0,0,0
2026-10-04T14:12:02Z,shippingservice,adservice,0,0,0,0,0,0,0
2026-10-04T14:12:02Z,shippingservice,cartservice,0,0,0,0,0,0,0
2026-10-04T14:12:02Z,shippingservice,checkoutservice,0,0,0,0,0,0,0
2026-10-04T14:12:02Z,shippingservice,currencyservice,0,0,0,0,0,0,0
2026-10-04T14:12:02Z,shippingservice,emailservice,0,0,0,0,0,0,0
2026-10-04T14:12:02Z,shippingservice,frontend,0,0,0,0,0,0,0
2026-10-04T14:12:02Z,shippingservice,kubernetes,0,0,0,0,0,0,0
2026-10-04T14:12:02Z,shippingservice,paymentservice,0,0,0,0,0,0,0
2026-10-04T14:12:02Z,shippingservice,productcatalogservice,0,0,0,0,0,0,0
2026-10-04T14:12:02Z,shippingservice,recommendationservice,0,0,0,0,0,0,0
2026-10-04T14:12:02Z,shippingservice,redis-cart,0,0,0,0,0,0,0
2026-10-04T14:12:02Z,shippingservice,shippingservice,0,0,0,0,0,0,0
2026-10-04T14:12:03Z,adservice,adservice,0,0,0,0,0,0,0
2026-10-04T14:12:03Z,adservice,cartservice,0,0,0,0,0,0,0
2026-10-04T14:12:03Z,adservice,checkoutservice,0,0,0,0,0,0,0
2026-10-04T14:12:03Z,adservice,currencyservice,0,0,0,0,0,0,0
2026-10-04T14:12:03Z,adservice,emailservice,0,0,0,0,0,0,0
2026-10-04T14:12:03Z,adservice,frontend,0,0,0,0,0,0,0
2026-10-04T14:12:03Z,adservice,kubernetes,0,0,0,0,0,0,0
2026-10-04T14:12:03Z,adservice,paymentservice,0,0,0,0,0,0,0
2026-10-04T14:12:03Z,adservice,productcatalogservice,0,0,0,0,0,0,0
2026-10-04T14:12:03Z,adservice,recommendationservice,0,0,0,0,0,0,0
2026-10-04T14:12:03Z,adservice,redis-cart,0,0,0,0,0,0,0
2026-10-04T14:12:03Z,adservice,shippingservice,0,0,0,0,0,0,0
2026-10-04T14:12:03Z,cartservice,adservice,0,0,0,0,0,0,0
2026-10-04T14:12:03Z,cartservice,cartservice,0,0,0,0,0,0,0
2026-10-04T14:12:03Z,cartservice,checkoutservice,0,0,0,0,0,0,0
2026-10-04T14:12:03Z,cartservice,currencyservice,0,0,0,0,0,0,0
2026-10-04T14:12:03Z,cartservice,emailservice,0,0,0,0,0,0,0
2026-10-04T14:12:03Z,cartservice,frontend,0,0,0,0,0,0,0
2026-10-04T14:12:03Z,cartservice,kubernetes,0,0,0,0,0,0,0
2026-10-04T14:12:03Z,cartservice,paymentservice,0,0,0,0,0,0,0
2026-10-04T14:12:03Z,cartservice,productcatalogservice,0,0,0,0,0,0,0
2026-10-04T14:12:03Z,cartservice,recommendationservice,0,0,0,0,0,0,0
2026-10-04T14:12:03Z,cartservice,redis-cart,2,0,0,0,0,0,0
2026-10-04T14:12:03Z,cartservice,shippingservice,0,0,0,0,0,0,0
2026-10-04T14:12:03Z,checkoutservice,adservice,0,0,0,0,0,0,0
2026-10-04T14:12:03Z,checkoutservice,cartservice,72341,71409,0,100,0,753792,71283
2026-10-04T14:12:03Z,checkoutservice,checkoutservice,0,0,0,0,0,0,0
2026-10-04T14:12:03Z,checkoutservice,currencyservice,47568,47568,0,0,0,592214,47506
2026-10-04T14:12:03Z,checkoutservice,emailservice,18805,18513,0,66,0,589861,18451
2026-10-04T14:12:03Z,checkoutservice,frontend,0,0,0,0,0,0,0
2026-10-04T14:12:03Z,checkoutservice,kubernetes,0,0,0,0,0,0,0
2026-10-04T14:12:03Z,checkoutservice,paymentservice,40834,38986,0,192,0,466351,38774
2026-10-04T14:12:03Z,checkoutservice,productcatalogservice,0,0,0,0,0,0,0
2026-10-04T14:12:03Z,checkoutservice,recommendationservice,0,0,0,0,0,0,0
2026-10-04T14:12:03Z,checkoutservice,redis-cart,0,0,0,0,0,0,0
2026-10-04T14:12:03Z,checkoutservice,shippingservice,77652,75549,0,154,0,537573,75421
2026-10-04T14:12:03Z,currencyservice,adservice,0,0,0,0,0,0,0
2026-10-04T14:12:03Z,currencyservice,cartservice,0,0,0,0,0,0,0
2026-10-04T14:12:03Z,currencyservice,checkoutservice,0,0,0,0,0,0,0
2026-10-04T14:12:03Z,currencyservice,currencyservice,0,0,0,0,0,0,0
2026-10-04T14:12:03Z,currencyservice,emailservice,0,0,0,0,0,0,0
2026-10-04T14:12:03Z,currencyservice,frontend,0,0,0,0,0,0,0
2026-10-04T14:12:03Z,currencyservice,kubernetes,0,0,0,0,0,0,0
2026-10-04T14:12:03Z,currencyservice,paymentservice,0,0,0,0,0,0,0
2026-10-04T14:12:03Z,currencyservice,productcatalogservice,0,0,0,0,0,0,0
2026-10-04T14:12:03Z,currencyservice,recommendationservice,0,0,0,0,0,0,0
2026-10-04T14:12:03Z,currencyservice,redis-cart,0,0,0,0,0,0,0
2026-10-04T14:12:03Z,currencyservice,shippingservice,0,0,0,0,0,0,0
2026-10-04T14:12:03Z,emailservice,adservice,0,0,0,0,0,0,0
2026-10-04T14:12:03Z,emailservice,cartservice,0,0,0,0,0,0,0
2026-10-04T14:12:03Z,emailservice,checkoutservice,0,0,0,0,0,0,0
2026-10-04T14:12:03Z,emailservice,currencyservice,0,0,0,0,0,0,0
2026-10-04T14:12:03Z,emailservice,emailservice,0,0,0,0,0,0,0
2026-10-04T14:12:03Z,emailservice,frontend,0,0,0,0,0,0,0
2026-10-04T14:12:03Z,emailservice,kubernetes,0,0,0,0,0,0,0
2026-10-04T14:12:03Z,emailservice,paymentservice,0,0,0,0,0,0,0
2026-10-04T14:12:03Z,emailservice,productcatalogservice,0,0,0,0,0,0,0
2026-10-04T14:12:03Z,emailservice,recommendationservice,0,0,0,0,0,0,0
2026-10-04T14:12:03Z,emailservice,redis-cart,0,0,0,0,0,0,0
2026-10-04T14:12:03Z,emailservice,shippingservice,0,0,0,0,0,0,0
2026-10-04T14:12:03Z,frontend,adservice,865158,865156,0,0,0,2603202,864636
2026-10-04T14:12:03Z,frontend,cartservice,1939338,1939324,0,0,4,10681691,1937941
2026-10-04T14:12:03Z,frontend,checkoutservice,406563,196589,0,40061,169948,63437531,196364
2026-10-04T14:12:03Z,frontend,currencyservice,3081317,3081303,0,0,0,16128655,3079055
2026-10-04T14:12:03Z,frontend,emailservice,0,0,0,0,0,0,0
2026-10-04T14:12:03Z,frontend,frontend,0,0,0,0,0,0,0
2026-10-04T14:12:03Z,frontend,kubernetes,0,0,0,0,0,0,0
2026-10-04T14:12:03Z,frontend,paymentservice,0,0,0,0,0,0,0
2026-10-04T14:12:03Z,frontend,productcatalogservice,8606667,8606597,0,0,0,58641567,8600813
2026-10-04T14:12:03Z,frontend,recommendationservice,2842435,1712146,0,119222,1008552,867272971,1710905
2026-10-04T14:12:03Z,frontend,redis-cart,0,0,0,0,0,0,0
2026-10-04T14:12:03Z,frontend,shippingservice,317161,317159,0,0,0,956550,316954
2026-10-04T14:12:03Z,paymentservice,adservice,0,0,0,0,0,0,0
2026-10-04T14:12:03Z,paymentservice,cartservice,0,0,0,0,0,0,0
2026-10-04T14:12:03Z,paymentservice,checkoutservice,0,0,0,0,0,0,0
2026-10-04T14:12:03Z,paymentservice,currencyservice,0,0,0,0,0,0,0
2026-10-04T14:12:03Z,paymentservice,emailservice,0,0,0,0,0,0,0
2026-10-04T14:12:03Z,paymentservice,frontend,0,0,0,0,0,0,0
2026-10-04T14:12:03Z,paymentservice,kubernetes,0,0,0,0,0,0,0
2026-10-04T14:12:03Z,paymentservice,paymentservice,0,0,0,0,0,0,0
2026-10-04T14:12:03Z,paymentservice,productcatalogservice,0,0,0,0,0,0,0
2026-10-04T14:12:03Z,paymentservice,recommendationservice,0,0,0,0,0,0,0
2026-10-04T14:12:03Z,paymentservice,redis-cart,0,0,0,0,0,0,0
2026-10-04T14:12:03Z,paymentservice,shippingservice,0,0,0,0,0,0,0
2026-10-04T14:12:03Z,productcatalogservice,adservice,0,0,0,0,0,0,0
2026-10-04T14:12:03Z,productcatalogservice,cartservice,0,0,0,0,0,0,0
2026-10-04T14:12:03Z,productcatalogservice,checkoutservice,0,0,0,0,0,0,0
2026-10-04T14:12:03Z,productcatalogservice,currencyservice,0,0,0,0,0,0,0
2026-10-04T14:12:03Z,productcatalogservice,emailservice,0,0,0,0,0,0,0
2026-10-04T14:12:03Z,productcatalogservice,frontend,0,0,0,0,0,0,0
2026-10-04T14:12:03Z,productcatalogservice,kubernetes,0,0,0,0,0,0,0
2026-10-04T14:12:03Z,productcatalogservice,paymentservice,0,0,0,0,0,0,0
2026-10-04T14:12:03Z,productcatalogservice,productcatalogservice,0,0,0,0,0,0,0
2026-10-04T14:12:03Z,productcatalogservice,recommendationservice,0,0,0,0,0,0,0
2026-10-04T14:12:03Z,productcatalogservice,redis-cart,0,0,0,0,0,0,0
2026-10-04T14:12:03Z,productcatalogservice,shippingservice,0,0,0,0,0,0,0
2026-10-04T14:12:03Z,recommendationservice,adservice,0,0,0,0,0,0,0
2026-10-04T14:12:03Z,recommendationservice,cartservice,0,0,0,0,0,0,0
2026-10-04T14:12:03Z,recommendationservice,checkoutservice,0,0,0,0,0,0,0
2026-10-04T14:12:03Z,recommendationservice,currencyservice,0,0,0,0,0,0,0
2026-10-04T14:12:03Z,recommendationservice,emailservice,0,0,0,0,0,0,0
2026-10-04T14:12:03Z,recommendationservice,frontend,0,0,0,0,0,0,0
2026-10-04T14:12:03Z,recommendationservice,kubernetes,0,0,0,0,0,0,0
2026-10-04T14:12:03Z,recommendationservice,paymentservice,0,0,0,0,0,0,0
2026-10-04T14:12:03Z,recommendationservice,productcatalogservice,212967,212965,0,0,0,1385651,211705
2026-10-04T14:12:03Z,recommendationservice,recommendationservice,0,0,0,0,0,0,0
2026-10-04T14:12:03Z,recommendationservice,redis-cart,0,0,0,0,0,0,0
2026-10-04T14:12:03Z,recommendationservice,shippingservice,0,0,0,0,0,0,0
2026-10-04T14:12:03Z,redis-cart,adservice,0,0,0,0,0,0,0
2026-10-04T14:12:03Z,redis-cart,cartservice,0,0,0,0,0,0,0
2026-10-04T14:12:03Z,redis-cart,checkoutservice,0,0,0,0,0,0,0
2026-10-04T14:12:03Z,redis-cart,currencyservice,0,0,0,0,0,0,0
2026-10-04T14:12:03Z,redis-cart,emailservice,0,0,0,0,0,0,0
2026-10-04T14:12:03Z,redis-cart,frontend,0,0,0,0,0,0,0
2026-10-04T14:12:03Z,redis-cart,kubernetes,0,0,0,0,0,0,0
2026-10-04T14:12:03Z,redis-cart,paymentservice,0,0,0,0,0,0,0
2026-10-04T14:12:03Z,redis-cart,productcatalogservice,0,0,0,0,0,0,0
2026-10-04T14:12:03Z,redis-cart,recommendationservice,0,0,0,0,0,0,0
2026-10-04T14:12:03Z,redis-cart,redis-cart,0,0,0,0,0,0,0
2026-10-04T14:12:03Z,redis-cart,shippingservice,0,0,0,0,0,0,0
2026-10-04T14:12:03Z,shippingservice,adservice,0,0,0,0,0,0,0
2026-10-04T14:12:03Z,shippingservice,cartservice,0,0,0,0,0,0,0
2026-10-04T14:12:03Z,shippingservice,checkoutservice,0,0,0,0,0,0,0
2026-10-04T14:12:03Z,shippingservice,currencyservice,0,0,0,0,0,0,0
2026-10-04T14:12:03Z,shippingservice,emailservice,0,0,0,0,0,0,0
2026-10-04T14:12:03Z,shippingservice,frontend,0,0,0,0,0,0,0
2026-10-04T14:12:03Z,shippingservice,kubernetes,0,0,0,0,0,0,0
2026-10-04T14:12:03Z,shippingservice,paymentservice,0,0,0,0,0,0,0
2026-10-04T14:12:03Z,shippingservice,productcatalogservice,0,0,0,0,0,0,0
2026-10-04T14:12:03Z,shippingservice,recommendationservice,0,0,0,0,0,0,0
2026-10-04T14:12:03Z,shippingservice,redis-cart,0,0,0,0,0,0,0
2026-10-04T14:12:03Z,shippingservice,shippingservice,0,0,0,0,0,0,0
2026-10-04T14:12:04Z,adservice,adservice,0,0,0,0,0,0,0
2026-10-04T14:12:04Z,adservice,cartservice,0,0,0,0,0,0,0
2026-10-04T14:12:04Z,adservice,checkoutservice,0,0,0,0,0,0,0
2026-10-04T14:12:04Z,adservice,currencyservice,0,0,0,0,0,0,0
2026-10-04T14:12:04Z,adservice,emailservice,0,0,0,0,0,0,0
2026-10-04T14:12:04Z,adservice,frontend,0,0,0,0,0,0,0
2026-10-04T14:12:04Z,adservice,kubernetes,0,0,0,0,0,0,0
2026-10-04T14:12:04Z,adservice,paymentservice,0,0,0,0,0,0,0
2026-10-04T14:12:04Z,adservice,productcatalogservice,0,0,0,0,0,0,0
2026-10-04T14:12:04Z,adservice,recommendationservice,0,0,0,0,0,0,0
2026-10-04T14:12:04Z,adservice,redis-cart,0,0,0,0,0,0,0
2026-10-04T14:12:04Z,adservice,shippingservice,0,0,0,0,0,0,0
2026-10-04T14:12:04Z,cartservice,adservice,0,0,0,0,0,0,0
2026-10-04T14:12:04Z,cartservice,cartservice,0,0,0,0,0,0,0
2026-10-04T14:12:04Z,cartservice,checkoutservice,0,0,0,0,0,0,0
2026-10-04T14:12:04Z,cartservice,currencyservice,0,0,0,0,0,0,0
2026-10-04T14:12:04Z,cartservice,emailservice,0,0,0,0,0,0,0
2026-10-04T14:12:04Z,cartservice,frontend,0,0,0,0,0,0,0
2026-10-04T14:12:04Z,cartservice,kubernetes,0,0,0,0,0,0,0
2026-10-04T14:12:04Z,cartservice,paymentservice,0,0,0,0,0,0,0
2026-10-04T14:12:04Z,cartservice,productcatalogservice,0,0,0,0,0,0,0
2026-10-04T14:12:04Z,cartservice,recommendationservice,0,0,0,0,0,0,0
2026-10-04T14:12:04Z,cartservice,redis-cart,2,0,0,0,0,0,0
2026-10-04T14:12:04Z,cartservice,shippingservice,0,0,0,0,0,0,0
2026-10-04T14:12:04Z,checkoutservice,adservice,0,0,0,0,0,0,0
2026-10-04T14:12:04Z,checkoutservice,cartservice,72459,71528,0,100,0,753792,71283
2026-10-04T14:12:04Z,checkoutservice,checkoutservice,0,0,0,0,0,0,0
2026-10-04T14:12:04Z,checkoutservice,currencyservice,47628,47627,0,0,0,592214,47506
2026-10-04T14:12:04Z,checkoutservice,emailservice,18858,18568,0,66,0,589861,18451
2026-10-04T14:12:04Z,checkoutservice,frontend,0,0,0,0,0,0,0
2026-10-04T14:12:04Z,checkoutservice,kubernetes,0,0,0,0,0,0,0
2026-10-04T14:12:04Z,checkoutservice,paymentservice,40889,39041,0,192,0,466351,38774
2026-10-04T14:12:04Z,checkoutservice,productcatalogservice,0,0,0,0,0,0,0
2026-10-04T14:12:04Z,checkoutservice,recommendationservice,0,0,0,0,0,0,0
2026-10-04T14:12:04Z,checkoutservice,redis-cart,0,0,0,0,0,0,0
2026-10-04T14:12:04Z,checkoutservice,shippingservice,77766,75663,0,154,0,537573,75421
2026-10-04T14:12:04Z,currencyservice,adservice,0,0,0,0,0,0,0
2026-10-04T14:12:04Z,currencyservice,cartservice,0,0,0,0,0,0,0
2026-10-04T14:12:04Z,currencyservice,checkoutservice,0,0,0,0,0,0,0
2026-10-04T14:12:04Z,currencyservice,currencyservice,0,0,0,0,0,0,0
2026-10-04T14:12:04Z,currencyservice,emailservice,0,0,0,0,0,0,0
2026-10-04T14:12:04Z,currencyservice,frontend,0,0,0,0,0,0,0
2026-10-04T14:12:04Z,currencyservice,kubernetes,0,0,0,0,0,0,0
2026-10-04T14:12:04Z,currencyservice,paymentservice,0,0,0,0,0,0,0
2026-10-04T14:12:04Z,currencyservice,productcatalogservice,0,0,0,0,0,0,0
2026-10-04T14:12:04Z,currencyservice,recommendationservice,0,0,0,0,0,0,0
2026-10-04T14:12:04Z,currencyservice,redis-cart,0,0,0,0,0,0,0
2026-10-04T14:12:04Z,currencyservice,shippingservice,0,0,0,0,0,0,0
2026-10-04T14:12:04Z,emailservice,adservice,0,0,0,0,0,0,0
2026-10-04T14:12:04Z,emailservice,cartservice,0,0,0,0,0,0,0
2026-10-04T14:12:04Z,emailservice,checkoutservice,0,0,0,0,0,0,0
2026-10-04T14:12:04Z,emailservice,currencyservice,0,0,0,0,0,0,0
2026-10-04T14:12:04Z,emailservice,emailservice,0,0,0,0,0,0,0
2026-10-04T14:12:04Z,emailservice,frontend,0,0,0,0,0,0,0
2026-10-04T14:12:04Z,emailservice,kubernetes,0,0,0,0,0,0,0
2026-10-04T14:12:04Z,emailservice,paymentservice,0,0,0,0,0,0,0
2026-10-04T14:12:04Z,emailservice,productcatalogservice,0,0,0,0,0,0,0
2026-10-04T14:12:04Z,emailservice,recommendationservice,0,0,0,0,0,0,0
2026-10-04T14:12:04Z,emailservice,redis-cart,0,0,0,0,0,0,0
2026-10-04T14:12:04Z,emailservice,shippingservice,0,0,0,0,0,0,0
2026-10-04T14:12:04Z,frontend,adservice,865341,865337,0,0,0,2604518,865078
2026-10-04T14:12:04Z,frontend,cartservice,1939751,1939736,0,0,4,10686935,1939056
2026-10-04T14:12:04Z,frontend,checkoutservice,406637,196662,0,40061,169948,63463710,196540
2026-10-04T14:12:04Z,frontend,currencyservice,3082025,3082013,0,0,0,16136402,3080867
2026-10-04T14:12:04Z,frontend,emailservice,0,0,0,0,0,0,0
2026-10-04T14:12:04Z,frontend,frontend,0,0,0,0,0,0,0
2026-10-04T14:12:04Z,frontend,kubernetes,0,0,0,0,0,0,0
2026-10-04T14:12:04Z,frontend,paymentservice,0,0,0,0,0,0,0
2026-10-04T14:12:04Z,frontend,productcatalogservice,8608663,8608572,0,0,0,58667717,8605608
2026-10-04T14:12:04Z,frontend,recommendationservice,2843122,1712562,0,119250,1008806,868029531,1711941
2026-10-04T14:12:04Z,frontend,redis-cart,0,0,0,0,0,0,0
2026-10-04T14:12:04Z,frontend,shippingservice,317221,317219,0,0,0,956935,317118
2026-10-04T14:12:04Z,paymentservice,adservice,0,0,0,0,0,0,0
2026-10-04T14:12:04Z,paymentservice,cartservice,0,0,0,0,0,0,0
2026-10-04T14:12:04Z,paymentservice,checkoutservice,0,0,0,0,0,0,0
2026-10-04T14:12:04Z,paymentservice,currencyservice,0,0,0,0,0,0,0
2026-10-04T14:12:04Z,paymentservice,emailservice,0,0,0,0,0,0,0
2026-10-04T14:12:04Z,paymentservice,frontend,0,0,0,0,0,0,0
2026-10-04T14:12:04Z,paymentservice,kubernetes,0,0,0,0,0,0,0
2026-10-04T14:12:04Z,paymentservice,paymentservice,0,0,0,0,0,0,0
2026-10-04T14:12:04Z,paymentservice,productcatalogservice,0,0,0,0,0,0,0
2026-10-04T14:12:04Z,paymentservice,recommendationservice,0,0,0,0,0,0,0
2026-10-04T14:12:04Z,paymentservice,redis-cart,0,0,0,0,0,0,0
2026-10-04T14:12:04Z,paymentservice,shippingservice,0,0,0,0,0,0,0
2026-10-04T14:12:04Z,productcatalogservice,adservice,0,0,0,0,0,0,0
2026-10-04T14:12:04Z,productcatalogservice,cartservice,0,0,0,0,0,0,0
2026-10-04T14:12:04Z,productcatalogservice,checkoutservice,0,0,0,0,0,0,0
2026-10-04T14:12:04Z,productcatalogservice,currencyservice,0,0,0,0,0,0,0
2026-10-04T14:12:04Z,productcatalogservice,emailservice,0,0,0,0,0,0,0
2026-10-04T14:12:04Z,productcatalogservice,frontend,0,0,0,0,0,0,0
2026-10-04T14:12:04Z,productcatalogservice,kubernetes,0,0,0,0,0,0,0
2026-10-04T14:12:04Z,productcatalogservice,paymentservice,0,0,0,0,0,0,0
2026-10-04T14:12:04Z,productcatalogservice,productcatalogservice,0,0,0,0,0,0,0
2026-10-04T14:12:04Z,productcatalogservice,recommendationservice,0,0,0,0,0,0,0
2026-10-04T14:12:04Z,productcatalogservice,redis-cart,0,0,0,0,0,0,0
2026-10-04T14:12:04Z,productcatalogservice,shippingservice,0,0,0,0,0,0,0
2026-10-04T14:12:04Z,recommendationservice,adservice,0,0,0,0,0,0,0
2026-10-04T14:12:04Z,recommendationservice,cartservice,0,0,0,0,0,0,0
2026-10-04T14:12:04Z,recommendationservice,checkoutservice,0,0,0,0,0,0,0
2026-10-04T14:12:04Z,recommendationservice,currencyservice,0,0,0,0,0,0,0
2026-10-04T14:12:04Z,recommendationservice,emailservice,0,0,0,0,0,0,0
2026-10-04T14:12:04Z,recommendationservice,frontend,0,0,0,0,0,0,0
2026-10-04T14:12:04Z,recommendationservice,kubernetes,0,0,0,0,0,0,0
2026-10-04T14:12:04Z,recommendationservice,paymentservice,0,0,0,0,0,0,0
2026-10-04T14:12:04Z,recommendationservice,productcatalogservice,213437,213430,0,0,0,1385651,211705
2026-10-04T14:12:04Z,recommendationservice,recommendationservice,0,0,0,0,0,0,0
2026-10-04T14:12:04Z,recommendationservice,redis-cart,0,0,0,0,0,0,0
2026-10-04T14:12:04Z,recommendationservice,shippingservice,0,0,0,0,0,0,0
2026-10-04T14:12:04Z,redis-cart,adservice,0,0,0,0,0,0,0
2026-10-04T14:12:04Z,redis-cart,cartservice,0,0,0,0,0,0,0
2026-10-04T14:12:04Z,redis-cart,checkoutservice,0,0,0,0,0,0,0
2026-10-04T14:12:04Z,redis-cart,currencyservice,0,0,0,0,0,0,0
2026-10-04T14:12:04Z,redis-cart,emailservice,0,0,0,0,0,0,0
2026-10-04T14:12:04Z,redis-cart,frontend,0,0,0,0,0,0,0
2026-10-04T14:12:04Z,redis-cart,kubernetes,0,0,0,0,0,0,0
2026-10-04T14:12:04Z,redis-cart,paymentservice,0,0,0,0,0,0,0
2026-10-04T14:12:04Z,redis-cart,productcatalogservice,0,0,0,0,0,0,0
2026-10-04T14:12:04Z,redis-cart,recommendationservice,0,0,0,0,0,0,0
2026-10-04T14:12:04Z,redis-cart,redis-cart,0,0,0,0,0,0,0
2026-10-04T14:12:04Z,redis-cart,shippingservice,0,0,0,0,0,0,0
2026-10-04T14:12:04Z,shippingservice,adservice,0,0,0,0,0,0,0
2026-10-04T14:12:04Z,shippingservice,cartservice,0,0,0,0,0,0,0
2026-10-04T14:12:04Z,shippingservice,checkoutservice,0,0,0,0,0,0,0
2026-10-04T14:12:04Z,shippingservice,currencyservice,0,0,0,0,0,0,0
2026-10-04T14:12:04Z,shippingservice,emailservice,0,0,0,0,0,0,0
2026-10-04T14:12:04Z,shippingservice,frontend,0,0,0,0,0,0,0
2026-10-04T14:12:04Z,shippingservice,kubernetes,0,0,0,0,0,0,0
2026-10-04T14:12:04Z,shippingservice,paymentservice,0,0,0,0,0,0,0
2026-10-04T14:12:04Z,shippingservice,productcatalogservice,0,0,0,0,0,0,0
2026-10-04T14:12:04Z,shippingservice,recommendationservice,0,0,0,0,0,0,0
2026-10-04T14:12:04Z,shippingservice,redis-cart,0,0,0,0,0,0,0
2026-10-04T14:12:04Z,shippingservice,shippingservice,0,0,0,0,0,0,0
2026-10-04T14:12:05Z,adservice,adservice,0,0,0,0,0,0,0
2026-10-04T14:12:05Z,adservice,cartservice,0,0,0,0,0,0,0
2026-10-04T14:12:05Z,adservice,checkoutservice,0,0,0,0,0,0,0
2026-10-04T14:12:05Z,adservice,currencyservice,0,0,0,0,0,0,0
2026-10-04T14:12:05Z,adservice,emailservice,0,0,0,0,0,0,0
2026-10-04T14:12:05Z,adservice,frontend,0,0,0,0,0,0,0
2026-10-04T14:12:05Z,adservice,kubernetes,0,0,0,0,0,0,0
2026-10-04T14:12:05Z,adservice,paymentservice,0,0,0,0,0,0,0
2026-10-04T14:12:05Z,adservice,productcatalogservice,0,0,0,0,0,0,0
2026-10-04T14:12:05Z,adservice,recommendationservice,0,0,0,0,0,0,0
2026-10-04T14:12:05Z,adservice,redis-cart,0,0,0,0,0,0,0
2026-10-04T14:12:05Z,adservice,shippingservice,0,0,0,0,0,0,0
2026-10-04T14:12:05Z,cartservice,adservice,0,0,0,0,0,0,0
2026-10-04T14:12:05Z,cartservice,cartservice,0,0,0,0,0,0,0
2026-10-04T14:12:05Z,cartservice,checkoutservice,0,0,0,0,0,0,0
2026-10-04T14:12:05Z,cartservice,currencyservice,0,0,0,0,0,0,0
2026-10-04T14:12:05Z,cartservice,emailservice,0,0,0,0,0,0,0
2026-10-04T14:12:05Z,cartservice,frontend,0,0,0,0,0,0,0
2026-10-04T14:12:05Z,cartservice,kubernetes,0,0,0,0,0,0,0
2026-10-04T14:12:05Z,cartservice,paymentservice,0,0,0,0,0,0,0
2026-10-04T14:12:05Z,cartservice,productcatalogservice,0,0,0,0,0,0,0
2026-10-04T14:12:05Z,cartservice,recommendationservice,0,0,0,0,0,0,0
2026-10-04T14:12:05Z,cartservice,redis-cart,2,0,0,0,0,0,0
2026-10-04T14:12:05Z,cartservice,shippingservice,0,0,0,0,0,0,0
2026-10-04T14:12:05Z,checkoutservice,adservice,0,0,0,0,0,0,0
2026-10-04T14:12:05Z,checkoutservice,cartservice,72595,71661,0,100,0,753792,71283
2026-10-04T14:12:05Z,checkoutservice,checkoutservice,0,0,0,0,0,0,0
2026-10-04T14:12:05Z,checkoutservice,currencyservice,47693,47693,0,0,0,592214,47506
2026-10-04T14:12:05Z,checkoutservice,emailservice,18930,18640,0,66,0,589861,18451
2026-10-04T14:12:05Z,checkoutservice,frontend,0,0,0,0,0,0,0
2026-10-04T14:12:05Z,checkoutservice,kubernetes,0,0,0,0,0,0,0
2026-10-04T14:12:05Z,checkoutservice,paymentservice,40959,39110,0,192,0,466351,38774
2026-10-04T14:12:05Z,checkoutservice,productcatalogservice,0,0,0,0,0,0,0
2026-10-04T14:12:05Z,checkoutservice,recommendationservice,0,0,0,0,0,0,0
2026-10-04T14:12:05Z,checkoutservice,redis-cart,0,0,0,0,0,0,0
2026-10-04T14:12:05Z,checkoutservice,shippingservice,77903,75798,0,154,0,537573,75421
2026-10-04T14:12:05Z,currencyservice,adservice,0,0,0,0,0,0,0
2026-10-04T14:12:05Z,currencyservice,cartservice,0,0,0,0,0,0,0
2026-10-04T14:12:05Z,currencyservice,checkoutservice,0,0,0,0,0,0,0
2026-10-04T14:12:05Z,currencyservice,currencyservice,0,0,0,0,0,0,0
2026-10-04T14:12:05Z,currencyservice,emailservice,0,0,0,0,0,0,0
2026-10-04T14:12:05Z,currencyservice,frontend,0,0,0,0,0,0,0
2026-10-04T14:12:05Z,currencyservice,kubernetes,0,0,0,0,0,0,0
2026-10-04T14:12:05Z,currencyservice,paymentservice,0,0,0,0,0,0,0
2026-10-04T14:12:05Z,currencyservice,productcatalogservice,0,0,0,0,0,0,0
2026-10-04T14:12:05Z,currencyservice,recommendationservice,0,0,0,0,0,0,0
2026-10-04T14:12:05Z,currencyservice,redis-cart,0,0,0,0,0,0,0
2026-10-04T14:12:05Z,currencyservice,shippingservice,0,0,0,0,0,0,0
2026-10-04T14:12:05Z,emailservice,adservice,0,0,0,0,0,0,0
2026-10-04T14:12:05Z,emailservice,cartservice,0,0,0,0,0,0,0
2026-10-04T14:12:05Z,emailservice,checkoutservice,0,0,0,0,0,0,0
2026-10-04T14:12:05Z,emailservice,currencyservice,0,0,0,0,0,0,0
2026-10-04T14:12:05Z,emailservice,emailservice,0,0,0,0,0,0,0
2026-10-04T14:12:05Z,emailservice,frontend,0,0,0,0,0,0,0
2026-10-04T14:12:05Z,emailservice,kubernetes,0,0,0,0,0,0,0
2026-10-04T14:12:05Z,emailservice,paymentservice,0,0,0,0,0,0,0
2026-10-04T14:12:05Z,emailservice,productcatalogservice,0,0,0,0,0,0,0
2026-10-04T14:12:05Z,emailservice,recommendationservice,0,0,0,0,0,0,0
2026-10-04T14:12:05Z,emailservice,redis-cart,0,0,0,0,0,0,0
2026-10-04T14:12:05Z,emailservice,shippingservice,0,0,0,0,0,0,0
2026-10-04T14:12:05Z,frontend,adservice,865525,865522,0,0,0,2604836,865218
2026-10-04T14:12:05Z,frontend,cartservice,1940156,1940142,0,0,4,10688831,1939439
2026-10-04T14:12:05Z,frontend,checkoutservice,406696,196712,0,40061,169948,63473358,196606
2026-10-04T14:12:05Z,frontend,currencyservice,3082672,3082659,0,0,0,16139106,3081506
2026-10-04T14:12:05Z,frontend,emailservice,0,0,0,0,0,0,0
2026-10-04T14:12:05Z,frontend,frontend,0,0,0,0,0,0,0
2026-10-04T14:12:05Z,frontend,kubernetes,0,0,0,0,0,0,0
2026-10-04T14:12:05Z,frontend,paymentservice,0,0,0,0,0,0,0
2026-10-04T14:12:05Z,frontend,productcatalogservice,8610403,8610329,0,0,0,58679139,8607249
2026-10-04T14:12:05Z,frontend,recommendationservice,2843784,1712904,0,119279,1009076,868309716,1712294
2026-10-04T14:12:05Z,frontend,redis-cart,0,0,0,0,0,0,0
2026-10-04T14:12:05Z,frontend,shippingservice,317278,317276,0,0,0,957088,317179
2026-10-04T14:12:05Z,paymentservice,adservice,0,0,0,0,0,0,0
2026-10-04T14:12:05Z,paymentservice,cartservice,0,0,0,0,0,0,0
2026-10-04T14:12:05Z,paymentservice,checkoutservice,0,0,0,0,0,0,0
2026-10-04T14:12:05Z,paymentservice,currencyservice,0,0,0,0,0,0,0
2026-10-04T14:12:05Z,paymentservice,emailservice,0,0,0,0,0,0,0
2026-10-04T14:12:05Z,paymentservice,frontend,0,0,0,0,0,0,0
2026-10-04T14:12:05Z,paymentservice,kubernetes,0,0,0,0,0,0,0
2026-10-04T14:12:05Z,paymentservice,paymentservice,0,0,0,0,0,0,0
2026-10-04T14:12:05Z,paymentservice,productcatalogservice,0,0,0,0,0,0,0
2026-10-04T14:12:05Z,paymentservice,recommendationservice,0,0,0,0,0,0,0
2026-10-04T14:12:05Z,paymentservice,redis-cart,0,0,0,0,0,0,0
2026-10-04T14:12:05Z,paymentservice,shippingservice,0,0,0,0,0,0,0
2026-10-04T14:12:05Z,productcatalogservice,adservice,0,0,0,0,0,0,0
2026-10-04T14:12:05Z,productcatalogservice,cartservice,0,0,0,0,0,0,0
2026-10-04T14:12:05Z,productcatalogservice,checkoutservice,0,0,0,0,0,0,0
2026-10-04T14:12:05Z,productcatalogservice,currencyservice,0,0,0,0,0,0,0
2026-10-04T14:12:05Z,productcatalogservice,emailservice,0,0,0,0,0,0,0
2026-10-04T14:12:05Z,productcatalogservice,frontend,0,0,0,0,0,0,0
2026-10-04T14:12:05Z,productcatalogservice,kubernetes,0,0,0,0,0,0,0
2026-10-04T14:12:05Z,productcatalogservice,paymentservice,0,0,0,0,0,0,0
2026-10-04T14:12:05Z,productcatalogservice,productcatalogservice,0,0,0,0,0,0,0
2026-10-04T14:12:05Z,productcatalogservice,recommendationservice,0,0,0,0,0,0,0
2026-10-04T14:12:05Z,productcatalogservice,redis-cart,0,0,0,0,0,0,0
2026-10-04T14:12:05Z,productcatalogservice,shippingservice,0,0,0,0,0,0,0
2026-10-04T14:12:05Z,recommendationservice,adservice,0,0,0,0,0,0,0
2026-10-04T14:12:05Z,recommendationservice,cartservice,0,0,0,0,0,0,0
2026-10-04T14:12:05Z,recommendationservice,checkoutservice,0,0,0,0,0,0,0
2026-10-04T14:12:05Z,recommendationservice,currencyservice,0,0,0,0,0,0,0
2026-10-04T14:12:05Z,recommendationservice,emailservice,0,0,0,0,0,0,0
2026-10-04T14:12:05Z,recommendationservice,frontend,0,0,0,0,0,0,0
2026-10-04T14:12:05Z,recommendationservice,kubernetes,0,0,0,0,0,0,0
2026-10-04T14:12:05Z,recommendationservice,paymentservice,0,0,0,0,0,0,0
2026-10-04T14:12:05Z,recommendationservice,productcatalogservice,213906,213901,0,0,0,1398787,213895
2026-10-04T14:12:05Z,recommendationservice,recommendationservice,0,0,0,0,0,0,0
2026-10-04T14:12:05Z,recommendationservice,redis-cart,0,0,0,0,0,0,0
2026-10-04T14:12:05Z,recommendationservice,shippingservice,0,0,0,0,0,0,0
2026-10-04T14:12:05Z,redis-cart,adservice,0,0,0,0,0,0,0
2026-10-04T14:12:05Z,redis-cart,cartservice,0,0,0,0,0,0,0
2026-10-04T14:12:05Z,redis-cart,checkoutservice,0,0,0,0,0,0,0
2026-10-04T14:12:05Z,redis-cart,currencyservice,0,0,0,0,0,0,0
2026-10-04T14:12:05Z,redis-cart,emailservice,0,0,0,0,0,0,0
2026-10-04T14:12:05Z,redis-cart,frontend,0,0,0,0,0,0,0
2026-10-04T14:12:05Z,redis-cart,kubernetes,0,0,0,0,0,0,0
2026-10-04T14:12:05Z,redis-cart,paymentservice,0,0,0,0,0,0,0
2026-10-04T14:12:05Z,redis-cart,productcatalogservice,0,0,0,0,0,0,0
2026-10-04T14:12:05Z,redis-cart,recommendationservice,0,0,0,0,0,0,0
2026-10-04T14:12:05Z,redis-cart,redis-cart,0,0,0,0,0,0,0
2026-10-04T14:12:05Z,redis-cart,shippingservice,0,0,0,0,0,0,0
2026-10-04T14:12:05Z,shippingservice,adservice,0,0,0,0,0,0,0
2026-10-04T14:12:05Z,shippingservice,cartservice,0,0,0,0,0,0,0
2026-10-04T14:12:05Z,shippingservice,checkoutservice,0,0,0,0,0,0,0
2026-10-04T14:12:05Z,shippingservice,currencyservice,0,0,0,0,0,0,0
2026-10-04T14:12:05Z,shippingservice,emailservice,0,0,0,0,0,0,0
2026-10-04T14:12:05Z,shippingservice,frontend,0,0,0,0,0,0,0
2026-10-04T14:12:05Z,shippingservice,kubernetes,0,0,0,0,0,0,0
2026-10-04T14:12:05Z,shippingservice,paymentservice,0,0,0,0,0,0,0
2026-10-04T14:12:05Z,shippingservice,productcatalogservice,0,0,0,0,0,0,0
2026-10-04T14:12:05Z,shippingservice,recommendationservice,0,0,0,0,0,0,0
2026-10-04T14:12:05Z,shippingservice,redis-cart,0,0,0,0,0,0,0
2026-10-04T14:12:05Z,shippingservice,shippingservice,0,0,0,0,0,0,0
2026-10-04T14:12:06Z,adservice,adservice,0,0,0,0,0,0,0
2026-10-04T14:12:06Z,adservice,cartservice,0,0,0,0,0,0,0
2026-10-04T14:12:06Z,adservice,checkoutservice,0,0,0,0,0,0,0
2026-10-04T14:12:06Z,adservice,currencyservice,0,0,0,0,0,0,0
2026-10-04T14:12:06Z,adservice,emailservice,0,0,0,0,0,0,0
2026-10-04T14:12:06Z,adservice,frontend,0,0,0,0,0,0,0
2026-10-04T14:12:06Z,adservice,kubernetes,0,0,0,0,0,0,0
2026-10-04T14:12:06Z,adservice,paymentservice,0,0,0,0,0,0,0
2026-10-04T14:12:06Z,adservice,productcatalogservice,0,0,0,0,0,0,0
2026-10-04T14:12:06Z,adservice,recommendationservice,0,0,0,0,0,0,0
2026-10-04T14:12:06Z,adservice,redis-cart,0,0,0,0,0,0,0
2026-10-04T14:12:06Z,adservice,shippingservice,0,0,0,0,0,0,0
2026-10-04T14:12:06Z,cartservice,adservice,0,0,0,0,0,0,0
2026-10-04T14:12:06Z,cartservice,cartservice,0,0,0,0,0,0,0
2026-10-04T14:12:06Z,cartservice,checkoutservice,0,0,0,0,0,0,0
2026-10-04T14:12:06Z,cartservice,currencyservice,0,0,0,0,0,0,0
2026-10-04T14:12:06Z,cartservice,emailservice,0,0,0,0,0,0,0
2026-10-04T14:12:06Z,cartservice,frontend,0,0,0,0,0,0,0
2026-10-04T14:12:06Z,cartservice,kubernetes,0,0,0,0,0,0,0
2026-10-04T14:12:06Z,cartservice,paymentservice,0,0,0,0,0,0,0
2026-10-04T14:12:06Z,cartservice,productcatalogservice,0,0,0,0,0,0,0
2026-10-04T14:12:06Z,cartservice,recommendationservice,0,0,0,0,0,0,0
2026-10-04T14:12:06Z,cartservice,redis-cart,2,0,0,0,0,0,0
2026-10-04T14:12:06Z,cartservice,shippingservice,0,0,0,0,0,0,0
2026-10-04T14:12:06Z,checkoutservice,adservice,0,0,0,0,0,0,0
2026-10-04T14:12:06Z,checkoutservice,cartservice,72690,71759,0,100,0,753792,71283
2026-10-04T14:12:06Z,checkoutservice,checkoutservice,0,0,0,0,0,0,0
2026-10-04T14:12:06Z,checkoutservice,currencyservice,47743,47742,0,0,0,592214,47506
2026-10-04T14:12:06Z,checkoutservice,emailservice,18980,18690,0,66,0,589861,18451
2026-10-04T14:12:06Z,checkoutservice,frontend,0,0,0,0,0,0,0
2026-10-04T14:12:06Z,checkoutservice,kubernetes,0,0,0,0,0,0,0
2026-10-04T14:12:06Z,checkoutservice,paymentservice,41008,39160,0,192,0,466351,38774
2026-10-04T14:12:06Z,checkoutservice,productcatalogservice,0,0,0,0,0,0,0
2026-10-04T14:12:06Z,checkoutservice,recommendationservice,0,0,0,0,0,0,0
2026-10-04T14:12:06Z,checkoutservice,redis-cart,0,0,0,0,0,0,0
2026-10-04T14:12:06Z,checkoutservice,shippingservice,78001,75898,0,154,0,537573,75421
2026-10-04T14:12:06Z,currencyservice,adservice,0,0,0,0,0,0,0
2026-10-04T14:12:06Z,currencyservice,cartservice,0,0,0,0,0,0,0
2026-10-04T14:12:06Z,currencyservice,checkoutservice,0,0,0,0,0,0,0
2026-10-04T14:12:06Z,currencyservice,currencyservice,0,0,0,0,0,0,0
2026-10-04T14:12:06Z,currencyservice,emailservice,0,0,0,0,0,0,0
2026-10-04T14:12:06Z,currencyservice,frontend,0,0,0,0,0,0,0
2026-10-04T14:12:06Z,currencyservice,kubernetes,0,0,0,0,0,0,0
2026-10-04T14:12:06Z,currencyservice,paymentservice,0,0,0,0,0,0,0
2026-10-04T14:12:06Z,currencyservice,productcatalogservice,0,0,0,0,0,0,0
2026-10-04T14:12:06Z,currencyservice,recommendationservice,0,0,0,0,0,0,0
2026-10-04T14:12:06Z,currencyservice,redis-cart,0,0,0,0,0,0,0
2026-10-04T14:12:06Z,currencyservice,shippingservice,0,0,0,0,0,0,0
2026-10-04T14:12:06Z,emailservice,adservice,0,0,0,0,0,0,0
2026-10-04T14:12:06Z,emailservice,cartservice,0,0,0,0,0,0,0
2026-10-04T14:12:06Z,emailservice,checkoutservice,0,0,0,0,0,0,0
2026-10-04T14:12:06Z,emailservice,currencyservice,0,0,0,0,0,0,0
2026-10-04T14:12:06Z,emailservice,emailservice,0,0,0,0,0,0,0
2026-10-04T14:12:06Z,emailservice,frontend,0,0,0,0,0,0,0
2026-10-04T14:12:06Z,emailservice,kubernetes,0,0,0,0,0,0,0
2026-10-04T14:12:06Z,emailservice,paymentservice,0,0,0,0,0,0,0
2026-10-04T14:12:06Z,emailservice,productcatalogservice,0,0,0,0,0,0,0
2026-10-04T14:12:06Z,emailservice,recommendationservice,0,0,0,0,0,0,0
2026-10-04T14:12:06Z,emailservice,redis-cart,0,0,0,0,0,0,0
2026-10-04T14:12:06Z,emailservice,shippingservice,0,0,0,0,0,0,0
2026-10-04T14:12:06Z,frontend,adservice,865667,865665,0,0,0,2604836,865218
2026-10-04T14:12:06Z,frontend,cartservice,1940545,1940533,0,0,4,10688831,1939439
2026-10-04T14:12:06Z,frontend,checkoutservice,406753,196768,0,40061,169948,63473358,196606
2026-10-04T14:12:06Z,frontend,currencyservice,3083288,3083277,0,0,0,16139106,3081506
2026-10-04T14:12:06Z,frontend,emailservice,0,0,0,0,0,0,0
2026-10-04T14:12:06Z,frontend,frontend,0,0,0,0,0,0,0
2026-10-04T14:12:06Z,frontend,kubernetes,0,0,0,0,0,0,0
2026-10-04T14:12:06Z,frontend,paymentservice,0,0,0,0,0,0,0
2026-10-04T14:12:06Z,frontend,productcatalogservice,8611927,8611857,0,0,0,58679139,8607249
2026-10-04T14:12:06Z,frontend,recommendationservice,2844523,1713241,0,119310,1009421,868309716,1712294
2026-10-04T14:12:06Z,frontend,redis-cart,0,0,0,0,0,0,0
2026-10-04T14:12:06Z,frontend,shippingservice,317326,317323,0,0,0,957088,317179
2026-10-04T14:12:06Z,paymentservice,adservice,0,0,0,0,0,0,0
2026-10-04T14:12:06Z,paymentservice,cartservice,0,0,0,0,0,0,0
2026-10-04T14:12:06Z,paymentservice,checkoutservice,0,0,0,0,0,0,0
2026-10-04T14:12:06Z,paymentservice,currencyservice,0,0,0,0,0,0,0
2026-10-04T14:12:06Z,paymentservice,emailservice,0,0,0,0,0,0,0
2026-10-04T14:12:06Z,paymentservice,frontend,0,0,0,0,0,0,0
2026-10-04T14:12:06Z,paymentservice,kubernetes,0,0,0,0,0,0,0
2026-10-04T14:12:06Z,paymentservice,paymentservice,0,0,0,0,0,0,0
2026-10-04T14:12:06Z,paymentservice,productcatalogservice,0,0,0,0,0,0,0
2026-10-04T14:12:06Z,paymentservice,recommendationservice,0,0,0,0,0,0,0
2026-10-04T14:12:06Z,paymentservice,redis-cart,0,0,0,0,0,0,0
2026-10-04T14:12:06Z,paymentservice,shippingservice,0,0,0,0,0,0,0
2026-10-04T14:12:06Z,productcatalogservice,adservice,0,0,0,0,0,0,0
2026-10-04T14:12:06Z,productcatalogservice,cartservice,0,0,0,0,0,0,0
2026-10-04T14:12:06Z,productcatalogservice,checkoutservice,0,0,0,0,0,0,0
2026-10-04T14:12:06Z,productcatalogservice,currencyservice,0,0,0,0,0,0,0
2026-10-04T14:12:06Z,productcatalogservice,emailservice,0,0,0,0,0,0,0
2026-10-04T14:12:06Z,productcatalogservice,frontend,0,0,0,0,0,0,0
2026-10-04T14:12:06Z,productcatalogservice,kubernetes,0,0,0,0,0,0,0
2026-10-04T14:12:06Z,productcatalogservice,paymentservice,0,0,0,0,0,0,0
2026-10-04T14:12:06Z,productcatalogservice,productcatalogservice,0,0,0,0,0,0,0
2026-10-04T14:12:06Z,productcatalogservice,recommendationservice,0,0,0,0,0,0,0
2026-10-04T14:12:06Z,productcatalogservice,redis-cart,0,0,0,0,0,0,0
2026-10-04T14:12:06Z,productcatalogservice,shippingservice,0,0,0,0,0,0,0
2026-10-04T14:12:06Z,recommendationservice,adservice,0,0,0,0,0,0,0
2026-10-04T14:12:06Z,recommendationservice,cartservice,0,0,0,0,0,0,0
2026-10-04T14:12:06Z,recommendationservice,checkoutservice,0,0,0,0,0,0,0
2026-10-04T14:12:06Z,recommendationservice,currencyservice,0,0,0,0,0,0,0
2026-10-04T14:12:06Z,recommendationservice,emailservice,0,0,0,0,0,0,0
2026-10-04T14:12:06Z,recommendationservice,frontend,0,0,0,0,0,0,0
2026-10-04T14:12:06Z,recommendationservice,kubernetes,0,0,0,0,0,0,0
2026-10-04T14:12:06Z,recommendationservice,paymentservice,0,0,0,0,0,0,0
2026-10-04T14:12:06Z,recommendationservice,productcatalogservice,214358,214352,0,0,0,1398787,213895
2026-10-04T14:12:06Z,recommendationservice,recommendationservice,0,0,0,0,0,0,0
2026-10-04T14:12:06Z,recommendationservice,redis-cart,0,0,0,0,0,0,0
2026-10-04T14:12:06Z,recommendationservice,shippingservice,0,0,0,0,0,0,0
2026-10-04T14:12:06Z,redis-cart,adservice,0,0,0,0,0,0,0
2026-10-04T14:12:06Z,redis-cart,cartservice,0,0,0,0,0,0,0
2026-10-04T14:12:06Z,redis-cart,checkoutservice,0,0,0,0,0,0,0
2026-10-04T14:12:06Z,redis-cart,currencyservice,0,0,0,0,0,0,0
2026-10-04T14:12:06Z,redis-cart,emailservice,0,0,0,0,0,0,0
2026-10-04T14:12:06Z,redis-cart,frontend,0,0,0,0,0,0,0
2026-10-04T14:12:06Z,redis-cart,kubernetes,0,0,0,0,0,0,0
2026-10-04T14:12:06Z,redis-cart,paymentservice,0,0,0,0,0,0,0
2026-10-04T14:12:06Z,redis-cart,productcatalogservice,0,0,0,0,0,0,0
2026-10-04T14:12:06Z,redis-cart,recommendationservice,0,0,0,0,0,0,0
2026-10-04T14:12:06Z,redis-cart,redis-cart,0,0,0,0,0,0,0
2026-10-04T14:12:06Z,redis-cart,shippingservice,0,0,0,0,0,0,0
2026-10-04T14:12:06Z,shippingservice,adservice,0,0,0,0,0,0,0
2026-10-04T14:12:06Z,shippingservice,cartservice,0,0,0,0,0,0,0
2026-10-04T14:12:06Z,shippingservice,checkoutservice,0,0,0,0,0,0,0
2026-10-04T14:12:06Z,shippingservice,currencyservice,0,0,0,0,0,0,0
2026-10-04T14:12:06Z,shippingservice,emailservice,0,0,0,0,0,0,0
2026-10-04T14:12:06Z,shippingservice,frontend,0,0,0,0,0,0,0
2026-10-04T14:12:06Z,shippingservice,kubernetes,0,0,0,0,0,0,0
2026-10-04T14:12:06Z,shippingservice,paymentservice,0,0,0,0,0,0,0
2026-10-04T14:12:06Z,shippingservice,productcatalogservice,0,0,0,0,0,0,0
2026-10-04T14:12:06Z,shippingservice,recommendationservice,0,0,0,0,0,0,0
2026-10-04T14:12:06Z,shippingservice,redis-cart,0,0,0,0,0,0,0
2026-10-04T14:12:06Z,shippingservice,shippingservice,0,0,0,0,0,0,0
2026-10-04T14:12:07Z,adservice,adservice,0,0,0,0,0,0,0
2026-10-04T14:12:07Z,adservice,cartservice,0,0,0,0,0,0,0
2026-10-04T14:12:07Z,adservice,checkoutservice,0,0,0,0,0,0,0
2026-10-04T14:12:07Z,adservice,currencyservice,0,0,0,0,0,0,0
2026-10-04T14:12:07Z,adservice,emailservice,0,0,0,0,0,0,0
2026-10-04T14:12:07Z,adservice,frontend,0,0,0,0,0,0,0
2026-10-04T14:12:07Z,adservice,kubernetes,0,0,0,0,0,0,0
2026-10-04T14:12:07Z,adservice,paymentservice,0,0,0,0,0,0,0
2026-10-04T14:12:07Z,adservice,productcatalogservice,0,0,0,0,0,0,0
2026-10-04T14:12:07Z,adservice,recommendationservice,0,0,0,0,0,0,0
2026-10-04T14:12:07Z,adservice,redis-cart,0,0,0,0,0,0,0
2026-10-04T14:12:07Z,adservice,shippingservice,0,0,0,0,0,0,0
2026-10-04T14:12:07Z,cartservice,adservice,0,0,0,0,0,0,0
2026-10-04T14:12:07Z,cartservice,cartservice,0,0,0,0,0,0,0
2026-10-04T14:12:07Z,cartservice,checkoutservice,0,0,0,0,0,0,0
2026-10-04T14:12:07Z,cartservice,currencyservice,0,0,0,0,0,0,0
2026-10-04T14:12:07Z,cartservice,emailservice,0,0,0,0,0,0,0
2026-10-04T14:12:07Z,cartservice,frontend,0,0,0,0,0,0,0
2026-10-04T14:12:07Z,cartservice,kubernetes,0,0,0,0,0,0,0
2026-10-04T14:12:07Z,cartservice,paymentservice,0,0,0,0,0,0,0
2026-10-04T14:12:07Z,cartservice,productcatalogservice,0,0,0,0,0,0,0
2026-10-04T14:12:07Z,cartservice,recommendationservice,0,0,0,0,0,0,0
2026-10-04T14:12:07Z,cartservice,redis-cart,2,0,0,0,0,0,0
2026-10-04T14:12:07Z,cartservice,shippingservice,0,0,0,0,0,0,0
2026-10-04T14:12:07Z,checkoutservice,adservice,0,0,0,0,0,0,0
2026-10-04T14:12:07Z,checkoutservice,cartservice,72815,71884,0,100,0,756835,71879
2026-10-04T14:12:07Z,checkoutservice,checkoutservice,0,0,0,0,0,0,0
2026-10-04T14:12:07Z,checkoutservice,currencyservice,47805,47805,0,0,0,593432,47805
2026-10-04T14:12:07Z,checkoutservice,emailservice,19043,18753,0,66,0,601660,18749
2026-10-04T14:12:07Z,checkoutservice,frontend,0,0,0,0,0,0,0
2026-10-04T14:12:07Z,checkoutservice,kubernetes,0,0,0,0,0,0,0
2026-10-04T14:12:07Z,checkoutservice,paymentservice,41071,39223,0,192,0,467717,39073
2026-10-04T14:12:07Z,checkoutservice,productcatalogservice,0,0,0,0,0,0,0
2026-10-04T14:12:07Z,checkoutservice,recommendationservice,0,0,0,0,0,0,0
2026-10-04T14:12:07Z,checkoutservice,redis-cart,0,0,0,0,0,0,0
2026-10-04T14:12:07Z,checkoutservice,shippingservice,78126,76023,0,154,0,538934,76019
2026-10-04T14:12:07Z,currencyservice,adservice,0,0,0,0,0,0,0
2026-10-04T14:12:07Z,currencyservice,cartservice,0,0,0,0,0,0,0
2026-10-04T14:12:07Z,currencyservice,checkoutservice,0,0,0,0,0,0,0
2026-10-04T14:12:07Z,currencyservice,currencyservice,0,0,0,0,0,0,0
2026-10-04T14:12:07Z,currencyservice,emailservice,0,0,0,0,0,0,0
2026-10-04T14:12:07Z,currencyservice,frontend,0,0,0,0,0,0,0
2026-10-04T14:12:07Z,currencyservice,kubernetes,0,0,0,0,0,0,0
2026-10-04T14:12:07Z,currencyservice,paymentservice,0,0,0,0,0,0,0
2026-10-04T14:12:07Z,currencyservice,productcatalogservice,0,0,0,0,0,0,0
2026-10-04T14:12:07Z,currencyservice,recommendationservice,0,0,0,0,0,0,0
2026-10-04T14:12:07Z,currencyservice,redis-cart,0,0,0,0,0,0,0
2026-10-04T14:12:07Z,currencyservice,shippingservice,0,0,0,0,0,0,0
2026-10-04T14:12:07Z,emailservice,adservice,0,0,0,0,0,0,0
2026-10-04T14:12:07Z,emailservice,cartservice,0,0,0,0,0,0,0
2026-10-04T14:12:07Z,emailservice,checkoutservice,0,0,0,0,0,0,0
2026-10-04T14:12:07Z,emailservice,currencyservice,0,0,0,0,0,0,0
2026-10-04T14:12:07Z,emailservice,emailservice,0,0,0,0,0,0,0
2026-10-04T14:12:07Z,emailservice,frontend,0,0,0,0,0,0,0
2026-10-04T14:12:07Z,emailservice,kubernetes,0,0,0,0,0,0,0
2026-10-04T14:12:07Z,emailservice,paymentservice,0,0,0,0,0,0,0
2026-10-04T14:12:07Z,emailservice,productcatalogservice,0,0,0,0,0,0,0
2026-10-04T14:12:07Z,emailservice,recommendationservice,0,0,0,0,0,0,0
2026-10-04T14:12:07Z,emailservice,redis-cart,0,0,0,0,0,0,0
2026-10-04T14:12:07Z,emailservice,shippingservice,0,0,0,0,0,0,0
2026-10-04T14:12:07Z,frontend,adservice,865805,865803,0,0,0,2604836,865218
2026-10-04T14:12:07Z,frontend,cartservice,1940945,1940931,0,0,4,10688831,1939439
2026-10-04T14:12:07Z,frontend,checkoutservice,406813,196832,0,40061,169948,63473358,196606
2026-10-04T14:12:07Z,frontend,currencyservice,3083939,3083931,0,0,0,16139106,3081506
2026-10-04T14:12:07Z,frontend,emailservice,0,0,0,0,0,0,0
2026-10-04T14:12:07Z,frontend,frontend,0,0,0,0,0,0,0
2026-10-04T14:12:07Z,frontend,kubernetes,0,0,0,0,0,0,0
2026-10-04T14:12:07Z,frontend,paymentservice,0,0,0,0,0,0,0
2026-10-04T14:12:07Z,frontend,productcatalogservice,8613614,8613525,0,0,0,58679139,8607249
2026-10-04T14:12:07Z,frontend,recommendationservice,2845282,1713617,0,119356,1009790,868309716,1712294
2026-10-04T14:12:07Z,frontend,redis-cart,0,0,0,0,0,0,0
2026-10-04T14:12:07Z,frontend,shippingservice,317388,317386,0,0,0,957088,317179
2026-10-04T14:12:07Z,paymentservice,adservice,0,0,0,0,0,0,0
2026-10-04T14:12:07Z,paymentservice,cartservice,0,0,0,0,0,0,0
2026-10-04T14:12:07Z,paymentservice,checkoutservice,0,0,0,0,0,0,0
2026-10-04T14:12:07Z,paymentservice,currencyservice,0,0,0,0,0,0,0
2026-10-04T14:12:07Z,paymentservice,emailservice,0,0,0,0,0,0,0
2026-10-04T14:12:07Z,paymentservice,frontend,0,0,0,0,0,0,0
2026-10-04T14:12:07Z,paymentservice,kubernetes,0,0,0,0,0,0,0
2026-10-04T14:12:07Z,paymentservice,paymentservice,0,0,0,0,0,0,0
2026-10-04T14:12:07Z,paymentservice,productcatalogservice,0,0,0,0,0,0,0
2026-10-04T14:12:07Z,paymentservice,recommendationservice,0,0,0,0,0,0,0
2026-10-04T14:12:07Z,paymentservice,redis-cart,0,0,0,0,0,0,0
2026-10-04T14:12:07Z,paymentservice,shippingservice,0,0,0,0,0,0,0
2026-10-04T14:12:07Z,productcatalogservice,adservice,0,0,0,0,0,0,0
2026-10-04T14:12:07Z,productcatalogservice,cartservice,0,0,0,0,0,0,0
2026-10-04T14:12:07Z,productcatalogservice,checkoutservice,0,0,0,0,0,0,0
2026-10-04T14:12:07Z,productcatalogservice,currencyservice,0,0,0,0,0,0,0
2026-10-04T14:12:07Z,productcatalogservice,emailservice,0,0,0,0,0,0,0
2026-10-04T14:12:07Z,productcatalogservice,frontend,0,0,0,0,0,0,0
2026-10-04T14:12:07Z,productcatalogservice,kubernetes,0,0,0,0,0,0,0
2026-10-04T14:12:07Z,productcatalogservice,paymentservice,0,0,0,0,0,0,0
2026-10-04T14:12:07Z,productcatalogservice,productcatalogservice,0,0,0,0,0,0,0
2026-10-04T14:12:07Z,productcatalogservice,recommendationservice,0,0,0,0,0,0,0
2026-10-04T14:12:07Z,productcatalogservice,redis-cart,0,0,0,0,0,0,0
2026-10-04T14:12:07Z,productcatalogservice,shippingservice,0,0,0,0,0,0,0
2026-10-04T14:12:07Z,recommendationservice,adservice,0,0,0,0,0,0,0
2026-10-04T14:12:07Z,recommendationservice,cartservice,0,0,0,0,0,0,0
2026-10-04T14:12:07Z,recommendationservice,checkoutservice,0,0,0,0,0,0,0
2026-10-04T14:12:07Z,recommendationservice,currencyservice,0,0,0,0,0,0,0
2026-10-04T14:12:07Z,recommendationservice,emailservice,0,0,0,0,0,0,0
2026-10-04T14:12:07Z,recommendationservice,frontend,0,0,0,0,0,0,0
2026-10-04T14:12:07Z,recommendationservice,kubernetes,0,0,0,0,0,0,0
2026-10-04T14:12:07Z,recommendationservice,paymentservice,0,0,0,0,0,0,0
2026-10-04T14:12:07Z,recommendationservice,productcatalogservice,214768,214762,0,0,0,1398787,213895
2026-10-04T14:12:07Z,recommendationservice,recommendationservice,0,0,0,0,0,0,0
2026-10-04T14:12:07Z,recommendationservice,redis-cart,0,0,0,0,0,0,0
2026-10-04T14:12:07Z,recommendationservice,shippingservice,0,0,0,0,0,0,0
2026-10-04T14:12:07Z,redis-cart,adservice,0,0,0,0,0,0,0
2026-10-04T14:12:07Z,redis-cart,cartservice,0,0,0,0,0,0,0
2026-10-04T14:12:07Z,redis-cart,checkoutservice,0,0,0,0,0,0,0
2026-10-04T14:12:07Z,redis-cart,currencyservice,0,0,0,0,0,0,0
2026-10-04T14:12:07Z,redis-cart,emailservice,0,0,0,0,0,0,0
2026-10-04T14:12:07Z,redis-cart,frontend,0,0,0,0,0,0,0
2026-10-04T14:12:07Z,redis-cart,kubernetes,0,0,0,0,0,0,0
2026-10-04T14:12:07Z,redis-cart,paymentservice,0,0,0,0,0,0,0
2026-10-04T14:12:07Z,redis-cart,productcatalogservice,0,0,0,0,0,0,0
2026-10-04T14:12:07Z,redis-cart,recommendationservice,0,0,0,0,0,0,0
2026-10-04T14:12:07Z,redis-cart,redis-cart,0,0,0,0,0,0,0
2026-10-04T14:12:07Z,redis-cart,shippingservice,0,0,0,0,0,0,0
2026-10-04T14:12:07Z,shippingservice,adservice,0,0,0,0,0,0,0
2026-10-04T14:12:07Z,shippingservice,cartservice,0,0,0,0,0,0,0
2026-10-04T14:12:07Z,shippingservice,checkoutservice,0,0,0,0,0,0,0
2026-10-04T14:12:07Z,shippingservice,currencyservice,0,0,0,0,0,0,0
2026-10-04T14:12:07Z,shippingservice,emailservice,0,0,0,0,0,0,0
2026-10-04T14:12:07Z,shippingservice,frontend,0,0,0,0,0,0,0
2026-10-04T14:12:07Z,shippingservice,kubernetes,0,0,0,0,0,0,0
2026-10-04T14:12:07Z,shippingservice,paymentservice,0,0,0,0,0,0,0
2026-10-04T14:12:07Z,shippingservice,productcatalogservice,0,0,0,0,0,0,0
2026-10-04T14:12:07Z,shippingservice,recommendationservice,0,0,0,0,0,0,0
2026-10-04T14:12:07Z,shippingservice,redis-cart,0,0,0,0,0,0,0
2026-10-04T14:12:07Z,shippingservice,shippingservice,0,0,0,0,0,0,0
2026-10-04T14:12:08Z,adservice,adservice,0,0,0,0,0,0,0
2026-10-04T14:12:08Z,adservice,cartservice,0,0,0,0,0,0,0
2026-10-04T14:12:08Z,adservice,checkoutservice,0,0,0,0,0,0,0
2026-10-04T14:12:08Z,adservice,currencyservice,0,0,0,0,0,0,0
2026-10-04T14:12:08Z,adservice,emailservice,0,0,0,0,0,0,0
2026-10-04T14:12:08Z,adservice,frontend,0,0,0,0,0,0,0
2026-10-04T14:12:08Z,adservice,kubernetes,0,0,0,0,0,0,0
2026-10-04T14:12:08Z,adservice,paymentservice,0,0,0,0,0,0,0
2026-10-04T14:12:08Z,adservice,productcatalogservice,0,0,0,0,0,0,0
2026-10-04T14:12:08Z,adservice,recommendationservice,0,0,0,0,0,0,0
2026-10-04T14:12:08Z,adservice,redis-cart,0,0,0,0,0,0,0
2026-10-04T14:12:08Z,adservice,shippingservice,0,0,0,0,0,0,0
2026-10-04T14:12:08Z,cartservice,adservice,0,0,0,0,0,0,0
2026-10-04T14:12:08Z,cartservice,cartservice,0,0,0,0,0,0,0
2026-10-04T14:12:08Z,cartservice,checkoutservice,0,0,0,0,0,0,0
2026-10-04T14:12:08Z,cartservice,currencyservice,0,0,0,0,0,0,0
2026-10-04T14:12:08Z,cartservice,emailservice,0,0,0,0,0,0,0
2026-10-04T14:12:08Z,cartservice,frontend,0,0,0,0,0,0,0
2026-10-04T14:12:08Z,cartservice,kubernetes,0,0,0,0,0,0,0
2026-10-04T14:12:08Z,cartservice,paymentservice,0,0,0,0,0,0,0
2026-10-04T14:12:08Z,cartservice,productcatalogservice,0,0,0,0,0,0,0
2026-10-04T14:12:08Z,cartservice,recommendationservice,0,0,0,0,0,0,0
2026-10-04T14:12:08Z,cartservice,redis-cart,2,0,0,0,0,0,0
2026-10-04T14:12:08Z,cartservice,shippingservice,0,0,0,0,0,0,0
2026-10-04T14:12:08Z,checkoutservice,adservice,0,0,0,0,0,0,0
2026-10-04T14:12:08Z,checkoutservice,cartservice,72962,72031,0,100,0,756835,71879
2026-10-04T14:12:08Z,checkoutservice,checkoutservice,0,0,0,0,0,0,0
2026-10-04T14:12:08Z,checkoutservice,currencyservice,47877,47877,0,0,0,593432,47805
2026-10-04T14:12:08Z,checkoutservice,emailservice,19112,18822,0,66,0,601660,18749
2026-10-04T14:12:08Z,checkoutservice,frontend,0,0,0,0,0,0,0
2026-10-04T14:12:08Z,checkoutservice,kubernetes,0,0,0,0,0,0,0
2026-10-04T14:12:08Z,checkoutservice,paymentservice,41143,39294,0,192,0,467717,39073
2026-10-04T14:12:08Z,checkoutservice,productcatalogservice,0,0,0,0,0,0,0
2026-10-04T14:12:08Z,checkoutservice,recommendationservice,0,0,0,0,0,0,0
2026-10-04T14:12:08Z,checkoutservice,redis-cart,0,0,0,0,0,0,0
2026-10-04T14:12:08Z,checkoutservice,shippingservice,78272,76169,0,154,0,538934,76019
2026-10-04T14:12:08Z,currencyservice,adservice,0,0,0,0,0,0,0
2026-10-04T14:12:08Z,currencyservice,cartservice,0,0,0,0,0,0,0
2026-10-04T14:12:08Z,currencyservice,checkoutservice,0,0,0,0,0,0,0
2026-10-04T14:12:08Z,currencyservice,currencyservice,0,0,0,0,0,0,0
2026-10-04T14:12:08Z,currencyservice,emailservice,0,0,0,0,0,0,0
2026-10-04T14:12:08Z,currencyservice,frontend,0,0,0,0,0,0,0
2026-10-04T14:12:08Z,currencyservice,kubernetes,0,0,0,0,0,0,0
2026-10-04T14:12:08Z,currencyservice,paymentservice,0,0,0,0,0,0,0
2026-10-04T14:12:08Z,currencyservice,productcatalogservice,0,0,0,0,0,0,0
2026-10-04T14:12:08Z,currencyservice,recommendationservice,0,0,0,0,0,0,0
2026-10-04T14:12:08Z,currencyservice,redis-cart,0,0,0,0,0,0,0
2026-10-04T14:12:08Z,currencyservice,shippingservice,0,0,0,0,0,0,0
2026-10-04T14:12:08Z,emailservice,adservice,0,0,0,0,0,0,0
2026-10-04T14:12:08Z,emailservice,cartservice,0,0,0,0,0,0,0
2026-10-04T14:12:08Z,emailservice,checkoutservice,0,0,0,0,0,0,0
2026-10-04T14:12:08Z,emailservice,currencyservice,0,0,0,0,0,0,0
2026-10-04T14:12:08Z,emailservice,emailservice,0,0,0,0,0,0,0
2026-10-04T14:12:08Z,emailservice,frontend,0,0,0,0,0,0,0
2026-10-04T14:12:08Z,emailservice,kubernetes,0,0,0,0,0,0,0
2026-10-04T14:12:08Z,emailservice,paymentservice,0,0,0,0,0,0,0
2026-10-04T14:12:08Z,emailservice,productcatalogservice,0,0,0,0,0,0,0
2026-10-04T14:12:08Z,emailservice,recommendationservice,0,0,0,0,0,0,0
2026-10-04T14:12:08Z,emailservice,redis-cart,0,0,0,0,0,0,0
2026-10-04T14:12:08Z,emailservice,shippingservice,0,0,0,0,0,0,0
2026-10-04T14:12:08Z,frontend,adservice,865959,865956,0,0,0,2605381,865419
2026-10-04T14:12:08Z,frontend,cartservice,1941313,1941301,0,0,4,10691318,1939951
2026-10-04T14:12:08Z,frontend,checkoutservice,406874,196901,0,40061,169948,63485344,196677
2026-10-04T14:12:08Z,frontend,currencyservice,3084556,3084542,0,0,0,16142556,3082320
2026-10-04T14:12:08Z,frontend,emailservice,0,0,0,0,0,0,0
2026-10-04T14:12:08Z,frontend,frontend,0,0,0,0,0,0,0
2026-10-04T14:12:08Z,frontend,kubernetes,0,0,0,0,0,0,0
2026-10-04T14:12:08Z,frontend,paymentservice,0,0,0,0,0,0,0
2026-10-04T14:12:08Z,frontend,productcatalogservice,8615250,8615172,0,0,0,58695862,8609376
2026-10-04T14:12:08Z,frontend,recommendationservice,2845990,1713956,0,119398,1010110,868646856,1712767
2026-10-04T14:12:08Z,frontend,redis-cart,0,0,0,0,0,0,0
2026-10-04T14:12:08Z,frontend,shippingservice,317445,317442,0,0,0,957244,317254
2026-10-04T14:12:08Z,paymentservice,adservice,0,0,0,0,0,0,0
2026-10-04T14:12:08Z,paymentservice,cartservice,0,0,0,0,0,0,0
2026-10-04T14:12:08Z,paymentservice,checkoutservice,0,0,0,0,0,0,0
2026-10-04T14:12:08Z,paymentservice,currencyservice,0,0,0,0,0,0,0
2026-10-04T14:12:08Z,paymentservice,emailservice,0,0,0,0,0,0,0
2026-10-04T14:12:08Z,paymentservice,frontend,0,0,0,0,0,0,0
2026-10-04T14:12:08Z,paymentservice,kubernetes,0,0,0,0,0,0,0
2026-10-04T14:12:08Z,paymentservice,paymentservice,0,0,0,0,0,0,0
2026-10-04T14:12:08Z,paymentservice,productcatalogservice,0,0,0,0,0,0,0
2026-10-04T14:12:08Z,paymentservice,recommendationservice,0,0,0,0,0,0,0
2026-10-04T14:12:08Z,paymentservice,redis-cart,0,0,0,0,0,0,0
2026-10-04T14:12:08Z,paymentservice,shippingservice,0,0,0,0,0,0,0
2026-10-04T14:12:08Z,productcatalogservice,adservice,0,0,0,0,0,0,0
2026-10-04T14:12:08Z,productcatalogservice,cartservice,0,0,0,0,0,0,0
2026-10-04T14:12:08Z,productcatalogservice,checkoutservice,0,0,0,0,0,0,0
2026-10-04T14:12:08Z,productcatalogservice,currencyservice,0,0,0,0,0,0,0
2026-10-04T14:12:08Z,productcatalogservice,emailservice,0,0,0,0,0,0,0
2026-10-04T14:12:08Z,productcatalogservice,frontend,0,0,0,0,0,0,0
2026-10-04T14:12:08Z,productcatalogservice,kubernetes,0,0,0,0,0,0,0
2026-10-04T14:12:08Z,productcatalogservice,paymentservice,0,0,0,0,0,0,0
2026-10-04T14:12:08Z,productcatalogservice,productcatalogservice,0,0,0,0,0,0,0
2026-10-04T14:12:08Z,productcatalogservice,recommendationservice,0,0,0,0,0,0,0
2026-10-04T14:12:08Z,productcatalogservice,redis-cart,0,0,0,0,0,0,0
2026-10-04T14:12:08Z,productcatalogservice,shippingservice,0,0,0,0,0,0,0
2026-10-04T14:12:08Z,recommendationservice,adservice,0,0,0,0,0,0,0
2026-10-04T14:12:08Z,recommendationservice,cartservice,0,0,0,0,0,0,0
2026-10-04T14:12:08Z,recommendationservice,checkoutservice,0,0,0,0,0,0,0
2026-10-04T14:12:08Z,recommendationservice,currencyservice,0,0,0,0,0,0,0
2026-10-04T14:12:08Z,recommendationservice,emailservice,0,0,0,0,0,0,0
2026-10-04T14:12:08Z,recommendationservice,frontend,0,0,0,0,0,0,0
2026-10-04T14:12:08Z,recommendationservice,kubernetes,0,0,0,0,0,0,0
2026-10-04T14:12:08Z,recommendationservice,paymentservice,0,0,0,0,0,0,0
2026-10-04T14:12:08Z,recommendationservice,productcatalogservice,215198,215196,0,0,0,1398787,213895
2026-10-04T14:12:08Z,recommendationservice,recommendationservice,0,0,0,0,0,0,0
2026-10-04T14:12:08Z,recommendationservice,redis-cart,0,0,0,0,0,0,0
2026-10-04T14:12:08Z,recommendationservice,shippingservice,0,0,0,0,0,0,0
2026-10-04T14:12:08Z,redis-cart,adservice,0,0,0,0,0,0,0
2026-10-04T14:12:08Z,redis-cart,cartservice,0,0,0,0,0,0,0
2026-10-04T14:12:08Z,redis-cart,checkoutservice,0,0,0,0,0,0,0
2026-10-04T14:12:08Z,redis-cart,currencyservice,0,0,0,0,0,0,0
2026-10-04T14:12:08Z,redis-cart,emailservice,0,0,0,0,0,0,0
2026-10-04T14:12:08Z,redis-cart,frontend,0,0,0,0,0,0,0
2026-10-04T14:12:08Z,redis-cart,kubernetes,0,0,0,0,0,0,0
2026-10-04T14:12:08Z,redis-cart,paymentservice,0,0,0,0,0,0,0
2026-10-04T14:12:08Z,redis-cart,productcatalogservice,0,0,0,0,0,0,0
2026-10-04T14:12:08Z,redis-cart,recommendationservice,0,0,0,0,0,0,0
2026-10-04T14:12:08Z,redis-cart,redis-cart,0,0,0,0,0,0,0
2026-10-04T14:12:08Z,redis-cart,shippingservice,0,0,0,0,0,0,0
2026-10-04T14:12:08Z,shippingservice,adservice,0,0,0,0,0,0,0
2026-10-04T14:12:08Z,shippingservice,cartservice,0,0,0,0,0,0,0
2026-10-04T14:12:08Z,shippingservice,checkoutservice,0,0,0,0,0,0,0
2026-10-04T14:12:08Z,shippingservice,currencyservice,0,0,0,0,0,0,0
2026-10-04T14:12:08Z,shippingservice,emailservice,0,0,0,0,0,0,0
2026-10-04T14:12:08Z,shippingservice,frontend,0,0,0,0,0,0,0
2026-10-04T14:12:08Z,shippingservice,kubernetes,0,0,0,0,0,0,0
2026-10-04T14:12:08Z,shippingservice,paymentservice,0,0,0,0,0,0,0
2026-10-04T14:12:08Z,shippingservice,productcatalogservice,0,0,0,0,0,0,0
2026-10-04T14:12:08Z,shippingservice,recommendationservice,0,0,0,0,0,0,0
2026-10-04T14:12:08Z,shippingservice,redis-cart,0,0,0,0,0,0,0
2026-10-04T14:12:08Z,shippingservice,shippingservice,0,0,0,0,0,0,0
2026-10-04T14:12:09Z,adservice,adservice,0,0,0,0,0,0,0
2026-10-04T14:12:09Z,adservice,cartservice,0,0,0,0,0,0,0
2026-10-04T14:12:09Z,adservice,checkoutservice,0,0,0,0,0,0,0
2026-10-04T14:12:09Z,adservice,currencyservice,0,0,0,0,0,0,0
2026-10-04T14:12:09Z,adservice,emailservice,0,0,0,0,0,0,0
2026-10-04T14:12:09Z,adservice,frontend,0,0,0,0,0,0,0
2026-10-04T14:12:09Z,adservice,kubernetes,0,0,0,0,0,0,0
2026-10-04T14:12:09Z,adservice,paymentservice,0,0,0,0,0,0,0
2026-10-04T14:12:09Z,adservice,productcatalogservice,0,0,0,0,0,0,0
2026-10-04T14:12:09Z,adservice,recommendationservice,0,0,0,0,0,0,0
2026-10-04T14:12:09Z,adservice,redis-cart,0,0,0,0,0,0,0
2026-10-04T14:12:09Z,adservice,shippingservice,0,0,0,0,0,0,0
2026-10-04T14:12:09Z,cartservice,adservice,0,0,0,0,0,0,0
2026-10-04T14:12:09Z,cartservice,cartservice,0,0,0,0,0,0,0
2026-10-04T14:12:09Z,cartservice,checkoutservice,0,0,0,0,0,0,0
2026-10-04T14:12:09Z,cartservice,currencyservice,0,0,0,0,0,0,0
2026-10-04T14:12:09Z,cartservice,emailservice,0,0,0,0,0,0,0
2026-10-04T14:12:09Z,cartservice,frontend,0,0,0,0,0,0,0
2026-10-04T14:12:09Z,cartservice,kubernetes,0,0,0,0,0,0,0
2026-10-04T14:12:09Z,cartservice,paymentservice,0,0,0,0,0,0,0
2026-10-04T14:12:09Z,cartservice,productcatalogservice,0,0,0,0,0,0,0
2026-10-04T14:12:09Z,cartservice,recommendationservice,0,0,0,0,0,0,0
2026-10-04T14:12:09Z,cartservice,redis-cart,2,0,0,0,0,0,0
2026-10-04T14:12:09Z,cartservice,shippingservice,0,0,0,0,0,0,0
2026-10-04T14:12:09Z,checkoutservice,adservice,0,0,0,0,0,0,0
2026-10-04T14:12:09Z,checkoutservice,cartservice,73082,72149,0,100,0,756835,71879
2026-10-04T14:12:09Z,checkoutservice,checkoutservice,0,0,0,0,0,0,0
2026-10-04T14:12:09Z,checkoutservice,currencyservice,47939,47939,0,0,0,593432,47805
2026-10-04T14:12:09Z,checkoutservice,emailservice,19174,18884,0,66,0,601660,18749
2026-10-04T14:12:09Z,checkoutservice,frontend,0,0,0,0,0,0,0
2026-10-04T14:12:09Z,checkoutservice,kubernetes,0,0,0,0,0,0,0
2026-10-04T14:12:09Z,checkoutservice,paymentservice,41205,39357,0,192,0,467717,39073
2026-10-04T14:12:09Z,checkoutservice,productcatalogservice,0,0,0,0,0,0,0
2026-10-04T14:12:09Z,checkoutservice,recommendationservice,0,0,0,0,0,0,0
2026-10-04T14:12:09Z,checkoutservice,redis-cart,0,0,0,0,0,0,0
2026-10-04T14:12:09Z,checkoutservice,shippingservice,78394,76291,0,154,0,538934,76019
2026-10-04T14:12:09Z,currencyservice,adservice,0,0,0,0,0,0,0
2026-10-04T14:12:09Z,currencyservice,cartservice,0,0,0,0,0,0,0
2026-10-04T14:12:09Z,currencyservice,checkoutservice,0,0,0,0,0,0,0
2026-10-04T14:12:09Z,currencyservice,currencyservice,0,0,0,0,0,0,0
2026-10-04T14:12:09Z,currencyservice,emailservice,0,0,0,0,0,0,0
2026-10-04T14:12:09Z,currencyservice,frontend,0,0,0,0,0,0,0
2026-10-04T14:12:09Z,currencyservice,kubernetes,0,0,0,0,0,0,0
2026-10-04T14:12:09Z,currencyservice,paymentservice,0,0,0,0,0,0,0
2026-10-04T14:12:09Z,currencyservice,productcatalogservice,0,0,0,0,0,0,0
2026-10-04T14:12:09Z,currencyservice,recommendationservice,0,0,0,0,0,0,0
2026-10-04T14:12:09Z,currencyservice,redis-cart,0,0,0,0,0,0,0
2026-10-04T14:12:09Z,currencyservice,shippingservice,0,0,0,0,0,0,0
2026-10-04T14:12:09Z,emailservice,adservice,0,0,0,0,0,0,0
2026-10-04T14:12:09Z,emailservice,cartservice,0,0,0,0,0,0,0
2026-10-04T14:12:09Z,emailservice,checkoutservice,0,0,0,0,0,0,0
2026-10-04T14:12:09Z,emailservice,currencyservice,0,0,0,0,0,0,0
2026-10-04T14:12:09Z,emailservice,emailservice,0,0,0,0,0,0,0
2026-10-04T14:12:09Z,emailservice,frontend,0,0,0,0,0,0,0
2026-10-04T14:12:09Z,emailservice,kubernetes,0,0,0,0,0,0,0
2026-10-04T14:12:09Z,emailservice,paymentservice,0,0,0,0,0,0,0
2026-10-04T14:12:09Z,emailservice,productcatalogservice,0,0,0,0,0,0,0
2026-10-04T14:12:09Z,emailservice,recommendationservice,0,0,0,0,0,0,0
2026-10-04T14:12:09Z,emailservice,redis-cart,0,0,0,0,0,0,0
2026-10-04T14:12:09Z,emailservice,shippingservice,0,0,0,0,0,0,0
2026-10-04T14:12:09Z,frontend,adservice,866112,866110,0,0,0,2606777,865861
2026-10-04T14:12:09Z,frontend,cartservice,1941706,1941688,0,0,4,10696384,1941049
2026-10-04T14:12:09Z,frontend,checkoutservice,406931,196961,0,40061,169948,63510101,196847
2026-10-04T14:12:09Z,frontend,currencyservice,3085184,3085174,0,0,0,16149812,3084106
2026-10-04T14:12:09Z,frontend,emailservice,0,0,0,0,0,0,0
2026-10-04T14:12:09Z,frontend,frontend,0,0,0,0,0,0,0
2026-10-04T14:12:09Z,frontend,kubernetes,0,0,0,0,0,0,0
2026-10-04T14:12:09Z,frontend,paymentservice,0,0,0,0,0,0,0
2026-10-04T14:12:09Z,frontend,productcatalogservice,8616863,8616783,0,0,0,58724814,8614015
2026-10-04T14:12:09Z,frontend,recommendationservice,2846743,1714309,0,119441,1010465,869381396,1713717
2026-10-04T14:12:09Z,frontend,redis-cart,0,0,0,0,0,0,0
2026-10-04T14:12:09Z,frontend,shippingservice,317501,317499,0,0,0,957599,317404
2026-10-04T14:12:09Z,paymentservice,adservice,0,0,0,0,0,0,0
2026-10-04T14:12:09Z,paymentservice,cartservice,0,0,0,0,0,0,0
2026-10-04T14:12:09Z,paymentservice,checkoutservice,0,0,0,0,0,0,0
2026-10-04T14:12:09Z,paymentservice,currencyservice,0,0,0,0,0,0,0
2026-10-04T14:12:09Z,paymentservice,emailservice,0,0,0,0,0,0,0
2026-10-04T14:12:09Z,paymentservice,frontend,0,0,0,0,0,0,0
2026-10-04T14:12:09Z,paymentservice,kubernetes,0,0,0,0,0,0,0
2026-10-04T14:12:09Z,paymentservice,paymentservice,0,0,0,0,0,0,0
2026-10-04T14:12:09Z,paymentservice,productcatalogservice,0,0,0,0,0,0,0
2026-10-04T14:12:09Z,paymentservice,recommendationservice,0,0,0,0,0,0,0
2026-10-04T14:12:09Z,paymentservice,redis-cart,0,0,0,0,0,0,0
2026-10-04T14:12:09Z,paymentservice,shippingservice,0,0,0,0,0,0,0
2026-10-04T14:12:09Z,productcatalogservice,adservice,0,0,0,0,0,0,0
2026-10-04T14:12:09Z,productcatalogservice,cartservice,0,0,0,0,0,0,0
2026-10-04T14:12:09Z,productcatalogservice,checkoutservice,0,0,0,0,0,0,0
2026-10-04T14:12:09Z,productcatalogservice,currencyservice,0,0,0,0,0,0,0
2026-10-04T14:12:09Z,productcatalogservice,emailservice,0,0,0,0,0,0,0
2026-10-04T14:12:09Z,productcatalogservice,frontend,0,0,0,0,0,0,0
2026-10-04T14:12:09Z,productcatalogservice,kubernetes,0,0,0,0,0,0,0
2026-10-04T14:12:09Z,productcatalogservice,paymentservice,0,0,0,0,0,0,0
2026-10-04T14:12:09Z,productcatalogservice,productcatalogservice,0,0,0,0,0,0,0
2026-10-04T14:12:09Z,productcatalogservice,recommendationservice,0,0,0,0,0,0,0
2026-10-04T14:12:09Z,productcatalogservice,redis-cart,0,0,0,0,0,0,0
2026-10-04T14:12:09Z,productcatalogservice,shippingservice,0,0,0,0,0,0,0
2026-10-04T14:12:09Z,recommendationservice,adservice,0,0,0,0,0,0,0
2026-10-04T14:12:09Z,recommendationservice,cartservice,0,0,0,0,0,0,0
2026-10-04T14:12:09Z,recommendationservice,checkoutservice,0,0,0,0,0,0,0
2026-10-04T14:12:09Z,recommendationservice,currencyservice,0,0,0,0,0,0,0
2026-10-04T14:12:09Z,recommendationservice,emailservice,0,0,0,0,0,0,0
2026-10-04T14:12:09Z,recommendationservice,frontend,0,0,0,0,0,0,0
2026-10-04T14:12:09Z,recommendationservice,kubernetes,0,0,0,0,0,0,0
2026-10-04T14:12:09Z,recommendationservice,paymentservice,0,0,0,0,0,0,0
2026-10-04T14:12:09Z,recommendationservice,productcatalogservice,215649,215642,0,0,0,1398787,213895
2026-10-04T14:12:09Z,recommendationservice,recommendationservice,0,0,0,0,0,0,0
2026-10-04T14:12:09Z,recommendationservice,redis-cart,0,0,0,0,0,0,0
2026-10-04T14:12:09Z,recommendationservice,shippingservice,0,0,0,0,0,0,0
2026-10-04T14:12:09Z,redis-cart,adservice,0,0,0,0,0,0,0
2026-10-04T14:12:09Z,redis-cart,cartservice,0,0,0,0,0,0,0
2026-10-04T14:12:09Z,redis-cart,checkoutservice,0,0,0,0,0,0,0
2026-10-04T14:12:09Z,redis-cart,currencyservice,0,0,0,0,0,0,0
2026-10-04T14:12:09Z,redis-cart,emailservice,0,0,0,0,0,0,0
2026-10-04T14:12:09Z,redis-cart,frontend,0,0,0,0,0,0,0
2026-10-04T14:12:09Z,redis-cart,kubernetes,0,0,0,0,0,0,0
2026-10-04T14:12:09Z,redis-cart,paymentservice,0,0,0,0,0,0,0
2026-10-04T14:12:09Z,redis-cart,productcatalogservice,0,0,0,0,0,0,0
2026-10-04T14:12:09Z,redis-cart,recommendationservice,0,0,0,0,0,0,0
2026-10-04T14:12:09Z,redis-cart,redis-cart,0,0,0,0,0,0,0
2026-10-04T14:12:09Z,redis-cart,shippingservice,0,0,0,0,0,0,0
2026-10-04T14:12:09Z,shippingservice,adservice,0,0,0,0,0,0,0
2026-10-04T14:12:09Z,shippingservice,cartservice,0,0,0,0,0,0,0
2026-10-04T14:12:09Z,shippingservice,checkoutservice,0,0,0,0,0,0,0
2026-10-04T14:12:09Z,shippingservice,currencyservice,0,0,0,0,0,0,0
2026-10-04T14:12:09Z,shippingservice,emailservice,0,0,0,0,0,0,0
2026-10-04T14:12:09Z,shippingservice,frontend,0,0,0,0,0,0,0
2026-10-04T14:12:09Z,shippingservice,kubernetes,0,0,0,0,0,0,0
2026-10-04T14:12:09Z,shippingservice,paymentservice,0,0,0,0,0,0,0
2026-10-04T14:12:09Z,shippingservice,productcatalogservice,0,0,0,0,0,0,0
2026-10-04T14:12:09Z,shippingservice,recommendationservice,0,0,0,0,0,0,0
2026-10-04T14:12:09Z,shippingservice,redis-cart,0,0,0,0,0,0,0
2026-10-04T14:12:09Z,shippingservice,shippingservice,0,0,0,0,0,0,0
2026-10-04T14:12:10Z,adservice,adservice,0,0,0,0,0,0,0
2026-10-04T14:12:10Z,adservice,cartservice,0,0,0,0,0,0,0
2026-10-04T14:12:10Z,adservice,checkoutservice,0,0,0,0,0,0,0
2026-10-04T14:12:10Z,adservice,currencyservice,0,0,0,0,0,0,0
2026-10-04T14:12:10Z,adservice,emailservice,0,0,0,0,0,0,0
2026-10-04T14:12:10Z,adservice,frontend,0,0,0,0,0,0,0
2026-10-04T14:12:10Z,adservice,kubernetes,0,0,0,0,0,0,0
2026-10-04T14:12:10Z,adservice,paymentservice,0,0,0,0,0,0,0
2026-10-04T14:12:10Z,adservice,productcatalogservice,0,0,0,0,0,0,0
2026-10-04T14:12:10Z,adservice,recommendationservice,0,0,0,0,0,0,0
2026-10-04T14:12:10Z,adservice,redis-cart,0,0,0,0,0,0,0
2026-10-04T14:12:10Z,adservice,shippingservice,0,0,0,0,0,0,0
2026-10-04T14:12:10Z,cartservice,adservice,0,0,0,0,0,0,0
2026-10-04T14:12:10Z,cartservice,cartservice,0,0,0,0,0,0,0
2026-10-04T14:12:10Z,cartservice,checkoutservice,0,0,0,0,0,0,0
2026-10-04T14:12:10Z,cartservice,currencyservice,0,0,0,0,0,0,0
2026-10-04T14:12:10Z,cartservice,emailservice,0,0,0,0,0,0,0
2026-10-04T14:12:10Z,cartservice,frontend,0,0,0,0,0,0,0
2026-10-04T14:12:10Z,cartservice,kubernetes,0,0,0,0,0,0,0
2026-10-04T14:12:10Z,cartservice,paymentservice,0,0,0,0,0,0,0
2026-10-04T14:12:10Z,cartservice,productcatalogservice,0,0,0,0,0,0,0
2026-10-04T14:12:10Z,cartservice,recommendationservice,0,0,0,0,0,0,0
2026-10-04T14:12:10Z,cartservice,redis-cart,2,0,0,0,0,0,0
2026-10-04T14:12:10Z,cartservice,shippingservice,0,0,0,0,0,0,0
2026-10-04T14:12:10Z,checkoutservice,adservice,0,0,0,0,0,0,0
2026-10-04T14:12:10Z,checkoutservice,cartservice,73192,72261,0,100,0,756835,71879
2026-10-04T14:12:10Z,checkoutservice,checkoutservice,0,0,0,0,0,0,0
2026-10-04T14:12:10Z,checkoutservice,currencyservice,47994,47994,0,0,0,593432,47805
2026-10-04T14:12:10Z,checkoutservice,emailservice,19230,18939,0,66,0,601660,18749
2026-10-04T14:12:10Z,checkoutservice,frontend,0,0,0,0,0,0,0
2026-10-04T14:12:10Z,checkoutservice,kubernetes,0,0,0,0,0,0,0
2026-10-04T14:12:10Z,checkoutservice,paymentservice,41260,39411,0,192,0,467717,39073
2026-10-04T14:12:10Z,checkoutservice,productcatalogservice,0,0,0,0,0,0,0
2026-10-04T14:12:10Z,checkoutservice,recommendationservice,0,0,0,0,0,0,0
2026-10-04T14:12:10Z,checkoutservice,redis-cart,0,0,0,0,0,0,0
2026-10-04T14:12:10Z,checkoutservice,shippingservice,78503,76399,0,154,0,538934,76019
2026-10-04T14:12:10Z,currencyservice,adservice,0,0,0,0,0,0,0
2026-10-04T14:12:10Z,currencyservice,cartservice,0,0,0,0,0,0,0
2026-10-04T14:12:10Z,currencyservice,checkoutservice,0,0,0,0,0,0,0
2026-10-04T14:12:10Z,currencyservice,currencyservice,0,0,0,0,0,0,0
2026-10-04T14:12:10Z,currencyservice,emailservice,0,0,0,0,0,0,0
2026-10-04T14:12:10Z,currencyservice,frontend,0,0,0,0,0,0,0
2026-10-04T14:12:10Z,currencyservice,kubernetes,0,0,0,0,0,0,0
2026-10-04T14:12:10Z,currencyservice,paymentservice,0,0,0,0,0,0,0
2026-10-04T14:12:10Z,currencyservice,productcatalogservice,0,0,0,0,0,0,0
2026-10-04T14:12:10Z,currencyservice,recommendationservice,0,0,0,0,0,0,0
2026-10-04T14:12:10Z,currencyservice,redis-cart,0,0,0,0,0,0,0
2026-10-04T14:12:10Z,currencyservice,shippingservice,0,0,0,0,0,0,0
2026-10-04T14:12:10Z,emailservice,adservice,0,0,0,0,0,0,0
2026-10-04T14:12:10Z,emailservice,cartservice,0,0,0,0,0,0,0
2026-10-04T14:12:10Z,emailservice,checkoutservice,0,0,0,0,0,0,0
2026-10-04T14:12:10Z,emailservice,currencyservice,0,0,0,0,0,0,0
2026-10-04T14:12:10Z,emailservice,emailservice,0,0,0,0,0,0,0
2026-10-04T14:12:10Z,emailservice,frontend,0,0,0,0,0,0,0
2026-10-04T14:12:10Z,emailservice,kubernetes,0,0,0,0,0,0,0
2026-10-04T14:12:10Z,emailservice,paymentservice,0,0,0,0,0,0,0
2026-10-04T14:12:10Z,emailservice,productcatalogservice,0,0,0,0,0,0,0
2026-10-04T14:12:10Z,emailservice,recommendationservice,0,0,0,0,0,0,0
2026-10-04T14:12:10Z,emailservice,redis-cart,0,0,0,0,0,0,0
2026-10-04T14:12:10Z,emailservice,shippingservice,0,0,0,0,0,0,0
2026-10-04T14:12:10Z,frontend,adservice,866271,866266,0,0,0,2607139,866002
2026-10-04T14:12:10Z,frontend,cartservice,1942115,1942100,0,0,4,10698087,1941443
2026-10-04T14:12:10Z,frontend,checkoutservice,406983,197010,0,40061,169948,63520334,196918
2026-10-04T14:12:10Z,frontend,currencyservice,3085824,3085816,0,0,0,16152274,3084766
2026-10-04T14:12:10Z,frontend,emailservice,0,0,0,0,0,0,0
2026-10-04T14:12:10Z,frontend,frontend,0,0,0,0,0,0,0
2026-10-04T14:12:10Z,frontend,kubernetes,0,0,0,0,0,0,0
2026-10-04T14:12:10Z,frontend,paymentservice,0,0,0,0,0,0,0
2026-10-04T14:12:10Z,frontend,productcatalogservice,8618487,8618409,0,0,0,58737037,8615657
2026-10-04T14:12:10Z,frontend,recommendationservice,2847492,1714674,0,119472,1010816,869655196,1714070
2026-10-04T14:12:10Z,frontend,redis-cart,0,0,0,0,0,0,0
2026-10-04T14:12:10Z,frontend,shippingservice,317552,317550,0,0,0,957744,317463
2026-10-04T14:12:10Z,paymentservice,adservice,0,0,0,0,0,0,0
2026-10-04T14:12:10Z,paymentservice,cartservice,0,0,0,0,0,0,0
2026-10-04T14:12:10Z,paymentservice,checkoutservice,0,0,0,0,0,0,0
2026-10-04T14:12:10Z,paymentservice,currencyservice,0,0,0,0,0,0,0
2026-10-04T14:12:10Z,paymentservice,emailservice,0,0,0,0,0,0,0
2026-10-04T14:12:10Z,paymentservice,frontend,0,0,0,0,0,0,0
2026-10-04T14:12:10Z,paymentservice,kubernetes,0,0,0,0,0,0,0
2026-10-04T14:12:10Z,paymentservice,paymentservice,0,0,0,0,0,0,0
2026-10-04T14:12:10Z,paymentservice,productcatalogservice,0,0,0,0,0,0,0
2026-10-04T14:12:10Z,paymentservice,recommendationservice,0,0,0,0,0,0,0
2026-10-04T14:12:10Z,paymentservice,redis-cart,0,0,0,0,0,0,0
2026-10-04T14:12:10Z,paymentservice,shippingservice,0,0,0,0,0,0,0
2026-10-04T14:12:10Z,productcatalogservice,adservice,0,0,0,0,0,0,0
2026-10-04T14:12:10Z,productcatalogservice,cartservice,0,0,0,0,0,0,0
2026-10-04T14:12:10Z,productcatalogservice,checkoutservice,0,0,0,0,0,0,0
2026-10-04T14:12:10Z,productcatalogservice,currencyservice,0,0,0,0,0,0,0
2026-10-04T14:12:10Z,productcatalogservice,emailservice,0,0,0,0,0,0,0
2026-10-04T14:12:10Z,productcatalogservice,frontend,0,0,0,0,0,0,0
2026-10-04T14:12:10Z,productcatalogservice,kubernetes,0,0,0,0,0,0,0
2026-10-04T14:12:10Z,productcatalogservice,paymentservice,0,0,0,0,0,0,0
2026-10-04T14:12:10Z,productcatalogservice,productcatalogservice,0,0,0,0,0,0,0
2026-10-04T14:12:10Z,productcatalogservice,recommendationservice,0,0,0,0,0,0,0
2026-10-04T14:12:10Z,productcatalogservice,redis-cart,0,0,0,0,0,0,0
2026-10-04T14:12:10Z,productcatalogservice,shippingservice,0,0,0,0,0,0,0
2026-10-04T14:12:10Z,recommendationservice,adservice,0,0,0,0,0,0,0
2026-10-04T14:12:10Z,recommendationservice,cartservice,0,0,0,0,0,0,0
2026-10-04T14:12:10Z,recommendationservice,checkoutservice,0,0,0,0,0,0,0
2026-10-04T14:12:10Z,recommendationservice,currencyservice,0,0,0,0,0,0,0
2026-10-04T14:12:10Z,recommendationservice,emailservice,0,0,0,0,0,0,0
2026-10-04T14:12:10Z,recommendationservice,frontend,0,0,0,0,0,0,0
2026-10-04T14:12:10Z,recommendationservice,kubernetes,0,0,0,0,0,0,0
2026-10-04T14:12:10Z,recommendationservice,paymentservice,0,0,0,0,0,0,0
2026-10-04T14:12:10Z,recommendationservice,productcatalogservice,216118,216115,0,0,0,1411572,216099
2026-10-04T14:12:10Z,recommendationservice,recommendationservice,0,0,0,0,0,0,0
2026-10-04T14:12:10Z,recommendationservice,redis-cart,0,0,0,0,0,0,0
2026-10-04T14:12:10Z,recommendationservice,shippingservice,0,0,0,0,0,0,0
2026-10-04T14:12:10Z,redis-cart,adservice,0,0,0,0,0,0,0
2026-10-04T14:12:10Z,redis-cart,cartservice,0,0,0,0,0,0,0
2026-10-04T14:12:10Z,redis-cart,checkoutservice,0,0,0,0,0,0,0
2026-10-04T14:12:10Z,redis-cart,currencyservice,0,0,0,0,0,0,0
2026-10-04T14:12:10Z,redis-cart,emailservice,0,0,0,0,0,0,0
2026-10-04T14:12:10Z,redis-cart,frontend,0,0,0,0,0,0,0
2026-10-04T14:12:10Z,redis-cart,kubernetes,0,0,0,0,0,0,0
2026-10-04T14:12:10Z,redis-cart,paymentservice,0,0,0,0,0,0,0
2026-10-04T14:12:10Z,redis-cart,productcatalogservice,0,0,0,0,0,0,0
2026-10-04T14:12:10Z,redis-cart,recommendationservice,0,0,0,0,0,0,0
2026-10-04T14:12:10Z,redis-cart,redis-cart,0,0,0,0,0,0,0
2026-10-04T14:12:10Z,redis-cart,shippingservice,0,0,0,0,0,0,0
2026-10-04T14:12:10Z,shippingservice,adservice,0,0,0,0,0,0,0
2026-10-04T14:12:10Z,shippingservice,cartservice,0,0,0,0,0,0,0
2026-10-04T14:12:10Z,shippingservice,checkoutservice,0,0,0,0,0,0,0
2026-10-04T14:12:10Z,shippingservice,currencyservice,0,0,0,0,0,0,0
2026-10-04T14:12:10Z,shippingservice,emailservice,0,0,0,0,0,0,0
2026-10-04T14:12:10Z,shippingservice,frontend,0,0,0,0,0,0,0
2026-10-04T14:12:10Z,shippingservice,kubernetes,0,0,0,0,0,0,0
2026-10-04T14:12:10Z,shippingservice,paymentservice,0,0,0,0,0,0,0
2026-10-04T14:12:10Z,shippingservice,productcatalogservice,0,0,0,0,0,0,0
2026-10-04T14:12:10Z,shippingservice,recommendationservice,0,0,0,0,0,0,0
2026-10-04T14:12:10Z,shippingservice,redis-cart,0,0,0,0,0,0,0
2026-10-04T14:12:10Z,shippingservice,shippingservice,0,0,0,0,0,0,0
2026-10-04T14:12:11Z,adservice,adservice,0,0,0,0,0,0,0
2026-10-04T14:12:11Z,adservice,cartservice,0,0,0,0,0,0,0
2026-10-04T14:12:11Z,adservice,checkoutservice,0,0,0,0,0,0,0
2026-10-04T14:12:11Z,adservice,currencyservice,0,0,0,0,0,0,0
2026-10-04T14:12:11Z,adservice,emailservice,0,0,0,0,0,0,0
2026-10-04T14:12:11Z,adservice,frontend,0,0,0,0,0,0,0
2026-10-04T14:12:11Z,adservice,kubernetes,0,0,0,0,0,0,0
2026-10-04T14:12:11Z,adservice,paymentservice,0,0,0,0,0,0,0
2026-10-04T14:12:11Z,adservice,productcatalogservice,0,0,0,0,0,0,0
2026-10-04T14:12:11Z,adservice,recommendationservice,0,0,0,0,0,0,0
2026-10-04T14:12:11Z,adservice,redis-cart,0,0,0,0,0,0,0
2026-10-04T14:12:11Z,adservice,shippingservice,0,0,0,0,0,0,0
2026-10-04T14:12:11Z,cartservice,adservice,0,0,0,0,0,0,0
2026-10-04T14:12:11Z,cartservice,cartservice,0,0,0,0,0,0,0
2026-10-04T14:12:11Z,cartservice,checkoutservice,0,0,0,0,0,0,0
2026-10-04T14:12:11Z,cartservice,currencyservice,0,0,0,0,0,0,0
2026-10-04T14:12:11Z,cartservice,emailservice,0,0,0,0,0,0,0
2026-10-04T14:12:11Z,cartservice,frontend,0,0,0,0,0,0,0
2026-10-04T14:12:11Z,cartservice,kubernetes,0,0,0,0,0,0,0
2026-10-04T14:12:11Z,cartservice,paymentservice,0,0,0,0,0,0,0
2026-10-04T14:12:11Z,cartservice,productcatalogservice,0,0,0,0,0,0,0
2026-10-04T14:12:11Z,cartservice,recommendationservice,0,0,0,0,0,0,0
2026-10-04T14:12:11Z,cartservice,redis-cart,2,0,0,0,0,0,0
2026-10-04T14:12:11Z,cartservice,shippingservice,0,0,0,0,0,0,0
2026-10-04T14:12:11Z,checkoutservice,adservice,0,0,0,0,0,0,0
2026-10-04T14:12:11Z,checkoutservice,cartservice,73284,72352,0,100,0,756835,71879
2026-10-04T14:12:11Z,checkoutservice,checkoutservice,0,0,0,0,0,0,0
2026-10-04T14:12:11Z,checkoutservice,currencyservice,48039,48039,0,0,0,593432,47805
2026-10-04T14:12:11Z,checkoutservice,emailservice,19277,18986,0,66,0,601660,18749
2026-10-04T14:12:11Z,checkoutservice,frontend,0,0,0,0,0,0,0
2026-10-04T14:12:11Z,checkoutservice,kubernetes,0,0,0,0,0,0,0
2026-10-04T14:12:11Z,checkoutservice,paymentservice,41305,39457,0,192,0,467717,39073
2026-10-04T14:12:11Z,checkoutservice,productcatalogservice,0,0,0,0,0,0,0
2026-10-04T14:12:11Z,checkoutservice,recommendationservice,0,0,0,0,0,0,0
2026-10-04T14:12:11Z,checkoutservice,redis-cart,0,0,0,0,0,0,0
2026-10-04T14:12:11Z,checkoutservice,shippingservice,78594,76491,0,154,0,538934,76019
2026-10-04T14:12:11Z,currencyservice,adservice,0,0,0,0,0,0,0
2026-10-04T14:12:11Z,currencyservice,cartservice,0,0,0,0,0,0,0
2026-10-04T14:12:11Z,currencyservice,checkoutservice,0,0,0,0,0,0,0
2026-10-04T14:12:11Z,currencyservice,currencyservice,0,0,0,0,0,0,0
2026-10-04T14:12:11Z,currencyservice,emailservice,0,0,0,0,0,0,0
2026-10-04T14:12:11Z,currencyservice,frontend,0,0,0,0,0,0,0
2026-10-04T14:12:11Z,currencyservice,kubernetes,0,0,0,0,0,0,0
2026-10-04T14:12:11Z,currencyservice,paymentservice,0,0,0,0,0,0,0
2026-10-04T14:12:11Z,currencyservice,productcatalogservice,0,0,0,0,0,0,0
2026-10-04T14:12:11Z,currencyservice,recommendationservice,0,0,0,0,0,0,0
2026-10-04T14:12:11Z,currencyservice,redis-cart,0,0,0,0,0,0,0
2026-10-04T14:12:11Z,currencyservice,shippingservice,0,0,0,0,0,0,0
2026-10-04T14:12:11Z,emailservice,adservice,0,0,0,0,0,0,0
2026-10-04T14:12:11Z,emailservice,cartservice,0,0,0,0,0,0,0
2026-10-04T14:12:11Z,emailservice,checkoutservice,0,0,0,0,0,0,0
2026-10-04T14:12:11Z,emailservice,currencyservice,0,0,0,0,0,0,0
2026-10-04T14:12:11Z,emailservice,emailservice,0,0,0,0,0,0,0
2026-10-04T14:12:11Z,emailservice,frontend,0,0,0,0,0,0,0
2026-10-04T14:12:11Z,emailservice,kubernetes,0,0,0,0,0,0,0
2026-10-04T14:12:11Z,emailservice,paymentservice,0,0,0,0,0,0,0
2026-10-04T14:12:11Z,emailservice,productcatalogservice,0,0,0,0,0,0,0
2026-10-04T14:12:11Z,emailservice,recommendationservice,0,0,0,0,0,0,0
2026-10-04T14:12:11Z,emailservice,redis-cart,0,0,0,0,0,0,0
2026-10-04T14:12:11Z,emailservice,shippingservice,0,0,0,0,0,0,0
2026-10-04T14:12:11Z,frontend,adservice,866408,866406,0,0,0,2607139,866002
2026-10-04T14:12:11Z,frontend,cartservice,1942529,1942515,0,0,4,10698087,1941443
2026-10-04T14:12:11Z,frontend,checkoutservice,407037,197069,0,40061,169948,63520334,196918
2026-10-04T14:12:11Z,frontend,currencyservice,3086488,3086477,0,0,0,16152274,3084766
2026-10-04T14:12:11Z,frontend,emailservice,0,0,0,0,0,0,0
2026-10-04T14:12:11Z,frontend,frontend,0,0,0,0,0,0,0
2026-10-04T14:12:11Z,frontend,kubernetes,0,0,0,0,0,0,0
2026-10-04T14:12:11Z,frontend,paymentservice,0,0,0,0,0,0,0
2026-10-04T14:12:11Z,frontend,productcatalogservice,8620005,8619934,0,0,0,58737037,8615657
2026-10-04T14:12:11Z,frontend,recommendationservice,2848225,1715040,0,119516,1011139,869655196,1714070
2026-10-04T14:12:11Z,frontend,redis-cart,0,0,0,0,0,0,0
2026-10-04T14:12:11Z,frontend,shippingservice,317603,317601,0,0,0,957744,317463
2026-10-04T14:12:11Z,paymentservice,adservice,0,0,0,0,0,0,0
2026-10-04T14:12:11Z,paymentservice,cartservice,0,0,0,0,0,0,0
2026-10-04T14:12:11Z,paymentservice,checkoutservice,0,0,0,0,0,0,0
2026-10-04T14:12:11Z,paymentservice,currencyservice,0,0,0,0,0,0,0
2026-10-04T14:12:11Z,paymentservice,emailservice,0,0,0,0,0,0,0
2026-10-04T14:12:11Z,paymentservice,frontend,0,0,0,0,0,0,0
2026-10-04T14:12:11Z,paymentservice,kubernetes,0,0,0,0,0,0,0
2026-10-04T14:12:11Z,paymentservice,paymentservice,0,0,0,0,0,0,0
2026-10-04T14:12:11Z,paymentservice,productcatalogservice,0,0,0,0,0,0,0
2026-10-04T14:12:11Z,paymentservice,recommendationservice,0,0,0,0,0,0,0
2026-10-04T14:12:11Z,paymentservice,redis-cart,0,0,0,0,0,0,0
2026-10-04T14:12:11Z,paymentservice,shippingservice,0,0,0,0,0,0,0
2026-10-04T14:12:11Z,productcatalogservice,adservice,0,0,0,0,0,0,0
2026-10-04T14:12:11Z,productcatalogservice,cartservice,0,0,0,0,0,0,0
2026-10-04T14:12:11Z,productcatalogservice,checkoutservice,0,0,0,0,0,0,0
2026-10-04T14:12:11Z,productcatalogservice,currencyservice,0,0,0,0,0,0,0
2026-10-04T14:12:11Z,productcatalogservice,emailservice,0,0,0,0,0,0,0
2026-10-04T14:12:11Z,productcatalogservice,frontend,0,0,0,0,0,0,0
2026-10-04T14:12:11Z,productcatalogservice,kubernetes,0,0,0,0,0,0,0
2026-10-04T14:12:11Z,productcatalogservice,paymentservice,0,0,0,0,0,0,0
2026-10-04T14:12:11Z,productcatalogservice,productcatalogservice,0,0,0,0,0,0,0
2026-10-04T14:12:11Z,productcatalogservice,recommendationservice,0,0,0,0,0,0,0
2026-10-04T14:12:11Z,productcatalogservice,redis-cart,0,0,0,0,0,0,0
2026-10-04T14:12:11Z,productcatalogservice,shippingservice,0,0,0,0,0,0,0
2026-10-04T14:12:11Z,recommendationservice,adservice,0,0,0,0,0,0,0
2026-10-04T14:12:11Z,recommendationservice,cartservice,0,0,0,0,0,0,0
2026-10-04T14:12:11Z,recommendationservice,checkoutservice,0,0,0,0,0,0,0
2026-10-04T14:12:11Z,recommendationservice,currencyservice,0,0,0,0,0,0,0
2026-10-04T14:12:11Z,recommendationservice,emailservice,0,0,0,0,0,0,0
2026-10-04T14:12:11Z,recommendationservice,frontend,0,0,0,0,0,0,0
2026-10-04T14:12:11Z,recommendationservice,kubernetes,0,0,0,0,0,0,0
2026-10-04T14:12:11Z,recommendationservice,paymentservice,0,0,0,0,0,0,0
2026-10-04T14:12:11Z,recommendationservice,productcatalogservice,216552,216550,0,0,0,1411572,216099
2026-10-04T14:12:11Z,recommendationservice,recommendationservice,0,0,0,0,0,0,0
2026-10-04T14:12:11Z,recommendationservice,redis-cart,0,0,0,0,0,0,0
2026-10-04T14:12:11Z,recommendationservice,shippingservice,0,0,0,0,0,0,0
2026-10-04T14:12:11Z,redis-cart,adservice,0,0,0,0,0,0,0
2026-10-04T14:12:11Z,redis-cart,cartservice,0,0,0,0,0,0,0
2026-10-04T14:12:11Z,redis-cart,checkoutservice,0,0,0,0,0,0,0
2026-10-04T14:12:11Z,redis-cart,currencyservice,0,0,0,0,0,0,0
2026-10-04T14:12:11Z,redis-cart,emailservice,0,0,0,0,0,0,0
2026-10-04T14:12:11Z,redis-cart,frontend,0,0,0,0,0,0,0
2026-10-04T14:12:11Z,redis-cart,kubernetes,0,0,0,0,0,0,0
2026-10-04T14:12:11Z,redis-cart,paymentservice,0,0,0,0,0,0,0
2026-10-04T14:12:11Z,redis-cart,productcatalogservice,0,0,0,0,0,0,0
2026-10-04T14:12:11Z,redis-cart,recommendationservice,0,0,0,0,0,0,0
2026-10-04T14:12:11Z,redis-cart,redis-cart,0,0,0,0,0,0,0
2026-10-04T14:12:11Z,redis-cart,shippingservice,0,0,0,0,0,0,0
2026-10-04T14:12:11Z,shippingservice,adservice,0,0,0,0,0,0,0
2026-10-04T14:12:11Z,shippingservice,cartservice,0,0,0,0,0,0,0
2026-10-04T14:12:11Z,shippingservice,checkoutservice,0,0,0,0,0,0,0
2026-10-04T14:12:11Z,shippingservice,currencyservice,0,0,0,0,0,0,0
2026-10-04T14:12:11Z,shippingservice,emailservice,0,0,0,0,0,0,0
2026-10-04T14:12:11Z,shippingservice,frontend,0,0,0,0,0,0,0
2026-10-04T14:12:11Z,shippingservice,kubernetes,0,0,0,0,0,0,0
2026-10-04T14:12:11Z,shippingservice,paymentservice,0,0,0,0,0,0,0
2026-10-04T14:12:11Z,shippingservice,productcatalogservice,0,0,0,0,0,0,0
2026-10-04T14:12:11Z,shippingservice,recommendationservice,0,0,0,0,0,0,0
2026-10-04T14:12:11Z,shippingservice,redis-cart,0,0,0,0,0,0,0
2026-10-04T14:12:11Z,shippingservice,shippingservice,0,0,0,0,0,0,0
2026-10-04T14:12:12Z,adservice,adservice,0,0,0,0,0,0,0
2026-10-04T14:12:12Z,adservice,cartservice,0,0,0,0,0,0,0
2026-10-04T14:12:12Z,adservice,checkoutservice,0,0,0,0,0,0,0
2026-10-04T14:12:12Z,adservice,currencyservice,0,0,0,0,0,0,0
2026-10-04T14:12:12Z,adservice,emailservice,0,0,0,0,0,0,0
2026-10-04T14:12:12Z,adservice,frontend,0,0,0,0,0,0,0
2026-10-04T14:12:12Z,adservice,kubernetes,0,0,0,0,0,0,0
2026-10-04T14:12:12Z,adservice,paymentservice,0,0,0,0,0,0,0
2026-10-04T14:12:12Z,adservice,productcatalogservice,0,0,0,0,0,0,0
2026-10-04T14:12:12Z,adservice,recommendationservice,0,0,0,0,0,0,0
2026-10-04T14:12:12Z,adservice,redis-cart,0,0,0,0,0,0,0
2026-10-04T14:12:12Z,adservice,shippingservice,0,0,0,0,0,0,0
2026-10-04T14:12:12Z,cartservice,adservice,0,0,0,0,0,0,0
2026-10-04T14:12:12Z,cartservice,cartservice,0,0,0,0,0,0,0
2026-10-04T14:12:12Z,cartservice,checkoutservice,0,0,0,0,0,0,0
2026-10-04T14:12:12Z,cartservice,currencyservice,0,0,0,0,0,0,0
2026-10-04T14:12:12Z,cartservice,emailservice,0,0,0,0,0,0,0
2026-10-04T14:12:12Z,cartservice,frontend,0,0,0,0,0,0,0
2026-10-04T14:12:12Z,cartservice,kubernetes,0,0,0,0,0,0,0
2026-10-04T14:12:12Z,cartservice,paymentservice,0,0,0,0,0,0,0
2026-10-04T14:12:12Z,cartservice,productcatalogservice,0,0,0,0,0,0,0
2026-10-04T14:12:12Z,cartservice,recommendationservice,0,0,0,0,0,0,0
2026-10-04T14:12:12Z,cartservice,redis-cart,2,0,0,0,0,0,0
2026-10-04T14:12:12Z,cartservice,shippingservice,0,0,0,0,0,0,0
2026-10-04T14:12:12Z,checkoutservice,adservice,0,0,0,0,0,0,0
2026-10-04T14:12:12Z,checkoutservice,cartservice,73393,72462,0,100,0,759474,72448
2026-10-04T14:12:12Z,checkoutservice,checkoutservice,0,0,0,0,0,0,0
2026-10-04T14:12:12Z,checkoutservice,currencyservice,48094,48094,0,0,0,594458,48088
2026-10-04T14:12:12Z,checkoutservice,emailservice,19332,19042,0,66,0,606317,19033
2026-10-04T14:12:12Z,checkoutservice,frontend,0,0,0,0,0,0,0
2026-10-04T14:12:12Z,checkoutservice,kubernetes,0,0,0,0,0,0,0
2026-10-04T14:12:12Z,checkoutservice,paymentservice,41360,39512,0,192,0,469153,39358
2026-10-04T14:12:12Z,checkoutservice,productcatalogservice,0,0,0,0,0,0,0
2026-10-04T14:12:12Z,checkoutservice,recommendationservice,0,0,0,0,0,0,0
2026-10-04T14:12:12Z,checkoutservice,redis-cart,0,0,0,0,0,0,0
2026-10-04T14:12:12Z,checkoutservice,shippingservice,78704,76601,0,154,0,540218,76587
2026-10-04T14:12:12Z,currencyservice,adservice,0,0,0,0,0,0,0
2026-10-04T14:12:12Z,currencyservice,cartservice,0,0,0,0,0,0,0
2026-10-04T14:12:12Z,currencyservice,checkoutservice,0,0,0,0,0,0,0
2026-10-04T14:12:12Z,currencyservice,currencyservice,0,0,0,0,0,0,0
2026-10-04T14:12:12Z,currencyservice,emailservice,0,0,0,0,0,0,0
2026-10-04T14:12:12Z,currencyservice,frontend,0,0,0,0,0,0,0
2026-10-04T14:12:12Z,currencyservice,kubernetes,0,0,0,0,0,0,0
2026-10-04T14:12:12Z,currencyservice,paymentservice,0,0,0,0,0,0,0
2026-10-04T14:12:12Z,currencyservice,productcatalogservice,0,0,0,0,0,0,0
2026-10-04T14:12:12Z,currencyservice,recommendationservice,0,0,0,0,0,0,0
2026-10-04T14:12:12Z,currencyservice,redis-cart,0,0,0,0,0,0,0
2026-10-04T14:12:12Z,currencyservice,shippingservice,0,0,0,0,0,0,0
2026-10-04T14:12:12Z,emailservice,adservice,0,0,0,0,0,0,0
2026-10-04T14:12:12Z,emailservice,cartservice,0,0,0,0,0,0,0
2026-10-04T14:12:12Z,emailservice,checkoutservice,0,0,0,0,0,0,0
2026-10-04T14:12:12Z,emailservice,currencyservice,0,0,0,0,0,0,0
2026-10-04T14:12:12Z,emailservice,emailservice,0,0,0,0,0,0,0
2026-10-04T14:12:12Z,emailservice,frontend,0,0,0,0,0,0,0
2026-10-04T14:12:12Z,emailservice,kubernetes,0,0,0,0,0,0,0
2026-10-04T14:12:12Z,emailservice,paymentservice,0,0,0,0,0,0,0
2026-10-04T14:12:12Z,emailservice,productcatalogservice,0,0,0,0,0,0,0
2026-10-04T14:12:12Z,emailservice,recommendationservice,0,0,0,0,0,0,0
2026-10-04T14:12:12Z,emailservice,redis-cart,0,0,0,0,0,0,0
2026-10-04T14:12:12Z,emailservice,shippingservice,0,0,0,0,0,0,0
2026-10-04T14:12:12Z,frontend,adservice,866552,866550,0,0,0,2607139,866002
2026-10-04T14:12:12Z,frontend,cartservice,1942932,1942916,0,0,4,10698087,1941443
2026-10-04T14:12:12Z,frontend,checkoutservice,407093,197113,0,40061,169948,63520334,196918
2026-10-04T14:12:12Z,frontend,currencyservice,3087112,3087104,0,0,0,16152274,3084766
2026-10-04T14:12:12Z,frontend,emailservice,0,0,0,0,0,0,0
2026-10-04T14:12:12Z,frontend,frontend,0,0,0,0,0,0,0
2026-10-04T14:12:12Z,frontend,kubernetes,0,0,0,0,0,0,0
2026-10-04T14:12:12Z,frontend,paymentservice,0,0,0,0,0,0,0
2026-10-04T14:12:12Z,frontend,productcatalogservice,8621591,8621522,0,0,0,58737037,8615657
2026-10-04T14:12:12Z,frontend,recommendationservice,2848957,1715395,0,119560,1011466,869655196,1714070
2026-10-04T14:12:12Z,frontend,redis-cart,0,0,0,0,0,0,0
2026-10-04T14:12:12Z,frontend,shippingservice,317657,317655,0,0,0,957744,317463
2026-10-04T14:12:12Z,paymentservice,adservice,0,0,0,0,0,0,0
2026-10-04T14:12:12Z,paymentservice,cartservice,0,0,0,0,0,0,0
2026-10-04T14:12:12Z,paymentservice,checkoutservice,0,0,0,0,0,0,0
2026-10-04T14:12:12Z,paymentservice,currencyservice,0,0,0,0,0,0,0
2026-10-04T14:12:12Z,paymentservice,emailservice,0,0,0,0,0,0,0
2026-10-04T14:12:12Z,paymentservice,frontend,0,0,0,0,0,0,0
2026-10-04T14:12:12Z,paymentservice,kubernetes,0,0,0,0,0,0,0
2026-10-04T14:12:12Z,paymentservice,paymentservice,0,0,0,0,0,0,0
2026-10-04T14:12:12Z,paymentservice,productcatalogservice,0,0,0,0,0,0,0
2026-10-04T14:12:12Z,paymentservice,recommendationservice,0,0,0,0,0,0,0
2026-10-04T14:12:12Z,paymentservice,redis-cart,0,0,0,0,0,0,0
2026-10-04T14:12:12Z,paymentservice,shippingservice,0,0,0,0,0,0,0
2026-10-04T14:12:12Z,productcatalogservice,adservice,0,0,0,0,0,0,0
2026-10-04T14:12:12Z,productcatalogservice,cartservice,0,0,0,0,0,0,0
2026-10-04T14:12:12Z,productcatalogservice,checkoutservice,0,0,0,0,0,0,0
2026-10-04T14:12:12Z,productcatalogservice,currencyservice,0,0,0,0,0,0,0
2026-10-04T14:12:12Z,productcatalogservice,emailservice,0,0,0,0,0,0,0
2026-10-04T14:12:12Z,productcatalogservice,frontend,0,0,0,0,0,0,0
2026-10-04T14:12:12Z,productcatalogservice,kubernetes,0,0,0,0,0,0,0
2026-10-04T14:12:12Z,productcatalogservice,paymentservice,0,0,0,0,0,0,0
2026-10-04T14:12:12Z,productcatalogservice,productcatalogservice,0,0,0,0,0,0,0
2026-10-04T14:12:12Z,productcatalogservice,recommendationservice,0,0,0,0,0,0,0
2026-10-04T14:12:12Z,productcatalogservice,redis-cart,0,0,0,0,0,0,0
2026-10-04T14:12:12Z,productcatalogservice,shippingservice,0,0,0,0,0,0,0
2026-10-04T14:12:12Z,recommendationservice,adservice,0,0,0,0,0,0,0
2026-10-04T14:12:12Z,recommendationservice,cartservice,0,0,0,0,0,0,0
2026-10-04T14:12:12Z,recommendationservice,checkoutservice,0,0,0,0,0,0,0
2026-10-04T14:12:12Z,recommendationservice,currencyservice,0,0,0,0,0,0,0
2026-10-04T14:12:12Z,recommendationservice,emailservice,0,0,0,0,0,0,0
2026-10-04T14:12:12Z,recommendationservice,frontend,0,0,0,0,0,0,0
2026-10-04T14:12:12Z,recommendationservice,kubernetes,0,0,0,0,0,0,0
2026-10-04T14:12:12Z,recommendationservice,paymentservice,0,0,0,0,0,0,0
2026-10-04T14:12:12Z,recommendationservice,productcatalogservice,216958,216958,0,0,0,1411572,216099
2026-10-04T14:12:12Z,recommendationservice,recommendationservice,0,0,0,0,0,0,0
2026-10-04T14:12:12Z,recommendationservice,redis-cart,0,0,0,0,0,0,0
2026-10-04T14:12:12Z,recommendationservice,shippingservice,0,0,0,0,0,0,0
2026-10-04T14:12:12Z,redis-cart,adservice,0,0,0,0,0,0,0
2026-10-04T14:12:12Z,redis-cart,cartservice,0,0,0,0,0,0,0
2026-10-04T14:12:12Z,redis-cart,checkoutservice,0,0,0,0,0,0,0
2026-10-04T14:12:12Z,redis-cart,currencyservice,0,0,0,0,0,0,0
2026-10-04T14:12:12Z,redis-cart,emailservice,0,0,0,0,0,0,0
2026-10-04T14:12:12Z,redis-cart,frontend,0,0,0,0,0,0,0
2026-10-04T14:12:12Z,redis-cart,kubernetes,0,0,0,0,0,0,0
2026-10-04T14:12:12Z,redis-cart,paymentservice,0,0,0,0,0,0,0
2026-10-04T14:12:12Z,redis-cart,productcatalogservice,0,0,0,0,0,0,0
2026-10-04T14:12:12Z,redis-cart,recommendationservice,0,0,0,0,0,0,0
2026-10-04T14:12:12Z,redis-cart,redis-cart,0,0,0,0,0,0,0
2026-10-04T14:12:12Z,redis-cart,shippingservice,0,0,0,0,0,0,0
2026-10-04T14:12:12Z,shippingservice,adservice,0,0,0,0,0,0,0
2026-10-04T14:12:12Z,shippingservice,cartservice,0,0,0,0,0,0,0
2026-10-04T14:12:12Z,shippingservice,checkoutservice,0,0,0,0,0,0,0
2026-10-04T14:12:12Z,shippingservice,currencyservice,0,0,0,0,0,0,0
2026-10-04T14:12:12Z,shippingservice,emailservice,0,0,0,0,0,0,0
2026-10-04T14:12:12Z,shippingservice,frontend,0,0,0,0,0,0,0
2026-10-04T14:12:12Z,shippingservice,kubernetes,0,0,0,0,0,0,0
2026-10-04T14:12:12Z,shippingservice,paymentservice,0,0,0,0,0,0,0
2026-10-04T14:12:12Z,shippingservice,productcatalogservice,0,0,0,0,0,0,0
2026-10-04T14:12:12Z,shippingservice,recommendationservice,0,0,0,0,0,0,0
2026-10-04T14:12:12Z,shippingservice,redis-cart,0,0,0,0,0,0,0
2026-10-04T14:12:12Z,shippingservice,shippingservice,0,0,0,0,0,0,0
2026-10-04T14:12:13Z,adservice,adservice,0,0,0,0,0,0,0
2026-10-04T14:12:13Z,adservice,cartservice,0,0,0,0,0,0,0
2026-10-04T14:12:13Z,adservice,checkoutservice,0,0,0,0,0,0,0
2026-10-04T14:12:13Z,adservice,currencyservice,0,0,0,0,0,0,0
2026-10-04T14:12:13Z,adservice,emailservice,0,0,0,0,0,0,0
2026-10-04T14:12:13Z,adservice,frontend,0,0,0,0,0,0,0
2026-10-04T14:12:13Z,adservice,kubernetes,0,0,0,0,0,0,0
2026-10-04T14:12:13Z,adservice,paymentservice,0,0,0,0,0,0,0
2026-10-04T14:12:13Z,adservice,productcatalogservice,0,0,0,0,0,0,0
2026-10-04T14:12:13Z,adservice,recommendationservice,0,0,0,0,0,0,0
2026-10-04T14:12:13Z,adservice,redis-cart,0,0,0,0,0,0,0
2026-10-04T14:12:13Z,adservice,shippingservice,0,0,0,0,0,0,0
2026-10-04T14:12:13Z,cartservice,adservice,0,0,0,0,0,0,0
2026-10-04T14:12:13Z,cartservice,cartservice,0,0,0,0,0,0,0
2026-10-04T14:12:13Z,cartservice,checkoutservice,0,0,0,0,0,0,0
2026-10-04T14:12:13Z,cartservice,currencyservice,0,0,0,0,0,0,0
2026-10-04T14:12:13Z,cartservice,emailservice,0,0,0,0,0,0,0
2026-10-04T14:12:13Z,cartservice,frontend,0,0,0,0,0,0,0
2026-10-04T14:12:13Z,cartservice,kubernetes,0,0,0,0,0,0,0
2026-10-04T14:12:13Z,cartservice,paymentservice,0,0,0,0,0,0,0
2026-10-04T14:12:13Z,cartservice,productcatalogservice,0,0,0,0,0,0,0
2026-10-04T14:12:13Z,cartservice,recommendationservice,0,0,0,0,0,0,0
2026-10-04T14:12:13Z,cartservice,redis-cart,2,0,0,0,0,0,0
2026-10-04T14:12:13Z,cartservice,shippingservice,0,0,0,0,0,0,0
2026-10-04T14:12:13Z,checkoutservice,adservice,0,0,0,0,0,0,0
2026-10-04T14:12:13Z,checkoutservice,cartservice,73537,72600,0,100,0,759474,72448
2026-10-04T14:12:13Z,checkoutservice,checkoutservice,0,0,0,0,0,0,0
2026-10-04T14:12:13Z,checkoutservice,currencyservice,48164,48164,0,0,0,594458,48088
2026-10-04T14:12:13Z,checkoutservice,emailservice,19397,19106,0,66,0,606317,19033
2026-10-04T14:12:13Z,checkoutservice,frontend,0,0,0,0,0,0,0
2026-10-04T14:12:13Z,checkoutservice,kubernetes,0,0,0,0,0,0,0
2026-10-04T14:12:13Z,checkoutservice,paymentservice,41430,39582,0,192,0,469153,39358
2026-10-04T14:12:13Z,checkoutservice,productcatalogservice,0,0,0,0,0,0,0
2026-10-04T14:12:13Z,checkoutservice,recommendationservice,0,0,0,0,0,0,0
2026-10-04T14:12:13Z,checkoutservice,redis-cart,0,0,0,0,0,0,0
2026-10-04T14:12:13Z,checkoutservice,shippingservice,78846,76740,0,154,0,540218,76587
2026-10-04T14:12:13Z,currencyservice,adservice,0,0,0,0,0,0,0
2026-10-04T14:12:13Z,currencyservice,cartservice,0,0,0,0,0,0,0
2026-10-04T14:12:13Z,currencyservice,checkoutservice,0,0,0,0,0,0,0
2026-10-04T14:12:13Z,currencyservice,currencyservice,0,0,0,0,0,0,0
2026-10-04T14:12:13Z,currencyservice,emailservice,0,0,0,0,0,0,0
2026-10-04T14:12:13Z,currencyservice,frontend,0,0,0,0,0,0,0
2026-10-04T14:12:13Z,currencyservice,kubernetes,0,0,0,0,0,0,0
2026-10-04T14:12:13Z,currencyservice,paymentservice,0,0,0,0,0,0,0
2026-10-04T14:12:13Z,currencyservice,productcatalogservice,0,0,0,0,0,0,0
2026-10-04T14:12:13Z,currencyservice,recommendationservice,0,0,0,0,0,0,0
2026-10-04T14:12:13Z,currencyservice,redis-cart,0,0,0,0,0,0,0
2026-10-04T14:12:13Z,currencyservice,shippingservice,0,0,0,0,0,0,0
2026-10-04T14:12:13Z,emailservice,adservice,0,0,0,0,0,0,0
2026-10-04T14:12:13Z,emailservice,cartservice,0,0,0,0,0,0,0
2026-10-04T14:12:13Z,emailservice,checkoutservice,0,0,0,0,0,0,0
2026-10-04T14:12:13Z,emailservice,currencyservice,0,0,0,0,0,0,0
2026-10-04T14:12:13Z,emailservice,emailservice,0,0,0,0,0,0,0
2026-10-04T14:12:13Z,emailservice,frontend,0,0,0,0,0,0,0
2026-10-04T14:12:13Z,emailservice,kubernetes,0,0,0,0,0,0,0
2026-10-04T14:12:13Z,emailservice,paymentservice,0,0,0,0,0,0,0
2026-10-04T14:12:13Z,emailservice,productcatalogservice,0,0,0,0,0,0,0
2026-10-04T14:12:13Z,emailservice,recommendationservice,0,0,0,0,0,0,0
2026-10-04T14:12:13Z,emailservice,redis-cart,0,0,0,0,0,0,0
2026-10-04T14:12:13Z,emailservice,shippingservice,0,0,0,0,0,0,0
2026-10-04T14:12:13Z,frontend,adservice,866675,866673,0,0,0,2607549,866176
2026-10-04T14:12:13Z,frontend,cartservice,1943312,1943299,0,0,4,10700317,1941947
2026-10-04T14:12:13Z,frontend,checkoutservice,407162,197189,0,40061,169948,63527369,196992
2026-10-04T14:12:13Z,frontend,currencyservice,3087747,3087735,0,0,0,16155656,3085576
2026-10-04T14:12:13Z,frontend,emailservice,0,0,0,0,0,0,0
2026-10-04T14:12:13Z,frontend,frontend,0,0,0,0,0,0,0
2026-10-04T14:12:13Z,frontend,kubernetes,0,0,0,0,0,0,0
2026-10-04T14:12:13Z,frontend,paymentservice,0,0,0,0,0,0,0
2026-10-04T14:12:13Z,frontend,productcatalogservice,8623137,8623064,0,0,0,58750136,8617581
2026-10-04T14:12:13Z,frontend,recommendationservice,2849673,1715756,0,119588,1011797,870018341,1714530
2026-10-04T14:12:13Z,frontend,redis-cart,0,0,0,0,0,0,0
2026-10-04T14:12:13Z,frontend,shippingservice,317712,317710,0,0,0,957865,317522
2026-10-04T14:12:13Z,paymentservice,adservice,0,0,0,0,0,0,0
2026-10-04T14:12:13Z,paymentservice,cartservice,0,0,0,0,0,0,0
2026-10-04T14:12:13Z,paymentservice,checkoutservice,0,0,0,0,0,0,0
2026-10-04T14:12:13Z,paymentservice,currencyservice,0,0,0,0,0,0,0
2026-10-04T14:12:13Z,paymentservice,emailservice,0,0,0,0,0,0,0
2026-10-04T14:12:13Z,paymentservice,frontend,0,0,0,0,0,0,0
2026-10-04T14:12:13Z,paymentservice,kubernetes,0,0,0,0,0,0,0
2026-10-04T14:12:13Z,paymentservice,paymentservice,0,0,0,0,0,0,0
2026-10-04T14:12:13Z,paymentservice,productcatalogservice,0,0,0,0,0,0,0
2026-10-04T14:12:13Z,paymentservice,recommendationservice,0,0,0,0,0,0,0
2026-10-04T14:12:13Z,paymentservice,redis-cart,0,0,0,0,0,0,0
2026-10-04T14:12:13Z,paymentservice,shippingservice,0,0,0,0,0,0,0
2026-10-04T14:12:13Z,productcatalogservice,adservice,0,0,0,0,0,0,0
2026-10-04T14:12:13Z,productcatalogservice,cartservice,0,0,0,0,0,0,0
2026-10-04T14:12:13Z,productcatalogservice,checkoutservice,0,0,0,0,0,0,0
2026-10-04T14:12:13Z,productcatalogservice,currencyservice,0,0,0,0,0,0,0
2026-10-04T14:12:13Z,productcatalogservice,emailservice,0,0,0,0,0,0,0
2026-10-04T14:12:13Z,productcatalogservice,frontend,0,0,0,0,0,0,0
2026-10-04T14:12:13Z,productcatalogservice,kubernetes,0,0,0,0,0,0,0
2026-10-04T14:12:13Z,productcatalogservice,paymentservice,0,0,0,0,0,0,0
2026-10-04T14:12:13Z,productcatalogservice,productcatalogservice,0,0,0,0,0,0,0
2026-10-04T14:12:13Z,productcatalogservice,recommendationservice,0,0,0,0,0,0,0
2026-10-04T14:12:13Z,productcatalogservice,redis-cart,0,0,0,0,0,0,0
2026-10-04T14:12:13Z,productcatalogservice,shippingservice,0,0,0,0,0,0,0
2026-10-04T14:12:13Z,recommendationservice,adservice,0,0,0,0,0,0,0
2026-10-04T14:12:13Z,recommendationservice,cartservice,0,0,0,0,0,0,0
2026-10-04T14:12:13Z,recommendationservice,checkoutservice,0,0,0,0,0,0,0
2026-10-04T14:12:13Z,recommendationservice,currencyservice,0,0,0,0,0,0,0
2026-10-04T14:12:13Z,recommendationservice,emailservice,0,0,0,0,0,0,0
2026-10-04T14:12:13Z,recommendationservice,frontend,0,0,0,0,0,0,0
2026-10-04T14:12:13Z,recommendationservice,kubernetes,0,0,0,0,0,0,0
2026-10-04T14:12:13Z,recommendationservice,paymentservice,0,0,0,0,0,0,0
2026-10-04T14:12:13Z,recommendationservice,productcatalogservice,217411,217411,0,0,0,1411572,216099
2026-10-04T14:12:13Z,recommendationservice,recommendationservice,0,0,0,0,0,0,0
2026-10-04T14:12:13Z,recommendationservice,redis-cart,0,0,0,0,0,0,0
2026-10-04T14:12:13Z,recommendationservice,shippingservice,0,0,0,0,0,0,0
2026-10-04T14:12:13Z,redis-cart,adservice,0,0,0,0,0,0,0
2026-10-04T14:12:13Z,redis-cart,cartservice,0,0,0,0,0,0,0
2026-10-04T14:12:13Z,redis-cart,checkoutservice,0,0,0,0,0,0,0
2026-10-04T14:12:13Z,redis-cart,currencyservice,0,0,0,0,0,0,0
2026-10-04T14:12:13Z,redis-cart,emailservice,0,0,0,0,0,0,0
2026-10-04T14:12:13Z,redis-cart,frontend,0,0,0,0,0,0,0
2026-10-04T14:12:13Z,redis-cart,kubernetes,0,0,0,0,0,0,0
2026-10-04T14:12:13Z,redis-cart,paymentservice,0,0,0,0,0,0,0
2026-10-04T14:12:13Z,redis-cart,productcatalogservice,0,0,0,0,0,0,0
2026-10-04T14:12:13Z,redis-cart,recommendationservice,0,0,0,0,0,0,0
2026-10-04T14:12:13Z,redis-cart,redis-cart,0,0,0,0,0,0,0
2026-10-04T14:12:13Z,redis-cart,shippingservice,0,0,0,0,0,0,0
2026-10-04T14:12:13Z,shippingservice,adservice,0,0,0,0,0,0,0
2026-10-04T14:12:13Z,shippingservice,cartservice,0,0,0,0,0,0,0
2026-10-04T14:12:13Z,shippingservice,checkoutservice,0,0,0,0,0,0,0
2026-10-04T14:12:13Z,shippingservice,currencyservice,0,0,0,0,0,0,0
2026-10-04T14:12:13Z,shippingservice,emailservice,0,0,0,0,0,0,0
2026-10-04T14:12:13Z,shippingservice,frontend,0,0,0,0,0,0,0
2026-10-04T14:12:13Z,shippingservice,kubernetes,0,0,0,0,0,0,0
2026-10-04T14:12:13Z,shippingservice,paymentservice,0,0,0,0,0,0,0
2026-10-04T14:12:13Z,shippingservice,productcatalogservice,0,0,0,0,0,0,0
2026-10-04T14:12:13Z,shippingservice,recommendationservice,0,0,0,0,0,0,0
2026-10-04T14:12:13Z,shippingservice,redis-cart,0,0,0,0,0,0,0
2026-10-04T14:12:13Z,shippingservice,shippingservice,0,0,0,0,0,0,0
2026-10-04T14:12:14Z,adservice,adservice,0,0,0,0,0,0,0
2026-10-04T14:12:14Z,adservice,cartservice,0,0,0,0,0,0,0
2026-10-04T14:12:14Z,adservice,checkoutservice,0,0,0,0,0,0,0
2026-10-04T14:12:14Z,adservice,currencyservice,0,0,0,0,0,0,0
2026-10-04T14:12:14Z,adservice,emailservice,0,0,0,0,0,0,0
2026-10-04T14:12:14Z,adservice,frontend,0,0,0,0,0,0,0
2026-10-04T14:12:14Z,adservice,kubernetes,0,0,0,0,0,0,0
2026-10-04T14:12:14Z,adservice,paymentservice,0,0,0,0,0,0,0
2026-10-04T14:12:14Z,adservice,productcatalogservice,0,0,0,0,0,0,0
2026-10-04T14:12:14Z,adservice,recommendationservice,0,0,0,0,0,0,0
2026-10-04T14:12:14Z,adservice,redis-cart,0,0,0,0,0,0,0
2026-10-04T14:12:14Z,adservice,shippingservice,0,0,0,0,0,0,0
2026-10-04T14:12:14Z,cartservice,adservice,0,0,0,0,0,0,0
2026-10-04T14:12:14Z,cartservice,cartservice,0,0,0,0,0,0,0
2026-10-04T14:12:14Z,cartservice,checkoutservice,0,0,0,0,0,0,0
2026-10-04T14:12:14Z,cartservice,currencyservice,0,0,0,0,0,0,0
2026-10-04T14:12:14Z,cartservice,emailservice,0,0,0,0,0,0,0
2026-10-04T14:12:14Z,cartservice,frontend,0,0,0,0,0,0,0
2026-10-04T14:12:14Z,cartservice,kubernetes,0,0,0,0,0,0,0
2026-10-04T14:12:14Z,cartservice,paymentservice,0,0,0,0,0,0,0
2026-10-04T14:12:14Z,cartservice,productcatalogservice,0,0,0,0,0,0,0
2026-10-04T14:12:14Z,cartservice,recommendationservice,0,0,0,0,0,0,0
2026-10-04T14:12:14Z,cartservice,redis-cart,2,0,0,0,0,0,0
2026-10-04T14:12:14Z,cartservice,shippingservice,0,0,0,0,0,0,0
2026-10-04T14:12:14Z,checkoutservice,adservice,0,0,0,0,0,0,0
2026-10-04T14:12:14Z,checkoutservice,cartservice,73661,72726,0,100,0,759474,72448
2026-10-04T14:12:14Z,checkoutservice,checkoutservice,0,0,0,0,0,0,0
2026-10-04T14:12:14Z,checkoutservice,currencyservice,48222,48220,0,0,0,594458,48088
2026-10-04T14:12:14Z,checkoutservice,emailservice,19453,19163,0,66,0,606317,19033
2026-10-04T14:12:14Z,checkoutservice,frontend,0,0,0,0,0,0,0
2026-10-04T14:12:14Z,checkoutservice,kubernetes,0,0,0,0,0,0,0
2026-10-04T14:12:14Z,checkoutservice,paymentservice,41486,39638,0,192,0,469153,39358
2026-10-04T14:12:14Z,checkoutservice,productcatalogservice,0,0,0,0,0,0,0
2026-10-04T14:12:14Z,checkoutservice,recommendationservice,0,0,0,0,0,0,0
2026-10-04T14:12:14Z,checkoutservice,redis-cart,0,0,0,0,0,0,0
2026-10-04T14:12:14Z,checkoutservice,shippingservice,78968,76864,0,154,0,540218,76587
2026-10-04T14:12:14Z,currencyservice,adservice,0,0,0,0,0,0,0
2026-10-04T14:12:14Z,currencyservice,cartservice,0,0,0,0,0,0,0
2026-10-04T14:12:14Z,currencyservice,checkoutservice,0,0,0,0,0,0,0
2026-10-04T14:12:14Z,currencyservice,currencyservice,0,0,0,0,0,0,0
2026-10-04T14:12:14Z,currencyservice,emailservice,0,0,0,0,0,0,0
2026-10-04T14:12:14Z,currencyservice,frontend,0,0,0,0,0,0,0
2026-10-04T14:12:14Z,currencyservice,kubernetes,0,0,0,0,0,0,0
2026-10-04T14:12:14Z,currencyservice,paymentservice,0,0,0,0,0,0,0
2026-10-04T14:12:14Z,currencyservice,productcatalogservice,0,0,0,0,0,0,0
2026-10-04T14:12:14Z,currencyservice,recommendationservice,0,0,0,0,0,0,0
2026-10-04T14:12:14Z,currencyservice,redis-cart,0,0,0,0,0,0,0
2026-10-04T14:12:14Z,currencyservice,shippingservice,0,0,0,0,0,0,0
2026-10-04T14:12:14Z,emailservice,adservice,0,0,0,0,0,0,0
2026-10-04T14:12:14Z,emailservice,cartservice,0,0,0,0,0,0,0
2026-10-04T14:12:14Z,emailservice,checkoutservice,0,0,0,0,0,0,0
2026-10-04T14:12:14Z,emailservice,currencyservice,0,0,0,0,0,0,0
2026-10-04T14:12:14Z,emailservice,emailservice,0,0,0,0,0,0,0
2026-10-04T14:12:14Z,emailservice,frontend,0,0,0,0,0,0,0
2026-10-04T14:12:14Z,emailservice,kubernetes,0,0,0,0,0,0,0
2026-10-04T14:12:14Z,emailservice,paymentservice,0,0,0,0,0,0,0
2026-10-04T14:12:14Z,emailservice,productcatalogservice,0,0,0,0,0,0,0
2026-10-04T14:12:14Z,emailservice,recommendationservice,0,0,0,0,0,0,0
2026-10-04T14:12:14Z,emailservice,redis-cart,0,0,0,0,0,0,0
2026-10-04T14:12:14Z,emailservice,shippingservice,0,0,0,0,0,0,0
2026-10-04T14:12:14Z,frontend,adservice,866835,866831,0,0,0,2608686,866574
2026-10-04T14:12:14Z,frontend,cartservice,1943731,1943714,0,0,4,10704850,1943018
2026-10-04T14:12:14Z,frontend,checkoutservice,407228,197245,0,40061,169948,63543187,197141
2026-10-04T14:12:14Z,frontend,currencyservice,3088405,3088395,0,0,0,16161998,3087270
2026-10-04T14:12:14Z,frontend,emailservice,0,0,0,0,0,0,0
2026-10-04T14:12:14Z,frontend,frontend,0,0,0,0,0,0,0
2026-10-04T14:12:14Z,frontend,kubernetes,0,0,0,0,0,0,0
2026-10-04T14:12:14Z,frontend,paymentservice,0,0,0,0,0,0,0
2026-10-04T14:12:14Z,frontend,productcatalogservice,8624835,8624765,0,0,0,58772273,8621845
2026-10-04T14:12:14Z,frontend,recommendationservice,2850409,1716139,0,119629,1012125,870755466,1715465
2026-10-04T14:12:14Z,frontend,redis-cart,0,0,0,0,0,0,0
2026-10-04T14:12:14Z,frontend,shippingservice,317766,317764,0,0,0,958197,317662
2026-10-04T14:12:14Z,paymentservice,adservice,0,0,0,0,0,0,0
2026-10-04T14:12:14Z,paymentservice,cartservice,0,0,0,0,0,0,0
2026-10-04T14:12:14Z,paymentservice,checkoutservice,0,0,0,0,0,0,0
2026-10-04T14:12:14Z,paymentservice,currencyservice,0,0,0,0,0,0,0
2026-10-04T14:12:14Z,paymentservice,emailservice,0,0,0,0,0,0,0
2026-10-04T14:12:14Z,paymentservice,frontend,0,0,0,0,0,0,0
2026-10-04T14:12:14Z,paymentservice,kubernetes,0,0,0,0,0,0,0
2026-10-04T14:12:14Z,paymentservice,paymentservice,0,0,0,0,0,0,0
2026-10-04T14:12:14Z,paymentservice,productcatalogservice,0,0,0,0,0,0,0
2026-10-04T14:12:14Z,paymentservice,recommendationservice,0,0,0,0,0,0,0
2026-10-04T14:12:14Z,paymentservice,redis-cart,0,0,0,0,0,0,0
2026-10-04T14:12:14Z,paymentservice,shippingservice,0,0,0,0,0,0,0
2026-10-04T14:12:14Z,productcatalogservice,adservice,0,0,0,0,0,0,0
2026-10-04T14:12:14Z,productcatalogservice,cartservice,0,0,0,0,0,0,0
2026-10-04T14:12:14Z,productcatalogservice,checkoutservice,0,0,0,0,0,0,0
2026-10-04T14:12:14Z,productcatalogservice,currencyservice,0,0,0,0,0,0,0
2026-10-04T14:12:14Z,productcatalogservice,emailservice,0,0,0,0,0,0,0
2026-10-04T14:12:14Z,productcatalogservice,frontend,0,0,0,0,0,0,0
2026-10-04T14:12:14Z,productcatalogservice,kubernetes,0,0,0,0,0,0,0
2026-10-04T14:12:14Z,productcatalogservice,paymentservice,0,0,0,0,0,0,0
2026-10-04T14:12:14Z,productcatalogservice,productcatalogservice,0,0,0,0,0,0,0
2026-10-04T14:12:14Z,productcatalogservice,recommendationservice,0,0,0,0,0,0,0
2026-10-04T14:12:14Z,productcatalogservice,redis-cart,0,0,0,0,0,0,0
2026-10-04T14:12:14Z,productcatalogservice,shippingservice,0,0,0,0,0,0,0
2026-10-04T14:12:14Z,recommendationservice,adservice,0,0,0,0,0,0,0
2026-10-04T14:12:14Z,recommendationservice,cartservice,0,0,0,0,0,0,0
2026-10-04T14:12:14Z,recommendationservice,checkoutservice,0,0,0,0,0,0,0
2026-10-04T14:12:14Z,recommendationservice,currencyservice,0,0,0,0,0,0,0
2026-10-04T14:12:14Z,recommendationservice,emailservice,0,0,0,0,0,0,0
2026-10-04T14:12:14Z,recommendationservice,frontend,0,0,0,0,0,0,0
2026-10-04T14:12:14Z,recommendationservice,kubernetes,0,0,0,0,0,0,0
2026-10-04T14:12:14Z,recommendationservice,paymentservice,0,0,0,0,0,0,0
2026-10-04T14:12:14Z,recommendationservice,productcatalogservice,217877,217875,0,0,0,1411572,216099
2026-10-04T14:12:14Z,recommendationservice,recommendationservice,0,0,0,0,0,0,0
2026-10-04T14:12:14Z,recommendationservice,redis-cart,0,0,0,0,0,0,0
2026-10-04T14:12:14Z,recommendationservice,shippingservice,0,0,0,0,0,0,0
2026-10-04T14:12:14Z,redis-cart,adservice,0,0,0,0,0,0,0
2026-10-04T14:12:14Z,redis-cart,cartservice,0,0,0,0,0,0,0
2026-10-04T14:12:14Z,redis-cart,checkoutservice,0,0,0,0,0,0,0
2026-10-04T14:12:14Z,redis-cart,currencyservice,0,0,0,0,0,0,0
2026-10-04T14:12:14Z,redis-cart,emailservice,0,0,0,0,0,0,0
2026-10-04T14:12:14Z,redis-cart,frontend,0,0,0,0,0,0,0
2026-10-04T14:12:14Z,redis-cart,kubernetes,0,0,0,0,0,0,0
2026-10-04T14:12:14Z,redis-cart,paymentservice,0,0,0,0,0,0,0
2026-10-04T14:12:14Z,redis-cart,productcatalogservice,0,0,0,0,0,0,0
2026-10-04T14:12:14Z,redis-cart,recommendationservice,0,0,0,0,0,0,0
2026-10-04T14:12:14Z,redis-cart,redis-cart,0,0,0,0,0,0,0
2026-10-04T14:12:14Z,redis-cart,shippingservice,0,0,0,0,0,0,0
2026-10-04T14:12:14Z,shippingservice,adservice,0,0,0,0,0,0,0
2026-10-04T14:12:14Z,shippingservice,cartservice,0,0,0,0,0,0,0
2026-10-04T14:12:14Z,shippingservice,checkoutservice,0,0,0,0,0,0,0
2026-10-04T14:12:14Z,shippingservice,currencyservice,0,0,0,0,0,0,0
2026-10-04T14:12:14Z,shippingservice,emailservice,0,0,0,0,0,0,0
2026-10-04T14:12:14Z,shippingservice,frontend,0,0,0,0,0,0,0
2026-10-04T14:12:14Z,shippingservice,kubernetes,0,0,0,0,0,0,0
2026-10-04T14:12:14Z,shippingservice,paymentservice,0,0,0,0,0,0,0
2026-10-04T14:12:14Z,shippingservice,productcatalogservice,0,0,0,0,0,0,0
2026-10-04T14:12:14Z,shippingservice,recommendationservice,0,0,0,0,0,0,0
2026-10-04T14:12:14Z,shippingservice,redis-cart,0,0,0,0,0,0,0
2026-10-04T14:12:14Z,shippingservice,shippingservice,0,0,0,0,0,0,0
2026-10-04T14:12:15Z,adservice,adservice,0,0,0,0,0,0,0
2026-10-04T14:12:15Z,adservice,cartservice,0,0,0,0,0,0,0
2026-10-04T14:12:15Z,adservice,checkoutservice,0,0,0,0,0,0,0
2026-10-04T14:12:15Z,adservice,currencyservice,0,0,0,0,0,0,0
2026-10-04T14:12:15Z,adservice,emailservice,0,0,0,0,0,0,0
2026-10-04T14:12:15Z,adservice,frontend,0,0,0,0,0,0,0
2026-10-04T14:12:15Z,adservice,kubernetes,0,0,0,0,0,0,0
2026-10-04T14:12:15Z,adservice,paymentservice,0,0,0,0,0,0,0
2026-10-04T14:12:15Z,adservice,productcatalogservice,0,0,0,0,0,0,0
2026-10-04T14:12:15Z,adservice,recommendationservice,0,0,0,0,0,0,0
2026-10-04T14:12:15Z,adservice,redis-cart,0,0,0,0,0,0,0
2026-10-04T14:12:15Z,adservice,shippingservice,0,0,0,0,0,0,0
2026-10-04T14:12:15Z,cartservice,adservice,0,0,0,0,0,0,0
2026-10-04T14:12:15Z,cartservice,cartservice,0,0,0,0,0,0,0
2026-10-04T14:12:15Z,cartservice,checkoutservice,0,0,0,0,0,0,0
2026-10-04T14:12:15Z,cartservice,currencyservice,0,0,0,0,0,0,0
2026-10-04T14:12:15Z,cartservice,emailservice,0,0,0,0,0,0,0
2026-10-04T14:12:15Z,cartservice,frontend,0,0,0,0,0,0,0
2026-10-04T14:12:15Z,cartservice,kubernetes,0,0,0,0,0,0,0
2026-10-04T14:12:15Z,cartservice,paymentservice,0,0,0,0,0,0,0
2026-10-04T14:12:15Z,cartservice,productcatalogservice,0,0,0,0,0,0,0
2026-10-04T14:12:15Z,cartservice,recommendationservice,0,0,0,0,0,0,0
2026-10-04T14:12:15Z,cartservice,redis-cart,2,0,0,0,0,0,0
2026-10-04T14:12:15Z,cartservice,shippingservice,0,0,0,0,0,0,0
2026-10-04T14:12:15Z,checkoutservice,adservice,0,0,0,0,0,0,0
2026-10-04T14:12:15Z,checkoutservice,cartservice,73786,72855,0,100,0,759474,72448
2026-10-04T14:12:15Z,checkoutservice,checkoutservice,0,0,0,0,0,0,0
2026-10-04T14:12:15Z,checkoutservice,currencyservice,48291,48291,0,0,0,594458,48088
2026-10-04T14:12:15Z,checkoutservice,emailservice,19528,19238,0,66,0,606317,19033
2026-10-04T14:12:15Z,checkoutservice,frontend,0,0,0,0,0,0,0
2026-10-04T14:12:15Z,checkoutservice,kubernetes,0,0,0,0,0,0,0
2026-10-04T14:12:15Z,checkoutservice,paymentservice,41557,39708,0,192,0,469153,39358
2026-10-04T14:12:15Z,checkoutservice,productcatalogservice,0,0,0,0,0,0,0
2026-10-04T14:12:15Z,checkoutservice,recommendationservice,0,0,0,0,0,0,0
2026-10-04T14:12:15Z,checkoutservice,redis-cart,0,0,0,0,0,0,0
2026-10-04T14:12:15Z,checkoutservice,shippingservice,79097,76994,0,154,0,540218,76587
2026-10-04T14:12:15Z,currencyservice,adservice,0,0,0,0,0,0,0
2026-10-04T14:12:15Z,currencyservice,cartservice,0,0,0,0,0,0,0
2026-10-04T14:12:15Z,currencyservice,checkoutservice,0,0,0,0,0,0,0
2026-10-04T14:12:15Z,currencyservice,currencyservice,0,0,0,0,0,0,0
2026-10-04T14:12:15Z,currencyservice,emailservice,0,0,0,0,0,0,0
2026-10-04T14:12:15Z,currencyservice,frontend,0,0,0,0,0,0,0
2026-10-04T14:12:15Z,currencyservice,kubernetes,0,0,0,0,0,0,0
2026-10-04T14:12:15Z,currencyservice,paymentservice,0,0,0,0,0,0,0
2026-10-04T14:12:15Z,currencyservice,productcatalogservice,0,0,0,0,0,0,0
2026-10-04T14:12:15Z,currencyservice,recommendationservice,0,0,0,0,0,0,0
2026-10-04T14:12:15Z,currencyservice,redis-cart,0,0,0,0,0,0,0
2026-10-04T14:12:15Z,currencyservice,shippingservice,0,0,0,0,0,0,0
2026-10-04T14:12:15Z,emailservice,adservice,0,0,0,0,0,0,0
2026-10-04T14:12:15Z,emailservice,cartservice,0,0,0,0,0,0,0
2026-10-04T14:12:15Z,emailservice,checkoutservice,0,0,0,0,0,0,0
2026-10-04T14:12:15Z,emailservice,currencyservice,0,0,0,0,0,0,0
2026-10-04T14:12:15Z,emailservice,emailservice,0,0,0,0,0,0,0
2026-10-04T14:12:15Z,emailservice,frontend,0,0,0,0,0,0,0
2026-10-04T14:12:15Z,emailservice,kubernetes,0,0,0,0,0,0,0
2026-10-04T14:12:15Z,emailservice,paymentservice,0,0,0,0,0,0,0
2026-10-04T14:12:15Z,emailservice,productcatalogservice,0,0,0,0,0,0,0
2026-10-04T14:12:15Z,emailservice,recommendationservice,0,0,0,0,0,0,0
2026-10-04T14:12:15Z,emailservice,redis-cart,0,0,0,0,0,0,0
2026-10-04T14:12:15Z,emailservice,shippingservice,0,0,0,0,0,0,0
2026-10-04T14:12:15Z,frontend,adservice,866982,866980,0,0,0,2609054,866734
2026-10-04T14:12:15Z,frontend,cartservice,1944149,1944135,0,0,4,10707023,1943461
2026-10-04T14:12:15Z,frontend,checkoutservice,407279,197309,0,40061,169948,63550858,197208
2026-10-04T14:12:15Z,frontend,currencyservice,3089072,3089063,0,0,0,16164957,3087989
2026-10-04T14:12:15Z,frontend,emailservice,0,0,0,0,0,0,0
2026-10-04T14:12:15Z,frontend,frontend,0,0,0,0,0,0,0
2026-10-04T14:12:15Z,frontend,kubernetes,0,0,0,0,0,0,0
2026-10-04T14:12:15Z,frontend,paymentservice,0,0,0,0,0,0,0
2026-10-04T14:12:15Z,frontend,productcatalogservice,8626448,8626368,0,0,0,58785475,8623653
2026-10-04T14:12:15Z,frontend,recommendationservice,2851122,1716530,0,119662,1012404,871097276,1715878
2026-10-04T14:12:15Z,frontend,redis-cart,0,0,0,0,0,0,0
2026-10-04T14:12:15Z,frontend,shippingservice,317815,317813,0,0,0,958382,317726
2026-10-04T14:12:15Z,paymentservice,adservice,0,0,0,0,0,0,0
2026-10-04T14:12:15Z,paymentservice,cartservice,0,0,0,0,0,0,0
2026-10-04T14:12:15Z,paymentservice,checkoutservice,0,0,0,0,0,0,0
2026-10-04T14:12:15Z,paymentservice,currencyservice,0,0,0,0,0,0,0
2026-10-04T14:12:15Z,paymentservice,emailservice,0,0,0,0,0,0,0
2026-10-04T14:12:15Z,paymentservice,frontend,0,0,0,0,0,0,0
2026-10-04T14:12:15Z,paymentservice,kubernetes,0,0,0,0,0,0,0
2026-10-04T14:12:15Z,paymentservice,paymentservice,0,0,0,0,0,0,0
2026-10-04T14:12:15Z,paymentservice,productcatalogservice,0,0,0,0,0,0,0
2026-10-04T14:12:15Z,paymentservice,recommendationservice,0,0,0,0,0,0,0
2026-10-04T14:12:15Z,paymentservice,redis-cart,0,0,0,0,0,0,0
2026-10-04T14:12:15Z,paymentservice,shippingservice,0,0,0,0,0,0,0
2026-10-04T14:12:15Z,productcatalogservice,adservice,0,0,0,0,0,0,0
2026-10-04T14:12:15Z,productcatalogservice,cartservice,0,0,0,0,0,0,0
2026-10-04T14:12:15Z,productcatalogservice,checkoutservice,0,0,0,0,0,0,0
2026-10-04T14:12:15Z,productcatalogservice,currencyservice,0,0,0,0,0,0,0
2026-10-04T14:12:15Z,productcatalogservice,emailservice,0,0,0,0,0,0,0
2026-10-04T14:12:15Z,productcatalogservice,frontend,0,0,0,0,0,0,0
2026-10-04T14:12:15Z,productcatalogservice,kubernetes,0,0,0,0,0,0,0
2026-10-04T14:12:15Z,productcatalogservice,paymentservice,0,0,0,0,0,0,0
2026-10-04T14:12:15Z,productcatalogservice,productcatalogservice,0,0,0,0,0,0,0
2026-10-04T14:12:15Z,productcatalogservice,recommendationservice,0,0,0,0,0,0,0
2026-10-04T14:12:15Z,productcatalogservice,redis-cart,0,0,0,0,0,0,0
2026-10-04T14:12:15Z,productcatalogservice,shippingservice,0,0,0,0,0,0,0
2026-10-04T14:12:15Z,recommendationservice,adservice,0,0,0,0,0,0,0
2026-10-04T14:12:15Z,recommendationservice,cartservice,0,0,0,0,0,0,0
2026-10-04T14:12:15Z,recommendationservice,checkoutservice,0,0,0,0,0,0,0
2026-10-04T14:12:15Z,recommendationservice,currencyservice,0,0,0,0,0,0,0
2026-10-04T14:12:15Z,recommendationservice,emailservice,0,0,0,0,0,0,0
2026-10-04T14:12:15Z,recommendationservice,frontend,0,0,0,0,0,0,0
2026-10-04T14:12:15Z,recommendationservice,kubernetes,0,0,0,0,0,0,0
2026-10-04T14:12:15Z,recommendationservice,paymentservice,0,0,0,0,0,0,0
2026-10-04T14:12:15Z,recommendationservice,productcatalogservice,218304,218304,0,0,0,1423562,218294
2026-10-04T14:12:15Z,recommendationservice,recommendationservice,0,0,0,0,0,0,0
2026-10-04T14:12:15Z,recommendationservice,redis-cart,0,0,0,0,0,0,0
2026-10-04T14:12:15Z,recommendationservice,shippingservice,0,0,0,0,0,0,0
2026-10-04T14:12:15Z,redis-cart,adservice,0,0,0,0,0,0,0
2026-10-04T14:12:15Z,redis-cart,cartservice,0,0,0,0,0,0,0
2026-10-04T14:12:15Z,redis-cart,checkoutservice,0,0,0,0,0,0,0
2026-10-04T14:12:15Z,redis-cart,currencyservice,0,0,0,0,0,0,0
2026-10-04T14:12:15Z,redis-cart,emailservice,0,0,0,0,0,0,0
2026-10-04T14:12:15Z,redis-cart,frontend,0,0,0,0,0,0,0
2026-10-04T14:12:15Z,redis-cart,kubernetes,0,0,0,0,0,0,0
2026-10-04T14:12:15Z,redis-cart,paymentservice,0,0,0,0,0,0,0
2026-10-04T14:12:15Z,redis-cart,productcatalogservice,0,0,0,0,0,0,0
2026-10-04T14:12:15Z,redis-cart,recommendationservice,0,0,0,0,0,0,0
2026-10-04T14:12:15Z,redis-cart,redis-cart,0,0,0,0,0,0,0
2026-10-04T14:12:15Z,redis-cart,shippingservice,0,0,0,0,0,0,0
2026-10-04T14:12:15Z,shippingservice,adservice,0,0,0,0,0,0,0
2026-10-04T14:12:15Z,shippingservice,cartservice,0,0,0,0,0,0,0
2026-10-04T14:12:15Z,shippingservice,checkoutservice,0,0,0,0,0,0,0
2026-10-04T14:12:15Z,shippingservice,currencyservice,0,0,0,0,0,0,0
2026-10-04T14:12:15Z,shippingservice,emailservice,0,0,0,0,0,0,0
2026-10-04T14:12:15Z,shippingservice,frontend,0,0,0,0,0,0,0
2026-10-04T14:12:15Z,shippingservice,kubernetes,0,0,0,0,0,0,0
2026-10-04T14:12:15Z,shippingservice,paymentservice,0,0,0,0,0,0,0
2026-10-04T14:12:15Z,shippingservice,productcatalogservice,0,0,0,0,0,0,0
2026-10-04T14:12:15Z,shippingservice,recommendationservice,0,0,0,0,0,0,0
2026-10-04T14:12:15Z,shippingservice,redis-cart,0,0,0,0,0,0,0
2026-10-04T14:12:15Z,shippingservice,shippingservice,0,0,0,0,0,0,0
2026-10-04T14:12:16Z,adservice,adservice,0,0,0,0,0,0,0
2026-10-04T14:12:16Z,adservice,cartservice,0,0,0,0,0,0,0
2026-10-04T14:12:16Z,adservice,checkoutservice,0,0,0,0,0,0,0
2026-10-04T14:12:16Z,adservice,currencyservice,0,0,0,0,0,0,0
2026-10-04T14:12:16Z,adservice,emailservice,0,0,0,0,0,0,0
2026-10-04T14:12:16Z,adservice,frontend,0,0,0,0,0,0,0
2026-10-04T14:12:16Z,adservice,kubernetes,0,0,0,0,0,0,0
2026-10-04T14:12:16Z,adservice,paymentservice,0,0,0,0,0,0,0
2026-10-04T14:12:16Z,adservice,productcatalogservice,0,0,0,0,0,0,0
2026-10-04T14:12:16Z,adservice,recommendationservice,0,0,0,0,0,0,0
2026-10-04T14:12:16Z,adservice,redis-cart,0,0,0,0,0,0,0
2026-10-04T14:12:16Z,adservice,shippingservice,0,0,0,0,0,0,0
2026-10-04T14:12:16Z,cartservice,adservice,0,0,0,0,0,0,0
2026-10-04T14:12:16Z,cartservice,cartservice,0,0,0,0,0,0,0
2026-10-04T14:12:16Z,cartservice,checkoutservice,0,0,0,0,0,0,0
2026-10-04T14:12:16Z,cartservice,currencyservice,0,0,0,0,0,0,0
2026-10-04T14:12:16Z,cartservice,emailservice,0,0,0,0,0,0,0
2026-10-04T14:12:16Z,cartservice,frontend,0,0,0,0,0,0,0
2026-10-04T14:12:16Z,cartservice,kubernetes,0,0,0,0,0,0,0
2026-10-04T14:12:16Z,cartservice,paymentservice,0,0,0,0,0,0,0
2026-10-04T14:12:16Z,cartservice,productcatalogservice,0,0,0,0,0,0,0
2026-10-04T14:12:16Z,cartservice,recommendationservice,0,0,0,0,0,0,0
2026-10-04T14:12:16Z,cartservice,redis-cart,2,0,0,0,0,0,0
2026-10-04T14:12:16Z,cartservice,shippingservice,0,0,0,0,0,0,0
2026-10-04T14:12:16Z,checkoutservice,adservice,0,0,0,0,0,0,0
2026-10-04T14:12:16Z,checkoutservice,cartservice,73885,72954,0,100,0,759474,72448
2026-10-04T14:12:16Z,checkoutservice,checkoutservice,0,0,0,0,0,0,0
2026-10-04T14:12:16Z,checkoutservice,currencyservice,48340,48340,0,0,0,594458,48088
2026-10-04T14:12:16Z,checkoutservice,emailservice,19578,19288,0,66,0,606317,19033
2026-10-04T14:12:16Z,checkoutservice,frontend,0,0,0,0,0,0,0
2026-10-04T14:12:16Z,checkoutservice,kubernetes,0,0,0,0,0,0,0
2026-10-04T14:12:16Z,checkoutservice,paymentservice,41606,39758,0,192,0,469153,39358
2026-10-04T14:12:16Z,checkoutservice,productcatalogservice,0,0,0,0,0,0,0
2026-10-04T14:12:16Z,checkoutservice,recommendationservice,0,0,0,0,0,0,0
2026-10-04T14:12:16Z,checkoutservice,redis-cart,0,0,0,0,0,0,0
2026-10-04T14:12:16Z,checkoutservice,shippingservice,79196,77093,0,154,0,540218,76587
2026-10-04T14:12:16Z,currencyservice,adservice,0,0,0,0,0,0,0
2026-10-04T14:12:16Z,currencyservice,cartservice,0,0,0,0,0,0,0
2026-10-04T14:12:16Z,currencyservice,checkoutservice,0,0,0,0,0,0,0
2026-10-04T14:12:16Z,currencyservice,currencyservice,0,0,0,0,0,0,0
2026-10-04T14:12:16Z,currencyservice,emailservice,0,0,0,0,0,0,0
2026-10-04T14:12:16Z,currencyservice,frontend,0,0,0,0,0,0,0
2026-10-04T14:12:16Z,currencyservice,kubernetes,0,0,0,0,0,0,0
2026-10-04T14:12:16Z,currencyservice,paymentservice,0,0,0,0,0,0,0
2026-10-04T14:12:16Z,currencyservice,productcatalogservice,0,0,0,0,0,0,0
2026-10-04T14:12:16Z,currencyservice,recommendationservice,0,0,0,0,0,0,0
2026-10-04T14:12:16Z,currencyservice,redis-cart,0,0,0,0,0,0,0
2026-10-04T14:12:16Z,currencyservice,shippingservice,0,0,0,0,0,0,0
2026-10-04T14:12:16Z,emailservice,adservice,0,0,0,0,0,0,0
2026-10-04T14:12:16Z,emailservice,cartservice,0,0,0,0,0,0,0
2026-10-04T14:12:16Z,emailservice,checkoutservice,0,0,0,0,0,0,0
2026-10-04T14:12:16Z,emailservice,currencyservice,0,0,0,0,0,0,0
2026-10-04T14:12:16Z,emailservice,emailservice,0,0,0,0,0,0,0
2026-10-04T14:12:16Z,emailservice,frontend,0,0,0,0,0,0,0
2026-10-04T14:12:16Z,emailservice,kubernetes,0,0,0,0,0,0,0
2026-10-04T14:12:16Z,emailservice,paymentservice,0,0,0,0,0,0,0
2026-10-04T14:12:16Z,emailservice,productcatalogservice,0,0,0,0,0,0,0
2026-10-04T14:12:16Z,emailservice,recommendationservice,0,0,0,0,0,0,0
2026-10-04T14:12:16Z,emailservice,redis-cart,0,0,0,0,0,0,0
2026-10-04T14:12:16Z,emailservice,shippingservice,0,0,0,0,0,0,0
2026-10-04T14:12:16Z,frontend,adservice,867155,867153,0,0,0,2609054,866734
2026-10-04T14:12:16Z,frontend,cartservice,1944555,1944533,0,0,4,10707023,1943461
2026-10-04T14:12:16Z,frontend,checkoutservice,407339,197364,0,40061,169948,63550858,197208
2026-10-04T14:12:16Z,frontend,currencyservice,3089727,3089716,0,0,0,16164957,3087989
2026-10-04T14:12:16Z,frontend,emailservice,0,0,0,0,0,0,0
2026-10-04T14:12:16Z,frontend,frontend,0,0,0,0,0,0,0
2026-10-04T14:12:16Z,frontend,kubernetes,0,0,0,0,0,0,0
2026-10-04T14:12:16Z,frontend,paymentservice,0,0,0,0,0,0,0
2026-10-04T14:12:16Z,frontend,productcatalogservice,8628201,8628127,0,0,0,58785475,8623653
2026-10-04T14:12:16Z,frontend,recommendationservice,2851845,1716904,0,119683,1012737,871097276,1715878
2026-10-04T14:12:16Z,frontend,redis-cart,0,0,0,0,0,0,0
2026-10-04T14:12:16Z,frontend,shippingservice,317876,317874,0,0,0,958382,317726
2026-10-04T14:12:16Z,paymentservice,adservice,0,0,0,0,0,0,0
2026-10-04T14:12:16Z,paymentservice,cartservice,0,0,0,0,0,0,0
2026-10-04T14:12:16Z,paymentservice,checkoutservice,0,0,0,0,0,0,0
2026-10-04T14:12:16Z,paymentservice,currencyservice,0,0,0,0,0,0,0
2026-10-04T14:12:16Z,paymentservice,emailservice,0,0,0,0,0,0,0
2026-10-04T14:12:16Z,paymentservice,frontend,0,0,0,0,0,0,0
2026-10-04T14:12:16Z,paymentservice,kubernetes,0,0,0,0,0,0,0
2026-10-04T14:12:16Z,paymentservice,paymentservice,0,0,0,0,0,0,0
2026-10-04T14:12:16Z,paymentservice,productcatalogservice,0,0,0,0,0,0,0
2026-10-04T14:12:16Z,paymentservice,recommendationservice,0,0,0,0,0,0,0
2026-10-04T14:12:16Z,paymentservice,redis-cart,0,0,0,0,0,0,0
2026-10-04T14:12:16Z,paymentservice,shippingservice,0,0,0,0,0,0,0
2026-10-04T14:12:16Z,productcatalogservice,adservice,0,0,0,0,0,0,0
2026-10-04T14:12:16Z,productcatalogservice,cartservice,0,0,0,0,0,0,0
2026-10-04T14:12:16Z,productcatalogservice,checkoutservice,0,0,0,0,0,0,0
2026-10-04T14:12:16Z,productcatalogservice,currencyservice,0,0,0,0,0,0,0
2026-10-04T14:12:16Z,productcatalogservice,emailservice,0,0,0,0,0,0,0
2026-10-04T14:12:16Z,productcatalogservice,frontend,0,0,0,0,0,0,0
2026-10-04T14:12:16Z,productcatalogservice,kubernetes,0,0,0,0,0,0,0
2026-10-04T14:12:16Z,productcatalogservice,paymentservice,0,0,0,0,0,0,0
2026-10-04T14:12:16Z,productcatalogservice,productcatalogservice,0,0,0,0,0,0,0
2026-10-04T14:12:16Z,productcatalogservice,recommendationservice,0,0,0,0,0,0,0
2026-10-04T14:12:16Z,productcatalogservice,redis-cart,0,0,0,0,0,0,0
2026-10-04T14:12:16Z,productcatalogservice,shippingservice,0,0,0,0,0,0,0
2026-10-04T14:12:16Z,recommendationservice,adservice,0,0,0,0,0,0,0
2026-10-04T14:12:16Z,recommendationservice,cartservice,0,0,0,0,0,0,0
2026-10-04T14:12:16Z,recommendationservice,checkoutservice,0,0,0,0,0,0,0
2026-10-04T14:12:16Z,recommendationservice,currencyservice,0,0,0,0,0,0,0
2026-10-04T14:12:16Z,recommendationservice,emailservice,0,0,0,0,0,0,0
2026-10-04T14:12:16Z,recommendationservice,frontend,0,0,0,0,0,0,0
2026-10-04T14:12:16Z,recommendationservice,kubernetes,0,0,0,0,0,0,0
2026-10-04T14:12:16Z,recommendationservice,paymentservice,0,0,0,0,0,0,0
2026-10-04T14:12:16Z,recommendationservice,productcatalogservice,218746,218737,0,0,0,1423562,218294
2026-10-04T14:12:16Z,recommendationservice,recommendationservice,0,0,0,0,0,0,0
2026-10-04T14:12:16Z,recommendationservice,redis-cart,0,0,0,0,0,0,0
2026-10-04T14:12:16Z,recommendationservice,shippingservice,0,0,0,0,0,0,0
2026-10-04T14:12:16Z,redis-cart,adservice,0,0,0,0,0,0,0
2026-10-04T14:12:16Z,redis-cart,cartservice,0,0,0,0,0,0,0
2026-10-04T14:12:16Z,redis-cart,checkoutservice,0,0,0,0,0,0,0
2026-10-04T14:12:16Z,redis-cart,currencyservice,0,0,0,0,0,0,0
2026-10-04T14:12:16Z,redis-cart,emailservice,0,0,0,0,0,0,0
2026-10-04T14:12:16Z,redis-cart,frontend,0,0,0,0,0,0,0
2026-10-04T14:12:16Z,redis-cart,kubernetes,0,0,0,0,0,0,0
2026-10-04T14:12:16Z,redis-cart,paymentservice,0,0,0,0,0,0,0
2026-10-04T14:12:16Z,redis-cart,productcatalogservice,0,0,0,0,0,0,0
2026-10-04T14:12:16Z,redis-cart,recommendationservice,0,0,0,0,0,0,0
2026-10-04T14:12:16Z,redis-cart,redis-cart,0,0,0,0,0,0,0
2026-10-04T14:12:16Z,redis-cart,shippingservice,0,0,0,0,0,0,0
2026-10-04T14:12:16Z,shippingservice,adservice,0,0,0,0,0,0,0
2026-10-04T14:12:16Z,shippingservice,cartservice,0,0,0,0,0,0,0
2026-10-04T14:12:16Z,shippingservice,checkoutservice,0,0,0,0,0,0,0
2026-10-04T14:12:16Z,shippingservice,currencyservice,0,0,0,0,0,0,0
2026-10-04T14:12:16Z,shippingservice,emailservice,0,0,0,0,0,0,0
2026-10-04T14:12:16Z,shippingservice,frontend,0,0,0,0,0,0,0
2026-10-04T14:12:16Z,shippingservice,kubernetes,0,0,0,0,0,0,0
2026-10-04T14:12:16Z,shippingservice,paymentservice,0,0,0,0,0,0,0
2026-10-04T14:12:16Z,shippingservice,productcatalogservice,0,0,0,0,0,0,0
2026-10-04T14:12:16Z,shippingservice,recommendationservice,0,0,0,0,0,0,0
2026-10-04T14:12:16Z,shippingservice,redis-cart,0,0,0,0,0,0,0
2026-10-04T14:12:16Z,shippingservice,shippingservice,0,0,0,0,0,0,0
2026-10-04T14:12:17Z,adservice,adservice,0,0,0,0,0,0,0
2026-10-04T14:12:17Z,adservice,cartservice,0,0,0,0,0,0,0
2026-10-04T14:12:17Z,adservice,checkoutservice,0,0,0,0,0,0,0
2026-10-04T14:12:17Z,adservice,currencyservice,0,0,0,0,0,0,0
2026-10-04T14:12:17Z,adservice,emailservice,0,0,0,0,0,0,0
2026-10-04T14:12:17Z,adservice,frontend,0,0,0,0,0,0,0
2026-10-04T14:12:17Z,adservice,kubernetes,0,0,0,0,0,0,0
2026-10-04T14:12:17Z,adservice,paymentservice,0,0,0,0,0,0,0
2026-10-04T14:12:17Z,adservice,productcatalogservice,0,0,0,0,0,0,0
2026-10-04T14:12:17Z,adservice,recommendationservice,0,0,0,0,0,0,0
2026-10-04T14:12:17Z,adservice,redis-cart,0,0,0,0,0,0,0
2026-10-04T14:12:17Z,adservice,shippingservice,0,0,0,0,0,0,0
2026-10-04T14:12:17Z,cartservice,adservice,0,0,0,0,0,0,0
2026-10-04T14:12:17Z,cartservice,cartservice,0,0,0,0,0,0,0
2026-10-04T14:12:17Z,cartservice,checkoutservice,0,0,0,0,0,0,0
2026-10-04T14:12:17Z,cartservice,currencyservice,0,0,0,0,0,0,0
2026-10-04T14:12:17Z,cartservice,emailservice,0,0,0,0,0,0,0
2026-10-04T14:12:17Z,cartservice,frontend,0,0,0,0,0,0,0
2026-10-04T14:12:17Z,cartservice,kubernetes,0,0,0,0,0,0,0
2026-10-04T14:12:17Z,cartservice,paymentservice,0,0,0,0,0,0,0
2026-10-04T14:12:17Z,cartservice,productcatalogservice,0,0,0,0,0,0,0
2026-10-04T14:12:17Z,cartservice,recommendationservice,0,0,0,0,0,0,0
2026-10-04T14:12:17Z,cartservice,redis-cart,2,0,0,0,0,0,0
2026-10-04T14:12:17Z,cartservice,shippingservice,0,0,0,0,0,0,0
2026-10-04T14:12:17Z,checkoutservice,adservice,0,0,0,0,0,0,0
2026-10-04T14:12:17Z,checkoutservice,cartservice,73969,73038,0,100,0,762250,73033
2026-10-04T14:12:17Z,checkoutservice,checkoutservice,0,0,0,0,0,0,0
2026-10-04T14:12:17Z,checkoutservice,currencyservice,48382,48382,0,0,0,595861,48380
2026-10-04T14:12:17Z,checkoutservice,emailservice,19620,19330,0,66,0,611497,19325
2026-10-04T14:12:17Z,checkoutservice,frontend,0,0,0,0,0,0,0
2026-10-04T14:12:17Z,checkoutservice,kubernetes,0,0,0,0,0,0,0
2026-10-04T14:12:17Z,checkoutservice,paymentservice,41648,39800,0,192,0,470536,39649
2026-10-04T14:12:17Z,checkoutservice,productcatalogservice,0,0,0,0,0,0,0
2026-10-04T14:12:17Z,checkoutservice,recommendationservice,0,0,0,0,0,0,0
2026-10-04T14:12:17Z,checkoutservice,redis-cart,0,0,0,0,0,0,0
2026-10-04T14:12:17Z,checkoutservice,shippingservice,79280,77177,0,154,0,541565,77172
2026-10-04T14:12:17Z,currencyservice,adservice,0,0,0,0,0,0,0
2026-10-04T14:12:17Z,currencyservice,cartservice,0,0,0,0,0,0,0
2026-10-04T14:12:17Z,currencyservice,checkoutservice,0,0,0,0,0,0,0
2026-10-04T14:12:17Z,currencyservice,currencyservice,0,0,0,0,0,0,0
2026-10-04T14:12:17Z,currencyservice,emailservice,0,0,0,0,0,0,0
2026-10-04T14:12:17Z,currencyservice,frontend,0,0,0,0,0,0,0
2026-10-04T14:12:17Z,currencyservice,kubernetes,0,0,0,0,0,0,0
2026-10-04T14:12:17Z,currencyservice,paymentservice,0,0,0,0,0,0,0
2026-10-04T14:12:17Z,currencyservice,productcatalogservice,0,0,0,0,0,0,0
2026-10-04T14:12:17Z,currencyservice,recommendationservice,0,0,0,0,0,0,0
2026-10-04T14:12:17Z,currencyservice,redis-cart,0,0,0,0,0,0,0
2026-10-04T14:12:17Z,currencyservice,shippingservice,0,0,0,0,0,0,0
2026-10-04T14:12:17Z,emailservice,adservice,0,0,0,0,0,0,0
2026-10-04T14:12:17Z,emailservice,cartservice,0,0,0,0,0,0,0
2026-10-04T14:12:17Z,emailservice,checkoutservice,0,0,0,0,0,0,0
2026-10-04T14:12:17Z,emailservice,currencyservice,0,0,0,0,0,0,0
2026-10-04T14:12:17Z,emailservice,emailservice,0,0,0,0,0,0,0
2026-10-04T14:12:17Z,emailservice,frontend,0,0,0,0,0,0,0
2026-10-04T14:12:17Z,emailservice,kubernetes,0,0,0,0,0,0,0
2026-10-04T14:12:17Z,emailservice,paymentservice,0,0,0,0,0,0,0
2026-10-04T14:12:17Z,emailservice,productcatalogservice,0,0,0,0,0,0,0
2026-10-04T14:12:17Z,emailservice,recommendationservice,0,0,0,0,0,0,0
2026-10-04T14:12:17Z,emailservice,redis-cart,0,0,0,0,0,0,0
2026-10-04T14:12:17Z,emailservice,shippingservice,0,0,0,0,0,0,0
2026-10-04T14:12:17Z,frontend,adservice,867290,867288,0,0,0,2609054,866734
2026-10-04T14:12:17Z,frontend,cartservice,1944928,1944916,0,0,4,10707023,1943461
2026-10-04T14:12:17Z,frontend,checkoutservice,407375,197402,0,40061,169948,63550858,197208
2026-10-04T14:12:17Z,frontend,currencyservice,3090320,3090310,0,0,0,16164957,3087989
2026-10-04T14:12:17Z,frontend,emailservice,0,0,0,0,0,0,0
2026-10-04T14:12:17Z,frontend,frontend,0,0,0,0,0,0,0
2026-10-04T14:12:17Z,frontend,kubernetes,0,0,0,0,0,0,0
2026-10-04T14:12:17Z,frontend,paymentservice,0,0,0,0,0,0,0
2026-10-04T14:12:17Z,frontend,productcatalogservice,8629591,8629526,0,0,0,58785475,8623653
2026-10-04T14:12:17Z,frontend,recommendationservice,2852547,1717218,0,119737,1013061,871097276,1715878
2026-10-04T14:12:17Z,frontend,redis-cart,0,0,0,0,0,0,0
2026-10-04T14:12:17Z,frontend,shippingservice,317929,317927,0,0,0,958382,317726
2026-10-04T14:12:17Z,paymentservice,adservice,0,0,0,0,0,0,0
2026-10-04T14:12:17Z,paymentservice,cartservice,0,0,0,0,0,0,0
2026-10-04T14:12:17Z,paymentservice,checkoutservice,0,0,0,0,0,0,0
2026-10-04T14:12:17Z,paymentservice,currencyservice,0,0,0,0,0,0,0
2026-10-04T14:12:17Z,paymentservice,emailservice,0,0,0,0,0,0,0
2026-10-04T14:12:17Z,paymentservice,frontend,0,0,0,0,0,0,0
2026-10-04T14:12:17Z,paymentservice,kubernetes,0,0,0,0,0,0,0
2026-10-04T14:12:17Z,paymentservice,paymentservice,0,0,0,0,0,0,0
2026-10-04T14:12:17Z,paymentservice,productcatalogservice,0,0,0,0,0,0,0
2026-10-04T14:12:17Z,paymentservice,recommendationservice,0,0,0,0,0,0,0
2026-10-04T14:12:17Z,paymentservice,redis-cart,0,0,0,0,0,0,0
2026-10-04T14:12:17Z,paymentservice,shippingservice,0,0,0,0,0,0,0
2026-10-04T14:12:17Z,productcatalogservice,adservice,0,0,0,0,0,0,0
2026-10-04T14:12:17Z,productcatalogservice,cartservice,0,0,0,0,0,0,0
2026-10-04T14:12:17Z,productcatalogservice,checkoutservice,0,0,0,0,0,0,0
2026-10-04T14:12:17Z,productcatalogservice,currencyservice,0,0,0,0,0,0,0
2026-10-04T14:12:17Z,productcatalogservice,emailservice,0,0,0,0,0,0,0
2026-10-04T14:12:17Z,productcatalogservice,frontend,0,0,0,0,0,0,0
2026-10-04T14:12:17Z,productcatalogservice,kubernetes,0,0,0,0,0,0,0
2026-10-04T14:12:17Z,productcatalogservice,paymentservice,0,0,0,0,0,0,0
2026-10-04T14:12:17Z,productcatalogservice,productcatalogservice,0,0,0,0,0,0,0
2026-10-04T14:12:17Z,productcatalogservice,recommendationservice,0,0,0,0,0,0,0
2026-10-04T14:12:17Z,productcatalogservice,redis-cart,0,0,0,0,0,0,0
2026-10-04T14:12:17Z,productcatalogservice,shippingservice,0,0,0,0,0,0,0
2026-10-04T14:12:17Z,recommendationservice,adservice,0,0,0,0,0,0,0
2026-10-04T14:12:17Z,recommendationservice,cartservice,0,0,0,0,0,0,0
2026-10-04T14:12:17Z,recommendationservice,checkoutservice,0,0,0,0,0,0,0
2026-10-04T14:12:17Z,recommendationservice,currencyservice,0,0,0,0,0,0,0
2026-10-04T14:12:17Z,recommendationservice,emailservice,0,0,0,0,0,0,0
2026-10-04T14:12:17Z,recommendationservice,frontend,0,0,0,0,0,0,0
2026-10-04T14:12:17Z,recommendationservice,kubernetes,0,0,0,0,0,0,0
2026-10-04T14:12:17Z,recommendationservice,paymentservice,0,0,0,0,0,0,0
2026-10-04T14:12:17Z,recommendationservice,productcatalogservice,219150,219146,0,0,0,1423562,218294
2026-10-04T14:12:17Z,recommendationservice,recommendationservice,0,0,0,0,0,0,0
2026-10-04T14:12:17Z,recommendationservice,redis-cart,0,0,0,0,0,0,0
2026-10-04T14:12:17Z,recommendationservice,shippingservice,0,0,0,0,0,0,0
2026-10-04T14:12:17Z,redis-cart,adservice,0,0,0,0,0,0,0
2026-10-04T14:12:17Z,redis-cart,cartservice,0,0,0,0,0,0,0
2026-10-04T14:12:17Z,redis-cart,checkoutservice,0,0,0,0,0,0,0
2026-10-04T14:12:17Z,redis-cart,currencyservice,0,0,0,0,0,0,0
2026-10-04T14:12:17Z,redis-cart,emailservice,0,0,0,0,0,0,0
2026-10-04T14:12:17Z,redis-cart,frontend,0,0,0,0,0,0,0
2026-10-04T14:12:17Z,redis-cart,kubernetes,0,0,0,0,0,0,0
2026-10-04T14:12:17Z,redis-cart,paymentservice,0,0,0,0,0,0,0
2026-10-04T14:12:17Z,redis-cart,productcatalogservice,0,0,0,0,0,0,0
2026-10-04T14:12:17Z,redis-cart,recommendationservice,0,0,0,0,0,0,0
2026-10-04T14:12:17Z,redis-cart,redis-cart,0,0,0,0,0,0,0
2026-10-04T14:12:17Z,redis-cart,shippingservice,0,0,0,0,0,0,0
2026-10-04T14:12:17Z,shippingservice,adservice,0,0,0,0,0,0,0
2026-10-04T14:12:17Z,shippingservice,cartservice,0,0,0,0,0,0,0
2026-10-04T14:12:17Z,shippingservice,checkoutservice,0,0,0,0,0,0,0
2026-10-04T14:12:17Z,shippingservice,currencyservice,0,0,0,0,0,0,0
2026-10-04T14:12:17Z,shippingservice,emailservice,0,0,0,0,0,0,0
2026-10-04T14:12:17Z,shippingservice,frontend,0,0,0,0,0,0,0
2026-10-04T14:12:17Z,shippingservice,kubernetes,0,0,0,0,0,0,0
2026-10-04T14:12:17Z,shippingservice,paymentservice,0,0,0,0,0,0,0
2026-10-04T14:12:17Z,shippingservice,productcatalogservice,0,0,0,0,0,0,0
2026-10-04T14:12:17Z,shippingservice,recommendationservice,0,0,0,0,0,0,0
2026-10-04T14:12:17Z,shippingservice,redis-cart,0,0,0,0,0,0,0
2026-10-04T14:12:17Z,shippingservice,shippingservice,0,0,0,0,0,0,0
2026-10-04T14:12:18Z,adservice,adservice,0,0,0,0,0,0,0
2026-10-04T14:12:18Z,adservice,cartservice,0,0,0,0,0,0,0
2026-10-04T14:12:18Z,adservice,checkoutservice,0,0,0,0,0,0,0
2026-10-04T14:12:18Z,adservice,currencyservice,0,0,0,0,0,0,0
2026-10-04T14:12:18Z,adservice,emailservice,0,0,0,0,0,0,0
2026-10-04T14:12:18Z,adservice,frontend,0,0,0,0,0,0,0
2026-10-04T14:12:18Z,adservice,kubernetes,0,0,0,0,0,0,0
2026-10-04T14:12:18Z,adservice,paymentservice,0,0,0,0,0,0,0
2026-10-04T14:12:18Z,adservice,productcatalogservice,0,0,0,0,0,0,0
2026-10-04T14:12:18Z,adservice,recommendationservice,0,0,0,0,0,0,0
2026-10-04T14:12:18Z,adservice,redis-cart,0,0,0,0,0,0,0
2026-10-04T14:12:18Z,adservice,shippingservice,0,0,0,0,0,0,0
2026-10-04T14:12:18Z,cartservice,adservice,0,0,0,0,0,0,0
2026-10-04T14:12:18Z,cartservice,cartservice,0,0,0,0,0,0,0
2026-10-04T14:12:18Z,cartservice,checkoutservice,0,0,0,0,0,0,0
2026-10-04T14:12:18Z,cartservice,currencyservice,0,0,0,0,0,0,0
2026-10-04T14:12:18Z,cartservice,emailservice,0,0,0,0,0,0,0
2026-10-04T14:12:18Z,cartservice,frontend,0,0,0,0,0,0,0
2026-10-04T14:12:18Z,cartservice,kubernetes,0,0,0,0,0,0,0
2026-10-04T14:12:18Z,cartservice,paymentservice,0,0,0,0,0,0,0
2026-10-04T14:12:18Z,cartservice,productcatalogservice,0,0,0,0,0,0,0
2026-10-04T14:12:18Z,cartservice,recommendationservice,0,0,0,0,0,0,0
2026-10-04T14:12:18Z,cartservice,redis-cart,2,0,0,0,0,0,0
2026-10-04T14:12:18Z,cartservice,shippingservice,0,0,0,0,0,0,0
2026-10-04T14:12:18Z,checkoutservice,adservice,0,0,0,0,0,0,0
2026-10-04T14:12:18Z,checkoutservice,cartservice,74094,73163,0,100,0,762250,73033
2026-10-04T14:12:18Z,checkoutservice,checkoutservice,0,0,0,0,0,0,0
2026-10-04T14:12:18Z,checkoutservice,currencyservice,48451,48451,0,0,0,595861,48380
2026-10-04T14:12:18Z,checkoutservice,emailservice,19675,19385,0,66,0,611497,19325
2026-10-04T14:12:18Z,checkoutservice,frontend,0,0,0,0,0,0,0
2026-10-04T14:12:18Z,checkoutservice,kubernetes,0,0,0,0,0,0,0
2026-10-04T14:12:18Z,checkoutservice,paymentservice,41707,39859,0,192,0,470536,39649
2026-10-04T14:12:18Z,checkoutservice,productcatalogservice,0,0,0,0,0,0,0
2026-10-04T14:12:18Z,checkoutservice,recommendationservice,0,0,0,0,0,0,0
2026-10-04T14:12:18Z,checkoutservice,redis-cart,0,0,0,0,0,0,0
2026-10-04T14:12:18Z,checkoutservice,shippingservice,79405,77302,0,154,0,541565,77172
2026-10-04T14:12:18Z,currencyservice,adservice,0,0,0,0,0,0,0
2026-10-04T14:12:18Z,currencyservice,cartservice,0,0,0,0,0,0,0
2026-10-04T14:12:18Z,currencyservice,checkoutservice,0,0,0,0,0,0,0
2026-10-04T14:12:18Z,currencyservice,currencyservice,0,0,0,0,0,0,0
2026-10-04T14:12:18Z,currencyservice,emailservice,0,0,0,0,0,0,0
2026-10-04T14:12:18Z,currencyservice,frontend,0,0,0,0,0,0,0
2026-10-04T14:12:18Z,currencyservice,kubernetes,0,0,0,0,0,0,0
2026-10-04T14:12:18Z,currencyservice,paymentservice,0,0,0,0,0,0,0
2026-10-04T14:12:18Z,currencyservice,productcatalogservice,0,0,0,0,0,0,0
2026-10-04T14:12:18Z,currencyservice,recommendationservice,0,0,0,0,0,0,0
2026-10-04T14:12:18Z,currencyservice,redis-cart,0,0,0,0,0,0,0
2026-10-04T14:12:18Z,currencyservice,shippingservice,0,0,0,0,0,0,0
2026-10-04T14:12:18Z,emailservice,adservice,0,0,0,0,0,0,0
2026-10-04T14:12:18Z,emailservice,cartservice,0,0,0,0,0,0,0
2026-10-04T14:12:18Z,emailservice,checkoutservice,0,0,0,0,0,0,0
2026-10-04T14:12:18Z,emailservice,currencyservice,0,0,0,0,0,0,0
2026-10-04T14:12:18Z,emailservice,emailservice,0,0,0,0,0,0,0
2026-10-04T14:12:18Z,emailservice,frontend,0,0,0,0,0,0,0
2026-10-04T14:12:18Z,emailservice,kubernetes,0,0,0,0,0,0,0
2026-10-04T14:12:18Z,emailservice,paymentservice,0,0,0,0,0,0,0
2026-10-04T14:12:18Z,emailservice,productcatalogservice,0,0,0,0,0,0,0
2026-10-04T14:12:18Z,emailservice,recommendationservice,0,0,0,0,0,0,0
2026-10-04T14:12:18Z,emailservice,redis-cart,0,0,0,0,0,0,0
2026-10-04T14:12:18Z,emailservice,shippingservice,0,0,0,0,0,0,0
2026-10-04T14:12:18Z,frontend,adservice,867424,867422,0,0,0,2609499,866905
2026-10-04T14:12:18Z,frontend,cartservice,1945340,1945327,0,0,4,10709410,1943986
2026-10-04T14:12:18Z,frontend,checkoutservice,407444,197469,0,40061,169948,63557227,197275
2026-10-04T14:12:18Z,frontend,currencyservice,3090986,3090975,0,0,0,16168300,3088774
2026-10-04T14:12:18Z,frontend,emailservice,0,0,0,0,0,0,0
2026-10-04T14:12:18Z,frontend,frontend,0,0,0,0,0,0,0
2026-10-04T14:12:18Z,frontend,kubernetes,0,0,0,0,0,0,0
2026-10-04T14:12:18Z,frontend,paymentservice,0,0,0,0,0,0,0
2026-10-04T14:12:18Z,frontend,productcatalogservice,8631247,8631172,0,0,0,58798432,8625568
2026-10-04T14:12:18Z,frontend,recommendationservice,2853330,1717577,0,119784,1013432,871445256,1716349
2026-10-04T14:12:18Z,frontend,redis-cart,0,0,0,0,0,0,0
2026-10-04T14:12:18Z,frontend,shippingservice,317984,317982,0,0,0,958503,317790
2026-10-04T14:12:18Z,paymentservice,adservice,0,0,0,0,0,0,0
2026-10-04T14:12:18Z,paymentservice,cartservice,0,0,0,0,0,0,0
2026-10-04T14:12:18Z,paymentservice,checkoutservice,0,0,0,0,0,0,0
2026-10-04T14:12:18Z,paymentservice,currencyservice,0,0,0,0,0,0,0
2026-10-04T14:12:18Z,paymentservice,emailservice,0,0,0,0,0,0,0
2026-10-04T14:12:18Z,paymentservice,frontend,0,0,0,0,0,0,0
2026-10-04T14:12:18Z,paymentservice,kubernetes,0,0,0,0,0,0,0
2026-10-04T14:12:18Z,paymentservice,paymentservice,0,0,0,0,0,0,0
2026-10-04T14:12:18Z,paymentservice,productcatalogservice,0,0,0,0,0,0,0
2026-10-04T14:12:18Z,paymentservice,recommendationservice,0,0,0,0,0,0,0
2026-10-04T14:12:18Z,paymentservice,redis-cart,0,0,0,0,0,0,0
2026-10-04T14:12:18Z,paymentservice,shippingservice,0,0,0,0,0,0,0
2026-10-04T14:12:18Z,productcatalogservice,adservice,0,0,0,0,0,0,0
2026-10-04T14:12:18Z,productcatalogservice,cartservice,0,0,0,0,0,0,0
2026-10-04T14:12:18Z,productcatalogservice,checkoutservice,0,0,0,0,0,0,0
2026-10-04T14:12:18Z,productcatalogservice,currencyservice,0,0,0,0,0,0,0
2026-10-04T14:12:18Z,productcatalogservice,emailservice,0,0,0,0,0,0,0
2026-10-04T14:12:18Z,productcatalogservice,frontend,0,0,0,0,0,0,0
2026-10-04T14:12:18Z,productcatalogservice,kubernetes,0,0,0,0,0,0,0
2026-10-04T14:12:18Z,productcatalogservice,paymentservice,0,0,0,0,0,0,0
2026-10-04T14:12:18Z,productcatalogservice,productcatalogservice,0,0,0,0,0,0,0
2026-10-04T14:12:18Z,productcatalogservice,recommendationservice,0,0,0,0,0,0,0
2026-10-04T14:12:18Z,productcatalogservice,redis-cart,0,0,0,0,0,0,0
2026-10-04T14:12:18Z,productcatalogservice,shippingservice,0,0,0,0,0,0,0
2026-10-04T14:12:18Z,recommendationservice,adservice,0,0,0,0,0,0,0
2026-10-04T14:12:18Z,recommendationservice,cartservice,0,0,0,0,0,0,0
2026-10-04T14:12:18Z,recommendationservice,checkoutservice,0,0,0,0,0,0,0
2026-10-04T14:12:18Z,recommendationservice,currencyservice,0,0,0,0,0,0,0
2026-10-04T14:12:18Z,recommendationservice,emailservice,0,0,0,0,0,0,0
2026-10-04T14:12:18Z,recommendationservice,frontend,0,0,0,0,0,0,0
2026-10-04T14:12:18Z,recommendationservice,kubernetes,0,0,0,0,0,0,0
2026-10-04T14:12:18Z,recommendationservice,paymentservice,0,0,0,0,0,0,0
2026-10-04T14:12:18Z,recommendationservice,productcatalogservice,219645,219644,0,0,0,1423562,218294
2026-10-04T14:12:18Z,recommendationservice,recommendationservice,0,0,0,0,0,0,0
2026-10-04T14:12:18Z,recommendationservice,redis-cart,0,0,0,0,0,0,0
2026-10-04T14:12:18Z,recommendationservice,shippingservice,0,0,0,0,0,0,0
2026-10-04T14:12:18Z,redis-cart,adservice,0,0,0,0,0,0,0
2026-10-04T14:12:18Z,redis-cart,cartservice,0,0,0,0,0,0,0
2026-10-04T14:12:18Z,redis-cart,checkoutservice,0,0,0,0,0,0,0
2026-10-04T14:12:18Z,redis-cart,currencyservice,0,0,0,0,0,0,0
2026-10-04T14:12:18Z,redis-cart,emailservice,0,0,0,0,0,0,0
2026-10-04T14:12:18Z,redis-cart,frontend,0,0,0,0,0,0,0
2026-10-04T14:12:18Z,redis-cart,kubernetes,0,0,0,0,0,0,0
2026-10-04T14:12:18Z,redis-cart,paymentservice,0,0,0,0,0,0,0
2026-10-04T14:12:18Z,redis-cart,productcatalogservice,0,0,0,0,0,0,0
2026-10-04T14:12:18Z,redis-cart,recommendationservice,0,0,0,0,0,0,0
2026-10-04T14:12:18Z,redis-cart,redis-cart,0,0,0,0,0,0,0
2026-10-04T14:12:18Z,redis-cart,shippingservice,0,0,0,0,0,0,0
2026-10-04T14:12:18Z,shippingservice,adservice,0,0,0,0,0,0,0
2026-10-04T14:12:18Z,shippingservice,cartservice,0,0,0,0,0,0,0
2026-10-04T14:12:18Z,shippingservice,checkoutservice,0,0,0,0,0,0,0
2026-10-04T14:12:18Z,shippingservice,currencyservice,0,0,0,0,0,0,0
2026-10-04T14:12:18Z,shippingservice,emailservice,0,0,0,0,0,0,0
2026-10-04T14:12:18Z,shippingservice,frontend,0,0,0,0,0,0,0
2026-10-04T14:12:18Z,shippingservice,kubernetes,0,0,0,0,0,0,0
2026-10-04T14:12:18Z,shippingservice,paymentservice,0,0,0,0,0,0,0
2026-10-04T14:12:18Z,shippingservice,productcatalogservice,0,0,0,0,0,0,0
2026-10-04T14:12:18Z,shippingservice,recommendationservice,0,0,0,0,0,0,0
2026-10-04T14:12:18Z,shippingservice,redis-cart,0,0,0,0,0,0,0
2026-10-04T14:12:18Z,shippingservice,shippingservice,0,0,0,0,0,0,0
2026-10-04T14:12:19Z,adservice,adservice,0,0,0,0,0,0,0
2026-10-04T14:12:19Z,adservice,cartservice,0,0,0,0,0,0,0
2026-10-04T14:12:19Z,adservice,checkoutservice,0,0,0,0,0,0,0
2026-10-04T14:12:19Z,adservice,currencyservice,0,0,0,0,0,0,0
2026-10-04T14:12:19Z,adservice,emailservice,0,0,0,0,0,0,0
2026-10-04T14:12:19Z,adservice,frontend,0,0,0,0,0,0,0
2026-10-04T14:12:19Z,adservice,kubernetes,0,0,0,0,0,0,0
2026-10-04T14:12:19Z,adservice,paymentservice,0,0,0,0,0,0,0
2026-10-04T14:12:19Z,adservice,productcatalogservice,0,0,0,0,0,0,0
2026-10-04T14:12:19Z,adservice,recommendationservice,0,0,0,0,0,0,0
2026-10-04T14:12:19Z,adservice,redis-cart,0,0,0,0,0,0,0
2026-10-04T14:12:19Z,adservice,shippingservice,0,0,0,0,0,0,0
2026-10-04T14:12:19Z,cartservice,adservice,0,0,0,0,0,0,0
2026-10-04T14:12:19Z,cartservice,cartservice,0,0,0,0,0,0,0
2026-10-04T14:12:19Z,cartservice,checkoutservice,0,0,0,0,0,0,0
2026-10-04T14:12:19Z,cartservice,currencyservice,0,0,0,0,0,0,0
2026-10-04T14:12:19Z,cartservice,emailservice,0,0,0,0,0,0,0
2026-10-04T14:12:19Z,cartservice,frontend,0,0,0,0,0,0,0
2026-10-04T14:12:19Z,cartservice,kubernetes,0,0,0,0,0,0,0
2026-10-04T14:12:19Z,cartservice,paymentservice,0,0,0,0,0,0,0
2026-10-04T14:12:19Z,cartservice,productcatalogservice,0,0,0,0,0,0,0
2026-10-04T14:12:19Z,cartservice,recommendationservice,0,0,0,0,0,0,0
2026-10-04T14:12:19Z,cartservice,redis-cart,2,0,0,0,0,0,0
2026-10-04T14:12:19Z,cartservice,shippingservice,0,0,0,0,0,0,0
2026-10-04T14:12:19Z,checkoutservice,adservice,0,0,0,0,0,0,0
2026-10-04T14:12:19Z,checkoutservice,cartservice,74210,73276,0,100,0,762250,73033
2026-10-04T14:12:19Z,checkoutservice,checkoutservice,0,0,0,0,0,0,0
2026-10-04T14:12:19Z,checkoutservice,currencyservice,48503,48502,0,0,0,595861,48380
2026-10-04T14:12:19Z,checkoutservice,emailservice,19733,19441,0,66,0,611497,19325
2026-10-04T14:12:19Z,checkoutservice,frontend,0,0,0,0,0,0,0
2026-10-04T14:12:19Z,checkoutservice,kubernetes,0,0,0,0,0,0,0
2026-10-04T14:12:19Z,checkoutservice,paymentservice,41766,39917,0,192,0,470536,39649
2026-10-04T14:12:19Z,checkoutservice,productcatalogservice,0,0,0,0,0,0,0
2026-10-04T14:12:19Z,checkoutservice,recommendationservice,0,0,0,0,0,0,0
2026-10-04T14:12:19Z,checkoutservice,redis-cart,0,0,0,0,0,0,0
2026-10-04T14:12:19Z,checkoutservice,shippingservice,79519,77416,0,154,0,541565,77172
2026-10-04T14:12:19Z,currencyservice,adservice,0,0,0,0,0,0,0
2026-10-04T14:12:19Z,currencyservice,cartservice,0,0,0,0,0,0,0
2026-10-04T14:12:19Z,currencyservice,checkoutservice,0,0,0,0,0,0,0
2026-10-04T14:12:19Z,currencyservice,currencyservice,0,0,0,0,0,0,0
2026-10-04T14:12:19Z,currencyservice,emailservice,0,0,0,0,0,0,0
2026-10-04T14:12:19Z,currencyservice,frontend,0,0,0,0,0,0,0
2026-10-04T14:12:19Z,currencyservice,kubernetes,0,0,0,0,0,0,0
2026-10-04T14:12:19Z,currencyservice,paymentservice,0,0,0,0,0,0,0
2026-10-04T14:12:19Z,currencyservice,productcatalogservice,0,0,0,0,0,0,0
2026-10-04T14:12:19Z,currencyservice,recommendationservice,0,0,0,0,0,0,0
2026-10-04T14:12:19Z,currencyservice,redis-cart,0,0,0,0,0,0,0
2026-10-04T14:12:19Z,currencyservice,shippingservice,0,0,0,0,0,0,0
2026-10-04T14:12:19Z,emailservice,adservice,0,0,0,0,0,0,0
2026-10-04T14:12:19Z,emailservice,cartservice,0,0,0,0,0,0,0
2026-10-04T14:12:19Z,emailservice,checkoutservice,0,0,0,0,0,0,0
2026-10-04T14:12:19Z,emailservice,currencyservice,0,0,0,0,0,0,0
2026-10-04T14:12:19Z,emailservice,emailservice,0,0,0,0,0,0,0
2026-10-04T14:12:19Z,emailservice,frontend,0,0,0,0,0,0,0
2026-10-04T14:12:19Z,emailservice,kubernetes,0,0,0,0,0,0,0
2026-10-04T14:12:19Z,emailservice,paymentservice,0,0,0,0,0,0,0
2026-10-04T14:12:19Z,emailservice,productcatalogservice,0,0,0,0,0,0,0
2026-10-04T14:12:19Z,emailservice,recommendationservice,0,0,0,0,0,0,0
2026-10-04T14:12:19Z,emailservice,redis-cart,0,0,0,0,0,0,0
2026-10-04T14:12:19Z,emailservice,shippingservice,0,0,0,0,0,0,0
2026-10-04T14:12:19Z,frontend,adservice,867562,867559,0,0,0,2610784,867315
2026-10-04T14:12:19Z,frontend,cartservice,1945699,1945684,0,0,4,10713822,1945041
2026-10-04T14:12:19Z,frontend,checkoutservice,407504,197521,0,40061,169948,63571946,197434
2026-10-04T14:12:19Z,frontend,currencyservice,3091553,3091544,0,0,0,16174418,3090493
2026-10-04T14:12:19Z,frontend,emailservice,0,0,0,0,0,0,0
2026-10-04T14:12:19Z,frontend,frontend,0,0,0,0,0,0,0
2026-10-04T14:12:19Z,frontend,kubernetes,0,0,0,0,0,0,0
2026-10-04T14:12:19Z,frontend,paymentservice,0,0,0,0,0,0,0
2026-10-04T14:12:19Z,frontend,productcatalogservice,8632700,8632628,0,0,0,58822884,8630019
2026-10-04T14:12:19Z,frontend,recommendationservice,2854056,1717910,0,119826,1013798,872183331,1717317
2026-10-04T14:12:19Z,frontend,redis-cart,0,0,0,0,0,0,0
2026-10-04T14:12:19Z,frontend,shippingservice,318025,318023,0,0,0,958852,317932
2026-10-04T14:12:19Z,paymentservice,adservice,0,0,0,0,0,0,0
2026-10-04T14:12:19Z,paymentservice,cartservice,0,0,0,0,0,0,0
2026-10-04T14:12:19Z,paymentservice,checkoutservice,0,0,0,0,0,0,0
2026-10-04T14:12:19Z,paymentservice,currencyservice,0,0,0,0,0,0,0
2026-10-04T14:12:19Z,paymentservice,emailservice,0,0,0,0,0,0,0
2026-10-04T14:12:19Z,paymentservice,frontend,0,0,0,0,0,0,0
2026-10-04T14:12:19Z,paymentservice,kubernetes,0,0,0,0,0,0,0
2026-10-04T14:12:19Z,paymentservice,paymentservice,0,0,0,0,0,0,0
2026-10-04T14:12:19Z,paymentservice,productcatalogservice,0,0,0,0,0,0,0
2026-10-04T14:12:19Z,paymentservice,recommendationservice,0,0,0,0,0,0,0
2026-10-04T14:12:19Z,paymentservice,redis-cart,0,0,0,0,0,0,0
2026-10-04T14:12:19Z,paymentservice,shippingservice,0,0,0,0,0,0,0
2026-10-04T14:12:19Z,productcatalogservice,adservice,0,0,0,0,0,0,0
2026-10-04T14:12:19Z,productcatalogservice,cartservice,0,0,0,0,0,0,0
2026-10-04T14:12:19Z,productcatalogservice,checkoutservice,0,0,0,0,0,0,0
2026-10-04T14:12:19Z,productcatalogservice,currencyservice,0,0,0,0,0,0,0
2026-10-04T14:12:19Z,productcatalogservice,emailservice,0,0,0,0,0,0,0
2026-10-04T14:12:19Z,productcatalogservice,frontend,0,0,0,0,0,0,0
2026-10-04T14:12:19Z,productcatalogservice,kubernetes,0,0,0,0,0,0,0
2026-10-04T14:12:19Z,productcatalogservice,paymentservice,0,0,0,0,0,0,0
2026-10-04T14:12:19Z,productcatalogservice,productcatalogservice,0,0,0,0,0,0,0
2026-10-04T14:12:19Z,productcatalogservice,recommendationservice,0,0,0,0,0,0,0
2026-10-04T14:12:19Z,productcatalogservice,redis-cart,0,0,0,0,0,0,0
2026-10-04T14:12:19Z,productcatalogservice,shippingservice,0,0,0,0,0,0,0
2026-10-04T14:12:19Z,recommendationservice,adservice,0,0,0,0,0,0,0
2026-10-04T14:12:19Z,recommendationservice,cartservice,0,0,0,0,0,0,0
2026-10-04T14:12:19Z,recommendationservice,checkoutservice,0,0,0,0,0,0,0
2026-10-04T14:12:19Z,recommendationservice,currencyservice,0,0,0,0,0,0,0
2026-10-04T14:12:19Z,recommendationservice,emailservice,0,0,0,0,0,0,0
2026-10-04T14:12:19Z,recommendationservice,frontend,0,0,0,0,0,0,0
2026-10-04T14:12:19Z,recommendationservice,kubernetes,0,0,0,0,0,0,0
2026-10-04T14:12:19Z,recommendationservice,paymentservice,0,0,0,0,0,0,0
2026-10-04T14:12:19Z,recommendationservice,productcatalogservice,220042,220039,0,0,0,1423562,218294
2026-10-04T14:12:19Z,recommendationservice,recommendationservice,0,0,0,0,0,0,0
2026-10-04T14:12:19Z,recommendationservice,redis-cart,0,0,0,0,0,0,0
2026-10-04T14:12:19Z,recommendationservice,shippingservice,0,0,0,0,0,0,0
2026-10-04T14:12:19Z,redis-cart,adservice,0,0,0,0,0,0,0
2026-10-04T14:12:19Z,redis-cart,cartservice,0,0,0,0,0,0,0
2026-10-04T14:12:19Z,redis-cart,checkoutservice,0,0,0,0,0,0,0
2026-10-04T14:12:19Z,redis-cart,currencyservice,0,0,0,0,0,0,0
2026-10-04T14:12:19Z,redis-cart,emailservice,0,0,0,0,0,0,0
2026-10-04T14:12:19Z,redis-cart,frontend,0,0,0,0,0,0,0
2026-10-04T14:12:19Z,redis-cart,kubernetes,0,0,0,0,0,0,0
2026-10-04T14:12:19Z,redis-cart,paymentservice,0,0,0,0,0,0,0
2026-10-04T14:12:19Z,redis-cart,productcatalogservice,0,0,0,0,0,0,0
2026-10-04T14:12:19Z,redis-cart,recommendationservice,0,0,0,0,0,0,0
2026-10-04T14:12:19Z,redis-cart,redis-cart,0,0,0,0,0,0,0
2026-10-04T14:12:19Z,redis-cart,shippingservice,0,0,0,0,0,0,0
2026-10-04T14:12:19Z,shippingservice,adservice,0,0,0,0,0,0,0
2026-10-04T14:12:19Z,shippingservice,cartservice,0,0,0,0,0,0,0
2026-10-04T14:12:19Z,shippingservice,checkoutservice,0,0,0,0,0,0,0
2026-10-04T14:12:19Z,shippingservice,currencyservice,0,0,0,0,0,0,0
2026-10-04T14:12:19Z,shippingservice,emailservice,0,0,0,0,0,0,0
2026-10-04T14:12:19Z,shippingservice,frontend,0,0,0,0,0,0,0
2026-10-04T14:12:19Z,shippingservice,kubernetes,0,0,0,0,0,0,0
2026-10-04T14:12:19Z,shippingservice,paymentservice,0,0,0,0,0,0,0
2026-10-04T14:12:19Z,shippingservice,productcatalogservice,0,0,0,0,0,0,0
2026-10-04T14:12:19Z,shippingservice,recommendationservice,0,0,0,0,0,0,0
2026-10-04T14:12:19Z,shippingservice,redis-cart,0,0,0,0,0,0,0
2026-10-04T14:12:19Z,shippingservice,shippingservice,0,0,0,0,0,0,0
2026-10-04T14:12:20Z,adservice,adservice,0,0,0,0,0,0,0
2026-10-04T14:12:20Z,adservice,cartservice,0,0,0,0,0,0,0
2026-10-04T14:12:20Z,adservice,checkoutservice,0,0,0,0,0,0,0
2026-10-04T14:12:20Z,adservice,currencyservice,0,0,0,0,0,0,0
2026-10-04T14:12:20Z,adservice,emailservice,0,0,0,0,0,0,0
2026-10-04T14:12:20Z,adservice,frontend,0,0,0,0,0,0,0
2026-10-04T14:12:20Z,adservice,kubernetes,0,0,0,0,0,0,0
2026-10-04T14:12:20Z,adservice,paymentservice,0,0,0,0,0,0,0
2026-10-04T14:12:20Z,adservice,productcatalogservice,0,0,0,0,0,0,0
2026-10-04T14:12:20Z,adservice,recommendationservice,0,0,0,0,0,0,0
2026-10-04T14:12:20Z,adservice,redis-cart,0,0,0,0,0,0,0
2026-10-04T14:12:20Z,adservice,shippingservice,0,0,0,0,0,0,0
2026-10-04T14:12:20Z,cartservice,adservice,0,0,0,0,0,0,0
2026-10-04T14:12:20Z,cartservice,cartservice,0,0,0,0,0,0,0
2026-10-04T14:12:20Z,cartservice,checkoutservice,0,0,0,0,0,0,0
2026-10-04T14:12:20Z,cartservice,currencyservice,0,0,0,0,0,0,0
2026-10-04T14:12:20Z,cartservice,emailservice,0,0,0,0,0,0,0
2026-10-04T14:12:20Z,cartservice,frontend,0,0,0,0,0,0,0
2026-10-04T14:12:20Z,cartservice,kubernetes,0,0,0,0,0,0,0
2026-10-04T14:12:20Z,cartservice,paymentservice,0,0,0,0,0,0,0
2026-10-04T14:12:20Z,cartservice,productcatalogservice,0,0,0,0,0,0,0
2026-10-04T14:12:20Z,cartservice,recommendationservice,0,0,0,0,0,0,0
2026-10-04T14:12:20Z,cartservice,redis-cart,2,0,0,0,0,0,0
2026-10-04T14:12:20Z,cartservice,shippingservice,0,0,0,0,0,0,0
2026-10-04T14:12:20Z,checkoutservice,adservice,0,0,0,0,0,0,0
2026-10-04T14:12:20Z,checkoutservice,cartservice,74352,73421,0,100,0,762250,73033
2026-10-04T14:12:20Z,checkoutservice,checkoutservice,0,0,0,0,0,0,0
2026-10-04T14:12:20Z,checkoutservice,currencyservice,48575,48575,0,0,0,595861,48380
2026-10-04T14:12:20Z,checkoutservice,emailservice,19807,19517,0,66,0,611497,19325
2026-10-04T14:12:20Z,checkoutservice,frontend,0,0,0,0,0,0,0
2026-10-04T14:12:20Z,checkoutservice,kubernetes,0,0,0,0,0,0,0
2026-10-04T14:12:20Z,checkoutservice,paymentservice,41840,39992,0,192,0,470536,39649
2026-10-04T14:12:20Z,checkoutservice,productcatalogservice,0,0,0,0,0,0,0
2026-10-04T14:12:20Z,checkoutservice,recommendationservice,0,0,0,0,0,0,0
2026-10-04T14:12:20Z,checkoutservice,redis-cart,0,0,0,0,0,0,0
2026-10-04T14:12:20Z,checkoutservice,shippingservice,79664,77560,0,154,0,541565,77172
2026-10-04T14:12:20Z,currencyservice,adservice,0,0,0,0,0,0,0
2026-10-04T14:12:20Z,currencyservice,cartservice,0,0,0,0,0,0,0
2026-10-04T14:12:20Z,currencyservice,checkoutservice,0,0,0,0,0,0,0
2026-10-04T14:12:20Z,currencyservice,currencyservice,0,0,0,0,0,0,0
2026-10-04T14:12:20Z,currencyservice,emailservice,0,0,0,0,0,0,0
2026-10-04T14:12:20Z,currencyservice,frontend,0,0,0,0,0,0,0
2026-10-04T14:12:20Z,currencyservice,kubernetes,0,0,0,0,0,0,0
2026-10-04T14:12:20Z,currencyservice,paymentservice,0,0,0,0,0,0,0
2026-10-04T14:12:20Z,currencyservice,productcatalogservice,0,0,0,0,0,0,0
2026-10-04T14:12:20Z,currencyservice,recommendationservice,0,0,0,0,0,0,0
2026-10-04T14:12:20Z,currencyservice,redis-cart,0,0,0,0,0,0,0
2026-10-04T14:12:20Z,currencyservice,shippingservice,0,0,0,0,0,0,0
2026-10-04T14:12:20Z,emailservice,adservice,0,0,0,0,0,0,0
2026-10-04T14:12:20Z,emailservice,cartservice,0,0,0,0,0,0,0
2026-10-04T14:12:20Z,emailservice,checkoutservice,0,0,0,0,0,0,0
2026-10-04T14:12:20Z,emailservice,currencyservice,0,0,0,0,0,0,0
2026-10-04T14:12:20Z,emailservice,emailservice,0,0,0,0,0,0,0
2026-10-04T14:12:20Z,emailservice,frontend,0,0,0,0,0,0,0
2026-10-04T14:12:20Z,emailservice,kubernetes,0,0,0,0,0,0,0
2026-10-04T14:12:20Z,emailservice,paymentservice,0,0,0,0,0,0,0
2026-10-04T14:12:20Z,emailservice,productcatalogservice,0,0,0,0,0,0,0
2026-10-04T14:12:20Z,emailservice,recommendationservice,0,0,0,0,0,0,0
2026-10-04T14:12:20Z,emailservice,redis-cart,0,0,0,0,0,0,0
2026-10-04T14:12:20Z,emailservice,shippingservice,0,0,0,0,0,0,0
2026-10-04T14:12:20Z,frontend,adservice,867709,867706,0,0,0,2611135,867477
2026-10-04T14:12:20Z,frontend,cartservice,1946135,1946123,0,0,4,10715641,1945467
2026-10-04T14:12:20Z,frontend,checkoutservice,407567,197594,0,40061,169948,63578242,197485
2026-10-04T14:12:20Z,frontend,currencyservice,3092252,3092239,0,0,0,16176993,3091177
2026-10-04T14:12:20Z,frontend,emailservice,0,0,0,0,0,0,0
2026-10-04T14:12:20Z,frontend,frontend,0,0,0,0,0,0,0
2026-10-04T14:12:20Z,frontend,kubernetes,0,0,0,0,0,0,0
2026-10-04T14:12:20Z,frontend,paymentservice,0,0,0,0,0,0,0
2026-10-04T14:12:20Z,frontend,productcatalogservice,8634389,8634302,0,0,0,58833745,8631722
2026-10-04T14:12:20Z,frontend,recommendationservice,2854833,1718300,0,119880,1014142,872511451,1717703
2026-10-04T14:12:20Z,frontend,redis-cart,0,0,0,0,0,0,0
2026-10-04T14:12:20Z,frontend,shippingservice,318077,318075,0,0,0,958969,317994
2026-10-04T14:12:20Z,paymentservice,adservice,0,0,0,0,0,0,0
2026-10-04T14:12:20Z,paymentservice,cartservice,0,0,0,0,0,0,0
2026-10-04T14:12:20Z,paymentservice,checkoutservice,0,0,0,0,0,0,0
2026-10-04T14:12:20Z,paymentservice,currencyservice,0,0,0,0,0,0,0
2026-10-04T14:12:20Z,paymentservice,emailservice,0,0,0,0,0,0,0
2026-10-04T14:12:20Z,paymentservice,frontend,0,0,0,0,0,0,0
2026-10-04T14:12:20Z,paymentservice,kubernetes,0,0,0,0,0,0,0
2026-10-04T14:12:20Z,paymentservice,paymentservice,0,0,0,0,0,0,0
2026-10-04T14:12:20Z,paymentservice,productcatalogservice,0,0,0,0,0,0,0
2026-10-04T14:12:20Z,paymentservice,recommendationservice,0,0,0,0,0,0,0
2026-10-04T14:12:20Z,paymentservice,redis-cart,0,0,0,0,0,0,0
2026-10-04T14:12:20Z,paymentservice,shippingservice,0,0,0,0,0,0,0
2026-10-04T14:12:20Z,productcatalogservice,adservice,0,0,0,0,0,0,0
2026-10-04T14:12:20Z,productcatalogservice,cartservice,0,0,0,0,0,0,0
2026-10-04T14:12:20Z,productcatalogservice,checkoutservice,0,0,0,0,0,0,0
2026-10-04T14:12:20Z,productcatalogservice,currencyservice,0,0,0,0,0,0,0
2026-10-04T14:12:20Z,productcatalogservice,emailservice,0,0,0,0,0,0,0
2026-10-04T14:12:20Z,productcatalogservice,frontend,0,0,0,0,0,0,0
2026-10-04T14:12:20Z,productcatalogservice,kubernetes,0,0,0,0,0,0,0
2026-10-04T14:12:20Z,productcatalogservice,paymentservice,0,0,0,0,0,0,0
2026-10-04T14:12:20Z,productcatalogservice,productcatalogservice,0,0,0,0,0,0,0
2026-10-04T14:12:20Z,productcatalogservice,recommendationservice,0,0,0,0,0,0,0
2026-10-04T14:12:20Z,productcatalogservice,redis-cart,0,0,0,0,0,0,0
2026-10-04T14:12:20Z,productcatalogservice,shippingservice,0,0,0,0,0,0,0
2026-10-04T14:12:20Z,recommendationservice,adservice,0,0,0,0,0,0,0
2026-10-04T14:12:20Z,recommendationservice,cartservice,0,0,0,0,0,0,0
2026-10-04T14:12:20Z,recommendationservice,checkoutservice,0,0,0,0,0,0,0
2026-10-04T14:12:20Z,recommendationservice,currencyservice,0,0,0,0,0,0,0
2026-10-04T14:12:20Z,recommendationservice,emailservice,0,0,0,0,0,0,0
2026-10-04T14:12:20Z,recommendationservice,frontend,0,0,0,0,0,0,0
2026-10-04T14:12:20Z,recommendationservice,kubernetes,0,0,0,0,0,0,0
2026-10-04T14:12:20Z,recommendationservice,paymentservice,0,0,0,0,0,0,0
2026-10-04T14:12:20Z,recommendationservice,productcatalogservice,220454,220450,0,0,0,1435246,220444
2026-10-04T14:12:20Z,recommendationservice,recommendationservice,0,0,0,0,0,0,0
2026-10-04T14:12:20Z,recommendationservice,redis-cart,0,0,0,0,0,0,0
2026-10-04T14:12:20Z,recommendationservice,shippingservice,0,0,0,0,0,0,0
2026-10-04T14:12:20Z,redis-cart,adservice,0,0,0,0,0,0,0
2026-10-04T14:12:20Z,redis-cart,cartservice,0,0,0,0,0,0,0
2026-10-04T14:12:20Z,redis-cart,checkoutservice,0,0,0,0,0,0,0
2026-10-04T14:12:20Z,redis-cart,currencyservice,0,0,0,0,0,0,0
2026-10-04T14:12:20Z,redis-cart,emailservice,0,0,0,0,0,0,0
2026-10-04T14:12:20Z,redis-cart,frontend,0,0,0,0,0,0,0
2026-10-04T14:12:20Z,redis-cart,kubernetes,0,0,0,0,0,0,0
2026-10-04T14:12:20Z,redis-cart,paymentservice,0,0,0,0,0,0,0
2026-10-04T14:12:20Z,redis-cart,productcatalogservice,0,0,0,0,0,0,0
2026-10-04T14:12:20Z,redis-cart,recommendationservice,0,0,0,0,0,0,0
2026-10-04T14:12:20Z,redis-cart,redis-cart,0,0,0,0,0,0,0
2026-10-04T14:12:20Z,redis-cart,shippingservice,0,0,0,0,0,0,0
2026-10-04T14:12:20Z,shippingservice,adservice,0,0,0,0,0,0,0
2026-10-04T14:12:20Z,shippingservice,cartservice,0,0,0,0,0,0,0
2026-10-04T14:12:20Z,shippingservice,checkoutservice,0,0,0,0,0,0,0
2026-10-04T14:12:20Z,shippingservice,currencyservice,0,0,0,0,0,0,0
2026-10-04T14:12:20Z,shippingservice,emailservice,0,0,0,0,0,0,0
2026-10-04T14:12:20Z,shippingservice,frontend,0,0,0,0,0,0,0
2026-10-04T14:12:20Z,shippingservice,kubernetes,0,0,0,0,0,0,0
2026-10-04T14:12:20Z,shippingservice,paymentservice,0,0,0,0,0,0,0
2026-10-04T14:12:20Z,shippingservice,productcatalogservice,0,0,0,0,0,0,0
2026-10-04T14:12:20Z,shippingservice,recommendationservice,0,0,0,0,0,0,0
2026-10-04T14:12:20Z,shippingservice,redis-cart,0,0,0,0,0,0,0
2026-10-04T14:12:20Z,shippingservice,shippingservice,0,0,0,0,0,0,0
2026-10-04T14:12:21Z,adservice,adservice,0,0,0,0,0,0,0
2026-10-04T14:12:21Z,adservice,cartservice,0,0,0,0,0,0,0
2026-10-04T14:12:21Z,adservice,checkoutservice,0,0,0,0,0,0,0
2026-10-04T14:12:21Z,adservice,currencyservice,0,0,0,0,0,0,0
2026-10-04T14:12:21Z,adservice,emailservice,0,0,0,0,0,0,0
2026-10-04T14:12:21Z,adservice,frontend,0,0,0,0,0,0,0
2026-10-04T14:12:21Z,adservice,kubernetes,0,0,0,0,0,0,0
2026-10-04T14:12:21Z,adservice,paymentservice,0,0,0,0,0,0,0
2026-10-04T14:12:21Z,adservice,productcatalogservice,0,0,0,0,0,0,0
2026-10-04T14:12:21Z,adservice,recommendationservice,0,0,0,0,0,0,0
2026-10-04T14:12:21Z,adservice,redis-cart,0,0,0,0,0,0,0
2026-10-04T14:12:21Z,adservice,shippingservice,0,0,0,0,0,0,0
2026-10-04T14:12:21Z,cartservice,adservice,0,0,0,0,0,0,0
2026-10-04T14:12:21Z,cartservice,cartservice,0,0,0,0,0,0,0
2026-10-04T14:12:21Z,cartservice,checkoutservice,0,0,0,0,0,0,0
2026-10-04T14:12:21Z,cartservice,currencyservice,0,0,0,0,0,0,0
2026-10-04T14:12:21Z,cartservice,emailservice,0,0,0,0,0,0,0
2026-10-04T14:12:21Z,cartservice,frontend,0,0,0,0,0,0,0
2026-10-04T14:12:21Z,cartservice,kubernetes,0,0,0,0,0,0,0
2026-10-04T14:12:21Z,cartservice,paymentservice,0,0,0,0,0,0,0
2026-10-04T14:12:21Z,cartservice,productcatalogservice,0,0,0,0,0,0,0
2026-10-04T14:12:21Z,cartservice,recommendationservice,0,0,0,0,0,0,0
2026-10-04T14:12:21Z,cartservice,redis-cart,2,0,0,0,0,0,0
2026-10-04T14:12:21Z,cartservice,shippingservice,0,0,0,0,0,0,0
2026-10-04T14:12:21Z,checkoutservice,adservice,0,0,0,0,0,0,0
2026-10-04T14:12:21Z,checkoutservice,cartservice,74448,73517,0,100,0,762250,73033
2026-10-04T14:12:21Z,checkoutservice,checkoutservice,0,0,0,0,0,0,0
2026-10-04T14:12:21Z,checkoutservice,currencyservice,48622,48622,0,0,0,595861,48380
2026-10-04T14:12:21Z,checkoutservice,emailservice,19859,19569,0,66,0,611497,19325
2026-10-04T14:12:21Z,checkoutservice,frontend,0,0,0,0,0,0,0
2026-10-04T14:12:21Z,checkoutservice,kubernetes,0,0,0,0,0,0,0
2026-10-04T14:12:21Z,checkoutservice,paymentservice,41887,40039,0,192,0,470536,39649
2026-10-04T14:12:21Z,checkoutservice,productcatalogservice,0,0,0,0,0,0,0
2026-10-04T14:12:21Z,checkoutservice,recommendationservice,0,0,0,0,0,0,0
2026-10-04T14:12:21Z,checkoutservice,redis-cart,0,0,0,0,0,0,0
2026-10-04T14:12:21Z,checkoutservice,shippingservice,79759,77656,0,154,0,541565,77172
2026-10-04T14:12:21Z,currencyservice,adservice,0,0,0,0,0,0,0
2026-10-04T14:12:21Z,currencyservice,cartservice,0,0,0,0,0,0,0
2026-10-04T14:12:21Z,currencyservice,checkoutservice,0,0,0,0,0,0,0
2026-10-04T14:12:21Z,currencyservice,currencyservice,0,0,0,0,0,0,0
2026-10-04T14:12:21Z,currencyservice,emailservice,0,0,0,0,0,0,0
2026-10-04T14:12:21Z,currencyservice,frontend,0,0,0,0,0,0,0
2026-10-04T14:12:21Z,currencyservice,kubernetes,0,0,0,0,0,0,0
2026-10-04T14:12:21Z,currencyservice,paymentservice,0,0,0,0,0,0,0
2026-10-04T14:12:21Z,currencyservice,productcatalogservice,0,0,0,0,0,0,0
2026-10-04T14:12:21Z,currencyservice,recommendationservice,0,0,0,0,0,0,0
2026-10-04T14:12:21Z,currencyservice,redis-cart,0,0,0,0,0,0,0
2026-10-04T14:12:21Z,currencyservice,shippingservice,0,0,0,0,0,0,0
2026-10-04T14:12:21Z,emailservice,adservice,0,0,0,0,0,0,0
2026-10-04T14:12:21Z,emailservice,cartservice,0,0,0,0,0,0,0
2026-10-04T14:12:21Z,emailservice,checkoutservice,0,0,0,0,0,0,0
2026-10-04T14:12:21Z,emailservice,currencyservice,0,0,0,0,0,0,0
2026-10-04T14:12:21Z,emailservice,emailservice,0,0,0,0,0,0,0
2026-10-04T14:12:21Z,emailservice,frontend,0,0,0,0,0,0,0
2026-10-04T14:12:21Z,emailservice,kubernetes,0,0,0,0,0,0,0
2026-10-04T14:12:21Z,emailservice,paymentservice,0,0,0,0,0,0,0
2026-10-04T14:12:21Z,emailservice,productcatalogservice,0,0,0,0,0,0,0
2026-10-04T14:12:21Z,emailservice,recommendationservice,0,0,0,0,0,0,0
2026-10-04T14:12:21Z,emailservice,redis-cart,0,0,0,0,0,0,0
2026-10-04T14:12:21Z,emailservice,shippingservice,0,0,0,0,0,0,0
2026-10-04T14:12:21Z,frontend,adservice,867851,867848,0,0,0,2611135,867477
2026-10-04T14:12:21Z,frontend,cartservice,1946526,1946511,0,0,4,10715641,1945467
2026-10-04T14:12:21Z,frontend,checkoutservice,407616,197646,0,40061,169948,63578242,197485
2026-10-04T14:12:21Z,frontend,currencyservice,3092874,3092866,0,0,0,16176993,3091177
2026-10-04T14:12:21Z,frontend,emailservice,0,0,0,0,0,0,0
2026-10-04T14:12:21Z,frontend,frontend,0,0,0,0,0,0,0
2026-10-04T14:12:21Z,frontend,kubernetes,0,0,0,0,0,0,0
2026-10-04T14:12:21Z,frontend,paymentservice,0,0,0,0,0,0,0
2026-10-04T14:12:21Z,frontend,productcatalogservice,8635902,8635835,0,0,0,58833745,8631722
2026-10-04T14:12:21Z,frontend,recommendationservice,2855527,1718643,0,119911,1014441,872511451,1717703
2026-10-04T14:12:21Z,frontend,redis-cart,0,0,0,0,0,0,0
2026-10-04T14:12:21Z,frontend,shippingservice,318136,318134,0,0,0,958969,317994
2026-10-04T14:12:21Z,paymentservice,adservice,0,0,0,0,0,0,0
2026-10-04T14:12:21Z,paymentservice,cartservice,0,0,0,0,0,0,0
2026-10-04T14:12:21Z,paymentservice,checkoutservice,0,0,0,0,0,0,0
2026-10-04T14:12:21Z,paymentservice,currencyservice,0,0,0,0,0,0,0
2026-10-04T14:12:21Z,paymentservice,emailservice,0,0,0,0,0,0,0
2026-10-04T14:12:21Z,paymentservice,frontend,0,0,0,0,0,0,0
2026-10-04T14:12:21Z,paymentservice,kubernetes,0,0,0,0,0,0,0
2026-10-04T14:12:21Z,paymentservice,paymentservice,0,0,0,0,0,0,0
2026-10-04T14:12:21Z,paymentservice,productcatalogservice,0,0,0,0,0,0,0
2026-10-04T14:12:21Z,paymentservice,recommendationservice,0,0,0,0,0,0,0
2026-10-04T14:12:21Z,paymentservice,redis-cart,0,0,0,0,0,0,0
2026-10-04T14:12:21Z,paymentservice,shippingservice,0,0,0,0,0,0,0
2026-10-04T14:12:21Z,productcatalogservice,adservice,0,0,0,0,0,0,0
2026-10-04T14:12:21Z,productcatalogservice,cartservice,0,0,0,0,0,0,0
2026-10-04T14:12:21Z,productcatalogservice,checkoutservice,0,0,0,0,0,0,0
2026-10-04T14:12:21Z,productcatalogservice,currencyservice,0,0,0,0,0,0,0
2026-10-04T14:12:21Z,productcatalogservice,emailservice,0,0,0,0,0,0,0
2026-10-04T14:12:21Z,productcatalogservice,frontend,0,0,0,0,0,0,0
2026-10-04T14:12:21Z,productcatalogservice,kubernetes,0,0,0,0,0,0,0
2026-10-04T14:12:21Z,productcatalogservice,paymentservice,0,0,0,0,0,0,0
2026-10-04T14:12:21Z,productcatalogservice,productcatalogservice,0,0,0,0,0,0,0
2026-10-04T14:12:21Z,productcatalogservice,recommendationservice,0,0,0,0,0,0,0
2026-10-04T14:12:21Z,productcatalogservice,redis-cart,0,0,0,0,0,0,0
2026-10-04T14:12:21Z,productcatalogservice,shippingservice,0,0,0,0,0,0,0
2026-10-04T14:12:21Z,recommendationservice,adservice,0,0,0,0,0,0,0
2026-10-04T14:12:21Z,recommendationservice,cartservice,0,0,0,0,0,0,0
2026-10-04T14:12:21Z,recommendationservice,checkoutservice,0,0,0,0,0,0,0
2026-10-04T14:12:21Z,recommendationservice,currencyservice,0,0,0,0,0,0,0
2026-10-04T14:12:21Z,recommendationservice,emailservice,0,0,0,0,0,0,0
2026-10-04T14:12:21Z,recommendationservice,frontend,0,0,0,0,0,0,0
2026-10-04T14:12:21Z,recommendationservice,kubernetes,0,0,0,0,0,0,0
2026-10-04T14:12:21Z,recommendationservice,paymentservice,0,0,0,0,0,0,0
2026-10-04T14:12:21Z,recommendationservice,productcatalogservice,220885,220881,0,0,0,1435246,220444
2026-10-04T14:12:21Z,recommendationservice,recommendationservice,0,0,0,0,0,0,0
2026-10-04T14:12:21Z,recommendationservice,redis-cart,0,0,0,0,0,0,0
2026-10-04T14:12:21Z,recommendationservice,shippingservice,0,0,0,0,0,0,0
2026-10-04T14:12:21Z,redis-cart,adservice,0,0,0,0,0,0,0
2026-10-04T14:12:21Z,redis-cart,cartservice,0,0,0,0,0,0,0
2026-10-04T14:12:21Z,redis-cart,checkoutservice,0,0,0,0,0,0,0
2026-10-04T14:12:21Z,redis-cart,currencyservice,0,0,0,0,0,0,0
2026-10-04T14:12:21Z,redis-cart,emailservice,0,0,0,0,0,0,0
2026-10-04T14:12:21Z,redis-cart,frontend,0,0,0,0,0,0,0
2026-10-04T14:12:21Z,redis-cart,kubernetes,0,0,0,0,0,0,0
2026-10-04T14:12:21Z,redis-cart,paymentservice,0,0,0,0,0,0,0
2026-10-04T14:12:21Z,redis-cart,productcatalogservice,0,0,0,0,0,0,0
2026-10-04T14:12:21Z,redis-cart,recommendationservice,0,0,0,0,0,0,0
2026-10-04T14:12:21Z,redis-cart,redis-cart,0,0,0,0,0,0,0
2026-10-04T14:12:21Z,redis-cart,shippingservice,0,0,0,0,0,0,0
2026-10-04T14:12:21Z,shippingservice,adservice,0,0,0,0,0,0,0
2026-10-04T14:12:21Z,shippingservice,cartservice,0,0,0,0,0,0,0
2026-10-04T14:12:21Z,shippingservice,checkoutservice,0,0,0,0,0,0,0
2026-10-04T14:12:21Z,shippingservice,currencyservice,0,0,0,0,0,0,0
2026-10-04T14:12:21Z,shippingservice,emailservice,0,0,0,0,0,0,0
2026-10-04T14:12:21Z,shippingservice,frontend,0,0,0,0,0,0,0
2026-10-04T14:12:21Z,shippingservice,kubernetes,0,0,0,0,0,0,0
2026-10-04T14:12:21Z,shippingservice,paymentservice,0,0,0,0,0,0,0
2026-10-04T14:12:21Z,shippingservice,productcatalogservice,0,0,0,0,0,0,0
2026-10-04T14:12:21Z,shippingservice,recommendationservice,0,0,0,0,0,0,0
2026-10-04T14:12:21Z,shippingservice,redis-cart,0,0,0,0,0,0,0
2026-10-04T14:12:21Z,shippingservice,shippingservice,0,0,0,0,0,0,0
2026-10-04T14:12:22Z,adservice,adservice,0,0,0,0,0,0,0
2026-10-04T14:12:22Z,adservice,cartservice,0,0,0,0,0,0,0
2026-10-04T14:12:22Z,adservice,checkoutservice,0,0,0,0,0,0,0
2026-10-04T14:12:22Z,adservice,currencyservice,0,0,0,0,0,0,0
2026-10-04T14:12:22Z,adservice,emailservice,0,0,0,0,0,0,0
2026-10-04T14:12:22Z,adservice,frontend,0,0,0,0,0,0,0
2026-10-04T14:12:22Z,adservice,kubernetes,0,0,0,0,0,0,0
2026-10-04T14:12:22Z,adservice,paymentservice,0,0,0,0,0,0,0
2026-10-04T14:12:22Z,adservice,productcatalogservice,0,0,0,0,0,0,0
2026-10-04T14:12:22Z,adservice,recommendationservice,0,0,0,0,0,0,0
2026-10-04T14:12:22Z,adservice,redis-cart,0,0,0,0,0,0,0
2026-10-04T14:12:22Z,adservice,shippingservice,0,0,0,0,0,0,0
2026-10-04T14:12:22Z,cartservice,adservice,0,0,0,0,0,0,0
2026-10-04T14:12:22Z,cartservice,cartservice,0,0,0,0,0,0,0
2026-10-04T14:12:22Z,cartservice,checkoutservice,0,0,0,0,0,0,0
2026-10-04T14:12:22Z,cartservice,currencyservice,0,0,0,0,0,0,0
2026-10-04T14:12:22Z,cartservice,emailservice,0,0,0,0,0,0,0
2026-10-04T14:12:22Z,cartservice,frontend,0,0,0,0,0,0,0
2026-10-04T14:12:22Z,cartservice,kubernetes,0,0,0,0,0,0,0
2026-10-04T14:12:22Z,cartservice,paymentservice,0,0,0,0,0,0,0
2026-10-04T14:12:22Z,cartservice,productcatalogservice,0,0,0,0,0,0,0
2026-10-04T14:12:22Z,cartservice,recommendationservice,0,0,0,0,0,0,0
2026-10-04T14:12:22Z,cartservice,redis-cart,2,0,0,0,0,0,0
2026-10-04T14:12:22Z,cartservice,shippingservice,0,0,0,0,0,0,0
2026-10-04T14:12:22Z,checkoutservice,adservice,0,0,0,0,0,0,0
2026-10-04T14:12:22Z,checkoutservice,cartservice,74563,73632,0,100,0,764862,73610
2026-10-04T14:12:22Z,checkoutservice,checkoutservice,0,0,0,0,0,0,0
2026-10-04T14:12:22Z,checkoutservice,currencyservice,48679,48679,0,0,0,597061,48670
2026-10-04T14:12:22Z,checkoutservice,emailservice,19917,19627,0,66,0,617686,19609
2026-10-04T14:12:22Z,checkoutservice,frontend,0,0,0,0,0,0,0
2026-10-04T14:12:22Z,checkoutservice,kubernetes,0,0,0,0,0,0,0
2026-10-04T14:12:22Z,checkoutservice,paymentservice,41945,40097,0,192,0,471602,39939
2026-10-04T14:12:22Z,checkoutservice,productcatalogservice,0,0,0,0,0,0,0
2026-10-04T14:12:22Z,checkoutservice,recommendationservice,0,0,0,0,0,0,0
2026-10-04T14:12:22Z,checkoutservice,redis-cart,0,0,0,0,0,0,0
2026-10-04T14:12:22Z,checkoutservice,shippingservice,79874,77771,0,154,0,542937,77750
2026-10-04T14:12:22Z,currencyservice,adservice,0,0,0,0,0,0,0
2026-10-04T14:12:22Z,currencyservice,cartservice,0,0,0,0,0,0,0
2026-10-04T14:12:22Z,currencyservice,checkoutservice,0,0,0,0,0,0,0
2026-10-04T14:12:22Z,currencyservice,currencyservice,0,0,0,0,0,0,0
2026-10-04T14:12:22Z,currencyservice,emailservice,0,0,0,0,0,0,0
2026-10-04T14:12:22Z,currencyservice,frontend,0,0,0,0,0,0,0
2026-10-04T14:12:22Z,currencyservice,kubernetes,0,0,0,0,0,0,0
2026-10-04T14:12:22Z,currencyservice,paymentservice,0,0,0,0,0,0,0
2026-10-04T14:12:22Z,currencyservice,productcatalogservice,0,0,0,0,0,0,0
2026-10-04T14:12:22Z,currencyservice,recommendationservice,0,0,0,0,0,0,0
2026-10-04T14:12:22Z,currencyservice,redis-cart,0,0,0,0,0,0,0
2026-10-04T14:12:22Z,currencyservice,shippingservice,0,0,0,0,0,0,0
2026-10-04T14:12:22Z,emailservice,adservice,0,0,0,0,0,0,0
2026-10-04T14:12:22Z,emailservice,cartservice,0,0,0,0,0,0,0
2026-10-04T14:12:22Z,emailservice,checkoutservice,0,0,0,0,0,0,0
2026-10-04T14:12:22Z,emailservice,currencyservice,0,0,0,0,0,0,0
2026-10-04T14:12:22Z,emailservice,emailservice,0,0,0,0,0,0,0
2026-10-04T14:12:22Z,emailservice,frontend,0,0,0,0,0,0,0
2026-10-04T14:12:22Z,emailservice,kubernetes,0,0,0,0,0,0,0
2026-10-04T14:12:22Z,emailservice,paymentservice,0,0,0,0,0,0,0
2026-10-04T14:12:22Z,emailservice,productcatalogservice,0,0,0,0,0,0,0
2026-10-04T14:12:22Z,emailservice,recommendationservice,0,0,0,0,0,0,0
2026-10-04T14:12:22Z,emailservice,redis-cart,0,0,0,0,0,0,0
2026-10-04T14:12:22Z,emailservice,shippingservice,0,0,0,0,0,0,0
2026-10-04T14:12:22Z,frontend,adservice,867987,867985,0,0,0,2611135,867477
2026-10-04T14:12:22Z,frontend,cartservice,1946902,1946888,0,0,4,10715641,1945467
2026-10-04T14:12:22Z,frontend,checkoutservice,407669,197698,0,40061,169948,63578242,197485
2026-10-04T14:12:22Z,frontend,currencyservice,3093479,3093471,0,0,0,16176993,3091177
2026-10-04T14:12:22Z,frontend,emailservice,0,0,0,0,0,0,0
2026-10-04T14:12:22Z,frontend,frontend,0,0,0,0,0,0,0
2026-10-04T14:12:22Z,frontend,kubernetes,0,0,0,0,0,0,0
2026-10-04T14:12:22Z,frontend,paymentservice,0,0,0,0,0,0,0
2026-10-04T14:12:22Z,frontend,productcatalogservice,8637349,8637284,0,0,0,58833745,8631722
2026-10-04T14:12:22Z,frontend,recommendationservice,2856274,1718964,0,119953,1014818,872511451,1717703
2026-10-04T14:12:22Z,frontend,redis-cart,0,0,0,0,0,0,0
2026-10-04T14:12:22Z,frontend,shippingservice,318178,318176,0,0,0,958969,317994
2026-10-04T14:12:22Z,paymentservice,adservice,0,0,0,0,0,0,0
2026-10-04T14:12:22Z,paymentservice,cartservice,0,0,0,0,0,0,0
2026-10-04T14:12:22Z,paymentservice,checkoutservice,0,0,0,0,0,0,0
2026-10-04T14:12:22Z,paymentservice,currencyservice,0,0,0,0,0,0,0
2026-10-04T14:12:22Z,paymentservice,emailservice,0,0,0,0,0,0,0
2026-10-04T14:12:22Z,paymentservice,frontend,0,0,0,0,0,0,0
2026-10-04T14:12:22Z,paymentservice,kubernetes,0,0,0,0,0,0,0
2026-10-04T14:12:22Z,paymentservice,paymentservice,0,0,0,0,0,0,0
2026-10-04T14:12:22Z,paymentservice,productcatalogservice,0,0,0,0,0,0,0
2026-10-04T14:12:22Z,paymentservice,recommendationservice,0,0,0,0,0,0,0
2026-10-04T14:12:22Z,paymentservice,redis-cart,0,0,0,0,0,0,0
2026-10-04T14:12:22Z,paymentservice,shippingservice,0,0,0,0,0,0,0
2026-10-04T14:12:22Z,productcatalogservice,adservice,0,0,0,0,0,0,0
2026-10-04T14:12:22Z,productcatalogservice,cartservice,0,0,0,0,0,0,0
2026-10-04T14:12:22Z,productcatalogservice,checkoutservice,0,0,0,0,0,0,0
2026-10-04T14:12:22Z,productcatalogservice,currencyservice,0,0,0,0,0,0,0
2026-10-04T14:12:22Z,productcatalogservice,emailservice,0,0,0,0,0,0,0
2026-10-04T14:12:22Z,productcatalogservice,frontend,0,0,0,0,0,0,0
2026-10-04T14:12:22Z,productcatalogservice,kubernetes,0,0,0,0,0,0,0
2026-10-04T14:12:22Z,productcatalogservice,paymentservice,0,0,0,0,0,0,0
2026-10-04T14:12:22Z,productcatalogservice,productcatalogservice,0,0,0,0,0,0,0
2026-10-04T14:12:22Z,productcatalogservice,recommendationservice,0,0,0,0,0,0,0
2026-10-04T14:12:22Z,productcatalogservice,redis-cart,0,0,0,0,0,0,0
2026-10-04T14:12:22Z,productcatalogservice,shippingservice,0,0,0,0,0,0,0
2026-10-04T14:12:22Z,recommendationservice,adservice,0,0,0,0,0,0,0
2026-10-04T14:12:22Z,recommendationservice,cartservice,0,0,0,0,0,0,0
2026-10-04T14:12:22Z,recommendationservice,checkoutservice,0,0,0,0,0,0,0
2026-10-04T14:12:22Z,recommendationservice,currencyservice,0,0,0,0,0,0,0
2026-10-04T14:12:22Z,recommendationservice,emailservice,0,0,0,0,0,0,0
2026-10-04T14:12:22Z,recommendationservice,frontend,0,0,0,0,0,0,0
2026-10-04T14:12:22Z,recommendationservice,kubernetes,0,0,0,0,0,0,0
2026-10-04T14:12:22Z,recommendationservice,paymentservice,0,0,0,0,0,0,0
2026-10-04T14:12:22Z,recommendationservice,productcatalogservice,221250,221250,0,0,0,1435246,220444
2026-10-04T14:12:22Z,recommendationservice,recommendationservice,0,0,0,0,0,0,0
2026-10-04T14:12:22Z,recommendationservice,redis-cart,0,0,0,0,0,0,0
2026-10-04T14:12:22Z,recommendationservice,shippingservice,0,0,0,0,0,0,0
2026-10-04T14:12:22Z,redis-cart,adservice,0,0,0,0,0,0,0
2026-10-04T14:12:22Z,redis-cart,cartservice,0,0,0,0,0,0,0
2026-10-04T14:12:22Z,redis-cart,checkoutservice,0,0,0,0,0,0,0
2026-10-04T14:12:22Z,redis-cart,currencyservice,0,0,0,0,0,0,0
2026-10-04T14:12:22Z,redis-cart,emailservice,0,0,0,0,0,0,0
2026-10-04T14:12:22Z,redis-cart,frontend,0,0,0,0,0,0,0
2026-10-04T14:12:22Z,redis-cart,kubernetes,0,0,0,0,0,0,0
2026-10-04T14:12:22Z,redis-cart,paymentservice,0,0,0,0,0,0,0
2026-10-04T14:12:22Z,redis-cart,productcatalogservice,0,0,0,0,0,0,0
2026-10-04T14:12:22Z,redis-cart,recommendationservice,0,0,0,0,0,0,0
2026-10-04T14:12:22Z,redis-cart,redis-cart,0,0,0,0,0,0,0
2026-10-04T14:12:22Z,redis-cart,shippingservice,0,0,0,0,0,0,0
2026-10-04T14:12:22Z,shippingservice,adservice,0,0,0,0,0,0,0
2026-10-04T14:12:22Z,shippingservice,cartservice,0,0,0,0,0,0,0
2026-10-04T14:12:22Z,shippingservice,checkoutservice,0,0,0,0,0,0,0
2026-10-04T14:12:22Z,shippingservice,currencyservice,0,0,0,0,0,0,0
2026-10-04T14:12:22Z,shippingservice,emailservice,0,0,0,0,0,0,0
2026-10-04T14:12:22Z,shippingservice,frontend,0,0,0,0,0,0,0
2026-10-04T14:12:22Z,shippingservice,kubernetes,0,0,0,0,0,0,0
2026-10-04T14:12:22Z,shippingservice,paymentservice,0,0,0,0,0,0,0
2026-10-04T14:12:22Z,shippingservice,productcatalogservice,0,0,0,0,0,0,0
2026-10-04T14:12:22Z,shippingservice,recommendationservice,0,0,0,0,0,0,0
2026-10-04T14:12:22Z,shippingservice,redis-cart,0,0,0,0,0,0,0
2026-10-04T14:12:22Z,shippingservice,shippingservice,0,0,0,0,0,0,0
2026-10-04T14:12:23Z,adservice,adservice,0,0,0,0,0,0,0
2026-10-04T14:12:23Z,adservice,cartservice,0,0,0,0,0,0,0
2026-10-04T14:12:23Z,adservice,checkoutservice,0,0,0,0,0,0,0
2026-10-04T14:12:23Z,adservice,currencyservice,0,0,0,0,0,0,0
2026-10-04T14:12:23Z,adservice,emailservice,0,0,0,0,0,0,0
2026-10-04T14:12:23Z,adservice,frontend,0,0,0,0,0,0,0
2026-10-04T14:12:23Z,adservice,kubernetes,0,0,0,0,0,0,0
2026-10-04T14:12:23Z,adservice,paymentservice,0,0,0,0,0,0,0
2026-10-04T14:12:23Z,adservice,productcatalogservice,0,0,0,0,0,0,0
2026-10-04T14:12:23Z,adservice,recommendationservice,0,0,0,0,0,0,0
2026-10-04T14:12:23Z,adservice,redis-cart,0,0,0,0,0,0,0
2026-10-04T14:12:23Z,adservice,shippingservice,0,0,0,0,0,0,0
2026-10-04T14:12:23Z,cartservice,adservice,0,0,0,0,0,0,0
2026-10-04T14:12:23Z,cartservice,cartservice,0,0,0,0,0,0,0
2026-10-04T14:12:23Z,cartservice,checkoutservice,0,0,0,0,0,0,0
2026-10-04T14:12:23Z,cartservice,currencyservice,0,0,0,0,0,0,0
2026-10-04T14:12:23Z,cartservice,emailservice,0,0,0,0,0,0,0
2026-10-04T14:12:23Z,cartservice,frontend,0,0,0,0,0,0,0
2026-10-04T14:12:23Z,cartservice,kubernetes,0,0,0,0,0,0,0
2026-10-04T14:12:23Z,cartservice,paymentservice,0,0,0,0,0,0,0
2026-10-04T14:12:23Z,cartservice,productcatalogservice,0,0,0,0,0,0,0
2026-10-04T14:12:23Z,cartservice,recommendationservice,0,0,0,0,0,0,0
2026-10-04T14:12:23Z,cartservice,redis-cart,2,0,0,0,0,0,0
2026-10-04T14:12:23Z,cartservice,shippingservice,0,0,0,0,0,0,0
2026-10-04T14:12:23Z,checkoutservice,adservice,0,0,0,0,0,0,0
2026-10-04T14:12:23Z,checkoutservice,cartservice,74649,73718,0,100,0,764862,73610
2026-10-04T14:12:23Z,checkoutservice,checkoutservice,0,0,0,0,0,0,0
2026-10-04T14:12:23Z,checkoutservice,currencyservice,48722,48720,0,0,0,597061,48670
2026-10-04T14:12:23Z,checkoutservice,emailservice,19954,19663,0,66,0,617686,19609
2026-10-04T14:12:23Z,checkoutservice,frontend,0,0,0,0,0,0,0
2026-10-04T14:12:23Z,checkoutservice,kubernetes,0,0,0,0,0,0,0
2026-10-04T14:12:23Z,checkoutservice,paymentservice,41983,40135,0,192,0,471602,39939
2026-10-04T14:12:23Z,checkoutservice,productcatalogservice,0,0,0,0,0,0,0
2026-10-04T14:12:23Z,checkoutservice,recommendationservice,0,0,0,0,0,0,0
2026-10-04T14:12:23Z,checkoutservice,redis-cart,0,0,0,0,0,0,0
2026-10-04T14:12:23Z,checkoutservice,shippingservice,79958,77855,0,154,0,542937,77750
2026-10-04T14:12:23Z,currencyservice,adservice,0,0,0,0,0,0,0
2026-10-04T14:12:23Z,currencyservice,cartservice,0,0,0,0,0,0,0
2026-10-04T14:12:23Z,currencyservice,checkoutservice,0,0,0,0,0,0,0
2026-10-04T14:12:23Z,currencyservice,currencyservice,0,0,0,0,0,0,0
2026-10-04T14:12:23Z,currencyservice,emailservice,0,0,0,0,0,0,0
2026-10-04T14:12:23Z,currencyservice,frontend,0,0,0,0,0,0,0
2026-10-04T14:12:23Z,currencyservice,kubernetes,0,0,0,0,0,0,0
2026-10-04T14:12:23Z,currencyservice,paymentservice,0,0,0,0,0,0,0
2026-10-04T14:12:23Z,currencyservice,productcatalogservice,0,0,0,0,0,0,0
2026-10-04T14:12:23Z,currencyservice,recommendationservice,0,0,0,0,0,0,0
2026-10-04T14:12:23Z,currencyservice,redis-cart,0,0,0,0,0,0,0
2026-10-04T14:12:23Z,currencyservice,shippingservice,0,0,0,0,0,0,0
2026-10-04T14:12:23Z,emailservice,adservice,0,0,0,0,0,0,0
2026-10-04T14:12:23Z,emailservice,cartservice,0,0,0,0,0,0,0
2026-10-04T14:12:23Z,emailservice,checkoutservice,0,0,0,0,0,0,0
2026-10-04T14:12:23Z,emailservice,currencyservice,0,0,0,0,0,0,0
2026-10-04T14:12:23Z,emailservice,emailservice,0,0,0,0,0,0,0
2026-10-04T14:12:23Z,emailservice,frontend,0,0,0,0,0,0,0
2026-10-04T14:12:23Z,emailservice,kubernetes,0,0,0,0,0,0,0
2026-10-04T14:12:23Z,emailservice,paymentservice,0,0,0,0,0,0,0
2026-10-04T14:12:23Z,emailservice,productcatalogservice,0,0,0,0,0,0,0
2026-10-04T14:12:23Z,emailservice,recommendationservice,0,0,0,0,0,0,0
2026-10-04T14:12:23Z,emailservice,redis-cart,0,0,0,0,0,0,0
2026-10-04T14:12:23Z,emailservice,shippingservice,0,0,0,0,0,0,0
2026-10-04T14:12:23Z,frontend,adservice,868089,868087,0,0,0,2611456,867608
2026-10-04T14:12:23Z,frontend,cartservice,1947258,1947241,0,0,4,10717607,1945932
2026-10-04T14:12:23Z,frontend,checkoutservice,407714,197741,0,40061,169948,63584150,197532
2026-10-04T14:12:23Z,frontend,currencyservice,3094022,3094010,0,0,0,16179447,3091884
2026-10-04T14:12:23Z,frontend,emailservice,0,0,0,0,0,0,0
2026-10-04T14:12:23Z,frontend,frontend,0,0,0,0,0,0,0
2026-10-04T14:12:23Z,frontend,kubernetes,0,0,0,0,0,0,0
2026-10-04T14:12:23Z,frontend,paymentservice,0,0,0,0,0,0,0
2026-10-04T14:12:23Z,frontend,productcatalogservice,8638596,8638530,0,0,0,58843761,8633229
2026-10-04T14:12:23Z,frontend,recommendationservice,2857039,1719262,0,120003,1015226,872839886,1718091
2026-10-04T14:12:23Z,frontend,redis-cart,0,0,0,0,0,0,0
2026-10-04T14:12:23Z,frontend,shippingservice,318224,318222,0,0,0,959056,318042
2026-10-04T14:12:23Z,paymentservice,adservice,0,0,0,0,0,0,0
2026-10-04T14:12:23Z,paymentservice,cartservice,0,0,0,0,0,0,0
2026-10-04T14:12:23Z,paymentservice,checkoutservice,0,0,0,0,0,0,0
2026-10-04T14:12:23Z,paymentservice,currencyservice,0,0,0,0,0,0,0
2026-10-04T14:12:23Z,paymentservice,emailservice,0,0,0,0,0,0,0
2026-10-04T14:12:23Z,paymentservice,frontend,0,0,0,0,0,0,0
2026-10-04T14:12:23Z,paymentservice,kubernetes,0,0,0,0,0,0,0
2026-10-04T14:12:23Z,paymentservice,paymentservice,0,0,0,0,0,0,0
2026-10-04T14:12:23Z,paymentservice,productcatalogservice,0,0,0,0,0,0,0
2026-10-04T14:12:23Z,paymentservice,recommendationservice,0,0,0,0,0,0,0
2026-10-04T14:12:23Z,paymentservice,redis-cart,0,0,0,0,0,0,0
2026-10-04T14:12:23Z,paymentservice,shippingservice,0,0,0,0,0,0,0
2026-10-04T14:12:23Z,productcatalogservice,adservice,0,0,0,0,0,0,0
2026-10-04T14:12:23Z,productcatalogservice,cartservice,0,0,0,0,0,0,0
2026-10-04T14:12:23Z,productcatalogservice,checkoutservice,0,0,0,0,0,0,0
2026-10-04T14:12:23Z,productcatalogservice,currencyservice,0,0,0,0,0,0,0
2026-10-04T14:12:23Z,productcatalogservice,emailservice,0,0,0,0,0,0,0
2026-10-04T14:12:23Z,productcatalogservice,frontend,0,0,0,0,0,0,0
2026-10-04T14:12:23Z,productcatalogservice,kubernetes,0,0,0,0,0,0,0
2026-10-04T14:12:23Z,productcatalogservice,paymentservice,0,0,0,0,0,0,0
2026-10-04T14:12:23Z,productcatalogservice,productcatalogservice,0,0,0,0,0,0,0
2026-10-04T14:12:23Z,productcatalogservice,recommendationservice,0,0,0,0,0,0,0
2026-10-04T14:12:23Z,productcatalogservice,redis-cart,0,0,0,0,0,0,0
2026-10-04T14:12:23Z,productcatalogservice,shippingservice,0,0,0,0,0,0,0
2026-10-04T14:12:23Z,recommendationservice,adservice,0,0,0,0,0,0,0
2026-10-04T14:12:23Z,recommendationservice,cartservice,0,0,0,0,0,0,0
2026-10-04T14:12:23Z,recommendationservice,checkoutservice,0,0,0,0,0,0,0
2026-10-04T14:12:23Z,recommendationservice,currencyservice,0,0,0,0,0,0,0
2026-10-04T14:12:23Z,recommendationservice,emailservice,0,0,0,0,0,0,0
2026-10-04T14:12:23Z,recommendationservice,frontend,0,0,0,0,0,0,0
2026-10-04T14:12:23Z,recommendationservice,kubernetes,0,0,0,0,0,0,0
2026-10-04T14:12:23Z,recommendationservice,paymentservice,0,0,0,0,0,0,0
2026-10-04T14:12:23Z,recommendationservice,productcatalogservice,221673,221673,0,0,0,1435246,220444
2026-10-04T14:12:23Z,recommendationservice,recommendationservice,0,0,0,0,0,0,0
2026-10-04T14:12:23Z,recommendationservice,redis-cart,0,0,0,0,0,0,0
2026-10-04T14:12:23Z,recommendationservice,shippingservice,0,0,0,0,0,0,0
2026-10-04T14:12:23Z,redis-cart,adservice,0,0,0,0,0,0,0
2026-10-04T14:12:23Z,redis-cart,cartservice,0,0,0,0,0,0,0
2026-10-04T14:12:23Z,redis-cart,checkoutservice,0,0,0,0,0,0,0
2026-10-04T14:12:23Z,redis-cart,currencyservice,0,0,0,0,0,0,0
2026-10-04T14:12:23Z,redis-cart,emailservice,0,0,0,0,0,0,0
2026-10-04T14:12:23Z,redis-cart,frontend,0,0,0,0,0,0,0
2026-10-04T14:12:23Z,redis-cart,kubernetes,0,0,0,0,0,0,0
2026-10-04T14:12:23Z,redis-cart,paymentservice,0,0,0,0,0,0,0
2026-10-04T14:12:23Z,redis-cart,productcatalogservice,0,0,0,0,0,0,0
2026-10-04T14:12:23Z,redis-cart,recommendationservice,0,0,0,0,0,0,0
2026-10-04T14:12:23Z,redis-cart,redis-cart,0,0,0,0,0,0,0
2026-10-04T14:12:23Z,redis-cart,shippingservice,0,0,0,0,0,0,0
2026-10-04T14:12:23Z,shippingservice,adservice,0,0,0,0,0,0,0
2026-10-04T14:12:23Z,shippingservice,cartservice,0,0,0,0,0,0,0
2026-10-04T14:12:23Z,shippingservice,checkoutservice,0,0,0,0,0,0,0
2026-10-04T14:12:23Z,shippingservice,currencyservice,0,0,0,0,0,0,0
2026-10-04T14:12:23Z,shippingservice,emailservice,0,0,0,0,0,0,0
2026-10-04T14:12:23Z,shippingservice,frontend,0,0,0,0,0,0,0
2026-10-04T14:12:23Z,shippingservice,kubernetes,0,0,0,0,0,0,0
2026-10-04T14:12:23Z,shippingservice,paymentservice,0,0,0,0,0,0,0
2026-10-04T14:12:23Z,shippingservice,productcatalogservice,0,0,0,0,0,0,0
2026-10-04T14:12:23Z,shippingservice,recommendationservice,0,0,0,0,0,0,0
2026-10-04T14:12:23Z,shippingservice,redis-cart,0,0,0,0,0,0,0
2026-10-04T14:12:23Z,shippingservice,shippingservice,0,0,0,0,0,0,0
2026-10-04T14:12:24Z,adservice,adservice,0,0,0,0,0,0,0
2026-10-04T14:12:24Z,adservice,cartservice,0,0,0,0,0,0,0
2026-10-04T14:12:24Z,adservice,checkoutservice,0,0,0,0,0,0,0
2026-10-04T14:12:24Z,adservice,currencyservice,0,0,0,0,0,0,0
2026-10-04T14:12:24Z,adservice,emailservice,0,0,0,0,0,0,0
2026-10-04T14:12:24Z,adservice,frontend,0,0,0,0,0,0,0
2026-10-04T14:12:24Z,adservice,kubernetes,0,0,0,0,0,0,0
2026-10-04T14:12:24Z,adservice,paymentservice,0,0,0,0,0,0,0
2026-10-04T14:12:24Z,adservice,productcatalogservice,0,0,0,0,0,0,0
2026-10-04T14:12:24Z,adservice,recommendationservice,0,0,0,0,0,0,0
2026-10-04T14:12:24Z,adservice,redis-cart,0,0,0,0,0,0,0
2026-10-04T14:12:24Z,adservice,shippingservice,0,0,0,0,0,0,0
2026-10-04T14:12:24Z,cartservice,adservice,0,0,0,0,0,0,0
2026-10-04T14:12:24Z,cartservice,cartservice,0,0,0,0,0,0,0
2026-10-04T14:12:24Z,cartservice,checkoutservice,0,0,0,0,0,0,0
2026-10-04T14:12:24Z,cartservice,currencyservice,0,0,0,0,0,0,0
2026-10-04T14:12:24Z,cartservice,emailservice,0,0,0,0,0,0,0
2026-10-04T14:12:24Z,cartservice,frontend,0,0,0,0,0,0,0
2026-10-04T14:12:24Z,cartservice,kubernetes,0,0,0,0,0,0,0
2026-10-04T14:12:24Z,cartservice,paymentservice,0,0,0,0,0,0,0
2026-10-04T14:12:24Z,cartservice,productcatalogservice,0,0,0,0,0,0,0
2026-10-04T14:12:24Z,cartservice,recommendationservice,0,0,0,0,0,0,0
2026-10-04T14:12:24Z,cartservice,redis-cart,2,0,0,0,0,0,0
2026-10-04T14:12:24Z,cartservice,shippingservice,0,0,0,0,0,0,0
2026-10-04T14:12:24Z,checkoutservice,adservice,0,0,0,0,0,0,0
2026-10-04T14:12:24Z,checkoutservice,cartservice,74769,73835,0,100,0,764862,73610
2026-10-04T14:12:24Z,checkoutservice,checkoutservice,0,0,0,0,0,0,0
2026-10-04T14:12:24Z,checkoutservice,currencyservice,48784,48780,0,0,0,597061,48670
2026-10-04T14:12:24Z,checkoutservice,emailservice,20013,19721,0,66,0,617686,19609
2026-10-04T14:12:24Z,checkoutservice,frontend,0,0,0,0,0,0,0
2026-10-04T14:12:24Z,checkoutservice,kubernetes,0,0,0,0,0,0,0
2026-10-04T14:12:24Z,checkoutservice,paymentservice,42046,40195,0,192,0,471602,39939
2026-10-04T14:12:24Z,checkoutservice,productcatalogservice,0,0,0,0,0,0,0
2026-10-04T14:12:24Z,checkoutservice,recommendationservice,0,0,0,0,0,0,0
2026-10-04T14:12:24Z,checkoutservice,redis-cart,0,0,0,0,0,0,0
2026-10-04T14:12:24Z,checkoutservice,shippingservice,80079,77974,0,154,0,542937,77750
2026-10-04T14:12:24Z,currencyservice,adservice,0,0,0,0,0,0,0
2026-10-04T14:12:24Z,currencyservice,cartservice,0,0,0,0,0,0,0
2026-10-04T14:12:24Z,currencyservice,checkoutservice,0,0,0,0,0,0,0
2026-10-04T14:12:24Z,currencyservice,currencyservice,0,0,0,0,0,0,0
2026-10-04T14:12:24Z,currencyservice,emailservice,0,0,0,0,0,0,0
2026-10-04T14:12:24Z,currencyservice,frontend,0,0,0,0,0,0,0
2026-10-04T14:12:24Z,currencyservice,kubernetes,0,0,0,0,0,0,0
2026-10-04T14:12:24Z,currencyservice,paymentservice,0,0,0,0,0,0,0
2026-10-04T14:12:24Z,currencyservice,productcatalogservice,0,0,0,0,0,0,0
2026-10-04T14:12:24Z,currencyservice,recommendationservice,0,0,0,0,0,0,0
2026-10-04T14:12:24Z,currencyservice,redis-cart,0,0,0,0,0,0,0
2026-10-04T14:12:24Z,currencyservice,shippingservice,0,0,0,0,0,0,0
2026-10-04T14:12:24Z,emailservice,adservice,0,0,0,0,0,0,0
2026-10-04T14:12:24Z,emailservice,cartservice,0,0,0,0,0,0,0
2026-10-04T14:12:24Z,emailservice,checkoutservice,0,0,0,0,0,0,0
2026-10-04T14:12:24Z,emailservice,currencyservice,0,0,0,0,0,0,0
2026-10-04T14:12:24Z,emailservice,emailservice,0,0,0,0,0,0,0
2026-10-04T14:12:24Z,emailservice,frontend,0,0,0,0,0,0,0
2026-10-04T14:12:24Z,emailservice,kubernetes,0,0,0,0,0,0,0
2026-10-04T14:12:24Z,emailservice,paymentservice,0,0,0,0,0,0,0
2026-10-04T14:12:24Z,emailservice,productcatalogservice,0,0,0,0,0,0,0
2026-10-04T14:12:24Z,emailservice,recommendationservice,0,0,0,0,0,0,0
2026-10-04T14:12:24Z,emailservice,redis-cart,0,0,0,0,0,0,0
2026-10-04T14:12:24Z,emailservice,shippingservice,0,0,0,0,0,0,0
2026-10-04T14:12:24Z,frontend,adservice,868221,868219,0,0,0,2612547,867971
2026-10-04T14:12:24Z,frontend,cartservice,1947642,1947628,0,0,4,10722112,1946945
2026-10-04T14:12:24Z,frontend,checkoutservice,407784,197797,0,40061,169948,63602219,197693
2026-10-04T14:12:24Z,frontend,currencyservice,3094627,3094617,0,0,0,16185622,3093538
2026-10-04T14:12:24Z,frontend,emailservice,0,0,0,0,0,0,0
2026-10-04T14:12:24Z,frontend,frontend,0,0,0,0,0,0,0
2026-10-04T14:12:24Z,frontend,kubernetes,0,0,0,0,0,0,0
2026-10-04T14:12:24Z,frontend,paymentservice,0,0,0,0,0,0,0
2026-10-04T14:12:24Z,frontend,productcatalogservice,8640176,8640090,0,0,0,58866166,8637311
2026-10-04T14:12:24Z,frontend,recommendationservice,2857756,1719644,0,120056,1015557,873583906,1719013
2026-10-04T14:12:24Z,frontend,redis-cart,0,0,0,0,0,0,0
2026-10-04T14:12:24Z,frontend,shippingservice,318263,318261,0,0,0,959389,318179
2026-10-04T14:12:24Z,paymentservice,adservice,0,0,0,0,0,0,0
2026-10-04T14:12:24Z,paymentservice,cartservice,0,0,0,0,0,0,0
2026-10-04T14:12:24Z,paymentservice,checkoutservice,0,0,0,0,0,0,0
2026-10-04T14:12:24Z,paymentservice,currencyservice,0,0,0,0,0,0,0
2026-10-04T14:12:24Z,paymentservice,emailservice,0,0,0,0,0,0,0
2026-10-04T14:12:24Z,paymentservice,frontend,0,0,0,0,0,0,0
2026-10-04T14:12:24Z,paymentservice,kubernetes,0,0,0,0,0,0,0
2026-10-04T14:12:24Z,paymentservice,paymentservice,0,0,0,0,0,0,0
2026-10-04T14:12:24Z,paymentservice,productcatalogservice,0,0,0,0,0,0,0
2026-10-04T14:12:24Z,paymentservice,recommendationservice,0,0,0,0,0,0,0
2026-10-04T14:12:24Z,paymentservice,redis-cart,0,0,0,0,0,0,0
2026-10-04T14:12:24Z,paymentservice,shippingservice,0,0,0,0,0,0,0
2026-10-04T14:12:24Z,productcatalogservice,adservice,0,0,0,0,0,0,0
2026-10-04T14:12:24Z,productcatalogservice,cartservice,0,0,0,0,0,0,0
2026-10-04T14:12:24Z,productcatalogservice,checkoutservice,0,0,0,0,0,0,0
2026-10-04T14:12:24Z,productcatalogservice,currencyservice,0,0,0,0,0,0,0
2026-10-04T14:12:24Z,productcatalogservice,emailservice,0,0,0,0,0,0,0
2026-10-04T14:12:24Z,productcatalogservice,frontend,0,0,0,0,0,0,0
2026-10-04T14:12:24Z,productcatalogservice,kubernetes,0,0,0,0,0,0,0
2026-10-04T14:12:24Z,productcatalogservice,paymentservice,0,0,0,0,0,0,0
2026-10-04T14:12:24Z,productcatalogservice,productcatalogservice,0,0,0,0,0,0,0
2026-10-04T14:12:24Z,productcatalogservice,recommendationservice,0,0,0,0,0,0,0
2026-10-04T14:12:24Z,productcatalogservice,redis-cart,0,0,0,0,0,0,0
2026-10-04T14:12:24Z,productcatalogservice,shippingservice,0,0,0,0,0,0,0
2026-10-04T14:12:24Z,recommendationservice,adservice,0,0,0,0,0,0,0
2026-10-04T14:12:24Z,recommendationservice,cartservice,0,0,0,0,0,0,0
2026-10-04T14:12:24Z,recommendationservice,checkoutservice,0,0,0,0,0,0,0
2026-10-04T14:12:24Z,recommendationservice,currencyservice,0,0,0,0,0,0,0
2026-10-04T14:12:24Z,recommendationservice,emailservice,0,0,0,0,0,0,0
2026-10-04T14:12:24Z,recommendationservice,frontend,0,0,0,0,0,0,0
2026-10-04T14:12:24Z,recommendationservice,kubernetes,0,0,0,0,0,0,0
2026-10-04T14:12:24Z,recommendationservice,paymentservice,0,0,0,0,0,0,0
2026-10-04T14:12:24Z,recommendationservice,productcatalogservice,222118,222118,0,0,0,1435246,220444
2026-10-04T14:12:24Z,recommendationservice,recommendationservice,0,0,0,0,0,0,0
2026-10-04T14:12:24Z,recommendationservice,redis-cart,0,0,0,0,0,0,0
2026-10-04T14:12:24Z,recommendationservice,shippingservice,0,0,0,0,0,0,0
2026-10-04T14:12:24Z,redis-cart,adservice,0,0,0,0,0,0,0
2026-10-04T14:12:24Z,redis-cart,cartservice,0,0,0,0,0,0,0
2026-10-04T14:12:24Z,redis-cart,checkoutservice,0,0,0,0,0,0,0
2026-10-04T14:12:24Z,redis-cart,currencyservice,0,0,0,0,0,0,0
2026-10-04T14:12:24Z,redis-cart,emailservice,0,0,0,0,0,0,0
2026-10-04T14:12:24Z,redis-cart,frontend,0,0,0,0,0,0,0
2026-10-04T14:12:24Z,redis-cart,kubernetes,0,0,0,0,0,0,0
2026-10-04T14:12:24Z,redis-cart,paymentservice,0,0,0,0,0,0,0
2026-10-04T14:12:24Z,redis-cart,productcatalogservice,0,0,0,0,0,0,0
2026-10-04T14:12:24Z,redis-cart,recommendationservice,0,0,0,0,0,0,0
2026-10-04T14:12:24Z,redis-cart,redis-cart,0,0,0,0,0,0,0
2026-10-04T14:12:24Z,redis-cart,shippingservice,0,0,0,0,0,0,0
2026-10-04T14:12:24Z,shippingservice,adservice,0,0,0,0,0,0,0
2026-10-04T14:12:24Z,shippingservice,cartservice,0,0,0,0,0,0,0
2026-10-04T14:12:24Z,shippingservice,checkoutservice,0,0,0,0,0,0,0
2026-10-04T14:12:24Z,shippingservice,currencyservice,0,0,0,0,0,0,0
2026-10-04T14:12:24Z,shippingservice,emailservice,0,0,0,0,0,0,0
2026-10-04T14:12:24Z,shippingservice,frontend,0,0,0,0,0,0,0
2026-10-04T14:12:24Z,shippingservice,kubernetes,0,0,0,0,0,0,0
2026-10-04T14:12:24Z,shippingservice,paymentservice,0,0,0,0,0,0,0
2026-10-04T14:12:24Z,shippingservice,productcatalogservice,0,0,0,0,0,0,0
2026-10-04T14:12:24Z,shippingservice,recommendationservice,0,0,0,0,0,0,0
2026-10-04T14:12:24Z,shippingservice,redis-cart,0,0,0,0,0,0,0
2026-10-04T14:12:24Z,shippingservice,shippingservice,0,0,0,0,0,0,0
2026-10-04T14:12:25Z,adservice,adservice,0,0,0,0,0,0,0
2026-10-04T14:12:25Z,adservice,cartservice,0,0,0,0,0,0,0
2026-10-04T14:12:25Z,adservice,checkoutservice,0,0,0,0,0,0,0
2026-10-04T14:12:25Z,adservice,currencyservice,0,0,0,0,0,0,0
2026-10-04T14:12:25Z,adservice,emailservice,0,0,0,0,0,0,0
2026-10-04T14:12:25Z,adservice,frontend,0,0,0,0,0,0,0
2026-10-04T14:12:25Z,adservice,kubernetes,0,0,0,0,0,0,0
2026-10-04T14:12:25Z,adservice,paymentservice,0,0,0,0,0,0,0
2026-10-04T14:12:25Z,adservice,productcatalogservice,0,0,0,0,0,0,0
2026-10-04T14:12:25Z,adservice,recommendationservice,0,0,0,0,0,0,0
2026-10-04T14:12:25Z,adservice,redis-cart,0,0,0,0,0,0,0
2026-10-04T14:12:25Z,adservice,shippingservice,0,0,0,0,0,0,0
2026-10-04T14:12:25Z,cartservice,adservice,0,0,0,0,0,0,0
2026-10-04T14:12:25Z,cartservice,cartservice,0,0,0,0,0,0,0
2026-10-04T14:12:25Z,cartservice,checkoutservice,0,0,0,0,0,0,0
2026-10-04T14:12:25Z,cartservice,currencyservice,0,0,0,0,0,0,0
2026-10-04T14:12:25Z,cartservice,emailservice,0,0,0,0,0,0,0
2026-10-04T14:12:25Z,cartservice,frontend,0,0,0,0,0,0,0
2026-10-04T14:12:25Z,cartservice,kubernetes,0,0,0,0,0,0,0
2026-10-04T14:12:25Z,cartservice,paymentservice,0,0,0,0,0,0,0
2026-10-04T14:12:25Z,cartservice,productcatalogservice,0,0,0,0,0,0,0
2026-10-04T14:12:25Z,cartservice,recommendationservice,0,0,0,0,0,0,0
2026-10-04T14:12:25Z,cartservice,redis-cart,2,0,0,0,0,0,0
2026-10-04T14:12:25Z,cartservice,shippingservice,0,0,0,0,0,0,0
2026-10-04T14:12:25Z,checkoutservice,adservice,0,0,0,0,0,0,0
2026-10-04T14:12:25Z,checkoutservice,cartservice,74901,73969,0,100,0,764862,73610
2026-10-04T14:12:25Z,checkoutservice,checkoutservice,0,0,0,0,0,0,0
2026-10-04T14:12:25Z,checkoutservice,currencyservice,48849,48845,0,0,0,597061,48670
2026-10-04T14:12:25Z,checkoutservice,emailservice,20081,19791,0,66,0,617686,19609
2026-10-04T14:12:25Z,checkoutservice,frontend,0,0,0,0,0,0,0
2026-10-04T14:12:25Z,checkoutservice,kubernetes,0,0,0,0,0,0,0
2026-10-04T14:12:25Z,checkoutservice,paymentservice,42111,40263,0,192,0,471602,39939
2026-10-04T14:12:25Z,checkoutservice,productcatalogservice,0,0,0,0,0,0,0
2026-10-04T14:12:25Z,checkoutservice,recommendationservice,0,0,0,0,0,0,0
2026-10-04T14:12:25Z,checkoutservice,redis-cart,0,0,0,0,0,0,0
2026-10-04T14:12:25Z,checkoutservice,shippingservice,80212,78106,0,154,0,542937,77750
2026-10-04T14:12:25Z,currencyservice,adservice,0,0,0,0,0,0,0
2026-10-04T14:12:25Z,currencyservice,cartservice,0,0,0,0,0,0,0
2026-10-04T14:12:25Z,currencyservice,checkoutservice,0,0,0,0,0,0,0
2026-10-04T14:12:25Z,currencyservice,currencyservice,0,0,0,0,0,0,0
2026-10-04T14:12:25Z,currencyservice,emailservice,0,0,0,0,0,0,0
2026-10-04T14:12:25Z,currencyservice,frontend,0,0,0,0,0,0,0
2026-10-04T14:12:25Z,currencyservice,kubernetes,0,0,0,0,0,0,0
2026-10-04T14:12:25Z,currencyservice,paymentservice,0,0,0,0,0,0,0
2026-10-04T14:12:25Z,currencyservice,productcatalogservice,0,0,0,0,0,0,0
2026-10-04T14:12:25Z,currencyservice,recommendationservice,0,0,0,0,0,0,0
2026-10-04T14:12:25Z,currencyservice,redis-cart,0,0,0,0,0,0,0
2026-10-04T14:12:25Z,currencyservice,shippingservice,0,0,0,0,0,0,0
2026-10-04T14:12:25Z,emailservice,adservice,0,0,0,0,0,0,0
2026-10-04T14:12:25Z,emailservice,cartservice,0,0,0,0,0,0,0
2026-10-04T14:12:25Z,emailservice,checkoutservice,0,0,0,0,0,0,0
2026-10-04T14:12:25Z,emailservice,currencyservice,0,0,0,0,0,0,0
2026-10-04T14:12:25Z,emailservice,emailservice,0,0,0,0,0,0,0
2026-10-04T14:12:25Z,emailservice,frontend,0,0,0,0,0,0,0
2026-10-04T14:12:25Z,emailservice,kubernetes,0,0,0,0,0,0,0
2026-10-04T14:12:25Z,emailservice,paymentservice,0,0,0,0,0,0,0
2026-10-04T14:12:25Z,emailservice,productcatalogservice,0,0,0,0,0,0,0
2026-10-04T14:12:25Z,emailservice,recommendationservice,0,0,0,0,0,0,0
2026-10-04T14:12:25Z,emailservice,redis-cart,0,0,0,0,0,0,0
2026-10-04T14:12:25Z,emailservice,shippingservice,0,0,0,0,0,0,0
2026-10-04T14:12:25Z,frontend,adservice,868368,868362,0,0,0,2612896,868128
2026-10-04T14:12:25Z,frontend,cartservice,1948047,1948033,0,0,4,10724303,1947395
2026-10-04T14:12:25Z,frontend,checkoutservice,407841,197865,0,40061,169948,63610682,197763
2026-10-04T14:12:25Z,frontend,currencyservice,3095272,3095262,0,0,0,16188076,3094256
2026-10-04T14:12:25Z,frontend,emailservice,0,0,0,0,0,0,0
2026-10-04T14:12:25Z,frontend,frontend,0,0,0,0,0,0,0
2026-10-04T14:12:25Z,frontend,kubernetes,0,0,0,0,0,0,0
2026-10-04T14:12:25Z,frontend,paymentservice,0,0,0,0,0,0,0
2026-10-04T14:12:25Z,frontend,productcatalogservice,8641793,8641714,0,0,0,58878594,8639086
2026-10-04T14:12:25Z,frontend,recommendationservice,2858479,1720022,0,120082,1015864,873898776,1719408
2026-10-04T14:12:25Z,frontend,redis-cart,0,0,0,0,0,0,0
2026-10-04T14:12:25Z,frontend,shippingservice,318321,318318,0,0,0,959520,318236
2026-10-04T14:12:25Z,paymentservice,adservice,0,0,0,0,0,0,0
2026-10-04T14:12:25Z,paymentservice,cartservice,0,0,0,0,0,0,0
2026-10-04T14:12:25Z,paymentservice,checkoutservice,0,0,0,0,0,0,0
2026-10-04T14:12:25Z,paymentservice,currencyservice,0,0,0,0,0,0,0
2026-10-04T14:12:25Z,paymentservice,emailservice,0,0,0,0,0,0,0
2026-10-04T14:12:25Z,paymentservice,frontend,0,0,0,0,0,0,0
2026-10-04T14:12:25Z,paymentservice,kubernetes,0,0,0,0,0,0,0
2026-10-04T14:12:25Z,paymentservice,paymentservice,0,0,0,0,0,0,0
2026-10-04T14:12:25Z,paymentservice,productcatalogservice,0,0,0,0,0,0,0
2026-10-04T14:12:25Z,paymentservice,recommendationservice,0,0,0,0,0,0,0
2026-10-04T14:12:25Z,paymentservice,redis-cart,0,0,0,0,0,0,0
2026-10-04T14:12:25Z,paymentservice,shippingservice,0,0,0,0,0,0,0
2026-10-04T14:12:25Z,productcatalogservice,adservice,0,0,0,0,0,0,0
2026-10-04T14:12:25Z,productcatalogservice,cartservice,0,0,0,0,0,0,0
2026-10-04T14:12:25Z,productcatalogservice,checkoutservice,0,0,0,0,0,0,0
2026-10-04T14:12:25Z,productcatalogservice,currencyservice,0,0,0,0,0,0,0
2026-10-04T14:12:25Z,productcatalogservice,emailservice,0,0,0,0,0,0,0
2026-10-04T14:12:25Z,productcatalogservice,frontend,0,0,0,0,0,0,0
2026-10-04T14:12:25Z,productcatalogservice,kubernetes,0,0,0,0,0,0,0
2026-10-04T14:12:25Z,productcatalogservice,paymentservice,0,0,0,0,0,0,0
2026-10-04T14:12:25Z,productcatalogservice,productcatalogservice,0,0,0,0,0,0,0
2026-10-04T14:12:25Z,productcatalogservice,recommendationservice,0,0,0,0,0,0,0
2026-10-04T14:12:25Z,productcatalogservice,redis-cart,0,0,0,0,0,0,0
2026-10-04T14:12:25Z,productcatalogservice,shippingservice,0,0,0,0,0,0,0
2026-10-04T14:12:25Z,recommendationservice,adservice,0,0,0,0,0,0,0
2026-10-04T14:12:25Z,recommendationservice,cartservice,0,0,0,0,0,0,0
2026-10-04T14:12:25Z,recommendationservice,checkoutservice,0,0,0,0,0,0,0
2026-10-04T14:12:25Z,recommendationservice,currencyservice,0,0,0,0,0,0,0
2026-10-04T14:12:25Z,recommendationservice,emailservice,0,0,0,0,0,0,0
2026-10-04T14:12:25Z,recommendationservice,frontend,0,0,0,0,0,0,0
2026-10-04T14:12:25Z,recommendationservice,kubernetes,0,0,0,0,0,0,0
2026-10-04T14:12:25Z,recommendationservice,paymentservice,0,0,0,0,0,0,0
2026-10-04T14:12:25Z,recommendationservice,productcatalogservice,222558,222552,0,0,0,1447068,222552
2026-10-04T14:12:25Z,recommendationservice,recommendationservice,0,0,0,0,0,0,0
2026-10-04T14:12:25Z,recommendationservice,redis-cart,0,0,0,0,0,0,0
2026-10-04T14:12:25Z,recommendationservice,shippingservice,0,0,0,0,0,0,0
2026-10-04T14:12:25Z,redis-cart,adservice,0,0,0,0,0,0,0
2026-10-04T14:12:25Z,redis-cart,cartservice,0,0,0,0,0,0,0
2026-10-04T14:12:25Z,redis-cart,checkoutservice,0,0,0,0,0,0,0
2026-10-04T14:12:25Z,redis-cart,currencyservice,0,0,0,0,0,0,0
2026-10-04T14:12:25Z,redis-cart,emailservice,0,0,0,0,0,0,0
2026-10-04T14:12:25Z,redis-cart,frontend,0,0,0,0,0,0,0
2026-10-04T14:12:25Z,redis-cart,kubernetes,0,0,0,0,0,0,0
2026-10-04T14:12:25Z,redis-cart,paymentservice,0,0,0,0,0,0,0
2026-10-04T14:12:25Z,redis-cart,productcatalogservice,0,0,0,0,0,0,0
2026-10-04T14:12:25Z,redis-cart,recommendationservice,0,0,0,0,0,0,0
2026-10-04T14:12:25Z,redis-cart,redis-cart,0,0,0,0,0,0,0
2026-10-04T14:12:25Z,redis-cart,shippingservice,0,0,0,0,0,0,0
2026-10-04T14:12:25Z,shippingservice,adservice,0,0,0,0,0,0,0
2026-10-04T14:12:25Z,shippingservice,cartservice,0,0,0,0,0,0,0
2026-10-04T14:12:25Z,shippingservice,checkoutservice,0,0,0,0,0,0,0
2026-10-04T14:12:25Z,shippingservice,currencyservice,0,0,0,0,0,0,0
2026-10-04T14:12:25Z,shippingservice,emailservice,0,0,0,0,0,0,0
2026-10-04T14:12:25Z,shippingservice,frontend,0,0,0,0,0,0,0
2026-10-04T14:12:25Z,shippingservice,kubernetes,0,0,0,0,0,0,0
2026-10-04T14:12:25Z,shippingservice,paymentservice,0,0,0,0,0,0,0
2026-10-04T14:12:25Z,shippingservice,productcatalogservice,0,0,0,0,0,0,0
2026-10-04T14:12:25Z,shippingservice,recommendationservice,0,0,0,0,0,0,0
2026-10-04T14:12:25Z,shippingservice,redis-cart,0,0,0,0,0,0,0
2026-10-04T14:12:25Z,shippingservice,shippingservice,0,0,0,0,0,0,0
2026-10-04T14:12:26Z,adservice,adservice,0,0,0,0,0,0,0
2026-10-04T14:12:26Z,adservice,cartservice,0,0,0,0,0,0,0
2026-10-04T14:12:26Z,adservice,checkoutservice,0,0,0,0,0,0,0
2026-10-04T14:12:26Z,adservice,currencyservice,0,0,0,0,0,0,0
2026-10-04T14:12:26Z,adservice,emailservice,0,0,0,0,0,0,0
2026-10-04T14:12:26Z,adservice,frontend,0,0,0,0,0,0,0
2026-10-04T14:12:26Z,adservice,kubernetes,0,0,0,0,0,0,0
2026-10-04T14:12:26Z,adservice,paymentservice,0,0,0,0,0,0,0
2026-10-04T14:12:26Z,adservice,productcatalogservice,0,0,0,0,0,0,0
2026-10-04T14:12:26Z,adservice,recommendationservice,0,0,0,0,0,0,0
2026-10-04T14:12:26Z,adservice,redis-cart,0,0,0,0,0,0,0
2026-10-04T14:12:26Z,adservice,shippingservice,0,0,0,0,0,0,0
2026-10-04T14:12:26Z,cartservice,adservice,0,0,0,0,0,0,0
2026-10-04T14:12:26Z,cartservice,cartservice,0,0,0,0,0,0,0
2026-10-04T14:12:26Z,cartservice,checkoutservice,0,0,0,0,0,0,0
2026-10-04T14:12:26Z,cartservice,currencyservice,0,0,0,0,0,0,0
2026-10-04T14:12:26Z,cartservice,emailservice,0,0,0,0,0,0,0
2026-10-04T14:12:26Z,cartservice,frontend,0,0,0,0,0,0,0
2026-10-04T14:12:26Z,cartservice,kubernetes,0,0,0,0,0,0,0
2026-10-04T14:12:26Z,cartservice,paymentservice,0,0,0,0,0,0,0
2026-10-04T14:12:26Z,cartservice,productcatalogservice,0,0,0,0,0,0,0
2026-10-04T14:12:26Z,cartservice,recommendationservice,0,0,0,0,0,0,0
2026-10-04T14:12:26Z,cartservice,redis-cart,2,0,0,0,0,0,0
2026-10-04T14:12:26Z,cartservice,shippingservice,0,0,0,0,0,0,0
2026-10-04T14:12:26Z,checkoutservice,adservice,0,0,0,0,0,0,0
2026-10-04T14:12:26Z,checkoutservice,cartservice,75042,74093,0,100,0,764862,73610
2026-10-04T14:12:26Z,checkoutservice,checkoutservice,0,0,0,0,0,0,0
2026-10-04T14:12:26Z,checkoutservice,currencyservice,48918,48918,0,0,0,597061,48670
2026-10-04T14:12:26Z,checkoutservice,emailservice,20139,19849,0,66,0,617686,19609
2026-10-04T14:12:26Z,checkoutservice,frontend,0,0,0,0,0,0,0
2026-10-04T14:12:26Z,checkoutservice,kubernetes,0,0,0,0,0,0,0
2026-10-04T14:12:26Z,checkoutservice,paymentservice,42184,40336,0,192,0,471602,39939
2026-10-04T14:12:26Z,checkoutservice,productcatalogservice,0,0,0,0,0,0,0
2026-10-04T14:12:26Z,checkoutservice,recommendationservice,0,0,0,0,0,0,0
2026-10-04T14:12:26Z,checkoutservice,redis-cart,0,0,0,0,0,0,0
2026-10-04T14:12:26Z,checkoutservice,shippingservice,80352,78249,0,154,0,542937,77750
2026-10-04T14:12:26Z,currencyservice,adservice,0,0,0,0,0,0,0
2026-10-04T14:12:26Z,currencyservice,cartservice,0,0,0,0,0,0,0
2026-10-04T14:12:26Z,currencyservice,checkoutservice,0,0,0,0,0,0,0
2026-10-04T14:12:26Z,currencyservice,currencyservice,0,0,0,0,0,0,0
2026-10-04T14:12:26Z,currencyservice,emailservice,0,0,0,0,0,0,0
2026-10-04T14:12:26Z,currencyservice,frontend,0,0,0,0,0,0,0
2026-10-04T14:12:26Z,currencyservice,kubernetes,0,0,0,0,0,0,0
2026-10-04T14:12:26Z,currencyservice,paymentservice,0,0,0,0,0,0,0
2026-10-04T14:12:26Z,currencyservice,productcatalogservice,0,0,0,0,0,0,0
2026-10-04T14:12:26Z,currencyservice,recommendationservice,0,0,0,0,0,0,0
2026-10-04T14:12:26Z,currencyservice,redis-cart,0,0,0,0,0,0,0
2026-10-04T14:12:26Z,currencyservice,shippingservice,0,0,0,0,0,0,0
2026-10-04T14:12:26Z,emailservice,adservice,0,0,0,0,0,0,0
2026-10-04T14:12:26Z,emailservice,cartservice,0,0,0,0,0,0,0
2026-10-04T14:12:26Z,emailservice,checkoutservice,0,0,0,0,0,0,0
2026-10-04T14:12:26Z,emailservice,currencyservice,0,0,0,0,0,0,0
2026-10-04T14:12:26Z,emailservice,emailservice,0,0,0,0,0,0,0
2026-10-04T14:12:26Z,emailservice,frontend,0,0,0,0,0,0,0
2026-10-04T14:12:26Z,emailservice,kubernetes,0,0,0,0,0,0,0
2026-10-04T14:12:26Z,emailservice,paymentservice,0,0,0,0,0,0,0
2026-10-04T14:12:26Z,emailservice,productcatalogservice,0,0,0,0,0,0,0
2026-10-04T14:12:26Z,emailservice,recommendationservice,0,0,0,0,0,0,0
2026-10-04T14:12:26Z,emailservice,redis-cart,0,0,0,0,0,0,0
2026-10-04T14:12:26Z,emailservice,shippingservice,0,0,0,0,0,0,0
2026-10-04T14:12:26Z,frontend,adservice,868526,868524,0,0,0,2612896,868128
2026-10-04T14:12:26Z,frontend,cartservice,1948454,1948438,0,0,4,10724303,1947395
2026-10-04T14:12:26Z,frontend,checkoutservice,407924,197940,0,40061,169948,63610682,197763
2026-10-04T14:12:26Z,frontend,currencyservice,3095955,3095944,0,0,0,16188076,3094256
2026-10-04T14:12:26Z,frontend,emailservice,0,0,0,0,0,0,0
2026-10-04T14:12:26Z,frontend,frontend,0,0,0,0,0,0,0
2026-10-04T14:12:26Z,frontend,kubernetes,0,0,0,0,0,0,0
2026-10-04T14:12:26Z,frontend,paymentservice,0,0,0,0,0,0,0
2026-10-04T14:12:26Z,frontend,productcatalogservice,8643549,8643482,0,0,0,58878594,8639086
2026-10-04T14:12:26Z,frontend,recommendationservice,2859173,1720372,0,120130,1016154,873898776,1719408
2026-10-04T14:12:26Z,frontend,redis-cart,0,0,0,0,0,0,0
2026-10-04T14:12:26Z,frontend,shippingservice,318380,318378,0,0,0,959520,318236
2026-10-04T14:12:26Z,paymentservice,adservice,0,0,0,0,0,0,0
2026-10-04T14:12:26Z,paymentservice,cartservice,0,0,0,0,0,0,0
2026-10-04T14:12:26Z,paymentservice,checkoutservice,0,0,0,0,0,0,0
2026-10-04T14:12:26Z,paymentservice,currencyservice,0,0,0,0,0,0,0
2026-10-04T14:12:26Z,paymentservice,emailservice,0,0,0,0,0,0,0
2026-10-04T14:12:26Z,paymentservice,frontend,0,0,0,0,0,0,0
2026-10-04T14:12:26Z,paymentservice,kubernetes,0,0,0,0,0,0,0
2026-10-04T14:12:26Z,paymentservice,paymentservice,0,0,0,0,0,0,0
2026-10-04T14:12:26Z,paymentservice,productcatalogservice,0,0,0,0,0,0,0
2026-10-04T14:12:26Z,paymentservice,recommendationservice,0,0,0,0,0,0,0
2026-10-04T14:12:26Z,paymentservice,redis-cart,0,0,0,0,0,0,0
2026-10-04T14:12:26Z,paymentservice,shippingservice,0,0,0,0,0,0,0
2026-10-04T14:12:26Z,productcatalogservice,adservice,0,0,0,0,0,0,0
2026-10-04T14:12:26Z,productcatalogservice,cartservice,0,0,0,0,0,0,0
2026-10-04T14:12:26Z,productcatalogservice,checkoutservice,0,0,0,0,0,0,0
2026-10-04T14:12:26Z,productcatalogservice,currencyservice,0,0,0,0,0,0,0
2026-10-04T14:12:26Z,productcatalogservice,emailservice,0,0,0,0,0,0,0
2026-10-04T14:12:26Z,productcatalogservice,frontend,0,0,0,0,0,0,0
2026-10-04T14:12:26Z,productcatalogservice,kubernetes,0,0,0,0,0,0,0
2026-10-04T14:12:26Z,productcatalogservice,paymentservice,0,0,0,0,0,0,0
2026-10-04T14:12:26Z,productcatalogservice,productcatalogservice,0,0,0,0,0,0,0
2026-10-04T14:12:26Z,productcatalogservice,recommendationservice,0,0,0,0,0,0,0
2026-10-04T14:12:26Z,productcatalogservice,redis-cart,0,0,0,0,0,0,0
2026-10-04T14:12:26Z,productcatalogservice,shippingservice,0,0,0,0,0,0,0
2026-10-04T14:12:26Z,recommendationservice,adservice,0,0,0,0,0,0,0
2026-10-04T14:12:26Z,recommendationservice,cartservice,0,0,0,0,0,0,0
2026-10-04T14:12:26Z,recommendationservice,checkoutservice,0,0,0,0,0,0,0
2026-10-04T14:12:26Z,recommendationservice,currencyservice,0,0,0,0,0,0,0
2026-10-04T14:12:26Z,recommendationservice,emailservice,0,0,0,0,0,0,0
2026-10-04T14:12:26Z,recommendationservice,frontend,0,0,0,0,0,0,0
2026-10-04T14:12:26Z,recommendationservice,kubernetes,0,0,0,0,0,0,0
2026-10-04T14:12:26Z,recommendationservice,paymentservice,0,0,0,0,0,0,0
2026-10-04T14:12:26Z,recommendationservice,productcatalogservice,222966,222960,0,0,0,1447068,222552
2026-10-04T14:12:26Z,recommendationservice,recommendationservice,0,0,0,0,0,0,0
2026-10-04T14:12:26Z,recommendationservice,redis-cart,0,0,0,0,0,0,0
2026-10-04T14:12:26Z,recommendationservice,shippingservice,0,0,0,0,0,0,0
2026-10-04T14:12:26Z,redis-cart,adservice,0,0,0,0,0,0,0
2026-10-04T14:12:26Z,redis-cart,cartservice,0,0,0,0,0,0,0
2026-10-04T14:12:26Z,redis-cart,checkoutservice,0,0,0,0,0,0,0
2026-10-04T14:12:26Z,redis-cart,currencyservice,0,0,0,0,0,0,0
2026-10-04T14:12:26Z,redis-cart,emailservice,0,0,0,0,0,0,0
2026-10-04T14:12:26Z,redis-cart,frontend,0,0,0,0,0,0,0
2026-10-04T14:12:26Z,redis-cart,kubernetes,0,0,0,0,0,0,0
2026-10-04T14:12:26Z,redis-cart,paymentservice,0,0,0,0,0,0,0
2026-10-04T14:12:26Z,redis-cart,productcatalogservice,0,0,0,0,0,0,0
2026-10-04T14:12:26Z,redis-cart,recommendationservice,0,0,0,0,0,0,0
2026-10-04T14:12:26Z,redis-cart,redis-cart,0,0,0,0,0,0,0
2026-10-04T14:12:26Z,redis-cart,shippingservice,0,0,0,0,0,0,0
2026-10-04T14:12:26Z,shippingservice,adservice,0,0,0,0,0,0,0
2026-10-04T14:12:26Z,shippingservice,cartservice,0,0,0,0,0,0,0
2026-10-04T14:12:26Z,shippingservice,checkoutservice,0,0,0,0,0,0,0
2026-10-04T14:12:26Z,shippingservice,currencyservice,0,0,0,0,0,0,0
2026-10-04T14:12:26Z,shippingservice,emailservice,0,0,0,0,0,0,0
2026-10-04T14:12:26Z,shippingservice,frontend,0,0,0,0,0,0,0
2026-10-04T14:12:26Z,shippingservice,kubernetes,0,0,0,0,0,0,0
2026-10-04T14:12:26Z,shippingservice,paymentservice,0,0,0,0,0,0,0
2026-10-04T14:12:26Z,shippingservice,productcatalogservice,0,0,0,0,0,0,0
2026-10-04T14:12:26Z,shippingservice,recommendationservice,0,0,0,0,0,0,0
2026-10-04T14:12:26Z,shippingservice,redis-cart,0,0,0,0,0,0,0
2026-10-04T14:12:26Z,shippingservice,shippingservice,0,0,0,0,0,0,0
2026-10-04T14:12:27Z,adservice,adservice,0,0,0,0,0,0,0
2026-10-04T14:12:27Z,adservice,cartservice,0,0,0,0,0,0,0
2026-10-04T14:12:27Z,adservice,checkoutservice,0,0,0,0,0,0,0
2026-10-04T14:12:27Z,adservice,currencyservice,0,0,0,0,0,0,0
2026-10-04T14:12:27Z,adservice,emailservice,0,0,0,0,0,0,0
2026-10-04T14:12:27Z,adservice,frontend,0,0,0,0,0,0,0
2026-10-04T14:12:27Z,adservice,kubernetes,0,0,0,0,0,0,0
2026-10-04T14:12:27Z,adservice,paymentservice,0,0,0,0,0,0,0
2026-10-04T14:12:27Z,adservice,productcatalogservice,0,0,0,0,0,0,0
2026-10-04T14:12:27Z,adservice,recommendationservice,0,0,0,0,0,0,0
2026-10-04T14:12:27Z,adservice,redis-cart,0,0,0,0,0,0,0
2026-10-04T14:12:27Z,adservice,shippingservice,0,0,0,0,0,0,0
2026-10-04T14:12:27Z,cartservice,adservice,0,0,0,0,0,0,0
2026-10-04T14:12:27Z,cartservice,cartservice,0,0,0,0,0,0,0
2026-10-04T14:12:27Z,cartservice,checkoutservice,0,0,0,0,0,0,0
2026-10-04T14:12:27Z,cartservice,currencyservice,0,0,0,0,0,0,0
2026-10-04T14:12:27Z,cartservice,emailservice,0,0,0,0,0,0,0
2026-10-04T14:12:27Z,cartservice,frontend,0,0,0,0,0,0,0
2026-10-04T14:12:27Z,cartservice,kubernetes,0,0,0,0,0,0,0
2026-10-04T14:12:27Z,cartservice,paymentservice,0,0,0,0,0,0,0
2026-10-04T14:12:27Z,cartservice,productcatalogservice,0,0,0,0,0,0,0
2026-10-04T14:12:27Z,cartservice,recommendationservice,0,0,0,0,0,0,0
2026-10-04T14:12:27Z,cartservice,redis-cart,2,0,0,0,0,0,0
2026-10-04T14:12:27Z,cartservice,shippingservice,0,0,0,0,0,0,0
2026-10-04T14:12:27Z,checkoutservice,adservice,0,0,0,0,0,0,0
2026-10-04T14:12:27Z,checkoutservice,cartservice,75181,74250,0,100,0,768167,74237
2026-10-04T14:12:27Z,checkoutservice,checkoutservice,0,0,0,0,0,0,0
2026-10-04T14:12:27Z,checkoutservice,currencyservice,48988,48988,0,0,0,598634,48981
2026-10-04T14:12:27Z,checkoutservice,emailservice,20226,19936,0,66,0,629846,19927
2026-10-04T14:12:27Z,checkoutservice,frontend,0,0,0,0,0,0,0
2026-10-04T14:12:27Z,checkoutservice,kubernetes,0,0,0,0,0,0,0
2026-10-04T14:12:27Z,checkoutservice,paymentservice,42254,40406,0,192,0,475201,40251
2026-10-04T14:12:27Z,checkoutservice,productcatalogservice,0,0,0,0,0,0,0
2026-10-04T14:12:27Z,checkoutservice,recommendationservice,0,0,0,0,0,0,0
2026-10-04T14:12:27Z,checkoutservice,redis-cart,0,0,0,0,0,0,0
2026-10-04T14:12:27Z,checkoutservice,shippingservice,80492,78389,0,154,0,544535,78374
2026-10-04T14:12:27Z,currencyservice,adservice,0,0,0,0,0,0,0
2026-10-04T14:12:27Z,currencyservice,cartservice,0,0,0,0,0,0,0
2026-10-04T14:12:27Z,currencyservice,checkoutservice,0,0,0,0,0,0,0
2026-10-04T14:12:27Z,currencyservice,currencyservice,0,0,0,0,0,0,0
2026-10-04T14:12:27Z,currencyservice,emailservice,0,0,0,0,0,0,0
2026-10-04T14:12:27Z,currencyservice,frontend,0,0,0,0,0,0,0
2026-10-04T14:12:27Z,currencyservice,kubernetes,0,0,0,0,0,0,0
2026-10-04T14:12:27Z,currencyservice,paymentservice,0,0,0,0,0,0,0
2026-10-04T14:12:27Z,currencyservice,productcatalogservice,0,0,0,0,0,0,0
2026-10-04T14:12:27Z,currencyservice,recommendationservice,0,0,0,0,0,0,0
2026-10-04T14:12:27Z,currencyservice,redis-cart,0,0,0,0,0,0,0
2026-10-04T14:12:27Z,currencyservice,shippingservice,0,0,0,0,0,0,0
2026-10-04T14:12:27Z,emailservice,adservice,0,0,0,0,0,0,0
2026-10-04T14:12:27Z,emailservice,cartservice,0,0,0,0,0,0,0
2026-10-04T14:12:27Z,emailservice,checkoutservice,0,0,0,0,0,0,0
2026-10-04T14:12:27Z,emailservice,currencyservice,0,0,0,0,0,0,0
2026-10-04T14:12:27Z,emailservice,emailservice,0,0,0,0,0,0,0
2026-10-04T14:12:27Z,emailservice,frontend,0,0,0,0,0,0,0
2026-10-04T14:12:27Z,emailservice,kubernetes,0,0,0,0,0,0,0
2026-10-04T14:12:27Z,emailservice,paymentservice,0,0,0,0,0,0,0
2026-10-04T14:12:27Z,emailservice,productcatalogservice,0,0,0,0,0,0,0
2026-10-04T14:12:27Z,emailservice,recommendationservice,0,0,0,0,0,0,0
2026-10-04T14:12:27Z,emailservice,redis-cart,0,0,0,0,0,0,0
2026-10-04T14:12:27Z,emailservice,shippingservice,0,0,0,0,0,0,0
2026-10-04T14:12:27Z,frontend,adservice,868661,868659,0,0,0,2612896,868128
2026-10-04T14:12:27Z,frontend,cartservice,1948856,1948844,0,0,4,10724303,1947395
2026-10-04T14:12:27Z,frontend,checkoutservice,407975,198005,0,40061,169948,63610682,197763
2026-10-04T14:12:27Z,frontend,currencyservice,3096615,3096603,0,0,0,16188076,3094256
2026-10-04T14:12:27Z,frontend,emailservice,0,0,0,0,0,0,0
2026-10-04T14:12:27Z,frontend,frontend,0,0,0,0,0,0,0
2026-10-04T14:12:27Z,frontend,kubernetes,0,0,0,0,0,0,0
2026-10-04T14:12:27Z,frontend,paymentservice,0,0,0,0,0,0,0
2026-10-04T14:12:27Z,frontend,productcatalogservice,8645081,8645016,0,0,0,58878594,8639086
2026-10-04T14:12:27Z,frontend,recommendationservice,2859911,1720696,0,120169,1016483,873898776,1719408
2026-10-04T14:12:27Z,frontend,redis-cart,0,0,0,0,0,0,0
2026-10-04T14:12:27Z,frontend,shippingservice,318439,318437,0,0,0,959520,318236
2026-10-04T14:12:27Z,paymentservice,adservice,0,0,0,0,0,0,0
2026-10-04T14:12:27Z,paymentservice,cartservice,0,0,0,0,0,0,0
2026-10-04T14:12:27Z,paymentservice,checkoutservice,0,0,0,0,0,0,0
2026-10-04T14:12:27Z,paymentservice,currencyservice,0,0,0,0,0,0,0
2026-10-04T14:12:27Z,paymentservice,emailservice,0,0,0,0,0,0,0
2026-10-04T14:12:27Z,paymentservice,frontend,0,0,0,0,0,0,0
2026-10-04T14:12:27Z,paymentservice,kubernetes,0,0,0,0,0,0,0
2026-10-04T14:12:27Z,paymentservice,paymentservice,0,0,0,0,0,0,0
2026-10-04T14:12:27Z,paymentservice,productcatalogservice,0,0,0,0,0,0,0
2026-10-04T14:12:27Z,paymentservice,recommendationservice,0,0,0,0,0,0,0
2026-10-04T14:12:27Z,paymentservice,redis-cart,0,0,0,0,0,0,0
2026-10-04T14:12:27Z,paymentservice,shippingservice,0,0,0,0,0,0,0
2026-10-04T14:12:27Z,productcatalogservice,adservice,0,0,0,0,0,0,0
2026-10-04T14:12:27Z,productcatalogservice,cartservice,0,0,0,0,0,0,0
2026-10-04T14:12:27Z,productcatalogservice,checkoutservice,0,0,0,0,0,0,0
2026-10-04T14:12:27Z,productcatalogservice,currencyservice,0,0,0,0,0,0,0
2026-10-04T14:12:27Z,productcatalogservice,emailservice,0,0,0,0,0,0,0
2026-10-04T14:12:27Z,productcatalogservice,frontend,0,0,0,0,0,0,0
2026-10-04T14:12:27Z,productcatalogservice,kubernetes,0,0,0,0,0,0,0
2026-10-04T14:12:27Z,productcatalogservice,paymentservice,0,0,0,0,0,0,0
2026-10-04T14:12:27Z,productcatalogservice,productcatalogservice,0,0,0,0,0,0,0
2026-10-04T14:12:27Z,productcatalogservice,recommendationservice,0,0,0,0,0,0,0
2026-10-04T14:12:27Z,productcatalogservice,redis-cart,0,0,0,0,0,0,0
2026-10-04T14:12:27Z,productcatalogservice,shippingservice,0,0,0,0,0,0,0
2026-10-04T14:12:27Z,recommendationservice,adservice,0,0,0,0,0,0,0
2026-10-04T14:12:27Z,recommendationservice,cartservice,0,0,0,0,0,0,0
2026-10-04T14:12:27Z,recommendationservice,checkoutservice,0,0,0,0,0,0,0
2026-10-04T14:12:27Z,recommendationservice,currencyservice,0,0,0,0,0,0,0
2026-10-04T14:12:27Z,recommendationservice,emailservice,0,0,0,0,0,0,0
2026-10-04T14:12:27Z,recommendationservice,frontend,0,0,0,0,0,0,0
2026-10-04T14:12:27Z,recommendationservice,kubernetes,0,0,0,0,0,0,0
2026-10-04T14:12:27Z,recommendationservice,paymentservice,0,0,0,0,0,0,0
2026-10-04T14:12:27Z,recommendationservice,productcatalogservice,223378,223377,0,0,0,1447068,222552
2026-10-04T14:12:27Z,recommendationservice,recommendationservice,0,0,0,0,0,0,0
2026-10-04T14:12:27Z,recommendationservice,redis-cart,0,0,0,0,0,0,0
2026-10-04T14:12:27Z,recommendationservice,shippingservice,0,0,0,0,0,0,0
2026-10-04T14:12:27Z,redis-cart,adservice,0,0,0,0,0,0,0
2026-10-04T14:12:27Z,redis-cart,cartservice,0,0,0,0,0,0,0
2026-10-04T14:12:27Z,redis-cart,checkoutservice,0,0,0,0,0,0,0
2026-10-04T14:12:27Z,redis-cart,currencyservice,0,0,0,0,0,0,0
2026-10-04T14:12:27Z,redis-cart,emailservice,0,0,0,0,0,0,0
2026-10-04T14:12:27Z,redis-cart,frontend,0,0,0,0,0,0,0
2026-10-04T14:12:27Z,redis-cart,kubernetes,0,0,0,0,0,0,0
2026-10-04T14:12:27Z,redis-cart,paymentservice,0,0,0,0,0,0,0
2026-10-04T14:12:27Z,redis-cart,productcatalogservice,0,0,0,0,0,0,0
2026-10-04T14:12:27Z,redis-cart,recommendationservice,0,0,0,0,0,0,0
2026-10-04T14:12:27Z,redis-cart,redis-cart,0,0,0,0,0,0,0
2026-10-04T14:12:27Z,redis-cart,shippingservice,0,0,0,0,0,0,0
2026-10-04T14:12:27Z,shippingservice,adservice,0,0,0,0,0,0,0
2026-10-04T14:12:27Z,shippingservice,cartservice,0,0,0,0,0,0,0
2026-10-04T14:12:27Z,shippingservice,checkoutservice,0,0,0,0,0,0,0
2026-10-04T14:12:27Z,shippingservice,currencyservice,0,0,0,0,0,0,0
2026-10-04T14:12:27Z,shippingservice,emailservice,0,0,0,0,0,0,0
2026-10-04T14:12:27Z,shippingservice,frontend,0,0,0,0,0,0,0
2026-10-04T14:12:27Z,shippingservice,kubernetes,0,0,0,0,0,0,0
2026-10-04T14:12:27Z,shippingservice,paymentservice,0,0,0,0,0,0,0
2026-10-04T14:12:27Z,shippingservice,productcatalogservice,0,0,0,0,0,0,0
2026-10-04T14:12:27Z,shippingservice,recommendationservice,0,0,0,0,0,0,0
2026-10-04T14:12:27Z,shippingservice,redis-cart,0,0,0,0,0,0,0
2026-10-04T14:12:27Z,shippingservice,shippingservice,0,0,0,0,0,0,0
2026-10-04T14:12:28Z,adservice,adservice,0,0,0,0,0,0,0
2026-10-04T14:12:28Z,adservice,cartservice,0,0,0,0,0,0,0
2026-10-04T14:12:28Z,adservice,checkoutservice,0,0,0,0,0,0,0
2026-10-04T14:12:28Z,adservice,currencyservice,0,0,0,0,0,0,0
2026-10-04T14:12:28Z,adservice,emailservice,0,0,0,0,0,0,0
2026-10-04T14:12:28Z,adservice,frontend,0,0,0,0,0,0,0
2026-10-04T14:12:28Z,adservice,kubernetes,0,0,0,0,0,0,0
2026-10-04T14:12:28Z,adservice,paymentservice,0,0,0,0,0,0,0
2026-10-04T14:12:28Z,adservice,productcatalogservice,0,0,0,0,0,0,0
2026-10-04T14:12:28Z,adservice,recommendationservice,0,0,0,0,0,0,0
2026-10-04T14:12:28Z,adservice,redis-cart,0,0,0,0,0,0,0
2026-10-04T14:12:28Z,adservice,shippingservice,0,0,0,0,0,0,0
2026-10-04T14:12:28Z,cartservice,adservice,0,0,0,0,0,0,0
2026-10-04T14:12:28Z,cartservice,cartservice,0,0,0,0,0,0,0
2026-10-04T14:12:28Z,cartservice,checkoutservice,0,0,0,0,0,0,0
2026-10-04T14:12:28Z,cartservice,currencyservice,0,0,0,0,0,0,0
2026-10-04T14:12:28Z,cartservice,emailservice,0,0,0,0,0,0,0
2026-10-04T14:12:28Z,cartservice,frontend,0,0,0,0,0,0,0
2026-10-04T14:12:28Z,cartservice,kubernetes,0,0,0,0,0,0,0
2026-10-04T14:12:28Z,cartservice,paymentservice,0,0,0,0,0,0,0
2026-10-04T14:12:28Z,cartservice,productcatalogservice,0,0,0,0,0,0,0
2026-10-04T14:12:28Z,cartservice,recommendationservice,0,0,0,0,0,0,0
2026-10-04T14:12:28Z,cartservice,redis-cart,2,0,0,0,0,0,0
2026-10-04T14:12:28Z,cartservice,shippingservice,0,0,0,0,0,0,0
2026-10-04T14:12:28Z,checkoutservice,adservice,0,0,0,0,0,0,0
2026-10-04T14:12:28Z,checkoutservice,cartservice,75265,74334,0,100,0,768167,74237
2026-10-04T14:12:28Z,checkoutservice,checkoutservice,0,0,0,0,0,0,0
2026-10-04T14:12:28Z,checkoutservice,currencyservice,49029,49028,0,0,0,598634,48981
2026-10-04T14:12:28Z,checkoutservice,emailservice,20261,19970,0,66,0,629846,19927
2026-10-04T14:12:28Z,checkoutservice,frontend,0,0,0,0,0,0,0
2026-10-04T14:12:28Z,checkoutservice,kubernetes,0,0,0,0,0,0,0
2026-10-04T14:12:28Z,checkoutservice,paymentservice,42294,40445,0,192,0,475201,40251
2026-10-04T14:12:28Z,checkoutservice,productcatalogservice,0,0,0,0,0,0,0
2026-10-04T14:12:28Z,checkoutservice,recommendationservice,0,0,0,0,0,0,0
2026-10-04T14:12:28Z,checkoutservice,redis-cart,0,0,0,0,0,0,0
2026-10-04T14:12:28Z,checkoutservice,shippingservice,80572,78469,0,154,0,544535,78374
2026-10-04T14:12:28Z,currencyservice,adservice,0,0,0,0,0,0,0
2026-10-04T14:12:28Z,currencyservice,cartservice,0,0,0,0,0,0,0
2026-10-04T14:12:28Z,currencyservice,checkoutservice,0,0,0,0,0,0,0
2026-10-04T14:12:28Z,currencyservice,currencyservice,0,0,0,0,0,0,0
2026-10-04T14:12:28Z,currencyservice,emailservice,0,0,0,0,0,0,0
2026-10-04T14:12:28Z,currencyservice,frontend,0,0,0,0,0,0,0
2026-10-04T14:12:28Z,currencyservice,kubernetes,0,0,0,0,0,0,0
2026-10-04T14:12:28Z,currencyservice,paymentservice,0,0,0,0,0,0,0
2026-10-04T14:12:28Z,currencyservice,productcatalogservice,0,0,0,0,0,0,0
2026-10-04T14:12:28Z,currencyservice,recommendationservice,0,0,0,0,0,0,0
2026-10-04T14:12:28Z,currencyservice,redis-cart,0,0,0,0,0,0,0
2026-10-04T14:12:28Z,currencyservice,shippingservice,0,0,0,0,0,0,0
2026-10-04T14:12:28Z,emailservice,adservice,0,0,0,0,0,0,0
2026-10-04T14:12:28Z,emailservice,cartservice,0,0,0,0,0,0,0
2026-10-04T14:12:28Z,emailservice,checkoutservice,0,0,0,0,0,0,0
2026-10-04T14:12:28Z,emailservice,currencyservice,0,0,0,0,0,0,0
2026-10-04T14:12:28Z,emailservice,emailservice,0,0,0,0,0,0,0
2026-10-04T14:12:28Z,emailservice,frontend,0,0,0,0,0,0,0
2026-10-04T14:12:28Z,emailservice,kubernetes,0,0,0,0,0,0,0
2026-10-04T14:12:28Z,emailservice,paymentservice,0,0,0,0,0,0,0
2026-10-04T14:12:28Z,emailservice,productcatalogservice,0,0,0,0,0,0,0
2026-10-04T14:12:28Z,emailservice,recommendationservice,0,0,0,0,0,0,0
2026-10-04T14:12:28Z,emailservice,redis-cart,0,0,0,0,0,0,0
2026-10-04T14:12:28Z,emailservice,shippingservice,0,0,0,0,0,0,0
2026-10-04T14:12:28Z,frontend,adservice,868783,868781,0,0,0,2613258,868276
2026-10-04T14:12:28Z,frontend,cartservice,1949233,1949219,0,0,4,10726933,1947920
2026-10-04T14:12:28Z,frontend,checkoutservice,408024,198052,0,40061,169948,63619484,197826
2026-10-04T14:12:28Z,frontend,currencyservice,3097198,3097187,0,0,0,16191511,3095031
2026-10-04T14:12:28Z,frontend,emailservice,0,0,0,0,0,0,0
2026-10-04T14:12:28Z,frontend,frontend,0,0,0,0,0,0,0
2026-10-04T14:12:28Z,frontend,kubernetes,0,0,0,0,0,0,0
2026-10-04T14:12:28Z,frontend,paymentservice,0,0,0,0,0,0,0
2026-10-04T14:12:28Z,frontend,productcatalogservice,8646453,8646385,0,0,0,58891965,8640907
2026-10-04T14:12:28Z,frontend,recommendationservice,2860675,1721030,0,120202,1016885,874256131,1719874
2026-10-04T14:12:28Z,frontend,redis-cart,0,0,0,0,0,0,0
2026-10-04T14:12:28Z,frontend,shippingservice,318480,318478,0,0,0,959668,318310
2026-10-04T14:12:28Z,paymentservice,adservice,0,0,0,0,0,0,0
2026-10-04T14:12:28Z,paymentservice,cartservice,0,0,0,0,0,0,0
2026-10-04T14:12:28Z,paymentservice,checkoutservice,0,0,0,0,0,0,0
2026-10-04T14:12:28Z,paymentservice,currencyservice,0,0,0,0,0,0,0
2026-10-04T14:12:28Z,paymentservice,emailservice,0,0,0,0,0,0,0
2026-10-04T14:12:28Z,paymentservice,frontend,0,0,0,0,0,0,0
2026-10-04T14:12:28Z,paymentservice,kubernetes,0,0,0,0,0,0,0
2026-10-04T14:12:28Z,paymentservice,paymentservice,0,0,0,0,0,0,0
2026-10-04T14:12:28Z,paymentservice,productcatalogservice,0,0,0,0,0,0,0
2026-10-04T14:12:28Z,paymentservice,recommendationservice,0,0,0,0,0,0,0
2026-10-04T14:12:28Z,paymentservice,redis-cart,0,0,0,0,0,0,0
2026-10-04T14:12:28Z,paymentservice,shippingservice,0,0,0,0,0,0,0
2026-10-04T14:12:28Z,productcatalogservice,adservice,0,0,0,0,0,0,0
2026-10-04T14:12:28Z,productcatalogservice,cartservice,0,0,0,0,0,0,0
2026-10-04T14:12:28Z,productcatalogservice,checkoutservice,0,0,0,0,0,0,0
2026-10-04T14:12:28Z,productcatalogservice,currencyservice,0,0,0,0,0,0,0
2026-10-04T14:12:28Z,productcatalogservice,emailservice,0,0,0,0,0,0,0
2026-10-04T14:12:28Z,productcatalogservice,frontend,0,0,0,0,0,0,0
2026-10-04T14:12:28Z,productcatalogservice,kubernetes,0,0,0,0,0,0,0
2026-10-04T14:12:28Z,productcatalogservice,paymentservice,0,0,0,0,0,0,0
2026-10-04T14:12:28Z,productcatalogservice,productcatalogservice,0,0,0,0,0,0,0
2026-10-04T14:12:28Z,productcatalogservice,recommendationservice,0,0,0,0,0,0,0
2026-10-04T14:12:28Z,productcatalogservice,redis-cart,0,0,0,0,0,0,0
2026-10-04T14:12:28Z,productcatalogservice,shippingservice,0,0,0,0,0,0,0
2026-10-04T14:12:28Z,recommendationservice,adservice,0,0,0,0,0,0,0
2026-10-04T14:12:28Z,recommendationservice,cartservice,0,0,0,0,0,0,0
2026-10-04T14:12:28Z,recommendationservice,checkoutservice,0,0,0,0,0,0,0
2026-10-04T14:12:28Z,recommendationservice,currencyservice,0,0,0,0,0,0,0
2026-10-04T14:12:28Z,recommendationservice,emailservice,0,0,0,0,0,0,0
2026-10-04T14:12:28Z,recommendationservice,frontend,0,0,0,0,0,0,0
2026-10-04T14:12:28Z,recommendationservice,kubernetes,0,0,0,0,0,0,0
2026-10-04T14:12:28Z,recommendationservice,paymentservice,0,0,0,0,0,0,0
2026-10-04T14:12:28Z,recommendationservice,productcatalogservice,223810,223810,0,0,0,1447068,222552
2026-10-04T14:12:28Z,recommendationservice,recommendationservice,0,0,0,0,0,0,0
2026-10-04T14:12:28Z,recommendationservice,redis-cart,0,0,0,0,0,0,0
2026-10-04T14:12:28Z,recommendationservice,shippingservice,0,0,0,0,0,0,0
2026-10-04T14:12:28Z,redis-cart,adservice,0,0,0,0,0,0,0
2026-10-04T14:12:28Z,redis-cart,cartservice,0,0,0,0,0,0,0
2026-10-04T14:12:28Z,redis-cart,checkoutservice,0,0,0,0,0,0,0
2026-10-04T14:12:28Z,redis-cart,currencyservice,0,0,0,0,0,0,0
2026-10-04T14:12:28Z,redis-cart,emailservice,0,0,0,0,0,0,0
2026-10-04T14:12:28Z,redis-cart,frontend,0,0,0,0,0,0,0
2026-10-04T14:12:28Z,redis-cart,kubernetes,0,0,0,0,0,0,0
2026-10-04T14:12:28Z,redis-cart,paymentservice,0,0,0,0,0,0,0
2026-10-04T14:12:28Z,redis-cart,productcatalogservice,0,0,0,0,0,0,0
2026-10-04T14:12:28Z,redis-cart,recommendationservice,0,0,0,0,0,0,0
2026-10-04T14:12:28Z,redis-cart,redis-cart,0,0,0,0,0,0,0
2026-10-04T14:12:28Z,redis-cart,shippingservice,0,0,0,0,0,0,0
2026-10-04T14:12:28Z,shippingservice,adservice,0,0,0,0,0,0,0
2026-10-04T14:12:28Z,shippingservice,cartservice,0,0,0,0,0,0,0
2026-10-04T14:12:28Z,shippingservice,checkoutservice,0,0,0,0,0,0,0
2026-10-04T14:12:28Z,shippingservice,currencyservice,0,0,0,0,0,0,0
2026-10-04T14:12:28Z,shippingservice,emailservice,0,0,0,0,0,0,0
2026-10-04T14:12:28Z,shippingservice,frontend,0,0,0,0,0,0,0
2026-10-04T14:12:28Z,shippingservice,kubernetes,0,0,0,0,0,0,0
2026-10-04T14:12:28Z,shippingservice,paymentservice,0,0,0,0,0,0,0
2026-10-04T14:12:28Z,shippingservice,productcatalogservice,0,0,0,0,0,0,0
2026-10-04T14:12:28Z,shippingservice,recommendationservice,0,0,0,0,0,0,0
2026-10-04T14:12:28Z,shippingservice,redis-cart,0,0,0,0,0,0,0
2026-10-04T14:12:28Z,shippingservice,shippingservice,0,0,0,0,0,0,0
2026-10-04T14:12:29Z,adservice,adservice,0,0,0,0,0,0,0
2026-10-04T14:12:29Z,adservice,cartservice,0,0,0,0,0,0,0
2026-10-04T14:12:29Z,adservice,checkoutservice,0,0,0,0,0,0,0
2026-10-04T14:12:29Z,adservice,currencyservice,0,0,0,0,0,0,0
2026-10-04T14:12:29Z,adservice,emailservice,0,0,0,0,0,0,0
2026-10-04T14:12:29Z,adservice,frontend,0,0,0,0,0,0,0
2026-10-04T14:12:29Z,adservice,kubernetes,0,0,0,0,0,0,0
2026-10-04T14:12:29Z,adservice,paymentservice,0,0,0,0,0,0,0
2026-10-04T14:12:29Z,adservice,productcatalogservice,0,0,0,0,0,0,0
2026-10-04T14:12:29Z,adservice,recommendationservice,0,0,0,0,0,0,0
2026-10-04T14:12:29Z,adservice,redis-cart,0,0,0,0,0,0,0
2026-10-04T14:12:29Z,adservice,shippingservice,0,0,0,0,0,0,0
2026-10-04T14:12:29Z,cartservice,adservice,0,0,0,0,0,0,0
2026-10-04T14:12:29Z,cartservice,cartservice,0,0,0,0,0,0,0
2026-10-04T14:12:29Z,cartservice,checkoutservice,0,0,0,0,0,0,0
2026-10-04T14:12:29Z,cartservice,currencyservice,0,0,0,0,0,0,0
2026-10-04T14:12:29Z,cartservice,emailservice,0,0,0,0,0,0,0
2026-10-04T14:12:29Z,cartservice,frontend,0,0,0,0,0,0,0
2026-10-04T14:12:29Z,cartservice,kubernetes,0,0,0,0,0,0,0
2026-10-04T14:12:29Z,cartservice,paymentservice,0,0,0,0,0,0,0
2026-10-04T14:12:29Z,cartservice,productcatalogservice,0,0,0,0,0,0,0
2026-10-04T14:12:29Z,cartservice,recommendationservice,0,0,0,0,0,0,0
2026-10-04T14:12:29Z,cartservice,redis-cart,2,0,0,0,0,0,0
2026-10-04T14:12:29Z,cartservice,shippingservice,0,0,0,0,0,0,0
2026-10-04T14:12:29Z,checkoutservice,adservice,0,0,0,0,0,0,0
2026-10-04T14:12:29Z,checkoutservice,cartservice,75355,74423,0,100,0,768167,74237
2026-10-04T14:12:29Z,checkoutservice,checkoutservice,0,0,0,0,0,0,0
2026-10-04T14:12:29Z,checkoutservice,currencyservice,49077,49077,0,0,0,598634,48981
2026-10-04T14:12:29Z,checkoutservice,emailservice,20310,20020,0,66,0,629846,19927
2026-10-04T14:12:29Z,checkoutservice,frontend,0,0,0,0,0,0,0
2026-10-04T14:12:29Z,checkoutservice,kubernetes,0,0,0,0,0,0,0
2026-10-04T14:12:29Z,checkoutservice,paymentservice,42343,40495,0,192,0,475201,40251
2026-10-04T14:12:29Z,checkoutservice,productcatalogservice,0,0,0,0,0,0,0
2026-10-04T14:12:29Z,checkoutservice,recommendationservice,0,0,0,0,0,0,0
2026-10-04T14:12:29Z,checkoutservice,redis-cart,0,0,0,0,0,0,0
2026-10-04T14:12:29Z,checkoutservice,shippingservice,80670,78563,0,154,0,544535,78374
2026-10-04T14:12:29Z,currencyservice,adservice,0,0,0,0,0,0,0
2026-10-04T14:12:29Z,currencyservice,cartservice,0,0,0,0,0,0,0
2026-10-04T14:12:29Z,currencyservice,checkoutservice,0,0,0,0,0,0,0
2026-10-04T14:12:29Z,currencyservice,currencyservice,0,0,0,0,0,0,0
2026-10-04T14:12:29Z,currencyservice,emailservice,0,0,0,0,0,0,0
2026-10-04T14:12:29Z,currencyservice,frontend,0,0,0,0,0,0,0
2026-10-04T14:12:29Z,currencyservice,kubernetes,0,0,0,0,0,0,0
2026-10-04T14:12:29Z,currencyservice,paymentservice,0,0,0,0,0,0,0
2026-10-04T14:12:29Z,currencyservice,productcatalogservice,0,0,0,0,0,0,0
2026-10-04T14:12:29Z,currencyservice,recommendationservice,0,0,0,0,0,0,0
2026-10-04T14:12:29Z,currencyservice,redis-cart,0,0,0,0,0,0,0
2026-10-04T14:12:29Z,currencyservice,shippingservice,0,0,0,0,0,0,0
2026-10-04T14:12:29Z,emailservice,adservice,0,0,0,0,0,0,0
2026-10-04T14:12:29Z,emailservice,cartservice,0,0,0,0,0,0,0
2026-10-04T14:12:29Z,emailservice,checkoutservice,0,0,0,0,0,0,0
2026-10-04T14:12:29Z,emailservice,currencyservice,0,0,0,0,0,0,0
2026-10-04T14:12:29Z,emailservice,emailservice,0,0,0,0,0,0,0
2026-10-04T14:12:29Z,emailservice,frontend,0,0,0,0,0,0,0
2026-10-04T14:12:29Z,emailservice,kubernetes,0,0,0,0,0,0,0
2026-10-04T14:12:29Z,emailservice,paymentservice,0,0,0,0,0,0,0
2026-10-04T14:12:29Z,emailservice,productcatalogservice,0,0,0,0,0,0,0
2026-10-04T14:12:29Z,emailservice,recommendationservice,0,0,0,0,0,0,0
2026-10-04T14:12:29Z,emailservice,redis-cart,0,0,0,0,0,0,0
2026-10-04T14:12:29Z,emailservice,shippingservice,0,0,0,0,0,0,0
2026-10-04T14:12:29Z,frontend,adservice,868930,868928,0,0,0,2614598,868672
2026-10-04T14:12:29Z,frontend,cartservice,1949664,1949651,0,0,4,10731898,1948959
2026-10-04T14:12:29Z,frontend,checkoutservice,408069,198097,0,40061,169948,63646365,198002
2026-10-04T14:12:29Z,frontend,currencyservice,3097862,3097852,0,0,0,16198522,3096743
2026-10-04T14:12:29Z,frontend,emailservice,0,0,0,0,0,0,0
2026-10-04T14:12:29Z,frontend,frontend,0,0,0,0,0,0,0
2026-10-04T14:12:29Z,frontend,kubernetes,0,0,0,0,0,0,0
2026-10-04T14:12:29Z,frontend,paymentservice,0,0,0,0,0,0,0
2026-10-04T14:12:29Z,frontend,productcatalogservice,8648048,8647965,0,0,0,58918449,8645288
2026-10-04T14:12:29Z,frontend,recommendationservice,2861490,1721411,0,120264,1017263,874997296,1720812
2026-10-04T14:12:29Z,frontend,redis-cart,0,0,0,0,0,0,0
2026-10-04T14:12:29Z,frontend,shippingservice,318533,318531,0,0,0,960093,318449
2026-10-04T14:12:29Z,paymentservice,adservice,0,0,0,0,0,0,0
2026-10-04T14:12:29Z,paymentservice,cartservice,0,0,0,0,0,0,0
2026-10-04T14:12:29Z,paymentservice,checkoutservice,0,0,0,0,0,0,0
2026-10-04T14:12:29Z,paymentservice,currencyservice,0,0,0,0,0,0,0
2026-10-04T14:12:29Z,paymentservice,emailservice,0,0,0,0,0,0,0
2026-10-04T14:12:29Z,paymentservice,frontend,0,0,0,0,0,0,0
2026-10-04T14:12:29Z,paymentservice,kubernetes,0,0,0,0,0,0,0
2026-10-04T14:12:29Z,paymentservice,paymentservice,0,0,0,0,0,0,0
2026-10-04T14:12:29Z,paymentservice,productcatalogservice,0,0,0,0,0,0,0
2026-10-04T14:12:29Z,paymentservice,recommendationservice,0,0,0,0,0,0,0
2026-10-04T14:12:29Z,paymentservice,redis-cart,0,0,0,0,0,0,0
2026-10-04T14:12:29Z,paymentservice,shippingservice,0,0,0,0,0,0,0
2026-10-04T14:12:29Z,productcatalogservice,adservice,0,0,0,0,0,0,0
2026-10-04T14:12:29Z,productcatalogservice,cartservice,0,0,0,0,0,0,0
2026-10-04T14:12:29Z,productcatalogservice,checkoutservice,0,0,0,0,0,0,0
2026-10-04T14:12:29Z,productcatalogservice,currencyservice,0,0,0,0,0,0,0
2026-10-04T14:12:29Z,productcatalogservice,emailservice,0,0,0,0,0,0,0
2026-10-04T14:12:29Z,productcatalogservice,frontend,0,0,0,0,0,0,0
2026-10-04T14:12:29Z,productcatalogservice,kubernetes,0,0,0,0,0,0,0
2026-10-04T14:12:29Z,productcatalogservice,paymentservice,0,0,0,0,0,0,0
2026-10-04T14:12:29Z,productcatalogservice,productcatalogservice,0,0,0,0,0,0,0
2026-10-04T14:12:29Z,productcatalogservice,recommendationservice,0,0,0,0,0,0,0
2026-10-04T14:12:29Z,productcatalogservice,redis-cart,0,0,0,0,0,0,0
2026-10-04T14:12:29Z,productcatalogservice,shippingservice,0,0,0,0,0,0,0
2026-10-04T14:12:29Z,recommendationservice,adservice,0,0,0,0,0,0,0
2026-10-04T14:12:29Z,recommendationservice,cartservice,0,0,0,0,0,0,0
2026-10-04T14:12:29Z,recommendationservice,checkoutservice,0,0,0,0,0,0,0
2026-10-04T14:12:29Z,recommendationservice,currencyservice,0,0,0,0,0,0,0
2026-10-04T14:12:29Z,recommendationservice,emailservice,0,0,0,0,0,0,0
2026-10-04T14:12:29Z,recommendationservice,frontend,0,0,0,0,0,0,0
2026-10-04T14:12:29Z,recommendationservice,kubernetes,0,0,0,0,0,0,0
2026-10-04T14:12:29Z,recommendationservice,paymentservice,0,0,0,0,0,0,0
2026-10-04T14:12:29Z,recommendationservice,productcatalogservice,224257,224257,0,0,0,1447068,222552
2026-10-04T14:12:29Z,recommendationservice,recommendationservice,0,0,0,0,0,0,0
2026-10-04T14:12:29Z,recommendationservice,redis-cart,0,0,0,0,0,0,0
2026-10-04T14:12:29Z,recommendationservice,shippingservice,0,0,0,0,0,0,0
2026-10-04T14:12:29Z,redis-cart,adservice,0,0,0,0,0,0,0
2026-10-04T14:12:29Z,redis-cart,cartservice,0,0,0,0,0,0,0
2026-10-04T14:12:29Z,redis-cart,checkoutservice,0,0,0,0,0,0,0
2026-10-04T14:12:29Z,redis-cart,currencyservice,0,0,0,0,0,0,0
2026-10-04T14:12:29Z,redis-cart,emailservice,0,0,0,0,0,0,0
2026-10-04T14:12:29Z,redis-cart,frontend,0,0,0,0,0,0,0
2026-10-04T14:12:29Z,redis-cart,kubernetes,0,0,0,0,0,0,0
2026-10-04T14:12:29Z,redis-cart,paymentservice,0,0,0,0,0,0,0
2026-10-04T14:12:29Z,redis-cart,productcatalogservice,0,0,0,0,0,0,0
2026-10-04T14:12:29Z,redis-cart,recommendationservice,0,0,0,0,0,0,0
2026-10-04T14:12:29Z,redis-cart,redis-cart,0,0,0,0,0,0,0
2026-10-04T14:12:29Z,redis-cart,shippingservice,0,0,0,0,0,0,0
2026-10-04T14:12:29Z,shippingservice,adservice,0,0,0,0,0,0,0
2026-10-04T14:12:29Z,shippingservice,cartservice,0,0,0,0,0,0,0
2026-10-04T14:12:29Z,shippingservice,checkoutservice,0,0,0,0,0,0,0
2026-10-04T14:12:29Z,shippingservice,currencyservice,0,0,0,0,0,0,0
2026-10-04T14:12:29Z,shippingservice,emailservice,0,0,0,0,0,0,0
2026-10-04T14:12:29Z,shippingservice,frontend,0,0,0,0,0,0,0
2026-10-04T14:12:29Z,shippingservice,kubernetes,0,0,0,0,0,0,0
2026-10-04T14:12:29Z,shippingservice,paymentservice,0,0,0,0,0,0,0
2026-10-04T14:12:29Z,shippingservice,productcatalogservice,0,0,0,0,0,0,0
2026-10-04T14:12:29Z,shippingservice,recommendationservice,0,0,0,0,0,0,0
2026-10-04T14:12:29Z,shippingservice,redis-cart,0,0,0,0,0,0,0
2026-10-04T14:12:29Z,shippingservice,shippingservice,0,0,0,0,0,0,0
2026-10-04T14:12:30Z,adservice,adservice,0,0,0,0,0,0,0
2026-10-04T14:12:30Z,adservice,cartservice,0,0,0,0,0,0,0
2026-10-04T14:12:30Z,adservice,checkoutservice,0,0,0,0,0,0,0
2026-10-04T14:12:30Z,adservice,currencyservice,0,0,0,0,0,0,0
2026-10-04T14:12:30Z,adservice,emailservice,0,0,0,0,0,0,0
2026-10-04T14:12:30Z,adservice,frontend,0,0,0,0,0,0,0
2026-10-04T14:12:30Z,adservice,kubernetes,0,0,0,0,0,0,0
2026-10-04T14:12:30Z,adservice,paymentservice,0,0,0,0,0,0,0
2026-10-04T14:12:30Z,adservice,productcatalogservice,0,0,0,0,0,0,0
2026-10-04T14:12:30Z,adservice,recommendationservice,0,0,0,0,0,0,0
2026-10-04T14:12:30Z,adservice,redis-cart,0,0,0,0,0,0,0
2026-10-04T14:12:30Z,adservice,shippingservice,0,0,0,0,0,0,0
2026-10-04T14:12:30Z,cartservice,adservice,0,0,0,0,0,0,0
2026-10-04T14:12:30Z,cartservice,cartservice,0,0,0,0,0,0,0
2026-10-04T14:12:30Z,cartservice,checkoutservice,0,0,0,0,0,0,0
2026-10-04T14:12:30Z,cartservice,currencyservice,0,0,0,0,0,0,0
2026-10-04T14:12:30Z,cartservice,emailservice,0,0,0,0,0,0,0
2026-10-04T14:12:30Z,cartservice,frontend,0,0,0,0,0,0,0
2026-10-04T14:12:30Z,cartservice,kubernetes,0,0,0,0,0,0,0
2026-10-04T14:12:30Z,cartservice,paymentservice,0,0,0,0,0,0,0
2026-10-04T14:12:30Z,cartservice,productcatalogservice,0,0,0,0,0,0,0
2026-10-04T14:12:30Z,cartservice,recommendationservice,0,0,0,0,0,0,0
2026-10-04T14:12:30Z,cartservice,redis-cart,2,0,0,0,0,0,0
2026-10-04T14:12:30Z,cartservice,shippingservice,0,0,0,0,0,0,0
2026-10-04T14:12:30Z,checkoutservice,adservice,0,0,0,0,0,0,0
2026-10-04T14:12:30Z,checkoutservice,cartservice,75490,74558,0,100,0,768167,74237
2026-10-04T14:12:30Z,checkoutservice,checkoutservice,0,0,0,0,0,0,0
2026-10-04T14:12:30Z,checkoutservice,currencyservice,49145,49140,0,0,0,598634,48981
2026-10-04T14:12:30Z,checkoutservice,emailservice,20375,20084,0,66,0,629846,19927
2026-10-04T14:12:30Z,checkoutservice,frontend,0,0,0,0,0,0,0
2026-10-04T14:12:30Z,checkoutservice,kubernetes,0,0,0,0,0,0,0
2026-10-04T14:12:30Z,checkoutservice,paymentservice,42404,40556,0,192,0,475201,40251
2026-10-04T14:12:30Z,checkoutservice,productcatalogservice,0,0,0,0,0,0,0
2026-10-04T14:12:30Z,checkoutservice,recommendationservice,0,0,0,0,0,0,0
2026-10-04T14:12:30Z,checkoutservice,redis-cart,0,0,0,0,0,0,0
2026-10-04T14:12:30Z,checkoutservice,shippingservice,80801,78696,0,154,0,544535,78374
2026-10-04T14:12:30Z,currencyservice,adservice,0,0,0,0,0,0,0
2026-10-04T14:12:30Z,currencyservice,cartservice,0,0,0,0,0,0,0
2026-10-04T14:12:30Z,currencyservice,checkoutservice,0,0,0,0,0,0,0
2026-10-04T14:12:30Z,currencyservice,currencyservice,0,0,0,0,0,0,0
2026-10-04T14:12:30Z,currencyservice,emailservice,0,0,0,0,0,0,0
2026-10-04T14:12:30Z,currencyservice,frontend,0,0,0,0,0,0,0
2026-10-04T14:12:30Z,currencyservice,kubernetes,0,0,0,0,0,0,0
2026-10-04T14:12:30Z,currencyservice,paymentservice,0,0,0,0,0,0,0
2026-10-04T14:12:30Z,currencyservice,productcatalogservice,0,0,0,0,0,0,0
2026-10-04T14:12:30Z,currencyservice,recommendationservice,0,0,0,0,0,0,0
2026-10-04T14:12:30Z,currencyservice,redis-cart,0,0,0,0,0,0,0
2026-10-04T14:12:30Z,currencyservice,shippingservice,0,0,0,0,0,0,0
2026-10-04T14:12:30Z,emailservice,adservice,0,0,0,0,0,0,0
2026-10-04T14:12:30Z,emailservice,cartservice,0,0,0,0,0,0,0
2026-10-04T14:12:30Z,emailservice,checkoutservice,0,0,0,0,0,0,0
2026-10-04T14:12:30Z,emailservice,currencyservice,0,0,0,0,0,0,0
2026-10-04T14:12:30Z,emailservice,emailservice,0,0,0,0,0,0,0
2026-10-04T14:12:30Z,emailservice,frontend,0,0,0,0,0,0,0
2026-10-04T14:12:30Z,emailservice,kubernetes,0,0,0,0,0,0,0
2026-10-04T14:12:30Z,emailservice,paymentservice,0,0,0,0,0,0,0
2026-10-04T14:12:30Z,emailservice,productcatalogservice,0,0,0,0,0,0,0
2026-10-04T14:12:30Z,emailservice,recommendationservice,0,0,0,0,0,0,0
2026-10-04T14:12:30Z,emailservice,redis-cart,0,0,0,0,0,0,0
2026-10-04T14:12:30Z,emailservice,shippingservice,0,0,0,0,0,0,0
2026-10-04T14:12:30Z,frontend,adservice,869083,869079,0,0,0,2615074,868857
2026-10-04T14:12:30Z,frontend,cartservice,1950041,1950022,0,0,4,10734042,1949392
2026-10-04T14:12:30Z,frontend,checkoutservice,408145,198159,0,40061,169948,63656450,198067
2026-10-04T14:12:30Z,frontend,currencyservice,3098472,3098458,0,0,0,16201383,3097442
2026-10-04T14:12:30Z,frontend,emailservice,0,0,0,0,0,0,0
2026-10-04T14:12:30Z,frontend,frontend,0,0,0,0,0,0,0
2026-10-04T14:12:30Z,frontend,kubernetes,0,0,0,0,0,0,0
2026-10-04T14:12:30Z,frontend,paymentservice,0,0,0,0,0,0,0
2026-10-04T14:12:30Z,frontend,productcatalogservice,8649715,8649636,0,0,0,58932016,8647097
2026-10-04T14:12:30Z,frontend,recommendationservice,2862182,1721778,0,120291,1017596,875306716,1721198
2026-10-04T14:12:30Z,frontend,redis-cart,0,0,0,0,0,0,0
2026-10-04T14:12:30Z,frontend,shippingservice,318580,318577,0,0,0,960211,318499
2026-10-04T14:12:30Z,paymentservice,adservice,0,0,0,0,0,0,0
2026-10-04T14:12:30Z,paymentservice,cartservice,0,0,0,0,0,0,0
2026-10-04T14:12:30Z,paymentservice,checkoutservice,0,0,0,0,0,0,0
2026-10-04T14:12:30Z,paymentservice,currencyservice,0,0,0,0,0,0,0
2026-10-04T14:12:30Z,paymentservice,emailservice,0,0,0,0,0,0,0
2026-10-04T14:12:30Z,paymentservice,frontend,0,0,0,0,0,0,0
2026-10-04T14:12:30Z,paymentservice,kubernetes,0,0,0,0,0,0,0
2026-10-04T14:12:30Z,paymentservice,paymentservice,0,0,0,0,0,0,0
2026-10-04T14:12:30Z,paymentservice,productcatalogservice,0,0,0,0,0,0,0
2026-10-04T14:12:30Z,paymentservice,recommendationservice,0,0,0,0,0,0,0
2026-10-04T14:12:30Z,paymentservice,redis-cart,0,0,0,0,0,0,0
2026-10-04T14:12:30Z,paymentservice,shippingservice,0,0,0,0,0,0,0
2026-10-04T14:12:30Z,productcatalogservice,adservice,0,0,0,0,0,0,0
2026-10-04T14:12:30Z,productcatalogservice,cartservice,0,0,0,0,0,0,0
2026-10-04T14:12:30Z,productcatalogservice,checkoutservice,0,0,0,0,0,0,0
2026-10-04T14:12:30Z,productcatalogservice,currencyservice,0,0,0,0,0,0,0
2026-10-04T14:12:30Z,productcatalogservice,emailservice,0,0,0,0,0,0,0
2026-10-04T14:12:30Z,productcatalogservice,frontend,0,0,0,0,0,0,0
2026-10-04T14:12:30Z,productcatalogservice,kubernetes,0,0,0,0,0,0,0
2026-10-04T14:12:30Z,productcatalogservice,paymentservice,0,0,0,0,0,0,0
2026-10-04T14:12:30Z,productcatalogservice,productcatalogservice,0,0,0,0,0,0,0
2026-10-04T14:12:30Z,productcatalogservice,recommendationservice,0,0,0,0,0,0,0
2026-10-04T14:12:30Z,productcatalogservice,redis-cart,0,0,0,0,0,0,0
2026-10-04T14:12:30Z,productcatalogservice,shippingservice,0,0,0,0,0,0,0
2026-10-04T14:12:30Z,recommendationservice,adservice,0,0,0,0,0,0,0
2026-10-04T14:12:30Z,recommendationservice,cartservice,0,0,0,0,0,0,0
2026-10-04T14:12:30Z,recommendationservice,checkoutservice,0,0,0,0,0,0,0
2026-10-04T14:12:30Z,recommendationservice,currencyservice,0,0,0,0,0,0,0
2026-10-04T14:12:30Z,recommendationservice,emailservice,0,0,0,0,0,0,0
2026-10-04T14:12:30Z,recommendationservice,frontend,0,0,0,0,0,0,0
2026-10-04T14:12:30Z,recommendationservice,kubernetes,0,0,0,0,0,0,0
2026-10-04T14:12:30Z,recommendationservice,paymentservice,0,0,0,0,0,0,0
2026-10-04T14:12:30Z,recommendationservice,productcatalogservice,224752,224748,0,0,0,1459128,224680
2026-10-04T14:12:30Z,recommendationservice,recommendationservice,0,0,0,0,0,0,0
2026-10-04T14:12:30Z,recommendationservice,redis-cart,0,0,0,0,0,0,0
2026-10-04T14:12:30Z,recommendationservice,shippingservice,0,0,0,0,0,0,0
2026-10-04T14:12:30Z,redis-cart,adservice,0,0,0,0,0,0,0
2026-10-04T14:12:30Z,redis-cart,cartservice,0,0,0,0,0,0,0
2026-10-04T14:12:30Z,redis-cart,checkoutservice,0,0,0,0,0,0,0
2026-10-04T14:12:30Z,redis-cart,currencyservice,0,0,0,0,0,0,0
2026-10-04T14:12:30Z,redis-cart,emailservice,0,0,0,0,0,0,0
2026-10-04T14:12:30Z,redis-cart,frontend,0,0,0,0,0,0,0
2026-10-04T14:12:30Z,redis-cart,kubernetes,0,0,0,0,0,0,0
2026-10-04T14:12:30Z,redis-cart,paymentservice,0,0,0,0,0,0,0
2026-10-04T14:12:30Z,redis-cart,productcatalogservice,0,0,0,0,0,0,0
2026-10-04T14:12:30Z,redis-cart,recommendationservice,0,0,0,0,0,0,0
2026-10-04T14:12:30Z,redis-cart,redis-cart,0,0,0,0,0,0,0
2026-10-04T14:12:30Z,redis-cart,shippingservice,0,0,0,0,0,0,0
2026-10-04T14:12:30Z,shippingservice,adservice,0,0,0,0,0,0,0
2026-10-04T14:12:30Z,shippingservice,cartservice,0,0,0,0,0,0,0
2026-10-04T14:12:30Z,shippingservice,checkoutservice,0,0,0,0,0,0,0
2026-10-04T14:12:30Z,shippingservice,currencyservice,0,0,0,0,0,0,0
2026-10-04T14:12:30Z,shippingservice,emailservice,0,0,0,0,0,0,0
2026-10-04T14:12:30Z,shippingservice,frontend,0,0,0,0,0,0,0
2026-10-04T14:12:30Z,shippingservice,kubernetes,0,0,0,0,0,0,0
2026-10-04T14:12:30Z,shippingservice,paymentservice,0,0,0,0,0,0,0
2026-10-04T14:12:30Z,shippingservice,productcatalogservice,0,0,0,0,0,0,0
2026-10-04T14:12:30Z,shippingservice,recommendationservice,0,0,0,0,0,0,0
2026-10-04T14:12:30Z,shippingservice,redis-cart,0,0,0,0,0,0,0
2026-10-04T14:12:30Z,shippingservice,shippingservice,0,0,0,0,0,0,0
2026-10-04T14:12:31Z,adservice,adservice,0,0,0,0,0,0,0
2026-10-04T14:12:31Z,adservice,cartservice,0,0,0,0,0,0,0
2026-10-04T14:12:31Z,adservice,checkoutservice,0,0,0,0,0,0,0
2026-10-04T14:12:31Z,adservice,currencyservice,0,0,0,0,0,0,0
2026-10-04T14:12:31Z,adservice,emailservice,0,0,0,0,0,0,0
2026-10-04T14:12:31Z,adservice,frontend,0,0,0,0,0,0,0
2026-10-04T14:12:31Z,adservice,kubernetes,0,0,0,0,0,0,0
2026-10-04T14:12:31Z,adservice,paymentservice,0,0,0,0,0,0,0
2026-10-04T14:12:31Z,adservice,productcatalogservice,0,0,0,0,0,0,0
2026-10-04T14:12:31Z,adservice,recommendationservice,0,0,0,0,0,0,0
2026-10-04T14:12:31Z,adservice,redis-cart,0,0,0,0,0,0,0
2026-10-04T14:12:31Z,adservice,shippingservice,0,0,0,0,0,0,0
2026-10-04T14:12:31Z,cartservice,adservice,0,0,0,0,0,0,0
2026-10-04T14:12:31Z,cartservice,cartservice,0,0,0,0,0,0,0
2026-10-04T14:12:31Z,cartservice,checkoutservice,0,0,0,0,0,0,0
2026-10-04T14:12:31Z,cartservice,currencyservice,0,0,0,0,0,0,0
2026-10-04T14:12:31Z,cartservice,emailservice,0,0,0,0,0,0,0
2026-10-04T14:12:31Z,cartservice,frontend,0,0,0,0,0,0,0
2026-10-04T14:12:31Z,cartservice,kubernetes,0,0,0,0,0,0,0
2026-10-04T14:12:31Z,cartservice,paymentservice,0,0,0,0,0,0,0
2026-10-04T14:12:31Z,cartservice,productcatalogservice,0,0,0,0,0,0,0
2026-10-04T14:12:31Z,cartservice,recommendationservice,0,0,0,0,0,0,0
2026-10-04T14:12:31Z,cartservice,redis-cart,2,0,0,0,0,0,0
2026-10-04T14:12:31Z,cartservice,shippingservice,0,0,0,0,0,0,0
2026-10-04T14:12:31Z,checkoutservice,adservice,0,0,0,0,0,0,0
2026-10-04T14:12:31Z,checkoutservice,cartservice,75617,74686,0,100,0,768167,74237
2026-10-04T14:12:31Z,checkoutservice,checkoutservice,0,0,0,0,0,0,0
2026-10-04T14:12:31Z,checkoutservice,currencyservice,49206,49206,0,0,0,598634,48981
2026-10-04T14:12:31Z,checkoutservice,emailservice,20444,20136,0,66,0,629846,19927
2026-10-04T14:12:31Z,checkoutservice,frontend,0,0,0,0,0,0,0
2026-10-04T14:12:31Z,checkoutservice,kubernetes,0,0,0,0,0,0,0
2026-10-04T14:12:31Z,checkoutservice,paymentservice,42472,40624,0,192,0,475201,40251
2026-10-04T14:12:31Z,checkoutservice,productcatalogservice,0,0,0,0,0,0,0
2026-10-04T14:12:31Z,checkoutservice,recommendationservice,0,0,0,0,0,0,0
2026-10-04T14:12:31Z,checkoutservice,redis-cart,0,0,0,0,0,0,0
2026-10-04T14:12:31Z,checkoutservice,shippingservice,80928,78825,0,154,0,544535,78374
2026-10-04T14:12:31Z,currencyservice,adservice,0,0,0,0,0,0,0
2026-10-04T14:12:31Z,currencyservice,cartservice,0,0,0,0,0,0,0
2026-10-04T14:12:31Z,currencyservice,checkoutservice,0,0,0,0,0,0,0
2026-10-04T14:12:31Z,currencyservice,currencyservice,0,0,0,0,0,0,0
2026-10-04T14:12:31Z,currencyservice,emailservice,0,0,0,0,0,0,0
2026-10-04T14:12:31Z,currencyservice,frontend,0,0,0,0,0,0,0
2026-10-04T14:12:31Z,currencyservice,kubernetes,0,0,0,0,0,0,0
2026-10-04T14:12:31Z,currencyservice,paymentservice,0,0,0,0,0,0,0
2026-10-04T14:12:31Z,currencyservice,productcatalogservice,0,0,0,0,0,0,0
2026-10-04T14:12:31Z,currencyservice,recommendationservice,0,0,0,0,0,0,0
2026-10-04T14:12:31Z,currencyservice,redis-cart,0,0,0,0,0,0,0
2026-10-04T14:12:31Z,currencyservice,shippingservice,0,0,0,0,0,0,0
2026-10-04T14:12:31Z,emailservice,adservice,0,0,0,0,0,0,0
2026-10-04T14:12:31Z,emailservice,cartservice,0,0,0,0,0,0,0
2026-10-04T14:12:31Z,emailservice,checkoutservice,0,0,0,0,0,0,0
2026-10-04T14:12:31Z,emailservice,currencyservice,0,0,0,0,0,0,0
2026-10-04T14:12:31Z,emailservice,emailservice,0,0,0,0,0,0,0
2026-10-04T14:12:31Z,emailservice,frontend,0,0,0,0,0,0,0
2026-10-04T14:12:31Z,emailservice,kubernetes,0,0,0,0,0,0,0
2026-10-04T14:12:31Z,emailservice,paymentservice,0,0,0,0,0,0,0
2026-10-04T14:12:31Z,emailservice,productcatalogservice,0,0,0,0,0,0,0
2026-10-04T14:12:31Z,emailservice,recommendationservice,0,0,0,0,0,0,0
2026-10-04T14:12:31Z,emailservice,redis-cart,0,0,0,0,0,0,0
2026-10-04T14:12:31Z,emailservice,shippingservice,0,0,0,0,0,0,0
2026-10-04T14:12:31Z,frontend,adservice,869239,869237,0,0,0,2615074,868857
2026-10-04T14:12:31Z,frontend,cartservice,1950457,1950443,0,0,4,10734042,1949392
2026-10-04T14:12:31Z,frontend,checkoutservice,408211,198220,0,40061,169951,63656450,198067
2026-10-04T14:12:31Z,frontend,currencyservice,3099143,3099135,0,0,0,16201383,3097442
2026-10-04T14:12:31Z,frontend,emailservice,0,0,0,0,0,0,0
2026-10-04T14:12:31Z,frontend,frontend,0,0,0,0,0,0,0
2026-10-04T14:12:31Z,frontend,kubernetes,0,0,0,0,0,0,0
2026-10-04T14:12:31Z,frontend,paymentservice,0,0,0,0,0,0,0
2026-10-04T14:12:31Z,frontend,productcatalogservice,8651380,8651313,0,0,0,58932016,8647097
2026-10-04T14:12:31Z,frontend,recommendationservice,2862895,1722157,0,120332,1017886,875306716,1721198
2026-10-04T14:12:31Z,frontend,redis-cart,0,0,0,0,0,0,0
2026-10-04T14:12:31Z,frontend,shippingservice,318635,318633,0,0,0,960211,318499
2026-10-04T14:12:31Z,paymentservice,adservice,0,0,0,0,0,0,0
2026-10-04T14:12:31Z,paymentservice,cartservice,0,0,0,0,0,0,0
2026-10-04T14:12:31Z,paymentservice,checkoutservice,0,0,0,0,0,0,0
2026-10-04T14:12:31Z,paymentservice,currencyservice,0,0,0,0,0,0,0
2026-10-04T14:12:31Z,paymentservice,emailservice,0,0,0,0,0,0,0
2026-10-04T14:12:31Z,paymentservice,frontend,0,0,0,0,0,0,0
2026-10-04T14:12:31Z,paymentservice,kubernetes,0,0,0,0,0,0,0
2026-10-04T14:12:31Z,paymentservice,paymentservice,0,0,0,0,0,0,0
2026-10-04T14:12:31Z,paymentservice,productcatalogservice,0,0,0,0,0,0,0
2026-10-04T14:12:31Z,paymentservice,recommendationservice,0,0,0,0,0,0,0
2026-10-04T14:12:31Z,paymentservice,redis-cart,0,0,0,0,0,0,0
2026-10-04T14:12:31Z,paymentservice,shippingservice,0,0,0,0,0,0,0
2026-10-04T14:12:31Z,productcatalogservice,adservice,0,0,0,0,0,0,0
2026-10-04T14:12:31Z,productcatalogservice,cartservice,0,0,0,0,0,0,0
2026-10-04T14:12:31Z,productcatalogservice,checkoutservice,0,0,0,0,0,0,0
2026-10-04T14:12:31Z,productcatalogservice,currencyservice,0,0,0,0,0,0,0
2026-10-04T14:12:31Z,productcatalogservice,emailservice,0,0,0,0,0,0,0
2026-10-04T14:12:31Z,productcatalogservice,frontend,0,0,0,0,0,0,0
2026-10-04T14:12:31Z,productcatalogservice,kubernetes,0,0,0,0,0,0,0
2026-10-04T14:12:31Z,productcatalogservice,paymentservice,0,0,0,0,0,0,0
2026-10-04T14:12:31Z,productcatalogservice,productcatalogservice,0,0,0,0,0,0,0
2026-10-04T14:12:31Z,productcatalogservice,recommendationservice,0,0,0,0,0,0,0
2026-10-04T14:12:31Z,productcatalogservice,redis-cart,0,0,0,0,0,0,0
2026-10-04T14:12:31Z,productcatalogservice,shippingservice,0,0,0,0,0,0,0
2026-10-04T14:12:31Z,recommendationservice,adservice,0,0,0,0,0,0,0
2026-10-04T14:12:31Z,recommendationservice,cartservice,0,0,0,0,0,0,0
2026-10-04T14:12:31Z,recommendationservice,checkoutservice,0,0,0,0,0,0,0
2026-10-04T14:12:31Z,recommendationservice,currencyservice,0,0,0,0,0,0,0
2026-10-04T14:12:31Z,recommendationservice,emailservice,0,0,0,0,0,0,0
2026-10-04T14:12:31Z,recommendationservice,frontend,0,0,0,0,0,0,0
2026-10-04T14:12:31Z,recommendationservice,kubernetes,0,0,0,0,0,0,0
2026-10-04T14:12:31Z,recommendationservice,paymentservice,0,0,0,0,0,0,0
2026-10-04T14:12:31Z,recommendationservice,productcatalogservice,225097,225092,0,0,0,1459128,224680
2026-10-04T14:12:31Z,recommendationservice,recommendationservice,0,0,0,0,0,0,0
2026-10-04T14:12:31Z,recommendationservice,redis-cart,0,0,0,0,0,0,0
2026-10-04T14:12:31Z,recommendationservice,shippingservice,0,0,0,0,0,0,0
2026-10-04T14:12:31Z,redis-cart,adservice,0,0,0,0,0,0,0
2026-10-04T14:12:31Z,redis-cart,cartservice,0,0,0,0,0,0,0
2026-10-04T14:12:31Z,redis-cart,checkoutservice,0,0,0,0,0,0,0
2026-10-04T14:12:31Z,redis-cart,currencyservice,0,0,0,0,0,0,0
2026-10-04T14:12:31Z,redis-cart,emailservice,0,0,0,0,0,0,0
2026-10-04T14:12:31Z,redis-cart,frontend,0,0,0,0,0,0,0
2026-10-04T14:12:31Z,redis-cart,kubernetes,0,0,0,0,0,0,0
2026-10-04T14:12:31Z,redis-cart,paymentservice,0,0,0,0,0,0,0
2026-10-04T14:12:31Z,redis-cart,productcatalogservice,0,0,0,0,0,0,0
2026-10-04T14:12:31Z,redis-cart,recommendationservice,0,0,0,0,0,0,0
2026-10-04T14:12:31Z,redis-cart,redis-cart,0,0,0,0,0,0,0
2026-10-04T14:12:31Z,redis-cart,shippingservice,0,0,0,0,0,0,0
2026-10-04T14:12:31Z,shippingservice,adservice,0,0,0,0,0,0,0
2026-10-04T14:12:31Z,shippingservice,cartservice,0,0,0,0,0,0,0
2026-10-04T14:12:31Z,shippingservice,checkoutservice,0,0,0,0,0,0,0
2026-10-04T14:12:31Z,shippingservice,currencyservice,0,0,0,0,0,0,0
2026-10-04T14:12:31Z,shippingservice,emailservice,0,0,0,0,0,0,0
2026-10-04T14:12:31Z,shippingservice,frontend,0,0,0,0,0,0,0
2026-10-04T14:12:31Z,shippingservice,kubernetes,0,0,0,0,0,0,0
2026-10-04T14:12:31Z,shippingservice,paymentservice,0,0,0,0,0,0,0
2026-10-04T14:12:31Z,shippingservice,productcatalogservice,0,0,0,0,0,0,0
2026-10-04T14:12:31Z,shippingservice,recommendationservice,0,0,0,0,0,0,0
2026-10-04T14:12:31Z,shippingservice,redis-cart,0,0,0,0,0,0,0
2026-10-04T14:12:31Z,shippingservice,shippingservice,0,0,0,0,0,0,0
2026-10-04T14:12:32Z,adservice,adservice,0,0,0,0,0,0,0
2026-10-04T14:12:32Z,adservice,cartservice,0,0,0,0,0,0,0
2026-10-04T14:12:32Z,adservice,checkoutservice,0,0,0,0,0,0,0
2026-10-04T14:12:32Z,adservice,currencyservice,0,0,0,0,0,0,0
2026-10-04T14:12:32Z,adservice,emailservice,0,0,0,0,0,0,0
2026-10-04T14:12:32Z,adservice,frontend,0,0,0,0,0,0,0
2026-10-04T14:12:32Z,adservice,kubernetes,0,0,0,0,0,0,0
2026-10-04T14:12:32Z,adservice,paymentservice,0,0,0,0,0,0,0
2026-10-04T14:12:32Z,adservice,productcatalogservice,0,0,0,0,0,0,0
2026-10-04T14:12:32Z,adservice,recommendationservice,0,0,0,0,0,0,0
2026-10-04T14:12:32Z,adservice,redis-cart,0,0,0,0,0,0,0
2026-10-04T14:12:32Z,adservice,shippingservice,0,0,0,0,0,0,0
2026-10-04T14:12:32Z,cartservice,adservice,0,0,0,0,0,0,0
2026-10-04T14:12:32Z,cartservice,cartservice,0,0,0,0,0,0,0
2026-10-04T14:12:32Z,cartservice,checkoutservice,0,0,0,0,0,0,0
2026-10-04T14:12:32Z,cartservice,currencyservice,0,0,0,0,0,0,0
2026-10-04T14:12:32Z,cartservice,emailservice,0,0,0,0,0,0,0
2026-10-04T14:12:32Z,cartservice,frontend,0,0,0,0,0,0,0
2026-10-04T14:12:32Z,cartservice,kubernetes,0,0,0,0,0,0,0
2026-10-04T14:12:32Z,cartservice,paymentservice,0,0,0,0,0,0,0
2026-10-04T14:12:32Z,cartservice,productcatalogservice,0,0,0,0,0,0,0
2026-10-04T14:12:32Z,cartservice,recommendationservice,0,0,0,0,0,0,0
2026-10-04T14:12:32Z,cartservice,redis-cart,2,0,0,0,0,0,0
2026-10-04T14:12:32Z,cartservice,shippingservice,0,0,0,0,0,0,0
2026-10-04T14:12:32Z,checkoutservice,adservice,0,0,0,0,0,0,0
2026-10-04T14:12:32Z,checkoutservice,cartservice,75763,74832,0,100,0,770964,74809
2026-10-04T14:12:32Z,checkoutservice,checkoutservice,0,0,0,0,0,0,0
2026-10-04T14:12:32Z,checkoutservice,currencyservice,49279,49279,0,0,0,599946,49265
2026-10-04T14:12:32Z,checkoutservice,emailservice,20516,20217,0,66,0,654064,20203
2026-10-04T14:12:32Z,checkoutservice,frontend,0,0,0,0,0,0,0
2026-10-04T14:12:32Z,checkoutservice,kubernetes,0,0,0,0,0,0,0
2026-10-04T14:12:32Z,checkoutservice,paymentservice,42545,40697,0,192,0,476329,40535
2026-10-04T14:12:32Z,checkoutservice,productcatalogservice,0,0,0,0,0,0,0
2026-10-04T14:12:32Z,checkoutservice,recommendationservice,0,0,0,0,0,0,0
2026-10-04T14:12:32Z,checkoutservice,redis-cart,0,0,0,0,0,0,0
2026-10-04T14:12:32Z,checkoutservice,shippingservice,81074,78971,0,154,0,545786,78946
2026-10-04T14:12:32Z,currencyservice,adservice,0,0,0,0,0,0,0
2026-10-04T14:12:32Z,currencyservice,cartservice,0,0,0,0,0,0,0
2026-10-04T14:12:32Z,currencyservice,checkoutservice,0,0,0,0,0,0,0
2026-10-04T14:12:32Z,currencyservice,currencyservice,0,0,0,0,0,0,0
2026-10-04T14:12:32Z,currencyservice,emailservice,0,0,0,0,0,0,0
2026-10-04T14:12:32Z,currencyservice,frontend,0,0,0,0,0,0,0
2026-10-04T14:12:32Z,currencyservice,kubernetes,0,0,0,0,0,0,0
2026-10-04T14:12:32Z,currencyservice,paymentservice,0,0,0,0,0,0,0
2026-10-04T14:12:32Z,currencyservice,productcatalogservice,0,0,0,0,0,0,0
2026-10-04T14:12:32Z,currencyservice,recommendationservice,0,0,0,0,0,0,0
2026-10-04T14:12:32Z,currencyservice,redis-cart,0,0,0,0,0,0,0
2026-10-04T14:12:32Z,currencyservice,shippingservice,0,0,0,0,0,0,0
2026-10-04T14:12:32Z,emailservice,adservice,0,0,0,0,0,0,0
2026-10-04T14:12:32Z,emailservice,cartservice,0,0,0,0,0,0,0
2026-10-04T14:12:32Z,emailservice,checkoutservice,0,0,0,0,0,0,0
2026-10-04T14:12:32Z,emailservice,currencyservice,0,0,0,0,0,0,0
2026-10-04T14:12:32Z,emailservice,emailservice,0,0,0,0,0,0,0
2026-10-04T14:12:32Z,emailservice,frontend,0,0,0,0,0,0,0
2026-10-04T14:12:32Z,emailservice,kubernetes,0,0,0,0,0,0,0
2026-10-04T14:12:32Z,emailservice,paymentservice,0,0,0,0,0,0,0
2026-10-04T14:12:32Z,emailservice,productcatalogservice,0,0,0,0,0,0,0
2026-10-04T14:12:32Z,emailservice,recommendationservice,0,0,0,0,0,0,0
2026-10-04T14:12:32Z,emailservice,redis-cart,0,0,0,0,0,0,0
2026-10-04T14:12:32Z,emailservice,shippingservice,0,0,0,0,0,0,0
2026-10-04T14:12:32Z,frontend,adservice,869397,869395,0,0,0,2615074,868857
2026-10-04T14:12:32Z,frontend,cartservice,1950856,1950843,0,0,4,10734042,1949392
2026-10-04T14:12:32Z,frontend,checkoutservice,408266,198289,0,40061,169951,63656450,198067
2026-10-04T14:12:32Z,frontend,currencyservice,3099792,3099779,0,0,0,16201383,3097442
2026-10-04T14:12:32Z,frontend,emailservice,0,0,0,0,0,0,0
2026-10-04T14:12:32Z,frontend,frontend,0,0,0,0,0,0,0
2026-10-04T14:12:32Z,frontend,kubernetes,0,0,0,0,0,0,0
2026-10-04T14:12:32Z,frontend,paymentservice,0,0,0,0,0,0,0
2026-10-04T14:12:32Z,frontend,productcatalogservice,8653089,8653012,0,0,0,58932016,8647097
2026-10-04T14:12:32Z,frontend,recommendationservice,2863599,1722521,0,120364,1018187,875306716,1721198
2026-10-04T14:12:32Z,frontend,redis-cart,0,0,0,0,0,0,0
2026-10-04T14:12:32Z,frontend,shippingservice,318701,318699,0,0,0,960211,318499
2026-10-04T14:12:32Z,paymentservice,adservice,0,0,0,0,0,0,0
2026-10-04T14:12:32Z,paymentservice,cartservice,0,0,0,0,0,0,0
2026-10-04T14:12:32Z,paymentservice,checkoutservice,0,0,0,0,0,0,0
2026-10-04T14:12:32Z,paymentservice,currencyservice,0,0,0,0,0,0,0
2026-10-04T14:12:32Z,paymentservice,emailservice,0,0,0,0,0,0,0
2026-10-04T14:12:32Z,paymentservice,frontend,0,0,0,0,0,0,0
2026-10-04T14:12:32Z,paymentservice,kubernetes,0,0,0,0,0,0,0
2026-10-04T14:12:32Z,paymentservice,paymentservice,0,0,0,0,0,0,0
2026-10-04T14:12:32Z,paymentservice,productcatalogservice,0,0,0,0,0,0,0
2026-10-04T14:12:32Z,paymentservice,recommendationservice,0,0,0,0,0,0,0
2026-10-04T14:12:32Z,paymentservice,redis-cart,0,0,0,0,0,0,0
2026-10-04T14:12:32Z,paymentservice,shippingservice,0,0,0,0,0,0,0
2026-10-04T14:12:32Z,productcatalogservice,adservice,0,0,0,0,0,0,0
2026-10-04T14:12:32Z,productcatalogservice,cartservice,0,0,0,0,0,0,0
2026-10-04T14:12:32Z,productcatalogservice,checkoutservice,0,0,0,0,0,0,0
2026-10-04T14:12:32Z,productcatalogservice,currencyservice,0,0,0,0,0,0,0
2026-10-04T14:12:32Z,productcatalogservice,emailservice,0,0,0,0,0,0,0
2026-10-04T14:12:32Z,productcatalogservice,frontend,0,0,0,0,0,0,0
2026-10-04T14:12:32Z,productcatalogservice,kubernetes,0,0,0,0,0,0,0
2026-10-04T14:12:32Z,productcatalogservice,paymentservice,0,0,0,0,0,0,0
2026-10-04T14:12:32Z,productcatalogservice,productcatalogservice,0,0,0,0,0,0,0
2026-10-04T14:12:32Z,productcatalogservice,recommendationservice,0,0,0,0,0,0,0
2026-10-04T14:12:32Z,productcatalogservice,redis-cart,0,0,0,0,0,0,0
2026-10-04T14:12:32Z,productcatalogservice,shippingservice,0,0,0,0,0,0,0
2026-10-04T14:12:32Z,recommendationservice,adservice,0,0,0,0,0,0,0
2026-10-04T14:12:32Z,recommendationservice,cartservice,0,0,0,0,0,0,0
2026-10-04T14:12:32Z,recommendationservice,checkoutservice,0,0,0,0,0,0,0
2026-10-04T14:12:32Z,recommendationservice,currencyservice,0,0,0,0,0,0,0
2026-10-04T14:12:32Z,recommendationservice,emailservice,0,0,0,0,0,0,0
2026-10-04T14:12:32Z,recommendationservice,frontend,0,0,0,0,0,0,0
2026-10-04T14:12:32Z,recommendationservice,kubernetes,0,0,0,0,0,0,0
2026-10-04T14:12:32Z,recommendationservice,paymentservice,0,0,0,0,0,0,0
2026-10-04T14:12:32Z,recommendationservice,productcatalogservice,225540,225539,0,0,0,1459128,224680
2026-10-04T14:12:32Z,recommendationservice,recommendationservice,0,0,0,0,0,0,0
2026-10-04T14:12:32Z,recommendationservice,redis-cart,0,0,0,0,0,0,0
2026-10-04T14:12:32Z,recommendationservice,shippingservice,0,0,0,0,0,0,0
2026-10-04T14:12:32Z,redis-cart,adservice,0,0,0,0,0,0,0
2026-10-04T14:12:32Z,redis-cart,cartservice,0,0,0,0,0,0,0
2026-10-04T14:12:32Z,redis-cart,checkoutservice,0,0,0,0,0,0,0
2026-10-04T14:12:32Z,redis-cart,currencyservice,0,0,0,0,0,0,0
2026-10-04T14:12:32Z,redis-cart,emailservice,0,0,0,0,0,0,0
2026-10-04T14:12:32Z,redis-cart,frontend,0,0,0,0,0,0,0
2026-10-04T14:12:32Z,redis-cart,kubernetes,0,0,0,0,0,0,0
2026-10-04T14:12:32Z,redis-cart,paymentservice,0,0,0,0,0,0,0
2026-10-04T14:12:32Z,redis-cart,productcatalogservice,0,0,0,0,0,0,0
2026-10-04T14:12:32Z,redis-cart,recommendationservice,0,0,0,0,0,0,0
2026-10-04T14:12:32Z,redis-cart,redis-cart,0,0,0,0,0,0,0
2026-10-04T14:12:32Z,redis-cart,shippingservice,0,0,0,0,0,0,0
2026-10-04T14:12:32Z,shippingservice,adservice,0,0,0,0,0,0,0
2026-10-04T14:12:32Z,shippingservice,cartservice,0,0,0,0,0,0,0
2026-10-04T14:12:32Z,shippingservice,checkoutservice,0,0,0,0,0,0,0
2026-10-04T14:12:32Z,shippingservice,currencyservice,0,0,0,0,0,0,0
2026-10-04T14:12:32Z,shippingservice,emailservice,0,0,0,0,0,0,0
2026-10-04T14:12:32Z,shippingservice,frontend,0,0,0,0,0,0,0
2026-10-04T14:12:32Z,shippingservice,kubernetes,0,0,0,0,0,0,0
2026-10-04T14:12:32Z,shippingservice,paymentservice,0,0,0,0,0,0,0
2026-10-04T14:12:32Z,shippingservice,productcatalogservice,0,0,0,0,0,0,0
2026-10-04T14:12:32Z,shippingservice,recommendationservice,0,0,0,0,0,0,0
2026-10-04T14:12:32Z,shippingservice,redis-cart,0,0,0,0,0,0,0
2026-10-04T14:12:32Z,shippingservice,shippingservice,0,0,0,0,0,0,0
2026-10-04T14:12:33Z,adservice,adservice,0,0,0,0,0,0,0
2026-10-04T14:12:33Z,adservice,cartservice,0,0,0,0,0,0,0
2026-10-04T14:12:33Z,adservice,checkoutservice,0,0,0,0,0,0,0
2026-10-04T14:12:33Z,adservice,currencyservice,0,0,0,0,0,0,0
2026-10-04T14:12:33Z,adservice,emailservice,0,0,0,0,0,0,0
2026-10-04T14:12:33Z,adservice,frontend,0,0,0,0,0,0,0
2026-10-04T14:12:33Z,adservice,kubernetes,0,0,0,0,0,0,0
2026-10-04T14:12:33Z,adservice,paymentservice,0,0,0,0,0,0,0
2026-10-04T14:12:33Z,adservice,productcatalogservice,0,0,0,0,0,0,0
2026-10-04T14:12:33Z,adservice,recommendationservice,0,0,0,0,0,0,0
2026-10-04T14:12:33Z,adservice,redis-cart,0,0,0,0,0,0,0
2026-10-04T14:12:33Z,adservice,shippingservice,0,0,0,0,0,0,0
2026-10-04T14:12:33Z,cartservice,adservice,0,0,0,0,0,0,0
2026-10-04T14:12:33Z,cartservice,cartservice,0,0,0,0,0,0,0
2026-10-04T14:12:33Z,cartservice,checkoutservice,0,0,0,0,0,0,0
2026-10-04T14:12:33Z,cartservice,currencyservice,0,0,0,0,0,0,0
2026-10-04T14:12:33Z,cartservice,emailservice,0,0,0,0,0,0,0
2026-10-04T14:12:33Z,cartservice,frontend,0,0,0,0,0,0,0
2026-10-04T14:12:33Z,cartservice,kubernetes,0,0,0,0,0,0,0
2026-10-04T14:12:33Z,cartservice,paymentservice,0,0,0,0,0,0,0
2026-10-04T14:12:33Z,cartservice,productcatalogservice,0,0,0,0,0,0,0
2026-10-04T14:12:33Z,cartservice,recommendationservice,0,0,0,0,0,0,0
2026-10-04T14:12:33Z,cartservice,redis-cart,2,0,0,0,0,0,0
2026-10-04T14:12:33Z,cartservice,shippingservice,0,0,0,0,0,0,0
2026-10-04T14:12:33Z,checkoutservice,adservice,0,0,0,0,0,0,0
2026-10-04T14:12:33Z,checkoutservice,cartservice,75859,74927,0,100,0,770964,74809
2026-10-04T14:12:33Z,checkoutservice,checkoutservice,0,0,0,0,0,0,0
2026-10-04T14:12:33Z,checkoutservice,currencyservice,49327,49327,0,0,0,599946,49265
2026-10-04T14:12:33Z,checkoutservice,emailservice,20560,20267,0,66,0,654064,20203
2026-10-04T14:12:33Z,checkoutservice,frontend,0,0,0,0,0,0,0
2026-10-04T14:12:33Z,checkoutservice,kubernetes,0,0,0,0,0,0,0
2026-10-04T14:12:33Z,checkoutservice,paymentservice,42593,40744,0,192,0,476329,40535
2026-10-04T14:12:33Z,checkoutservice,productcatalogservice,0,0,0,0,0,0,0
2026-10-04T14:12:33Z,checkoutservice,recommendationservice,0,0,0,0,0,0,0
2026-10-04T14:12:33Z,checkoutservice,redis-cart,0,0,0,0,0,0,0
2026-10-04T14:12:33Z,checkoutservice,shippingservice,81169,79066,0,154,0,545786,78946
2026-10-04T14:12:33Z,currencyservice,adservice,0,0,0,0,0,0,0
2026-10-04T14:12:33Z,currencyservice,cartservice,0,0,0,0,0,0,0
2026-10-04T14:12:33Z,currencyservice,checkoutservice,0,0,0,0,0,0,0
2026-10-04T14:12:33Z,currencyservice,currencyservice,0,0,0,0,0,0,0
2026-10-04T14:12:33Z,currencyservice,emailservice,0,0,0,0,0,0,0
2026-10-04T14:12:33Z,currencyservice,frontend,0,0,0,0,0,0,0
2026-10-04T14:12:33Z,currencyservice,kubernetes,0,0,0,0,0,0,0
2026-10-04T14:12:33Z,currencyservice,paymentservice,0,0,0,0,0,0,0
2026-10-04T14:12:33Z,currencyservice,productcatalogservice,0,0,0,0,0,0,0
2026-10-04T14:12:33Z,currencyservice,recommendationservice,0,0,0,0,0,0,0
2026-10-04T14:12:33Z,currencyservice,redis-cart,0,0,0,0,0,0,0
2026-10-04T14:12:33Z,currencyservice,shippingservice,0,0,0,0,0,0,0
2026-10-04T14:12:33Z,emailservice,adservice,0,0,0,0,0,0,0
2026-10-04T14:12:33Z,emailservice,cartservice,0,0,0,0,0,0,0
2026-10-04T14:12:33Z,emailservice,checkoutservice,0,0,0,0,0,0,0
2026-10-04T14:12:33Z,emailservice,currencyservice,0,0,0,0,0,0,0
2026-10-04T14:12:33Z,emailservice,emailservice,0,0,0,0,0,0,0
2026-10-04T14:12:33Z,emailservice,frontend,0,0,0,0,0,0,0
2026-10-04T14:12:33Z,emailservice,kubernetes,0,0,0,0,0,0,0
2026-10-04T14:12:33Z,emailservice,paymentservice,0,0,0,0,0,0,0
2026-10-04T14:12:33Z,emailservice,productcatalogservice,0,0,0,0,0,0,0
2026-10-04T14:12:33Z,emailservice,recommendationservice,0,0,0,0,0,0,0
2026-10-04T14:12:33Z,emailservice,redis-cart,0,0,0,0,0,0,0
2026-10-04T14:12:33Z,emailservice,shippingservice,0,0,0,0,0,0,0
2026-10-04T14:12:33Z,frontend,adservice,869561,869559,0,0,0,2615451,868994
2026-10-04T14:12:33Z,frontend,cartservice,1951256,1951244,0,0,4,10735977,1949842
2026-10-04T14:12:33Z,frontend,checkoutservice,408312,198338,0,40061,169951,63670196,198141
2026-10-04T14:12:33Z,frontend,currencyservice,3100435,3100426,0,0,0,16204316,3098160
2026-10-04T14:12:33Z,frontend,emailservice,0,0,0,0,0,0,0
2026-10-04T14:12:33Z,frontend,frontend,0,0,0,0,0,0,0
2026-10-04T14:12:33Z,frontend,kubernetes,0,0,0,0,0,0,0
2026-10-04T14:12:33Z,frontend,paymentservice,0,0,0,0,0,0,0
2026-10-04T14:12:33Z,frontend,productcatalogservice,8654773,8654696,0,0,0,58944779,8648787
2026-10-04T14:12:33Z,frontend,recommendationservice,2864331,1722876,0,120403,1018516,875667936,1721640
2026-10-04T14:12:33Z,frontend,redis-cart,0,0,0,0,0,0,0
2026-10-04T14:12:33Z,frontend,shippingservice,318762,318760,0,0,0,960332,318558
2026-10-04T14:12:33Z,paymentservice,adservice,0,0,0,0,0,0,0
2026-10-04T14:12:33Z,paymentservice,cartservice,0,0,0,0,0,0,0
2026-10-04T14:12:33Z,paymentservice,checkoutservice,0,0,0,0,0,0,0
2026-10-04T14:12:33Z,paymentservice,currencyservice,0,0,0,0,0,0,0
2026-10-04T14:12:33Z,paymentservice,emailservice,0,0,0,0,0,0,0
2026-10-04T14:12:33Z,paymentservice,frontend,0,0,0,0,0,0,0
2026-10-04T14:12:33Z,paymentservice,kubernetes,0,0,0,0,0,0,0
2026-10-04T14:12:33Z,paymentservice,paymentservice,0,0,0,0,0,0,0
2026-10-04T14:12:33Z,paymentservice,productcatalogservice,0,0,0,0,0,0,0
2026-10-04T14:12:33Z,paymentservice,recommendationservice,0,0,0,0,0,0,0
2026-10-04T14:12:33Z,paymentservice,redis-cart,0,0,0,0,0,0,0
2026-10-04T14:12:33Z,paymentservice,shippingservice,0,0,0,0,0,0,0
2026-10-04T14:12:33Z,productcatalogservice,adservice,0,0,0,0,0,0,0
2026-10-04T14:12:33Z,productcatalogservice,cartservice,0,0,0,0,0,0,0
2026-10-04T14:12:33Z,productcatalogservice,checkoutservice,0,0,0,0,0,0,0
2026-10-04T14:12:33Z,productcatalogservice,currencyservice,0,0,0,0,0,0,0
2026-10-04T14:12:33Z,productcatalogservice,emailservice,0,0,0,0,0,0,0
2026-10-04T14:12:33Z,productcatalogservice,frontend,0,0,0,0,0,0,0
2026-10-04T14:12:33Z,productcatalogservice,kubernetes,0,0,0,0,0,0,0
2026-10-04T14:12:33Z,productcatalogservice,paymentservice,0,0,0,0,0,0,0
2026-10-04T14:12:33Z,productcatalogservice,productcatalogservice,0,0,0,0,0,0,0
2026-10-04T14:12:33Z,productcatalogservice,recommendationservice,0,0,0,0,0,0,0
2026-10-04T14:12:33Z,productcatalogservice,redis-cart,0,0,0,0,0,0,0
2026-10-04T14:12:33Z,productcatalogservice,shippingservice,0,0,0,0,0,0,0
2026-10-04T14:12:33Z,recommendationservice,adservice,0,0,0,0,0,0,0
2026-10-04T14:12:33Z,recommendationservice,cartservice,0,0,0,0,0,0,0
2026-10-04T14:12:33Z,recommendationservice,checkoutservice,0,0,0,0,0,0,0
2026-10-04T14:12:33Z,recommendationservice,currencyservice,0,0,0,0,0,0,0
2026-10-04T14:12:33Z,recommendationservice,emailservice,0,0,0,0,0,0,0
2026-10-04T14:12:33Z,recommendationservice,frontend,0,0,0,0,0,0,0
2026-10-04T14:12:33Z,recommendationservice,kubernetes,0,0,0,0,0,0,0
2026-10-04T14:12:33Z,recommendationservice,paymentservice,0,0,0,0,0,0,0
2026-10-04T14:12:33Z,recommendationservice,productcatalogservice,225969,225967,0,0,0,1459128,224680
2026-10-04T14:12:33Z,recommendationservice,recommendationservice,0,0,0,0,0,0,0
2026-10-04T14:12:33Z,recommendationservice,redis-cart,0,0,0,0,0,0,0
2026-10-04T14:12:33Z,recommendationservice,shippingservice,0,0,0,0,0,0,0
2026-10-04T14:12:33Z,redis-cart,adservice,0,0,0,0,0,0,0
2026-10-04T14:12:33Z,redis-cart,cartservice,0,0,0,0,0,0,0
2026-10-04T14:12:33Z,redis-cart,checkoutservice,0,0,0,0,0,0,0
2026-10-04T14:12:33Z,redis-cart,currencyservice,0,0,0,0,0,0,0
2026-10-04T14:12:33Z,redis-cart,emailservice,0,0,0,0,0,0,0
2026-10-04T14:12:33Z,redis-cart,frontend,0,0,0,0,0,0,0
2026-10-04T14:12:33Z,redis-cart,kubernetes,0,0,0,0,0,0,0
2026-10-04T14:12:33Z,redis-cart,paymentservice,0,0,0,0,0,0,0
2026-10-04T14:12:33Z,redis-cart,productcatalogservice,0,0,0,0,0,0,0
2026-10-04T14:12:33Z,redis-cart,recommendationservice,0,0,0,0,0,0,0
2026-10-04T14:12:33Z,redis-cart,redis-cart,0,0,0,0,0,0,0
2026-10-04T14:12:33Z,redis-cart,shippingservice,0,0,0,0,0,0,0
2026-10-04T14:12:33Z,shippingservice,adservice,0,0,0,0,0,0,0
2026-10-04T14:12:33Z,shippingservice,cartservice,0,0,0,0,0,0,0
2026-10-04T14:12:33Z,shippingservice,checkoutservice,0,0,0,0,0,0,0
2026-10-04T14:12:33Z,shippingservice,currencyservice,0,0,0,0,0,0,0
2026-10-04T14:12:33Z,shippingservice,emailservice,0,0,0,0,0,0,0
2026-10-04T14:12:33Z,shippingservice,frontend,0,0,0,0,0,0,0
2026-10-04T14:12:33Z,shippingservice,kubernetes,0,0,0,0,0,0,0
2026-10-04T14:12:33Z,shippingservice,paymentservice,0,0,0,0,0,0,0
2026-10-04T14:12:33Z,shippingservice,productcatalogservice,0,0,0,0,0,0,0
2026-10-04T14:12:33Z,shippingservice,recommendationservice,0,0,0,0,0,0,0
2026-10-04T14:12:33Z,shippingservice,redis-cart,0,0,0,0,0,0,0
2026-10-04T14:12:33Z,shippingservice,shippingservice,0,0,0,0,0,0,0
2026-10-04T14:12:34Z,adservice,adservice,0,0,0,0,0,0,0
2026-10-04T14:12:34Z,adservice,cartservice,0,0,0,0,0,0,0
2026-10-04T14:12:34Z,adservice,checkoutservice,0,0,0,0,0,0,0
2026-10-04T14:12:34Z,adservice,currencyservice,0,0,0,0,0,0,0
2026-10-04T14:12:34Z,adservice,emailservice,0,0,0,0,0,0,0
2026-10-04T14:12:34Z,adservice,frontend,0,0,0,0,0,0,0
2026-10-04T14:12:34Z,adservice,kubernetes,0,0,0,0,0,0,0
2026-10-04T14:12:34Z,adservice,paymentservice,0,0,0,0,0,0,0
2026-10-04T14:12:34Z,adservice,productcatalogservice,0,0,0,0,0,0,0
2026-10-04T14:12:34Z,adservice,recommendationservice,0,0,0,0,0,0,0
2026-10-04T14:12:34Z,adservice,redis-cart,0,0,0,0,0,0,0
2026-10-04T14:12:34Z,adservice,shippingservice,0,0,0,0,0,0,0
2026-10-04T14:12:34Z,cartservice,adservice,0,0,0,0,0,0,0
2026-10-04T14:12:34Z,cartservice,cartservice,0,0,0,0,0,0,0
2026-10-04T14:12:34Z,cartservice,checkoutservice,0,0,0,0,0,0,0
2026-10-04T14:12:34Z,cartservice,currencyservice,0,0,0,0,0,0,0
2026-10-04T14:12:34Z,cartservice,emailservice,0,0,0,0,0,0,0
2026-10-04T14:12:34Z,cartservice,frontend,0,0,0,0,0,0,0
2026-10-04T14:12:34Z,cartservice,kubernetes,0,0,0,0,0,0,0
2026-10-04T14:12:34Z,cartservice,paymentservice,0,0,0,0,0,0,0
2026-10-04T14:12:34Z,cartservice,productcatalogservice,0,0,0,0,0,0,0
2026-10-04T14:12:34Z,cartservice,recommendationservice,0,0,0,0,0,0,0
2026-10-04T14:12:34Z,cartservice,redis-cart,2,0,0,0,0,0,0
2026-10-04T14:12:34Z,cartservice,shippingservice,0,0,0,0,0,0,0
2026-10-04T14:12:34Z,checkoutservice,adservice,0,0,0,0,0,0,0
2026-10-04T14:12:34Z,checkoutservice,cartservice,75943,75011,0,100,0,770964,74809
2026-10-04T14:12:34Z,checkoutservice,checkoutservice,0,0,0,0,0,0,0
2026-10-04T14:12:34Z,checkoutservice,currencyservice,49371,49371,0,0,0,599946,49265
2026-10-04T14:12:34Z,checkoutservice,emailservice,20604,20310,0,66,0,654064,20203
2026-10-04T14:12:34Z,checkoutservice,frontend,0,0,0,0,0,0,0
2026-10-04T14:12:34Z,checkoutservice,kubernetes,0,0,0,0,0,0,0
2026-10-04T14:12:34Z,checkoutservice,paymentservice,42637,40788,0,192,0,476329,40535
2026-10-04T14:12:34Z,checkoutservice,productcatalogservice,0,0,0,0,0,0,0
2026-10-04T14:12:34Z,checkoutservice,recommendationservice,0,0,0,0,0,0,0
2026-10-04T14:12:34Z,checkoutservice,redis-cart,0,0,0,0,0,0,0
2026-10-04T14:12:34Z,checkoutservice,shippingservice,81257,79152,0,154,0,545786,78946
2026-10-04T14:12:34Z,currencyservice,adservice,0,0,0,0,0,0,0
2026-10-04T14:12:34Z,currencyservice,cartservice,0,0,0,0,0,0,0
2026-10-04T14:12:34Z,currencyservice,checkoutservice,0,0,0,0,0,0,0
2026-10-04T14:12:34Z,currencyservice,currencyservice,0,0,0,0,0,0,0
2026-10-04T14:12:34Z,currencyservice,emailservice,0,0,0,0,0,0,0
2026-10-04T14:12:34Z,currencyservice,frontend,0,0,0,0,0,0,0
2026-10-04T14:12:34Z,currencyservice,kubernetes,0,0,0,0,0,0,0
2026-10-04T14:12:34Z,currencyservice,paymentservice,0,0,0,0,0,0,0
2026-10-04T14:12:34Z,currencyservice,productcatalogservice,0,0,0,0,0,0,0
2026-10-04T14:12:34Z,currencyservice,recommendationservice,0,0,0,0,0,0,0
2026-10-04T14:12:34Z,currencyservice,redis-cart,0,0,0,0,0,0,0
2026-10-04T14:12:34Z,currencyservice,shippingservice,0,0,0,0,0,0,0
2026-10-04T14:12:34Z,emailservice,adservice,0,0,0,0,0,0,0
2026-10-04T14:12:34Z,emailservice,cartservice,0,0,0,0,0,0,0
2026-10-04T14:12:34Z,emailservice,checkoutservice,0,0,0,0,0,0,0
2026-10-04T14:12:34Z,emailservice,currencyservice,0,0,0,0,0,0,0
2026-10-04T14:12:34Z,emailservice,emailservice,0,0,0,0,0,0,0
2026-10-04T14:12:34Z,emailservice,frontend,0,0,0,0,0,0,0
2026-10-04T14:12:34Z,emailservice,kubernetes,0,0,0,0,0,0,0
2026-10-04T14:12:34Z,emailservice,paymentservice,0,0,0,0,0,0,0
2026-10-04T14:12:34Z,emailservice,productcatalogservice,0,0,0,0,0,0,0
2026-10-04T14:12:34Z,emailservice,recommendationservice,0,0,0,0,0,0,0
2026-10-04T14:12:34Z,emailservice,redis-cart,0,0,0,0,0,0,0
2026-10-04T14:12:34Z,emailservice,shippingservice,0,0,0,0,0,0,0
2026-10-04T14:12:34Z,frontend,adservice,869705,869703,0,0,0,2616761,869426
2026-10-04T14:12:34Z,frontend,cartservice,1951663,1951650,0,0,4,10740814,1950957
2026-10-04T14:12:34Z,frontend,checkoutservice,408365,198389,0,40061,169951,63699106,198299
2026-10-04T14:12:34Z,frontend,currencyservice,3101080,3101069,0,0,0,16210738,3099949
2026-10-04T14:12:34Z,frontend,emailservice,0,0,0,0,0,0,0
2026-10-04T14:12:34Z,frontend,frontend,0,0,0,0,0,0,0
2026-10-04T14:12:34Z,frontend,kubernetes,0,0,0,0,0,0,0
2026-10-04T14:12:34Z,frontend,paymentservice,0,0,0,0,0,0,0
2026-10-04T14:12:34Z,frontend,productcatalogservice,8656362,8656291,0,0,0,58971203,8653369
2026-10-04T14:12:34Z,frontend,recommendationservice,2865098,1723227,0,120456,1018881,876382131,1722599
2026-10-04T14:12:34Z,frontend,redis-cart,0,0,0,0,0,0,0
2026-10-04T14:12:34Z,frontend,shippingservice,318824,318822,0,0,0,960757,318716
2026-10-04T14:12:34Z,paymentservice,adservice,0,0,0,0,0,0,0
2026-10-04T14:12:34Z,paymentservice,cartservice,0,0,0,0,0,0,0
2026-10-04T14:12:34Z,paymentservice,checkoutservice,0,0,0,0,0,0,0
2026-10-04T14:12:34Z,paymentservice,currencyservice,0,0,0,0,0,0,0
2026-10-04T14:12:34Z,paymentservice,emailservice,0,0,0,0,0,0,0
2026-10-04T14:12:34Z,paymentservice,frontend,0,0,0,0,0,0,0
2026-10-04T14:12:34Z,paymentservice,kubernetes,0,0,0,0,0,0,0
2026-10-04T14:12:34Z,paymentservice,paymentservice,0,0,0,0,0,0,0
2026-10-04T14:12:34Z,paymentservice,productcatalogservice,0,0,0,0,0,0,0
2026-10-04T14:12:34Z,paymentservice,recommendationservice,0,0,0,0,0,0,0
2026-10-04T14:12:34Z,paymentservice,redis-cart,0,0,0,0,0,0,0
2026-10-04T14:12:34Z,paymentservice,shippingservice,0,0,0,0,0,0,0
2026-10-04T14:12:34Z,productcatalogservice,adservice,0,0,0,0,0,0,0
2026-10-04T14:12:34Z,productcatalogservice,cartservice,0,0,0,0,0,0,0
2026-10-04T14:12:34Z,productcatalogservice,checkoutservice,0,0,0,0,0,0,0
2026-10-04T14:12:34Z,productcatalogservice,currencyservice,0,0,0,0,0,0,0
2026-10-04T14:12:34Z,productcatalogservice,emailservice,0,0,0,0,0,0,0
2026-10-04T14:12:34Z,productcatalogservice,frontend,0,0,0,0,0,0,0
2026-10-04T14:12:34Z,productcatalogservice,kubernetes,0,0,0,0,0,0,0
2026-10-04T14:12:34Z,productcatalogservice,paymentservice,0,0,0,0,0,0,0
2026-10-04T14:12:34Z,productcatalogservice,productcatalogservice,0,0,0,0,0,0,0
2026-10-04T14:12:34Z,productcatalogservice,recommendationservice,0,0,0,0,0,0,0
2026-10-04T14:12:34Z,productcatalogservice,redis-cart,0,0,0,0,0,0,0
2026-10-04T14:12:34Z,productcatalogservice,shippingservice,0,0,0,0,0,0,0
2026-10-04T14:12:34Z,recommendationservice,adservice,0,0,0,0,0,0,0
2026-10-04T14:12:34Z,recommendationservice,cartservice,0,0,0,0,0,0,0
2026-10-04T14:12:34Z,recommendationservice,checkoutservice,0,0,0,0,0,0,0
2026-10-04T14:12:34Z,recommendationservice,currencyservice,0,0,0,0,0,0,0
2026-10-04T14:12:34Z,recommendationservice,emailservice,0,0,0,0,0,0,0
2026-10-04T14:12:34Z,recommendationservice,frontend,0,0,0,0,0,0,0
2026-10-04T14:12:34Z,recommendationservice,kubernetes,0,0,0,0,0,0,0
2026-10-04T14:12:34Z,recommendationservice,paymentservice,0,0,0,0,0,0,0
2026-10-04T14:12:34Z,recommendationservice,productcatalogservice,226420,226420,0,0,0,1459128,224680
2026-10-04T14:12:34Z,recommendationservice,recommendationservice,0,0,0,0,0,0,0
2026-10-04T14:12:34Z,recommendationservice,redis-cart,0,0,0,0,0,0,0
2026-10-04T14:12:34Z,recommendationservice,shippingservice,0,0,0,0,0,0,0
2026-10-04T14:12:34Z,redis-cart,adservice,0,0,0,0,0,0,0
2026-10-04T14:12:34Z,redis-cart,cartservice,0,0,0,0,0,0,0
2026-10-04T14:12:34Z,redis-cart,checkoutservice,0,0,0,0,0,0,0
2026-10-04T14:12:34Z,redis-cart,currencyservice,0,0,0,0,0,0,0
2026-10-04T14:12:34Z,redis-cart,emailservice,0,0,0,0,0,0,0
2026-10-04T14:12:34Z,redis-cart,frontend,0,0,0,0,0,0,0
2026-10-04T14:12:34Z,redis-cart,kubernetes,0,0,0,0,0,0,0
2026-10-04T14:12:34Z,redis-cart,paymentservice,0,0,0,0,0,0,0
2026-10-04T14:12:34Z,redis-cart,productcatalogservice,0,0,0,0,0,0,0
2026-10-04T14:12:34Z,redis-cart,recommendationservice,0,0,0,0,0,0,0
2026-10-04T14:12:34Z,redis-cart,redis-cart,0,0,0,0,0,0,0
2026-10-04T14:12:34Z,redis-cart,shippingservice,0,0,0,0,0,0,0
2026-10-04T14:12:34Z,shippingservice,adservice,0,0,0,0,0,0,0
2026-10-04T14:12:34Z,shippingservice,cartservice,0,0,0,0,0,0,0
2026-10-04T14:12:34Z,shippingservice,checkoutservice,0,0,0,0,0,0,0
2026-10-04T14:12:34Z,shippingservice,currencyservice,0,0,0,0,0,0,0
2026-10-04T14:12:34Z,shippingservice,emailservice,0,0,0,0,0,0,0
2026-10-04T14:12:34Z,shippingservice,frontend,0,0,0,0,0,0,0
2026-10-04T14:12:34Z,shippingservice,kubernetes,0,0,0,0,0,0,0
2026-10-04T14:12:34Z,shippingservice,paymentservice,0,0,0,0,0,0,0
2026-10-04T14:12:34Z,shippingservice,productcatalogservice,0,0,0,0,0,0,0
2026-10-04T14:12:34Z,shippingservice,recommendationservice,0,0,0,0,0,0,0
2026-10-04T14:12:34Z,shippingservice,redis-cart,0,0,0,0,0,0,0
2026-10-04T14:12:34Z,shippingservice,shippingservice,0,0,0,0,0,0,0
2026-10-04T14:12:35Z,adservice,adservice,0,0,0,0,0,0,0
2026-10-04T14:12:35Z,adservice,cartservice,0,0,0,0,0,0,0
2026-10-04T14:12:35Z,adservice,checkoutservice,0,0,0,0,0,0,0
2026-10-04T14:12:35Z,adservice,currencyservice,0,0,0,0,0,0,0
2026-10-04T14:12:35Z,adservice,emailservice,0,0,0,0,0,0,0
2026-10-04T14:12:35Z,adservice,frontend,0,0,0,0,0,0,0
2026-10-04T14:12:35Z,adservice,kubernetes,0,0,0,0,0,0,0
2026-10-04T14:12:35Z,adservice,paymentservice,0,0,0,0,0,0,0
2026-10-04T14:12:35Z,adservice,productcatalogservice,0,0,0,0,0,0,0
2026-10-04T14:12:35Z,adservice,recommendationservice,0,0,0,0,0,0,0
2026-10-04T14:12:35Z,adservice,redis-cart,0,0,0,0,0,0,0
2026-10-04T14:12:35Z,adservice,shippingservice,0,0,0,0,0,0,0
2026-10-04T14:12:35Z,cartservice,adservice,0,0,0,0,0,0,0
2026-10-04T14:12:35Z,cartservice,cartservice,0,0,0,0,0,0,0
2026-10-04T14:12:35Z,cartservice,checkoutservice,0,0,0,0,0,0,0
2026-10-04T14:12:35Z,cartservice,currencyservice,0,0,0,0,0,0,0
2026-10-04T14:12:35Z,cartservice,emailservice,0,0,0,0,0,0,0
2026-10-04T14:12:35Z,cartservice,frontend,0,0,0,0,0,0,0
2026-10-04T14:12:35Z,cartservice,kubernetes,0,0,0,0,0,0,0
2026-10-04T14:12:35Z,cartservice,paymentservice,0,0,0,0,0,0,0
2026-10-04T14:12:35Z,cartservice,productcatalogservice,0,0,0,0,0,0,0
2026-10-04T14:12:35Z,cartservice,recommendationservice,0,0,0,0,0,0,0
2026-10-04T14:12:35Z,cartservice,redis-cart,2,0,0,0,0,0,0
2026-10-04T14:12:35Z,cartservice,shippingservice,0,0,0,0,0,0,0
2026-10-04T14:12:35Z,checkoutservice,adservice,0,0,0,0,0,0,0
2026-10-04T14:12:35Z,checkoutservice,cartservice,76058,75125,0,100,0,770964,74809
2026-10-04T14:12:35Z,checkoutservice,checkoutservice,0,0,0,0,0,0,0
2026-10-04T14:12:35Z,checkoutservice,currencyservice,49426,49425,0,0,0,599946,49265
2026-10-04T14:12:35Z,checkoutservice,emailservice,20661,20368,0,66,0,654064,20203
2026-10-04T14:12:35Z,checkoutservice,frontend,0,0,0,0,0,0,0
2026-10-04T14:12:35Z,checkoutservice,kubernetes,0,0,0,0,0,0,0
2026-10-04T14:12:35Z,checkoutservice,paymentservice,42691,40843,0,192,0,476329,40535
2026-10-04T14:12:35Z,checkoutservice,productcatalogservice,0,0,0,0,0,0,0
2026-10-04T14:12:35Z,checkoutservice,recommendationservice,0,0,0,0,0,0,0
2026-10-04T14:12:35Z,checkoutservice,redis-cart,0,0,0,0,0,0,0
2026-10-04T14:12:35Z,checkoutservice,shippingservice,81368,79264,0,154,0,545786,78946
2026-10-04T14:12:35Z,currencyservice,adservice,0,0,0,0,0,0,0
2026-10-04T14:12:35Z,currencyservice,cartservice,0,0,0,0,0,0,0
2026-10-04T14:12:35Z,currencyservice,checkoutservice,0,0,0,0,0,0,0
2026-10-04T14:12:35Z,currencyservice,currencyservice,0,0,0,0,0,0,0
2026-10-04T14:12:35Z,currencyservice,emailservice,0,0,0,0,0,0,0
2026-10-04T14:12:35Z,currencyservice,frontend,0,0,0,0,0,0,0
2026-10-04T14:12:35Z,currencyservice,kubernetes,0,0,0,0,0,0,0
2026-10-04T14:12:35Z,currencyservice,paymentservice,0,0,0,0,0,0,0
2026-10-04T14:12:35Z,currencyservice,productcatalogservice,0,0,0,0,0,0,0
2026-10-04T14:12:35Z,currencyservice,recommendationservice,0,0,0,0,0,0,0
2026-10-04T14:12:35Z,currencyservice,redis-cart,0,0,0,0,0,0,0
2026-10-04T14:12:35Z,currencyservice,shippingservice,0,0,0,0,0,0,0
2026-10-04T14:12:35Z,emailservice,adservice,0,0,0,0,0,0,0
2026-10-04T14:12:35Z,emailservice,cartservice,0,0,0,0,0,0,0
2026-10-04T14:12:35Z,emailservice,checkoutservice,0,0,0,0,0,0,0
2026-10-04T14:12:35Z,emailservice,currencyservice,0,0,0,0,0,0,0
2026-10-04T14:12:35Z,emailservice,emailservice,0,0,0,0,0,0,0
2026-10-04T14:12:35Z,emailservice,frontend,0,0,0,0,0,0,0
2026-10-04T14:12:35Z,emailservice,kubernetes,0,0,0,0,0,0,0
2026-10-04T14:12:35Z,emailservice,paymentservice,0,0,0,0,0,0,0
2026-10-04T14:12:35Z,emailservice,productcatalogservice,0,0,0,0,0,0,0
2026-10-04T14:12:35Z,emailservice,recommendationservice,0,0,0,0,0,0,0
2026-10-04T14:12:35Z,emailservice,redis-cart,0,0,0,0,0,0,0
2026-10-04T14:12:35Z,emailservice,shippingservice,0,0,0,0,0,0,0
2026-10-04T14:12:35Z,frontend,adservice,869869,869867,0,0,0,2617197,869605
2026-10-04T14:12:35Z,frontend,cartservice,1952062,1952044,0,0,4,10742676,1951384
2026-10-04T14:12:35Z,frontend,checkoutservice,408429,198447,0,40061,169951,63710371,198362
2026-10-04T14:12:35Z,frontend,currencyservice,3101713,3101699,0,0,0,16213145,3100650
2026-10-04T14:12:35Z,frontend,emailservice,0,0,0,0,0,0,0
2026-10-04T14:12:35Z,frontend,frontend,0,0,0,0,0,0,0
2026-10-04T14:12:35Z,frontend,kubernetes,0,0,0,0,0,0,0
2026-10-04T14:12:35Z,frontend,paymentservice,0,0,0,0,0,0,0
2026-10-04T14:12:35Z,frontend,productcatalogservice,8658072,8658001,0,0,0,58985706,8655250
2026-10-04T14:12:35Z,frontend,recommendationservice,2865816,1723616,0,120499,1019204,876668871,1722983
2026-10-04T14:12:35Z,frontend,redis-cart,0,0,0,0,0,0,0
2026-10-04T14:12:35Z,frontend,shippingservice,318871,318868,0,0,0,960919,318781
2026-10-04T14:12:35Z,paymentservice,adservice,0,0,0,0,0,0,0
2026-10-04T14:12:35Z,paymentservice,cartservice,0,0,0,0,0,0,0
2026-10-04T14:12:35Z,paymentservice,checkoutservice,0,0,0,0,0,0,0
2026-10-04T14:12:35Z,paymentservice,currencyservice,0,0,0,0,0,0,0
2026-10-04T14:12:35Z,paymentservice,emailservice,0,0,0,0,0,0,0
2026-10-04T14:12:35Z,paymentservice,frontend,0,0,0,0,0,0,0
2026-10-04T14:12:35Z,paymentservice,kubernetes,0,0,0,0,0,0,0
2026-10-04T14:12:35Z,paymentservice,paymentservice,0,0,0,0,0,0,0
2026-10-04T14:12:35Z,paymentservice,productcatalogservice,0,0,0,0,0,0,0
2026-10-04T14:12:35Z,paymentservice,recommendationservice,0,0,0,0,0,0,0
2026-10-04T14:12:35Z,paymentservice,redis-cart,0,0,0,0,0,0,0
2026-10-04T14:12:35Z,paymentservice,shippingservice,0,0,0,0,0,0,0
2026-10-04T14:12:35Z,productcatalogservice,adservice,0,0,0,0,0,0,0
2026-10-04T14:12:35Z,productcatalogservice,cartservice,0,0,0,0,0,0,0
2026-10-04T14:12:35Z,productcatalogservice,checkoutservice,0,0,0,0,0,0,0
2026-10-04T14:12:35Z,productcatalogservice,currencyservice,0,0,0,0,0,0,0
2026-10-04T14:12:35Z,productcatalogservice,emailservice,0,0,0,0,0,0,0
2026-10-04T14:12:35Z,productcatalogservice,frontend,0,0,0,0,0,0,0
2026-10-04T14:12:35Z,productcatalogservice,kubernetes,0,0,0,0,0,0,0
2026-10-04T14:12:35Z,productcatalogservice,paymentservice,0,0,0,0,0,0,0
2026-10-04T14:12:35Z,productcatalogservice,productcatalogservice,0,0,0,0,0,0,0
2026-10-04T14:12:35Z,productcatalogservice,recommendationservice,0,0,0,0,0,0,0
2026-10-04T14:12:35Z,productcatalogservice,redis-cart,0,0,0,0,0,0,0
2026-10-04T14:12:35Z,productcatalogservice,shippingservice,0,0,0,0,0,0,0
2026-10-04T14:12:35Z,recommendationservice,adservice,0,0,0,0,0,0,0
2026-10-04T14:12:35Z,recommendationservice,cartservice,0,0,0,0,0,0,0
2026-10-04T14:12:35Z,recommendationservice,checkoutservice,0,0,0,0,0,0,0
2026-10-04T14:12:35Z,recommendationservice,currencyservice,0,0,0,0,0,0,0
2026-10-04T14:12:35Z,recommendationservice,emailservice,0,0,0,0,0,0,0
2026-10-04T14:12:35Z,recommendationservice,frontend,0,0,0,0,0,0,0
2026-10-04T14:12:35Z,recommendationservice,kubernetes,0,0,0,0,0,0,0
2026-10-04T14:12:35Z,recommendationservice,paymentservice,0,0,0,0,0,0,0
2026-10-04T14:12:35Z,recommendationservice,productcatalogservice,226864,226854,0,0,0,1472106,226851
2026-10-04T14:12:35Z,recommendationservice,recommendationservice,0,0,0,0,0,0,0
2026-10-04T14:12:35Z,recommendationservice,redis-cart,0,0,0,0,0,0,0
2026-10-04T14:12:35Z,recommendationservice,shippingservice,0,0,0,0,0,0,0
2026-10-04T14:12:35Z,redis-cart,adservice,0,0,0,0,0,0,0
2026-10-04T14:12:35Z,redis-cart,cartservice,0,0,0,0,0,0,0
2026-10-04T14:12:35Z,redis-cart,checkoutservice,0,0,0,0,0,0,0
2026-10-04T14:12:35Z,redis-cart,currencyservice,0,0,0,0,0,0,0
2026-10-04T14:12:35Z,redis-cart,emailservice,0,0,0,0,0,0,0
2026-10-04T14:12:35Z,redis-cart,frontend,0,0,0,0,0,0,0
2026-10-04T14:12:35Z,redis-cart,kubernetes,0,0,0,0,0,0,0
2026-10-04T14:12:35Z,redis-cart,paymentservice,0,0,0,0,0,0,0
2026-10-04T14:12:35Z,redis-cart,productcatalogservice,0,0,0,0,0,0,0
2026-10-04T14:12:35Z,redis-cart,recommendationservice,0,0,0,0,0,0,0
2026-10-04T14:12:35Z,redis-cart,redis-cart,0,0,0,0,0,0,0
2026-10-04T14:12:35Z,redis-cart,shippingservice,0,0,0,0,0,0,0
2026-10-04T14:12:35Z,shippingservice,adservice,0,0,0,0,0,0,0
2026-10-04T14:12:35Z,shippingservice,cartservice,0,0,0,0,0,0,0
2026-10-04T14:12:35Z,shippingservice,checkoutservice,0,0,0,0,0,0,0
2026-10-04T14:12:35Z,shippingservice,currencyservice,0,0,0,0,0,0,0
2026-10-04T14:12:35Z,shippingservice,emailservice,0,0,0,0,0,0,0
2026-10-04T14:12:35Z,shippingservice,frontend,0,0,0,0,0,0,0
2026-10-04T14:12:35Z,shippingservice,kubernetes,0,0,0,0,0,0,0
2026-10-04T14:12:35Z,shippingservice,paymentservice,0,0,0,0,0,0,0
2026-10-04T14:12:35Z,shippingservice,productcatalogservice,0,0,0,0,0,0,0
2026-10-04T14:12:35Z,shippingservice,recommendationservice,0,0,0,0,0,0,0
2026-10-04T14:12:35Z,shippingservice,redis-cart,0,0,0,0,0,0,0
2026-10-04T14:12:35Z,shippingservice,shippingservice,0,0,0,0,0,0,0
2026-10-04T14:12:36Z,adservice,adservice,0,0,0,0,0,0,0
2026-10-04T14:12:36Z,adservice,cartservice,0,0,0,0,0,0,0
2026-10-04T14:12:36Z,adservice,checkoutservice,0,0,0,0,0,0,0
2026-10-04T14:12:36Z,adservice,currencyservice,0,0,0,0,0,0,0
2026-10-04T14:12:36Z,adservice,emailservice,0,0,0,0,0,0,0
2026-10-04T14:12:36Z,adservice,frontend,0,0,0,0,0,0,0
2026-10-04T14:12:36Z,adservice,kubernetes,0,0,0,0,0,0,0
2026-10-04T14:12:36Z,adservice,paymentservice,0,0,0,0,0,0,0
2026-10-04T14:12:36Z,adservice,productcatalogservice,0,0,0,0,0,0,0
2026-10-04T14:12:36Z,adservice,recommendationservice,0,0,0,0,0,0,0
2026-10-04T14:12:36Z,adservice,redis-cart,0,0,0,0,0,0,0
2026-10-04T14:12:36Z,adservice,shippingservice,0,0,0,0,0,0,0
2026-10-04T14:12:36Z,cartservice,adservice,0,0,0,0,0,0,0
2026-10-04T14:12:36Z,cartservice,cartservice,0,0,0,0,0,0,0
2026-10-04T14:12:36Z,cartservice,checkoutservice,0,0,0,0,0,0,0
2026-10-04T14:12:36Z,cartservice,currencyservice,0,0,0,0,0,0,0
2026-10-04T14:12:36Z,cartservice,emailservice,0,0,0,0,0,0,0
2026-10-04T14:12:36Z,cartservice,frontend,0,0,0,0,0,0,0
2026-10-04T14:12:36Z,cartservice,kubernetes,0,0,0,0,0,0,0
2026-10-04T14:12:36Z,cartservice,paymentservice,0,0,0,0,0,0,0
2026-10-04T14:12:36Z,cartservice,productcatalogservice,0,0,0,0,0,0,0
2026-10-04T14:12:36Z,cartservice,recommendationservice,0,0,0,0,0,0,0
2026-10-04T14:12:36Z,cartservice,redis-cart,2,0,0,0,0,0,0
2026-10-04T14:12:36Z,cartservice,shippingservice,0,0,0,0,0,0,0
2026-10-04T14:12:36Z,checkoutservice,adservice,0,0,0,0,0,0,0
2026-10-04T14:12:36Z,checkoutservice,cartservice,76206,75275,0,100,0,770964,74809
2026-10-04T14:12:36Z,checkoutservice,checkoutservice,0,0,0,0,0,0,0
2026-10-04T14:12:36Z,checkoutservice,currencyservice,49500,49500,0,0,0,599946,49265
2026-10-04T14:12:36Z,checkoutservice,emailservice,20738,20443,0,66,0,654064,20203
2026-10-04T14:12:36Z,checkoutservice,frontend,0,0,0,0,0,0,0
2026-10-04T14:12:36Z,checkoutservice,kubernetes,0,0,0,0,0,0,0
2026-10-04T14:12:36Z,checkoutservice,paymentservice,42766,40918,0,192,0,476329,40535
2026-10-04T14:12:36Z,checkoutservice,productcatalogservice,0,0,0,0,0,0,0
2026-10-04T14:12:36Z,checkoutservice,recommendationservice,0,0,0,0,0,0,0
2026-10-04T14:12:36Z,checkoutservice,redis-cart,0,0,0,0,0,0,0
2026-10-04T14:12:36Z,checkoutservice,shippingservice,81516,79413,0,154,0,545786,78946
2026-10-04T14:12:36Z,currencyservice,adservice,0,0,0,0,0,0,0
2026-10-04T14:12:36Z,currencyservice,cartservice,0,0,0,0,0,0,0
2026-10-04T14:12:36Z,currencyservice,checkoutservice,0,0,0,0,0,0,0
2026-10-04T14:12:36Z,currencyservice,currencyservice,0,0,0,0,0,0,0
2026-10-04T14:12:36Z,currencyservice,emailservice,0,0,0,0,0,0,0
2026-10-04T14:12:36Z,currencyservice,frontend,0,0,0,0,0,0,0
2026-10-04T14:12:36Z,currencyservice,kubernetes,0,0,0,0,0,0,0
2026-10-04T14:12:36Z,currencyservice,paymentservice,0,0,0,0,0,0,0
2026-10-04T14:12:36Z,currencyservice,productcatalogservice,0,0,0,0,0,0,0
2026-10-04T14:12:36Z,currencyservice,recommendationservice,0,0,0,0,0,0,0
2026-10-04T14:12:36Z,currencyservice,redis-cart,0,0,0,0,0,0,0
2026-10-04T14:12:36Z,currencyservice,shippingservice,0,0,0,0,0,0,0
2026-10-04T14:12:36Z,emailservice,adservice,0,0,0,0,0,0,0
2026-10-04T14:12:36Z,emailservice,cartservice,0,0,0,0,0,0,0
2026-10-04T14:12:36Z,emailservice,checkoutservice,0,0,0,0,0,0,0
2026-10-04T14:12:36Z,emailservice,currencyservice,0,0,0,0,0,0,0
2026-10-04T14:12:36Z,emailservice,emailservice,0,0,0,0,0,0,0
2026-10-04T14:12:36Z,emailservice,frontend,0,0,0,0,0,0,0
2026-10-04T14:12:36Z,emailservice,kubernetes,0,0,0,0,0,0,0
2026-10-04T14:12:36Z,emailservice,paymentservice,0,0,0,0,0,0,0
2026-10-04T14:12:36Z,emailservice,productcatalogservice,0,0,0,0,0,0,0
2026-10-04T14:12:36Z,emailservice,recommendationservice,0,0,0,0,0,0,0
2026-10-04T14:12:36Z,emailservice,redis-cart,0,0,0,0,0,0,0
2026-10-04T14:12:36Z,emailservice,shippingservice,0,0,0,0,0,0,0
2026-10-04T14:12:36Z,frontend,adservice,869992,869989,0,0,0,2617197,869605
2026-10-04T14:12:36Z,frontend,cartservice,1952423,1952408,0,0,4,10742676,1951384
2026-10-04T14:12:36Z,frontend,checkoutservice,408494,198521,0,40061,169951,63710371,198362
2026-10-04T14:12:36Z,frontend,currencyservice,3102321,3102312,0,0,0,16213145,3100650
2026-10-04T14:12:36Z,frontend,emailservice,0,0,0,0,0,0,0
2026-10-04T14:12:36Z,frontend,frontend,0,0,0,0,0,0,0
2026-10-04T14:12:36Z,frontend,kubernetes,0,0,0,0,0,0,0
2026-10-04T14:12:36Z,frontend,paymentservice,0,0,0,0,0,0,0
2026-10-04T14:12:36Z,frontend,productcatalogservice,8659524,8659450,0,0,0,58985706,8655250
2026-10-04T14:12:36Z,frontend,recommendationservice,2866485,1723925,0,120527,1019500,876668871,1722983
2026-10-04T14:12:36Z,frontend,redis-cart,0,0,0,0,0,0,0
2026-10-04T14:12:36Z,frontend,shippingservice,318920,318918,0,0,0,960919,318781
2026-10-04T14:12:36Z,paymentservice,adservice,0,0,0,0,0,0,0
2026-10-04T14:12:36Z,paymentservice,cartservice,0,0,0,0,0,0,0
2026-10-04T14:12:36Z,paymentservice,checkoutservice,0,0,0,0,0,0,0
2026-10-04T14:12:36Z,paymentservice,currencyservice,0,0,0,0,0,0,0
2026-10-04T14:12:36Z,paymentservice,emailservice,0,0,0,0,0,0,0
2026-10-04T14:12:36Z,paymentservice,frontend,0,0,0,0,0,0,0
2026-10-04T14:12:36Z,paymentservice,kubernetes,0,0,0,0,0,0,0
2026-10-04T14:12:36Z,paymentservice,paymentservice,0,0,0,0,0,0,0
2026-10-04T14:12:36Z,paymentservice,productcatalogservice,0,0,0,0,0,0,0
2026-10-04T14:12:36Z,paymentservice,recommendationservice,0,0,0,0,0,0,0
2026-10-04T14:12:36Z,paymentservice,redis-cart,0,0,0,0,0,0,0
2026-10-04T14:12:36Z,paymentservice,shippingservice,0,0,0,0,0,0,0
2026-10-04T14:12:36Z,productcatalogservice,adservice,0,0,0,0,0,0,0
2026-10-04T14:12:36Z,productcatalogservice,cartservice,0,0,0,0,0,0,0
2026-10-04T14:12:36Z,productcatalogservice,checkoutservice,0,0,0,0,0,0,0
2026-10-04T14:12:36Z,productcatalogservice,currencyservice,0,0,0,0,0,0,0
2026-10-04T14:12:36Z,productcatalogservice,emailservice,0,0,0,0,0,0,0
2026-10-04T14:12:36Z,productcatalogservice,frontend,0,0,0,0,0,0,0
2026-10-04T14:12:36Z,productcatalogservice,kubernetes,0,0,0,0,0,0,0
2026-10-04T14:12:36Z,productcatalogservice,paymentservice,0,0,0,0,0,0,0
2026-10-04T14:12:36Z,productcatalogservice,productcatalogservice,0,0,0,0,0,0,0
2026-10-04T14:12:36Z,productcatalogservice,recommendationservice,0,0,0,0,0,0,0
2026-10-04T14:12:36Z,productcatalogservice,redis-cart,0,0,0,0,0,0,0
2026-10-04T14:12:36Z,productcatalogservice,shippingservice,0,0,0,0,0,0,0
2026-10-04T14:12:36Z,recommendationservice,adservice,0,0,0,0,0,0,0
2026-10-04T14:12:36Z,recommendationservice,cartservice,0,0,0,0,0,0,0
2026-10-04T14:12:36Z,recommendationservice,checkoutservice,0,0,0,0,0,0,0
2026-10-04T14:12:36Z,recommendationservice,currencyservice,0,0,0,0,0,0,0
2026-10-04T14:12:36Z,recommendationservice,emailservice,0,0,0,0,0,0,0
2026-10-04T14:12:36Z,recommendationservice,frontend,0,0,0,0,0,0,0
2026-10-04T14:12:36Z,recommendationservice,kubernetes,0,0,0,0,0,0,0
2026-10-04T14:12:36Z,recommendationservice,paymentservice,0,0,0,0,0,0,0
2026-10-04T14:12:36Z,recommendationservice,productcatalogservice,227268,227268,0,0,0,1472106,226851
2026-10-04T14:12:36Z,recommendationservice,recommendationservice,0,0,0,0,0,0,0
2026-10-04T14:12:36Z,recommendationservice,redis-cart,0,0,0,0,0,0,0
2026-10-04T14:12:36Z,recommendationservice,shippingservice,0,0,0,0,0,0,0
2026-10-04T14:12:36Z,redis-cart,adservice,0,0,0,0,0,0,0
2026-10-04T14:12:36Z,redis-cart,cartservice,0,0,0,0,0,0,0
2026-10-04T14:12:36Z,redis-cart,checkoutservice,0,0,0,0,0,0,0
2026-10-04T14:12:36Z,redis-cart,currencyservice,0,0,0,0,0,0,0
2026-10-04T14:12:36Z,redis-cart,emailservice,0,0,0,0,0,0,0
2026-10-04T14:12:36Z,redis-cart,frontend,0,0,0,0,0,0,0
2026-10-04T14:12:36Z,redis-cart,kubernetes,0,0,0,0,0,0,0
2026-10-04T14:12:36Z,redis-cart,paymentservice,0,0,0,0,0,0,0
2026-10-04T14:12:36Z,redis-cart,productcatalogservice,0,0,0,0,0,0,0
2026-10-04T14:12:36Z,redis-cart,recommendationservice,0,0,0,0,0,0,0
2026-10-04T14:12:36Z,redis-cart,redis-cart,0,0,0,0,0,0,0
2026-10-04T14:12:36Z,redis-cart,shippingservice,0,0,0,0,0,0,0
2026-10-04T14:12:36Z,shippingservice,adservice,0,0,0,0,0,0,0
2026-10-04T14:12:36Z,shippingservice,cartservice,0,0,0,0,0,0,0
2026-10-04T14:12:36Z,shippingservice,checkoutservice,0,0,0,0,0,0,0
2026-10-04T14:12:36Z,shippingservice,currencyservice,0,0,0,0,0,0,0
2026-10-04T14:12:36Z,shippingservice,emailservice,0,0,0,0,0,0,0
2026-10-04T14:12:36Z,shippingservice,frontend,0,0,0,0,0,0,0
2026-10-04T14:12:36Z,shippingservice,kubernetes,0,0,0,0,0,0,0
2026-10-04T14:12:36Z,shippingservice,paymentservice,0,0,0,0,0,0,0
2026-10-04T14:12:36Z,shippingservice,productcatalogservice,0,0,0,0,0,0,0
2026-10-04T14:12:36Z,shippingservice,recommendationservice,0,0,0,0,0,0,0
2026-10-04T14:12:36Z,shippingservice,redis-cart,0,0,0,0,0,0,0
2026-10-04T14:12:36Z,shippingservice,shippingservice,0,0,0,0,0,0,0
2026-10-04T14:12:37Z,adservice,adservice,0,0,0,0,0,0,0
2026-10-04T14:12:37Z,adservice,cartservice,0,0,0,0,0,0,0
2026-10-04T14:12:37Z,adservice,checkoutservice,0,0,0,0,0,0,0
2026-10-04T14:12:37Z,adservice,currencyservice,0,0,0,0,0,0,0
2026-10-04T14:12:37Z,adservice,emailservice,0,0,0,0,0,0,0
2026-10-04T14:12:37Z,adservice,frontend,0,0,0,0,0,0,0
2026-10-04T14:12:37Z,adservice,kubernetes,0,0,0,0,0,0,0
2026-10-04T14:12:37Z,adservice,paymentservice,0,0,0,0,0,0,0
2026-10-04T14:12:37Z,adservice,productcatalogservice,0,0,0,0,0,0,0
2026-10-04T14:12:37Z,adservice,recommendationservice,0,0,0,0,0,0,0
2026-10-04T14:12:37Z,adservice,redis-cart,0,0,0,0,0,0,0
2026-10-04T14:12:37Z,adservice,shippingservice,0,0,0,0,0,0,0
2026-10-04T14:12:37Z,cartservice,adservice,0,0,0,0,0,0,0
2026-10-04T14:12:37Z,cartservice,cartservice,0,0,0,0,0,0,0
2026-10-04T14:12:37Z,cartservice,checkoutservice,0,0,0,0,0,0,0
2026-10-04T14:12:37Z,cartservice,currencyservice,0,0,0,0,0,0,0
2026-10-04T14:12:37Z,cartservice,emailservice,0,0,0,0,0,0,0
2026-10-04T14:12:37Z,cartservice,frontend,0,0,0,0,0,0,0
2026-10-04T14:12:37Z,cartservice,kubernetes,0,0,0,0,0,0,0
2026-10-04T14:12:37Z,cartservice,paymentservice,0,0,0,0,0,0,0
2026-10-04T14:12:37Z,cartservice,productcatalogservice,0,0,0,0,0,0,0
2026-10-04T14:12:37Z,cartservice,recommendationservice,0,0,0,0,0,0,0
2026-10-04T14:12:37Z,cartservice,redis-cart,2,0,0,0,0,0,0
2026-10-04T14:12:37Z,cartservice,shippingservice,0,0,0,0,0,0,0
2026-10-04T14:12:37Z,checkoutservice,adservice,0,0,0,0,0,0,0
2026-10-04T14:12:37Z,checkoutservice,cartservice,76315,75384,0,100,0,773471,75376
2026-10-04T14:12:37Z,checkoutservice,checkoutservice,0,0,0,0,0,0,0
2026-10-04T14:12:37Z,checkoutservice,currencyservice,49555,49555,0,0,0,601295,49551
2026-10-04T14:12:37Z,checkoutservice,emailservice,20793,20500,0,66,0,665038,20494
2026-10-04T14:12:37Z,checkoutservice,frontend,0,0,0,0,0,0,0
2026-10-04T14:12:37Z,checkoutservice,kubernetes,0,0,0,0,0,0,0
2026-10-04T14:12:37Z,checkoutservice,paymentservice,42821,40973,0,192,0,477248,40821
2026-10-04T14:12:37Z,checkoutservice,productcatalogservice,0,0,0,0,0,0,0
2026-10-04T14:12:37Z,checkoutservice,recommendationservice,0,0,0,0,0,0,0
2026-10-04T14:12:37Z,checkoutservice,redis-cart,0,0,0,0,0,0,0
2026-10-04T14:12:37Z,checkoutservice,shippingservice,81626,79523,0,154,0,546930,79515
2026-10-04T14:12:37Z,currencyservice,adservice,0,0,0,0,0,0,0
2026-10-04T14:12:37Z,currencyservice,cartservice,0,0,0,0,0,0,0
2026-10-04T14:12:37Z,currencyservice,checkoutservice,0,0,0,0,0,0,0
2026-10-04T14:12:37Z,currencyservice,currencyservice,0,0,0,0,0,0,0
2026-10-04T14:12:37Z,currencyservice,emailservice,0,0,0,0,0,0,0
2026-10-04T14:12:37Z,currencyservice,frontend,0,0,0,0,0,0,0
2026-10-04T14:12:37Z,currencyservice,kubernetes,0,0,0,0,0,0,0
2026-10-04T14:12:37Z,currencyservice,paymentservice,0,0,0,0,0,0,0
2026-10-04T14:12:37Z,currencyservice,productcatalogservice,0,0,0,0,0,0,0
2026-10-04T14:12:37Z,currencyservice,recommendationservice,0,0,0,0,0,0,0
2026-10-04T14:12:37Z,currencyservice,redis-cart,0,0,0,0,0,0,0
2026-10-04T14:12:37Z,currencyservice,shippingservice,0,0,0,0,0,0,0
2026-10-04T14:12:37Z,emailservice,adservice,0,0,0,0,0,0,0
2026-10-04T14:12:37Z,emailservice,cartservice,0,0,0,0,0,0,0
2026-10-04T14:12:37Z,emailservice,checkoutservice,0,0,0,0,0,0,0
2026-10-04T14:12:37Z,emailservice,currencyservice,0,0,0,0,0,0,0
2026-10-04T14:12:37Z,emailservice,emailservice,0,0,0,0,0,0,0
2026-10-04T14:12:37Z,emailservice,frontend,0,0,0,0,0,0,0
2026-10-04T14:12:37Z,emailservice,kubernetes,0,0,0,0,0,0,0
2026-10-04T14:12:37Z,emailservice,paymentservice,0,0,0,0,0,0,0
2026-10-04T14:12:37Z,emailservice,productcatalogservice,0,0,0,0,0,0,0
2026-10-04T14:12:37Z,emailservice,recommendationservice,0,0,0,0,0,0,0
2026-10-04T14:12:37Z,emailservice,redis-cart,0,0,0,0,0,0,0
2026-10-04T14:12:37Z,emailservice,shippingservice,0,0,0,0,0,0,0
2026-10-04T14:12:37Z,frontend,adservice,870118,870116,0,0,0,2617197,869605
2026-10-04T14:12:37Z,frontend,cartservice,1952801,1952786,0,0,4,10742676,1951384
2026-10-04T14:12:37Z,frontend,checkoutservice,408546,198567,0,40061,169951,63710371,198362
2026-10-04T14:12:37Z,frontend,currencyservice,3102904,3102895,0,0,0,16213145,3100650
2026-10-04T14:12:37Z,frontend,emailservice,0,0,0,0,0,0,0
2026-10-04T14:12:37Z,frontend,frontend,0,0,0,0,0,0,0
2026-10-04T14:12:37Z,frontend,kubernetes,0,0,0,0,0,0,0
2026-10-04T14:12:37Z,frontend,paymentservice,0,0,0,0,0,0,0
2026-10-04T14:12:37Z,frontend,productcatalogservice,8661015,8660938,0,0,0,58985706,8655250
2026-10-04T14:12:37Z,frontend,recommendationservice,2867254,1724258,0,120570,1019894,876668871,1722983
2026-10-04T14:12:37Z,frontend,redis-cart,0,0,0,0,0,0,0
2026-10-04T14:12:37Z,frontend,shippingservice,318974,318972,0,0,0,960919,318781
2026-10-04T14:12:37Z,paymentservice,adservice,0,0,0,0,0,0,0
2026-10-04T14:12:37Z,paymentservice,cartservice,0,0,0,0,0,0,0
2026-10-04T14:12:37Z,paymentservice,checkoutservice,0,0,0,0,0,0,0
2026-10-04T14:12:37Z,paymentservice,currencyservice,0,0,0,0,0,0,0
2026-10-04T14:12:37Z,paymentservice,emailservice,0,0,0,0,0,0,0
2026-10-04T14:12:37Z,paymentservice,frontend,0,0,0,0,0,0,0
2026-10-04T14:12:37Z,paymentservice,kubernetes,0,0,0,0,0,0,0
2026-10-04T14:12:37Z,paymentservice,paymentservice,0,0,0,0,0,0,0
2026-10-04T14:12:37Z,paymentservice,productcatalogservice,0,0,0,0,0,0,0
2026-10-04T14:12:37Z,paymentservice,recommendationservice,0,0,0,0,0,0,0
2026-10-04T14:12:37Z,paymentservice,redis-cart,0,0,0,0,0,0,0
2026-10-04T14:12:37Z,paymentservice,shippingservice,0,0,0,0,0,0,0
2026-10-04T14:12:37Z,productcatalogservice,adservice,0,0,0,0,0,0,0
2026-10-04T14:12:37Z,productcatalogservice,cartservice,0,0,0,0,0,0,0
2026-10-04T14:12:37Z,productcatalogservice,checkoutservice,0,0,0,0,0,0,0
2026-10-04T14:12:37Z,productcatalogservice,currencyservice,0,0,0,0,0,0,0
2026-10-04T14:12:37Z,productcatalogservice,emailservice,0,0,0,0,0,0,0
2026-10-04T14:12:37Z,productcatalogservice,frontend,0,0,0,0,0,0,0
2026-10-04T14:12:37Z,productcatalogservice,kubernetes,0,0,0,0,0,0,0
2026-10-04T14:12:37Z,productcatalogservice,paymentservice,0,0,0,0,0,0,0
2026-10-04T14:12:37Z,productcatalogservice,productcatalogservice,0,0,0,0,0,0,0
2026-10-04T14:12:37Z,productcatalogservice,recommendationservice,0,0,0,0,0,0,0
2026-10-04T14:12:37Z,productcatalogservice,redis-cart,0,0,0,0,0,0,0
2026-10-04T14:12:37Z,productcatalogservice,shippingservice,0,0,0,0,0,0,0
2026-10-04T14:12:37Z,recommendationservice,adservice,0,0,0,0,0,0,0
2026-10-04T14:12:37Z,recommendationservice,cartservice,0,0,0,0,0,0,0
2026-10-04T14:12:37Z,recommendationservice,checkoutservice,0,0,0,0,0,0,0
2026-10-04T14:12:37Z,recommendationservice,currencyservice,0,0,0,0,0,0,0
2026-10-04T14:12:37Z,recommendationservice,emailservice,0,0,0,0,0,0,0
2026-10-04T14:12:37Z,recommendationservice,frontend,0,0,0,0,0,0,0
2026-10-04T14:12:37Z,recommendationservice,kubernetes,0,0,0,0,0,0,0
2026-10-04T14:12:37Z,recommendationservice,paymentservice,0,0,0,0,0,0,0
2026-10-04T14:12:37Z,recommendationservice,productcatalogservice,227703,227701,0,0,0,1472106,226851
2026-10-04T14:12:37Z,recommendationservice,recommendationservice,0,0,0,0,0,0,0
2026-10-04T14:12:37Z,recommendationservice,redis-cart,0,0,0,0,0,0,0
2026-10-04T14:12:37Z,recommendationservice,shippingservice,0,0,0,0,0,0,0
2026-10-04T14:12:37Z,redis-cart,adservice,0,0,0,0,0,0,0
2026-10-04T14:12:37Z,redis-cart,cartservice,0,0,0,0,0,0,0
2026-10-04T14:12:37Z,redis-cart,checkoutservice,0,0,0,0,0,0,0
2026-10-04T14:12:37Z,redis-cart,currencyservice,0,0,0,0,0,0,0
2026-10-04T14:12:37Z,redis-cart,emailservice,0,0,0,0,0,0,0
2026-10-04T14:12:37Z,redis-cart,frontend,0,0,0,0,0,0,0
2026-10-04T14:12:37Z,redis-cart,kubernetes,0,0,0,0,0,0,0
2026-10-04T14:12:37Z,redis-cart,paymentservice,0,0,0,0,0,0,0
2026-10-04T14:12:37Z,redis-cart,productcatalogservice,0,0,0,0,0,0,0
2026-10-04T14:12:37Z,redis-cart,recommendationservice,0,0,0,0,0,0,0
2026-10-04T14:12:37Z,redis-cart,redis-cart,0,0,0,0,0,0,0
2026-10-04T14:12:37Z,redis-cart,shippingservice,0,0,0,0,0,0,0
2026-10-04T14:12:37Z,shippingservice,adservice,0,0,0,0,0,0,0
2026-10-04T14:12:37Z,shippingservice,cartservice,0,0,0,0,0,0,0
2026-10-04T14:12:37Z,shippingservice,checkoutservice,0,0,0,0,0,0,0
2026-10-04T14:12:37Z,shippingservice,currencyservice,0,0,0,0,0,0,0
2026-10-04T14:12:37Z,shippingservice,emailservice,0,0,0,0,0,0,0
2026-10-04T14:12:37Z,shippingservice,frontend,0,0,0,0,0,0,0
2026-10-04T14:12:37Z,shippingservice,kubernetes,0,0,0,0,0,0,0
2026-10-04T14:12:37Z,shippingservice,paymentservice,0,0,0,0,0,0,0
2026-10-04T14:12:37Z,shippingservice,productcatalogservice,0,0,0,0,0,0,0
2026-10-04T14:12:37Z,shippingservice,recommendationservice,0,0,0,0,0,0,0
2026-10-04T14:12:37Z,shippingservice,redis-cart,0,0,0,0,0,0,0
2026-10-04T14:12:37Z,shippingservice,shippingservice,0,0,0,0,0,0,0
2026-10-04T14:12:38Z,adservice,adservice,0,0,0,0,0,0,0
2026-10-04T14:12:38Z,adservice,cartservice,0,0,0,0,0,0,0
2026-10-04T14:12:38Z,adservice,checkoutservice,0,0,0,0,0,0,0
2026-10-04T14:12:38Z,adservice,currencyservice,0,0,0,0,0,0,0
2026-10-04T14:12:38Z,adservice,emailservice,0,0,0,0,0,0,0
2026-10-04T14:12:38Z,adservice,frontend,0,0,0,0,0,0,0
2026-10-04T14:12:38Z,adservice,kubernetes,0,0,0,0,0,0,0
2026-10-04T14:12:38Z,adservice,paymentservice,0,0,0,0,0,0,0
2026-10-04T14:12:38Z,adservice,productcatalogservice,0,0,0,0,0,0,0
2026-10-04T14:12:38Z,adservice,recommendationservice,0,0,0,0,0,0,0
2026-10-04T14:12:38Z,adservice,redis-cart,0,0,0,0,0,0,0
2026-10-04T14:12:38Z,adservice,shippingservice,0,0,0,0,0,0,0
2026-10-04T14:12:38Z,cartservice,adservice,0,0,0,0,0,0,0
2026-10-04T14:12:38Z,cartservice,cartservice,0,0,0,0,0,0,0
2026-10-04T14:12:38Z,cartservice,checkoutservice,0,0,0,0,0,0,0
2026-10-04T14:12:38Z,cartservice,currencyservice,0,0,0,0,0,0,0
2026-10-04T14:12:38Z,cartservice,emailservice,0,0,0,0,0,0,0
2026-10-04T14:12:38Z,cartservice,frontend,0,0,0,0,0,0,0
2026-10-04T14:12:38Z,cartservice,kubernetes,0,0,0,0,0,0,0
2026-10-04T14:12:38Z,cartservice,paymentservice,0,0,0,0,0,0,0
2026-10-04T14:12:38Z,cartservice,productcatalogservice,0,0,0,0,0,0,0
2026-10-04T14:12:38Z,cartservice,recommendationservice,0,0,0,0,0,0,0
2026-10-04T14:12:38Z,cartservice,redis-cart,2,0,0,0,0,0,0
2026-10-04T14:12:38Z,cartservice,shippingservice,0,0,0,0,0,0,0
2026-10-04T14:12:38Z,checkoutservice,adservice,0,0,0,0,0,0,0
2026-10-04T14:12:38Z,checkoutservice,cartservice,76400,75468,0,100,0,773471,75376
2026-10-04T14:12:38Z,checkoutservice,checkoutservice,0,0,0,0,0,0,0
2026-10-04T14:12:38Z,checkoutservice,currencyservice,49597,49596,0,0,0,601295,49551
2026-10-04T14:12:38Z,checkoutservice,emailservice,20832,20539,0,66,0,665038,20494
2026-10-04T14:12:38Z,checkoutservice,frontend,0,0,0,0,0,0,0
2026-10-04T14:12:38Z,checkoutservice,kubernetes,0,0,0,0,0,0,0
2026-10-04T14:12:38Z,checkoutservice,paymentservice,42861,41013,0,192,0,477248,40821
2026-10-04T14:12:38Z,checkoutservice,productcatalogservice,0,0,0,0,0,0,0
2026-10-04T14:12:38Z,checkoutservice,recommendationservice,0,0,0,0,0,0,0
2026-10-04T14:12:38Z,checkoutservice,redis-cart,0,0,0,0,0,0,0
2026-10-04T14:12:38Z,checkoutservice,shippingservice,81708,79605,0,154,0,546930,79515
2026-10-04T14:12:38Z,currencyservice,adservice,0,0,0,0,0,0,0
2026-10-04T14:12:38Z,currencyservice,cartservice,0,0,0,0,0,0,0
2026-10-04T14:12:38Z,currencyservice,checkoutservice,0,0,0,0,0,0,0
2026-10-04T14:12:38Z,currencyservice,currencyservice,0,0,0,0,0,0,0
2026-10-04T14:12:38Z,currencyservice,emailservice,0,0,0,0,0,0,0
2026-10-04T14:12:38Z,currencyservice,frontend,0,0,0,0,0,0,0
2026-10-04T14:12:38Z,currencyservice,kubernetes,0,0,0,0,0,0,0
2026-10-04T14:12:38Z,currencyservice,paymentservice,0,0,0,0,0,0,0
2026-10-04T14:12:38Z,currencyservice,productcatalogservice,0,0,0,0,0,0,0
2026-10-04T14:12:38Z,currencyservice,recommendationservice,0,0,0,0,0,0,0
2026-10-04T14:12:38Z,currencyservice,redis-cart,0,0,0,0,0,0,0
2026-10-04T14:12:38Z,currencyservice,shippingservice,0,0,0,0,0,0,0
2026-10-04T14:12:38Z,emailservice,adservice,0,0,0,0,0,0,0
2026-10-04T14:12:38Z,emailservice,cartservice,0,0,0,0,0,0,0
2026-10-04T14:12:38Z,emailservice,checkoutservice,0,0,0,0,0,0,0
2026-10-04T14:12:38Z,emailservice,currencyservice,0,0,0,0,0,0,0
2026-10-04T14:12:38Z,emailservice,emailservice,0,0,0,0,0,0,0
2026-10-04T14:12:38Z,emailservice,frontend,0,0,0,0,0,0,0
2026-10-04T14:12:38Z,emailservice,kubernetes,0,0,0,0,0,0,0
2026-10-04T14:12:38Z,emailservice,paymentservice,0,0,0,0,0,0,0
2026-10-04T14:12:38Z,emailservice,productcatalogservice,0,0,0,0,0,0,0
2026-10-04T14:12:38Z,emailservice,recommendationservice,0,0,0,0,0,0,0
2026-10-04T14:12:38Z,emailservice,redis-cart,0,0,0,0,0,0,0
2026-10-04T14:12:38Z,emailservice,shippingservice,0,0,0,0,0,0,0
2026-10-04T14:12:38Z,frontend,adservice,870249,870247,0,0,0,2617682,869771
2026-10-04T14:12:38Z,frontend,cartservice,1953199,1953187,0,0,4,10744964,1951865
2026-10-04T14:12:38Z,frontend,checkoutservice,408590,198614,0,40061,169951,63717622,198420
2026-10-04T14:12:38Z,frontend,currencyservice,3103537,3103529,0,0,0,16216988,3101409
2026-10-04T14:12:38Z,frontend,emailservice,0,0,0,0,0,0,0
2026-10-04T14:12:38Z,frontend,frontend,0,0,0,0,0,0,0
2026-10-04T14:12:38Z,frontend,kubernetes,0,0,0,0,0,0,0
2026-10-04T14:12:38Z,frontend,paymentservice,0,0,0,0,0,0,0
2026-10-04T14:12:38Z,frontend,productcatalogservice,8662426,8662356,0,0,0,58999904,8657061
2026-10-04T14:12:38Z,frontend,recommendationservice,2868016,1724580,0,120618,1020262,877046306,1723439
2026-10-04T14:12:38Z,frontend,redis-cart,0,0,0,0,0,0,0
2026-10-04T14:12:38Z,frontend,shippingservice,319028,319026,0,0,0,961076,318843
2026-10-04T14:12:38Z,paymentservice,adservice,0,0,0,0,0,0,0
2026-10-04T14:12:38Z,paymentservice,cartservice,0,0,0,0,0,0,0
2026-10-04T14:12:38Z,paymentservice,checkoutservice,0,0,0,0,0,0,0
2026-10-04T14:12:38Z,paymentservice,currencyservice,0,0,0,0,0,0,0
2026-10-04T14:12:38Z,paymentservice,emailservice,0,0,0,0,0,0,0
2026-10-04T14:12:38Z,paymentservice,frontend,0,0,0,0,0,0,0
2026-10-04T14:12:38Z,paymentservice,kubernetes,0,0,0,0,0,0,0
2026-10-04T14:12:38Z,paymentservice,paymentservice,0,0,0,0,0,0,0
2026-10-04T14:12:38Z,paymentservice,productcatalogservice,0,0,0,0,0,0,0
2026-10-04T14:12:38Z,paymentservice,recommendationservice,0,0,0,0,0,0,0
2026-10-04T14:12:38Z,paymentservice,redis-cart,0,0,0,0,0,0,0
2026-10-04T14:12:38Z,paymentservice,shippingservice,0,0,0,0,0,0,0
2026-10-04T14:12:38Z,productcatalogservice,adservice,0,0,0,0,0,0,0
2026-10-04T14:12:38Z,productcatalogservice,cartservice,0,0,0,0,0,0,0
2026-10-04T14:12:38Z,productcatalogservice,checkoutservice,0,0,0,0,0,0,0
2026-10-04T14:12:38Z,productcatalogservice,currencyservice,0,0,0,0,0,0,0
2026-10-04T14:12:38Z,productcatalogservice,emailservice,0,0,0,0,0,0,0
2026-10-04T14:12:38Z,productcatalogservice,frontend,0,0,0,0,0,0,0
2026-10-04T14:12:38Z,productcatalogservice,kubernetes,0,0,0,0,0,0,0
2026-10-04T14:12:38Z,productcatalogservice,paymentservice,0,0,0,0,0,0,0
2026-10-04T14:12:38Z,productcatalogservice,productcatalogservice,0,0,0,0,0,0,0
2026-10-04T14:12:38Z,productcatalogservice,recommendationservice,0,0,0,0,0,0,0
2026-10-04T14:12:38Z,productcatalogservice,redis-cart,0,0,0,0,0,0,0
2026-10-04T14:12:38Z,productcatalogservice,shippingservice,0,0,0,0,0,0,0
2026-10-04T14:12:38Z,recommendationservice,adservice,0,0,0,0,0,0,0
2026-10-04T14:12:38Z,recommendationservice,cartservice,0,0,0,0,0,0,0
2026-10-04T14:12:38Z,recommendationservice,checkoutservice,0,0,0,0,0,0,0
2026-10-04T14:12:38Z,recommendationservice,currencyservice,0,0,0,0,0,0,0
2026-10-04T14:12:38Z,recommendationservice,emailservice,0,0,0,0,0,0,0
2026-10-04T14:12:38Z,recommendationservice,frontend,0,0,0,0,0,0,0
2026-10-04T14:12:38Z,recommendationservice,kubernetes,0,0,0,0,0,0,0
2026-10-04T14:12:38Z,recommendationservice,paymentservice,0,0,0,0,0,0,0
2026-10-04T14:12:38Z,recommendationservice,productcatalogservice,228136,228134,0,0,0,1472106,226851
2026-10-04T14:12:38Z,recommendationservice,recommendationservice,0,0,0,0,0,0,0
2026-10-04T14:12:38Z,recommendationservice,redis-cart,0,0,0,0,0,0,0
2026-10-04T14:12:38Z,recommendationservice,shippingservice,0,0,0,0,0,0,0
2026-10-04T14:12:38Z,redis-cart,adservice,0,0,0,0,0,0,0
2026-10-04T14:12:38Z,redis-cart,cartservice,0,0,0,0,0,0,0
2026-10-04T14:12:38Z,redis-cart,checkoutservice,0,0,0,0,0,0,0
2026-10-04T14:12:38Z,redis-cart,currencyservice,0,0,0,0,0,0,0
2026-10-04T14:12:38Z,redis-cart,emailservice,0,0,0,0,0,0,0
2026-10-04T14:12:38Z,redis-cart,frontend,0,0,0,0,0,0,0
2026-10-04T14:12:38Z,redis-cart,kubernetes,0,0,0,0,0,0,0
2026-10-04T14:12:38Z,redis-cart,paymentservice,0,0,0,0,0,0,0
2026-10-04T14:12:38Z,redis-cart,productcatalogservice,0,0,0,0,0,0,0
2026-10-04T14:12:38Z,redis-cart,recommendationservice,0,0,0,0,0,0,0
2026-10-04T14:12:38Z,redis-cart,redis-cart,0,0,0,0,0,0,0
2026-10-04T14:12:38Z,redis-cart,shippingservice,0,0,0,0,0,0,0
2026-10-04T14:12:38Z,shippingservice,adservice,0,0,0,0,0,0,0
2026-10-04T14:12:38Z,shippingservice,cartservice,0,0,0,0,0,0,0
2026-10-04T14:12:38Z,shippingservice,checkoutservice,0,0,0,0,0,0,0
2026-10-04T14:12:38Z,shippingservice,currencyservice,0,0,0,0,0,0,0
2026-10-04T14:12:38Z,shippingservice,emailservice,0,0,0,0,0,0,0
2026-10-04T14:12:38Z,shippingservice,frontend,0,0,0,0,0,0,0
2026-10-04T14:12:38Z,shippingservice,kubernetes,0,0,0,0,0,0,0
2026-10-04T14:12:38Z,shippingservice,paymentservice,0,0,0,0,0,0,0
2026-10-04T14:12:38Z,shippingservice,productcatalogservice,0,0,0,0,0,0,0
2026-10-04T14:12:38Z,shippingservice,recommendationservice,0,0,0,0,0,0,0
2026-10-04T14:12:38Z,shippingservice,redis-cart,0,0,0,0,0,0,0
2026-10-04T14:12:38Z,shippingservice,shippingservice,0,0,0,0,0,0,0
2026-10-04T14:12:39Z,adservice,adservice,0,0,0,0,0,0,0
2026-10-04T14:12:39Z,adservice,cartservice,0,0,0,0,0,0,0
2026-10-04T14:12:39Z,adservice,checkoutservice,0,0,0,0,0,0,0
2026-10-04T14:12:39Z,adservice,currencyservice,0,0,0,0,0,0,0
2026-10-04T14:12:39Z,adservice,emailservice,0,0,0,0,0,0,0
2026-10-04T14:12:39Z,adservice,frontend,0,0,0,0,0,0,0
2026-10-04T14:12:39Z,adservice,kubernetes,0,0,0,0,0,0,0
2026-10-04T14:12:39Z,adservice,paymentservice,0,0,0,0,0,0,0
2026-10-04T14:12:39Z,adservice,productcatalogservice,0,0,0,0,0,0,0
2026-10-04T14:12:39Z,adservice,recommendationservice,0,0,0,0,0,0,0
2026-10-04T14:12:39Z,adservice,redis-cart,0,0,0,0,0,0,0
2026-10-04T14:12:39Z,adservice,shippingservice,0,0,0,0,0,0,0
2026-10-04T14:12:39Z,cartservice,adservice,0,0,0,0,0,0,0
2026-10-04T14:12:39Z,cartservice,cartservice,0,0,0,0,0,0,0
2026-10-04T14:12:39Z,cartservice,checkoutservice,0,0,0,0,0,0,0
2026-10-04T14:12:39Z,cartservice,currencyservice,0,0,0,0,0,0,0
2026-10-04T14:12:39Z,cartservice,emailservice,0,0,0,0,0,0,0
2026-10-04T14:12:39Z,cartservice,frontend,0,0,0,0,0,0,0
2026-10-04T14:12:39Z,cartservice,kubernetes,0,0,0,0,0,0,0
2026-10-04T14:12:39Z,cartservice,paymentservice,0,0,0,0,0,0,0
2026-10-04T14:12:39Z,cartservice,productcatalogservice,0,0,0,0,0,0,0
2026-10-04T14:12:39Z,cartservice,recommendationservice,0,0,0,0,0,0,0
2026-10-04T14:12:39Z,cartservice,redis-cart,2,0,0,0,0,0,0
2026-10-04T14:12:39Z,cartservice,shippingservice,0,0,0,0,0,0,0
2026-10-04T14:12:39Z,checkoutservice,adservice,0,0,0,0,0,0,0
2026-10-04T14:12:39Z,checkoutservice,cartservice,76492,75561,0,100,0,773471,75376
2026-10-04T14:12:39Z,checkoutservice,checkoutservice,0,0,0,0,0,0,0
2026-10-04T14:12:39Z,checkoutservice,currencyservice,49644,49643,0,0,0,601295,49551
2026-10-04T14:12:39Z,checkoutservice,emailservice,20880,20587,0,66,0,665038,20494
2026-10-04T14:12:39Z,checkoutservice,frontend,0,0,0,0,0,0,0
2026-10-04T14:12:39Z,checkoutservice,kubernetes,0,0,0,0,0,0,0
2026-10-04T14:12:39Z,checkoutservice,paymentservice,42909,41061,0,192,0,477248,40821
2026-10-04T14:12:39Z,checkoutservice,productcatalogservice,0,0,0,0,0,0,0
2026-10-04T14:12:39Z,checkoutservice,recommendationservice,0,0,0,0,0,0,0
2026-10-04T14:12:39Z,checkoutservice,redis-cart,0,0,0,0,0,0,0
2026-10-04T14:12:39Z,checkoutservice,shippingservice,81803,79700,0,154,0,546930,79515
2026-10-04T14:12:39Z,currencyservice,adservice,0,0,0,0,0,0,0
2026-10-04T14:12:39Z,currencyservice,cartservice,0,0,0,0,0,0,0
2026-10-04T14:12:39Z,currencyservice,checkoutservice,0,0,0,0,0,0,0
2026-10-04T14:12:39Z,currencyservice,currencyservice,0,0,0,0,0,0,0
2026-10-04T14:12:39Z,currencyservice,emailservice,0,0,0,0,0,0,0
2026-10-04T14:12:39Z,currencyservice,frontend,0,0,0,0,0,0,0
2026-10-04T14:12:39Z,currencyservice,kubernetes,0,0,0,0,0,0,0
2026-10-04T14:12:39Z,currencyservice,paymentservice,0,0,0,0,0,0,0
2026-10-04T14:12:39Z,currencyservice,productcatalogservice,0,0,0,0,0,0,0
2026-10-04T14:12:39Z,currencyservice,recommendationservice,0,0,0,0,0,0,0
2026-10-04T14:12:39Z,currencyservice,redis-cart,0,0,0,0,0,0,0
2026-10-04T14:12:39Z,currencyservice,shippingservice,0,0,0,0,0,0,0
2026-10-04T14:12:39Z,emailservice,adservice,0,0,0,0,0,0,0
2026-10-04T14:12:39Z,emailservice,cartservice,0,0,0,0,0,0,0
2026-10-04T14:12:39Z,emailservice,checkoutservice,0,0,0,0,0,0,0
2026-10-04T14:12:39Z,emailservice,currencyservice,0,0,0,0,0,0,0
2026-10-04T14:12:39Z,emailservice,emailservice,0,0,0,0,0,0,0
2026-10-04T14:12:39Z,emailservice,frontend,0,0,0,0,0,0,0
2026-10-04T14:12:39Z,emailservice,kubernetes,0,0,0,0,0,0,0
2026-10-04T14:12:39Z,emailservice,paymentservice,0,0,0,0,0,0,0
2026-10-04T14:12:39Z,emailservice,productcatalogservice,0,0,0,0,0,0,0
2026-10-04T14:12:39Z,emailservice,recommendationservice,0,0,0,0,0,0,0
2026-10-04T14:12:39Z,emailservice,redis-cart,0,0,0,0,0,0,0
2026-10-04T14:12:39Z,emailservice,shippingservice,0,0,0,0,0,0,0
2026-10-04T14:12:39Z,frontend,adservice,870402,870396,0,0,0,2618909,870159
2026-10-04T14:12:39Z,frontend,cartservice,1953585,1953572,0,0,4,10749646,1952922
2026-10-04T14:12:39Z,frontend,checkoutservice,408638,198664,0,40061,169951,63734448,198569
2026-10-04T14:12:39Z,frontend,currencyservice,3104138,3104131,0,0,0,16223939,3103079
2026-10-04T14:12:39Z,frontend,emailservice,0,0,0,0,0,0,0
2026-10-04T14:12:39Z,frontend,frontend,0,0,0,0,0,0,0
2026-10-04T14:12:39Z,frontend,kubernetes,0,0,0,0,0,0,0
2026-10-04T14:12:39Z,frontend,paymentservice,0,0,0,0,0,0,0
2026-10-04T14:12:39Z,frontend,productcatalogservice,8663985,8663916,0,0,0,59021598,8661310
2026-10-04T14:12:39Z,frontend,recommendationservice,2868778,1724932,0,120663,1020644,877783846,1724351
2026-10-04T14:12:39Z,frontend,redis-cart,0,0,0,0,0,0,0
2026-10-04T14:12:39Z,frontend,shippingservice,319078,319076,0,0,0,961476,318989
2026-10-04T14:12:39Z,paymentservice,adservice,0,0,0,0,0,0,0
2026-10-04T14:12:39Z,paymentservice,cartservice,0,0,0,0,0,0,0
2026-10-04T14:12:39Z,paymentservice,checkoutservice,0,0,0,0,0,0,0
2026-10-04T14:12:39Z,paymentservice,currencyservice,0,0,0,0,0,0,0
2026-10-04T14:12:39Z,paymentservice,emailservice,0,0,0,0,0,0,0
2026-10-04T14:12:39Z,paymentservice,frontend,0,0,0,0,0,0,0
2026-10-04T14:12:39Z,paymentservice,kubernetes,0,0,0,0,0,0,0
2026-10-04T14:12:39Z,paymentservice,paymentservice,0,0,0,0,0,0,0
2026-10-04T14:12:39Z,paymentservice,productcatalogservice,0,0,0,0,0,0,0
2026-10-04T14:12:39Z,paymentservice,recommendationservice,0,0,0,0,0,0,0
2026-10-04T14:12:39Z,paymentservice,redis-cart,0,0,0,0,0,0,0
2026-10-04T14:12:39Z,paymentservice,shippingservice,0,0,0,0,0,0,0
2026-10-04T14:12:39Z,productcatalogservice,adservice,0,0,0,0,0,0,0
2026-10-04T14:12:39Z,productcatalogservice,cartservice,0,0,0,0,0,0,0
2026-10-04T14:12:39Z,productcatalogservice,checkoutservice,0,0,0,0,0,0,0
2026-10-04T14:12:39Z,productcatalogservice,currencyservice,0,0,0,0,0,0,0
2026-10-04T14:12:39Z,productcatalogservice,emailservice,0,0,0,0,0,0,0
2026-10-04T14:12:39Z,productcatalogservice,frontend,0,0,0,0,0,0,0
2026-10-04T14:12:39Z,productcatalogservice,kubernetes,0,0,0,0,0,0,0
2026-10-04T14:12:39Z,productcatalogservice,paymentservice,0,0,0,0,0,0,0
2026-10-04T14:12:39Z,productcatalogservice,productcatalogservice,0,0,0,0,0,0,0
2026-10-04T14:12:39Z,productcatalogservice,recommendationservice,0,0,0,0,0,0,0
2026-10-04T14:12:39Z,productcatalogservice,redis-cart,0,0,0,0,0,0,0
2026-10-04T14:12:39Z,productcatalogservice,shippingservice,0,0,0,0,0,0,0
2026-10-04T14:12:39Z,recommendationservice,adservice,0,0,0,0,0,0,0
2026-10-04T14:12:39Z,recommendationservice,cartservice,0,0,0,0,0,0,0
2026-10-04T14:12:39Z,recommendationservice,checkoutservice,0,0,0,0,0,0,0
2026-10-04T14:12:39Z,recommendationservice,currencyservice,0,0,0,0,0,0,0
2026-10-04T14:12:39Z,recommendationservice,emailservice,0,0,0,0,0,0,0
2026-10-04T14:12:39Z,recommendationservice,frontend,0,0,0,0,0,0,0
2026-10-04T14:12:39Z,recommendationservice,kubernetes,0,0,0,0,0,0,0
2026-10-04T14:12:39Z,recommendationservice,paymentservice,0,0,0,0,0,0,0
2026-10-04T14:12:39Z,recommendationservice,productcatalogservice,228591,228590,0,0,0,1472106,226851
2026-10-04T14:12:39Z,recommendationservice,recommendationservice,0,0,0,0,0,0,0
2026-10-04T14:12:39Z,recommendationservice,redis-cart,0,0,0,0,0,0,0
2026-10-04T14:12:39Z,recommendationservice,shippingservice,0,0,0,0,0,0,0
2026-10-04T14:12:39Z,redis-cart,adservice,0,0,0,0,0,0,0
2026-10-04T14:12:39Z,redis-cart,cartservice,0,0,0,0,0,0,0
2026-10-04T14:12:39Z,redis-cart,checkoutservice,0,0,0,0,0,0,0
2026-10-04T14:12:39Z,redis-cart,currencyservice,0,0,0,0,0,0,0
2026-10-04T14:12:39Z,redis-cart,emailservice,0,0,0,0,0,0,0
2026-10-04T14:12:39Z,redis-cart,frontend,0,0,0,0,0,0,0
2026-10-04T14:12:39Z,redis-cart,kubernetes,0,0,0,0,0,0,0
2026-10-04T14:12:39Z,redis-cart,paymentservice,0,0,0,0,0,0,0
2026-10-04T14:12:39Z,redis-cart,productcatalogservice,0,0,0,0,0,0,0
2026-10-04T14:12:39Z,redis-cart,recommendationservice,0,0,0,0,0,0,0
2026-10-04T14:12:39Z,redis-cart,redis-cart,0,0,0,0,0,0,0
2026-10-04T14:12:39Z,redis-cart,shippingservice,0,0,0,0,0,0,0
2026-10-04T14:12:39Z,shippingservice,adservice,0,0,0,0,0,0,0
2026-10-04T14:12:39Z,shippingservice,cartservice,0,0,0,0,0,0,0
2026-10-04T14:12:39Z,shippingservice,checkoutservice,0,0,0,0,0,0,0
2026-10-04T14:12:39Z,shippingservice,currencyservice,0,0,0,0,0,0,0
2026-10-04T14:12:39Z,shippingservice,emailservice,0,0,0,0,0,0,0
2026-10-04T14:12:39Z,shippingservice,frontend,0,0,0,0,0,0,0
2026-10-04T14:12:39Z,shippingservice,kubernetes,0,0,0,0,0,0,0
2026-10-04T14:12:39Z,shippingservice,paymentservice,0,0,0,0,0,0,0
2026-10-04T14:12:39Z,shippingservice,productcatalogservice,0,0,0,0,0,0,0
2026-10-04T14:12:39Z,shippingservice,recommendationservice,0,0,0,0,0,0,0
2026-10-04T14:12:39Z,shippingservice,redis-cart,0,0,0,0,0,0,0
2026-10-04T14:12:39Z,shippingservice,shippingservice,0,0,0,0,0,0,0
2026-10-04T14:12:40Z,adservice,adservice,0,0,0,0,0,0,0
2026-10-04T14:12:40Z,adservice,cartservice,0,0,0,0,0,0,0
2026-10-04T14:12:40Z,adservice,checkoutservice,0,0,0,0,0,0,0
2026-10-04T14:12:40Z,adservice,currencyservice,0,0,0,0,0,0,0
2026-10-04T14:12:40Z,adservice,emailservice,0,0,0,0,0,0,0
2026-10-04T14:12:40Z,adservice,frontend,0,0,0,0,0,0,0
2026-10-04T14:12:40Z,adservice,kubernetes,0,0,0,0,0,0,0
2026-10-04T14:12:40Z,adservice,paymentservice,0,0,0,0,0,0,0
2026-10-04T14:12:40Z,adservice,productcatalogservice,0,0,0,0,0,0,0
2026-10-04T14:12:40Z,adservice,recommendationservice,0,0,0,0,0,0,0
2026-10-04T14:12:40Z,adservice,redis-cart,0,0,0,0,0,0,0
2026-10-04T14:12:40Z,adservice,shippingservice,0,0,0,0,0,0,0
2026-10-04T14:12:40Z,cartservice,adservice,0,0,0,0,0,0,0
2026-10-04T14:12:40Z,cartservice,cartservice,0,0,0,0,0,0,0
2026-10-04T14:12:40Z,cartservice,checkoutservice,0,0,0,0,0,0,0
2026-10-04T14:12:40Z,cartservice,currencyservice,0,0,0,0,0,0,0
2026-10-04T14:12:40Z,cartservice,emailservice,0,0,0,0,0,0,0
2026-10-04T14:12:40Z,cartservice,frontend,0,0,0,0,0,0,0
2026-10-04T14:12:40Z,cartservice,kubernetes,0,0,0,0,0,0,0
2026-10-04T14:12:40Z,cartservice,paymentservice,0,0,0,0,0,0,0
2026-10-04T14:12:40Z,cartservice,productcatalogservice,0,0,0,0,0,0,0
2026-10-04T14:12:40Z,cartservice,recommendationservice,0,0,0,0,0,0,0
2026-10-04T14:12:40Z,cartservice,redis-cart,2,0,0,0,0,0,0
2026-10-04T14:12:40Z,cartservice,shippingservice,0,0,0,0,0,0,0
2026-10-04T14:12:40Z,checkoutservice,adservice,0,0,0,0,0,0,0
2026-10-04T14:12:40Z,checkoutservice,cartservice,76603,75672,0,100,0,773471,75376
2026-10-04T14:12:40Z,checkoutservice,checkoutservice,0,0,0,0,0,0,0
2026-10-04T14:12:40Z,checkoutservice,currencyservice,49699,49699,0,0,0,601295,49551
2026-10-04T14:12:40Z,checkoutservice,emailservice,20937,20644,0,66,0,665038,20494
2026-10-04T14:12:40Z,checkoutservice,frontend,0,0,0,0,0,0,0
2026-10-04T14:12:40Z,checkoutservice,kubernetes,0,0,0,0,0,0,0
2026-10-04T14:12:40Z,checkoutservice,paymentservice,42965,41117,0,192,0,477248,40821
2026-10-04T14:12:40Z,checkoutservice,productcatalogservice,0,0,0,0,0,0,0
2026-10-04T14:12:40Z,checkoutservice,recommendationservice,0,0,0,0,0,0,0
2026-10-04T14:12:40Z,checkoutservice,redis-cart,0,0,0,0,0,0,0
2026-10-04T14:12:40Z,checkoutservice,shippingservice,81914,79811,0,154,0,546930,79515
2026-10-04T14:12:40Z,currencyservice,adservice,0,0,0,0,0,0,0
2026-10-04T14:12:40Z,currencyservice,cartservice,0,0,0,0,0,0,0
2026-10-04T14:12:40Z,currencyservice,checkoutservice,0,0,0,0,0,0,0
2026-10-04T14:12:40Z,currencyservice,currencyservice,0,0,0,0,0,0,0
2026-10-04T14:12:40Z,currencyservice,emailservice,0,0,0,0,0,0,0
2026-10-04T14:12:40Z,currencyservice,frontend,0,0,0,0,0,0,0
2026-10-04T14:12:40Z,currencyservice,kubernetes,0,0,0,0,0,0,0
2026-10-04T14:12:40Z,currencyservice,paymentservice,0,0,0,0,0,0,0
2026-10-04T14:12:40Z,currencyservice,productcatalogservice,0,0,0,0,0,0,0
2026-10-04T14:12:40Z,currencyservice,recommendationservice,0,0,0,0,0,0,0
2026-10-04T14:12:40Z,currencyservice,redis-cart,0,0,0,0,0,0,0
2026-10-04T14:12:40Z,currencyservice,shippingservice,0,0,0,0,0,0,0
2026-10-04T14:12:40Z,emailservice,adservice,0,0,0,0,0,0,0
2026-10-04T14:12:40Z,emailservice,cartservice,0,0,0,0,0,0,0
2026-10-04T14:12:40Z,emailservice,checkoutservice,0,0,0,0,0,0,0
2026-10-04T14:12:40Z,emailservice,currencyservice,0,0,0,0,0,0,0
2026-10-04T14:12:40Z,emailservice,emailservice,0,0,0,0,0,0,0
2026-10-04T14:12:40Z,emailservice,frontend,0,0,0,0,0,0,0
2026-10-04T14:12:40Z,emailservice,kubernetes,0,0,0,0,0,0,0
2026-10-04T14:12:40Z,emailservice,paymentservice,0,0,0,0,0,0,0
2026-10-04T14:12:40Z,emailservice,productcatalogservice,0,0,0,0,0,0,0
2026-10-04T14:12:40Z,emailservice,recommendationservice,0,0,0,0,0,0,0
2026-10-04T14:12:40Z,emailservice,redis-cart,0,0,0,0,0,0,0
2026-10-04T14:12:40Z,emailservice,shippingservice,0,0,0,0,0,0,0
2026-10-04T14:12:40Z,frontend,adservice,870552,870548,0,0,0,2619265,870314
2026-10-04T14:12:40Z,frontend,cartservice,1954007,1953993,0,0,4,10751578,1953346
2026-10-04T14:12:40Z,frontend,checkoutservice,408691,198719,0,40061,169951,63742720,198640
2026-10-04T14:12:40Z,frontend,currencyservice,3104815,3104808,0,0,0,16226598,3103775
2026-10-04T14:12:40Z,frontend,emailservice,0,0,0,0,0,0,0
2026-10-04T14:12:40Z,frontend,frontend,0,0,0,0,0,0,0
2026-10-04T14:12:40Z,frontend,kubernetes,0,0,0,0,0,0,0
2026-10-04T14:12:40Z,frontend,paymentservice,0,0,0,0,0,0,0
2026-10-04T14:12:40Z,frontend,productcatalogservice,8665570,8665497,0,0,0,59032786,8663063
2026-10-04T14:12:40Z,frontend,recommendationservice,2869535,1725316,0,120711,1020970,878087531,1724727
2026-10-04T14:12:40Z,frontend,redis-cart,0,0,0,0,0,0,0
2026-10-04T14:12:40Z,frontend,shippingservice,319126,319124,0,0,0,961640,319051
2026-10-04T14:12:40Z,paymentservice,adservice,0,0,0,0,0,0,0
2026-10-04T14:12:40Z,paymentservice,cartservice,0,0,0,0,0,0,0
2026-10-04T14:12:40Z,paymentservice,checkoutservice,0,0,0,0,0,0,0
2026-10-04T14:12:40Z,paymentservice,currencyservice,0,0,0,0,0,0,0
2026-10-04T14:12:40Z,paymentservice,emailservice,0,0,0,0,0,0,0
2026-10-04T14:12:40Z,paymentservice,frontend,0,0,0,0,0,0,0
2026-10-04T14:12:40Z,paymentservice,kubernetes,0,0,0,0,0,0,0
2026-10-04T14:12:40Z,paymentservice,paymentservice,0,0,0,0,0,0,0
2026-10-04T14:12:40Z,paymentservice,productcatalogservice,0,0,0,0,0,0,0
2026-10-04T14:12:40Z,paymentservice,recommendationservice,0,0,0,0,0,0,0
2026-10-04T14:12:40Z,paymentservice,redis-cart,0,0,0,0,0,0,0
2026-10-04T14:12:40Z,paymentservice,shippingservice,0,0,0,0,0,0,0
2026-10-04T14:12:40Z,productcatalogservice,adservice,0,0,0,0,0,0,0
2026-10-04T14:12:40Z,productcatalogservice,cartservice,0,0,0,0,0,0,0
2026-10-04T14:12:40Z,productcatalogservice,checkoutservice,0,0,0,0,0,0,0
2026-10-04T14:12:40Z,productcatalogservice,currencyservice,0,0,0,0,0,0,0
2026-10-04T14:12:40Z,productcatalogservice,emailservice,0,0,0,0,0,0,0
2026-10-04T14:12:40Z,productcatalogservice,frontend,0,0,0,0,0,0,0
2026-10-04T14:12:40Z,productcatalogservice,kubernetes,0,0,0,0,0,0,0
2026-10-04T14:12:40Z,productcatalogservice,paymentservice,0,0,0,0,0,0,0
2026-10-04T14:12:40Z,productcatalogservice,productcatalogservice,0,0,0,0,0,0,0
2026-10-04T14:12:40Z,productcatalogservice,recommendationservice,0,0,0,0,0,0,0
2026-10-04T14:12:40Z,productcatalogservice,redis-cart,0,0,0,0,0,0,0
2026-10-04T14:12:40Z,productcatalogservice,shippingservice,0,0,0,0,0,0,0
2026-10-04T14:12:40Z,recommendationservice,adservice,0,0,0,0,0,0,0
2026-10-04T14:12:40Z,recommendationservice,cartservice,0,0,0,0,0,0,0
2026-10-04T14:12:40Z,recommendationservice,checkoutservice,0,0,0,0,0,0,0
2026-10-04T14:12:40Z,recommendationservice,currencyservice,0,0,0,0,0,0,0
2026-10-04T14:12:40Z,recommendationservice,emailservice,0,0,0,0,0,0,0
2026-10-04T14:12:40Z,recommendationservice,frontend,0,0,0,0,0,0,0
2026-10-04T14:12:40Z,recommendationservice,kubernetes,0,0,0,0,0,0,0
2026-10-04T14:12:40Z,recommendationservice,paymentservice,0,0,0,0,0,0,0
2026-10-04T14:12:40Z,recommendationservice,productcatalogservice,229083,229080,0,0,0,1483956,229068
2026-10-04T14:12:40Z,recommendationservice,recommendationservice,0,0,0,0,0,0,0
2026-10-04T14:12:40Z,recommendationservice,redis-cart,0,0,0,0,0,0,0
2026-10-04T14:12:40Z,recommendationservice,shippingservice,0,0,0,0,0,0,0
2026-10-04T14:12:40Z,redis-cart,adservice,0,0,0,0,0,0,0
2026-10-04T14:12:40Z,redis-cart,cartservice,0,0,0,0,0,0,0
2026-10-04T14:12:40Z,redis-cart,checkoutservice,0,0,0,0,0,0,0
2026-10-04T14:12:40Z,redis-cart,currencyservice,0,0,0,0,0,0,0
2026-10-04T14:12:40Z,redis-cart,emailservice,0,0,0,0,0,0,0
2026-10-04T14:12:40Z,redis-cart,frontend,0,0,0,0,0,0,0
2026-10-04T14:12:40Z,redis-cart,kubernetes,0,0,0,0,0,0,0
2026-10-04T14:12:40Z,redis-cart,paymentservice,0,0,0,0,0,0,0
2026-10-04T14:12:40Z,redis-cart,productcatalogservice,0,0,0,0,0,0,0
2026-10-04T14:12:40Z,redis-cart,recommendationservice,0,0,0,0,0,0,0
2026-10-04T14:12:40Z,redis-cart,redis-cart,0,0,0,0,0,0,0
2026-10-04T14:12:40Z,redis-cart,shippingservice,0,0,0,0,0,0,0
2026-10-04T14:12:40Z,shippingservice,adservice,0,0,0,0,0,0,0
2026-10-04T14:12:40Z,shippingservice,cartservice,0,0,0,0,0,0,0
2026-10-04T14:12:40Z,shippingservice,checkoutservice,0,0,0,0,0,0,0
2026-10-04T14:12:40Z,shippingservice,currencyservice,0,0,0,0,0,0,0
2026-10-04T14:12:40Z,shippingservice,emailservice,0,0,0,0,0,0,0
2026-10-04T14:12:40Z,shippingservice,frontend,0,0,0,0,0,0,0
2026-10-04T14:12:40Z,shippingservice,kubernetes,0,0,0,0,0,0,0
2026-10-04T14:12:40Z,shippingservice,paymentservice,0,0,0,0,0,0,0
2026-10-04T14:12:40Z,shippingservice,productcatalogservice,0,0,0,0,0,0,0
2026-10-04T14:12:40Z,shippingservice,recommendationservice,0,0,0,0,0,0,0
2026-10-04T14:12:40Z,shippingservice,redis-cart,0,0,0,0,0,0,0
2026-10-04T14:12:40Z,shippingservice,shippingservice,0,0,0,0,0,0,0
2026-10-04T14:12:41Z,adservice,adservice,0,0,0,0,0,0,0
2026-10-04T14:12:41Z,adservice,cartservice,0,0,0,0,0,0,0
2026-10-04T14:12:41Z,adservice,checkoutservice,0,0,0,0,0,0,0
2026-10-04T14:12:41Z,adservice,currencyservice,0,0,0,0,0,0,0
2026-10-04T14:12:41Z,adservice,emailservice,0,0,0,0,0,0,0
2026-10-04T14:12:41Z,adservice,frontend,0,0,0,0,0,0,0
2026-10-04T14:12:41Z,adservice,kubernetes,0,0,0,0,0,0,0
2026-10-04T14:12:41Z,adservice,paymentservice,0,0,0,0,0,0,0
2026-10-04T14:12:41Z,adservice,productcatalogservice,0,0,0,0,0,0,0
2026-10-04T14:12:41Z,adservice,recommendationservice,0,0,0,0,0,0,0
2026-10-04T14:12:41Z,adservice,redis-cart,0,0,0,0,0,0,0
2026-10-04T14:12:41Z,adservice,shippingservice,0,0,0,0,0,0,0
2026-10-04T14:12:41Z,cartservice,adservice,0,0,0,0,0,0,0
2026-10-04T14:12:41Z,cartservice,cartservice,0,0,0,0,0,0,0
2026-10-04T14:12:41Z,cartservice,checkoutservice,0,0,0,0,0,0,0
2026-10-04T14:12:41Z,cartservice,currencyservice,0,0,0,0,0,0,0
2026-10-04T14:12:41Z,cartservice,emailservice,0,0,0,0,0,0,0
2026-10-04T14:12:41Z,cartservice,frontend,0,0,0,0,0,0,0
2026-10-04T14:12:41Z,cartservice,kubernetes,0,0,0,0,0,0,0
2026-10-04T14:12:41Z,cartservice,paymentservice,0,0,0,0,0,0,0
2026-10-04T14:12:41Z,cartservice,productcatalogservice,0,0,0,0,0,0,0
2026-10-04T14:12:41Z,cartservice,recommendationservice,0,0,0,0,0,0,0
2026-10-04T14:12:41Z,cartservice,redis-cart,2,0,0,0,0,0,0
2026-10-04T14:12:41Z,cartservice,shippingservice,0,0,0,0,0,0,0
2026-10-04T14:12:41Z,checkoutservice,adservice,0,0,0,0,0,0,0
2026-10-04T14:12:41Z,checkoutservice,cartservice,76734,75803,0,100,0,773471,75376
2026-10-04T14:12:41Z,checkoutservice,checkoutservice,0,0,0,0,0,0,0
2026-10-04T14:12:41Z,checkoutservice,currencyservice,49765,49765,0,0,0,601295,49551
2026-10-04T14:12:41Z,checkoutservice,emailservice,21002,20706,0,66,0,665038,20494
2026-10-04T14:12:41Z,checkoutservice,frontend,0,0,0,0,0,0,0
2026-10-04T14:12:41Z,checkoutservice,kubernetes,0,0,0,0,0,0,0
2026-10-04T14:12:41Z,checkoutservice,paymentservice,43031,41183,0,192,0,477248,40821
2026-10-04T14:12:41Z,checkoutservice,productcatalogservice,0,0,0,0,0,0,0
2026-10-04T14:12:41Z,checkoutservice,recommendationservice,0,0,0,0,0,0,0
2026-10-04T14:12:41Z,checkoutservice,redis-cart,0,0,0,0,0,0,0
2026-10-04T14:12:41Z,checkoutservice,shippingservice,82045,79942,0,154,0,546930,79515
2026-10-04T14:12:41Z,currencyservice,adservice,0,0,0,0,0,0,0
2026-10-04T14:12:41Z,currencyservice,cartservice,0,0,0,0,0,0,0
2026-10-04T14:12:41Z,currencyservice,checkoutservice,0,0,0,0,0,0,0
2026-10-04T14:12:41Z,currencyservice,currencyservice,0,0,0,0,0,0,0
2026-10-04T14:12:41Z,currencyservice,emailservice,0,0,0,0,0,0,0
2026-10-04T14:12:41Z,currencyservice,frontend,0,0,0,0,0,0,0
2026-10-04T14:12:41Z,currencyservice,kubernetes,0,0,0,0,0,0,0
2026-10-04T14:12:41Z,currencyservice,paymentservice,0,0,0,0,0,0,0
2026-10-04T14:12:41Z,currencyservice,productcatalogservice,0,0,0,0,0,0,0
2026-10-04T14:12:41Z,currencyservice,recommendationservice,0,0,0,0,0,0,0
2026-10-04T14:12:41Z,currencyservice,redis-cart,0,0,0,0,0,0,0
2026-10-04T14:12:41Z,currencyservice,shippingservice,0,0,0,0,0,0,0
2026-10-04T14:12:41Z,emailservice,adservice,0,0,0,0,0,0,0
2026-10-04T14:12:41Z,emailservice,cartservice,0,0,0,0,0,0,0
2026-10-04T14:12:41Z,emailservice,checkoutservice,0,0,0,0,0,0,0
2026-10-04T14:12:41Z,emailservice,currencyservice,0,0,0,0,0,0,0
2026-10-04T14:12:41Z,emailservice,emailservice,0,0,0,0,0,0,0
2026-10-04T14:12:41Z,emailservice,frontend,0,0,0,0,0,0,0
2026-10-04T14:12:41Z,emailservice,kubernetes,0,0,0,0,0,0,0
2026-10-04T14:12:41Z,emailservice,paymentservice,0,0,0,0,0,0,0
2026-10-04T14:12:41Z,emailservice,productcatalogservice,0,0,0,0,0,0,0
2026-10-04T14:12:41Z,emailservice,recommendationservice,0,0,0,0,0,0,0
2026-10-04T14:12:41Z,emailservice,redis-cart,0,0,0,0,0,0,0
2026-10-04T14:12:41Z,emailservice,shippingservice,0,0,0,0,0,0,0
2026-10-04T14:12:41Z,frontend,adservice,870699,870697,0,0,0,2619265,870314
2026-10-04T14:12:41Z,frontend,cartservice,1954417,1954405,0,0,4,10751578,1953346
2026-10-04T14:12:41Z,frontend,checkoutservice,408756,198781,0,40061,169951,63742720,198640
2026-10-04T14:12:41Z,frontend,currencyservice,3105458,3105450,0,0,0,16226598,3103775
2026-10-04T14:12:41Z,frontend,emailservice,0,0,0,0,0,0,0
2026-10-04T14:12:41Z,frontend,frontend,0,0,0,0,0,0,0
2026-10-04T14:12:41Z,frontend,kubernetes,0,0,0,0,0,0,0
2026-10-04T14:12:41Z,frontend,paymentservice,0,0,0,0,0,0,0
2026-10-04T14:12:41Z,frontend,productcatalogservice,8667197,8667128,0,0,0,59032786,8663063
2026-10-04T14:12:41Z,frontend,recommendationservice,2870235,1725697,0,120722,1021278,878087531,1724727
2026-10-04T14:12:41Z,frontend,redis-cart,0,0,0,0,0,0,0
2026-10-04T14:12:41Z,frontend,shippingservice,319178,319175,0,0,0,961640,319051
2026-10-04T14:12:41Z,paymentservice,adservice,0,0,0,0,0,0,0
2026-10-04T14:12:41Z,paymentservice,cartservice,0,0,0,0,0,0,0
2026-10-04T14:12:41Z,paymentservice,checkoutservice,0,0,0,0,0,0,0
2026-10-04T14:12:41Z,paymentservice,currencyservice,0,0,0,0,0,0,0
2026-10-04T14:12:41Z,paymentservice,emailservice,0,0,0,0,0,0,0
2026-10-04T14:12:41Z,paymentservice,frontend,0,0,0,0,0,0,0
2026-10-04T14:12:41Z,paymentservice,kubernetes,0,0,0,0,0,0,0
2026-10-04T14:12:41Z,paymentservice,paymentservice,0,0,0,0,0,0,0
2026-10-04T14:12:41Z,paymentservice,productcatalogservice,0,0,0,0,0,0,0
2026-10-04T14:12:41Z,paymentservice,recommendationservice,0,0,0,0,0,0,0
2026-10-04T14:12:41Z,paymentservice,redis-cart,0,0,0,0,0,0,0
2026-10-04T14:12:41Z,paymentservice,shippingservice,0,0,0,0,0,0,0
2026-10-04T14:12:41Z,productcatalogservice,adservice,0,0,0,0,0,0,0
2026-10-04T14:12:41Z,productcatalogservice,cartservice,0,0,0,0,0,0,0
2026-10-04T14:12:41Z,productcatalogservice,checkoutservice,0,0,0,0,0,0,0
2026-10-04T14:12:41Z,productcatalogservice,currencyservice,0,0,0,0,0,0,0
2026-10-04T14:12:41Z,productcatalogservice,emailservice,0,0,0,0,0,0,0
2026-10-04T14:12:41Z,productcatalogservice,frontend,0,0,0,0,0,0,0
2026-10-04T14:12:41Z,productcatalogservice,kubernetes,0,0,0,0,0,0,0
2026-10-04T14:12:41Z,productcatalogservice,paymentservice,0,0,0,0,0,0,0
2026-10-04T14:12:41Z,productcatalogservice,productcatalogservice,0,0,0,0,0,0,0
2026-10-04T14:12:41Z,productcatalogservice,recommendationservice,0,0,0,0,0,0,0
2026-10-04T14:12:41Z,productcatalogservice,redis-cart,0,0,0,0,0,0,0
2026-10-04T14:12:41Z,productcatalogservice,shippingservice,0,0,0,0,0,0,0
2026-10-04T14:12:41Z,recommendationservice,adservice,0,0,0,0,0,0,0
2026-10-04T14:12:41Z,recommendationservice,cartservice,0,0,0,0,0,0,0
2026-10-04T14:12:41Z,recommendationservice,checkoutservice,0,0,0,0,0,0,0
2026-10-04T14:12:41Z,recommendationservice,currencyservice,0,0,0,0,0,0,0
2026-10-04T14:12:41Z,recommendationservice,emailservice,0,0,0,0,0,0,0
2026-10-04T14:12:41Z,recommendationservice,frontend,0,0,0,0,0,0,0
2026-10-04T14:12:41Z,recommendationservice,kubernetes,0,0,0,0,0,0,0
2026-10-04T14:12:41Z,recommendationservice,paymentservice,0,0,0,0,0,0,0
2026-10-04T14:12:41Z,recommendationservice,productcatalogservice,229479,229479,0,0,0,1483956,229068
2026-10-04T14:12:41Z,recommendationservice,recommendationservice,0,0,0,0,0,0,0
2026-10-04T14:12:41Z,recommendationservice,redis-cart,0,0,0,0,0,0,0
2026-10-04T14:12:41Z,recommendationservice,shippingservice,0,0,0,0,0,0,0
2026-10-04T14:12:41Z,redis-cart,adservice,0,0,0,0,0,0,0
2026-10-04T14:12:41Z,redis-cart,cartservice,0,0,0,0,0,0,0
2026-10-04T14:12:41Z,redis-cart,checkoutservice,0,0,0,0,0,0,0
2026-10-04T14:12:41Z,redis-cart,currencyservice,0,0,0,0,0,0,0
2026-10-04T14:12:41Z,redis-cart,emailservice,0,0,0,0,0,0,0
2026-10-04T14:12:41Z,redis-cart,frontend,0,0,0,0,0,0,0
2026-10-04T14:12:41Z,redis-cart,kubernetes,0,0,0,0,0,0,0
2026-10-04T14:12:41Z,redis-cart,paymentservice,0,0,0,0,0,0,0
2026-10-04T14:12:41Z,redis-cart,productcatalogservice,0,0,0,0,0,0,0
2026-10-04T14:12:41Z,redis-cart,recommendationservice,0,0,0,0,0,0,0
2026-10-04T14:12:41Z,redis-cart,redis-cart,0,0,0,0,0,0,0
2026-10-04T14:12:41Z,redis-cart,shippingservice,0,0,0,0,0,0,0
2026-10-04T14:12:41Z,shippingservice,adservice,0,0,0,0,0,0,0
2026-10-04T14:12:41Z,shippingservice,cartservice,0,0,0,0,0,0,0
2026-10-04T14:12:41Z,shippingservice,checkoutservice,0,0,0,0,0,0,0
2026-10-04T14:12:41Z,shippingservice,currencyservice,0,0,0,0,0,0,0
2026-10-04T14:12:41Z,shippingservice,emailservice,0,0,0,0,0,0,0
2026-10-04T14:12:41Z,shippingservice,frontend,0,0,0,0,0,0,0
2026-10-04T14:12:41Z,shippingservice,kubernetes,0,0,0,0,0,0,0
2026-10-04T14:12:41Z,shippingservice,paymentservice,0,0,0,0,0,0,0
2026-10-04T14:12:41Z,shippingservice,productcatalogservice,0,0,0,0,0,0,0
2026-10-04T14:12:41Z,shippingservice,recommendationservice,0,0,0,0,0,0,0
2026-10-04T14:12:41Z,shippingservice,redis-cart,0,0,0,0,0,0,0
2026-10-04T14:12:41Z,shippingservice,shippingservice,0,0,0,0,0,0,0
2026-10-04T14:12:42Z,adservice,adservice,0,0,0,0,0,0,0
2026-10-04T14:12:42Z,adservice,cartservice,0,0,0,0,0,0,0
2026-10-04T14:12:42Z,adservice,checkoutservice,0,0,0,0,0,0,0
2026-10-04T14:12:42Z,adservice,currencyservice,0,0,0,0,0,0,0
2026-10-04T14:12:42Z,adservice,emailservice,0,0,0,0,0,0,0
2026-10-04T14:12:42Z,adservice,frontend,0,0,0,0,0,0,0
2026-10-04T14:12:42Z,adservice,kubernetes,0,0,0,0,0,0,0
2026-10-04T14:12:42Z,adservice,paymentservice,0,0,0,0,0,0,0
2026-10-04T14:12:42Z,adservice,productcatalogservice,0,0,0,0,0,0,0
2026-10-04T14:12:42Z,adservice,recommendationservice,0,0,0,0,0,0,0
2026-10-04T14:12:42Z,adservice,redis-cart,0,0,0,0,0,0,0
2026-10-04T14:12:42Z,adservice,shippingservice,0,0,0,0,0,0,0
2026-10-04T14:12:42Z,cartservice,adservice,0,0,0,0,0,0,0
2026-10-04T14:12:42Z,cartservice,cartservice,0,0,0,0,0,0,0
2026-10-04T14:12:42Z,cartservice,checkoutservice,0,0,0,0,0,0,0
2026-10-04T14:12:42Z,cartservice,currencyservice,0,0,0,0,0,0,0
2026-10-04T14:12:42Z,cartservice,emailservice,0,0,0,0,0,0,0
2026-10-04T14:12:42Z,cartservice,frontend,0,0,0,0,0,0,0
2026-10-04T14:12:42Z,cartservice,kubernetes,0,0,0,0,0,0,0
2026-10-04T14:12:42Z,cartservice,paymentservice,0,0,0,0,0,0,0
2026-10-04T14:12:42Z,cartservice,productcatalogservice,0,0,0,0,0,0,0
2026-10-04T14:12:42Z,cartservice,recommendationservice,0,0,0,0,0,0,0
2026-10-04T14:12:42Z,cartservice,redis-cart,2,0,0,0,0,0,0
2026-10-04T14:12:42Z,cartservice,shippingservice,0,0,0,0,0,0,0
2026-10-04T14:12:42Z,checkoutservice,adservice,0,0,0,0,0,0,0
2026-10-04T14:12:42Z,checkoutservice,cartservice,76819,75888,0,100,0,775636,75884
2026-10-04T14:12:42Z,checkoutservice,checkoutservice,0,0,0,0,0,0,0
2026-10-04T14:12:42Z,checkoutservice,currencyservice,49807,49807,0,0,0,602255,49806
2026-10-04T14:12:42Z,checkoutservice,emailservice,21045,20752,0,66,0,670617,20748
2026-10-04T14:12:42Z,checkoutservice,frontend,0,0,0,0,0,0,0
2026-10-04T14:12:42Z,checkoutservice,kubernetes,0,0,0,0,0,0,0
2026-10-04T14:12:42Z,checkoutservice,paymentservice,43073,41225,0,192,0,478073,41076
2026-10-04T14:12:42Z,checkoutservice,productcatalogservice,0,0,0,0,0,0,0
2026-10-04T14:12:42Z,checkoutservice,recommendationservice,0,0,0,0,0,0,0
2026-10-04T14:12:42Z,checkoutservice,redis-cart,0,0,0,0,0,0,0
2026-10-04T14:12:42Z,checkoutservice,shippingservice,82130,80027,0,154,0,547926,80022
2026-10-04T14:12:42Z,currencyservice,adservice,0,0,0,0,0,0,0
2026-10-04T14:12:42Z,currencyservice,cartservice,0,0,0,0,0,0,0
2026-10-04T14:12:42Z,currencyservice,checkoutservice,0,0,0,0,0,0,0
2026-10-04T14:12:42Z,currencyservice,currencyservice,0,0,0,0,0,0,0
2026-10-04T14:12:42Z,currencyservice,emailservice,0,0,0,0,0,0,0
2026-10-04T14:12:42Z,currencyservice,frontend,0,0,0,0,0,0,0
2026-10-04T14:12:42Z,currencyservice,kubernetes,0,0,0,0,0,0,0
2026-10-04T14:12:42Z,currencyservice,paymentservice,0,0,0,0,0,0,0
2026-10-04T14:12:42Z,currencyservice,productcatalogservice,0,0,0,0,0,0,0
2026-10-04T14:12:42Z,currencyservice,recommendationservice,0,0,0,0,0,0,0
2026-10-04T14:12:42Z,currencyservice,redis-cart,0,0,0,0,0,0,0
2026-10-04T14:12:42Z,currencyservice,shippingservice,0,0,0,0,0,0,0
2026-10-04T14:12:42Z,emailservice,adservice,0,0,0,0,0,0,0
2026-10-04T14:12:42Z,emailservice,cartservice,0,0,0,0,0,0,0
2026-10-04T14:12:42Z,emailservice,checkoutservice,0,0,0,0,0,0,0
2026-10-04T14:12:42Z,emailservice,currencyservice,0,0,0,0,0,0,0
2026-10-04T14:12:42Z,emailservice,emailservice,0,0,0,0,0,0,0
2026-10-04T14:12:42Z,emailservice,frontend,0,0,0,0,0,0,0
2026-10-04T14:12:42Z,emailservice,kubernetes,0,0,0,0,0,0,0
2026-10-04T14:12:42Z,emailservice,paymentservice,0,0,0,0,0,0,0
2026-10-04T14:12:42Z,emailservice,productcatalogservice,0,0,0,0,0,0,0
2026-10-04T14:12:42Z,emailservice,recommendationservice,0,0,0,0,0,0,0
2026-10-04T14:12:42Z,emailservice,redis-cart,0,0,0,0,0,0,0
2026-10-04T14:12:42Z,emailservice,shippingservice,0,0,0,0,0,0,0
2026-10-04T14:12:42Z,frontend,adservice,870815,870813,0,0,0,2619265,870314
2026-10-04T14:12:42Z,frontend,cartservice,1954796,1954783,0,0,4,10751578,1953346
2026-10-04T14:12:42Z,frontend,checkoutservice,408791,198820,0,40061,169951,63742720,198640
2026-10-04T14:12:42Z,frontend,currencyservice,3106033,3106025,0,0,0,16226598,3103775
2026-10-04T14:12:42Z,frontend,emailservice,0,0,0,0,0,0,0
2026-10-04T14:12:42Z,frontend,frontend,0,0,0,0,0,0,0
2026-10-04T14:12:42Z,frontend,kubernetes,0,0,0,0,0,0,0
2026-10-04T14:12:42Z,frontend,paymentservice,0,0,0,0,0,0,0
2026-10-04T14:12:42Z,frontend,productcatalogservice,8668475,8668405,0,0,0,59032786,8663063
2026-10-04T14:12:42Z,frontend,recommendationservice,2870992,1726050,0,120749,1021643,878087531,1724727
2026-10-04T14:12:42Z,frontend,redis-cart,0,0,0,0,0,0,0
2026-10-04T14:12:42Z,frontend,shippingservice,319220,319218,0,0,0,961640,319051
2026-10-04T14:12:42Z,paymentservice,adservice,0,0,0,0,0,0,0
2026-10-04T14:12:42Z,paymentservice,cartservice,0,0,0,0,0,0,0
2026-10-04T14:12:42Z,paymentservice,checkoutservice,0,0,0,0,0,0,0
2026-10-04T14:12:42Z,paymentservice,currencyservice,0,0,0,0,0,0,0
2026-10-04T14:12:42Z,paymentservice,emailservice,0,0,0,0,0,0,0
2026-10-04T14:12:42Z,paymentservice,frontend,0,0,0,0,0,0,0
2026-10-04T14:12:42Z,paymentservice,kubernetes,0,0,0,0,0,0,0
2026-10-04T14:12:42Z,paymentservice,paymentservice,0,0,0,0,0,0,0
2026-10-04T14:12:42Z,paymentservice,productcatalogservice,0,0,0,0,0,0,0
2026-10-04T14:12:42Z,paymentservice,recommendationservice,0,0,0,0,0,0,0
2026-10-04T14:12:42Z,paymentservice,redis-cart,0,0,0,0,0,0,0
2026-10-04T14:12:42Z,paymentservice,shippingservice,0,0,0,0,0,0,0
2026-10-04T14:12:42Z,productcatalogservice,adservice,0,0,0,0,0,0,0
2026-10-04T14:12:42Z,productcatalogservice,cartservice,0,0,0,0,0,0,0
2026-10-04T14:12:42Z,productcatalogservice,checkoutservice,0,0,0,0,0,0,0
2026-10-04T14:12:42Z,productcatalogservice,currencyservice,0,0,0,0,0,0,0
2026-10-04T14:12:42Z,productcatalogservice,emailservice,0,0,0,0,0,0,0
2026-10-04T14:12:42Z,productcatalogservice,frontend,0,0,0,0,0,0,0
2026-10-04T14:12:42Z,productcatalogservice,kubernetes,0,0,0,0,0,0,0
2026-10-04T14:12:42Z,productcatalogservice,paymentservice,0,0,0,0,0,0,0
2026-10-04T14:12:42Z,productcatalogservice,productcatalogservice,0,0,0,0,0,0,0
2026-10-04T14:12:42Z,productcatalogservice,recommendationservice,0,0,0,0,0,0,0
2026-10-04T14:12:42Z,productcatalogservice,redis-cart,0,0,0,0,0,0,0
2026-10-04T14:12:42Z,productcatalogservice,shippingservice,0,0,0,0,0,0,0
2026-10-04T14:12:42Z,recommendationservice,adservice,0,0,0,0,0,0,0
2026-10-04T14:12:42Z,recommendationservice,cartservice,0,0,0,0,0,0,0
2026-10-04T14:12:42Z,recommendationservice,checkoutservice,0,0,0,0,0,0,0
2026-10-04T14:12:42Z,recommendationservice,currencyservice,0,0,0,0,0,0,0
2026-10-04T14:12:42Z,recommendationservice,emailservice,0,0,0,0,0,0,0
2026-10-04T14:12:42Z,recommendationservice,frontend,0,0,0,0,0,0,0
2026-10-04T14:12:42Z,recommendationservice,kubernetes,0,0,0,0,0,0,0
2026-10-04T14:12:42Z,recommendationservice,paymentservice,0,0,0,0,0,0,0
2026-10-04T14:12:42Z,recommendationservice,productcatalogservice,229929,229928,0,0,0,1483956,229068
2026-10-04T14:12:42Z,recommendationservice,recommendationservice,0,0,0,0,0,0,0
2026-10-04T14:12:42Z,recommendationservice,redis-cart,0,0,0,0,0,0,0
2026-10-04T14:12:42Z,recommendationservice,shippingservice,0,0,0,0,0,0,0
2026-10-04T14:12:42Z,redis-cart,adservice,0,0,0,0,0,0,0
2026-10-04T14:12:42Z,redis-cart,cartservice,0,0,0,0,0,0,0
2026-10-04T14:12:42Z,redis-cart,checkoutservice,0,0,0,0,0,0,0
2026-10-04T14:12:42Z,redis-cart,currencyservice,0,0,0,0,0,0,0
2026-10-04T14:12:42Z,redis-cart,emailservice,0,0,0,0,0,0,0
2026-10-04T14:12:42Z,redis-cart,frontend,0,0,0,0,0,0,0
2026-10-04T14:12:42Z,redis-cart,kubernetes,0,0,0,0,0,0,0
2026-10-04T14:12:42Z,redis-cart,paymentservice,0,0,0,0,0,0,0
2026-10-04T14:12:42Z,redis-cart,productcatalogservice,0,0,0,0,0,0,0
2026-10-04T14:12:42Z,redis-cart,recommendationservice,0,0,0,0,0,0,0
2026-10-04T14:12:42Z,redis-cart,redis-cart,0,0,0,0,0,0,0
2026-10-04T14:12:42Z,redis-cart,shippingservice,0,0,0,0,0,0,0
2026-10-04T14:12:42Z,shippingservice,adservice,0,0,0,0,0,0,0
2026-10-04T14:12:42Z,shippingservice,cartservice,0,0,0,0,0,0,0
2026-10-04T14:12:42Z,shippingservice,checkoutservice,0,0,0,0,0,0,0
2026-10-04T14:12:42Z,shippingservice,currencyservice,0,0,0,0,0,0,0
2026-10-04T14:12:42Z,shippingservice,emailservice,0,0,0,0,0,0,0
2026-10-04T14:12:42Z,shippingservice,frontend,0,0,0,0,0,0,0
2026-10-04T14:12:42Z,shippingservice,kubernetes,0,0,0,0,0,0,0
2026-10-04T14:12:42Z,shippingservice,paymentservice,0,0,0,0,0,0,0
2026-10-04T14:12:42Z,shippingservice,productcatalogservice,0,0,0,0,0,0,0
2026-10-04T14:12:42Z,shippingservice,recommendationservice,0,0,0,0,0,0,0
2026-10-04T14:12:42Z,shippingservice,redis-cart,0,0,0,0,0,0,0
2026-10-04T14:12:42Z,shippingservice,shippingservice,0,0,0,0,0,0,0
2026-10-04T14:12:43Z,adservice,adservice,0,0,0,0,0,0,0
2026-10-04T14:12:43Z,adservice,cartservice,0,0,0,0,0,0,0
2026-10-04T14:12:43Z,adservice,checkoutservice,0,0,0,0,0,0,0
2026-10-04T14:12:43Z,adservice,currencyservice,0,0,0,0,0,0,0
2026-10-04T14:12:43Z,adservice,emailservice,0,0,0,0,0,0,0
2026-10-04T14:12:43Z,adservice,frontend,0,0,0,0,0,0,0
2026-10-04T14:12:43Z,adservice,kubernetes,0,0,0,0,0,0,0
2026-10-04T14:12:43Z,adservice,paymentservice,0,0,0,0,0,0,0
2026-10-04T14:12:43Z,adservice,productcatalogservice,0,0,0,0,0,0,0
2026-10-04T14:12:43Z,adservice,recommendationservice,0,0,0,0,0,0,0
2026-10-04T14:12:43Z,adservice,redis-cart,0,0,0,0,0,0,0
2026-10-04T14:12:43Z,adservice,shippingservice,0,0,0,0,0,0,0
2026-10-04T14:12:43Z,cartservice,adservice,0,0,0,0,0,0,0
2026-10-04T14:12:43Z,cartservice,cartservice,0,0,0,0,0,0,0
2026-10-04T14:12:43Z,cartservice,checkoutservice,0,0,0,0,0,0,0
2026-10-04T14:12:43Z,cartservice,currencyservice,0,0,0,0,0,0,0
2026-10-04T14:12:43Z,cartservice,emailservice,0,0,0,0,0,0,0
2026-10-04T14:12:43Z,cartservice,frontend,0,0,0,0,0,0,0
2026-10-04T14:12:43Z,cartservice,kubernetes,0,0,0,0,0,0,0
2026-10-04T14:12:43Z,cartservice,paymentservice,0,0,0,0,0,0,0
2026-10-04T14:12:43Z,cartservice,productcatalogservice,0,0,0,0,0,0,0
2026-10-04T14:12:43Z,cartservice,recommendationservice,0,0,0,0,0,0,0
2026-10-04T14:12:43Z,cartservice,redis-cart,2,0,0,0,0,0,0
2026-10-04T14:12:43Z,cartservice,shippingservice,0,0,0,0,0,0,0
2026-10-04T14:12:43Z,checkoutservice,adservice,0,0,0,0,0,0,0
2026-10-04T14:12:43Z,checkoutservice,cartservice,76901,75969,0,100,0,775636,75884
2026-10-04T14:12:43Z,checkoutservice,checkoutservice,0,0,0,0,0,0,0
2026-10-04T14:12:43Z,checkoutservice,currencyservice,49850,49849,0,0,0,602255,49806
2026-10-04T14:12:43Z,checkoutservice,emailservice,21081,20788,0,66,0,670617,20748
2026-10-04T14:12:43Z,checkoutservice,frontend,0,0,0,0,0,0,0
2026-10-04T14:12:43Z,checkoutservice,kubernetes,0,0,0,0,0,0,0
2026-10-04T14:12:43Z,checkoutservice,paymentservice,43114,41266,0,192,0,478073,41076
2026-10-04T14:12:43Z,checkoutservice,productcatalogservice,0,0,0,0,0,0,0
2026-10-04T14:12:43Z,checkoutservice,recommendationservice,0,0,0,0,0,0,0
2026-10-04T14:12:43Z,checkoutservice,redis-cart,0,0,0,0,0,0,0
2026-10-04T14:12:43Z,checkoutservice,shippingservice,82215,80108,0,154,0,547926,80022
2026-10-04T14:12:43Z,currencyservice,adservice,0,0,0,0,0,0,0
2026-10-04T14:12:43Z,currencyservice,cartservice,0,0,0,0,0,0,0
2026-10-04T14:12:43Z,currencyservice,checkoutservice,0,0,0,0,0,0,0
2026-10-04T14:12:43Z,currencyservice,currencyservice,0,0,0,0,0,0,0
2026-10-04T14:12:43Z,currencyservice,emailservice,0,0,0,0,0,0,0
2026-10-04T14:12:43Z,currencyservice,frontend,0,0,0,0,0,0,0
2026-10-04T14:12:43Z,currencyservice,kubernetes,0,0,0,0,0,0,0
2026-10-04T14:12:43Z,currencyservice,paymentservice,0,0,0,0,0,0,0
2026-10-04T14:12:43Z,currencyservice,productcatalogservice,0,0,0,0,0,0,0
2026-10-04T14:12:43Z,currencyservice,recommendationservice,0,0,0,0,0,0,0
2026-10-04T14:12:43Z,currencyservice,redis-cart,0,0,0,0,0,0,0
2026-10-04T14:12:43Z,currencyservice,shippingservice,0,0,0,0,0,0,0
2026-10-04T14:12:43Z,emailservice,adservice,0,0,0,0,0,0,0
2026-10-04T14:12:43Z,emailservice,cartservice,0,0,0,0,0,0,0
2026-10-04T14:12:43Z,emailservice,checkoutservice,0,0,0,0,0,0,0
2026-10-04T14:12:43Z,emailservice,currencyservice,0,0,0,0,0,0,0
2026-10-04T14:12:43Z,emailservice,emailservice,0,0,0,0,0,0,0
2026-10-04T14:12:43Z,emailservice,frontend,0,0,0,0,0,0,0
2026-10-04T14:12:43Z,emailservice,kubernetes,0,0,0,0,0,0,0
2026-10-04T14:12:43Z,emailservice,paymentservice,0,0,0,0,0,0,0
2026-10-04T14:12:43Z,emailservice,productcatalogservice,0,0,0,0,0,0,0
2026-10-04T14:12:43Z,emailservice,recommendationservice,0,0,0,0,0,0,0
2026-10-04T14:12:43Z,emailservice,redis-cart,0,0,0,0,0,0,0
2026-10-04T14:12:43Z,emailservice,shippingservice,0,0,0,0,0,0,0
2026-10-04T14:12:43Z,frontend,adservice,870913,870908,0,0,0,2619615,870451
2026-10-04T14:12:43Z,frontend,cartservice,1955179,1955167,0,0,4,10753666,1953832
2026-10-04T14:12:43Z,frontend,checkoutservice,408851,198869,0,40061,169951,63749121,198703
2026-10-04T14:12:43Z,frontend,currencyservice,3106615,3106606,0,0,0,16229470,3104532
2026-10-04T14:12:43Z,frontend,emailservice,0,0,0,0,0,0,0
2026-10-04T14:12:43Z,frontend,frontend,0,0,0,0,0,0,0
2026-10-04T14:12:43Z,frontend,kubernetes,0,0,0,0,0,0,0
2026-10-04T14:12:43Z,frontend,paymentservice,0,0,0,0,0,0,0
2026-10-04T14:12:43Z,frontend,productcatalogservice,8669731,8669665,0,0,0,59044712,8664744
2026-10-04T14:12:43Z,frontend,recommendationservice,2871772,1726366,0,120809,1022045,878476106,1725189
2026-10-04T14:12:43Z,frontend,redis-cart,0,0,0,0,0,0,0
2026-10-04T14:12:43Z,frontend,shippingservice,319255,319253,0,0,0,961774,319112
2026-10-04T14:12:43Z,paymentservice,adservice,0,0,0,0,0,0,0
2026-10-04T14:12:43Z,paymentservice,cartservice,0,0,0,0,0,0,0
2026-10-04T14:12:43Z,paymentservice,checkoutservice,0,0,0,0,0,0,0
2026-10-04T14:12:43Z,paymentservice,currencyservice,0,0,0,0,0,0,0
2026-10-04T14:12:43Z,paymentservice,emailservice,0,0,0,0,0,0,0
2026-10-04T14:12:43Z,paymentservice,frontend,0,0,0,0,0,0,0
2026-10-04T14:12:43Z,paymentservice,kubernetes,0,0,0,0,0,0,0
2026-10-04T14:12:43Z,paymentservice,paymentservice,0,0,0,0,0,0,0
2026-10-04T14:12:43Z,paymentservice,productcatalogservice,0,0,0,0,0,0,0
2026-10-04T14:12:43Z,paymentservice,recommendationservice,0,0,0,0,0,0,0
2026-10-04T14:12:43Z,paymentservice,redis-cart,0,0,0,0,0,0,0
2026-10-04T14:12:43Z,paymentservice,shippingservice,0,0,0,0,0,0,0
2026-10-04T14:12:43Z,productcatalogservice,adservice,0,0,0,0,0,0,0
2026-10-04T14:12:43Z,productcatalogservice,cartservice,0,0,0,0,0,0,0
2026-10-04T14:12:43Z,productcatalogservice,checkoutservice,0,0,0,0,0,0,0
2026-10-04T14:12:43Z,productcatalogservice,currencyservice,0,0,0,0,0,0,0
2026-10-04T14:12:43Z,productcatalogservice,emailservice,0,0,0,0,0,0,0
2026-10-04T14:12:43Z,productcatalogservice,frontend,0,0,0,0,0,0,0
2026-10-04T14:12:43Z,productcatalogservice,kubernetes,0,0,0,0,0,0,0
2026-10-04T14:12:43Z,productcatalogservice,paymentservice,0,0,0,0,0,0,0
2026-10-04T14:12:43Z,productcatalogservice,productcatalogservice,0,0,0,0,0,0,0
2026-10-04T14:12:43Z,productcatalogservice,recommendationservice,0,0,0,0,0,0,0
2026-10-04T14:12:43Z,productcatalogservice,redis-cart,0,0,0,0,0,0,0
2026-10-04T14:12:43Z,productcatalogservice,shippingservice,0,0,0,0,0,0,0
2026-10-04T14:12:43Z,recommendationservice,adservice,0,0,0,0,0,0,0
2026-10-04T14:12:43Z,recommendationservice,cartservice,0,0,0,0,0,0,0
2026-10-04T14:12:43Z,recommendationservice,checkoutservice,0,0,0,0,0,0,0
2026-10-04T14:12:43Z,recommendationservice,currencyservice,0,0,0,0,0,0,0
2026-10-04T14:12:43Z,recommendationservice,emailservice,0,0,0,0,0,0,0
2026-10-04T14:12:43Z,recommendationservice,frontend,0,0,0,0,0,0,0
2026-10-04T14:12:43Z,recommendationservice,kubernetes,0,0,0,0,0,0,0
2026-10-04T14:12:43Z,recommendationservice,paymentservice,0,0,0,0,0,0,0
2026-10-04T14:12:43Z,recommendationservice,productcatalogservice,230328,230318,0,0,0,1483956,229068
2026-10-04T14:12:43Z,recommendationservice,recommendationservice,0,0,0,0,0,0,0
2026-10-04T14:12:43Z,recommendationservice,redis-cart,0,0,0,0,0,0,0
2026-10-04T14:12:43Z,recommendationservice,shippingservice,0,0,0,0,0,0,0
2026-10-04T14:12:43Z,redis-cart,adservice,0,0,0,0,0,0,0
2026-10-04T14:12:43Z,redis-cart,cartservice,0,0,0,0,0,0,0
2026-10-04T14:12:43Z,redis-cart,checkoutservice,0,0,0,0,0,0,0
2026-10-04T14:12:43Z,redis-cart,currencyservice,0,0,0,0,0,0,0
2026-10-04T14:12:43Z,redis-cart,emailservice,0,0,0,0,0,0,0
2026-10-04T14:12:43Z,redis-cart,frontend,0,0,0,0,0,0,0
2026-10-04T14:12:43Z,redis-cart,kubernetes,0,0,0,0,0,0,0
2026-10-04T14:12:43Z,redis-cart,paymentservice,0,0,0,0,0,0,0
2026-10-04T14:12:43Z,redis-cart,productcatalogservice,0,0,0,0,0,0,0
2026-10-04T14:12:43Z,redis-cart,recommendationservice,0,0,0,0,0,0,0
2026-10-04T14:12:43Z,redis-cart,redis-cart,0,0,0,0,0,0,0
2026-10-04T14:12:43Z,redis-cart,shippingservice,0,0,0,0,0,0,0
2026-10-04T14:12:43Z,shippingservice,adservice,0,0,0,0,0,0,0
2026-10-04T14:12:43Z,shippingservice,cartservice,0,0,0,0,0,0,0
2026-10-04T14:12:43Z,shippingservice,checkoutservice,0,0,0,0,0,0,0
2026-10-04T14:12:43Z,shippingservice,currencyservice,0,0,0,0,0,0,0
2026-10-04T14:12:43Z,shippingservice,emailservice,0,0,0,0,0,0,0
2026-10-04T14:12:43Z,shippingservice,frontend,0,0,0,0,0,0,0
2026-10-04T14:12:43Z,shippingservice,kubernetes,0,0,0,0,0,0,0
2026-10-04T14:12:43Z,shippingservice,paymentservice,0,0,0,0,0,0,0
2026-10-04T14:12:43Z,shippingservice,productcatalogservice,0,0,0,0,0,0,0
2026-10-04T14:12:43Z,shippingservice,recommendationservice,0,0,0,0,0,0,0
2026-10-04T14:12:43Z,shippingservice,redis-cart,0,0,0,0,0,0,0
2026-10-04T14:12:43Z,shippingservice,shippingservice,0,0,0,0,0,0,0
2026-10-04T14:12:44Z,adservice,adservice,0,0,0,0,0,0,0
2026-10-04T14:12:44Z,adservice,cartservice,0,0,0,0,0,0,0
2026-10-04T14:12:44Z,adservice,checkoutservice,0,0,0,0,0,0,0
2026-10-04T14:12:44Z,adservice,currencyservice,0,0,0,0,0,0,0
2026-10-04T14:12:44Z,adservice,emailservice,0,0,0,0,0,0,0
2026-10-04T14:12:44Z,adservice,frontend,0,0,0,0,0,0,0
2026-10-04T14:12:44Z,adservice,kubernetes,0,0,0,0,0,0,0
2026-10-04T14:12:44Z,adservice,paymentservice,0,0,0,0,0,0,0
2026-10-04T14:12:44Z,adservice,productcatalogservice,0,0,0,0,0,0,0
2026-10-04T14:12:44Z,adservice,recommendationservice,0,0,0,0,0,0,0
2026-10-04T14:12:44Z,adservice,redis-cart,0,0,0,0,0,0,0
2026-10-04T14:12:44Z,adservice,shippingservice,0,0,0,0,0,0,0
2026-10-04T14:12:44Z,cartservice,adservice,0,0,0,0,0,0,0
2026-10-04T14:12:44Z,cartservice,cartservice,0,0,0,0,0,0,0
2026-10-04T14:12:44Z,cartservice,checkoutservice,0,0,0,0,0,0,0
2026-10-04T14:12:44Z,cartservice,currencyservice,0,0,0,0,0,0,0
2026-10-04T14:12:44Z,cartservice,emailservice,0,0,0,0,0,0,0
2026-10-04T14:12:44Z,cartservice,frontend,0,0,0,0,0,0,0
2026-10-04T14:12:44Z,cartservice,kubernetes,0,0,0,0,0,0,0
2026-10-04T14:12:44Z,cartservice,paymentservice,0,0,0,0,0,0,0
2026-10-04T14:12:44Z,cartservice,productcatalogservice,0,0,0,0,0,0,0
2026-10-04T14:12:44Z,cartservice,recommendationservice,0,0,0,0,0,0,0
2026-10-04T14:12:44Z,cartservice,redis-cart,2,0,0,0,0,0,0
2026-10-04T14:12:44Z,cartservice,shippingservice,0,0,0,0,0,0,0
2026-10-04T14:12:44Z,checkoutservice,adservice,0,0,0,0,0,0,0
2026-10-04T14:12:44Z,checkoutservice,cartservice,77019,76088,0,100,0,775636,75884
2026-10-04T14:12:44Z,checkoutservice,checkoutservice,0,0,0,0,0,0,0
2026-10-04T14:12:44Z,checkoutservice,currencyservice,49910,49910,0,0,0,602255,49806
2026-10-04T14:12:44Z,checkoutservice,emailservice,21139,20845,0,66,0,670617,20748
2026-10-04T14:12:44Z,checkoutservice,frontend,0,0,0,0,0,0,0
2026-10-04T14:12:44Z,checkoutservice,kubernetes,0,0,0,0,0,0,0
2026-10-04T14:12:44Z,checkoutservice,paymentservice,43173,41322,0,192,0,478073,41076
2026-10-04T14:12:44Z,checkoutservice,productcatalogservice,0,0,0,0,0,0,0
2026-10-04T14:12:44Z,checkoutservice,recommendationservice,0,0,0,0,0,0,0
2026-10-04T14:12:44Z,checkoutservice,redis-cart,0,0,0,0,0,0,0
2026-10-04T14:12:44Z,checkoutservice,shippingservice,82330,80227,0,154,0,547926,80022
2026-10-04T14:12:44Z,currencyservice,adservice,0,0,0,0,0,0,0
2026-10-04T14:12:44Z,currencyservice,cartservice,0,0,0,0,0,0,0
2026-10-04T14:12:44Z,currencyservice,checkoutservice,0,0,0,0,0,0,0
2026-10-04T14:12:44Z,currencyservice,currencyservice,0,0,0,0,0,0,0
2026-10-04T14:12:44Z,currencyservice,emailservice,0,0,0,0,0,0,0
2026-10-04T14:12:44Z,currencyservice,frontend,0,0,0,0,0,0,0
2026-10-04T14:12:44Z,currencyservice,kubernetes,0,0,0,0,0,0,0
2026-10-04T14:12:44Z,currencyservice,paymentservice,0,0,0,0,0,0,0
2026-10-04T14:12:44Z,currencyservice,productcatalogservice,0,0,0,0,0,0,0
2026-10-04T14:12:44Z,currencyservice,recommendationservice,0,0,0,0,0,0,0
2026-10-04T14:12:44Z,currencyservice,redis-cart,0,0,0,0,0,0,0
2026-10-04T14:12:44Z,currencyservice,shippingservice,0,0,0,0,0,0,0
2026-10-04T14:12:44Z,emailservice,adservice,0,0,0,0,0,0,0
2026-10-04T14:12:44Z,emailservice,cartservice,0,0,0,0,0,0,0
2026-10-04T14:12:44Z,emailservice,checkoutservice,0,0,0,0,0,0,0
2026-10-04T14:12:44Z,emailservice,currencyservice,0,0,0,0,0,0,0
2026-10-04T14:12:44Z,emailservice,emailservice,0,0,0,0,0,0,0
2026-10-04T14:12:44Z,emailservice,frontend,0,0,0,0,0,0,0
2026-10-04T14:12:44Z,emailservice,kubernetes,0,0,0,0,0,0,0
2026-10-04T14:12:44Z,emailservice,paymentservice,0,0,0,0,0,0,0
2026-10-04T14:12:44Z,emailservice,productcatalogservice,0,0,0,0,0,0,0
2026-10-04T14:12:44Z,emailservice,recommendationservice,0,0,0,0,0,0,0
2026-10-04T14:12:44Z,emailservice,redis-cart,0,0,0,0,0,0,0
2026-10-04T14:12:44Z,emailservice,shippingservice,0,0,0,0,0,0,0
2026-10-04T14:12:44Z,frontend,adservice,871040,871038,0,0,0,2620651,870808
2026-10-04T14:12:44Z,frontend,cartservice,1955563,1955549,0,0,4,10758127,1954899
2026-10-04T14:12:44Z,frontend,checkoutservice,408907,198924,0,40061,169951,63761266,198830
2026-10-04T14:12:44Z,frontend,currencyservice,3107225,3107214,0,0,0,16235281,3106186
2026-10-04T14:12:44Z,frontend,emailservice,0,0,0,0,0,0,0
2026-10-04T14:12:44Z,frontend,frontend,0,0,0,0,0,0,0
2026-10-04T14:12:44Z,frontend,kubernetes,0,0,0,0,0,0,0
2026-10-04T14:12:44Z,frontend,paymentservice,0,0,0,0,0,0,0
2026-10-04T14:12:44Z,frontend,productcatalogservice,8671218,8671152,0,0,0,59064027,8668559
2026-10-04T14:12:44Z,frontend,recommendationservice,2872525,1726722,0,120860,1022413,879222401,1726098
2026-10-04T14:12:44Z,frontend,redis-cart,0,0,0,0,0,0,0
2026-10-04T14:12:44Z,frontend,shippingservice,319307,319304,0,0,0,962057,319224
2026-10-04T14:12:44Z,paymentservice,adservice,0,0,0,0,0,0,0
2026-10-04T14:12:44Z,paymentservice,cartservice,0,0,0,0,0,0,0
2026-10-04T14:12:44Z,paymentservice,checkoutservice,0,0,0,0,0,0,0
2026-10-04T14:12:44Z,paymentservice,currencyservice,0,0,0,0,0,0,0
2026-10-04T14:12:44Z,paymentservice,emailservice,0,0,0,0,0,0,0
2026-10-04T14:12:44Z,paymentservice,frontend,0,0,0,0,0,0,0
2026-10-04T14:12:44Z,paymentservice,kubernetes,0,0,0,0,0,0,0
2026-10-04T14:12:44Z,paymentservice,paymentservice,0,0,0,0,0,0,0
2026-10-04T14:12:44Z,paymentservice,productcatalogservice,0,0,0,0,0,0,0
2026-10-04T14:12:44Z,paymentservice,recommendationservice,0,0,0,0,0,0,0
2026-10-04T14:12:44Z,paymentservice,redis-cart,0,0,0,0,0,0,0
2026-10-04T14:12:44Z,paymentservice,shippingservice,0,0,0,0,0,0,0
2026-10-04T14:12:44Z,productcatalogservice,adservice,0,0,0,0,0,0,0
2026-10-04T14:12:44Z,productcatalogservice,cartservice,0,0,0,0,0,0,0
2026-10-04T14:12:44Z,productcatalogservice,checkoutservice,0,0,0,0,0,0,0
2026-10-04T14:12:44Z,productcatalogservice,currencyservice,0,0,0,0,0,0,0
2026-10-04T14:12:44Z,productcatalogservice,emailservice,0,0,0,0,0,0,0
2026-10-04T14:12:44Z,productcatalogservice,frontend,0,0,0,0,0,0,0
2026-10-04T14:12:44Z,productcatalogservice,kubernetes,0,0,0,0,0,0,0
2026-10-04T14:12:44Z,productcatalogservice,paymentservice,0,0,0,0,0,0,0
2026-10-04T14:12:44Z,productcatalogservice,productcatalogservice,0,0,0,0,0,0,0
2026-10-04T14:12:44Z,productcatalogservice,recommendationservice,0,0,0,0,0,0,0
2026-10-04T14:12:44Z,productcatalogservice,redis-cart,0,0,0,0,0,0,0
2026-10-04T14:12:44Z,productcatalogservice,shippingservice,0,0,0,0,0,0,0
2026-10-04T14:12:44Z,recommendationservice,adservice,0,0,0,0,0,0,0
2026-10-04T14:12:44Z,recommendationservice,cartservice,0,0,0,0,0,0,0
2026-10-04T14:12:44Z,recommendationservice,checkoutservice,0,0,0,0,0,0,0
2026-10-04T14:12:44Z,recommendationservice,currencyservice,0,0,0,0,0,0,0
2026-10-04T14:12:44Z,recommendationservice,emailservice,0,0,0,0,0,0,0
2026-10-04T14:12:44Z,recommendationservice,frontend,0,0,0,0,0,0,0
2026-10-04T14:12:44Z,recommendationservice,kubernetes,0,0,0,0,0,0,0
2026-10-04T14:12:44Z,recommendationservice,paymentservice,0,0,0,0,0,0,0
2026-10-04T14:12:44Z,recommendationservice,productcatalogservice,230749,230747,0,0,0,1483956,229068
2026-10-04T14:12:44Z,recommendationservice,recommendationservice,0,0,0,0,0,0,0
2026-10-04T14:12:44Z,recommendationservice,redis-cart,0,0,0,0,0,0,0
2026-10-04T14:12:44Z,recommendationservice,shippingservice,0,0,0,0,0,0,0
2026-10-04T14:12:44Z,redis-cart,adservice,0,0,0,0,0,0,0
2026-10-04T14:12:44Z,redis-cart,cartservice,0,0,0,0,0,0,0
2026-10-04T14:12:44Z,redis-cart,checkoutservice,0,0,0,0,0,0,0
2026-10-04T14:12:44Z,redis-cart,currencyservice,0,0,0,0,0,0,0
2026-10-04T14:12:44Z,redis-cart,emailservice,0,0,0,0,0,0,0
2026-10-04T14:12:44Z,redis-cart,frontend,0,0,0,0,0,0,0
2026-10-04T14:12:44Z,redis-cart,kubernetes,0,0,0,0,0,0,0
2026-10-04T14:12:44Z,redis-cart,paymentservice,0,0,0,0,0,0,0
2026-10-04T14:12:44Z,redis-cart,productcatalogservice,0,0,0,0,0,0,0
2026-10-04T14:12:44Z,redis-cart,recommendationservice,0,0,0,0,0,0,0
2026-10-04T14:12:44Z,redis-cart,redis-cart,0,0,0,0,0,0,0
2026-10-04T14:12:44Z,redis-cart,shippingservice,0,0,0,0,0,0,0
2026-10-04T14:12:44Z,shippingservice,adservice,0,0,0,0,0,0,0
2026-10-04T14:12:44Z,shippingservice,cartservice,0,0,0,0,0,0,0
2026-10-04T14:12:44Z,shippingservice,checkoutservice,0,0,0,0,0,0,0
2026-10-04T14:12:44Z,shippingservice,currencyservice,0,0,0,0,0,0,0
2026-10-04T14:12:44Z,shippingservice,emailservice,0,0,0,0,0,0,0
2026-10-04T14:12:44Z,shippingservice,frontend,0,0,0,0,0,0,0
2026-10-04T14:12:44Z,shippingservice,kubernetes,0,0,0,0,0,0,0
2026-10-04T14:12:44Z,shippingservice,paymentservice,0,0,0,0,0,0,0
2026-10-04T14:12:44Z,shippingservice,productcatalogservice,0,0,0,0,0,0,0
2026-10-04T14:12:44Z,shippingservice,recommendationservice,0,0,0,0,0,0,0
2026-10-04T14:12:44Z,shippingservice,redis-cart,0,0,0,0,0,0,0
2026-10-04T14:12:44Z,shippingservice,shippingservice,0,0,0,0,0,0,0
2026-10-04T14:12:45Z,adservice,adservice,0,0,0,0,0,0,0
2026-10-04T14:12:45Z,adservice,cartservice,0,0,0,0,0,0,0
2026-10-04T14:12:45Z,adservice,checkoutservice,0,0,0,0,0,0,0
2026-10-04T14:12:45Z,adservice,currencyservice,0,0,0,0,0,0,0
2026-10-04T14:12:45Z,adservice,emailservice,0,0,0,0,0,0,0
2026-10-04T14:12:45Z,adservice,frontend,0,0,0,0,0,0,0
2026-10-04T14:12:45Z,adservice,kubernetes,0,0,0,0,0,0,0
2026-10-04T14:12:45Z,adservice,paymentservice,0,0,0,0,0,0,0
2026-10-04T14:12:45Z,adservice,productcatalogservice,0,0,0,0,0,0,0
2026-10-04T14:12:45Z,adservice,recommendationservice,0,0,0,0,0,0,0
2026-10-04T14:12:45Z,adservice,redis-cart,0,0,0,0,0,0,0
2026-10-04T14:12:45Z,adservice,shippingservice,0,0,0,0,0,0,0
2026-10-04T14:12:45Z,cartservice,adservice,0,0,0,0,0,0,0
2026-10-04T14:12:45Z,cartservice,cartservice,0,0,0,0,0,0,0
2026-10-04T14:12:45Z,cartservice,checkoutservice,0,0,0,0,0,0,0
2026-10-04T14:12:45Z,cartservice,currencyservice,0,0,0,0,0,0,0
2026-10-04T14:12:45Z,cartservice,emailservice,0,0,0,0,0,0,0
2026-10-04T14:12:45Z,cartservice,frontend,0,0,0,0,0,0,0
2026-10-04T14:12:45Z,cartservice,kubernetes,0,0,0,0,0,0,0
2026-10-04T14:12:45Z,cartservice,paymentservice,0,0,0,0,0,0,0
2026-10-04T14:12:45Z,cartservice,productcatalogservice,0,0,0,0,0,0,0
2026-10-04T14:12:45Z,cartservice,recommendationservice,0,0,0,0,0,0,0
2026-10-04T14:12:45Z,cartservice,redis-cart,2,0,0,0,0,0,0
2026-10-04T14:12:45Z,cartservice,shippingservice,0,0,0,0,0,0,0
2026-10-04T14:12:45Z,checkoutservice,adservice,0,0,0,0,0,0,0
2026-10-04T14:12:45Z,checkoutservice,cartservice,77153,76218,0,100,0,775636,75884
2026-10-04T14:12:45Z,checkoutservice,checkoutservice,0,0,0,0,0,0,0
2026-10-04T14:12:45Z,checkoutservice,currencyservice,49974,49973,0,0,0,602255,49806
2026-10-04T14:12:45Z,checkoutservice,emailservice,21208,20913,0,66,0,670617,20748
2026-10-04T14:12:45Z,checkoutservice,frontend,0,0,0,0,0,0,0
2026-10-04T14:12:45Z,checkoutservice,kubernetes,0,0,0,0,0,0,0
2026-10-04T14:12:45Z,checkoutservice,paymentservice,43239,41391,0,192,0,478073,41076
2026-10-04T14:12:45Z,checkoutservice,productcatalogservice,0,0,0,0,0,0,0
2026-10-04T14:12:45Z,checkoutservice,recommendationservice,0,0,0,0,0,0,0
2026-10-04T14:12:45Z,checkoutservice,redis-cart,0,0,0,0,0,0,0
2026-10-04T14:12:45Z,checkoutservice,shippingservice,82463,80360,0,154,0,547926,80022
2026-10-04T14:12:45Z,currencyservice,adservice,0,0,0,0,0,0,0
2026-10-04T14:12:45Z,currencyservice,cartservice,0,0,0,0,0,0,0
2026-10-04T14:12:45Z,currencyservice,checkoutservice,0,0,0,0,0,0,0
2026-10-04T14:12:45Z,currencyservice,currencyservice,0,0,0,0,0,0,0
2026-10-04T14:12:45Z,currencyservice,emailservice,0,0,0,0,0,0,0
2026-10-04T14:12:45Z,currencyservice,frontend,0,0,0,0,0,0,0
2026-10-04T14:12:45Z,currencyservice,kubernetes,0,0,0,0,0,0,0
2026-10-04T14:12:45Z,currencyservice,paymentservice,0,0,0,0,0,0,0
2026-10-04T14:12:45Z,currencyservice,productcatalogservice,0,0,0,0,0,0,0
2026-10-04T14:12:45Z,currencyservice,recommendationservice,0,0,0,0,0,0,0
2026-10-04T14:12:45Z,currencyservice,redis-cart,0,0,0,0,0,0,0
2026-10-04T14:12:45Z,currencyservice,shippingservice,0,0,0,0,0,0,0
2026-10-04T14:12:45Z,emailservice,adservice,0,0,0,0,0,0,0
2026-10-04T14:12:45Z,emailservice,cartservice,0,0,0,0,0,0,0
2026-10-04T14:12:45Z,emailservice,checkoutservice,0,0,0,0,0,0,0
2026-10-04T14:12:45Z,emailservice,currencyservice,0,0,0,0,0,0,0
2026-10-04T14:12:45Z,emailservice,emailservice,0,0,0,0,0,0,0
2026-10-04T14:12:45Z,emailservice,frontend,0,0,0,0,0,0,0
2026-10-04T14:12:45Z,emailservice,kubernetes,0,0,0,0,0,0,0
2026-10-04T14:12:45Z,emailservice,paymentservice,0,0,0,0,0,0,0
2026-10-04T14:12:45Z,emailservice,productcatalogservice,0,0,0,0,0,0,0
2026-10-04T14:12:45Z,emailservice,recommendationservice,0,0,0,0,0,0,0
2026-10-04T14:12:45Z,emailservice,redis-cart,0,0,0,0,0,0,0
2026-10-04T14:12:45Z,emailservice,shippingservice,0,0,0,0,0,0,0
2026-10-04T14:12:45Z,frontend,adservice,871165,871163,0,0,0,2621026,870957
2026-10-04T14:12:45Z,frontend,cartservice,1955960,1955947,0,0,4,10759979,1955326
2026-10-04T14:12:45Z,frontend,checkoutservice,408972,198992,0,40061,169951,63768423,198897
2026-10-04T14:12:45Z,frontend,currencyservice,3107871,3107853,0,0,0,16237616,3106868
2026-10-04T14:12:45Z,frontend,emailservice,0,0,0,0,0,0,0
2026-10-04T14:12:45Z,frontend,frontend,0,0,0,0,0,0,0
2026-10-04T14:12:45Z,frontend,kubernetes,0,0,0,0,0,0,0
2026-10-04T14:12:45Z,frontend,paymentservice,0,0,0,0,0,0,0
2026-10-04T14:12:45Z,frontend,productcatalogservice,8672797,8672717,0,0,0,59076428,8670279
2026-10-04T14:12:45Z,frontend,recommendationservice,2873274,1727077,0,120913,1022763,879563421,1726501
2026-10-04T14:12:45Z,frontend,redis-cart,0,0,0,0,0,0,0
2026-10-04T14:12:45Z,frontend,shippingservice,319364,319361,0,0,0,962175,319279
2026-10-04T14:12:45Z,paymentservice,adservice,0,0,0,0,0,0,0
2026-10-04T14:12:45Z,paymentservice,cartservice,0,0,0,0,0,0,0
2026-10-04T14:12:45Z,paymentservice,checkoutservice,0,0,0,0,0,0,0
2026-10-04T14:12:45Z,paymentservice,currencyservice,0,0,0,0,0,0,0
2026-10-04T14:12:45Z,paymentservice,emailservice,0,0,0,0,0,0,0
2026-10-04T14:12:45Z,paymentservice,frontend,0,0,0,0,0,0,0
2026-10-04T14:12:45Z,paymentservice,kubernetes,0,0,0,0,0,0,0
2026-10-04T14:12:45Z,paymentservice,paymentservice,0,0,0,0,0,0,0
2026-10-04T14:12:45Z,paymentservice,productcatalogservice,0,0,0,0,0,0,0
2026-10-04T14:12:45Z,paymentservice,recommendationservice,0,0,0,0,0,0,0
2026-10-04T14:12:45Z,paymentservice,redis-cart,0,0,0,0,0,0,0
2026-10-04T14:12:45Z,paymentservice,shippingservice,0,0,0,0,0,0,0
2026-10-04T14:12:45Z,productcatalogservice,adservice,0,0,0,0,0,0,0
2026-10-04T14:12:45Z,productcatalogservice,cartservice,0,0,0,0,0,0,0
2026-10-04T14:12:45Z,productcatalogservice,checkoutservice,0,0,0,0,0,0,0
2026-10-04T14:12:45Z,productcatalogservice,currencyservice,0,0,0,0,0,0,0
2026-10-04T14:12:45Z,productcatalogservice,emailservice,0,0,0,0,0,0,0
2026-10-04T14:12:45Z,productcatalogservice,frontend,0,0,0,0,0,0,0
2026-10-04T14:12:45Z,productcatalogservice,kubernetes,0,0,0,0,0,0,0
2026-10-04T14:12:45Z,productcatalogservice,paymentservice,0,0,0,0,0,0,0
2026-10-04T14:12:45Z,productcatalogservice,productcatalogservice,0,0,0,0,0,0,0
2026-10-04T14:12:45Z,productcatalogservice,recommendationservice,0,0,0,0,0,0,0
2026-10-04T14:12:45Z,productcatalogservice,redis-cart,0,0,0,0,0,0,0
2026-10-04T14:12:45Z,productcatalogservice,shippingservice,0,0,0,0,0,0,0
2026-10-04T14:12:45Z,recommendationservice,adservice,0,0,0,0,0,0,0
2026-10-04T14:12:45Z,recommendationservice,cartservice,0,0,0,0,0,0,0
2026-10-04T14:12:45Z,recommendationservice,checkoutservice,0,0,0,0,0,0,0
2026-10-04T14:12:45Z,recommendationservice,currencyservice,0,0,0,0,0,0,0
2026-10-04T14:12:45Z,recommendationservice,emailservice,0,0,0,0,0,0,0
2026-10-04T14:12:45Z,recommendationservice,frontend,0,0,0,0,0,0,0
2026-10-04T14:12:45Z,recommendationservice,kubernetes,0,0,0,0,0,0,0
2026-10-04T14:12:45Z,recommendationservice,paymentservice,0,0,0,0,0,0,0
2026-10-04T14:12:45Z,recommendationservice,productcatalogservice,231157,231152,0,0,0,1483956,229068
2026-10-04T14:12:45Z,recommendationservice,recommendationservice,0,0,0,0,0,0,0
2026-10-04T14:12:45Z,recommendationservice,redis-cart,0,0,0,0,0,0,0
2026-10-04T14:12:45Z,recommendationservice,shippingservice,0,0,0,0,0,0,0
2026-10-04T14:12:45Z,redis-cart,adservice,0,0,0,0,0,0,0
2026-10-04T14:12:45Z,redis-cart,cartservice,0,0,0,0,0,0,0
2026-10-04T14:12:45Z,redis-cart,checkoutservice,0,0,0,0,0,0,0
2026-10-04T14:12:45Z,redis-cart,currencyservice,0,0,0,0,0,0,0
2026-10-04T14:12:45Z,redis-cart,emailservice,0,0,0,0,0,0,0
2026-10-04T14:12:45Z,redis-cart,frontend,0,0,0,0,0,0,0
2026-10-04T14:12:45Z,redis-cart,kubernetes,0,0,0,0,0,0,0
2026-10-04T14:12:45Z,redis-cart,paymentservice,0,0,0,0,0,0,0
2026-10-04T14:12:45Z,redis-cart,productcatalogservice,0,0,0,0,0,0,0
2026-10-04T14:12:45Z,redis-cart,recommendationservice,0,0,0,0,0,0,0
2026-10-04T14:12:45Z,redis-cart,redis-cart,0,0,0,0,0,0,0
2026-10-04T14:12:45Z,redis-cart,shippingservice,0,0,0,0,0,0,0
2026-10-04T14:12:45Z,shippingservice,adservice,0,0,0,0,0,0,0
2026-10-04T14:12:45Z,shippingservice,cartservice,0,0,0,0,0,0,0
2026-10-04T14:12:45Z,shippingservice,checkoutservice,0,0,0,0,0,0,0
2026-10-04T14:12:45Z,shippingservice,currencyservice,0,0,0,0,0,0,0
2026-10-04T14:12:45Z,shippingservice,emailservice,0,0,0,0,0,0,0
2026-10-04T14:12:45Z,shippingservice,frontend,0,0,0,0,0,0,0
2026-10-04T14:12:45Z,shippingservice,kubernetes,0,0,0,0,0,0,0
2026-10-04T14:12:45Z,shippingservice,paymentservice,0,0,0,0,0,0,0
2026-10-04T14:12:45Z,shippingservice,productcatalogservice,0,0,0,0,0,0,0
2026-10-04T14:12:45Z,shippingservice,recommendationservice,0,0,0,0,0,0,0
2026-10-04T14:12:45Z,shippingservice,redis-cart,0,0,0,0,0,0,0
2026-10-04T14:12:45Z,shippingservice,shippingservice,0,0,0,0,0,0,0
2026-10-04T14:12:46Z,adservice,adservice,0,0,0,0,0,0,0
2026-10-04T14:12:46Z,adservice,cartservice,0,0,0,0,0,0,0
2026-10-04T14:12:46Z,adservice,checkoutservice,0,0,0,0,0,0,0
2026-10-04T14:12:46Z,adservice,currencyservice,0,0,0,0,0,0,0
2026-10-04T14:12:46Z,adservice,emailservice,0,0,0,0,0,0,0
2026-10-04T14:12:46Z,adservice,frontend,0,0,0,0,0,0,0
2026-10-04T14:12:46Z,adservice,kubernetes,0,0,0,0,0,0,0
2026-10-04T14:12:46Z,adservice,paymentservice,0,0,0,0,0,0,0
2026-10-04T14:12:46Z,adservice,productcatalogservice,0,0,0,0,0,0,0
2026-10-04T14:12:46Z,adservice,recommendationservice,0,0,0,0,0,0,0
2026-10-04T14:12:46Z,adservice,redis-cart,0,0,0,0,0,0,0
2026-10-04T14:12:46Z,adservice,shippingservice,0,0,0,0,0,0,0
2026-10-04T14:12:46Z,cartservice,adservice,0,0,0,0,0,0,0
2026-10-04T14:12:46Z,cartservice,cartservice,0,0,0,0,0,0,0
2026-10-04T14:12:46Z,cartservice,checkoutservice,0,0,0,0,0,0,0
2026-10-04T14:12:46Z,cartservice,currencyservice,0,0,0,0,0,0,0
2026-10-04T14:12:46Z,cartservice,emailservice,0,0,0,0,0,0,0
2026-10-04T14:12:46Z,cartservice,frontend,0,0,0,0,0,0,0
2026-10-04T14:12:46Z,cartservice,kubernetes,0,0,0,0,0,0,0
2026-10-04T14:12:46Z,cartservice,paymentservice,0,0,0,0,0,0,0
2026-10-04T14:12:46Z,cartservice,productcatalogservice,0,0,0,0,0,0,0
2026-10-04T14:12:46Z,cartservice,recommendationservice,0,0,0,0,0,0,0
2026-10-04T14:12:46Z,cartservice,redis-cart,2,0,0,0,0,0,0
2026-10-04T14:12:46Z,cartservice,shippingservice,0,0,0,0,0,0,0
2026-10-04T14:12:46Z,checkoutservice,adservice,0,0,0,0,0,0,0
2026-10-04T14:12:46Z,checkoutservice,cartservice,77285,76354,0,100,0,775636,75884
2026-10-04T14:12:46Z,checkoutservice,checkoutservice,0,0,0,0,0,0,0
2026-10-04T14:12:46Z,checkoutservice,currencyservice,50040,50040,0,0,0,602255,49806
2026-10-04T14:12:46Z,checkoutservice,emailservice,21278,20977,0,66,0,670617,20748
2026-10-04T14:12:46Z,checkoutservice,frontend,0,0,0,0,0,0,0
2026-10-04T14:12:46Z,checkoutservice,kubernetes,0,0,0,0,0,0,0
2026-10-04T14:12:46Z,checkoutservice,paymentservice,43306,41458,0,192,0,478073,41076
2026-10-04T14:12:46Z,checkoutservice,productcatalogservice,0,0,0,0,0,0,0
2026-10-04T14:12:46Z,checkoutservice,recommendationservice,0,0,0,0,0,0,0
2026-10-04T14:12:46Z,checkoutservice,redis-cart,0,0,0,0,0,0,0
2026-10-04T14:12:46Z,checkoutservice,shippingservice,82596,80493,0,154,0,547926,80022
2026-10-04T14:12:46Z,currencyservice,adservice,0,0,0,0,0,0,0
2026-10-04T14:12:46Z,currencyservice,cartservice,0,0,0,0,0,0,0
2026-10-04T14:12:46Z,currencyservice,checkoutservice,0,0,0,0,0,0,0
2026-10-04T14:12:46Z,currencyservice,currencyservice,0,0,0,0,0,0,0
2026-10-04T14:12:46Z,currencyservice,emailservice,0,0,0,0,0,0,0
2026-10-04T14:12:46Z,currencyservice,frontend,0,0,0,0,0,0,0
2026-10-04T14:12:46Z,currencyservice,kubernetes,0,0,0,0,0,0,0
2026-10-04T14:12:46Z,currencyservice,paymentservice,0,0,0,0,0,0,0
2026-10-04T14:12:46Z,currencyservice,productcatalogservice,0,0,0,0,0,0,0
2026-10-04T14:12:46Z,currencyservice,recommendationservice,0,0,0,0,0,0,0
2026-10-04T14:12:46Z,currencyservice,redis-cart,0,0,0,0,0,0,0
2026-10-04T14:12:46Z,currencyservice,shippingservice,0,0,0,0,0,0,0
2026-10-04T14:12:46Z,emailservice,adservice,0,0,0,0,0,0,0
2026-10-04T14:12:46Z,emailservice,cartservice,0,0,0,0,0,0,0
2026-10-04T14:12:46Z,emailservice,checkoutservice,0,0,0,0,0,0,0
2026-10-04T14:12:46Z,emailservice,currencyservice,0,0,0,0,0,0,0
2026-10-04T14:12:46Z,emailservice,emailservice,0,0,0,0,0,0,0
2026-10-04T14:12:46Z,emailservice,frontend,0,0,0,0,0,0,0
2026-10-04T14:12:46Z,emailservice,kubernetes,0,0,0,0,0,0,0
2026-10-04T14:12:46Z,emailservice,paymentservice,0,0,0,0,0,0,0
2026-10-04T14:12:46Z,emailservice,productcatalogservice,0,0,0,0,0,0,0
2026-10-04T14:12:46Z,emailservice,recommendationservice,0,0,0,0,0,0,0
2026-10-04T14:12:46Z,emailservice,redis-cart,0,0,0,0,0,0,0
2026-10-04T14:12:46Z,emailservice,shippingservice,0,0,0,0,0,0,0
2026-10-04T14:12:46Z,frontend,adservice,871346,871344,0,0,0,2621026,870957
2026-10-04T14:12:46Z,frontend,cartservice,1956382,1956366,0,0,4,10759979,1955326
2026-10-04T14:12:46Z,frontend,checkoutservice,409036,199055,0,40061,169951,63768423,198897
2026-10-04T14:12:46Z,frontend,currencyservice,3108545,3108537,0,0,0,16237616,3106868
2026-10-04T14:12:46Z,frontend,emailservice,0,0,0,0,0,0,0
2026-10-04T14:12:46Z,frontend,frontend,0,0,0,0,0,0,0
2026-10-04T14:12:46Z,frontend,kubernetes,0,0,0,0,0,0,0
2026-10-04T14:12:46Z,frontend,paymentservice,0,0,0,0,0,0,0
2026-10-04T14:12:46Z,frontend,productcatalogservice,8674626,8674545,0,0,0,59076428,8670279
2026-10-04T14:12:46Z,frontend,recommendationservice,2873960,1727471,0,120944,1023034,879563421,1726501
2026-10-04T14:12:46Z,frontend,redis-cart,0,0,0,0,0,0,0
2026-10-04T14:12:46Z,frontend,shippingservice,319423,319421,0,0,0,962175,319279
2026-10-04T14:12:46Z,paymentservice,adservice,0,0,0,0,0,0,0
2026-10-04T14:12:46Z,paymentservice,cartservice,0,0,0,0,0,0,0
2026-10-04T14:12:46Z,paymentservice,checkoutservice,0,0,0,0,0,0,0
2026-10-04T14:12:46Z,paymentservice,currencyservice,0,0,0,0,0,0,0
2026-10-04T14:12:46Z,paymentservice,emailservice,0,0,0,0,0,0,0
2026-10-04T14:12:46Z,paymentservice,frontend,0,0,0,0,0,0,0
2026-10-04T14:12:46Z,paymentservice,kubernetes,0,0,0,0,0,0,0
2026-10-04T14:12:46Z,paymentservice,paymentservice,0,0,0,0,0,0,0
2026-10-04T14:12:46Z,paymentservice,productcatalogservice,0,0,0,0,0,0,0
2026-10-04T14:12:46Z,paymentservice,recommendationservice,0,0,0,0,0,0,0
2026-10-04T14:12:46Z,paymentservice,redis-cart,0,0,0,0,0,0,0
2026-10-04T14:12:46Z,paymentservice,shippingservice,0,0,0,0,0,0,0
2026-10-04T14:12:46Z,productcatalogservice,adservice,0,0,0,0,0,0,0
2026-10-04T14:12:46Z,productcatalogservice,cartservice,0,0,0,0,0,0,0
2026-10-04T14:12:46Z,productcatalogservice,checkoutservice,0,0,0,0,0,0,0
2026-10-04T14:12:46Z,productcatalogservice,currencyservice,0,0,0,0,0,0,0
2026-10-04T14:12:46Z,productcatalogservice,emailservice,0,0,0,0,0,0,0
2026-10-04T14:12:46Z,productcatalogservice,frontend,0,0,0,0,0,0,0
2026-10-04T14:12:46Z,productcatalogservice,kubernetes,0,0,0,0,0,0,0
2026-10-04T14:12:46Z,productcatalogservice,paymentservice,0,0,0,0,0,0,0
2026-10-04T14:12:46Z,productcatalogservice,productcatalogservice,0,0,0,0,0,0,0
2026-10-04T14:12:46Z,productcatalogservice,recommendationservice,0,0,0,0,0,0,0
2026-10-04T14:12:46Z,productcatalogservice,redis-cart,0,0,0,0,0,0,0
2026-10-04T14:12:46Z,productcatalogservice,shippingservice,0,0,0,0,0,0,0
2026-10-04T14:12:46Z,recommendationservice,adservice,0,0,0,0,0,0,0
2026-10-04T14:12:46Z,recommendationservice,cartservice,0,0,0,0,0,0,0
2026-10-04T14:12:46Z,recommendationservice,checkoutservice,0,0,0,0,0,0,0
2026-10-04T14:12:46Z,recommendationservice,currencyservice,0,0,0,0,0,0,0
2026-10-04T14:12:46Z,recommendationservice,emailservice,0,0,0,0,0,0,0
2026-10-04T14:12:46Z,recommendationservice,frontend,0,0,0,0,0,0,0
2026-10-04T14:12:46Z,recommendationservice,kubernetes,0,0,0,0,0,0,0
2026-10-04T14:12:46Z,recommendationservice,paymentservice,0,0,0,0,0,0,0
2026-10-04T14:12:46Z,recommendationservice,productcatalogservice,231579,231579,0,0,0,1495471,231159
2026-10-04T14:12:46Z,recommendationservice,recommendationservice,0,0,0,0,0,0,0
2026-10-04T14:12:46Z,recommendationservice,redis-cart,0,0,0,0,0,0,0
2026-10-04T14:12:46Z,recommendationservice,shippingservice,0,0,0,0,0,0,0
2026-10-04T14:12:46Z,redis-cart,adservice,0,0,0,0,0,0,0
2026-10-04T14:12:46Z,redis-cart,cartservice,0,0,0,0,0,0,0
2026-10-04T14:12:46Z,redis-cart,checkoutservice,0,0,0,0,0,0,0
2026-10-04T14:12:46Z,redis-cart,currencyservice,0,0,0,0,0,0,0
2026-10-04T14:12:46Z,redis-cart,emailservice,0,0,0,0,0,0,0
2026-10-04T14:12:46Z,redis-cart,frontend,0,0,0,0,0,0,0
2026-10-04T14:12:46Z,redis-cart,kubernetes,0,0,0,0,0,0,0
2026-10-04T14:12:46Z,redis-cart,paymentservice,0,0,0,0,0,0,0
2026-10-04T14:12:46Z,redis-cart,productcatalogservice,0,0,0,0,0,0,0
2026-10-04T14:12:46Z,redis-cart,recommendationservice,0,0,0,0,0,0,0
2026-10-04T14:12:46Z,redis-cart,redis-cart,0,0,0,0,0,0,0
2026-10-04T14:12:46Z,redis-cart,shippingservice,0,0,0,0,0,0,0
2026-10-04T14:12:46Z,shippingservice,adservice,0,0,0,0,0,0,0
2026-10-04T14:12:46Z,shippingservice,cartservice,0,0,0,0,0,0,0
2026-10-04T14:12:46Z,shippingservice,checkoutservice,0,0,0,0,0,0,0
2026-10-04T14:12:46Z,shippingservice,currencyservice,0,0,0,0,0,0,0
2026-10-04T14:12:46Z,shippingservice,emailservice,0,0,0,0,0,0,0
2026-10-04T14:12:46Z,shippingservice,frontend,0,0,0,0,0,0,0
2026-10-04T14:12:46Z,shippingservice,kubernetes,0,0,0,0,0,0,0
2026-10-04T14:12:46Z,shippingservice,paymentservice,0,0,0,0,0,0,0
2026-10-04T14:12:46Z,shippingservice,productcatalogservice,0,0,0,0,0,0,0
2026-10-04T14:12:46Z,shippingservice,recommendationservice,0,0,0,0,0,0,0
2026-10-04T14:12:46Z,shippingservice,redis-cart,0,0,0,0,0,0,0
2026-10-04T14:12:46Z,shippingservice,shippingservice,0,0,0,0,0,0,0
2026-10-04T14:12:47Z,adservice,adservice,0,0,0,0,0,0,0
2026-10-04T14:12:47Z,adservice,cartservice,0,0,0,0,0,0,0
2026-10-04T14:12:47Z,adservice,checkoutservice,0,0,0,0,0,0,0
2026-10-04T14:12:47Z,adservice,currencyservice,0,0,0,0,0,0,0
2026-10-04T14:12:47Z,adservice,emailservice,0,0,0,0,0,0,0
2026-10-04T14:12:47Z,adservice,frontend,0,0,0,0,0,0,0
2026-10-04T14:12:47Z,adservice,kubernetes,0,0,0,0,0,0,0
2026-10-04T14:12:47Z,adservice,paymentservice,0,0,0,0,0,0,0
2026-10-04T14:12:47Z,adservice,productcatalogservice,0,0,0,0,0,0,0
2026-10-04T14:12:47Z,adservice,recommendationservice,0,0,0,0,0,0,0
2026-10-04T14:12:47Z,adservice,redis-cart,0,0,0,0,0,0,0
2026-10-04T14:12:47Z,adservice,shippingservice,0,0,0,0,0,0,0
2026-10-04T14:12:47Z,cartservice,adservice,0,0,0,0,0,0,0
2026-10-04T14:12:47Z,cartservice,cartservice,0,0,0,0,0,0,0
2026-10-04T14:12:47Z,cartservice,checkoutservice,0,0,0,0,0,0,0
2026-10-04T14:12:47Z,cartservice,currencyservice,0,0,0,0,0,0,0
2026-10-04T14:12:47Z,cartservice,emailservice,0,0,0,0,0,0,0
2026-10-04T14:12:47Z,cartservice,frontend,0,0,0,0,0,0,0
2026-10-04T14:12:47Z,cartservice,kubernetes,0,0,0,0,0,0,0
2026-10-04T14:12:47Z,cartservice,paymentservice,0,0,0,0,0,0,0
2026-10-04T14:12:47Z,cartservice,productcatalogservice,0,0,0,0,0,0,0
2026-10-04T14:12:47Z,cartservice,recommendationservice,0,0,0,0,0,0,0
2026-10-04T14:12:47Z,cartservice,redis-cart,2,0,0,0,0,0,0
2026-10-04T14:12:47Z,cartservice,shippingservice,0,0,0,0,0,0,0
2026-10-04T14:12:47Z,checkoutservice,adservice,0,0,0,0,0,0,0
2026-10-04T14:12:47Z,checkoutservice,cartservice,77412,76481,0,100,0,778376,76464
2026-10-04T14:12:47Z,checkoutservice,checkoutservice,0,0,0,0,0,0,0
2026-10-04T14:12:47Z,checkoutservice,currencyservice,50108,50108,0,0,0,603327,50097
2026-10-04T14:12:47Z,checkoutservice,emailservice,21337,21044,0,66,0,682142,21037
2026-10-04T14:12:47Z,checkoutservice,frontend,0,0,0,0,0,0,0
2026-10-04T14:12:47Z,checkoutservice,kubernetes,0,0,0,0,0,0,0
2026-10-04T14:12:47Z,checkoutservice,paymentservice,43369,41521,0,192,0,479061,41366
2026-10-04T14:12:47Z,checkoutservice,productcatalogservice,0,0,0,0,0,0,0
2026-10-04T14:12:47Z,checkoutservice,recommendationservice,0,0,0,0,0,0,0
2026-10-04T14:12:47Z,checkoutservice,redis-cart,0,0,0,0,0,0,0
2026-10-04T14:12:47Z,checkoutservice,shippingservice,82724,80621,0,154,0,549183,80604
2026-10-04T14:12:47Z,currencyservice,adservice,0,0,0,0,0,0,0
2026-10-04T14:12:47Z,currencyservice,cartservice,0,0,0,0,0,0,0
2026-10-04T14:12:47Z,currencyservice,checkoutservice,0,0,0,0,0,0,0
2026-10-04T14:12:47Z,currencyservice,currencyservice,0,0,0,0,0,0,0
2026-10-04T14:12:47Z,currencyservice,emailservice,0,0,0,0,0,0,0
2026-10-04T14:12:47Z,currencyservice,frontend,0,0,0,0,0,0,0
2026-10-04T14:12:47Z,currencyservice,kubernetes,0,0,0,0,0,0,0
2026-10-04T14:12:47Z,currencyservice,paymentservice,0,0,0,0,0,0,0
2026-10-04T14:12:47Z,currencyservice,productcatalogservice,0,0,0,0,0,0,0
2026-10-04T14:12:47Z,currencyservice,recommendationservice,0,0,0,0,0,0,0
2026-10-04T14:12:47Z,currencyservice,redis-cart,0,0,0,0,0,0,0
2026-10-04T14:12:47Z,currencyservice,shippingservice,0,0,0,0,0,0,0
2026-10-04T14:12:47Z,emailservice,adservice,0,0,0,0,0,0,0
2026-10-04T14:12:47Z,emailservice,cartservice,0,0,0,0,0,0,0
2026-10-04T14:12:47Z,emailservice,checkoutservice,0,0,0,0,0,0,0
2026-10-04T14:12:47Z,emailservice,currencyservice,0,0,0,0,0,0,0
2026-10-04T14:12:47Z,emailservice,emailservice,0,0,0,0,0,0,0
2026-10-04T14:12:47Z,emailservice,frontend,0,0,0,0,0,0,0
2026-10-04T14:12:47Z,emailservice,kubernetes,0,0,0,0,0,0,0
2026-10-04T14:12:47Z,emailservice,paymentservice,0,0,0,0,0,0,0
2026-10-04T14:12:47Z,emailservice,productcatalogservice,0,0,0,0,0,0,0
2026-10-04T14:12:47Z,emailservice,recommendationservice,0,0,0,0,0,0,0
2026-10-04T14:12:47Z,emailservice,redis-cart,0,0,0,0,0,0,0
2026-10-04T14:12:47Z,emailservice,shippingservice,0,0,0,0,0,0,0
2026-10-04T14:12:47Z,frontend,adservice,871528,871526,0,0,0,2621026,870957
2026-10-04T14:12:47Z,frontend,cartservice,1956802,1956788,0,0,4,10759979,1955326
2026-10-04T14:12:47Z,frontend,checkoutservice,409100,199126,0,40061,169951,63768423,198897
2026-10-04T14:12:47Z,frontend,currencyservice,3109252,3109244,0,0,0,16237616,3106868
2026-10-04T14:12:47Z,frontend,emailservice,0,0,0,0,0,0,0
2026-10-04T14:12:47Z,frontend,frontend,0,0,0,0,0,0,0
2026-10-04T14:12:47Z,frontend,kubernetes,0,0,0,0,0,0,0
2026-10-04T14:12:47Z,frontend,paymentservice,0,0,0,0,0,0,0
2026-10-04T14:12:47Z,frontend,productcatalogservice,8676505,8676426,0,0,0,59076428,8670279
2026-10-04T14:12:47Z,frontend,recommendationservice,2874657,1727882,0,120968,1023293,879563421,1726501
2026-10-04T14:12:47Z,frontend,redis-cart,0,0,0,0,0,0,0
2026-10-04T14:12:47Z,frontend,shippingservice,319489,319487,0,0,0,962175,319279
2026-10-04T14:12:47Z,paymentservice,adservice,0,0,0,0,0,0,0
2026-10-04T14:12:47Z,paymentservice,cartservice,0,0,0,0,0,0,0
2026-10-04T14:12:47Z,paymentservice,checkoutservice,0,0,0,0,0,0,0
2026-10-04T14:12:47Z,paymentservice,currencyservice,0,0,0,0,0,0,0
2026-10-04T14:12:47Z,paymentservice,emailservice,0,0,0,0,0,0,0
2026-10-04T14:12:47Z,paymentservice,frontend,0,0,0,0,0,0,0
2026-10-04T14:12:47Z,paymentservice,kubernetes,0,0,0,0,0,0,0
2026-10-04T14:12:47Z,paymentservice,paymentservice,0,0,0,0,0,0,0
2026-10-04T14:12:47Z,paymentservice,productcatalogservice,0,0,0,0,0,0,0
2026-10-04T14:12:47Z,paymentservice,recommendationservice,0,0,0,0,0,0,0
2026-10-04T14:12:47Z,paymentservice,redis-cart,0,0,0,0,0,0,0
2026-10-04T14:12:47Z,paymentservice,shippingservice,0,0,0,0,0,0,0
2026-10-04T14:12:47Z,productcatalogservice,adservice,0,0,0,0,0,0,0
2026-10-04T14:12:47Z,productcatalogservice,cartservice,0,0,0,0,0,0,0
2026-10-04T14:12:47Z,productcatalogservice,checkoutservice,0,0,0,0,0,0,0
2026-10-04T14:12:47Z,productcatalogservice,currencyservice,0,0,0,0,0,0,0
2026-10-04T14:12:47Z,productcatalogservice,emailservice,0,0,0,0,0,0,0
2026-10-04T14:12:47Z,productcatalogservice,frontend,0,0,0,0,0,0,0
2026-10-04T14:12:47Z,productcatalogservice,kubernetes,0,0,0,0,0,0,0
2026-10-04T14:12:47Z,productcatalogservice,paymentservice,0,0,0,0,0,0,0
2026-10-04T14:12:47Z,productcatalogservice,productcatalogservice,0,0,0,0,0,0,0
2026-10-04T14:12:47Z,productcatalogservice,recommendationservice,0,0,0,0,0,0,0
2026-10-04T14:12:47Z,productcatalogservice,redis-cart,0,0,0,0,0,0,0
2026-10-04T14:12:47Z,productcatalogservice,shippingservice,0,0,0,0,0,0,0
2026-10-04T14:12:47Z,recommendationservice,adservice,0,0,0,0,0,0,0
2026-10-04T14:12:47Z,recommendationservice,cartservice,0,0,0,0,0,0,0
2026-10-04T14:12:47Z,recommendationservice,checkoutservice,0,0,0,0,0,0,0
2026-10-04T14:12:47Z,recommendationservice,currencyservice,0,0,0,0,0,0,0
2026-10-04T14:12:47Z,recommendationservice,emailservice,0,0,0,0,0,0,0
2026-10-04T14:12:47Z,recommendationservice,frontend,0,0,0,0,0,0,0
2026-10-04T14:12:47Z,recommendationservice,kubernetes,0,0,0,0,0,0,0
2026-10-04T14:12:47Z,recommendationservice,paymentservice,0,0,0,0,0,0,0
2026-10-04T14:12:47Z,recommendationservice,productcatalogservice,232012,232011,0,0,0,1495471,231159
2026-10-04T14:12:47Z,recommendationservice,recommendationservice,0,0,0,0,0,0,0
2026-10-04T14:12:47Z,recommendationservice,redis-cart,0,0,0,0,0,0,0
2026-10-04T14:12:47Z,recommendationservice,shippingservice,0,0,0,0,0,0,0
2026-10-04T14:12:47Z,redis-cart,adservice,0,0,0,0,0,0,0
2026-10-04T14:12:47Z,redis-cart,cartservice,0,0,0,0,0,0,0
2026-10-04T14:12:47Z,redis-cart,checkoutservice,0,0,0,0,0,0,0
2026-10-04T14:12:47Z,redis-cart,currencyservice,0,0,0,0,0,0,0
2026-10-04T14:12:47Z,redis-cart,emailservice,0,0,0,0,0,0,0
2026-10-04T14:12:47Z,redis-cart,frontend,0,0,0,0,0,0,0
2026-10-04T14:12:47Z,redis-cart,kubernetes,0,0,0,0,0,0,0
2026-10-04T14:12:47Z,redis-cart,paymentservice,0,0,0,0,0,0,0
2026-10-04T14:12:47Z,redis-cart,productcatalogservice,0,0,0,0,0,0,0
2026-10-04T14:12:47Z,redis-cart,recommendationservice,0,0,0,0,0,0,0
2026-10-04T14:12:47Z,redis-cart,redis-cart,0,0,0,0,0,0,0
2026-10-04T14:12:47Z,redis-cart,shippingservice,0,0,0,0,0,0,0
2026-10-04T14:12:47Z,shippingservice,adservice,0,0,0,0,0,0,0
2026-10-04T14:12:47Z,shippingservice,cartservice,0,0,0,0,0,0,0
2026-10-04T14:12:47Z,shippingservice,checkoutservice,0,0,0,0,0,0,0
2026-10-04T14:12:47Z,shippingservice,currencyservice,0,0,0,0,0,0,0
2026-10-04T14:12:47Z,shippingservice,emailservice,0,0,0,0,0,0,0
2026-10-04T14:12:47Z,shippingservice,frontend,0,0,0,0,0,0,0
2026-10-04T14:12:47Z,shippingservice,kubernetes,0,0,0,0,0,0,0
2026-10-04T14:12:47Z,shippingservice,paymentservice,0,0,0,0,0,0,0
2026-10-04T14:12:47Z,shippingservice,productcatalogservice,0,0,0,0,0,0,0
2026-10-04T14:12:47Z,shippingservice,recommendationservice,0,0,0,0,0,0,0
2026-10-04T14:12:47Z,shippingservice,redis-cart,0,0,0,0,0,0,0
2026-10-04T14:12:47Z,shippingservice,shippingservice,0,0,0,0,0,0,0
2026-10-04T14:12:48Z,adservice,adservice,0,0,0,0,0,0,0
2026-10-04T14:12:48Z,adservice,cartservice,0,0,0,0,0,0,0
2026-10-04T14:12:48Z,adservice,checkoutservice,0,0,0,0,0,0,0
2026-10-04T14:12:48Z,adservice,currencyservice,0,0,0,0,0,0,0
2026-10-04T14:12:48Z,adservice,emailservice,0,0,0,0,0,0,0
2026-10-04T14:12:48Z,adservice,frontend,0,0,0,0,0,0,0
2026-10-04T14:12:48Z,adservice,kubernetes,0,0,0,0,0,0,0
2026-10-04T14:12:48Z,adservice,paymentservice,0,0,0,0,0,0,0
2026-10-04T14:12:48Z,adservice,productcatalogservice,0,0,0,0,0,0,0
2026-10-04T14:12:48Z,adservice,recommendationservice,0,0,0,0,0,0,0
2026-10-04T14:12:48Z,adservice,redis-cart,0,0,0,0,0,0,0
2026-10-04T14:12:48Z,adservice,shippingservice,0,0,0,0,0,0,0
2026-10-04T14:12:48Z,cartservice,adservice,0,0,0,0,0,0,0
2026-10-04T14:12:48Z,cartservice,cartservice,0,0,0,0,0,0,0
2026-10-04T14:12:48Z,cartservice,checkoutservice,0,0,0,0,0,0,0
2026-10-04T14:12:48Z,cartservice,currencyservice,0,0,0,0,0,0,0
2026-10-04T14:12:48Z,cartservice,emailservice,0,0,0,0,0,0,0
2026-10-04T14:12:48Z,cartservice,frontend,0,0,0,0,0,0,0
2026-10-04T14:12:48Z,cartservice,kubernetes,0,0,0,0,0,0,0
2026-10-04T14:12:48Z,cartservice,paymentservice,0,0,0,0,0,0,0
2026-10-04T14:12:48Z,cartservice,productcatalogservice,0,0,0,0,0,0,0
2026-10-04T14:12:48Z,cartservice,recommendationservice,0,0,0,0,0,0,0
2026-10-04T14:12:48Z,cartservice,redis-cart,2,0,0,0,0,0,0
2026-10-04T14:12:48Z,cartservice,shippingservice,0,0,0,0,0,0,0
2026-10-04T14:12:48Z,checkoutservice,adservice,0,0,0,0,0,0,0
2026-10-04T14:12:48Z,checkoutservice,cartservice,77535,76604,0,100,0,778376,76464
2026-10-04T14:12:48Z,checkoutservice,checkoutservice,0,0,0,0,0,0,0
2026-10-04T14:12:48Z,checkoutservice,currencyservice,50164,50164,0,0,0,603327,50097
2026-10-04T14:12:48Z,checkoutservice,emailservice,21393,21100,0,66,0,682142,21037
2026-10-04T14:12:48Z,checkoutservice,frontend,0,0,0,0,0,0,0
2026-10-04T14:12:48Z,checkoutservice,kubernetes,0,0,0,0,0,0,0
2026-10-04T14:12:48Z,checkoutservice,paymentservice,43429,41580,0,192,0,479061,41366
2026-10-04T14:12:48Z,checkoutservice,productcatalogservice,0,0,0,0,0,0,0
2026-10-04T14:12:48Z,checkoutservice,recommendationservice,0,0,0,0,0,0,0
2026-10-04T14:12:48Z,checkoutservice,redis-cart,0,0,0,0,0,0,0
2026-10-04T14:12:48Z,checkoutservice,shippingservice,82844,80741,0,154,0,549183,80604
2026-10-04T14:12:48Z,currencyservice,adservice,0,0,0,0,0,0,0
2026-10-04T14:12:48Z,currencyservice,cartservice,0,0,0,0,0,0,0
2026-10-04T14:12:48Z,currencyservice,checkoutservice,0,0,0,0,0,0,0
2026-10-04T14:12:48Z,currencyservice,currencyservice,0,0,0,0,0,0,0
2026-10-04T14:12:48Z,currencyservice,emailservice,0,0,0,0,0,0,0
2026-10-04T14:12:48Z,currencyservice,frontend,0,0,0,0,0,0,0
2026-10-04T14:12:48Z,currencyservice,kubernetes,0,0,0,0,0,0,0
2026-10-04T14:12:48Z,currencyservice,paymentservice,0,0,0,0,0,0,0
2026-10-04T14:12:48Z,currencyservice,productcatalogservice,0,0,0,0,0,0,0
2026-10-04T14:12:48Z,currencyservice,recommendationservice,0,0,0,0,0,0,0
2026-10-04T14:12:48Z,currencyservice,redis-cart,0,0,0,0,0,0,0
2026-10-04T14:12:48Z,currencyservice,shippingservice,0,0,0,0,0,0,0
2026-10-04T14:12:48Z,emailservice,adservice,0,0,0,0,0,0,0
2026-10-04T14:12:48Z,emailservice,cartservice,0,0,0,0,0,0,0
2026-10-04T14:12:48Z,emailservice,checkoutservice,0,0,0,0,0,0,0
2026-10-04T14:12:48Z,emailservice,currencyservice,0,0,0,0,0,0,0
2026-10-04T14:12:48Z,emailservice,emailservice,0,0,0,0,0,0,0
2026-10-04T14:12:48Z,emailservice,frontend,0,0,0,0,0,0,0
2026-10-04T14:12:48Z,emailservice,kubernetes,0,0,0,0,0,0,0
2026-10-04T14:12:48Z,emailservice,paymentservice,0,0,0,0,0,0,0
2026-10-04T14:12:48Z,emailservice,productcatalogservice,0,0,0,0,0,0,0
2026-10-04T14:12:48Z,emailservice,recommendationservice,0,0,0,0,0,0,0
2026-10-04T14:12:48Z,emailservice,redis-cart,0,0,0,0,0,0,0
2026-10-04T14:12:48Z,emailservice,shippingservice,0,0,0,0,0,0,0
2026-10-04T14:12:48Z,frontend,adservice,871691,871689,0,0,0,2621408,871113
2026-10-04T14:12:48Z,frontend,cartservice,1957194,1957181,0,0,4,10762171,1955813
2026-10-04T14:12:48Z,frontend,checkoutservice,409164,199181,0,40061,169951,63775262,198953
2026-10-04T14:12:48Z,frontend,currencyservice,3109881,3109870,0,0,0,16240436,3107597
2026-10-04T14:12:48Z,frontend,emailservice,0,0,0,0,0,0,0
2026-10-04T14:12:48Z,frontend,frontend,0,0,0,0,0,0,0
2026-10-04T14:12:48Z,frontend,kubernetes,0,0,0,0,0,0,0
2026-10-04T14:12:48Z,frontend,paymentservice,0,0,0,0,0,0,0
2026-10-04T14:12:48Z,frontend,productcatalogservice,8678196,8678125,0,0,0,59088874,8671984
2026-10-04T14:12:48Z,frontend,recommendationservice,2875339,1728242,0,120999,1023583,879928696,1726956
2026-10-04T14:12:48Z,frontend,redis-cart,0,0,0,0,0,0,0
2026-10-04T14:12:48Z,frontend,shippingservice,319540,319538,0,0,0,962264,319330
2026-10-04T14:12:48Z,paymentservice,adservice,0,0,0,0,0,0,0
2026-10-04T14:12:48Z,paymentservice,cartservice,0,0,0,0,0,0,0
2026-10-04T14:12:48Z,paymentservice,checkoutservice,0,0,0,0,0,0,0
2026-10-04T14:12:48Z,paymentservice,currencyservice,0,0,0,0,0,0,0
2026-10-04T14:12:48Z,paymentservice,emailservice,0,0,0,0,0,0,0
2026-10-04T14:12:48Z,paymentservice,frontend,0,0,0,0,0,0,0
2026-10-04T14:12:48Z,paymentservice,kubernetes,0,0,0,0,0,0,0
2026-10-04T14:12:48Z,paymentservice,paymentservice,0,0,0,0,0,0,0
2026-10-04T14:12:48Z,paymentservice,productcatalogservice,0,0,0,0,0,0,0
2026-10-04T14:12:48Z,paymentservice,recommendationservice,0,0,0,0,0,0,0
2026-10-04T14:12:48Z,paymentservice,redis-cart,0,0,0,0,0,0,0
2026-10-04T14:12:48Z,paymentservice,shippingservice,0,0,0,0,0,0,0
2026-10-04T14:12:48Z,productcatalogservice,adservice,0,0,0,0,0,0,0
2026-10-04T14:12:48Z,productcatalogservice,cartservice,0,0,0,0,0,0,0
2026-10-04T14:12:48Z,productcatalogservice,checkoutservice,0,0,0,0,0,0,0
2026-10-04T14:12:48Z,productcatalogservice,currencyservice,0,0,0,0,0,0,0
2026-10-04T14:12:48Z,productcatalogservice,emailservice,0,0,0,0,0,0,0
2026-10-04T14:12:48Z,productcatalogservice,frontend,0,0,0,0,0,0,0
2026-10-04T14:12:48Z,productcatalogservice,kubernetes,0,0,0,0,0,0,0
2026-10-04T14:12:48Z,productcatalogservice,paymentservice,0,0,0,0,0,0,0
2026-10-04T14:12:48Z,productcatalogservice,productcatalogservice,0,0,0,0,0,0,0
2026-10-04T14:12:48Z,productcatalogservice,recommendationservice,0,0,0,0,0,0,0
2026-10-04T14:12:48Z,productcatalogservice,redis-cart,0,0,0,0,0,0,0
2026-10-04T14:12:48Z,productcatalogservice,shippingservice,0,0,0,0,0,0,0
2026-10-04T14:12:48Z,recommendationservice,adservice,0,0,0,0,0,0,0
2026-10-04T14:12:48Z,recommendationservice,cartservice,0,0,0,0,0,0,0
2026-10-04T14:12:48Z,recommendationservice,checkoutservice,0,0,0,0,0,0,0
2026-10-04T14:12:48Z,recommendationservice,currencyservice,0,0,0,0,0,0,0
2026-10-04T14:12:48Z,recommendationservice,emailservice,0,0,0,0,0,0,0
2026-10-04T14:12:48Z,recommendationservice,frontend,0,0,0,0,0,0,0
2026-10-04T14:12:48Z,recommendationservice,kubernetes,0,0,0,0,0,0,0
2026-10-04T14:12:48Z,recommendationservice,paymentservice,0,0,0,0,0,0,0
2026-10-04T14:12:48Z,recommendationservice,productcatalogservice,232456,232456,0,0,0,1495471,231159
2026-10-04T14:12:48Z,recommendationservice,recommendationservice,0,0,0,0,0,0,0
2026-10-04T14:12:48Z,recommendationservice,redis-cart,0,0,0,0,0,0,0
2026-10-04T14:12:48Z,recommendationservice,shippingservice,0,0,0,0,0,0,0
2026-10-04T14:12:48Z,redis-cart,adservice,0,0,0,0,0,0,0
2026-10-04T14:12:48Z,redis-cart,cartservice,0,0,0,0,0,0,0
2026-10-04T14:12:48Z,redis-cart,checkoutservice,0,0,0,0,0,0,0
2026-10-04T14:12:48Z,redis-cart,currencyservice,0,0,0,0,0,0,0
2026-10-04T14:12:48Z,redis-cart,emailservice,0,0,0,0,0,0,0
2026-10-04T14:12:48Z,redis-cart,frontend,0,0,0,0,0,0,0
2026-10-04T14:12:48Z,redis-cart,kubernetes,0,0,0,0,0,0,0
2026-10-04T14:12:48Z,redis-cart,paymentservice,0,0,0,0,0,0,0
2026-10-04T14:12:48Z,redis-cart,productcatalogservice,0,0,0,0,0,0,0
2026-10-04T14:12:48Z,redis-cart,recommendationservice,0,0,0,0,0,0,0
2026-10-04T14:12:48Z,redis-cart,redis-cart,0,0,0,0,0,0,0
2026-10-04T14:12:48Z,redis-cart,shippingservice,0,0,0,0,0,0,0
2026-10-04T14:12:48Z,shippingservice,adservice,0,0,0,0,0,0,0
2026-10-04T14:12:48Z,shippingservice,cartservice,0,0,0,0,0,0,0
2026-10-04T14:12:48Z,shippingservice,checkoutservice,0,0,0,0,0,0,0
2026-10-04T14:12:48Z,shippingservice,currencyservice,0,0,0,0,0,0,0
2026-10-04T14:12:48Z,shippingservice,emailservice,0,0,0,0,0,0,0
2026-10-04T14:12:48Z,shippingservice,frontend,0,0,0,0,0,0,0
2026-10-04T14:12:48Z,shippingservice,kubernetes,0,0,0,0,0,0,0
2026-10-04T14:12:48Z,shippingservice,paymentservice,0,0,0,0,0,0,0
2026-10-04T14:12:48Z,shippingservice,productcatalogservice,0,0,0,0,0,0,0
2026-10-04T14:12:48Z,shippingservice,recommendationservice,0,0,0,0,0,0,0
2026-10-04T14:12:48Z,shippingservice,redis-cart,0,0,0,0,0,0,0
2026-10-04T14:12:48Z,shippingservice,shippingservice,0,0,0,0,0,0,0
2026-10-04T14:12:49Z,adservice,adservice,0,0,0,0,0,0,0
2026-10-04T14:12:49Z,adservice,cartservice,0,0,0,0,0,0,0
2026-10-04T14:12:49Z,adservice,checkoutservice,0,0,0,0,0,0,0
2026-10-04T14:12:49Z,adservice,currencyservice,0,0,0,0,0,0,0
2026-10-04T14:12:49Z,adservice,emailservice,0,0,0,0,0,0,0
2026-10-04T14:12:49Z,adservice,frontend,0,0,0,0,0,0,0
2026-10-04T14:12:49Z,adservice,kubernetes,0,0,0,0,0,0,0
2026-10-04T14:12:49Z,adservice,paymentservice,0,0,0,0,0,0,0
2026-10-04T14:12:49Z,adservice,productcatalogservice,0,0,0,0,0,0,0
2026-10-04T14:12:49Z,adservice,recommendationservice,0,0,0,0,0,0,0
2026-10-04T14:12:49Z,adservice,redis-cart,0,0,0,0,0,0,0
2026-10-04T14:12:49Z,adservice,shippingservice,0,0,0,0,0,0,0
2026-10-04T14:12:49Z,cartservice,adservice,0,0,0,0,0,0,0
2026-10-04T14:12:49Z,cartservice,cartservice,0,0,0,0,0,0,0
2026-10-04T14:12:49Z,cartservice,checkoutservice,0,0,0,0,0,0,0
2026-10-04T14:12:49Z,cartservice,currencyservice,0,0,0,0,0,0,0
2026-10-04T14:12:49Z,cartservice,emailservice,0,0,0,0,0,0,0
2026-10-04T14:12:49Z,cartservice,frontend,0,0,0,0,0,0,0
2026-10-04T14:12:49Z,cartservice,kubernetes,0,0,0,0,0,0,0
2026-10-04T14:12:49Z,cartservice,paymentservice,0,0,0,0,0,0,0
2026-10-04T14:12:49Z,cartservice,productcatalogservice,0,0,0,0,0,0,0
2026-10-04T14:12:49Z,cartservice,recommendationservice,0,0,0,0,0,0,0
2026-10-04T14:12:49Z,cartservice,redis-cart,2,0,0,0,0,0,0
2026-10-04T14:12:49Z,cartservice,shippingservice,0,0,0,0,0,0,0
2026-10-04T14:12:49Z,checkoutservice,adservice,0,0,0,0,0,0,0
2026-10-04T14:12:49Z,checkoutservice,cartservice,77645,76705,0,100,0,778376,76464
2026-10-04T14:12:49Z,checkoutservice,checkoutservice,0,0,0,0,0,0,0
2026-10-04T14:12:49Z,checkoutservice,currencyservice,50217,50216,0,0,0,603327,50097
2026-10-04T14:12:49Z,checkoutservice,emailservice,21449,21156,0,66,0,682142,21037
2026-10-04T14:12:49Z,checkoutservice,frontend,0,0,0,0,0,0,0
2026-10-04T14:12:49Z,checkoutservice,kubernetes,0,0,0,0,0,0,0
2026-10-04T14:12:49Z,checkoutservice,paymentservice,43482,41634,0,192,0,479061,41366
2026-10-04T14:12:49Z,checkoutservice,productcatalogservice,0,0,0,0,0,0,0
2026-10-04T14:12:49Z,checkoutservice,recommendationservice,0,0,0,0,0,0,0
2026-10-04T14:12:49Z,checkoutservice,redis-cart,0,0,0,0,0,0,0
2026-10-04T14:12:49Z,checkoutservice,shippingservice,82951,80846,0,154,0,549183,80604
2026-10-04T14:12:49Z,currencyservice,adservice,0,0,0,0,0,0,0
2026-10-04T14:12:49Z,currencyservice,cartservice,0,0,0,0,0,0,0
2026-10-04T14:12:49Z,currencyservice,checkoutservice,0,0,0,0,0,0,0
2026-10-04T14:12:49Z,currencyservice,currencyservice,0,0,0,0,0,0,0
2026-10-04T14:12:49Z,currencyservice,emailservice,0,0,0,0,0,0,0
2026-10-04T14:12:49Z,currencyservice,frontend,0,0,0,0,0,0,0
2026-10-04T14:12:49Z,currencyservice,kubernetes,0,0,0,0,0,0,0
2026-10-04T14:12:49Z,currencyservice,paymentservice,0,0,0,0,0,0,0
2026-10-04T14:12:49Z,currencyservice,productcatalogservice,0,0,0,0,0,0,0
2026-10-04T14:12:49Z,currencyservice,recommendationservice,0,0,0,0,0,0,0
2026-10-04T14:12:49Z,currencyservice,redis-cart,0,0,0,0,0,0,0
2026-10-04T14:12:49Z,currencyservice,shippingservice,0,0,0,0,0,0,0
2026-10-04T14:12:49Z,emailservice,adservice,0,0,0,0,0,0,0
2026-10-04T14:12:49Z,emailservice,cartservice,0,0,0,0,0,0,0
2026-10-04T14:12:49Z,emailservice,checkoutservice,0,0,0,0,0,0,0
2026-10-04T14:12:49Z,emailservice,currencyservice,0,0,0,0,0,0,0
2026-10-04T14:12:49Z,emailservice,emailservice,0,0,0,0,0,0,0
2026-10-04T14:12:49Z,emailservice,frontend,0,0,0,0,0,0,0
2026-10-04T14:12:49Z,emailservice,kubernetes,0,0,0,0,0,0,0
2026-10-04T14:12:49Z,emailservice,paymentservice,0,0,0,0,0,0,0
2026-10-04T14:12:49Z,emailservice,productcatalogservice,0,0,0,0,0,0,0
2026-10-04T14:12:49Z,emailservice,recommendationservice,0,0,0,0,0,0,0
2026-10-04T14:12:49Z,emailservice,redis-cart,0,0,0,0,0,0,0
2026-10-04T14:12:49Z,emailservice,shippingservice,0,0,0,0,0,0,0
2026-10-04T14:12:49Z,frontend,adservice,871826,871824,0,0,0,2622925,871571
2026-10-04T14:12:49Z,frontend,cartservice,1957591,1957579,0,0,4,10767390,1956885
2026-10-04T14:12:49Z,frontend,checkoutservice,409216,199234,0,40061,169951,63797852,199132
2026-10-04T14:12:49Z,frontend,currencyservice,3110513,3110503,0,0,0,16247018,3109378
2026-10-04T14:12:49Z,frontend,emailservice,0,0,0,0,0,0,0
2026-10-04T14:12:49Z,frontend,frontend,0,0,0,0,0,0,0
2026-10-04T14:12:49Z,frontend,kubernetes,0,0,0,0,0,0,0
2026-10-04T14:12:49Z,frontend,paymentservice,0,0,0,0,0,0,0
2026-10-04T14:12:49Z,frontend,productcatalogservice,8679691,8679623,0,0,0,59118345,8676780
2026-10-04T14:12:49Z,frontend,recommendationservice,2876086,1728564,0,121037,1023939,880676031,1727969
2026-10-04T14:12:49Z,frontend,redis-cart,0,0,0,0,0,0,0
2026-10-04T14:12:49Z,frontend,shippingservice,319594,319592,0,0,0,962656,319484
2026-10-04T14:12:49Z,paymentservice,adservice,0,0,0,0,0,0,0
2026-10-04T14:12:49Z,paymentservice,cartservice,0,0,0,0,0,0,0
2026-10-04T14:12:49Z,paymentservice,checkoutservice,0,0,0,0,0,0,0
2026-10-04T14:12:49Z,paymentservice,currencyservice,0,0,0,0,0,0,0
2026-10-04T14:12:49Z,paymentservice,emailservice,0,0,0,0,0,0,0
2026-10-04T14:12:49Z,paymentservice,frontend,0,0,0,0,0,0,0
2026-10-04T14:12:49Z,paymentservice,kubernetes,0,0,0,0,0,0,0
2026-10-04T14:12:49Z,paymentservice,paymentservice,0,0,0,0,0,0,0
2026-10-04T14:12:49Z,paymentservice,productcatalogservice,0,0,0,0,0,0,0
2026-10-04T14:12:49Z,paymentservice,recommendationservice,0,0,0,0,0,0,0
2026-10-04T14:12:49Z,paymentservice,redis-cart,0,0,0,0,0,0,0
2026-10-04T14:12:49Z,paymentservice,shippingservice,0,0,0,0,0,0,0
2026-10-04T14:12:49Z,productcatalogservice,adservice,0,0,0,0,0,0,0
2026-10-04T14:12:49Z,productcatalogservice,cartservice,0,0,0,0,0,0,0
2026-10-04T14:12:49Z,productcatalogservice,checkoutservice,0,0,0,0,0,0,0
2026-10-04T14:12:49Z,productcatalogservice,currencyservice,0,0,0,0,0,0,0
2026-10-04T14:12:49Z,productcatalogservice,emailservice,0,0,0,0,0,0,0
2026-10-04T14:12:49Z,productcatalogservice,frontend,0,0,0,0,0,0,0
2026-10-04T14:12:49Z,productcatalogservice,kubernetes,0,0,0,0,0,0,0
2026-10-04T14:12:49Z,productcatalogservice,paymentservice,0,0,0,0,0,0,0
2026-10-04T14:12:49Z,productcatalogservice,productcatalogservice,0,0,0,0,0,0,0
2026-10-04T14:12:49Z,productcatalogservice,recommendationservice,0,0,0,0,0,0,0
2026-10-04T14:12:49Z,productcatalogservice,redis-cart,0,0,0,0,0,0,0
2026-10-04T14:12:49Z,productcatalogservice,shippingservice,0,0,0,0,0,0,0
2026-10-04T14:12:49Z,recommendationservice,adservice,0,0,0,0,0,0,0
2026-10-04T14:12:49Z,recommendationservice,cartservice,0,0,0,0,0,0,0
2026-10-04T14:12:49Z,recommendationservice,checkoutservice,0,0,0,0,0,0,0
2026-10-04T14:12:49Z,recommendationservice,currencyservice,0,0,0,0,0,0,0
2026-10-04T14:12:49Z,recommendationservice,emailservice,0,0,0,0,0,0,0
2026-10-04T14:12:49Z,recommendationservice,frontend,0,0,0,0,0,0,0
2026-10-04T14:12:49Z,recommendationservice,kubernetes,0,0,0,0,0,0,0
2026-10-04T14:12:49Z,recommendationservice,paymentservice,0,0,0,0,0,0,0
2026-10-04T14:12:49Z,recommendationservice,productcatalogservice,232876,232876,0,0,0,1495471,231159
2026-10-04T14:12:49Z,recommendationservice,recommendationservice,0,0,0,0,0,0,0
2026-10-04T14:12:49Z,recommendationservice,redis-cart,0,0,0,0,0,0,0
2026-10-04T14:12:49Z,recommendationservice,shippingservice,0,0,0,0,0,0,0
2026-10-04T14:12:49Z,redis-cart,adservice,0,0,0,0,0,0,0
2026-10-04T14:12:49Z,redis-cart,cartservice,0,0,0,0,0,0,0
2026-10-04T14:12:49Z,redis-cart,checkoutservice,0,0,0,0,0,0,0
2026-10-04T14:12:49Z,redis-cart,currencyservice,0,0,0,0,0,0,0
2026-10-04T14:12:49Z,redis-cart,emailservice,0,0,0,0,0,0,0
2026-10-04T14:12:49Z,redis-cart,frontend,0,0,0,0,0,0,0
2026-10-04T14:12:49Z,redis-cart,kubernetes,0,0,0,0,0,0,0
2026-10-04T14:12:49Z,redis-cart,paymentservice,0,0,0,0,0,0,0
2026-10-04T14:12:49Z,redis-cart,productcatalogservice,0,0,0,0,0,0,0
2026-10-04T14:12:49Z,redis-cart,recommendationservice,0,0,0,0,0,0,0
2026-10-04T14:12:49Z,redis-cart,redis-cart,0,0,0,0,0,0,0
2026-10-04T14:12:49Z,redis-cart,shippingservice,0,0,0,0,0,0,0
2026-10-04T14:12:49Z,shippingservice,adservice,0,0,0,0,0,0,0
2026-10-04T14:12:49Z,shippingservice,cartservice,0,0,0,0,0,0,0
2026-10-04T14:12:49Z,shippingservice,checkoutservice,0,0,0,0,0,0,0
2026-10-04T14:12:49Z,shippingservice,currencyservice,0,0,0,0,0,0,0
2026-10-04T14:12:49Z,shippingservice,emailservice,0,0,0,0,0,0,0
2026-10-04T14:12:49Z,shippingservice,frontend,0,0,0,0,0,0,0
2026-10-04T14:12:49Z,shippingservice,kubernetes,0,0,0,0,0,0,0
2026-10-04T14:12:49Z,shippingservice,paymentservice,0,0,0,0,0,0,0
2026-10-04T14:12:49Z,shippingservice,productcatalogservice,0,0,0,0,0,0,0
2026-10-04T14:12:49Z,shippingservice,recommendationservice,0,0,0,0,0,0,0
2026-10-04T14:12:49Z,shippingservice,redis-cart,0,0,0,0,0,0,0
2026-10-04T14:12:49Z,shippingservice,shippingservice,0,0,0,0,0,0,0
2026-10-04T14:12:50Z,adservice,adservice,0,0,0,0,0,0,0
2026-10-04T14:12:50Z,adservice,cartservice,0,0,0,0,0,0,0
2026-10-04T14:12:50Z,adservice,checkoutservice,0,0,0,0,0,0,0
2026-10-04T14:12:50Z,adservice,currencyservice,0,0,0,0,0,0,0
2026-10-04T14:12:50Z,adservice,emailservice,0,0,0,0,0,0,0
2026-10-04T14:12:50Z,adservice,frontend,0,0,0,0,0,0,0
2026-10-04T14:12:50Z,adservice,kubernetes,0,0,0,0,0,0,0
2026-10-04T14:12:50Z,adservice,paymentservice,0,0,0,0,0,0,0
2026-10-04T14:12:50Z,adservice,productcatalogservice,0,0,0,0,0,0,0
2026-10-04T14:12:50Z,adservice,recommendationservice,0,0,0,0,0,0,0
2026-10-04T14:12:50Z,adservice,redis-cart,0,0,0,0,0,0,0
2026-10-04T14:12:50Z,adservice,shippingservice,0,0,0,0,0,0,0
2026-10-04T14:12:50Z,cartservice,adservice,0,0,0,0,0,0,0
2026-10-04T14:12:50Z,cartservice,cartservice,0,0,0,0,0,0,0
2026-10-04T14:12:50Z,cartservice,checkoutservice,0,0,0,0,0,0,0
2026-10-04T14:12:50Z,cartservice,currencyservice,0,0,0,0,0,0,0
2026-10-04T14:12:50Z,cartservice,emailservice,0,0,0,0,0,0,0
2026-10-04T14:12:50Z,cartservice,frontend,0,0,0,0,0,0,0
2026-10-04T14:12:50Z,cartservice,kubernetes,0,0,0,0,0,0,0
2026-10-04T14:12:50Z,cartservice,paymentservice,0,0,0,0,0,0,0
2026-10-04T14:12:50Z,cartservice,productcatalogservice,0,0,0,0,0,0,0
2026-10-04T14:12:50Z,cartservice,recommendationservice,0,0,0,0,0,0,0
2026-10-04T14:12:50Z,cartservice,redis-cart,2,0,0,0,0,0,0
2026-10-04T14:12:50Z,cartservice,shippingservice,0,0,0,0,0,0,0
2026-10-04T14:12:50Z,checkoutservice,adservice,0,0,0,0,0,0,0
2026-10-04T14:12:50Z,checkoutservice,cartservice,77736,76804,0,100,0,778376,76464
2026-10-04T14:12:50Z,checkoutservice,checkoutservice,0,0,0,0,0,0,0
2026-10-04T14:12:50Z,checkoutservice,currencyservice,50265,50265,0,0,0,603327,50097
2026-10-04T14:12:50Z,checkoutservice,emailservice,21503,21210,0,66,0,682142,21037
2026-10-04T14:12:50Z,checkoutservice,frontend,0,0,0,0,0,0,0
2026-10-04T14:12:50Z,checkoutservice,kubernetes,0,0,0,0,0,0,0
2026-10-04T14:12:50Z,checkoutservice,paymentservice,43531,41683,0,192,0,479061,41366
2026-10-04T14:12:50Z,checkoutservice,productcatalogservice,0,0,0,0,0,0,0
2026-10-04T14:12:50Z,checkoutservice,recommendationservice,0,0,0,0,0,0,0
2026-10-04T14:12:50Z,checkoutservice,redis-cart,0,0,0,0,0,0,0
2026-10-04T14:12:50Z,checkoutservice,shippingservice,83046,80943,0,154,0,549183,80604
2026-10-04T14:12:50Z,currencyservice,adservice,0,0,0,0,0,0,0
2026-10-04T14:12:50Z,currencyservice,cartservice,0,0,0,0,0,0,0
2026-10-04T14:12:50Z,currencyservice,checkoutservice,0,0,0,0,0,0,0
2026-10-04T14:12:50Z,currencyservice,currencyservice,0,0,0,0,0,0,0
2026-10-04T14:12:50Z,currencyservice,emailservice,0,0,0,0,0,0,0
2026-10-04T14:12:50Z,currencyservice,frontend,0,0,0,0,0,0,0
2026-10-04T14:12:50Z,currencyservice,kubernetes,0,0,0,0,0,0,0
2026-10-04T14:12:50Z,currencyservice,paymentservice,0,0,0,0,0,0,0
2026-10-04T14:12:50Z,currencyservice,productcatalogservice,0,0,0,0,0,0,0
2026-10-04T14:12:50Z,currencyservice,recommendationservice,0,0,0,0,0,0,0
2026-10-04T14:12:50Z,currencyservice,redis-cart,0,0,0,0,0,0,0
2026-10-04T14:12:50Z,currencyservice,shippingservice,0,0,0,0,0,0,0
2026-10-04T14:12:50Z,emailservice,adservice,0,0,0,0,0,0,0
2026-10-04T14:12:50Z,emailservice,cartservice,0,0,0,0,0,0,0
2026-10-04T14:12:50Z,emailservice,checkoutservice,0,0,0,0,0,0,0
2026-10-04T14:12:50Z,emailservice,currencyservice,0,0,0,0,0,0,0
2026-10-04T14:12:50Z,emailservice,emailservice,0,0,0,0,0,0,0
2026-10-04T14:12:50Z,emailservice,frontend,0,0,0,0,0,0,0
2026-10-04T14:12:50Z,emailservice,kubernetes,0,0,0,0,0,0,0
2026-10-04T14:12:50Z,emailservice,paymentservice,0,0,0,0,0,0,0
2026-10-04T14:12:50Z,emailservice,productcatalogservice,0,0,0,0,0,0,0
2026-10-04T14:12:50Z,emailservice,recommendationservice,0,0,0,0,0,0,0
2026-10-04T14:12:50Z,emailservice,redis-cart,0,0,0,0,0,0,0
2026-10-04T14:12:50Z,emailservice,shippingservice,0,0,0,0,0,0,0
2026-10-04T14:12:50Z,frontend,adservice,871967,871965,0,0,0,2623337,871742
2026-10-04T14:12:50Z,frontend,cartservice,1957993,1957980,0,0,4,10769487,1957351
2026-10-04T14:12:50Z,frontend,checkoutservice,409263,199285,0,40061,169951,63806580,199201
2026-10-04T14:12:50Z,frontend,currencyservice,3111137,3111126,0,0,0,16249834,3110131
2026-10-04T14:12:50Z,frontend,emailservice,0,0,0,0,0,0,0
2026-10-04T14:12:50Z,frontend,frontend,0,0,0,0,0,0,0
2026-10-04T14:12:50Z,frontend,kubernetes,0,0,0,0,0,0,0
2026-10-04T14:12:50Z,frontend,paymentservice,0,0,0,0,0,0,0
2026-10-04T14:12:50Z,frontend,productcatalogservice,8681212,8681137,0,0,0,59131147,8678668
2026-10-04T14:12:50Z,frontend,recommendationservice,2876861,1728917,0,121090,1024311,880957256,1728359
2026-10-04T14:12:50Z,frontend,redis-cart,0,0,0,0,0,0,0
2026-10-04T14:12:50Z,frontend,shippingservice,319642,319640,0,0,0,962838,319550
2026-10-04T14:12:50Z,paymentservice,adservice,0,0,0,0,0,0,0
2026-10-04T14:12:50Z,paymentservice,cartservice,0,0,0,0,0,0,0
2026-10-04T14:12:50Z,paymentservice,checkoutservice,0,0,0,0,0,0,0
2026-10-04T14:12:50Z,paymentservice,currencyservice,0,0,0,0,0,0,0
2026-10-04T14:12:50Z,paymentservice,emailservice,0,0,0,0,0,0,0
2026-10-04T14:12:50Z,paymentservice,frontend,0,0,0,0,0,0,0
2026-10-04T14:12:50Z,paymentservice,kubernetes,0,0,0,0,0,0,0
2026-10-04T14:12:50Z,paymentservice,paymentservice,0,0,0,0,0,0,0
2026-10-04T14:12:50Z,paymentservice,productcatalogservice,0,0,0,0,0,0,0
2026-10-04T14:12:50Z,paymentservice,recommendationservice,0,0,0,0,0,0,0
2026-10-04T14:12:50Z,paymentservice,redis-cart,0,0,0,0,0,0,0
2026-10-04T14:12:50Z,paymentservice,shippingservice,0,0,0,0,0,0,0
2026-10-04T14:12:50Z,productcatalogservice,adservice,0,0,0,0,0,0,0
2026-10-04T14:12:50Z,productcatalogservice,cartservice,0,0,0,0,0,0,0
2026-10-04T14:12:50Z,productcatalogservice,checkoutservice,0,0,0,0,0,0,0
2026-10-04T14:12:50Z,productcatalogservice,currencyservice,0,0,0,0,0,0,0
2026-10-04T14:12:50Z,productcatalogservice,emailservice,0,0,0,0,0,0,0
2026-10-04T14:12:50Z,productcatalogservice,frontend,0,0,0,0,0,0,0
2026-10-04T14:12:50Z,productcatalogservice,kubernetes,0,0,0,0,0,0,0
2026-10-04T14:12:50Z,productcatalogservice,paymentservice,0,0,0,0,0,0,0
2026-10-04T14:12:50Z,productcatalogservice,productcatalogservice,0,0,0,0,0,0,0
2026-10-04T14:12:50Z,productcatalogservice,recommendationservice,0,0,0,0,0,0,0
2026-10-04T14:12:50Z,productcatalogservice,redis-cart,0,0,0,0,0,0,0
2026-10-04T14:12:50Z,productcatalogservice,shippingservice,0,0,0,0,0,0,0
2026-10-04T14:12:50Z,recommendationservice,adservice,0,0,0,0,0,0,0
2026-10-04T14:12:50Z,recommendationservice,cartservice,0,0,0,0,0,0,0
2026-10-04T14:12:50Z,recommendationservice,checkoutservice,0,0,0,0,0,0,0
2026-10-04T14:12:50Z,recommendationservice,currencyservice,0,0,0,0,0,0,0
2026-10-04T14:12:50Z,recommendationservice,emailservice,0,0,0,0,0,0,0
2026-10-04T14:12:50Z,recommendationservice,frontend,0,0,0,0,0,0,0
2026-10-04T14:12:50Z,recommendationservice,kubernetes,0,0,0,0,0,0,0
2026-10-04T14:12:50Z,recommendationservice,paymentservice,0,0,0,0,0,0,0
2026-10-04T14:12:50Z,recommendationservice,productcatalogservice,233331,233326,0,0,0,1495471,231159
2026-10-04T14:12:50Z,recommendationservice,recommendationservice,0,0,0,0,0,0,0
2026-10-04T14:12:50Z,recommendationservice,redis-cart,0,0,0,0,0,0,0
2026-10-04T14:12:50Z,recommendationservice,shippingservice,0,0,0,0,0,0,0
2026-10-04T14:12:50Z,redis-cart,adservice,0,0,0,0,0,0,0
2026-10-04T14:12:50Z,redis-cart,cartservice,0,0,0,0,0,0,0
2026-10-04T14:12:50Z,redis-cart,checkoutservice,0,0,0,0,0,0,0
2026-10-04T14:12:50Z,redis-cart,currencyservice,0,0,0,0,0,0,0
2026-10-04T14:12:50Z,redis-cart,emailservice,0,0,0,0,0,0,0
2026-10-04T14:12:50Z,redis-cart,frontend,0,0,0,0,0,0,0
2026-10-04T14:12:50Z,redis-cart,kubernetes,0,0,0,0,0,0,0
2026-10-04T14:12:50Z,redis-cart,paymentservice,0,0,0,0,0,0,0
2026-10-04T14:12:50Z,redis-cart,productcatalogservice,0,0,0,0,0,0,0
2026-10-04T14:12:50Z,redis-cart,recommendationservice,0,0,0,0,0,0,0
2026-10-04T14:12:50Z,redis-cart,redis-cart,0,0,0,0,0,0,0
2026-10-04T14:12:50Z,redis-cart,shippingservice,0,0,0,0,0,0,0
2026-10-04T14:12:50Z,shippingservice,adservice,0,0,0,0,0,0,0
2026-10-04T14:12:50Z,shippingservice,cartservice,0,0,0,0,0,0,0
2026-10-04T14:12:50Z,shippingservice,checkoutservice,0,0,0,0,0,0,0
2026-10-04T14:12:50Z,shippingservice,currencyservice,0,0,0,0,0,0,0
2026-10-04T14:12:50Z,shippingservice,emailservice,0,0,0,0,0,0,0
2026-10-04T14:12:50Z,shippingservice,frontend,0,0,0,0,0,0,0
2026-10-04T14:12:50Z,shippingservice,kubernetes,0,0,0,0,0,0,0
2026-10-04T14:12:50Z,shippingservice,paymentservice,0,0,0,0,0,0,0
2026-10-04T14:12:50Z,shippingservice,productcatalogservice,0,0,0,0,0,0,0
2026-10-04T14:12:50Z,shippingservice,recommendationservice,0,0,0,0,0,0,0
2026-10-04T14:12:50Z,shippingservice,redis-cart,0,0,0,0,0,0,0
2026-10-04T14:12:50Z,shippingservice,shippingservice,0,0,0,0,0,0,0
2026-10-04T14:12:51Z,adservice,adservice,0,0,0,0,0,0,0
2026-10-04T14:12:51Z,adservice,cartservice,0,0,0,0,0,0,0
2026-10-04T14:12:51Z,adservice,checkoutservice,0,0,0,0,0,0,0
2026-10-04T14:12:51Z,adservice,currencyservice,0,0,0,0,0,0,0
2026-10-04T14:12:51Z,adservice,emailservice,0,0,0,0,0,0,0
2026-10-04T14:12:51Z,adservice,frontend,0,0,0,0,0,0,0
2026-10-04T14:12:51Z,adservice,kubernetes,0,0,0,0,0,0,0
2026-10-04T14:12:51Z,adservice,paymentservice,0,0,0,0,0,0,0
2026-10-04T14:12:51Z,adservice,productcatalogservice,0,0,0,0,0,0,0
2026-10-04T14:12:51Z,adservice,recommendationservice,0,0,0,0,0,0,0
2026-10-04T14:12:51Z,adservice,redis-cart,0,0,0,0,0,0,0
2026-10-04T14:12:51Z,adservice,shippingservice,0,0,0,0,0,0,0
2026-10-04T14:12:51Z,cartservice,adservice,0,0,0,0,0,0,0
2026-10-04T14:12:51Z,cartservice,cartservice,0,0,0,0,0,0,0
2026-10-04T14:12:51Z,cartservice,checkoutservice,0,0,0,0,0,0,0
2026-10-04T14:12:51Z,cartservice,currencyservice,0,0,0,0,0,0,0
2026-10-04T14:12:51Z,cartservice,emailservice,0,0,0,0,0,0,0
2026-10-04T14:12:51Z,cartservice,frontend,0,0,0,0,0,0,0
2026-10-04T14:12:51Z,cartservice,kubernetes,0,0,0,0,0,0,0
2026-10-04T14:12:51Z,cartservice,paymentservice,0,0,0,0,0,0,0
2026-10-04T14:12:51Z,cartservice,productcatalogservice,0,0,0,0,0,0,0
2026-10-04T14:12:51Z,cartservice,recommendationservice,0,0,0,0,0,0,0
2026-10-04T14:12:51Z,cartservice,redis-cart,2,0,0,0,0,0,0
2026-10-04T14:12:51Z,cartservice,shippingservice,0,0,0,0,0,0,0
2026-10-04T14:12:51Z,checkoutservice,adservice,0,0,0,0,0,0,0
2026-10-04T14:12:51Z,checkoutservice,cartservice,77865,76934,0,100,0,778376,76464
2026-10-04T14:12:51Z,checkoutservice,checkoutservice,0,0,0,0,0,0,0
2026-10-04T14:12:51Z,checkoutservice,currencyservice,50330,50330,0,0,0,603327,50097
2026-10-04T14:12:51Z,checkoutservice,emailservice,21568,21275,0,66,0,682142,21037
2026-10-04T14:12:51Z,checkoutservice,frontend,0,0,0,0,0,0,0
2026-10-04T14:12:51Z,checkoutservice,kubernetes,0,0,0,0,0,0,0
2026-10-04T14:12:51Z,checkoutservice,paymentservice,43596,41748,0,192,0,479061,41366
2026-10-04T14:12:51Z,checkoutservice,productcatalogservice,0,0,0,0,0,0,0
2026-10-04T14:12:51Z,checkoutservice,recommendationservice,0,0,0,0,0,0,0
2026-10-04T14:12:51Z,checkoutservice,redis-cart,0,0,0,0,0,0,0
2026-10-04T14:12:51Z,checkoutservice,shippingservice,83176,81073,0,154,0,549183,80604
2026-10-04T14:12:51Z,currencyservice,adservice,0,0,0,0,0,0,0
2026-10-04T14:12:51Z,currencyservice,cartservice,0,0,0,0,0,0,0
2026-10-04T14:12:51Z,currencyservice,checkoutservice,0,0,0,0,0,0,0
2026-10-04T14:12:51Z,currencyservice,currencyservice,0,0,0,0,0,0,0
2026-10-04T14:12:51Z,currencyservice,emailservice,0,0,0,0,0,0,0
2026-10-04T14:12:51Z,currencyservice,frontend,0,0,0,0,0,0,0
2026-10-04T14:12:51Z,currencyservice,kubernetes,0,0,0,0,0,0,0
2026-10-04T14:12:51Z,currencyservice,paymentservice,0,0,0,0,0,0,0
2026-10-04T14:12:51Z,currencyservice,productcatalogservice,0,0,0,0,0,0,0
2026-10-04T14:12:51Z,currencyservice,recommendationservice,0,0,0,0,0,0,0
2026-10-04T14:12:51Z,currencyservice,redis-cart,0,0,0,0,0,0,0
2026-10-04T14:12:51Z,currencyservice,shippingservice,0,0,0,0,0,0,0
2026-10-04T14:12:51Z,emailservice,adservice,0,0,0,0,0,0,0
2026-10-04T14:12:51Z,emailservice,cartservice,0,0,0,0,0,0,0
2026-10-04T14:12:51Z,emailservice,checkoutservice,0,0,0,0,0,0,0
2026-10-04T14:12:51Z,emailservice,currencyservice,0,0,0,0,0,0,0
2026-10-04T14:12:51Z,emailservice,emailservice,0,0,0,0,0,0,0
2026-10-04T14:12:51Z,emailservice,frontend,0,0,0,0,0,0,0
2026-10-04T14:12:51Z,emailservice,kubernetes,0,0,0,0,0,0,0
2026-10-04T14:12:51Z,emailservice,paymentservice,0,0,0,0,0,0,0
2026-10-04T14:12:51Z,emailservice,productcatalogservice,0,0,0,0,0,0,0
2026-10-04T14:12:51Z,emailservice,recommendationservice,0,0,0,0,0,0,0
2026-10-04T14:12:51Z,emailservice,redis-cart,0,0,0,0,0,0,0
2026-10-04T14:12:51Z,emailservice,shippingservice,0,0,0,0,0,0,0
2026-10-04T14:12:51Z,frontend,adservice,872122,872119,0,0,0,2623337,871742
2026-10-04T14:12:51Z,frontend,cartservice,1958396,1958382,0,0,4,10769487,1957351
2026-10-04T14:12:51Z,frontend,checkoutservice,409327,199349,0,40061,169951,63806580,199201
2026-10-04T14:12:51Z,frontend,currencyservice,3111785,3111777,0,0,0,16249834,3110131
2026-10-04T14:12:51Z,frontend,emailservice,0,0,0,0,0,0,0
2026-10-04T14:12:51Z,frontend,frontend,0,0,0,0,0,0,0
2026-10-04T14:12:51Z,frontend,kubernetes,0,0,0,0,0,0,0
2026-10-04T14:12:51Z,frontend,paymentservice,0,0,0,0,0,0,0
2026-10-04T14:12:51Z,frontend,productcatalogservice,8682915,8682846,0,0,0,59131147,8678668
2026-10-04T14:12:51Z,frontend,recommendationservice,2877602,1729287,0,121137,1024643,880957256,1728359
2026-10-04T14:12:51Z,frontend,redis-cart,0,0,0,0,0,0,0
2026-10-04T14:12:51Z,frontend,shippingservice,319703,319701,0,0,0,962838,319550
2026-10-04T14:12:51Z,paymentservice,adservice,0,0,0,0,0,0,0
2026-10-04T14:12:51Z,paymentservice,cartservice,0,0,0,0,0,0,0
2026-10-04T14:12:51Z,paymentservice,checkoutservice,0,0,0,0,0,0,0
2026-10-04T14:12:51Z,paymentservice,currencyservice,0,0,0,0,0,0,0
2026-10-04T14:12:51Z,paymentservice,emailservice,0,0,0,0,0,0,0
2026-10-04T14:12:51Z,paymentservice,frontend,0,0,0,0,0,0,0
2026-10-04T14:12:51Z,paymentservice,kubernetes,0,0,0,0,0,0,0
2026-10-04T14:12:51Z,paymentservice,paymentservice,0,0,0,0,0,0,0
2026-10-04T14:12:51Z,paymentservice,productcatalogservice,0,0,0,0,0,0,0
2026-10-04T14:12:51Z,paymentservice,recommendationservice,0,0,0,0,0,0,0
2026-10-04T14:12:51Z,paymentservice,redis-cart,0,0,0,0,0,0,0
2026-10-04T14:12:51Z,paymentservice,shippingservice,0,0,0,0,0,0,0
2026-10-04T14:12:51Z,productcatalogservice,adservice,0,0,0,0,0,0,0
2026-10-04T14:12:51Z,productcatalogservice,cartservice,0,0,0,0,0,0,0
2026-10-04T14:12:51Z,productcatalogservice,checkoutservice,0,0,0,0,0,0,0
2026-10-04T14:12:51Z,productcatalogservice,currencyservice,0,0,0,0,0,0,0
2026-10-04T14:12:51Z,productcatalogservice,emailservice,0,0,0,0,0,0,0
2026-10-04T14:12:51Z,productcatalogservice,frontend,0,0,0,0,0,0,0
2026-10-04T14:12:51Z,productcatalogservice,kubernetes,0,0,0,0,0,0,0
2026-10-04T14:12:51Z,productcatalogservice,paymentservice,0,0,0,0,0,0,0
2026-10-04T14:12:51Z,productcatalogservice,productcatalogservice,0,0,0,0,0,0,0
2026-10-04T14:12:51Z,productcatalogservice,recommendationservice,0,0,0,0,0,0,0
2026-10-04T14:12:51Z,productcatalogservice,redis-cart,0,0,0,0,0,0,0
2026-10-04T14:12:51Z,productcatalogservice,shippingservice,0,0,0,0,0,0,0
2026-10-04T14:12:51Z,recommendationservice,adservice,0,0,0,0,0,0,0
2026-10-04T14:12:51Z,recommendationservice,cartservice,0,0,0,0,0,0,0
2026-10-04T14:12:51Z,recommendationservice,checkoutservice,0,0,0,0,0,0,0
2026-10-04T14:12:51Z,recommendationservice,currencyservice,0,0,0,0,0,0,0
2026-10-04T14:12:51Z,recommendationservice,emailservice,0,0,0,0,0,0,0
2026-10-04T14:12:51Z,recommendationservice,frontend,0,0,0,0,0,0,0
2026-10-04T14:12:51Z,recommendationservice,kubernetes,0,0,0,0,0,0,0
2026-10-04T14:12:51Z,recommendationservice,paymentservice,0,0,0,0,0,0,0
2026-10-04T14:12:51Z,recommendationservice,productcatalogservice,233773,233772,0,0,0,1508176,233337
2026-10-04T14:12:51Z,recommendationservice,recommendationservice,0,0,0,0,0,0,0
2026-10-04T14:12:51Z,recommendationservice,redis-cart,0,0,0,0,0,0,0
2026-10-04T14:12:51Z,recommendationservice,shippingservice,0,0,0,0,0,0,0
2026-10-04T14:12:51Z,redis-cart,adservice,0,0,0,0,0,0,0
2026-10-04T14:12:51Z,redis-cart,cartservice,0,0,0,0,0,0,0
2026-10-04T14:12:51Z,redis-cart,checkoutservice,0,0,0,0,0,0,0
2026-10-04T14:12:51Z,redis-cart,currencyservice,0,0,0,0,0,0,0
2026-10-04T14:12:51Z,redis-cart,emailservice,0,0,0,0,0,0,0
2026-10-04T14:12:51Z,redis-cart,frontend,0,0,0,0,0,0,0
2026-10-04T14:12:51Z,redis-cart,kubernetes,0,0,0,0,0,0,0
2026-10-04T14:12:51Z,redis-cart,paymentservice,0,0,0,0,0,0,0
2026-10-04T14:12:51Z,redis-cart,productcatalogservice,0,0,0,0,0,0,0
2026-10-04T14:12:51Z,redis-cart,recommendationservice,0,0,0,0,0,0,0
2026-10-04T14:12:51Z,redis-cart,redis-cart,0,0,0,0,0,0,0
2026-10-04T14:12:51Z,redis-cart,shippingservice,0,0,0,0,0,0,0
2026-10-04T14:12:51Z,shippingservice,adservice,0,0,0,0,0,0,0
2026-10-04T14:12:51Z,shippingservice,cartservice,0,0,0,0,0,0,0
2026-10-04T14:12:51Z,shippingservice,checkoutservice,0,0,0,0,0,0,0
2026-10-04T14:12:51Z,shippingservice,currencyservice,0,0,0,0,0,0,0
2026-10-04T14:12:51Z,shippingservice,emailservice,0,0,0,0,0,0,0
2026-10-04T14:12:51Z,shippingservice,frontend,0,0,0,0,0,0,0
2026-10-04T14:12:51Z,shippingservice,kubernetes,0,0,0,0,0,0,0
2026-10-04T14:12:51Z,shippingservice,paymentservice,0,0,0,0,0,0,0
2026-10-04T14:12:51Z,shippingservice,productcatalogservice,0,0,0,0,0,0,0
2026-10-04T14:12:51Z,shippingservice,recommendationservice,0,0,0,0,0,0,0
2026-10-04T14:12:51Z,shippingservice,redis-cart,0,0,0,0,0,0,0
2026-10-04T14:12:51Z,shippingservice,shippingservice,0,0,0,0,0,0,0
2026-10-04T14:12:52Z,adservice,adservice,0,0,0,0,0,0,0
2026-10-04T14:12:52Z,adservice,cartservice,0,0,0,0,0,0,0
2026-10-04T14:12:52Z,adservice,checkoutservice,0,0,0,0,0,0,0
2026-10-04T14:12:52Z,adservice,currencyservice,0,0,0,0,0,0,0
2026-10-04T14:12:52Z,adservice,emailservice,0,0,0,0,0,0,0
2026-10-04T14:12:52Z,adservice,frontend,0,0,0,0,0,0,0
2026-10-04T14:12:52Z,adservice,kubernetes,0,0,0,0,0,0,0
2026-10-04T14:12:52Z,adservice,paymentservice,0,0,0,0,0,0,0
2026-10-04T14:12:52Z,adservice,productcatalogservice,0,0,0,0,0,0,0
2026-10-04T14:12:52Z,adservice,recommendationservice,0,0,0,0,0,0,0
2026-10-04T14:12:52Z,adservice,redis-cart,0,0,0,0,0,0,0
2026-10-04T14:12:52Z,adservice,shippingservice,0,0,0,0,0,0,0
2026-10-04T14:12:52Z,cartservice,adservice,0,0,0,0,0,0,0
2026-10-04T14:12:52Z,cartservice,cartservice,0,0,0,0,0,0,0
2026-10-04T14:12:52Z,cartservice,checkoutservice,0,0,0,0,0,0,0
2026-10-04T14:12:52Z,cartservice,currencyservice,0,0,0,0,0,0,0
2026-10-04T14:12:52Z,cartservice,emailservice,0,0,0,0,0,0,0
2026-10-04T14:12:52Z,cartservice,frontend,0,0,0,0,0,0,0
2026-10-04T14:12:52Z,cartservice,kubernetes,0,0,0,0,0,0,0
2026-10-04T14:12:52Z,cartservice,paymentservice,0,0,0,0,0,0,0
2026-10-04T14:12:52Z,cartservice,productcatalogservice,0,0,0,0,0,0,0
2026-10-04T14:12:52Z,cartservice,recommendationservice,0,0,0,0,0,0,0
2026-10-04T14:12:52Z,cartservice,redis-cart,2,0,0,0,0,0,0
2026-10-04T14:12:52Z,cartservice,shippingservice,0,0,0,0,0,0,0
2026-10-04T14:12:52Z,checkoutservice,adservice,0,0,0,0,0,0,0
2026-10-04T14:12:52Z,checkoutservice,cartservice,77964,77031,0,100,0,780807,77019
2026-10-04T14:12:52Z,checkoutservice,checkoutservice,0,0,0,0,0,0,0
2026-10-04T14:12:52Z,checkoutservice,currencyservice,50379,50379,0,0,0,604475,50373
2026-10-04T14:12:52Z,checkoutservice,emailservice,21615,21322,0,66,0,687910,21318
2026-10-04T14:12:52Z,checkoutservice,frontend,0,0,0,0,0,0,0
2026-10-04T14:12:52Z,checkoutservice,kubernetes,0,0,0,0,0,0,0
2026-10-04T14:12:52Z,checkoutservice,paymentservice,43645,41797,0,192,0,479985,41643
2026-10-04T14:12:52Z,checkoutservice,productcatalogservice,0,0,0,0,0,0,0
2026-10-04T14:12:52Z,checkoutservice,recommendationservice,0,0,0,0,0,0,0
2026-10-04T14:12:52Z,checkoutservice,redis-cart,0,0,0,0,0,0,0
2026-10-04T14:12:52Z,checkoutservice,shippingservice,83275,81172,0,154,0,550320,81157
2026-10-04T14:12:52Z,currencyservice,adservice,0,0,0,0,0,0,0
2026-10-04T14:12:52Z,currencyservice,cartservice,0,0,0,0,0,0,0
2026-10-04T14:12:52Z,currencyservice,checkoutservice,0,0,0,0,0,0,0
2026-10-04T14:12:52Z,currencyservice,currencyservice,0,0,0,0,0,0,0
2026-10-04T14:12:52Z,currencyservice,emailservice,0,0,0,0,0,0,0
2026-10-04T14:12:52Z,currencyservice,frontend,0,0,0,0,0,0,0
2026-10-04T14:12:52Z,currencyservice,kubernetes,0,0,0,0,0,0,0
2026-10-04T14:12:52Z,currencyservice,paymentservice,0,0,0,0,0,0,0
2026-10-04T14:12:52Z,currencyservice,productcatalogservice,0,0,0,0,0,0,0
2026-10-04T14:12:52Z,currencyservice,recommendationservice,0,0,0,0,0,0,0
2026-10-04T14:12:52Z,currencyservice,redis-cart,0,0,0,0,0,0,0
2026-10-04T14:12:52Z,currencyservice,shippingservice,0,0,0,0,0,0,0
2026-10-04T14:12:52Z,emailservice,adservice,0,0,0,0,0,0,0
2026-10-04T14:12:52Z,emailservice,cartservice,0,0,0,0,0,0,0
2026-10-04T14:12:52Z,emailservice,checkoutservice,0,0,0,0,0,0,0
2026-10-04T14:12:52Z,emailservice,currencyservice,0,0,0,0,0,0,0
2026-10-04T14:12:52Z,emailservice,emailservice,0,0,0,0,0,0,0
2026-10-04T14:12:52Z,emailservice,frontend,0,0,0,0,0,0,0
2026-10-04T14:12:52Z,emailservice,kubernetes,0,0,0,0,0,0,0
2026-10-04T14:12:52Z,emailservice,paymentservice,0,0,0,0,0,0,0
2026-10-04T14:12:52Z,emailservice,productcatalogservice,0,0,0,0,0,0,0
2026-10-04T14:12:52Z,emailservice,recommendationservice,0,0,0,0,0,0,0
2026-10-04T14:12:52Z,emailservice,redis-cart,0,0,0,0,0,0,0
2026-10-04T14:12:52Z,emailservice,shippingservice,0,0,0,0,0,0,0
2026-10-04T14:12:52Z,frontend,adservice,872254,872251,0,0,0,2623337,871742
2026-10-04T14:12:52Z,frontend,cartservice,1958759,1958745,0,0,4,10769487,1957351
2026-10-04T14:12:52Z,frontend,checkoutservice,409370,199387,0,40061,169951,63806580,199201
2026-10-04T14:12:52Z,frontend,currencyservice,3112362,3112351,0,0,0,16249834,3110131
2026-10-04T14:12:52Z,frontend,emailservice,0,0,0,0,0,0,0
2026-10-04T14:12:52Z,frontend,frontend,0,0,0,0,0,0,0
2026-10-04T14:12:52Z,frontend,kubernetes,0,0,0,0,0,0,0
2026-10-04T14:12:52Z,frontend,paymentservice,0,0,0,0,0,0,0
2026-10-04T14:12:52Z,frontend,productcatalogservice,8684332,8684267,0,0,0,59131147,8678668
2026-10-04T14:12:52Z,frontend,recommendationservice,2878322,1729603,0,121169,1025000,880957256,1728359
2026-10-04T14:12:52Z,frontend,redis-cart,0,0,0,0,0,0,0
2026-10-04T14:12:52Z,frontend,shippingservice,319758,319755,0,0,0,962838,319550
2026-10-04T14:12:52Z,paymentservice,adservice,0,0,0,0,0,0,0
2026-10-04T14:12:52Z,paymentservice,cartservice,0,0,0,0,0,0,0
2026-10-04T14:12:52Z,paymentservice,checkoutservice,0,0,0,0,0,0,0
2026-10-04T14:12:52Z,paymentservice,currencyservice,0,0,0,0,0,0,0
2026-10-04T14:12:52Z,paymentservice,emailservice,0,0,0,0,0,0,0
2026-10-04T14:12:52Z,paymentservice,frontend,0,0,0,0,0,0,0
2026-10-04T14:12:52Z,paymentservice,kubernetes,0,0,0,0,0,0,0
2026-10-04T14:12:52Z,paymentservice,paymentservice,0,0,0,0,0,0,0
2026-10-04T14:12:52Z,paymentservice,productcatalogservice,0,0,0,0,0,0,0
2026-10-04T14:12:52Z,paymentservice,recommendationservice,0,0,0,0,0,0,0
2026-10-04T14:12:52Z,paymentservice,redis-cart,0,0,0,0,0,0,0
2026-10-04T14:12:52Z,paymentservice,shippingservice,0,0,0,0,0,0,0
2026-10-04T14:12:52Z,productcatalogservice,adservice,0,0,0,0,0,0,0
2026-10-04T14:12:52Z,productcatalogservice,cartservice,0,0,0,0,0,0,0
2026-10-04T14:12:52Z,productcatalogservice,checkoutservice,0,0,0,0,0,0,0
2026-10-04T14:12:52Z,productcatalogservice,currencyservice,0,0,0,0,0,0,0
2026-10-04T14:12:52Z,productcatalogservice,emailservice,0,0,0,0,0,0,0
2026-10-04T14:12:52Z,productcatalogservice,frontend,0,0,0,0,0,0,0
2026-10-04T14:12:52Z,productcatalogservice,kubernetes,0,0,0,0,0,0,0
2026-10-04T14:12:52Z,productcatalogservice,paymentservice,0,0,0,0,0,0,0
2026-10-04T14:12:52Z,productcatalogservice,productcatalogservice,0,0,0,0,0,0,0
2026-10-04T14:12:52Z,productcatalogservice,recommendationservice,0,0,0,0,0,0,0
2026-10-04T14:12:52Z,productcatalogservice,redis-cart,0,0,0,0,0,0,0
2026-10-04T14:12:52Z,productcatalogservice,shippingservice,0,0,0,0,0,0,0
2026-10-04T14:12:52Z,recommendationservice,adservice,0,0,0,0,0,0,0
2026-10-04T14:12:52Z,recommendationservice,cartservice,0,0,0,0,0,0,0
2026-10-04T14:12:52Z,recommendationservice,checkoutservice,0,0,0,0,0,0,0
2026-10-04T14:12:52Z,recommendationservice,currencyservice,0,0,0,0,0,0,0
2026-10-04T14:12:52Z,recommendationservice,emailservice,0,0,0,0,0,0,0
2026-10-04T14:12:52Z,recommendationservice,frontend,0,0,0,0,0,0,0
2026-10-04T14:12:52Z,recommendationservice,kubernetes,0,0,0,0,0,0,0
2026-10-04T14:12:52Z,recommendationservice,paymentservice,0,0,0,0,0,0,0
2026-10-04T14:12:52Z,recommendationservice,productcatalogservice,234185,234184,0,0,0,1508176,233337
2026-10-04T14:12:52Z,recommendationservice,recommendationservice,0,0,0,0,0,0,0
2026-10-04T14:12:52Z,recommendationservice,redis-cart,0,0,0,0,0,0,0
2026-10-04T14:12:52Z,recommendationservice,shippingservice,0,0,0,0,0,0,0
2026-10-04T14:12:52Z,redis-cart,adservice,0,0,0,0,0,0,0
2026-10-04T14:12:52Z,redis-cart,cartservice,0,0,0,0,0,0,0
2026-10-04T14:12:52Z,redis-cart,checkoutservice,0,0,0,0,0,0,0
2026-10-04T14:12:52Z,redis-cart,currencyservice,0,0,0,0,0,0,0
2026-10-04T14:12:52Z,redis-cart,emailservice,0,0,0,0,0,0,0
2026-10-04T14:12:52Z,redis-cart,frontend,0,0,0,0,0,0,0
2026-10-04T14:12:52Z,redis-cart,kubernetes,0,0,0,0,0,0,0
2026-10-04T14:12:52Z,redis-cart,paymentservice,0,0,0,0,0,0,0
2026-10-04T14:12:52Z,redis-cart,productcatalogservice,0,0,0,0,0,0,0
2026-10-04T14:12:52Z,redis-cart,recommendationservice,0,0,0,0,0,0,0
2026-10-04T14:12:52Z,redis-cart,redis-cart,0,0,0,0,0,0,0
2026-10-04T14:12:52Z,redis-cart,shippingservice,0,0,0,0,0,0,0
2026-10-04T14:12:52Z,shippingservice,adservice,0,0,0,0,0,0,0
2026-10-04T14:12:52Z,shippingservice,cartservice,0,0,0,0,0,0,0
2026-10-04T14:12:52Z,shippingservice,checkoutservice,0,0,0,0,0,0,0
2026-10-04T14:12:52Z,shippingservice,currencyservice,0,0,0,0,0,0,0
2026-10-04T14:12:52Z,shippingservice,emailservice,0,0,0,0,0,0,0
2026-10-04T14:12:52Z,shippingservice,frontend,0,0,0,0,0,0,0
2026-10-04T14:12:52Z,shippingservice,kubernetes,0,0,0,0,0,0,0
2026-10-04T14:12:52Z,shippingservice,paymentservice,0,0,0,0,0,0,0
2026-10-04T14:12:52Z,shippingservice,productcatalogservice,0,0,0,0,0,0,0
2026-10-04T14:12:52Z,shippingservice,recommendationservice,0,0,0,0,0,0,0
2026-10-04T14:12:52Z,shippingservice,redis-cart,0,0,0,0,0,0,0
2026-10-04T14:12:52Z,shippingservice,shippingservice,0,0,0,0,0,0,0
2026-10-04T14:12:53Z,adservice,adservice,0,0,0,0,0,0,0
2026-10-04T14:12:53Z,adservice,cartservice,0,0,0,0,0,0,0
2026-10-04T14:12:53Z,adservice,checkoutservice,0,0,0,0,0,0,0
2026-10-04T14:12:53Z,adservice,currencyservice,0,0,0,0,0,0,0
2026-10-04T14:12:53Z,adservice,emailservice,0,0,0,0,0,0,0
2026-10-04T14:12:53Z,adservice,frontend,0,0,0,0,0,0,0
2026-10-04T14:12:53Z,adservice,kubernetes,0,0,0,0,0,0,0
2026-10-04T14:12:53Z,adservice,paymentservice,0,0,0,0,0,0,0
2026-10-04T14:12:53Z,adservice,productcatalogservice,0,0,0,0,0,0,0
2026-10-04T14:12:53Z,adservice,recommendationservice,0,0,0,0,0,0,0
2026-10-04T14:12:53Z,adservice,redis-cart,0,0,0,0,0,0,0
2026-10-04T14:12:53Z,adservice,shippingservice,0,0,0,0,0,0,0
2026-10-04T14:12:53Z,cartservice,adservice,0,0,0,0,0,0,0
2026-10-04T14:12:53Z,cartservice,cartservice,0,0,0,0,0,0,0
2026-10-04T14:12:53Z,cartservice,checkoutservice,0,0,0,0,0,0,0
2026-10-04T14:12:53Z,cartservice,currencyservice,0,0,0,0,0,0,0
2026-10-04T14:12:53Z,cartservice,emailservice,0,0,0,0,0,0,0
2026-10-04T14:12:53Z,cartservice,frontend,0,0,0,0,0,0,0
2026-10-04T14:12:53Z,cartservice,kubernetes,0,0,0,0,0,0,0
2026-10-04T14:12:53Z,cartservice,paymentservice,0,0,0,0,0,0,0
2026-10-04T14:12:53Z,cartservice,productcatalogservice,0,0,0,0,0,0,0
2026-10-04T14:12:53Z,cartservice,recommendationservice,0,0,0,0,0,0,0
2026-10-04T14:12:53Z,cartservice,redis-cart,2,0,0,0,0,0,0
2026-10-04T14:12:53Z,cartservice,shippingservice,0,0,0,0,0,0,0
2026-10-04T14:12:53Z,checkoutservice,adservice,0,0,0,0,0,0,0
2026-10-04T14:12:53Z,checkoutservice,cartservice,78059,77125,0,100,0,780807,77019
2026-10-04T14:12:53Z,checkoutservice,checkoutservice,0,0,0,0,0,0,0
2026-10-04T14:12:53Z,checkoutservice,currencyservice,50427,50425,0,0,0,604475,50373
2026-10-04T14:12:53Z,checkoutservice,emailservice,21661,21368,0,66,0,687910,21318
2026-10-04T14:12:53Z,checkoutservice,frontend,0,0,0,0,0,0,0
2026-10-04T14:12:53Z,checkoutservice,kubernetes,0,0,0,0,0,0,0
2026-10-04T14:12:53Z,checkoutservice,paymentservice,43691,41843,0,192,0,479985,41643
2026-10-04T14:12:53Z,checkoutservice,productcatalogservice,0,0,0,0,0,0,0
2026-10-04T14:12:53Z,checkoutservice,recommendationservice,0,0,0,0,0,0,0
2026-10-04T14:12:53Z,checkoutservice,redis-cart,0,0,0,0,0,0,0
2026-10-04T14:12:53Z,checkoutservice,shippingservice,83369,81265,0,154,0,550320,81157
2026-10-04T14:12:53Z,currencyservice,adservice,0,0,0,0,0,0,0
2026-10-04T14:12:53Z,currencyservice,cartservice,0,0,0,0,0,0,0
2026-10-04T14:12:53Z,currencyservice,checkoutservice,0,0,0,0,0,0,0
2026-10-04T14:12:53Z,currencyservice,currencyservice,0,0,0,0,0,0,0
2026-10-04T14:12:53Z,currencyservice,emailservice,0,0,0,0,0,0,0
2026-10-04T14:12:53Z,currencyservice,frontend,0,0,0,0,0,0,0
2026-10-04T14:12:53Z,currencyservice,kubernetes,0,0,0,0,0,0,0
2026-10-04T14:12:53Z,currencyservice,paymentservice,0,0,0,0,0,0,0
2026-10-04T14:12:53Z,currencyservice,productcatalogservice,0,0,0,0,0,0,0
2026-10-04T14:12:53Z,currencyservice,recommendationservice,0,0,0,0,0,0,0
2026-10-04T14:12:53Z,currencyservice,redis-cart,0,0,0,0,0,0,0
2026-10-04T14:12:53Z,currencyservice,shippingservice,0,0,0,0,0,0,0
2026-10-04T14:12:53Z,emailservice,adservice,0,0,0,0,0,0,0
2026-10-04T14:12:53Z,emailservice,cartservice,0,0,0,0,0,0,0
2026-10-04T14:12:53Z,emailservice,checkoutservice,0,0,0,0,0,0,0
2026-10-04T14:12:53Z,emailservice,currencyservice,0,0,0,0,0,0,0
2026-10-04T14:12:53Z,emailservice,emailservice,0,0,0,0,0,0,0
2026-10-04T14:12:53Z,emailservice,frontend,0,0,0,0,0,0,0
2026-10-04T14:12:53Z,emailservice,kubernetes,0,0,0,0,0,0,0
2026-10-04T14:12:53Z,emailservice,paymentservice,0,0,0,0,0,0,0
2026-10-04T14:12:53Z,emailservice,productcatalogservice,0,0,0,0,0,0,0
2026-10-04T14:12:53Z,emailservice,recommendationservice,0,0,0,0,0,0,0
2026-10-04T14:12:53Z,emailservice,redis-cart,0,0,0,0,0,0,0
2026-10-04T14:12:53Z,emailservice,shippingservice,0,0,0,0,0,0,0
2026-10-04T14:12:53Z,frontend,adservice,872395,872393,0,0,0,2623788,871909
2026-10-04T14:12:53Z,frontend,cartservice,1959166,1959150,0,0,4,10771739,1957822
2026-10-04T14:12:53Z,frontend,checkoutservice,409429,199450,0,40061,169951,63813476,199274
2026-10-04T14:12:53Z,frontend,currencyservice,3113003,3112993,0,0,0,16252917,3110889
2026-10-04T14:12:53Z,frontend,emailservice,0,0,0,0,0,0,0
2026-10-04T14:12:53Z,frontend,frontend,0,0,0,0,0,0,0
2026-10-04T14:12:53Z,frontend,kubernetes,0,0,0,0,0,0,0
2026-10-04T14:12:53Z,frontend,paymentservice,0,0,0,0,0,0,0
2026-10-04T14:12:53Z,frontend,productcatalogservice,8685913,8685839,0,0,0,59143984,8680558
2026-10-04T14:12:53Z,frontend,recommendationservice,2879036,1729986,0,121206,1025318,881359716,1728832
2026-10-04T14:12:53Z,frontend,redis-cart,0,0,0,0,0,0,0
2026-10-04T14:12:53Z,frontend,shippingservice,319805,319803,0,0,0,962957,319616
2026-10-04T14:12:53Z,paymentservice,adservice,0,0,0,0,0,0,0
2026-10-04T14:12:53Z,paymentservice,cartservice,0,0,0,0,0,0,0
2026-10-04T14:12:53Z,paymentservice,checkoutservice,0,0,0,0,0,0,0
2026-10-04T14:12:53Z,paymentservice,currencyservice,0,0,0,0,0,0,0
2026-10-04T14:12:53Z,paymentservice,emailservice,0,0,0,0,0,0,0
2026-10-04T14:12:53Z,paymentservice,frontend,0,0,0,0,0,0,0
2026-10-04T14:12:53Z,paymentservice,kubernetes,0,0,0,0,0,0,0
2026-10-04T14:12:53Z,paymentservice,paymentservice,0,0,0,0,0,0,0
2026-10-04T14:12:53Z,paymentservice,productcatalogservice,0,0,0,0,0,0,0
2026-10-04T14:12:53Z,paymentservice,recommendationservice,0,0,0,0,0,0,0
2026-10-04T14:12:53Z,paymentservice,redis-cart,0,0,0,0,0,0,0
2026-10-04T14:12:53Z,paymentservice,shippingservice,0,0,0,0,0,0,0
2026-10-04T14:12:53Z,productcatalogservice,adservice,0,0,0,0,0,0,0
2026-10-04T14:12:53Z,productcatalogservice,cartservice,0,0,0,0,0,0,0
2026-10-04T14:12:53Z,productcatalogservice,checkoutservice,0,0,0,0,0,0,0
2026-10-04T14:12:53Z,productcatalogservice,currencyservice,0,0,0,0,0,0,0
2026-10-04T14:12:53Z,productcatalogservice,emailservice,0,0,0,0,0,0,0
2026-10-04T14:12:53Z,productcatalogservice,frontend,0,0,0,0,0,0,0
2026-10-04T14:12:53Z,productcatalogservice,kubernetes,0,0,0,0,0,0,0
2026-10-04T14:12:53Z,productcatalogservice,paymentservice,0,0,0,0,0,0,0
2026-10-04T14:12:53Z,productcatalogservice,productcatalogservice,0,0,0,0,0,0,0
2026-10-04T14:12:53Z,productcatalogservice,recommendationservice,0,0,0,0,0,0,0
2026-10-04T14:12:53Z,productcatalogservice,redis-cart,0,0,0,0,0,0,0
2026-10-04T14:12:53Z,productcatalogservice,shippingservice,0,0,0,0,0,0,0
2026-10-04T14:12:53Z,recommendationservice,adservice,0,0,0,0,0,0,0
2026-10-04T14:12:53Z,recommendationservice,cartservice,0,0,0,0,0,0,0
2026-10-04T14:12:53Z,recommendationservice,checkoutservice,0,0,0,0,0,0,0
2026-10-04T14:12:53Z,recommendationservice,currencyservice,0,0,0,0,0,0,0
2026-10-04T14:12:53Z,recommendationservice,emailservice,0,0,0,0,0,0,0
2026-10-04T14:12:53Z,recommendationservice,frontend,0,0,0,0,0,0,0
2026-10-04T14:12:53Z,recommendationservice,kubernetes,0,0,0,0,0,0,0
2026-10-04T14:12:53Z,recommendationservice,paymentservice,0,0,0,0,0,0,0
2026-10-04T14:12:53Z,recommendationservice,productcatalogservice,234637,234634,0,0,0,1508176,233337
2026-10-04T14:12:53Z,recommendationservice,recommendationservice,0,0,0,0,0,0,0
2026-10-04T14:12:53Z,recommendationservice,redis-cart,0,0,0,0,0,0,0
2026-10-04T14:12:53Z,recommendationservice,shippingservice,0,0,0,0,0,0,0
2026-10-04T14:12:53Z,redis-cart,adservice,0,0,0,0,0,0,0
2026-10-04T14:12:53Z,redis-cart,cartservice,0,0,0,0,0,0,0
2026-10-04T14:12:53Z,redis-cart,checkoutservice,0,0,0,0,0,0,0
2026-10-04T14:12:53Z,redis-cart,currencyservice,0,0,0,0,0,0,0
2026-10-04T14:12:53Z,redis-cart,emailservice,0,0,0,0,0,0,0
2026-10-04T14:12:53Z,redis-cart,frontend,0,0,0,0,0,0,0
2026-10-04T14:12:53Z,redis-cart,kubernetes,0,0,0,0,0,0,0
2026-10-04T14:12:53Z,redis-cart,paymentservice,0,0,0,0,0,0,0
2026-10-04T14:12:53Z,redis-cart,productcatalogservice,0,0,0,0,0,0,0
2026-10-04T14:12:53Z,redis-cart,recommendationservice,0,0,0,0,0,0,0
2026-10-04T14:12:53Z,redis-cart,redis-cart,0,0,0,0,0,0,0
2026-10-04T14:12:53Z,redis-cart,shippingservice,0,0,0,0,0,0,0
2026-10-04T14:12:53Z,shippingservice,adservice,0,0,0,0,0,0,0
2026-10-04T14:12:53Z,shippingservice,cartservice,0,0,0,0,0,0,0
2026-10-04T14:12:53Z,shippingservice,checkoutservice,0,0,0,0,0,0,0
2026-10-04T14:12:53Z,shippingservice,currencyservice,0,0,0,0,0,0,0
2026-10-04T14:12:53Z,shippingservice,emailservice,0,0,0,0,0,0,0
2026-10-04T14:12:53Z,shippingservice,frontend,0,0,0,0,0,0,0
2026-10-04T14:12:53Z,shippingservice,kubernetes,0,0,0,0,0,0,0
2026-10-04T14:12:53Z,shippingservice,paymentservice,0,0,0,0,0,0,0
2026-10-04T14:12:53Z,shippingservice,productcatalogservice,0,0,0,0,0,0,0
2026-10-04T14:12:53Z,shippingservice,recommendationservice,0,0,0,0,0,0,0
2026-10-04T14:12:53Z,shippingservice,redis-cart,0,0,0,0,0,0,0
2026-10-04T14:12:53Z,shippingservice,shippingservice,0,0,0,0,0,0,0
2026-10-04T14:12:54Z,adservice,adservice,0,0,0,0,0,0,0
2026-10-04T14:12:54Z,adservice,cartservice,0,0,0,0,0,0,0
2026-10-04T14:12:54Z,adservice,checkoutservice,0,0,0,0,0,0,0
2026-10-04T14:12:54Z,adservice,currencyservice,0,0,0,0,0,0,0
2026-10-04T14:12:54Z,adservice,emailservice,0,0,0,0,0,0,0
2026-10-04T14:12:54Z,adservice,frontend,0,0,0,0,0,0,0
2026-10-04T14:12:54Z,adservice,kubernetes,0,0,0,0,0,0,0
2026-10-04T14:12:54Z,adservice,paymentservice,0,0,0,0,0,0,0
2026-10-04T14:12:54Z,adservice,productcatalogservice,0,0,0,0,0,0,0
2026-10-04T14:12:54Z,adservice,recommendationservice,0,0,0,0,0,0,0
2026-10-04T14:12:54Z,adservice,redis-cart,0,0,0,0,0,0,0
2026-10-04T14:12:54Z,adservice,shippingservice,0,0,0,0,0,0,0
2026-10-04T14:12:54Z,cartservice,adservice,0,0,0,0,0,0,0
2026-10-04T14:12:54Z,cartservice,cartservice,0,0,0,0,0,0,0
2026-10-04T14:12:54Z,cartservice,checkoutservice,0,0,0,0,0,0,0
2026-10-04T14:12:54Z,cartservice,currencyservice,0,0,0,0,0,0,0
2026-10-04T14:12:54Z,cartservice,emailservice,0,0,0,0,0,0,0
2026-10-04T14:12:54Z,cartservice,frontend,0,0,0,0,0,0,0
2026-10-04T14:12:54Z,cartservice,kubernetes,0,0,0,0,0,0,0
2026-10-04T14:12:54Z,cartservice,paymentservice,0,0,0,0,0,0,0
2026-10-04T14:12:54Z,cartservice,productcatalogservice,0,0,0,0,0,0,0
2026-10-04T14:12:54Z,cartservice,recommendationservice,0,0,0,0,0,0,0
2026-10-04T14:12:54Z,cartservice,redis-cart,2,0,0,0,0,0,0
2026-10-04T14:12:54Z,cartservice,shippingservice,0,0,0,0,0,0,0
2026-10-04T14:12:54Z,checkoutservice,adservice,0,0,0,0,0,0,0
2026-10-04T14:12:54Z,checkoutservice,cartservice,78165,77234,0,100,0,780807,77019
2026-10-04T14:12:54Z,checkoutservice,checkoutservice,0,0,0,0,0,0,0
2026-10-04T14:12:54Z,checkoutservice,currencyservice,50479,50479,0,0,0,604475,50373
2026-10-04T14:12:54Z,checkoutservice,emailservice,21716,21423,0,66,0,687910,21318
2026-10-04T14:12:54Z,checkoutservice,frontend,0,0,0,0,0,0,0
2026-10-04T14:12:54Z,checkoutservice,kubernetes,0,0,0,0,0,0,0
2026-10-04T14:12:54Z,checkoutservice,paymentservice,43745,41897,0,192,0,479985,41643
2026-10-04T14:12:54Z,checkoutservice,productcatalogservice,0,0,0,0,0,0,0
2026-10-04T14:12:54Z,checkoutservice,recommendationservice,0,0,0,0,0,0,0
2026-10-04T14:12:54Z,checkoutservice,redis-cart,0,0,0,0,0,0,0
2026-10-04T14:12:54Z,checkoutservice,shippingservice,83473,81370,0,154,0,550320,81157
2026-10-04T14:12:54Z,currencyservice,adservice,0,0,0,0,0,0,0
2026-10-04T14:12:54Z,currencyservice,cartservice,0,0,0,0,0,0,0
2026-10-04T14:12:54Z,currencyservice,checkoutservice,0,0,0,0,0,0,0
2026-10-04T14:12:54Z,currencyservice,currencyservice,0,0,0,0,0,0,0
2026-10-04T14:12:54Z,currencyservice,emailservice,0,0,0,0,0,0,0
2026-10-04T14:12:54Z,currencyservice,frontend,0,0,0,0,0,0,0
2026-10-04T14:12:54Z,currencyservice,kubernetes,0,0,0,0,0,0,0
2026-10-04T14:12:54Z,currencyservice,paymentservice,0,0,0,0,0,0,0
2026-10-04T14:12:54Z,currencyservice,productcatalogservice,0,0,0,0,0,0,0
2026-10-04T14:12:54Z,currencyservice,recommendationservice,0,0,0,0,0,0,0
2026-10-04T14:12:54Z,currencyservice,redis-cart,0,0,0,0,0,0,0
2026-10-04T14:12:54Z,currencyservice,shippingservice,0,0,0,0,0,0,0
2026-10-04T14:12:54Z,emailservice,adservice,0,0,0,0,0,0,0
2026-10-04T14:12:54Z,emailservice,cartservice,0,0,0,0,0,0,0
2026-10-04T14:12:54Z,emailservice,checkoutservice,0,0,0,0,0,0,0
2026-10-04T14:12:54Z,emailservice,currencyservice,0,0,0,0,0,0,0
2026-10-04T14:12:54Z,emailservice,emailservice,0,0,0,0,0,0,0
2026-10-04T14:12:54Z,emailservice,frontend,0,0,0,0,0,0,0
2026-10-04T14:12:54Z,emailservice,kubernetes,0,0,0,0,0,0,0
2026-10-04T14:12:54Z,emailservice,paymentservice,0,0,0,0,0,0,0
2026-10-04T14:12:54Z,emailservice,productcatalogservice,0,0,0,0,0,0,0
2026-10-04T14:12:54Z,emailservice,recommendationservice,0,0,0,0,0,0,0
2026-10-04T14:12:54Z,emailservice,redis-cart,0,0,0,0,0,0,0
2026-10-04T14:12:54Z,emailservice,shippingservice,0,0,0,0,0,0,0
2026-10-04T14:12:54Z,frontend,adservice,872523,872521,0,0,0,2624938,872302
2026-10-04T14:12:54Z,frontend,cartservice,1959537,1959523,0,0,4,10776624,1958926
2026-10-04T14:12:54Z,frontend,checkoutservice,409478,199499,0,40061,169951,63827774,199409
2026-10-04T14:12:54Z,frontend,currencyservice,3113593,3113583,0,0,0,16258777,3112611
2026-10-04T14:12:54Z,frontend,emailservice,0,0,0,0,0,0,0
2026-10-04T14:12:54Z,frontend,frontend,0,0,0,0,0,0,0
2026-10-04T14:12:54Z,frontend,kubernetes,0,0,0,0,0,0,0
2026-10-04T14:12:54Z,frontend,paymentservice,0,0,0,0,0,0,0
2026-10-04T14:12:54Z,frontend,productcatalogservice,8687310,8687242,0,0,0,59166447,8684856
2026-10-04T14:12:54Z,frontend,recommendationservice,2879809,1730271,0,121264,1025708,882079381,1729758
2026-10-04T14:12:54Z,frontend,redis-cart,0,0,0,0,0,0,0
2026-10-04T14:12:54Z,frontend,shippingservice,319855,319853,0,0,0,963344,319776
2026-10-04T14:12:54Z,paymentservice,adservice,0,0,0,0,0,0,0
2026-10-04T14:12:54Z,paymentservice,cartservice,0,0,0,0,0,0,0
2026-10-04T14:12:54Z,paymentservice,checkoutservice,0,0,0,0,0,0,0
2026-10-04T14:12:54Z,paymentservice,currencyservice,0,0,0,0,0,0,0
2026-10-04T14:12:54Z,paymentservice,emailservice,0,0,0,0,0,0,0
2026-10-04T14:12:54Z,paymentservice,frontend,0,0,0,0,0,0,0
2026-10-04T14:12:54Z,paymentservice,kubernetes,0,0,0,0,0,0,0
2026-10-04T14:12:54Z,paymentservice,paymentservice,0,0,0,0,0,0,0
2026-10-04T14:12:54Z,paymentservice,productcatalogservice,0,0,0,0,0,0,0
2026-10-04T14:12:54Z,paymentservice,recommendationservice,0,0,0,0,0,0,0
2026-10-04T14:12:54Z,paymentservice,redis-cart,0,0,0,0,0,0,0
2026-10-04T14:12:54Z,paymentservice,shippingservice,0,0,0,0,0,0,0
2026-10-04T14:12:54Z,productcatalogservice,adservice,0,0,0,0,0,0,0
2026-10-04T14:12:54Z,productcatalogservice,cartservice,0,0,0,0,0,0,0
2026-10-04T14:12:54Z,productcatalogservice,checkoutservice,0,0,0,0,0,0,0
2026-10-04T14:12:54Z,productcatalogservice,currencyservice,0,0,0,0,0,0,0
2026-10-04T14:12:54Z,productcatalogservice,emailservice,0,0,0,0,0,0,0
2026-10-04T14:12:54Z,productcatalogservice,frontend,0,0,0,0,0,0,0
2026-10-04T14:12:54Z,productcatalogservice,kubernetes,0,0,0,0,0,0,0
2026-10-04T14:12:54Z,productcatalogservice,paymentservice,0,0,0,0,0,0,0
2026-10-04T14:12:54Z,productcatalogservice,productcatalogservice,0,0,0,0,0,0,0
2026-10-04T14:12:54Z,productcatalogservice,recommendationservice,0,0,0,0,0,0,0
2026-10-04T14:12:54Z,productcatalogservice,redis-cart,0,0,0,0,0,0,0
2026-10-04T14:12:54Z,productcatalogservice,shippingservice,0,0,0,0,0,0,0
2026-10-04T14:12:54Z,recommendationservice,adservice,0,0,0,0,0,0,0
2026-10-04T14:12:54Z,recommendationservice,cartservice,0,0,0,0,0,0,0
2026-10-04T14:12:54Z,recommendationservice,checkoutservice,0,0,0,0,0,0,0
2026-10-04T14:12:54Z,recommendationservice,currencyservice,0,0,0,0,0,0,0
2026-10-04T14:12:54Z,recommendationservice,emailservice,0,0,0,0,0,0,0
2026-10-04T14:12:54Z,recommendationservice,frontend,0,0,0,0,0,0,0
2026-10-04T14:12:54Z,recommendationservice,kubernetes,0,0,0,0,0,0,0
2026-10-04T14:12:54Z,recommendationservice,paymentservice,0,0,0,0,0,0,0
2026-10-04T14:12:54Z,recommendationservice,productcatalogservice,235057,235052,0,0,0,1508176,233337
2026-10-04T14:12:54Z,recommendationservice,recommendationservice,0,0,0,0,0,0,0
2026-10-04T14:12:54Z,recommendationservice,redis-cart,0,0,0,0,0,0,0
2026-10-04T14:12:54Z,recommendationservice,shippingservice,0,0,0,0,0,0,0
2026-10-04T14:12:54Z,redis-cart,adservice,0,0,0,0,0,0,0
2026-10-04T14:12:54Z,redis-cart,cartservice,0,0,0,0,0,0,0
2026-10-04T14:12:54Z,redis-cart,checkoutservice,0,0,0,0,0,0,0
2026-10-04T14:12:54Z,redis-cart,currencyservice,0,0,0,0,0,0,0
2026-10-04T14:12:54Z,redis-cart,emailservice,0,0,0,0,0,0,0
2026-10-04T14:12:54Z,redis-cart,frontend,0,0,0,0,0,0,0
2026-10-04T14:12:54Z,redis-cart,kubernetes,0,0,0,0,0,0,0
2026-10-04T14:12:54Z,redis-cart,paymentservice,0,0,0,0,0,0,0
2026-10-04T14:12:54Z,redis-cart,productcatalogservice,0,0,0,0,0,0,0
2026-10-04T14:12:54Z,redis-cart,recommendationservice,0,0,0,0,0,0,0
2026-10-04T14:12:54Z,redis-cart,redis-cart,0,0,0,0,0,0,0
2026-10-04T14:12:54Z,redis-cart,shippingservice,0,0,0,0,0,0,0
2026-10-04T14:12:54Z,shippingservice,adservice,0,0,0,0,0,0,0
2026-10-04T14:12:54Z,shippingservice,cartservice,0,0,0,0,0,0,0
2026-10-04T14:12:54Z,shippingservice,checkoutservice,0,0,0,0,0,0,0
2026-10-04T14:12:54Z,shippingservice,currencyservice,0,0,0,0,0,0,0
2026-10-04T14:12:54Z,shippingservice,emailservice,0,0,0,0,0,0,0
2026-10-04T14:12:54Z,shippingservice,frontend,0,0,0,0,0,0,0
2026-10-04T14:12:54Z,shippingservice,kubernetes,0,0,0,0,0,0,0
2026-10-04T14:12:54Z,shippingservice,paymentservice,0,0,0,0,0,0,0
2026-10-04T14:12:54Z,shippingservice,productcatalogservice,0,0,0,0,0,0,0
2026-10-04T14:12:54Z,shippingservice,recommendationservice,0,0,0,0,0,0,0
2026-10-04T14:12:54Z,shippingservice,redis-cart,0,0,0,0,0,0,0
2026-10-04T14:12:54Z,shippingservice,shippingservice,0,0,0,0,0,0,0
2026-10-04T14:12:55Z,adservice,adservice,0,0,0,0,0,0,0
2026-10-04T14:12:55Z,adservice,cartservice,0,0,0,0,0,0,0
2026-10-04T14:12:55Z,adservice,checkoutservice,0,0,0,0,0,0,0
2026-10-04T14:12:55Z,adservice,currencyservice,0,0,0,0,0,0,0
2026-10-04T14:12:55Z,adservice,emailservice,0,0,0,0,0,0,0
2026-10-04T14:12:55Z,adservice,frontend,0,0,0,0,0,0,0
2026-10-04T14:12:55Z,adservice,kubernetes,0,0,0,0,0,0,0
2026-10-04T14:12:55Z,adservice,paymentservice,0,0,0,0,0,0,0
2026-10-04T14:12:55Z,adservice,productcatalogservice,0,0,0,0,0,0,0
2026-10-04T14:12:55Z,adservice,recommendationservice,0,0,0,0,0,0,0
2026-10-04T14:12:55Z,adservice,redis-cart,0,0,0,0,0,0,0
2026-10-04T14:12:55Z,adservice,shippingservice,0,0,0,0,0,0,0
2026-10-04T14:12:55Z,cartservice,adservice,0,0,0,0,0,0,0
2026-10-04T14:12:55Z,cartservice,cartservice,0,0,0,0,0,0,0
2026-10-04T14:12:55Z,cartservice,checkoutservice,0,0,0,0,0,0,0
2026-10-04T14:12:55Z,cartservice,currencyservice,0,0,0,0,0,0,0
2026-10-04T14:12:55Z,cartservice,emailservice,0,0,0,0,0,0,0
2026-10-04T14:12:55Z,cartservice,frontend,0,0,0,0,0,0,0
2026-10-04T14:12:55Z,cartservice,kubernetes,0,0,0,0,0,0,0
2026-10-04T14:12:55Z,cartservice,paymentservice,0,0,0,0,0,0,0
2026-10-04T14:12:55Z,cartservice,productcatalogservice,0,0,0,0,0,0,0
2026-10-04T14:12:55Z,cartservice,recommendationservice,0,0,0,0,0,0,0
2026-10-04T14:12:55Z,cartservice,redis-cart,2,0,0,0,0,0,0
2026-10-04T14:12:55Z,cartservice,shippingservice,0,0,0,0,0,0,0
2026-10-04T14:12:55Z,checkoutservice,adservice,0,0,0,0,0,0,0
2026-10-04T14:12:55Z,checkoutservice,cartservice,78279,77348,0,100,0,780807,77019
2026-10-04T14:12:55Z,checkoutservice,checkoutservice,0,0,0,0,0,0,0
2026-10-04T14:12:55Z,checkoutservice,currencyservice,50537,50537,0,0,0,604475,50373
2026-10-04T14:12:55Z,checkoutservice,emailservice,21775,21482,0,66,0,687910,21318
2026-10-04T14:12:55Z,checkoutservice,frontend,0,0,0,0,0,0,0
2026-10-04T14:12:55Z,checkoutservice,kubernetes,0,0,0,0,0,0,0
2026-10-04T14:12:55Z,checkoutservice,paymentservice,43803,41955,0,192,0,479985,41643
2026-10-04T14:12:55Z,checkoutservice,productcatalogservice,0,0,0,0,0,0,0
2026-10-04T14:12:55Z,checkoutservice,recommendationservice,0,0,0,0,0,0,0
2026-10-04T14:12:55Z,checkoutservice,redis-cart,0,0,0,0,0,0,0
2026-10-04T14:12:55Z,checkoutservice,shippingservice,83590,81487,0,154,0,550320,81157
2026-10-04T14:12:55Z,currencyservice,adservice,0,0,0,0,0,0,0
2026-10-04T14:12:55Z,currencyservice,cartservice,0,0,0,0,0,0,0
2026-10-04T14:12:55Z,currencyservice,checkoutservice,0,0,0,0,0,0,0
2026-10-04T14:12:55Z,currencyservice,currencyservice,0,0,0,0,0,0,0
2026-10-04T14:12:55Z,currencyservice,emailservice,0,0,0,0,0,0,0
2026-10-04T14:12:55Z,currencyservice,frontend,0,0,0,0,0,0,0
2026-10-04T14:12:55Z,currencyservice,kubernetes,0,0,0,0,0,0,0
2026-10-04T14:12:55Z,currencyservice,paymentservice,0,0,0,0,0,0,0
2026-10-04T14:12:55Z,currencyservice,productcatalogservice,0,0,0,0,0,0,0
2026-10-04T14:12:55Z,currencyservice,recommendationservice,0,0,0,0,0,0,0
2026-10-04T14:12:55Z,currencyservice,redis-cart,0,0,0,0,0,0,0
2026-10-04T14:12:55Z,currencyservice,shippingservice,0,0,0,0,0,0,0
2026-10-04T14:12:55Z,emailservice,adservice,0,0,0,0,0,0,0
2026-10-04T14:12:55Z,emailservice,cartservice,0,0,0,0,0,0,0
2026-10-04T14:12:55Z,emailservice,checkoutservice,0,0,0,0,0,0,0
2026-10-04T14:12:55Z,emailservice,currencyservice,0,0,0,0,0,0,0
2026-10-04T14:12:55Z,emailservice,emailservice,0,0,0,0,0,0,0
2026-10-04T14:12:55Z,emailservice,frontend,0,0,0,0,0,0,0
2026-10-04T14:12:55Z,emailservice,kubernetes,0,0,0,0,0,0,0
2026-10-04T14:12:55Z,emailservice,paymentservice,0,0,0,0,0,0,0
2026-10-04T14:12:55Z,emailservice,productcatalogservice,0,0,0,0,0,0,0
2026-10-04T14:12:55Z,emailservice,recommendationservice,0,0,0,0,0,0,0
2026-10-04T14:12:55Z,emailservice,redis-cart,0,0,0,0,0,0,0
2026-10-04T14:12:55Z,emailservice,shippingservice,0,0,0,0,0,0,0
2026-10-04T14:12:55Z,frontend,adservice,872659,872657,0,0,0,2625347,872459
2026-10-04T14:12:55Z,frontend,cartservice,1959941,1959926,0,0,4,10778436,1959330
2026-10-04T14:12:55Z,frontend,checkoutservice,409531,199559,0,40061,169951,63835061,199472
2026-10-04T14:12:55Z,frontend,currencyservice,3114223,3114210,0,0,0,16261171,3113266
2026-10-04T14:12:55Z,frontend,emailservice,0,0,0,0,0,0,0
2026-10-04T14:12:55Z,frontend,frontend,0,0,0,0,0,0,0
2026-10-04T14:12:55Z,frontend,kubernetes,0,0,0,0,0,0,0
2026-10-04T14:12:55Z,frontend,paymentservice,0,0,0,0,0,0,0
2026-10-04T14:12:55Z,frontend,productcatalogservice,8688775,8688704,0,0,0,59177912,8686520
2026-10-04T14:12:55Z,frontend,recommendationservice,2880589,1730631,0,121314,1026101,882382011,1730117
2026-10-04T14:12:55Z,frontend,redis-cart,0,0,0,0,0,0,0
2026-10-04T14:12:55Z,frontend,shippingservice,319893,319891,0,0,0,963437,319823
2026-10-04T14:12:55Z,paymentservice,adservice,0,0,0,0,0,0,0
2026-10-04T14:12:55Z,paymentservice,cartservice,0,0,0,0,0,0,0
2026-10-04T14:12:55Z,paymentservice,checkoutservice,0,0,0,0,0,0,0
2026-10-04T14:12:55Z,paymentservice,currencyservice,0,0,0,0,0,0,0
2026-10-04T14:12:55Z,paymentservice,emailservice,0,0,0,0,0,0,0
2026-10-04T14:12:55Z,paymentservice,frontend,0,0,0,0,0,0,0
2026-10-04T14:12:55Z,paymentservice,kubernetes,0,0,0,0,0,0,0
2026-10-04T14:12:55Z,paymentservice,paymentservice,0,0,0,0,0,0,0
2026-10-04T14:12:55Z,paymentservice,productcatalogservice,0,0,0,0,0,0,0
2026-10-04T14:12:55Z,paymentservice,recommendationservice,0,0,0,0,0,0,0
2026-10-04T14:12:55Z,paymentservice,redis-cart,0,0,0,0,0,0,0
2026-10-04T14:12:55Z,paymentservice,shippingservice,0,0,0,0,0,0,0
2026-10-04T14:12:55Z,productcatalogservice,adservice,0,0,0,0,0,0,0
2026-10-04T14:12:55Z,productcatalogservice,cartservice,0,0,0,0,0,0,0
2026-10-04T14:12:55Z,productcatalogservice,checkoutservice,0,0,0,0,0,0,0
2026-10-04T14:12:55Z,productcatalogservice,currencyservice,0,0,0,0,0,0,0
2026-10-04T14:12:55Z,productcatalogservice,emailservice,0,0,0,0,0,0,0
2026-10-04T14:12:55Z,productcatalogservice,frontend,0,0,0,0,0,0,0
2026-10-04T14:12:55Z,productcatalogservice,kubernetes,0,0,0,0,0,0,0
2026-10-04T14:12:55Z,productcatalogservice,paymentservice,0,0,0,0,0,0,0
2026-10-04T14:12:55Z,productcatalogservice,productcatalogservice,0,0,0,0,0,0,0
2026-10-04T14:12:55Z,productcatalogservice,recommendationservice,0,0,0,0,0,0,0
2026-10-04T14:12:55Z,productcatalogservice,redis-cart,0,0,0,0,0,0,0
2026-10-04T14:12:55Z,productcatalogservice,shippingservice,0,0,0,0,0,0,0
2026-10-04T14:12:55Z,recommendationservice,adservice,0,0,0,0,0,0,0
2026-10-04T14:12:55Z,recommendationservice,cartservice,0,0,0,0,0,0,0
2026-10-04T14:12:55Z,recommendationservice,checkoutservice,0,0,0,0,0,0,0
2026-10-04T14:12:55Z,recommendationservice,currencyservice,0,0,0,0,0,0,0
2026-10-04T14:12:55Z,recommendationservice,emailservice,0,0,0,0,0,0,0
2026-10-04T14:12:55Z,recommendationservice,frontend,0,0,0,0,0,0,0
2026-10-04T14:12:55Z,recommendationservice,kubernetes,0,0,0,0,0,0,0
2026-10-04T14:12:55Z,recommendationservice,paymentservice,0,0,0,0,0,0,0
2026-10-04T14:12:55Z,recommendationservice,productcatalogservice,235502,235501,0,0,0,1508176,233337
2026-10-04T14:12:55Z,recommendationservice,recommendationservice,0,0,0,0,0,0,0
2026-10-04T14:12:55Z,recommendationservice,redis-cart,0,0,0,0,0,0,0
2026-10-04T14:12:55Z,recommendationservice,shippingservice,0,0,0,0,0,0,0
2026-10-04T14:12:55Z,redis-cart,adservice,0,0,0,0,0,0,0
2026-10-04T14:12:55Z,redis-cart,cartservice,0,0,0,0,0,0,0
2026-10-04T14:12:55Z,redis-cart,checkoutservice,0,0,0,0,0,0,0
2026-10-04T14:12:55Z,redis-cart,currencyservice,0,0,0,0,0,0,0
2026-10-04T14:12:55Z,redis-cart,emailservice,0,0,0,0,0,0,0
2026-10-04T14:12:55Z,redis-cart,frontend,0,0,0,0,0,0,0
2026-10-04T14:12:55Z,redis-cart,kubernetes,0,0,0,0,0,0,0
2026-10-04T14:12:55Z,redis-cart,paymentservice,0,0,0,0,0,0,0
2026-10-04T14:12:55Z,redis-cart,productcatalogservice,0,0,0,0,0,0,0
2026-10-04T14:12:55Z,redis-cart,recommendationservice,0,0,0,0,0,0,0
2026-10-04T14:12:55Z,redis-cart,redis-cart,0,0,0,0,0,0,0
2026-10-04T14:12:55Z,redis-cart,shippingservice,0,0,0,0,0,0,0
2026-10-04T14:12:55Z,shippingservice,adservice,0,0,0,0,0,0,0
2026-10-04T14:12:55Z,shippingservice,cartservice,0,0,0,0,0,0,0
2026-10-04T14:12:55Z,shippingservice,checkoutservice,0,0,0,0,0,0,0
2026-10-04T14:12:55Z,shippingservice,currencyservice,0,0,0,0,0,0,0
2026-10-04T14:12:55Z,shippingservice,emailservice,0,0,0,0,0,0,0
2026-10-04T14:12:55Z,shippingservice,frontend,0,0,0,0,0,0,0
2026-10-04T14:12:55Z,shippingservice,kubernetes,0,0,0,0,0,0,0
2026-10-04T14:12:55Z,shippingservice,paymentservice,0,0,0,0,0,0,0
2026-10-04T14:12:55Z,shippingservice,productcatalogservice,0,0,0,0,0,0,0
2026-10-04T14:12:55Z,shippingservice,recommendationservice,0,0,0,0,0,0,0
2026-10-04T14:12:55Z,shippingservice,redis-cart,0,0,0,0,0,0,0
2026-10-04T14:12:55Z,shippingservice,shippingservice,0,0,0,0,0,0,0
2026-10-04T14:12:56Z,adservice,adservice,0,0,0,0,0,0,0
2026-10-04T14:12:56Z,adservice,cartservice,0,0,0,0,0,0,0
2026-10-04T14:12:56Z,adservice,checkoutservice,0,0,0,0,0,0,0
2026-10-04T14:12:56Z,adservice,currencyservice,0,0,0,0,0,0,0
2026-10-04T14:12:56Z,adservice,emailservice,0,0,0,0,0,0,0
2026-10-04T14:12:56Z,adservice,frontend,0,0,0,0,0,0,0
2026-10-04T14:12:56Z,adservice,kubernetes,0,0,0,0,0,0,0
2026-10-04T14:12:56Z,adservice,paymentservice,0,0,0,0,0,0,0
2026-10-04T14:12:56Z,adservice,productcatalogservice,0,0,0,0,0,0,0
2026-10-04T14:12:56Z,adservice,recommendationservice,0,0,0,0,0,0,0
2026-10-04T14:12:56Z,adservice,redis-cart,0,0,0,0,0,0,0
2026-10-04T14:12:56Z,adservice,shippingservice,0,0,0,0,0,0,0
2026-10-04T14:12:56Z,cartservice,adservice,0,0,0,0,0,0,0
2026-10-04T14:12:56Z,cartservice,cartservice,0,0,0,0,0,0,0
2026-10-04T14:12:56Z,cartservice,checkoutservice,0,0,0,0,0,0,0
2026-10-04T14:12:56Z,cartservice,currencyservice,0,0,0,0,0,0,0
2026-10-04T14:12:56Z,cartservice,emailservice,0,0,0,0,0,0,0
2026-10-04T14:12:56Z,cartservice,frontend,0,0,0,0,0,0,0
2026-10-04T14:12:56Z,cartservice,kubernetes,0,0,0,0,0,0,0
2026-10-04T14:12:56Z,cartservice,paymentservice,0,0,0,0,0,0,0
2026-10-04T14:12:56Z,cartservice,productcatalogservice,0,0,0,0,0,0,0
2026-10-04T14:12:56Z,cartservice,recommendationservice,0,0,0,0,0,0,0
2026-10-04T14:12:56Z,cartservice,redis-cart,2,0,0,0,0,0,0
2026-10-04T14:12:56Z,cartservice,shippingservice,0,0,0,0,0,0,0
2026-10-04T14:12:56Z,checkoutservice,adservice,0,0,0,0,0,0,0
2026-10-04T14:12:56Z,checkoutservice,cartservice,78392,77460,0,100,0,780807,77019
2026-10-04T14:12:56Z,checkoutservice,checkoutservice,0,0,0,0,0,0,0
2026-10-04T14:12:56Z,checkoutservice,currencyservice,50594,50594,0,0,0,604475,50373
2026-10-04T14:12:56Z,checkoutservice,emailservice,21830,21535,0,66,0,687910,21318
2026-10-04T14:12:56Z,checkoutservice,frontend,0,0,0,0,0,0,0
2026-10-04T14:12:56Z,checkoutservice,kubernetes,0,0,0,0,0,0,0
2026-10-04T14:12:56Z,checkoutservice,paymentservice,43860,42012,0,192,0,479985,41643
2026-10-04T14:12:56Z,checkoutservice,productcatalogservice,0,0,0,0,0,0,0
2026-10-04T14:12:56Z,checkoutservice,recommendationservice,0,0,0,0,0,0,0
2026-10-04T14:12:56Z,checkoutservice,redis-cart,0,0,0,0,0,0,0
2026-10-04T14:12:56Z,checkoutservice,shippingservice,83704,81601,0,154,0,550320,81157
2026-10-04T14:12:56Z,currencyservice,adservice,0,0,0,0,0,0,0
2026-10-04T14:12:56Z,currencyservice,cartservice,0,0,0,0,0,0,0
2026-10-04T14:12:56Z,currencyservice,checkoutservice,0,0,0,0,0,0,0
2026-10-04T14:12:56Z,currencyservice,currencyservice,0,0,0,0,0,0,0
2026-10-04T14:12:56Z,currencyservice,emailservice,0,0,0,0,0,0,0
2026-10-04T14:12:56Z,currencyservice,frontend,0,0,0,0,0,0,0
2026-10-04T14:12:56Z,currencyservice,kubernetes,0,0,0,0,0,0,0
2026-10-04T14:12:56Z,currencyservice,paymentservice,0,0,0,0,0,0,0
2026-10-04T14:12:56Z,currencyservice,productcatalogservice,0,0,0,0,0,0,0
2026-10-04T14:12:56Z,currencyservice,recommendationservice,0,0,0,0,0,0,0
2026-10-04T14:12:56Z,currencyservice,redis-cart,0,0,0,0,0,0,0
2026-10-04T14:12:56Z,currencyservice,shippingservice,0,0,0,0,0,0,0
2026-10-04T14:12:56Z,emailservice,adservice,0,0,0,0,0,0,0
2026-10-04T14:12:56Z,emailservice,cartservice,0,0,0,0,0,0,0
2026-10-04T14:12:56Z,emailservice,checkoutservice,0,0,0,0,0,0,0
2026-10-04T14:12:56Z,emailservice,currencyservice,0,0,0,0,0,0,0
2026-10-04T14:12:56Z,emailservice,emailservice,0,0,0,0,0,0,0
2026-10-04T14:12:56Z,emailservice,frontend,0,0,0,0,0,0,0
2026-10-04T14:12:56Z,emailservice,kubernetes,0,0,0,0,0,0,0
2026-10-04T14:12:56Z,emailservice,paymentservice,0,0,0,0,0,0,0
2026-10-04T14:12:56Z,emailservice,productcatalogservice,0,0,0,0,0,0,0
2026-10-04T14:12:56Z,emailservice,recommendationservice,0,0,0,0,0,0,0
2026-10-04T14:12:56Z,emailservice,redis-cart,0,0,0,0,0,0,0
2026-10-04T14:12:56Z,emailservice,shippingservice,0,0,0,0,0,0,0
2026-10-04T14:12:56Z,frontend,adservice,872823,872821,0,0,0,2625347,872459
2026-10-04T14:12:56Z,frontend,cartservice,1960373,1960357,0,0,4,10778436,1959330
2026-10-04T14:12:56Z,frontend,checkoutservice,409592,199619,0,40061,169951,63835061,199472
2026-10-04T14:12:56Z,frontend,currencyservice,3114923,3114910,0,0,0,16261171,3113266
2026-10-04T14:12:56Z,frontend,emailservice,0,0,0,0,0,0,0
2026-10-04T14:12:56Z,frontend,frontend,0,0,0,0,0,0,0
2026-10-04T14:12:56Z,frontend,kubernetes,0,0,0,0,0,0,0
2026-10-04T14:12:56Z,frontend,paymentservice,0,0,0,0,0,0,0
2026-10-04T14:12:56Z,frontend,productcatalogservice,8690592,8690515,0,0,0,59177912,8686520
2026-10-04T14:12:56Z,frontend,recommendationservice,2881288,1731040,0,121353,1026382,882382011,1730117
2026-10-04T14:12:56Z,frontend,redis-cart,0,0,0,0,0,0,0
2026-10-04T14:12:56Z,frontend,shippingservice,319961,319959,0,0,0,963437,319823
2026-10-04T14:12:56Z,paymentservice,adservice,0,0,0,0,0,0,0
2026-10-04T14:12:56Z,paymentservice,cartservice,0,0,0,0,0,0,0
2026-10-04T14:12:56Z,paymentservice,checkoutservice,0,0,0,0,0,0,0
2026-10-04T14:12:56Z,paymentservice,currencyservice,0,0,0,0,0,0,0
2026-10-04T14:12:56Z,paymentservice,emailservice,0,0,0,0,0,0,0
2026-10-04T14:12:56Z,paymentservice,frontend,0,0,0,0,0,0,0
2026-10-04T14:12:56Z,paymentservice,kubernetes,0,0,0,0,0,0,0
2026-10-04T14:12:56Z,paymentservice,paymentservice,0,0,0,0,0,0,0
2026-10-04T14:12:56Z,paymentservice,productcatalogservice,0,0,0,0,0,0,0
2026-10-04T14:12:56Z,paymentservice,recommendationservice,0,0,0,0,0,0,0
2026-10-04T14:12:56Z,paymentservice,redis-cart,0,0,0,0,0,0,0
2026-10-04T14:12:56Z,paymentservice,shippingservice,0,0,0,0,0,0,0
2026-10-04T14:12:56Z,productcatalogservice,adservice,0,0,0,0,0,0,0
2026-10-04T14:12:56Z,productcatalogservice,cartservice,0,0,0,0,0,0,0
2026-10-04T14:12:56Z,productcatalogservice,checkoutservice,0,0,0,0,0,0,0
2026-10-04T14:12:56Z,productcatalogservice,currencyservice,0,0,0,0,0,0,0
2026-10-04T14:12:56Z,productcatalogservice,emailservice,0,0,0,0,0,0,0
2026-10-04T14:12:56Z,productcatalogservice,frontend,0,0,0,0,0,0,0
2026-10-04T14:12:56Z,productcatalogservice,kubernetes,0,0,0,0,0,0,0
2026-10-04T14:12:56Z,productcatalogservice,paymentservice,0,0,0,0,0,0,0
2026-10-04T14:12:56Z,productcatalogservice,productcatalogservice,0,0,0,0,0,0,0
2026-10-04T14:12:56Z,productcatalogservice,recommendationservice,0,0,0,0,0,0,0
2026-10-04T14:12:56Z,productcatalogservice,redis-cart,0,0,0,0,0,0,0
2026-10-04T14:12:56Z,productcatalogservice,shippingservice,0,0,0,0,0,0,0
2026-10-04T14:12:56Z,recommendationservice,adservice,0,0,0,0,0,0,0
2026-10-04T14:12:56Z,recommendationservice,cartservice,0,0,0,0,0,0,0
2026-10-04T14:12:56Z,recommendationservice,checkoutservice,0,0,0,0,0,0,0
2026-10-04T14:12:56Z,recommendationservice,currencyservice,0,0,0,0,0,0,0
2026-10-04T14:12:56Z,recommendationservice,emailservice,0,0,0,0,0,0,0
2026-10-04T14:12:56Z,recommendationservice,frontend,0,0,0,0,0,0,0
2026-10-04T14:12:56Z,recommendationservice,kubernetes,0,0,0,0,0,0,0
2026-10-04T14:12:56Z,recommendationservice,paymentservice,0,0,0,0,0,0,0
2026-10-04T14:12:56Z,recommendationservice,productcatalogservice,235917,235916,0,0,0,1519286,235508
2026-10-04T14:12:56Z,recommendationservice,recommendationservice,0,0,0,0,0,0,0
2026-10-04T14:12:56Z,recommendationservice,redis-cart,0,0,0,0,0,0,0
2026-10-04T14:12:56Z,recommendationservice,shippingservice,0,0,0,0,0,0,0
2026-10-04T14:12:56Z,redis-cart,adservice,0,0,0,0,0,0,0
2026-10-04T14:12:56Z,redis-cart,cartservice,0,0,0,0,0,0,0
2026-10-04T14:12:56Z,redis-cart,checkoutservice,0,0,0,0,0,0,0
2026-10-04T14:12:56Z,redis-cart,currencyservice,0,0,0,0,0,0,0
2026-10-04T14:12:56Z,redis-cart,emailservice,0,0,0,0,0,0,0
2026-10-04T14:12:56Z,redis-cart,frontend,0,0,0,0,0,0,0
2026-10-04T14:12:56Z,redis-cart,kubernetes,0,0,0,0,0,0,0
2026-10-04T14:12:56Z,redis-cart,paymentservice,0,0,0,0,0,0,0
2026-10-04T14:12:56Z,redis-cart,productcatalogservice,0,0,0,0,0,0,0
2026-10-04T14:12:56Z,redis-cart,recommendationservice,0,0,0,0,0,0,0
2026-10-04T14:12:56Z,redis-cart,redis-cart,0,0,0,0,0,0,0
2026-10-04T14:12:56Z,redis-cart,shippingservice,0,0,0,0,0,0,0
2026-10-04T14:12:56Z,shippingservice,adservice,0,0,0,0,0,0,0
2026-10-04T14:12:56Z,shippingservice,cartservice,0,0,0,0,0,0,0
2026-10-04T14:12:56Z,shippingservice,checkoutservice,0,0,0,0,0,0,0
2026-10-04T14:12:56Z,shippingservice,currencyservice,0,0,0,0,0,0,0
2026-10-04T14:12:56Z,shippingservice,emailservice,0,0,0,0,0,0,0
2026-10-04T14:12:56Z,shippingservice,frontend,0,0,0,0,0,0,0
2026-10-04T14:12:56Z,shippingservice,kubernetes,0,0,0,0,0,0,0
2026-10-04T14:12:56Z,shippingservice,paymentservice,0,0,0,0,0,0,0
2026-10-04T14:12:56Z,shippingservice,productcatalogservice,0,0,0,0,0,0,0
2026-10-04T14:12:56Z,shippingservice,recommendationservice,0,0,0,0,0,0,0
2026-10-04T14:12:56Z,shippingservice,redis-cart,0,0,0,0,0,0,0
2026-10-04T14:12:56Z,shippingservice,shippingservice,0,0,0,0,0,0,0
2026-10-04T14:12:57Z,adservice,adservice,0,0,0,0,0,0,0
2026-10-04T14:12:57Z,adservice,cartservice,0,0,0,0,0,0,0
2026-10-04T14:12:57Z,adservice,checkoutservice,0,0,0,0,0,0,0
2026-10-04T14:12:57Z,adservice,currencyservice,0,0,0,0,0,0,0
2026-10-04T14:12:57Z,adservice,emailservice,0,0,0,0,0,0,0
2026-10-04T14:12:57Z,adservice,frontend,0,0,0,0,0,0,0
2026-10-04T14:12:57Z,adservice,kubernetes,0,0,0,0,0,0,0
2026-10-04T14:12:57Z,adservice,paymentservice,0,0,0,0,0,0,0
2026-10-04T14:12:57Z,adservice,productcatalogservice,0,0,0,0,0,0,0
2026-10-04T14:12:57Z,adservice,recommendationservice,0,0,0,0,0,0,0
2026-10-04T14:12:57Z,adservice,redis-cart,0,0,0,0,0,0,0
2026-10-04T14:12:57Z,adservice,shippingservice,0,0,0,0,0,0,0
2026-10-04T14:12:57Z,cartservice,adservice,0,0,0,0,0,0,0
2026-10-04T14:12:57Z,cartservice,cartservice,0,0,0,0,0,0,0
2026-10-04T14:12:57Z,cartservice,checkoutservice,0,0,0,0,0,0,0
2026-10-04T14:12:57Z,cartservice,currencyservice,0,0,0,0,0,0,0
2026-10-04T14:12:57Z,cartservice,emailservice,0,0,0,0,0,0,0
2026-10-04T14:12:57Z,cartservice,frontend,0,0,0,0,0,0,0
2026-10-04T14:12:57Z,cartservice,kubernetes,0,0,0,0,0,0,0
2026-10-04T14:12:57Z,cartservice,paymentservice,0,0,0,0,0,0,0
2026-10-04T14:12:57Z,cartservice,productcatalogservice,0,0,0,0,0,0,0
2026-10-04T14:12:57Z,cartservice,recommendationservice,0,0,0,0,0,0,0
2026-10-04T14:12:57Z,cartservice,redis-cart,2,0,0,0,0,0,0
2026-10-04T14:12:57Z,cartservice,shippingservice,0,0,0,0,0,0,0
2026-10-04T14:12:57Z,checkoutservice,adservice,0,0,0,0,0,0,0
2026-10-04T14:12:57Z,checkoutservice,cartservice,78513,77581,0,100,0,783340,77563
2026-10-04T14:12:57Z,checkoutservice,checkoutservice,0,0,0,0,0,0,0
2026-10-04T14:12:57Z,checkoutservice,currencyservice,50655,50655,0,0,0,605454,50645
2026-10-04T14:12:57Z,checkoutservice,emailservice,21885,21592,0,66,0,693697,21588
2026-10-04T14:12:57Z,checkoutservice,frontend,0,0,0,0,0,0,0
2026-10-04T14:12:57Z,checkoutservice,kubernetes,0,0,0,0,0,0,0
2026-10-04T14:12:57Z,checkoutservice,paymentservice,43917,42067,0,192,0,480855,41915
2026-10-04T14:12:57Z,checkoutservice,productcatalogservice,0,0,0,0,0,0,0
2026-10-04T14:12:57Z,checkoutservice,recommendationservice,0,0,0,0,0,0,0
2026-10-04T14:12:57Z,checkoutservice,redis-cart,0,0,0,0,0,0,0
2026-10-04T14:12:57Z,checkoutservice,shippingservice,83822,81717,0,154,0,551421,81701
2026-10-04T14:12:57Z,currencyservice,adservice,0,0,0,0,0,0,0
2026-10-04T14:12:57Z,currencyservice,cartservice,0,0,0,0,0,0,0
2026-10-04T14:12:57Z,currencyservice,checkoutservice,0,0,0,0,0,0,0
2026-10-04T14:12:57Z,currencyservice,currencyservice,0,0,0,0,0,0,0
2026-10-04T14:12:57Z,currencyservice,emailservice,0,0,0,0,0,0,0
2026-10-04T14:12:57Z,currencyservice,frontend,0,0,0,0,0,0,0
2026-10-04T14:12:57Z,currencyservice,kubernetes,0,0,0,0,0,0,0
2026-10-04T14:12:57Z,currencyservice,paymentservice,0,0,0,0,0,0,0
2026-10-04T14:12:57Z,currencyservice,productcatalogservice,0,0,0,0,0,0,0
2026-10-04T14:12:57Z,currencyservice,recommendationservice,0,0,0,0,0,0,0
2026-10-04T14:12:57Z,currencyservice,redis-cart,0,0,0,0,0,0,0
2026-10-04T14:12:57Z,currencyservice,shippingservice,0,0,0,0,0,0,0
2026-10-04T14:12:57Z,emailservice,adservice,0,0,0,0,0,0,0
2026-10-04T14:12:57Z,emailservice,cartservice,0,0,0,0,0,0,0
2026-10-04T14:12:57Z,emailservice,checkoutservice,0,0,0,0,0,0,0
2026-10-04T14:12:57Z,emailservice,currencyservice,0,0,0,0,0,0,0
2026-10-04T14:12:57Z,emailservice,emailservice,0,0,0,0,0,0,0
2026-10-04T14:12:57Z,emailservice,frontend,0,0,0,0,0,0,0
2026-10-04T14:12:57Z,emailservice,kubernetes,0,0,0,0,0,0,0
2026-10-04T14:12:57Z,emailservice,paymentservice,0,0,0,0,0,0,0
2026-10-04T14:12:57Z,emailservice,productcatalogservice,0,0,0,0,0,0,0
2026-10-04T14:12:57Z,emailservice,recommendationservice,0,0,0,0,0,0,0
2026-10-04T14:12:57Z,emailservice,redis-cart,0,0,0,0,0,0,0
2026-10-04T14:12:57Z,emailservice,shippingservice,0,0,0,0,0,0,0
2026-10-04T14:12:57Z,frontend,adservice,872970,872968,0,0,0,2625347,872459
2026-10-04T14:12:57Z,frontend,cartservice,1960732,1960717,0,0,4,10778436,1959330
2026-10-04T14:12:57Z,frontend,checkoutservice,409657,199676,0,40061,169951,63835061,199472
2026-10-04T14:12:57Z,frontend,currencyservice,3115511,3115504,0,0,0,16261171,3113266
2026-10-04T14:12:57Z,frontend,emailservice,0,0,0,0,0,0,0
2026-10-04T14:12:57Z,frontend,frontend,0,0,0,0,0,0,0
2026-10-04T14:12:57Z,frontend,kubernetes,0,0,0,0,0,0,0
2026-10-04T14:12:57Z,frontend,paymentservice,0,0,0,0,0,0,0
2026-10-04T14:12:57Z,frontend,productcatalogservice,8692200,8692120,0,0,0,59177912,8686520
2026-10-04T14:12:57Z,frontend,recommendationservice,2881978,1731387,0,121377,1026699,882382011,1730117
2026-10-04T14:12:57Z,frontend,redis-cart,0,0,0,0,0,0,0
2026-10-04T14:12:57Z,frontend,shippingservice,320011,320009,0,0,0,963437,319823
2026-10-04T14:12:57Z,paymentservice,adservice,0,0,0,0,0,0,0
2026-10-04T14:12:57Z,paymentservice,cartservice,0,0,0,0,0,0,0
2026-10-04T14:12:57Z,paymentservice,checkoutservice,0,0,0,0,0,0,0
2026-10-04T14:12:57Z,paymentservice,currencyservice,0,0,0,0,0,0,0
2026-10-04T14:12:57Z,paymentservice,emailservice,0,0,0,0,0,0,0
2026-10-04T14:12:57Z,paymentservice,frontend,0,0,0,0,0,0,0
2026-10-04T14:12:57Z,paymentservice,kubernetes,0,0,0,0,0,0,0
2026-10-04T14:12:57Z,paymentservice,paymentservice,0,0,0,0,0,0,0
2026-10-04T14:12:57Z,paymentservice,productcatalogservice,0,0,0,0,0,0,0
2026-10-04T14:12:57Z,paymentservice,recommendationservice,0,0,0,0,0,0,0
2026-10-04T14:12:57Z,paymentservice,redis-cart,0,0,0,0,0,0,0
2026-10-04T14:12:57Z,paymentservice,shippingservice,0,0,0,0,0,0,0
2026-10-04T14:12:57Z,productcatalogservice,adservice,0,0,0,0,0,0,0
2026-10-04T14:12:57Z,productcatalogservice,cartservice,0,0,0,0,0,0,0
2026-10-04T14:12:57Z,productcatalogservice,checkoutservice,0,0,0,0,0,0,0
2026-10-04T14:12:57Z,productcatalogservice,currencyservice,0,0,0,0,0,0,0
2026-10-04T14:12:57Z,productcatalogservice,emailservice,0,0,0,0,0,0,0
2026-10-04T14:12:57Z,productcatalogservice,frontend,0,0,0,0,0,0,0
2026-10-04T14:12:57Z,productcatalogservice,kubernetes,0,0,0,0,0,0,0
2026-10-04T14:12:57Z,productcatalogservice,paymentservice,0,0,0,0,0,0,0
2026-10-04T14:12:57Z,productcatalogservice,productcatalogservice,0,0,0,0,0,0,0
2026-10-04T14:12:57Z,productcatalogservice,recommendationservice,0,0,0,0,0,0,0
2026-10-04T14:12:57Z,productcatalogservice,redis-cart,0,0,0,0,0,0,0
2026-10-04T14:12:57Z,productcatalogservice,shippingservice,0,0,0,0,0,0,0
2026-10-04T14:12:57Z,recommendationservice,adservice,0,0,0,0,0,0,0
2026-10-04T14:12:57Z,recommendationservice,cartservice,0,0,0,0,0,0,0
2026-10-04T14:12:57Z,recommendationservice,checkoutservice,0,0,0,0,0,0,0
2026-10-04T14:12:57Z,recommendationservice,currencyservice,0,0,0,0,0,0,0
2026-10-04T14:12:57Z,recommendationservice,emailservice,0,0,0,0,0,0,0
2026-10-04T14:12:57Z,recommendationservice,frontend,0,0,0,0,0,0,0
2026-10-04T14:12:57Z,recommendationservice,kubernetes,0,0,0,0,0,0,0
2026-10-04T14:12:57Z,recommendationservice,paymentservice,0,0,0,0,0,0,0
2026-10-04T14:12:57Z,recommendationservice,productcatalogservice,236388,236388,0,0,0,1519286,235508
2026-10-04T14:12:57Z,recommendationservice,recommendationservice,0,0,0,0,0,0,0
2026-10-04T14:12:57Z,recommendationservice,redis-cart,0,0,0,0,0,0,0
2026-10-04T14:12:57Z,recommendationservice,shippingservice,0,0,0,0,0,0,0
2026-10-04T14:12:57Z,redis-cart,adservice,0,0,0,0,0,0,0
2026-10-04T14:12:57Z,redis-cart,cartservice,0,0,0,0,0,0,0
2026-10-04T14:12:57Z,redis-cart,checkoutservice,0,0,0,0,0,0,0
2026-10-04T14:12:57Z,redis-cart,currencyservice,0,0,0,0,0,0,0
2026-10-04T14:12:57Z,redis-cart,emailservice,0,0,0,0,0,0,0
2026-10-04T14:12:57Z,redis-cart,frontend,0,0,0,0,0,0,0
2026-10-04T14:12:57Z,redis-cart,kubernetes,0,0,0,0,0,0,0
2026-10-04T14:12:57Z,redis-cart,paymentservice,0,0,0,0,0,0,0
2026-10-04T14:12:57Z,redis-cart,productcatalogservice,0,0,0,0,0,0,0
2026-10-04T14:12:57Z,redis-cart,recommendationservice,0,0,0,0,0,0,0
2026-10-04T14:12:57Z,redis-cart,redis-cart,0,0,0,0,0,0,0
2026-10-04T14:12:57Z,redis-cart,shippingservice,0,0,0,0,0,0,0
2026-10-04T14:12:57Z,shippingservice,adservice,0,0,0,0,0,0,0
2026-10-04T14:12:57Z,shippingservice,cartservice,0,0,0,0,0,0,0
2026-10-04T14:12:57Z,shippingservice,checkoutservice,0,0,0,0,0,0,0
2026-10-04T14:12:57Z,shippingservice,currencyservice,0,0,0,0,0,0,0
2026-10-04T14:12:57Z,shippingservice,emailservice,0,0,0,0,0,0,0
2026-10-04T14:12:57Z,shippingservice,frontend,0,0,0,0,0,0,0
2026-10-04T14:12:57Z,shippingservice,kubernetes,0,0,0,0,0,0,0
2026-10-04T14:12:57Z,shippingservice,paymentservice,0,0,0,0,0,0,0
2026-10-04T14:12:57Z,shippingservice,productcatalogservice,0,0,0,0,0,0,0
2026-10-04T14:12:57Z,shippingservice,recommendationservice,0,0,0,0,0,0,0
2026-10-04T14:12:57Z,shippingservice,redis-cart,0,0,0,0,0,0,0
2026-10-04T14:12:57Z,shippingservice,shippingservice,0,0,0,0,0,0,0
2026-10-04T14:12:58Z,adservice,adservice,0,0,0,0,0,0,0
2026-10-04T14:12:58Z,adservice,cartservice,0,0,0,0,0,0,0
2026-10-04T14:12:58Z,adservice,checkoutservice,0,0,0,0,0,0,0
2026-10-04T14:12:58Z,adservice,currencyservice,0,0,0,0,0,0,0
2026-10-04T14:12:58Z,adservice,emailservice,0,0,0,0,0,0,0
2026-10-04T14:12:58Z,adservice,frontend,0,0,0,0,0,0,0
2026-10-04T14:12:58Z,adservice,kubernetes,0,0,0,0,0,0,0
2026-10-04T14:12:58Z,adservice,paymentservice,0,0,0,0,0,0,0
2026-10-04T14:12:58Z,adservice,productcatalogservice,0,0,0,0,0,0,0
2026-10-04T14:12:58Z,adservice,recommendationservice,0,0,0,0,0,0,0
2026-10-04T14:12:58Z,adservice,redis-cart,0,0,0,0,0,0,0
2026-10-04T14:12:58Z,adservice,shippingservice,0,0,0,0,0,0,0
2026-10-04T14:12:58Z,cartservice,adservice,0,0,0,0,0,0,0
2026-10-04T14:12:58Z,cartservice,cartservice,0,0,0,0,0,0,0
2026-10-04T14:12:58Z,cartservice,checkoutservice,0,0,0,0,0,0,0
2026-10-04T14:12:58Z,cartservice,currencyservice,0,0,0,0,0,0,0
2026-10-04T14:12:58Z,cartservice,emailservice,0,0,0,0,0,0,0
2026-10-04T14:12:58Z,cartservice,frontend,0,0,0,0,0,0,0
2026-10-04T14:12:58Z,cartservice,kubernetes,0,0,0,0,0,0,0
2026-10-04T14:12:58Z,cartservice,paymentservice,0,0,0,0,0,0,0
2026-10-04T14:12:58Z,cartservice,productcatalogservice,0,0,0,0,0,0,0
2026-10-04T14:12:58Z,cartservice,recommendationservice,0,0,0,0,0,0,0
2026-10-04T14:12:58Z,cartservice,redis-cart,2,0,0,0,0,0,0
2026-10-04T14:12:58Z,cartservice,shippingservice,0,0,0,0,0,0,0
2026-10-04T14:12:58Z,checkoutservice,adservice,0,0,0,0,0,0,0
2026-10-04T14:12:58Z,checkoutservice,cartservice,78636,77701,0,100,0,783340,77563
2026-10-04T14:12:58Z,checkoutservice,checkoutservice,0,0,0,0,0,0,0
2026-10-04T14:12:58Z,checkoutservice,currencyservice,50715,50715,0,0,0,605454,50645
2026-10-04T14:12:58Z,checkoutservice,emailservice,21948,21654,0,66,0,693697,21588
2026-10-04T14:12:58Z,checkoutservice,frontend,0,0,0,0,0,0,0
2026-10-04T14:12:58Z,checkoutservice,kubernetes,0,0,0,0,0,0,0
2026-10-04T14:12:58Z,checkoutservice,paymentservice,43981,42132,0,192,0,480855,41915
2026-10-04T14:12:58Z,checkoutservice,productcatalogservice,0,0,0,0,0,0,0
2026-10-04T14:12:58Z,checkoutservice,recommendationservice,0,0,0,0,0,0,0
2026-10-04T14:12:58Z,checkoutservice,redis-cart,0,0,0,0,0,0,0
2026-10-04T14:12:58Z,checkoutservice,shippingservice,83946,81842,0,154,0,551421,81701
2026-10-04T14:12:58Z,currencyservice,adservice,0,0,0,0,0,0,0
2026-10-04T14:12:58Z,currencyservice,cartservice,0,0,0,0,0,0,0
2026-10-04T14:12:58Z,currencyservice,checkoutservice,0,0,0,0,0,0,0
2026-10-04T14:12:58Z,currencyservice,currencyservice,0,0,0,0,0,0,0
2026-10-04T14:12:58Z,currencyservice,emailservice,0,0,0,0,0,0,0
2026-10-04T14:12:58Z,currencyservice,frontend,0,0,0,0,0,0,0
2026-10-04T14:12:58Z,currencyservice,kubernetes,0,0,0,0,0,0,0
2026-10-04T14:12:58Z,currencyservice,paymentservice,0,0,0,0,0,0,0
2026-10-04T14:12:58Z,currencyservice,productcatalogservice,0,0,0,0,0,0,0
2026-10-04T14:12:58Z,currencyservice,recommendationservice,0,0,0,0,0,0,0
2026-10-04T14:12:58Z,currencyservice,redis-cart,0,0,0,0,0,0,0
2026-10-04T14:12:58Z,currencyservice,shippingservice,0,0,0,0,0,0,0
2026-10-04T14:12:58Z,emailservice,adservice,0,0,0,0,0,0,0
2026-10-04T14:12:58Z,emailservice,cartservice,0,0,0,0,0,0,0
2026-10-04T14:12:58Z,emailservice,checkoutservice,0,0,0,0,0,0,0
2026-10-04T14:12:58Z,emailservice,currencyservice,0,0,0,0,0,0,0
2026-10-04T14:12:58Z,emailservice,emailservice,0,0,0,0,0,0,0
2026-10-04T14:12:58Z,emailservice,frontend,0,0,0,0,0,0,0
2026-10-04T14:12:58Z,emailservice,kubernetes,0,0,0,0,0,0,0
2026-10-04T14:12:58Z,emailservice,paymentservice,0,0,0,0,0,0,0
2026-10-04T14:12:58Z,emailservice,productcatalogservice,0,0,0,0,0,0,0
2026-10-04T14:12:58Z,emailservice,recommendationservice,0,0,0,0,0,0,0
2026-10-04T14:12:58Z,emailservice,redis-cart,0,0,0,0,0,0,0
2026-10-04T14:12:58Z,emailservice,shippingservice,0,0,0,0,0,0,0
2026-10-04T14:12:58Z,frontend,adservice,873123,873121,0,0,0,2625807,872618
2026-10-04T14:12:58Z,frontend,cartservice,1961156,1961140,0,0,4,10780601,1959784
2026-10-04T14:12:58Z,frontend,checkoutservice,409718,199734,0,40061,169951,63842066,199539
2026-10-04T14:12:58Z,frontend,currencyservice,3116194,3116182,0,0,0,16264270,3114001
2026-10-04T14:12:58Z,frontend,emailservice,0,0,0,0,0,0,0
2026-10-04T14:12:58Z,frontend,frontend,0,0,0,0,0,0,0
2026-10-04T14:12:58Z,frontend,kubernetes,0,0,0,0,0,0,0
2026-10-04T14:12:58Z,frontend,paymentservice,0,0,0,0,0,0,0
2026-10-04T14:12:58Z,frontend,productcatalogservice,8693873,8693799,0,0,0,59191024,8688279
2026-10-04T14:12:58Z,frontend,recommendationservice,2882747,1731741,0,121430,1027049,882734061,1730555
2026-10-04T14:12:58Z,frontend,redis-cart,0,0,0,0,0,0,0
2026-10-04T14:12:58Z,frontend,shippingservice,320070,320068,0,0,0,963543,319877
2026-10-04T14:12:58Z,paymentservice,adservice,0,0,0,0,0,0,0
2026-10-04T14:12:58Z,paymentservice,cartservice,0,0,0,0,0,0,0
2026-10-04T14:12:58Z,paymentservice,checkoutservice,0,0,0,0,0,0,0
2026-10-04T14:12:58Z,paymentservice,currencyservice,0,0,0,0,0,0,0
2026-10-04T14:12:58Z,paymentservice,emailservice,0,0,0,0,0,0,0
2026-10-04T14:12:58Z,paymentservice,frontend,0,0,0,0,0,0,0
2026-10-04T14:12:58Z,paymentservice,kubernetes,0,0,0,0,0,0,0
2026-10-04T14:12:58Z,paymentservice,paymentservice,0,0,0,0,0,0,0
2026-10-04T14:12:58Z,paymentservice,productcatalogservice,0,0,0,0,0,0,0
2026-10-04T14:12:58Z,paymentservice,recommendationservice,0,0,0,0,0,0,0
2026-10-04T14:12:58Z,paymentservice,redis-cart,0,0,0,0,0,0,0
2026-10-04T14:12:58Z,paymentservice,shippingservice,0,0,0,0,0,0,0
2026-10-04T14:12:58Z,productcatalogservice,adservice,0,0,0,0,0,0,0
2026-10-04T14:12:58Z,productcatalogservice,cartservice,0,0,0,0,0,0,0
2026-10-04T14:12:58Z,productcatalogservice,checkoutservice,0,0,0,0,0,0,0
2026-10-04T14:12:58Z,productcatalogservice,currencyservice,0,0,0,0,0,0,0
2026-10-04T14:12:58Z,productcatalogservice,emailservice,0,0,0,0,0,0,0
2026-10-04T14:12:58Z,productcatalogservice,frontend,0,0,0,0,0,0,0
2026-10-04T14:12:58Z,productcatalogservice,kubernetes,0,0,0,0,0,0,0
2026-10-04T14:12:58Z,productcatalogservice,paymentservice,0,0,0,0,0,0,0
2026-10-04T14:12:58Z,productcatalogservice,productcatalogservice,0,0,0,0,0,0,0
2026-10-04T14:12:58Z,productcatalogservice,recommendationservice,0,0,0,0,0,0,0
2026-10-04T14:12:58Z,productcatalogservice,redis-cart,0,0,0,0,0,0,0
2026-10-04T14:12:58Z,productcatalogservice,shippingservice,0,0,0,0,0,0,0
2026-10-04T14:12:58Z,recommendationservice,adservice,0,0,0,0,0,0,0
2026-10-04T14:12:58Z,recommendationservice,cartservice,0,0,0,0,0,0,0
2026-10-04T14:12:58Z,recommendationservice,checkoutservice,0,0,0,0,0,0,0
2026-10-04T14:12:58Z,recommendationservice,currencyservice,0,0,0,0,0,0,0
2026-10-04T14:12:58Z,recommendationservice,emailservice,0,0,0,0,0,0,0
2026-10-04T14:12:58Z,recommendationservice,frontend,0,0,0,0,0,0,0
2026-10-04T14:12:58Z,recommendationservice,kubernetes,0,0,0,0,0,0,0
2026-10-04T14:12:58Z,recommendationservice,paymentservice,0,0,0,0,0,0,0
2026-10-04T14:12:58Z,recommendationservice,productcatalogservice,236832,236826,0,0,0,1519286,235508
2026-10-04T14:12:58Z,recommendationservice,recommendationservice,0,0,0,0,0,0,0
2026-10-04T14:12:58Z,recommendationservice,redis-cart,0,0,0,0,0,0,0
2026-10-04T14:12:58Z,recommendationservice,shippingservice,0,0,0,0,0,0,0
2026-10-04T14:12:58Z,redis-cart,adservice,0,0,0,0,0,0,0
2026-10-04T14:12:58Z,redis-cart,cartservice,0,0,0,0,0,0,0
2026-10-04T14:12:58Z,redis-cart,checkoutservice,0,0,0,0,0,0,0
2026-10-04T14:12:58Z,redis-cart,currencyservice,0,0,0,0,0,0,0
2026-10-04T14:12:58Z,redis-cart,emailservice,0,0,0,0,0,0,0
2026-10-04T14:12:58Z,redis-cart,frontend,0,0,0,0,0,0,0
2026-10-04T14:12:58Z,redis-cart,kubernetes,0,0,0,0,0,0,0
2026-10-04T14:12:58Z,redis-cart,paymentservice,0,0,0,0,0,0,0
2026-10-04T14:12:58Z,redis-cart,productcatalogservice,0,0,0,0,0,0,0
2026-10-04T14:12:58Z,redis-cart,recommendationservice,0,0,0,0,0,0,0
2026-10-04T14:12:58Z,redis-cart,redis-cart,0,0,0,0,0,0,0
2026-10-04T14:12:58Z,redis-cart,shippingservice,0,0,0,0,0,0,0
2026-10-04T14:12:58Z,shippingservice,adservice,0,0,0,0,0,0,0
2026-10-04T14:12:58Z,shippingservice,cartservice,0,0,0,0,0,0,0
2026-10-04T14:12:58Z,shippingservice,checkoutservice,0,0,0,0,0,0,0
2026-10-04T14:12:58Z,shippingservice,currencyservice,0,0,0,0,0,0,0
2026-10-04T14:12:58Z,shippingservice,emailservice,0,0,0,0,0,0,0
2026-10-04T14:12:58Z,shippingservice,frontend,0,0,0,0,0,0,0
2026-10-04T14:12:58Z,shippingservice,kubernetes,0,0,0,0,0,0,0
2026-10-04T14:12:58Z,shippingservice,paymentservice,0,0,0,0,0,0,0
2026-10-04T14:12:58Z,shippingservice,productcatalogservice,0,0,0,0,0,0,0
2026-10-04T14:12:58Z,shippingservice,recommendationservice,0,0,0,0,0,0,0
2026-10-04T14:12:58Z,shippingservice,redis-cart,0,0,0,0,0,0,0
2026-10-04T14:12:58Z,shippingservice,shippingservice,0,0,0,0,0,0,0
2026-10-04T14:12:59Z,adservice,adservice,0,0,0,0,0,0,0
2026-10-04T14:12:59Z,adservice,cartservice,0,0,0,0,0,0,0
2026-10-04T14:12:59Z,adservice,checkoutservice,0,0,0,0,0,0,0
2026-10-04T14:12:59Z,adservice,currencyservice,0,0,0,0,0,0,0
2026-10-04T14:12:59Z,adservice,emailservice,0,0,0,0,0,0,0
2026-10-04T14:12:59Z,adservice,frontend,0,0,0,0,0,0,0
2026-10-04T14:12:59Z,adservice,kubernetes,0,0,0,0,0,0,0
2026-10-04T14:12:59Z,adservice,paymentservice,0,0,0,0,0,0,0
2026-10-04T14:12:59Z,adservice,productcatalogservice,0,0,0,0,0,0,0
2026-10-04T14:12:59Z,adservice,recommendationservice,0,0,0,0,0,0,0
2026-10-04T14:12:59Z,adservice,redis-cart,0,0,0,0,0,0,0
2026-10-04T14:12:59Z,adservice,shippingservice,0,0,0,0,0,0,0
2026-10-04T14:12:59Z,cartservice,adservice,0,0,0,0,0,0,0
2026-10-04T14:12:59Z,cartservice,cartservice,0,0,0,0,0,0,0
2026-10-04T14:12:59Z,cartservice,checkoutservice,0,0,0,0,0,0,0
2026-10-04T14:12:59Z,cartservice,currencyservice,0,0,0,0,0,0,0
2026-10-04T14:12:59Z,cartservice,emailservice,0,0,0,0,0,0,0
2026-10-04T14:12:59Z,cartservice,frontend,0,0,0,0,0,0,0
2026-10-04T14:12:59Z,cartservice,kubernetes,0,0,0,0,0,0,0
2026-10-04T14:12:59Z,cartservice,paymentservice,0,0,0,0,0,0,0
2026-10-04T14:12:59Z,cartservice,productcatalogservice,0,0,0,0,0,0,0
2026-10-04T14:12:59Z,cartservice,recommendationservice,0,0,0,0,0,0,0
2026-10-04T14:12:59Z,cartservice,redis-cart,2,0,0,0,0,0,0
2026-10-04T14:12:59Z,cartservice,shippingservice,0,0,0,0,0,0,0
2026-10-04T14:12:59Z,checkoutservice,adservice,0,0,0,0,0,0,0
2026-10-04T14:12:59Z,checkoutservice,cartservice,78763,77828,0,100,0,783340,77563
2026-10-04T14:12:59Z,checkoutservice,checkoutservice,0,0,0,0,0,0,0
2026-10-04T14:12:59Z,checkoutservice,currencyservice,50780,50780,0,0,0,605454,50645
2026-10-04T14:12:59Z,checkoutservice,emailservice,22012,21718,0,66,0,693697,21588
2026-10-04T14:12:59Z,checkoutservice,frontend,0,0,0,0,0,0,0
2026-10-04T14:12:59Z,checkoutservice,kubernetes,0,0,0,0,0,0,0
2026-10-04T14:12:59Z,checkoutservice,paymentservice,44046,42197,0,192,0,480855,41915
2026-10-04T14:12:59Z,checkoutservice,productcatalogservice,0,0,0,0,0,0,0
2026-10-04T14:12:59Z,checkoutservice,recommendationservice,0,0,0,0,0,0,0
2026-10-04T14:12:59Z,checkoutservice,redis-cart,0,0,0,0,0,0,0
2026-10-04T14:12:59Z,checkoutservice,shippingservice,84075,81970,0,154,0,551421,81701
2026-10-04T14:12:59Z,currencyservice,adservice,0,0,0,0,0,0,0
2026-10-04T14:12:59Z,currencyservice,cartservice,0,0,0,0,0,0,0
2026-10-04T14:12:59Z,currencyservice,checkoutservice,0,0,0,0,0,0,0
2026-10-04T14:12:59Z,currencyservice,currencyservice,0,0,0,0,0,0,0
2026-10-04T14:12:59Z,currencyservice,emailservice,0,0,0,0,0,0,0
2026-10-04T14:12:59Z,currencyservice,frontend,0,0,0,0,0,0,0
2026-10-04T14:12:59Z,currencyservice,kubernetes,0,0,0,0,0,0,0
2026-10-04T14:12:59Z,currencyservice,paymentservice,0,0,0,0,0,0,0
2026-10-04T14:12:59Z,currencyservice,productcatalogservice,0,0,0,0,0,0,0
2026-10-04T14:12:59Z,currencyservice,recommendationservice,0,0,0,0,0,0,0
2026-10-04T14:12:59Z,currencyservice,redis-cart,0,0,0,0,0,0,0
2026-10-04T14:12:59Z,currencyservice,shippingservice,0,0,0,0,0,0,0
2026-10-04T14:12:59Z,emailservice,adservice,0,0,0,0,0,0,0
2026-10-04T14:12:59Z,emailservice,cartservice,0,0,0,0,0,0,0
2026-10-04T14:12:59Z,emailservice,checkoutservice,0,0,0,0,0,0,0
2026-10-04T14:12:59Z,emailservice,currencyservice,0,0,0,0,0,0,0
2026-10-04T14:12:59Z,emailservice,emailservice,0,0,0,0,0,0,0
2026-10-04T14:12:59Z,emailservice,frontend,0,0,0,0,0,0,0
2026-10-04T14:12:59Z,emailservice,kubernetes,0,0,0,0,0,0,0
2026-10-04T14:12:59Z,emailservice,paymentservice,0,0,0,0,0,0,0
2026-10-04T14:12:59Z,emailservice,productcatalogservice,0,0,0,0,0,0,0
2026-10-04T14:12:59Z,emailservice,recommendationservice,0,0,0,0,0,0,0
2026-10-04T14:12:59Z,emailservice,redis-cart,0,0,0,0,0,0,0
2026-10-04T14:12:59Z,emailservice,shippingservice,0,0,0,0,0,0,0
2026-10-04T14:12:59Z,frontend,adservice,873260,873258,0,0,0,2627091,873021
2026-10-04T14:12:59Z,frontend,cartservice,1961561,1961546,0,0,4,10785405,1960873
2026-10-04T14:12:59Z,frontend,checkoutservice,409776,199803,0,40061,169951,63858961,199705
2026-10-04T14:12:59Z,frontend,currencyservice,3116827,3116817,0,0,0,16270579,3115753
2026-10-04T14:12:59Z,frontend,emailservice,0,0,0,0,0,0,0
2026-10-04T14:12:59Z,frontend,frontend,0,0,0,0,0,0,0
2026-10-04T14:12:59Z,frontend,kubernetes,0,0,0,0,0,0,0
2026-10-04T14:12:59Z,frontend,paymentservice,0,0,0,0,0,0,0
2026-10-04T14:12:59Z,frontend,productcatalogservice,8695465,8695379,0,0,0,59217767,8692755
2026-10-04T14:12:59Z,frontend,recommendationservice,2883512,1732088,0,121462,1027419,883488066,1731518
2026-10-04T14:12:59Z,frontend,redis-cart,0,0,0,0,0,0,0
2026-10-04T14:12:59Z,frontend,shippingservice,320121,320119,0,0,0,963997,320036
2026-10-04T14:12:59Z,paymentservice,adservice,0,0,0,0,0,0,0
2026-10-04T14:12:59Z,paymentservice,cartservice,0,0,0,0,0,0,0
2026-10-04T14:12:59Z,paymentservice,checkoutservice,0,0,0,0,0,0,0
2026-10-04T14:12:59Z,paymentservice,currencyservice,0,0,0,0,0,0,0
2026-10-04T14:12:59Z,paymentservice,emailservice,0,0,0,0,0,0,0
2026-10-04T14:12:59Z,paymentservice,frontend,0,0,0,0,0,0,0
2026-10-04T14:12:59Z,paymentservice,kubernetes,0,0,0,0,0,0,0
2026-10-04T14:12:59Z,paymentservice,paymentservice,0,0,0,0,0,0,0
2026-10-04T14:12:59Z,paymentservice,productcatalogservice,0,0,0,0,0,0,0
2026-10-04T14:12:59Z,paymentservice,recommendationservice,0,0,0,0,0,0,0
2026-10-04T14:12:59Z,paymentservice,redis-cart,0,0,0,0,0,0,0
2026-10-04T14:12:59Z,paymentservice,shippingservice,0,0,0,0,0,0,0
2026-10-04T14:12:59Z,productcatalogservice,adservice,0,0,0,0,0,0,0
2026-10-04T14:12:59Z,productcatalogservice,cartservice,0,0,0,0,0,0,0
2026-10-04T14:12:59Z,productcatalogservice,checkoutservice,0,0,0,0,0,0,0
2026-10-04T14:12:59Z,productcatalogservice,currencyservice,0,0,0,0,0,0,0
2026-10-04T14:12:59Z,productcatalogservice,emailservice,0,0,0,0,0,0,0
2026-10-04T14:12:59Z,productcatalogservice,frontend,0,0,0,0,0,0,0
2026-10-04T14:12:59Z,productcatalogservice,kubernetes,0,0,0,0,0,0,0
2026-10-04T14:12:59Z,productcatalogservice,paymentservice,0,0,0,0,0,0,0
2026-10-04T14:12:59Z,productcatalogservice,productcatalogservice,0,0,0,0,0,0,0
2026-10-04T14:12:59Z,productcatalogservice,recommendationservice,0,0,0,0,0,0,0
2026-10-04T14:12:59Z,productcatalogservice,redis-cart,0,0,0,0,0,0,0
2026-10-04T14:12:59Z,productcatalogservice,shippingservice,0,0,0,0,0,0,0
2026-10-04T14:12:59Z,recommendationservice,adservice,0,0,0,0,0,0,0
2026-10-04T14:12:59Z,recommendationservice,cartservice,0,0,0,0,0,0,0
2026-10-04T14:12:59Z,recommendationservice,checkoutservice,0,0,0,0,0,0,0
2026-10-04T14:12:59Z,recommendationservice,currencyservice,0,0,0,0,0,0,0
2026-10-04T14:12:59Z,recommendationservice,emailservice,0,0,0,0,0,0,0
2026-10-04T14:12:59Z,recommendationservice,frontend,0,0,0,0,0,0,0
2026-10-04T14:12:59Z,recommendationservice,kubernetes,0,0,0,0,0,0,0
2026-10-04T14:12:59Z,recommendationservice,paymentservice,0,0,0,0,0,0,0
2026-10-04T14:12:59Z,recommendationservice,productcatalogservice,237255,237252,0,0,0,1519286,235508
2026-10-04T14:12:59Z,recommendationservice,recommendationservice,0,0,0,0,0,0,0
2026-10-04T14:12:59Z,recommendationservice,redis-cart,0,0,0,0,0,0,0
2026-10-04T14:12:59Z,recommendationservice,shippingservice,0,0,0,0,0,0,0
2026-10-04T14:12:59Z,redis-cart,adservice,0,0,0,0,0,0,0
2026-10-04T14:12:59Z,redis-cart,cartservice,0,0,0,0,0,0,0
2026-10-04T14:12:59Z,redis-cart,checkoutservice,0,0,0,0,0,0,0
2026-10-04T14:12:59Z,redis-cart,currencyservice,0,0,0,0,0,0,0
2026-10-04T14:12:59Z,redis-cart,emailservice,0,0,0,0,0,0,0
2026-10-04T14:12:59Z,redis-cart,frontend,0,0,0,0,0,0,0
2026-10-04T14:12:59Z,redis-cart,kubernetes,0,0,0,0,0,0,0
2026-10-04T14:12:59Z,redis-cart,paymentservice,0,0,0,0,0,0,0
2026-10-04T14:12:59Z,redis-cart,productcatalogservice,0,0,0,0,0,0,0
2026-10-04T14:12:59Z,redis-cart,recommendationservice,0,0,0,0,0,0,0
2026-10-04T14:12:59Z,redis-cart,redis-cart,0,0,0,0,0,0,0
2026-10-04T14:12:59Z,redis-cart,shippingservice,0,0,0,0,0,0,0
2026-10-04T14:12:59Z,shippingservice,adservice,0,0,0,0,0,0,0
2026-10-04T14:12:59Z,shippingservice,cartservice,0,0,0,0,0,0,0
2026-10-04T14:12:59Z,shippingservice,checkoutservice,0,0,0,0,0,0,0
2026-10-04T14:12:59Z,shippingservice,currencyservice,0,0,0,0,0,0,0
2026-10-04T14:12:59Z,shippingservice,emailservice,0,0,0,0,0,0,0
2026-10-04T14:12:59Z,shippingservice,frontend,0,0,0,0,0,0,0
2026-10-04T14:12:59Z,shippingservice,kubernetes,0,0,0,0,0,0,0
2026-10-04T14:12:59Z,shippingservice,paymentservice,0,0,0,0,0,0,0
2026-10-04T14:12:59Z,shippingservice,productcatalogservice,0,0,0,0,0,0,0
2026-10-04T14:12:59Z,shippingservice,recommendationservice,0,0,0,0,0,0,0
2026-10-04T14:12:59Z,shippingservice,redis-cart,0,0,0,0,0,0,0
2026-10-04T14:12:59Z,shippingservice,shippingservice,0,0,0,0,0,0,0
2026-10-04T14:13:00Z,adservice,adservice,0,0,0,0,0,0,0
2026-10-04T14:13:00Z,adservice,cartservice,0,0,0,0,0,0,0
2026-10-04T14:13:00Z,adservice,checkoutservice,0,0,0,0,0,0,0
2026-10-04T14:13:00Z,adservice,currencyservice,0,0,0,0,0,0,0
2026-10-04T14:13:00Z,adservice,emailservice,0,0,0,0,0,0,0
2026-10-04T14:13:00Z,adservice,frontend,0,0,0,0,0,0,0
2026-10-04T14:13:00Z,adservice,kubernetes,0,0,0,0,0,0,0
2026-10-04T14:13:00Z,adservice,paymentservice,0,0,0,0,0,0,0
2026-10-04T14:13:00Z,adservice,productcatalogservice,0,0,0,0,0,0,0
2026-10-04T14:13:00Z,adservice,recommendationservice,0,0,0,0,0,0,0
2026-10-04T14:13:00Z,adservice,redis-cart,0,0,0,0,0,0,0
2026-10-04T14:13:00Z,adservice,shippingservice,0,0,0,0,0,0,0
2026-10-04T14:13:00Z,cartservice,adservice,0,0,0,0,0,0,0
2026-10-04T14:13:00Z,cartservice,cartservice,0,0,0,0,0,0,0
2026-10-04T14:13:00Z,cartservice,checkoutservice,0,0,0,0,0,0,0
2026-10-04T14:13:00Z,cartservice,currencyservice,0,0,0,0,0,0,0
2026-10-04T14:13:00Z,cartservice,emailservice,0,0,0,0,0,0,0
2026-10-04T14:13:00Z,cartservice,frontend,0,0,0,0,0,0,0
2026-10-04T14:13:00Z,cartservice,kubernetes,0,0,0,0,0,0,0
2026-10-04T14:13:00Z,cartservice,paymentservice,0,0,0,0,0,0,0
2026-10-04T14:13:00Z,cartservice,productcatalogservice,0,0,0,0,0,0,0
2026-10-04T14:13:00Z,cartservice,recommendationservice,0,0,0,0,0,0,0
2026-10-04T14:13:00Z,cartservice,redis-cart,2,0,0,0,0,0,0
2026-10-04T14:13:00Z,cartservice,shippingservice,0,0,0,0,0,0,0
2026-10-04T14:13:00Z,checkoutservice,adservice,0,0,0,0,0,0,0
2026-10-04T14:13:00Z,checkoutservice,cartservice,78890,77959,0,100,0,783340,77563
2026-10-04T14:13:00Z,checkoutservice,checkoutservice,0,0,0,0,0,0,0
2026-10-04T14:13:00Z,checkoutservice,currencyservice,50843,50842,0,0,0,605454,50645
2026-10-04T14:13:00Z,checkoutservice,emailservice,22080,21787,0,66,0,693697,21588
2026-10-04T14:13:00Z,checkoutservice,frontend,0,0,0,0,0,0,0
2026-10-04T14:13:00Z,checkoutservice,kubernetes,0,0,0,0,0,0,0
2026-10-04T14:13:00Z,checkoutservice,paymentservice,44108,42260,0,192,0,480855,41915
2026-10-04T14:13:00Z,checkoutservice,productcatalogservice,0,0,0,0,0,0,0
2026-10-04T14:13:00Z,checkoutservice,recommendationservice,0,0,0,0,0,0,0
2026-10-04T14:13:00Z,checkoutservice,redis-cart,0,0,0,0,0,0,0
2026-10-04T14:13:00Z,checkoutservice,shippingservice,84201,82098,0,154,0,551421,81701
2026-10-04T14:13:00Z,currencyservice,adservice,0,0,0,0,0,0,0
2026-10-04T14:13:00Z,currencyservice,cartservice,0,0,0,0,0,0,0
2026-10-04T14:13:00Z,currencyservice,checkoutservice,0,0,0,0,0,0,0
2026-10-04T14:13:00Z,currencyservice,currencyservice,0,0,0,0,0,0,0
2026-10-04T14:13:00Z,currencyservice,emailservice,0,0,0,0,0,0,0
2026-10-04T14:13:00Z,currencyservice,frontend,0,0,0,0,0,0,0
2026-10-04T14:13:00Z,currencyservice,kubernetes,0,0,0,0,0,0,0
2026-10-04T14:13:00Z,currencyservice,paymentservice,0,0,0,0,0,0,0
2026-10-04T14:13:00Z,currencyservice,productcatalogservice,0,0,0,0,0,0,0
2026-10-04T14:13:00Z,currencyservice,recommendationservice,0,0,0,0,0,0,0
2026-10-04T14:13:00Z,currencyservice,redis-cart,0,0,0,0,0,0,0
2026-10-04T14:13:00Z,currencyservice,shippingservice,0,0,0,0,0,0,0
2026-10-04T14:13:00Z,emailservice,adservice,0,0,0,0,0,0,0
2026-10-04T14:13:00Z,emailservice,cartservice,0,0,0,0,0,0,0
2026-10-04T14:13:00Z,emailservice,checkoutservice,0,0,0,0,0,0,0
2026-10-04T14:13:00Z,emailservice,currencyservice,0,0,0,0,0,0,0
2026-10-04T14:13:00Z,emailservice,emailservice,0,0,0,0,0,0,0
2026-10-04T14:13:00Z,emailservice,frontend,0,0,0,0,0,0,0
2026-10-04T14:13:00Z,emailservice,kubernetes,0,0,0,0,0,0,0
2026-10-04T14:13:00Z,emailservice,paymentservice,0,0,0,0,0,0,0
2026-10-04T14:13:00Z,emailservice,productcatalogservice,0,0,0,0,0,0,0
2026-10-04T14:13:00Z,emailservice,recommendationservice,0,0,0,0,0,0,0
2026-10-04T14:13:00Z,emailservice,redis-cart,0,0,0,0,0,0,0
2026-10-04T14:13:00Z,emailservice,shippingservice,0,0,0,0,0,0,0
2026-10-04T14:13:00Z,frontend,adservice,873456,873453,0,0,0,2627507,873190
2026-10-04T14:13:00Z,frontend,cartservice,1961974,1961962,0,0,4,10787362,1961326
2026-10-04T14:13:00Z,frontend,checkoutservice,409843,199866,0,40061,169951,63865431,199765
2026-10-04T14:13:00Z,frontend,currencyservice,3117504,3117482,0,0,0,16273137,3116461
2026-10-04T14:13:00Z,frontend,emailservice,0,0,0,0,0,0,0
2026-10-04T14:13:00Z,frontend,frontend,0,0,0,0,0,0,0
2026-10-04T14:13:00Z,frontend,kubernetes,0,0,0,0,0,0,0
2026-10-04T14:13:00Z,frontend,paymentservice,0,0,0,0,0,0,0
2026-10-04T14:13:00Z,frontend,productcatalogservice,8697342,8697267,0,0,0,59231634,8694541
2026-10-04T14:13:00Z,frontend,recommendationservice,2884272,1732481,0,121506,1027769,883782311,1731893
2026-10-04T14:13:00Z,frontend,redis-cart,0,0,0,0,0,0,0
2026-10-04T14:13:00Z,frontend,shippingservice,320174,320171,0,0,0,964134,320091
2026-10-04T14:13:00Z,paymentservice,adservice,0,0,0,0,0,0,0
2026-10-04T14:13:00Z,paymentservice,cartservice,0,0,0,0,0,0,0
2026-10-04T14:13:00Z,paymentservice,checkoutservice,0,0,0,0,0,0,0
2026-10-04T14:13:00Z,paymentservice,currencyservice,0,0,0,0,0,0,0
2026-10-04T14:13:00Z,paymentservice,emailservice,0,0,0,0,0,0,0
2026-10-04T14:13:00Z,paymentservice,frontend,0,0,0,0,0,0,0
2026-10-04T14:13:00Z,paymentservice,kubernetes,0,0,0,0,0,0,0
2026-10-04T14:13:00Z,paymentservice,paymentservice,0,0,0,0,0,0,0
2026-10-04T14:13:00Z,paymentservice,productcatalogservice,0,0,0,0,0,0,0
2026-10-04T14:13:00Z,paymentservice,recommendationservice,0,0,0,0,0,0,0
2026-10-04T14:13:00Z,paymentservice,redis-cart,0,0,0,0,0,0,0
2026-10-04T14:13:00Z,paymentservice,shippingservice,0,0,0,0,0,0,0
2026-10-04T14:13:00Z,productcatalogservice,adservice,0,0,0,0,0,0,0
2026-10-04T14:13:00Z,productcatalogservice,cartservice,0,0,0,0,0,0,0
2026-10-04T14:13:00Z,productcatalogservice,checkoutservice,0,0,0,0,0,0,0
2026-10-04T14:13:00Z,productcatalogservice,currencyservice,0,0,0,0,0,0,0
2026-10-04T14:13:00Z,productcatalogservice,emailservice,0,0,0,0,0,0,0
2026-10-04T14:13:00Z,productcatalogservice,frontend,0,0,0,0,0,0,0
2026-10-04T14:13:00Z,productcatalogservice,kubernetes,0,0,0,0,0,0,0
2026-10-04T14:13:00Z,productcatalogservice,paymentservice,0,0,0,0,0,0,0
2026-10-04T14:13:00Z,productcatalogservice,productcatalogservice,0,0,0,0,0,0,0
2026-10-04T14:13:00Z,productcatalogservice,recommendationservice,0,0,0,0,0,0,0
2026-10-04T14:13:00Z,productcatalogservice,redis-cart,0,0,0,0,0,0,0
2026-10-04T14:13:00Z,productcatalogservice,shippingservice,0,0,0,0,0,0,0
2026-10-04T14:13:00Z,recommendationservice,adservice,0,0,0,0,0,0,0
2026-10-04T14:13:00Z,recommendationservice,cartservice,0,0,0,0,0,0,0
2026-10-04T14:13:00Z,recommendationservice,checkoutservice,0,0,0,0,0,0,0
2026-10-04T14:13:00Z,recommendationservice,currencyservice,0,0,0,0,0,0,0
2026-10-04T14:13:00Z,recommendationservice,emailservice,0,0,0,0,0,0,0
2026-10-04T14:13:00Z,recommendationservice,frontend,0,0,0,0,0,0,0
2026-10-04T14:13:00Z,recommendationservice,kubernetes,0,0,0,0,0,0,0
2026-10-04T14:13:00Z,recommendationservice,paymentservice,0,0,0,0,0,0,0
2026-10-04T14:13:00Z,recommendationservice,productcatalogservice,237698,237695,0,0,0,1531818,237693
2026-10-04T14:13:00Z,recommendationservice,recommendationservice,0,0,0,0,0,0,0
2026-10-04T14:13:00Z,recommendationservice,redis-cart,0,0,0,0,0,0,0
2026-10-04T14:13:00Z,recommendationservice,shippingservice,0,0,0,0,0,0,0
2026-10-04T14:13:00Z,redis-cart,adservice,0,0,0,0,0,0,0
2026-10-04T14:13:00Z,redis-cart,cartservice,0,0,0,0,0,0,0
2026-10-04T14:13:00Z,redis-cart,checkoutservice,0,0,0,0,0,0,0
2026-10-04T14:13:00Z,redis-cart,currencyservice,0,0,0,0,0,0,0
2026-10-04T14:13:00Z,redis-cart,emailservice,0,0,0,0,0,0,0
2026-10-04T14:13:00Z,redis-cart,frontend,0,0,0,0,0,0,0
2026-10-04T14:13:00Z,redis-cart,kubernetes,0,0,0,0,0,0,0
2026-10-04T14:13:00Z,redis-cart,paymentservice,0,0,0,0,0,0,0
2026-10-04T14:13:00Z,redis-cart,productcatalogservice,0,0,0,0,0,0,0
2026-10-04T14:13:00Z,redis-cart,recommendationservice,0,0,0,0,0,0,0
2026-10-04T14:13:00Z,redis-cart,redis-cart,0,0,0,0,0,0,0
2026-10-04T14:13:00Z,redis-cart,shippingservice,0,0,0,0,0,0,0
2026-10-04T14:13:00Z,shippingservice,adservice,0,0,0,0,0,0,0
2026-10-04T14:13:00Z,shippingservice,cartservice,0,0,0,0,0,0,0
2026-10-04T14:13:00Z,shippingservice,checkoutservice,0,0,0,0,0,0,0
2026-10-04T14:13:00Z,shippingservice,currencyservice,0,0,0,0,0,0,0
2026-10-04T14:13:00Z,shippingservice,emailservice,0,0,0,0,0,0,0
2026-10-04T14:13:00Z,shippingservice,frontend,0,0,0,0,0,0,0
2026-10-04T14:13:00Z,shippingservice,kubernetes,0,0,0,0,0,0,0
2026-10-04T14:13:00Z,shippingservice,paymentservice,0,0,0,0,0,0,0
2026-10-04T14:13:00Z,shippingservice,productcatalogservice,0,0,0,0,0,0,0
2026-10-04T14:13:00Z,shippingservice,recommendationservice,0,0,0,0,0,0,0
2026-10-04T14:13:00Z,shippingservice,redis-cart,0,0,0,0,0,0,0
2026-10-04T14:13:00Z,shippingservice,shippingservice,0,0,0,0,0,0,0
2026-10-04T14:13:01Z,adservice,adservice,0,0,0,0,0,0,0
2026-10-04T14:13:01Z,adservice,cartservice,0,0,0,0,0,0,0
2026-10-04T14:13:01Z,adservice,checkoutservice,0,0,0,0,0,0,0
2026-10-04T14:13:01Z,adservice,currencyservice,0,0,0,0,0,0,0
2026-10-04T14:13:01Z,adservice,emailservice,0,0,0,0,0,0,0
2026-10-04T14:13:01Z,adservice,frontend,0,0,0,0,0,0,0
2026-10-04T14:13:01Z,adservice,kubernetes,0,0,0,0,0,0,0
2026-10-04T14:13:01Z,adservice,paymentservice,0,0,0,0,0,0,0
2026-10-04T14:13:01Z,adservice,productcatalogservice,0,0,0,0,0,0,0
2026-10-04T14:13:01Z,adservice,recommendationservice,0,0,0,0,0,0,0
2026-10-04T14:13:01Z,adservice,redis-cart,0,0,0,0,0,0,0
2026-10-04T14:13:01Z,adservice,shippingservice,0,0,0,0,0,0,0
2026-10-04T14:13:01Z,cartservice,adservice,0,0,0,0,0,0,0
2026-10-04T14:13:01Z,cartservice,cartservice,0,0,0,0,0,0,0
2026-10-04T14:13:01Z,cartservice,checkoutservice,0,0,0,0,0,0,0
2026-10-04T14:13:01Z,cartservice,currencyservice,0,0,0,0,0,0,0
2026-10-04T14:13:01Z,cartservice,emailservice,0,0,0,0,0,0,0
2026-10-04T14:13:01Z,cartservice,frontend,0,0,0,0,0,0,0
2026-10-04T14:13:01Z,cartservice,kubernetes,0,0,0,0,0,0,0
2026-10-04T14:13:01Z,cartservice,paymentservice,0,0,0,0,0,0,0
2026-10-04T14:13:01Z,cartservice,productcatalogservice,0,0,0,0,0,0,0
2026-10-04T14:13:01Z,cartservice,recommendationservice,0,0,0,0,0,0,0
2026-10-04T14:13:01Z,cartservice,redis-cart,2,0,0,0,0,0,0
2026-10-04T14:13:01Z,cartservice,shippingservice,0,0,0,0,0,0,0
2026-10-04T14:13:01Z,checkoutservice,adservice,0,0,0,0,0,0,0
2026-10-04T14:13:01Z,checkoutservice,cartservice,79037,78102,0,100,0,783340,77563
2026-10-04T14:13:01Z,checkoutservice,checkoutservice,0,0,0,0,0,0,0
2026-10-04T14:13:01Z,checkoutservice,currencyservice,50916,50916,0,0,0,605454,50645
2026-10-04T14:13:01Z,checkoutservice,emailservice,22150,21853,0,66,0,693697,21588
2026-10-04T14:13:01Z,checkoutservice,frontend,0,0,0,0,0,0,0
2026-10-04T14:13:01Z,checkoutservice,kubernetes,0,0,0,0,0,0,0
2026-10-04T14:13:01Z,checkoutservice,paymentservice,44182,42334,0,192,0,480855,41915
2026-10-04T14:13:01Z,checkoutservice,productcatalogservice,0,0,0,0,0,0,0
2026-10-04T14:13:01Z,checkoutservice,recommendationservice,0,0,0,0,0,0,0
2026-10-04T14:13:01Z,checkoutservice,redis-cart,0,0,0,0,0,0,0
2026-10-04T14:13:01Z,checkoutservice,shippingservice,84348,82245,0,154,0,551421,81701
2026-10-04T14:13:01Z,currencyservice,adservice,0,0,0,0,0,0,0
2026-10-04T14:13:01Z,currencyservice,cartservice,0,0,0,0,0,0,0
2026-10-04T14:13:01Z,currencyservice,checkoutservice,0,0,0,0,0,0,0
2026-10-04T14:13:01Z,currencyservice,currencyservice,0,0,0,0,0,0,0
2026-10-04T14:13:01Z,currencyservice,emailservice,0,0,0,0,0,0,0
2026-10-04T14:13:01Z,currencyservice,frontend,0,0,0,0,0,0,0
2026-10-04T14:13:01Z,currencyservice,kubernetes,0,0,0,0,0,0,0
2026-10-04T14:13:01Z,currencyservice,paymentservice,0,0,0,0,0,0,0
2026-10-04T14:13:01Z,currencyservice,productcatalogservice,0,0,0,0,0,0,0
2026-10-04T14:13:01Z,currencyservice,recommendationservice,0,0,0,0,0,0,0
2026-10-04T14:13:01Z,currencyservice,redis-cart,0,0,0,0,0,0,0
2026-10-04T14:13:01Z,currencyservice,shippingservice,0,0,0,0,0,0,0
2026-10-04T14:13:01Z,emailservice,adservice,0,0,0,0,0,0,0
2026-10-04T14:13:01Z,emailservice,cartservice,0,0,0,0,0,0,0
2026-10-04T14:13:01Z,emailservice,checkoutservice,0,0,0,0,0,0,0
2026-10-04T14:13:01Z,emailservice,currencyservice,0,0,0,0,0,0,0
2026-10-04T14:13:01Z,emailservice,emailservice,0,0,0,0,0,0,0
2026-10-04T14:13:01Z,emailservice,frontend,0,0,0,0,0,0,0
2026-10-04T14:13:01Z,emailservice,kubernetes,0,0,0,0,0,0,0
2026-10-04T14:13:01Z,emailservice,paymentservice,0,0,0,0,0,0,0
2026-10-04T14:13:01Z,emailservice,productcatalogservice,0,0,0,0,0,0,0
2026-10-04T14:13:01Z,emailservice,recommendationservice,0,0,0,0,0,0,0
2026-10-04T14:13:01Z,emailservice,redis-cart,0,0,0,0,0,0,0
2026-10-04T14:13:01Z,emailservice,shippingservice,0,0,0,0,0,0,0
2026-10-04T14:13:01Z,frontend,adservice,873610,873606,0,0,0,2627507,873190
2026-10-04T14:13:01Z,frontend,cartservice,1962358,1962346,0,0,4,10787362,1961326
2026-10-04T14:13:01Z,frontend,checkoutservice,409903,199925,0,40061,169951,63865431,199765
2026-10-04T14:13:01Z,frontend,currencyservice,3118140,3118133,0,0,0,16273137,3116461
2026-10-04T14:13:01Z,frontend,emailservice,0,0,0,0,0,0,0
2026-10-04T14:13:01Z,frontend,frontend,0,0,0,0,0,0,0
2026-10-04T14:13:01Z,frontend,kubernetes,0,0,0,0,0,0,0
2026-10-04T14:13:01Z,frontend,paymentservice,0,0,0,0,0,0,0
2026-10-04T14:13:01Z,frontend,productcatalogservice,8698969,8698899,0,0,0,59231634,8694541
2026-10-04T14:13:01Z,frontend,recommendationservice,2884920,1732826,0,121542,1028017,883782311,1731893
2026-10-04T14:13:01Z,frontend,redis-cart,0,0,0,0,0,0,0
2026-10-04T14:13:01Z,frontend,shippingservice,320228,320226,0,0,0,964134,320091
2026-10-04T14:13:01Z,paymentservice,adservice,0,0,0,0,0,0,0
2026-10-04T14:13:01Z,paymentservice,cartservice,0,0,0,0,0,0,0
2026-10-04T14:13:01Z,paymentservice,checkoutservice,0,0,0,0,0,0,0
2026-10-04T14:13:01Z,paymentservice,currencyservice,0,0,0,0,0,0,0
2026-10-04T14:13:01Z,paymentservice,emailservice,0,0,0,0,0,0,0
2026-10-04T14:13:01Z,paymentservice,frontend,0,0,0,0,0,0,0
2026-10-04T14:13:01Z,paymentservice,kubernetes,0,0,0,0,0,0,0
2026-10-04T14:13:01Z,paymentservice,paymentservice,0,0,0,0,0,0,0
2026-10-04T14:13:01Z,paymentservice,productcatalogservice,0,0,0,0,0,0,0
2026-10-04T14:13:01Z,paymentservice,recommendationservice,0,0,0,0,0,0,0
2026-10-04T14:13:01Z,paymentservice,redis-cart,0,0,0,0,0,0,0
2026-10-04T14:13:01Z,paymentservice,shippingservice,0,0,0,0,0,0,0
2026-10-04T14:13:01Z,productcatalogservice,adservice,0,0,0,0,0,0,0
2026-10-04T14:13:01Z,productcatalogservice,cartservice,0,0,0,0,0,0,0
2026-10-04T14:13:01Z,productcatalogservice,checkoutservice,0,0,0,0,0,0,0
2026-10-04T14:13:01Z,productcatalogservice,currencyservice,0,0,0,0,0,0,0
2026-10-04T14:13:01Z,productcatalogservice,emailservice,0,0,0,0,0,0,0
2026-10-04T14:13:01Z,productcatalogservice,frontend,0,0,0,0,0,0,0
2026-10-04T14:13:01Z,productcatalogservice,kubernetes,0,0,0,0,0,0,0
2026-10-04T14:13:01Z,productcatalogservice,paymentservice,0,0,0,0,0,0,0
2026-10-04T14:13:01Z,productcatalogservice,productcatalogservice,0,0,0,0,0,0,0
2026-10-04T14:13:01Z,productcatalogservice,recommendationservice,0,0,0,0,0,0,0
2026-10-04T14:13:01Z,productcatalogservice,redis-cart,0,0,0,0,0,0,0
2026-10-04T14:13:01Z,productcatalogservice,shippingservice,0,0,0,0,0,0,0
2026-10-04T14:13:01Z,recommendationservice,adservice,0,0,0,0,0,0,0
2026-10-04T14:13:01Z,recommendationservice,cartservice,0,0,0,0,0,0,0
2026-10-04T14:13:01Z,recommendationservice,checkoutservice,0,0,0,0,0,0,0
2026-10-04T14:13:01Z,recommendationservice,currencyservice,0,0,0,0,0,0,0
2026-10-04T14:13:01Z,recommendationservice,emailservice,0,0,0,0,0,0,0
2026-10-04T14:13:01Z,recommendationservice,frontend,0,0,0,0,0,0,0
2026-10-04T14:13:01Z,recommendationservice,kubernetes,0,0,0,0,0,0,0
2026-10-04T14:13:01Z,recommendationservice,paymentservice,0,0,0,0,0,0,0
2026-10-04T14:13:01Z,recommendationservice,productcatalogservice,238109,238109,0,0,0,1531818,237693
2026-10-04T14:13:01Z,recommendationservice,recommendationservice,0,0,0,0,0,0,0
2026-10-04T14:13:01Z,recommendationservice,redis-cart,0,0,0,0,0,0,0
2026-10-04T14:13:01Z,recommendationservice,shippingservice,0,0,0,0,0,0,0
2026-10-04T14:13:01Z,redis-cart,adservice,0,0,0,0,0,0,0
2026-10-04T14:13:01Z,redis-cart,cartservice,0,0,0,0,0,0,0
2026-10-04T14:13:01Z,redis-cart,checkoutservice,0,0,0,0,0,0,0
2026-10-04T14:13:01Z,redis-cart,currencyservice,0,0,0,0,0,0,0
2026-10-04T14:13:01Z,redis-cart,emailservice,0,0,0,0,0,0,0
2026-10-04T14:13:01Z,redis-cart,frontend,0,0,0,0,0,0,0
2026-10-04T14:13:01Z,redis-cart,kubernetes,0,0,0,0,0,0,0
2026-10-04T14:13:01Z,redis-cart,paymentservice,0,0,0,0,0,0,0
2026-10-04T14:13:01Z,redis-cart,productcatalogservice,0,0,0,0,0,0,0
2026-10-04T14:13:01Z,redis-cart,recommendationservice,0,0,0,0,0,0,0
2026-10-04T14:13:01Z,redis-cart,redis-cart,0,0,0,0,0,0,0
2026-10-04T14:13:01Z,redis-cart,shippingservice,0,0,0,0,0,0,0
2026-10-04T14:13:01Z,shippingservice,adservice,0,0,0,0,0,0,0
2026-10-04T14:13:01Z,shippingservice,cartservice,0,0,0,0,0,0,0
2026-10-04T14:13:01Z,shippingservice,checkoutservice,0,0,0,0,0,0,0
2026-10-04T14:13:01Z,shippingservice,currencyservice,0,0,0,0,0,0,0
2026-10-04T14:13:01Z,shippingservice,emailservice,0,0,0,0,0,0,0
2026-10-04T14:13:01Z,shippingservice,frontend,0,0,0,0,0,0,0
2026-10-04T14:13:01Z,shippingservice,kubernetes,0,0,0,0,0,0,0
2026-10-04T14:13:01Z,shippingservice,paymentservice,0,0,0,0,0,0,0
2026-10-04T14:13:01Z,shippingservice,productcatalogservice,0,0,0,0,0,0,0
2026-10-04T14:13:01Z,shippingservice,recommendationservice,0,0,0,0,0,0,0
2026-10-04T14:13:01Z,shippingservice,redis-cart,0,0,0,0,0,0,0
2026-10-04T14:13:01Z,shippingservice,shippingservice,0,0,0,0,0,0,0
2026-10-04T14:13:02Z,adservice,adservice,0,0,0,0,0,0,0
2026-10-04T14:13:02Z,adservice,cartservice,0,0,0,0,0,0,0
2026-10-04T14:13:02Z,adservice,checkoutservice,0,0,0,0,0,0,0
2026-10-04T14:13:02Z,adservice,currencyservice,0,0,0,0,0,0,0
2026-10-04T14:13:02Z,adservice,emailservice,0,0,0,0,0,0,0
2026-10-04T14:13:02Z,adservice,frontend,0,0,0,0,0,0,0
2026-10-04T14:13:02Z,adservice,kubernetes,0,0,0,0,0,0,0
2026-10-04T14:13:02Z,adservice,paymentservice,0,0,0,0,0,0,0
2026-10-04T14:13:02Z,adservice,productcatalogservice,0,0,0,0,0,0,0
2026-10-04T14:13:02Z,adservice,recommendationservice,0,0,0,0,0,0,0
2026-10-04T14:13:02Z,adservice,redis-cart,0,0,0,0,0,0,0
2026-10-04T14:13:02Z,adservice,shippingservice,0,0,0,0,0,0,0
2026-10-04T14:13:02Z,cartservice,adservice,0,0,0,0,0,0,0
2026-10-04T14:13:02Z,cartservice,cartservice,0,0,0,0,0,0,0
2026-10-04T14:13:02Z,cartservice,checkoutservice,0,0,0,0,0,0,0
2026-10-04T14:13:02Z,cartservice,currencyservice,0,0,0,0,0,0,0
2026-10-04T14:13:02Z,cartservice,emailservice,0,0,0,0,0,0,0
2026-10-04T14:13:02Z,cartservice,frontend,0,0,0,0,0,0,0
2026-10-04T14:13:02Z,cartservice,kubernetes,0,0,0,0,0,0,0
2026-10-04T14:13:02Z,cartservice,paymentservice,0,0,0,0,0,0,0
2026-10-04T14:13:02Z,cartservice,productcatalogservice,0,0,0,0,0,0,0
2026-10-04T14:13:02Z,cartservice,recommendationservice,0,0,0,0,0,0,0
2026-10-04T14:13:02Z,cartservice,redis-cart,2,0,0,0,0,0,0
2026-10-04T14:13:02Z,cartservice,shippingservice,0,0,0,0,0,0,0
2026-10-04T14:13:02Z,checkoutservice,adservice,0,0,0,0,0,0,0
2026-10-04T14:13:02Z,checkoutservice,cartservice,79131,78200,0,100,0,786149,78188
2026-10-04T14:13:02Z,checkoutservice,checkoutservice,0,0,0,0,0,0,0
2026-10-04T14:13:02Z,checkoutservice,currencyservice,50965,50962,0,0,0,606700,50959
2026-10-04T14:13:02Z,checkoutservice,emailservice,22195,21902,0,66,0,704679,21897
2026-10-04T14:13:02Z,checkoutservice,frontend,0,0,0,0,0,0,0
2026-10-04T14:13:02Z,checkoutservice,kubernetes,0,0,0,0,0,0,0
2026-10-04T14:13:02Z,checkoutservice,paymentservice,44228,42378,0,192,0,481905,42227
2026-10-04T14:13:02Z,checkoutservice,productcatalogservice,0,0,0,0,0,0,0
2026-10-04T14:13:02Z,checkoutservice,recommendationservice,0,0,0,0,0,0,0
2026-10-04T14:13:02Z,checkoutservice,redis-cart,0,0,0,0,0,0,0
2026-10-04T14:13:02Z,checkoutservice,shippingservice,84442,82339,0,154,0,552716,82325
2026-10-04T14:13:02Z,currencyservice,adservice,0,0,0,0,0,0,0
2026-10-04T14:13:02Z,currencyservice,cartservice,0,0,0,0,0,0,0
2026-10-04T14:13:02Z,currencyservice,checkoutservice,0,0,0,0,0,0,0
2026-10-04T14:13:02Z,currencyservice,currencyservice,0,0,0,0,0,0,0
2026-10-04T14:13:02Z,currencyservice,emailservice,0,0,0,0,0,0,0
2026-10-04T14:13:02Z,currencyservice,frontend,0,0,0,0,0,0,0
2026-10-04T14:13:02Z,currencyservice,kubernetes,0,0,0,0,0,0,0
2026-10-04T14:13:02Z,currencyservice,paymentservice,0,0,0,0,0,0,0
2026-10-04T14:13:02Z,currencyservice,productcatalogservice,0,0,0,0,0,0,0
2026-10-04T14:13:02Z,currencyservice,recommendationservice,0,0,0,0,0,0,0
2026-10-04T14:13:02Z,currencyservice,redis-cart,0,0,0,0,0,0,0
2026-10-04T14:13:02Z,currencyservice,shippingservice,0,0,0,0,0,0,0
2026-10-04T14:13:02Z,emailservice,adservice,0,0,0,0,0,0,0
2026-10-04T14:13:02Z,emailservice,cartservice,0,0,0,0,0,0,0
2026-10-04T14:13:02Z,emailservice,checkoutservice,0,0,0,0,0,0,0
2026-10-04T14:13:02Z,emailservice,currencyservice,0,0,0,0,0,0,0
2026-10-04T14:13:02Z,emailservice,emailservice,0,0,0,0,0,0,0
2026-10-04T14:13:02Z,emailservice,frontend,0,0,0,0,0,0,0
2026-10-04T14:13:02Z,emailservice,kubernetes,0,0,0,0,0,0,0
2026-10-04T14:13:02Z,emailservice,paymentservice,0,0,0,0,0,0,0
2026-10-04T14:13:02Z,emailservice,productcatalogservice,0,0,0,0,0,0,0
2026-10-04T14:13:02Z,emailservice,recommendationservice,0,0,0,0,0,0,0
2026-10-04T14:13:02Z,emailservice,redis-cart,0,0,0,0,0,0,0
2026-10-04T14:13:02Z,emailservice,shippingservice,0,0,0,0,0,0,0
2026-10-04T14:13:02Z,frontend,adservice,873751,873748,0,0,0,2627507,873190
2026-10-04T14:13:02Z,frontend,cartservice,1962765,1962746,0,0,4,10787362,1961326
2026-10-04T14:13:02Z,frontend,checkoutservice,409957,199979,0,40061,169951,63865431,199765
2026-10-04T14:13:02Z,frontend,currencyservice,3118770,3118761,0,0,0,16273137,3116461
2026-10-04T14:13:02Z,frontend,emailservice,0,0,0,0,0,0,0
2026-10-04T14:13:02Z,frontend,frontend,0,0,0,0,0,0,0
2026-10-04T14:13:02Z,frontend,kubernetes,0,0,0,0,0,0,0
2026-10-04T14:13:02Z,frontend,paymentservice,0,0,0,0,0,0,0
2026-10-04T14:13:02Z,frontend,productcatalogservice,8700545,8700460,0,0,0,59231634,8694541
2026-10-04T14:13:02Z,frontend,recommendationservice,2885685,1733195,0,121566,1028375,883782311,1731893
2026-10-04T14:13:02Z,frontend,redis-cart,0,0,0,0,0,0,0
2026-10-04T14:13:02Z,frontend,shippingservice,320278,320274,0,0,0,964134,320091
2026-10-04T14:13:02Z,paymentservice,adservice,0,0,0,0,0,0,0
2026-10-04T14:13:02Z,paymentservice,cartservice,0,0,0,0,0,0,0
2026-10-04T14:13:02Z,paymentservice,checkoutservice,0,0,0,0,0,0,0
2026-10-04T14:13:02Z,paymentservice,currencyservice,0,0,0,0,0,0,0
2026-10-04T14:13:02Z,paymentservice,emailservice,0,0,0,0,0,0,0
2026-10-04T14:13:02Z,paymentservice,frontend,0,0,0,0,0,0,0
2026-10-04T14:13:02Z,paymentservice,kubernetes,0,0,0,0,0,0,0
2026-10-04T14:13:02Z,paymentservice,paymentservice,0,0,0,0,0,0,0
2026-10-04T14:13:02Z,paymentservice,productcatalogservice,0,0,0,0,0,0,0
2026-10-04T14:13:02Z,paymentservice,recommendationservice,0,0,0,0,0,0,0
2026-10-04T14:13:02Z,paymentservice,redis-cart,0,0,0,0,0,0,0
2026-10-04T14:13:02Z,paymentservice,shippingservice,0,0,0,0,0,0,0
2026-10-04T14:13:02Z,productcatalogservice,adservice,0,0,0,0,0,0,0
2026-10-04T14:13:02Z,productcatalogservice,cartservice,0,0,0,0,0,0,0
2026-10-04T14:13:02Z,productcatalogservice,checkoutservice,0,0,0,0,0,0,0
2026-10-04T14:13:02Z,productcatalogservice,currencyservice,0,0,0,0,0,0,0
2026-10-04T14:13:02Z,productcatalogservice,emailservice,0,0,0,0,0,0,0
2026-10-04T14:13:02Z,productcatalogservice,frontend,0,0,0,0,0,0,0
2026-10-04T14:13:02Z,productcatalogservice,kubernetes,0,0,0,0,0,0,0
2026-10-04T14:13:02Z,productcatalogservice,paymentservice,0,0,0,0,0,0,0
2026-10-04T14:13:02Z,productcatalogservice,productcatalogservice,0,0,0,0,0,0,0
2026-10-04T14:13:02Z,productcatalogservice,recommendationservice,0,0,0,0,0,0,0
2026-10-04T14:13:02Z,productcatalogservice,redis-cart,0,0,0,0,0,0,0
2026-10-04T14:13:02Z,productcatalogservice,shippingservice,0,0,0,0,0,0,0
2026-10-04T14:13:02Z,recommendationservice,adservice,0,0,0,0,0,0,0
2026-10-04T14:13:02Z,recommendationservice,cartservice,0,0,0,0,0,0,0
2026-10-04T14:13:02Z,recommendationservice,checkoutservice,0,0,0,0,0,0,0
2026-10-04T14:13:02Z,recommendationservice,currencyservice,0,0,0,0,0,0,0
2026-10-04T14:13:02Z,recommendationservice,emailservice,0,0,0,0,0,0,0
2026-10-04T14:13:02Z,recommendationservice,frontend,0,0,0,0,0,0,0
2026-10-04T14:13:02Z,recommendationservice,kubernetes,0,0,0,0,0,0,0
2026-10-04T14:13:02Z,recommendationservice,paymentservice,0,0,0,0,0,0,0
2026-10-04T14:13:02Z,recommendationservice,productcatalogservice,238562,238562,0,0,0,1531818,237693
2026-10-04T14:13:02Z,recommendationservice,recommendationservice,0,0,0,0,0,0,0
2026-10-04T14:13:02Z,recommendationservice,redis-cart,0,0,0,0,0,0,0
2026-10-04T14:13:02Z,recommendationservice,shippingservice,0,0,0,0,0,0,0
2026-10-04T14:13:02Z,redis-cart,adservice,0,0,0,0,0,0,0
2026-10-04T14:13:02Z,redis-cart,cartservice,0,0,0,0,0,0,0
2026-10-04T14:13:02Z,redis-cart,checkoutservice,0,0,0,0,0,0,0
2026-10-04T14:13:02Z,redis-cart,currencyservice,0,0,0,0,0,0,0
2026-10-04T14:13:02Z,redis-cart,emailservice,0,0,0,0,0,0,0
2026-10-04T14:13:02Z,redis-cart,frontend,0,0,0,0,0,0,0
2026-10-04T14:13:02Z,redis-cart,kubernetes,0,0,0,0,0,0,0
2026-10-04T14:13:02Z,redis-cart,paymentservice,0,0,0,0,0,0,0
2026-10-04T14:13:02Z,redis-cart,productcatalogservice,0,0,0,0,0,0,0
2026-10-04T14:13:02Z,redis-cart,recommendationservice,0,0,0,0,0,0,0
2026-10-04T14:13:02Z,redis-cart,redis-cart,0,0,0,0,0,0,0
2026-10-04T14:13:02Z,redis-cart,shippingservice,0,0,0,0,0,0,0
2026-10-04T14:13:02Z,shippingservice,adservice,0,0,0,0,0,0,0
2026-10-04T14:13:02Z,shippingservice,cartservice,0,0,0,0,0,0,0
2026-10-04T14:13:02Z,shippingservice,checkoutservice,0,0,0,0,0,0,0
2026-10-04T14:13:02Z,shippingservice,currencyservice,0,0,0,0,0,0,0
2026-10-04T14:13:02Z,shippingservice,emailservice,0,0,0,0,0,0,0
2026-10-04T14:13:02Z,shippingservice,frontend,0,0,0,0,0,0,0
2026-10-04T14:13:02Z,shippingservice,kubernetes,0,0,0,0,0,0,0
2026-10-04T14:13:02Z,shippingservice,paymentservice,0,0,0,0,0,0,0
2026-10-04T14:13:02Z,shippingservice,productcatalogservice,0,0,0,0,0,0,0
2026-10-04T14:13:02Z,shippingservice,recommendationservice,0,0,0,0,0,0,0
2026-10-04T14:13:02Z,shippingservice,redis-cart,0,0,0,0,0,0,0
2026-10-04T14:13:02Z,shippingservice,shippingservice,0,0,0,0,0,0,0
2026-10-04T14:13:03Z,adservice,adservice,0,0,0,0,0,0,0
2026-10-04T14:13:03Z,adservice,cartservice,0,0,0,0,0,0,0
2026-10-04T14:13:03Z,adservice,checkoutservice,0,0,0,0,0,0,0
2026-10-04T14:13:03Z,adservice,currencyservice,0,0,0,0,0,0,0
2026-10-04T14:13:03Z,adservice,emailservice,0,0,0,0,0,0,0
2026-10-04T14:13:03Z,adservice,frontend,0,0,0,0,0,0,0
2026-10-04T14:13:03Z,adservice,kubernetes,0,0,0,0,0,0,0
2026-10-04T14:13:03Z,adservice,paymentservice,0,0,0,0,0,0,0
2026-10-04T14:13:03Z,adservice,productcatalogservice,0,0,0,0,0,0,0
2026-10-04T14:13:03Z,adservice,recommendationservice,0,0,0,0,0,0,0
2026-10-04T14:13:03Z,adservice,redis-cart,0,0,0,0,0,0,0
2026-10-04T14:13:03Z,adservice,shippingservice,0,0,0,0,0,0,0
2026-10-04T14:13:03Z,cartservice,adservice,0,0,0,0,0,0,0
2026-10-04T14:13:03Z,cartservice,cartservice,0,0,0,0,0,0,0
2026-10-04T14:13:03Z,cartservice,checkoutservice,0,0,0,0,0,0,0
2026-10-04T14:13:03Z,cartservice,currencyservice,0,0,0,0,0,0,0
2026-10-04T14:13:03Z,cartservice,emailservice,0,0,0,0,0,0,0
2026-10-04T14:13:03Z,cartservice,frontend,0,0,0,0,0,0,0
2026-10-04T14:13:03Z,cartservice,kubernetes,0,0,0,0,0,0,0
2026-10-04T14:13:03Z,cartservice,paymentservice,0,0,0,0,0,0,0
2026-10-04T14:13:03Z,cartservice,productcatalogservice,0,0,0,0,0,0,0
2026-10-04T14:13:03Z,cartservice,recommendationservice,0,0,0,0,0,0,0
2026-10-04T14:13:03Z,cartservice,redis-cart,2,0,0,0,0,0,0
2026-10-04T14:13:03Z,cartservice,shippingservice,0,0,0,0,0,0,0
2026-10-04T14:13:03Z,checkoutservice,adservice,0,0,0,0,0,0,0
2026-10-04T14:13:03Z,checkoutservice,cartservice,79218,78286,0,100,0,786149,78188
2026-10-04T14:13:03Z,checkoutservice,checkoutservice,0,0,0,0,0,0,0
2026-10-04T14:13:03Z,checkoutservice,currencyservice,51006,51005,0,0,0,606700,50959
2026-10-04T14:13:03Z,checkoutservice,emailservice,22242,21949,0,66,0,704679,21897
2026-10-04T14:13:03Z,checkoutservice,frontend,0,0,0,0,0,0,0
2026-10-04T14:13:03Z,checkoutservice,kubernetes,0,0,0,0,0,0,0
2026-10-04T14:13:03Z,checkoutservice,paymentservice,44271,42423,0,192,0,481905,42227
2026-10-04T14:13:03Z,checkoutservice,productcatalogservice,0,0,0,0,0,0,0
2026-10-04T14:13:03Z,checkoutservice,recommendationservice,0,0,0,0,0,0,0
2026-10-04T14:13:03Z,checkoutservice,redis-cart,0,0,0,0,0,0,0
2026-10-04T14:13:03Z,checkoutservice,shippingservice,84529,82425,0,154,0,552716,82325
2026-10-04T14:13:03Z,currencyservice,adservice,0,0,0,0,0,0,0
2026-10-04T14:13:03Z,currencyservice,cartservice,0,0,0,0,0,0,0
2026-10-04T14:13:03Z,currencyservice,checkoutservice,0,0,0,0,0,0,0
2026-10-04T14:13:03Z,currencyservice,currencyservice,0,0,0,0,0,0,0
2026-10-04T14:13:03Z,currencyservice,emailservice,0,0,0,0,0,0,0
2026-10-04T14:13:03Z,currencyservice,frontend,0,0,0,0,0,0,0
2026-10-04T14:13:03Z,currencyservice,kubernetes,0,0,0,0,0,0,0
2026-10-04T14:13:03Z,currencyservice,paymentservice,0,0,0,0,0,0,0
2026-10-04T14:13:03Z,currencyservice,productcatalogservice,0,0,0,0,0,0,0
2026-10-04T14:13:03Z,currencyservice,recommendationservice,0,0,0,0,0,0,0
2026-10-04T14:13:03Z,currencyservice,redis-cart,0,0,0,0,0,0,0
2026-10-04T14:13:03Z,currencyservice,shippingservice,0,0,0,0,0,0,0
2026-10-04T14:13:03Z,emailservice,adservice,0,0,0,0,0,0,0
2026-10-04T14:13:03Z,emailservice,cartservice,0,0,0,0,0,0,0
2026-10-04T14:13:03Z,emailservice,checkoutservice,0,0,0,0,0,0,0
2026-10-04T14:13:03Z,emailservice,currencyservice,0,0,0,0,0,0,0
2026-10-04T14:13:03Z,emailservice,emailservice,0,0,0,0,0,0,0
2026-10-04T14:13:03Z,emailservice,frontend,0,0,0,0,0,0,0
2026-10-04T14:13:03Z,emailservice,kubernetes,0,0,0,0,0,0,0
2026-10-04T14:13:03Z,emailservice,paymentservice,0,0,0,0,0,0,0
2026-10-04T14:13:03Z,emailservice,productcatalogservice,0,0,0,0,0,0,0
2026-10-04T14:13:03Z,emailservice,recommendationservice,0,0,0,0,0,0,0
2026-10-04T14:13:03Z,emailservice,redis-cart,0,0,0,0,0,0,0
2026-10-04T14:13:03Z,emailservice,shippingservice,0,0,0,0,0,0,0
2026-10-04T14:13:03Z,frontend,adservice,873858,873856,0,0,0,2627976,873349
2026-10-04T14:13:03Z,frontend,cartservice,1963139,1963126,0,0,4,10789285,1961760
2026-10-04T14:13:03Z,frontend,checkoutservice,410004,200028,0,40061,169951,63872332,199824
2026-10-04T14:13:03Z,frontend,currencyservice,3119348,3119341,0,0,0,16276448,3117176
2026-10-04T14:13:03Z,frontend,emailservice,0,0,0,0,0,0,0
2026-10-04T14:13:03Z,frontend,frontend,0,0,0,0,0,0,0
2026-10-04T14:13:03Z,frontend,kubernetes,0,0,0,0,0,0,0
2026-10-04T14:13:03Z,frontend,paymentservice,0,0,0,0,0,0,0
2026-10-04T14:13:03Z,frontend,productcatalogservice,8701756,8701690,0,0,0,59243902,8696221
2026-10-04T14:13:03Z,frontend,recommendationservice,2886496,1733494,0,121617,1028819,884147431,1732311
2026-10-04T14:13:03Z,frontend,redis-cart,0,0,0,0,0,0,0
2026-10-04T14:13:03Z,frontend,shippingservice,320317,320315,0,0,0,964263,320140
2026-10-04T14:13:03Z,paymentservice,adservice,0,0,0,0,0,0,0
2026-10-04T14:13:03Z,paymentservice,cartservice,0,0,0,0,0,0,0
2026-10-04T14:13:03Z,paymentservice,checkoutservice,0,0,0,0,0,0,0
2026-10-04T14:13:03Z,paymentservice,currencyservice,0,0,0,0,0,0,0
2026-10-04T14:13:03Z,paymentservice,emailservice,0,0,0,0,0,0,0
2026-10-04T14:13:03Z,paymentservice,frontend,0,0,0,0,0,0,0
2026-10-04T14:13:03Z,paymentservice,kubernetes,0,0,0,0,0,0,0
2026-10-04T14:13:03Z,paymentservice,paymentservice,0,0,0,0,0,0,0
2026-10-04T14:13:03Z,paymentservice,productcatalogservice,0,0,0,0,0,0,0
2026-10-04T14:13:03Z,paymentservice,recommendationservice,0,0,0,0,0,0,0
2026-10-04T14:13:03Z,paymentservice,redis-cart,0,0,0,0,0,0,0
2026-10-04T14:13:03Z,paymentservice,shippingservice,0,0,0,0,0,0,0
2026-10-04T14:13:03Z,productcatalogservice,adservice,0,0,0,0,0,0,0
2026-10-04T14:13:03Z,productcatalogservice,cartservice,0,0,0,0,0,0,0
2026-10-04T14:13:03Z,productcatalogservice,checkoutservice,0,0,0,0,0,0,0
2026-10-04T14:13:03Z,productcatalogservice,currencyservice,0,0,0,0,0,0,0
2026-10-04T14:13:03Z,productcatalogservice,emailservice,0,0,0,0,0,0,0
2026-10-04T14:13:03Z,productcatalogservice,frontend,0,0,0,0,0,0,0
2026-10-04T14:13:03Z,productcatalogservice,kubernetes,0,0,0,0,0,0,0
2026-10-04T14:13:03Z,productcatalogservice,paymentservice,0,0,0,0,0,0,0
2026-10-04T14:13:03Z,productcatalogservice,productcatalogservice,0,0,0,0,0,0,0
2026-10-04T14:13:03Z,productcatalogservice,recommendationservice,0,0,0,0,0,0,0
2026-10-04T14:13:03Z,productcatalogservice,redis-cart,0,0,0,0,0,0,0
2026-10-04T14:13:03Z,productcatalogservice,shippingservice,0,0,0,0,0,0,0
2026-10-04T14:13:03Z,recommendationservice,adservice,0,0,0,0,0,0,0
2026-10-04T14:13:03Z,recommendationservice,cartservice,0,0,0,0,0,0,0
2026-10-04T14:13:03Z,recommendationservice,checkoutservice,0,0,0,0,0,0,0
2026-10-04T14:13:03Z,recommendationservice,currencyservice,0,0,0,0,0,0,0
2026-10-04T14:13:03Z,recommendationservice,emailservice,0,0,0,0,0,0,0
2026-10-04T14:13:03Z,recommendationservice,frontend,0,0,0,0,0,0,0
2026-10-04T14:13:03Z,recommendationservice,kubernetes,0,0,0,0,0,0,0
2026-10-04T14:13:03Z,recommendationservice,paymentservice,0,0,0,0,0,0,0
2026-10-04T14:13:03Z,recommendationservice,productcatalogservice,239035,239031,0,0,0,1531818,237693
2026-10-04T14:13:03Z,recommendationservice,recommendationservice,0,0,0,0,0,0,0
2026-10-04T14:13:03Z,recommendationservice,redis-cart,0,0,0,0,0,0,0
2026-10-04T14:13:03Z,recommendationservice,shippingservice,0,0,0,0,0,0,0
2026-10-04T14:13:03Z,redis-cart,adservice,0,0,0,0,0,0,0
2026-10-04T14:13:03Z,redis-cart,cartservice,0,0,0,0,0,0,0
2026-10-04T14:13:03Z,redis-cart,checkoutservice,0,0,0,0,0,0,0
2026-10-04T14:13:03Z,redis-cart,currencyservice,0,0,0,0,0,0,0
2026-10-04T14:13:03Z,redis-cart,emailservice,0,0,0,0,0,0,0
2026-10-04T14:13:03Z,redis-cart,frontend,0,0,0,0,0,0,0
2026-10-04T14:13:03Z,redis-cart,kubernetes,0,0,0,0,0,0,0
2026-10-04T14:13:03Z,redis-cart,paymentservice,0,0,0,0,0,0,0
2026-10-04T14:13:03Z,redis-cart,productcatalogservice,0,0,0,0,0,0,0
2026-10-04T14:13:03Z,redis-cart,recommendationservice,0,0,0,0,0,0,0
2026-10-04T14:13:03Z,redis-cart,redis-cart,0,0,0,0,0,0,0
2026-10-04T14:13:03Z,redis-cart,shippingservice,0,0,0,0,0,0,0
2026-10-04T14:13:03Z,shippingservice,adservice,0,0,0,0,0,0,0
2026-10-04T14:13:03Z,shippingservice,cartservice,0,0,0,0,0,0,0
2026-10-04T14:13:03Z,shippingservice,checkoutservice,0,0,0,0,0,0,0
2026-10-04T14:13:03Z,shippingservice,currencyservice,0,0,0,0,0,0,0
2026-10-04T14:13:03Z,shippingservice,emailservice,0,0,0,0,0,0,0
2026-10-04T14:13:03Z,shippingservice,frontend,0,0,0,0,0,0,0
2026-10-04T14:13:03Z,shippingservice,kubernetes,0,0,0,0,0,0,0
2026-10-04T14:13:03Z,shippingservice,paymentservice,0,0,0,0,0,0,0
2026-10-04T14:13:03Z,shippingservice,productcatalogservice,0,0,0,0,0,0,0
2026-10-04T14:13:03Z,shippingservice,recommendationservice,0,0,0,0,0,0,0
2026-10-04T14:13:03Z,shippingservice,redis-cart,0,0,0,0,0,0,0
2026-10-04T14:13:03Z,shippingservice,shippingservice,0,0,0,0,0,0,0
2026-10-04T14:13:04Z,adservice,adservice,0,0,0,0,0,0,0
2026-10-04T14:13:04Z,adservice,cartservice,0,0,0,0,0,0,0
2026-10-04T14:13:04Z,adservice,checkoutservice,0,0,0,0,0,0,0
2026-10-04T14:13:04Z,adservice,currencyservice,0,0,0,0,0,0,0
2026-10-04T14:13:04Z,adservice,emailservice,0,0,0,0,0,0,0
2026-10-04T14:13:04Z,adservice,frontend,0,0,0,0,0,0,0
2026-10-04T14:13:04Z,adservice,kubernetes,0,0,0,0,0,0,0
2026-10-04T14:13:04Z,adservice,paymentservice,0,0,0,0,0,0,0
2026-10-04T14:13:04Z,adservice,productcatalogservice,0,0,0,0,0,0,0
2026-10-04T14:13:04Z,adservice,recommendationservice,0,0,0,0,0,0,0
2026-10-04T14:13:04Z,adservice,redis-cart,0,0,0,0,0,0,0
2026-10-04T14:13:04Z,adservice,shippingservice,0,0,0,0,0,0,0
2026-10-04T14:13:04Z,cartservice,adservice,0,0,0,0,0,0,0
2026-10-04T14:13:04Z,cartservice,cartservice,0,0,0,0,0,0,0
2026-10-04T14:13:04Z,cartservice,checkoutservice,0,0,0,0,0,0,0
2026-10-04T14:13:04Z,cartservice,currencyservice,0,0,0,0,0,0,0
2026-10-04T14:13:04Z,cartservice,emailservice,0,0,0,0,0,0,0
2026-10-04T14:13:04Z,cartservice,frontend,0,0,0,0,0,0,0
2026-10-04T14:13:04Z,cartservice,kubernetes,0,0,0,0,0,0,0
2026-10-04T14:13:04Z,cartservice,paymentservice,0,0,0,0,0,0,0
2026-10-04T14:13:04Z,cartservice,productcatalogservice,0,0,0,0,0,0,0
2026-10-04T14:13:04Z,cartservice,recommendationservice,0,0,0,0,0,0,0
2026-10-04T14:13:04Z,cartservice,redis-cart,2,0,0,0,0,0,0
2026-10-04T14:13:04Z,cartservice,shippingservice,0,0,0,0,0,0,0
2026-10-04T14:13:04Z,checkoutservice,adservice,0,0,0,0,0,0,0
2026-10-04T14:13:04Z,checkoutservice,cartservice,79313,78382,0,100,0,786149,78188
2026-10-04T14:13:04Z,checkoutservice,checkoutservice,0,0,0,0,0,0,0
2026-10-04T14:13:04Z,checkoutservice,currencyservice,51054,51054,0,0,0,606700,50959
2026-10-04T14:13:04Z,checkoutservice,emailservice,22292,21999,0,66,0,704679,21897
2026-10-04T14:13:04Z,checkoutservice,frontend,0,0,0,0,0,0,0
2026-10-04T14:13:04Z,checkoutservice,kubernetes,0,0,0,0,0,0,0
2026-10-04T14:13:04Z,checkoutservice,paymentservice,44320,42472,0,192,0,481905,42227
2026-10-04T14:13:04Z,checkoutservice,productcatalogservice,0,0,0,0,0,0,0
2026-10-04T14:13:04Z,checkoutservice,recommendationservice,0,0,0,0,0,0,0
2026-10-04T14:13:04Z,checkoutservice,redis-cart,0,0,0,0,0,0,0
2026-10-04T14:13:04Z,checkoutservice,shippingservice,84624,82521,0,154,0,552716,82325
2026-10-04T14:13:04Z,currencyservice,adservice,0,0,0,0,0,0,0
2026-10-04T14:13:04Z,currencyservice,cartservice,0,0,0,0,0,0,0
2026-10-04T14:13:04Z,currencyservice,checkoutservice,0,0,0,0,0,0,0
2026-10-04T14:13:04Z,currencyservice,currencyservice,0,0,0,0,0,0,0
2026-10-04T14:13:04Z,currencyservice,emailservice,0,0,0,0,0,0,0
2026-10-04T14:13:04Z,currencyservice,frontend,0,0,0,0,0,0,0
2026-10-04T14:13:04Z,currencyservice,kubernetes,0,0,0,0,0,0,0
2026-10-04T14:13:04Z,currencyservice,paymentservice,0,0,0,0,0,0,0
2026-10-04T14:13:04Z,currencyservice,productcatalogservice,0,0,0,0,0,0,0
2026-10-04T14:13:04Z,currencyservice,recommendationservice,0,0,0,0,0,0,0
2026-10-04T14:13:04Z,currencyservice,redis-cart,0,0,0,0,0,0,0
2026-10-04T14:13:04Z,currencyservice,shippingservice,0,0,0,0,0,0,0
2026-10-04T14:13:04Z,emailservice,adservice,0,0,0,0,0,0,0
2026-10-04T14:13:04Z,emailservice,cartservice,0,0,0,0,0,0,0
2026-10-04T14:13:04Z,emailservice,checkoutservice,0,0,0,0,0,0,0
2026-10-04T14:13:04Z,emailservice,currencyservice,0,0,0,0,0,0,0
2026-10-04T14:13:04Z,emailservice,emailservice,0,0,0,0,0,0,0
2026-10-04T14:13:04Z,emailservice,frontend,0,0,0,0,0,0,0
2026-10-04T14:13:04Z,emailservice,kubernetes,0,0,0,0,0,0,0
2026-10-04T14:13:04Z,emailservice,paymentservice,0,0,0,0,0,0,0
2026-10-04T14:13:04Z,emailservice,productcatalogservice,0,0,0,0,0,0,0
2026-10-04T14:13:04Z,emailservice,recommendationservice,0,0,0,0,0,0,0
2026-10-04T14:13:04Z,emailservice,redis-cart,0,0,0,0,0,0,0
2026-10-04T14:13:04Z,emailservice,shippingservice,0,0,0,0,0,0,0
2026-10-04T14:13:04Z,frontend,adservice,873990,873988,0,0,0,2629164,873756
2026-10-04T14:13:04Z,frontend,cartservice,1963519,1963507,0,0,4,10793933,1962852
2026-10-04T14:13:04Z,frontend,checkoutservice,410059,200080,0,40061,169951,63891010,199991
2026-10-04T14:13:04Z,frontend,currencyservice,3119950,3119943,0,0,0,16282807,3118880
2026-10-04T14:13:04Z,frontend,emailservice,0,0,0,0,0,0,0
2026-10-04T14:13:04Z,frontend,frontend,0,0,0,0,0,0,0
2026-10-04T14:13:04Z,frontend,kubernetes,0,0,0,0,0,0,0
2026-10-04T14:13:04Z,frontend,paymentservice,0,0,0,0,0,0,0
2026-10-04T14:13:04Z,frontend,productcatalogservice,8703233,8703165,0,0,0,59267286,8700569
2026-10-04T14:13:04Z,frontend,recommendationservice,2887224,1733852,0,121665,1029170,884884206,1733258
2026-10-04T14:13:04Z,frontend,redis-cart,0,0,0,0,0,0,0
2026-10-04T14:13:04Z,frontend,shippingservice,320367,320365,0,0,0,964620,320263
2026-10-04T14:13:04Z,paymentservice,adservice,0,0,0,0,0,0,0
2026-10-04T14:13:04Z,paymentservice,cartservice,0,0,0,0,0,0,0
2026-10-04T14:13:04Z,paymentservice,checkoutservice,0,0,0,0,0,0,0
2026-10-04T14:13:04Z,paymentservice,currencyservice,0,0,0,0,0,0,0
2026-10-04T14:13:04Z,paymentservice,emailservice,0,0,0,0,0,0,0
2026-10-04T14:13:04Z,paymentservice,frontend,0,0,0,0,0,0,0
2026-10-04T14:13:04Z,paymentservice,kubernetes,0,0,0,0,0,0,0
2026-10-04T14:13:04Z,paymentservice,paymentservice,0,0,0,0,0,0,0
2026-10-04T14:13:04Z,paymentservice,productcatalogservice,0,0,0,0,0,0,0
2026-10-04T14:13:04Z,paymentservice,recommendationservice,0,0,0,0,0,0,0
2026-10-04T14:13:04Z,paymentservice,redis-cart,0,0,0,0,0,0,0
2026-10-04T14:13:04Z,paymentservice,shippingservice,0,0,0,0,0,0,0
2026-10-04T14:13:04Z,productcatalogservice,adservice,0,0,0,0,0,0,0
2026-10-04T14:13:04Z,productcatalogservice,cartservice,0,0,0,0,0,0,0
2026-10-04T14:13:04Z,productcatalogservice,checkoutservice,0,0,0,0,0,0,0
2026-10-04T14:13:04Z,productcatalogservice,currencyservice,0,0,0,0,0,0,0
2026-10-04T14:13:04Z,productcatalogservice,emailservice,0,0,0,0,0,0,0
2026-10-04T14:13:04Z,productcatalogservice,frontend,0,0,0,0,0,0,0
2026-10-04T14:13:04Z,productcatalogservice,kubernetes,0,0,0,0,0,0,0
2026-10-04T14:13:04Z,productcatalogservice,paymentservice,0,0,0,0,0,0,0
2026-10-04T14:13:04Z,productcatalogservice,productcatalogservice,0,0,0,0,0,0,0
2026-10-04T14:13:04Z,productcatalogservice,recommendationservice,0,0,0,0,0,0,0
2026-10-04T14:13:04Z,productcatalogservice,redis-cart,0,0,0,0,0,0,0
2026-10-04T14:13:04Z,productcatalogservice,shippingservice,0,0,0,0,0,0,0
2026-10-04T14:13:04Z,recommendationservice,adservice,0,0,0,0,0,0,0
2026-10-04T14:13:04Z,recommendationservice,cartservice,0,0,0,0,0,0,0
2026-10-04T14:13:04Z,recommendationservice,checkoutservice,0,0,0,0,0,0,0
2026-10-04T14:13:04Z,recommendationservice,currencyservice,0,0,0,0,0,0,0
2026-10-04T14:13:04Z,recommendationservice,emailservice,0,0,0,0,0,0,0
2026-10-04T14:13:04Z,recommendationservice,frontend,0,0,0,0,0,0,0
2026-10-04T14:13:04Z,recommendationservice,kubernetes,0,0,0,0,0,0,0
2026-10-04T14:13:04Z,recommendationservice,paymentservice,0,0,0,0,0,0,0
2026-10-04T14:13:04Z,recommendationservice,productcatalogservice,239452,239448,0,0,0,1531818,237693
2026-10-04T14:13:04Z,recommendationservice,recommendationservice,0,0,0,0,0,0,0
2026-10-04T14:13:04Z,recommendationservice,redis-cart,0,0,0,0,0,0,0
2026-10-04T14:13:04Z,recommendationservice,shippingservice,0,0,0,0,0,0,0
2026-10-04T14:13:04Z,redis-cart,adservice,0,0,0,0,0,0,0
2026-10-04T14:13:04Z,redis-cart,cartservice,0,0,0,0,0,0,0
2026-10-04T14:13:04Z,redis-cart,checkoutservice,0,0,0,0,0,0,0
2026-10-04T14:13:04Z,redis-cart,currencyservice,0,0,0,0,0,0,0
2026-10-04T14:13:04Z,redis-cart,emailservice,0,0,0,0,0,0,0
2026-10-04T14:13:04Z,redis-cart,frontend,0,0,0,0,0,0,0
2026-10-04T14:13:04Z,redis-cart,kubernetes,0,0,0,0,0,0,0
2026-10-04T14:13:04Z,redis-cart,paymentservice,0,0,0,0,0,0,0
2026-10-04T14:13:04Z,redis-cart,productcatalogservice,0,0,0,0,0,0,0
2026-10-04T14:13:04Z,redis-cart,recommendationservice,0,0,0,0,0,0,0
2026-10-04T14:13:04Z,redis-cart,redis-cart,0,0,0,0,0,0,0
2026-10-04T14:13:04Z,redis-cart,shippingservice,0,0,0,0,0,0,0
2026-10-04T14:13:04Z,shippingservice,adservice,0,0,0,0,0,0,0
2026-10-04T14:13:04Z,shippingservice,cartservice,0,0,0,0,0,0,0
2026-10-04T14:13:04Z,shippingservice,checkoutservice,0,0,0,0,0,0,0
2026-10-04T14:13:04Z,shippingservice,currencyservice,0,0,0,0,0,0,0
2026-10-04T14:13:04Z,shippingservice,emailservice,0,0,0,0,0,0,0
2026-10-04T14:13:04Z,shippingservice,frontend,0,0,0,0,0,0,0
2026-10-04T14:13:04Z,shippingservice,kubernetes,0,0,0,0,0,0,0
2026-10-04T14:13:04Z,shippingservice,paymentservice,0,0,0,0,0,0,0
2026-10-04T14:13:04Z,shippingservice,productcatalogservice,0,0,0,0,0,0,0
2026-10-04T14:13:04Z,shippingservice,recommendationservice,0,0,0,0,0,0,0
2026-10-04T14:13:04Z,shippingservice,redis-cart,0,0,0,0,0,0,0
2026-10-04T14:13:04Z,shippingservice,shippingservice,0,0,0,0,0,0,0
2026-10-04T14:13:05Z,adservice,adservice,0,0,0,0,0,0,0
2026-10-04T14:13:05Z,adservice,cartservice,0,0,0,0,0,0,0
2026-10-04T14:13:05Z,adservice,checkoutservice,0,0,0,0,0,0,0
2026-10-04T14:13:05Z,adservice,currencyservice,0,0,0,0,0,0,0
2026-10-04T14:13:05Z,adservice,emailservice,0,0,0,0,0,0,0
2026-10-04T14:13:05Z,adservice,frontend,0,0,0,0,0,0,0
2026-10-04T14:13:05Z,adservice,kubernetes,0,0,0,0,0,0,0
2026-10-04T14:13:05Z,adservice,paymentservice,0,0,0,0,0,0,0
2026-10-04T14:13:05Z,adservice,productcatalogservice,0,0,0,0,0,0,0
2026-10-04T14:13:05Z,adservice,recommendationservice,0,0,0,0,0,0,0
2026-10-04T14:13:05Z,adservice,redis-cart,0,0,0,0,0,0,0
2026-10-04T14:13:05Z,adservice,shippingservice,0,0,0,0,0,0,0
2026-10-04T14:13:05Z,cartservice,adservice,0,0,0,0,0,0,0
2026-10-04T14:13:05Z,cartservice,cartservice,0,0,0,0,0,0,0
2026-10-04T14:13:05Z,cartservice,checkoutservice,0,0,0,0,0,0,0
2026-10-04T14:13:05Z,cartservice,currencyservice,0,0,0,0,0,0,0
2026-10-04T14:13:05Z,cartservice,emailservice,0,0,0,0,0,0,0
2026-10-04T14:13:05Z,cartservice,frontend,0,0,0,0,0,0,0
2026-10-04T14:13:05Z,cartservice,kubernetes,0,0,0,0,0,0,0
2026-10-04T14:13:05Z,cartservice,paymentservice,0,0,0,0,0,0,0
2026-10-04T14:13:05Z,cartservice,productcatalogservice,0,0,0,0,0,0,0
2026-10-04T14:13:05Z,cartservice,recommendationservice,0,0,0,0,0,0,0
2026-10-04T14:13:05Z,cartservice,redis-cart,2,0,0,0,0,0,0
2026-10-04T14:13:05Z,cartservice,shippingservice,0,0,0,0,0,0,0
2026-10-04T14:13:05Z,checkoutservice,adservice,0,0,0,0,0,0,0
2026-10-04T14:13:05Z,checkoutservice,cartservice,79431,78500,0,100,0,786149,78188
2026-10-04T14:13:05Z,checkoutservice,checkoutservice,0,0,0,0,0,0,0
2026-10-04T14:13:05Z,checkoutservice,currencyservice,51113,51113,0,0,0,606700,50959
2026-10-04T14:13:05Z,checkoutservice,emailservice,22351,22058,0,66,0,704679,21897
2026-10-04T14:13:05Z,checkoutservice,frontend,0,0,0,0,0,0,0
2026-10-04T14:13:05Z,checkoutservice,kubernetes,0,0,0,0,0,0,0
2026-10-04T14:13:05Z,checkoutservice,paymentservice,44379,42531,0,192,0,481905,42227
2026-10-04T14:13:05Z,checkoutservice,productcatalogservice,0,0,0,0,0,0,0
2026-10-04T14:13:05Z,checkoutservice,recommendationservice,0,0,0,0,0,0,0
2026-10-04T14:13:05Z,checkoutservice,redis-cart,0,0,0,0,0,0,0
2026-10-04T14:13:05Z,checkoutservice,shippingservice,84742,82639,0,154,0,552716,82325
2026-10-04T14:13:05Z,currencyservice,adservice,0,0,0,0,0,0,0
2026-10-04T14:13:05Z,currencyservice,cartservice,0,0,0,0,0,0,0
2026-10-04T14:13:05Z,currencyservice,checkoutservice,0,0,0,0,0,0,0
2026-10-04T14:13:05Z,currencyservice,currencyservice,0,0,0,0,0,0,0
2026-10-04T14:13:05Z,currencyservice,emailservice,0,0,0,0,0,0,0
2026-10-04T14:13:05Z,currencyservice,frontend,0,0,0,0,0,0,0
2026-10-04T14:13:05Z,currencyservice,kubernetes,0,0,0,0,0,0,0
2026-10-04T14:13:05Z,currencyservice,paymentservice,0,0,0,0,0,0,0
2026-10-04T14:13:05Z,currencyservice,productcatalogservice,0,0,0,0,0,0,0
2026-10-04T14:13:05Z,currencyservice,recommendationservice,0,0,0,0,0,0,0
2026-10-04T14:13:05Z,currencyservice,redis-cart,0,0,0,0,0,0,0
2026-10-04T14:13:05Z,currencyservice,shippingservice,0,0,0,0,0,0,0
2026-10-04T14:13:05Z,emailservice,adservice,0,0,0,0,0,0,0
2026-10-04T14:13:05Z,emailservice,cartservice,0,0,0,0,0,0,0
2026-10-04T14:13:05Z,emailservice,checkoutservice,0,0,0,0,0,0,0
2026-10-04T14:13:05Z,emailservice,currencyservice,0,0,0,0,0,0,0
2026-10-04T14:13:05Z,emailservice,emailservice,0,0,0,0,0,0,0
2026-10-04T14:13:05Z,emailservice,frontend,0,0,0,0,0,0,0
2026-10-04T14:13:05Z,emailservice,kubernetes,0,0,0,0,0,0,0
2026-10-04T14:13:05Z,emailservice,paymentservice,0,0,0,0,0,0,0
2026-10-04T14:13:05Z,emailservice,productcatalogservice,0,0,0,0,0,0,0
2026-10-04T14:13:05Z,emailservice,recommendationservice,0,0,0,0,0,0,0
2026-10-04T14:13:05Z,emailservice,redis-cart,0,0,0,0,0,0,0
2026-10-04T14:13:05Z,emailservice,shippingservice,0,0,0,0,0,0,0
2026-10-04T14:13:05Z,frontend,adservice,874141,874139,0,0,0,2629541,873922
2026-10-04T14:13:05Z,frontend,cartservice,1963920,1963905,0,0,4,10795822,1963312
2026-10-04T14:13:05Z,frontend,checkoutservice,410108,200128,0,40061,169951,63897586,200042
2026-10-04T14:13:05Z,frontend,currencyservice,3120558,3120550,0,0,0,16285596,3119610
2026-10-04T14:13:05Z,frontend,emailservice,0,0,0,0,0,0,0
2026-10-04T14:13:05Z,frontend,frontend,0,0,0,0,0,0,0
2026-10-04T14:13:05Z,frontend,kubernetes,0,0,0,0,0,0,0
2026-10-04T14:13:05Z,frontend,paymentservice,0,0,0,0,0,0,0
2026-10-04T14:13:05Z,frontend,productcatalogservice,8704745,8704676,0,0,0,59279439,8702368
2026-10-04T14:13:05Z,frontend,recommendationservice,2887988,1734203,0,121704,1029555,885210126,1733660
2026-10-04T14:13:05Z,frontend,redis-cart,0,0,0,0,0,0,0
2026-10-04T14:13:05Z,frontend,shippingservice,320404,320402,0,0,0,964796,320339
2026-10-04T14:13:05Z,paymentservice,adservice,0,0,0,0,0,0,0
2026-10-04T14:13:05Z,paymentservice,cartservice,0,0,0,0,0,0,0
2026-10-04T14:13:05Z,paymentservice,checkoutservice,0,0,0,0,0,0,0
2026-10-04T14:13:05Z,paymentservice,currencyservice,0,0,0,0,0,0,0
2026-10-04T14:13:05Z,paymentservice,emailservice,0,0,0,0,0,0,0
2026-10-04T14:13:05Z,paymentservice,frontend,0,0,0,0,0,0,0
2026-10-04T14:13:05Z,paymentservice,kubernetes,0,0,0,0,0,0,0
2026-10-04T14:13:05Z,paymentservice,paymentservice,0,0,0,0,0,0,0
2026-10-04T14:13:05Z,paymentservice,productcatalogservice,0,0,0,0,0,0,0
2026-10-04T14:13:05Z,paymentservice,recommendationservice,0,0,0,0,0,0,0
2026-10-04T14:13:05Z,paymentservice,redis-cart,0,0,0,0,0,0,0
2026-10-04T14:13:05Z,paymentservice,shippingservice,0,0,0,0,0,0,0
2026-10-04T14:13:05Z,productcatalogservice,adservice,0,0,0,0,0,0,0
2026-10-04T14:13:05Z,productcatalogservice,cartservice,0,0,0,0,0,0,0
2026-10-04T14:13:05Z,productcatalogservice,checkoutservice,0,0,0,0,0,0,0
2026-10-04T14:13:05Z,productcatalogservice,currencyservice,0,0,0,0,0,0,0
2026-10-04T14:13:05Z,productcatalogservice,emailservice,0,0,0,0,0,0,0
2026-10-04T14:13:05Z,productcatalogservice,frontend,0,0,0,0,0,0,0
2026-10-04T14:13:05Z,productcatalogservice,kubernetes,0,0,0,0,0,0,0
2026-10-04T14:13:05Z,productcatalogservice,paymentservice,0,0,0,0,0,0,0
2026-10-04T14:13:05Z,productcatalogservice,productcatalogservice,0,0,0,0,0,0,0
2026-10-04T14:13:05Z,productcatalogservice,recommendationservice,0,0,0,0,0,0,0
2026-10-04T14:13:05Z,productcatalogservice,redis-cart,0,0,0,0,0,0,0
2026-10-04T14:13:05Z,productcatalogservice,shippingservice,0,0,0,0,0,0,0
2026-10-04T14:13:05Z,recommendationservice,adservice,0,0,0,0,0,0,0
2026-10-04T14:13:05Z,recommendationservice,cartservice,0,0,0,0,0,0,0
2026-10-04T14:13:05Z,recommendationservice,checkoutservice,0,0,0,0,0,0,0
2026-10-04T14:13:05Z,recommendationservice,currencyservice,0,0,0,0,0,0,0
2026-10-04T14:13:05Z,recommendationservice,emailservice,0,0,0,0,0,0,0
2026-10-04T14:13:05Z,recommendationservice,frontend,0,0,0,0,0,0,0
2026-10-04T14:13:05Z,recommendationservice,kubernetes,0,0,0,0,0,0,0
2026-10-04T14:13:05Z,recommendationservice,paymentservice,0,0,0,0,0,0,0
2026-10-04T14:13:05Z,recommendationservice,productcatalogservice,239922,239920,0,0,0,1531818,237693
2026-10-04T14:13:05Z,recommendationservice,recommendationservice,0,0,0,0,0,0,0
2026-10-04T14:13:05Z,recommendationservice,redis-cart,0,0,0,0,0,0,0
2026-10-04T14:13:05Z,recommendationservice,shippingservice,0,0,0,0,0,0,0
2026-10-04T14:13:05Z,redis-cart,adservice,0,0,0,0,0,0,0
2026-10-04T14:13:05Z,redis-cart,cartservice,0,0,0,0,0,0,0
2026-10-04T14:13:05Z,redis-cart,checkoutservice,0,0,0,0,0,0,0
2026-10-04T14:13:05Z,redis-cart,currencyservice,0,0,0,0,0,0,0
2026-10-04T14:13:05Z,redis-cart,emailservice,0,0,0,0,0,0,0
2026-10-04T14:13:05Z,redis-cart,frontend,0,0,0,0,0,0,0
2026-10-04T14:13:05Z,redis-cart,kubernetes,0,0,0,0,0,0,0
2026-10-04T14:13:05Z,redis-cart,paymentservice,0,0,0,0,0,0,0
2026-10-04T14:13:05Z,redis-cart,productcatalogservice,0,0,0,0,0,0,0
2026-10-04T14:13:05Z,redis-cart,recommendationservice,0,0,0,0,0,0,0
2026-10-04T14:13:05Z,redis-cart,redis-cart,0,0,0,0,0,0,0
2026-10-04T14:13:05Z,redis-cart,shippingservice,0,0,0,0,0,0,0
2026-10-04T14:13:05Z,shippingservice,adservice,0,0,0,0,0,0,0
2026-10-04T14:13:05Z,shippingservice,cartservice,0,0,0,0,0,0,0
2026-10-04T14:13:05Z,shippingservice,checkoutservice,0,0,0,0,0,0,0
2026-10-04T14:13:05Z,shippingservice,currencyservice,0,0,0,0,0,0,0
2026-10-04T14:13:05Z,shippingservice,emailservice,0,0,0,0,0,0,0
2026-10-04T14:13:05Z,shippingservice,frontend,0,0,0,0,0,0,0
2026-10-04T14:13:05Z,shippingservice,kubernetes,0,0,0,0,0,0,0
2026-10-04T14:13:05Z,shippingservice,paymentservice,0,0,0,0,0,0,0
2026-10-04T14:13:05Z,shippingservice,productcatalogservice,0,0,0,0,0,0,0
2026-10-04T14:13:05Z,shippingservice,recommendationservice,0,0,0,0,0,0,0
2026-10-04T14:13:05Z,shippingservice,redis-cart,0,0,0,0,0,0,0
2026-10-04T14:13:05Z,shippingservice,shippingservice,0,0,0,0,0,0,0
2026-10-04T14:13:06Z,adservice,adservice,0,0,0,0,0,0,0
2026-10-04T14:13:06Z,adservice,cartservice,0,0,0,0,0,0,0
2026-10-04T14:13:06Z,adservice,checkoutservice,0,0,0,0,0,0,0
2026-10-04T14:13:06Z,adservice,currencyservice,0,0,0,0,0,0,0
2026-10-04T14:13:06Z,adservice,emailservice,0,0,0,0,0,0,0
2026-10-04T14:13:06Z,adservice,frontend,0,0,0,0,0,0,0
2026-10-04T14:13:06Z,adservice,kubernetes,0,0,0,0,0,0,0
2026-10-04T14:13:06Z,adservice,paymentservice,0,0,0,0,0,0,0
2026-10-04T14:13:06Z,adservice,productcatalogservice,0,0,0,0,0,0,0
2026-10-04T14:13:06Z,adservice,recommendationservice,0,0,0,0,0,0,0
2026-10-04T14:13:06Z,adservice,redis-cart,0,0,0,0,0,0,0
2026-10-04T14:13:06Z,adservice,shippingservice,0,0,0,0,0,0,0
2026-10-04T14:13:06Z,cartservice,adservice,0,0,0,0,0,0,0
2026-10-04T14:13:06Z,cartservice,cartservice,0,0,0,0,0,0,0
2026-10-04T14:13:06Z,cartservice,checkoutservice,0,0,0,0,0,0,0
2026-10-04T14:13:06Z,cartservice,currencyservice,0,0,0,0,0,0,0
2026-10-04T14:13:06Z,cartservice,emailservice,0,0,0,0,0,0,0
2026-10-04T14:13:06Z,cartservice,frontend,0,0,0,0,0,0,0
2026-10-04T14:13:06Z,cartservice,kubernetes,0,0,0,0,0,0,0
2026-10-04T14:13:06Z,cartservice,paymentservice,0,0,0,0,0,0,0
2026-10-04T14:13:06Z,cartservice,productcatalogservice,0,0,0,0,0,0,0
2026-10-04T14:13:06Z,cartservice,recommendationservice,0,0,0,0,0,0,0
2026-10-04T14:13:06Z,cartservice,redis-cart,2,0,0,0,0,0,0
2026-10-04T14:13:06Z,cartservice,shippingservice,0,0,0,0,0,0,0
2026-10-04T14:13:06Z,checkoutservice,adservice,0,0,0,0,0,0,0
2026-10-04T14:13:06Z,checkoutservice,cartservice,79528,78597,0,100,0,786149,78188
2026-10-04T14:13:06Z,checkoutservice,checkoutservice,0,0,0,0,0,0,0
2026-10-04T14:13:06Z,checkoutservice,currencyservice,51160,51160,0,0,0,606700,50959
2026-10-04T14:13:06Z,checkoutservice,emailservice,22392,22099,0,66,0,704679,21897
2026-10-04T14:13:06Z,checkoutservice,frontend,0,0,0,0,0,0,0
2026-10-04T14:13:06Z,checkoutservice,kubernetes,0,0,0,0,0,0,0
2026-10-04T14:13:06Z,checkoutservice,paymentservice,44425,42577,0,192,0,481905,42227
2026-10-04T14:13:06Z,checkoutservice,productcatalogservice,0,0,0,0,0,0,0
2026-10-04T14:13:06Z,checkoutservice,recommendationservice,0,0,0,0,0,0,0
2026-10-04T14:13:06Z,checkoutservice,redis-cart,0,0,0,0,0,0,0
2026-10-04T14:13:06Z,checkoutservice,shippingservice,84836,82733,0,154,0,552716,82325
2026-10-04T14:13:06Z,currencyservice,adservice,0,0,0,0,0,0,0
2026-10-04T14:13:06Z,currencyservice,cartservice,0,0,0,0,0,0,0
2026-10-04T14:13:06Z,currencyservice,checkoutservice,0,0,0,0,0,0,0
2026-10-04T14:13:06Z,currencyservice,currencyservice,0,0,0,0,0,0,0
2026-10-04T14:13:06Z,currencyservice,emailservice,0,0,0,0,0,0,0
2026-10-04T14:13:06Z,currencyservice,frontend,0,0,0,0,0,0,0
2026-10-04T14:13:06Z,currencyservice,kubernetes,0,0,0,0,0,0,0
2026-10-04T14:13:06Z,currencyservice,paymentservice,0,0,0,0,0,0,0
2026-10-04T14:13:06Z,currencyservice,productcatalogservice,0,0,0,0,0,0,0
2026-10-04T14:13:06Z,currencyservice,recommendationservice,0,0,0,0,0,0,0
2026-10-04T14:13:06Z,currencyservice,redis-cart,0,0,0,0,0,0,0
2026-10-04T14:13:06Z,currencyservice,shippingservice,0,0,0,0,0,0,0
2026-10-04T14:13:06Z,emailservice,adservice,0,0,0,0,0,0,0
2026-10-04T14:13:06Z,emailservice,cartservice,0,0,0,0,0,0,0
2026-10-04T14:13:06Z,emailservice,checkoutservice,0,0,0,0,0,0,0
2026-10-04T14:13:06Z,emailservice,currencyservice,0,0,0,0,0,0,0
2026-10-04T14:13:06Z,emailservice,emailservice,0,0,0,0,0,0,0
2026-10-04T14:13:06Z,emailservice,frontend,0,0,0,0,0,0,0
2026-10-04T14:13:06Z,emailservice,kubernetes,0,0,0,0,0,0,0
2026-10-04T14:13:06Z,emailservice,paymentservice,0,0,0,0,0,0,0
2026-10-04T14:13:06Z,emailservice,productcatalogservice,0,0,0,0,0,0,0
2026-10-04T14:13:06Z,emailservice,recommendationservice,0,0,0,0,0,0,0
2026-10-04T14:13:06Z,emailservice,redis-cart,0,0,0,0,0,0,0
2026-10-04T14:13:06Z,emailservice,shippingservice,0,0,0,0,0,0,0
2026-10-04T14:13:06Z,frontend,adservice,874261,874259,0,0,0,2629541,873922
2026-10-04T14:13:06Z,frontend,cartservice,1964304,1964290,0,0,4,10795822,1963312
2026-10-04T14:13:06Z,frontend,checkoutservice,410151,200174,0,40061,169951,63897586,200042
2026-10-04T14:13:06Z,frontend,currencyservice,3121158,3121149,0,0,0,16285596,3119610
2026-10-04T14:13:06Z,frontend,emailservice,0,0,0,0,0,0,0
2026-10-04T14:13:06Z,frontend,frontend,0,0,0,0,0,0,0
2026-10-04T14:13:06Z,frontend,kubernetes,0,0,0,0,0,0,0
2026-10-04T14:13:06Z,frontend,paymentservice,0,0,0,0,0,0,0
2026-10-04T14:13:06Z,frontend,productcatalogservice,8706064,8705990,0,0,0,59279439,8702368
2026-10-04T14:13:06Z,frontend,recommendationservice,2888699,1734541,0,121750,1029856,885210126,1733660
2026-10-04T14:13:06Z,frontend,redis-cart,0,0,0,0,0,0,0
2026-10-04T14:13:06Z,frontend,shippingservice,320443,320441,0,0,0,964796,320339
2026-10-04T14:13:06Z,paymentservice,adservice,0,0,0,0,0,0,0
2026-10-04T14:13:06Z,paymentservice,cartservice,0,0,0,0,0,0,0
2026-10-04T14:13:06Z,paymentservice,checkoutservice,0,0,0,0,0,0,0
2026-10-04T14:13:06Z,paymentservice,currencyservice,0,0,0,0,0,0,0
2026-10-04T14:13:06Z,paymentservice,emailservice,0,0,0,0,0,0,0
2026-10-04T14:13:06Z,paymentservice,frontend,0,0,0,0,0,0,0
2026-10-04T14:13:06Z,paymentservice,kubernetes,0,0,0,0,0,0,0
2026-10-04T14:13:06Z,paymentservice,paymentservice,0,0,0,0,0,0,0
2026-10-04T14:13:06Z,paymentservice,productcatalogservice,0,0,0,0,0,0,0
2026-10-04T14:13:06Z,paymentservice,recommendationservice,0,0,0,0,0,0,0
2026-10-04T14:13:06Z,paymentservice,redis-cart,0,0,0,0,0,0,0
2026-10-04T14:13:06Z,paymentservice,shippingservice,0,0,0,0,0,0,0
2026-10-04T14:13:06Z,productcatalogservice,adservice,0,0,0,0,0,0,0
2026-10-04T14:13:06Z,productcatalogservice,cartservice,0,0,0,0,0,0,0
2026-10-04T14:13:06Z,productcatalogservice,checkoutservice,0,0,0,0,0,0,0
2026-10-04T14:13:06Z,productcatalogservice,currencyservice,0,0,0,0,0,0,0
2026-10-04T14:13:06Z,productcatalogservice,emailservice,0,0,0,0,0,0,0
2026-10-04T14:13:06Z,productcatalogservice,frontend,0,0,0,0,0,0,0
2026-10-04T14:13:06Z,productcatalogservice,kubernetes,0,0,0,0,0,0,0
2026-10-04T14:13:06Z,productcatalogservice,paymentservice,0,0,0,0,0,0,0
2026-10-04T14:13:06Z,productcatalogservice,productcatalogservice,0,0,0,0,0,0,0
2026-10-04T14:13:06Z,productcatalogservice,recommendationservice,0,0,0,0,0,0,0
2026-10-04T14:13:06Z,productcatalogservice,redis-cart,0,0,0,0,0,0,0
2026-10-04T14:13:06Z,productcatalogservice,shippingservice,0,0,0,0,0,0,0
2026-10-04T14:13:06Z,recommendationservice,adservice,0,0,0,0,0,0,0
2026-10-04T14:13:06Z,recommendationservice,cartservice,0,0,0,0,0,0,0
2026-10-04T14:13:06Z,recommendationservice,checkoutservice,0,0,0,0,0,0,0
2026-10-04T14:13:06Z,recommendationservice,currencyservice,0,0,0,0,0,0,0
2026-10-04T14:13:06Z,recommendationservice,emailservice,0,0,0,0,0,0,0
2026-10-04T14:13:06Z,recommendationservice,frontend,0,0,0,0,0,0,0
2026-10-04T14:13:06Z,recommendationservice,kubernetes,0,0,0,0,0,0,0
2026-10-04T14:13:06Z,recommendationservice,paymentservice,0,0,0,0,0,0,0
2026-10-04T14:13:06Z,recommendationservice,productcatalogservice,240344,240341,0,0,0,1543493,239933
2026-10-04T14:13:06Z,recommendationservice,recommendationservice,0,0,0,0,0,0,0
2026-10-04T14:13:06Z,recommendationservice,redis-cart,0,0,0,0,0,0,0
2026-10-04T14:13:06Z,recommendationservice,shippingservice,0,0,0,0,0,0,0
2026-10-04T14:13:06Z,redis-cart,adservice,0,0,0,0,0,0,0
2026-10-04T14:13:06Z,redis-cart,cartservice,0,0,0,0,0,0,0
2026-10-04T14:13:06Z,redis-cart,checkoutservice,0,0,0,0,0,0,0
2026-10-04T14:13:06Z,redis-cart,currencyservice,0,0,0,0,0,0,0
2026-10-04T14:13:06Z,redis-cart,emailservice,0,0,0,0,0,0,0
2026-10-04T14:13:06Z,redis-cart,frontend,0,0,0,0,0,0,0
2026-10-04T14:13:06Z,redis-cart,kubernetes,0,0,0,0,0,0,0
2026-10-04T14:13:06Z,redis-cart,paymentservice,0,0,0,0,0,0,0
2026-10-04T14:13:06Z,redis-cart,productcatalogservice,0,0,0,0,0,0,0
2026-10-04T14:13:06Z,redis-cart,recommendationservice,0,0,0,0,0,0,0
2026-10-04T14:13:06Z,redis-cart,redis-cart,0,0,0,0,0,0,0
2026-10-04T14:13:06Z,redis-cart,shippingservice,0,0,0,0,0,0,0
2026-10-04T14:13:06Z,shippingservice,adservice,0,0,0,0,0,0,0
2026-10-04T14:13:06Z,shippingservice,cartservice,0,0,0,0,0,0,0
2026-10-04T14:13:06Z,shippingservice,checkoutservice,0,0,0,0,0,0,0
2026-10-04T14:13:06Z,shippingservice,currencyservice,0,0,0,0,0,0,0
2026-10-04T14:13:06Z,shippingservice,emailservice,0,0,0,0,0,0,0
2026-10-04T14:13:06Z,shippingservice,frontend,0,0,0,0,0,0,0
2026-10-04T14:13:06Z,shippingservice,kubernetes,0,0,0,0,0,0,0
2026-10-04T14:13:06Z,shippingservice,paymentservice,0,0,0,0,0,0,0
2026-10-04T14:13:06Z,shippingservice,productcatalogservice,0,0,0,0,0,0,0
2026-10-04T14:13:06Z,shippingservice,recommendationservice,0,0,0,0,0,0,0
2026-10-04T14:13:06Z,shippingservice,redis-cart,0,0,0,0,0,0,0
2026-10-04T14:13:06Z,shippingservice,shippingservice,0,0,0,0,0,0,0
2026-10-04T14:13:07Z,adservice,adservice,0,0,0,0,0,0,0
2026-10-04T14:13:07Z,adservice,cartservice,0,0,0,0,0,0,0
2026-10-04T14:13:07Z,adservice,checkoutservice,0,0,0,0,0,0,0
2026-10-04T14:13:07Z,adservice,currencyservice,0,0,0,0,0,0,0
2026-10-04T14:13:07Z,adservice,emailservice,0,0,0,0,0,0,0
2026-10-04T14:13:07Z,adservice,frontend,0,0,0,0,0,0,0
2026-10-04T14:13:07Z,adservice,kubernetes,0,0,0,0,0,0,0
2026-10-04T14:13:07Z,adservice,paymentservice,0,0,0,0,0,0,0
2026-10-04T14:13:07Z,adservice,productcatalogservice,0,0,0,0,0,0,0
2026-10-04T14:13:07Z,adservice,recommendationservice,0,0,0,0,0,0,0
2026-10-04T14:13:07Z,adservice,redis-cart,0,0,0,0,0,0,0
2026-10-04T14:13:07Z,adservice,shippingservice,0,0,0,0,0,0,0
2026-10-04T14:13:07Z,cartservice,adservice,0,0,0,0,0,0,0
2026-10-04T14:13:07Z,cartservice,cartservice,0,0,0,0,0,0,0
2026-10-04T14:13:07Z,cartservice,checkoutservice,0,0,0,0,0,0,0
2026-10-04T14:13:07Z,cartservice,currencyservice,0,0,0,0,0,0,0
2026-10-04T14:13:07Z,cartservice,emailservice,0,0,0,0,0,0,0
2026-10-04T14:13:07Z,cartservice,frontend,0,0,0,0,0,0,0
2026-10-04T14:13:07Z,cartservice,kubernetes,0,0,0,0,0,0,0
2026-10-04T14:13:07Z,cartservice,paymentservice,0,0,0,0,0,0,0
2026-10-04T14:13:07Z,cartservice,productcatalogservice,0,0,0,0,0,0,0
2026-10-04T14:13:07Z,cartservice,recommendationservice,0,0,0,0,0,0,0
2026-10-04T14:13:07Z,cartservice,redis-cart,2,0,0,0,0,0,0
2026-10-04T14:13:07Z,cartservice,shippingservice,0,0,0,0,0,0,0
2026-10-04T14:13:07Z,checkoutservice,adservice,0,0,0,0,0,0,0
2026-10-04T14:13:07Z,checkoutservice,cartservice,79605,78673,0,100,0,788207,78662
2026-10-04T14:13:07Z,checkoutservice,checkoutservice,0,0,0,0,0,0,0
2026-10-04T14:13:07Z,checkoutservice,currencyservice,51202,51202,0,0,0,607576,51195
2026-10-04T14:13:07Z,checkoutservice,emailservice,22433,22140,0,66,0,708660,22137
2026-10-04T14:13:07Z,checkoutservice,frontend,0,0,0,0,0,0,0
2026-10-04T14:13:07Z,checkoutservice,kubernetes,0,0,0,0,0,0,0
2026-10-04T14:13:07Z,checkoutservice,paymentservice,44466,42614,0,192,0,482547,42465
2026-10-04T14:13:07Z,checkoutservice,productcatalogservice,0,0,0,0,0,0,0
2026-10-04T14:13:07Z,checkoutservice,recommendationservice,0,0,0,0,0,0,0
2026-10-04T14:13:07Z,checkoutservice,redis-cart,0,0,0,0,0,0,0
2026-10-04T14:13:07Z,checkoutservice,shippingservice,84914,82811,0,154,0,553627,82800
2026-10-04T14:13:07Z,currencyservice,adservice,0,0,0,0,0,0,0
2026-10-04T14:13:07Z,currencyservice,cartservice,0,0,0,0,0,0,0
2026-10-04T14:13:07Z,currencyservice,checkoutservice,0,0,0,0,0,0,0
2026-10-04T14:13:07Z,currencyservice,currencyservice,0,0,0,0,0,0,0
2026-10-04T14:13:07Z,currencyservice,emailservice,0,0,0,0,0,0,0
2026-10-04T14:13:07Z,currencyservice,frontend,0,0,0,0,0,0,0
2026-10-04T14:13:07Z,currencyservice,kubernetes,0,0,0,0,0,0,0
2026-10-04T14:13:07Z,currencyservice,paymentservice,0,0,0,0,0,0,0
2026-10-04T14:13:07Z,currencyservice,productcatalogservice,0,0,0,0,0,0,0
2026-10-04T14:13:07Z,currencyservice,recommendationservice,0,0,0,0,0,0,0
2026-10-04T14:13:07Z,currencyservice,redis-cart,0,0,0,0,0,0,0
2026-10-04T14:13:07Z,currencyservice,shippingservice,0,0,0,0,0,0,0
2026-10-04T14:13:07Z,emailservice,adservice,0,0,0,0,0,0,0
2026-10-04T14:13:07Z,emailservice,cartservice,0,0,0,0,0,0,0
2026-10-04T14:13:07Z,emailservice,checkoutservice,0,0,0,0,0,0,0
2026-10-04T14:13:07Z,emailservice,currencyservice,0,0,0,0,0,0,0
2026-10-04T14:13:07Z,emailservice,emailservice,0,0,0,0,0,0,0
2026-10-04T14:13:07Z,emailservice,frontend,0,0,0,0,0,0,0
2026-10-04T14:13:07Z,emailservice,kubernetes,0,0,0,0,0,0,0
2026-10-04T14:13:07Z,emailservice,paymentservice,0,0,0,0,0,0,0
2026-10-04T14:13:07Z,emailservice,productcatalogservice,0,0,0,0,0,0,0
2026-10-04T14:13:07Z,emailservice,recommendationservice,0,0,0,0,0,0,0
2026-10-04T14:13:07Z,emailservice,redis-cart,0,0,0,0,0,0,0
2026-10-04T14:13:07Z,emailservice,shippingservice,0,0,0,0,0,0,0
2026-10-04T14:13:07Z,frontend,adservice,874397,874395,0,0,0,2629541,873922
2026-10-04T14:13:07Z,frontend,cartservice,1964702,1964683,0,0,4,10795822,1963312
2026-10-04T14:13:07Z,frontend,checkoutservice,410198,200217,0,40061,169951,63897586,200042
2026-10-04T14:13:07Z,frontend,currencyservice,3121791,3121783,0,0,0,16285596,3119610
2026-10-04T14:13:07Z,frontend,emailservice,0,0,0,0,0,0,0
2026-10-04T14:13:07Z,frontend,frontend,0,0,0,0,0,0,0
2026-10-04T14:13:07Z,frontend,kubernetes,0,0,0,0,0,0,0
2026-10-04T14:13:07Z,frontend,paymentservice,0,0,0,0,0,0,0
2026-10-04T14:13:07Z,frontend,productcatalogservice,8707551,8707483,0,0,0,59279439,8702368
2026-10-04T14:13:07Z,frontend,recommendationservice,2889508,1734901,0,121778,1030277,885210126,1733660
2026-10-04T14:13:07Z,frontend,redis-cart,0,0,0,0,0,0,0
2026-10-04T14:13:07Z,frontend,shippingservice,320496,320494,0,0,0,964796,320339
2026-10-04T14:13:07Z,paymentservice,adservice,0,0,0,0,0,0,0
2026-10-04T14:13:07Z,paymentservice,cartservice,0,0,0,0,0,0,0
2026-10-04T14:13:07Z,paymentservice,checkoutservice,0,0,0,0,0,0,0
2026-10-04T14:13:07Z,paymentservice,currencyservice,0,0,0,0,0,0,0
2026-10-04T14:13:07Z,paymentservice,emailservice,0,0,0,0,0,0,0
2026-10-04T14:13:07Z,paymentservice,frontend,0,0,0,0,0,0,0
2026-10-04T14:13:07Z,paymentservice,kubernetes,0,0,0,0,0,0,0
2026-10-04T14:13:07Z,paymentservice,paymentservice,0,0,0,0,0,0,0
2026-10-04T14:13:07Z,paymentservice,productcatalogservice,0,0,0,0,0,0,0
2026-10-04T14:13:07Z,paymentservice,recommendationservice,0,0,0,0,0,0,0
2026-10-04T14:13:07Z,paymentservice,redis-cart,0,0,0,0,0,0,0
2026-10-04T14:13:07Z,paymentservice,shippingservice,0,0,0,0,0,0,0
2026-10-04T14:13:07Z,productcatalogservice,adservice,0,0,0,0,0,0,0
2026-10-04T14:13:07Z,productcatalogservice,cartservice,0,0,0,0,0,0,0
2026-10-04T14:13:07Z,productcatalogservice,checkoutservice,0,0,0,0,0,0,0
2026-10-04T14:13:07Z,productcatalogservice,currencyservice,0,0,0,0,0,0,0
2026-10-04T14:13:07Z,productcatalogservice,emailservice,0,0,0,0,0,0,0
2026-10-04T14:13:07Z,productcatalogservice,frontend,0,0,0,0,0,0,0
2026-10-04T14:13:07Z,productcatalogservice,kubernetes,0,0,0,0,0,0,0
2026-10-04T14:13:07Z,productcatalogservice,paymentservice,0,0,0,0,0,0,0
2026-10-04T14:13:07Z,productcatalogservice,productcatalogservice,0,0,0,0,0,0,0
2026-10-04T14:13:07Z,productcatalogservice,recommendationservice,0,0,0,0,0,0,0
2026-10-04T14:13:07Z,productcatalogservice,redis-cart,0,0,0,0,0,0,0
2026-10-04T14:13:07Z,productcatalogservice,shippingservice,0,0,0,0,0,0,0
2026-10-04T14:13:07Z,recommendationservice,adservice,0,0,0,0,0,0,0
2026-10-04T14:13:07Z,recommendationservice,cartservice,0,0,0,0,0,0,0
2026-10-04T14:13:07Z,recommendationservice,checkoutservice,0,0,0,0,0,0,0
2026-10-04T14:13:07Z,recommendationservice,currencyservice,0,0,0,0,0,0,0
2026-10-04T14:13:07Z,recommendationservice,emailservice,0,0,0,0,0,0,0
2026-10-04T14:13:07Z,recommendationservice,frontend,0,0,0,0,0,0,0
2026-10-04T14:13:07Z,recommendationservice,kubernetes,0,0,0,0,0,0,0
2026-10-04T14:13:07Z,recommendationservice,paymentservice,0,0,0,0,0,0,0
2026-10-04T14:13:07Z,recommendationservice,productcatalogservice,240803,240797,0,0,0,1543493,239933
2026-10-04T14:13:07Z,recommendationservice,recommendationservice,0,0,0,0,0,0,0
2026-10-04T14:13:07Z,recommendationservice,redis-cart,0,0,0,0,0,0,0
2026-10-04T14:13:07Z,recommendationservice,shippingservice,0,0,0,0,0,0,0
2026-10-04T14:13:07Z,redis-cart,adservice,0,0,0,0,0,0,0
2026-10-04T14:13:07Z,redis-cart,cartservice,0,0,0,0,0,0,0
2026-10-04T14:13:07Z,redis-cart,checkoutservice,0,0,0,0,0,0,0
2026-10-04T14:13:07Z,redis-cart,currencyservice,0,0,0,0,0,0,0
2026-10-04T14:13:07Z,redis-cart,emailservice,0,0,0,0,0,0,0
2026-10-04T14:13:07Z,redis-cart,frontend,0,0,0,0,0,0,0
2026-10-04T14:13:07Z,redis-cart,kubernetes,0,0,0,0,0,0,0
2026-10-04T14:13:07Z,redis-cart,paymentservice,0,0,0,0,0,0,0
2026-10-04T14:13:07Z,redis-cart,productcatalogservice,0,0,0,0,0,0,0
2026-10-04T14:13:07Z,redis-cart,recommendationservice,0,0,0,0,0,0,0
2026-10-04T14:13:07Z,redis-cart,redis-cart,0,0,0,0,0,0,0
2026-10-04T14:13:07Z,redis-cart,shippingservice,0,0,0,0,0,0,0
2026-10-04T14:13:07Z,shippingservice,adservice,0,0,0,0,0,0,0
2026-10-04T14:13:07Z,shippingservice,cartservice,0,0,0,0,0,0,0
2026-10-04T14:13:07Z,shippingservice,checkoutservice,0,0,0,0,0,0,0
2026-10-04T14:13:07Z,shippingservice,currencyservice,0,0,0,0,0,0,0
2026-10-04T14:13:07Z,shippingservice,emailservice,0,0,0,0,0,0,0
2026-10-04T14:13:07Z,shippingservice,frontend,0,0,0,0,0,0,0
2026-10-04T14:13:07Z,shippingservice,kubernetes,0,0,0,0,0,0,0
2026-10-04T14:13:07Z,shippingservice,paymentservice,0,0,0,0,0,0,0
2026-10-04T14:13:07Z,shippingservice,productcatalogservice,0,0,0,0,0,0,0
2026-10-04T14:13:07Z,shippingservice,recommendationservice,0,0,0,0,0,0,0
2026-10-04T14:13:07Z,shippingservice,redis-cart,0,0,0,0,0,0,0
2026-10-04T14:13:07Z,shippingservice,shippingservice,0,0,0,0,0,0,0
2026-10-04T14:13:08Z,adservice,adservice,0,0,0,0,0,0,0
2026-10-04T14:13:08Z,adservice,cartservice,0,0,0,0,0,0,0
2026-10-04T14:13:08Z,adservice,checkoutservice,0,0,0,0,0,0,0
2026-10-04T14:13:08Z,adservice,currencyservice,0,0,0,0,0,0,0
2026-10-04T14:13:08Z,adservice,emailservice,0,0,0,0,0,0,0
2026-10-04T14:13:08Z,adservice,frontend,0,0,0,0,0,0,0
2026-10-04T14:13:08Z,adservice,kubernetes,0,0,0,0,0,0,0
2026-10-04T14:13:08Z,adservice,paymentservice,0,0,0,0,0,0,0
2026-10-04T14:13:08Z,adservice,productcatalogservice,0,0,0,0,0,0,0
2026-10-04T14:13:08Z,adservice,recommendationservice,0,0,0,0,0,0,0
2026-10-04T14:13:08Z,adservice,redis-cart,0,0,0,0,0,0,0
2026-10-04T14:13:08Z,adservice,shippingservice,0,0,0,0,0,0,0
2026-10-04T14:13:08Z,cartservice,adservice,0,0,0,0,0,0,0
2026-10-04T14:13:08Z,cartservice,cartservice,0,0,0,0,0,0,0
2026-10-04T14:13:08Z,cartservice,checkoutservice,0,0,0,0,0,0,0
2026-10-04T14:13:08Z,cartservice,currencyservice,0,0,0,0,0,0,0
2026-10-04T14:13:08Z,cartservice,emailservice,0,0,0,0,0,0,0
2026-10-04T14:13:08Z,cartservice,frontend,0,0,0,0,0,0,0
2026-10-04T14:13:08Z,cartservice,kubernetes,0,0,0,0,0,0,0
2026-10-04T14:13:08Z,cartservice,paymentservice,0,0,0,0,0,0,0
2026-10-04T14:13:08Z,cartservice,productcatalogservice,0,0,0,0,0,0,0
2026-10-04T14:13:08Z,cartservice,recommendationservice,0,0,0,0,0,0,0
2026-10-04T14:13:08Z,cartservice,redis-cart,2,0,0,0,0,0,0
2026-10-04T14:13:08Z,cartservice,shippingservice,0,0,0,0,0,0,0
2026-10-04T14:13:08Z,checkoutservice,adservice,0,0,0,0,0,0,0
2026-10-04T14:13:08Z,checkoutservice,cartservice,79731,78800,0,100,0,788207,78662
2026-10-04T14:13:08Z,checkoutservice,checkoutservice,0,0,0,0,0,0,0
2026-10-04T14:13:08Z,checkoutservice,currencyservice,51266,51265,0,0,0,607576,51195
2026-10-04T14:13:08Z,checkoutservice,emailservice,22497,22204,0,66,0,708660,22137
2026-10-04T14:13:08Z,checkoutservice,frontend,0,0,0,0,0,0,0
2026-10-04T14:13:08Z,checkoutservice,kubernetes,0,0,0,0,0,0,0
2026-10-04T14:13:08Z,checkoutservice,paymentservice,44528,42680,0,192,0,482547,42465
2026-10-04T14:13:08Z,checkoutservice,productcatalogservice,0,0,0,0,0,0,0
2026-10-04T14:13:08Z,checkoutservice,recommendationservice,0,0,0,0,0,0,0
2026-10-04T14:13:08Z,checkoutservice,redis-cart,0,0,0,0,0,0,0
2026-10-04T14:13:08Z,checkoutservice,shippingservice,85041,82938,0,154,0,553627,82800
2026-10-04T14:13:08Z,currencyservice,adservice,0,0,0,0,0,0,0
2026-10-04T14:13:08Z,currencyservice,cartservice,0,0,0,0,0,0,0
2026-10-04T14:13:08Z,currencyservice,checkoutservice,0,0,0,0,0,0,0
2026-10-04T14:13:08Z,currencyservice,currencyservice,0,0,0,0,0,0,0
2026-10-04T14:13:08Z,currencyservice,emailservice,0,0,0,0,0,0,0
2026-10-04T14:13:08Z,currencyservice,frontend,0,0,0,0,0,0,0
2026-10-04T14:13:08Z,currencyservice,kubernetes,0,0,0,0,0,0,0
2026-10-04T14:13:08Z,currencyservice,paymentservice,0,0,0,0,0,0,0
2026-10-04T14:13:08Z,currencyservice,productcatalogservice,0,0,0,0,0,0,0
2026-10-04T14:13:08Z,currencyservice,recommendationservice,0,0,0,0,0,0,0
2026-10-04T14:13:08Z,currencyservice,redis-cart,0,0,0,0,0,0,0
2026-10-04T14:13:08Z,currencyservice,shippingservice,0,0,0,0,0,0,0
2026-10-04T14:13:08Z,emailservice,adservice,0,0,0,0,0,0,0
2026-10-04T14:13:08Z,emailservice,cartservice,0,0,0,0,0,0,0
2026-10-04T14:13:08Z,emailservice,checkoutservice,0,0,0,0,0,0,0
2026-10-04T14:13:08Z,emailservice,currencyservice,0,0,0,0,0,0,0
2026-10-04T14:13:08Z,emailservice,emailservice,0,0,0,0,0,0,0
2026-10-04T14:13:08Z,emailservice,frontend,0,0,0,0,0,0,0
2026-10-04T14:13:08Z,emailservice,kubernetes,0,0,0,0,0,0,0
2026-10-04T14:13:08Z,emailservice,paymentservice,0,0,0,0,0,0,0
2026-10-04T14:13:08Z,emailservice,productcatalogservice,0,0,0,0,0,0,0
2026-10-04T14:13:08Z,emailservice,recommendationservice,0,0,0,0,0,0,0
2026-10-04T14:13:08Z,emailservice,redis-cart,0,0,0,0,0,0,0
2026-10-04T14:13:08Z,emailservice,shippingservice,0,0,0,0,0,0,0
2026-10-04T14:13:08Z,frontend,adservice,874547,874545,0,0,0,2629963,874086
2026-10-04T14:13:08Z,frontend,cartservice,1965084,1965070,0,0,4,10797998,1963777
2026-10-04T14:13:08Z,frontend,checkoutservice,410262,200287,0,40061,169951,63903261,200105
2026-10-04T14:13:08Z,frontend,currencyservice,3122402,3122394,0,0,0,16288841,3120343
2026-10-04T14:13:08Z,frontend,emailservice,0,0,0,0,0,0,0
2026-10-04T14:13:08Z,frontend,frontend,0,0,0,0,0,0,0
2026-10-04T14:13:08Z,frontend,kubernetes,0,0,0,0,0,0,0
2026-10-04T14:13:08Z,frontend,paymentservice,0,0,0,0,0,0,0
2026-10-04T14:13:08Z,frontend,productcatalogservice,8709205,8709127,0,0,0,59293790,8704210
2026-10-04T14:13:08Z,frontend,recommendationservice,2890209,1735276,0,121815,1030589,885568136,1734104
2026-10-04T14:13:08Z,frontend,redis-cart,0,0,0,0,0,0,0
2026-10-04T14:13:08Z,frontend,shippingservice,320543,320541,0,0,0,964932,320401
2026-10-04T14:13:08Z,paymentservice,adservice,0,0,0,0,0,0,0
2026-10-04T14:13:08Z,paymentservice,cartservice,0,0,0,0,0,0,0
2026-10-04T14:13:08Z,paymentservice,checkoutservice,0,0,0,0,0,0,0
2026-10-04T14:13:08Z,paymentservice,currencyservice,0,0,0,0,0,0,0
2026-10-04T14:13:08Z,paymentservice,emailservice,0,0,0,0,0,0,0
2026-10-04T14:13:08Z,paymentservice,frontend,0,0,0,0,0,0,0
2026-10-04T14:13:08Z,paymentservice,kubernetes,0,0,0,0,0,0,0
2026-10-04T14:13:08Z,paymentservice,paymentservice,0,0,0,0,0,0,0
2026-10-04T14:13:08Z,paymentservice,productcatalogservice,0,0,0,0,0,0,0
2026-10-04T14:13:08Z,paymentservice,recommendationservice,0,0,0,0,0,0,0
2026-10-04T14:13:08Z,paymentservice,redis-cart,0,0,0,0,0,0,0
2026-10-04T14:13:08Z,paymentservice,shippingservice,0,0,0,0,0,0,0
2026-10-04T14:13:08Z,productcatalogservice,adservice,0,0,0,0,0,0,0
2026-10-04T14:13:08Z,productcatalogservice,cartservice,0,0,0,0,0,0,0
2026-10-04T14:13:08Z,productcatalogservice,checkoutservice,0,0,0,0,0,0,0
2026-10-04T14:13:08Z,productcatalogservice,currencyservice,0,0,0,0,0,0,0
2026-10-04T14:13:08Z,productcatalogservice,emailservice,0,0,0,0,0,0,0
2026-10-04T14:13:08Z,productcatalogservice,frontend,0,0,0,0,0,0,0
2026-10-04T14:13:08Z,productcatalogservice,kubernetes,0,0,0,0,0,0,0
2026-10-04T14:13:08Z,productcatalogservice,paymentservice,0,0,0,0,0,0,0
2026-10-04T14:13:08Z,productcatalogservice,productcatalogservice,0,0,0,0,0,0,0
2026-10-04T14:13:08Z,productcatalogservice,recommendationservice,0,0,0,0,0,0,0
2026-10-04T14:13:08Z,productcatalogservice,redis-cart,0,0,0,0,0,0,0
2026-10-04T14:13:08Z,productcatalogservice,shippingservice,0,0,0,0,0,0,0
2026-10-04T14:13:08Z,recommendationservice,adservice,0,0,0,0,0,0,0
2026-10-04T14:13:08Z,recommendationservice,cartservice,0,0,0,0,0,0,0
2026-10-04T14:13:08Z,recommendationservice,checkoutservice,0,0,0,0,0,0,0
2026-10-04T14:13:08Z,recommendationservice,currencyservice,0,0,0,0,0,0,0
2026-10-04T14:13:08Z,recommendationservice,emailservice,0,0,0,0,0,0,0
2026-10-04T14:13:08Z,recommendationservice,frontend,0,0,0,0,0,0,0
2026-10-04T14:13:08Z,recommendationservice,kubernetes,0,0,0,0,0,0,0
2026-10-04T14:13:08Z,recommendationservice,paymentservice,0,0,0,0,0,0,0
2026-10-04T14:13:08Z,recommendationservice,productcatalogservice,241270,241260,0,0,0,1543493,239933
2026-10-04T14:13:08Z,recommendationservice,recommendationservice,0,0,0,0,0,0,0
2026-10-04T14:13:08Z,recommendationservice,redis-cart,0,0,0,0,0,0,0
2026-10-04T14:13:08Z,recommendationservice,shippingservice,0,0,0,0,0,0,0
2026-10-04T14:13:08Z,redis-cart,adservice,0,0,0,0,0,0,0
2026-10-04T14:13:08Z,redis-cart,cartservice,0,0,0,0,0,0,0
2026-10-04T14:13:08Z,redis-cart,checkoutservice,0,0,0,0,0,0,0
2026-10-04T14:13:08Z,redis-cart,currencyservice,0,0,0,0,0,0,0
2026-10-04T14:13:08Z,redis-cart,emailservice,0,0,0,0,0,0,0
2026-10-04T14:13:08Z,redis-cart,frontend,0,0,0,0,0,0,0
2026-10-04T14:13:08Z,redis-cart,kubernetes,0,0,0,0,0,0,0
2026-10-04T14:13:08Z,redis-cart,paymentservice,0,0,0,0,0,0,0
2026-10-04T14:13:08Z,redis-cart,productcatalogservice,0,0,0,0,0,0,0
2026-10-04T14:13:08Z,redis-cart,recommendationservice,0,0,0,0,0,0,0
2026-10-04T14:13:08Z,redis-cart,redis-cart,0,0,0,0,0,0,0
2026-10-04T14:13:08Z,redis-cart,shippingservice,0,0,0,0,0,0,0
2026-10-04T14:13:08Z,shippingservice,adservice,0,0,0,0,0,0,0
2026-10-04T14:13:08Z,shippingservice,cartservice,0,0,0,0,0,0,0
2026-10-04T14:13:08Z,shippingservice,checkoutservice,0,0,0,0,0,0,0
2026-10-04T14:13:08Z,shippingservice,currencyservice,0,0,0,0,0,0,0
2026-10-04T14:13:08Z,shippingservice,emailservice,0,0,0,0,0,0,0
2026-10-04T14:13:08Z,shippingservice,frontend,0,0,0,0,0,0,0
2026-10-04T14:13:08Z,shippingservice,kubernetes,0,0,0,0,0,0,0
2026-10-04T14:13:08Z,shippingservice,paymentservice,0,0,0,0,0,0,0
2026-10-04T14:13:08Z,shippingservice,productcatalogservice,0,0,0,0,0,0,0
2026-10-04T14:13:08Z,shippingservice,recommendationservice,0,0,0,0,0,0,0
2026-10-04T14:13:08Z,shippingservice,redis-cart,0,0,0,0,0,0,0
2026-10-04T14:13:08Z,shippingservice,shippingservice,0,0,0,0,0,0,0
2026-10-04T14:13:09Z,adservice,adservice,0,0,0,0,0,0,0
2026-10-04T14:13:09Z,adservice,cartservice,0,0,0,0,0,0,0
2026-10-04T14:13:09Z,adservice,checkoutservice,0,0,0,0,0,0,0
2026-10-04T14:13:09Z,adservice,currencyservice,0,0,0,0,0,0,0
2026-10-04T14:13:09Z,adservice,emailservice,0,0,0,0,0,0,0
2026-10-04T14:13:09Z,adservice,frontend,0,0,0,0,0,0,0
2026-10-04T14:13:09Z,adservice,kubernetes,0,0,0,0,0,0,0
2026-10-04T14:13:09Z,adservice,paymentservice,0,0,0,0,0,0,0
2026-10-04T14:13:09Z,adservice,productcatalogservice,0,0,0,0,0,0,0
2026-10-04T14:13:09Z,adservice,recommendationservice,0,0,0,0,0,0,0
2026-10-04T14:13:09Z,adservice,redis-cart,0,0,0,0,0,0,0
2026-10-04T14:13:09Z,adservice,shippingservice,0,0,0,0,0,0,0
2026-10-04T14:13:09Z,cartservice,adservice,0,0,0,0,0,0,0
2026-10-04T14:13:09Z,cartservice,cartservice,0,0,0,0,0,0,0
2026-10-04T14:13:09Z,cartservice,checkoutservice,0,0,0,0,0,0,0
2026-10-04T14:13:09Z,cartservice,currencyservice,0,0,0,0,0,0,0
2026-10-04T14:13:09Z,cartservice,emailservice,0,0,0,0,0,0,0
2026-10-04T14:13:09Z,cartservice,frontend,0,0,0,0,0,0,0
2026-10-04T14:13:09Z,cartservice,kubernetes,0,0,0,0,0,0,0
2026-10-04T14:13:09Z,cartservice,paymentservice,0,0,0,0,0,0,0
2026-10-04T14:13:09Z,cartservice,productcatalogservice,0,0,0,0,0,0,0
2026-10-04T14:13:09Z,cartservice,recommendationservice,0,0,0,0,0,0,0
2026-10-04T14:13:09Z,cartservice,redis-cart,2,0,0,0,0,0,0
2026-10-04T14:13:09Z,cartservice,shippingservice,0,0,0,0,0,0,0
2026-10-04T14:13:09Z,checkoutservice,adservice,0,0,0,0,0,0,0
2026-10-04T14:13:09Z,checkoutservice,cartservice,79861,78929,0,100,0,788207,78662
2026-10-04T14:13:09Z,checkoutservice,checkoutservice,0,0,0,0,0,0,0
2026-10-04T14:13:09Z,checkoutservice,currencyservice,51328,51328,0,0,0,607576,51195
2026-10-04T14:13:09Z,checkoutservice,emailservice,22565,22272,0,66,0,708660,22137
2026-10-04T14:13:09Z,checkoutservice,frontend,0,0,0,0,0,0,0
2026-10-04T14:13:09Z,checkoutservice,kubernetes,0,0,0,0,0,0,0
2026-10-04T14:13:09Z,checkoutservice,paymentservice,44594,42746,0,192,0,482547,42465
2026-10-04T14:13:09Z,checkoutservice,productcatalogservice,0,0,0,0,0,0,0
2026-10-04T14:13:09Z,checkoutservice,recommendationservice,0,0,0,0,0,0,0
2026-10-04T14:13:09Z,checkoutservice,redis-cart,0,0,0,0,0,0,0
2026-10-04T14:13:09Z,checkoutservice,shippingservice,85172,83069,0,154,0,553627,82800
2026-10-04T14:13:09Z,currencyservice,adservice,0,0,0,0,0,0,0
2026-10-04T14:13:09Z,currencyservice,cartservice,0,0,0,0,0,0,0
2026-10-04T14:13:09Z,currencyservice,checkoutservice,0,0,0,0,0,0,0
2026-10-04T14:13:09Z,currencyservice,currencyservice,0,0,0,0,0,0,0
2026-10-04T14:13:09Z,currencyservice,emailservice,0,0,0,0,0,0,0
2026-10-04T14:13:09Z,currencyservice,frontend,0,0,0,0,0,0,0
2026-10-04T14:13:09Z,currencyservice,kubernetes,0,0,0,0,0,0,0
2026-10-04T14:13:09Z,currencyservice,paymentservice,0,0,0,0,0,0,0
2026-10-04T14:13:09Z,currencyservice,productcatalogservice,0,0,0,0,0,0,0
2026-10-04T14:13:09Z,currencyservice,recommendationservice,0,0,0,0,0,0,0
2026-10-04T14:13:09Z,currencyservice,redis-cart,0,0,0,0,0,0,0
2026-10-04T14:13:09Z,currencyservice,shippingservice,0,0,0,0,0,0,0
2026-10-04T14:13:09Z,emailservice,adservice,0,0,0,0,0,0,0
2026-10-04T14:13:09Z,emailservice,cartservice,0,0,0,0,0,0,0
2026-10-04T14:13:09Z,emailservice,checkoutservice,0,0,0,0,0,0,0
2026-10-04T14:13:09Z,emailservice,currencyservice,0,0,0,0,0,0,0
2026-10-04T14:13:09Z,emailservice,emailservice,0,0,0,0,0,0,0
2026-10-04T14:13:09Z,emailservice,frontend,0,0,0,0,0,0,0
2026-10-04T14:13:09Z,emailservice,kubernetes,0,0,0,0,0,0,0
2026-10-04T14:13:09Z,emailservice,paymentservice,0,0,0,0,0,0,0
2026-10-04T14:13:09Z,emailservice,productcatalogservice,0,0,0,0,0,0,0
2026-10-04T14:13:09Z,emailservice,recommendationservice,0,0,0,0,0,0,0
2026-10-04T14:13:09Z,emailservice,redis-cart,0,0,0,0,0,0,0
2026-10-04T14:13:09Z,emailservice,shippingservice,0,0,0,0,0,0,0
2026-10-04T14:13:09Z,frontend,adservice,874690,874688,0,0,0,2631095,874461
2026-10-04T14:13:09Z,frontend,cartservice,1965495,1965483,0,0,4,10802959,1964838
2026-10-04T14:13:09Z,frontend,checkoutservice,410327,200353,0,40061,169951,63919894,200258
2026-10-04T14:13:09Z,frontend,currencyservice,3123086,3123077,0,0,0,16296065,3122019
2026-10-04T14:13:09Z,frontend,emailservice,0,0,0,0,0,0,0
2026-10-04T14:13:09Z,frontend,frontend,0,0,0,0,0,0,0
2026-10-04T14:13:09Z,frontend,kubernetes,0,0,0,0,0,0,0
2026-10-04T14:13:09Z,frontend,paymentservice,0,0,0,0,0,0,0
2026-10-04T14:13:09Z,frontend,productcatalogservice,8710885,8710815,0,0,0,59316637,8708350
2026-10-04T14:13:09Z,frontend,recommendationservice,2890925,1735615,0,121865,1030913,886359291,1735054
2026-10-04T14:13:09Z,frontend,redis-cart,0,0,0,0,0,0,0
2026-10-04T14:13:09Z,frontend,shippingservice,320619,320617,0,0,0,965230,320530
2026-10-04T14:13:09Z,paymentservice,adservice,0,0,0,0,0,0,0
2026-10-04T14:13:09Z,paymentservice,cartservice,0,0,0,0,0,0,0
2026-10-04T14:13:09Z,paymentservice,checkoutservice,0,0,0,0,0,0,0
2026-10-04T14:13:09Z,paymentservice,currencyservice,0,0,0,0,0,0,0
2026-10-04T14:13:09Z,paymentservice,emailservice,0,0,0,0,0,0,0
2026-10-04T14:13:09Z,paymentservice,frontend,0,0,0,0,0,0,0
2026-10-04T14:13:09Z,paymentservice,kubernetes,0,0,0,0,0,0,0
2026-10-04T14:13:09Z,paymentservice,paymentservice,0,0,0,0,0,0,0
2026-10-04T14:13:09Z,paymentservice,productcatalogservice,0,0,0,0,0,0,0
2026-10-04T14:13:09Z,paymentservice,recommendationservice,0,0,0,0,0,0,0
2026-10-04T14:13:09Z,paymentservice,redis-cart,0,0,0,0,0,0,0
2026-10-04T14:13:09Z,paymentservice,shippingservice,0,0,0,0,0,0,0
2026-10-04T14:13:09Z,productcatalogservice,adservice,0,0,0,0,0,0,0
2026-10-04T14:13:09Z,productcatalogservice,cartservice,0,0,0,0,0,0,0
2026-10-04T14:13:09Z,productcatalogservice,checkoutservice,0,0,0,0,0,0,0
2026-10-04T14:13:09Z,productcatalogservice,currencyservice,0,0,0,0,0,0,0
2026-10-04T14:13:09Z,productcatalogservice,emailservice,0,0,0,0,0,0,0
2026-10-04T14:13:09Z,productcatalogservice,frontend,0,0,0,0,0,0,0
2026-10-04T14:13:09Z,productcatalogservice,kubernetes,0,0,0,0,0,0,0
2026-10-04T14:13:09Z,productcatalogservice,paymentservice,0,0,0,0,0,0,0
2026-10-04T14:13:09Z,productcatalogservice,productcatalogservice,0,0,0,0,0,0,0
2026-10-04T14:13:09Z,productcatalogservice,recommendationservice,0,0,0,0,0,0,0
2026-10-04T14:13:09Z,productcatalogservice,redis-cart,0,0,0,0,0,0,0
2026-10-04T14:13:09Z,productcatalogservice,shippingservice,0,0,0,0,0,0,0
2026-10-04T14:13:09Z,recommendationservice,adservice,0,0,0,0,0,0,0
2026-10-04T14:13:09Z,recommendationservice,cartservice,0,0,0,0,0,0,0
2026-10-04T14:13:09Z,recommendationservice,checkoutservice,0,0,0,0,0,0,0
2026-10-04T14:13:09Z,recommendationservice,currencyservice,0,0,0,0,0,0,0
2026-10-04T14:13:09Z,recommendationservice,emailservice,0,0,0,0,0,0,0
2026-10-04T14:13:09Z,recommendationservice,frontend,0,0,0,0,0,0,0
2026-10-04T14:13:09Z,recommendationservice,kubernetes,0,0,0,0,0,0,0
2026-10-04T14:13:09Z,recommendationservice,paymentservice,0,0,0,0,0,0,0
2026-10-04T14:13:09Z,recommendationservice,productcatalogservice,241704,241697,0,0,0,1543493,239933
2026-10-04T14:13:09Z,recommendationservice,recommendationservice,0,0,0,0,0,0,0
2026-10-04T14:13:09Z,recommendationservice,redis-cart,0,0,0,0,0,0,0
2026-10-04T14:13:09Z,recommendationservice,shippingservice,0,0,0,0,0,0,0
2026-10-04T14:13:09Z,redis-cart,adservice,0,0,0,0,0,0,0
2026-10-04T14:13:09Z,redis-cart,cartservice,0,0,0,0,0,0,0
2026-10-04T14:13:09Z,redis-cart,checkoutservice,0,0,0,0,0,0,0
2026-10-04T14:13:09Z,redis-cart,currencyservice,0,0,0,0,0,0,0
2026-10-04T14:13:09Z,redis-cart,emailservice,0,0,0,0,0,0,0
2026-10-04T14:13:09Z,redis-cart,frontend,0,0,0,0,0,0,0
2026-10-04T14:13:09Z,redis-cart,kubernetes,0,0,0,0,0,0,0
2026-10-04T14:13:09Z,redis-cart,paymentservice,0,0,0,0,0,0,0
2026-10-04T14:13:09Z,redis-cart,productcatalogservice,0,0,0,0,0,0,0
2026-10-04T14:13:09Z,redis-cart,recommendationservice,0,0,0,0,0,0,0
2026-10-04T14:13:09Z,redis-cart,redis-cart,0,0,0,0,0,0,0
2026-10-04T14:13:09Z,redis-cart,shippingservice,0,0,0,0,0,0,0
2026-10-04T14:13:09Z,shippingservice,adservice,0,0,0,0,0,0,0
2026-10-04T14:13:09Z,shippingservice,cartservice,0,0,0,0,0,0,0
2026-10-04T14:13:09Z,shippingservice,checkoutservice,0,0,0,0,0,0,0
2026-10-04T14:13:09Z,shippingservice,currencyservice,0,0,0,0,0,0,0
2026-10-04T14:13:09Z,shippingservice,emailservice,0,0,0,0,0,0,0
2026-10-04T14:13:09Z,shippingservice,frontend,0,0,0,0,0,0,0
2026-10-04T14:13:09Z,shippingservice,kubernetes,0,0,0,0,0,0,0
2026-10-04T14:13:09Z,shippingservice,paymentservice,0,0,0,0,0,0,0
2026-10-04T14:13:09Z,shippingservice,productcatalogservice,0,0,0,0,0,0,0
2026-10-04T14:13:09Z,shippingservice,recommendationservice,0,0,0,0,0,0,0
2026-10-04T14:13:09Z,shippingservice,redis-cart,0,0,0,0,0,0,0
2026-10-04T14:13:09Z,shippingservice,shippingservice,0,0,0,0,0,0,0
2026-10-04T14:13:10Z,adservice,adservice,0,0,0,0,0,0,0
2026-10-04T14:13:10Z,adservice,cartservice,0,0,0,0,0,0,0
2026-10-04T14:13:10Z,adservice,checkoutservice,0,0,0,0,0,0,0
2026-10-04T14:13:10Z,adservice,currencyservice,0,0,0,0,0,0,0
2026-10-04T14:13:10Z,adservice,emailservice,0,0,0,0,0,0,0
2026-10-04T14:13:10Z,adservice,frontend,0,0,0,0,0,0,0
2026-10-04T14:13:10Z,adservice,kubernetes,0,0,0,0,0,0,0
2026-10-04T14:13:10Z,adservice,paymentservice,0,0,0,0,0,0,0
2026-10-04T14:13:10Z,adservice,productcatalogservice,0,0,0,0,0,0,0
2026-10-04T14:13:10Z,adservice,recommendationservice,0,0,0,0,0,0,0
2026-10-04T14:13:10Z,adservice,redis-cart,0,0,0,0,0,0,0
2026-10-04T14:13:10Z,adservice,shippingservice,0,0,0,0,0,0,0
2026-10-04T14:13:10Z,cartservice,adservice,0,0,0,0,0,0,0
2026-10-04T14:13:10Z,cartservice,cartservice,0,0,0,0,0,0,0
2026-10-04T14:13:10Z,cartservice,checkoutservice,0,0,0,0,0,0,0
2026-10-04T14:13:10Z,cartservice,currencyservice,0,0,0,0,0,0,0
2026-10-04T14:13:10Z,cartservice,emailservice,0,0,0,0,0,0,0
2026-10-04T14:13:10Z,cartservice,frontend,0,0,0,0,0,0,0
2026-10-04T14:13:10Z,cartservice,kubernetes,0,0,0,0,0,0,0
2026-10-04T14:13:10Z,cartservice,paymentservice,0,0,0,0,0,0,0
2026-10-04T14:13:10Z,cartservice,productcatalogservice,0,0,0,0,0,0,0
2026-10-04T14:13:10Z,cartservice,recommendationservice,0,0,0,0,0,0,0
2026-10-04T14:13:10Z,cartservice,redis-cart,2,0,0,0,0,0,0
2026-10-04T14:13:10Z,cartservice,shippingservice,0,0,0,0,0,0,0
2026-10-04T14:13:10Z,checkoutservice,adservice,0,0,0,0,0,0,0
2026-10-04T14:13:10Z,checkoutservice,cartservice,79993,79061,0,100,0,788207,78662
2026-10-04T14:13:10Z,checkoutservice,checkoutservice,0,0,0,0,0,0,0
2026-10-04T14:13:10Z,checkoutservice,currencyservice,51394,51394,0,0,0,607576,51195
2026-10-04T14:13:10Z,checkoutservice,emailservice,22631,22335,0,66,0,708660,22137
2026-10-04T14:13:10Z,checkoutservice,frontend,0,0,0,0,0,0,0
2026-10-04T14:13:10Z,checkoutservice,kubernetes,0,0,0,0,0,0,0
2026-10-04T14:13:10Z,checkoutservice,paymentservice,44660,42812,0,192,0,482547,42465
2026-10-04T14:13:10Z,checkoutservice,productcatalogservice,0,0,0,0,0,0,0
2026-10-04T14:13:10Z,checkoutservice,recommendationservice,0,0,0,0,0,0,0
2026-10-04T14:13:10Z,checkoutservice,redis-cart,0,0,0,0,0,0,0
2026-10-04T14:13:10Z,checkoutservice,shippingservice,85304,83201,0,154,0,553627,82800
2026-10-04T14:13:10Z,currencyservice,adservice,0,0,0,0,0,0,0
2026-10-04T14:13:10Z,currencyservice,cartservice,0,0,0,0,0,0,0
2026-10-04T14:13:10Z,currencyservice,checkoutservice,0,0,0,0,0,0,0
2026-10-04T14:13:10Z,currencyservice,currencyservice,0,0,0,0,0,0,0
2026-10-04T14:13:10Z,currencyservice,emailservice,0,0,0,0,0,0,0
2026-10-04T14:13:10Z,currencyservice,frontend,0,0,0,0,0,0,0
2026-10-04T14:13:10Z,currencyservice,kubernetes,0,0,0,0,0,0,0
2026-10-04T14:13:10Z,currencyservice,paymentservice,0,0,0,0,0,0,0
2026-10-04T14:13:10Z,currencyservice,productcatalogservice,0,0,0,0,0,0,0
2026-10-04T14:13:10Z,currencyservice,recommendationservice,0,0,0,0,0,0,0
2026-10-04T14:13:10Z,currencyservice,redis-cart,0,0,0,0,0,0,0
2026-10-04T14:13:10Z,currencyservice,shippingservice,0,0,0,0,0,0,0
2026-10-04T14:13:10Z,emailservice,adservice,0,0,0,0,0,0,0
2026-10-04T14:13:10Z,emailservice,cartservice,0,0,0,0,0,0,0
2026-10-04T14:13:10Z,emailservice,checkoutservice,0,0,0,0,0,0,0
2026-10-04T14:13:10Z,emailservice,currencyservice,0,0,0,0,0,0,0
2026-10-04T14:13:10Z,emailservice,emailservice,0,0,0,0,0,0,0
2026-10-04T14:13:10Z,emailservice,frontend,0,0,0,0,0,0,0
2026-10-04T14:13:10Z,emailservice,kubernetes,0,0,0,0,0,0,0
2026-10-04T14:13:10Z,emailservice,paymentservice,0,0,0,0,0,0,0
2026-10-04T14:13:10Z,emailservice,productcatalogservice,0,0,0,0,0,0,0
2026-10-04T14:13:10Z,emailservice,recommendationservice,0,0,0,0,0,0,0
2026-10-04T14:13:10Z,emailservice,redis-cart,0,0,0,0,0,0,0
2026-10-04T14:13:10Z,emailservice,shippingservice,0,0,0,0,0,0,0
2026-10-04T14:13:10Z,frontend,adservice,874866,874864,0,0,0,2631451,874612
2026-10-04T14:13:10Z,frontend,cartservice,1965923,1965907,0,0,4,10804776,1965250
2026-10-04T14:13:10Z,frontend,checkoutservice,410389,200410,0,40061,169951,63926009,200313
2026-10-04T14:13:10Z,frontend,currencyservice,3123786,3123777,0,0,0,16299025,3122692
2026-10-04T14:13:10Z,frontend,emailservice,0,0,0,0,0,0,0
2026-10-04T14:13:10Z,frontend,frontend,0,0,0,0,0,0,0
2026-10-04T14:13:10Z,frontend,kubernetes,0,0,0,0,0,0,0
2026-10-04T14:13:10Z,frontend,paymentservice,0,0,0,0,0,0,0
2026-10-04T14:13:10Z,frontend,productcatalogservice,8712837,8712757,0,0,0,59327101,8709941
2026-10-04T14:13:10Z,frontend,recommendationservice,2891683,1735997,0,121917,1031246,886684481,1735429
2026-10-04T14:13:10Z,frontend,redis-cart,0,0,0,0,0,0,0
2026-10-04T14:13:10Z,frontend,shippingservice,320703,320701,0,0,0,965322,320577
2026-10-04T14:13:10Z,paymentservice,adservice,0,0,0,0,0,0,0
2026-10-04T14:13:10Z,paymentservice,cartservice,0,0,0,0,0,0,0
2026-10-04T14:13:10Z,paymentservice,checkoutservice,0,0,0,0,0,0,0
2026-10-04T14:13:10Z,paymentservice,currencyservice,0,0,0,0,0,0,0
2026-10-04T14:13:10Z,paymentservice,emailservice,0,0,0,0,0,0,0
2026-10-04T14:13:10Z,paymentservice,frontend,0,0,0,0,0,0,0
2026-10-04T14:13:10Z,paymentservice,kubernetes,0,0,0,0,0,0,0
2026-10-04T14:13:10Z,paymentservice,paymentservice,0,0,0,0,0,0,0
2026-10-04T14:13:10Z,paymentservice,productcatalogservice,0,0,0,0,0,0,0
2026-10-04T14:13:10Z,paymentservice,recommendationservice,0,0,0,0,0,0,0
2026-10-04T14:13:10Z,paymentservice,redis-cart,0,0,0,0,0,0,0
2026-10-04T14:13:10Z,paymentservice,shippingservice,0,0,0,0,0,0,0
2026-10-04T14:13:10Z,productcatalogservice,adservice,0,0,0,0,0,0,0
2026-10-04T14:13:10Z,productcatalogservice,cartservice,0,0,0,0,0,0,0
2026-10-04T14:13:10Z,productcatalogservice,checkoutservice,0,0,0,0,0,0,0
2026-10-04T14:13:10Z,productcatalogservice,currencyservice,0,0,0,0,0,0,0
2026-10-04T14:13:10Z,productcatalogservice,emailservice,0,0,0,0,0,0,0
2026-10-04T14:13:10Z,productcatalogservice,frontend,0,0,0,0,0,0,0
2026-10-04T14:13:10Z,productcatalogservice,kubernetes,0,0,0,0,0,0,0
2026-10-04T14:13:10Z,productcatalogservice,paymentservice,0,0,0,0,0,0,0
2026-10-04T14:13:10Z,productcatalogservice,productcatalogservice,0,0,0,0,0,0,0
2026-10-04T14:13:10Z,productcatalogservice,recommendationservice,0,0,0,0,0,0,0
2026-10-04T14:13:10Z,productcatalogservice,redis-cart,0,0,0,0,0,0,0
2026-10-04T14:13:10Z,productcatalogservice,shippingservice,0,0,0,0,0,0,0
2026-10-04T14:13:10Z,recommendationservice,adservice,0,0,0,0,0,0,0
2026-10-04T14:13:10Z,recommendationservice,cartservice,0,0,0,0,0,0,0
2026-10-04T14:13:10Z,recommendationservice,checkoutservice,0,0,0,0,0,0,0
2026-10-04T14:13:10Z,recommendationservice,currencyservice,0,0,0,0,0,0,0
2026-10-04T14:13:10Z,recommendationservice,emailservice,0,0,0,0,0,0,0
2026-10-04T14:13:10Z,recommendationservice,frontend,0,0,0,0,0,0,0
2026-10-04T14:13:10Z,recommendationservice,kubernetes,0,0,0,0,0,0,0
2026-10-04T14:13:10Z,recommendationservice,paymentservice,0,0,0,0,0,0,0
2026-10-04T14:13:10Z,recommendationservice,productcatalogservice,242123,242113,0,0,0,1543493,239933
2026-10-04T14:13:10Z,recommendationservice,recommendationservice,0,0,0,0,0,0,0
2026-10-04T14:13:10Z,recommendationservice,redis-cart,0,0,0,0,0,0,0
2026-10-04T14:13:10Z,recommendationservice,shippingservice,0,0,0,0,0,0,0
2026-10-04T14:13:10Z,redis-cart,adservice,0,0,0,0,0,0,0
2026-10-04T14:13:10Z,redis-cart,cartservice,0,0,0,0,0,0,0
2026-10-04T14:13:10Z,redis-cart,checkoutservice,0,0,0,0,0,0,0
2026-10-04T14:13:10Z,redis-cart,currencyservice,0,0,0,0,0,0,0
2026-10-04T14:13:10Z,redis-cart,emailservice,0,0,0,0,0,0,0
2026-10-04T14:13:10Z,redis-cart,frontend,0,0,0,0,0,0,0
2026-10-04T14:13:10Z,redis-cart,kubernetes,0,0,0,0,0,0,0
2026-10-04T14:13:10Z,redis-cart,paymentservice,0,0,0,0,0,0,0
2026-10-04T14:13:10Z,redis-cart,productcatalogservice,0,0,0,0,0,0,0
2026-10-04T14:13:10Z,redis-cart,recommendationservice,0,0,0,0,0,0,0
2026-10-04T14:13:10Z,redis-cart,redis-cart,0,0,0,0,0,0,0
2026-10-04T14:13:10Z,redis-cart,shippingservice,0,0,0,0,0,0,0
2026-10-04T14:13:10Z,shippingservice,adservice,0,0,0,0,0,0,0
2026-10-04T14:13:10Z,shippingservice,cartservice,0,0,0,0,0,0,0
2026-10-04T14:13:10Z,shippingservice,checkoutservice,0,0,0,0,0,0,0
2026-10-04T14:13:10Z,shippingservice,currencyservice,0,0,0,0,0,0,0
2026-10-04T14:13:10Z,shippingservice,emailservice,0,0,0,0,0,0,0
2026-10-04T14:13:10Z,shippingservice,frontend,0,0,0,0,0,0,0
2026-10-04T14:13:10Z,shippingservice,kubernetes,0,0,0,0,0,0,0
2026-10-04T14:13:10Z,shippingservice,paymentservice,0,0,0,0,0,0,0
2026-10-04T14:13:10Z,shippingservice,productcatalogservice,0,0,0,0,0,0,0
2026-10-04T14:13:10Z,shippingservice,recommendationservice,0,0,0,0,0,0,0
2026-10-04T14:13:10Z,shippingservice,redis-cart,0,0,0,0,0,0,0
2026-10-04T14:13:10Z,shippingservice,shippingservice,0,0,0,0,0,0,0
2026-10-04T14:13:11Z,adservice,adservice,0,0,0,0,0,0,0
2026-10-04T14:13:11Z,adservice,cartservice,0,0,0,0,0,0,0
2026-10-04T14:13:11Z,adservice,checkoutservice,0,0,0,0,0,0,0
2026-10-04T14:13:11Z,adservice,currencyservice,0,0,0,0,0,0,0
2026-10-04T14:13:11Z,adservice,emailservice,0,0,0,0,0,0,0
2026-10-04T14:13:11Z,adservice,frontend,0,0,0,0,0,0,0
2026-10-04T14:13:11Z,adservice,kubernetes,0,0,0,0,0,0,0
2026-10-04T14:13:11Z,adservice,paymentservice,0,0,0,0,0,0,0
2026-10-04T14:13:11Z,adservice,productcatalogservice,0,0,0,0,0,0,0
2026-10-04T14:13:11Z,adservice,recommendationservice,0,0,0,0,0,0,0
2026-10-04T14:13:11Z,adservice,redis-cart,0,0,0,0,0,0,0
2026-10-04T14:13:11Z,adservice,shippingservice,0,0,0,0,0,0,0
2026-10-04T14:13:11Z,cartservice,adservice,0,0,0,0,0,0,0
2026-10-04T14:13:11Z,cartservice,cartservice,0,0,0,0,0,0,0
2026-10-04T14:13:11Z,cartservice,checkoutservice,0,0,0,0,0,0,0
2026-10-04T14:13:11Z,cartservice,currencyservice,0,0,0,0,0,0,0
2026-10-04T14:13:11Z,cartservice,emailservice,0,0,0,0,0,0,0
2026-10-04T14:13:11Z,cartservice,frontend,0,0,0,0,0,0,0
2026-10-04T14:13:11Z,cartservice,kubernetes,0,0,0,0,0,0,0
2026-10-04T14:13:11Z,cartservice,paymentservice,0,0,0,0,0,0,0
2026-10-04T14:13:11Z,cartservice,productcatalogservice,0,0,0,0,0,0,0
2026-10-04T14:13:11Z,cartservice,recommendationservice,0,0,0,0,0,0,0
2026-10-04T14:13:11Z,cartservice,redis-cart,2,0,0,0,0,0,0
2026-10-04T14:13:11Z,cartservice,shippingservice,0,0,0,0,0,0,0
2026-10-04T14:13:11Z,checkoutservice,adservice,0,0,0,0,0,0,0
2026-10-04T14:13:11Z,checkoutservice,cartservice,80124,79191,0,100,0,788207,78662
2026-10-04T14:13:11Z,checkoutservice,checkoutservice,0,0,0,0,0,0,0
2026-10-04T14:13:11Z,checkoutservice,currencyservice,51460,51459,0,0,0,607576,51195
2026-10-04T14:13:11Z,checkoutservice,emailservice,22694,22400,0,66,0,708660,22137
2026-10-04T14:13:11Z,checkoutservice,frontend,0,0,0,0,0,0,0
2026-10-04T14:13:11Z,checkoutservice,kubernetes,0,0,0,0,0,0,0
2026-10-04T14:13:11Z,checkoutservice,paymentservice,44724,42875,0,192,0,482547,42465
2026-10-04T14:13:11Z,checkoutservice,productcatalogservice,0,0,0,0,0,0,0
2026-10-04T14:13:11Z,checkoutservice,recommendationservice,0,0,0,0,0,0,0
2026-10-04T14:13:11Z,checkoutservice,redis-cart,0,0,0,0,0,0,0
2026-10-04T14:13:11Z,checkoutservice,shippingservice,85434,83331,0,154,0,553627,82800
2026-10-04T14:13:11Z,currencyservice,adservice,0,0,0,0,0,0,0
2026-10-04T14:13:11Z,currencyservice,cartservice,0,0,0,0,0,0,0
2026-10-04T14:13:11Z,currencyservice,checkoutservice,0,0,0,0,0,0,0
2026-10-04T14:13:11Z,currencyservice,currencyservice,0,0,0,0,0,0,0
2026-10-04T14:13:11Z,currencyservice,emailservice,0,0,0,0,0,0,0
2026-10-04T14:13:11Z,currencyservice,frontend,0,0,0,0,0,0,0
2026-10-04T14:13:11Z,currencyservice,kubernetes,0,0,0,0,0,0,0
2026-10-04T14:13:11Z,currencyservice,paymentservice,0,0,0,0,0,0,0
2026-10-04T14:13:11Z,currencyservice,productcatalogservice,0,0,0,0,0,0,0
2026-10-04T14:13:11Z,currencyservice,recommendationservice,0,0,0,0,0,0,0
2026-10-04T14:13:11Z,currencyservice,redis-cart,0,0,0,0,0,0,0
2026-10-04T14:13:11Z,currencyservice,shippingservice,0,0,0,0,0,0,0
2026-10-04T14:13:11Z,emailservice,adservice,0,0,0,0,0,0,0
2026-10-04T14:13:11Z,emailservice,cartservice,0,0,0,0,0,0,0
2026-10-04T14:13:11Z,emailservice,checkoutservice,0,0,0,0,0,0,0
2026-10-04T14:13:11Z,emailservice,currencyservice,0,0,0,0,0,0,0
2026-10-04T14:13:11Z,emailservice,emailservice,0,0,0,0,0,0,0
2026-10-04T14:13:11Z,emailservice,frontend,0,0,0,0,0,0,0
2026-10-04T14:13:11Z,emailservice,kubernetes,0,0,0,0,0,0,0
2026-10-04T14:13:11Z,emailservice,paymentservice,0,0,0,0,0,0,0
2026-10-04T14:13:11Z,emailservice,productcatalogservice,0,0,0,0,0,0,0
2026-10-04T14:13:11Z,emailservice,recommendationservice,0,0,0,0,0,0,0
2026-10-04T14:13:11Z,emailservice,redis-cart,0,0,0,0,0,0,0
2026-10-04T14:13:11Z,emailservice,shippingservice,0,0,0,0,0,0,0
2026-10-04T14:13:11Z,frontend,adservice,875005,875003,0,0,0,2631451,874612
2026-10-04T14:13:11Z,frontend,cartservice,1966283,1966270,0,0,4,10804776,1965250
2026-10-04T14:13:11Z,frontend,checkoutservice,410458,200473,0,40061,169951,63926009,200313
2026-10-04T14:13:11Z,frontend,currencyservice,3124375,3124359,0,0,0,16299025,3122692
2026-10-04T14:13:11Z,frontend,emailservice,0,0,0,0,0,0,0
2026-10-04T14:13:11Z,frontend,frontend,0,0,0,0,0,0,0
2026-10-04T14:13:11Z,frontend,kubernetes,0,0,0,0,0,0,0
2026-10-04T14:13:11Z,frontend,paymentservice,0,0,0,0,0,0,0
2026-10-04T14:13:11Z,frontend,productcatalogservice,8714460,8714376,0,0,0,59327101,8709941
2026-10-04T14:13:11Z,frontend,recommendationservice,2892329,1736339,0,121956,1031531,886684481,1735429
2026-10-04T14:13:11Z,frontend,redis-cart,0,0,0,0,0,0,0
2026-10-04T14:13:11Z,frontend,shippingservice,320755,320752,0,0,0,965322,320577
2026-10-04T14:13:11Z,paymentservice,adservice,0,0,0,0,0,0,0
2026-10-04T14:13:11Z,paymentservice,cartservice,0,0,0,0,0,0,0
2026-10-04T14:13:11Z,paymentservice,checkoutservice,0,0,0,0,0,0,0
2026-10-04T14:13:11Z,paymentservice,currencyservice,0,0,0,0,0,0,0
2026-10-04T14:13:11Z,paymentservice,emailservice,0,0,0,0,0,0,0
2026-10-04T14:13:11Z,paymentservice,frontend,0,0,0,0,0,0,0
2026-10-04T14:13:11Z,paymentservice,kubernetes,0,0,0,0,0,0,0
2026-10-04T14:13:11Z,paymentservice,paymentservice,0,0,0,0,0,0,0
2026-10-04T14:13:11Z,paymentservice,productcatalogservice,0,0,0,0,0,0,0
2026-10-04T14:13:11Z,paymentservice,recommendationservice,0,0,0,0,0,0,0
2026-10-04T14:13:11Z,paymentservice,redis-cart,0,0,0,0,0,0,0
2026-10-04T14:13:11Z,paymentservice,shippingservice,0,0,0,0,0,0,0
2026-10-04T14:13:11Z,productcatalogservice,adservice,0,0,0,0,0,0,0
2026-10-04T14:13:11Z,productcatalogservice,cartservice,0,0,0,0,0,0,0
2026-10-04T14:13:11Z,productcatalogservice,checkoutservice,0,0,0,0,0,0,0
2026-10-04T14:13:11Z,productcatalogservice,currencyservice,0,0,0,0,0,0,0
2026-10-04T14:13:11Z,productcatalogservice,emailservice,0,0,0,0,0,0,0
2026-10-04T14:13:11Z,productcatalogservice,frontend,0,0,0,0,0,0,0
2026-10-04T14:13:11Z,productcatalogservice,kubernetes,0,0,0,0,0,0,0
2026-10-04T14:13:11Z,productcatalogservice,paymentservice,0,0,0,0,0,0,0
2026-10-04T14:13:11Z,productcatalogservice,productcatalogservice,0,0,0,0,0,0,0
2026-10-04T14:13:11Z,productcatalogservice,recommendationservice,0,0,0,0,0,0,0
2026-10-04T14:13:11Z,productcatalogservice,redis-cart,0,0,0,0,0,0,0
2026-10-04T14:13:11Z,productcatalogservice,shippingservice,0,0,0,0,0,0,0
2026-10-04T14:13:11Z,recommendationservice,adservice,0,0,0,0,0,0,0
2026-10-04T14:13:11Z,recommendationservice,cartservice,0,0,0,0,0,0,0
2026-10-04T14:13:11Z,recommendationservice,checkoutservice,0,0,0,0,0,0,0
2026-10-04T14:13:11Z,recommendationservice,currencyservice,0,0,0,0,0,0,0
2026-10-04T14:13:11Z,recommendationservice,emailservice,0,0,0,0,0,0,0
2026-10-04T14:13:11Z,recommendationservice,frontend,0,0,0,0,0,0,0
2026-10-04T14:13:11Z,recommendationservice,kubernetes,0,0,0,0,0,0,0
2026-10-04T14:13:11Z,recommendationservice,paymentservice,0,0,0,0,0,0,0
2026-10-04T14:13:11Z,recommendationservice,productcatalogservice,242547,242547,0,0,0,1555630,242123
2026-10-04T14:13:11Z,recommendationservice,recommendationservice,0,0,0,0,0,0,0
2026-10-04T14:13:11Z,recommendationservice,redis-cart,0,0,0,0,0,0,0
2026-10-04T14:13:11Z,recommendationservice,shippingservice,0,0,0,0,0,0,0
2026-10-04T14:13:11Z,redis-cart,adservice,0,0,0,0,0,0,0
2026-10-04T14:13:11Z,redis-cart,cartservice,0,0,0,0,0,0,0
2026-10-04T14:13:11Z,redis-cart,checkoutservice,0,0,0,0,0,0,0
2026-10-04T14:13:11Z,redis-cart,currencyservice,0,0,0,0,0,0,0
2026-10-04T14:13:11Z,redis-cart,emailservice,0,0,0,0,0,0,0
2026-10-04T14:13:11Z,redis-cart,frontend,0,0,0,0,0,0,0
2026-10-04T14:13:11Z,redis-cart,kubernetes,0,0,0,0,0,0,0
2026-10-04T14:13:11Z,redis-cart,paymentservice,0,0,0,0,0,0,0
2026-10-04T14:13:11Z,redis-cart,productcatalogservice,0,0,0,0,0,0,0
2026-10-04T14:13:11Z,redis-cart,recommendationservice,0,0,0,0,0,0,0
2026-10-04T14:13:11Z,redis-cart,redis-cart,0,0,0,0,0,0,0
2026-10-04T14:13:11Z,redis-cart,shippingservice,0,0,0,0,0,0,0
2026-10-04T14:13:11Z,shippingservice,adservice,0,0,0,0,0,0,0
2026-10-04T14:13:11Z,shippingservice,cartservice,0,0,0,0,0,0,0
2026-10-04T14:13:11Z,shippingservice,checkoutservice,0,0,0,0,0,0,0
2026-10-04T14:13:11Z,shippingservice,currencyservice,0,0,0,0,0,0,0
2026-10-04T14:13:11Z,shippingservice,emailservice,0,0,0,0,0,0,0
2026-10-04T14:13:11Z,shippingservice,frontend,0,0,0,0,0,0,0
2026-10-04T14:13:11Z,shippingservice,kubernetes,0,0,0,0,0,0,0
2026-10-04T14:13:11Z,shippingservice,paymentservice,0,0,0,0,0,0,0
2026-10-04T14:13:11Z,shippingservice,productcatalogservice,0,0,0,0,0,0,0
2026-10-04T14:13:11Z,shippingservice,recommendationservice,0,0,0,0,0,0,0
2026-10-04T14:13:11Z,shippingservice,redis-cart,0,0,0,0,0,0,0
2026-10-04T14:13:11Z,shippingservice,shippingservice,0,0,0,0,0,0,0
2026-10-04T14:13:12Z,adservice,adservice,0,0,0,0,0,0,0
2026-10-04T14:13:12Z,adservice,cartservice,0,0,0,0,0,0,0
2026-10-04T14:13:12Z,adservice,checkoutservice,0,0,0,0,0,0,0
2026-10-04T14:13:12Z,adservice,currencyservice,0,0,0,0,0,0,0
2026-10-04T14:13:12Z,adservice,emailservice,0,0,0,0,0,0,0
2026-10-04T14:13:12Z,adservice,frontend,0,0,0,0,0,0,0
2026-10-04T14:13:12Z,adservice,kubernetes,0,0,0,0,0,0,0
2026-10-04T14:13:12Z,adservice,paymentservice,0,0,0,0,0,0,0
2026-10-04T14:13:12Z,adservice,productcatalogservice,0,0,0,0,0,0,0
2026-10-04T14:13:12Z,adservice,recommendationservice,0,0,0,0,0,0,0
2026-10-04T14:13:12Z,adservice,redis-cart,0,0,0,0,0,0,0
2026-10-04T14:13:12Z,adservice,shippingservice,0,0,0,0,0,0,0
2026-10-04T14:13:12Z,cartservice,adservice,0,0,0,0,0,0,0
2026-10-04T14:13:12Z,cartservice,cartservice,0,0,0,0,0,0,0
2026-10-04T14:13:12Z,cartservice,checkoutservice,0,0,0,0,0,0,0
2026-10-04T14:13:12Z,cartservice,currencyservice,0,0,0,0,0,0,0
2026-10-04T14:13:12Z,cartservice,emailservice,0,0,0,0,0,0,0
2026-10-04T14:13:12Z,cartservice,frontend,0,0,0,0,0,0,0
2026-10-04T14:13:12Z,cartservice,kubernetes,0,0,0,0,0,0,0
2026-10-04T14:13:12Z,cartservice,paymentservice,0,0,0,0,0,0,0
2026-10-04T14:13:12Z,cartservice,productcatalogservice,0,0,0,0,0,0,0
2026-10-04T14:13:12Z,cartservice,recommendationservice,0,0,0,0,0,0,0
2026-10-04T14:13:12Z,cartservice,redis-cart,2,0,0,0,0,0,0
2026-10-04T14:13:12Z,cartservice,shippingservice,0,0,0,0,0,0,0
2026-10-04T14:13:12Z,checkoutservice,adservice,0,0,0,0,0,0,0
2026-10-04T14:13:12Z,checkoutservice,cartservice,80247,79315,0,100,0,791117,79299
2026-10-04T14:13:12Z,checkoutservice,checkoutservice,0,0,0,0,0,0,0
2026-10-04T14:13:12Z,checkoutservice,currencyservice,51520,51520,0,0,0,609028,51514
2026-10-04T14:13:12Z,checkoutservice,emailservice,22757,22464,0,66,0,719117,22456
2026-10-04T14:13:12Z,checkoutservice,frontend,0,0,0,0,0,0,0
2026-10-04T14:13:12Z,checkoutservice,kubernetes,0,0,0,0,0,0,0
2026-10-04T14:13:12Z,checkoutservice,paymentservice,44786,42938,0,192,0,483950,42782
2026-10-04T14:13:12Z,checkoutservice,productcatalogservice,0,0,0,0,0,0,0
2026-10-04T14:13:12Z,checkoutservice,recommendationservice,0,0,0,0,0,0,0
2026-10-04T14:13:12Z,checkoutservice,redis-cart,0,0,0,0,0,0,0
2026-10-04T14:13:12Z,checkoutservice,shippingservice,85556,83453,0,154,0,554987,83437
2026-10-04T14:13:12Z,currencyservice,adservice,0,0,0,0,0,0,0
2026-10-04T14:13:12Z,currencyservice,cartservice,0,0,0,0,0,0,0
2026-10-04T14:13:12Z,currencyservice,checkoutservice,0,0,0,0,0,0,0
2026-10-04T14:13:12Z,currencyservice,currencyservice,0,0,0,0,0,0,0
2026-10-04T14:13:12Z,currencyservice,emailservice,0,0,0,0,0,0,0
2026-10-04T14:13:12Z,currencyservice,frontend,0,0,0,0,0,0,0
2026-10-04T14:13:12Z,currencyservice,kubernetes,0,0,0,0,0,0,0
2026-10-04T14:13:12Z,currencyservice,paymentservice,0,0,0,0,0,0,0
2026-10-04T14:13:12Z,currencyservice,productcatalogservice,0,0,0,0,0,0,0
2026-10-04T14:13:12Z,currencyservice,recommendationservice,0,0,0,0,0,0,0
2026-10-04T14:13:12Z,currencyservice,redis-cart,0,0,0,0,0,0,0
2026-10-04T14:13:12Z,currencyservice,shippingservice,0,0,0,0,0,0,0
2026-10-04T14:13:12Z,emailservice,adservice,0,0,0,0,0,0,0
2026-10-04T14:13:12Z,emailservice,cartservice,0,0,0,0,0,0,0
2026-10-04T14:13:12Z,emailservice,checkoutservice,0,0,0,0,0,0,0
2026-10-04T14:13:12Z,emailservice,currencyservice,0,0,0,0,0,0,0
2026-10-04T14:13:12Z,emailservice,emailservice,0,0,0,0,0,0,0
2026-10-04T14:13:12Z,emailservice,frontend,0,0,0,0,0,0,0
2026-10-04T14:13:12Z,emailservice,kubernetes,0,0,0,0,0,0,0
2026-10-04T14:13:12Z,emailservice,paymentservice,0,0,0,0,0,0,0
2026-10-04T14:13:12Z,emailservice,productcatalogservice,0,0,0,0,0,0,0
2026-10-04T14:13:12Z,emailservice,recommendationservice,0,0,0,0,0,0,0
2026-10-04T14:13:12Z,emailservice,redis-cart,0,0,0,0,0,0,0
2026-10-04T14:13:12Z,emailservice,shippingservice,0,0,0,0,0,0,0
2026-10-04T14:13:12Z,frontend,adservice,875165,875162,0,0,0,2631451,874612
2026-10-04T14:13:12Z,frontend,cartservice,1966695,1966680,0,0,4,10804776,1965250
2026-10-04T14:13:12Z,frontend,checkoutservice,410515,200539,0,40061,169951,63926009,200313
2026-10-04T14:13:12Z,frontend,currencyservice,3125009,3125002,0,0,0,16299025,3122692
2026-10-04T14:13:12Z,frontend,emailservice,0,0,0,0,0,0,0
2026-10-04T14:13:12Z,frontend,frontend,0,0,0,0,0,0,0
2026-10-04T14:13:12Z,frontend,kubernetes,0,0,0,0,0,0,0
2026-10-04T14:13:12Z,frontend,paymentservice,0,0,0,0,0,0,0
2026-10-04T14:13:12Z,frontend,productcatalogservice,8716053,8715977,0,0,0,59327101,8709941
2026-10-04T14:13:12Z,frontend,recommendationservice,2893140,1736655,0,122002,1031932,886684481,1735429
2026-10-04T14:13:12Z,frontend,redis-cart,0,0,0,0,0,0,0
2026-10-04T14:13:12Z,frontend,shippingservice,320797,320794,0,0,0,965322,320577
2026-10-04T14:13:12Z,paymentservice,adservice,0,0,0,0,0,0,0
2026-10-04T14:13:12Z,paymentservice,cartservice,0,0,0,0,0,0,0
2026-10-04T14:13:12Z,paymentservice,checkoutservice,0,0,0,0,0,0,0
2026-10-04T14:13:12Z,paymentservice,currencyservice,0,0,0,0,0,0,0
2026-10-04T14:13:12Z,paymentservice,emailservice,0,0,0,0,0,0,0
2026-10-04T14:13:12Z,paymentservice,frontend,0,0,0,0,0,0,0
2026-10-04T14:13:12Z,paymentservice,kubernetes,0,0,0,0,0,0,0
2026-10-04T14:13:12Z,paymentservice,paymentservice,0,0,0,0,0,0,0
2026-10-04T14:13:12Z,paymentservice,productcatalogservice,0,0,0,0,0,0,0
2026-10-04T14:13:12Z,paymentservice,recommendationservice,0,0,0,0,0,0,0
2026-10-04T14:13:12Z,paymentservice,redis-cart,0,0,0,0,0,0,0
2026-10-04T14:13:12Z,paymentservice,shippingservice,0,0,0,0,0,0,0
2026-10-04T14:13:12Z,productcatalogservice,adservice,0,0,0,0,0,0,0
2026-10-04T14:13:12Z,productcatalogservice,cartservice,0,0,0,0,0,0,0
2026-10-04T14:13:12Z,productcatalogservice,checkoutservice,0,0,0,0,0,0,0
2026-10-04T14:13:12Z,productcatalogservice,currencyservice,0,0,0,0,0,0,0
2026-10-04T14:13:12Z,productcatalogservice,emailservice,0,0,0,0,0,0,0
2026-10-04T14:13:12Z,productcatalogservice,frontend,0,0,0,0,0,0,0
2026-10-04T14:13:12Z,productcatalogservice,kubernetes,0,0,0,0,0,0,0
2026-10-04T14:13:12Z,productcatalogservice,paymentservice,0,0,0,0,0,0,0
2026-10-04T14:13:12Z,productcatalogservice,productcatalogservice,0,0,0,0,0,0,0
2026-10-04T14:13:12Z,productcatalogservice,recommendationservice,0,0,0,0,0,0,0
2026-10-04T14:13:12Z,productcatalogservice,redis-cart,0,0,0,0,0,0,0
2026-10-04T14:13:12Z,productcatalogservice,shippingservice,0,0,0,0,0,0,0
2026-10-04T14:13:12Z,recommendationservice,adservice,0,0,0,0,0,0,0
2026-10-04T14:13:12Z,recommendationservice,cartservice,0,0,0,0,0,0,0
2026-10-04T14:13:12Z,recommendationservice,checkoutservice,0,0,0,0,0,0,0
2026-10-04T14:13:12Z,recommendationservice,currencyservice,0,0,0,0,0,0,0
2026-10-04T14:13:12Z,recommendationservice,emailservice,0,0,0,0,0,0,0
2026-10-04T14:13:12Z,recommendationservice,frontend,0,0,0,0,0,0,0
2026-10-04T14:13:12Z,recommendationservice,kubernetes,0,0,0,0,0,0,0
2026-10-04T14:13:12Z,recommendationservice,paymentservice,0,0,0,0,0,0,0
2026-10-04T14:13:12Z,recommendationservice,productcatalogservice,242960,242956,0,0,0,1555630,242123
2026-10-04T14:13:12Z,recommendationservice,recommendationservice,0,0,0,0,0,0,0
2026-10-04T14:13:12Z,recommendationservice,redis-cart,0,0,0,0,0,0,0
2026-10-04T14:13:12Z,recommendationservice,shippingservice,0,0,0,0,0,0,0
2026-10-04T14:13:12Z,redis-cart,adservice,0,0,0,0,0,0,0
2026-10-04T14:13:12Z,redis-cart,cartservice,0,0,0,0,0,0,0
2026-10-04T14:13:12Z,redis-cart,checkoutservice,0,0,0,0,0,0,0
2026-10-04T14:13:12Z,redis-cart,currencyservice,0,0,0,0,0,0,0
2026-10-04T14:13:12Z,redis-cart,emailservice,0,0,0,0,0,0,0
2026-10-04T14:13:12Z,redis-cart,frontend,0,0,0,0,0,0,0
2026-10-04T14:13:12Z,redis-cart,kubernetes,0,0,0,0,0,0,0
2026-10-04T14:13:12Z,redis-cart,paymentservice,0,0,0,0,0,0,0
2026-10-04T14:13:12Z,redis-cart,productcatalogservice,0,0,0,0,0,0,0
2026-10-04T14:13:12Z,redis-cart,recommendationservice,0,0,0,0,0,0,0
2026-10-04T14:13:12Z,redis-cart,redis-cart,0,0,0,0,0,0,0
2026-10-04T14:13:12Z,redis-cart,shippingservice,0,0,0,0,0,0,0
2026-10-04T14:13:12Z,shippingservice,adservice,0,0,0,0,0,0,0
2026-10-04T14:13:12Z,shippingservice,cartservice,0,0,0,0,0,0,0
2026-10-04T14:13:12Z,shippingservice,checkoutservice,0,0,0,0,0,0,0
2026-10-04T14:13:12Z,shippingservice,currencyservice,0,0,0,0,0,0,0
2026-10-04T14:13:12Z,shippingservice,emailservice,0,0,0,0,0,0,0
2026-10-04T14:13:12Z,shippingservice,frontend,0,0,0,0,0,0,0
2026-10-04T14:13:12Z,shippingservice,kubernetes,0,0,0,0,0,0,0
2026-10-04T14:13:12Z,shippingservice,paymentservice,0,0,0,0,0,0,0
2026-10-04T14:13:12Z,shippingservice,productcatalogservice,0,0,0,0,0,0,0
2026-10-04T14:13:12Z,shippingservice,recommendationservice,0,0,0,0,0,0,0
2026-10-04T14:13:12Z,shippingservice,redis-cart,0,0,0,0,0,0,0
2026-10-04T14:13:12Z,shippingservice,shippingservice,0,0,0,0,0,0,0
2026-10-04T14:13:13Z,adservice,adservice,0,0,0,0,0,0,0
2026-10-04T14:13:13Z,adservice,cartservice,0,0,0,0,0,0,0
2026-10-04T14:13:13Z,adservice,checkoutservice,0,0,0,0,0,0,0
2026-10-04T14:13:13Z,adservice,currencyservice,0,0,0,0,0,0,0
2026-10-04T14:13:13Z,adservice,emailservice,0,0,0,0,0,0,0
2026-10-04T14:13:13Z,adservice,frontend,0,0,0,0,0,0,0
2026-10-04T14:13:13Z,adservice,kubernetes,0,0,0,0,0,0,0
2026-10-04T14:13:13Z,adservice,paymentservice,0,0,0,0,0,0,0
2026-10-04T14:13:13Z,adservice,productcatalogservice,0,0,0,0,0,0,0
2026-10-04T14:13:13Z,adservice,recommendationservice,0,0,0,0,0,0,0
2026-10-04T14:13:13Z,adservice,redis-cart,0,0,0,0,0,0,0
2026-10-04T14:13:13Z,adservice,shippingservice,0,0,0,0,0,0,0
2026-10-04T14:13:13Z,cartservice,adservice,0,0,0,0,0,0,0
2026-10-04T14:13:13Z,cartservice,cartservice,0,0,0,0,0,0,0
2026-10-04T14:13:13Z,cartservice,checkoutservice,0,0,0,0,0,0,0
2026-10-04T14:13:13Z,cartservice,currencyservice,0,0,0,0,0,0,0
2026-10-04T14:13:13Z,cartservice,emailservice,0,0,0,0,0,0,0
2026-10-04T14:13:13Z,cartservice,frontend,0,0,0,0,0,0,0
2026-10-04T14:13:13Z,cartservice,kubernetes,0,0,0,0,0,0,0
2026-10-04T14:13:13Z,cartservice,paymentservice,0,0,0,0,0,0,0
2026-10-04T14:13:13Z,cartservice,productcatalogservice,0,0,0,0,0,0,0
2026-10-04T14:13:13Z,cartservice,recommendationservice,0,0,0,0,0,0,0
2026-10-04T14:13:13Z,cartservice,redis-cart,2,0,0,0,0,0,0
2026-10-04T14:13:13Z,cartservice,shippingservice,0,0,0,0,0,0,0
2026-10-04T14:13:13Z,checkoutservice,adservice,0,0,0,0,0,0,0
2026-10-04T14:13:13Z,checkoutservice,cartservice,80381,79449,0,100,0,791117,79299
2026-10-04T14:13:13Z,checkoutservice,checkoutservice,0,0,0,0,0,0,0
2026-10-04T14:13:13Z,checkoutservice,currencyservice,51589,51588,0,0,0,609028,51514
2026-10-04T14:13:13Z,checkoutservice,emailservice,22824,22528,0,66,0,719117,22456
2026-10-04T14:13:13Z,checkoutservice,frontend,0,0,0,0,0,0,0
2026-10-04T14:13:13Z,checkoutservice,kubernetes,0,0,0,0,0,0,0
2026-10-04T14:13:13Z,checkoutservice,paymentservice,44854,43005,0,192,0,483950,42782
2026-10-04T14:13:13Z,checkoutservice,productcatalogservice,0,0,0,0,0,0,0
2026-10-04T14:13:13Z,checkoutservice,recommendationservice,0,0,0,0,0,0,0
2026-10-04T14:13:13Z,checkoutservice,redis-cart,0,0,0,0,0,0,0
2026-10-04T14:13:13Z,checkoutservice,shippingservice,85692,83589,0,154,0,554987,83437
2026-10-04T14:13:13Z,currencyservice,adservice,0,0,0,0,0,0,0
2026-10-04T14:13:13Z,currencyservice,cartservice,0,0,0,0,0,0,0
2026-10-04T14:13:13Z,currencyservice,checkoutservice,0,0,0,0,0,0,0
2026-10-04T14:13:13Z,currencyservice,currencyservice,0,0,0,0,0,0,0
2026-10-04T14:13:13Z,currencyservice,emailservice,0,0,0,0,0,0,0
2026-10-04T14:13:13Z,currencyservice,frontend,0,0,0,0,0,0,0
2026-10-04T14:13:13Z,currencyservice,kubernetes,0,0,0,0,0,0,0
2026-10-04T14:13:13Z,currencyservice,paymentservice,0,0,0,0,0,0,0
2026-10-04T14:13:13Z,currencyservice,productcatalogservice,0,0,0,0,0,0,0
2026-10-04T14:13:13Z,currencyservice,recommendationservice,0,0,0,0,0,0,0
2026-10-04T14:13:13Z,currencyservice,redis-cart,0,0,0,0,0,0,0
2026-10-04T14:13:13Z,currencyservice,shippingservice,0,0,0,0,0,0,0
2026-10-04T14:13:13Z,emailservice,adservice,0,0,0,0,0,0,0
2026-10-04T14:13:13Z,emailservice,cartservice,0,0,0,0,0,0,0
2026-10-04T14:13:13Z,emailservice,checkoutservice,0,0,0,0,0,0,0
2026-10-04T14:13:13Z,emailservice,currencyservice,0,0,0,0,0,0,0
2026-10-04T14:13:13Z,emailservice,emailservice,0,0,0,0,0,0,0
2026-10-04T14:13:13Z,emailservice,frontend,0,0,0,0,0,0,0
2026-10-04T14:13:13Z,emailservice,kubernetes,0,0,0,0,0,0,0
2026-10-04T14:13:13Z,emailservice,paymentservice,0,0,0,0,0,0,0
2026-10-04T14:13:13Z,emailservice,productcatalogservice,0,0,0,0,0,0,0
2026-10-04T14:13:13Z,emailservice,recommendationservice,0,0,0,0,0,0,0
2026-10-04T14:13:13Z,emailservice,redis-cart,0,0,0,0,0,0,0
2026-10-04T14:13:13Z,emailservice,shippingservice,0,0,0,0,0,0,0
2026-10-04T14:13:13Z,frontend,adservice,875330,875328,0,0,0,2631952,874802
2026-10-04T14:13:13Z,frontend,cartservice,1967084,1967072,0,0,4,10807085,1965723
2026-10-04T14:13:13Z,frontend,checkoutservice,410582,200609,0,40061,169951,63934169,200387
2026-10-04T14:13:13Z,frontend,currencyservice,3125661,3125651,0,0,0,16302732,3123469
2026-10-04T14:13:13Z,frontend,emailservice,0,0,0,0,0,0,0
2026-10-04T14:13:13Z,frontend,frontend,0,0,0,0,0,0,0
2026-10-04T14:13:13Z,frontend,kubernetes,0,0,0,0,0,0,0
2026-10-04T14:13:13Z,frontend,paymentservice,0,0,0,0,0,0,0
2026-10-04T14:13:13Z,frontend,productcatalogservice,8717799,8717730,0,0,0,59342335,8711951
2026-10-04T14:13:13Z,frontend,recommendationservice,2893841,1737005,0,122048,1032235,887013721,1735872
2026-10-04T14:13:13Z,frontend,redis-cart,0,0,0,0,0,0,0
2026-10-04T14:13:13Z,frontend,shippingservice,320851,320849,0,0,0,965440,320646
2026-10-04T14:13:13Z,paymentservice,adservice,0,0,0,0,0,0,0
2026-10-04T14:13:13Z,paymentservice,cartservice,0,0,0,0,0,0,0
2026-10-04T14:13:13Z,paymentservice,checkoutservice,0,0,0,0,0,0,0
2026-10-04T14:13:13Z,paymentservice,currencyservice,0,0,0,0,0,0,0
2026-10-04T14:13:13Z,paymentservice,emailservice,0,0,0,0,0,0,0
2026-10-04T14:13:13Z,paymentservice,frontend,0,0,0,0,0,0,0
2026-10-04T14:13:13Z,paymentservice,kubernetes,0,0,0,0,0,0,0
2026-10-04T14:13:13Z,paymentservice,paymentservice,0,0,0,0,0,0,0
2026-10-04T14:13:13Z,paymentservice,productcatalogservice,0,0,0,0,0,0,0
2026-10-04T14:13:13Z,paymentservice,recommendationservice,0,0,0,0,0,0,0
2026-10-04T14:13:13Z,paymentservice,redis-cart,0,0,0,0,0,0,0
2026-10-04T14:13:13Z,paymentservice,shippingservice,0,0,0,0,0,0,0
2026-10-04T14:13:13Z,productcatalogservice,adservice,0,0,0,0,0,0,0
2026-10-04T14:13:13Z,productcatalogservice,cartservice,0,0,0,0,0,0,0
2026-10-04T14:13:13Z,productcatalogservice,checkoutservice,0,0,0,0,0,0,0
2026-10-04T14:13:13Z,productcatalogservice,currencyservice,0,0,0,0,0,0,0
2026-10-04T14:13:13Z,productcatalogservice,emailservice,0,0,0,0,0,0,0
2026-10-04T14:13:13Z,productcatalogservice,frontend,0,0,0,0,0,0,0
2026-10-04T14:13:13Z,productcatalogservice,kubernetes,0,0,0,0,0,0,0
2026-10-04T14:13:13Z,productcatalogservice,paymentservice,0,0,0,0,0,0,0
2026-10-04T14:13:13Z,productcatalogservice,productcatalogservice,0,0,0,0,0,0,0
2026-10-04T14:13:13Z,productcatalogservice,recommendationservice,0,0,0,0,0,0,0
2026-10-04T14:13:13Z,productcatalogservice,redis-cart,0,0,0,0,0,0,0
2026-10-04T14:13:13Z,productcatalogservice,shippingservice,0,0,0,0,0,0,0
2026-10-04T14:13:13Z,recommendationservice,adservice,0,0,0,0,0,0,0
2026-10-04T14:13:13Z,recommendationservice,cartservice,0,0,0,0,0,0,0
2026-10-04T14:13:13Z,recommendationservice,checkoutservice,0,0,0,0,0,0,0
2026-10-04T14:13:13Z,recommendationservice,currencyservice,0,0,0,0,0,0,0
2026-10-04T14:13:13Z,recommendationservice,emailservice,0,0,0,0,0,0,0
2026-10-04T14:13:13Z,recommendationservice,frontend,0,0,0,0,0,0,0
2026-10-04T14:13:13Z,recommendationservice,kubernetes,0,0,0,0,0,0,0
2026-10-04T14:13:13Z,recommendationservice,paymentservice,0,0,0,0,0,0,0
2026-10-04T14:13:13Z,recommendationservice,productcatalogservice,243389,243379,0,0,0,1555630,242123
2026-10-04T14:13:13Z,recommendationservice,recommendationservice,0,0,0,0,0,0,0
2026-10-04T14:13:13Z,recommendationservice,redis-cart,0,0,0,0,0,0,0
2026-10-04T14:13:13Z,recommendationservice,shippingservice,0,0,0,0,0,0,0
2026-10-04T14:13:13Z,redis-cart,adservice,0,0,0,0,0,0,0
2026-10-04T14:13:13Z,redis-cart,cartservice,0,0,0,0,0,0,0
2026-10-04T14:13:13Z,redis-cart,checkoutservice,0,0,0,0,0,0,0
2026-10-04T14:13:13Z,redis-cart,currencyservice,0,0,0,0,0,0,0
2026-10-04T14:13:13Z,redis-cart,emailservice,0,0,0,0,0,0,0
2026-10-04T14:13:13Z,redis-cart,frontend,0,0,0,0,0,0,0
2026-10-04T14:13:13Z,redis-cart,kubernetes,0,0,0,0,0,0,0
2026-10-04T14:13:13Z,redis-cart,paymentservice,0,0,0,0,0,0,0
2026-10-04T14:13:13Z,redis-cart,productcatalogservice,0,0,0,0,0,0,0
2026-10-04T14:13:13Z,redis-cart,recommendationservice,0,0,0,0,0,0,0
2026-10-04T14:13:13Z,redis-cart,redis-cart,0,0,0,0,0,0,0
2026-10-04T14:13:13Z,redis-cart,shippingservice,0,0,0,0,0,0,0
2026-10-04T14:13:13Z,shippingservice,adservice,0,0,0,0,0,0,0
2026-10-04T14:13:13Z,shippingservice,cartservice,0,0,0,0,0,0,0
2026-10-04T14:13:13Z,shippingservice,checkoutservice,0,0,0,0,0,0,0
2026-10-04T14:13:13Z,shippingservice,currencyservice,0,0,0,0,0,0,0
2026-10-04T14:13:13Z,shippingservice,emailservice,0,0,0,0,0,0,0
2026-10-04T14:13:13Z,shippingservice,frontend,0,0,0,0,0,0,0
2026-10-04T14:13:13Z,shippingservice,kubernetes,0,0,0,0,0,0,0
2026-10-04T14:13:13Z,shippingservice,paymentservice,0,0,0,0,0,0,0
2026-10-04T14:13:13Z,shippingservice,productcatalogservice,0,0,0,0,0,0,0
2026-10-04T14:13:13Z,shippingservice,recommendationservice,0,0,0,0,0,0,0
2026-10-04T14:13:13Z,shippingservice,redis-cart,0,0,0,0,0,0,0
2026-10-04T14:13:13Z,shippingservice,shippingservice,0,0,0,0,0,0,0
2026-10-04T14:13:14Z,adservice,adservice,0,0,0,0,0,0,0
2026-10-04T14:13:14Z,adservice,cartservice,0,0,0,0,0,0,0
2026-10-04T14:13:14Z,adservice,checkoutservice,0,0,0,0,0,0,0
2026-10-04T14:13:14Z,adservice,currencyservice,0,0,0,0,0,0,0
2026-10-04T14:13:14Z,adservice,emailservice,0,0,0,0,0,0,0
2026-10-04T14:13:14Z,adservice,frontend,0,0,0,0,0,0,0
2026-10-04T14:13:14Z,adservice,kubernetes,0,0,0,0,0,0,0
2026-10-04T14:13:14Z,adservice,paymentservice,0,0,0,0,0,0,0
2026-10-04T14:13:14Z,adservice,productcatalogservice,0,0,0,0,0,0,0
2026-10-04T14:13:14Z,adservice,recommendationservice,0,0,0,0,0,0,0
2026-10-04T14:13:14Z,adservice,redis-cart,0,0,0,0,0,0,0
2026-10-04T14:13:14Z,adservice,shippingservice,0,0,0,0,0,0,0
2026-10-04T14:13:14Z,cartservice,adservice,0,0,0,0,0,0,0
2026-10-04T14:13:14Z,cartservice,cartservice,0,0,0,0,0,0,0
2026-10-04T14:13:14Z,cartservice,checkoutservice,0,0,0,0,0,0,0
2026-10-04T14:13:14Z,cartservice,currencyservice,0,0,0,0,0,0,0
2026-10-04T14:13:14Z,cartservice,emailservice,0,0,0,0,0,0,0
2026-10-04T14:13:14Z,cartservice,frontend,0,0,0,0,0,0,0
2026-10-04T14:13:14Z,cartservice,kubernetes,0,0,0,0,0,0,0
2026-10-04T14:13:14Z,cartservice,paymentservice,0,0,0,0,0,0,0
2026-10-04T14:13:14Z,cartservice,productcatalogservice,0,0,0,0,0,0,0
2026-10-04T14:13:14Z,cartservice,recommendationservice,0,0,0,0,0,0,0
2026-10-04T14:13:14Z,cartservice,redis-cart,2,0,0,0,0,0,0
2026-10-04T14:13:14Z,cartservice,shippingservice,0,0,0,0,0,0,0
2026-10-04T14:13:14Z,checkoutservice,adservice,0,0,0,0,0,0,0
2026-10-04T14:13:14Z,checkoutservice,cartservice,80491,79560,0,100,0,791117,79299
2026-10-04T14:13:14Z,checkoutservice,checkoutservice,0,0,0,0,0,0,0
2026-10-04T14:13:14Z,checkoutservice,currencyservice,51643,51643,0,0,0,609028,51514
2026-10-04T14:13:14Z,checkoutservice,emailservice,22881,22588,0,66,0,719117,22456
2026-10-04T14:13:14Z,checkoutservice,frontend,0,0,0,0,0,0,0
2026-10-04T14:13:14Z,checkoutservice,kubernetes,0,0,0,0,0,0,0
2026-10-04T14:13:14Z,checkoutservice,paymentservice,44909,43061,0,192,0,483950,42782
2026-10-04T14:13:14Z,checkoutservice,productcatalogservice,0,0,0,0,0,0,0
2026-10-04T14:13:14Z,checkoutservice,recommendationservice,0,0,0,0,0,0,0
2026-10-04T14:13:14Z,checkoutservice,redis-cart,0,0,0,0,0,0,0
2026-10-04T14:13:14Z,checkoutservice,shippingservice,85802,83699,0,154,0,554987,83437
2026-10-04T14:13:14Z,currencyservice,adservice,0,0,0,0,0,0,0
2026-10-04T14:13:14Z,currencyservice,cartservice,0,0,0,0,0,0,0
2026-10-04T14:13:14Z,currencyservice,checkoutservice,0,0,0,0,0,0,0
2026-10-04T14:13:14Z,currencyservice,currencyservice,0,0,0,0,0,0,0
2026-10-04T14:13:14Z,currencyservice,emailservice,0,0,0,0,0,0,0
2026-10-04T14:13:14Z,currencyservice,frontend,0,0,0,0,0,0,0
2026-10-04T14:13:14Z,currencyservice,kubernetes,0,0,0,0,0,0,0
2026-10-04T14:13:14Z,currencyservice,paymentservice,0,0,0,0,0,0,0
2026-10-04T14:13:14Z,currencyservice,productcatalogservice,0,0,0,0,0,0,0
2026-10-04T14:13:14Z,currencyservice,recommendationservice,0,0,0,0,0,0,0
2026-10-04T14:13:14Z,currencyservice,redis-cart,0,0,0,0,0,0,0
2026-10-04T14:13:14Z,currencyservice,shippingservice,0,0,0,0,0,0,0
2026-10-04T14:13:14Z,emailservice,adservice,0,0,0,0,0,0,0
2026-10-04T14:13:14Z,emailservice,cartservice,0,0,0,0,0,0,0
2026-10-04T14:13:14Z,emailservice,checkoutservice,0,0,0,0,0,0,0
2026-10-04T14:13:14Z,emailservice,currencyservice,0,0,0,0,0,0,0
2026-10-04T14:13:14Z,emailservice,emailservice,0,0,0,0,0,0,0
2026-10-04T14:13:14Z,emailservice,frontend,0,0,0,0,0,0,0
2026-10-04T14:13:14Z,emailservice,kubernetes,0,0,0,0,0,0,0
2026-10-04T14:13:14Z,emailservice,paymentservice,0,0,0,0,0,0,0
2026-10-04T14:13:14Z,emailservice,productcatalogservice,0,0,0,0,0,0,0
2026-10-04T14:13:14Z,emailservice,recommendationservice,0,0,0,0,0,0,0
2026-10-04T14:13:14Z,emailservice,redis-cart,0,0,0,0,0,0,0
2026-10-04T14:13:14Z,emailservice,shippingservice,0,0,0,0,0,0,0
2026-10-04T14:13:14Z,frontend,adservice,875471,875469,0,0,0,2633219,875240
2026-10-04T14:13:14Z,frontend,cartservice,1967477,1967464,0,0,4,10811925,1966817
2026-10-04T14:13:14Z,frontend,checkoutservice,410630,200657,0,40061,169951,63955110,200566
2026-10-04T14:13:14Z,frontend,currencyservice,3126284,3126274,0,0,0,16309889,3125224
2026-10-04T14:13:14Z,frontend,emailservice,0,0,0,0,0,0,0
2026-10-04T14:13:14Z,frontend,frontend,0,0,0,0,0,0,0
2026-10-04T14:13:14Z,frontend,kubernetes,0,0,0,0,0,0,0
2026-10-04T14:13:14Z,frontend,paymentservice,0,0,0,0,0,0,0
2026-10-04T14:13:14Z,frontend,productcatalogservice,8719277,8719208,0,0,0,59368605,8716749
2026-10-04T14:13:14Z,frontend,recommendationservice,2894548,1737330,0,122110,1032565,887701906,1736810
2026-10-04T14:13:14Z,frontend,redis-cart,0,0,0,0,0,0,0
2026-10-04T14:13:14Z,frontend,shippingservice,320902,320900,0,0,0,965868,320822
2026-10-04T14:13:14Z,paymentservice,adservice,0,0,0,0,0,0,0
2026-10-04T14:13:14Z,paymentservice,cartservice,0,0,0,0,0,0,0
2026-10-04T14:13:14Z,paymentservice,checkoutservice,0,0,0,0,0,0,0
2026-10-04T14:13:14Z,paymentservice,currencyservice,0,0,0,0,0,0,0
2026-10-04T14:13:14Z,paymentservice,emailservice,0,0,0,0,0,0,0
2026-10-04T14:13:14Z,paymentservice,frontend,0,0,0,0,0,0,0
2026-10-04T14:13:14Z,paymentservice,kubernetes,0,0,0,0,0,0,0
2026-10-04T14:13:14Z,paymentservice,paymentservice,0,0,0,0,0,0,0
2026-10-04T14:13:14Z,paymentservice,productcatalogservice,0,0,0,0,0,0,0
2026-10-04T14:13:14Z,paymentservice,recommendationservice,0,0,0,0,0,0,0
2026-10-04T14:13:14Z,paymentservice,redis-cart,0,0,0,0,0,0,0
2026-10-04T14:13:14Z,paymentservice,shippingservice,0,0,0,0,0,0,0
2026-10-04T14:13:14Z,productcatalogservice,adservice,0,0,0,0,0,0,0
2026-10-04T14:13:14Z,productcatalogservice,cartservice,0,0,0,0,0,0,0
2026-10-04T14:13:14Z,productcatalogservice,checkoutservice,0,0,0,0,0,0,0
2026-10-04T14:13:14Z,productcatalogservice,currencyservice,0,0,0,0,0,0,0
2026-10-04T14:13:14Z,productcatalogservice,emailservice,0,0,0,0,0,0,0
2026-10-04T14:13:14Z,productcatalogservice,frontend,0,0,0,0,0,0,0
2026-10-04T14:13:14Z,productcatalogservice,kubernetes,0,0,0,0,0,0,0
2026-10-04T14:13:14Z,productcatalogservice,paymentservice,0,0,0,0,0,0,0
2026-10-04T14:13:14Z,productcatalogservice,productcatalogservice,0,0,0,0,0,0,0
2026-10-04T14:13:14Z,productcatalogservice,recommendationservice,0,0,0,0,0,0,0
2026-10-04T14:13:14Z,productcatalogservice,redis-cart,0,0,0,0,0,0,0
2026-10-04T14:13:14Z,productcatalogservice,shippingservice,0,0,0,0,0,0,0
2026-10-04T14:13:14Z,recommendationservice,adservice,0,0,0,0,0,0,0
2026-10-04T14:13:14Z,recommendationservice,cartservice,0,0,0,0,0,0,0
2026-10-04T14:13:14Z,recommendationservice,checkoutservice,0,0,0,0,0,0,0
2026-10-04T14:13:14Z,recommendationservice,currencyservice,0,0,0,0,0,0,0
2026-10-04T14:13:14Z,recommendationservice,emailservice,0,0,0,0,0,0,0
2026-10-04T14:13:14Z,recommendationservice,frontend,0,0,0,0,0,0,0
2026-10-04T14:13:14Z,recommendationservice,kubernetes,0,0,0,0,0,0,0
2026-10-04T14:13:14Z,recommendationservice,paymentservice,0,0,0,0,0,0,0
2026-10-04T14:13:14Z,recommendationservice,productcatalogservice,243789,243785,0,0,0,1555630,242123
2026-10-04T14:13:14Z,recommendationservice,recommendationservice,0,0,0,0,0,0,0
2026-10-04T14:13:14Z,recommendationservice,redis-cart,0,0,0,0,0,0,0
2026-10-04T14:13:14Z,recommendationservice,shippingservice,0,0,0,0,0,0,0
2026-10-04T14:13:14Z,redis-cart,adservice,0,0,0,0,0,0,0
2026-10-04T14:13:14Z,redis-cart,cartservice,0,0,0,0,0,0,0
2026-10-04T14:13:14Z,redis-cart,checkoutservice,0,0,0,0,0,0,0
2026-10-04T14:13:14Z,redis-cart,currencyservice,0,0,0,0,0,0,0
2026-10-04T14:13:14Z,redis-cart,emailservice,0,0,0,0,0,0,0
2026-10-04T14:13:14Z,redis-cart,frontend,0,0,0,0,0,0,0
2026-10-04T14:13:14Z,redis-cart,kubernetes,0,0,0,0,0,0,0
2026-10-04T14:13:14Z,redis-cart,paymentservice,0,0,0,0,0,0,0
2026-10-04T14:13:14Z,redis-cart,productcatalogservice,0,0,0,0,0,0,0
2026-10-04T14:13:14Z,redis-cart,recommendationservice,0,0,0,0,0,0,0
2026-10-04T14:13:14Z,redis-cart,redis-cart,0,0,0,0,0,0,0
2026-10-04T14:13:14Z,redis-cart,shippingservice,0,0,0,0,0,0,0
2026-10-04T14:13:14Z,shippingservice,adservice,0,0,0,0,0,0,0
2026-10-04T14:13:14Z,shippingservice,cartservice,0,0,0,0,0,0,0
2026-10-04T14:13:14Z,shippingservice,checkoutservice,0,0,0,0,0,0,0
2026-10-04T14:13:14Z,shippingservice,currencyservice,0,0,0,0,0,0,0
2026-10-04T14:13:14Z,shippingservice,emailservice,0,0,0,0,0,0,0
2026-10-04T14:13:14Z,shippingservice,frontend,0,0,0,0,0,0,0
2026-10-04T14:13:14Z,shippingservice,kubernetes,0,0,0,0,0,0,0
2026-10-04T14:13:14Z,shippingservice,paymentservice,0,0,0,0,0,0,0
2026-10-04T14:13:14Z,shippingservice,productcatalogservice,0,0,0,0,0,0,0
2026-10-04T14:13:14Z,shippingservice,recommendationservice,0,0,0,0,0,0,0
2026-10-04T14:13:14Z,shippingservice,redis-cart,0,0,0,0,0,0,0
2026-10-04T14:13:14Z,shippingservice,shippingservice,0,0,0,0,0,0,0
2026-10-04T14:13:15Z,adservice,adservice,0,0,0,0,0,0,0
2026-10-04T14:13:15Z,adservice,cartservice,0,0,0,0,0,0,0
2026-10-04T14:13:15Z,adservice,checkoutservice,0,0,0,0,0,0,0
2026-10-04T14:13:15Z,adservice,currencyservice,0,0,0,0,0,0,0
2026-10-04T14:13:15Z,adservice,emailservice,0,0,0,0,0,0,0
2026-10-04T14:13:15Z,adservice,frontend,0,0,0,0,0,0,0
2026-10-04T14:13:15Z,adservice,kubernetes,0,0,0,0,0,0,0
2026-10-04T14:13:15Z,adservice,paymentservice,0,0,0,0,0,0,0
2026-10-04T14:13:15Z,adservice,productcatalogservice,0,0,0,0,0,0,0
2026-10-04T14:13:15Z,adservice,recommendationservice,0,0,0,0,0,0,0
2026-10-04T14:13:15Z,adservice,redis-cart,0,0,0,0,0,0,0
2026-10-04T14:13:15Z,adservice,shippingservice,0,0,0,0,0,0,0
2026-10-04T14:13:15Z,cartservice,adservice,0,0,0,0,0,0,0
2026-10-04T14:13:15Z,cartservice,cartservice,0,0,0,0,0,0,0
2026-10-04T14:13:15Z,cartservice,checkoutservice,0,0,0,0,0,0,0
2026-10-04T14:13:15Z,cartservice,currencyservice,0,0,0,0,0,0,0
2026-10-04T14:13:15Z,cartservice,emailservice,0,0,0,0,0,0,0
2026-10-04T14:13:15Z,cartservice,frontend,0,0,0,0,0,0,0
2026-10-04T14:13:15Z,cartservice,kubernetes,0,0,0,0,0,0,0
2026-10-04T14:13:15Z,cartservice,paymentservice,0,0,0,0,0,0,0
2026-10-04T14:13:15Z,cartservice,productcatalogservice,0,0,0,0,0,0,0
2026-10-04T14:13:15Z,cartservice,recommendationservice,0,0,0,0,0,0,0
2026-10-04T14:13:15Z,cartservice,redis-cart,2,0,0,0,0,0,0
2026-10-04T14:13:15Z,cartservice,shippingservice,0,0,0,0,0,0,0
2026-10-04T14:13:15Z,checkoutservice,adservice,0,0,0,0,0,0,0
2026-10-04T14:13:15Z,checkoutservice,cartservice,80613,79682,0,100,0,791117,79299
2026-10-04T14:13:15Z,checkoutservice,checkoutservice,0,0,0,0,0,0,0
2026-10-04T14:13:15Z,checkoutservice,currencyservice,51704,51704,0,0,0,609028,51514
2026-10-04T14:13:15Z,checkoutservice,emailservice,22942,22649,0,66,0,719117,22456
2026-10-04T14:13:15Z,checkoutservice,frontend,0,0,0,0,0,0,0
2026-10-04T14:13:15Z,checkoutservice,kubernetes,0,0,0,0,0,0,0
2026-10-04T14:13:15Z,checkoutservice,paymentservice,44970,43122,0,192,0,483950,42782
2026-10-04T14:13:15Z,checkoutservice,productcatalogservice,0,0,0,0,0,0,0
2026-10-04T14:13:15Z,checkoutservice,recommendationservice,0,0,0,0,0,0,0
2026-10-04T14:13:15Z,checkoutservice,redis-cart,0,0,0,0,0,0,0
2026-10-04T14:13:15Z,checkoutservice,shippingservice,85924,83821,0,154,0,554987,83437
2026-10-04T14:13:15Z,currencyservice,adservice,0,0,0,0,0,0,0
2026-10-04T14:13:15Z,currencyservice,cartservice,0,0,0,0,0,0,0
2026-10-04T14:13:15Z,currencyservice,checkoutservice,0,0,0,0,0,0,0
2026-10-04T14:13:15Z,currencyservice,currencyservice,0,0,0,0,0,0,0
2026-10-04T14:13:15Z,currencyservice,emailservice,0,0,0,0,0,0,0
2026-10-04T14:13:15Z,currencyservice,frontend,0,0,0,0,0,0,0
2026-10-04T14:13:15Z,currencyservice,kubernetes,0,0,0,0,0,0,0
2026-10-04T14:13:15Z,currencyservice,paymentservice,0,0,0,0,0,0,0
2026-10-04T14:13:15Z,currencyservice,productcatalogservice,0,0,0,0,0,0,0
2026-10-04T14:13:15Z,currencyservice,recommendationservice,0,0,0,0,0,0,0
2026-10-04T14:13:15Z,currencyservice,redis-cart,0,0,0,0,0,0,0
2026-10-04T14:13:15Z,currencyservice,shippingservice,0,0,0,0,0,0,0
2026-10-04T14:13:15Z,emailservice,adservice,0,0,0,0,0,0,0
2026-10-04T14:13:15Z,emailservice,cartservice,0,0,0,0,0,0,0
2026-10-04T14:13:15Z,emailservice,checkoutservice,0,0,0,0,0,0,0
2026-10-04T14:13:15Z,emailservice,currencyservice,0,0,0,0,0,0,0
2026-10-04T14:13:15Z,emailservice,emailservice,0,0,0,0,0,0,0
2026-10-04T14:13:15Z,emailservice,frontend,0,0,0,0,0,0,0
2026-10-04T14:13:15Z,emailservice,kubernetes,0,0,0,0,0,0,0
2026-10-04T14:13:15Z,emailservice,paymentservice,0,0,0,0,0,0,0
2026-10-04T14:13:15Z,emailservice,productcatalogservice,0,0,0,0,0,0,0
2026-10-04T14:13:15Z,emailservice,recommendationservice,0,0,0,0,0,0,0
2026-10-04T14:13:15Z,emailservice,redis-cart,0,0,0,0,0,0,0
2026-10-04T14:13:15Z,emailservice,shippingservice,0,0,0,0,0,0,0
2026-10-04T14:13:15Z,frontend,adservice,875632,875630,0,0,0,2633589,875396
2026-10-04T14:13:15Z,frontend,cartservice,1967869,1967855,0,0,4,10813981,1967229
2026-10-04T14:13:15Z,frontend,checkoutservice,410703,200719,0,40061,169951,63963056,200629
2026-10-04T14:13:15Z,frontend,currencyservice,3126917,3126904,0,0,0,16313107,3125901
2026-10-04T14:13:15Z,frontend,emailservice,0,0,0,0,0,0,0
2026-10-04T14:13:15Z,frontend,frontend,0,0,0,0,0,0,0
2026-10-04T14:13:15Z,frontend,kubernetes,0,0,0,0,0,0,0
2026-10-04T14:13:15Z,frontend,paymentservice,0,0,0,0,0,0,0
2026-10-04T14:13:15Z,frontend,productcatalogservice,8721116,8721037,0,0,0,59381144,8718422
2026-10-04T14:13:15Z,frontend,recommendationservice,2895307,1737706,0,122154,1032942,887972241,1737143
2026-10-04T14:13:15Z,frontend,redis-cart,0,0,0,0,0,0,0
2026-10-04T14:13:15Z,frontend,shippingservice,320969,320967,0,0,0,966015,320873
2026-10-04T14:13:15Z,paymentservice,adservice,0,0,0,0,0,0,0
2026-10-04T14:13:15Z,paymentservice,cartservice,0,0,0,0,0,0,0
2026-10-04T14:13:15Z,paymentservice,checkoutservice,0,0,0,0,0,0,0
2026-10-04T14:13:15Z,paymentservice,currencyservice,0,0,0,0,0,0,0
2026-10-04T14:13:15Z,paymentservice,emailservice,0,0,0,0,0,0,0
2026-10-04T14:13:15Z,paymentservice,frontend,0,0,0,0,0,0,0
2026-10-04T14:13:15Z,paymentservice,kubernetes,0,0,0,0,0,0,0
2026-10-04T14:13:15Z,paymentservice,paymentservice,0,0,0,0,0,0,0
2026-10-04T14:13:15Z,paymentservice,productcatalogservice,0,0,0,0,0,0,0
2026-10-04T14:13:15Z,paymentservice,recommendationservice,0,0,0,0,0,0,0
2026-10-04T14:13:15Z,paymentservice,redis-cart,0,0,0,0,0,0,0
2026-10-04T14:13:15Z,paymentservice,shippingservice,0,0,0,0,0,0,0
2026-10-04T14:13:15Z,productcatalogservice,adservice,0,0,0,0,0,0,0
2026-10-04T14:13:15Z,productcatalogservice,cartservice,0,0,0,0,0,0,0
2026-10-04T14:13:15Z,productcatalogservice,checkoutservice,0,0,0,0,0,0,0
2026-10-04T14:13:15Z,productcatalogservice,currencyservice,0,0,0,0,0,0,0
2026-10-04T14:13:15Z,productcatalogservice,emailservice,0,0,0,0,0,0,0
2026-10-04T14:13:15Z,productcatalogservice,frontend,0,0,0,0,0,0,0
2026-10-04T14:13:15Z,productcatalogservice,kubernetes,0,0,0,0,0,0,0
2026-10-04T14:13:15Z,productcatalogservice,paymentservice,0,0,0,0,0,0,0
2026-10-04T14:13:15Z,productcatalogservice,productcatalogservice,0,0,0,0,0,0,0
2026-10-04T14:13:15Z,productcatalogservice,recommendationservice,0,0,0,0,0,0,0
2026-10-04T14:13:15Z,productcatalogservice,redis-cart,0,0,0,0,0,0,0
2026-10-04T14:13:15Z,productcatalogservice,shippingservice,0,0,0,0,0,0,0
2026-10-04T14:13:15Z,recommendationservice,adservice,0,0,0,0,0,0,0
2026-10-04T14:13:15Z,recommendationservice,cartservice,0,0,0,0,0,0,0
2026-10-04T14:13:15Z,recommendationservice,checkoutservice,0,0,0,0,0,0,0
2026-10-04T14:13:15Z,recommendationservice,currencyservice,0,0,0,0,0,0,0
2026-10-04T14:13:15Z,recommendationservice,emailservice,0,0,0,0,0,0,0
2026-10-04T14:13:15Z,recommendationservice,frontend,0,0,0,0,0,0,0
2026-10-04T14:13:15Z,recommendationservice,kubernetes,0,0,0,0,0,0,0
2026-10-04T14:13:15Z,recommendationservice,paymentservice,0,0,0,0,0,0,0
2026-10-04T14:13:15Z,recommendationservice,productcatalogservice,244187,244187,0,0,0,1555630,242123
2026-10-04T14:13:15Z,recommendationservice,recommendationservice,0,0,0,0,0,0,0
2026-10-04T14:13:15Z,recommendationservice,redis-cart,0,0,0,0,0,0,0
2026-10-04T14:13:15Z,recommendationservice,shippingservice,0,0,0,0,0,0,0
2026-10-04T14:13:15Z,redis-cart,adservice,0,0,0,0,0,0,0
2026-10-04T14:13:15Z,redis-cart,cartservice,0,0,0,0,0,0,0
2026-10-04T14:13:15Z,redis-cart,checkoutservice,0,0,0,0,0,0,0
2026-10-04T14:13:15Z,redis-cart,currencyservice,0,0,0,0,0,0,0
2026-10-04T14:13:15Z,redis-cart,emailservice,0,0,0,0,0,0,0
2026-10-04T14:13:15Z,redis-cart,frontend,0,0,0,0,0,0,0
2026-10-04T14:13:15Z,redis-cart,kubernetes,0,0,0,0,0,0,0
2026-10-04T14:13:15Z,redis-cart,paymentservice,0,0,0,0,0,0,0
2026-10-04T14:13:15Z,redis-cart,productcatalogservice,0,0,0,0,0,0,0
2026-10-04T14:13:15Z,redis-cart,recommendationservice,0,0,0,0,0,0,0
2026-10-04T14:13:15Z,redis-cart,redis-cart,0,0,0,0,0,0,0
2026-10-04T14:13:15Z,redis-cart,shippingservice,0,0,0,0,0,0,0
2026-10-04T14:13:15Z,shippingservice,adservice,0,0,0,0,0,0,0
2026-10-04T14:13:15Z,shippingservice,cartservice,0,0,0,0,0,0,0
2026-10-04T14:13:15Z,shippingservice,checkoutservice,0,0,0,0,0,0,0
2026-10-04T14:13:15Z,shippingservice,currencyservice,0,0,0,0,0,0,0
2026-10-04T14:13:15Z,shippingservice,emailservice,0,0,0,0,0,0,0
2026-10-04T14:13:15Z,shippingservice,frontend,0,0,0,0,0,0,0
2026-10-04T14:13:15Z,shippingservice,kubernetes,0,0,0,0,0,0,0
2026-10-04T14:13:15Z,shippingservice,paymentservice,0,0,0,0,0,0,0
2026-10-04T14:13:15Z,shippingservice,productcatalogservice,0,0,0,0,0,0,0
2026-10-04T14:13:15Z,shippingservice,recommendationservice,0,0,0,0,0,0,0
2026-10-04T14:13:15Z,shippingservice,redis-cart,0,0,0,0,0,0,0
2026-10-04T14:13:15Z,shippingservice,shippingservice,0,0,0,0,0,0,0
2026-10-04T14:13:16Z,adservice,adservice,0,0,0,0,0,0,0
2026-10-04T14:13:16Z,adservice,cartservice,0,0,0,0,0,0,0
2026-10-04T14:13:16Z,adservice,checkoutservice,0,0,0,0,0,0,0
2026-10-04T14:13:16Z,adservice,currencyservice,0,0,0,0,0,0,0
2026-10-04T14:13:16Z,adservice,emailservice,0,0,0,0,0,0,0
2026-10-04T14:13:16Z,adservice,frontend,0,0,0,0,0,0,0
2026-10-04T14:13:16Z,adservice,kubernetes,0,0,0,0,0,0,0
2026-10-04T14:13:16Z,adservice,paymentservice,0,0,0,0,0,0,0
2026-10-04T14:13:16Z,adservice,productcatalogservice,0,0,0,0,0,0,0
2026-10-04T14:13:16Z,adservice,recommendationservice,0,0,0,0,0,0,0
2026-10-04T14:13:16Z,adservice,redis-cart,0,0,0,0,0,0,0
2026-10-04T14:13:16Z,adservice,shippingservice,0,0,0,0,0,0,0
2026-10-04T14:13:16Z,cartservice,adservice,0,0,0,0,0,0,0
2026-10-04T14:13:16Z,cartservice,cartservice,0,0,0,0,0,0,0
2026-10-04T14:13:16Z,cartservice,checkoutservice,0,0,0,0,0,0,0
2026-10-04T14:13:16Z,cartservice,currencyservice,0,0,0,0,0,0,0
2026-10-04T14:13:16Z,cartservice,emailservice,0,0,0,0,0,0,0
2026-10-04T14:13:16Z,cartservice,frontend,0,0,0,0,0,0,0
2026-10-04T14:13:16Z,cartservice,kubernetes,0,0,0,0,0,0,0
2026-10-04T14:13:16Z,cartservice,paymentservice,0,0,0,0,0,0,0
2026-10-04T14:13:16Z,cartservice,productcatalogservice,0,0,0,0,0,0,0
2026-10-04T14:13:16Z,cartservice,recommendationservice,0,0,0,0,0,0,0
2026-10-04T14:13:16Z,cartservice,redis-cart,2,0,0,0,0,0,0
2026-10-04T14:13:16Z,cartservice,shippingservice,0,0,0,0,0,0,0
2026-10-04T14:13:16Z,checkoutservice,adservice,0,0,0,0,0,0,0
2026-10-04T14:13:16Z,checkoutservice,cartservice,80737,79806,0,100,0,791117,79299
2026-10-04T14:13:16Z,checkoutservice,checkoutservice,0,0,0,0,0,0,0
2026-10-04T14:13:16Z,checkoutservice,currencyservice,51769,51769,0,0,0,609028,51514
2026-10-04T14:13:16Z,checkoutservice,emailservice,23001,22707,0,66,0,719117,22456
2026-10-04T14:13:16Z,checkoutservice,frontend,0,0,0,0,0,0,0
2026-10-04T14:13:16Z,checkoutservice,kubernetes,0,0,0,0,0,0,0
2026-10-04T14:13:16Z,checkoutservice,paymentservice,45031,43183,0,192,0,483950,42782
2026-10-04T14:13:16Z,checkoutservice,productcatalogservice,0,0,0,0,0,0,0
2026-10-04T14:13:16Z,checkoutservice,recommendationservice,0,0,0,0,0,0,0
2026-10-04T14:13:16Z,checkoutservice,redis-cart,0,0,0,0,0,0,0
2026-10-04T14:13:16Z,checkoutservice,shippingservice,86049,83946,0,154,0,554987,83437
2026-10-04T14:13:16Z,currencyservice,adservice,0,0,0,0,0,0,0
2026-10-04T14:13:16Z,currencyservice,cartservice,0,0,0,0,0,0,0
2026-10-04T14:13:16Z,currencyservice,checkoutservice,0,0,0,0,0,0,0
2026-10-04T14:13:16Z,currencyservice,currencyservice,0,0,0,0,0,0,0
2026-10-04T14:13:16Z,currencyservice,emailservice,0,0,0,0,0,0,0
2026-10-04T14:13:16Z,currencyservice,frontend,0,0,0,0,0,0,0
2026-10-04T14:13:16Z,currencyservice,kubernetes,0,0,0,0,0,0,0
2026-10-04T14:13:16Z,currencyservice,paymentservice,0,0,0,0,0,0,0
2026-10-04T14:13:16Z,currencyservice,productcatalogservice,0,0,0,0,0,0,0
2026-10-04T14:13:16Z,currencyservice,recommendationservice,0,0,0,0,0,0,0
2026-10-04T14:13:16Z,currencyservice,redis-cart,0,0,0,0,0,0,0
2026-10-04T14:13:16Z,currencyservice,shippingservice,0,0,0,0,0,0,0
2026-10-04T14:13:16Z,emailservice,adservice,0,0,0,0,0,0,0
2026-10-04T14:13:16Z,emailservice,cartservice,0,0,0,0,0,0,0
2026-10-04T14:13:16Z,emailservice,checkoutservice,0,0,0,0,0,0,0
2026-10-04T14:13:16Z,emailservice,currencyservice,0,0,0,0,0,0,0
2026-10-04T14:13:16Z,emailservice,emailservice,0,0,0,0,0,0,0
2026-10-04T14:13:16Z,emailservice,frontend,0,0,0,0,0,0,0
2026-10-04T14:13:16Z,emailservice,kubernetes,0,0,0,0,0,0,0
2026-10-04T14:13:16Z,emailservice,paymentservice,0,0,0,0,0,0,0
2026-10-04T14:13:16Z,emailservice,productcatalogservice,0,0,0,0,0,0,0
2026-10-04T14:13:16Z,emailservice,recommendationservice,0,0,0,0,0,0,0
2026-10-04T14:13:16Z,emailservice,redis-cart,0,0,0,0,0,0,0
2026-10-04T14:13:16Z,emailservice,shippingservice,0,0,0,0,0,0,0
2026-10-04T14:13:16Z,frontend,adservice,875774,875770,0,0,0,2633589,875396
2026-10-04T14:13:16Z,frontend,cartservice,1968292,1968279,0,0,4,10813981,1967229
2026-10-04T14:13:16Z,frontend,checkoutservice,410766,200780,0,40061,169951,63963056,200629
2026-10-04T14:13:16Z,frontend,currencyservice,3127602,3127592,0,0,0,16313107,3125901
2026-10-04T14:13:16Z,frontend,emailservice,0,0,0,0,0,0,0
2026-10-04T14:13:16Z,frontend,frontend,0,0,0,0,0,0,0
2026-10-04T14:13:16Z,frontend,kubernetes,0,0,0,0,0,0,0
2026-10-04T14:13:16Z,frontend,paymentservice,0,0,0,0,0,0,0
2026-10-04T14:13:16Z,frontend,productcatalogservice,8722786,8722700,0,0,0,59381144,8718422
2026-10-04T14:13:16Z,frontend,recommendationservice,2896015,1738103,0,122197,1033207,887972241,1737143
2026-10-04T14:13:16Z,frontend,redis-cart,0,0,0,0,0,0,0
2026-10-04T14:13:16Z,frontend,shippingservice,321031,321026,0,0,0,966015,320873
2026-10-04T14:13:16Z,paymentservice,adservice,0,0,0,0,0,0,0
2026-10-04T14:13:16Z,paymentservice,cartservice,0,0,0,0,0,0,0
2026-10-04T14:13:16Z,paymentservice,checkoutservice,0,0,0,0,0,0,0
2026-10-04T14:13:16Z,paymentservice,currencyservice,0,0,0,0,0,0,0
2026-10-04T14:13:16Z,paymentservice,emailservice,0,0,0,0,0,0,0
2026-10-04T14:13:16Z,paymentservice,frontend,0,0,0,0,0,0,0
2026-10-04T14:13:16Z,paymentservice,kubernetes,0,0,0,0,0,0,0
2026-10-04T14:13:16Z,paymentservice,paymentservice,0,0,0,0,0,0,0
2026-10-04T14:13:16Z,paymentservice,productcatalogservice,0,0,0,0,0,0,0
2026-10-04T14:13:16Z,paymentservice,recommendationservice,0,0,0,0,0,0,0
2026-10-04T14:13:16Z,paymentservice,redis-cart,0,0,0,0,0,0,0
2026-10-04T14:13:16Z,paymentservice,shippingservice,0,0,0,0,0,0,0
2026-10-04T14:13:16Z,productcatalogservice,adservice,0,0,0,0,0,0,0
2026-10-04T14:13:16Z,productcatalogservice,cartservice,0,0,0,0,0,0,0
2026-10-04T14:13:16Z,productcatalogservice,checkoutservice,0,0,0,0,0,0,0
2026-10-04T14:13:16Z,productcatalogservice,currencyservice,0,0,0,0,0,0,0
2026-10-04T14:13:16Z,productcatalogservice,emailservice,0,0,0,0,0,0,0
2026-10-04T14:13:16Z,productcatalogservice,frontend,0,0,0,0,0,0,0
2026-10-04T14:13:16Z,productcatalogservice,kubernetes,0,0,0,0,0,0,0
2026-10-04T14:13:16Z,productcatalogservice,paymentservice,0,0,0,0,0,0,0
2026-10-04T14:13:16Z,productcatalogservice,productcatalogservice,0,0,0,0,0,0,0
2026-10-04T14:13:16Z,productcatalogservice,recommendationservice,0,0,0,0,0,0,0
2026-10-04T14:13:16Z,productcatalogservice,redis-cart,0,0,0,0,0,0,0
2026-10-04T14:13:16Z,productcatalogservice,shippingservice,0,0,0,0,0,0,0
2026-10-04T14:13:16Z,recommendationservice,adservice,0,0,0,0,0,0,0
2026-10-04T14:13:16Z,recommendationservice,cartservice,0,0,0,0,0,0,0
2026-10-04T14:13:16Z,recommendationservice,checkoutservice,0,0,0,0,0,0,0
2026-10-04T14:13:16Z,recommendationservice,currencyservice,0,0,0,0,0,0,0
2026-10-04T14:13:16Z,recommendationservice,emailservice,0,0,0,0,0,0,0
2026-10-04T14:13:16Z,recommendationservice,frontend,0,0,0,0,0,0,0
2026-10-04T14:13:16Z,recommendationservice,kubernetes,0,0,0,0,0,0,0
2026-10-04T14:13:16Z,recommendationservice,paymentservice,0,0,0,0,0,0,0
2026-10-04T14:13:16Z,recommendationservice,productcatalogservice,244622,244617,0,0,0,1568171,244195
2026-10-04T14:13:16Z,recommendationservice,recommendationservice,0,0,0,0,0,0,0
2026-10-04T14:13:16Z,recommendationservice,redis-cart,0,0,0,0,0,0,0
2026-10-04T14:13:16Z,recommendationservice,shippingservice,0,0,0,0,0,0,0
2026-10-04T14:13:16Z,redis-cart,adservice,0,0,0,0,0,0,0
2026-10-04T14:13:16Z,redis-cart,cartservice,0,0,0,0,0,0,0
2026-10-04T14:13:16Z,redis-cart,checkoutservice,0,0,0,0,0,0,0
2026-10-04T14:13:16Z,redis-cart,currencyservice,0,0,0,0,0,0,0
2026-10-04T14:13:16Z,redis-cart,emailservice,0,0,0,0,0,0,0
2026-10-04T14:13:16Z,redis-cart,frontend,0,0,0,0,0,0,0
2026-10-04T14:13:16Z,redis-cart,kubernetes,0,0,0,0,0,0,0
2026-10-04T14:13:16Z,redis-cart,paymentservice,0,0,0,0,0,0,0
2026-10-04T14:13:16Z,redis-cart,productcatalogservice,0,0,0,0,0,0,0
2026-10-04T14:13:16Z,redis-cart,recommendationservice,0,0,0,0,0,0,0
2026-10-04T14:13:16Z,redis-cart,redis-cart,0,0,0,0,0,0,0
2026-10-04T14:13:16Z,redis-cart,shippingservice,0,0,0,0,0,0,0
2026-10-04T14:13:16Z,shippingservice,adservice,0,0,0,0,0,0,0
2026-10-04T14:13:16Z,shippingservice,cartservice,0,0,0,0,0,0,0
2026-10-04T14:13:16Z,shippingservice,checkoutservice,0,0,0,0,0,0,0
2026-10-04T14:13:16Z,shippingservice,currencyservice,0,0,0,0,0,0,0
2026-10-04T14:13:16Z,shippingservice,emailservice,0,0,0,0,0,0,0
2026-10-04T14:13:16Z,shippingservice,frontend,0,0,0,0,0,0,0
2026-10-04T14:13:16Z,shippingservice,kubernetes,0,0,0,0,0,0,0
2026-10-04T14:13:16Z,shippingservice,paymentservice,0,0,0,0,0,0,0
2026-10-04T14:13:16Z,shippingservice,productcatalogservice,0,0,0,0,0,0,0
2026-10-04T14:13:16Z,shippingservice,recommendationservice,0,0,0,0,0,0,0
2026-10-04T14:13:16Z,shippingservice,redis-cart,0,0,0,0,0,0,0
2026-10-04T14:13:16Z,shippingservice,shippingservice,0,0,0,0,0,0,0
2026-10-04T14:13:17Z,adservice,adservice,0,0,0,0,0,0,0
2026-10-04T14:13:17Z,adservice,cartservice,0,0,0,0,0,0,0
2026-10-04T14:13:17Z,adservice,checkoutservice,0,0,0,0,0,0,0
2026-10-04T14:13:17Z,adservice,currencyservice,0,0,0,0,0,0,0
2026-10-04T14:13:17Z,adservice,emailservice,0,0,0,0,0,0,0
2026-10-04T14:13:17Z,adservice,frontend,0,0,0,0,0,0,0
2026-10-04T14:13:17Z,adservice,kubernetes,0,0,0,0,0,0,0
2026-10-04T14:13:17Z,adservice,paymentservice,0,0,0,0,0,0,0
2026-10-04T14:13:17Z,adservice,productcatalogservice,0,0,0,0,0,0,0
2026-10-04T14:13:17Z,adservice,recommendationservice,0,0,0,0,0,0,0
2026-10-04T14:13:17Z,adservice,redis-cart,0,0,0,0,0,0,0
2026-10-04T14:13:17Z,adservice,shippingservice,0,0,0,0,0,0,0
2026-10-04T14:13:17Z,cartservice,adservice,0,0,0,0,0,0,0
2026-10-04T14:13:17Z,cartservice,cartservice,0,0,0,0,0,0,0
2026-10-04T14:13:17Z,cartservice,checkoutservice,0,0,0,0,0,0,0
2026-10-04T14:13:17Z,cartservice,currencyservice,0,0,0,0,0,0,0
2026-10-04T14:13:17Z,cartservice,emailservice,0,0,0,0,0,0,0
2026-10-04T14:13:17Z,cartservice,frontend,0,0,0,0,0,0,0
2026-10-04T14:13:17Z,cartservice,kubernetes,0,0,0,0,0,0,0
2026-10-04T14:13:17Z,cartservice,paymentservice,0,0,0,0,0,0,0
2026-10-04T14:13:17Z,cartservice,productcatalogservice,0,0,0,0,0,0,0
2026-10-04T14:13:17Z,cartservice,recommendationservice,0,0,0,0,0,0,0
2026-10-04T14:13:17Z,cartservice,redis-cart,2,0,0,0,0,0,0
2026-10-04T14:13:17Z,cartservice,shippingservice,0,0,0,0,0,0,0
2026-10-04T14:13:17Z,checkoutservice,adservice,0,0,0,0,0,0,0
2026-10-04T14:13:17Z,checkoutservice,cartservice,80853,79922,0,100,0,793851,79909
2026-10-04T14:13:17Z,checkoutservice,checkoutservice,0,0,0,0,0,0,0
2026-10-04T14:13:17Z,checkoutservice,currencyservice,51826,51826,0,0,0,610395,51819
2026-10-04T14:13:17Z,checkoutservice,emailservice,23057,22764,0,66,0,728354,22761
2026-10-04T14:13:17Z,checkoutservice,frontend,0,0,0,0,0,0,0
2026-10-04T14:13:17Z,checkoutservice,kubernetes,0,0,0,0,0,0,0
2026-10-04T14:13:17Z,checkoutservice,paymentservice,45091,43243,0,192,0,485127,43089
2026-10-04T14:13:17Z,checkoutservice,productcatalogservice,0,0,0,0,0,0,0
2026-10-04T14:13:17Z,checkoutservice,recommendationservice,0,0,0,0,0,0,0
2026-10-04T14:13:17Z,checkoutservice,redis-cart,0,0,0,0,0,0,0
2026-10-04T14:13:17Z,checkoutservice,shippingservice,86164,84061,0,154,0,556443,84049
2026-10-04T14:13:17Z,currencyservice,adservice,0,0,0,0,0,0,0
2026-10-04T14:13:17Z,currencyservice,cartservice,0,0,0,0,0,0,0
2026-10-04T14:13:17Z,currencyservice,checkoutservice,0,0,0,0,0,0,0
2026-10-04T14:13:17Z,currencyservice,currencyservice,0,0,0,0,0,0,0
2026-10-04T14:13:17Z,currencyservice,emailservice,0,0,0,0,0,0,0
2026-10-04T14:13:17Z,currencyservice,frontend,0,0,0,0,0,0,0
2026-10-04T14:13:17Z,currencyservice,kubernetes,0,0,0,0,0,0,0
2026-10-04T14:13:17Z,currencyservice,paymentservice,0,0,0,0,0,0,0
2026-10-04T14:13:17Z,currencyservice,productcatalogservice,0,0,0,0,0,0,0
2026-10-04T14:13:17Z,currencyservice,recommendationservice,0,0,0,0,0,0,0
2026-10-04T14:13:17Z,currencyservice,redis-cart,0,0,0,0,0,0,0
2026-10-04T14:13:17Z,currencyservice,shippingservice,0,0,0,0,0,0,0
2026-10-04T14:13:17Z,emailservice,adservice,0,0,0,0,0,0,0
2026-10-04T14:13:17Z,emailservice,cartservice,0,0,0,0,0,0,0
2026-10-04T14:13:17Z,emailservice,checkoutservice,0,0,0,0,0,0,0
2026-10-04T14:13:17Z,emailservice,currencyservice,0,0,0,0,0,0,0
2026-10-04T14:13:17Z,emailservice,emailservice,0,0,0,0,0,0,0
2026-10-04T14:13:17Z,emailservice,frontend,0,0,0,0,0,0,0
2026-10-04T14:13:17Z,emailservice,kubernetes,0,0,0,0,0,0,0
2026-10-04T14:13:17Z,emailservice,paymentservice,0,0,0,0,0,0,0
2026-10-04T14:13:17Z,emailservice,productcatalogservice,0,0,0,0,0,0,0
2026-10-04T14:13:17Z,emailservice,recommendationservice,0,0,0,0,0,0,0
2026-10-04T14:13:17Z,emailservice,redis-cart,0,0,0,0,0,0,0
2026-10-04T14:13:17Z,emailservice,shippingservice,0,0,0,0,0,0,0
2026-10-04T14:13:17Z,frontend,adservice,875909,875907,0,0,0,2633589,875396
2026-10-04T14:13:17Z,frontend,cartservice,1968672,1968660,0,0,4,10813981,1967229
2026-10-04T14:13:17Z,frontend,checkoutservice,410817,200841,0,40061,169951,63963056,200629
2026-10-04T14:13:17Z,frontend,currencyservice,3128223,3128214,0,0,0,16313107,3125901
2026-10-04T14:13:17Z,frontend,emailservice,0,0,0,0,0,0,0
2026-10-04T14:13:17Z,frontend,frontend,0,0,0,0,0,0,0
2026-10-04T14:13:17Z,frontend,kubernetes,0,0,0,0,0,0,0
2026-10-04T14:13:17Z,frontend,paymentservice,0,0,0,0,0,0,0
2026-10-04T14:13:17Z,frontend,productcatalogservice,8724295,8724226,0,0,0,59381144,8718422
2026-10-04T14:13:17Z,frontend,recommendationservice,2896698,1738458,0,122219,1033505,887972241,1737143
2026-10-04T14:13:17Z,frontend,redis-cart,0,0,0,0,0,0,0
2026-10-04T14:13:17Z,frontend,shippingservice,321089,321086,0,0,0,966015,320873
2026-10-04T14:13:17Z,paymentservice,adservice,0,0,0,0,0,0,0
2026-10-04T14:13:17Z,paymentservice,cartservice,0,0,0,0,0,0,0
2026-10-04T14:13:17Z,paymentservice,checkoutservice,0,0,0,0,0,0,0
2026-10-04T14:13:17Z,paymentservice,currencyservice,0,0,0,0,0,0,0
2026-10-04T14:13:17Z,paymentservice,emailservice,0,0,0,0,0,0,0
2026-10-04T14:13:17Z,paymentservice,frontend,0,0,0,0,0,0,0
2026-10-04T14:13:17Z,paymentservice,kubernetes,0,0,0,0,0,0,0
2026-10-04T14:13:17Z,paymentservice,paymentservice,0,0,0,0,0,0,0
2026-10-04T14:13:17Z,paymentservice,productcatalogservice,0,0,0,0,0,0,0
2026-10-04T14:13:17Z,paymentservice,recommendationservice,0,0,0,0,0,0,0
2026-10-04T14:13:17Z,paymentservice,redis-cart,0,0,0,0,0,0,0
2026-10-04T14:13:17Z,paymentservice,shippingservice,0,0,0,0,0,0,0
2026-10-04T14:13:17Z,productcatalogservice,adservice,0,0,0,0,0,0,0
2026-10-04T14:13:17Z,productcatalogservice,cartservice,0,0,0,0,0,0,0
2026-10-04T14:13:17Z,productcatalogservice,checkoutservice,0,0,0,0,0,0,0
2026-10-04T14:13:17Z,productcatalogservice,currencyservice,0,0,0,0,0,0,0
2026-10-04T14:13:17Z,productcatalogservice,emailservice,0,0,0,0,0,0,0
2026-10-04T14:13:17Z,productcatalogservice,frontend,0,0,0,0,0,0,0
2026-10-04T14:13:17Z,productcatalogservice,kubernetes,0,0,0,0,0,0,0
2026-10-04T14:13:17Z,productcatalogservice,paymentservice,0,0,0,0,0,0,0
2026-10-04T14:13:17Z,productcatalogservice,productcatalogservice,0,0,0,0,0,0,0
2026-10-04T14:13:17Z,productcatalogservice,recommendationservice,0,0,0,0,0,0,0
2026-10-04T14:13:17Z,productcatalogservice,redis-cart,0,0,0,0,0,0,0
2026-10-04T14:13:17Z,productcatalogservice,shippingservice,0,0,0,0,0,0,0
2026-10-04T14:13:17Z,recommendationservice,adservice,0,0,0,0,0,0,0
2026-10-04T14:13:17Z,recommendationservice,cartservice,0,0,0,0,0,0,0
2026-10-04T14:13:17Z,recommendationservice,checkoutservice,0,0,0,0,0,0,0
2026-10-04T14:13:17Z,recommendationservice,currencyservice,0,0,0,0,0,0,0
2026-10-04T14:13:17Z,recommendationservice,emailservice,0,0,0,0,0,0,0
2026-10-04T14:13:17Z,recommendationservice,frontend,0,0,0,0,0,0,0
2026-10-04T14:13:17Z,recommendationservice,kubernetes,0,0,0,0,0,0,0
2026-10-04T14:13:17Z,recommendationservice,paymentservice,0,0,0,0,0,0,0
2026-10-04T14:13:17Z,recommendationservice,productcatalogservice,245060,245058,0,0,0,1568171,244195
2026-10-04T14:13:17Z,recommendationservice,recommendationservice,0,0,0,0,0,0,0
2026-10-04T14:13:17Z,recommendationservice,redis-cart,0,0,0,0,0,0,0
2026-10-04T14:13:17Z,recommendationservice,shippingservice,0,0,0,0,0,0,0
2026-10-04T14:13:17Z,redis-cart,adservice,0,0,0,0,0,0,0
2026-10-04T14:13:17Z,redis-cart,cartservice,0,0,0,0,0,0,0
2026-10-04T14:13:17Z,redis-cart,checkoutservice,0,0,0,0,0,0,0
2026-10-04T14:13:17Z,redis-cart,currencyservice,0,0,0,0,0,0,0
2026-10-04T14:13:17Z,redis-cart,emailservice,0,0,0,0,0,0,0
2026-10-04T14:13:17Z,redis-cart,frontend,0,0,0,0,0,0,0
2026-10-04T14:13:17Z,redis-cart,kubernetes,0,0,0,0,0,0,0
2026-10-04T14:13:17Z,redis-cart,paymentservice,0,0,0,0,0,0,0
2026-10-04T14:13:17Z,redis-cart,productcatalogservice,0,0,0,0,0,0,0
2026-10-04T14:13:17Z,redis-cart,recommendationservice,0,0,0,0,0,0,0
2026-10-04T14:13:17Z,redis-cart,redis-cart,0,0,0,0,0,0,0
2026-10-04T14:13:17Z,redis-cart,shippingservice,0,0,0,0,0,0,0
2026-10-04T14:13:17Z,shippingservice,adservice,0,0,0,0,0,0,0
2026-10-04T14:13:17Z,shippingservice,cartservice,0,0,0,0,0,0,0
2026-10-04T14:13:17Z,shippingservice,checkoutservice,0,0,0,0,0,0,0
2026-10-04T14:13:17Z,shippingservice,currencyservice,0,0,0,0,0,0,0
2026-10-04T14:13:17Z,shippingservice,emailservice,0,0,0,0,0,0,0
2026-10-04T14:13:17Z,shippingservice,frontend,0,0,0,0,0,0,0
2026-10-04T14:13:17Z,shippingservice,kubernetes,0,0,0,0,0,0,0
2026-10-04T14:13:17Z,shippingservice,paymentservice,0,0,0,0,0,0,0
2026-10-04T14:13:17Z,shippingservice,productcatalogservice,0,0,0,0,0,0,0
2026-10-04T14:13:17Z,shippingservice,recommendationservice,0,0,0,0,0,0,0
2026-10-04T14:13:17Z,shippingservice,redis-cart,0,0,0,0,0,0,0
2026-10-04T14:13:17Z,shippingservice,shippingservice,0,0,0,0,0,0,0
2026-10-04T14:13:18Z,adservice,adservice,0,0,0,0,0,0,0
2026-10-04T14:13:18Z,adservice,cartservice,0,0,0,0,0,0,0
2026-10-04T14:13:18Z,adservice,checkoutservice,0,0,0,0,0,0,0
2026-10-04T14:13:18Z,adservice,currencyservice,0,0,0,0,0,0,0
2026-10-04T14:13:18Z,adservice,emailservice,0,0,0,0,0,0,0
2026-10-04T14:13:18Z,adservice,frontend,0,0,0,0,0,0,0
2026-10-04T14:13:18Z,adservice,kubernetes,0,0,0,0,0,0,0
2026-10-04T14:13:18Z,adservice,paymentservice,0,0,0,0,0,0,0
2026-10-04T14:13:18Z,adservice,productcatalogservice,0,0,0,0,0,0,0
2026-10-04T14:13:18Z,adservice,recommendationservice,0,0,0,0,0,0,0
2026-10-04T14:13:18Z,adservice,redis-cart,0,0,0,0,0,0,0
2026-10-04T14:13:18Z,adservice,shippingservice,0,0,0,0,0,0,0
2026-10-04T14:13:18Z,cartservice,adservice,0,0,0,0,0,0,0
2026-10-04T14:13:18Z,cartservice,cartservice,0,0,0,0,0,0,0
2026-10-04T14:13:18Z,cartservice,checkoutservice,0,0,0,0,0,0,0
2026-10-04T14:13:18Z,cartservice,currencyservice,0,0,0,0,0,0,0
2026-10-04T14:13:18Z,cartservice,emailservice,0,0,0,0,0,0,0
2026-10-04T14:13:18Z,cartservice,frontend,0,0,0,0,0,0,0
2026-10-04T14:13:18Z,cartservice,kubernetes,0,0,0,0,0,0,0
2026-10-04T14:13:18Z,cartservice,paymentservice,0,0,0,0,0,0,0
2026-10-04T14:13:18Z,cartservice,productcatalogservice,0,0,0,0,0,0,0
2026-10-04T14:13:18Z,cartservice,recommendationservice,0,0,0,0,0,0,0
2026-10-04T14:13:18Z,cartservice,redis-cart,2,0,0,0,0,0,0
2026-10-04T14:13:18Z,cartservice,shippingservice,0,0,0,0,0,0,0
2026-10-04T14:13:18Z,checkoutservice,adservice,0,0,0,0,0,0,0
2026-10-04T14:13:18Z,checkoutservice,cartservice,80960,80028,0,100,0,793851,79909
2026-10-04T14:13:18Z,checkoutservice,checkoutservice,0,0,0,0,0,0,0
2026-10-04T14:13:18Z,checkoutservice,currencyservice,51876,51876,0,0,0,610395,51819
2026-10-04T14:13:18Z,checkoutservice,emailservice,23113,22820,0,66,0,728354,22761
2026-10-04T14:13:18Z,checkoutservice,frontend,0,0,0,0,0,0,0
2026-10-04T14:13:18Z,checkoutservice,kubernetes,0,0,0,0,0,0,0
2026-10-04T14:13:18Z,checkoutservice,paymentservice,45142,43293,0,192,0,485127,43089
2026-10-04T14:13:18Z,checkoutservice,productcatalogservice,0,0,0,0,0,0,0
2026-10-04T14:13:18Z,checkoutservice,recommendationservice,0,0,0,0,0,0,0
2026-10-04T14:13:18Z,checkoutservice,redis-cart,0,0,0,0,0,0,0
2026-10-04T14:13:18Z,checkoutservice,shippingservice,86269,84165,0,154,0,556443,84049
2026-10-04T14:13:18Z,currencyservice,adservice,0,0,0,0,0,0,0
2026-10-04T14:13:18Z,currencyservice,cartservice,0,0,0,0,0,0,0
2026-10-04T14:13:18Z,currencyservice,checkoutservice,0,0,0,0,0,0,0
2026-10-04T14:13:18Z,currencyservice,currencyservice,0,0,0,0,0,0,0
2026-10-04T14:13:18Z,currencyservice,emailservice,0,0,0,0,0,0,0
2026-10-04T14:13:18Z,currencyservice,frontend,0,0,0,0,0,0,0
2026-10-04T14:13:18Z,currencyservice,kubernetes,0,0,0,0,0,0,0
2026-10-04T14:13:18Z,currencyservice,paymentservice,0,0,0,0,0,0,0
2026-10-04T14:13:18Z,currencyservice,productcatalogservice,0,0,0,0,0,0,0
2026-10-04T14:13:18Z,currencyservice,recommendationservice,0,0,0,0,0,0,0
2026-10-04T14:13:18Z,currencyservice,redis-cart,0,0,0,0,0,0,0
2026-10-04T14:13:18Z,currencyservice,shippingservice,0,0,0,0,0,0,0
2026-10-04T14:13:18Z,emailservice,adservice,0,0,0,0,0,0,0
2026-10-04T14:13:18Z,emailservice,cartservice,0,0,0,0,0,0,0
2026-10-04T14:13:18Z,emailservice,checkoutservice,0,0,0,0,0,0,0
2026-10-04T14:13:18Z,emailservice,currencyservice,0,0,0,0,0,0,0
2026-10-04T14:13:18Z,emailservice,emailservice,0,0,0,0,0,0,0
2026-10-04T14:13:18Z,emailservice,frontend,0,0,0,0,0,0,0
2026-10-04T14:13:18Z,emailservice,kubernetes,0,0,0,0,0,0,0
2026-10-04T14:13:18Z,emailservice,paymentservice,0,0,0,0,0,0,0
2026-10-04T14:13:18Z,emailservice,productcatalogservice,0,0,0,0,0,0,0
2026-10-04T14:13:18Z,emailservice,recommendationservice,0,0,0,0,0,0,0
2026-10-04T14:13:18Z,emailservice,redis-cart,0,0,0,0,0,0,0
2026-10-04T14:13:18Z,emailservice,shippingservice,0,0,0,0,0,0,0
2026-10-04T14:13:18Z,frontend,adservice,876079,876077,0,0,0,2634048,875577
2026-10-04T14:13:18Z,frontend,cartservice,1969080,1969065,0,0,4,10816417,1967748
2026-10-04T14:13:18Z,frontend,checkoutservice,410875,200899,0,40061,169951,63971675,200699
2026-10-04T14:13:18Z,frontend,currencyservice,3128873,3128866,0,0,0,16316761,3126729
2026-10-04T14:13:18Z,frontend,emailservice,0,0,0,0,0,0,0
2026-10-04T14:13:18Z,frontend,frontend,0,0,0,0,0,0,0
2026-10-04T14:13:18Z,frontend,kubernetes,0,0,0,0,0,0,0
2026-10-04T14:13:18Z,frontend,paymentservice,0,0,0,0,0,0,0
2026-10-04T14:13:18Z,frontend,productcatalogservice,8725990,8725912,0,0,0,59395585,8720485
2026-10-04T14:13:18Z,frontend,recommendationservice,2897465,1738819,0,122258,1033855,888316516,1737628
2026-10-04T14:13:18Z,frontend,redis-cart,0,0,0,0,0,0,0
2026-10-04T14:13:18Z,frontend,shippingservice,321137,321135,0,0,0,966172,320946
2026-10-04T14:13:18Z,paymentservice,adservice,0,0,0,0,0,0,0
2026-10-04T14:13:18Z,paymentservice,cartservice,0,0,0,0,0,0,0
2026-10-04T14:13:18Z,paymentservice,checkoutservice,0,0,0,0,0,0,0
2026-10-04T14:13:18Z,paymentservice,currencyservice,0,0,0,0,0,0,0
2026-10-04T14:13:18Z,paymentservice,emailservice,0,0,0,0,0,0,0
2026-10-04T14:13:18Z,paymentservice,frontend,0,0,0,0,0,0,0
2026-10-04T14:13:18Z,paymentservice,kubernetes,0,0,0,0,0,0,0
2026-10-04T14:13:18Z,paymentservice,paymentservice,0,0,0,0,0,0,0
2026-10-04T14:13:18Z,paymentservice,productcatalogservice,0,0,0,0,0,0,0
2026-10-04T14:13:18Z,paymentservice,recommendationservice,0,0,0,0,0,0,0
2026-10-04T14:13:18Z,paymentservice,redis-cart,0,0,0,0,0,0,0
2026-10-04T14:13:18Z,paymentservice,shippingservice,0,0,0,0,0,0,0
2026-10-04T14:13:18Z,productcatalogservice,adservice,0,0,0,0,0,0,0
2026-10-04T14:13:18Z,productcatalogservice,cartservice,0,0,0,0,0,0,0
2026-10-04T14:13:18Z,productcatalogservice,checkoutservice,0,0,0,0,0,0,0
2026-10-04T14:13:18Z,productcatalogservice,currencyservice,0,0,0,0,0,0,0
2026-10-04T14:13:18Z,productcatalogservice,emailservice,0,0,0,0,0,0,0
2026-10-04T14:13:18Z,productcatalogservice,frontend,0,0,0,0,0,0,0
2026-10-04T14:13:18Z,productcatalogservice,kubernetes,0,0,0,0,0,0,0
2026-10-04T14:13:18Z,productcatalogservice,paymentservice,0,0,0,0,0,0,0
2026-10-04T14:13:18Z,productcatalogservice,productcatalogservice,0,0,0,0,0,0,0
2026-10-04T14:13:18Z,productcatalogservice,recommendationservice,0,0,0,0,0,0,0
2026-10-04T14:13:18Z,productcatalogservice,redis-cart,0,0,0,0,0,0,0
2026-10-04T14:13:18Z,productcatalogservice,shippingservice,0,0,0,0,0,0,0
2026-10-04T14:13:18Z,recommendationservice,adservice,0,0,0,0,0,0,0
2026-10-04T14:13:18Z,recommendationservice,cartservice,0,0,0,0,0,0,0
2026-10-04T14:13:18Z,recommendationservice,checkoutservice,0,0,0,0,0,0,0
2026-10-04T14:13:18Z,recommendationservice,currencyservice,0,0,0,0,0,0,0
2026-10-04T14:13:18Z,recommendationservice,emailservice,0,0,0,0,0,0,0
2026-10-04T14:13:18Z,recommendationservice,frontend,0,0,0,0,0,0,0
2026-10-04T14:13:18Z,recommendationservice,kubernetes,0,0,0,0,0,0,0
2026-10-04T14:13:18Z,recommendationservice,paymentservice,0,0,0,0,0,0,0
2026-10-04T14:13:18Z,recommendationservice,productcatalogservice,245498,245488,0,0,0,1568171,244195
2026-10-04T14:13:18Z,recommendationservice,recommendationservice,0,0,0,0,0,0,0
2026-10-04T14:13:18Z,recommendationservice,redis-cart,0,0,0,0,0,0,0
2026-10-04T14:13:18Z,recommendationservice,shippingservice,0,0,0,0,0,0,0
2026-10-04T14:13:18Z,redis-cart,adservice,0,0,0,0,0,0,0
2026-10-04T14:13:18Z,redis-cart,cartservice,0,0,0,0,0,0,0
2026-10-04T14:13:18Z,redis-cart,checkoutservice,0,0,0,0,0,0,0
2026-10-04T14:13:18Z,redis-cart,currencyservice,0,0,0,0,0,0,0
2026-10-04T14:13:18Z,redis-cart,emailservice,0,0,0,0,0,0,0
2026-10-04T14:13:18Z,redis-cart,frontend,0,0,0,0,0,0,0
2026-10-04T14:13:18Z,redis-cart,kubernetes,0,0,0,0,0,0,0
2026-10-04T14:13:18Z,redis-cart,paymentservice,0,0,0,0,0,0,0
2026-10-04T14:13:18Z,redis-cart,productcatalogservice,0,0,0,0,0,0,0
2026-10-04T14:13:18Z,redis-cart,recommendationservice,0,0,0,0,0,0,0
2026-10-04T14:13:18Z,redis-cart,redis-cart,0,0,0,0,0,0,0
2026-10-04T14:13:18Z,redis-cart,shippingservice,0,0,0,0,0,0,0
2026-10-04T14:13:18Z,shippingservice,adservice,0,0,0,0,0,0,0
2026-10-04T14:13:18Z,shippingservice,cartservice,0,0,0,0,0,0,0
2026-10-04T14:13:18Z,shippingservice,checkoutservice,0,0,0,0,0,0,0
2026-10-04T14:13:18Z,shippingservice,currencyservice,0,0,0,0,0,0,0
2026-10-04T14:13:18Z,shippingservice,emailservice,0,0,0,0,0,0,0
2026-10-04T14:13:18Z,shippingservice,frontend,0,0,0,0,0,0,0
2026-10-04T14:13:18Z,shippingservice,kubernetes,0,0,0,0,0,0,0
2026-10-04T14:13:18Z,shippingservice,paymentservice,0,0,0,0,0,0,0
2026-10-04T14:13:18Z,shippingservice,productcatalogservice,0,0,0,0,0,0,0
2026-10-04T14:13:18Z,shippingservice,recommendationservice,0,0,0,0,0,0,0
2026-10-04T14:13:18Z,shippingservice,redis-cart,0,0,0,0,0,0,0
2026-10-04T14:13:18Z,shippingservice,shippingservice,0,0,0,0,0,0,0
2026-10-04T14:13:19Z,adservice,adservice,0,0,0,0,0,0,0
2026-10-04T14:13:19Z,adservice,cartservice,0,0,0,0,0,0,0
2026-10-04T14:13:19Z,adservice,checkoutservice,0,0,0,0,0,0,0
2026-10-04T14:13:19Z,adservice,currencyservice,0,0,0,0,0,0,0
2026-10-04T14:13:19Z,adservice,emailservice,0,0,0,0,0,0,0
2026-10-04T14:13:19Z,adservice,frontend,0,0,0,0,0,0,0
2026-10-04T14:13:19Z,adservice,kubernetes,0,0,0,0,0,0,0
2026-10-04T14:13:19Z,adservice,paymentservice,0,0,0,0,0,0,0
2026-10-04T14:13:19Z,adservice,productcatalogservice,0,0,0,0,0,0,0
2026-10-04T14:13:19Z,adservice,recommendationservice,0,0,0,0,0,0,0
2026-10-04T14:13:19Z,adservice,redis-cart,0,0,0,0,0,0,0
2026-10-04T14:13:19Z,adservice,shippingservice,0,0,0,0,0,0,0
2026-10-04T14:13:19Z,cartservice,adservice,0,0,0,0,0,0,0
2026-10-04T14:13:19Z,cartservice,cartservice,0,0,0,0,0,0,0
2026-10-04T14:13:19Z,cartservice,checkoutservice,0,0,0,0,0,0,0
2026-10-04T14:13:19Z,cartservice,currencyservice,0,0,0,0,0,0,0
2026-10-04T14:13:19Z,cartservice,emailservice,0,0,0,0,0,0,0
2026-10-04T14:13:19Z,cartservice,frontend,0,0,0,0,0,0,0
2026-10-04T14:13:19Z,cartservice,kubernetes,0,0,0,0,0,0,0
2026-10-04T14:13:19Z,cartservice,paymentservice,0,0,0,0,0,0,0
2026-10-04T14:13:19Z,cartservice,productcatalogservice,0,0,0,0,0,0,0
2026-10-04T14:13:19Z,cartservice,recommendationservice,0,0,0,0,0,0,0
2026-10-04T14:13:19Z,cartservice,redis-cart,2,0,0,0,0,0,0
2026-10-04T14:13:19Z,cartservice,shippingservice,0,0,0,0,0,0,0
2026-10-04T14:13:19Z,checkoutservice,adservice,0,0,0,0,0,0,0
2026-10-04T14:13:19Z,checkoutservice,cartservice,81083,80152,0,100,0,793851,79909
2026-10-04T14:13:19Z,checkoutservice,checkoutservice,0,0,0,0,0,0,0
2026-10-04T14:13:19Z,checkoutservice,currencyservice,51939,51939,0,0,0,610395,51819
2026-10-04T14:13:19Z,checkoutservice,emailservice,23177,22884,0,66,0,728354,22761
2026-10-04T14:13:19Z,checkoutservice,frontend,0,0,0,0,0,0,0
2026-10-04T14:13:19Z,checkoutservice,kubernetes,0,0,0,0,0,0,0
2026-10-04T14:13:19Z,checkoutservice,paymentservice,45205,43357,0,192,0,485127,43089
2026-10-04T14:13:19Z,checkoutservice,productcatalogservice,0,0,0,0,0,0,0
2026-10-04T14:13:19Z,checkoutservice,recommendationservice,0,0,0,0,0,0,0
2026-10-04T14:13:19Z,checkoutservice,redis-cart,0,0,0,0,0,0,0
2026-10-04T14:13:19Z,checkoutservice,shippingservice,86394,84291,0,154,0,556443,84049
2026-10-04T14:13:19Z,currencyservice,adservice,0,0,0,0,0,0,0
2026-10-04T14:13:19Z,currencyservice,cartservice,0,0,0,0,0,0,0
2026-10-04T14:13:19Z,currencyservice,checkoutservice,0,0,0,0,0,0,0
2026-10-04T14:13:19Z,currencyservice,currencyservice,0,0,0,0,0,0,0
2026-10-04T14:13:19Z,currencyservice,emailservice,0,0,0,0,0,0,0
2026-10-04T14:13:19Z,currencyservice,frontend,0,0,0,0,0,0,0
2026-10-04T14:13:19Z,currencyservice,kubernetes,0,0,0,0,0,0,0
2026-10-04T14:13:19Z,currencyservice,paymentservice,0,0,0,0,0,0,0
2026-10-04T14:13:19Z,currencyservice,productcatalogservice,0,0,0,0,0,0,0
2026-10-04T14:13:19Z,currencyservice,recommendationservice,0,0,0,0,0,0,0
2026-10-04T14:13:19Z,currencyservice,redis-cart,0,0,0,0,0,0,0
2026-10-04T14:13:19Z,currencyservice,shippingservice,0,0,0,0,0,0,0
2026-10-04T14:13:19Z,emailservice,adservice,0,0,0,0,0,0,0
2026-10-04T14:13:19Z,emailservice,cartservice,0,0,0,0,0,0,0
2026-10-04T14:13:19Z,emailservice,checkoutservice,0,0,0,0,0,0,0
2026-10-04T14:13:19Z,emailservice,currencyservice,0,0,0,0,0,0,0
2026-10-04T14:13:19Z,emailservice,emailservice,0,0,0,0,0,0,0
2026-10-04T14:13:19Z,emailservice,frontend,0,0,0,0,0,0,0
2026-10-04T14:13:19Z,emailservice,kubernetes,0,0,0,0,0,0,0
2026-10-04T14:13:19Z,emailservice,paymentservice,0,0,0,0,0,0,0
2026-10-04T14:13:19Z,emailservice,productcatalogservice,0,0,0,0,0,0,0
2026-10-04T14:13:19Z,emailservice,recommendationservice,0,0,0,0,0,0,0
2026-10-04T14:13:19Z,emailservice,redis-cart,0,0,0,0,0,0,0
2026-10-04T14:13:19Z,emailservice,shippingservice,0,0,0,0,0,0,0
2026-10-04T14:13:19Z,frontend,adservice,876233,876229,0,0,0,2635275,875995
2026-10-04T14:13:19Z,frontend,cartservice,1969494,1969481,0,0,4,10821094,1968809
2026-10-04T14:13:19Z,frontend,checkoutservice,410932,200957,0,40061,169951,63990337,200862
2026-10-04T14:13:19Z,frontend,currencyservice,3129537,3129528,0,0,0,16323193,3128460
2026-10-04T14:13:19Z,frontend,emailservice,0,0,0,0,0,0,0
2026-10-04T14:13:19Z,frontend,frontend,0,0,0,0,0,0,0
2026-10-04T14:13:19Z,frontend,kubernetes,0,0,0,0,0,0,0
2026-10-04T14:13:19Z,frontend,paymentservice,0,0,0,0,0,0,0
2026-10-04T14:13:19Z,frontend,productcatalogservice,8727671,8727588,0,0,0,59419463,8725002
2026-10-04T14:13:19Z,frontend,recommendationservice,2898138,1739206,0,122297,1034127,889050431,1738591
2026-10-04T14:13:19Z,frontend,redis-cart,0,0,0,0,0,0,0
2026-10-04T14:13:19Z,frontend,shippingservice,321194,321192,0,0,0,966601,321104
2026-10-04T14:13:19Z,paymentservice,adservice,0,0,0,0,0,0,0
2026-10-04T14:13:19Z,paymentservice,cartservice,0,0,0,0,0,0,0
2026-10-04T14:13:19Z,paymentservice,checkoutservice,0,0,0,0,0,0,0
2026-10-04T14:13:19Z,paymentservice,currencyservice,0,0,0,0,0,0,0
2026-10-04T14:13:19Z,paymentservice,emailservice,0,0,0,0,0,0,0
2026-10-04T14:13:19Z,paymentservice,frontend,0,0,0,0,0,0,0
2026-10-04T14:13:19Z,paymentservice,kubernetes,0,0,0,0,0,0,0
2026-10-04T14:13:19Z,paymentservice,paymentservice,0,0,0,0,0,0,0
2026-10-04T14:13:19Z,paymentservice,productcatalogservice,0,0,0,0,0,0,0
2026-10-04T14:13:19Z,paymentservice,recommendationservice,0,0,0,0,0,0,0
2026-10-04T14:13:19Z,paymentservice,redis-cart,0,0,0,0,0,0,0
2026-10-04T14:13:19Z,paymentservice,shippingservice,0,0,0,0,0,0,0
2026-10-04T14:13:19Z,productcatalogservice,adservice,0,0,0,0,0,0,0
2026-10-04T14:13:19Z,productcatalogservice,cartservice,0,0,0,0,0,0,0
2026-10-04T14:13:19Z,productcatalogservice,checkoutservice,0,0,0,0,0,0,0
2026-10-04T14:13:19Z,productcatalogservice,currencyservice,0,0,0,0,0,0,0
2026-10-04T14:13:19Z,productcatalogservice,emailservice,0,0,0,0,0,0,0
2026-10-04T14:13:19Z,productcatalogservice,frontend,0,0,0,0,0,0,0
2026-10-04T14:13:19Z,productcatalogservice,kubernetes,0,0,0,0,0,0,0
2026-10-04T14:13:19Z,productcatalogservice,paymentservice,0,0,0,0,0,0,0
2026-10-04T14:13:19Z,productcatalogservice,productcatalogservice,0,0,0,0,0,0,0
2026-10-04T14:13:19Z,productcatalogservice,recommendationservice,0,0,0,0,0,0,0
2026-10-04T14:13:19Z,productcatalogservice,redis-cart,0,0,0,0,0,0,0
2026-10-04T14:13:19Z,productcatalogservice,shippingservice,0,0,0,0,0,0,0
2026-10-04T14:13:19Z,recommendationservice,adservice,0,0,0,0,0,0,0
2026-10-04T14:13:19Z,recommendationservice,cartservice,0,0,0,0,0,0,0
2026-10-04T14:13:19Z,recommendationservice,checkoutservice,0,0,0,0,0,0,0
2026-10-04T14:13:19Z,recommendationservice,currencyservice,0,0,0,0,0,0,0
2026-10-04T14:13:19Z,recommendationservice,emailservice,0,0,0,0,0,0,0
2026-10-04T14:13:19Z,recommendationservice,frontend,0,0,0,0,0,0,0
2026-10-04T14:13:19Z,recommendationservice,kubernetes,0,0,0,0,0,0,0
2026-10-04T14:13:19Z,recommendationservice,paymentservice,0,0,0,0,0,0,0
2026-10-04T14:13:19Z,recommendationservice,productcatalogservice,245965,245965,0,0,0,1568171,244195
2026-10-04T14:13:19Z,recommendationservice,recommendationservice,0,0,0,0,0,0,0
2026-10-04T14:13:19Z,recommendationservice,redis-cart,0,0,0,0,0,0,0
2026-10-04T14:13:19Z,recommendationservice,shippingservice,0,0,0,0,0,0,0
2026-10-04T14:13:19Z,redis-cart,adservice,0,0,0,0,0,0,0
2026-10-04T14:13:19Z,redis-cart,cartservice,0,0,0,0,0,0,0
2026-10-04T14:13:19Z,redis-cart,checkoutservice,0,0,0,0,0,0,0
2026-10-04T14:13:19Z,redis-cart,currencyservice,0,0,0,0,0,0,0
2026-10-04T14:13:19Z,redis-cart,emailservice,0,0,0,0,0,0,0
2026-10-04T14:13:19Z,redis-cart,frontend,0,0,0,0,0,0,0
2026-10-04T14:13:19Z,redis-cart,kubernetes,0,0,0,0,0,0,0
2026-10-04T14:13:19Z,redis-cart,paymentservice,0,0,0,0,0,0,0
2026-10-04T14:13:19Z,redis-cart,productcatalogservice,0,0,0,0,0,0,0
2026-10-04T14:13:19Z,redis-cart,recommendationservice,0,0,0,0,0,0,0
2026-10-04T14:13:19Z,redis-cart,redis-cart,0,0,0,0,0,0,0
2026-10-04T14:13:19Z,redis-cart,shippingservice,0,0,0,0,0,0,0
2026-10-04T14:13:19Z,shippingservice,adservice,0,0,0,0,0,0,0
2026-10-04T14:13:19Z,shippingservice,cartservice,0,0,0,0,0,0,0
2026-10-04T14:13:19Z,shippingservice,checkoutservice,0,0,0,0,0,0,0
2026-10-04T14:13:19Z,shippingservice,currencyservice,0,0,0,0,0,0,0
2026-10-04T14:13:19Z,shippingservice,emailservice,0,0,0,0,0,0,0
2026-10-04T14:13:19Z,shippingservice,frontend,0,0,0,0,0,0,0
2026-10-04T14:13:19Z,shippingservice,kubernetes,0,0,0,0,0,0,0
2026-10-04T14:13:19Z,shippingservice,paymentservice,0,0,0,0,0,0,0
2026-10-04T14:13:19Z,shippingservice,productcatalogservice,0,0,0,0,0,0,0
2026-10-04T14:13:19Z,shippingservice,recommendationservice,0,0,0,0,0,0,0
2026-10-04T14:13:19Z,shippingservice,redis-cart,0,0,0,0,0,0,0
2026-10-04T14:13:19Z,shippingservice,shippingservice,0,0,0,0,0,0,0
2026-10-04T14:13:20Z,adservice,adservice,0,0,0,0,0,0,0
2026-10-04T14:13:20Z,adservice,cartservice,0,0,0,0,0,0,0
2026-10-04T14:13:20Z,adservice,checkoutservice,0,0,0,0,0,0,0
2026-10-04T14:13:20Z,adservice,currencyservice,0,0,0,0,0,0,0
2026-10-04T14:13:20Z,adservice,emailservice,0,0,0,0,0,0,0
2026-10-04T14:13:20Z,adservice,frontend,0,0,0,0,0,0,0
2026-10-04T14:13:20Z,adservice,kubernetes,0,0,0,0,0,0,0
2026-10-04T14:13:20Z,adservice,paymentservice,0,0,0,0,0,0,0
2026-10-04T14:13:20Z,adservice,productcatalogservice,0,0,0,0,0,0,0
2026-10-04T14:13:20Z,adservice,recommendationservice,0,0,0,0,0,0,0
2026-10-04T14:13:20Z,adservice,redis-cart,0,0,0,0,0,0,0
2026-10-04T14:13:20Z,adservice,shippingservice,0,0,0,0,0,0,0
2026-10-04T14:13:20Z,cartservice,adservice,0,0,0,0,0,0,0
2026-10-04T14:13:20Z,cartservice,cartservice,0,0,0,0,0,0,0
2026-10-04T14:13:20Z,cartservice,checkoutservice,0,0,0,0,0,0,0
2026-10-04T14:13:20Z,cartservice,currencyservice,0,0,0,0,0,0,0
2026-10-04T14:13:20Z,cartservice,emailservice,0,0,0,0,0,0,0
2026-10-04T14:13:20Z,cartservice,frontend,0,0,0,0,0,0,0
2026-10-04T14:13:20Z,cartservice,kubernetes,0,0,0,0,0,0,0
2026-10-04T14:13:20Z,cartservice,paymentservice,0,0,0,0,0,0,0
2026-10-04T14:13:20Z,cartservice,productcatalogservice,0,0,0,0,0,0,0
2026-10-04T14:13:20Z,cartservice,recommendationservice,0,0,0,0,0,0,0
2026-10-04T14:13:20Z,cartservice,redis-cart,2,0,0,0,0,0,0
2026-10-04T14:13:20Z,cartservice,shippingservice,0,0,0,0,0,0,0
2026-10-04T14:13:20Z,checkoutservice,adservice,0,0,0,0,0,0,0
2026-10-04T14:13:20Z,checkoutservice,cartservice,81211,80280,0,100,0,793851,79909
2026-10-04T14:13:20Z,checkoutservice,checkoutservice,0,0,0,0,0,0,0
2026-10-04T14:13:20Z,checkoutservice,currencyservice,52005,52001,0,0,0,610395,51819
2026-10-04T14:13:20Z,checkoutservice,emailservice,23237,22943,0,66,0,728354,22761
2026-10-04T14:13:20Z,checkoutservice,frontend,0,0,0,0,0,0,0
2026-10-04T14:13:20Z,checkoutservice,kubernetes,0,0,0,0,0,0,0
2026-10-04T14:13:20Z,checkoutservice,paymentservice,45267,43419,0,192,0,485127,43089
2026-10-04T14:13:20Z,checkoutservice,productcatalogservice,0,0,0,0,0,0,0
2026-10-04T14:13:20Z,checkoutservice,recommendationservice,0,0,0,0,0,0,0
2026-10-04T14:13:20Z,checkoutservice,redis-cart,0,0,0,0,0,0,0
2026-10-04T14:13:20Z,checkoutservice,shippingservice,86524,84421,0,154,0,556443,84049
2026-10-04T14:13:20Z,currencyservice,adservice,0,0,0,0,0,0,0
2026-10-04T14:13:20Z,currencyservice,cartservice,0,0,0,0,0,0,0
2026-10-04T14:13:20Z,currencyservice,checkoutservice,0,0,0,0,0,0,0
2026-10-04T14:13:20Z,currencyservice,currencyservice,0,0,0,0,0,0,0
2026-10-04T14:13:20Z,currencyservice,emailservice,0,0,0,0,0,0,0
2026-10-04T14:13:20Z,currencyservice,frontend,0,0,0,0,0,0,0
2026-10-04T14:13:20Z,currencyservice,kubernetes,0,0,0,0,0,0,0
2026-10-04T14:13:20Z,currencyservice,paymentservice,0,0,0,0,0,0,0
2026-10-04T14:13:20Z,currencyservice,productcatalogservice,0,0,0,0,0,0,0
2026-10-04T14:13:20Z,currencyservice,recommendationservice,0,0,0,0,0,0,0
2026-10-04T14:13:20Z,currencyservice,redis-cart,0,0,0,0,0,0,0
2026-10-04T14:13:20Z,currencyservice,shippingservice,0,0,0,0,0,0,0
2026-10-04T14:13:20Z,emailservice,adservice,0,0,0,0,0,0,0
2026-10-04T14:13:20Z,emailservice,cartservice,0,0,0,0,0,0,0
2026-10-04T14:13:20Z,emailservice,checkoutservice,0,0,0,0,0,0,0
2026-10-04T14:13:20Z,emailservice,currencyservice,0,0,0,0,0,0,0
2026-10-04T14:13:20Z,emailservice,emailservice,0,0,0,0,0,0,0
2026-10-04T14:13:20Z,emailservice,frontend,0,0,0,0,0,0,0
2026-10-04T14:13:20Z,emailservice,kubernetes,0,0,0,0,0,0,0
2026-10-04T14:13:20Z,emailservice,paymentservice,0,0,0,0,0,0,0
2026-10-04T14:13:20Z,emailservice,productcatalogservice,0,0,0,0,0,0,0
2026-10-04T14:13:20Z,emailservice,recommendationservice,0,0,0,0,0,0,0
2026-10-04T14:13:20Z,emailservice,redis-cart,0,0,0,0,0,0,0
2026-10-04T14:13:20Z,emailservice,shippingservice,0,0,0,0,0,0,0
2026-10-04T14:13:20Z,frontend,adservice,876399,876397,0,0,0,2635650,876155
2026-10-04T14:13:20Z,frontend,cartservice,1969922,1969910,0,0,4,10823020,1969247
2026-10-04T14:13:20Z,frontend,checkoutservice,411008,201017,0,40061,169951,63998575,200925
2026-10-04T14:13:20Z,frontend,currencyservice,3130230,3130221,0,0,0,16325752,3129161
2026-10-04T14:13:20Z,frontend,emailservice,0,0,0,0,0,0,0
2026-10-04T14:13:20Z,frontend,frontend,0,0,0,0,0,0,0
2026-10-04T14:13:20Z,frontend,kubernetes,0,0,0,0,0,0,0
2026-10-04T14:13:20Z,frontend,paymentservice,0,0,0,0,0,0,0
2026-10-04T14:13:20Z,frontend,productcatalogservice,8729536,8729457,0,0,0,59431059,8726756
2026-10-04T14:13:20Z,frontend,recommendationservice,2898863,1739606,0,122331,1034432,889378801,1738995
2026-10-04T14:13:20Z,frontend,redis-cart,0,0,0,0,0,0,0
2026-10-04T14:13:20Z,frontend,shippingservice,321260,321258,0,0,0,966734,321164
2026-10-04T14:13:20Z,paymentservice,adservice,0,0,0,0,0,0,0
2026-10-04T14:13:20Z,paymentservice,cartservice,0,0,0,0,0,0,0
2026-10-04T14:13:20Z,paymentservice,checkoutservice,0,0,0,0,0,0,0
2026-10-04T14:13:20Z,paymentservice,currencyservice,0,0,0,0,0,0,0
2026-10-04T14:13:20Z,paymentservice,emailservice,0,0,0,0,0,0,0
2026-10-04T14:13:20Z,paymentservice,frontend,0,0,0,0,0,0,0
2026-10-04T14:13:20Z,paymentservice,kubernetes,0,0,0,0,0,0,0
2026-10-04T14:13:20Z,paymentservice,paymentservice,0,0,0,0,0,0,0
2026-10-04T14:13:20Z,paymentservice,productcatalogservice,0,0,0,0,0,0,0
2026-10-04T14:13:20Z,paymentservice,recommendationservice,0,0,0,0,0,0,0
2026-10-04T14:13:20Z,paymentservice,redis-cart,0,0,0,0,0,0,0
2026-10-04T14:13:20Z,paymentservice,shippingservice,0,0,0,0,0,0,0
2026-10-04T14:13:20Z,productcatalogservice,adservice,0,0,0,0,0,0,0
2026-10-04T14:13:20Z,productcatalogservice,cartservice,0,0,0,0,0,0,0
2026-10-04T14:13:20Z,productcatalogservice,checkoutservice,0,0,0,0,0,0,0
2026-10-04T14:13:20Z,productcatalogservice,currencyservice,0,0,0,0,0,0,0
2026-10-04T14:13:20Z,productcatalogservice,emailservice,0,0,0,0,0,0,0
2026-10-04T14:13:20Z,productcatalogservice,frontend,0,0,0,0,0,0,0
2026-10-04T14:13:20Z,productcatalogservice,kubernetes,0,0,0,0,0,0,0
2026-10-04T14:13:20Z,productcatalogservice,paymentservice,0,0,0,0,0,0,0
2026-10-04T14:13:20Z,productcatalogservice,productcatalogservice,0,0,0,0,0,0,0
2026-10-04T14:13:20Z,productcatalogservice,recommendationservice,0,0,0,0,0,0,0
2026-10-04T14:13:20Z,productcatalogservice,redis-cart,0,0,0,0,0,0,0
2026-10-04T14:13:20Z,productcatalogservice,shippingservice,0,0,0,0,0,0,0
2026-10-04T14:13:20Z,recommendationservice,adservice,0,0,0,0,0,0,0
2026-10-04T14:13:20Z,recommendationservice,cartservice,0,0,0,0,0,0,0
2026-10-04T14:13:20Z,recommendationservice,checkoutservice,0,0,0,0,0,0,0
2026-10-04T14:13:20Z,recommendationservice,currencyservice,0,0,0,0,0,0,0
2026-10-04T14:13:20Z,recommendationservice,emailservice,0,0,0,0,0,0,0
2026-10-04T14:13:20Z,recommendationservice,frontend,0,0,0,0,0,0,0
2026-10-04T14:13:20Z,recommendationservice,kubernetes,0,0,0,0,0,0,0
2026-10-04T14:13:20Z,recommendationservice,paymentservice,0,0,0,0,0,0,0
2026-10-04T14:13:20Z,recommendationservice,productcatalogservice,246381,246380,0,0,0,1568171,244195
2026-10-04T14:13:20Z,recommendationservice,recommendationservice,0,0,0,0,0,0,0
2026-10-04T14:13:20Z,recommendationservice,redis-cart,0,0,0,0,0,0,0
2026-10-04T14:13:20Z,recommendationservice,shippingservice,0,0,0,0,0,0,0
2026-10-04T14:13:20Z,redis-cart,adservice,0,0,0,0,0,0,0
2026-10-04T14:13:20Z,redis-cart,cartservice,0,0,0,0,0,0,0
2026-10-04T14:13:20Z,redis-cart,checkoutservice,0,0,0,0,0,0,0
2026-10-04T14:13:20Z,redis-cart,currencyservice,0,0,0,0,0,0,0
2026-10-04T14:13:20Z,redis-cart,emailservice,0,0,0,0,0,0,0
2026-10-04T14:13:20Z,redis-cart,frontend,0,0,0,0,0,0,0
2026-10-04T14:13:20Z,redis-cart,kubernetes,0,0,0,0,0,0,0
2026-10-04T14:13:20Z,redis-cart,paymentservice,0,0,0,0,0,0,0
2026-10-04T14:13:20Z,redis-cart,productcatalogservice,0,0,0,0,0,0,0
2026-10-04T14:13:20Z,redis-cart,recommendationservice,0,0,0,0,0,0,0
2026-10-04T14:13:20Z,redis-cart,redis-cart,0,0,0,0,0,0,0
2026-10-04T14:13:20Z,redis-cart,shippingservice,0,0,0,0,0,0,0
2026-10-04T14:13:20Z,shippingservice,adservice,0,0,0,0,0,0,0
2026-10-04T14:13:20Z,shippingservice,cartservice,0,0,0,0,0,0,0
2026-10-04T14:13:20Z,shippingservice,checkoutservice,0,0,0,0,0,0,0
2026-10-04T14:13:20Z,shippingservice,currencyservice,0,0,0,0,0,0,0
2026-10-04T14:13:20Z,shippingservice,emailservice,0,0,0,0,0,0,0
2026-10-04T14:13:20Z,shippingservice,frontend,0,0,0,0,0,0,0
2026-10-04T14:13:20Z,shippingservice,kubernetes,0,0,0,0,0,0,0
2026-10-04T14:13:20Z,shippingservice,paymentservice,0,0,0,0,0,0,0
2026-10-04T14:13:20Z,shippingservice,productcatalogservice,0,0,0,0,0,0,0
2026-10-04T14:13:20Z,shippingservice,recommendationservice,0,0,0,0,0,0,0
2026-10-04T14:13:20Z,shippingservice,redis-cart,0,0,0,0,0,0,0
2026-10-04T14:13:20Z,shippingservice,shippingservice,0,0,0,0,0,0,0
2026-10-04T14:13:21Z,adservice,adservice,0,0,0,0,0,0,0
2026-10-04T14:13:21Z,adservice,cartservice,0,0,0,0,0,0,0
2026-10-04T14:13:21Z,adservice,checkoutservice,0,0,0,0,0,0,0
2026-10-04T14:13:21Z,adservice,currencyservice,0,0,0,0,0,0,0
2026-10-04T14:13:21Z,adservice,emailservice,0,0,0,0,0,0,0
2026-10-04T14:13:21Z,adservice,frontend,0,0,0,0,0,0,0
2026-10-04T14:13:21Z,adservice,kubernetes,0,0,0,0,0,0,0
2026-10-04T14:13:21Z,adservice,paymentservice,0,0,0,0,0,0,0
2026-10-04T14:13:21Z,adservice,productcatalogservice,0,0,0,0,0,0,0
2026-10-04T14:13:21Z,adservice,recommendationservice,0,0,0,0,0,0,0
2026-10-04T14:13:21Z,adservice,redis-cart,0,0,0,0,0,0,0
2026-10-04T14:13:21Z,adservice,shippingservice,0,0,0,0,0,0,0
2026-10-04T14:13:21Z,cartservice,adservice,0,0,0,0,0,0,0
2026-10-04T14:13:21Z,cartservice,cartservice,0,0,0,0,0,0,0
2026-10-04T14:13:21Z,cartservice,checkoutservice,0,0,0,0,0,0,0
2026-10-04T14:13:21Z,cartservice,currencyservice,0,0,0,0,0,0,0
2026-10-04T14:13:21Z,cartservice,emailservice,0,0,0,0,0,0,0
2026-10-04T14:13:21Z,cartservice,frontend,0,0,0,0,0,0,0
2026-10-04T14:13:21Z,cartservice,kubernetes,0,0,0,0,0,0,0
2026-10-04T14:13:21Z,cartservice,paymentservice,0,0,0,0,0,0,0
2026-10-04T14:13:21Z,cartservice,productcatalogservice,0,0,0,0,0,0,0
2026-10-04T14:13:21Z,cartservice,recommendationservice,0,0,0,0,0,0,0
2026-10-04T14:13:21Z,cartservice,redis-cart,2,0,0,0,0,0,0
2026-10-04T14:13:21Z,cartservice,shippingservice,0,0,0,0,0,0,0
2026-10-04T14:13:21Z,checkoutservice,adservice,0,0,0,0,0,0,0
2026-10-04T14:13:21Z,checkoutservice,cartservice,81366,80430,0,100,0,793851,79909
2026-10-04T14:13:21Z,checkoutservice,checkoutservice,0,0,0,0,0,0,0
2026-10-04T14:13:21Z,checkoutservice,currencyservice,52079,52078,0,0,0,610395,51819
2026-10-04T14:13:21Z,checkoutservice,emailservice,23312,23016,0,66,0,728354,22761
2026-10-04T14:13:21Z,checkoutservice,frontend,0,0,0,0,0,0,0
2026-10-04T14:13:21Z,checkoutservice,kubernetes,0,0,0,0,0,0,0
2026-10-04T14:13:21Z,checkoutservice,paymentservice,45342,43494,0,192,0,485127,43089
2026-10-04T14:13:21Z,checkoutservice,productcatalogservice,0,0,0,0,0,0,0
2026-10-04T14:13:21Z,checkoutservice,recommendationservice,0,0,0,0,0,0,0
2026-10-04T14:13:21Z,checkoutservice,redis-cart,0,0,0,0,0,0,0
2026-10-04T14:13:21Z,checkoutservice,shippingservice,86674,84570,0,154,0,556443,84049
2026-10-04T14:13:21Z,currencyservice,adservice,0,0,0,0,0,0,0
2026-10-04T14:13:21Z,currencyservice,cartservice,0,0,0,0,0,0,0
2026-10-04T14:13:21Z,currencyservice,checkoutservice,0,0,0,0,0,0,0
2026-10-04T14:13:21Z,currencyservice,currencyservice,0,0,0,0,0,0,0
2026-10-04T14:13:21Z,currencyservice,emailservice,0,0,0,0,0,0,0
2026-10-04T14:13:21Z,currencyservice,frontend,0,0,0,0,0,0,0
2026-10-04T14:13:21Z,currencyservice,kubernetes,0,0,0,0,0,0,0
2026-10-04T14:13:21Z,currencyservice,paymentservice,0,0,0,0,0,0,0
2026-10-04T14:13:21Z,currencyservice,productcatalogservice,0,0,0,0,0,0,0
2026-10-04T14:13:21Z,currencyservice,recommendationservice,0,0,0,0,0,0,0
2026-10-04T14:13:21Z,currencyservice,redis-cart,0,0,0,0,0,0,0
2026-10-04T14:13:21Z,currencyservice,shippingservice,0,0,0,0,0,0,0
2026-10-04T14:13:21Z,emailservice,adservice,0,0,0,0,0,0,0
2026-10-04T14:13:21Z,emailservice,cartservice,0,0,0,0,0,0,0
2026-10-04T14:13:21Z,emailservice,checkoutservice,0,0,0,0,0,0,0
2026-10-04T14:13:21Z,emailservice,currencyservice,0,0,0,0,0,0,0
2026-10-04T14:13:21Z,emailservice,emailservice,0,0,0,0,0,0,0
2026-10-04T14:13:21Z,emailservice,frontend,0,0,0,0,0,0,0
2026-10-04T14:13:21Z,emailservice,kubernetes,0,0,0,0,0,0,0
2026-10-04T14:13:21Z,emailservice,paymentservice,0,0,0,0,0,0,0
2026-10-04T14:13:21Z,emailservice,productcatalogservice,0,0,0,0,0,0,0
2026-10-04T14:13:21Z,emailservice,recommendationservice,0,0,0,0,0,0,0
2026-10-04T14:13:21Z,emailservice,redis-cart,0,0,0,0,0,0,0
2026-10-04T14:13:21Z,emailservice,shippingservice,0,0,0,0,0,0,0
2026-10-04T14:13:21Z,frontend,adservice,876582,876580,0,0,0,2635650,876155
2026-10-04T14:13:21Z,frontend,cartservice,1970344,1970326,0,0,4,10823020,1969247
2026-10-04T14:13:21Z,frontend,checkoutservice,411088,201100,0,40061,169951,63998575,200925
2026-10-04T14:13:21Z,frontend,currencyservice,3130932,3130925,0,0,0,16325752,3129161
2026-10-04T14:13:21Z,frontend,emailservice,0,0,0,0,0,0,0
2026-10-04T14:13:21Z,frontend,frontend,0,0,0,0,0,0,0
2026-10-04T14:13:21Z,frontend,kubernetes,0,0,0,0,0,0,0
2026-10-04T14:13:21Z,frontend,paymentservice,0,0,0,0,0,0,0
2026-10-04T14:13:21Z,frontend,productcatalogservice,8731485,8731414,0,0,0,59431059,8726756
2026-10-04T14:13:21Z,frontend,recommendationservice,2899549,1740000,0,122354,1034674,889378801,1738995
2026-10-04T14:13:21Z,frontend,redis-cart,0,0,0,0,0,0,0
2026-10-04T14:13:21Z,frontend,shippingservice,321324,321322,0,0,0,966734,321164
2026-10-04T14:13:21Z,paymentservice,adservice,0,0,0,0,0,0,0
2026-10-04T14:13:21Z,paymentservice,cartservice,0,0,0,0,0,0,0
2026-10-04T14:13:21Z,paymentservice,checkoutservice,0,0,0,0,0,0,0
2026-10-04T14:13:21Z,paymentservice,currencyservice,0,0,0,0,0,0,0
2026-10-04T14:13:21Z,paymentservice,emailservice,0,0,0,0,0,0,0
2026-10-04T14:13:21Z,paymentservice,frontend,0,0,0,0,0,0,0
2026-10-04T14:13:21Z,paymentservice,kubernetes,0,0,0,0,0,0,0
2026-10-04T14:13:21Z,paymentservice,paymentservice,0,0,0,0,0,0,0
2026-10-04T14:13:21Z,paymentservice,productcatalogservice,0,0,0,0,0,0,0
2026-10-04T14:13:21Z,paymentservice,recommendationservice,0,0,0,0,0,0,0
2026-10-04T14:13:21Z,paymentservice,redis-cart,0,0,0,0,0,0,0
2026-10-04T14:13:21Z,paymentservice,shippingservice,0,0,0,0,0,0,0
2026-10-04T14:13:21Z,productcatalogservice,adservice,0,0,0,0,0,0,0
2026-10-04T14:13:21Z,productcatalogservice,cartservice,0,0,0,0,0,0,0
2026-10-04T14:13:21Z,productcatalogservice,checkoutservice,0,0,0,0,0,0,0
2026-10-04T14:13:21Z,productcatalogservice,currencyservice,0,0,0,0,0,0,0
2026-10-04T14:13:21Z,productcatalogservice,emailservice,0,0,0,0,0,0,0
2026-10-04T14:13:21Z,productcatalogservice,frontend,0,0,0,0,0,0,0
2026-10-04T14:13:21Z,productcatalogservice,kubernetes,0,0,0,0,0,0,0
2026-10-04T14:13:21Z,productcatalogservice,paymentservice,0,0,0,0,0,0,0
2026-10-04T14:13:21Z,productcatalogservice,productcatalogservice,0,0,0,0,0,0,0
2026-10-04T14:13:21Z,productcatalogservice,recommendationservice,0,0,0,0,0,0,0
2026-10-04T14:13:21Z,productcatalogservice,redis-cart,0,0,0,0,0,0,0
2026-10-04T14:13:21Z,productcatalogservice,shippingservice,0,0,0,0,0,0,0
2026-10-04T14:13:21Z,recommendationservice,adservice,0,0,0,0,0,0,0
2026-10-04T14:13:21Z,recommendationservice,cartservice,0,0,0,0,0,0,0
2026-10-04T14:13:21Z,recommendationservice,checkoutservice,0,0,0,0,0,0,0
2026-10-04T14:13:21Z,recommendationservice,currencyservice,0,0,0,0,0,0,0
2026-10-04T14:13:21Z,recommendationservice,emailservice,0,0,0,0,0,0,0
2026-10-04T14:13:21Z,recommendationservice,frontend,0,0,0,0,0,0,0
2026-10-04T14:13:21Z,recommendationservice,kubernetes,0,0,0,0,0,0,0
2026-10-04T14:13:21Z,recommendationservice,paymentservice,0,0,0,0,0,0,0
2026-10-04T14:13:21Z,recommendationservice,productcatalogservice,246842,246839,0,0,0,1580504,246393
2026-10-04T14:13:21Z,recommendationservice,recommendationservice,0,0,0,0,0,0,0
2026-10-04T14:13:21Z,recommendationservice,redis-cart,0,0,0,0,0,0,0
2026-10-04T14:13:21Z,recommendationservice,shippingservice,0,0,0,0,0,0,0
2026-10-04T14:13:21Z,redis-cart,adservice,0,0,0,0,0,0,0
2026-10-04T14:13:21Z,redis-cart,cartservice,0,0,0,0,0,0,0
2026-10-04T14:13:21Z,redis-cart,checkoutservice,0,0,0,0,0,0,0
2026-10-04T14:13:21Z,redis-cart,currencyservice,0,0,0,0,0,0,0
2026-10-04T14:13:21Z,redis-cart,emailservice,0,0,0,0,0,0,0
2026-10-04T14:13:21Z,redis-cart,frontend,0,0,0,0,0,0,0
2026-10-04T14:13:21Z,redis-cart,kubernetes,0,0,0,0,0,0,0
2026-10-04T14:13:21Z,redis-cart,paymentservice,0,0,0,0,0,0,0
2026-10-04T14:13:21Z,redis-cart,productcatalogservice,0,0,0,0,0,0,0
2026-10-04T14:13:21Z,redis-cart,recommendationservice,0,0,0,0,0,0,0
2026-10-04T14:13:21Z,redis-cart,redis-cart,0,0,0,0,0,0,0
2026-10-04T14:13:21Z,redis-cart,shippingservice,0,0,0,0,0,0,0
2026-10-04T14:13:21Z,shippingservice,adservice,0,0,0,0,0,0,0
2026-10-04T14:13:21Z,shippingservice,cartservice,0,0,0,0,0,0,0
2026-10-04T14:13:21Z,shippingservice,checkoutservice,0,0,0,0,0,0,0
2026-10-04T14:13:21Z,shippingservice,currencyservice,0,0,0,0,0,0,0
2026-10-04T14:13:21Z,shippingservice,emailservice,0,0,0,0,0,0,0
2026-10-04T14:13:21Z,shippingservice,frontend,0,0,0,0,0,0,0
2026-10-04T14:13:21Z,shippingservice,kubernetes,0,0,0,0,0,0,0
2026-10-04T14:13:21Z,shippingservice,paymentservice,0,0,0,0,0,0,0
2026-10-04T14:13:21Z,shippingservice,productcatalogservice,0,0,0,0,0,0,0
2026-10-04T14:13:21Z,shippingservice,recommendationservice,0,0,0,0,0,0,0
2026-10-04T14:13:21Z,shippingservice,redis-cart,0,0,0,0,0,0,0
2026-10-04T14:13:21Z,shippingservice,shippingservice,0,0,0,0,0,0,0
2026-10-04T14:13:22Z,adservice,adservice,0,0,0,0,0,0,0
2026-10-04T14:13:22Z,adservice,cartservice,0,0,0,0,0,0,0
2026-10-04T14:13:22Z,adservice,checkoutservice,0,0,0,0,0,0,0
2026-10-04T14:13:22Z,adservice,currencyservice,0,0,0,0,0,0,0
2026-10-04T14:13:22Z,adservice,emailservice,0,0,0,0,0,0,0
2026-10-04T14:13:22Z,adservice,frontend,0,0,0,0,0,0,0
2026-10-04T14:13:22Z,adservice,kubernetes,0,0,0,0,0,0,0
2026-10-04T14:13:22Z,adservice,paymentservice,0,0,0,0,0,0,0
2026-10-04T14:13:22Z,adservice,productcatalogservice,0,0,0,0,0,0,0
2026-10-04T14:13:22Z,adservice,recommendationservice,0,0,0,0,0,0,0
2026-10-04T14:13:22Z,adservice,redis-cart,0,0,0,0,0,0,0
2026-10-04T14:13:22Z,adservice,shippingservice,0,0,0,0,0,0,0
2026-10-04T14:13:22Z,cartservice,adservice,0,0,0,0,0,0,0
2026-10-04T14:13:22Z,cartservice,cartservice,0,0,0,0,0,0,0
2026-10-04T14:13:22Z,cartservice,checkoutservice,0,0,0,0,0,0,0
2026-10-04T14:13:22Z,cartservice,currencyservice,0,0,0,0,0,0,0
2026-10-04T14:13:22Z,cartservice,emailservice,0,0,0,0,0,0,0
2026-10-04T14:13:22Z,cartservice,frontend,0,0,0,0,0,0,0
2026-10-04T14:13:22Z,cartservice,kubernetes,0,0,0,0,0,0,0
2026-10-04T14:13:22Z,cartservice,paymentservice,0,0,0,0,0,0,0
2026-10-04T14:13:22Z,cartservice,productcatalogservice,0,0,0,0,0,0,0
2026-10-04T14:13:22Z,cartservice,recommendationservice,0,0,0,0,0,0,0
2026-10-04T14:13:22Z,cartservice,redis-cart,2,0,0,0,0,0,0
2026-10-04T14:13:22Z,cartservice,shippingservice,0,0,0,0,0,0,0
2026-10-04T14:13:22Z,checkoutservice,adservice,0,0,0,0,0,0,0
2026-10-04T14:13:22Z,checkoutservice,cartservice,81514,80581,0,100,0,797146,80575
2026-10-04T14:13:22Z,checkoutservice,checkoutservice,0,0,0,0,0,0,0
2026-10-04T14:13:22Z,checkoutservice,currencyservice,52154,52154,0,0,0,611912,52152
2026-10-04T14:13:22Z,checkoutservice,emailservice,23391,23097,0,66,0,741828,23087
2026-10-04T14:13:22Z,checkoutservice,frontend,0,0,0,0,0,0,0
2026-10-04T14:13:22Z,checkoutservice,kubernetes,0,0,0,0,0,0,0
2026-10-04T14:13:22Z,checkoutservice,paymentservice,45420,43572,0,192,0,486725,43421
2026-10-04T14:13:22Z,checkoutservice,productcatalogservice,0,0,0,0,0,0,0
2026-10-04T14:13:22Z,checkoutservice,recommendationservice,0,0,0,0,0,0,0
2026-10-04T14:13:22Z,checkoutservice,redis-cart,0,0,0,0,0,0,0
2026-10-04T14:13:22Z,checkoutservice,shippingservice,86824,84720,0,154,0,558031,84714
2026-10-04T14:13:22Z,currencyservice,adservice,0,0,0,0,0,0,0
2026-10-04T14:13:22Z,currencyservice,cartservice,0,0,0,0,0,0,0
2026-10-04T14:13:22Z,currencyservice,checkoutservice,0,0,0,0,0,0,0
2026-10-04T14:13:22Z,currencyservice,currencyservice,0,0,0,0,0,0,0
2026-10-04T14:13:22Z,currencyservice,emailservice,0,0,0,0,0,0,0
2026-10-04T14:13:22Z,currencyservice,frontend,0,0,0,0,0,0,0
2026-10-04T14:13:22Z,currencyservice,kubernetes,0,0,0,0,0,0,0
2026-10-04T14:13:22Z,currencyservice,paymentservice,0,0,0,0,0,0,0
2026-10-04T14:13:22Z,currencyservice,productcatalogservice,0,0,0,0,0,0,0
2026-10-04T14:13:22Z,currencyservice,recommendationservice,0,0,0,0,0,0,0
2026-10-04T14:13:22Z,currencyservice,redis-cart,0,0,0,0,0,0,0
2026-10-04T14:13:22Z,currencyservice,shippingservice,0,0,0,0,0,0,0
2026-10-04T14:13:22Z,emailservice,adservice,0,0,0,0,0,0,0
2026-10-04T14:13:22Z,emailservice,cartservice,0,0,0,0,0,0,0
2026-10-04T14:13:22Z,emailservice,checkoutservice,0,0,0,0,0,0,0
2026-10-04T14:13:22Z,emailservice,currencyservice,0,0,0,0,0,0,0
2026-10-04T14:13:22Z,emailservice,emailservice,0,0,0,0,0,0,0
2026-10-04T14:13:22Z,emailservice,frontend,0,0,0,0,0,0,0
2026-10-04T14:13:22Z,emailservice,kubernetes,0,0,0,0,0,0,0
2026-10-04T14:13:22Z,emailservice,paymentservice,0,0,0,0,0,0,0
2026-10-04T14:13:22Z,emailservice,productcatalogservice,0,0,0,0,0,0,0
2026-10-04T14:13:22Z,emailservice,recommendationservice,0,0,0,0,0,0,0
2026-10-04T14:13:22Z,emailservice,redis-cart,0,0,0,0,0,0,0
2026-10-04T14:13:22Z,emailservice,shippingservice,0,0,0,0,0,0,0
2026-10-04T14:13:22Z,frontend,adservice,876713,876710,0,0,0,2635650,876155
2026-10-04T14:13:22Z,frontend,cartservice,1970724,1970711,0,0,4,10823020,1969247
2026-10-04T14:13:22Z,frontend,checkoutservice,411144,201169,0,40061,169951,63998575,200925
2026-10-04T14:13:22Z,frontend,currencyservice,3131567,3131556,0,0,0,16325752,3129161
2026-10-04T14:13:22Z,frontend,emailservice,0,0,0,0,0,0,0
2026-10-04T14:13:22Z,frontend,frontend,0,0,0,0,0,0,0
2026-10-04T14:13:22Z,frontend,kubernetes,0,0,0,0,0,0,0
2026-10-04T14:13:22Z,frontend,paymentservice,0,0,0,0,0,0,0
2026-10-04T14:13:22Z,frontend,productcatalogservice,8732954,8732879,0,0,0,59431059,8726756
2026-10-04T14:13:22Z,frontend,recommendationservice,2900260,1740349,0,122380,1034999,889378801,1738995
2026-10-04T14:13:22Z,frontend,redis-cart,0,0,0,0,0,0,0
2026-10-04T14:13:22Z,frontend,shippingservice,321373,321371,0,0,0,966734,321164
2026-10-04T14:13:22Z,paymentservice,adservice,0,0,0,0,0,0,0
2026-10-04T14:13:22Z,paymentservice,cartservice,0,0,0,0,0,0,0
2026-10-04T14:13:22Z,paymentservice,checkoutservice,0,0,0,0,0,0,0
2026-10-04T14:13:22Z,paymentservice,currencyservice,0,0,0,0,0,0,0
2026-10-04T14:13:22Z,paymentservice,emailservice,0,0,0,0,0,0,0
2026-10-04T14:13:22Z,paymentservice,frontend,0,0,0,0,0,0,0
2026-10-04T14:13:22Z,paymentservice,kubernetes,0,0,0,0,0,0,0
2026-10-04T14:13:22Z,paymentservice,paymentservice,0,0,0,0,0,0,0
2026-10-04T14:13:22Z,paymentservice,productcatalogservice,0,0,0,0,0,0,0
2026-10-04T14:13:22Z,paymentservice,recommendationservice,0,0,0,0,0,0,0
2026-10-04T14:13:22Z,paymentservice,redis-cart,0,0,0,0,0,0,0
2026-10-04T14:13:22Z,paymentservice,shippingservice,0,0,0,0,0,0,0
2026-10-04T14:13:22Z,productcatalogservice,adservice,0,0,0,0,0,0,0
2026-10-04T14:13:22Z,productcatalogservice,cartservice,0,0,0,0,0,0,0
2026-10-04T14:13:22Z,productcatalogservice,checkoutservice,0,0,0,0,0,0,0
2026-10-04T14:13:22Z,productcatalogservice,currencyservice,0,0,0,0,0,0,0
2026-10-04T14:13:22Z,productcatalogservice,emailservice,0,0,0,0,0,0,0
2026-10-04T14:13:22Z,productcatalogservice,frontend,0,0,0,0,0,0,0
2026-10-04T14:13:22Z,productcatalogservice,kubernetes,0,0,0,0,0,0,0
2026-10-04T14:13:22Z,productcatalogservice,paymentservice,0,0,0,0,0,0,0
2026-10-04T14:13:22Z,productcatalogservice,productcatalogservice,0,0,0,0,0,0,0
2026-10-04T14:13:22Z,productcatalogservice,recommendationservice,0,0,0,0,0,0,0
2026-10-04T14:13:22Z,productcatalogservice,redis-cart,0,0,0,0,0,0,0
2026-10-04T14:13:22Z,productcatalogservice,shippingservice,0,0,0,0,0,0,0
2026-10-04T14:13:22Z,recommendationservice,adservice,0,0,0,0,0,0,0
2026-10-04T14:13:22Z,recommendationservice,cartservice,0,0,0,0,0,0,0
2026-10-04T14:13:22Z,recommendationservice,checkoutservice,0,0,0,0,0,0,0
2026-10-04T14:13:22Z,recommendationservice,currencyservice,0,0,0,0,0,0,0
2026-10-04T14:13:22Z,recommendationservice,emailservice,0,0,0,0,0,0,0
2026-10-04T14:13:22Z,recommendationservice,frontend,0,0,0,0,0,0,0
2026-10-04T14:13:22Z,recommendationservice,kubernetes,0,0,0,0,0,0,0
2026-10-04T14:13:22Z,recommendationservice,paymentservice,0,0,0,0,0,0,0
2026-10-04T14:13:22Z,recommendationservice,productcatalogservice,247264,247262,0,0,0,1580504,246393
2026-10-04T14:13:22Z,recommendationservice,recommendationservice,0,0,0,0,0,0,0
2026-10-04T14:13:22Z,recommendationservice,redis-cart,0,0,0,0,0,0,0
2026-10-04T14:13:22Z,recommendationservice,shippingservice,0,0,0,0,0,0,0
2026-10-04T14:13:22Z,redis-cart,adservice,0,0,0,0,0,0,0
2026-10-04T14:13:22Z,redis-cart,cartservice,0,0,0,0,0,0,0
2026-10-04T14:13:22Z,redis-cart,checkoutservice,0,0,0,0,0,0,0
2026-10-04T14:13:22Z,redis-cart,currencyservice,0,0,0,0,0,0,0
2026-10-04T14:13:22Z,redis-cart,emailservice,0,0,0,0,0,0,0
2026-10-04T14:13:22Z,redis-cart,frontend,0,0,0,0,0,0,0
2026-10-04T14:13:22Z,redis-cart,kubernetes,0,0,0,0,0,0,0
2026-10-04T14:13:22Z,redis-cart,paymentservice,0,0,0,0,0,0,0
2026-10-04T14:13:22Z,redis-cart,productcatalogservice,0,0,0,0,0,0,0
2026-10-04T14:13:22Z,redis-cart,recommendationservice,0,0,0,0,0,0,0
2026-10-04T14:13:22Z,redis-cart,redis-cart,0,0,0,0,0,0,0
2026-10-04T14:13:22Z,redis-cart,shippingservice,0,0,0,0,0,0,0
2026-10-04T14:13:22Z,shippingservice,adservice,0,0,0,0,0,0,0
2026-10-04T14:13:22Z,shippingservice,cartservice,0,0,0,0,0,0,0
2026-10-04T14:13:22Z,shippingservice,checkoutservice,0,0,0,0,0,0,0
2026-10-04T14:13:22Z,shippingservice,currencyservice,0,0,0,0,0,0,0
2026-10-04T14:13:22Z,shippingservice,emailservice,0,0,0,0,0,0,0
2026-10-04T14:13:22Z,shippingservice,frontend,0,0,0,0,0,0,0
2026-10-04T14:13:22Z,shippingservice,kubernetes,0,0,0,0,0,0,0
2026-10-04T14:13:22Z,shippingservice,paymentservice,0,0,0,0,0,0,0
2026-10-04T14:13:22Z,shippingservice,productcatalogservice,0,0,0,0,0,0,0
2026-10-04T14:13:22Z,shippingservice,recommendationservice,0,0,0,0,0,0,0
2026-10-04T14:13:22Z,shippingservice,redis-cart,0,0,0,0,0,0,0
2026-10-04T14:13:22Z,shippingservice,shippingservice,0,0,0,0,0,0,0
2026-10-04T14:13:23Z,adservice,adservice,0,0,0,0,0,0,0
2026-10-04T14:13:23Z,adservice,cartservice,0,0,0,0,0,0,0
2026-10-04T14:13:23Z,adservice,checkoutservice,0,0,0,0,0,0,0
2026-10-04T14:13:23Z,adservice,currencyservice,0,0,0,0,0,0,0
2026-10-04T14:13:23Z,adservice,emailservice,0,0,0,0,0,0,0
2026-10-04T14:13:23Z,adservice,frontend,0,0,0,0,0,0,0
2026-10-04T14:13:23Z,adservice,kubernetes,0,0,0,0,0,0,0
2026-10-04T14:13:23Z,adservice,paymentservice,0,0,0,0,0,0,0
2026-10-04T14:13:23Z,adservice,productcatalogservice,0,0,0,0,0,0,0
2026-10-04T14:13:23Z,adservice,recommendationservice,0,0,0,0,0,0,0
2026-10-04T14:13:23Z,adservice,redis-cart,0,0,0,0,0,0,0
2026-10-04T14:13:23Z,adservice,shippingservice,0,0,0,0,0,0,0
2026-10-04T14:13:23Z,cartservice,adservice,0,0,0,0,0,0,0
2026-10-04T14:13:23Z,cartservice,cartservice,0,0,0,0,0,0,0
2026-10-04T14:13:23Z,cartservice,checkoutservice,0,0,0,0,0,0,0
2026-10-04T14:13:23Z,cartservice,currencyservice,0,0,0,0,0,0,0
2026-10-04T14:13:23Z,cartservice,emailservice,0,0,0,0,0,0,0
2026-10-04T14:13:23Z,cartservice,frontend,0,0,0,0,0,0,0
2026-10-04T14:13:23Z,cartservice,kubernetes,0,0,0,0,0,0,0
2026-10-04T14:13:23Z,cartservice,paymentservice,0,0,0,0,0,0,0
2026-10-04T14:13:23Z,cartservice,productcatalogservice,0,0,0,0,0,0,0
2026-10-04T14:13:23Z,cartservice,recommendationservice,0,0,0,0,0,0,0
2026-10-04T14:13:23Z,cartservice,redis-cart,2,0,0,0,0,0,0
2026-10-04T14:13:23Z,cartservice,shippingservice,0,0,0,0,0,0,0
2026-10-04T14:13:23Z,checkoutservice,adservice,0,0,0,0,0,0,0
2026-10-04T14:13:23Z,checkoutservice,cartservice,81607,80675,0,100,0,797146,80575
2026-10-04T14:13:23Z,checkoutservice,checkoutservice,0,0,0,0,0,0,0
2026-10-04T14:13:23Z,checkoutservice,currencyservice,52201,52201,0,0,0,611912,52152
2026-10-04T14:13:23Z,checkoutservice,emailservice,23437,23144,0,66,0,741828,23087
2026-10-04T14:13:23Z,checkoutservice,frontend,0,0,0,0,0,0,0
2026-10-04T14:13:23Z,checkoutservice,kubernetes,0,0,0,0,0,0,0
2026-10-04T14:13:23Z,checkoutservice,paymentservice,45466,43618,0,192,0,486725,43421
2026-10-04T14:13:23Z,checkoutservice,productcatalogservice,0,0,0,0,0,0,0
2026-10-04T14:13:23Z,checkoutservice,recommendationservice,0,0,0,0,0,0,0
2026-10-04T14:13:23Z,checkoutservice,redis-cart,0,0,0,0,0,0,0
2026-10-04T14:13:23Z,checkoutservice,shippingservice,86918,84814,0,154,0,558031,84714
2026-10-04T14:13:23Z,currencyservice,adservice,0,0,0,0,0,0,0
2026-10-04T14:13:23Z,currencyservice,cartservice,0,0,0,0,0,0,0
2026-10-04T14:13:23Z,currencyservice,checkoutservice,0,0,0,0,0,0,0
2026-10-04T14:13:23Z,currencyservice,currencyservice,0,0,0,0,0,0,0
2026-10-04T14:13:23Z,currencyservice,emailservice,0,0,0,0,0,0,0
2026-10-04T14:13:23Z,currencyservice,frontend,0,0,0,0,0,0,0
2026-10-04T14:13:23Z,currencyservice,kubernetes,0,0,0,0,0,0,0
2026-10-04T14:13:23Z,currencyservice,paymentservice,0,0,0,0,0,0,0
2026-10-04T14:13:23Z,currencyservice,productcatalogservice,0,0,0,0,0,0,0
2026-10-04T14:13:23Z,currencyservice,recommendationservice,0,0,0,0,0,0,0
2026-10-04T14:13:23Z,currencyservice,redis-cart,0,0,0,0,0,0,0
2026-10-04T14:13:23Z,currencyservice,shippingservice,0,0,0,0,0,0,0
2026-10-04T14:13:23Z,emailservice,adservice,0,0,0,0,0,0,0
2026-10-04T14:13:23Z,emailservice,cartservice,0,0,0,0,0,0,0
2026-10-04T14:13:23Z,emailservice,checkoutservice,0,0,0,0,0,0,0
2026-10-04T14:13:23Z,emailservice,currencyservice,0,0,0,0,0,0,0
2026-10-04T14:13:23Z,emailservice,emailservice,0,0,0,0,0,0,0
2026-10-04T14:13:23Z,emailservice,frontend,0,0,0,0,0,0,0
2026-10-04T14:13:23Z,emailservice,kubernetes,0,0,0,0,0,0,0
2026-10-04T14:13:23Z,emailservice,paymentservice,0,0,0,0,0,0,0
2026-10-04T14:13:23Z,emailservice,productcatalogservice,0,0,0,0,0,0,0
2026-10-04T14:13:23Z,emailservice,recommendationservice,0,0,0,0,0,0,0
2026-10-04T14:13:23Z,emailservice,redis-cart,0,0,0,0,0,0,0
2026-10-04T14:13:23Z,emailservice,shippingservice,0,0,0,0,0,0,0
2026-10-04T14:13:23Z,frontend,adservice,876867,876862,0,0,0,2636126,876334
2026-10-04T14:13:23Z,frontend,cartservice,1971140,1971124,0,0,4,10825219,1969732
2026-10-04T14:13:23Z,frontend,checkoutservice,411193,201220,0,40061,169951,64011893,201006
2026-10-04T14:13:23Z,frontend,currencyservice,3132214,3132205,0,0,0,16329300,3129982
2026-10-04T14:13:23Z,frontend,emailservice,0,0,0,0,0,0,0
2026-10-04T14:13:23Z,frontend,frontend,0,0,0,0,0,0,0
2026-10-04T14:13:23Z,frontend,kubernetes,0,0,0,0,0,0,0
2026-10-04T14:13:23Z,frontend,paymentservice,0,0,0,0,0,0,0
2026-10-04T14:13:23Z,frontend,productcatalogservice,8734583,8734518,0,0,0,59444374,8728720
2026-10-04T14:13:23Z,frontend,recommendationservice,2901010,1740723,0,122408,1035333,889754071,1739492
2026-10-04T14:13:23Z,frontend,redis-cart,0,0,0,0,0,0,0
2026-10-04T14:13:23Z,frontend,shippingservice,321437,321435,0,0,0,966860,321227
2026-10-04T14:13:23Z,paymentservice,adservice,0,0,0,0,0,0,0
2026-10-04T14:13:23Z,paymentservice,cartservice,0,0,0,0,0,0,0
2026-10-04T14:13:23Z,paymentservice,checkoutservice,0,0,0,0,0,0,0
2026-10-04T14:13:23Z,paymentservice,currencyservice,0,0,0,0,0,0,0
2026-10-04T14:13:23Z,paymentservice,emailservice,0,0,0,0,0,0,0
2026-10-04T14:13:23Z,paymentservice,frontend,0,0,0,0,0,0,0
2026-10-04T14:13:23Z,paymentservice,kubernetes,0,0,0,0,0,0,0
2026-10-04T14:13:23Z,paymentservice,paymentservice,0,0,0,0,0,0,0
2026-10-04T14:13:23Z,paymentservice,productcatalogservice,0,0,0,0,0,0,0
2026-10-04T14:13:23Z,paymentservice,recommendationservice,0,0,0,0,0,0,0
2026-10-04T14:13:23Z,paymentservice,redis-cart,0,0,0,0,0,0,0
2026-10-04T14:13:23Z,paymentservice,shippingservice,0,0,0,0,0,0,0
2026-10-04T14:13:23Z,productcatalogservice,adservice,0,0,0,0,0,0,0
2026-10-04T14:13:23Z,productcatalogservice,cartservice,0,0,0,0,0,0,0
2026-10-04T14:13:23Z,productcatalogservice,checkoutservice,0,0,0,0,0,0,0
2026-10-04T14:13:23Z,productcatalogservice,currencyservice,0,0,0,0,0,0,0
2026-10-04T14:13:23Z,productcatalogservice,emailservice,0,0,0,0,0,0,0
2026-10-04T14:13:23Z,productcatalogservice,frontend,0,0,0,0,0,0,0
2026-10-04T14:13:23Z,productcatalogservice,kubernetes,0,0,0,0,0,0,0
2026-10-04T14:13:23Z,productcatalogservice,paymentservice,0,0,0,0,0,0,0
2026-10-04T14:13:23Z,productcatalogservice,productcatalogservice,0,0,0,0,0,0,0
2026-10-04T14:13:23Z,productcatalogservice,recommendationservice,0,0,0,0,0,0,0
2026-10-04T14:13:23Z,productcatalogservice,redis-cart,0,0,0,0,0,0,0
2026-10-04T14:13:23Z,productcatalogservice,shippingservice,0,0,0,0,0,0,0
2026-10-04T14:13:23Z,recommendationservice,adservice,0,0,0,0,0,0,0
2026-10-04T14:13:23Z,recommendationservice,cartservice,0,0,0,0,0,0,0
2026-10-04T14:13:23Z,recommendationservice,checkoutservice,0,0,0,0,0,0,0
2026-10-04T14:13:23Z,recommendationservice,currencyservice,0,0,0,0,0,0,0
2026-10-04T14:13:23Z,recommendationservice,emailservice,0,0,0,0,0,0,0
2026-10-04T14:13:23Z,recommendationservice,frontend,0,0,0,0,0,0,0
2026-10-04T14:13:23Z,recommendationservice,kubernetes,0,0,0,0,0,0,0
2026-10-04T14:13:23Z,recommendationservice,paymentservice,0,0,0,0,0,0,0
2026-10-04T14:13:23Z,recommendationservice,productcatalogservice,247711,247704,0,0,0,1580504,246393
2026-10-04T14:13:23Z,recommendationservice,recommendationservice,0,0,0,0,0,0,0
2026-10-04T14:13:23Z,recommendationservice,redis-cart,0,0,0,0,0,0,0
2026-10-04T14:13:23Z,recommendationservice,shippingservice,0,0,0,0,0,0,0
2026-10-04T14:13:23Z,redis-cart,adservice,0,0,0,0,0,0,0
2026-10-04T14:13:23Z,redis-cart,cartservice,0,0,0,0,0,0,0
2026-10-04T14:13:23Z,redis-cart,checkoutservice,0,0,0,0,0,0,0
2026-10-04T14:13:23Z,redis-cart,currencyservice,0,0,0,0,0,0,0
2026-10-04T14:13:23Z,redis-cart,emailservice,0,0,0,0,0,0,0
2026-10-04T14:13:23Z,redis-cart,frontend,0,0,0,0,0,0,0
2026-10-04T14:13:23Z,redis-cart,kubernetes,0,0,0,0,0,0,0
2026-10-04T14:13:23Z,redis-cart,paymentservice,0,0,0,0,0,0,0
2026-10-04T14:13:23Z,redis-cart,productcatalogservice,0,0,0,0,0,0,0
2026-10-04T14:13:23Z,redis-cart,recommendationservice,0,0,0,0,0,0,0
2026-10-04T14:13:23Z,redis-cart,redis-cart,0,0,0,0,0,0,0
2026-10-04T14:13:23Z,redis-cart,shippingservice,0,0,0,0,0,0,0
2026-10-04T14:13:23Z,shippingservice,adservice,0,0,0,0,0,0,0
2026-10-04T14:13:23Z,shippingservice,cartservice,0,0,0,0,0,0,0
2026-10-04T14:13:23Z,shippingservice,checkoutservice,0,0,0,0,0,0,0
2026-10-04T14:13:23Z,shippingservice,currencyservice,0,0,0,0,0,0,0
2026-10-04T14:13:23Z,shippingservice,emailservice,0,0,0,0,0,0,0
2026-10-04T14:13:23Z,shippingservice,frontend,0,0,0,0,0,0,0
2026-10-04T14:13:23Z,shippingservice,kubernetes,0,0,0,0,0,0,0
2026-10-04T14:13:23Z,shippingservice,paymentservice,0,0,0,0,0,0,0
2026-10-04T14:13:23Z,shippingservice,productcatalogservice,0,0,0,0,0,0,0
2026-10-04T14:13:23Z,shippingservice,recommendationservice,0,0,0,0,0,0,0
2026-10-04T14:13:23Z,shippingservice,redis-cart,0,0,0,0,0,0,0
2026-10-04T14:13:23Z,shippingservice,shippingservice,0,0,0,0,0,0,0
2026-10-04T14:13:24Z,adservice,adservice,0,0,0,0,0,0,0
2026-10-04T14:13:24Z,adservice,cartservice,0,0,0,0,0,0,0
2026-10-04T14:13:24Z,adservice,checkoutservice,0,0,0,0,0,0,0
2026-10-04T14:13:24Z,adservice,currencyservice,0,0,0,0,0,0,0
2026-10-04T14:13:24Z,adservice,emailservice,0,0,0,0,0,0,0
2026-10-04T14:13:24Z,adservice,frontend,0,0,0,0,0,0,0
2026-10-04T14:13:24Z,adservice,kubernetes,0,0,0,0,0,0,0
2026-10-04T14:13:24Z,adservice,paymentservice,0,0,0,0,0,0,0
2026-10-04T14:13:24Z,adservice,productcatalogservice,0,0,0,0,0,0,0
2026-10-04T14:13:24Z,adservice,recommendationservice,0,0,0,0,0,0,0
2026-10-04T14:13:24Z,adservice,redis-cart,0,0,0,0,0,0,0
2026-10-04T14:13:24Z,adservice,shippingservice,0,0,0,0,0,0,0
2026-10-04T14:13:24Z,cartservice,adservice,0,0,0,0,0,0,0
2026-10-04T14:13:24Z,cartservice,cartservice,0,0,0,0,0,0,0
2026-10-04T14:13:24Z,cartservice,checkoutservice,0,0,0,0,0,0,0
2026-10-04T14:13:24Z,cartservice,currencyservice,0,0,0,0,0,0,0
2026-10-04T14:13:24Z,cartservice,emailservice,0,0,0,0,0,0,0
2026-10-04T14:13:24Z,cartservice,frontend,0,0,0,0,0,0,0
2026-10-04T14:13:24Z,cartservice,kubernetes,0,0,0,0,0,0,0
2026-10-04T14:13:24Z,cartservice,paymentservice,0,0,0,0,0,0,0
2026-10-04T14:13:24Z,cartservice,productcatalogservice,0,0,0,0,0,0,0
2026-10-04T14:13:24Z,cartservice,recommendationservice,0,0,0,0,0,0,0
2026-10-04T14:13:24Z,cartservice,redis-cart,2,0,0,0,0,0,0
2026-10-04T14:13:24Z,cartservice,shippingservice,0,0,0,0,0,0,0
2026-10-04T14:13:24Z,checkoutservice,adservice,0,0,0,0,0,0,0
2026-10-04T14:13:24Z,checkoutservice,cartservice,81694,80762,0,100,0,797146,80575
2026-10-04T14:13:24Z,checkoutservice,checkoutservice,0,0,0,0,0,0,0
2026-10-04T14:13:24Z,checkoutservice,currencyservice,52244,52244,0,0,0,611912,52152
2026-10-04T14:13:24Z,checkoutservice,emailservice,23482,23189,0,66,0,741828,23087
2026-10-04T14:13:24Z,checkoutservice,frontend,0,0,0,0,0,0,0
2026-10-04T14:13:24Z,checkoutservice,kubernetes,0,0,0,0,0,0,0
2026-10-04T14:13:24Z,checkoutservice,paymentservice,45510,43662,0,192,0,486725,43421
2026-10-04T14:13:24Z,checkoutservice,productcatalogservice,0,0,0,0,0,0,0
2026-10-04T14:13:24Z,checkoutservice,recommendationservice,0,0,0,0,0,0,0
2026-10-04T14:13:24Z,checkoutservice,redis-cart,0,0,0,0,0,0,0
2026-10-04T14:13:24Z,checkoutservice,shippingservice,87004,84901,0,154,0,558031,84714
2026-10-04T14:13:24Z,currencyservice,adservice,0,0,0,0,0,0,0
2026-10-04T14:13:24Z,currencyservice,cartservice,0,0,0,0,0,0,0
2026-10-04T14:13:24Z,currencyservice,checkoutservice,0,0,0,0,0,0,0
2026-10-04T14:13:24Z,currencyservice,currencyservice,0,0,0,0,0,0,0
2026-10-04T14:13:24Z,currencyservice,emailservice,0,0,0,0,0,0,0
2026-10-04T14:13:24Z,currencyservice,frontend,0,0,0,0,0,0,0
2026-10-04T14:13:24Z,currencyservice,kubernetes,0,0,0,0,0,0,0
2026-10-04T14:13:24Z,currencyservice,paymentservice,0,0,0,0,0,0,0
2026-10-04T14:13:24Z,currencyservice,productcatalogservice,0,0,0,0,0,0,0
2026-10-04T14:13:24Z,currencyservice,recommendationservice,0,0,0,0,0,0,0
2026-10-04T14:13:24Z,currencyservice,redis-cart,0,0,0,0,0,0,0
2026-10-04T14:13:24Z,currencyservice,shippingservice,0,0,0,0,0,0,0
2026-10-04T14:13:24Z,emailservice,adservice,0,0,0,0,0,0,0
2026-10-04T14:13:24Z,emailservice,cartservice,0,0,0,0,0,0,0
2026-10-04T14:13:24Z,emailservice,checkoutservice,0,0,0,0,0,0,0
2026-10-04T14:13:24Z,emailservice,currencyservice,0,0,0,0,0,0,0
2026-10-04T14:13:24Z,emailservice,emailservice,0,0,0,0,0,0,0
2026-10-04T14:13:24Z,emailservice,frontend,0,0,0,0,0,0,0
2026-10-04T14:13:24Z,emailservice,kubernetes,0,0,0,0,0,0,0
2026-10-04T14:13:24Z,emailservice,paymentservice,0,0,0,0,0,0,0
2026-10-04T14:13:24Z,emailservice,productcatalogservice,0,0,0,0,0,0,0
2026-10-04T14:13:24Z,emailservice,recommendationservice,0,0,0,0,0,0,0
2026-10-04T14:13:24Z,emailservice,redis-cart,0,0,0,0,0,0,0
2026-10-04T14:13:24Z,emailservice,shippingservice,0,0,0,0,0,0,0
2026-10-04T14:13:24Z,frontend,adservice,877032,877030,0,0,0,2637338,876769
2026-10-04T14:13:24Z,frontend,cartservice,1971550,1971536,0,0,4,10830244,1970861
2026-10-04T14:13:24Z,frontend,checkoutservice,411241,201265,0,40061,169951,64034984,201167
2026-10-04T14:13:24Z,frontend,currencyservice,3132863,3132855,0,0,0,16336088,3131767
2026-10-04T14:13:24Z,frontend,emailservice,0,0,0,0,0,0,0
2026-10-04T14:13:24Z,frontend,frontend,0,0,0,0,0,0,0
2026-10-04T14:13:24Z,frontend,kubernetes,0,0,0,0,0,0,0
2026-10-04T14:13:24Z,frontend,paymentservice,0,0,0,0,0,0,0
2026-10-04T14:13:24Z,frontend,productcatalogservice,8736255,8736187,0,0,0,59468030,8733358
2026-10-04T14:13:24Z,frontend,recommendationservice,2901730,1741080,0,122445,1035651,890512696,1740476
2026-10-04T14:13:24Z,frontend,redis-cart,0,0,0,0,0,0,0
2026-10-04T14:13:24Z,frontend,shippingservice,321491,321489,0,0,0,967238,321384
2026-10-04T14:13:24Z,paymentservice,adservice,0,0,0,0,0,0,0
2026-10-04T14:13:24Z,paymentservice,cartservice,0,0,0,0,0,0,0
2026-10-04T14:13:24Z,paymentservice,checkoutservice,0,0,0,0,0,0,0
2026-10-04T14:13:24Z,paymentservice,currencyservice,0,0,0,0,0,0,0
2026-10-04T14:13:24Z,paymentservice,emailservice,0,0,0,0,0,0,0
2026-10-04T14:13:24Z,paymentservice,frontend,0,0,0,0,0,0,0
2026-10-04T14:13:24Z,paymentservice,kubernetes,0,0,0,0,0,0,0
2026-10-04T14:13:24Z,paymentservice,paymentservice,0,0,0,0,0,0,0
2026-10-04T14:13:24Z,paymentservice,productcatalogservice,0,0,0,0,0,0,0
2026-10-04T14:13:24Z,paymentservice,recommendationservice,0,0,0,0,0,0,0
2026-10-04T14:13:24Z,paymentservice,redis-cart,0,0,0,0,0,0,0
2026-10-04T14:13:24Z,paymentservice,shippingservice,0,0,0,0,0,0,0
2026-10-04T14:13:24Z,productcatalogservice,adservice,0,0,0,0,0,0,0
2026-10-04T14:13:24Z,productcatalogservice,cartservice,0,0,0,0,0,0,0
2026-10-04T14:13:24Z,productcatalogservice,checkoutservice,0,0,0,0,0,0,0
2026-10-04T14:13:24Z,productcatalogservice,currencyservice,0,0,0,0,0,0,0
2026-10-04T14:13:24Z,productcatalogservice,emailservice,0,0,0,0,0,0,0
2026-10-04T14:13:24Z,productcatalogservice,frontend,0,0,0,0,0,0,0
2026-10-04T14:13:24Z,productcatalogservice,kubernetes,0,0,0,0,0,0,0
2026-10-04T14:13:24Z,productcatalogservice,paymentservice,0,0,0,0,0,0,0
2026-10-04T14:13:24Z,productcatalogservice,productcatalogservice,0,0,0,0,0,0,0
2026-10-04T14:13:24Z,productcatalogservice,recommendationservice,0,0,0,0,0,0,0
2026-10-04T14:13:24Z,productcatalogservice,redis-cart,0,0,0,0,0,0,0
2026-10-04T14:13:24Z,productcatalogservice,shippingservice,0,0,0,0,0,0,0
2026-10-04T14:13:24Z,recommendationservice,adservice,0,0,0,0,0,0,0
2026-10-04T14:13:24Z,recommendationservice,cartservice,0,0,0,0,0,0,0
2026-10-04T14:13:24Z,recommendationservice,checkoutservice,0,0,0,0,0,0,0
2026-10-04T14:13:24Z,recommendationservice,currencyservice,0,0,0,0,0,0,0
2026-10-04T14:13:24Z,recommendationservice,emailservice,0,0,0,0,0,0,0
2026-10-04T14:13:24Z,recommendationservice,frontend,0,0,0,0,0,0,0
2026-10-04T14:13:24Z,recommendationservice,kubernetes,0,0,0,0,0,0,0
2026-10-04T14:13:24Z,recommendationservice,paymentservice,0,0,0,0,0,0,0
2026-10-04T14:13:24Z,recommendationservice,productcatalogservice,248146,248136,0,0,0,1580504,246393
2026-10-04T14:13:24Z,recommendationservice,recommendationservice,0,0,0,0,0,0,0
2026-10-04T14:13:24Z,recommendationservice,redis-cart,0,0,0,0,0,0,0
2026-10-04T14:13:24Z,recommendationservice,shippingservice,0,0,0,0,0,0,0
2026-10-04T14:13:24Z,redis-cart,adservice,0,0,0,0,0,0,0
2026-10-04T14:13:24Z,redis-cart,cartservice,0,0,0,0,0,0,0
2026-10-04T14:13:24Z,redis-cart,checkoutservice,0,0,0,0,0,0,0
2026-10-04T14:13:24Z,redis-cart,currencyservice,0,0,0,0,0,0,0
2026-10-04T14:13:24Z,redis-cart,emailservice,0,0,0,0,0,0,0
2026-10-04T14:13:24Z,redis-cart,frontend,0,0,0,0,0,0,0
2026-10-04T14:13:24Z,redis-cart,kubernetes,0,0,0,0,0,0,0
2026-10-04T14:13:24Z,redis-cart,paymentservice,0,0,0,0,0,0,0
2026-10-04T14:13:24Z,redis-cart,productcatalogservice,0,0,0,0,0,0,0
2026-10-04T14:13:24Z,redis-cart,recommendationservice,0,0,0,0,0,0,0
2026-10-04T14:13:24Z,redis-cart,redis-cart,0,0,0,0,0,0,0
2026-10-04T14:13:24Z,redis-cart,shippingservice,0,0,0,0,0,0,0
2026-10-04T14:13:24Z,shippingservice,adservice,0,0,0,0,0,0,0
2026-10-04T14:13:24Z,shippingservice,cartservice,0,0,0,0,0,0,0
2026-10-04T14:13:24Z,shippingservice,checkoutservice,0,0,0,0,0,0,0
2026-10-04T14:13:24Z,shippingservice,currencyservice,0,0,0,0,0,0,0
2026-10-04T14:13:24Z,shippingservice,emailservice,0,0,0,0,0,0,0
2026-10-04T14:13:24Z,shippingservice,frontend,0,0,0,0,0,0,0
2026-10-04T14:13:24Z,shippingservice,kubernetes,0,0,0,0,0,0,0
2026-10-04T14:13:24Z,shippingservice,paymentservice,0,0,0,0,0,0,0
2026-10-04T14:13:24Z,shippingservice,productcatalogservice,0,0,0,0,0,0,0
2026-10-04T14:13:24Z,shippingservice,recommendationservice,0,0,0,0,0,0,0
2026-10-04T14:13:24Z,shippingservice,redis-cart,0,0,0,0,0,0,0
2026-10-04T14:13:24Z,shippingservice,shippingservice,0,0,0,0,0,0,0
2026-10-04T14:13:25Z,adservice,adservice,0,0,0,0,0,0,0
2026-10-04T14:13:25Z,adservice,cartservice,0,0,0,0,0,0,0
2026-10-04T14:13:25Z,adservice,checkoutservice,0,0,0,0,0,0,0
2026-10-04T14:13:25Z,adservice,currencyservice,0,0,0,0,0,0,0
2026-10-04T14:13:25Z,adservice,emailservice,0,0,0,0,0,0,0
2026-10-04T14:13:25Z,adservice,frontend,0,0,0,0,0,0,0
2026-10-04T14:13:25Z,adservice,kubernetes,0,0,0,0,0,0,0
2026-10-04T14:13:25Z,adservice,paymentservice,0,0,0,0,0,0,0
2026-10-04T14:13:25Z,adservice,productcatalogservice,0,0,0,0,0,0,0
2026-10-04T14:13:25Z,adservice,recommendationservice,0,0,0,0,0,0,0
2026-10-04T14:13:25Z,adservice,redis-cart,0,0,0,0,0,0,0
2026-10-04T14:13:25Z,adservice,shippingservice,0,0,0,0,0,0,0
2026-10-04T14:13:25Z,cartservice,adservice,0,0,0,0,0,0,0
2026-10-04T14:13:25Z,cartservice,cartservice,0,0,0,0,0,0,0
2026-10-04T14:13:25Z,cartservice,checkoutservice,0,0,0,0,0,0,0
2026-10-04T14:13:25Z,cartservice,currencyservice,0,0,0,0,0,0,0
2026-10-04T14:13:25Z,cartservice,emailservice,0,0,0,0,0,0,0
2026-10-04T14:13:25Z,cartservice,frontend,0,0,0,0,0,0,0
2026-10-04T14:13:25Z,cartservice,kubernetes,0,0,0,0,0,0,0
2026-10-04T14:13:25Z,cartservice,paymentservice,0,0,0,0,0,0,0
2026-10-04T14:13:25Z,cartservice,productcatalogservice,0,0,0,0,0,0,0
2026-10-04T14:13:25Z,cartservice,recommendationservice,0,0,0,0,0,0,0
2026-10-04T14:13:25Z,cartservice,redis-cart,2,0,0,0,0,0,0
2026-10-04T14:13:25Z,cartservice,shippingservice,0,0,0,0,0,0,0
2026-10-04T14:13:25Z,checkoutservice,adservice,0,0,0,0,0,0,0
2026-10-04T14:13:25Z,checkoutservice,cartservice,81817,80886,0,100,0,797146,80575
2026-10-04T14:13:25Z,checkoutservice,checkoutservice,0,0,0,0,0,0,0
2026-10-04T14:13:25Z,checkoutservice,currencyservice,52308,52307,0,0,0,611912,52152
2026-10-04T14:13:25Z,checkoutservice,emailservice,23538,23245,0,66,0,741828,23087
2026-10-04T14:13:25Z,checkoutservice,frontend,0,0,0,0,0,0,0
2026-10-04T14:13:25Z,checkoutservice,kubernetes,0,0,0,0,0,0,0
2026-10-04T14:13:25Z,checkoutservice,paymentservice,45573,43723,0,192,0,486725,43421
2026-10-04T14:13:25Z,checkoutservice,productcatalogservice,0,0,0,0,0,0,0
2026-10-04T14:13:25Z,checkoutservice,recommendationservice,0,0,0,0,0,0,0
2026-10-04T14:13:25Z,checkoutservice,redis-cart,0,0,0,0,0,0,0
2026-10-04T14:13:25Z,checkoutservice,shippingservice,87130,85026,0,154,0,558031,84714
2026-10-04T14:13:25Z,currencyservice,adservice,0,0,0,0,0,0,0
2026-10-04T14:13:25Z,currencyservice,cartservice,0,0,0,0,0,0,0
2026-10-04T14:13:25Z,currencyservice,checkoutservice,0,0,0,0,0,0,0
2026-10-04T14:13:25Z,currencyservice,currencyservice,0,0,0,0,0,0,0
2026-10-04T14:13:25Z,currencyservice,emailservice,0,0,0,0,0,0,0
2026-10-04T14:13:25Z,currencyservice,frontend,0,0,0,0,0,0,0
2026-10-04T14:13:25Z,currencyservice,kubernetes,0,0,0,0,0,0,0
2026-10-04T14:13:25Z,currencyservice,paymentservice,0,0,0,0,0,0,0
2026-10-04T14:13:25Z,currencyservice,productcatalogservice,0,0,0,0,0,0,0
2026-10-04T14:13:25Z,currencyservice,recommendationservice,0,0,0,0,0,0,0
2026-10-04T14:13:25Z,currencyservice,redis-cart,0,0,0,0,0,0,0
2026-10-04T14:13:25Z,currencyservice,shippingservice,0,0,0,0,0,0,0
2026-10-04T14:13:25Z,emailservice,adservice,0,0,0,0,0,0,0
2026-10-04T14:13:25Z,emailservice,cartservice,0,0,0,0,0,0,0
2026-10-04T14:13:25Z,emailservice,checkoutservice,0,0,0,0,0,0,0
2026-10-04T14:13:25Z,emailservice,currencyservice,0,0,0,0,0,0,0
2026-10-04T14:13:25Z,emailservice,emailservice,0,0,0,0,0,0,0
2026-10-04T14:13:25Z,emailservice,frontend,0,0,0,0,0,0,0
2026-10-04T14:13:25Z,emailservice,kubernetes,0,0,0,0,0,0,0
2026-10-04T14:13:25Z,emailservice,paymentservice,0,0,0,0,0,0,0
2026-10-04T14:13:25Z,emailservice,productcatalogservice,0,0,0,0,0,0,0
2026-10-04T14:13:25Z,emailservice,recommendationservice,0,0,0,0,0,0,0
2026-10-04T14:13:25Z,emailservice,redis-cart,0,0,0,0,0,0,0
2026-10-04T14:13:25Z,emailservice,shippingservice,0,0,0,0,0,0,0
2026-10-04T14:13:25Z,frontend,adservice,877207,877205,0,0,0,2637738,876935
2026-10-04T14:13:25Z,frontend,cartservice,1971972,1971956,0,0,4,10832161,1971295
2026-10-04T14:13:25Z,frontend,checkoutservice,411307,201323,0,40061,169951,64045583,201239
2026-10-04T14:13:25Z,frontend,currencyservice,3133545,3133537,0,0,0,16338955,3132490
2026-10-04T14:13:25Z,frontend,emailservice,0,0,0,0,0,0,0
2026-10-04T14:13:25Z,frontend,frontend,0,0,0,0,0,0,0
2026-10-04T14:13:25Z,frontend,kubernetes,0,0,0,0,0,0,0
2026-10-04T14:13:25Z,frontend,paymentservice,0,0,0,0,0,0,0
2026-10-04T14:13:25Z,frontend,productcatalogservice,8738118,8738050,0,0,0,59480381,8735231
2026-10-04T14:13:25Z,frontend,recommendationservice,2902491,1741471,0,122489,1036005,890817821,1740877
2026-10-04T14:13:25Z,frontend,redis-cart,0,0,0,0,0,0,0
2026-10-04T14:13:25Z,frontend,shippingservice,321556,321554,0,0,0,967405,321457
2026-10-04T14:13:25Z,paymentservice,adservice,0,0,0,0,0,0,0
2026-10-04T14:13:25Z,paymentservice,cartservice,0,0,0,0,0,0,0
2026-10-04T14:13:25Z,paymentservice,checkoutservice,0,0,0,0,0,0,0
2026-10-04T14:13:25Z,paymentservice,currencyservice,0,0,0,0,0,0,0
2026-10-04T14:13:25Z,paymentservice,emailservice,0,0,0,0,0,0,0
2026-10-04T14:13:25Z,paymentservice,frontend,0,0,0,0,0,0,0
2026-10-04T14:13:25Z,paymentservice,kubernetes,0,0,0,0,0,0,0
2026-10-04T14:13:25Z,paymentservice,paymentservice,0,0,0,0,0,0,0
2026-10-04T14:13:25Z,paymentservice,productcatalogservice,0,0,0,0,0,0,0
2026-10-04T14:13:25Z,paymentservice,recommendationservice,0,0,0,0,0,0,0
2026-10-04T14:13:25Z,paymentservice,redis-cart,0,0,0,0,0,0,0
2026-10-04T14:13:25Z,paymentservice,shippingservice,0,0,0,0,0,0,0
2026-10-04T14:13:25Z,productcatalogservice,adservice,0,0,0,0,0,0,0
2026-10-04T14:13:25Z,productcatalogservice,cartservice,0,0,0,0,0,0,0
2026-10-04T14:13:25Z,productcatalogservice,checkoutservice,0,0,0,0,0,0,0
2026-10-04T14:13:25Z,productcatalogservice,currencyservice,0,0,0,0,0,0,0
2026-10-04T14:13:25Z,productcatalogservice,emailservice,0,0,0,0,0,0,0
2026-10-04T14:13:25Z,productcatalogservice,frontend,0,0,0,0,0,0,0
2026-10-04T14:13:25Z,productcatalogservice,kubernetes,0,0,0,0,0,0,0
2026-10-04T14:13:25Z,productcatalogservice,paymentservice,0,0,0,0,0,0,0
2026-10-04T14:13:25Z,productcatalogservice,productcatalogservice,0,0,0,0,0,0,0
2026-10-04T14:13:25Z,productcatalogservice,recommendationservice,0,0,0,0,0,0,0
2026-10-04T14:13:25Z,productcatalogservice,redis-cart,0,0,0,0,0,0,0
2026-10-04T14:13:25Z,productcatalogservice,shippingservice,0,0,0,0,0,0,0
2026-10-04T14:13:25Z,recommendationservice,adservice,0,0,0,0,0,0,0
2026-10-04T14:13:25Z,recommendationservice,cartservice,0,0,0,0,0,0,0
2026-10-04T14:13:25Z,recommendationservice,checkoutservice,0,0,0,0,0,0,0
2026-10-04T14:13:25Z,recommendationservice,currencyservice,0,0,0,0,0,0,0
2026-10-04T14:13:25Z,recommendationservice,emailservice,0,0,0,0,0,0,0
2026-10-04T14:13:25Z,recommendationservice,frontend,0,0,0,0,0,0,0
2026-10-04T14:13:25Z,recommendationservice,kubernetes,0,0,0,0,0,0,0
2026-10-04T14:13:25Z,recommendationservice,paymentservice,0,0,0,0,0,0,0
2026-10-04T14:13:25Z,recommendationservice,productcatalogservice,248589,248587,0,0,0,1580504,246393
2026-10-04T14:13:25Z,recommendationservice,recommendationservice,0,0,0,0,0,0,0
2026-10-04T14:13:25Z,recommendationservice,redis-cart,0,0,0,0,0,0,0
2026-10-04T14:13:25Z,recommendationservice,shippingservice,0,0,0,0,0,0,0
2026-10-04T14:13:25Z,redis-cart,adservice,0,0,0,0,0,0,0
2026-10-04T14:13:25Z,redis-cart,cartservice,0,0,0,0,0,0,0
2026-10-04T14:13:25Z,redis-cart,checkoutservice,0,0,0,0,0,0,0
2026-10-04T14:13:25Z,redis-cart,currencyservice,0,0,0,0,0,0,0
2026-10-04T14:13:25Z,redis-cart,emailservice,0,0,0,0,0,0,0
2026-10-04T14:13:25Z,redis-cart,frontend,0,0,0,0,0,0,0
2026-10-04T14:13:25Z,redis-cart,kubernetes,0,0,0,0,0,0,0
2026-10-04T14:13:25Z,redis-cart,paymentservice,0,0,0,0,0,0,0
2026-10-04T14:13:25Z,redis-cart,productcatalogservice,0,0,0,0,0,0,0
2026-10-04T14:13:25Z,redis-cart,recommendationservice,0,0,0,0,0,0,0
2026-10-04T14:13:25Z,redis-cart,redis-cart,0,0,0,0,0,0,0
2026-10-04T14:13:25Z,redis-cart,shippingservice,0,0,0,0,0,0,0
2026-10-04T14:13:25Z,shippingservice,adservice,0,0,0,0,0,0,0
2026-10-04T14:13:25Z,shippingservice,cartservice,0,0,0,0,0,0,0
2026-10-04T14:13:25Z,shippingservice,checkoutservice,0,0,0,0,0,0,0
2026-10-04T14:13:25Z,shippingservice,currencyservice,0,0,0,0,0,0,0
2026-10-04T14:13:25Z,shippingservice,emailservice,0,0,0,0,0,0,0
2026-10-04T14:13:25Z,shippingservice,frontend,0,0,0,0,0,0,0
2026-10-04T14:13:25Z,shippingservice,kubernetes,0,0,0,0,0,0,0
2026-10-04T14:13:25Z,shippingservice,paymentservice,0,0,0,0,0,0,0
2026-10-04T14:13:25Z,shippingservice,productcatalogservice,0,0,0,0,0,0,0
2026-10-04T14:13:25Z,shippingservice,recommendationservice,0,0,0,0,0,0,0
2026-10-04T14:13:25Z,shippingservice,redis-cart,0,0,0,0,0,0,0
2026-10-04T14:13:25Z,shippingservice,shippingservice,0,0,0,0,0,0,0
2026-10-04T14:13:26Z,adservice,adservice,0,0,0,0,0,0,0
2026-10-04T14:13:26Z,adservice,cartservice,0,0,0,0,0,0,0
2026-10-04T14:13:26Z,adservice,checkoutservice,0,0,0,0,0,0,0
2026-10-04T14:13:26Z,adservice,currencyservice,0,0,0,0,0,0,0
2026-10-04T14:13:26Z,adservice,emailservice,0,0,0,0,0,0,0
2026-10-04T14:13:26Z,adservice,frontend,0,0,0,0,0,0,0
2026-10-04T14:13:26Z,adservice,kubernetes,0,0,0,0,0,0,0
2026-10-04T14:13:26Z,adservice,paymentservice,0,0,0,0,0,0,0
2026-10-04T14:13:26Z,adservice,productcatalogservice,0,0,0,0,0,0,0
2026-10-04T14:13:26Z,adservice,recommendationservice,0,0,0,0,0,0,0
2026-10-04T14:13:26Z,adservice,redis-cart,0,0,0,0,0,0,0
2026-10-04T14:13:26Z,adservice,shippingservice,0,0,0,0,0,0,0
2026-10-04T14:13:26Z,cartservice,adservice,0,0,0,0,0,0,0
2026-10-04T14:13:26Z,cartservice,cartservice,0,0,0,0,0,0,0
2026-10-04T14:13:26Z,cartservice,checkoutservice,0,0,0,0,0,0,0
2026-10-04T14:13:26Z,cartservice,currencyservice,0,0,0,0,0,0,0
2026-10-04T14:13:26Z,cartservice,emailservice,0,0,0,0,0,0,0
2026-10-04T14:13:26Z,cartservice,frontend,0,0,0,0,0,0,0
2026-10-04T14:13:26Z,cartservice,kubernetes,0,0,0,0,0,0,0
2026-10-04T14:13:26Z,cartservice,paymentservice,0,0,0,0,0,0,0
2026-10-04T14:13:26Z,cartservice,productcatalogservice,0,0,0,0,0,0,0
2026-10-04T14:13:26Z,cartservice,recommendationservice,0,0,0,0,0,0,0
2026-10-04T14:13:26Z,cartservice,redis-cart,2,0,0,0,0,0,0
2026-10-04T14:13:26Z,cartservice,shippingservice,0,0,0,0,0,0,0
2026-10-04T14:13:26Z,checkoutservice,adservice,0,0,0,0,0,0,0
2026-10-04T14:13:26Z,checkoutservice,cartservice,81940,81008,0,100,0,797146,80575
2026-10-04T14:13:26Z,checkoutservice,checkoutservice,0,0,0,0,0,0,0
2026-10-04T14:13:26Z,checkoutservice,currencyservice,52369,52369,0,0,0,611912,52152
2026-10-04T14:13:26Z,checkoutservice,emailservice,23600,23305,0,66,0,741828,23087
2026-10-04T14:13:26Z,checkoutservice,frontend,0,0,0,0,0,0,0
2026-10-04T14:13:26Z,checkoutservice,kubernetes,0,0,0,0,0,0,0
2026-10-04T14:13:26Z,checkoutservice,paymentservice,45632,43782,0,192,0,486725,43421
2026-10-04T14:13:26Z,checkoutservice,productcatalogservice,0,0,0,0,0,0,0
2026-10-04T14:13:26Z,checkoutservice,recommendationservice,0,0,0,0,0,0,0
2026-10-04T14:13:26Z,checkoutservice,redis-cart,0,0,0,0,0,0,0
2026-10-04T14:13:26Z,checkoutservice,shippingservice,87250,85146,0,154,0,558031,84714
2026-10-04T14:13:26Z,currencyservice,adservice,0,0,0,0,0,0,0
2026-10-04T14:13:26Z,currencyservice,cartservice,0,0,0,0,0,0,0
2026-10-04T14:13:26Z,currencyservice,checkoutservice,0,0,0,0,0,0,0
2026-10-04T14:13:26Z,currencyservice,currencyservice,0,0,0,0,0,0,0
2026-10-04T14:13:26Z,currencyservice,emailservice,0,0,0,0,0,0,0
2026-10-04T14:13:26Z,currencyservice,frontend,0,0,0,0,0,0,0
2026-10-04T14:13:26Z,currencyservice,kubernetes,0,0,0,0,0,0,0
2026-10-04T14:13:26Z,currencyservice,paymentservice,0,0,0,0,0,0,0
2026-10-04T14:13:26Z,currencyservice,productcatalogservice,0,0,0,0,0,0,0
2026-10-04T14:13:26Z,currencyservice,recommendationservice,0,0,0,0,0,0,0
2026-10-04T14:13:26Z,currencyservice,redis-cart,0,0,0,0,0,0,0
2026-10-04T14:13:26Z,currencyservice,shippingservice,0,0,0,0,0,0,0
2026-10-04T14:13:26Z,emailservice,adservice,0,0,0,0,0,0,0
2026-10-04T14:13:26Z,emailservice,cartservice,0,0,0,0,0,0,0
2026-10-04T14:13:26Z,emailservice,checkoutservice,0,0,0,0,0,0,0
2026-10-04T14:13:26Z,emailservice,currencyservice,0,0,0,0,0,0,0
2026-10-04T14:13:26Z,emailservice,emailservice,0,0,0,0,0,0,0
2026-10-04T14:13:26Z,emailservice,frontend,0,0,0,0,0,0,0
2026-10-04T14:13:26Z,emailservice,kubernetes,0,0,0,0,0,0,0
2026-10-04T14:13:26Z,emailservice,paymentservice,0,0,0,0,0,0,0
2026-10-04T14:13:26Z,emailservice,productcatalogservice,0,0,0,0,0,0,0
2026-10-04T14:13:26Z,emailservice,recommendationservice,0,0,0,0,0,0,0
2026-10-04T14:13:26Z,emailservice,redis-cart,0,0,0,0,0,0,0
2026-10-04T14:13:26Z,emailservice,shippingservice,0,0,0,0,0,0,0
2026-10-04T14:13:26Z,frontend,adservice,877334,877332,0,0,0,2637738,876935
2026-10-04T14:13:26Z,frontend,cartservice,1972341,1972326,0,0,4,10832161,1971295
2026-10-04T14:13:26Z,frontend,checkoutservice,411364,201384,0,40061,169951,64045583,201239
2026-10-04T14:13:26Z,frontend,currencyservice,3134145,3134136,0,0,0,16338955,3132490
2026-10-04T14:13:26Z,frontend,emailservice,0,0,0,0,0,0,0
2026-10-04T14:13:26Z,frontend,frontend,0,0,0,0,0,0,0
2026-10-04T14:13:26Z,frontend,kubernetes,0,0,0,0,0,0,0
2026-10-04T14:13:26Z,frontend,paymentservice,0,0,0,0,0,0,0
2026-10-04T14:13:26Z,frontend,productcatalogservice,8739600,8739526,0,0,0,59480381,8735231
2026-10-04T14:13:26Z,frontend,recommendationservice,2903241,1741811,0,122525,1036362,890817821,1740877
2026-10-04T14:13:26Z,frontend,redis-cart,0,0,0,0,0,0,0
2026-10-04T14:13:26Z,frontend,shippingservice,321604,321602,0,0,0,967405,321457
2026-10-04T14:13:26Z,paymentservice,adservice,0,0,0,0,0,0,0
2026-10-04T14:13:26Z,paymentservice,cartservice,0,0,0,0,0,0,0
2026-10-04T14:13:26Z,paymentservice,checkoutservice,0,0,0,0,0,0,0
2026-10-04T14:13:26Z,paymentservice,currencyservice,0,0,0,0,0,0,0
2026-10-04T14:13:26Z,paymentservice,emailservice,0,0,0,0,0,0,0
2026-10-04T14:13:26Z,paymentservice,frontend,0,0,0,0,0,0,0
2026-10-04T14:13:26Z,paymentservice,kubernetes,0,0,0,0,0,0,0
2026-10-04T14:13:26Z,paymentservice,paymentservice,0,0,0,0,0,0,0
2026-10-04T14:13:26Z,paymentservice,productcatalogservice,0,0,0,0,0,0,0
2026-10-04T14:13:26Z,paymentservice,recommendationservice,0,0,0,0,0,0,0
2026-10-04T14:13:26Z,paymentservice,redis-cart,0,0,0,0,0,0,0
2026-10-04T14:13:26Z,paymentservice,shippingservice,0,0,0,0,0,0,0
2026-10-04T14:13:26Z,productcatalogservice,adservice,0,0,0,0,0,0,0
2026-10-04T14:13:26Z,productcatalogservice,cartservice,0,0,0,0,0,0,0
2026-10-04T14:13:26Z,productcatalogservice,checkoutservice,0,0,0,0,0,0,0
2026-10-04T14:13:26Z,productcatalogservice,currencyservice,0,0,0,0,0,0,0
2026-10-04T14:13:26Z,productcatalogservice,emailservice,0,0,0,0,0,0,0
2026-10-04T14:13:26Z,productcatalogservice,frontend,0,0,0,0,0,0,0
2026-10-04T14:13:26Z,productcatalogservice,kubernetes,0,0,0,0,0,0,0
2026-10-04T14:13:26Z,productcatalogservice,paymentservice,0,0,0,0,0,0,0
2026-10-04T14:13:26Z,productcatalogservice,productcatalogservice,0,0,0,0,0,0,0
2026-10-04T14:13:26Z,productcatalogservice,recommendationservice,0,0,0,0,0,0,0
2026-10-04T14:13:26Z,productcatalogservice,redis-cart,0,0,0,0,0,0,0
2026-10-04T14:13:26Z,productcatalogservice,shippingservice,0,0,0,0,0,0,0
2026-10-04T14:13:26Z,recommendationservice,adservice,0,0,0,0,0,0,0
2026-10-04T14:13:26Z,recommendationservice,cartservice,0,0,0,0,0,0,0
2026-10-04T14:13:26Z,recommendationservice,checkoutservice,0,0,0,0,0,0,0
2026-10-04T14:13:26Z,recommendationservice,currencyservice,0,0,0,0,0,0,0
2026-10-04T14:13:26Z,recommendationservice,emailservice,0,0,0,0,0,0,0
2026-10-04T14:13:26Z,recommendationservice,frontend,0,0,0,0,0,0,0
2026-10-04T14:13:26Z,recommendationservice,kubernetes,0,0,0,0,0,0,0
2026-10-04T14:13:26Z,recommendationservice,paymentservice,0,0,0,0,0,0,0
2026-10-04T14:13:26Z,recommendationservice,productcatalogservice,249030,249022,0,0,0,1592636,248602
2026-10-04T14:13:26Z,recommendationservice,recommendationservice,0,0,0,0,0,0,0
2026-10-04T14:13:26Z,recommendationservice,redis-cart,0,0,0,0,0,0,0
2026-10-04T14:13:26Z,recommendationservice,shippingservice,0,0,0,0,0,0,0
2026-10-04T14:13:26Z,redis-cart,adservice,0,0,0,0,0,0,0
2026-10-04T14:13:26Z,redis-cart,cartservice,0,0,0,0,0,0,0
2026-10-04T14:13:26Z,redis-cart,checkoutservice,0,0,0,0,0,0,0
2026-10-04T14:13:26Z,redis-cart,currencyservice,0,0,0,0,0,0,0
2026-10-04T14:13:26Z,redis-cart,emailservice,0,0,0,0,0,0,0
2026-10-04T14:13:26Z,redis-cart,frontend,0,0,0,0,0,0,0
2026-10-04T14:13:26Z,redis-cart,kubernetes,0,0,0,0,0,0,0
2026-10-04T14:13:26Z,redis-cart,paymentservice,0,0,0,0,0,0,0
2026-10-04T14:13:26Z,redis-cart,productcatalogservice,0,0,0,0,0,0,0
2026-10-04T14:13:26Z,redis-cart,recommendationservice,0,0,0,0,0,0,0
2026-10-04T14:13:26Z,redis-cart,redis-cart,0,0,0,0,0,0,0
2026-10-04T14:13:26Z,redis-cart,shippingservice,0,0,0,0,0,0,0
2026-10-04T14:13:26Z,shippingservice,adservice,0,0,0,0,0,0,0
2026-10-04T14:13:26Z,shippingservice,cartservice,0,0,0,0,0,0,0
2026-10-04T14:13:26Z,shippingservice,checkoutservice,0,0,0,0,0,0,0
2026-10-04T14:13:26Z,shippingservice,currencyservice,0,0,0,0,0,0,0
2026-10-04T14:13:26Z,shippingservice,emailservice,0,0,0,0,0,0,0
2026-10-04T14:13:26Z,shippingservice,frontend,0,0,0,0,0,0,0
2026-10-04T14:13:26Z,shippingservice,kubernetes,0,0,0,0,0,0,0
2026-10-04T14:13:26Z,shippingservice,paymentservice,0,0,0,0,0,0,0
2026-10-04T14:13:26Z,shippingservice,productcatalogservice,0,0,0,0,0,0,0
2026-10-04T14:13:26Z,shippingservice,recommendationservice,0,0,0,0,0,0,0
2026-10-04T14:13:26Z,shippingservice,redis-cart,0,0,0,0,0,0,0
2026-10-04T14:13:26Z,shippingservice,shippingservice,0,0,0,0,0,0,0
2026-10-04T14:13:27Z,adservice,adservice,0,0,0,0,0,0,0
2026-10-04T14:13:27Z,adservice,cartservice,0,0,0,0,0,0,0
2026-10-04T14:13:27Z,adservice,checkoutservice,0,0,0,0,0,0,0
2026-10-04T14:13:27Z,adservice,currencyservice,0,0,0,0,0,0,0
2026-10-04T14:13:27Z,adservice,emailservice,0,0,0,0,0,0,0
2026-10-04T14:13:27Z,adservice,frontend,0,0,0,0,0,0,0
2026-10-04T14:13:27Z,adservice,kubernetes,0,0,0,0,0,0,0
2026-10-04T14:13:27Z,adservice,paymentservice,0,0,0,0,0,0,0
2026-10-04T14:13:27Z,adservice,productcatalogservice,0,0,0,0,0,0,0
2026-10-04T14:13:27Z,adservice,recommendationservice,0,0,0,0,0,0,0
2026-10-04T14:13:27Z,adservice,redis-cart,0,0,0,0,0,0,0
2026-10-04T14:13:27Z,adservice,shippingservice,0,0,0,0,0,0,0
2026-10-04T14:13:27Z,cartservice,adservice,0,0,0,0,0,0,0
2026-10-04T14:13:27Z,cartservice,cartservice,0,0,0,0,0,0,0
2026-10-04T14:13:27Z,cartservice,checkoutservice,0,0,0,0,0,0,0
2026-10-04T14:13:27Z,cartservice,currencyservice,0,0,0,0,0,0,0
2026-10-04T14:13:27Z,cartservice,emailservice,0,0,0,0,0,0,0
2026-10-04T14:13:27Z,cartservice,frontend,0,0,0,0,0,0,0
2026-10-04T14:13:27Z,cartservice,kubernetes,0,0,0,0,0,0,0
2026-10-04T14:13:27Z,cartservice,paymentservice,0,0,0,0,0,0,0
2026-10-04T14:13:27Z,cartservice,productcatalogservice,0,0,0,0,0,0,0
2026-10-04T14:13:27Z,cartservice,recommendationservice,0,0,0,0,0,0,0
2026-10-04T14:13:27Z,cartservice,redis-cart,2,0,0,0,0,0,0
2026-10-04T14:13:27Z,cartservice,shippingservice,0,0,0,0,0,0,0
2026-10-04T14:13:27Z,checkoutservice,adservice,0,0,0,0,0,0,0
2026-10-04T14:13:27Z,checkoutservice,cartservice,82050,81118,0,100,0,799363,81113
2026-10-04T14:13:27Z,checkoutservice,checkoutservice,0,0,0,0,0,0,0
2026-10-04T14:13:27Z,checkoutservice,currencyservice,52422,52421,0,0,0,612934,52420
2026-10-04T14:13:27Z,checkoutservice,emailservice,23658,23365,0,66,0,749170,23365
2026-10-04T14:13:27Z,checkoutservice,frontend,0,0,0,0,0,0,0
2026-10-04T14:13:27Z,checkoutservice,kubernetes,0,0,0,0,0,0,0
2026-10-04T14:13:27Z,checkoutservice,paymentservice,45687,43839,0,192,0,487517,43690
2026-10-04T14:13:27Z,checkoutservice,productcatalogservice,0,0,0,0,0,0,0
2026-10-04T14:13:27Z,checkoutservice,recommendationservice,0,0,0,0,0,0,0
2026-10-04T14:13:27Z,checkoutservice,redis-cart,0,0,0,0,0,0,0
2026-10-04T14:13:27Z,checkoutservice,shippingservice,87361,85255,0,154,0,558999,85251
2026-10-04T14:13:27Z,currencyservice,adservice,0,0,0,0,0,0,0
2026-10-04T14:13:27Z,currencyservice,cartservice,0,0,0,0,0,0,0
2026-10-04T14:13:27Z,currencyservice,checkoutservice,0,0,0,0,0,0,0
2026-10-04T14:13:27Z,currencyservice,currencyservice,0,0,0,0,0,0,0
2026-10-04T14:13:27Z,currencyservice,emailservice,0,0,0,0,0,0,0
2026-10-04T14:13:27Z,currencyservice,frontend,0,0,0,0,0,0,0
2026-10-04T14:13:27Z,currencyservice,kubernetes,0,0,0,0,0,0,0
2026-10-04T14:13:27Z,currencyservice,paymentservice,0,0,0,0,0,0,0
2026-10-04T14:13:27Z,currencyservice,productcatalogservice,0,0,0,0,0,0,0
2026-10-04T14:13:27Z,currencyservice,recommendationservice,0,0,0,0,0,0,0
2026-10-04T14:13:27Z,currencyservice,redis-cart,0,0,0,0,0,0,0
2026-10-04T14:13:27Z,currencyservice,shippingservice,0,0,0,0,0,0,0
2026-10-04T14:13:27Z,emailservice,adservice,0,0,0,0,0,0,0
2026-10-04T14:13:27Z,emailservice,cartservice,0,0,0,0,0,0,0
2026-10-04T14:13:27Z,emailservice,checkoutservice,0,0,0,0,0,0,0
2026-10-04T14:13:27Z,emailservice,currencyservice,0,0,0,0,0,0,0
2026-10-04T14:13:27Z,emailservice,emailservice,0,0,0,0,0,0,0
2026-10-04T14:13:27Z,emailservice,frontend,0,0,0,0,0,0,0
2026-10-04T14:13:27Z,emailservice,kubernetes,0,0,0,0,0,0,0
2026-10-04T14:13:27Z,emailservice,paymentservice,0,0,0,0,0,0,0
2026-10-04T14:13:27Z,emailservice,productcatalogservice,0,0,0,0,0,0,0
2026-10-04T14:13:27Z,emailservice,recommendationservice,0,0,0,0,0,0,0
2026-10-04T14:13:27Z,emailservice,redis-cart,0,0,0,0,0,0,0
2026-10-04T14:13:27Z,emailservice,shippingservice,0,0,0,0,0,0,0
2026-10-04T14:13:27Z,frontend,adservice,877440,877438,0,0,0,2637738,876935
2026-10-04T14:13:27Z,frontend,cartservice,1972715,1972702,0,0,4,10832161,1971295
2026-10-04T14:13:27Z,frontend,checkoutservice,411413,201439,0,40061,169951,64045583,201239
2026-10-04T14:13:27Z,frontend,currencyservice,3134750,3134738,0,0,0,16338955,3132490
2026-10-04T14:13:27Z,frontend,emailservice,0,0,0,0,0,0,0
2026-10-04T14:13:27Z,frontend,frontend,0,0,0,0,0,0,0
2026-10-04T14:13:27Z,frontend,kubernetes,0,0,0,0,0,0,0
2026-10-04T14:13:27Z,frontend,paymentservice,0,0,0,0,0,0,0
2026-10-04T14:13:27Z,frontend,productcatalogservice,8740945,8740859,0,0,0,59480381,8735231
2026-10-04T14:13:27Z,frontend,recommendationservice,2903958,1742122,0,122566,1036718,890817821,1740877
2026-10-04T14:13:27Z,frontend,redis-cart,0,0,0,0,0,0,0
2026-10-04T14:13:27Z,frontend,shippingservice,321658,321656,0,0,0,967405,321457
2026-10-04T14:13:27Z,paymentservice,adservice,0,0,0,0,0,0,0
2026-10-04T14:13:27Z,paymentservice,cartservice,0,0,0,0,0,0,0
2026-10-04T14:13:27Z,paymentservice,checkoutservice,0,0,0,0,0,0,0
2026-10-04T14:13:27Z,paymentservice,currencyservice,0,0,0,0,0,0,0
2026-10-04T14:13:27Z,paymentservice,emailservice,0,0,0,0,0,0,0
2026-10-04T14:13:27Z,paymentservice,frontend,0,0,0,0,0,0,0
2026-10-04T14:13:27Z,paymentservice,kubernetes,0,0,0,0,0,0,0
2026-10-04T14:13:27Z,paymentservice,paymentservice,0,0,0,0,0,0,0
2026-10-04T14:13:27Z,paymentservice,productcatalogservice,0,0,0,0,0,0,0
2026-10-04T14:13:27Z,paymentservice,recommendationservice,0,0,0,0,0,0,0
2026-10-04T14:13:27Z,paymentservice,redis-cart,0,0,0,0,0,0,0
2026-10-04T14:13:27Z,paymentservice,shippingservice,0,0,0,0,0,0,0
2026-10-04T14:13:27Z,productcatalogservice,adservice,0,0,0,0,0,0,0
2026-10-04T14:13:27Z,productcatalogservice,cartservice,0,0,0,0,0,0,0
2026-10-04T14:13:27Z,productcatalogservice,checkoutservice,0,0,0,0,0,0,0
2026-10-04T14:13:27Z,productcatalogservice,currencyservice,0,0,0,0,0,0,0
2026-10-04T14:13:27Z,productcatalogservice,emailservice,0,0,0,0,0,0,0
2026-10-04T14:13:27Z,productcatalogservice,frontend,0,0,0,0,0,0,0
2026-10-04T14:13:27Z,productcatalogservice,kubernetes,0,0,0,0,0,0,0
2026-10-04T14:13:27Z,productcatalogservice,paymentservice,0,0,0,0,0,0,0
2026-10-04T14:13:27Z,productcatalogservice,productcatalogservice,0,0,0,0,0,0,0
2026-10-04T14:13:27Z,productcatalogservice,recommendationservice,0,0,0,0,0,0,0
2026-10-04T14:13:27Z,productcatalogservice,redis-cart,0,0,0,0,0,0,0
2026-10-04T14:13:27Z,productcatalogservice,shippingservice,0,0,0,0,0,0,0
2026-10-04T14:13:27Z,recommendationservice,adservice,0,0,0,0,0,0,0
2026-10-04T14:13:27Z,recommendationservice,cartservice,0,0,0,0,0,0,0
2026-10-04T14:13:27Z,recommendationservice,checkoutservice,0,0,0,0,0,0,0
2026-10-04T14:13:27Z,recommendationservice,currencyservice,0,0,0,0,0,0,0
2026-10-04T14:13:27Z,recommendationservice,emailservice,0,0,0,0,0,0,0
2026-10-04T14:13:27Z,recommendationservice,frontend,0,0,0,0,0,0,0
2026-10-04T14:13:27Z,recommendationservice,kubernetes,0,0,0,0,0,0,0
2026-10-04T14:13:27Z,recommendationservice,paymentservice,0,0,0,0,0,0,0
2026-10-04T14:13:27Z,recommendationservice,productcatalogservice,249492,249484,0,0,0,1592636,248602
2026-10-04T14:13:27Z,recommendationservice,recommendationservice,0,0,0,0,0,0,0
2026-10-04T14:13:27Z,recommendationservice,redis-cart,0,0,0,0,0,0,0
2026-10-04T14:13:27Z,recommendationservice,shippingservice,0,0,0,0,0,0,0
2026-10-04T14:13:27Z,redis-cart,adservice,0,0,0,0,0,0,0
2026-10-04T14:13:27Z,redis-cart,cartservice,0,0,0,0,0,0,0
2026-10-04T14:13:27Z,redis-cart,checkoutservice,0,0,0,0,0,0,0
2026-10-04T14:13:27Z,redis-cart,currencyservice,0,0,0,0,0,0,0
2026-10-04T14:13:27Z,redis-cart,emailservice,0,0,0,0,0,0,0
2026-10-04T14:13:27Z,redis-cart,frontend,0,0,0,0,0,0,0
2026-10-04T14:13:27Z,redis-cart,kubernetes,0,0,0,0,0,0,0
2026-10-04T14:13:27Z,redis-cart,paymentservice,0,0,0,0,0,0,0
2026-10-04T14:13:27Z,redis-cart,productcatalogservice,0,0,0,0,0,0,0
2026-10-04T14:13:27Z,redis-cart,recommendationservice,0,0,0,0,0,0,0
2026-10-04T14:13:27Z,redis-cart,redis-cart,0,0,0,0,0,0,0
2026-10-04T14:13:27Z,redis-cart,shippingservice,0,0,0,0,0,0,0
2026-10-04T14:13:27Z,shippingservice,adservice,0,0,0,0,0,0,0
2026-10-04T14:13:27Z,shippingservice,cartservice,0,0,0,0,0,0,0
2026-10-04T14:13:27Z,shippingservice,checkoutservice,0,0,0,0,0,0,0
2026-10-04T14:13:27Z,shippingservice,currencyservice,0,0,0,0,0,0,0
2026-10-04T14:13:27Z,shippingservice,emailservice,0,0,0,0,0,0,0
2026-10-04T14:13:27Z,shippingservice,frontend,0,0,0,0,0,0,0
2026-10-04T14:13:27Z,shippingservice,kubernetes,0,0,0,0,0,0,0
2026-10-04T14:13:27Z,shippingservice,paymentservice,0,0,0,0,0,0,0
2026-10-04T14:13:27Z,shippingservice,productcatalogservice,0,0,0,0,0,0,0
2026-10-04T14:13:27Z,shippingservice,recommendationservice,0,0,0,0,0,0,0
2026-10-04T14:13:27Z,shippingservice,redis-cart,0,0,0,0,0,0,0
2026-10-04T14:13:27Z,shippingservice,shippingservice,0,0,0,0,0,0,0
2026-10-04T14:13:28Z,adservice,adservice,0,0,0,0,0,0,0
2026-10-04T14:13:28Z,adservice,cartservice,0,0,0,0,0,0,0
2026-10-04T14:13:28Z,adservice,checkoutservice,0,0,0,0,0,0,0
2026-10-04T14:13:28Z,adservice,currencyservice,0,0,0,0,0,0,0
2026-10-04T14:13:28Z,adservice,emailservice,0,0,0,0,0,0,0
2026-10-04T14:13:28Z,adservice,frontend,0,0,0,0,0,0,0
2026-10-04T14:13:28Z,adservice,kubernetes,0,0,0,0,0,0,0
2026-10-04T14:13:28Z,adservice,paymentservice,0,0,0,0,0,0,0
2026-10-04T14:13:28Z,adservice,productcatalogservice,0,0,0,0,0,0,0
2026-10-04T14:13:28Z,adservice,recommendationservice,0,0,0,0,0,0,0
2026-10-04T14:13:28Z,adservice,redis-cart,0,0,0,0,0,0,0
2026-10-04T14:13:28Z,adservice,shippingservice,0,0,0,0,0,0,0
2026-10-04T14:13:28Z,cartservice,adservice,0,0,0,0,0,0,0
2026-10-04T14:13:28Z,cartservice,cartservice,0,0,0,0,0,0,0
2026-10-04T14:13:28Z,cartservice,checkoutservice,0,0,0,0,0,0,0
2026-10-04T14:13:28Z,cartservice,currencyservice,0,0,0,0,0,0,0
2026-10-04T14:13:28Z,cartservice,emailservice,0,0,0,0,0,0,0
2026-10-04T14:13:28Z,cartservice,frontend,0,0,0,0,0,0,0
2026-10-04T14:13:28Z,cartservice,kubernetes,0,0,0,0,0,0,0
2026-10-04T14:13:28Z,cartservice,paymentservice,0,0,0,0,0,0,0
2026-10-04T14:13:28Z,cartservice,productcatalogservice,0,0,0,0,0,0,0
2026-10-04T14:13:28Z,cartservice,recommendationservice,0,0,0,0,0,0,0
2026-10-04T14:13:28Z,cartservice,redis-cart,2,0,0,0,0,0,0
2026-10-04T14:13:28Z,cartservice,shippingservice,0,0,0,0,0,0,0
2026-10-04T14:13:28Z,checkoutservice,adservice,0,0,0,0,0,0,0
2026-10-04T14:13:28Z,checkoutservice,cartservice,82145,81214,0,100,0,799363,81113
2026-10-04T14:13:28Z,checkoutservice,checkoutservice,0,0,0,0,0,0,0
2026-10-04T14:13:28Z,checkoutservice,currencyservice,52470,52470,0,0,0,612934,52420
2026-10-04T14:13:28Z,checkoutservice,emailservice,23708,23415,0,66,0,749170,23365
2026-10-04T14:13:28Z,checkoutservice,frontend,0,0,0,0,0,0,0
2026-10-04T14:13:28Z,checkoutservice,kubernetes,0,0,0,0,0,0,0
2026-10-04T14:13:28Z,checkoutservice,paymentservice,45736,43888,0,192,0,487517,43690
2026-10-04T14:13:28Z,checkoutservice,productcatalogservice,0,0,0,0,0,0,0
2026-10-04T14:13:28Z,checkoutservice,recommendationservice,0,0,0,0,0,0,0
2026-10-04T14:13:28Z,checkoutservice,redis-cart,0,0,0,0,0,0,0
2026-10-04T14:13:28Z,checkoutservice,shippingservice,87456,85353,0,154,0,558999,85251
2026-10-04T14:13:28Z,currencyservice,adservice,0,0,0,0,0,0,0
2026-10-04T14:13:28Z,currencyservice,cartservice,0,0,0,0,0,0,0
2026-10-04T14:13:28Z,currencyservice,checkoutservice,0,0,0,0,0,0,0
2026-10-04T14:13:28Z,currencyservice,currencyservice,0,0,0,0,0,0,0
2026-10-04T14:13:28Z,currencyservice,emailservice,0,0,0,0,0,0,0
2026-10-04T14:13:28Z,currencyservice,frontend,0,0,0,0,0,0,0
2026-10-04T14:13:28Z,currencyservice,kubernetes,0,0,0,0,0,0,0
2026-10-04T14:13:28Z,currencyservice,paymentservice,0,0,0,0,0,0,0
2026-10-04T14:13:28Z,currencyservice,productcatalogservice,0,0,0,0,0,0,0
2026-10-04T14:13:28Z,currencyservice,recommendationservice,0,0,0,0,0,0,0
2026-10-04T14:13:28Z,currencyservice,redis-cart,0,0,0,0,0,0,0
2026-10-04T14:13:28Z,currencyservice,shippingservice,0,0,0,0,0,0,0
2026-10-04T14:13:28Z,emailservice,adservice,0,0,0,0,0,0,0
2026-10-04T14:13:28Z,emailservice,cartservice,0,0,0,0,0,0,0
2026-10-04T14:13:28Z,emailservice,checkoutservice,0,0,0,0,0,0,0
2026-10-04T14:13:28Z,emailservice,currencyservice,0,0,0,0,0,0,0
2026-10-04T14:13:28Z,emailservice,emailservice,0,0,0,0,0,0,0
2026-10-04T14:13:28Z,emailservice,frontend,0,0,0,0,0,0,0
2026-10-04T14:13:28Z,emailservice,kubernetes,0,0,0,0,0,0,0
2026-10-04T14:13:28Z,emailservice,paymentservice,0,0,0,0,0,0,0
2026-10-04T14:13:28Z,emailservice,productcatalogservice,0,0,0,0,0,0,0
2026-10-04T14:13:28Z,emailservice,recommendationservice,0,0,0,0,0,0,0
2026-10-04T14:13:28Z,emailservice,redis-cart,0,0,0,0,0,0,0
2026-10-04T14:13:28Z,emailservice,shippingservice,0,0,0,0,0,0,0
2026-10-04T14:13:28Z,frontend,adservice,877600,877598,0,0,0,2638168,877107
2026-10-04T14:13:28Z,frontend,cartservice,1973119,1973104,0,0,4,10834274,1971754
2026-10-04T14:13:28Z,frontend,checkoutservice,411462,201489,0,40061,169951,64052052,201301
2026-10-04T14:13:28Z,frontend,currencyservice,3135383,3135372,0,0,0,16342124,3133236
2026-10-04T14:13:28Z,frontend,emailservice,0,0,0,0,0,0,0
2026-10-04T14:13:28Z,frontend,frontend,0,0,0,0,0,0,0
2026-10-04T14:13:28Z,frontend,kubernetes,0,0,0,0,0,0,0
2026-10-04T14:13:28Z,frontend,paymentservice,0,0,0,0,0,0,0
2026-10-04T14:13:28Z,frontend,productcatalogservice,8742586,8742515,0,0,0,59492159,8737059
2026-10-04T14:13:28Z,frontend,recommendationservice,2904763,1742459,0,122617,1037133,891181801,1741313
2026-10-04T14:13:28Z,frontend,redis-cart,0,0,0,0,0,0,0
2026-10-04T14:13:28Z,frontend,shippingservice,321722,321720,0,0,0,967525,321516
2026-10-04T14:13:28Z,paymentservice,adservice,0,0,0,0,0,0,0
2026-10-04T14:13:28Z,paymentservice,cartservice,0,0,0,0,0,0,0
2026-10-04T14:13:28Z,paymentservice,checkoutservice,0,0,0,0,0,0,0
2026-10-04T14:13:28Z,paymentservice,currencyservice,0,0,0,0,0,0,0
2026-10-04T14:13:28Z,paymentservice,emailservice,0,0,0,0,0,0,0
2026-10-04T14:13:28Z,paymentservice,frontend,0,0,0,0,0,0,0
2026-10-04T14:13:28Z,paymentservice,kubernetes,0,0,0,0,0,0,0
2026-10-04T14:13:28Z,paymentservice,paymentservice,0,0,0,0,0,0,0
2026-10-04T14:13:28Z,paymentservice,productcatalogservice,0,0,0,0,0,0,0
2026-10-04T14:13:28Z,paymentservice,recommendationservice,0,0,0,0,0,0,0
2026-10-04T14:13:28Z,paymentservice,redis-cart,0,0,0,0,0,0,0
2026-10-04T14:13:28Z,paymentservice,shippingservice,0,0,0,0,0,0,0
2026-10-04T14:13:28Z,productcatalogservice,adservice,0,0,0,0,0,0,0
2026-10-04T14:13:28Z,productcatalogservice,cartservice,0,0,0,0,0,0,0
2026-10-04T14:13:28Z,productcatalogservice,checkoutservice,0,0,0,0,0,0,0
2026-10-04T14:13:28Z,productcatalogservice,currencyservice,0,0,0,0,0,0,0
2026-10-04T14:13:28Z,productcatalogservice,emailservice,0,0,0,0,0,0,0
2026-10-04T14:13:28Z,productcatalogservice,frontend,0,0,0,0,0,0,0
2026-10-04T14:13:28Z,productcatalogservice,kubernetes,0,0,0,0,0,0,0
2026-10-04T14:13:28Z,productcatalogservice,paymentservice,0,0,0,0,0,0,0
2026-10-04T14:13:28Z,productcatalogservice,productcatalogservice,0,0,0,0,0,0,0
2026-10-04T14:13:28Z,productcatalogservice,recommendationservice,0,0,0,0,0,0,0
2026-10-04T14:13:28Z,productcatalogservice,redis-cart,0,0,0,0,0,0,0
2026-10-04T14:13:28Z,productcatalogservice,shippingservice,0,0,0,0,0,0,0
2026-10-04T14:13:28Z,recommendationservice,adservice,0,0,0,0,0,0,0
2026-10-04T14:13:28Z,recommendationservice,cartservice,0,0,0,0,0,0,0
2026-10-04T14:13:28Z,recommendationservice,checkoutservice,0,0,0,0,0,0,0
2026-10-04T14:13:28Z,recommendationservice,currencyservice,0,0,0,0,0,0,0
2026-10-04T14:13:28Z,recommendationservice,emailservice,0,0,0,0,0,0,0
2026-10-04T14:13:28Z,recommendationservice,frontend,0,0,0,0,0,0,0
2026-10-04T14:13:28Z,recommendationservice,kubernetes,0,0,0,0,0,0,0
2026-10-04T14:13:28Z,recommendationservice,paymentservice,0,0,0,0,0,0,0
2026-10-04T14:13:28Z,recommendationservice,productcatalogservice,249898,249898,0,0,0,1592636,248602
2026-10-04T14:13:28Z,recommendationservice,recommendationservice,0,0,0,0,0,0,0
2026-10-04T14:13:28Z,recommendationservice,redis-cart,0,0,0,0,0,0,0
2026-10-04T14:13:28Z,recommendationservice,shippingservice,0,0,0,0,0,0,0
2026-10-04T14:13:28Z,redis-cart,adservice,0,0,0,0,0,0,0
2026-10-04T14:13:28Z,redis-cart,cartservice,0,0,0,0,0,0,0
2026-10-04T14:13:28Z,redis-cart,checkoutservice,0,0,0,0,0,0,0
2026-10-04T14:13:28Z,redis-cart,currencyservice,0,0,0,0,0,0,0
2026-10-04T14:13:28Z,redis-cart,emailservice,0,0,0,0,0,0,0
2026-10-04T14:13:28Z,redis-cart,frontend,0,0,0,0,0,0,0
2026-10-04T14:13:28Z,redis-cart,kubernetes,0,0,0,0,0,0,0
2026-10-04T14:13:28Z,redis-cart,paymentservice,0,0,0,0,0,0,0
2026-10-04T14:13:28Z,redis-cart,productcatalogservice,0,0,0,0,0,0,0
2026-10-04T14:13:28Z,redis-cart,recommendationservice,0,0,0,0,0,0,0
2026-10-04T14:13:28Z,redis-cart,redis-cart,0,0,0,0,0,0,0
2026-10-04T14:13:28Z,redis-cart,shippingservice,0,0,0,0,0,0,0
2026-10-04T14:13:28Z,shippingservice,adservice,0,0,0,0,0,0,0
2026-10-04T14:13:28Z,shippingservice,cartservice,0,0,0,0,0,0,0
2026-10-04T14:13:28Z,shippingservice,checkoutservice,0,0,0,0,0,0,0
2026-10-04T14:13:28Z,shippingservice,currencyservice,0,0,0,0,0,0,0
2026-10-04T14:13:28Z,shippingservice,emailservice,0,0,0,0,0,0,0
2026-10-04T14:13:28Z,shippingservice,frontend,0,0,0,0,0,0,0
2026-10-04T14:13:28Z,shippingservice,kubernetes,0,0,0,0,0,0,0
2026-10-04T14:13:28Z,shippingservice,paymentservice,0,0,0,0,0,0,0
2026-10-04T14:13:28Z,shippingservice,productcatalogservice,0,0,0,0,0,0,0
2026-10-04T14:13:28Z,shippingservice,recommendationservice,0,0,0,0,0,0,0
2026-10-04T14:13:28Z,shippingservice,redis-cart,0,0,0,0,0,0,0
2026-10-04T14:13:28Z,shippingservice,shippingservice,0,0,0,0,0,0,0
2026-10-04T14:13:29Z,adservice,adservice,0,0,0,0,0,0,0
2026-10-04T14:13:29Z,adservice,cartservice,0,0,0,0,0,0,0
2026-10-04T14:13:29Z,adservice,checkoutservice,0,0,0,0,0,0,0
2026-10-04T14:13:29Z,adservice,currencyservice,0,0,0,0,0,0,0
2026-10-04T14:13:29Z,adservice,emailservice,0,0,0,0,0,0,0
2026-10-04T14:13:29Z,adservice,frontend,0,0,0,0,0,0,0
2026-10-04T14:13:29Z,adservice,kubernetes,0,0,0,0,0,0,0
2026-10-04T14:13:29Z,adservice,paymentservice,0,0,0,0,0,0,0
2026-10-04T14:13:29Z,adservice,productcatalogservice,0,0,0,0,0,0,0
2026-10-04T14:13:29Z,adservice,recommendationservice,0,0,0,0,0,0,0
2026-10-04T14:13:29Z,adservice,redis-cart,0,0,0,0,0,0,0
2026-10-04T14:13:29Z,adservice,shippingservice,0,0,0,0,0,0,0
2026-10-04T14:13:29Z,cartservice,adservice,0,0,0,0,0,0,0
2026-10-04T14:13:29Z,cartservice,cartservice,0,0,0,0,0,0,0
2026-10-04T14:13:29Z,cartservice,checkoutservice,0,0,0,0,0,0,0
2026-10-04T14:13:29Z,cartservice,currencyservice,0,0,0,0,0,0,0
2026-10-04T14:13:29Z,cartservice,emailservice,0,0,0,0,0,0,0
2026-10-04T14:13:29Z,cartservice,frontend,0,0,0,0,0,0,0
2026-10-04T14:13:29Z,cartservice,kubernetes,0,0,0,0,0,0,0
2026-10-04T14:13:29Z,cartservice,paymentservice,0,0,0,0,0,0,0
2026-10-04T14:13:29Z,cartservice,productcatalogservice,0,0,0,0,0,0,0
2026-10-04T14:13:29Z,cartservice,recommendationservice,0,0,0,0,0,0,0
2026-10-04T14:13:29Z,cartservice,redis-cart,2,0,0,0,0,0,0
2026-10-04T14:13:29Z,cartservice,shippingservice,0,0,0,0,0,0,0
2026-10-04T14:13:29Z,checkoutservice,adservice,0,0,0,0,0,0,0
2026-10-04T14:13:29Z,checkoutservice,cartservice,82255,81323,0,100,0,799363,81113
2026-10-04T14:13:29Z,checkoutservice,checkoutservice,0,0,0,0,0,0,0
2026-10-04T14:13:29Z,checkoutservice,currencyservice,52526,52526,0,0,0,612934,52420
2026-10-04T14:13:29Z,checkoutservice,emailservice,23760,23467,0,66,0,749170,23365
2026-10-04T14:13:29Z,checkoutservice,frontend,0,0,0,0,0,0,0
2026-10-04T14:13:29Z,checkoutservice,kubernetes,0,0,0,0,0,0,0
2026-10-04T14:13:29Z,checkoutservice,paymentservice,45792,43944,0,192,0,487517,43690
2026-10-04T14:13:29Z,checkoutservice,productcatalogservice,0,0,0,0,0,0,0
2026-10-04T14:13:29Z,checkoutservice,recommendationservice,0,0,0,0,0,0,0
2026-10-04T14:13:29Z,checkoutservice,redis-cart,0,0,0,0,0,0,0
2026-10-04T14:13:29Z,checkoutservice,shippingservice,87568,85464,0,154,0,558999,85251
2026-10-04T14:13:29Z,currencyservice,adservice,0,0,0,0,0,0,0
2026-10-04T14:13:29Z,currencyservice,cartservice,0,0,0,0,0,0,0
2026-10-04T14:13:29Z,currencyservice,checkoutservice,0,0,0,0,0,0,0
2026-10-04T14:13:29Z,currencyservice,currencyservice,0,0,0,0,0,0,0
2026-10-04T14:13:29Z,currencyservice,emailservice,0,0,0,0,0,0,0
2026-10-04T14:13:29Z,currencyservice,frontend,0,0,0,0,0,0,0
2026-10-04T14:13:29Z,currencyservice,kubernetes,0,0,0,0,0,0,0
2026-10-04T14:13:29Z,currencyservice,paymentservice,0,0,0,0,0,0,0
2026-10-04T14:13:29Z,currencyservice,productcatalogservice,0,0,0,0,0,0,0
2026-10-04T14:13:29Z,currencyservice,recommendationservice,0,0,0,0,0,0,0
2026-10-04T14:13:29Z,currencyservice,redis-cart,0,0,0,0,0,0,0
2026-10-04T14:13:29Z,currencyservice,shippingservice,0,0,0,0,0,0,0
2026-10-04T14:13:29Z,emailservice,adservice,0,0,0,0,0,0,0
2026-10-04T14:13:29Z,emailservice,cartservice,0,0,0,0,0,0,0
2026-10-04T14:13:29Z,emailservice,checkoutservice,0,0,0,0,0,0,0
2026-10-04T14:13:29Z,emailservice,currencyservice,0,0,0,0,0,0,0
2026-10-04T14:13:29Z,emailservice,emailservice,0,0,0,0,0,0,0
2026-10-04T14:13:29Z,emailservice,frontend,0,0,0,0,0,0,0
2026-10-04T14:13:29Z,emailservice,kubernetes,0,0,0,0,0,0,0
2026-10-04T14:13:29Z,emailservice,paymentservice,0,0,0,0,0,0,0
2026-10-04T14:13:29Z,emailservice,productcatalogservice,0,0,0,0,0,0,0
2026-10-04T14:13:29Z,emailservice,recommendationservice,0,0,0,0,0,0,0
2026-10-04T14:13:29Z,emailservice,redis-cart,0,0,0,0,0,0,0
2026-10-04T14:13:29Z,emailservice,shippingservice,0,0,0,0,0,0,0
2026-10-04T14:13:29Z,frontend,adservice,877755,877753,0,0,0,2639192,877504
2026-10-04T14:13:29Z,frontend,cartservice,1973512,1973496,0,0,4,10838955,1972844
2026-10-04T14:13:29Z,frontend,checkoutservice,411523,201549,0,40061,169951,64064918,201445
2026-10-04T14:13:29Z,frontend,currencyservice,3136008,3135994,0,0,0,16348289,3134954
2026-10-04T14:13:29Z,frontend,emailservice,0,0,0,0,0,0,0
2026-10-04T14:13:29Z,frontend,frontend,0,0,0,0,0,0,0
2026-10-04T14:13:29Z,frontend,kubernetes,0,0,0,0,0,0,0
2026-10-04T14:13:29Z,frontend,paymentservice,0,0,0,0,0,0,0
2026-10-04T14:13:29Z,frontend,productcatalogservice,8744154,8744090,0,0,0,59512810,8741436
2026-10-04T14:13:29Z,frontend,recommendationservice,2905527,1742813,0,122661,1037496,891925296,1742249
2026-10-04T14:13:29Z,frontend,redis-cart,0,0,0,0,0,0,0
2026-10-04T14:13:29Z,frontend,shippingservice,321760,321758,0,0,0,967921,321679
2026-10-04T14:13:29Z,paymentservice,adservice,0,0,0,0,0,0,0
2026-10-04T14:13:29Z,paymentservice,cartservice,0,0,0,0,0,0,0
2026-10-04T14:13:29Z,paymentservice,checkoutservice,0,0,0,0,0,0,0
2026-10-04T14:13:29Z,paymentservice,currencyservice,0,0,0,0,0,0,0
2026-10-04T14:13:29Z,paymentservice,emailservice,0,0,0,0,0,0,0
2026-10-04T14:13:29Z,paymentservice,frontend,0,0,0,0,0,0,0
2026-10-04T14:13:29Z,paymentservice,kubernetes,0,0,0,0,0,0,0
2026-10-04T14:13:29Z,paymentservice,paymentservice,0,0,0,0,0,0,0
2026-10-04T14:13:29Z,paymentservice,productcatalogservice,0,0,0,0,0,0,0
2026-10-04T14:13:29Z,paymentservice,recommendationservice,0,0,0,0,0,0,0
2026-10-04T14:13:29Z,paymentservice,redis-cart,0,0,0,0,0,0,0
2026-10-04T14:13:29Z,paymentservice,shippingservice,0,0,0,0,0,0,0
2026-10-04T14:13:29Z,productcatalogservice,adservice,0,0,0,0,0,0,0
2026-10-04T14:13:29Z,productcatalogservice,cartservice,0,0,0,0,0,0,0
2026-10-04T14:13:29Z,productcatalogservice,checkoutservice,0,0,0,0,0,0,0
2026-10-04T14:13:29Z,productcatalogservice,currencyservice,0,0,0,0,0,0,0
2026-10-04T14:13:29Z,productcatalogservice,emailservice,0,0,0,0,0,0,0
2026-10-04T14:13:29Z,productcatalogservice,frontend,0,0,0,0,0,0,0
2026-10-04T14:13:29Z,productcatalogservice,kubernetes,0,0,0,0,0,0,0
2026-10-04T14:13:29Z,productcatalogservice,paymentservice,0,0,0,0,0,0,0
2026-10-04T14:13:29Z,productcatalogservice,productcatalogservice,0,0,0,0,0,0,0
2026-10-04T14:13:29Z,productcatalogservice,recommendationservice,0,0,0,0,0,0,0
2026-10-04T14:13:29Z,productcatalogservice,redis-cart,0,0,0,0,0,0,0
2026-10-04T14:13:29Z,productcatalogservice,shippingservice,0,0,0,0,0,0,0
2026-10-04T14:13:29Z,recommendationservice,adservice,0,0,0,0,0,0,0
2026-10-04T14:13:29Z,recommendationservice,cartservice,0,0,0,0,0,0,0
2026-10-04T14:13:29Z,recommendationservice,checkoutservice,0,0,0,0,0,0,0
2026-10-04T14:13:29Z,recommendationservice,currencyservice,0,0,0,0,0,0,0
2026-10-04T14:13:29Z,recommendationservice,emailservice,0,0,0,0,0,0,0
2026-10-04T14:13:29Z,recommendationservice,frontend,0,0,0,0,0,0,0
2026-10-04T14:13:29Z,recommendationservice,kubernetes,0,0,0,0,0,0,0
2026-10-04T14:13:29Z,recommendationservice,paymentservice,0,0,0,0,0,0,0
2026-10-04T14:13:29Z,recommendationservice,productcatalogservice,250348,250346,0,0,0,1592636,248602
2026-10-04T14:13:29Z,recommendationservice,recommendationservice,0,0,0,0,0,0,0
2026-10-04T14:13:29Z,recommendationservice,redis-cart,0,0,0,0,0,0,0
2026-10-04T14:13:29Z,recommendationservice,shippingservice,0,0,0,0,0,0,0
2026-10-04T14:13:29Z,redis-cart,adservice,0,0,0,0,0,0,0
2026-10-04T14:13:29Z,redis-cart,cartservice,0,0,0,0,0,0,0
2026-10-04T14:13:29Z,redis-cart,checkoutservice,0,0,0,0,0,0,0
2026-10-04T14:13:29Z,redis-cart,currencyservice,0,0,0,0,0,0,0
2026-10-04T14:13:29Z,redis-cart,emailservice,0,0,0,0,0,0,0
2026-10-04T14:13:29Z,redis-cart,frontend,0,0,0,0,0,0,0
2026-10-04T14:13:29Z,redis-cart,kubernetes,0,0,0,0,0,0,0
2026-10-04T14:13:29Z,redis-cart,paymentservice,0,0,0,0,0,0,0
2026-10-04T14:13:29Z,redis-cart,productcatalogservice,0,0,0,0,0,0,0
2026-10-04T14:13:29Z,redis-cart,recommendationservice,0,0,0,0,0,0,0
2026-10-04T14:13:29Z,redis-cart,redis-cart,0,0,0,0,0,0,0
2026-10-04T14:13:29Z,redis-cart,shippingservice,0,0,0,0,0,0,0
2026-10-04T14:13:29Z,shippingservice,adservice,0,0,0,0,0,0,0
2026-10-04T14:13:29Z,shippingservice,cartservice,0,0,0,0,0,0,0
2026-10-04T14:13:29Z,shippingservice,checkoutservice,0,0,0,0,0,0,0
2026-10-04T14:13:29Z,shippingservice,currencyservice,0,0,0,0,0,0,0
2026-10-04T14:13:29Z,shippingservice,emailservice,0,0,0,0,0,0,0
2026-10-04T14:13:29Z,shippingservice,frontend,0,0,0,0,0,0,0
2026-10-04T14:13:29Z,shippingservice,kubernetes,0,0,0,0,0,0,0
2026-10-04T14:13:29Z,shippingservice,paymentservice,0,0,0,0,0,0,0
2026-10-04T14:13:29Z,shippingservice,productcatalogservice,0,0,0,0,0,0,0
2026-10-04T14:13:29Z,shippingservice,recommendationservice,0,0,0,0,0,0,0
2026-10-04T14:13:29Z,shippingservice,redis-cart,0,0,0,0,0,0,0
2026-10-04T14:13:29Z,shippingservice,shippingservice,0,0,0,0,0,0,0
2026-10-04T14:13:30Z,adservice,adservice,0,0,0,0,0,0,0
2026-10-04T14:13:30Z,adservice,cartservice,0,0,0,0,0,0,0
2026-10-04T14:13:30Z,adservice,checkoutservice,0,0,0,0,0,0,0
2026-10-04T14:13:30Z,adservice,currencyservice,0,0,0,0,0,0,0
2026-10-04T14:13:30Z,adservice,emailservice,0,0,0,0,0,0,0
2026-10-04T14:13:30Z,adservice,frontend,0,0,0,0,0,0,0
2026-10-04T14:13:30Z,adservice,kubernetes,0,0,0,0,0,0,0
2026-10-04T14:13:30Z,adservice,paymentservice,0,0,0,0,0,0,0
2026-10-04T14:13:30Z,adservice,productcatalogservice,0,0,0,0,0,0,0
2026-10-04T14:13:30Z,adservice,recommendationservice,0,0,0,0,0,0,0
2026-10-04T14:13:30Z,adservice,redis-cart,0,0,0,0,0,0,0
2026-10-04T14:13:30Z,adservice,shippingservice,0,0,0,0,0,0,0
2026-10-04T14:13:30Z,cartservice,adservice,0,0,0,0,0,0,0
2026-10-04T14:13:30Z,cartservice,cartservice,0,0,0,0,0,0,0
2026-10-04T14:13:30Z,cartservice,checkoutservice,0,0,0,0,0,0,0
2026-10-04T14:13:30Z,cartservice,currencyservice,0,0,0,0,0,0,0
2026-10-04T14:13:30Z,cartservice,emailservice,0,0,0,0,0,0,0
2026-10-04T14:13:30Z,cartservice,frontend,0,0,0,0,0,0,0
2026-10-04T14:13:30Z,cartservice,kubernetes,0,0,0,0,0,0,0
2026-10-04T14:13:30Z,cartservice,paymentservice,0,0,0,0,0,0,0
2026-10-04T14:13:30Z,cartservice,productcatalogservice,0,0,0,0,0,0,0
2026-10-04T14:13:30Z,cartservice,recommendationservice,0,0,0,0,0,0,0
2026-10-04T14:13:30Z,cartservice,redis-cart,2,0,0,0,0,0,0
2026-10-04T14:13:30Z,cartservice,shippingservice,0,0,0,0,0,0,0
2026-10-04T14:13:30Z,checkoutservice,adservice,0,0,0,0,0,0,0
2026-10-04T14:13:30Z,checkoutservice,cartservice,82315,81383,0,100,0,799363,81113
2026-10-04T14:13:30Z,checkoutservice,checkoutservice,0,0,0,0,0,0,0
2026-10-04T14:13:30Z,checkoutservice,currencyservice,52555,52555,0,0,0,612934,52420
2026-10-04T14:13:30Z,checkoutservice,emailservice,23792,23497,0,66,0,749170,23365
2026-10-04T14:13:30Z,checkoutservice,frontend,0,0,0,0,0,0,0
2026-10-04T14:13:30Z,checkoutservice,kubernetes,0,0,0,0,0,0,0
2026-10-04T14:13:30Z,checkoutservice,paymentservice,45821,43973,0,192,0,487517,43690
2026-10-04T14:13:30Z,checkoutservice,productcatalogservice,0,0,0,0,0,0,0
2026-10-04T14:13:30Z,checkoutservice,recommendationservice,0,0,0,0,0,0,0
2026-10-04T14:13:30Z,checkoutservice,redis-cart,0,0,0,0,0,0,0
2026-10-04T14:13:30Z,checkoutservice,shippingservice,87626,85523,0,154,0,558999,85251
2026-10-04T14:13:30Z,currencyservice,adservice,0,0,0,0,0,0,0
2026-10-04T14:13:30Z,currencyservice,cartservice,0,0,0,0,0,0,0
2026-10-04T14:13:30Z,currencyservice,checkoutservice,0,0,0,0,0,0,0
2026-10-04T14:13:30Z,currencyservice,currencyservice,0,0,0,0,0,0,0
2026-10-04T14:13:30Z,currencyservice,emailservice,0,0,0,0,0,0,0
2026-10-04T14:13:30Z,currencyservice,frontend,0,0,0,0,0,0,0
2026-10-04T14:13:30Z,currencyservice,kubernetes,0,0,0,0,0,0,0
2026-10-04T14:13:30Z,currencyservice,paymentservice,0,0,0,0,0,0,0
2026-10-04T14:13:30Z,currencyservice,productcatalogservice,0,0,0,0,0,0,0
2026-10-04T14:13:30Z,currencyservice,recommendationservice,0,0,0,0,0,0,0
2026-10-04T14:13:30Z,currencyservice,redis-cart,0,0,0,0,0,0,0
2026-10-04T14:13:30Z,currencyservice,shippingservice,0,0,0,0,0,0,0
2026-10-04T14:13:30Z,emailservice,adservice,0,0,0,0,0,0,0
2026-10-04T14:13:30Z,emailservice,cartservice,0,0,0,0,0,0,0
2026-10-04T14:13:30Z,emailservice,checkoutservice,0,0,0,0,0,0,0
2026-10-04T14:13:30Z,emailservice,currencyservice,0,0,0,0,0,0,0
2026-10-04T14:13:30Z,emailservice,emailservice,0,0,0,0,0,0,0
2026-10-04T14:13:30Z,emailservice,frontend,0,0,0,0,0,0,0
2026-10-04T14:13:30Z,emailservice,kubernetes,0,0,0,0,0,0,0
2026-10-04T14:13:30Z,emailservice,paymentservice,0,0,0,0,0,0,0
2026-10-04T14:13:30Z,emailservice,productcatalogservice,0,0,0,0,0,0,0
2026-10-04T14:13:30Z,emailservice,recommendationservice,0,0,0,0,0,0,0
2026-10-04T14:13:30Z,emailservice,redis-cart,0,0,0,0,0,0,0
2026-10-04T14:13:30Z,emailservice,shippingservice,0,0,0,0,0,0,0
2026-10-04T14:13:30Z,frontend,adservice,877776,877774,0,0,0,2639526,877661
2026-10-04T14:13:30Z,frontend,cartservice,1973570,1973556,0,0,4,10840864,1973266
2026-10-04T14:13:30Z,frontend,checkoutservice,411534,201558,0,40061,169951,64071202,201512
2026-10-04T14:13:30Z,frontend,currencyservice,3136108,3136101,0,0,0,16350798,3135624
2026-10-04T14:13:30Z,frontend,emailservice,0,0,0,0,0,0,0
2026-10-04T14:13:30Z,frontend,frontend,0,0,0,0,0,0,0
2026-10-04T14:13:30Z,frontend,kubernetes,0,0,0,0,0,0,0
2026-10-04T14:13:30Z,frontend,paymentservice,0,0,0,0,0,0,0
2026-10-04T14:13:30Z,frontend,productcatalogservice,8744384,8744323,0,0,0,59524089,8743186
2026-10-04T14:13:30Z,frontend,recommendationservice,2905669,1742866,0,122668,1037587,892251556,1742612
2026-10-04T14:13:30Z,frontend,redis-cart,0,0,0,0,0,0,0
2026-10-04T14:13:30Z,frontend,shippingservice,321768,321766,0,0,0,968074,321740
2026-10-04T14:13:30Z,paymentservice,adservice,0,0,0,0,0,0,0
2026-10-04T14:13:30Z,paymentservice,cartservice,0,0,0,0,0,0,0
2026-10-04T14:13:30Z,paymentservice,checkoutservice,0,0,0,0,0,0,0
2026-10-04T14:13:30Z,paymentservice,currencyservice,0,0,0,0,0,0,0
2026-10-04T14:13:30Z,paymentservice,emailservice,0,0,0,0,0,0,0
2026-10-04T14:13:30Z,paymentservice,frontend,0,0,0,0,0,0,0
2026-10-04T14:13:30Z,paymentservice,kubernetes,0,0,0,0,0,0,0
2026-10-04T14:13:30Z,paymentservice,paymentservice,0,0,0,0,0,0,0
2026-10-04T14:13:30Z,paymentservice,productcatalogservice,0,0,0,0,0,0,0
2026-10-04T14:13:30Z,paymentservice,recommendationservice,0,0,0,0,0,0,0
2026-10-04T14:13:30Z,paymentservice,redis-cart,0,0,0,0,0,0,0
2026-10-04T14:13:30Z,paymentservice,shippingservice,0,0,0,0,0,0,0
2026-10-04T14:13:30Z,productcatalogservice,adservice,0,0,0,0,0,0,0
2026-10-04T14:13:30Z,productcatalogservice,cartservice,0,0,0,0,0,0,0
2026-10-04T14:13:30Z,productcatalogservice,checkoutservice,0,0,0,0,0,0,0
2026-10-04T14:13:30Z,productcatalogservice,currencyservice,0,0,0,0,0,0,0
2026-10-04T14:13:30Z,productcatalogservice,emailservice,0,0,0,0,0,0,0
2026-10-04T14:13:30Z,productcatalogservice,frontend,0,0,0,0,0,0,0
2026-10-04T14:13:30Z,productcatalogservice,kubernetes,0,0,0,0,0,0,0
2026-10-04T14:13:30Z,productcatalogservice,paymentservice,0,0,0,0,0,0,0
2026-10-04T14:13:30Z,productcatalogservice,productcatalogservice,0,0,0,0,0,0,0
2026-10-04T14:13:30Z,productcatalogservice,recommendationservice,0,0,0,0,0,0,0
2026-10-04T14:13:30Z,productcatalogservice,redis-cart,0,0,0,0,0,0,0
2026-10-04T14:13:30Z,productcatalogservice,shippingservice,0,0,0,0,0,0,0
2026-10-04T14:13:30Z,recommendationservice,adservice,0,0,0,0,0,0,0
2026-10-04T14:13:30Z,recommendationservice,cartservice,0,0,0,0,0,0,0
2026-10-04T14:13:30Z,recommendationservice,checkoutservice,0,0,0,0,0,0,0
2026-10-04T14:13:30Z,recommendationservice,currencyservice,0,0,0,0,0,0,0
2026-10-04T14:13:30Z,recommendationservice,emailservice,0,0,0,0,0,0,0
2026-10-04T14:13:30Z,recommendationservice,frontend,0,0,0,0,0,0,0
2026-10-04T14:13:30Z,recommendationservice,kubernetes,0,0,0,0,0,0,0
2026-10-04T14:13:30Z,recommendationservice,paymentservice,0,0,0,0,0,0,0
2026-10-04T14:13:30Z,recommendationservice,productcatalogservice,250520,250520,0,0,0,1592636,248602
2026-10-04T14:13:30Z,recommendationservice,recommendationservice,0,0,0,0,0,0,0
2026-10-04T14:13:30Z,recommendationservice,redis-cart,0,0,0,0,0,0,0
2026-10-04T14:13:30Z,recommendationservice,shippingservice,0,0,0,0,0,0,0
2026-10-04T14:13:30Z,redis-cart,adservice,0,0,0,0,0,0,0
2026-10-04T14:13:30Z,redis-cart,cartservice,0,0,0,0,0,0,0
2026-10-04T14:13:30Z,redis-cart,checkoutservice,0,0,0,0,0,0,0
2026-10-04T14:13:30Z,redis-cart,currencyservice,0,0,0,0,0,0,0
2026-10-04T14:13:30Z,redis-cart,emailservice,0,0,0,0,0,0,0
2026-10-04T14:13:30Z,redis-cart,frontend,0,0,0,0,0,0,0
2026-10-04T14:13:30Z,redis-cart,kubernetes,0,0,0,0,0,0,0
2026-10-04T14:13:30Z,redis-cart,paymentservice,0,0,0,0,0,0,0
2026-10-04T14:13:30Z,redis-cart,productcatalogservice,0,0,0,0,0,0,0
2026-10-04T14:13:30Z,redis-cart,recommendationservice,0,0,0,0,0,0,0
2026-10-04T14:13:30Z,redis-cart,redis-cart,0,0,0,0,0,0,0
2026-10-04T14:13:30Z,redis-cart,shippingservice,0,0,0,0,0,0,0
2026-10-04T14:13:30Z,shippingservice,adservice,0,0,0,0,0,0,0
2026-10-04T14:13:30Z,shippingservice,cartservice,0,0,0,0,0,0,0
2026-10-04T14:13:30Z,shippingservice,checkoutservice,0,0,0,0,0,0,0
2026-10-04T14:13:30Z,shippingservice,currencyservice,0,0,0,0,0,0,0
2026-10-04T14:13:30Z,shippingservice,emailservice,0,0,0,0,0,0,0
2026-10-04T14:13:30Z,shippingservice,frontend,0,0,0,0,0,0,0
2026-10-04T14:13:30Z,shippingservice,kubernetes,0,0,0,0,0,0,0
2026-10-04T14:13:30Z,shippingservice,paymentservice,0,0,0,0,0,0,0
2026-10-04T14:13:30Z,shippingservice,productcatalogservice,0,0,0,0,0,0,0
2026-10-04T14:13:30Z,shippingservice,recommendationservice,0,0,0,0,0,0,0
2026-10-04T14:13:30Z,shippingservice,redis-cart,0,0,0,0,0,0,0
2026-10-04T14:13:30Z,shippingservice,shippingservice,0,0,0,0,0,0,0
2026-10-04T14:13:31Z,adservice,adservice,0,0,0,0,0,0,0
2026-10-04T14:13:31Z,adservice,cartservice,0,0,0,0,0,0,0
2026-10-04T14:13:31Z,adservice,checkoutservice,0,0,0,0,0,0,0
2026-10-04T14:13:31Z,adservice,currencyservice,0,0,0,0,0,0,0
2026-10-04T14:13:31Z,adservice,emailservice,0,0,0,0,0,0,0
2026-10-04T14:13:31Z,adservice,frontend,0,0,0,0,0,0,0
2026-10-04T14:13:31Z,adservice,kubernetes,0,0,0,0,0,0,0
2026-10-04T14:13:31Z,adservice,paymentservice,0,0,0,0,0,0,0
2026-10-04T14:13:31Z,adservice,productcatalogservice,0,0,0,0,0,0,0
2026-10-04T14:13:31Z,adservice,recommendationservice,0,0,0,0,0,0,0
2026-10-04T14:13:31Z,adservice,redis-cart,0,0,0,0,0,0,0
2026-10-04T14:13:31Z,adservice,shippingservice,0,0,0,0,0,0,0
2026-10-04T14:13:31Z,cartservice,adservice,0,0,0,0,0,0,0
2026-10-04T14:13:31Z,cartservice,cartservice,0,0,0,0,0,0,0
2026-10-04T14:13:31Z,cartservice,checkoutservice,0,0,0,0,0,0,0
2026-10-04T14:13:31Z,cartservice,currencyservice,0,0,0,0,0,0,0
2026-10-04T14:13:31Z,cartservice,emailservice,0,0,0,0,0,0,0
2026-10-04T14:13:31Z,cartservice,frontend,0,0,0,0,0,0,0
2026-10-04T14:13:31Z,cartservice,kubernetes,0,0,0,0,0,0,0
2026-10-04T14:13:31Z,cartservice,paymentservice,0,0,0,0,0,0,0
2026-10-04T14:13:31Z,cartservice,productcatalogservice,0,0,0,0,0,0,0
2026-10-04T14:13:31Z,cartservice,recommendationservice,0,0,0,0,0,0,0
2026-10-04T14:13:31Z,cartservice,redis-cart,2,0,0,0,0,0,0
2026-10-04T14:13:31Z,cartservice,shippingservice,0,0,0,0,0,0,0
2026-10-04T14:13:31Z,checkoutservice,adservice,0,0,0,0,0,0,0
2026-10-04T14:13:31Z,checkoutservice,cartservice,82315,81383,0,100,0,799363,81113
2026-10-04T14:13:31Z,checkoutservice,checkoutservice,0,0,0,0,0,0,0
2026-10-04T14:13:31Z,checkoutservice,currencyservice,52555,52555,0,0,0,612934,52420
2026-10-04T14:13:31Z,checkoutservice,emailservice,23792,23497,0,66,0,749170,23365
2026-10-04T14:13:31Z,checkoutservice,frontend,0,0,0,0,0,0,0
2026-10-04T14:13:31Z,checkoutservice,kubernetes,0,0,0,0,0,0,0
2026-10-04T14:13:31Z,checkoutservice,paymentservice,45821,43973,0,192,0,487517,43690
2026-10-04T14:13:31Z,checkoutservice,productcatalogservice,0,0,0,0,0,0,0
2026-10-04T14:13:31Z,checkoutservice,recommendationservice,0,0,0,0,0,0,0
2026-10-04T14:13:31Z,checkoutservice,redis-cart,0,0,0,0,0,0,0
2026-10-04T14:13:31Z,checkoutservice,shippingservice,87626,85523,0,154,0,558999,85251
2026-10-04T14:13:31Z,currencyservice,adservice,0,0,0,0,0,0,0
2026-10-04T14:13:31Z,currencyservice,cartservice,0,0,0,0,0,0,0
2026-10-04T14:13:31Z,currencyservice,checkoutservice,0,0,0,0,0,0,0
2026-10-04T14:13:31Z,currencyservice,currencyservice,0,0,0,0,0,0,0
2026-10-04T14:13:31Z,currencyservice,emailservice,0,0,0,0,0,0,0
2026-10-04T14:13:31Z,currencyservice,frontend,0,0,0,0,0,0,0
2026-10-04T14:13:31Z,currencyservice,kubernetes,0,0,0,0,0,0,0
2026-10-04T14:13:31Z,currencyservice,paymentservice,0,0,0,0,0,0,0
2026-10-04T14:13:31Z,currencyservice,productcatalogservice,0,0,0,0,0,0,0
2026-10-04T14:13:31Z,currencyservice,recommendationservice,0,0,0,0,0,0,0
2026-10-04T14:13:31Z,currencyservice,redis-cart,0,0,0,0,0,0,0
2026-10-04T14:13:31Z,currencyservice,shippingservice,0,0,0,0,0,0,0
2026-10-04T14:13:31Z,emailservice,adservice,0,0,0,0,0,0,0
2026-10-04T14:13:31Z,emailservice,cartservice,0,0,0,0,0,0,0
2026-10-04T14:13:31Z,emailservice,checkoutservice,0,0,0,0,0,0,0
2026-10-04T14:13:31Z,emailservice,currencyservice,0,0,0,0,0,0,0
2026-10-04T14:13:31Z,emailservice,emailservice,0,0,0,0,0,0,0
2026-10-04T14:13:31Z,emailservice,frontend,0,0,0,0,0,0,0
2026-10-04T14:13:31Z,emailservice,kubernetes,0,0,0,0,0,0,0
2026-10-04T14:13:31Z,emailservice,paymentservice,0,0,0,0,0,0,0
2026-10-04T14:13:31Z,emailservice,productcatalogservice,0,0,0,0,0,0,0
2026-10-04T14:13:31Z,emailservice,recommendationservice,0,0,0,0,0,0,0
2026-10-04T14:13:31Z,emailservice,redis-cart,0,0,0,0,0,0,0
2026-10-04T14:13:31Z,emailservice,shippingservice,0,0,0,0,0,0,0
2026-10-04T14:13:31Z,frontend,adservice,877776,877774,0,0,0,2639526,877661
2026-10-04T14:13:31Z,frontend,cartservice,1973570,1973556,0,0,4,10840864,1973266
2026-10-04T14:13:31Z,frontend,checkoutservice,411534,201558,0,40061,169951,64071202,201512
2026-10-04T14:13:31Z,frontend,currencyservice,3136108,3136101,0,0,0,16350798,3135624
2026-10-04T14:13:31Z,frontend,emailservice,0,0,0,0,0,0,0
2026-10-04T14:13:31Z,frontend,frontend,0,0,0,0,0,0,0
2026-10-04T14:13:31Z,frontend,kubernetes,0,0,0,0,0,0,0
2026-10-04T14:13:31Z,frontend,paymentservice,0,0,0,0,0,0,0
2026-10-04T14:13:31Z,frontend,productcatalogservice,8744384,8744323,0,0,0,59524089,8743186
2026-10-04T14:13:31Z,frontend,recommendationservice,2905669,1742866,0,122668,1037587,892251556,1742612
2026-10-04T14:13:31Z,frontend,redis-cart,0,0,0,0,0,0,0
2026-10-04T14:13:31Z,frontend,shippingservice,321768,321766,0,0,0,968074,321740
2026-10-04T14:13:31Z,paymentservice,adservice,0,0,0,0,0,0,0
2026-10-04T14:13:31Z,paymentservice,cartservice,0,0,0,0,0,0,0
2026-10-04T14:13:31Z,paymentservice,checkoutservice,0,0,0,0,0,0,0
2026-10-04T14:13:31Z,paymentservice,currencyservice,0,0,0,0,0,0,0
2026-10-04T14:13:31Z,paymentservice,emailservice,0,0,0,0,0,0,0
2026-10-04T14:13:31Z,paymentservice,frontend,0,0,0,0,0,0,0
2026-10-04T14:13:31Z,paymentservice,kubernetes,0,0,0,0,0,0,0
2026-10-04T14:13:31Z,paymentservice,paymentservice,0,0,0,0,0,0,0
2026-10-04T14:13:31Z,paymentservice,productcatalogservice,0,0,0,0,0,0,0
2026-10-04T14:13:31Z,paymentservice,recommendationservice,0,0,0,0,0,0,0
2026-10-04T14:13:31Z,paymentservice,redis-cart,0,0,0,0,0,0,0
2026-10-04T14:13:31Z,paymentservice,shippingservice,0,0,0,0,0,0,0
2026-10-04T14:13:31Z,productcatalogservice,adservice,0,0,0,0,0,0,0
2026-10-04T14:13:31Z,productcatalogservice,cartservice,0,0,0,0,0,0,0
2026-10-04T14:13:31Z,productcatalogservice,checkoutservice,0,0,0,0,0,0,0
2026-10-04T14:13:31Z,productcatalogservice,currencyservice,0,0,0,0,0,0,0
2026-10-04T14:13:31Z,productcatalogservice,emailservice,0,0,0,0,0,0,0
2026-10-04T14:13:31Z,productcatalogservice,frontend,0,0,0,0,0,0,0
2026-10-04T14:13:31Z,productcatalogservice,kubernetes,0,0,0,0,0,0,0
2026-10-04T14:13:31Z,productcatalogservice,paymentservice,0,0,0,0,0,0,0
2026-10-04T14:13:31Z,productcatalogservice,productcatalogservice,0,0,0,0,0,0,0
2026-10-04T14:13:31Z,productcatalogservice,recommendationservice,0,0,0,0,0,0,0
2026-10-04T14:13:31Z,productcatalogservice,redis-cart,0,0,0,0,0,0,0
2026-10-04T14:13:31Z,productcatalogservice,shippingservice,0,0,0,0,0,0,0
2026-10-04T14:13:31Z,recommendationservice,adservice,0,0,0,0,0,0,0
2026-10-04T14:13:31Z,recommendationservice,cartservice,0,0,0,0,0,0,0
2026-10-04T14:13:31Z,recommendationservice,checkoutservice,0,0,0,0,0,0,0
2026-10-04T14:13:31Z,recommendationservice,currencyservice,0,0,0,0,0,0,0
2026-10-04T14:13:31Z,recommendationservice,emailservice,0,0,0,0,0,0,0
2026-10-04T14:13:31Z,recommendationservice,frontend,0,0,0,0,0,0,0
2026-10-04T14:13:31Z,recommendationservice,kubernetes,0,0,0,0,0,0,0
2026-10-04T14:13:31Z,recommendationservice,paymentservice,0,0,0,0,0,0,0
2026-10-04T14:13:31Z,recommendationservice,productcatalogservice,250520,250520,0,0,0,1602621,250520
2026-10-04T14:13:31Z,recommendationservice,recommendationservice,0,0,0,0,0,0,0
2026-10-04T14:13:31Z,recommendationservice,redis-cart,0,0,0,0,0,0,0
2026-10-04T14:13:31Z,recommendationservice,shippingservice,0,0,0,0,0,0,0
2026-10-04T14:13:31Z,redis-cart,adservice,0,0,0,0,0,0,0
2026-10-04T14:13:31Z,redis-cart,cartservice,0,0,0,0,0,0,0
2026-10-04T14:13:31Z,redis-cart,checkoutservice,0,0,0,0,0,0,0
2026-10-04T14:13:31Z,redis-cart,currencyservice,0,0,0,0,0,0,0
2026-10-04T14:13:31Z,redis-cart,emailservice,0,0,0,0,0,0,0
2026-10-04T14:13:31Z,redis-cart,frontend,0,0,0,0,0,0,0
2026-10-04T14:13:31Z,redis-cart,kubernetes,0,0,0,0,0,0,0
2026-10-04T14:13:31Z,redis-cart,paymentservice,0,0,0,0,0,0,0
2026-10-04T14:13:31Z,redis-cart,productcatalogservice,0,0,0,0,0,0,0
2026-10-04T14:13:31Z,redis-cart,recommendationservice,0,0,0,0,0,0,0
2026-10-04T14:13:31Z,redis-cart,redis-cart,0,0,0,0,0,0,0
2026-10-04T14:13:31Z,redis-cart,shippingservice,0,0,0,0,0,0,0
2026-10-04T14:13:31Z,shippingservice,adservice,0,0,0,0,0,0,0
2026-10-04T14:13:31Z,shippingservice,cartservice,0,0,0,0,0,0,0
2026-10-04T14:13:31Z,shippingservice,checkoutservice,0,0,0,0,0,0,0
2026-10-04T14:13:31Z,shippingservice,currencyservice,0,0,0,0,0,0,0
2026-10-04T14:13:31Z,shippingservice,emailservice,0,0,0,0,0,0,0
2026-10-04T14:13:31Z,shippingservice,frontend,0,0,0,0,0,0,0
2026-10-04T14:13:31Z,shippingservice,kubernetes,0,0,0,0,0,0,0
2026-10-04T14:13:31Z,shippingservice,paymentservice,0,0,0,0,0,0,0
2026-10-04T14:13:31Z,shippingservice,productcatalogservice,0,0,0,0,0,0,0
2026-10-04T14:13:31Z,shippingservice,recommendationservice,0,0,0,0,0,0,0
2026-10-04T14:13:31Z,shippingservice,redis-cart,0,0,0,0,0,0,0
2026-10-04T14:13:31Z,shippingservice,shippingservice,0,0,0,0,0,0,0
