timestamp,service,cadvisor_cpu,quota,alpha,utilization,overloaded
2026-09-26T20:43:24Z,frontend,0.0,1150,0.8,0.0,0
2026-09-26T20:43:24Z,cartservice,24.0,1000,0.95,0.024,0
2026-09-26T20:43:24Z,checkoutservice,0.0,1500,0.8,0.0,0
2026-09-26T20:43:24Z,productcatalogservice,0.0,600,0.95,0.0,0
2026-09-26T20:43:24Z,paymentservice,0.0,150,0.8,0.0,0
2026-09-26T20:43:24Z,recommendationservice,0.0,2000,0.8,0.0,0
2026-09-26T20:43:24Z,shippingservice,0.0,400,0.8,0.0,0
2026-09-26T20:43:24Z,currencyservice,0.0,500,0.8,0.0,0
2026-09-26T20:43:24Z,emailservice,0.0,150,0.8,0.0,0
2026-09-26T20:43:24Z,adservice,24.0,600,0.8,0.04,0
2026-09-26T20:43:24Z,redis-cart,4.0,500,0.8,0.008,0
2026-09-26T20:43:25Z,frontend,0.0,1150,0.8,0.0,0
2026-09-26T20:43:25Z,cartservice,0.0,1000,0.95,0.0,0
2026-09-26T20:43:25Z,checkoutservice,0.0,1500,0.8,0.0,0
2026-09-26T20:43:25Z,productcatalogservice,24.0,600,0.95,0.04,0
2026-09-26T20:43:25Z,paymentservice,0.0,150,0.8,0.0,0
2026-09-26T20:43:25Z,recommendationservice,0.0,2000,0.8,0.0,0
2026-09-26T20:43:25Z,shippingservice,0.0,400,0.8,0.0,0
2026-09-26T20:43:25Z,currencyservice,0.0,500,0.8,0.0,0
2026-09-26T20:43:25Z,emailservice,19.0,150,0.8,0.12666666666666668,0
2026-09-26T20:43:25Z,adservice,22.0,600,0.8,0.03666666666666667,0
2026-09-26T20:43:25Z,redis-cart,4.0,500,0.8,0.008,0
2026-09-26T20:43:26Z,frontend,0.0,1150,0.8,0.0,0
2026-09-26T20:43:26Z,cartservice,0.0,1000,0.95,0.0,0
2026-09-26T20:43:26Z,checkoutservice,22.0,1500,0.8,0.014666666666666666,0
2026-09-26T20:43:26Z,productcatalogservice,24.0,600,0.95,0.04,0
2026-09-26T20:43:26Z,paymentservice,0.0,150,0.8,0.0,0
2026-09-26T20:43:26Z,recommendationservice,16.0,2000,0.8,0.008,0
2026-09-26T20:43:26Z,shippingservice,0.0,400,0.8,0.0,0
2026-09-26T20:43:26Z,currencyservice,0.0,500,0.8,0.0,0
2026-09-26T20:43:26Z,emailservice,19.0,150,0.8,0.12666666666666668,0
2026-09-26T20:43:26Z,adservice,22.0,600,0.8,0.03666666666666667,0
2026-09-26T20:43:26Z,redis-cart,3.0,500,0.8,0.006,0
2026-09-26T20:43:27Z,frontend,0.0,1150,0.8,0.0,0
2026-09-26T20:43:27Z,cartservice,0.0,1000,0.95,0.0,0
2026-09-26T20:43:27Z,checkoutservice,22.0,1500,0.8,0.014666666666666666,0
2026-09-26T20:43:27Z,productcatalogservice,0.0,600,0.95,0.0,0
2026-09-26T20:43:27Z,paymentservice,0.0,150,0.8,0.0,0
2026-09-26T20:43:27Z,recommendationservice,0.0,2000,0.8,0.0,0
2026-09-26T20:43:27Z,shippingservice,0.0,400,0.8,0.0,0
2026-09-26T20:43:27Z,currencyservice,0.0,500,0.8,0.0,0
2026-09-26T20:43:27Z,emailservice,0.0,150,0.8,0.0,0
2026-09-26T20:43:27Z,adservice,21.0,600,0.8,0.035,0
2026-09-26T20:43:27Z,redis-cart,3.0,500,0.8,0.006,0
2026-09-26T20:43:28Z,frontend,0.0,1150,0.8,0.0,0
2026-09-26T20:43:28Z,cartservice,0.0,1000,0.95,0.0,0
2026-09-26T20:43:28Z,checkoutservice,0.0,1500,0.8,0.0,0
2026-09-26T20:43:28Z,productcatalogservice,0.0,600,0.95,0.0,0
2026-09-26T20:43:28Z,paymentservice,0.0,150,0.8,0.0,0
2026-09-26T20:43:28Z,recommendationservice,0.0,2000,0.8,0.0,0
2026-09-26T20:43:28Z,shippingservice,25.0,400,0.8,0.0625,0
2026-09-26T20:43:28Z,currencyservice,18.0,500,0.8,0.036,0
2026-09-26T20:43:28Z,emailservice,0.0,150,0.8,0.0,0
2026-09-26T20:43:28Z,adservice,23.0,600,0.8,0.03833333333333333,0
2026-09-26T20:43:28Z,redis-cart,3.0,500,0.8,0.006,0
2026-09-26T20:43:29Z,frontend,0.0,1150,0.8,0.0,0
2026-09-26T20:43:29Z,cartservice,0.0,1000,0.95,0.0,0
2026-09-26T20:43:29Z,checkoutservice,0.0,1500,0.8,0.0,0
2026-09-26T20:43:29Z,productcatalogservice,0.0,600,0.95,0.0,0
2026-09-26T20:43:29Z,paymentservice,0.0,150,0.8,0.0,0
2026-09-26T20:43:29Z,recommendationservice,0.0,2000,0.8,0.0,0
2026-09-26T20:43:29Z,shippingservice,0.0,400,0.8,0.0,0
2026-09-26T20:43:29Z,currencyservice,18.0,500,0.8,0.036,0
2026-09-26T20:43:29Z,emailservice,0.0,150,0.8,0.0,0
2026-09-26T20:43:29Z,adservice,42.0,600,0.8,0.07,0
2026-09-26T20:43:29Z,redis-cart,4.0,500,0.8,0.008,0
2026-09-26T20:43:30Z,frontend,0.0,1150,0.8,0.0,0
2026-09-26T20:43:30Z,cartservice,0.0,1000,0.95,0.0,0
2026-09-26T20:43:30Z,checkoutservice,0.0,1500,0.8,0.0,0
2026-09-26T20:43:30Z,productcatalogservice,0.0,600,0.95,0.0,0
2026-09-26T20:43:30Z,paymentservice,0.0,150,0.8,0.0,0
2026-09-26T20:43:30Z,recommendationservice,0.0,2000,0.8,0.0,0
2026-09-26T20:43:30Z,shippingservice,0.0,400,0.8,0.0,0
2026-09-26T20:43:30Z,currencyservice,0.0,500,0.8,0.0,0
2026-09-26T20:43:30Z,emailservice,0.0,150,0.8,0.0,0
2026-09-26T20:43:30Z,adservice,42.0,600,0.8,0.07,0
2026-09-26T20:43:30Z,redis-cart,4.0,500,0.8,0.008,0
2026-09-26T20:43:31Z,frontend,0.0,1150,0.8,0.0,0
2026-09-26T20:43:31Z,cartservice,0.0,1000,0.95,0.0,0
2026-09-26T20:43:31Z,checkoutservice,0.0,1500,0.8,0.0,0
2026-09-26T20:43:31Z,productcatalogservice,0.0,600,0.95,0.0,0
2026-09-26T20:43:31Z,paymentservice,16.0,150,0.8,0.10666666666666667,0
2026-09-26T20:43:31Z,recommendationservice,17.0,2000,0.8,0.0085,0
2026-09-26T20:43:31Z,shippingservice,0.0,400,0.8,0.0,0
2026-09-26T20:43:31Z,currencyservice,0.0,500,0.8,0.0,0
2026-09-26T20:43:31Z,emailservice,18.0,150,0.8,0.12,0
2026-09-26T20:43:31Z,adservice,22.0,600,0.8,0.03666666666666667,0
2026-09-26T20:43:31Z,redis-cart,4.0,500,0.8,0.008,0
2026-09-26T20:43:32Z,frontend,0.0,1150,0.8,0.0,0
2026-09-26T20:43:32Z,cartservice,0.0,1000,0.95,0.0,0
2026-09-26T20:43:32Z,checkoutservice,0.0,1500,0.8,0.0,0
2026-09-26T20:43:32Z,productcatalogservice,0.0,600,0.95,0.0,0
2026-09-26T20:43:32Z,paymentservice,16.0,150,0.8,0.10666666666666667,0
2026-09-26T20:43:32Z,recommendationservice,0.0,2000,0.8,0.0,0
2026-09-26T20:43:32Z,shippingservice,0.0,400,0.8,0.0,0
2026-09-26T20:43:32Z,currencyservice,0.0,500,0.8,0.0,0
2026-09-26T20:43:32Z,emailservice,0.0,150,0.8,0.0,0
2026-09-26T20:43:32Z,adservice,22.0,600,0.8,0.03666666666666667,0
2026-09-26T20:43:32Z,redis-cart,4.0,500,0.8,0.008,0
2026-09-26T20:43:33Z,frontend,0.0,1150,0.8,0.0,0
2026-09-26T20:43:33Z,cartservice,18.0,1000,0.95,0.018,0
2026-09-26T20:43:33Z,checkoutservice,0.0,1500,0.8,0.0,0
2026-09-26T20:43:33Z,productcatalogservice,0.0,600,0.95,0.0,0
2026-09-26T20:43:33Z,paymentservice,0.0,150,0.8,0.0,0
2026-09-26T20:43:33Z,recommendationservice,0.0,2000,0.8,0.0,0
2026-09-26T20:43:33Z,shippingservice,9.0,400,0.8,0.0225,0
2026-09-26T20:43:33Z,currencyservice,0.0,500,0.8,0.0,0
2026-09-26T20:43:33Z,emailservice,0.0,150,0.8,0.0,0
2026-09-26T20:43:33Z,adservice,22.0,600,0.8,0.03666666666666667,0
2026-09-26T20:43:33Z,redis-cart,3.0,500,0.8,0.006,0
2026-09-26T20:43:34Z,frontend,0.0,1150,0.8,0.0,0
2026-09-26T20:43:34Z,cartservice,18.0,1000,0.95,0.018,0
2026-09-26T20:43:34Z,checkoutservice,0.0,1500,0.8,0.0,0
2026-09-26T20:43:34Z,productcatalogservice,0.0,600,0.95,0.0,0
2026-09-26T20:43:34Z,paymentservice,0.0,150,0.8,0.0,0
2026-09-26T20:43:34Z,recommendationservice,0.0,2000,0.8,0.0,0
2026-09-26T20:43:34Z,shippingservice,9.0,400,0.8,0.0225,0
2026-09-26T20:43:34Z,currencyservice,0.0,500,0.8,0.0,0
2026-09-26T20:43:34Z,emailservice,0.0,150,0.8,0.0,0
2026-09-26T20:43:34Z,adservice,22.0,600,0.8,0.03666666666666667,0
2026-09-26T20:43:34Z,redis-cart,4.0,500,0.8,0.008,0
2026-09-26T20:43:35Z,frontend,0.0,1150,0.8,0.0,0
2026-09-26T20:43:35Z,cartservice,0.0,1000,0.95,0.0,0
2026-09-26T20:43:35Z,checkoutservice,0.0,1500,0.8,0.0,0
2026-09-26T20:43:35Z,productcatalogservice,23.0,600,0.95,0.03833333333333333,0
2026-09-26T20:43:35Z,paymentservice,0.0,150,0.8,0.0,0
2026-09-26T20:43:35Z,recommendationservice,0.0,2000,0.8,0.0,0
2026-09-26T20:43:35Z,shippingservice,0.0,400,0.8,0.0,0
2026-09-26T20:43:35Z,currencyservice,0.0,500,0.8,0.0,0
2026-09-26T20:43:35Z,emailservice,18.0,150,0.8,0.12,0
2026-09-26T20:43:35Z,adservice,24.0,600,0.8,0.04,0
2026-09-26T20:43:35Z,redis-cart,4.0,500,0.8,0.008,0
2026-09-26T20:43:36Z,frontend,0.0,1150,0.8,0.0,0
2026-09-26T20:43:36Z,cartservice,0.0,1000,0.95,0.0,0
2026-09-26T20:43:36Z,checkoutservice,24.0,1500,0.8,0.016,0
2026-09-26T20:43:36Z,productcatalogservice,0.0,600,0.95,0.0,0
2026-09-26T20:43:36Z,paymentservice,0.0,150,0.8,0.0,0
2026-09-26T20:43:36Z,recommendationservice,18.0,2000,0.8,0.009,0
2026-09-26T20:43:36Z,shippingservice,0.0,400,0.8,0.0,0
2026-09-26T20:43:36Z,currencyservice,0.0,500,0.8,0.0,0
2026-09-26T20:43:36Z,emailservice,18.0,150,0.8,0.12,0
2026-09-26T20:43:36Z,adservice,24.0,600,0.8,0.04,0
2026-09-26T20:43:36Z,redis-cart,4.0,500,0.8,0.008,0
2026-09-26T20:43:37Z,frontend,0.0,1150,0.8,0.0,0
2026-09-26T20:43:37Z,cartservice,0.0,1000,0.95,0.0,0
2026-09-26T20:43:37Z,checkoutservice,24.0,1500,0.8,0.016,0
2026-09-26T20:43:37Z,productcatalogservice,0.0,600,0.95,0.0,0
2026-09-26T20:43:37Z,paymentservice,0.0,150,0.8,0.0,0
2026-09-26T20:43:37Z,recommendationservice,0.0,2000,0.8,0.0,0
2026-09-26T20:43:37Z,shippingservice,27.0,400,0.8,0.0675,0
2026-09-26T20:43:37Z,currencyservice,0.0,500,0.8,0.0,0
2026-09-26T20:43:37Z,emailservice,0.0,150,0.8,0.0,0
2026-09-26T20:43:37Z,adservice,23.0,600,0.8,0.03833333333333333,0
2026-09-26T20:43:37Z,redis-cart,4.0,500,0.8,0.008,0
2026-09-26T20:43:38Z,frontend,0.0,1150,0.8,0.0,0
2026-09-26T20:43:38Z,cartservice,0.0,1000,0.95,0.0,0
2026-09-26T20:43:38Z,checkoutservice,0.0,1500,0.8,0.0,0
2026-09-26T20:43:38Z,productcatalogservice,0.0,600,0.95,0.0,0
2026-09-26T20:43:38Z,paymentservice,0.0,150,0.8,0.0,0
2026-09-26T20:43:38Z,recommendationservice,0.0,2000,0.8,0.0,0
2026-09-26T20:43:38Z,shippingservice,27.0,400,0.8,0.0675,0
2026-09-26T20:43:38Z,currencyservice,0.0,500,0.8,0.0,0
2026-09-26T20:43:38Z,emailservice,0.0,150,0.8,0.0,0
2026-09-26T20:43:38Z,adservice,23.0,600,0.8,0.03833333333333333,0
2026-09-26T20:43:38Z,redis-cart,4.0,500,0.8,0.008,0
2026-09-26T20:43:39Z,frontend,0.0,1150,0.8,0.0,0
2026-09-26T20:43:39Z,cartservice,0.0,1000,0.95,0.0,0
2026-09-26T20:43:39Z,checkoutservice,0.0,1500,0.8,0.0,0
2026-09-26T20:43:39Z,productcatalogservice,0.0,600,0.95,0.0,0
2026-09-26T20:43:39Z,paymentservice,0.0,150,0.8,0.0,0
2026-09-26T20:43:39Z,recommendationservice,0.0,2000,0.8,0.0,0
2026-09-26T20:43:39Z,shippingservice,0.0,400,0.8,0.0,0
2026-09-26T20:43:39Z,currencyservice,19.0,500,0.8,0.038,0
2026-09-26T20:43:39Z,emailservice,0.0,150,0.8,0.0,0
2026-09-26T20:43:39Z,adservice,23.0,600,0.8,0.03833333333333333,0
2026-09-26T20:43:39Z,redis-cart,3.0,500,0.8,0.006,0
2026-09-26T20:43:40Z,frontend,0.0,1150,0.8,0.0,0
2026-09-26T20:43:40Z,cartservice,0.0,1000,0.95,0.0,0
2026-09-26T20:43:40Z,checkoutservice,0.0,1500,0.8,0.0,0
2026-09-26T20:43:40Z,productcatalogservice,0.0,600,0.95,0.0,0
2026-09-26T20:43:40Z,paymentservice,0.0,150,0.8,0.0,0
2026-09-26T20:43:40Z,recommendationservice,29.0,2000,0.8,0.0145,0
2026-09-26T20:43:40Z,shippingservice,0.0,400,0.8,0.0,0
2026-09-26T20:43:40Z,currencyservice,19.0,500,0.8,0.038,0
2026-09-26T20:43:40Z,emailservice,0.0,150,0.8,0.0,0
2026-09-26T20:43:40Z,adservice,24.0,600,0.8,0.04,0
2026-09-26T20:43:40Z,redis-cart,3.0,500,0.8,0.006,0
2026-09-26T20:43:41Z,frontend,0.0,1150,0.8,0.0,0
2026-09-26T20:43:41Z,cartservice,0.0,1000,0.95,0.0,0
2026-09-26T20:43:41Z,checkoutservice,0.0,1500,0.8,0.0,0
2026-09-26T20:43:41Z,productcatalogservice,0.0,600,0.95,0.0,0
2026-09-26T20:43:41Z,paymentservice,0.0,150,0.8,0.0,0
2026-09-26T20:43:41Z,recommendationservice,29.0,2000,0.8,0.0145,0
2026-09-26T20:43:41Z,shippingservice,0.0,400,0.8,0.0,0
2026-09-26T20:43:41Z,currencyservice,0.0,500,0.8,0.0,0
2026-09-26T20:43:41Z,emailservice,17.0,150,0.8,0.11333333333333333,0
2026-09-26T20:43:41Z,adservice,24.0,600,0.8,0.04,0
2026-09-26T20:43:41Z,redis-cart,3.0,500,0.8,0.006,0
2026-09-26T20:43:42Z,frontend,0.0,1150,0.8,0.0,0
2026-09-26T20:43:42Z,cartservice,0.0,1000,0.95,0.0,0
2026-09-26T20:43:42Z,checkoutservice,0.0,1500,0.8,0.0,0
2026-09-26T20:43:42Z,productcatalogservice,0.0,600,0.95,0.0,0
2026-09-26T20:43:42Z,paymentservice,19.0,150,0.8,0.12666666666666668,0
2026-09-26T20:43:42Z,recommendationservice,0.0,2000,0.8,0.0,0
2026-09-26T20:43:42Z,shippingservice,0.0,400,0.8,0.0,0
2026-09-26T20:43:42Z,currencyservice,0.0,500,0.8,0.0,0
2026-09-26T20:43:42Z,emailservice,0.0,150,0.8,0.0,0
2026-09-26T20:43:42Z,adservice,23.0,600,0.8,0.03833333333333333,0
2026-09-26T20:43:42Z,redis-cart,3.0,500,0.8,0.006,0
2026-09-26T20:43:43Z,frontend,0.0,1150,0.8,0.0,0
2026-09-26T20:43:43Z,cartservice,24.0,1000,0.95,0.024,0
2026-09-26T20:43:43Z,checkoutservice,0.0,1500,0.8,0.0,0
2026-09-26T20:43:43Z,productcatalogservice,0.0,600,0.95,0.0,0
2026-09-26T20:43:43Z,paymentservice,19.0,150,0.8,0.12666666666666668,0
2026-09-26T20:43:43Z,recommendationservice,0.0,2000,0.8,0.0,0
2026-09-26T20:43:43Z,shippingservice,9.0,400,0.8,0.0225,0
2026-09-26T20:43:43Z,currencyservice,0.0,500,0.8,0.0,0
2026-09-26T20:43:43Z,emailservice,0.0,150,0.8,0.0,0
2026-09-26T20:43:43Z,adservice,22.0,600,0.8,0.03666666666666667,0
2026-09-26T20:43:43Z,redis-cart,3.0,500,0.8,0.006,0
2026-09-26T20:43:44Z,frontend,0.0,1150,0.8,0.0,0
2026-09-26T20:43:44Z,cartservice,0.0,1000,0.95,0.0,0
2026-09-26T20:43:44Z,checkoutservice,0.0,1500,0.8,0.0,0
2026-09-26T20:43:44Z,productcatalogservice,0.0,600,0.95,0.0,0
2026-09-26T20:43:44Z,paymentservice,0.0,150,0.8,0.0,0
2026-09-26T20:43:44Z,recommendationservice,0.0,2000,0.8,0.0,0
2026-09-26T20:43:44Z,shippingservice,9.0,400,0.8,0.0225,0
2026-09-26T20:43:44Z,currencyservice,0.0,500,0.8,0.0,0
2026-09-26T20:43:44Z,emailservice,0.0,150,0.8,0.0,0
2026-09-26T20:43:44Z,adservice,22.0,600,0.8,0.03666666666666667,0
2026-09-26T20:43:44Z,redis-cart,3.0,500,0.8,0.006,0
2026-09-26T20:43:45Z,frontend,0.0,1150,0.8,0.0,0
2026-09-26T20:43:45Z,cartservice,0.0,1000,0.95,0.0,0
2026-09-26T20:43:45Z,checkoutservice,0.0,1500,0.8,0.0,0
2026-09-26T20:43:45Z,productcatalogservice,16.0,600,0.95,0.02666666666666667,0
2026-09-26T20:43:45Z,paymentservice,0.0,150,0.8,0.0,0
2026-09-26T20:43:45Z,recommendationservice,0.0,2000,0.8,0.0,0
2026-09-26T20:43:45Z,shippingservice,0.0,400,0.8,0.0,0
2026-09-26T20:43:45Z,currencyservice,0.0,500,0.8,0.0,0
2026-09-26T20:43:45Z,emailservice,0.0,150,0.8,0.0,0
2026-09-26T20:43:45Z,adservice,42.0,600,0.8,0.07,0
2026-09-26T20:43:45Z,redis-cart,4.0,500,0.8,0.008,0
2026-09-26T20:43:46Z,frontend,0.0,1150,0.8,0.0,0
2026-09-26T20:43:46Z,cartservice,0.0,1000,0.95,0.0,0
2026-09-26T20:43:46Z,checkoutservice,0.0,1500,0.8,0.0,0
2026-09-26T20:43:46Z,productcatalogservice,16.0,600,0.95,0.02666666666666667,0
2026-09-26T20:43:46Z,paymentservice,0.0,150,0.8,0.0,0
2026-09-26T20:43:46Z,recommendationservice,22.0,2000,0.8,0.011,0
2026-09-26T20:43:46Z,shippingservice,0.0,400,0.8,0.0,0
2026-09-26T20:43:46Z,currencyservice,0.0,500,0.8,0.0,0
2026-09-26T20:43:46Z,emailservice,16.0,150,0.8,0.10666666666666667,0
2026-09-26T20:43:46Z,adservice,22.0,600,0.8,0.03666666666666667,0
2026-09-26T20:43:46Z,redis-cart,3.0,500,0.8,0.006,0
2026-09-26T20:43:47Z,frontend,10.0,1150,0.8,0.008695652173913044,0
2026-09-26T20:43:47Z,cartservice,8.0,1000,0.95,0.008,0
2026-09-26T20:43:47Z,checkoutservice,16.0,1500,0.8,0.010666666666666666,0
2026-09-26T20:43:47Z,productcatalogservice,0.0,600,0.95,0.0,0
2026-09-26T20:43:47Z,paymentservice,0.0,150,0.8,0.0,0
2026-09-26T20:43:47Z,recommendationservice,4.0,2000,0.8,0.002,0
2026-09-26T20:43:47Z,shippingservice,0.0,400,0.8,0.0,0
2026-09-26T20:43:47Z,currencyservice,6.0,500,0.8,0.012,0
2026-09-26T20:43:47Z,emailservice,16.0,150,0.8,0.10666666666666667,0
2026-09-26T20:43:47Z,adservice,22.0,600,0.8,0.03666666666666667,0
2026-09-26T20:43:47Z,redis-cart,3.0,500,0.8,0.006,0
2026-09-26T20:43:48Z,frontend,15.0,1150,0.8,0.013043478260869565,0
2026-09-26T20:43:48Z,cartservice,20.0,1000,0.95,0.02,0
2026-09-26T20:43:48Z,checkoutservice,16.0,1500,0.8,0.010666666666666666,0
2026-09-26T20:43:48Z,productcatalogservice,0.0,600,0.95,0.0,0
2026-09-26T20:43:48Z,paymentservice,0.0,150,0.8,0.0,0
2026-09-26T20:43:48Z,recommendationservice,4.0,2000,0.8,0.002,0
2026-09-26T20:43:48Z,shippingservice,21.0,400,0.8,0.0525,0
2026-09-26T20:43:48Z,currencyservice,6.0,500,0.8,0.012,0
2026-09-26T20:43:48Z,emailservice,4.0,150,0.8,0.02666666666666667,0
2026-09-26T20:43:48Z,adservice,23.0,600,0.8,0.03833333333333333,0
2026-09-26T20:43:48Z,redis-cart,5.0,500,0.8,0.01,0
2026-09-26T20:43:49Z,frontend,18.25,1150,0.8,0.015869565217391305,0
2026-09-26T20:43:49Z,cartservice,25.0,1000,0.95,0.025,0
2026-09-26T20:43:49Z,checkoutservice,79.0,1500,0.8,0.05266666666666667,0
2026-09-26T20:43:49Z,productcatalogservice,38.0,600,0.95,0.06333333333333334,0
2026-09-26T20:43:49Z,paymentservice,0.0,150,0.8,0.0,0
2026-09-26T20:43:49Z,recommendationservice,37.0,2000,0.8,0.0185,0
2026-09-26T20:43:49Z,shippingservice,21.0,400,0.8,0.0525,0
2026-09-26T20:43:49Z,currencyservice,36.0,500,0.8,0.072,0
2026-09-26T20:43:49Z,emailservice,8.0,150,0.8,0.05333333333333334,0
2026-09-26T20:43:49Z,adservice,25.0,600,0.8,0.041666666666666664,0
2026-09-26T20:43:49Z,redis-cart,9.0,500,0.8,0.018,0
2026-09-26T20:43:50Z,frontend,24.8,1150,0.8,0.021565217391304348,0
2026-09-26T20:43:50Z,cartservice,25.0,1000,0.95,0.025,0
2026-09-26T20:43:50Z,checkoutservice,119.0,1500,0.8,0.07933333333333334,0
2026-09-26T20:43:50Z,productcatalogservice,35.0,600,0.95,0.058333333333333334,0
2026-09-26T20:43:50Z,paymentservice,5.0,150,0.8,0.03333333333333333,0
2026-09-26T20:43:50Z,recommendationservice,79.0,2000,0.8,0.0395,0
2026-09-26T20:43:50Z,shippingservice,11.0,400,0.8,0.0275,0
2026-09-26T20:43:50Z,currencyservice,23.0,500,0.8,0.046,0
2026-09-26T20:43:50Z,emailservice,13.0,150,0.8,0.08666666666666667,0
2026-09-26T20:43:50Z,adservice,25.0,600,0.8,0.041666666666666664,0
2026-09-26T20:43:50Z,redis-cart,9.0,500,0.8,0.018,0
2026-09-26T20:43:51Z,frontend,35.6,1150,0.8,0.030956521739130435,0
2026-09-26T20:43:51Z,cartservice,67.0,1000,0.95,0.067,0
2026-09-26T20:43:51Z,checkoutservice,119.0,1500,0.8,0.07933333333333334,0
2026-09-26T20:43:51Z,productcatalogservice,68.0,600,0.95,0.11333333333333333,0
2026-09-26T20:43:51Z,paymentservice,6.0,150,0.8,0.04,0
2026-09-26T20:43:51Z,recommendationservice,79.0,2000,0.8,0.0395,0
2026-09-26T20:43:51Z,shippingservice,18.0,400,0.8,0.045,0
2026-09-26T20:43:51Z,currencyservice,23.0,500,0.8,0.046,0
2026-09-26T20:43:51Z,emailservice,13.0,150,0.8,0.08666666666666667,0
2026-09-26T20:43:51Z,adservice,51.0,600,0.8,0.085,0
2026-09-26T20:43:51Z,redis-cart,9.0,500,0.8,0.018,0
2026-09-26T20:43:52Z,frontend,36.4,1150,0.8,0.03165217391304348,0
2026-09-26T20:43:52Z,cartservice,67.0,1000,0.95,0.067,0
2026-09-26T20:43:52Z,checkoutservice,215.0,1500,0.8,0.14333333333333334,0
2026-09-26T20:43:52Z,productcatalogservice,68.0,600,0.95,0.11333333333333333,0
2026-09-26T20:43:52Z,paymentservice,45.0,150,0.8,0.3,0
2026-09-26T20:43:52Z,recommendationservice,57.0,2000,0.8,0.0285,0
2026-09-26T20:43:52Z,shippingservice,18.0,400,0.8,0.045,0
2026-09-26T20:43:52Z,currencyservice,39.0,500,0.8,0.078,0
2026-09-26T20:43:52Z,emailservice,41.0,150,0.8,0.2733333333333333,0
2026-09-26T20:43:52Z,adservice,308.0,600,0.8,0.5133333333333333,0
2026-09-26T20:43:52Z,redis-cart,6.0,500,0.8,0.012,0
2026-09-26T20:43:53Z,frontend,45.6,1150,0.8,0.03965217391304348,0
2026-09-26T20:43:53Z,cartservice,95.0,1000,0.95,0.095,0
2026-09-26T20:43:53Z,checkoutservice,179.0,1500,0.8,0.11933333333333333,0
2026-09-26T20:43:53Z,productcatalogservice,93.0,600,0.95,0.155,0
2026-09-26T20:43:53Z,paymentservice,45.0,150,0.8,0.3,0
2026-09-26T20:43:53Z,recommendationservice,93.0,2000,0.8,0.0465,0
2026-09-26T20:43:53Z,shippingservice,29.0,400,0.8,0.0725,0
2026-09-26T20:43:53Z,currencyservice,39.0,500,0.8,0.078,0
2026-09-26T20:43:53Z,emailservice,20.0,150,0.8,0.13333333333333333,0
2026-09-26T20:43:53Z,adservice,524.0,600,0.8,0.8733333333333333,1
2026-09-26T20:43:53Z,redis-cart,8.0,500,0.8,0.016,0
2026-09-26T20:43:54Z,frontend,43.6,1150,0.8,0.03791304347826087,0
2026-09-26T20:43:54Z,cartservice,70.0,1000,0.95,0.07,0
2026-09-26T20:43:54Z,checkoutservice,179.0,1500,0.8,0.11933333333333333,0
2026-09-26T20:43:54Z,productcatalogservice,93.0,600,0.95,0.155,0
2026-09-26T20:43:54Z,paymentservice,9.0,150,0.8,0.06,0
2026-09-26T20:43:54Z,recommendationservice,93.0,2000,0.8,0.0465,0
2026-09-26T20:43:54Z,shippingservice,29.0,400,0.8,0.0725,0
2026-09-26T20:43:54Z,currencyservice,57.0,500,0.8,0.114,0
2026-09-26T20:43:54Z,emailservice,20.0,150,0.8,0.13333333333333333,0
2026-09-26T20:43:54Z,adservice,524.0,600,0.8,0.8733333333333333,1
2026-09-26T20:43:54Z,redis-cart,8.0,500,0.8,0.016,0
2026-09-26T20:43:55Z,frontend,50.2,1150,0.8,0.043652173913043484,0
2026-09-26T20:43:55Z,cartservice,70.0,1000,0.95,0.07,0
2026-09-26T20:43:55Z,checkoutservice,359.0,1500,0.8,0.23933333333333334,0
2026-09-26T20:43:55Z,productcatalogservice,115.0,600,0.95,0.19166666666666668,0
2026-09-26T20:43:55Z,paymentservice,9.0,150,0.8,0.06,0
2026-09-26T20:43:55Z,recommendationservice,123.0,2000,0.8,0.0615,0
2026-09-26T20:43:55Z,shippingservice,29.0,400,0.8,0.0725,0
2026-09-26T20:43:55Z,currencyservice,66.0,500,0.8,0.132,0
2026-09-26T20:43:55Z,emailservice,48.0,150,0.8,0.32,0
2026-09-26T20:43:55Z,adservice,28.0,600,0.8,0.04666666666666667,0
2026-09-26T20:43:55Z,redis-cart,14.0,500,0.8,0.028,0
2026-09-26T20:43:56Z,frontend,52.6,1150,0.8,0.04573913043478261,0
2026-09-26T20:43:56Z,cartservice,83.0,1000,0.95,0.083,0
2026-09-26T20:43:56Z,checkoutservice,214.0,1500,0.8,0.14266666666666666,0
2026-09-26T20:43:56Z,productcatalogservice,78.0,600,0.95,0.13,0
2026-09-26T20:43:56Z,paymentservice,18.0,150,0.8,0.12,0
2026-09-26T20:43:56Z,recommendationservice,110.0,2000,0.8,0.055,0
2026-09-26T20:43:56Z,shippingservice,31.0,400,0.8,0.0775,0
2026-09-26T20:43:56Z,currencyservice,66.0,500,0.8,0.132,0
2026-09-26T20:43:56Z,emailservice,50.0,150,0.8,0.3333333333333333,0
2026-09-26T20:43:56Z,adservice,28.0,600,0.8,0.04666666666666667,0
2026-09-26T20:43:56Z,redis-cart,7.0,500,0.8,0.014,0
2026-09-26T20:43:57Z,frontend,66.8,1150,0.8,0.058086956521739126,0
2026-09-26T20:43:57Z,cartservice,116.0,1000,0.95,0.116,0
2026-09-26T20:43:57Z,checkoutservice,362.0,1500,0.8,0.24133333333333334,0
2026-09-26T20:43:57Z,productcatalogservice,133.0,600,0.95,0.22166666666666668,0
2026-09-26T20:43:57Z,paymentservice,18.0,150,0.8,0.12,0
2026-09-26T20:43:57Z,recommendationservice,110.0,2000,0.8,0.055,0
2026-09-26T20:43:57Z,shippingservice,50.0,400,0.8,0.125,0
2026-09-26T20:43:57Z,currencyservice,52.0,500,0.8,0.104,0
2026-09-26T20:43:57Z,emailservice,50.0,150,0.8,0.3333333333333333,0
2026-09-26T20:43:57Z,adservice,41.0,600,0.8,0.06833333333333333,0
2026-09-26T20:43:57Z,redis-cart,7.0,500,0.8,0.014,0
2026-09-26T20:43:58Z,frontend,60.0,1150,0.8,0.05217391304347826,0
2026-09-26T20:43:58Z,cartservice,116.0,1000,0.95,0.116,0
2026-09-26T20:43:58Z,checkoutservice,362.0,1500,0.8,0.24133333333333334,0
2026-09-26T20:43:58Z,productcatalogservice,133.0,600,0.95,0.22166666666666668,0
2026-09-26T20:43:58Z,paymentservice,31.0,150,0.8,0.20666666666666667,0
2026-09-26T20:43:58Z,recommendationservice,169.0,2000,0.8,0.0845,0
2026-09-26T20:43:58Z,shippingservice,50.0,400,0.8,0.125,0
2026-09-26T20:43:58Z,currencyservice,52.0,500,0.8,0.104,0
2026-09-26T20:43:58Z,emailservice,53.0,150,0.8,0.35333333333333333,0
2026-09-26T20:43:58Z,adservice,33.0,600,0.8,0.055,0
2026-09-26T20:43:58Z,redis-cart,13.0,500,0.8,0.026,0
2026-09-26T20:43:59Z,frontend,72.2,1150,0.8,0.06278260869565218,0
2026-09-26T20:43:59Z,cartservice,147.0,1000,0.95,0.147,0
2026-09-26T20:43:59Z,checkoutservice,334.0,1500,0.8,0.22266666666666668,0
2026-09-26T20:43:59Z,productcatalogservice,121.0,600,0.95,0.20166666666666666,0
2026-09-26T20:43:59Z,paymentservice,20.0,150,0.8,0.13333333333333333,0
2026-09-26T20:43:59Z,recommendationservice,155.0,2000,0.8,0.0775,0
2026-09-26T20:43:59Z,shippingservice,35.0,400,0.8,0.0875,0
2026-09-26T20:43:59Z,currencyservice,120.0,500,0.8,0.24,0
2026-09-26T20:43:59Z,emailservice,55.0,150,0.8,0.36666666666666664,0
2026-09-26T20:43:59Z,adservice,64.0,600,0.8,0.10666666666666667,0
2026-09-26T20:43:59Z,redis-cart,11.0,500,0.8,0.022,0
2026-09-26T20:44:00Z,frontend,77.6,1150,0.8,0.06747826086956521,0
2026-09-26T20:44:00Z,cartservice,119.0,1000,0.95,0.119,0
2026-09-26T20:44:00Z,checkoutservice,334.0,1500,0.8,0.22266666666666668,0
2026-09-26T20:44:00Z,productcatalogservice,84.0,600,0.95,0.14,0
2026-09-26T20:44:00Z,paymentservice,20.0,150,0.8,0.13333333333333333,0
2026-09-26T20:44:00Z,recommendationservice,155.0,2000,0.8,0.0775,0
2026-09-26T20:44:00Z,shippingservice,36.0,400,0.8,0.09,0
2026-09-26T20:44:00Z,currencyservice,83.0,500,0.8,0.166,0
2026-09-26T20:44:00Z,emailservice,111.0,150,0.8,0.74,0
2026-09-26T20:44:00Z,adservice,64.0,600,0.8,0.10666666666666667,0
2026-09-26T20:44:00Z,redis-cart,11.0,500,0.8,0.022,0
2026-09-26T20:44:01Z,frontend,79.6,1150,0.8,0.06921739130434783,0
2026-09-26T20:44:01Z,cartservice,119.0,1000,0.95,0.119,0
2026-09-26T20:44:01Z,checkoutservice,514.0,1500,0.8,0.3426666666666667,0
2026-09-26T20:44:01Z,productcatalogservice,112.0,600,0.95,0.18666666666666668,0
2026-09-26T20:44:01Z,paymentservice,33.0,150,0.8,0.22,0
2026-09-26T20:44:01Z,recommendationservice,237.0,2000,0.8,0.1185,0
2026-09-26T20:44:01Z,shippingservice,36.0,400,0.8,0.09,0
2026-09-26T20:44:01Z,currencyservice,62.0,500,0.8,0.124,0
2026-09-26T20:44:01Z,emailservice,111.0,150,0.8,0.74,0
2026-09-26T20:44:01Z,adservice,37.0,600,0.8,0.06166666666666667,0
2026-09-26T20:44:01Z,redis-cart,13.0,500,0.8,0.026,0
2026-09-26T20:44:02Z,frontend,82.6,1150,0.8,0.07182608695652173,0
2026-09-26T20:44:02Z,cartservice,99.0,1000,0.95,0.099,0
2026-09-26T20:44:02Z,checkoutservice,514.0,1500,0.8,0.3426666666666667,0
2026-09-26T20:44:02Z,productcatalogservice,123.0,600,0.95,0.205,0
2026-09-26T20:44:02Z,paymentservice,38.0,150,0.8,0.25333333333333335,0
2026-09-26T20:44:02Z,recommendationservice,205.0,2000,0.8,0.1025,0
2026-09-26T20:44:02Z,shippingservice,56.0,400,0.8,0.14,0
2026-09-26T20:44:02Z,currencyservice,62.0,500,0.8,0.124,0
2026-09-26T20:44:02Z,emailservice,76.0,150,0.8,0.5066666666666667,0
2026-09-26T20:44:02Z,adservice,35.0,600,0.8,0.058333333333333334,0
2026-09-26T20:44:02Z,redis-cart,13.0,500,0.8,0.026,0
2026-09-26T20:44:03Z,frontend,87.2,1150,0.8,0.07582608695652174,0
2026-09-26T20:44:03Z,cartservice,139.0,1000,0.95,0.139,0
2026-09-26T20:44:03Z,checkoutservice,504.0,1500,0.8,0.336,0
2026-09-26T20:44:03Z,productcatalogservice,96.0,600,0.95,0.16,0
2026-09-26T20:44:03Z,paymentservice,38.0,150,0.8,0.25333333333333335,0
2026-09-26T20:44:03Z,recommendationservice,205.0,2000,0.8,0.1025,0
2026-09-26T20:44:03Z,shippingservice,48.0,400,0.8,0.12,0
2026-09-26T20:44:03Z,currencyservice,105.0,500,0.8,0.21,0
2026-09-26T20:44:03Z,emailservice,76.0,150,0.8,0.5066666666666667,0
2026-09-26T20:44:03Z,adservice,35.0,600,0.8,0.058333333333333334,0
2026-09-26T20:44:03Z,redis-cart,16.0,500,0.8,0.032,0
2026-09-26T20:44:04Z,frontend,88.4,1150,0.8,0.07686956521739131,0
2026-09-26T20:44:04Z,cartservice,139.0,1000,0.95,0.139,0
2026-09-26T20:44:04Z,checkoutservice,520.0,1500,0.8,0.3466666666666667,0
2026-09-26T20:44:04Z,productcatalogservice,96.0,600,0.95,0.16,0
2026-09-26T20:44:04Z,paymentservice,30.0,150,0.8,0.2,0
2026-09-26T20:44:04Z,recommendationservice,222.0,2000,0.8,0.111,0
2026-09-26T20:44:04Z,shippingservice,48.0,400,0.8,0.12,0
2026-09-26T20:44:04Z,currencyservice,105.0,500,0.8,0.21,0
2026-09-26T20:44:04Z,emailservice,82.0,150,0.8,0.5466666666666666,0
2026-09-26T20:44:04Z,adservice,52.0,600,0.8,0.08666666666666667,0
2026-09-26T20:44:04Z,redis-cart,11.0,500,0.8,0.022,0
2026-09-26T20:44:05Z,frontend,85.2,1150,0.8,0.07408695652173913,0
2026-09-26T20:44:05Z,cartservice,160.0,1000,0.95,0.16,0
2026-09-26T20:44:05Z,checkoutservice,509.0,1500,0.8,0.3393333333333333,0
2026-09-26T20:44:05Z,productcatalogservice,209.0,600,0.95,0.34833333333333333,0
2026-09-26T20:44:05Z,paymentservice,30.0,150,0.8,0.2,0
2026-09-26T20:44:05Z,recommendationservice,246.0,2000,0.8,0.123,0
2026-09-26T20:44:05Z,shippingservice,59.0,400,0.8,0.1475,0
2026-09-26T20:44:05Z,currencyservice,160.0,500,0.8,0.32,0
2026-09-26T20:44:05Z,emailservice,98.0,150,0.8,0.6533333333333333,0
2026-09-26T20:44:05Z,adservice,43.0,600,0.8,0.07166666666666667,0
2026-09-26T20:44:05Z,redis-cart,11.0,500,0.8,0.022,0
2026-09-26T20:44:06Z,frontend,85.2,1150,0.8,0.07408695652173913,0
2026-09-26T20:44:06Z,cartservice,188.0,1000,0.95,0.188,0
2026-09-26T20:44:06Z,checkoutservice,509.0,1500,0.8,0.3393333333333333,0
2026-09-26T20:44:06Z,productcatalogservice,101.0,600,0.95,0.16833333333333333,0
2026-09-26T20:44:06Z,paymentservice,42.0,150,0.8,0.28,0
2026-09-26T20:44:06Z,recommendationservice,212.0,2000,0.8,0.106,0
2026-09-26T20:44:06Z,shippingservice,36.0,400,0.8,0.09,0
2026-09-26T20:44:06Z,currencyservice,160.0,500,0.8,0.32,0
2026-09-26T20:44:06Z,emailservice,98.0,150,0.8,0.6533333333333333,0
2026-09-26T20:44:06Z,adservice,43.0,600,0.8,0.07166666666666667,0
2026-09-26T20:44:06Z,redis-cart,16.0,500,0.8,0.032,0
2026-09-26T20:44:07Z,frontend,104.4,1150,0.8,0.09078260869565218,0
2026-09-26T20:44:07Z,cartservice,188.0,1000,0.95,0.188,0
2026-09-26T20:44:07Z,checkoutservice,600.0,1500,0.8,0.4,0
2026-09-26T20:44:07Z,productcatalogservice,135.0,600,0.95,0.225,0
2026-09-26T20:44:07Z,paymentservice,42.0,150,0.8,0.28,0
2026-09-26T20:44:07Z,recommendationservice,291.0,2000,0.8,0.1455,0
2026-09-26T20:44:07Z,shippingservice,36.0,400,0.8,0.09,0
2026-09-26T20:44:07Z,currencyservice,123.0,500,0.8,0.246,0
2026-09-26T20:44:07Z,emailservice,81.0,150,0.8,0.54,0
2026-09-26T20:44:07Z,adservice,43.0,600,0.8,0.07166666666666667,0
2026-09-26T20:44:07Z,redis-cart,14.0,500,0.8,0.028,0
2026-09-26T20:44:08Z,frontend,106.2,1150,0.8,0.09234782608695652,0
2026-09-26T20:44:08Z,cartservice,151.0,1000,0.95,0.151,0
2026-09-26T20:44:08Z,checkoutservice,625.0,1500,0.8,0.4166666666666667,0
2026-09-26T20:44:08Z,productcatalogservice,135.0,600,0.95,0.225,0
2026-09-26T20:44:08Z,paymentservice,48.0,150,0.8,0.32,0
2026-09-26T20:44:08Z,recommendationservice,291.0,2000,0.8,0.1455,0
2026-09-26T20:44:08Z,shippingservice,91.0,400,0.8,0.2275,0
2026-09-26T20:44:08Z,currencyservice,143.0,500,0.8,0.286,0
2026-09-26T20:44:08Z,emailservice,115.0,150,0.8,0.7666666666666667,0
2026-09-26T20:44:08Z,adservice,44.0,600,0.8,0.07333333333333333,0
2026-09-26T20:44:08Z,redis-cart,19.0,500,0.8,0.038,0
2026-09-26T20:44:09Z,frontend,122.0,1150,0.8,0.10608695652173913,0
2026-09-26T20:44:09Z,cartservice,173.0,1000,0.95,0.173,0
2026-09-26T20:44:09Z,checkoutservice,625.0,1500,0.8,0.4166666666666667,0
2026-09-26T20:44:09Z,productcatalogservice,177.0,600,0.95,0.295,0
2026-09-26T20:44:09Z,paymentservice,48.0,150,0.8,0.32,0
2026-09-26T20:44:09Z,recommendationservice,329.0,2000,0.8,0.1645,0
2026-09-26T20:44:09Z,shippingservice,65.0,400,0.8,0.1625,0
2026-09-26T20:44:09Z,currencyservice,143.0,500,0.8,0.286,0
2026-09-26T20:44:09Z,emailservice,115.0,150,0.8,0.7666666666666667,0
2026-09-26T20:44:09Z,adservice,43.0,600,0.8,0.07166666666666667,0
2026-09-26T20:44:09Z,redis-cart,19.0,500,0.8,0.038,0
2026-09-26T20:44:10Z,frontend,127.6,1150,0.8,0.11095652173913043,0
2026-09-26T20:44:10Z,cartservice,173.0,1000,0.95,0.173,0
2026-09-26T20:44:10Z,checkoutservice,687.0,1500,0.8,0.458,0
2026-09-26T20:44:10Z,productcatalogservice,139.0,600,0.95,0.23166666666666666,0
2026-09-26T20:44:10Z,paymentservice,48.0,150,0.8,0.32,0
2026-09-26T20:44:10Z,recommendationservice,318.0,2000,0.8,0.159,0
2026-09-26T20:44:10Z,shippingservice,65.0,400,0.8,0.1625,0
2026-09-26T20:44:10Z,currencyservice,120.0,500,0.8,0.24,0
2026-09-26T20:44:10Z,emailservice,112.0,150,0.8,0.7466666666666667,0
2026-09-26T20:44:10Z,adservice,43.0,600,0.8,0.07166666666666667,0
2026-09-26T20:44:10Z,redis-cart,17.0,500,0.8,0.034,0
2026-09-26T20:44:11Z,frontend,114.0,1150,0.8,0.09913043478260869,0
2026-09-26T20:44:11Z,cartservice,232.0,1000,0.95,0.232,0
2026-09-26T20:44:11Z,checkoutservice,779.0,1500,0.8,0.5193333333333333,0
2026-09-26T20:44:11Z,productcatalogservice,197.0,600,0.95,0.3283333333333333,0
2026-09-26T20:44:11Z,paymentservice,50.0,150,0.8,0.3333333333333333,0
2026-09-26T20:44:11Z,recommendationservice,318.0,2000,0.8,0.159,0
2026-09-26T20:44:11Z,shippingservice,71.0,400,0.8,0.1775,0
2026-09-26T20:44:11Z,currencyservice,171.0,500,0.8,0.342,0
2026-09-26T20:44:11Z,emailservice,112.0,150,0.8,0.7466666666666667,0
2026-09-26T20:44:11Z,adservice,55.0,600,0.8,0.09166666666666666,0
2026-09-26T20:44:11Z,redis-cart,17.0,500,0.8,0.034,0
2026-09-26T20:44:12Z,frontend,113.4,1150,0.8,0.09860869565217392,0
2026-09-26T20:44:12Z,cartservice,173.0,1000,0.95,0.173,0
2026-09-26T20:44:12Z,checkoutservice,779.0,1500,0.8,0.5193333333333333,0
2026-09-26T20:44:12Z,productcatalogservice,197.0,600,0.95,0.3283333333333333,0
2026-09-26T20:44:12Z,paymentservice,73.0,150,0.8,0.4866666666666667,0
2026-09-26T20:44:12Z,recommendationservice,363.0,2000,0.8,0.1815,0
2026-09-26T20:44:12Z,shippingservice,71.0,400,0.8,0.1775,0
2026-09-26T20:44:12Z,currencyservice,177.0,500,0.8,0.354,0
2026-09-26T20:44:12Z,emailservice,139.0,150,0.8,0.9266666666666666,1
2026-09-26T20:44:12Z,adservice,48.0,600,0.8,0.08,0
2026-09-26T20:44:12Z,redis-cart,19.0,500,0.8,0.038,0
2026-09-26T20:44:13Z,frontend,118.2,1150,0.8,0.10278260869565217,0
2026-09-26T20:44:13Z,cartservice,173.0,1000,0.95,0.173,0
2026-09-26T20:44:13Z,checkoutservice,942.0,1500,0.8,0.628,0
2026-09-26T20:44:13Z,productcatalogservice,200.0,600,0.95,0.3333333333333333,0
2026-09-26T20:44:13Z,paymentservice,52.0,150,0.8,0.3466666666666667,0
2026-09-26T20:44:13Z,recommendationservice,268.0,2000,0.8,0.134,0
2026-09-26T20:44:13Z,shippingservice,101.0,400,0.8,0.2525,0
2026-09-26T20:44:13Z,currencyservice,177.0,500,0.8,0.354,0
2026-09-26T20:44:13Z,emailservice,135.0,150,0.8,0.9,1
2026-09-26T20:44:13Z,adservice,46.0,600,0.8,0.07666666666666666,0
2026-09-26T20:44:13Z,redis-cart,19.0,500,0.8,0.038,0
2026-09-26T20:44:14Z,frontend,134.4,1150,0.8,0.11686956521739131,0
2026-09-26T20:44:14Z,cartservice,259.0,1000,0.95,0.259,0
2026-09-26T20:44:14Z,checkoutservice,866.0,1500,0.8,0.5773333333333334,0
2026-09-26T20:44:14Z,productcatalogservice,197.0,600,0.95,0.3283333333333333,0
2026-09-26T20:44:14Z,paymentservice,52.0,150,0.8,0.3466666666666667,0
2026-09-26T20:44:14Z,recommendationservice,268.0,2000,0.8,0.134,0
2026-09-26T20:44:14Z,shippingservice,101.0,400,0.8,0.2525,0
2026-09-26T20:44:14Z,currencyservice,158.0,500,0.8,0.316,0
2026-09-26T20:44:14Z,emailservice,135.0,150,0.8,0.9,1
2026-09-26T20:44:14Z,adservice,77.0,600,0.8,0.12833333333333333,0
2026-09-26T20:44:14Z,redis-cart,21.0,500,0.8,0.042,0
2026-09-26T20:44:15Z,frontend,134.2,1150,0.8,0.11669565217391303,0
2026-09-26T20:44:15Z,cartservice,185.0,1000,0.95,0.185,0
2026-09-26T20:44:15Z,checkoutservice,866.0,1500,0.8,0.5773333333333334,0
2026-09-26T20:44:15Z,productcatalogservice,213.0,600,0.95,0.355,0
2026-09-26T20:44:15Z,paymentservice,52.0,150,0.8,0.3466666666666667,0
2026-09-26T20:44:15Z,recommendationservice,448.0,2000,0.8,0.224,0
2026-09-26T20:44:15Z,shippingservice,107.0,400,0.8,0.2675,0
2026-09-26T20:44:15Z,currencyservice,158.0,500,0.8,0.316,0
2026-09-26T20:44:15Z,emailservice,153.0,150,0.8,1.02,1
2026-09-26T20:44:15Z,adservice,77.0,600,0.8,0.12833333333333333,0
2026-09-26T20:44:15Z,redis-cart,18.0,500,0.8,0.036,0
2026-09-26T20:44:16Z,frontend,130.0,1150,0.8,0.11304347826086956,0
2026-09-26T20:44:16Z,cartservice,185.0,1000,0.95,0.185,0
2026-09-26T20:44:16Z,checkoutservice,1087.0,1500,0.8,0.7246666666666667,0
2026-09-26T20:44:16Z,productcatalogservice,213.0,600,0.95,0.355,0
2026-09-26T20:44:16Z,paymentservice,68.0,150,0.8,0.4533333333333333,0
2026-09-26T20:44:16Z,recommendationservice,363.0,2000,0.8,0.1815,0
2026-09-26T20:44:16Z,shippingservice,107.0,400,0.8,0.2675,0
2026-09-26T20:44:16Z,currencyservice,182.0,500,0.8,0.364,0
2026-09-26T20:44:16Z,emailservice,153.0,150,0.8,1.02,1
2026-09-26T20:44:16Z,adservice,54.0,600,0.8,0.09,0
2026-09-26T20:44:16Z,redis-cart,18.0,500,0.8,0.036,0
2026-09-26T20:44:17Z,frontend,139.8,1150,0.8,0.12156521739130435,0
2026-09-26T20:44:17Z,cartservice,250.0,1000,0.95,0.25,0
2026-09-26T20:44:17Z,checkoutservice,1048.0,1500,0.8,0.6986666666666667,0
2026-09-26T20:44:17Z,productcatalogservice,196.0,600,0.95,0.32666666666666666,0
2026-09-26T20:44:17Z,paymentservice,68.0,150,0.8,0.4533333333333333,0
2026-09-26T20:44:17Z,recommendationservice,357.0,2000,0.8,0.1785,0
2026-09-26T20:44:17Z,shippingservice,110.0,400,0.8,0.275,0
2026-09-26T20:44:17Z,currencyservice,205.0,500,0.8,0.41,0
2026-09-26T20:44:17Z,emailservice,150.0,150,0.8,1.0,1
2026-09-26T20:44:17Z,adservice,264.0,600,0.8,0.44,0
2026-09-26T20:44:17Z,redis-cart,23.0,500,0.8,0.046,0
2026-09-26T20:44:18Z,frontend,153.0,1150,0.8,0.13304347826086957,0
2026-09-26T20:44:18Z,cartservice,250.0,1000,0.95,0.25,0
2026-09-26T20:44:18Z,checkoutservice,1182.0,1500,0.8,0.788,0
2026-09-26T20:44:18Z,productcatalogservice,260.0,600,0.95,0.43333333333333335,0
2026-09-26T20:44:18Z,paymentservice,82.0,150,0.8,0.5466666666666666,0
2026-09-26T20:44:18Z,recommendationservice,357.0,2000,0.8,0.1785,0
2026-09-26T20:44:18Z,shippingservice,124.0,400,0.8,0.31,0
2026-09-26T20:44:18Z,currencyservice,184.0,500,0.8,0.368,0
2026-09-26T20:44:18Z,emailservice,144.0,150,0.8,0.96,1
2026-09-26T20:44:18Z,adservice,113.0,600,0.8,0.18833333333333332,0
2026-09-26T20:44:18Z,redis-cart,23.0,500,0.8,0.046,0
2026-09-26T20:44:19Z,frontend,135.2,1150,0.8,0.11756521739130434,0
2026-09-26T20:44:19Z,cartservice,283.0,1000,0.95,0.283,0
2026-09-26T20:44:19Z,checkoutservice,1477.0,1500,0.8,0.9846666666666667,1
2026-09-26T20:44:19Z,productcatalogservice,260.0,600,0.95,0.43333333333333335,0
2026-09-26T20:44:19Z,paymentservice,82.0,150,0.8,0.5466666666666666,0
2026-09-26T20:44:19Z,recommendationservice,483.0,2000,0.8,0.2415,0
2026-09-26T20:44:19Z,shippingservice,128.0,400,0.8,0.32,0
2026-09-26T20:44:19Z,currencyservice,209.0,500,0.8,0.418,0
2026-09-26T20:44:19Z,emailservice,144.0,150,0.8,0.96,1
2026-09-26T20:44:19Z,adservice,113.0,600,0.8,0.18833333333333332,0
2026-09-26T20:44:19Z,redis-cart,26.0,500,0.8,0.052,0
2026-09-26T20:44:20Z,frontend,113.2,1150,0.8,0.09843478260869565,0
2026-09-26T20:44:20Z,cartservice,283.0,1000,0.95,0.283,0
2026-09-26T20:44:20Z,checkoutservice,1495.0,1500,0.8,0.9966666666666667,1
2026-09-26T20:44:20Z,productcatalogservice,253.0,600,0.95,0.4216666666666667,0
2026-09-26T20:44:20Z,paymentservice,86.0,150,0.8,0.5733333333333334,0
2026-09-26T20:44:20Z,recommendationservice,282.0,2000,0.8,0.141,0
2026-09-26T20:44:20Z,shippingservice,142.0,400,0.8,0.355,0
2026-09-26T20:44:20Z,currencyservice,209.0,500,0.8,0.418,0
2026-09-26T20:44:20Z,emailservice,146.0,150,0.8,0.9733333333333334,1
2026-09-26T20:44:20Z,adservice,66.0,600,0.8,0.11,0
2026-09-26T20:44:20Z,redis-cart,26.0,500,0.8,0.052,0
2026-09-26T20:44:21Z,frontend,140.2,1150,0.8,0.12191304347826086,0
2026-09-26T20:44:21Z,cartservice,335.0,1000,0.95,0.335,0
2026-09-26T20:44:21Z,checkoutservice,1495.0,1500,0.8,0.9966666666666667,1
2026-09-26T20:44:21Z,productcatalogservice,271.0,600,0.95,0.45166666666666666,0
2026-09-26T20:44:21Z,paymentservice,86.0,150,0.8,0.5733333333333334,0
2026-09-26T20:44:21Z,recommendationservice,282.0,2000,0.8,0.141,0
2026-09-26T20:44:21Z,shippingservice,135.0,400,0.8,0.3375,0
2026-09-26T20:44:21Z,currencyservice,216.0,500,0.8,0.432,0
2026-09-26T20:44:21Z,emailservice,149.0,150,0.8,0.9933333333333333,1
2026-09-26T20:44:21Z,adservice,66.0,600,0.8,0.11,0
2026-09-26T20:44:21Z,redis-cart,27.0,500,0.8,0.054,0
2026-09-26T20:44:22Z,frontend,145.8,1150,0.8,0.1267826086956522,0
2026-09-26T20:44:22Z,cartservice,337.0,1000,0.95,0.337,0
2026-09-26T20:44:22Z,checkoutservice,1437.0,1500,0.8,0.958,1
2026-09-26T20:44:22Z,productcatalogservice,271.0,600,0.95,0.45166666666666666,0
2026-09-26T20:44:22Z,paymentservice,114.0,150,0.8,0.76,0
2026-09-26T20:44:22Z,recommendationservice,410.0,2000,0.8,0.205,0
2026-09-26T20:44:22Z,shippingservice,135.0,400,0.8,0.3375,0
2026-09-26T20:44:22Z,currencyservice,205.0,500,0.8,0.41,0
2026-09-26T20:44:22Z,emailservice,149.0,150,0.8,0.9933333333333333,1
2026-09-26T20:44:22Z,adservice,55.0,600,0.8,0.09166666666666666,0
2026-09-26T20:44:22Z,redis-cart,27.0,500,0.8,0.054,0
2026-09-26T20:44:23Z,frontend,122.0,1150,0.8,0.10608695652173913,0
2026-09-26T20:44:23Z,cartservice,337.0,1000,0.95,0.337,0
2026-09-26T20:44:23Z,checkoutservice,1501.0,1500,0.8,1.0006666666666666,1
2026-09-26T20:44:23Z,productcatalogservice,236.0,600,0.95,0.3933333333333333,0
2026-09-26T20:44:23Z,paymentservice,113.0,150,0.8,0.7533333333333333,0
2026-09-26T20:44:23Z,recommendationservice,414.0,2000,0.8,0.207,0
2026-09-26T20:44:23Z,shippingservice,157.0,400,0.8,0.3925,0
2026-09-26T20:44:23Z,currencyservice,205.0,500,0.8,0.41,0
2026-09-26T20:44:23Z,emailservice,151.0,150,0.8,1.0066666666666666,1
2026-09-26T20:44:23Z,adservice,51.0,600,0.8,0.085,0
2026-09-26T20:44:23Z,redis-cart,27.0,500,0.8,0.054,0
2026-09-26T20:44:24Z,frontend,149.0,1150,0.8,0.12956521739130436,0
2026-09-26T20:44:24Z,cartservice,339.0,1000,0.95,0.339,0
2026-09-26T20:44:24Z,checkoutservice,1501.0,1500,0.8,1.0006666666666666,1
2026-09-26T20:44:24Z,productcatalogservice,266.0,600,0.95,0.44333333333333336,0
2026-09-26T20:44:24Z,paymentservice,113.0,150,0.8,0.7533333333333333,0
2026-09-26T20:44:24Z,recommendationservice,349.0,2000,0.8,0.1745,0
2026-09-26T20:44:24Z,shippingservice,132.0,400,0.8,0.33,0
2026-09-26T20:44:24Z,currencyservice,214.0,500,0.8,0.428,0
2026-09-26T20:44:24Z,emailservice,151.0,150,0.8,1.0066666666666666,1
2026-09-26T20:44:24Z,adservice,51.0,600,0.8,0.085,0
2026-09-26T20:44:24Z,redis-cart,23.0,500,0.8,0.046,0
2026-09-26T20:44:25Z,frontend,153.4,1150,0.8,0.1333913043478261,0
2026-09-26T20:44:25Z,cartservice,339.0,1000,0.95,0.339,0
2026-09-26T20:44:25Z,checkoutservice,1508.0,1500,0.8,1.0053333333333334,1
2026-09-26T20:44:25Z,productcatalogservice,278.0,600,0.95,0.4633333333333333,0
2026-09-26T20:44:25Z,paymentservice,124.0,150,0.8,0.8266666666666667,1
2026-09-26T20:44:25Z,recommendationservice,349.0,2000,0.8,0.1745,0
2026-09-26T20:44:25Z,shippingservice,132.0,400,0.8,0.33,0
2026-09-26T20:44:25Z,currencyservice,214.0,500,0.8,0.428,0
2026-09-26T20:44:25Z,emailservice,150.0,150,0.8,1.0,1
2026-09-26T20:44:25Z,adservice,75.0,600,0.8,0.125,0
2026-09-26T20:44:25Z,redis-cart,23.0,500,0.8,0.046,0
2026-09-26T20:44:26Z,frontend,157.0,1150,0.8,0.13652173913043478,0
2026-09-26T20:44:26Z,cartservice,346.0,1000,0.95,0.346,0
2026-09-26T20:44:26Z,checkoutservice,1508.0,1500,0.8,1.0053333333333334,1
2026-09-26T20:44:26Z,productcatalogservice,278.0,600,0.95,0.4633333333333333,0
2026-09-26T20:44:26Z,paymentservice,104.0,150,0.8,0.6933333333333334,0
2026-09-26T20:44:26Z,recommendationservice,492.0,2000,0.8,0.246,0
2026-09-26T20:44:26Z,shippingservice,149.0,400,0.8,0.3725,0
2026-09-26T20:44:26Z,currencyservice,181.0,500,0.8,0.362,0
2026-09-26T20:44:26Z,emailservice,150.0,150,0.8,1.0,1
2026-09-26T20:44:26Z,adservice,60.0,600,0.8,0.1,0
2026-09-26T20:44:26Z,redis-cart,28.0,500,0.8,0.056,0
2026-09-26T20:44:27Z,frontend,152.8,1150,0.8,0.13286956521739132,0
2026-09-26T20:44:27Z,cartservice,286.0,1000,0.95,0.286,0
2026-09-26T20:44:27Z,checkoutservice,1473.0,1500,0.8,0.982,1
2026-09-26T20:44:27Z,productcatalogservice,298.0,600,0.95,0.49666666666666665,0
2026-09-26T20:44:27Z,paymentservice,104.0,150,0.8,0.6933333333333334,0
2026-09-26T20:44:27Z,recommendationservice,492.0,2000,0.8,0.246,0
2026-09-26T20:44:27Z,shippingservice,151.0,400,0.8,0.3775,0
2026-09-26T20:44:27Z,currencyservice,181.0,500,0.8,0.362,0
2026-09-26T20:44:27Z,emailservice,151.0,150,0.8,1.0066666666666666,1
2026-09-26T20:44:27Z,adservice,50.0,600,0.8,0.08333333333333333,0
2026-09-26T20:44:27Z,redis-cart,21.0,500,0.8,0.042,0
2026-09-26T20:44:28Z,frontend,165.4,1150,0.8,0.14382608695652174,0
2026-09-26T20:44:28Z,cartservice,286.0,1000,0.95,0.286,0
2026-09-26T20:44:28Z,checkoutservice,1532.0,1500,0.8,1.0213333333333334,1
2026-09-26T20:44:28Z,productcatalogservice,298.0,600,0.95,0.49666666666666665,0
2026-09-26T20:44:28Z,paymentservice,109.0,150,0.8,0.7266666666666667,0
2026-09-26T20:44:28Z,recommendationservice,407.0,2000,0.8,0.2035,0
2026-09-26T20:44:28Z,shippingservice,123.0,400,0.8,0.3075,0
2026-09-26T20:44:28Z,currencyservice,255.0,500,0.8,0.51,0
2026-09-26T20:44:28Z,emailservice,151.0,150,0.8,1.0066666666666666,1
2026-09-26T20:44:28Z,adservice,50.0,600,0.8,0.08333333333333333,0
2026-09-26T20:44:28Z,redis-cart,21.0,500,0.8,0.042,0
2026-09-26T20:44:29Z,frontend,159.8,1150,0.8,0.13895652173913045,0
2026-09-26T20:44:29Z,cartservice,362.0,1000,0.95,0.362,0
2026-09-26T20:44:29Z,checkoutservice,1532.0,1500,0.8,1.0213333333333334,1
2026-09-26T20:44:29Z,productcatalogservice,324.0,600,0.95,0.54,0
2026-09-26T20:44:29Z,paymentservice,120.0,150,0.8,0.8,0
2026-09-26T20:44:29Z,recommendationservice,404.0,2000,0.8,0.202,0
2026-09-26T20:44:29Z,shippingservice,123.0,400,0.8,0.3075,0
2026-09-26T20:44:29Z,currencyservice,247.0,500,0.8,0.494,0
2026-09-26T20:44:29Z,emailservice,127.0,150,0.8,0.8466666666666667,1
2026-09-26T20:44:29Z,adservice,76.0,600,0.8,0.12666666666666668,0
2026-09-26T20:44:29Z,redis-cart,22.0,500,0.8,0.044,0
2026-09-26T20:44:30Z,frontend,158.6,1150,0.8,0.13791304347826086,0
2026-09-26T20:44:30Z,cartservice,285.0,1000,0.95,0.285,0
2026-09-26T20:44:30Z,checkoutservice,1475.0,1500,0.8,0.9833333333333333,1
2026-09-26T20:44:30Z,productcatalogservice,348.0,600,0.95,0.58,0
2026-09-26T20:44:30Z,paymentservice,120.0,150,0.8,0.8,0
2026-09-26T20:44:30Z,recommendationservice,404.0,2000,0.8,0.202,0
2026-09-26T20:44:30Z,shippingservice,142.0,400,0.8,0.355,0
2026-09-26T20:44:30Z,currencyservice,247.0,500,0.8,0.494,0
2026-09-26T20:44:30Z,emailservice,103.0,150,0.8,0.6866666666666666,0
2026-09-26T20:44:30Z,adservice,107.0,600,0.8,0.17833333333333334,0
2026-09-26T20:44:30Z,redis-cart,22.0,500,0.8,0.044,0
2026-09-26T20:44:31Z,frontend,177.6,1150,0.8,0.15443478260869564,0
2026-09-26T20:44:31Z,cartservice,342.0,1000,0.95,0.342,0
2026-09-26T20:44:31Z,checkoutservice,1495.0,1500,0.8,0.9966666666666667,1
2026-09-26T20:44:31Z,productcatalogservice,348.0,600,0.95,0.58,0
2026-09-26T20:44:31Z,paymentservice,115.0,150,0.8,0.7666666666666667,0
2026-09-26T20:44:31Z,recommendationservice,544.0,2000,0.8,0.272,0
2026-09-26T20:44:31Z,shippingservice,144.0,400,0.8,0.36,0
2026-09-26T20:44:31Z,currencyservice,273.0,500,0.8,0.546,0
2026-09-26T20:44:31Z,emailservice,103.0,150,0.8,0.6866666666666666,0
2026-09-26T20:44:31Z,adservice,107.0,600,0.8,0.17833333333333334,0
2026-09-26T20:44:31Z,redis-cart,21.0,500,0.8,0.042,0
2026-09-26T20:44:32Z,frontend,205.8,1150,0.8,0.17895652173913043,0
2026-09-26T20:44:32Z,cartservice,283.0,1000,0.95,0.283,0
2026-09-26T20:44:32Z,checkoutservice,1545.0,1500,0.8,1.03,1
2026-09-26T20:44:32Z,productcatalogservice,332.0,600,0.95,0.5533333333333333,0
2026-09-26T20:44:32Z,paymentservice,142.0,150,0.8,0.9466666666666667,1
2026-09-26T20:44:32Z,recommendationservice,420.0,2000,0.8,0.21,0
2026-09-26T20:44:32Z,shippingservice,144.0,400,0.8,0.36,0
2026-09-26T20:44:32Z,currencyservice,273.0,500,0.8,0.546,0
2026-09-26T20:44:32Z,emailservice,55.0,150,0.8,0.36666666666666664,0
2026-09-26T20:44:32Z,adservice,96.0,600,0.8,0.16,0
2026-09-26T20:44:32Z,redis-cart,21.0,500,0.8,0.042,0
2026-09-26T20:44:33Z,frontend,166.0,1150,0.8,0.1443478260869565,0
2026-09-26T20:44:33Z,cartservice,283.0,1000,0.95,0.283,0
2026-09-26T20:44:33Z,checkoutservice,1545.0,1500,0.8,1.03,1
2026-09-26T20:44:33Z,productcatalogservice,320.0,600,0.95,0.5333333333333333,0
2026-09-26T20:44:33Z,paymentservice,142.0,150,0.8,0.9466666666666667,1
2026-09-26T20:44:33Z,recommendationservice,519.0,2000,0.8,0.2595,0
2026-09-26T20:44:33Z,shippingservice,138.0,400,0.8,0.345,0
2026-09-26T20:44:33Z,currencyservice,230.0,500,0.8,0.46,0
2026-09-26T20:44:33Z,emailservice,37.0,150,0.8,0.24666666666666667,0
2026-09-26T20:44:33Z,adservice,72.0,600,0.8,0.12,0
2026-09-26T20:44:33Z,redis-cart,24.0,500,0.8,0.048,0
2026-09-26T20:44:34Z,frontend,176.4,1150,0.8,0.15339130434782608,0
2026-09-26T20:44:34Z,cartservice,352.0,1000,0.95,0.352,0
2026-09-26T20:44:34Z,checkoutservice,1447.0,1500,0.8,0.9646666666666667,1
2026-09-26T20:44:34Z,productcatalogservice,320.0,600,0.95,0.5333333333333333,0
2026-09-26T20:44:34Z,paymentservice,123.0,150,0.8,0.82,1
2026-09-26T20:44:34Z,recommendationservice,519.0,2000,0.8,0.2595,0
2026-09-26T20:44:34Z,shippingservice,147.0,400,0.8,0.3675,0
2026-09-26T20:44:34Z,currencyservice,238.0,500,0.8,0.476,0
2026-09-26T20:44:34Z,emailservice,37.0,150,0.8,0.24666666666666667,0
2026-09-26T20:44:34Z,adservice,64.0,600,0.8,0.10666666666666667,0
2026-09-26T20:44:34Z,redis-cart,24.0,500,0.8,0.048,0
2026-09-26T20:44:35Z,frontend,203.4,1150,0.8,0.1768695652173913,0
2026-09-26T20:44:35Z,cartservice,284.0,1000,0.95,0.284,0
2026-09-26T20:44:35Z,checkoutservice,1495.0,1500,0.8,0.9966666666666667,1
2026-09-26T20:44:35Z,productcatalogservice,358.0,600,0.95,0.5966666666666667,0
2026-09-26T20:44:35Z,paymentservice,146.0,150,0.8,0.9733333333333334,1
2026-09-26T20:44:35Z,recommendationservice,559.0,2000,0.8,0.2795,0
2026-09-26T20:44:35Z,shippingservice,130.0,400,0.8,0.325,0
2026-09-26T20:44:35Z,currencyservice,238.0,500,0.8,0.476,0
2026-09-26T20:44:35Z,emailservice,84.0,150,0.8,0.56,0
2026-09-26T20:44:35Z,adservice,64.0,600,0.8,0.10666666666666667,0
2026-09-26T20:44:35Z,redis-cart,22.0,500,0.8,0.044,0
2026-09-26T20:44:36Z,frontend,197.6,1150,0.8,0.17182608695652174,0
2026-09-26T20:44:36Z,cartservice,284.0,1000,0.95,0.284,0
2026-09-26T20:44:36Z,checkoutservice,1495.0,1500,0.8,0.9966666666666667,1
2026-09-26T20:44:36Z,productcatalogservice,358.0,600,0.95,0.5966666666666667,0
2026-09-26T20:44:36Z,paymentservice,146.0,150,0.8,0.9733333333333334,1
2026-09-26T20:44:36Z,recommendationservice,463.0,2000,0.8,0.2315,0
2026-09-26T20:44:36Z,shippingservice,130.0,400,0.8,0.325,0
2026-09-26T20:44:36Z,currencyservice,275.0,500,0.8,0.55,0
2026-09-26T20:44:36Z,emailservice,84.0,150,0.8,0.56,0
2026-09-26T20:44:36Z,adservice,63.0,600,0.8,0.105,0
2026-09-26T20:44:36Z,redis-cart,17.0,500,0.8,0.034,0
2026-09-26T20:44:37Z,frontend,178.2,1150,0.8,0.15495652173913044,0
2026-09-26T20:44:37Z,cartservice,279.0,1000,0.95,0.279,0
2026-09-26T20:44:37Z,checkoutservice,1503.0,1500,0.8,1.002,1
2026-09-26T20:44:37Z,productcatalogservice,343.0,600,0.95,0.5716666666666667,0
2026-09-26T20:44:37Z,paymentservice,128.0,150,0.8,0.8533333333333334,1
2026-09-26T20:44:37Z,recommendationservice,463.0,2000,0.8,0.2315,0
2026-09-26T20:44:37Z,shippingservice,153.0,400,0.8,0.3825,0
2026-09-26T20:44:37Z,currencyservice,275.0,500,0.8,0.55,0
2026-09-26T20:44:37Z,emailservice,41.0,150,0.8,0.2733333333333333,0
2026-09-26T20:44:37Z,adservice,86.0,600,0.8,0.14333333333333334,0
2026-09-26T20:44:37Z,redis-cart,21.0,500,0.8,0.042,0
2026-09-26T20:44:38Z,frontend,188.6,1150,0.8,0.164,0
2026-09-26T20:44:38Z,cartservice,279.0,1000,0.95,0.279,0
2026-09-26T20:44:38Z,checkoutservice,1473.0,1500,0.8,0.982,1
2026-09-26T20:44:38Z,productcatalogservice,343.0,600,0.95,0.5716666666666667,0
2026-09-26T20:44:38Z,paymentservice,144.0,150,0.8,0.96,1
2026-09-26T20:44:38Z,recommendationservice,535.0,2000,0.8,0.2675,0
2026-09-26T20:44:38Z,shippingservice,153.0,400,0.8,0.3825,0
2026-09-26T20:44:38Z,currencyservice,266.0,500,0.8,0.532,0
2026-09-26T20:44:38Z,emailservice,23.0,150,0.8,0.15333333333333332,0
2026-09-26T20:44:38Z,adservice,86.0,600,0.8,0.14333333333333334,0
2026-09-26T20:44:38Z,redis-cart,25.0,500,0.8,0.05,0
2026-09-26T20:44:39Z,frontend,190.4,1150,0.8,0.16556521739130436,0
2026-09-26T20:44:39Z,cartservice,315.0,1000,0.95,0.315,0
2026-09-26T20:44:39Z,checkoutservice,1473.0,1500,0.8,0.982,1
2026-09-26T20:44:39Z,productcatalogservice,350.0,600,0.95,0.5833333333333334,0
2026-09-26T20:44:39Z,paymentservice,144.0,150,0.8,0.96,1
2026-09-26T20:44:39Z,recommendationservice,535.0,2000,0.8,0.2675,0
2026-09-26T20:44:39Z,shippingservice,138.0,400,0.8,0.345,0
2026-09-26T20:44:39Z,currencyservice,266.0,500,0.8,0.532,0
2026-09-26T20:44:39Z,emailservice,23.0,150,0.8,0.15333333333333332,0
2026-09-26T20:44:39Z,adservice,79.0,600,0.8,0.13166666666666665,0
2026-09-26T20:44:39Z,redis-cart,25.0,500,0.8,0.05,0
2026-09-26T20:44:40Z,frontend,199.6,1150,0.8,0.17356521739130434,0
2026-09-26T20:44:40Z,cartservice,294.0,1000,0.95,0.294,0
2026-09-26T20:44:40Z,checkoutservice,1497.0,1500,0.8,0.998,1
2026-09-26T20:44:40Z,productcatalogservice,367.0,600,0.95,0.6116666666666667,0
2026-09-26T20:44:40Z,paymentservice,132.0,150,0.8,0.88,1
2026-09-26T20:44:40Z,recommendationservice,567.0,2000,0.8,0.2835,0
2026-09-26T20:44:40Z,shippingservice,141.0,400,0.8,0.3525,0
2026-09-26T20:44:40Z,currencyservice,280.0,500,0.8,0.56,0
2026-09-26T20:44:40Z,emailservice,26.0,150,0.8,0.17333333333333334,0
2026-09-26T20:44:40Z,adservice,68.0,600,0.8,0.11333333333333333,0
2026-09-26T20:44:40Z,redis-cart,23.0,500,0.8,0.046,0
2026-09-26T20:44:41Z,frontend,211.0,1150,0.8,0.18347826086956523,0
2026-09-26T20:44:41Z,cartservice,294.0,1000,0.95,0.294,0
2026-09-26T20:44:41Z,checkoutservice,1475.0,1500,0.8,0.9833333333333333,1
2026-09-26T20:44:41Z,productcatalogservice,367.0,600,0.95,0.6116666666666667,0
2026-09-26T20:44:41Z,paymentservice,145.0,150,0.8,0.9666666666666667,1
2026-09-26T20:44:41Z,recommendationservice,550.0,2000,0.8,0.275,0
2026-09-26T20:44:41Z,shippingservice,141.0,400,0.8,0.3525,0
2026-09-26T20:44:41Z,currencyservice,261.0,500,0.8,0.522,0
2026-09-26T20:44:41Z,emailservice,44.0,150,0.8,0.29333333333333333,0
2026-09-26T20:44:41Z,adservice,68.0,600,0.8,0.11333333333333333,0
2026-09-26T20:44:41Z,redis-cart,23.0,500,0.8,0.046,0
2026-09-26T20:44:42Z,frontend,211.0,1150,0.8,0.18347826086956523,0
2026-09-26T20:44:42Z,cartservice,316.0,1000,0.95,0.316,0
2026-09-26T20:44:42Z,checkoutservice,1546.0,1500,0.8,1.0306666666666666,1
2026-09-26T20:44:42Z,productcatalogservice,374.0,600,0.95,0.6233333333333333,0
2026-09-26T20:44:42Z,paymentservice,145.0,150,0.8,0.9666666666666667,1
2026-09-26T20:44:42Z,recommendationservice,487.0,2000,0.8,0.2435,0
2026-09-26T20:44:42Z,shippingservice,162.0,400,0.8,0.405,0
2026-09-26T20:44:42Z,currencyservice,250.0,500,0.8,0.5,0
2026-09-26T20:44:42Z,emailservice,44.0,150,0.8,0.29333333333333333,0
2026-09-26T20:44:42Z,adservice,92.0,600,0.8,0.15333333333333332,0
2026-09-26T20:44:42Z,redis-cart,25.0,500,0.8,0.05,0
2026-09-26T20:44:43Z,frontend,200.0,1150,0.8,0.17391304347826086,0
2026-09-26T20:44:43Z,cartservice,296.0,1000,0.95,0.296,0
2026-09-26T20:44:43Z,checkoutservice,1546.0,1500,0.8,1.0306666666666666,1
2026-09-26T20:44:43Z,productcatalogservice,346.0,600,0.95,0.5766666666666667,0
2026-09-26T20:44:43Z,paymentservice,152.0,150,0.8,1.0133333333333334,1
2026-09-26T20:44:43Z,recommendationservice,508.0,2000,0.8,0.254,0
2026-09-26T20:44:43Z,shippingservice,162.0,400,0.8,0.405,0
2026-09-26T20:44:43Z,currencyservice,250.0,500,0.8,0.5,0
2026-09-26T20:44:43Z,emailservice,44.0,150,0.8,0.29333333333333333,0
2026-09-26T20:44:43Z,adservice,78.0,600,0.8,0.13,0
2026-09-26T20:44:43Z,redis-cart,20.0,500,0.8,0.04,0
2026-09-26T20:44:44Z,frontend,193.8,1150,0.8,0.1685217391304348,0
2026-09-26T20:44:44Z,cartservice,296.0,1000,0.95,0.296,0
2026-09-26T20:44:44Z,checkoutservice,1434.0,1500,0.8,0.956,1
2026-09-26T20:44:44Z,productcatalogservice,346.0,600,0.95,0.5766666666666667,0
2026-09-26T20:44:44Z,paymentservice,152.0,150,0.8,1.0133333333333334,1
2026-09-26T20:44:44Z,recommendationservice,508.0,2000,0.8,0.254,0
2026-09-26T20:44:44Z,shippingservice,131.0,400,0.8,0.3275,0
2026-09-26T20:44:44Z,currencyservice,304.0,500,0.8,0.608,0
2026-09-26T20:44:44Z,emailservice,42.0,150,0.8,0.28,0
2026-09-26T20:44:44Z,adservice,78.0,600,0.8,0.13,0
2026-09-26T20:44:44Z,redis-cart,20.0,500,0.8,0.04,0
2026-09-26T20:44:45Z,frontend,197.6,1150,0.8,0.17182608695652174,0
2026-09-26T20:44:45Z,cartservice,319.0,1000,0.95,0.319,0
2026-09-26T20:44:45Z,checkoutservice,1509.0,1500,0.8,1.006,1
2026-09-26T20:44:45Z,productcatalogservice,385.0,600,0.95,0.6416666666666667,0
2026-09-26T20:44:45Z,paymentservice,137.0,150,0.8,0.9133333333333333,1
2026-09-26T20:44:45Z,recommendationservice,568.0,2000,0.8,0.284,0
2026-09-26T20:44:45Z,shippingservice,133.0,400,0.8,0.3325,0
2026-09-26T20:44:45Z,currencyservice,257.0,500,0.8,0.514,0
2026-09-26T20:44:45Z,emailservice,47.0,150,0.8,0.31333333333333335,0
2026-09-26T20:44:45Z,adservice,99.0,600,0.8,0.165,0
2026-09-26T20:44:45Z,redis-cart,21.0,500,0.8,0.042,0
2026-09-26T20:44:46Z,frontend,208.4,1150,0.8,0.18121739130434783,0
2026-09-26T20:44:46Z,cartservice,319.0,1000,0.95,0.319,0
2026-09-26T20:44:46Z,checkoutservice,1509.0,1500,0.8,1.006,1
2026-09-26T20:44:46Z,productcatalogservice,385.0,600,0.95,0.6416666666666667,0
2026-09-26T20:44:46Z,paymentservice,110.0,150,0.8,0.7333333333333333,0
2026-09-26T20:44:46Z,recommendationservice,534.0,2000,0.8,0.267,0
2026-09-26T20:44:46Z,shippingservice,133.0,400,0.8,0.3325,0
2026-09-26T20:44:46Z,currencyservice,257.0,500,0.8,0.514,0
2026-09-26T20:44:46Z,emailservice,47.0,150,0.8,0.31333333333333335,0
2026-09-26T20:44:46Z,adservice,63.0,600,0.8,0.105,0
2026-09-26T20:44:46Z,redis-cart,19.0,500,0.8,0.038,0
2026-09-26T20:44:47Z,frontend,194.0,1150,0.8,0.16869565217391305,0
2026-09-26T20:44:47Z,cartservice,276.0,1000,0.95,0.276,0
2026-09-26T20:44:47Z,checkoutservice,1477.0,1500,0.8,0.9846666666666667,1
2026-09-26T20:44:47Z,productcatalogservice,344.0,600,0.95,0.5733333333333334,0
2026-09-26T20:44:47Z,paymentservice,110.0,150,0.8,0.7333333333333333,0
2026-09-26T20:44:47Z,recommendationservice,470.0,2000,0.8,0.235,0
2026-09-26T20:44:47Z,shippingservice,150.0,400,0.8,0.375,0
2026-09-26T20:44:47Z,currencyservice,253.0,500,0.8,0.506,0
2026-09-26T20:44:47Z,emailservice,28.0,150,0.8,0.18666666666666668,0
2026-09-26T20:44:47Z,adservice,67.0,600,0.8,0.11166666666666666,0
2026-09-26T20:44:47Z,redis-cart,20.0,500,0.8,0.04,0
2026-09-26T20:44:48Z,frontend,190.2,1150,0.8,0.1653913043478261,0
2026-09-26T20:44:48Z,cartservice,257.0,1000,0.95,0.257,0
2026-09-26T20:44:48Z,checkoutservice,1527.0,1500,0.8,1.018,1
2026-09-26T20:44:48Z,productcatalogservice,351.0,600,0.95,0.585,0
2026-09-26T20:44:48Z,paymentservice,124.0,150,0.8,0.8266666666666667,1
2026-09-26T20:44:48Z,recommendationservice,470.0,2000,0.8,0.235,0
2026-09-26T20:44:48Z,shippingservice,130.0,400,0.8,0.325,0
2026-09-26T20:44:48Z,currencyservice,253.0,500,0.8,0.506,0
2026-09-26T20:44:48Z,emailservice,28.0,150,0.8,0.18666666666666668,0
2026-09-26T20:44:48Z,adservice,67.0,600,0.8,0.11166666666666666,0
2026-09-26T20:44:48Z,redis-cart,20.0,500,0.8,0.04,0
2026-09-26T20:44:49Z,frontend,214.8,1150,0.8,0.1867826086956522,0
2026-09-26T20:44:49Z,cartservice,257.0,1000,0.95,0.257,0
2026-09-26T20:44:49Z,checkoutservice,1527.0,1500,0.8,1.018,1
2026-09-26T20:44:49Z,productcatalogservice,351.0,600,0.95,0.585,0
2026-09-26T20:44:49Z,paymentservice,124.0,150,0.8,0.8266666666666667,1
2026-09-26T20:44:49Z,recommendationservice,548.0,2000,0.8,0.274,0
2026-09-26T20:44:49Z,shippingservice,130.0,400,0.8,0.325,0
2026-09-26T20:44:49Z,currencyservice,239.0,500,0.8,0.478,0
2026-09-26T20:44:49Z,emailservice,3.0,150,0.8,0.02,0
2026-09-26T20:44:49Z,adservice,79.0,600,0.8,0.13166666666666665,0
2026-09-26T20:44:49Z,redis-cart,20.0,500,0.8,0.04,0
2026-09-26T20:44:50Z,frontend,198.8,1150,0.8,0.1728695652173913,0
2026-09-26T20:44:50Z,cartservice,285.0,1000,0.95,0.285,0
2026-09-26T20:44:50Z,checkoutservice,1482.0,1500,0.8,0.988,1
2026-09-26T20:44:50Z,productcatalogservice,370.0,600,0.95,0.6166666666666667,0
2026-09-26T20:44:50Z,paymentservice,31.0,150,0.8,0.20666666666666667,0
2026-09-26T20:44:50Z,recommendationservice,537.0,2000,0.8,0.2685,0
2026-09-26T20:44:50Z,shippingservice,52.0,400,0.8,0.13,0
2026-09-26T20:44:50Z,currencyservice,183.0,500,0.8,0.366,0
2026-09-26T20:44:50Z,emailservice,0.0,150,0.8,0.0,0
2026-09-26T20:44:50Z,adservice,69.0,600,0.8,0.115,0
2026-09-26T20:44:50Z,redis-cart,20.0,500,0.8,0.04,0
2026-09-26T20:44:51Z,frontend,206.2,1150,0.8,0.17930434782608695,0
2026-09-26T20:44:51Z,cartservice,141.0,1000,0.95,0.141,0
2026-09-26T20:44:51Z,checkoutservice,1482.0,1500,0.8,0.988,1
2026-09-26T20:44:51Z,productcatalogservice,365.0,600,0.95,0.6083333333333333,0
2026-09-26T20:44:51Z,paymentservice,0.0,150,0.8,0.0,0
2026-09-26T20:44:51Z,recommendationservice,537.0,2000,0.8,0.2685,0
2026-09-26T20:44:51Z,shippingservice,58.0,400,0.8,0.145,0
2026-09-26T20:44:51Z,currencyservice,183.0,500,0.8,0.366,0
2026-09-26T20:44:51Z,emailservice,31.0,150,0.8,0.20666666666666667,0
2026-09-26T20:44:51Z,adservice,69.0,600,0.8,0.115,0
2026-09-26T20:44:51Z,redis-cart,16.0,500,0.8,0.032,0
2026-09-26T20:44:52Z,frontend,198.4,1150,0.8,0.17252173913043478,0
2026-09-26T20:44:52Z,cartservice,141.0,1000,0.95,0.141,0
2026-09-26T20:44:52Z,checkoutservice,1541.0,1500,0.8,1.0273333333333334,1
2026-09-26T20:44:52Z,productcatalogservice,365.0,600,0.95,0.6083333333333333,0
2026-09-26T20:44:52Z,paymentservice,17.0,150,0.8,0.11333333333333333,0
2026-09-26T20:44:52Z,recommendationservice,510.0,2000,0.8,0.255,0
2026-09-26T20:44:52Z,shippingservice,51.0,400,0.8,0.1275,0
2026-09-26T20:44:52Z,currencyservice,126.0,500,0.8,0.252,0
2026-09-26T20:44:52Z,emailservice,31.0,150,0.8,0.20666666666666667,0
2026-09-26T20:44:52Z,adservice,84.0,600,0.8,0.14,0
2026-09-26T20:44:52Z,redis-cart,19.0,500,0.8,0.038,0
2026-09-26T20:44:53Z,frontend,200.4,1150,0.8,0.17426086956521739,0
2026-09-26T20:44:53Z,cartservice,295.0,1000,0.95,0.295,0
2026-09-26T20:44:53Z,checkoutservice,0.0,1500,0.8,0.0,0
2026-09-26T20:44:53Z,productcatalogservice,386.0,600,0.95,0.6433333333333333,0
2026-09-26T20:44:53Z,paymentservice,17.0,150,0.8,0.11333333333333333,0
2026-09-26T20:44:53Z,recommendationservice,510.0,2000,0.8,0.255,0
2026-09-26T20:44:53Z,shippingservice,67.0,400,0.8,0.1675,0
2026-09-26T20:44:53Z,currencyservice,126.0,500,0.8,0.252,0
2026-09-26T20:44:53Z,emailservice,0.0,150,0.8,0.0,0
2026-09-26T20:44:53Z,adservice,84.0,600,0.8,0.14,0
2026-09-26T20:44:53Z,redis-cart,19.0,500,0.8,0.038,0
2026-09-26T20:44:54Z,frontend,250.2,1150,0.8,0.21756521739130433,0
2026-09-26T20:44:54Z,cartservice,115.0,1000,0.95,0.115,0
2026-09-26T20:44:54Z,checkoutservice,0.0,1500,0.8,0.0,0
2026-09-26T20:44:54Z,productcatalogservice,462.0,600,0.95,0.77,0
2026-09-26T20:44:54Z,paymentservice,0.0,150,0.8,0.0,0
2026-09-26T20:44:54Z,recommendationservice,605.0,2000,0.8,0.3025,0
2026-09-26T20:44:54Z,shippingservice,39.0,400,0.8,0.0975,0
2026-09-26T20:44:54Z,currencyservice,182.0,500,0.8,0.364,0
2026-09-26T20:44:54Z,emailservice,0.0,150,0.8,0.0,0
2026-09-26T20:44:54Z,adservice,69.0,600,0.8,0.115,0
2026-09-26T20:44:54Z,redis-cart,18.0,500,0.8,0.036,0
2026-09-26T20:44:55Z,frontend,236.6,1150,0.8,0.2057391304347826,0
2026-09-26T20:44:55Z,cartservice,251.0,1000,0.95,0.251,0
2026-09-26T20:44:55Z,checkoutservice,123.0,1500,0.8,0.082,0
2026-09-26T20:44:55Z,productcatalogservice,446.0,600,0.95,0.7433333333333333,0
2026-09-26T20:44:55Z,paymentservice,21.0,150,0.8,0.14,0
2026-09-26T20:44:55Z,recommendationservice,735.0,2000,0.8,0.3675,0
2026-09-26T20:44:55Z,shippingservice,39.0,400,0.8,0.0975,0
2026-09-26T20:44:55Z,currencyservice,183.0,500,0.8,0.366,0
2026-09-26T20:44:55Z,emailservice,0.0,150,0.8,0.0,0
2026-09-26T20:44:55Z,adservice,73.0,600,0.8,0.12166666666666667,0
2026-09-26T20:44:55Z,redis-cart,17.0,500,0.8,0.034,0
2026-09-26T20:44:56Z,frontend,208.2,1150,0.8,0.18104347826086956,0
2026-09-26T20:44:56Z,cartservice,251.0,1000,0.95,0.251,0
2026-09-26T20:44:56Z,checkoutservice,123.0,1500,0.8,0.082,0
2026-09-26T20:44:56Z,productcatalogservice,363.0,600,0.95,0.605,0
2026-09-26T20:44:56Z,paymentservice,21.0,150,0.8,0.14,0
2026-09-26T20:44:56Z,recommendationservice,735.0,2000,0.8,0.3675,0
2026-09-26T20:44:56Z,shippingservice,86.0,400,0.8,0.215,0
2026-09-26T20:44:56Z,currencyservice,183.0,500,0.8,0.366,0
2026-09-26T20:44:56Z,emailservice,60.0,150,0.8,0.4,0
2026-09-26T20:44:56Z,adservice,73.0,600,0.8,0.12166666666666667,0
2026-09-26T20:44:56Z,redis-cart,18.0,500,0.8,0.036,0
2026-09-26T20:44:57Z,frontend,208.2,1150,0.8,0.18104347826086956,0
2026-09-26T20:44:57Z,cartservice,256.0,1000,0.95,0.256,0
2026-09-26T20:44:57Z,checkoutservice,1578.0,1500,0.8,1.052,1
2026-09-26T20:44:57Z,productcatalogservice,363.0,600,0.95,0.605,0
2026-09-26T20:44:57Z,paymentservice,0.0,150,0.8,0.0,0
2026-09-26T20:44:57Z,recommendationservice,560.0,2000,0.8,0.28,0
2026-09-26T20:44:57Z,shippingservice,77.0,400,0.8,0.1925,0
2026-09-26T20:44:57Z,currencyservice,223.0,500,0.8,0.446,0
2026-09-26T20:44:57Z,emailservice,60.0,150,0.8,0.4,0
2026-09-26T20:44:57Z,adservice,75.0,600,0.8,0.125,0
2026-09-26T20:44:57Z,redis-cart,19.0,500,0.8,0.038,0
2026-09-26T20:44:58Z,frontend,212.2,1150,0.8,0.18452173913043476,0
2026-09-26T20:44:58Z,cartservice,196.0,1000,0.95,0.196,0
2026-09-26T20:44:58Z,checkoutservice,1512.0,1500,0.8,1.008,1
2026-09-26T20:44:58Z,productcatalogservice,369.0,600,0.95,0.615,0
2026-09-26T20:44:58Z,paymentservice,0.0,150,0.8,0.0,0
2026-09-26T20:44:58Z,recommendationservice,489.0,2000,0.8,0.2445,0
2026-09-26T20:44:58Z,shippingservice,77.0,400,0.8,0.1925,0
2026-09-26T20:44:58Z,currencyservice,176.0,500,0.8,0.352,0
2026-09-26T20:44:58Z,emailservice,0.0,150,0.8,0.0,0
2026-09-26T20:44:58Z,adservice,75.0,600,0.8,0.125,0
2026-09-26T20:44:58Z,redis-cart,19.0,500,0.8,0.038,0
2026-09-26T20:44:59Z,frontend,190.0,1150,0.8,0.16521739130434782,0
2026-09-26T20:44:59Z,cartservice,181.0,1000,0.95,0.181,0
2026-09-26T20:44:59Z,checkoutservice,1512.0,1500,0.8,1.008,1
2026-09-26T20:44:59Z,productcatalogservice,428.0,600,0.95,0.7133333333333334,0
2026-09-26T20:44:59Z,paymentservice,0.0,150,0.8,0.0,0
2026-09-26T20:44:59Z,recommendationservice,558.0,2000,0.8,0.279,0
2026-09-26T20:44:59Z,shippingservice,57.0,400,0.8,0.1425,0
2026-09-26T20:44:59Z,currencyservice,176.0,500,0.8,0.352,0
2026-09-26T20:44:59Z,emailservice,0.0,150,0.8,0.0,0
2026-09-26T20:44:59Z,adservice,99.0,600,0.8,0.165,0
2026-09-26T20:44:59Z,redis-cart,18.0,500,0.8,0.036,0
2026-09-26T20:45:00Z,frontend,208.4,1150,0.8,0.18121739130434783,0
2026-09-26T20:45:00Z,cartservice,181.0,1000,0.95,0.181,0
2026-09-26T20:45:00Z,checkoutservice,1512.0,1500,0.8,1.008,1
2026-09-26T20:45:00Z,productcatalogservice,428.0,600,0.95,0.7133333333333334,0
2026-09-26T20:45:00Z,paymentservice,0.0,150,0.8,0.0,0
2026-09-26T20:45:00Z,recommendationservice,558.0,2000,0.8,0.279,0
2026-09-26T20:45:00Z,shippingservice,58.0,400,0.8,0.145,0
2026-09-26T20:45:00Z,currencyservice,196.0,500,0.8,0.392,0
2026-09-26T20:45:00Z,emailservice,20.0,150,0.8,0.13333333333333333,0
2026-09-26T20:45:00Z,adservice,67.0,600,0.8,0.11166666666666666,0
2026-09-26T20:45:00Z,redis-cart,15.0,500,0.8,0.03,0
2026-09-26T20:45:01Z,frontend,221.8,1150,0.8,0.19286956521739132,0
2026-09-26T20:45:01Z,cartservice,253.0,1000,0.95,0.253,0
2026-09-26T20:45:01Z,checkoutservice,1469.0,1500,0.8,0.9793333333333333,1
2026-09-26T20:45:01Z,productcatalogservice,391.0,600,0.95,0.6516666666666666,0
2026-09-26T20:45:01Z,paymentservice,0.0,150,0.8,0.0,0
2026-09-26T20:45:01Z,recommendationservice,624.0,2000,0.8,0.312,0
2026-09-26T20:45:01Z,shippingservice,39.0,400,0.8,0.0975,0
2026-09-26T20:45:01Z,currencyservice,137.0,500,0.8,0.274,0
2026-09-26T20:45:01Z,emailservice,0.0,150,0.8,0.0,0
2026-09-26T20:45:01Z,adservice,72.0,600,0.8,0.12,0
2026-09-26T20:45:01Z,redis-cart,15.0,500,0.8,0.03,0
2026-09-26T20:45:02Z,frontend,212.0,1150,0.8,0.18434782608695652,0
2026-09-26T20:45:02Z,cartservice,183.0,1000,0.95,0.183,0
2026-09-26T20:45:02Z,checkoutservice,1469.0,1500,0.8,0.9793333333333333,1
2026-09-26T20:45:02Z,productcatalogservice,417.0,600,0.95,0.695,0
2026-09-26T20:45:02Z,paymentservice,17.0,150,0.8,0.11333333333333333,0
2026-09-26T20:45:02Z,recommendationservice,624.0,2000,0.8,0.312,0
2026-09-26T20:45:02Z,shippingservice,39.0,400,0.8,0.0975,0
2026-09-26T20:45:02Z,currencyservice,137.0,500,0.8,0.274,0
2026-09-26T20:45:02Z,emailservice,0.0,150,0.8,0.0,0
2026-09-26T20:45:02Z,adservice,72.0,600,0.8,0.12,0
2026-09-26T20:45:02Z,redis-cart,17.0,500,0.8,0.034,0
2026-09-26T20:45:03Z,frontend,222.8,1150,0.8,0.1937391304347826,0
2026-09-26T20:45:03Z,cartservice,198.0,1000,0.95,0.198,0
2026-09-26T20:45:03Z,checkoutservice,1524.0,1500,0.8,1.016,1
2026-09-26T20:45:03Z,productcatalogservice,417.0,600,0.95,0.695,0
2026-09-26T20:45:03Z,paymentservice,0.0,150,0.8,0.0,0
2026-09-26T20:45:03Z,recommendationservice,606.0,2000,0.8,0.303,0
2026-09-26T20:45:03Z,shippingservice,62.0,400,0.8,0.155,0
2026-09-26T20:45:03Z,currencyservice,186.0,500,0.8,0.372,0
2026-09-26T20:45:03Z,emailservice,0.0,150,0.8,0.0,0
2026-09-26T20:45:03Z,adservice,121.0,600,0.8,0.20166666666666666,0
2026-09-26T20:45:03Z,redis-cart,17.0,500,0.8,0.034,0
2026-09-26T20:45:04Z,frontend,218.6,1150,0.8,0.19008695652173913,0
2026-09-26T20:45:04Z,cartservice,198.0,1000,0.95,0.198,0
2026-09-26T20:45:04Z,checkoutservice,1454.0,1500,0.8,0.9693333333333334,1
2026-09-26T20:45:04Z,productcatalogservice,430.0,600,0.95,0.7166666666666667,0
2026-09-26T20:45:04Z,paymentservice,0.0,150,0.8,0.0,0
2026-09-26T20:45:04Z,recommendationservice,606.0,2000,0.8,0.303,0
2026-09-26T20:45:04Z,shippingservice,62.0,400,0.8,0.155,0
2026-09-26T20:45:04Z,currencyservice,186.0,500,0.8,0.372,0
2026-09-26T20:45:04Z,emailservice,0.0,150,0.8,0.0,0
2026-09-26T20:45:04Z,adservice,91.0,600,0.8,0.15166666666666667,0
2026-09-26T20:45:04Z,redis-cart,18.0,500,0.8,0.036,0
2026-09-26T20:45:05Z,frontend,224.2,1150,0.8,0.19495652173913042,0
2026-09-26T20:45:05Z,cartservice,247.0,1000,0.95,0.247,0
2026-09-26T20:45:05Z,checkoutservice,1454.0,1500,0.8,0.9693333333333334,1
2026-09-26T20:45:05Z,productcatalogservice,395.0,600,0.95,0.6583333333333333,0
2026-09-26T20:45:05Z,paymentservice,0.0,150,0.8,0.0,0
2026-09-26T20:45:05Z,recommendationservice,570.0,2000,0.8,0.285,0
2026-09-26T20:45:05Z,shippingservice,52.0,400,0.8,0.13,0
2026-09-26T20:45:05Z,currencyservice,187.0,500,0.8,0.374,0
2026-09-26T20:45:05Z,emailservice,0.0,150,0.8,0.0,0
2026-09-26T20:45:05Z,adservice,91.0,600,0.8,0.15166666666666667,0
2026-09-26T20:45:05Z,redis-cart,15.0,500,0.8,0.03,0
2026-09-26T20:45:06Z,frontend,220.4,1150,0.8,0.19165217391304348,0
2026-09-26T20:45:06Z,cartservice,177.0,1000,0.95,0.177,0
2026-09-26T20:45:06Z,checkoutservice,1509.0,1500,0.8,1.006,1
2026-09-26T20:45:06Z,productcatalogservice,395.0,600,0.95,0.6583333333333333,0
2026-09-26T20:45:06Z,paymentservice,0.0,150,0.8,0.0,0
2026-09-26T20:45:06Z,recommendationservice,570.0,2000,0.8,0.285,0
2026-09-26T20:45:06Z,shippingservice,52.0,400,0.8,0.13,0
2026-09-26T20:45:06Z,currencyservice,177.0,500,0.8,0.354,0
2026-09-26T20:45:06Z,emailservice,19.0,150,0.8,0.12666666666666668,0
2026-09-26T20:45:06Z,adservice,79.0,600,0.8,0.13166666666666665,0
2026-09-26T20:45:06Z,redis-cart,15.0,500,0.8,0.03,0
2026-09-26T20:45:07Z,frontend,220.4,1150,0.8,0.19165217391304348,0
2026-09-26T20:45:07Z,cartservice,177.0,1000,0.95,0.177,0
2026-09-26T20:45:07Z,checkoutservice,1509.0,1500,0.8,1.006,1
2026-09-26T20:45:07Z,productcatalogservice,428.0,600,0.95,0.7133333333333334,0
2026-09-26T20:45:07Z,paymentservice,0.0,150,0.8,0.0,0
2026-09-26T20:45:07Z,recommendationservice,575.0,2000,0.8,0.2875,0
2026-09-26T20:45:07Z,shippingservice,76.0,400,0.8,0.19,0
2026-09-26T20:45:07Z,currencyservice,200.0,500,0.8,0.4,0
2026-09-26T20:45:07Z,emailservice,0.0,150,0.8,0.0,0
2026-09-26T20:45:07Z,adservice,79.0,600,0.8,0.13166666666666665,0
2026-09-26T20:45:07Z,redis-cart,20.0,500,0.8,0.04,0
2026-09-26T20:45:08Z,frontend,224.0,1150,0.8,0.19478260869565217,0
2026-09-26T20:45:08Z,cartservice,239.0,1000,0.95,0.239,0
2026-09-26T20:45:08Z,checkoutservice,1535.0,1500,0.8,1.0233333333333334,1
2026-09-26T20:45:08Z,productcatalogservice,428.0,600,0.95,0.7133333333333334,0
2026-09-26T20:45:08Z,paymentservice,0.0,150,0.8,0.0,0
2026-09-26T20:45:08Z,recommendationservice,577.0,2000,0.8,0.2885,0
2026-09-26T20:45:08Z,shippingservice,76.0,400,0.8,0.19,0
2026-09-26T20:45:08Z,currencyservice,207.0,500,0.8,0.414,0
2026-09-26T20:45:08Z,emailservice,0.0,150,0.8,0.0,0
2026-09-26T20:45:08Z,adservice,65.0,600,0.8,0.10833333333333334,0
2026-09-26T20:45:08Z,redis-cart,17.0,500,0.8,0.034,0
2026-09-26T20:45:09Z,frontend,219.6,1150,0.8,0.19095652173913044,0
2026-09-26T20:45:09Z,cartservice,225.0,1000,0.95,0.225,0
2026-09-26T20:45:09Z,checkoutservice,1434.0,1500,0.8,0.956,1
2026-09-26T20:45:09Z,productcatalogservice,363.0,600,0.95,0.605,0
2026-09-26T20:45:09Z,paymentservice,28.0,150,0.8,0.18666666666666668,0
2026-09-26T20:45:09Z,recommendationservice,506.0,2000,0.8,0.253,0
2026-09-26T20:45:09Z,shippingservice,67.0,400,0.8,0.1675,0
2026-09-26T20:45:09Z,currencyservice,207.0,500,0.8,0.414,0
2026-09-26T20:45:09Z,emailservice,0.0,150,0.8,0.0,0
2026-09-26T20:45:09Z,adservice,80.0,600,0.8,0.13333333333333333,0
2026-09-26T20:45:09Z,redis-cart,17.0,500,0.8,0.034,0
2026-09-26T20:45:10Z,frontend,210.2,1150,0.8,0.18278260869565216,0
2026-09-26T20:45:10Z,cartservice,225.0,1000,0.95,0.225,0
2026-09-26T20:45:10Z,checkoutservice,1571.0,1500,0.8,1.0473333333333332,1
2026-09-26T20:45:10Z,productcatalogservice,412.0,600,0.95,0.6866666666666666,0
2026-09-26T20:45:10Z,paymentservice,28.0,150,0.8,0.18666666666666668,0
2026-09-26T20:45:10Z,recommendationservice,506.0,2000,0.8,0.253,0
2026-09-26T20:45:10Z,shippingservice,67.0,400,0.8,0.1675,0
2026-09-26T20:45:10Z,currencyservice,212.0,500,0.8,0.424,0
2026-09-26T20:45:10Z,emailservice,25.0,150,0.8,0.16666666666666666,0
2026-09-26T20:45:10Z,adservice,80.0,600,0.8,0.13333333333333333,0
2026-09-26T20:45:10Z,redis-cart,21.0,500,0.8,0.042,0
2026-09-26T20:45:11Z,frontend,212.2,1150,0.8,0.18452173913043476,0
2026-09-26T20:45:11Z,cartservice,246.0,1000,0.95,0.246,0
2026-09-26T20:45:11Z,checkoutservice,1571.0,1500,0.8,1.0473333333333332,1
2026-09-26T20:45:11Z,productcatalogservice,412.0,600,0.95,0.6866666666666666,0
2026-09-26T20:45:11Z,paymentservice,0.0,150,0.8,0.0,0
2026-09-26T20:45:11Z,recommendationservice,615.0,2000,0.8,0.3075,0
2026-09-26T20:45:11Z,shippingservice,54.0,400,0.8,0.135,0
2026-09-26T20:45:11Z,currencyservice,204.0,500,0.8,0.408,0
2026-09-26T20:45:11Z,emailservice,25.0,150,0.8,0.16666666666666666,0
2026-09-26T20:45:11Z,adservice,73.0,600,0.8,0.12166666666666667,0
2026-09-26T20:45:11Z,redis-cart,16.0,500,0.8,0.032,0
2026-09-26T20:45:12Z,frontend,216.6,1150,0.8,0.18834782608695652,0
2026-09-26T20:45:12Z,cartservice,193.0,1000,0.95,0.193,0
2026-09-26T20:45:12Z,checkoutservice,1481.0,1500,0.8,0.9873333333333333,1
2026-09-26T20:45:12Z,productcatalogservice,401.0,600,0.95,0.6683333333333333,0
2026-09-26T20:45:12Z,paymentservice,33.0,150,0.8,0.22,0
2026-09-26T20:45:12Z,recommendationservice,495.0,2000,0.8,0.2475,0
2026-09-26T20:45:12Z,shippingservice,91.0,400,0.8,0.2275,0
2026-09-26T20:45:12Z,currencyservice,204.0,500,0.8,0.408,0
2026-09-26T20:45:12Z,emailservice,0.0,150,0.8,0.0,0
2026-09-26T20:45:12Z,adservice,73.0,600,0.8,0.12166666666666667,0
2026-09-26T20:45:12Z,redis-cart,16.0,500,0.8,0.032,0
2026-09-26T20:45:13Z,frontend,211.8,1150,0.8,0.18417391304347827,0
2026-09-26T20:45:13Z,cartservice,193.0,1000,0.95,0.193,0
2026-09-26T20:45:13Z,checkoutservice,1474.0,1500,0.8,0.9826666666666667,1
2026-09-26T20:45:13Z,productcatalogservice,388.0,600,0.95,0.6466666666666666,0
2026-09-26T20:45:13Z,paymentservice,33.0,150,0.8,0.22,0
2026-09-26T20:45:13Z,recommendationservice,495.0,2000,0.8,0.2475,0
2026-09-26T20:45:13Z,shippingservice,91.0,400,0.8,0.2275,0
2026-09-26T20:45:13Z,currencyservice,161.0,500,0.8,0.322,0
2026-09-26T20:45:13Z,emailservice,0.0,150,0.8,0.0,0
2026-09-26T20:45:13Z,adservice,80.0,600,0.8,0.13333333333333333,0
2026-09-26T20:45:13Z,redis-cart,18.0,500,0.8,0.036,0
2026-09-26T20:45:14Z,frontend,217.2,1150,0.8,0.1888695652173913,0
2026-09-26T20:45:14Z,cartservice,287.0,1000,0.95,0.287,0
2026-09-26T20:45:14Z,checkoutservice,1474.0,1500,0.8,0.9826666666666667,1
2026-09-26T20:45:14Z,productcatalogservice,388.0,600,0.95,0.6466666666666666,0
2026-09-26T20:45:14Z,paymentservice,0.0,150,0.8,0.0,0
2026-09-26T20:45:14Z,recommendationservice,589.0,2000,0.8,0.2945,0
2026-09-26T20:45:14Z,shippingservice,66.0,400,0.8,0.165,0
2026-09-26T20:45:14Z,currencyservice,145.0,500,0.8,0.29,0
2026-09-26T20:45:14Z,emailservice,0.0,150,0.8,0.0,0
2026-09-26T20:45:14Z,adservice,105.0,600,0.8,0.175,0
2026-09-26T20:45:14Z,redis-cart,16.0,500,0.8,0.032,0
2026-09-26T20:45:15Z,frontend,215.6,1150,0.8,0.1874782608695652,0
2026-09-26T20:45:15Z,cartservice,232.0,1000,0.95,0.232,0
2026-09-26T20:45:15Z,checkoutservice,1507.0,1500,0.8,1.0046666666666666,1
2026-09-26T20:45:15Z,productcatalogservice,427.0,600,0.95,0.7116666666666667,0
2026-09-26T20:45:15Z,paymentservice,46.0,150,0.8,0.30666666666666664,0
2026-09-26T20:45:15Z,recommendationservice,530.0,2000,0.8,0.265,0
2026-09-26T20:45:15Z,shippingservice,66.0,400,0.8,0.165,0
2026-09-26T20:45:15Z,currencyservice,263.0,500,0.8,0.526,0
2026-09-26T20:45:15Z,emailservice,0.0,150,0.8,0.0,0
2026-09-26T20:45:15Z,adservice,105.0,600,0.8,0.175,0
2026-09-26T20:45:15Z,redis-cart,18.0,500,0.8,0.036,0
2026-09-26T20:45:16Z,frontend,225.8,1150,0.8,0.19634782608695653,0
2026-09-26T20:45:16Z,cartservice,232.0,1000,0.95,0.232,0
2026-09-26T20:45:16Z,checkoutservice,1507.0,1500,0.8,1.0046666666666666,1
2026-09-26T20:45:16Z,productcatalogservice,391.0,600,0.95,0.6516666666666666,0
2026-09-26T20:45:16Z,paymentservice,46.0,150,0.8,0.30666666666666664,0
2026-09-26T20:45:16Z,recommendationservice,530.0,2000,0.8,0.265,0
2026-09-26T20:45:16Z,shippingservice,93.0,400,0.8,0.2325,0
2026-09-26T20:45:16Z,currencyservice,263.0,500,0.8,0.526,0
2026-09-26T20:45:16Z,emailservice,29.0,150,0.8,0.19333333333333333,0
2026-09-26T20:45:16Z,adservice,77.0,600,0.8,0.12833333333333333,0
2026-09-26T20:45:16Z,redis-cart,16.0,500,0.8,0.032,0
2026-09-26T20:45:17Z,frontend,224.4,1150,0.8,0.1951304347826087,0
2026-09-26T20:45:17Z,cartservice,221.0,1000,0.95,0.221,0
2026-09-26T20:45:17Z,checkoutservice,1500.0,1500,0.8,1.0,1
2026-09-26T20:45:17Z,productcatalogservice,364.0,600,0.95,0.6066666666666667,0
2026-09-26T20:45:17Z,paymentservice,40.0,150,0.8,0.26666666666666666,0
2026-09-26T20:45:17Z,recommendationservice,543.0,2000,0.8,0.2715,0
2026-09-26T20:45:17Z,shippingservice,93.0,400,0.8,0.2325,0
2026-09-26T20:45:17Z,currencyservice,226.0,500,0.8,0.452,0
2026-09-26T20:45:17Z,emailservice,0.0,150,0.8,0.0,0
2026-09-26T20:45:17Z,adservice,77.0,600,0.8,0.12833333333333333,0
2026-09-26T20:45:17Z,redis-cart,16.0,500,0.8,0.032,0
2026-09-26T20:45:18Z,frontend,208.6,1150,0.8,0.18139130434782608,0
2026-09-26T20:45:18Z,cartservice,221.0,1000,0.95,0.221,0
2026-09-26T20:45:18Z,checkoutservice,1500.0,1500,0.8,1.0,1
2026-09-26T20:45:18Z,productcatalogservice,364.0,600,0.95,0.6066666666666667,0
2026-09-26T20:45:18Z,paymentservice,40.0,150,0.8,0.26666666666666666,0
2026-09-26T20:45:18Z,recommendationservice,470.0,2000,0.8,0.235,0
2026-09-26T20:45:18Z,shippingservice,97.0,400,0.8,0.2425,0
2026-09-26T20:45:18Z,currencyservice,233.0,500,0.8,0.466,0
2026-09-26T20:45:18Z,emailservice,0.0,150,0.8,0.0,0
2026-09-26T20:45:18Z,adservice,84.0,600,0.8,0.14,0
2026-09-26T20:45:18Z,redis-cart,17.0,500,0.8,0.034,0
2026-09-26T20:45:19Z,frontend,193.6,1150,0.8,0.1683478260869565,0
2026-09-26T20:45:19Z,cartservice,252.0,1000,0.95,0.252,0
2026-09-26T20:45:19Z,checkoutservice,1494.0,1500,0.8,0.996,1
2026-09-26T20:45:19Z,productcatalogservice,396.0,600,0.95,0.66,0
2026-09-26T20:45:19Z,paymentservice,11.0,150,0.8,0.07333333333333333,0
2026-09-26T20:45:19Z,recommendationservice,470.0,2000,0.8,0.235,0
2026-09-26T20:45:19Z,shippingservice,81.0,400,0.8,0.2025,0
2026-09-26T20:45:19Z,currencyservice,233.0,500,0.8,0.466,0
2026-09-26T20:45:19Z,emailservice,0.0,150,0.8,0.0,0
2026-09-26T20:45:19Z,adservice,76.0,600,0.8,0.12666666666666668,0
2026-09-26T20:45:19Z,redis-cart,23.0,500,0.8,0.046,0
2026-09-26T20:45:20Z,frontend,198.2,1150,0.8,0.1723478260869565,0
2026-09-26T20:45:20Z,cartservice,321.0,1000,0.95,0.321,0
2026-09-26T20:45:20Z,checkoutservice,1494.0,1500,0.8,0.996,1
2026-09-26T20:45:20Z,productcatalogservice,345.0,600,0.95,0.575,0
2026-09-26T20:45:20Z,paymentservice,118.0,150,0.8,0.7866666666666666,0
2026-09-26T20:45:20Z,recommendationservice,550.0,2000,0.8,0.275,0
2026-09-26T20:45:20Z,shippingservice,81.0,400,0.8,0.2025,0
2026-09-26T20:45:20Z,currencyservice,200.0,500,0.8,0.4,0
2026-09-26T20:45:20Z,emailservice,19.0,150,0.8,0.12666666666666668,0
2026-09-26T20:45:20Z,adservice,76.0,600,0.8,0.12666666666666668,0
2026-09-26T20:45:20Z,redis-cart,23.0,500,0.8,0.046,0
2026-09-26T20:45:21Z,frontend,213.0,1150,0.8,0.18521739130434783,0
2026-09-26T20:45:21Z,cartservice,196.0,1000,0.95,0.196,0
2026-09-26T20:45:21Z,checkoutservice,1480.0,1500,0.8,0.9866666666666667,1
2026-09-26T20:45:21Z,productcatalogservice,345.0,600,0.95,0.575,0
2026-09-26T20:45:21Z,paymentservice,118.0,150,0.8,0.7866666666666666,0
2026-09-26T20:45:21Z,recommendationservice,510.0,2000,0.8,0.255,0
2026-09-26T20:45:21Z,shippingservice,92.0,400,0.8,0.23,0
2026-09-26T20:45:21Z,currencyservice,200.0,500,0.8,0.4,0
2026-09-26T20:45:21Z,emailservice,19.0,150,0.8,0.12666666666666668,0
2026-09-26T20:45:21Z,adservice,72.0,600,0.8,0.12,0
2026-09-26T20:45:21Z,redis-cart,21.0,500,0.8,0.042,0
2026-09-26T20:45:22Z,frontend,195.0,1150,0.8,0.16956521739130434,0
2026-09-26T20:45:22Z,cartservice,196.0,1000,0.95,0.196,0
2026-09-26T20:45:22Z,checkoutservice,1477.0,1500,0.8,0.9846666666666667,1
2026-09-26T20:45:22Z,productcatalogservice,389.0,600,0.95,0.6483333333333333,0
2026-09-26T20:45:22Z,paymentservice,77.0,150,0.8,0.5133333333333333,0
2026-09-26T20:45:22Z,recommendationservice,537.0,2000,0.8,0.2685,0
2026-09-26T20:45:22Z,shippingservice,128.0,400,0.8,0.32,0
2026-09-26T20:45:22Z,currencyservice,266.0,500,0.8,0.532,0
2026-09-26T20:45:22Z,emailservice,8.0,150,0.8,0.05333333333333334,0
2026-09-26T20:45:22Z,adservice,72.0,600,0.8,0.12,0
2026-09-26T20:45:22Z,redis-cart,19.0,500,0.8,0.038,0
2026-09-26T20:45:23Z,frontend,202.2,1150,0.8,0.17582608695652172,0
2026-09-26T20:45:23Z,cartservice,367.0,1000,0.95,0.367,0
2026-09-26T20:45:23Z,checkoutservice,1477.0,1500,0.8,0.9846666666666667,1
2026-09-26T20:45:23Z,productcatalogservice,386.0,600,0.95,0.6433333333333333,0
2026-09-26T20:45:23Z,paymentservice,72.0,150,0.8,0.48,0
2026-09-26T20:45:23Z,recommendationservice,537.0,2000,0.8,0.2685,0
2026-09-26T20:45:23Z,shippingservice,128.0,400,0.8,0.32,0
2026-09-26T20:45:23Z,currencyservice,253.0,500,0.8,0.506,0
2026-09-26T20:45:23Z,emailservice,3.0,150,0.8,0.02,0
2026-09-26T20:45:23Z,adservice,77.0,600,0.8,0.12833333333333333,0
2026-09-26T20:45:23Z,redis-cart,19.0,500,0.8,0.038,0
2026-09-26T20:45:24Z,frontend,209.4,1150,0.8,0.18208695652173915,0
2026-09-26T20:45:24Z,cartservice,246.0,1000,0.95,0.246,0
2026-09-26T20:45:24Z,checkoutservice,1530.0,1500,0.8,1.02,1
2026-09-26T20:45:24Z,productcatalogservice,386.0,600,0.95,0.6433333333333333,0
2026-09-26T20:45:24Z,paymentservice,72.0,150,0.8,0.48,0
2026-09-26T20:45:24Z,recommendationservice,541.0,2000,0.8,0.2705,0
2026-09-26T20:45:24Z,shippingservice,132.0,400,0.8,0.33,0
2026-09-26T20:45:24Z,currencyservice,253.0,500,0.8,0.506,0
2026-09-26T20:45:24Z,emailservice,3.0,150,0.8,0.02,0
2026-09-26T20:45:24Z,adservice,62.0,600,0.8,0.10333333333333333,0
2026-09-26T20:45:24Z,redis-cart,24.0,500,0.8,0.048,0
2026-09-26T20:45:25Z,frontend,200.6,1150,0.8,0.17443478260869566,0
2026-09-26T20:45:25Z,cartservice,246.0,1000,0.95,0.246,0
2026-09-26T20:45:25Z,checkoutservice,1530.0,1500,0.8,1.02,1
2026-09-26T20:45:25Z,productcatalogservice,374.0,600,0.95,0.6233333333333333,0
2026-09-26T20:45:25Z,paymentservice,69.0,150,0.8,0.46,0
2026-09-26T20:45:25Z,recommendationservice,541.0,2000,0.8,0.2705,0
2026-09-26T20:45:25Z,shippingservice,118.0,400,0.8,0.295,0
2026-09-26T20:45:25Z,currencyservice,224.0,500,0.8,0.448,0
2026-09-26T20:45:25Z,emailservice,11.0,150,0.8,0.07333333333333333,0
2026-09-26T20:45:25Z,adservice,62.0,600,0.8,0.10333333333333333,0
2026-09-26T20:45:25Z,redis-cart,18.0,500,0.8,0.036,0
2026-09-26T20:45:26Z,frontend,193.0,1150,0.8,0.16782608695652174,0
2026-09-26T20:45:26Z,cartservice,280.0,1000,0.95,0.28,0
2026-09-26T20:45:26Z,checkoutservice,1452.0,1500,0.8,0.968,1
2026-09-26T20:45:26Z,productcatalogservice,374.0,600,0.95,0.6233333333333333,0
2026-09-26T20:45:26Z,paymentservice,130.0,150,0.8,0.8666666666666667,1
2026-09-26T20:45:26Z,recommendationservice,522.0,2000,0.8,0.261,0
2026-09-26T20:45:26Z,shippingservice,118.0,400,0.8,0.295,0
2026-09-26T20:45:26Z,currencyservice,262.0,500,0.8,0.524,0
2026-09-26T20:45:26Z,emailservice,24.0,150,0.8,0.16,0
2026-09-26T20:45:26Z,adservice,87.0,600,0.8,0.145,0
2026-09-26T20:45:26Z,redis-cart,18.0,500,0.8,0.036,0
2026-09-26T20:45:27Z,frontend,210.0,1150,0.8,0.1826086956521739,0
2026-09-26T20:45:27Z,cartservice,280.0,1000,0.95,0.28,0
2026-09-26T20:45:27Z,checkoutservice,1520.0,1500,0.8,1.0133333333333334,1
2026-09-26T20:45:27Z,productcatalogservice,350.0,600,0.95,0.5833333333333334,0
2026-09-26T20:45:27Z,paymentservice,127.0,150,0.8,0.8466666666666667,1
2026-09-26T20:45:27Z,recommendationservice,502.0,2000,0.8,0.251,0
2026-09-26T20:45:27Z,shippingservice,151.0,400,0.8,0.3775,0
2026-09-26T20:45:27Z,currencyservice,262.0,500,0.8,0.524,0
2026-09-26T20:45:27Z,emailservice,24.0,150,0.8,0.16,0
2026-09-26T20:45:27Z,adservice,60.0,600,0.8,0.1,0
2026-09-26T20:45:27Z,redis-cart,23.0,500,0.8,0.046,0
2026-09-26T20:45:28Z,frontend,213.2,1150,0.8,0.18539130434782608,0
2026-09-26T20:45:28Z,cartservice,283.0,1000,0.95,0.283,0
2026-09-26T20:45:28Z,checkoutservice,1520.0,1500,0.8,1.0133333333333334,1
2026-09-26T20:45:28Z,productcatalogservice,350.0,600,0.95,0.5833333333333334,0
2026-09-26T20:45:28Z,paymentservice,127.0,150,0.8,0.8466666666666667,1
2026-09-26T20:45:28Z,recommendationservice,502.0,2000,0.8,0.251,0
2026-09-26T20:45:28Z,shippingservice,151.0,400,0.8,0.3775,0
2026-09-26T20:45:28Z,currencyservice,284.0,500,0.8,0.568,0
2026-09-26T20:45:28Z,emailservice,15.0,150,0.8,0.1,0
2026-09-26T20:45:28Z,adservice,60.0,600,0.8,0.1,0
2026-09-26T20:45:28Z,redis-cart,21.0,500,0.8,0.042,0
2026-09-26T20:45:29Z,frontend,203.8,1150,0.8,0.17721739130434783,0
2026-09-26T20:45:29Z,cartservice,310.0,1000,0.95,0.31,0
2026-09-26T20:45:29Z,checkoutservice,1461.0,1500,0.8,0.974,1
2026-09-26T20:45:29Z,productcatalogservice,374.0,600,0.95,0.6233333333333333,0
2026-09-26T20:45:29Z,paymentservice,128.0,150,0.8,0.8533333333333334,1
2026-09-26T20:45:29Z,recommendationservice,519.0,2000,0.8,0.2595,0
2026-09-26T20:45:29Z,shippingservice,139.0,400,0.8,0.3475,0
2026-09-26T20:45:29Z,currencyservice,295.0,500,0.8,0.59,0
2026-09-26T20:45:29Z,emailservice,5.0,150,0.8,0.03333333333333333,0
2026-09-26T20:45:29Z,adservice,87.0,600,0.8,0.145,0
2026-09-26T20:45:29Z,redis-cart,21.0,500,0.8,0.042,0
2026-09-26T20:45:30Z,frontend,191.4,1150,0.8,0.16643478260869565,0
2026-09-26T20:45:30Z,cartservice,310.0,1000,0.95,0.31,0
2026-09-26T20:45:30Z,checkoutservice,1561.0,1500,0.8,1.0406666666666666,1
2026-09-26T20:45:30Z,productcatalogservice,365.0,600,0.95,0.6083333333333333,0
2026-09-26T20:45:30Z,paymentservice,111.0,150,0.8,0.74,0
2026-09-26T20:45:30Z,recommendationservice,528.0,2000,0.8,0.264,0
2026-09-26T20:45:30Z,shippingservice,139.0,400,0.8,0.3475,0
2026-09-26T20:45:30Z,currencyservice,295.0,500,0.8,0.59,0
2026-09-26T20:45:30Z,emailservice,5.0,150,0.8,0.03333333333333333,0
2026-09-26T20:45:30Z,adservice,213.0,600,0.8,0.355,0
2026-09-26T20:45:30Z,redis-cart,25.0,500,0.8,0.05,0
2026-09-26T20:45:31Z,frontend,185.4,1150,0.8,0.16121739130434784,0
2026-09-26T20:45:31Z,cartservice,294.0,1000,0.95,0.294,0
2026-09-26T20:45:31Z,checkoutservice,1561.0,1500,0.8,1.0406666666666666,1
2026-09-26T20:45:31Z,productcatalogservice,365.0,600,0.95,0.6083333333333333,0
2026-09-26T20:45:31Z,paymentservice,111.0,150,0.8,0.74,0
2026-09-26T20:45:31Z,recommendationservice,528.0,2000,0.8,0.264,0
2026-09-26T20:45:31Z,shippingservice,133.0,400,0.8,0.3325,0
2026-09-26T20:45:31Z,currencyservice,254.0,500,0.8,0.508,0
2026-09-26T20:45:31Z,emailservice,34.0,150,0.8,0.22666666666666666,0
2026-09-26T20:45:31Z,adservice,57.0,600,0.8,0.095,0
2026-09-26T20:45:31Z,redis-cart,25.0,500,0.8,0.05,0
2026-09-26T20:45:32Z,frontend,194.8,1150,0.8,0.1693913043478261,0
2026-09-26T20:45:32Z,cartservice,253.0,1000,0.95,0.253,0
2026-09-26T20:45:32Z,checkoutservice,1448.0,1500,0.8,0.9653333333333334,1
2026-09-26T20:45:32Z,productcatalogservice,370.0,600,0.95,0.6166666666666667,0
2026-09-26T20:45:32Z,paymentservice,140.0,150,0.8,0.9333333333333333,1
2026-09-26T20:45:32Z,recommendationservice,486.0,2000,0.8,0.243,0
2026-09-26T20:45:32Z,shippingservice,151.0,400,0.8,0.3775,0
2026-09-26T20:45:32Z,currencyservice,254.0,500,0.8,0.508,0
2026-09-26T20:45:32Z,emailservice,0.0,150,0.8,0.0,0
2026-09-26T20:45:32Z,adservice,57.0,600,0.8,0.095,0
2026-09-26T20:45:32Z,redis-cart,20.0,500,0.8,0.04,0
2026-09-26T20:45:33Z,frontend,201.8,1150,0.8,0.17547826086956522,0
2026-09-26T20:45:33Z,cartservice,253.0,1000,0.95,0.253,0
2026-09-26T20:45:33Z,checkoutservice,1514.0,1500,0.8,1.0093333333333334,1
2026-09-26T20:45:33Z,productcatalogservice,370.0,600,0.95,0.6166666666666667,0
2026-09-26T20:45:33Z,paymentservice,140.0,150,0.8,0.9333333333333333,1
2026-09-26T20:45:33Z,recommendationservice,486.0,2000,0.8,0.243,0
2026-09-26T20:45:33Z,shippingservice,151.0,400,0.8,0.3775,0
2026-09-26T20:45:33Z,currencyservice,275.0,500,0.8,0.55,0
2026-09-26T20:45:33Z,emailservice,44.0,150,0.8,0.29333333333333333,0
2026-09-26T20:45:33Z,adservice,78.0,600,0.8,0.13,0
2026-09-26T20:45:33Z,redis-cart,18.0,500,0.8,0.036,0
2026-09-26T20:45:34Z,frontend,194.8,1150,0.8,0.1693913043478261,0
2026-09-26T20:45:34Z,cartservice,337.0,1000,0.95,0.337,0
2026-09-26T20:45:34Z,checkoutservice,1534.0,1500,0.8,1.0226666666666666,1
2026-09-26T20:45:34Z,productcatalogservice,334.0,600,0.95,0.5566666666666666,0
2026-09-26T20:45:34Z,paymentservice,110.0,150,0.8,0.7333333333333333,0
2026-09-26T20:45:34Z,recommendationservice,563.0,2000,0.8,0.2815,0
2026-09-26T20:45:34Z,shippingservice,131.0,400,0.8,0.3275,0
2026-09-26T20:45:34Z,currencyservice,270.0,500,0.8,0.54,0
2026-09-26T20:45:34Z,emailservice,8.0,150,0.8,0.05333333333333334,0
2026-09-26T20:45:34Z,adservice,78.0,600,0.8,0.13,0
2026-09-26T20:45:34Z,redis-cart,19.0,500,0.8,0.038,0
2026-09-26T20:45:35Z,frontend,199.0,1150,0.8,0.17304347826086958,0
2026-09-26T20:45:35Z,cartservice,267.0,1000,0.95,0.267,0
2026-09-26T20:45:35Z,checkoutservice,1435.0,1500,0.8,0.9566666666666667,1
2026-09-26T20:45:35Z,productcatalogservice,350.0,600,0.95,0.5833333333333334,0
2026-09-26T20:45:35Z,paymentservice,110.0,150,0.8,0.7333333333333333,0
2026-09-26T20:45:35Z,recommendationservice,476.0,2000,0.8,0.238,0
2026-09-26T20:45:35Z,shippingservice,142.0,400,0.8,0.355,0
2026-09-26T20:45:35Z,currencyservice,270.0,500,0.8,0.54,0
2026-09-26T20:45:35Z,emailservice,8.0,150,0.8,0.05333333333333334,0
2026-09-26T20:45:35Z,adservice,70.0,600,0.8,0.11666666666666667,0
2026-09-26T20:45:35Z,redis-cart,19.0,500,0.8,0.038,0
2026-09-26T20:45:36Z,frontend,193.0,1150,0.8,0.16782608695652174,0
2026-09-26T20:45:36Z,cartservice,267.0,1000,0.95,0.267,0
2026-09-26T20:45:36Z,checkoutservice,1435.0,1500,0.8,0.9566666666666667,1
2026-09-26T20:45:36Z,productcatalogservice,350.0,600,0.95,0.5833333333333334,0
2026-09-26T20:45:36Z,paymentservice,128.0,150,0.8,0.8533333333333334,1
2026-09-26T20:45:36Z,recommendationservice,476.0,2000,0.8,0.238,0
2026-09-26T20:45:36Z,shippingservice,142.0,400,0.8,0.355,0
2026-09-26T20:45:36Z,currencyservice,251.0,500,0.8,0.502,0
2026-09-26T20:45:36Z,emailservice,39.0,150,0.8,0.26,0
2026-09-26T20:45:36Z,adservice,63.0,600,0.8,0.105,0
2026-09-26T20:45:36Z,redis-cart,22.0,500,0.8,0.044,0
2026-09-26T20:45:37Z,frontend,197.0,1150,0.8,0.17130434782608694,0
2026-09-26T20:45:37Z,cartservice,316.0,1000,0.95,0.316,0
2026-09-26T20:45:37Z,checkoutservice,1508.0,1500,0.8,1.0053333333333334,1
2026-09-26T20:45:37Z,productcatalogservice,335.0,600,0.95,0.5583333333333333,0
2026-09-26T20:45:37Z,paymentservice,109.0,150,0.8,0.7266666666666667,0
2026-09-26T20:45:37Z,recommendationservice,542.0,2000,0.8,0.271,0
2026-09-26T20:45:37Z,shippingservice,164.0,400,0.8,0.41,0
2026-09-26T20:45:37Z,currencyservice,265.0,500,0.8,0.53,0
2026-09-26T20:45:37Z,emailservice,25.0,150,0.8,0.16666666666666666,0
2026-09-26T20:45:37Z,adservice,63.0,600,0.8,0.105,0
2026-09-26T20:45:37Z,redis-cart,23.0,500,0.8,0.046,0
2026-09-26T20:45:38Z,frontend,196.8,1150,0.8,0.1711304347826087,0
2026-09-26T20:45:38Z,cartservice,284.0,1000,0.95,0.284,0
2026-09-26T20:45:38Z,checkoutservice,1503.0,1500,0.8,1.002,1
2026-09-26T20:45:38Z,productcatalogservice,365.0,600,0.95,0.6083333333333333,0
2026-09-26T20:45:38Z,paymentservice,119.0,150,0.8,0.7933333333333333,0
2026-09-26T20:45:38Z,recommendationservice,542.0,2000,0.8,0.271,0
2026-09-26T20:45:38Z,shippingservice,117.0,400,0.8,0.2925,0
2026-09-26T20:45:38Z,currencyservice,265.0,500,0.8,0.53,0
2026-09-26T20:45:38Z,emailservice,25.0,150,0.8,0.16666666666666666,0
2026-09-26T20:45:38Z,adservice,93.0,600,0.8,0.155,0
2026-09-26T20:45:38Z,redis-cart,23.0,500,0.8,0.046,0
2026-09-26T20:45:39Z,frontend,194.4,1150,0.8,0.16904347826086957,0
2026-09-26T20:45:39Z,cartservice,273.0,1000,0.95,0.273,0
2026-09-26T20:45:39Z,checkoutservice,1467.0,1500,0.8,0.978,1
2026-09-26T20:45:39Z,productcatalogservice,365.0,600,0.95,0.6083333333333333,0
2026-09-26T20:45:39Z,paymentservice,119.0,150,0.8,0.7933333333333333,0
2026-09-26T20:45:39Z,recommendationservice,538.0,2000,0.8,0.269,0
2026-09-26T20:45:39Z,shippingservice,140.0,400,0.8,0.35,0
2026-09-26T20:45:39Z,currencyservice,248.0,500,0.8,0.496,0
2026-09-26T20:45:39Z,emailservice,7.0,150,0.8,0.04666666666666667,0
2026-09-26T20:45:39Z,adservice,56.0,600,0.8,0.09333333333333334,0
2026-09-26T20:45:39Z,redis-cart,24.0,500,0.8,0.048,0
2026-09-26T20:45:40Z,frontend,205.0,1150,0.8,0.1782608695652174,0
2026-09-26T20:45:40Z,cartservice,287.0,1000,0.95,0.287,0
2026-09-26T20:45:40Z,checkoutservice,1467.0,1500,0.8,0.978,1
2026-09-26T20:45:40Z,productcatalogservice,367.0,600,0.95,0.6116666666666667,0
2026-09-26T20:45:40Z,paymentservice,125.0,150,0.8,0.8333333333333334,1
2026-09-26T20:45:40Z,recommendationservice,558.0,2000,0.8,0.279,0
2026-09-26T20:45:40Z,shippingservice,140.0,400,0.8,0.35,0
2026-09-26T20:45:40Z,currencyservice,251.0,500,0.8,0.502,0
2026-09-26T20:45:40Z,emailservice,0.0,150,0.8,0.0,0
2026-09-26T20:45:40Z,adservice,56.0,600,0.8,0.09333333333333334,0
2026-09-26T20:45:40Z,redis-cart,18.0,500,0.8,0.036,0
2026-09-26T20:45:41Z,frontend,207.0,1150,0.8,0.18,0
2026-09-26T20:45:41Z,cartservice,287.0,1000,0.95,0.287,0
2026-09-26T20:45:41Z,checkoutservice,1501.0,1500,0.8,1.0006666666666666,1
2026-09-26T20:45:41Z,productcatalogservice,367.0,600,0.95,0.6116666666666667,0
2026-09-26T20:45:41Z,paymentservice,135.0,150,0.8,0.9,1
2026-09-26T20:45:41Z,recommendationservice,558.0,2000,0.8,0.279,0
2026-09-26T20:45:41Z,shippingservice,141.0,400,0.8,0.3525,0
2026-09-26T20:45:41Z,currencyservice,251.0,500,0.8,0.502,0
2026-09-26T20:45:41Z,emailservice,0.0,150,0.8,0.0,0
2026-09-26T20:45:41Z,adservice,103.0,600,0.8,0.17166666666666666,0
2026-09-26T20:45:41Z,redis-cart,18.0,500,0.8,0.036,0
2026-09-26T20:45:42Z,frontend,204.8,1150,0.8,0.17808695652173914,0
2026-09-26T20:45:42Z,cartservice,304.0,1000,0.95,0.304,0
2026-09-26T20:45:42Z,checkoutservice,1547.0,1500,0.8,1.0313333333333334,1
2026-09-26T20:45:42Z,productcatalogservice,366.0,600,0.95,0.61,0
2026-09-26T20:45:42Z,paymentservice,145.0,150,0.8,0.9666666666666667,1
2026-09-26T20:45:42Z,recommendationservice,487.0,2000,0.8,0.2435,0
2026-09-26T20:45:42Z,shippingservice,141.0,400,0.8,0.3525,0
2026-09-26T20:45:42Z,currencyservice,265.0,500,0.8,0.53,0
2026-09-26T20:45:42Z,emailservice,23.0,150,0.8,0.15333333333333332,0
2026-09-26T20:45:42Z,adservice,103.0,600,0.8,0.17166666666666666,0
2026-09-26T20:45:42Z,redis-cart,20.0,500,0.8,0.04,0
2026-09-26T20:45:43Z,frontend,210.0,1150,0.8,0.1826086956521739,0
2026-09-26T20:45:43Z,cartservice,303.0,1000,0.95,0.303,0
2026-09-26T20:45:43Z,checkoutservice,1547.0,1500,0.8,1.0313333333333334,1
2026-09-26T20:45:43Z,productcatalogservice,375.0,600,0.95,0.625,0
2026-09-26T20:45:43Z,paymentservice,108.0,150,0.8,0.72,0
2026-09-26T20:45:43Z,recommendationservice,512.0,2000,0.8,0.256,0
2026-09-26T20:45:43Z,shippingservice,139.0,400,0.8,0.3475,0
2026-09-26T20:45:43Z,currencyservice,265.0,500,0.8,0.53,0
2026-09-26T20:45:43Z,emailservice,23.0,150,0.8,0.15333333333333332,0
2026-09-26T20:45:43Z,adservice,74.0,600,0.8,0.12333333333333334,0
2026-09-26T20:45:43Z,redis-cart,21.0,500,0.8,0.042,0
2026-09-26T20:45:44Z,frontend,202.4,1150,0.8,0.17600000000000002,0
2026-09-26T20:45:44Z,cartservice,303.0,1000,0.95,0.303,0
2026-09-26T20:45:44Z,checkoutservice,1464.0,1500,0.8,0.976,1
2026-09-26T20:45:44Z,productcatalogservice,399.0,600,0.95,0.665,0
2026-09-26T20:45:44Z,paymentservice,108.0,150,0.8,0.72,0
2026-09-26T20:45:44Z,recommendationservice,512.0,2000,0.8,0.256,0
2026-09-26T20:45:44Z,shippingservice,135.0,400,0.8,0.3375,0
2026-09-26T20:45:44Z,currencyservice,277.0,500,0.8,0.554,0
2026-09-26T20:45:44Z,emailservice,5.0,150,0.8,0.03333333333333333,0
2026-09-26T20:45:44Z,adservice,74.0,600,0.8,0.12333333333333334,0
2026-09-26T20:45:44Z,redis-cart,21.0,500,0.8,0.042,0
2026-09-26T20:45:45Z,frontend,204.4,1150,0.8,0.17773913043478262,0
2026-09-26T20:45:45Z,cartservice,306.0,1000,0.95,0.306,0
2026-09-26T20:45:45Z,checkoutservice,1452.0,1500,0.8,0.968,1
2026-09-26T20:45:45Z,productcatalogservice,399.0,600,0.95,0.665,0
2026-09-26T20:45:45Z,paymentservice,108.0,150,0.8,0.72,0
2026-09-26T20:45:45Z,recommendationservice,600.0,2000,0.8,0.3,0
2026-09-26T20:45:45Z,shippingservice,143.0,400,0.8,0.3575,0
2026-09-26T20:45:45Z,currencyservice,277.0,500,0.8,0.554,0
2026-09-26T20:45:45Z,emailservice,5.0,150,0.8,0.03333333333333333,0
2026-09-26T20:45:45Z,adservice,96.0,600,0.8,0.16,0
2026-09-26T20:45:45Z,redis-cart,21.0,500,0.8,0.042,0
2026-09-26T20:45:46Z,frontend,206.2,1150,0.8,0.17930434782608695,0
2026-09-26T20:45:46Z,cartservice,306.0,1000,0.95,0.306,0
2026-09-26T20:45:46Z,checkoutservice,1452.0,1500,0.8,0.968,1
2026-09-26T20:45:46Z,productcatalogservice,369.0,600,0.95,0.615,0
2026-09-26T20:45:46Z,paymentservice,108.0,150,0.8,0.72,0
2026-09-26T20:45:46Z,recommendationservice,480.0,2000,0.8,0.24,0
2026-09-26T20:45:46Z,shippingservice,143.0,400,0.8,0.3575,0
2026-09-26T20:45:46Z,currencyservice,272.0,500,0.8,0.544,0
2026-09-26T20:45:46Z,emailservice,32.0,150,0.8,0.21333333333333335,0
2026-09-26T20:45:46Z,adservice,56.0,600,0.8,0.09333333333333334,0
2026-09-26T20:45:46Z,redis-cart,25.0,500,0.8,0.05,0
2026-09-26T20:45:47Z,frontend,193.8,1150,0.8,0.1685217391304348,0
2026-09-26T20:45:47Z,cartservice,294.0,1000,0.95,0.294,0
2026-09-26T20:45:47Z,checkoutservice,1534.0,1500,0.8,1.0226666666666666,1
2026-09-26T20:45:47Z,productcatalogservice,377.0,600,0.95,0.6283333333333333,0
2026-09-26T20:45:47Z,paymentservice,109.0,150,0.8,0.7266666666666667,0
2026-09-26T20:45:47Z,recommendationservice,480.0,2000,0.8,0.24,0
2026-09-26T20:45:47Z,shippingservice,176.0,400,0.8,0.44,0
2026-09-26T20:45:47Z,currencyservice,259.0,500,0.8,0.518,0
2026-09-26T20:45:47Z,emailservice,15.0,150,0.8,0.1,0
2026-09-26T20:45:47Z,adservice,56.0,600,0.8,0.09333333333333334,0
2026-09-26T20:45:47Z,redis-cart,18.0,500,0.8,0.036,0
2026-09-26T20:45:48Z,frontend,191.6,1150,0.8,0.1666086956521739,0
2026-09-26T20:45:48Z,cartservice,285.0,1000,0.95,0.285,0
2026-09-26T20:45:48Z,checkoutservice,1472.0,1500,0.8,0.9813333333333333,1
2026-09-26T20:45:48Z,productcatalogservice,377.0,600,0.95,0.6283333333333333,0
2026-09-26T20:45:48Z,paymentservice,109.0,150,0.8,0.7266666666666667,0
2026-09-26T20:45:48Z,recommendationservice,557.0,2000,0.8,0.2785,0
2026-09-26T20:45:48Z,shippingservice,176.0,400,0.8,0.44,0
2026-09-26T20:45:48Z,currencyservice,253.0,500,0.8,0.506,0
2026-09-26T20:45:48Z,emailservice,15.0,150,0.8,0.1,0
2026-09-26T20:45:48Z,adservice,82.0,600,0.8,0.13666666666666666,0
2026-09-26T20:45:48Z,redis-cart,18.0,500,0.8,0.036,0
2026-09-26T20:45:49Z,frontend,198.0,1150,0.8,0.17217391304347826,0
2026-09-26T20:45:49Z,cartservice,285.0,1000,0.95,0.285,0
2026-09-26T20:45:49Z,checkoutservice,1513.0,1500,0.8,1.0086666666666666,1
2026-09-26T20:45:49Z,productcatalogservice,347.0,600,0.95,0.5783333333333334,0
2026-09-26T20:45:49Z,paymentservice,129.0,150,0.8,0.86,1
2026-09-26T20:45:49Z,recommendationservice,557.0,2000,0.8,0.2785,0
2026-09-26T20:45:49Z,shippingservice,133.0,400,0.8,0.3325,0
2026-09-26T20:45:49Z,currencyservice,248.0,500,0.8,0.496,0
2026-09-26T20:45:49Z,emailservice,18.0,150,0.8,0.12,0
2026-09-26T20:45:49Z,adservice,82.0,600,0.8,0.13666666666666666,0
2026-09-26T20:45:49Z,redis-cart,24.0,500,0.8,0.048,0
2026-09-26T20:45:50Z,frontend,212.2,1150,0.8,0.18452173913043476,0
2026-09-26T20:45:50Z,cartservice,284.0,1000,0.95,0.284,0
2026-09-26T20:45:50Z,checkoutservice,1466.0,1500,0.8,0.9773333333333334,1
2026-09-26T20:45:50Z,productcatalogservice,357.0,600,0.95,0.595,0
2026-09-26T20:45:50Z,paymentservice,129.0,150,0.8,0.86,1
2026-09-26T20:45:50Z,recommendationservice,509.0,2000,0.8,0.2545,0
2026-09-26T20:45:50Z,shippingservice,126.0,400,0.8,0.315,0
2026-09-26T20:45:50Z,currencyservice,248.0,500,0.8,0.496,0
2026-09-26T20:45:50Z,emailservice,37.0,150,0.8,0.24666666666666667,0
2026-09-26T20:45:50Z,adservice,70.0,600,0.8,0.11666666666666667,0
2026-09-26T20:45:50Z,redis-cart,20.0,500,0.8,0.04,0
2026-09-26T20:45:51Z,frontend,178.8,1150,0.8,0.15547826086956523,0
2026-09-26T20:45:51Z,cartservice,284.0,1000,0.95,0.284,0
2026-09-26T20:45:51Z,checkoutservice,1466.0,1500,0.8,0.9773333333333334,1
2026-09-26T20:45:51Z,productcatalogservice,357.0,600,0.95,0.595,0
2026-09-26T20:45:51Z,paymentservice,96.0,150,0.8,0.64,0
2026-09-26T20:45:51Z,recommendationservice,567.0,2000,0.8,0.2835,0
2026-09-26T20:45:51Z,shippingservice,126.0,400,0.8,0.315,0
2026-09-26T20:45:51Z,currencyservice,283.0,500,0.8,0.566,0
2026-09-26T20:45:51Z,emailservice,37.0,150,0.8,0.24666666666666667,0
2026-09-26T20:45:51Z,adservice,72.0,600,0.8,0.12,0
2026-09-26T20:45:51Z,redis-cart,20.0,500,0.8,0.04,0
2026-09-26T20:45:52Z,frontend,178.2,1150,0.8,0.15495652173913044,0
2026-09-26T20:45:52Z,cartservice,274.0,1000,0.95,0.274,0
2026-09-26T20:45:52Z,checkoutservice,1484.0,1500,0.8,0.9893333333333333,1
2026-09-26T20:45:52Z,productcatalogservice,430.0,600,0.95,0.7166666666666667,0
2026-09-26T20:45:52Z,paymentservice,23.0,150,0.8,0.15333333333333332,0
2026-09-26T20:45:52Z,recommendationservice,518.0,2000,0.8,0.259,0
2026-09-26T20:45:52Z,shippingservice,81.0,400,0.8,0.2025,0
2026-09-26T20:45:52Z,currencyservice,186.0,500,0.8,0.372,0
2026-09-26T20:45:52Z,emailservice,0.0,150,0.8,0.0,0
2026-09-26T20:45:52Z,adservice,72.0,600,0.8,0.12,0
2026-09-26T20:45:52Z,redis-cart,25.0,500,0.8,0.05,0
2026-09-26T20:45:53Z,frontend,219.6,1150,0.8,0.19095652173913044,0
2026-09-26T20:45:53Z,cartservice,217.0,1000,0.95,0.217,0
2026-09-26T20:45:53Z,checkoutservice,1484.0,1500,0.8,0.9893333333333333,1
2026-09-26T20:45:53Z,productcatalogservice,346.0,600,0.95,0.5766666666666667,0
2026-09-26T20:45:53Z,paymentservice,23.0,150,0.8,0.15333333333333332,0
2026-09-26T20:45:53Z,recommendationservice,518.0,2000,0.8,0.259,0
2026-09-26T20:45:53Z,shippingservice,74.0,400,0.8,0.185,0
2026-09-26T20:45:53Z,currencyservice,186.0,500,0.8,0.372,0
2026-09-26T20:45:53Z,emailservice,0.0,150,0.8,0.0,0
2026-09-26T20:45:53Z,adservice,77.0,600,0.8,0.12833333333333333,0
2026-09-26T20:45:53Z,redis-cart,16.0,500,0.8,0.032,0
2026-09-26T20:45:54Z,frontend,218.2,1150,0.8,0.1897391304347826,0
2026-09-26T20:45:54Z,cartservice,246.0,1000,0.95,0.246,0
2026-09-26T20:45:54Z,checkoutservice,1498.0,1500,0.8,0.9986666666666667,1
2026-09-26T20:45:54Z,productcatalogservice,410.0,600,0.95,0.6833333333333333,0
2026-09-26T20:45:54Z,paymentservice,0.0,150,0.8,0.0,0
2026-09-26T20:45:54Z,recommendationservice,560.0,2000,0.8,0.28,0
2026-09-26T20:45:54Z,shippingservice,50.0,400,0.8,0.125,0
2026-09-26T20:45:54Z,currencyservice,174.0,500,0.8,0.348,0
2026-09-26T20:45:54Z,emailservice,0.0,150,0.8,0.0,0
2026-09-26T20:45:54Z,adservice,61.0,600,0.8,0.10166666666666667,0
2026-09-26T20:45:54Z,redis-cart,19.0,500,0.8,0.038,0
2026-09-26T20:45:55Z,frontend,215.2,1150,0.8,0.18713043478260868,0
2026-09-26T20:45:55Z,cartservice,246.0,1000,0.95,0.246,0
2026-09-26T20:45:55Z,checkoutservice,1550.0,1500,0.8,1.0333333333333334,1
2026-09-26T20:45:55Z,productcatalogservice,410.0,600,0.95,0.6833333333333333,0
2026-09-26T20:45:55Z,paymentservice,0.0,150,0.8,0.0,0
2026-09-26T20:45:55Z,recommendationservice,527.0,2000,0.8,0.2635,0
2026-09-26T20:45:55Z,shippingservice,50.0,400,0.8,0.125,0
2026-09-26T20:45:55Z,currencyservice,145.0,500,0.8,0.29,0
2026-09-26T20:45:55Z,emailservice,0.0,150,0.8,0.0,0
2026-09-26T20:45:55Z,adservice,61.0,600,0.8,0.10166666666666667,0
2026-09-26T20:45:55Z,redis-cart,19.0,500,0.8,0.038,0
2026-09-26T20:45:56Z,frontend,203.6,1150,0.8,0.17704347826086955,0
2026-09-26T20:45:56Z,cartservice,244.0,1000,0.95,0.244,0
2026-09-26T20:45:56Z,checkoutservice,1472.0,1500,0.8,0.9813333333333333,1
2026-09-26T20:45:56Z,productcatalogservice,430.0,600,0.95,0.7166666666666667,0
2026-09-26T20:45:56Z,paymentservice,0.0,150,0.8,0.0,0
2026-09-26T20:45:56Z,recommendationservice,527.0,2000,0.8,0.2635,0
2026-09-26T20:45:56Z,shippingservice,54.0,400,0.8,0.135,0
2026-09-26T20:45:56Z,currencyservice,145.0,500,0.8,0.29,0
2026-09-26T20:45:56Z,emailservice,27.0,150,0.8,0.18,0
2026-09-26T20:45:56Z,adservice,83.0,600,0.8,0.13833333333333334,0
2026-09-26T20:45:56Z,redis-cart,18.0,500,0.8,0.036,0
2026-09-26T20:45:57Z,frontend,201.0,1150,0.8,0.17478260869565218,0
2026-09-26T20:45:57Z,cartservice,182.0,1000,0.95,0.182,0
2026-09-26T20:45:57Z,checkoutservice,1472.0,1500,0.8,0.9813333333333333,1
2026-09-26T20:45:57Z,productcatalogservice,367.0,600,0.95,0.6116666666666667,0
2026-09-26T20:45:57Z,paymentservice,0.0,150,0.8,0.0,0
2026-09-26T20:45:57Z,recommendationservice,539.0,2000,0.8,0.2695,0
2026-09-26T20:45:57Z,shippingservice,70.0,400,0.8,0.175,0
2026-09-26T20:45:57Z,currencyservice,198.0,500,0.8,0.396,0
2026-09-26T20:45:57Z,emailservice,0.0,150,0.8,0.0,0
2026-09-26T20:45:57Z,adservice,83.0,600,0.8,0.13833333333333334,0
2026-09-26T20:45:57Z,redis-cart,17.0,500,0.8,0.034,0
2026-09-26T20:45:58Z,frontend,208.2,1150,0.8,0.18104347826086956,0
2026-09-26T20:45:58Z,cartservice,222.0,1000,0.95,0.222,0
2026-09-26T20:45:58Z,checkoutservice,1513.0,1500,0.8,1.0086666666666666,1
2026-09-26T20:45:58Z,productcatalogservice,367.0,600,0.95,0.6116666666666667,0
2026-09-26T20:45:58Z,paymentservice,0.0,150,0.8,0.0,0
2026-09-26T20:45:58Z,recommendationservice,539.0,2000,0.8,0.2695,0
2026-09-26T20:45:58Z,shippingservice,70.0,400,0.8,0.175,0
2026-09-26T20:45:58Z,currencyservice,191.0,500,0.8,0.382,0
2026-09-26T20:45:58Z,emailservice,0.0,150,0.8,0.0,0
2026-09-26T20:45:58Z,adservice,70.0,600,0.8,0.11666666666666667,0
2026-09-26T20:45:58Z,redis-cart,17.0,500,0.8,0.034,0
2026-09-26T20:45:59Z,frontend,219.2,1150,0.8,0.1906086956521739,0
2026-09-26T20:45:59Z,cartservice,222.0,1000,0.95,0.222,0
2026-09-26T20:45:59Z,checkoutservice,1539.0,1500,0.8,1.026,1
2026-09-26T20:45:59Z,productcatalogservice,403.0,600,0.95,0.6716666666666666,0
2026-09-26T20:45:59Z,paymentservice,0.0,150,0.8,0.0,0
2026-09-26T20:45:59Z,recommendationservice,542.0,2000,0.8,0.271,0
2026-09-26T20:45:59Z,shippingservice,76.0,400,0.8,0.19,0
2026-09-26T20:45:59Z,currencyservice,180.0,500,0.8,0.36,0
2026-09-26T20:45:59Z,emailservice,0.0,150,0.8,0.0,0
2026-09-26T20:45:59Z,adservice,81.0,600,0.8,0.135,0
2026-09-26T20:45:59Z,redis-cart,17.0,500,0.8,0.034,0
2026-09-26T20:46:00Z,frontend,211.0,1150,0.8,0.18347826086956523,0
2026-09-26T20:46:00Z,cartservice,230.0,1000,0.95,0.23,0
2026-09-26T20:46:00Z,checkoutservice,1539.0,1500,0.8,1.026,1
2026-09-26T20:46:00Z,productcatalogservice,403.0,600,0.95,0.6716666666666666,0
2026-09-26T20:46:00Z,paymentservice,0.0,150,0.8,0.0,0
2026-09-26T20:46:00Z,recommendationservice,593.0,2000,0.8,0.2965,0
2026-09-26T20:46:00Z,shippingservice,70.0,400,0.8,0.175,0
2026-09-26T20:46:00Z,currencyservice,180.0,500,0.8,0.36,0
2026-09-26T20:46:00Z,emailservice,0.0,150,0.8,0.0,0
2026-09-26T20:46:00Z,adservice,94.0,600,0.8,0.15666666666666668,0
2026-09-26T20:46:00Z,redis-cart,17.0,500,0.8,0.034,0
2026-09-26T20:46:01Z,frontend,210.8,1150,0.8,0.18330434782608696,0
2026-09-26T20:46:01Z,cartservice,230.0,1000,0.95,0.23,0
2026-09-26T20:46:01Z,checkoutservice,1449.0,1500,0.8,0.966,1
2026-09-26T20:46:01Z,productcatalogservice,423.0,600,0.95,0.705,0
2026-09-26T20:46:01Z,paymentservice,0.0,150,0.8,0.0,0
2026-09-26T20:46:01Z,recommendationservice,593.0,2000,0.8,0.2965,0
2026-09-26T20:46:01Z,shippingservice,70.0,400,0.8,0.175,0
2026-09-26T20:46:01Z,currencyservice,192.0,500,0.8,0.384,0
2026-09-26T20:46:01Z,emailservice,23.0,150,0.8,0.15333333333333332,0
2026-09-26T20:46:01Z,adservice,94.0,600,0.8,0.15666666666666668,0
2026-09-26T20:46:01Z,redis-cart,17.0,500,0.8,0.034,0
2026-09-26T20:46:02Z,frontend,220.2,1150,0.8,0.1914782608695652,0
2026-09-26T20:46:02Z,cartservice,228.0,1000,0.95,0.228,0
2026-09-26T20:46:02Z,checkoutservice,1544.0,1500,0.8,1.0293333333333334,1
2026-09-26T20:46:02Z,productcatalogservice,386.0,600,0.95,0.6433333333333333,0
2026-09-26T20:46:02Z,paymentservice,26.0,150,0.8,0.17333333333333334,0
2026-09-26T20:46:02Z,recommendationservice,604.0,2000,0.8,0.302,0
2026-09-26T20:46:02Z,shippingservice,47.0,400,0.8,0.1175,0
2026-09-26T20:46:02Z,currencyservice,169.0,500,0.8,0.338,0
2026-09-26T20:46:02Z,emailservice,0.0,150,0.8,0.0,0
2026-09-26T20:46:02Z,adservice,77.0,600,0.8,0.12833333333333333,0
2026-09-26T20:46:02Z,redis-cart,18.0,500,0.8,0.036,0
2026-09-26T20:46:03Z,frontend,215.4,1150,0.8,0.18730434782608696,0
2026-09-26T20:46:03Z,cartservice,228.0,1000,0.95,0.228,0
2026-09-26T20:46:03Z,checkoutservice,1516.0,1500,0.8,1.0106666666666666,1
2026-09-26T20:46:03Z,productcatalogservice,386.0,600,0.95,0.6433333333333333,0
2026-09-26T20:46:03Z,paymentservice,0.0,150,0.8,0.0,0
2026-09-26T20:46:03Z,recommendationservice,604.0,2000,0.8,0.302,0
2026-09-26T20:46:03Z,shippingservice,47.0,400,0.8,0.1175,0
2026-09-26T20:46:03Z,currencyservice,160.0,500,0.8,0.32,0
2026-09-26T20:46:03Z,emailservice,0.0,150,0.8,0.0,0
2026-09-26T20:46:03Z,adservice,77.0,600,0.8,0.12833333333333333,0
2026-09-26T20:46:03Z,redis-cart,16.0,500,0.8,0.032,0
2026-09-26T20:46:04Z,frontend,214.8,1150,0.8,0.1867826086956522,0
2026-09-26T20:46:04Z,cartservice,231.0,1000,0.95,0.231,0
2026-09-26T20:46:04Z,checkoutservice,1516.0,1500,0.8,1.0106666666666666,1
2026-09-26T20:46:04Z,productcatalogservice,390.0,600,0.95,0.65,0
2026-09-26T20:46:04Z,paymentservice,0.0,150,0.8,0.0,0
2026-09-26T20:46:04Z,recommendationservice,516.0,2000,0.8,0.258,0
2026-09-26T20:46:04Z,shippingservice,50.0,400,0.8,0.125,0
2026-09-26T20:46:04Z,currencyservice,160.0,500,0.8,0.32,0
2026-09-26T20:46:04Z,emailservice,0.0,150,0.8,0.0,0
2026-09-26T20:46:04Z,adservice,77.0,600,0.8,0.12833333333333333,0
2026-09-26T20:46:04Z,redis-cart,16.0,500,0.8,0.032,0
2026-09-26T20:46:05Z,frontend,222.2,1150,0.8,0.1932173913043478,0
2026-09-26T20:46:05Z,cartservice,209.0,1000,0.95,0.209,0
2026-09-26T20:46:05Z,checkoutservice,1462.0,1500,0.8,0.9746666666666667,1
2026-09-26T20:46:05Z,productcatalogservice,456.0,600,0.95,0.76,0
2026-09-26T20:46:05Z,paymentservice,0.0,150,0.8,0.0,0
2026-09-26T20:46:05Z,recommendationservice,600.0,2000,0.8,0.3,0
2026-09-26T20:46:05Z,shippingservice,57.0,400,0.8,0.1425,0
2026-09-26T20:46:05Z,currencyservice,199.0,500,0.8,0.398,0
2026-09-26T20:46:05Z,emailservice,0.0,150,0.8,0.0,0
2026-09-26T20:46:05Z,adservice,70.0,600,0.8,0.11666666666666667,0
2026-09-26T20:46:05Z,redis-cart,22.0,500,0.8,0.044,0
2026-09-26T20:46:06Z,frontend,216.8,1150,0.8,0.1885217391304348,0
2026-09-26T20:46:06Z,cartservice,202.0,1000,0.95,0.202,0
2026-09-26T20:46:06Z,checkoutservice,1534.0,1500,0.8,1.0226666666666666,1
2026-09-26T20:46:06Z,productcatalogservice,429.0,600,0.95,0.715,0
2026-09-26T20:46:06Z,paymentservice,0.0,150,0.8,0.0,0
2026-09-26T20:46:06Z,recommendationservice,600.0,2000,0.8,0.3,0
2026-09-26T20:46:06Z,shippingservice,58.0,400,0.8,0.145,0
2026-09-26T20:46:06Z,currencyservice,163.0,500,0.8,0.326,0
2026-09-26T20:46:06Z,emailservice,0.0,150,0.8,0.0,0
2026-09-26T20:46:06Z,adservice,70.0,600,0.8,0.11666666666666667,0
2026-09-26T20:46:06Z,redis-cart,16.0,500,0.8,0.032,0
2026-09-26T20:46:07Z,frontend,219.4,1150,0.8,0.19078260869565217,0
2026-09-26T20:46:07Z,cartservice,202.0,1000,0.95,0.202,0
2026-09-26T20:46:07Z,checkoutservice,1534.0,1500,0.8,1.0226666666666666,1
2026-09-26T20:46:07Z,productcatalogservice,429.0,600,0.95,0.715,0
2026-09-26T20:46:07Z,paymentservice,0.0,150,0.8,0.0,0
2026-09-26T20:46:07Z,recommendationservice,580.0,2000,0.8,0.29,0
2026-09-26T20:46:07Z,shippingservice,58.0,400,0.8,0.145,0
2026-09-26T20:46:07Z,currencyservice,146.0,500,0.8,0.292,0
2026-09-26T20:46:07Z,emailservice,17.0,150,0.8,0.11333333333333333,0
2026-09-26T20:46:07Z,adservice,83.0,600,0.8,0.13833333333333334,0
2026-09-26T20:46:07Z,redis-cart,16.0,500,0.8,0.032,0
2026-09-26T20:46:08Z,frontend,210.8,1150,0.8,0.18330434782608696,0
2026-09-26T20:46:08Z,cartservice,201.0,1000,0.95,0.201,0
2026-09-26T20:46:08Z,checkoutservice,1457.0,1500,0.8,0.9713333333333334,1
2026-09-26T20:46:08Z,productcatalogservice,381.0,600,0.95,0.635,0
2026-09-26T20:46:08Z,paymentservice,0.0,150,0.8,0.0,0
2026-09-26T20:46:08Z,recommendationservice,521.0,2000,0.8,0.2605,0
2026-09-26T20:46:08Z,shippingservice,62.0,400,0.8,0.155,0
2026-09-26T20:46:08Z,currencyservice,146.0,500,0.8,0.292,0
2026-09-26T20:46:08Z,emailservice,0.0,150,0.8,0.0,0
2026-09-26T20:46:08Z,adservice,93.0,600,0.8,0.155,0
2026-09-26T20:46:08Z,redis-cart,18.0,500,0.8,0.036,0
2026-09-26T20:46:09Z,frontend,222.0,1150,0.8,0.19304347826086957,0
2026-09-26T20:46:09Z,cartservice,201.0,1000,0.95,0.201,0
2026-09-26T20:46:09Z,checkoutservice,1530.0,1500,0.8,1.02,1
2026-09-26T20:46:09Z,productcatalogservice,419.0,600,0.95,0.6983333333333334,0
2026-09-26T20:46:09Z,paymentservice,0.0,150,0.8,0.0,0
2026-09-26T20:46:09Z,recommendationservice,521.0,2000,0.8,0.2605,0
2026-09-26T20:46:09Z,shippingservice,62.0,400,0.8,0.155,0
2026-09-26T20:46:09Z,currencyservice,226.0,500,0.8,0.452,0
2026-09-26T20:46:09Z,emailservice,0.0,150,0.8,0.0,0
2026-09-26T20:46:09Z,adservice,63.0,600,0.8,0.105,0
2026-09-26T20:46:09Z,redis-cart,17.0,500,0.8,0.034,0
2026-09-26T20:46:10Z,frontend,217.6,1150,0.8,0.1892173913043478,0
2026-09-26T20:46:10Z,cartservice,191.0,1000,0.95,0.191,0
2026-09-26T20:46:10Z,checkoutservice,1530.0,1500,0.8,1.02,1
2026-09-26T20:46:10Z,productcatalogservice,419.0,600,0.95,0.6983333333333334,0
2026-09-26T20:46:10Z,paymentservice,0.0,150,0.8,0.0,0
2026-09-26T20:46:10Z,recommendationservice,592.0,2000,0.8,0.296,0
2026-09-26T20:46:10Z,shippingservice,46.0,400,0.8,0.115,0
2026-09-26T20:46:10Z,currencyservice,226.0,500,0.8,0.452,0
2026-09-26T20:46:10Z,emailservice,26.0,150,0.8,0.17333333333333334,0
2026-09-26T20:46:10Z,adservice,83.0,600,0.8,0.13833333333333334,0
2026-09-26T20:46:10Z,redis-cart,17.0,500,0.8,0.034,0
2026-09-26T20:46:11Z,frontend,208.2,1150,0.8,0.18104347826086956,0
2026-09-26T20:46:11Z,cartservice,191.0,1000,0.95,0.191,0
2026-09-26T20:46:11Z,checkoutservice,1495.0,1500,0.8,0.9966666666666667,1
2026-09-26T20:46:11Z,productcatalogservice,395.0,600,0.95,0.6583333333333333,0
2026-09-26T20:46:11Z,paymentservice,0.0,150,0.8,0.0,0
2026-09-26T20:46:11Z,recommendationservice,592.0,2000,0.8,0.296,0
2026-09-26T20:46:11Z,shippingservice,73.0,400,0.8,0.1825,0
2026-09-26T20:46:11Z,currencyservice,161.0,500,0.8,0.322,0
2026-09-26T20:46:11Z,emailservice,26.0,150,0.8,0.17333333333333334,0
2026-09-26T20:46:11Z,adservice,83.0,600,0.8,0.13833333333333334,0
2026-09-26T20:46:11Z,redis-cart,16.0,500,0.8,0.032,0
2026-09-26T20:46:12Z,frontend,221.6,1150,0.8,0.19269565217391305,0
2026-09-26T20:46:12Z,cartservice,228.0,1000,0.95,0.228,0
2026-09-26T20:46:12Z,checkoutservice,1495.0,1500,0.8,0.9966666666666667,1
2026-09-26T20:46:12Z,productcatalogservice,387.0,600,0.95,0.645,0
2026-09-26T20:46:12Z,paymentservice,24.0,150,0.8,0.16,0
2026-09-26T20:46:12Z,recommendationservice,618.0,2000,0.8,0.309,0
2026-09-26T20:46:12Z,shippingservice,49.0,400,0.8,0.1225,0
2026-09-26T20:46:12Z,currencyservice,169.0,500,0.8,0.338,0
2026-09-26T20:46:12Z,emailservice,0.0,150,0.8,0.0,0
2026-09-26T20:46:12Z,adservice,89.0,600,0.8,0.14833333333333334,0
2026-09-26T20:46:12Z,redis-cart,15.0,500,0.8,0.03,0
2026-09-26T20:46:13Z,frontend,211.4,1150,0.8,0.18382608695652175,0
2026-09-26T20:46:13Z,cartservice,228.0,1000,0.95,0.228,0
2026-09-26T20:46:13Z,checkoutservice,1515.0,1500,0.8,1.01,1
2026-09-26T20:46:13Z,productcatalogservice,387.0,600,0.95,0.645,0
2026-09-26T20:46:13Z,paymentservice,0.0,150,0.8,0.0,0
2026-09-26T20:46:13Z,recommendationservice,508.0,2000,0.8,0.254,0
2026-09-26T20:46:13Z,shippingservice,50.0,400,0.8,0.125,0
2026-09-26T20:46:13Z,currencyservice,169.0,500,0.8,0.338,0
2026-09-26T20:46:13Z,emailservice,0.0,150,0.8,0.0,0
2026-09-26T20:46:13Z,adservice,89.0,600,0.8,0.14833333333333334,0
2026-09-26T20:46:13Z,redis-cart,15.0,500,0.8,0.03,0
2026-09-26T20:46:14Z,frontend,207.2,1150,0.8,0.18017391304347824,0
2026-09-26T20:46:14Z,cartservice,244.0,1000,0.95,0.244,0
2026-09-26T20:46:14Z,checkoutservice,1515.0,1500,0.8,1.01,1
2026-09-26T20:46:14Z,productcatalogservice,415.0,600,0.95,0.6916666666666667,0
2026-09-26T20:46:14Z,paymentservice,0.0,150,0.8,0.0,0
2026-09-26T20:46:14Z,recommendationservice,508.0,2000,0.8,0.254,0
2026-09-26T20:46:14Z,shippingservice,50.0,400,0.8,0.125,0
2026-09-26T20:46:14Z,currencyservice,177.0,500,0.8,0.354,0
2026-09-26T20:46:14Z,emailservice,0.0,150,0.8,0.0,0
2026-09-26T20:46:14Z,adservice,75.0,600,0.8,0.125,0
2026-09-26T20:46:14Z,redis-cart,18.0,500,0.8,0.036,0
2026-09-26T20:46:15Z,frontend,216.2,1150,0.8,0.188,0
2026-09-26T20:46:15Z,cartservice,202.0,1000,0.95,0.202,0
2026-09-26T20:46:15Z,checkoutservice,1441.0,1500,0.8,0.9606666666666667,1
2026-09-26T20:46:15Z,productcatalogservice,377.0,600,0.95,0.6283333333333333,0
2026-09-26T20:46:15Z,paymentservice,21.0,150,0.8,0.14,0
2026-09-26T20:46:15Z,recommendationservice,564.0,2000,0.8,0.282,0
2026-09-26T20:46:15Z,shippingservice,59.0,400,0.8,0.1475,0
2026-09-26T20:46:15Z,currencyservice,156.0,500,0.8,0.312,0
2026-09-26T20:46:15Z,emailservice,16.0,150,0.8,0.10666666666666667,0
2026-09-26T20:46:15Z,adservice,82.0,600,0.8,0.13666666666666666,0
2026-09-26T20:46:15Z,redis-cart,18.0,500,0.8,0.036,0
2026-09-26T20:46:16Z,frontend,193.0,1150,0.8,0.16782608695652174,0
2026-09-26T20:46:16Z,cartservice,202.0,1000,0.95,0.202,0
2026-09-26T20:46:16Z,checkoutservice,1524.0,1500,0.8,1.016,1
2026-09-26T20:46:16Z,productcatalogservice,411.0,600,0.95,0.685,0
2026-09-26T20:46:16Z,paymentservice,21.0,150,0.8,0.14,0
2026-09-26T20:46:16Z,recommendationservice,555.0,2000,0.8,0.2775,0
2026-09-26T20:46:16Z,shippingservice,71.0,400,0.8,0.1775,0
2026-09-26T20:46:16Z,currencyservice,156.0,500,0.8,0.312,0
2026-09-26T20:46:16Z,emailservice,16.0,150,0.8,0.10666666666666667,0
2026-09-26T20:46:16Z,adservice,82.0,600,0.8,0.13666666666666666,0
2026-09-26T20:46:16Z,redis-cart,18.0,500,0.8,0.036,0
2026-09-26T20:46:17Z,frontend,199.6,1150,0.8,0.17356521739130434,0
2026-09-26T20:46:17Z,cartservice,193.0,1000,0.95,0.193,0
2026-09-26T20:46:17Z,checkoutservice,1524.0,1500,0.8,1.016,1
2026-09-26T20:46:17Z,productcatalogservice,411.0,600,0.95,0.685,0
2026-09-26T20:46:17Z,paymentservice,11.0,150,0.8,0.07333333333333333,0
2026-09-26T20:46:17Z,recommendationservice,446.0,2000,0.8,0.223,0
2026-09-26T20:46:17Z,shippingservice,111.0,400,0.8,0.2775,0
2026-09-26T20:46:17Z,currencyservice,241.0,500,0.8,0.482,0
2026-09-26T20:46:17Z,emailservice,0.0,150,0.8,0.0,0
2026-09-26T20:46:17Z,adservice,71.0,600,0.8,0.11833333333333333,0
2026-09-26T20:46:17Z,redis-cart,18.0,500,0.8,0.036,0
2026-09-26T20:46:18Z,frontend,222.6,1150,0.8,0.19356521739130433,0
2026-09-26T20:46:18Z,cartservice,152.0,1000,0.95,0.152,0
2026-09-26T20:46:18Z,checkoutservice,1480.0,1500,0.8,0.9866666666666667,1
2026-09-26T20:46:18Z,productcatalogservice,388.0,600,0.95,0.6466666666666666,0
2026-09-26T20:46:18Z,paymentservice,27.0,150,0.8,0.18,0
2026-09-26T20:46:18Z,recommendationservice,536.0,2000,0.8,0.268,0
2026-09-26T20:46:18Z,shippingservice,111.0,400,0.8,0.2775,0
2026-09-26T20:46:18Z,currencyservice,188.0,500,0.8,0.376,0
2026-09-26T20:46:18Z,emailservice,0.0,150,0.8,0.0,0
2026-09-26T20:46:18Z,adservice,71.0,600,0.8,0.11833333333333333,0
2026-09-26T20:46:18Z,redis-cart,20.0,500,0.8,0.04,0
2026-09-26T20:46:19Z,frontend,199.0,1150,0.8,0.17304347826086958,0
2026-09-26T20:46:19Z,cartservice,152.0,1000,0.95,0.152,0
2026-09-26T20:46:19Z,checkoutservice,1516.0,1500,0.8,1.0106666666666666,1
2026-09-26T20:46:19Z,productcatalogservice,388.0,600,0.95,0.6466666666666666,0
2026-09-26T20:46:19Z,paymentservice,27.0,150,0.8,0.18,0
2026-09-26T20:46:19Z,recommendationservice,536.0,2000,0.8,0.268,0
2026-09-26T20:46:19Z,shippingservice,82.0,400,0.8,0.205,0
2026-09-26T20:46:19Z,currencyservice,233.0,500,0.8,0.466,0
2026-09-26T20:46:19Z,emailservice,3.0,150,0.8,0.02,0
2026-09-26T20:46:19Z,adservice,77.0,600,0.8,0.12833333333333333,0
2026-09-26T20:46:19Z,redis-cart,19.0,500,0.8,0.038,0
2026-09-26T20:46:20Z,frontend,200.0,1150,0.8,0.17391304347826086,0
2026-09-26T20:46:20Z,cartservice,160.0,1000,0.95,0.16,0
2026-09-26T20:46:20Z,checkoutservice,1516.0,1500,0.8,1.0106666666666666,1
2026-09-26T20:46:20Z,productcatalogservice,391.0,600,0.95,0.6516666666666666,0
2026-09-26T20:46:20Z,paymentservice,69.0,150,0.8,0.46,0
2026-09-26T20:46:20Z,recommendationservice,583.0,2000,0.8,0.2915,0
2026-09-26T20:46:20Z,shippingservice,81.0,400,0.8,0.2025,0
2026-09-26T20:46:20Z,currencyservice,213.0,500,0.8,0.426,0
2026-09-26T20:46:20Z,emailservice,3.0,150,0.8,0.02,0
2026-09-26T20:46:20Z,adservice,77.0,600,0.8,0.12833333333333333,0
2026-09-26T20:46:20Z,redis-cart,19.0,500,0.8,0.038,0
2026-09-26T20:46:21Z,frontend,213.0,1150,0.8,0.18521739130434783,0
2026-09-26T20:46:21Z,cartservice,120.0,1000,0.95,0.12,0
2026-09-26T20:46:21Z,checkoutservice,1481.0,1500,0.8,0.9873333333333333,1
2026-09-26T20:46:21Z,productcatalogservice,369.0,600,0.95,0.615,0
2026-09-26T20:46:21Z,paymentservice,0.0,150,0.8,0.0,0
2026-09-26T20:46:21Z,recommendationservice,495.0,2000,0.8,0.2475,0
2026-09-26T20:46:21Z,shippingservice,81.0,400,0.8,0.2025,0
2026-09-26T20:46:21Z,currencyservice,213.0,500,0.8,0.426,0
2026-09-26T20:46:21Z,emailservice,19.0,150,0.8,0.12666666666666668,0
2026-09-26T20:46:21Z,adservice,78.0,600,0.8,0.13,0
2026-09-26T20:46:21Z,redis-cart,18.0,500,0.8,0.036,0
2026-09-26T20:46:22Z,frontend,203.8,1150,0.8,0.17721739130434783,0
2026-09-26T20:46:22Z,cartservice,151.0,1000,0.95,0.151,0
2026-09-26T20:46:22Z,checkoutservice,1556.0,1500,0.8,1.0373333333333334,1
2026-09-26T20:46:22Z,productcatalogservice,367.0,600,0.95,0.6116666666666667,0
2026-09-26T20:46:22Z,paymentservice,0.0,150,0.8,0.0,0
2026-09-26T20:46:22Z,recommendationservice,495.0,2000,0.8,0.2475,0
2026-09-26T20:46:22Z,shippingservice,106.0,400,0.8,0.265,0
2026-09-26T20:46:22Z,currencyservice,189.0,500,0.8,0.378,0
2026-09-26T20:46:22Z,emailservice,0.0,150,0.8,0.0,0
2026-09-26T20:46:22Z,adservice,80.0,600,0.8,0.13333333333333333,0
2026-09-26T20:46:22Z,redis-cart,15.0,500,0.8,0.03,0
2026-09-26T20:46:23Z,frontend,192.2,1150,0.8,0.1671304347826087,0
2026-09-26T20:46:23Z,cartservice,151.0,1000,0.95,0.151,0
2026-09-26T20:46:23Z,checkoutservice,1439.0,1500,0.8,0.9593333333333334,1
2026-09-26T20:46:23Z,productcatalogservice,367.0,600,0.95,0.6116666666666667,0
2026-09-26T20:46:23Z,paymentservice,40.0,150,0.8,0.26666666666666666,0
2026-09-26T20:46:23Z,recommendationservice,567.0,2000,0.8,0.2835,0
2026-09-26T20:46:23Z,shippingservice,78.0,400,0.8,0.195,0
2026-09-26T20:46:23Z,currencyservice,197.0,500,0.8,0.394,0
2026-09-26T20:46:23Z,emailservice,3.0,150,0.8,0.02,0
2026-09-26T20:46:23Z,adservice,79.0,600,0.8,0.13166666666666665,0
2026-09-26T20:46:23Z,redis-cart,15.0,500,0.8,0.03,0
2026-09-26T20:46:24Z,frontend,202.6,1150,0.8,0.17617391304347826,0
2026-09-26T20:46:24Z,cartservice,181.0,1000,0.95,0.181,0
2026-09-26T20:46:24Z,checkoutservice,1439.0,1500,0.8,0.9593333333333334,1
2026-09-26T20:46:24Z,productcatalogservice,376.0,600,0.95,0.6266666666666667,0
2026-09-26T20:46:24Z,paymentservice,26.0,150,0.8,0.17333333333333334,0
2026-09-26T20:46:24Z,recommendationservice,450.0,2000,0.8,0.225,0
2026-09-26T20:46:24Z,shippingservice,109.0,400,0.8,0.2725,0
2026-09-26T20:46:24Z,currencyservice,237.0,500,0.8,0.474,0
2026-09-26T20:46:24Z,emailservice,3.0,150,0.8,0.02,0
2026-09-26T20:46:24Z,adservice,60.0,600,0.8,0.1,0
2026-09-26T20:46:24Z,redis-cart,20.0,500,0.8,0.04,0
2026-09-26T20:46:25Z,frontend,188.4,1150,0.8,0.16382608695652173,0
2026-09-26T20:46:25Z,cartservice,164.0,1000,0.95,0.164,0
2026-09-26T20:46:25Z,checkoutservice,1483.0,1500,0.8,0.9886666666666667,1
2026-09-26T20:46:25Z,productcatalogservice,376.0,600,0.95,0.6266666666666667,0
2026-09-26T20:46:25Z,paymentservice,26.0,150,0.8,0.17333333333333334,0
2026-09-26T20:46:25Z,recommendationservice,543.0,2000,0.8,0.2715,0
2026-09-26T20:46:25Z,shippingservice,109.0,400,0.8,0.2725,0
2026-09-26T20:46:25Z,currencyservice,237.0,500,0.8,0.474,0
2026-09-26T20:46:25Z,emailservice,0.0,150,0.8,0.0,0
2026-09-26T20:46:25Z,adservice,60.0,600,0.8,0.1,0
2026-09-26T20:46:25Z,redis-cart,20.0,500,0.8,0.04,0
2026-09-26T20:46:26Z,frontend,187.4,1150,0.8,0.16295652173913044,0
2026-09-26T20:46:26Z,cartservice,164.0,1000,0.95,0.164,0
2026-09-26T20:46:26Z,checkoutservice,1483.0,1500,0.8,0.9886666666666667,1
2026-09-26T20:46:26Z,productcatalogservice,368.0,600,0.95,0.6133333333333333,0
2026-09-26T20:46:26Z,paymentservice,75.0,150,0.8,0.5,0
2026-09-26T20:46:26Z,recommendationservice,522.0,2000,0.8,0.261,0
2026-09-26T20:46:26Z,shippingservice,107.0,400,0.8,0.2675,0
2026-09-26T20:46:26Z,currencyservice,259.0,500,0.8,0.518,0
2026-09-26T20:46:26Z,emailservice,28.0,150,0.8,0.18666666666666668,0
2026-09-26T20:46:26Z,adservice,75.0,600,0.8,0.125,0
2026-09-26T20:46:26Z,redis-cart,22.0,500,0.8,0.044,0
2026-09-26T20:46:27Z,frontend,209.8,1150,0.8,0.18243478260869567,0
2026-09-26T20:46:27Z,cartservice,143.0,1000,0.95,0.143,0
2026-09-26T20:46:27Z,checkoutservice,1508.0,1500,0.8,1.0053333333333334,1
2026-09-26T20:46:27Z,productcatalogservice,374.0,600,0.95,0.6233333333333333,0
2026-09-26T20:46:27Z,paymentservice,75.0,150,0.8,0.5,0
2026-09-26T20:46:27Z,recommendationservice,522.0,2000,0.8,0.261,0
2026-09-26T20:46:27Z,shippingservice,132.0,400,0.8,0.33,0
2026-09-26T20:46:27Z,currencyservice,259.0,500,0.8,0.518,0
2026-09-26T20:46:27Z,emailservice,14.0,150,0.8,0.09333333333333334,0
2026-09-26T20:46:27Z,adservice,75.0,600,0.8,0.125,0
2026-09-26T20:46:27Z,redis-cart,22.0,500,0.8,0.044,0
2026-09-26T20:46:28Z,frontend,198.6,1150,0.8,0.17269565217391303,0
2026-09-26T20:46:28Z,cartservice,166.0,1000,0.95,0.166,0
2026-09-26T20:46:28Z,checkoutservice,1479.0,1500,0.8,0.986,1
2026-09-26T20:46:28Z,productcatalogservice,374.0,600,0.95,0.6233333333333333,0
2026-09-26T20:46:28Z,paymentservice,97.0,150,0.8,0.6466666666666666,0
2026-09-26T20:46:28Z,recommendationservice,496.0,2000,0.8,0.248,0
2026-09-26T20:46:28Z,shippingservice,132.0,400,0.8,0.33,0
2026-09-26T20:46:28Z,currencyservice,246.0,500,0.8,0.492,0
2026-09-26T20:46:28Z,emailservice,14.0,150,0.8,0.09333333333333334,0
2026-09-26T20:46:28Z,adservice,74.0,600,0.8,0.12333333333333334,0
2026-09-26T20:46:28Z,redis-cart,20.0,500,0.8,0.04,0
2026-09-26T20:46:29Z,frontend,209.6,1150,0.8,0.1822608695652174,0
2026-09-26T20:46:29Z,cartservice,166.0,1000,0.95,0.166,0
2026-09-26T20:46:29Z,checkoutservice,1479.0,1500,0.8,0.986,1
2026-09-26T20:46:29Z,productcatalogservice,385.0,600,0.95,0.6416666666666667,0
2026-09-26T20:46:29Z,paymentservice,84.0,150,0.8,0.56,0
2026-09-26T20:46:29Z,recommendationservice,496.0,2000,0.8,0.248,0
2026-09-26T20:46:29Z,shippingservice,126.0,400,0.8,0.315,0
2026-09-26T20:46:29Z,currencyservice,284.0,500,0.8,0.568,0
2026-09-26T20:46:29Z,emailservice,0.0,150,0.8,0.0,0
2026-09-26T20:46:29Z,adservice,82.0,600,0.8,0.13666666666666666,0
2026-09-26T20:46:29Z,redis-cart,20.0,500,0.8,0.04,0
2026-09-26T20:46:30Z,frontend,202.8,1150,0.8,0.17634782608695654,0
2026-09-26T20:46:30Z,cartservice,169.0,1000,0.95,0.169,0
2026-09-26T20:46:30Z,checkoutservice,1529.0,1500,0.8,1.0193333333333334,1
2026-09-26T20:46:30Z,productcatalogservice,385.0,600,0.95,0.6416666666666667,0
2026-09-26T20:46:30Z,paymentservice,84.0,150,0.8,0.56,0
2026-09-26T20:46:30Z,recommendationservice,632.0,2000,0.8,0.316,0
2026-09-26T20:46:30Z,shippingservice,126.0,400,0.8,0.315,0
2026-09-26T20:46:30Z,currencyservice,284.0,500,0.8,0.568,0
2026-09-26T20:46:30Z,emailservice,36.0,150,0.8,0.24,0
2026-09-26T20:46:30Z,adservice,74.0,600,0.8,0.12333333333333334,0
2026-09-26T20:46:30Z,redis-cart,23.0,500,0.8,0.046,0
2026-09-26T20:46:31Z,frontend,192.4,1150,0.8,0.16730434782608697,0
2026-09-26T20:46:31Z,cartservice,169.0,1000,0.95,0.169,0
2026-09-26T20:46:31Z,checkoutservice,1469.0,1500,0.8,0.9793333333333333,1
2026-09-26T20:46:31Z,productcatalogservice,375.0,600,0.95,0.625,0
2026-09-26T20:46:31Z,paymentservice,105.0,150,0.8,0.7,0
2026-09-26T20:46:31Z,recommendationservice,607.0,2000,0.8,0.3035,0
2026-09-26T20:46:31Z,shippingservice,120.0,400,0.8,0.3,0
2026-09-26T20:46:31Z,currencyservice,266.0,500,0.8,0.532,0
2026-09-26T20:46:31Z,emailservice,36.0,150,0.8,0.24,0
2026-09-26T20:46:31Z,adservice,74.0,600,0.8,0.12333333333333334,0
2026-09-26T20:46:31Z,redis-cart,23.0,500,0.8,0.046,0
2026-09-26T20:46:32Z,frontend,218.0,1150,0.8,0.18956521739130436,0
2026-09-26T20:46:32Z,cartservice,184.0,1000,0.95,0.184,0
2026-09-26T20:46:32Z,checkoutservice,1469.0,1500,0.8,0.9793333333333333,1
2026-09-26T20:46:32Z,productcatalogservice,335.0,600,0.95,0.5583333333333333,0
2026-09-26T20:46:32Z,paymentservice,130.0,150,0.8,0.8666666666666667,1
2026-09-26T20:46:32Z,recommendationservice,607.0,2000,0.8,0.3035,0
2026-09-26T20:46:32Z,shippingservice,160.0,400,0.8,0.4,0
2026-09-26T20:46:32Z,currencyservice,227.0,500,0.8,0.454,0
2026-09-26T20:46:32Z,emailservice,11.0,150,0.8,0.07333333333333333,0
2026-09-26T20:46:32Z,adservice,74.0,600,0.8,0.12333333333333334,0
2026-09-26T20:46:32Z,redis-cart,22.0,500,0.8,0.044,0
2026-09-26T20:46:33Z,frontend,211.0,1150,0.8,0.18347826086956523,0
2026-09-26T20:46:33Z,cartservice,184.0,1000,0.95,0.184,0
2026-09-26T20:46:33Z,checkoutservice,1490.0,1500,0.8,0.9933333333333333,1
2026-09-26T20:46:33Z,productcatalogservice,335.0,600,0.95,0.5583333333333333,0
2026-09-26T20:46:33Z,paymentservice,130.0,150,0.8,0.8666666666666667,1
2026-09-26T20:46:33Z,recommendationservice,526.0,2000,0.8,0.263,0
2026-09-26T20:46:33Z,shippingservice,160.0,400,0.8,0.4,0
2026-09-26T20:46:33Z,currencyservice,227.0,500,0.8,0.454,0
2026-09-26T20:46:33Z,emailservice,11.0,150,0.8,0.07333333333333333,0
2026-09-26T20:46:33Z,adservice,74.0,600,0.8,0.12333333333333334,0
2026-09-26T20:46:33Z,redis-cart,22.0,500,0.8,0.044,0
2026-09-26T20:46:34Z,frontend,195.6,1150,0.8,0.17008695652173914,0
2026-09-26T20:46:34Z,cartservice,223.0,1000,0.95,0.223,0
2026-09-26T20:46:34Z,checkoutservice,1477.0,1500,0.8,0.9846666666666667,1
2026-09-26T20:46:34Z,productcatalogservice,375.0,600,0.95,0.625,0
2026-09-26T20:46:34Z,paymentservice,134.0,150,0.8,0.8933333333333333,1
2026-09-26T20:46:34Z,recommendationservice,484.0,2000,0.8,0.242,0
2026-09-26T20:46:34Z,shippingservice,135.0,400,0.8,0.3375,0
2026-09-26T20:46:34Z,currencyservice,306.0,500,0.8,0.612,0
2026-09-26T20:46:34Z,emailservice,41.0,150,0.8,0.2733333333333333,0
2026-09-26T20:46:34Z,adservice,74.0,600,0.8,0.12333333333333334,0
2026-09-26T20:46:34Z,redis-cart,18.0,500,0.8,0.036,0
2026-09-26T20:46:35Z,frontend,204.4,1150,0.8,0.17773913043478262,0
2026-09-26T20:46:35Z,cartservice,161.0,1000,0.95,0.161,0
2026-09-26T20:46:35Z,checkoutservice,1477.0,1500,0.8,0.9846666666666667,1
2026-09-26T20:46:35Z,productcatalogservice,375.0,600,0.95,0.625,0
2026-09-26T20:46:35Z,paymentservice,101.0,150,0.8,0.6733333333333333,0
2026-09-26T20:46:35Z,recommendationservice,484.0,2000,0.8,0.242,0
2026-09-26T20:46:35Z,shippingservice,120.0,400,0.8,0.3,0
2026-09-26T20:46:35Z,currencyservice,242.0,500,0.8,0.484,0
2026-09-26T20:46:35Z,emailservice,38.0,150,0.8,0.25333333333333335,0
2026-09-26T20:46:35Z,adservice,74.0,600,0.8,0.12333333333333334,0
2026-09-26T20:46:35Z,redis-cart,18.0,500,0.8,0.036,0
2026-09-26T20:46:36Z,frontend,206.0,1150,0.8,0.1791304347826087,0
2026-09-26T20:46:36Z,cartservice,161.0,1000,0.95,0.161,0
2026-09-26T20:46:36Z,checkoutservice,1520.0,1500,0.8,1.0133333333333334,1
2026-09-26T20:46:36Z,productcatalogservice,386.0,600,0.95,0.6433333333333333,0
2026-09-26T20:46:36Z,paymentservice,101.0,150,0.8,0.6733333333333333,0
2026-09-26T20:46:36Z,recommendationservice,529.0,2000,0.8,0.2645,0
2026-09-26T20:46:36Z,shippingservice,120.0,400,0.8,0.3,0
2026-09-26T20:46:36Z,currencyservice,239.0,500,0.8,0.478,0
2026-09-26T20:46:36Z,emailservice,11.0,150,0.8,0.07333333333333333,0
2026-09-26T20:46:36Z,adservice,75.0,600,0.8,0.125,0
2026-09-26T20:46:36Z,redis-cart,24.0,500,0.8,0.048,0
2026-09-26T20:46:37Z,frontend,207.4,1150,0.8,0.18034782608695651,0
2026-09-26T20:46:37Z,cartservice,227.0,1000,0.95,0.227,0
2026-09-26T20:46:37Z,checkoutservice,1520.0,1500,0.8,1.0133333333333334,1
2026-09-26T20:46:37Z,productcatalogservice,386.0,600,0.95,0.6433333333333333,0
2026-09-26T20:46:37Z,paymentservice,121.0,150,0.8,0.8066666666666666,1
2026-09-26T20:46:37Z,recommendationservice,535.0,2000,0.8,0.2675,0
2026-09-26T20:46:37Z,shippingservice,165.0,400,0.8,0.4125,0
2026-09-26T20:46:37Z,currencyservice,239.0,500,0.8,0.478,0
2026-09-26T20:46:37Z,emailservice,11.0,150,0.8,0.07333333333333333,0
2026-09-26T20:46:37Z,adservice,75.0,600,0.8,0.125,0
2026-09-26T20:46:37Z,redis-cart,24.0,500,0.8,0.048,0
2026-09-26T20:46:38Z,frontend,211.8,1150,0.8,0.18417391304347827,0
2026-09-26T20:46:38Z,cartservice,195.0,1000,0.95,0.195,0
2026-09-26T20:46:38Z,checkoutservice,1456.0,1500,0.8,0.9706666666666667,1
2026-09-26T20:46:38Z,productcatalogservice,349.0,600,0.95,0.5816666666666667,0
2026-09-26T20:46:38Z,paymentservice,130.0,150,0.8,0.8666666666666667,1
2026-09-26T20:46:38Z,recommendationservice,535.0,2000,0.8,0.2675,0
2026-09-26T20:46:38Z,shippingservice,128.0,400,0.8,0.32,0
2026-09-26T20:46:38Z,currencyservice,271.0,500,0.8,0.542,0
2026-09-26T20:46:38Z,emailservice,0.0,150,0.8,0.0,0
2026-09-26T20:46:38Z,adservice,73.0,600,0.8,0.12166666666666667,0
2026-09-26T20:46:38Z,redis-cart,24.0,500,0.8,0.048,0
2026-09-26T20:46:39Z,frontend,195.4,1150,0.8,0.16991304347826086,0
2026-09-26T20:46:39Z,cartservice,157.0,1000,0.95,0.157,0
2026-09-26T20:46:39Z,checkoutservice,1537.0,1500,0.8,1.0246666666666666,1
2026-09-26T20:46:39Z,productcatalogservice,384.0,600,0.95,0.64,0
2026-09-26T20:46:39Z,paymentservice,130.0,150,0.8,0.8666666666666667,1
2026-09-26T20:46:39Z,recommendationservice,576.0,2000,0.8,0.288,0
2026-09-26T20:46:39Z,shippingservice,128.0,400,0.8,0.32,0
2026-09-26T20:46:39Z,currencyservice,281.0,500,0.8,0.562,0
2026-09-26T20:46:39Z,emailservice,0.0,150,0.8,0.0,0
2026-09-26T20:46:39Z,adservice,73.0,600,0.8,0.12166666666666667,0
2026-09-26T20:46:39Z,redis-cart,19.0,500,0.8,0.038,0
2026-09-26T20:46:40Z,frontend,193.0,1150,0.8,0.16782608695652174,0
2026-09-26T20:46:40Z,cartservice,157.0,1000,0.95,0.157,0
2026-09-26T20:46:40Z,checkoutservice,1441.0,1500,0.8,0.9606666666666667,1
2026-09-26T20:46:40Z,productcatalogservice,371.0,600,0.95,0.6183333333333333,0
2026-09-26T20:46:40Z,paymentservice,111.0,150,0.8,0.74,0
2026-09-26T20:46:40Z,recommendationservice,556.0,2000,0.8,0.278,0
2026-09-26T20:46:40Z,shippingservice,156.0,400,0.8,0.39,0
2026-09-26T20:46:40Z,currencyservice,281.0,500,0.8,0.562,0
2026-09-26T20:46:40Z,emailservice,26.0,150,0.8,0.17333333333333334,0
2026-09-26T20:46:40Z,adservice,72.0,600,0.8,0.12,0
2026-09-26T20:46:40Z,redis-cart,20.0,500,0.8,0.04,0
2026-09-26T20:46:41Z,frontend,193.0,1150,0.8,0.16782608695652174,0
2026-09-26T20:46:41Z,cartservice,198.0,1000,0.95,0.198,0
2026-09-26T20:46:41Z,checkoutservice,1441.0,1500,0.8,0.9606666666666667,1
2026-09-26T20:46:41Z,productcatalogservice,371.0,600,0.95,0.6183333333333333,0
2026-09-26T20:46:41Z,paymentservice,126.0,150,0.8,0.84,1
2026-09-26T20:46:41Z,recommendationservice,556.0,2000,0.8,0.278,0
2026-09-26T20:46:41Z,shippingservice,156.0,400,0.8,0.39,0
2026-09-26T20:46:41Z,currencyservice,292.0,500,0.8,0.584,0
2026-09-26T20:46:41Z,emailservice,0.0,150,0.8,0.0,0
2026-09-26T20:46:41Z,adservice,68.0,600,0.8,0.11333333333333333,0
2026-09-26T20:46:41Z,redis-cart,20.0,500,0.8,0.04,0
2026-09-26T20:46:42Z,frontend,217.2,1150,0.8,0.1888695652173913,0
2026-09-26T20:46:42Z,cartservice,193.0,1000,0.95,0.193,0
2026-09-26T20:46:42Z,checkoutservice,1524.0,1500,0.8,1.016,1
2026-09-26T20:46:42Z,productcatalogservice,369.0,600,0.95,0.615,0
2026-09-26T20:46:42Z,paymentservice,151.0,150,0.8,1.0066666666666666,1
2026-09-26T20:46:42Z,recommendationservice,569.0,2000,0.8,0.2845,0
2026-09-26T20:46:42Z,shippingservice,138.0,400,0.8,0.345,0
2026-09-26T20:46:42Z,currencyservice,292.0,500,0.8,0.584,0
2026-09-26T20:46:42Z,emailservice,0.0,150,0.8,0.0,0
2026-09-26T20:46:42Z,adservice,70.0,600,0.8,0.11666666666666667,0
2026-09-26T20:46:42Z,redis-cart,26.0,500,0.8,0.052,0
2026-09-26T20:46:43Z,frontend,204.2,1150,0.8,0.17756521739130435,0
2026-09-26T20:46:43Z,cartservice,193.0,1000,0.95,0.193,0
2026-09-26T20:46:43Z,checkoutservice,1524.0,1500,0.8,1.016,1
2026-09-26T20:46:43Z,productcatalogservice,357.0,600,0.95,0.595,0
2026-09-26T20:46:43Z,paymentservice,151.0,150,0.8,1.0066666666666666,1
2026-09-26T20:46:43Z,recommendationservice,569.0,2000,0.8,0.2845,0
2026-09-26T20:46:43Z,shippingservice,143.0,400,0.8,0.3575,0
2026-09-26T20:46:43Z,currencyservice,259.0,500,0.8,0.518,0
2026-09-26T20:46:43Z,emailservice,6.0,150,0.8,0.04,0
2026-09-26T20:46:43Z,adservice,70.0,600,0.8,0.11666666666666667,0
2026-09-26T20:46:43Z,redis-cart,21.0,500,0.8,0.042,0
2026-09-26T20:46:44Z,frontend,193.8,1150,0.8,0.1685217391304348,0
2026-09-26T20:46:44Z,cartservice,195.0,1000,0.95,0.195,0
2026-09-26T20:46:44Z,checkoutservice,1492.0,1500,0.8,0.9946666666666667,1
2026-09-26T20:46:44Z,productcatalogservice,357.0,600,0.95,0.595,0
2026-09-26T20:46:44Z,paymentservice,105.0,150,0.8,0.7,0
2026-09-26T20:46:44Z,recommendationservice,521.0,2000,0.8,0.2605,0
2026-09-26T20:46:44Z,shippingservice,144.0,400,0.8,0.36,0
2026-09-26T20:46:44Z,currencyservice,251.0,500,0.8,0.502,0
2026-09-26T20:46:44Z,emailservice,5.0,150,0.8,0.03333333333333333,0
2026-09-26T20:46:44Z,adservice,91.0,600,0.8,0.15166666666666667,0
2026-09-26T20:46:44Z,redis-cart,21.0,500,0.8,0.042,0
2026-09-26T20:46:45Z,frontend,193.4,1150,0.8,0.16817391304347826,0
2026-09-26T20:46:45Z,cartservice,179.0,1000,0.95,0.179,0
2026-09-26T20:46:45Z,checkoutservice,1493.0,1500,0.8,0.9953333333333333,1
2026-09-26T20:46:45Z,productcatalogservice,397.0,600,0.95,0.6616666666666666,0
2026-09-26T20:46:45Z,paymentservice,116.0,150,0.8,0.7733333333333333,0
2026-09-26T20:46:45Z,recommendationservice,521.0,2000,0.8,0.2605,0
2026-09-26T20:46:45Z,shippingservice,129.0,400,0.8,0.3225,0
2026-09-26T20:46:45Z,currencyservice,251.0,500,0.8,0.502,0
2026-09-26T20:46:45Z,emailservice,5.0,150,0.8,0.03333333333333333,0
2026-09-26T20:46:45Z,adservice,71.0,600,0.8,0.11833333333333333,0
2026-09-26T20:46:45Z,redis-cart,23.0,500,0.8,0.046,0
2026-09-26T20:46:46Z,frontend,194.6,1150,0.8,0.16921739130434782,0
2026-09-26T20:46:46Z,cartservice,172.0,1000,0.95,0.172,0
2026-09-26T20:46:46Z,checkoutservice,1493.0,1500,0.8,0.9953333333333333,1
2026-09-26T20:46:46Z,productcatalogservice,397.0,600,0.95,0.6616666666666666,0
2026-09-26T20:46:46Z,paymentservice,122.0,150,0.8,0.8133333333333334,1
2026-09-26T20:46:46Z,recommendationservice,526.0,2000,0.8,0.263,0
2026-09-26T20:46:46Z,shippingservice,129.0,400,0.8,0.3225,0
2026-09-26T20:46:46Z,currencyservice,290.0,500,0.8,0.58,0
2026-09-26T20:46:46Z,emailservice,30.0,150,0.8,0.2,0
2026-09-26T20:46:46Z,adservice,71.0,600,0.8,0.11833333333333333,0
2026-09-26T20:46:46Z,redis-cart,20.0,500,0.8,0.04,0
2026-09-26T20:46:47Z,frontend,197.0,1150,0.8,0.17130434782608694,0
2026-09-26T20:46:47Z,cartservice,172.0,1000,0.95,0.172,0
2026-09-26T20:46:47Z,checkoutservice,1468.0,1500,0.8,0.9786666666666667,1
2026-09-26T20:46:47Z,productcatalogservice,348.0,600,0.95,0.58,0
2026-09-26T20:46:47Z,paymentservice,122.0,150,0.8,0.8133333333333334,1
2026-09-26T20:46:47Z,recommendationservice,534.0,2000,0.8,0.267,0
2026-09-26T20:46:47Z,shippingservice,123.0,400,0.8,0.3075,0
2026-09-26T20:46:47Z,currencyservice,236.0,500,0.8,0.472,0
2026-09-26T20:46:47Z,emailservice,30.0,150,0.8,0.2,0
2026-09-26T20:46:47Z,adservice,83.0,600,0.8,0.13833333333333334,0
2026-09-26T20:46:47Z,redis-cart,20.0,500,0.8,0.04,0
2026-09-26T20:46:48Z,frontend,196.8,1150,0.8,0.1711304347826087,0
2026-09-26T20:46:48Z,cartservice,190.0,1000,0.95,0.19,0
2026-09-26T20:46:48Z,checkoutservice,1518.0,1500,0.8,1.012,1
2026-09-26T20:46:48Z,productcatalogservice,372.0,600,0.95,0.62,0
2026-09-26T20:46:48Z,paymentservice,127.0,150,0.8,0.8466666666666667,1
2026-09-26T20:46:48Z,recommendationservice,543.0,2000,0.8,0.2715,0
2026-09-26T20:46:48Z,shippingservice,180.0,400,0.8,0.45,0
2026-09-26T20:46:48Z,currencyservice,265.0,500,0.8,0.53,0
2026-09-26T20:46:48Z,emailservice,15.0,150,0.8,0.1,0
2026-09-26T20:46:48Z,adservice,83.0,600,0.8,0.13833333333333334,0
2026-09-26T20:46:48Z,redis-cart,23.0,500,0.8,0.046,0
2026-09-26T20:46:49Z,frontend,210.0,1150,0.8,0.1826086956521739,0
2026-09-26T20:46:49Z,cartservice,190.0,1000,0.95,0.19,0
2026-09-26T20:46:49Z,checkoutservice,1448.0,1500,0.8,0.9653333333333334,1
2026-09-26T20:46:49Z,productcatalogservice,357.0,600,0.95,0.595,0
2026-09-26T20:46:49Z,paymentservice,110.0,150,0.8,0.7333333333333333,0
2026-09-26T20:46:49Z,recommendationservice,543.0,2000,0.8,0.2715,0
2026-09-26T20:46:49Z,shippingservice,122.0,400,0.8,0.305,0
2026-09-26T20:46:49Z,currencyservice,265.0,500,0.8,0.53,0
2026-09-26T20:46:49Z,emailservice,7.0,150,0.8,0.04666666666666667,0
2026-09-26T20:46:49Z,adservice,73.0,600,0.8,0.12166666666666667,0
2026-09-26T20:46:49Z,redis-cart,23.0,500,0.8,0.046,0
2026-09-26T20:46:50Z,frontend,208.6,1150,0.8,0.18139130434782608,0
2026-09-26T20:46:50Z,cartservice,178.0,1000,0.95,0.178,0
2026-09-26T20:46:50Z,checkoutservice,1475.0,1500,0.8,0.9833333333333333,1
2026-09-26T20:46:50Z,productcatalogservice,363.0,600,0.95,0.605,0
2026-09-26T20:46:50Z,paymentservice,110.0,150,0.8,0.7333333333333333,0
2026-09-26T20:46:50Z,recommendationservice,540.0,2000,0.8,0.27,0
2026-09-26T20:46:50Z,shippingservice,122.0,400,0.8,0.305,0
2026-09-26T20:46:50Z,currencyservice,261.0,500,0.8,0.522,0
2026-09-26T20:46:50Z,emailservice,7.0,150,0.8,0.04666666666666667,0
2026-09-26T20:46:50Z,adservice,73.0,600,0.8,0.12166666666666667,0
2026-09-26T20:46:50Z,redis-cart,22.0,500,0.8,0.044,0
2026-09-26T20:46:51Z,frontend,206.6,1150,0.8,0.17965217391304347,0
2026-09-26T20:46:51Z,cartservice,162.0,1000,0.95,0.162,0
2026-09-26T20:46:51Z,checkoutservice,1568.0,1500,0.8,1.0453333333333332,1
2026-09-26T20:46:51Z,productcatalogservice,373.0,600,0.95,0.6216666666666667,0
2026-09-26T20:46:51Z,paymentservice,120.0,150,0.8,0.8,0
2026-09-26T20:46:51Z,recommendationservice,540.0,2000,0.8,0.27,0
2026-09-26T20:46:51Z,shippingservice,139.0,400,0.8,0.3475,0
2026-09-26T20:46:51Z,currencyservice,238.0,500,0.8,0.476,0
2026-09-26T20:46:51Z,emailservice,23.0,150,0.8,0.15333333333333332,0
2026-09-26T20:46:51Z,adservice,68.0,600,0.8,0.11333333333333333,0
2026-09-26T20:46:51Z,redis-cart,22.0,500,0.8,0.044,0
2026-09-26T20:46:52Z,frontend,206.2,1150,0.8,0.17930434782608695,0
2026-09-26T20:46:52Z,cartservice,162.0,1000,0.95,0.162,0
2026-09-26T20:46:52Z,checkoutservice,1568.0,1500,0.8,1.0453333333333332,1
2026-09-26T20:46:52Z,productcatalogservice,373.0,600,0.95,0.6216666666666667,0
2026-09-26T20:46:52Z,paymentservice,120.0,150,0.8,0.8,0
2026-09-26T20:46:52Z,recommendationservice,532.0,2000,0.8,0.266,0
2026-09-26T20:46:52Z,shippingservice,168.0,400,0.8,0.42,0
2026-09-26T20:46:52Z,currencyservice,238.0,500,0.8,0.476,0
2026-09-26T20:46:52Z,emailservice,23.0,150,0.8,0.15333333333333332,0
2026-09-26T20:46:52Z,adservice,88.0,600,0.8,0.14666666666666667,0
2026-09-26T20:46:52Z,redis-cart,25.0,500,0.8,0.05,0
2026-09-26T20:46:53Z,frontend,206.8,1150,0.8,0.17982608695652175,0
2026-09-26T20:46:53Z,cartservice,207.0,1000,0.95,0.207,0
2026-09-26T20:46:53Z,checkoutservice,1485.0,1500,0.8,0.99,1
2026-09-26T20:46:53Z,productcatalogservice,374.0,600,0.95,0.6233333333333333,0
2026-09-26T20:46:53Z,paymentservice,137.0,150,0.8,0.9133333333333333,1
2026-09-26T20:46:53Z,recommendationservice,619.0,2000,0.8,0.3095,0
2026-09-26T20:46:53Z,shippingservice,137.0,400,0.8,0.3425,0
2026-09-26T20:46:53Z,currencyservice,307.0,500,0.8,0.614,0
2026-09-26T20:46:53Z,emailservice,12.0,150,0.8,0.08,0
2026-09-26T20:46:53Z,adservice,67.0,600,0.8,0.11166666666666666,0
2026-09-26T20:46:53Z,redis-cart,25.0,500,0.8,0.05,0
2026-09-26T20:46:54Z,frontend,208.6,1150,0.8,0.18139130434782608,0
2026-09-26T20:46:54Z,cartservice,175.0,1000,0.95,0.175,0
2026-09-26T20:46:54Z,checkoutservice,1485.0,1500,0.8,0.99,1
2026-09-26T20:46:54Z,productcatalogservice,374.0,600,0.95,0.6233333333333333,0
2026-09-26T20:46:54Z,paymentservice,137.0,150,0.8,0.9133333333333333,1
2026-09-26T20:46:54Z,recommendationservice,619.0,2000,0.8,0.3095,0
2026-09-26T20:46:54Z,shippingservice,137.0,400,0.8,0.3425,0
2026-09-26T20:46:54Z,currencyservice,285.0,500,0.8,0.57,0
2026-09-26T20:46:54Z,emailservice,4.0,150,0.8,0.02666666666666667,0
2026-09-26T20:46:54Z,adservice,67.0,600,0.8,0.11166666666666666,0
2026-09-26T20:46:54Z,redis-cart,25.0,500,0.8,0.05,0
2026-09-26T20:46:55Z,frontend,190.2,1150,0.8,0.1653913043478261,0
2026-09-26T20:46:55Z,cartservice,175.0,1000,0.95,0.175,0
2026-09-26T20:46:55Z,checkoutservice,1514.0,1500,0.8,1.0093333333333334,1
2026-09-26T20:46:55Z,productcatalogservice,383.0,600,0.95,0.6383333333333333,0
2026-09-26T20:46:55Z,paymentservice,130.0,150,0.8,0.8666666666666667,1
2026-09-26T20:46:55Z,recommendationservice,578.0,2000,0.8,0.289,0
2026-09-26T20:46:55Z,shippingservice,131.0,400,0.8,0.3275,0
2026-09-26T20:46:55Z,currencyservice,213.0,500,0.8,0.426,0
2026-09-26T20:46:55Z,emailservice,32.0,150,0.8,0.21333333333333335,0
2026-09-26T20:46:55Z,adservice,86.0,600,0.8,0.14333333333333334,0
2026-09-26T20:46:55Z,redis-cart,25.0,500,0.8,0.05,0
2026-09-26T20:46:56Z,frontend,208.4,1150,0.8,0.18121739130434783,0
2026-09-26T20:46:56Z,cartservice,169.0,1000,0.95,0.169,0
2026-09-26T20:46:56Z,checkoutservice,1514.0,1500,0.8,1.0093333333333334,1
2026-09-26T20:46:56Z,productcatalogservice,363.0,600,0.95,0.605,0
2026-09-26T20:46:56Z,paymentservice,46.0,150,0.8,0.30666666666666664,0
2026-09-26T20:46:56Z,recommendationservice,578.0,2000,0.8,0.289,0
2026-09-26T20:46:56Z,shippingservice,131.0,400,0.8,0.3275,0
2026-09-26T20:46:56Z,currencyservice,213.0,500,0.8,0.426,0
2026-09-26T20:46:56Z,emailservice,32.0,150,0.8,0.21333333333333335,0
2026-09-26T20:46:56Z,adservice,63.0,600,0.8,0.105,0
2026-09-26T20:46:56Z,redis-cart,17.0,500,0.8,0.034,0
2026-09-26T20:46:57Z,frontend,204.6,1150,0.8,0.17791304347826087,0
2026-09-26T20:46:57Z,cartservice,136.0,1000,0.95,0.136,0
2026-09-26T20:46:57Z,checkoutservice,1499.0,1500,0.8,0.9993333333333333,1
2026-09-26T20:46:57Z,productcatalogservice,363.0,600,0.95,0.605,0
2026-09-26T20:46:57Z,paymentservice,46.0,150,0.8,0.30666666666666664,0
2026-09-26T20:46:57Z,recommendationservice,537.0,2000,0.8,0.2685,0
2026-09-26T20:46:57Z,shippingservice,76.0,400,0.8,0.19,0
2026-09-26T20:46:57Z,currencyservice,187.0,500,0.8,0.374,0
2026-09-26T20:46:57Z,emailservice,0.0,150,0.8,0.0,0
2026-09-26T20:46:57Z,adservice,63.0,600,0.8,0.105,0
2026-09-26T20:46:57Z,redis-cart,20.0,500,0.8,0.04,0
2026-09-26T20:46:58Z,frontend,218.0,1150,0.8,0.18956521739130436,0
2026-09-26T20:46:58Z,cartservice,104.0,1000,0.95,0.104,0
2026-09-26T20:46:58Z,checkoutservice,0.0,1500,0.8,0.0,0
2026-09-26T20:46:58Z,productcatalogservice,422.0,600,0.95,0.7033333333333334,0
2026-09-26T20:46:58Z,paymentservice,0.0,150,0.8,0.0,0
2026-09-26T20:46:58Z,recommendationservice,537.0,2000,0.8,0.2685,0
2026-09-26T20:46:58Z,shippingservice,76.0,400,0.8,0.19,0
2026-09-26T20:46:58Z,currencyservice,187.0,500,0.8,0.374,0
2026-09-26T20:46:58Z,emailservice,0.0,150,0.8,0.0,0
2026-09-26T20:46:58Z,adservice,81.0,600,0.8,0.135,0
2026-09-26T20:46:58Z,redis-cart,20.0,500,0.8,0.04,0
2026-09-26T20:46:59Z,frontend,258.2,1150,0.8,0.22452173913043477,0
2026-09-26T20:46:59Z,cartservice,104.0,1000,0.95,0.104,0
2026-09-26T20:46:59Z,checkoutservice,0.0,1500,0.8,0.0,0
2026-09-26T20:46:59Z,productcatalogservice,422.0,600,0.95,0.7033333333333334,0
2026-09-26T20:46:59Z,paymentservice,0.0,150,0.8,0.0,0
2026-09-26T20:46:59Z,recommendationservice,616.0,2000,0.8,0.308,0
2026-09-26T20:46:59Z,shippingservice,49.0,400,0.8,0.1225,0
2026-09-26T20:46:59Z,currencyservice,191.0,500,0.8,0.382,0
2026-09-26T20:46:59Z,emailservice,0.0,150,0.8,0.0,0
2026-09-26T20:46:59Z,adservice,99.0,600,0.8,0.165,0
2026-09-26T20:46:59Z,redis-cart,19.0,500,0.8,0.038,0
2026-09-26T20:47:00Z,frontend,266.4,1150,0.8,0.23165217391304346,0
2026-09-26T20:47:00Z,cartservice,157.0,1000,0.95,0.157,0
2026-09-26T20:47:00Z,checkoutservice,0.0,1500,0.8,0.0,0
2026-09-26T20:47:00Z,productcatalogservice,485.0,600,0.95,0.8083333333333333,0
2026-09-26T20:47:00Z,paymentservice,0.0,150,0.8,0.0,0
2026-09-26T20:47:00Z,recommendationservice,676.0,2000,0.8,0.338,0
2026-09-26T20:47:00Z,shippingservice,32.0,400,0.8,0.08,0
2026-09-26T20:47:00Z,currencyservice,157.0,500,0.8,0.314,0
2026-09-26T20:47:00Z,emailservice,19.0,150,0.8,0.12666666666666668,0
2026-09-26T20:47:00Z,adservice,66.0,600,0.8,0.11,0
2026-09-26T20:47:00Z,redis-cart,13.0,500,0.8,0.026,0
2026-09-26T20:47:01Z,frontend,237.6,1150,0.8,0.2066086956521739,0
2026-09-26T20:47:01Z,cartservice,99.0,1000,0.95,0.099,0
2026-09-26T20:47:01Z,checkoutservice,0.0,1500,0.8,0.0,0
2026-09-26T20:47:01Z,productcatalogservice,485.0,600,0.95,0.8083333333333333,0
2026-09-26T20:47:01Z,paymentservice,0.0,150,0.8,0.0,0
2026-09-26T20:47:01Z,recommendationservice,676.0,2000,0.8,0.338,0
2026-09-26T20:47:01Z,shippingservice,32.0,400,0.8,0.08,0
2026-09-26T20:47:01Z,currencyservice,188.0,500,0.8,0.376,0
2026-09-26T20:47:01Z,emailservice,19.0,150,0.8,0.12666666666666668,0
2026-09-26T20:47:01Z,adservice,66.0,600,0.8,0.11,0
2026-09-26T20:47:01Z,redis-cart,13.0,500,0.8,0.026,0
2026-09-26T20:47:02Z,frontend,234.4,1150,0.8,0.20382608695652174,0
2026-09-26T20:47:02Z,cartservice,99.0,1000,0.95,0.099,0
2026-09-26T20:47:02Z,checkoutservice,0.0,1500,0.8,0.0,0
2026-09-26T20:47:02Z,productcatalogservice,436.0,600,0.95,0.7266666666666667,0
2026-09-26T20:47:02Z,paymentservice,22.0,150,0.8,0.14666666666666667,0
2026-09-26T20:47:02Z,recommendationservice,716.0,2000,0.8,0.358,0
2026-09-26T20:47:02Z,shippingservice,63.0,400,0.8,0.1575,0
2026-09-26T20:47:02Z,currencyservice,188.0,500,0.8,0.376,0
2026-09-26T20:47:02Z,emailservice,0.0,150,0.8,0.0,0
2026-09-26T20:47:02Z,adservice,89.0,600,0.8,0.14833333333333334,0
2026-09-26T20:47:02Z,redis-cart,19.0,500,0.8,0.038,0
2026-09-26T20:47:03Z,frontend,262.4,1150,0.8,0.22817391304347825,0
2026-09-26T20:47:03Z,cartservice,114.0,1000,0.95,0.114,0
2026-09-26T20:47:03Z,checkoutservice,0.0,1500,0.8,0.0,0
2026-09-26T20:47:03Z,productcatalogservice,497.0,600,0.95,0.8283333333333334,0
2026-09-26T20:47:03Z,paymentservice,0.0,150,0.8,0.0,0
2026-09-26T20:47:03Z,recommendationservice,703.0,2000,0.8,0.3515,0
2026-09-26T20:47:03Z,shippingservice,31.0,400,0.8,0.0775,0
2026-09-26T20:47:03Z,currencyservice,156.0,500,0.8,0.312,0
2026-09-26T20:47:03Z,emailservice,0.0,150,0.8,0.0,0
2026-09-26T20:47:03Z,adservice,63.0,600,0.8,0.105,0
2026-09-26T20:47:03Z,redis-cart,15.0,500,0.8,0.03,0
2026-09-26T20:47:04Z,frontend,265.0,1150,0.8,0.23043478260869565,0
2026-09-26T20:47:04Z,cartservice,114.0,1000,0.95,0.114,0
2026-09-26T20:47:04Z,checkoutservice,0.0,1500,0.8,0.0,0
2026-09-26T20:47:04Z,productcatalogservice,469.0,600,0.95,0.7816666666666666,0
2026-09-26T20:47:04Z,paymentservice,0.0,150,0.8,0.0,0
2026-09-26T20:47:04Z,recommendationservice,703.0,2000,0.8,0.3515,0
2026-09-26T20:47:04Z,shippingservice,31.0,400,0.8,0.0775,0
2026-09-26T20:47:04Z,currencyservice,156.0,500,0.8,0.312,0
2026-09-26T20:47:04Z,emailservice,0.0,150,0.8,0.0,0
2026-09-26T20:47:04Z,adservice,63.0,600,0.8,0.105,0
2026-09-26T20:47:04Z,redis-cart,14.0,500,0.8,0.028,0
2026-09-26T20:47:05Z,frontend,267.4,1150,0.8,0.23252173913043475,0
2026-09-26T20:47:05Z,cartservice,157.0,1000,0.95,0.157,0
2026-09-26T20:47:05Z,checkoutservice,0.0,1500,0.8,0.0,0
2026-09-26T20:47:05Z,productcatalogservice,469.0,600,0.95,0.7816666666666666,0
2026-09-26T20:47:05Z,paymentservice,0.0,150,0.8,0.0,0
2026-09-26T20:47:05Z,recommendationservice,731.0,2000,0.8,0.3655,0
2026-09-26T20:47:05Z,shippingservice,44.0,400,0.8,0.11,0
2026-09-26T20:47:05Z,currencyservice,161.0,500,0.8,0.322,0
2026-09-26T20:47:05Z,emailservice,0.0,150,0.8,0.0,0
2026-09-26T20:47:05Z,adservice,99.0,600,0.8,0.165,0
2026-09-26T20:47:05Z,redis-cart,14.0,500,0.8,0.028,0
2026-09-26T20:47:06Z,frontend,266.0,1150,0.8,0.23130434782608697,0
2026-09-26T20:47:06Z,cartservice,118.0,1000,0.95,0.118,0
2026-09-26T20:47:06Z,checkoutservice,0.0,1500,0.8,0.0,0
2026-09-26T20:47:06Z,productcatalogservice,465.0,600,0.95,0.775,0
2026-09-26T20:47:06Z,paymentservice,0.0,150,0.8,0.0,0
2026-09-26T20:47:06Z,recommendationservice,731.0,2000,0.8,0.3655,0
2026-09-26T20:47:06Z,shippingservice,33.0,400,0.8,0.0825,0
2026-09-26T20:47:06Z,currencyservice,161.0,500,0.8,0.322,0
2026-09-26T20:47:06Z,emailservice,18.0,150,0.8,0.12,0
2026-09-26T20:47:06Z,adservice,76.0,600,0.8,0.12666666666666668,0
2026-09-26T20:47:06Z,redis-cart,18.0,500,0.8,0.036,0
2026-09-26T20:47:07Z,frontend,241.4,1150,0.8,0.20991304347826087,0
2026-09-26T20:47:07Z,cartservice,118.0,1000,0.95,0.118,0
2026-09-26T20:47:07Z,checkoutservice,0.0,1500,0.8,0.0,0
2026-09-26T20:47:07Z,productcatalogservice,465.0,600,0.95,0.775,0
2026-09-26T20:47:07Z,paymentservice,0.0,150,0.8,0.0,0
2026-09-26T20:47:07Z,recommendationservice,661.0,2000,0.8,0.3305,0
2026-09-26T20:47:07Z,shippingservice,33.0,400,0.8,0.0825,0
2026-09-26T20:47:07Z,currencyservice,205.0,500,0.8,0.41,0
2026-09-26T20:47:07Z,emailservice,18.0,150,0.8,0.12,0
2026-09-26T20:47:07Z,adservice,67.0,600,0.8,0.11166666666666666,0
2026-09-26T20:47:07Z,redis-cart,18.0,500,0.8,0.036,0
2026-09-26T20:47:08Z,frontend,251.2,1150,0.8,0.21843478260869564,0
2026-09-26T20:47:08Z,cartservice,83.0,1000,0.95,0.083,0
2026-09-26T20:47:08Z,checkoutservice,0.0,1500,0.8,0.0,0
2026-09-26T20:47:08Z,productcatalogservice,475.0,600,0.95,0.7916666666666666,0
2026-09-26T20:47:08Z,paymentservice,0.0,150,0.8,0.0,0
2026-09-26T20:47:08Z,recommendationservice,734.0,2000,0.8,0.367,0
2026-09-26T20:47:08Z,shippingservice,75.0,400,0.8,0.1875,0
2026-09-26T20:47:08Z,currencyservice,145.0,500,0.8,0.29,0
2026-09-26T20:47:08Z,emailservice,0.0,150,0.8,0.0,0
2026-09-26T20:47:08Z,adservice,67.0,600,0.8,0.11166666666666666,0
2026-09-26T20:47:08Z,redis-cart,18.0,500,0.8,0.036,0
2026-09-26T20:47:09Z,frontend,236.4,1150,0.8,0.20556521739130434,0
2026-09-26T20:47:09Z,cartservice,83.0,1000,0.95,0.083,0
2026-09-26T20:47:09Z,checkoutservice,0.0,1500,0.8,0.0,0
2026-09-26T20:47:09Z,productcatalogservice,475.0,600,0.95,0.7916666666666666,0
2026-09-26T20:47:09Z,paymentservice,0.0,150,0.8,0.0,0
2026-09-26T20:47:09Z,recommendationservice,734.0,2000,0.8,0.367,0
2026-09-26T20:47:09Z,shippingservice,75.0,400,0.8,0.1875,0
2026-09-26T20:47:09Z,currencyservice,145.0,500,0.8,0.29,0
2026-09-26T20:47:09Z,emailservice,0.0,150,0.8,0.0,0
2026-09-26T20:47:09Z,adservice,87.0,600,0.8,0.145,0
2026-09-26T20:47:09Z,redis-cart,12.0,500,0.8,0.024,0
2026-09-26T20:47:10Z,frontend,263.6,1150,0.8,0.22921739130434785,0
2026-09-26T20:47:10Z,cartservice,95.0,1000,0.95,0.095,0
2026-09-26T20:47:10Z,checkoutservice,0.0,1500,0.8,0.0,0
2026-09-26T20:47:10Z,productcatalogservice,450.0,600,0.95,0.75,0
2026-09-26T20:47:10Z,paymentservice,0.0,150,0.8,0.0,0
2026-09-26T20:47:10Z,recommendationservice,621.0,2000,0.8,0.3105,0
2026-09-26T20:47:10Z,shippingservice,36.0,400,0.8,0.09,0
2026-09-26T20:47:10Z,currencyservice,219.0,500,0.8,0.438,0
2026-09-26T20:47:10Z,emailservice,0.0,150,0.8,0.0,0
2026-09-26T20:47:10Z,adservice,87.0,600,0.8,0.145,0
2026-09-26T20:47:10Z,redis-cart,12.0,500,0.8,0.024,0
2026-09-26T20:47:11Z,frontend,238.4,1150,0.8,0.20730434782608695,0
2026-09-26T20:47:11Z,cartservice,145.0,1000,0.95,0.145,0
2026-09-26T20:47:11Z,checkoutservice,0.0,1500,0.8,0.0,0
2026-09-26T20:47:11Z,productcatalogservice,472.0,600,0.95,0.7866666666666666,0
2026-09-26T20:47:11Z,paymentservice,0.0,150,0.8,0.0,0
2026-09-26T20:47:11Z,recommendationservice,718.0,2000,0.8,0.359,0
2026-09-26T20:47:11Z,shippingservice,46.0,400,0.8,0.115,0
2026-09-26T20:47:11Z,currencyservice,123.0,500,0.8,0.246,0
2026-09-26T20:47:11Z,emailservice,19.0,150,0.8,0.12666666666666668,0
2026-09-26T20:47:11Z,adservice,88.0,600,0.8,0.14666666666666667,0
2026-09-26T20:47:11Z,redis-cart,16.0,500,0.8,0.032,0
2026-09-26T20:47:12Z,frontend,245.0,1150,0.8,0.21304347826086956,0
2026-09-26T20:47:12Z,cartservice,145.0,1000,0.95,0.145,0
2026-09-26T20:47:12Z,checkoutservice,0.0,1500,0.8,0.0,0
2026-09-26T20:47:12Z,productcatalogservice,472.0,600,0.95,0.7866666666666666,0
2026-09-26T20:47:12Z,paymentservice,18.0,150,0.8,0.12,0
2026-09-26T20:47:12Z,recommendationservice,718.0,2000,0.8,0.359,0
2026-09-26T20:47:12Z,shippingservice,50.0,400,0.8,0.125,0
2026-09-26T20:47:12Z,currencyservice,123.0,500,0.8,0.246,0
2026-09-26T20:47:12Z,emailservice,0.0,150,0.8,0.0,0
2026-09-26T20:47:12Z,adservice,72.0,600,0.8,0.12,0
2026-09-26T20:47:12Z,redis-cart,16.0,500,0.8,0.032,0
2026-09-26T20:47:13Z,frontend,258.2,1150,0.8,0.22452173913043477,0
2026-09-26T20:47:13Z,cartservice,118.0,1000,0.95,0.118,0
2026-09-26T20:47:13Z,checkoutservice,0.0,1500,0.8,0.0,0
2026-09-26T20:47:13Z,productcatalogservice,445.0,600,0.95,0.7416666666666667,0
2026-09-26T20:47:13Z,paymentservice,0.0,150,0.8,0.0,0
2026-09-26T20:47:13Z,recommendationservice,721.0,2000,0.8,0.3605,0
2026-09-26T20:47:13Z,shippingservice,50.0,400,0.8,0.125,0
2026-09-26T20:47:13Z,currencyservice,178.0,500,0.8,0.356,0
2026-09-26T20:47:13Z,emailservice,0.0,150,0.8,0.0,0
2026-09-26T20:47:13Z,adservice,73.0,600,0.8,0.12166666666666667,0
2026-09-26T20:47:13Z,redis-cart,22.0,500,0.8,0.044,0
2026-09-26T20:47:14Z,frontend,260.0,1150,0.8,0.22608695652173913,0
2026-09-26T20:47:14Z,cartservice,118.0,1000,0.95,0.118,0
2026-09-26T20:47:14Z,checkoutservice,0.0,1500,0.8,0.0,0
2026-09-26T20:47:14Z,productcatalogservice,475.0,600,0.95,0.7916666666666666,0
2026-09-26T20:47:14Z,paymentservice,0.0,150,0.8,0.0,0
2026-09-26T20:47:14Z,recommendationservice,638.0,2000,0.8,0.319,0
2026-09-26T20:47:14Z,shippingservice,57.0,400,0.8,0.1425,0
2026-09-26T20:47:14Z,currencyservice,178.0,500,0.8,0.356,0
2026-09-26T20:47:14Z,emailservice,0.0,150,0.8,0.0,0
2026-09-26T20:47:14Z,adservice,73.0,600,0.8,0.12166666666666667,0
2026-09-26T20:47:14Z,redis-cart,22.0,500,0.8,0.044,0
2026-09-26T20:47:15Z,frontend,254.2,1150,0.8,0.22104347826086956,0
2026-09-26T20:47:15Z,cartservice,174.0,1000,0.95,0.174,0
2026-09-26T20:47:15Z,checkoutservice,0.0,1500,0.8,0.0,0
2026-09-26T20:47:15Z,productcatalogservice,475.0,600,0.95,0.7916666666666666,0
2026-09-26T20:47:15Z,paymentservice,38.0,150,0.8,0.25333333333333335,0
2026-09-26T20:47:15Z,recommendationservice,638.0,2000,0.8,0.319,0
2026-09-26T20:47:15Z,shippingservice,24.0,400,0.8,0.06,0
2026-09-26T20:47:15Z,currencyservice,160.0,500,0.8,0.32,0
2026-09-26T20:47:15Z,emailservice,0.0,150,0.8,0.0,0
2026-09-26T20:47:15Z,adservice,130.0,600,0.8,0.21666666666666667,0
2026-09-26T20:47:15Z,redis-cart,17.0,500,0.8,0.034,0
2026-09-26T20:47:16Z,frontend,268.4,1150,0.8,0.23339130434782607,0
2026-09-26T20:47:16Z,cartservice,74.0,1000,0.95,0.074,0
2026-09-26T20:47:16Z,checkoutservice,0.0,1500,0.8,0.0,0
2026-09-26T20:47:16Z,productcatalogservice,485.0,600,0.95,0.8083333333333333,0
2026-09-26T20:47:16Z,paymentservice,38.0,150,0.8,0.25333333333333335,0
2026-09-26T20:47:16Z,recommendationservice,769.0,2000,0.8,0.3845,0
2026-09-26T20:47:16Z,shippingservice,24.0,400,0.8,0.06,0
2026-09-26T20:47:16Z,currencyservice,172.0,500,0.8,0.344,0
2026-09-26T20:47:16Z,emailservice,31.0,150,0.8,0.20666666666666667,0
2026-09-26T20:47:16Z,adservice,65.0,600,0.8,0.10833333333333334,0
2026-09-26T20:47:16Z,redis-cart,15.0,500,0.8,0.03,0
2026-09-26T20:47:17Z,frontend,262.8,1150,0.8,0.2285217391304348,0
2026-09-26T20:47:17Z,cartservice,74.0,1000,0.95,0.074,0
2026-09-26T20:47:17Z,checkoutservice,0.0,1500,0.8,0.0,0
2026-09-26T20:47:17Z,productcatalogservice,485.0,600,0.95,0.8083333333333333,0
2026-09-26T20:47:17Z,paymentservice,0.0,150,0.8,0.0,0
2026-09-26T20:47:17Z,recommendationservice,769.0,2000,0.8,0.3845,0
2026-09-26T20:47:17Z,shippingservice,86.0,400,0.8,0.215,0
2026-09-26T20:47:17Z,currencyservice,172.0,500,0.8,0.344,0
2026-09-26T20:47:17Z,emailservice,0.0,150,0.8,0.0,0
2026-09-26T20:47:17Z,adservice,74.0,600,0.8,0.12333333333333334,0
2026-09-26T20:47:17Z,redis-cart,15.0,500,0.8,0.03,0
2026-09-26T20:47:18Z,frontend,255.4,1150,0.8,0.22208695652173913,0
2026-09-26T20:47:18Z,cartservice,140.0,1000,0.95,0.14,0
2026-09-26T20:47:18Z,checkoutservice,0.0,1500,0.8,0.0,0
2026-09-26T20:47:18Z,productcatalogservice,454.0,600,0.95,0.7566666666666667,0
2026-09-26T20:47:18Z,paymentservice,0.0,150,0.8,0.0,0
2026-09-26T20:47:18Z,recommendationservice,673.0,2000,0.8,0.3365,0
2026-09-26T20:47:18Z,shippingservice,39.0,400,0.8,0.0975,0
2026-09-26T20:47:18Z,currencyservice,138.0,500,0.8,0.276,0
2026-09-26T20:47:18Z,emailservice,0.0,150,0.8,0.0,0
2026-09-26T20:47:18Z,adservice,74.0,600,0.8,0.12333333333333334,0
2026-09-26T20:47:18Z,redis-cart,14.0,500,0.8,0.028,0
2026-09-26T20:47:19Z,frontend,252.0,1150,0.8,0.21913043478260869,0
2026-09-26T20:47:19Z,cartservice,112.0,1000,0.95,0.112,0
2026-09-26T20:47:19Z,checkoutservice,0.0,1500,0.8,0.0,0
2026-09-26T20:47:19Z,productcatalogservice,454.0,600,0.95,0.7566666666666667,0
2026-09-26T20:47:19Z,paymentservice,0.0,150,0.8,0.0,0
2026-09-26T20:47:19Z,recommendationservice,711.0,2000,0.8,0.3555,0
2026-09-26T20:47:19Z,shippingservice,39.0,400,0.8,0.0975,0
2026-09-26T20:47:19Z,currencyservice,213.0,500,0.8,0.426,0
2026-09-26T20:47:19Z,emailservice,0.0,150,0.8,0.0,0
2026-09-26T20:47:19Z,adservice,97.0,600,0.8,0.16166666666666665,0
2026-09-26T20:47:19Z,redis-cart,14.0,500,0.8,0.028,0
2026-09-26T20:47:20Z,frontend,251.0,1150,0.8,0.2182608695652174,0
2026-09-26T20:47:20Z,cartservice,130.0,1000,0.95,0.13,0
2026-09-26T20:47:20Z,checkoutservice,0.0,1500,0.8,0.0,0
2026-09-26T20:47:20Z,productcatalogservice,522.0,600,0.95,0.87,0
2026-09-26T20:47:20Z,paymentservice,0.0,150,0.8,0.0,0
2026-09-26T20:47:20Z,recommendationservice,711.0,2000,0.8,0.3555,0
2026-09-26T20:47:20Z,shippingservice,48.0,400,0.8,0.12,0
2026-09-26T20:47:20Z,currencyservice,213.0,500,0.8,0.426,0
2026-09-26T20:47:20Z,emailservice,22.0,150,0.8,0.14666666666666667,0
2026-09-26T20:47:20Z,adservice,74.0,600,0.8,0.12333333333333334,0
2026-09-26T20:47:20Z,redis-cart,19.0,500,0.8,0.038,0
2026-09-26T20:47:21Z,frontend,262.4,1150,0.8,0.22817391304347825,0
2026-09-26T20:47:21Z,cartservice,130.0,1000,0.95,0.13,0
2026-09-26T20:47:21Z,checkoutservice,0.0,1500,0.8,0.0,0
2026-09-26T20:47:21Z,productcatalogservice,463.0,600,0.95,0.7716666666666666,0
2026-09-26T20:47:21Z,paymentservice,0.0,150,0.8,0.0,0
2026-09-26T20:47:21Z,recommendationservice,753.0,2000,0.8,0.3765,0
2026-09-26T20:47:21Z,shippingservice,26.0,400,0.8,0.065,0
2026-09-26T20:47:21Z,currencyservice,136.0,500,0.8,0.272,0
2026-09-26T20:47:21Z,emailservice,22.0,150,0.8,0.14666666666666667,0
2026-09-26T20:47:21Z,adservice,74.0,600,0.8,0.12333333333333334,0
2026-09-26T20:47:21Z,redis-cart,13.0,500,0.8,0.026,0
2026-09-26T20:47:22Z,frontend,270.0,1150,0.8,0.23478260869565218,0
2026-09-26T20:47:22Z,cartservice,151.0,1000,0.95,0.151,0
2026-09-26T20:47:22Z,checkoutservice,0.0,1500,0.8,0.0,0
2026-09-26T20:47:22Z,productcatalogservice,463.0,600,0.95,0.7716666666666666,0
2026-09-26T20:47:22Z,paymentservice,29.0,150,0.8,0.19333333333333333,0
2026-09-26T20:47:22Z,recommendationservice,753.0,2000,0.8,0.3765,0
2026-09-26T20:47:22Z,shippingservice,26.0,400,0.8,0.065,0
2026-09-26T20:47:22Z,currencyservice,136.0,500,0.8,0.272,0
2026-09-26T20:47:22Z,emailservice,0.0,150,0.8,0.0,0
2026-09-26T20:47:22Z,adservice,91.0,600,0.8,0.15166666666666667,0
2026-09-26T20:47:22Z,redis-cart,13.0,500,0.8,0.026,0
2026-09-26T20:47:23Z,frontend,248.8,1150,0.8,0.21634782608695652,0
2026-09-26T20:47:23Z,cartservice,139.0,1000,0.95,0.139,0
2026-09-26T20:47:23Z,checkoutservice,0.0,1500,0.8,0.0,0
2026-09-26T20:47:23Z,productcatalogservice,486.0,600,0.95,0.81,0
2026-09-26T20:47:23Z,paymentservice,3.0,150,0.8,0.02,0
2026-09-26T20:47:23Z,recommendationservice,642.0,2000,0.8,0.321,0
2026-09-26T20:47:23Z,shippingservice,73.0,400,0.8,0.1825,0
2026-09-26T20:47:23Z,currencyservice,165.0,500,0.8,0.33,0
2026-09-26T20:47:23Z,emailservice,0.0,150,0.8,0.0,0
2026-09-26T20:47:23Z,adservice,70.0,600,0.8,0.11666666666666667,0
2026-09-26T20:47:23Z,redis-cart,17.0,500,0.8,0.034,0
2026-09-26T20:47:24Z,frontend,223.4,1150,0.8,0.1942608695652174,0
2026-09-26T20:47:24Z,cartservice,155.0,1000,0.95,0.155,0
2026-09-26T20:47:24Z,checkoutservice,259.0,1500,0.8,0.17266666666666666,0
2026-09-26T20:47:24Z,productcatalogservice,470.0,600,0.95,0.7833333333333333,0
2026-09-26T20:47:24Z,paymentservice,3.0,150,0.8,0.02,0
2026-09-26T20:47:24Z,recommendationservice,683.0,2000,0.8,0.3415,0
2026-09-26T20:47:24Z,shippingservice,86.0,400,0.8,0.215,0
2026-09-26T20:47:24Z,currencyservice,304.0,500,0.8,0.608,0
2026-09-26T20:47:24Z,emailservice,12.0,150,0.8,0.08,0
2026-09-26T20:47:24Z,adservice,70.0,600,0.8,0.11666666666666667,0
2026-09-26T20:47:24Z,redis-cart,17.0,500,0.8,0.034,0
2026-09-26T20:47:25Z,frontend,233.8,1150,0.8,0.20330434782608697,0
2026-09-26T20:47:25Z,cartservice,155.0,1000,0.95,0.155,0
2026-09-26T20:47:25Z,checkoutservice,1494.0,1500,0.8,0.996,1
2026-09-26T20:47:25Z,productcatalogservice,470.0,600,0.95,0.7833333333333333,0
2026-09-26T20:47:25Z,paymentservice,122.0,150,0.8,0.8133333333333334,1
2026-09-26T20:47:25Z,recommendationservice,607.0,2000,0.8,0.3035,0
2026-09-26T20:47:25Z,shippingservice,138.0,400,0.8,0.345,0
2026-09-26T20:47:25Z,currencyservice,304.0,500,0.8,0.608,0
2026-09-26T20:47:25Z,emailservice,109.0,150,0.8,0.7266666666666667,0
2026-09-26T20:47:25Z,adservice,86.0,600,0.8,0.14333333333333334,0
2026-09-26T20:47:25Z,redis-cart,26.0,500,0.8,0.052,0
2026-09-26T20:47:26Z,frontend,215.0,1150,0.8,0.18695652173913044,0
2026-09-26T20:47:26Z,cartservice,244.0,1000,0.95,0.244,0
2026-09-26T20:47:26Z,checkoutservice,1494.0,1500,0.8,0.996,1
2026-09-26T20:47:26Z,productcatalogservice,347.0,600,0.95,0.5783333333333334,0
2026-09-26T20:47:26Z,paymentservice,145.0,150,0.8,0.9666666666666667,1
2026-09-26T20:47:26Z,recommendationservice,607.0,2000,0.8,0.3035,0
2026-09-26T20:47:26Z,shippingservice,138.0,400,0.8,0.345,0
2026-09-26T20:47:26Z,currencyservice,267.0,500,0.8,0.534,0
2026-09-26T20:47:26Z,emailservice,13.0,150,0.8,0.08666666666666667,0
2026-09-26T20:47:26Z,adservice,86.0,600,0.8,0.14333333333333334,0
2026-09-26T20:47:26Z,redis-cart,24.0,500,0.8,0.048,0
2026-09-26T20:47:27Z,frontend,196.0,1150,0.8,0.17043478260869566,0
2026-09-26T20:47:27Z,cartservice,244.0,1000,0.95,0.244,0
2026-09-26T20:47:27Z,checkoutservice,1460.0,1500,0.8,0.9733333333333334,1
2026-09-26T20:47:27Z,productcatalogservice,395.0,600,0.95,0.6583333333333333,0
2026-09-26T20:47:27Z,paymentservice,153.0,150,0.8,1.02,1
2026-09-26T20:47:27Z,recommendationservice,592.0,2000,0.8,0.296,0
2026-09-26T20:47:27Z,shippingservice,160.0,400,0.8,0.4,0
2026-09-26T20:47:27Z,currencyservice,267.0,500,0.8,0.534,0
2026-09-26T20:47:27Z,emailservice,13.0,150,0.8,0.08666666666666667,0
2026-09-26T20:47:27Z,adservice,85.0,600,0.8,0.14166666666666666,0
2026-09-26T20:47:27Z,redis-cart,28.0,500,0.8,0.056,0
2026-09-26T20:47:28Z,frontend,214.0,1150,0.8,0.18608695652173912,0
2026-09-26T20:47:28Z,cartservice,297.0,1000,0.95,0.297,0
2026-09-26T20:47:28Z,checkoutservice,1448.0,1500,0.8,0.9653333333333334,1
2026-09-26T20:47:28Z,productcatalogservice,373.0,600,0.95,0.6216666666666667,0
2026-09-26T20:47:28Z,paymentservice,153.0,150,0.8,1.02,1
2026-09-26T20:47:28Z,recommendationservice,592.0,2000,0.8,0.296,0
2026-09-26T20:47:28Z,shippingservice,160.0,400,0.8,0.4,0
2026-09-26T20:47:28Z,currencyservice,303.0,500,0.8,0.606,0
2026-09-26T20:47:28Z,emailservice,0.0,150,0.8,0.0,0
2026-09-26T20:47:28Z,adservice,81.0,600,0.8,0.135,0
2026-09-26T20:47:28Z,redis-cart,29.0,500,0.8,0.058,0
2026-09-26T20:47:29Z,frontend,214.4,1150,0.8,0.18643478260869567,0
2026-09-26T20:47:29Z,cartservice,245.0,1000,0.95,0.245,0
2026-09-26T20:47:29Z,checkoutservice,1448.0,1500,0.8,0.9653333333333334,1
2026-09-26T20:47:29Z,productcatalogservice,373.0,600,0.95,0.6216666666666667,0
2026-09-26T20:47:29Z,paymentservice,150.0,150,0.8,1.0,1
2026-09-26T20:47:29Z,recommendationservice,583.0,2000,0.8,0.2915,0
2026-09-26T20:47:29Z,shippingservice,152.0,400,0.8,0.38,0
2026-09-26T20:47:29Z,currencyservice,314.0,500,0.8,0.628,0
2026-09-26T20:47:29Z,emailservice,0.0,150,0.8,0.0,0
2026-09-26T20:47:29Z,adservice,96.0,600,0.8,0.16,0
2026-09-26T20:47:29Z,redis-cart,29.0,500,0.8,0.058,0
2026-09-26T20:47:30Z,frontend,213.4,1150,0.8,0.18556521739130435,0
2026-09-26T20:47:30Z,cartservice,245.0,1000,0.95,0.245,0
2026-09-26T20:47:30Z,checkoutservice,1480.0,1500,0.8,0.9866666666666667,1
2026-09-26T20:47:30Z,productcatalogservice,383.0,600,0.95,0.6383333333333333,0
2026-09-26T20:47:30Z,paymentservice,148.0,150,0.8,0.9866666666666667,1
2026-09-26T20:47:30Z,recommendationservice,572.0,2000,0.8,0.286,0
2026-09-26T20:47:30Z,shippingservice,152.0,400,0.8,0.38,0
2026-09-26T20:47:30Z,currencyservice,314.0,500,0.8,0.628,0
2026-09-26T20:47:30Z,emailservice,0.0,150,0.8,0.0,0
2026-09-26T20:47:30Z,adservice,96.0,600,0.8,0.16,0
2026-09-26T20:47:30Z,redis-cart,29.0,500,0.8,0.058,0
2026-09-26T20:47:31Z,frontend,209.4,1150,0.8,0.18208695652173915,0
2026-09-26T20:47:31Z,cartservice,264.0,1000,0.95,0.264,0
2026-09-26T20:47:31Z,checkoutservice,1460.0,1500,0.8,0.9733333333333334,1
2026-09-26T20:47:31Z,productcatalogservice,383.0,600,0.95,0.6383333333333333,0
2026-09-26T20:47:31Z,paymentservice,148.0,150,0.8,0.9866666666666667,1
2026-09-26T20:47:31Z,recommendationservice,572.0,2000,0.8,0.286,0
2026-09-26T20:47:31Z,shippingservice,156.0,400,0.8,0.39,0
2026-09-26T20:47:31Z,currencyservice,297.0,500,0.8,0.594,0
2026-09-26T20:47:31Z,emailservice,26.0,150,0.8,0.17333333333333334,0
2026-09-26T20:47:31Z,adservice,79.0,600,0.8,0.13166666666666665,0
2026-09-26T20:47:31Z,redis-cart,29.0,500,0.8,0.058,0
2026-09-26T20:47:32Z,frontend,222.8,1150,0.8,0.1937391304347826,0
2026-09-26T20:47:32Z,cartservice,251.0,1000,0.95,0.251,0
2026-09-26T20:47:32Z,checkoutservice,1460.0,1500,0.8,0.9733333333333334,1
2026-09-26T20:47:32Z,productcatalogservice,383.0,600,0.95,0.6383333333333333,0
2026-09-26T20:47:32Z,paymentservice,156.0,150,0.8,1.04,1
2026-09-26T20:47:32Z,recommendationservice,595.0,2000,0.8,0.2975,0
2026-09-26T20:47:32Z,shippingservice,141.0,400,0.8,0.3525,0
2026-09-26T20:47:32Z,currencyservice,274.0,500,0.8,0.548,0
2026-09-26T20:47:32Z,emailservice,0.0,150,0.8,0.0,0
2026-09-26T20:47:32Z,adservice,79.0,600,0.8,0.13166666666666665,0
2026-09-26T20:47:32Z,redis-cart,27.0,500,0.8,0.054,0
2026-09-26T20:47:33Z,frontend,208.2,1150,0.8,0.18104347826086956,0
2026-09-26T20:47:33Z,cartservice,251.0,1000,0.95,0.251,0
2026-09-26T20:47:33Z,checkoutservice,1438.0,1500,0.8,0.9586666666666667,1
2026-09-26T20:47:33Z,productcatalogservice,368.0,600,0.95,0.6133333333333333,0
2026-09-26T20:47:33Z,paymentservice,146.0,150,0.8,0.9733333333333334,1
2026-09-26T20:47:33Z,recommendationservice,555.0,2000,0.8,0.2775,0
2026-09-26T20:47:33Z,shippingservice,141.0,400,0.8,0.3525,0
2026-09-26T20:47:33Z,currencyservice,295.0,500,0.8,0.59,0
2026-09-26T20:47:33Z,emailservice,0.0,150,0.8,0.0,0
2026-09-26T20:47:33Z,adservice,87.0,600,0.8,0.145,0
2026-09-26T20:47:33Z,redis-cart,27.0,500,0.8,0.054,0
2026-09-26T20:47:34Z,frontend,209.2,1150,0.8,0.18191304347826087,0
2026-09-26T20:47:34Z,cartservice,230.0,1000,0.95,0.23,0
2026-09-26T20:47:34Z,checkoutservice,1420.0,1500,0.8,0.9466666666666667,1
2026-09-26T20:47:34Z,productcatalogservice,368.0,600,0.95,0.6133333333333333,0
2026-09-26T20:47:34Z,paymentservice,146.0,150,0.8,0.9733333333333334,1
2026-09-26T20:47:34Z,recommendationservice,555.0,2000,0.8,0.2775,0
2026-09-26T20:47:34Z,shippingservice,137.0,400,0.8,0.3425,0
2026-09-26T20:47:34Z,currencyservice,295.0,500,0.8,0.59,0
2026-09-26T20:47:34Z,emailservice,0.0,150,0.8,0.0,0
2026-09-26T20:47:34Z,adservice,71.0,600,0.8,0.11833333333333333,0
2026-09-26T20:47:34Z,redis-cart,27.0,500,0.8,0.054,0
2026-09-26T20:47:35Z,frontend,208.0,1150,0.8,0.1808695652173913,0
2026-09-26T20:47:35Z,cartservice,268.0,1000,0.95,0.268,0
2026-09-26T20:47:35Z,checkoutservice,1496.0,1500,0.8,0.9973333333333333,1
2026-09-26T20:47:35Z,productcatalogservice,397.0,600,0.95,0.6616666666666666,0
2026-09-26T20:47:35Z,paymentservice,150.0,150,0.8,1.0,1
2026-09-26T20:47:35Z,recommendationservice,568.0,2000,0.8,0.284,0
2026-09-26T20:47:35Z,shippingservice,147.0,400,0.8,0.3675,0
2026-09-26T20:47:35Z,currencyservice,301.0,500,0.8,0.602,0
2026-09-26T20:47:35Z,emailservice,30.0,150,0.8,0.2,0
2026-09-26T20:47:35Z,adservice,71.0,600,0.8,0.11833333333333333,0
2026-09-26T20:47:35Z,redis-cart,24.0,500,0.8,0.048,0
2026-09-26T20:47:36Z,frontend,214.4,1150,0.8,0.18643478260869567,0
2026-09-26T20:47:36Z,cartservice,268.0,1000,0.95,0.268,0
2026-09-26T20:47:36Z,checkoutservice,1496.0,1500,0.8,0.9973333333333333,1
2026-09-26T20:47:36Z,productcatalogservice,372.0,600,0.95,0.62,0
2026-09-26T20:47:36Z,paymentservice,150.0,150,0.8,1.0,1
2026-09-26T20:47:36Z,recommendationservice,568.0,2000,0.8,0.284,0
2026-09-26T20:47:36Z,shippingservice,147.0,400,0.8,0.3675,0
2026-09-26T20:47:36Z,currencyservice,301.0,500,0.8,0.602,0
2026-09-26T20:47:36Z,emailservice,30.0,150,0.8,0.2,0
2026-09-26T20:47:36Z,adservice,77.0,600,0.8,0.12833333333333333,0
2026-09-26T20:47:36Z,redis-cart,27.0,500,0.8,0.054,0
2026-09-26T20:47:37Z,frontend,198.6,1150,0.8,0.17269565217391303,0
2026-09-26T20:47:37Z,cartservice,268.0,1000,0.95,0.268,0
2026-09-26T20:47:37Z,checkoutservice,1414.0,1500,0.8,0.9426666666666667,1
2026-09-26T20:47:37Z,productcatalogservice,366.0,600,0.95,0.61,0
2026-09-26T20:47:37Z,paymentservice,146.0,150,0.8,0.9733333333333334,1
2026-09-26T20:47:37Z,recommendationservice,608.0,2000,0.8,0.304,0
2026-09-26T20:47:37Z,shippingservice,172.0,400,0.8,0.43,0
2026-09-26T20:47:37Z,currencyservice,268.0,500,0.8,0.536,0
2026-09-26T20:47:37Z,emailservice,4.0,150,0.8,0.02666666666666667,0
2026-09-26T20:47:37Z,adservice,77.0,600,0.8,0.12833333333333333,0
2026-09-26T20:47:37Z,redis-cart,27.0,500,0.8,0.054,0
2026-09-26T20:47:38Z,frontend,222.6,1150,0.8,0.19356521739130433,0
2026-09-26T20:47:38Z,cartservice,248.0,1000,0.95,0.248,0
2026-09-26T20:47:38Z,checkoutservice,1414.0,1500,0.8,0.9426666666666667,1
2026-09-26T20:47:38Z,productcatalogservice,366.0,600,0.95,0.61,0
2026-09-26T20:47:38Z,paymentservice,155.0,150,0.8,1.0333333333333334,1
2026-09-26T20:47:38Z,recommendationservice,608.0,2000,0.8,0.304,0
2026-09-26T20:47:38Z,shippingservice,172.0,400,0.8,0.43,0
2026-09-26T20:47:38Z,currencyservice,268.0,500,0.8,0.536,0
2026-09-26T20:47:38Z,emailservice,0.0,150,0.8,0.0,0
2026-09-26T20:47:38Z,adservice,87.0,600,0.8,0.145,0
2026-09-26T20:47:38Z,redis-cart,27.0,500,0.8,0.054,0
2026-09-26T20:47:39Z,frontend,224.2,1150,0.8,0.19495652173913042,0
2026-09-26T20:47:39Z,cartservice,230.0,1000,0.95,0.23,0
2026-09-26T20:47:39Z,checkoutservice,1447.0,1500,0.8,0.9646666666666667,1
2026-09-26T20:47:39Z,productcatalogservice,364.0,600,0.95,0.6066666666666667,0
2026-09-26T20:47:39Z,paymentservice,155.0,150,0.8,1.0333333333333334,1
2026-09-26T20:47:39Z,recommendationservice,549.0,2000,0.8,0.2745,0
2026-09-26T20:47:39Z,shippingservice,143.0,400,0.8,0.3575,0
2026-09-26T20:47:39Z,currencyservice,325.0,500,0.8,0.65,0
2026-09-26T20:47:39Z,emailservice,0.0,150,0.8,0.0,0
2026-09-26T20:47:39Z,adservice,64.0,600,0.8,0.10666666666666667,0
2026-09-26T20:47:39Z,redis-cart,27.0,500,0.8,0.054,0
2026-09-26T20:47:40Z,frontend,215.6,1150,0.8,0.1874782608695652,0
2026-09-26T20:47:40Z,cartservice,233.0,1000,0.95,0.233,0
2026-09-26T20:47:40Z,checkoutservice,1452.0,1500,0.8,0.968,1
2026-09-26T20:47:40Z,productcatalogservice,385.0,600,0.95,0.6416666666666667,0
2026-09-26T20:47:40Z,paymentservice,148.0,150,0.8,0.9866666666666667,1
2026-09-26T20:47:40Z,recommendationservice,669.0,2000,0.8,0.3345,0
2026-09-26T20:47:40Z,shippingservice,153.0,400,0.8,0.3825,0
2026-09-26T20:47:40Z,currencyservice,266.0,500,0.8,0.532,0
2026-09-26T20:47:40Z,emailservice,0.0,150,0.8,0.0,0
2026-09-26T20:47:40Z,adservice,64.0,600,0.8,0.10666666666666667,0
2026-09-26T20:47:40Z,redis-cart,26.0,500,0.8,0.052,0
2026-09-26T20:47:41Z,frontend,211.4,1150,0.8,0.18382608695652175,0
2026-09-26T20:47:41Z,cartservice,242.0,1000,0.95,0.242,0
2026-09-26T20:47:41Z,checkoutservice,1380.0,1500,0.8,0.92,1
2026-09-26T20:47:41Z,productcatalogservice,385.0,600,0.95,0.6416666666666667,0
2026-09-26T20:47:41Z,paymentservice,154.0,150,0.8,1.0266666666666666,1
2026-09-26T20:47:41Z,recommendationservice,669.0,2000,0.8,0.3345,0
2026-09-26T20:47:41Z,shippingservice,153.0,400,0.8,0.3825,0
2026-09-26T20:47:41Z,currencyservice,266.0,500,0.8,0.532,0
2026-09-26T20:47:41Z,emailservice,23.0,150,0.8,0.15333333333333332,0
2026-09-26T20:47:41Z,adservice,97.0,600,0.8,0.16166666666666665,0
2026-09-26T20:47:41Z,redis-cart,25.0,500,0.8,0.05,0
2026-09-26T20:47:42Z,frontend,201.6,1150,0.8,0.17530434782608695,0
2026-09-26T20:47:42Z,cartservice,242.0,1000,0.95,0.242,0
2026-09-26T20:47:42Z,checkoutservice,1410.0,1500,0.8,0.94,1
2026-09-26T20:47:42Z,productcatalogservice,369.0,600,0.95,0.615,0
2026-09-26T20:47:42Z,paymentservice,151.0,150,0.8,1.0066666666666666,1
2026-09-26T20:47:42Z,recommendationservice,522.0,2000,0.8,0.261,0
2026-09-26T20:47:42Z,shippingservice,149.0,400,0.8,0.3725,0
2026-09-26T20:47:42Z,currencyservice,299.0,500,0.8,0.598,0
2026-09-26T20:47:42Z,emailservice,0.0,150,0.8,0.0,0
2026-09-26T20:47:42Z,adservice,81.0,600,0.8,0.135,0
2026-09-26T20:47:42Z,redis-cart,25.0,500,0.8,0.05,0
2026-09-26T20:47:43Z,frontend,228.0,1150,0.8,0.19826086956521738,0
2026-09-26T20:47:43Z,cartservice,263.0,1000,0.95,0.263,0
2026-09-26T20:47:43Z,checkoutservice,1410.0,1500,0.8,0.94,1
2026-09-26T20:47:43Z,productcatalogservice,364.0,600,0.95,0.6066666666666667,0
2026-09-26T20:47:43Z,paymentservice,151.0,150,0.8,1.0066666666666666,1
2026-09-26T20:47:43Z,recommendationservice,611.0,2000,0.8,0.3055,0
2026-09-26T20:47:43Z,shippingservice,134.0,400,0.8,0.335,0
2026-09-26T20:47:43Z,currencyservice,256.0,500,0.8,0.512,0
2026-09-26T20:47:43Z,emailservice,0.0,150,0.8,0.0,0
2026-09-26T20:47:43Z,adservice,75.0,600,0.8,0.125,0
2026-09-26T20:47:43Z,redis-cart,25.0,500,0.8,0.05,0
2026-09-26T20:47:44Z,frontend,205.2,1150,0.8,0.17843478260869564,0
2026-09-26T20:47:44Z,cartservice,260.0,1000,0.95,0.26,0
2026-09-26T20:47:44Z,checkoutservice,1516.0,1500,0.8,1.0106666666666666,1
2026-09-26T20:47:44Z,productcatalogservice,364.0,600,0.95,0.6066666666666667,0
2026-09-26T20:47:44Z,paymentservice,145.0,150,0.8,0.9666666666666667,1
2026-09-26T20:47:44Z,recommendationservice,536.0,2000,0.8,0.268,0
2026-09-26T20:47:44Z,shippingservice,134.0,400,0.8,0.335,0
2026-09-26T20:47:44Z,currencyservice,310.0,500,0.8,0.62,0
2026-09-26T20:47:44Z,emailservice,0.0,150,0.8,0.0,0
2026-09-26T20:47:44Z,adservice,75.0,600,0.8,0.125,0
2026-09-26T20:47:44Z,redis-cart,25.0,500,0.8,0.05,0
2026-09-26T20:47:45Z,frontend,221.2,1150,0.8,0.19234782608695652,0
2026-09-26T20:47:45Z,cartservice,260.0,1000,0.95,0.26,0
2026-09-26T20:47:45Z,checkoutservice,1425.0,1500,0.8,0.95,1
2026-09-26T20:47:45Z,productcatalogservice,397.0,600,0.95,0.6616666666666666,0
2026-09-26T20:47:45Z,paymentservice,149.0,150,0.8,0.9933333333333333,1
2026-09-26T20:47:45Z,recommendationservice,536.0,2000,0.8,0.268,0
2026-09-26T20:47:45Z,shippingservice,142.0,400,0.8,0.355,0
2026-09-26T20:47:45Z,currencyservice,310.0,500,0.8,0.62,0
2026-09-26T20:47:45Z,emailservice,31.0,150,0.8,0.20666666666666667,0
2026-09-26T20:47:45Z,adservice,89.0,600,0.8,0.14833333333333334,0
2026-09-26T20:47:45Z,redis-cart,29.0,500,0.8,0.058,0
2026-09-26T20:47:46Z,frontend,216.0,1150,0.8,0.18782608695652173,0
2026-09-26T20:47:46Z,cartservice,231.0,1000,0.95,0.231,0
2026-09-26T20:47:46Z,checkoutservice,1481.0,1500,0.8,0.9873333333333333,1
2026-09-26T20:47:46Z,productcatalogservice,397.0,600,0.95,0.6616666666666666,0
2026-09-26T20:47:46Z,paymentservice,149.0,150,0.8,0.9933333333333333,1
2026-09-26T20:47:46Z,recommendationservice,567.0,2000,0.8,0.2835,0
2026-09-26T20:47:46Z,shippingservice,151.0,400,0.8,0.3775,0
2026-09-26T20:47:46Z,currencyservice,292.0,500,0.8,0.584,0
2026-09-26T20:47:46Z,emailservice,31.0,150,0.8,0.20666666666666667,0
2026-09-26T20:47:46Z,adservice,68.0,600,0.8,0.11333333333333333,0
2026-09-26T20:47:46Z,redis-cart,24.0,500,0.8,0.048,0
2026-09-26T20:47:47Z,frontend,197.0,1150,0.8,0.17130434782608694,0
2026-09-26T20:47:47Z,cartservice,267.0,1000,0.95,0.267,0
2026-09-26T20:47:47Z,checkoutservice,1406.0,1500,0.8,0.9373333333333334,1
2026-09-26T20:47:47Z,productcatalogservice,358.0,600,0.95,0.5966666666666667,0
2026-09-26T20:47:47Z,paymentservice,148.0,150,0.8,0.9866666666666667,1
2026-09-26T20:47:47Z,recommendationservice,567.0,2000,0.8,0.2835,0
2026-09-26T20:47:47Z,shippingservice,167.0,400,0.8,0.4175,0
2026-09-26T20:47:47Z,currencyservice,273.0,500,0.8,0.546,0
2026-09-26T20:47:47Z,emailservice,0.0,150,0.8,0.0,0
2026-09-26T20:47:47Z,adservice,68.0,600,0.8,0.11333333333333333,0
2026-09-26T20:47:47Z,redis-cart,24.0,500,0.8,0.048,0
2026-09-26T20:47:48Z,frontend,189.0,1150,0.8,0.16434782608695653,0
2026-09-26T20:47:48Z,cartservice,257.0,1000,0.95,0.257,0
2026-09-26T20:47:48Z,checkoutservice,1406.0,1500,0.8,0.9373333333333334,1
2026-09-26T20:47:48Z,productcatalogservice,358.0,600,0.95,0.5966666666666667,0
2026-09-26T20:47:48Z,paymentservice,148.0,150,0.8,0.9866666666666667,1
2026-09-26T20:47:48Z,recommendationservice,657.0,2000,0.8,0.3285,0
2026-09-26T20:47:48Z,shippingservice,140.0,400,0.8,0.35,0
2026-09-26T20:47:48Z,currencyservice,273.0,500,0.8,0.546,0
2026-09-26T20:47:48Z,emailservice,0.0,150,0.8,0.0,0
2026-09-26T20:47:48Z,adservice,68.0,600,0.8,0.11333333333333333,0
2026-09-26T20:47:48Z,redis-cart,25.0,500,0.8,0.05,0
2026-09-26T20:47:49Z,frontend,205.4,1150,0.8,0.1786086956521739,0
2026-09-26T20:47:49Z,cartservice,257.0,1000,0.95,0.257,0
2026-09-26T20:47:49Z,checkoutservice,1470.0,1500,0.8,0.98,1
2026-09-26T20:47:49Z,productcatalogservice,371.0,600,0.95,0.6183333333333333,0
2026-09-26T20:47:49Z,paymentservice,148.0,150,0.8,0.9866666666666667,1
2026-09-26T20:47:49Z,recommendationservice,532.0,2000,0.8,0.266,0
2026-09-26T20:47:49Z,shippingservice,151.0,400,0.8,0.3775,0
2026-09-26T20:47:49Z,currencyservice,317.0,500,0.8,0.634,0
2026-09-26T20:47:49Z,emailservice,0.0,150,0.8,0.0,0
2026-09-26T20:47:49Z,adservice,90.0,600,0.8,0.15,0
2026-09-26T20:47:49Z,redis-cart,27.0,500,0.8,0.054,0
2026-09-26T20:47:50Z,frontend,214.6,1150,0.8,0.18660869565217392,0
2026-09-26T20:47:50Z,cartservice,269.0,1000,0.95,0.269,0
2026-09-26T20:47:50Z,checkoutservice,1470.0,1500,0.8,0.98,1
2026-09-26T20:47:50Z,productcatalogservice,375.0,600,0.95,0.625,0
2026-09-26T20:47:50Z,paymentservice,153.0,150,0.8,1.02,1
2026-09-26T20:47:50Z,recommendationservice,532.0,2000,0.8,0.266,0
2026-09-26T20:47:50Z,shippingservice,151.0,400,0.8,0.3775,0
2026-09-26T20:47:50Z,currencyservice,317.0,500,0.8,0.634,0
2026-09-26T20:47:50Z,emailservice,11.0,150,0.8,0.07333333333333333,0
2026-09-26T20:47:50Z,adservice,80.0,600,0.8,0.13333333333333333,0
2026-09-26T20:47:50Z,redis-cart,27.0,500,0.8,0.054,0
2026-09-26T20:47:51Z,frontend,209.0,1150,0.8,0.1817391304347826,0
2026-09-26T20:47:51Z,cartservice,273.0,1000,0.95,0.273,0
2026-09-26T20:47:51Z,checkoutservice,1447.0,1500,0.8,0.9646666666666667,1
2026-09-26T20:47:51Z,productcatalogservice,375.0,600,0.95,0.625,0
2026-09-26T20:47:51Z,paymentservice,153.0,150,0.8,1.02,1
2026-09-26T20:47:51Z,recommendationservice,698.0,2000,0.8,0.349,0
2026-09-26T20:47:51Z,shippingservice,134.0,400,0.8,0.335,0
2026-09-26T20:47:51Z,currencyservice,300.0,500,0.8,0.6,0
2026-09-26T20:47:51Z,emailservice,11.0,150,0.8,0.07333333333333333,0
2026-09-26T20:47:51Z,adservice,80.0,600,0.8,0.13333333333333333,0
2026-09-26T20:47:51Z,redis-cart,28.0,500,0.8,0.056,0
2026-09-26T20:47:52Z,frontend,214.2,1150,0.8,0.18626086956521737,0
2026-09-26T20:47:52Z,cartservice,273.0,1000,0.95,0.273,0
2026-09-26T20:47:52Z,checkoutservice,1468.0,1500,0.8,0.9786666666666667,1
2026-09-26T20:47:52Z,productcatalogservice,373.0,600,0.95,0.6216666666666667,0
2026-09-26T20:47:52Z,paymentservice,155.0,150,0.8,1.0333333333333334,1
2026-09-26T20:47:52Z,recommendationservice,554.0,2000,0.8,0.277,0
2026-09-26T20:47:52Z,shippingservice,173.0,400,0.8,0.4325,0
2026-09-26T20:47:52Z,currencyservice,296.0,500,0.8,0.592,0
2026-09-26T20:47:52Z,emailservice,9.0,150,0.8,0.06,0
2026-09-26T20:47:52Z,adservice,82.0,600,0.8,0.13666666666666666,0
2026-09-26T20:47:52Z,redis-cart,23.0,500,0.8,0.046,0
2026-09-26T20:47:53Z,frontend,226.6,1150,0.8,0.19704347826086957,0
2026-09-26T20:47:53Z,cartservice,339.0,1000,0.95,0.339,0
2026-09-26T20:47:53Z,checkoutservice,1468.0,1500,0.8,0.9786666666666667,1
2026-09-26T20:47:53Z,productcatalogservice,374.0,600,0.95,0.6233333333333333,0
2026-09-26T20:47:53Z,paymentservice,141.0,150,0.8,0.94,1
2026-09-26T20:47:53Z,recommendationservice,554.0,2000,0.8,0.277,0
2026-09-26T20:47:53Z,shippingservice,124.0,400,0.8,0.31,0
2026-09-26T20:47:53Z,currencyservice,296.0,500,0.8,0.592,0
2026-09-26T20:47:53Z,emailservice,0.0,150,0.8,0.0,0
2026-09-26T20:47:53Z,adservice,82.0,600,0.8,0.13666666666666666,0
2026-09-26T20:47:53Z,redis-cart,23.0,500,0.8,0.046,0
2026-09-26T20:47:54Z,frontend,238.6,1150,0.8,0.20747826086956522,0
2026-09-26T20:47:54Z,cartservice,274.0,1000,0.95,0.274,0
2026-09-26T20:47:54Z,checkoutservice,1372.0,1500,0.8,0.9146666666666666,1
2026-09-26T20:47:54Z,productcatalogservice,463.0,600,0.95,0.7716666666666666,0
2026-09-26T20:47:54Z,paymentservice,141.0,150,0.8,0.94,1
2026-09-26T20:47:54Z,recommendationservice,735.0,2000,0.8,0.3675,0
2026-09-26T20:47:54Z,shippingservice,124.0,400,0.8,0.31,0
2026-09-26T20:47:54Z,currencyservice,259.0,500,0.8,0.518,0
2026-09-26T20:47:54Z,emailservice,0.0,150,0.8,0.0,0
2026-09-26T20:47:54Z,adservice,75.0,600,0.8,0.125,0
2026-09-26T20:47:54Z,redis-cart,30.0,500,0.8,0.06,0
2026-09-26T20:47:55Z,frontend,264.2,1150,0.8,0.2297391304347826,0
2026-09-26T20:47:55Z,cartservice,255.0,1000,0.95,0.255,0
2026-09-26T20:47:55Z,checkoutservice,1372.0,1500,0.8,0.9146666666666666,1
2026-09-26T20:47:55Z,productcatalogservice,463.0,600,0.95,0.7716666666666666,0
2026-09-26T20:47:55Z,paymentservice,147.0,150,0.8,0.98,1
2026-09-26T20:47:55Z,recommendationservice,735.0,2000,0.8,0.3675,0
2026-09-26T20:47:55Z,shippingservice,110.0,400,0.8,0.275,0
2026-09-26T20:47:55Z,currencyservice,252.0,500,0.8,0.504,0
2026-09-26T20:47:55Z,emailservice,15.0,150,0.8,0.1,0
2026-09-26T20:47:55Z,adservice,75.0,600,0.8,0.125,0
2026-09-26T20:47:55Z,redis-cart,30.0,500,0.8,0.06,0
2026-09-26T20:47:56Z,frontend,263.0,1150,0.8,0.22869565217391305,0
2026-09-26T20:47:56Z,cartservice,236.0,1000,0.95,0.236,0
2026-09-26T20:47:56Z,checkoutservice,1046.0,1500,0.8,0.6973333333333334,0
2026-09-26T20:47:56Z,productcatalogservice,447.0,600,0.95,0.745,0
2026-09-26T20:47:56Z,paymentservice,147.0,150,0.8,0.98,1
2026-09-26T20:47:56Z,recommendationservice,710.0,2000,0.8,0.355,0
2026-09-26T20:47:56Z,shippingservice,110.0,400,0.8,0.275,0
2026-09-26T20:47:56Z,currencyservice,227.0,500,0.8,0.454,0
2026-09-26T20:47:56Z,emailservice,15.0,150,0.8,0.1,0
2026-09-26T20:47:56Z,adservice,98.0,600,0.8,0.16333333333333333,0
2026-09-26T20:47:56Z,redis-cart,21.0,500,0.8,0.042,0
2026-09-26T20:47:57Z,frontend,255.0,1150,0.8,0.2217391304347826,0
2026-09-26T20:47:57Z,cartservice,236.0,1000,0.95,0.236,0
2026-09-26T20:47:57Z,checkoutservice,1197.0,1500,0.8,0.798,0
2026-09-26T20:47:57Z,productcatalogservice,447.0,600,0.95,0.745,0
2026-09-26T20:47:57Z,paymentservice,0.0,150,0.8,0.0,0
2026-09-26T20:47:57Z,recommendationservice,692.0,2000,0.8,0.346,0
2026-09-26T20:47:57Z,shippingservice,117.0,400,0.8,0.2925,0
2026-09-26T20:47:57Z,currencyservice,227.0,500,0.8,0.454,0
2026-09-26T20:47:57Z,emailservice,0.0,150,0.8,0.0,0
2026-09-26T20:47:57Z,adservice,81.0,600,0.8,0.135,0
2026-09-26T20:47:57Z,redis-cart,19.0,500,0.8,0.038,0
2026-09-26T20:47:58Z,frontend,246.0,1150,0.8,0.21391304347826087,0
2026-09-26T20:47:58Z,cartservice,265.0,1000,0.95,0.265,0
2026-09-26T20:47:58Z,checkoutservice,1197.0,1500,0.8,0.798,0
2026-09-26T20:47:58Z,productcatalogservice,432.0,600,0.95,0.72,0
2026-09-26T20:47:58Z,paymentservice,0.0,150,0.8,0.0,0
2026-09-26T20:47:58Z,recommendationservice,692.0,2000,0.8,0.346,0
2026-09-26T20:47:58Z,shippingservice,117.0,400,0.8,0.2925,0
2026-09-26T20:47:58Z,currencyservice,242.0,500,0.8,0.484,0
2026-09-26T20:47:58Z,emailservice,0.0,150,0.8,0.0,0
2026-09-26T20:47:58Z,adservice,75.0,600,0.8,0.125,0
2026-09-26T20:47:58Z,redis-cart,20.0,500,0.8,0.04,0
2026-09-26T20:47:59Z,frontend,246.6,1150,0.8,0.21443478260869564,0
2026-09-26T20:47:59Z,cartservice,267.0,1000,0.95,0.267,0
2026-09-26T20:47:59Z,checkoutservice,1021.0,1500,0.8,0.6806666666666666,0
2026-09-26T20:47:59Z,productcatalogservice,425.0,600,0.95,0.7083333333333334,0
2026-09-26T20:47:59Z,paymentservice,145.0,150,0.8,0.9666666666666667,1
2026-09-26T20:47:59Z,recommendationservice,778.0,2000,0.8,0.389,0
2026-09-26T20:47:59Z,shippingservice,102.0,400,0.8,0.255,0
2026-09-26T20:47:59Z,currencyservice,289.0,500,0.8,0.578,0
2026-09-26T20:47:59Z,emailservice,0.0,150,0.8,0.0,0
2026-09-26T20:47:59Z,adservice,95.0,600,0.8,0.15833333333333333,0
2026-09-26T20:47:59Z,redis-cart,20.0,500,0.8,0.04,0
2026-09-26T20:48:00Z,frontend,258.6,1150,0.8,0.22486956521739132,0
2026-09-26T20:48:00Z,cartservice,267.0,1000,0.95,0.267,0
2026-09-26T20:48:00Z,checkoutservice,1147.0,1500,0.8,0.7646666666666667,0
2026-09-26T20:48:00Z,productcatalogservice,458.0,600,0.95,0.7633333333333333,0
2026-09-26T20:48:00Z,paymentservice,145.0,150,0.8,0.9666666666666667,1
2026-09-26T20:48:00Z,recommendationservice,792.0,2000,0.8,0.396,0
2026-09-26T20:48:00Z,shippingservice,123.0,400,0.8,0.3075,0
2026-09-26T20:48:00Z,currencyservice,289.0,500,0.8,0.578,0
2026-09-26T20:48:00Z,emailservice,17.0,150,0.8,0.11333333333333333,0
2026-09-26T20:48:00Z,adservice,95.0,600,0.8,0.15833333333333333,0
2026-09-26T20:48:00Z,redis-cart,24.0,500,0.8,0.048,0
2026-09-26T20:48:01Z,frontend,252.0,1150,0.8,0.21913043478260869,0
2026-09-26T20:48:01Z,cartservice,244.0,1000,0.95,0.244,0
2026-09-26T20:48:01Z,checkoutservice,1147.0,1500,0.8,0.7646666666666667,0
2026-09-26T20:48:01Z,productcatalogservice,404.0,600,0.95,0.6733333333333333,0
2026-09-26T20:48:01Z,paymentservice,36.0,150,0.8,0.24,0
2026-09-26T20:48:01Z,recommendationservice,621.0,2000,0.8,0.3105,0
2026-09-26T20:48:01Z,shippingservice,123.0,400,0.8,0.3075,0
2026-09-26T20:48:01Z,currencyservice,244.0,500,0.8,0.488,0
2026-09-26T20:48:01Z,emailservice,0.0,150,0.8,0.0,0
2026-09-26T20:48:01Z,adservice,77.0,600,0.8,0.12833333333333333,0
2026-09-26T20:48:01Z,redis-cart,24.0,500,0.8,0.048,0
2026-09-26T20:48:02Z,frontend,245.8,1150,0.8,0.21373913043478263,0
2026-09-26T20:48:02Z,cartservice,246.0,1000,0.95,0.246,0
2026-09-26T20:48:02Z,checkoutservice,1113.0,1500,0.8,0.742,0
2026-09-26T20:48:02Z,productcatalogservice,419.0,600,0.95,0.6983333333333334,0
2026-09-26T20:48:02Z,paymentservice,102.0,150,0.8,0.68,0
2026-09-26T20:48:02Z,recommendationservice,621.0,2000,0.8,0.3105,0
2026-09-26T20:48:02Z,shippingservice,104.0,400,0.8,0.26,0
2026-09-26T20:48:02Z,currencyservice,248.0,500,0.8,0.496,0
2026-09-26T20:48:02Z,emailservice,0.0,150,0.8,0.0,0
2026-09-26T20:48:02Z,adservice,81.0,600,0.8,0.135,0
2026-09-26T20:48:02Z,redis-cart,23.0,500,0.8,0.046,0
2026-09-26T20:48:03Z,frontend,237.2,1150,0.8,0.2062608695652174,0
2026-09-26T20:48:03Z,cartservice,246.0,1000,0.95,0.246,0
2026-09-26T20:48:03Z,checkoutservice,1422.0,1500,0.8,0.948,1
2026-09-26T20:48:03Z,productcatalogservice,419.0,600,0.95,0.6983333333333334,0
2026-09-26T20:48:03Z,paymentservice,102.0,150,0.8,0.68,0
2026-09-26T20:48:03Z,recommendationservice,736.0,2000,0.8,0.368,0
2026-09-26T20:48:03Z,shippingservice,139.0,400,0.8,0.3475,0
2026-09-26T20:48:03Z,currencyservice,248.0,500,0.8,0.496,0
2026-09-26T20:48:03Z,emailservice,110.0,150,0.8,0.7333333333333333,0
2026-09-26T20:48:03Z,adservice,81.0,600,0.8,0.135,0
2026-09-26T20:48:03Z,redis-cart,23.0,500,0.8,0.046,0
2026-09-26T20:48:04Z,frontend,191.2,1150,0.8,0.16626086956521738,0
2026-09-26T20:48:04Z,cartservice,346.0,1000,0.95,0.346,0
2026-09-26T20:48:04Z,checkoutservice,1510.0,1500,0.8,1.0066666666666666,1
2026-09-26T20:48:04Z,productcatalogservice,365.0,600,0.95,0.6083333333333333,0
2026-09-26T20:48:04Z,paymentservice,148.0,150,0.8,0.9866666666666667,1
2026-09-26T20:48:04Z,recommendationservice,619.0,2000,0.8,0.3095,0
2026-09-26T20:48:04Z,shippingservice,139.0,400,0.8,0.3475,0
2026-09-26T20:48:04Z,currencyservice,280.0,500,0.8,0.56,0
2026-09-26T20:48:04Z,emailservice,4.0,150,0.8,0.02666666666666667,0
2026-09-26T20:48:04Z,adservice,76.0,600,0.8,0.12666666666666668,0
2026-09-26T20:48:04Z,redis-cart,29.0,500,0.8,0.058,0
2026-09-26T20:48:05Z,frontend,213.2,1150,0.8,0.18539130434782608,0
2026-09-26T20:48:05Z,cartservice,259.0,1000,0.95,0.259,0
2026-09-26T20:48:05Z,checkoutservice,1375.0,1500,0.8,0.9166666666666666,1
2026-09-26T20:48:05Z,productcatalogservice,378.0,600,0.95,0.63,0
2026-09-26T20:48:05Z,paymentservice,148.0,150,0.8,0.9866666666666667,1
2026-09-26T20:48:05Z,recommendationservice,520.0,2000,0.8,0.26,0
2026-09-26T20:48:05Z,shippingservice,140.0,400,0.8,0.35,0
2026-09-26T20:48:05Z,currencyservice,298.0,500,0.8,0.596,0
2026-09-26T20:48:05Z,emailservice,0.0,150,0.8,0.0,0
2026-09-26T20:48:05Z,adservice,76.0,600,0.8,0.12666666666666668,0
2026-09-26T20:48:05Z,redis-cart,23.0,500,0.8,0.046,0
2026-09-26T20:48:06Z,frontend,211.4,1150,0.8,0.18382608695652175,0
2026-09-26T20:48:06Z,cartservice,259.0,1000,0.95,0.259,0
2026-09-26T20:48:06Z,checkoutservice,1375.0,1500,0.8,0.9166666666666666,1
2026-09-26T20:48:06Z,productcatalogservice,322.0,600,0.95,0.5366666666666666,0
2026-09-26T20:48:06Z,paymentservice,145.0,150,0.8,0.9666666666666667,1
2026-09-26T20:48:06Z,recommendationservice,551.0,2000,0.8,0.2755,0
2026-09-26T20:48:06Z,shippingservice,146.0,400,0.8,0.365,0
2026-09-26T20:48:06Z,currencyservice,298.0,500,0.8,0.596,0
2026-09-26T20:48:06Z,emailservice,21.0,150,0.8,0.14,0
2026-09-26T20:48:06Z,adservice,99.0,600,0.8,0.165,0
2026-09-26T20:48:06Z,redis-cart,24.0,500,0.8,0.048,0
2026-09-26T20:48:07Z,frontend,210.6,1150,0.8,0.18313043478260868,0
2026-09-26T20:48:07Z,cartservice,302.0,1000,0.95,0.302,0
2026-09-26T20:48:07Z,checkoutservice,1494.0,1500,0.8,0.996,1
2026-09-26T20:48:07Z,productcatalogservice,322.0,600,0.95,0.5366666666666666,0
2026-09-26T20:48:07Z,paymentservice,155.0,150,0.8,1.0333333333333334,1
2026-09-26T20:48:07Z,recommendationservice,551.0,2000,0.8,0.2755,0
2026-09-26T20:48:07Z,shippingservice,146.0,400,0.8,0.365,0
2026-09-26T20:48:07Z,currencyservice,317.0,500,0.8,0.634,0
2026-09-26T20:48:07Z,emailservice,21.0,150,0.8,0.14,0
2026-09-26T20:48:07Z,adservice,73.0,600,0.8,0.12166666666666667,0
2026-09-26T20:48:07Z,redis-cart,26.0,500,0.8,0.052,0
2026-09-26T20:48:08Z,frontend,208.2,1150,0.8,0.18104347826086956,0
2026-09-26T20:48:08Z,cartservice,276.0,1000,0.95,0.276,0
2026-09-26T20:48:08Z,checkoutservice,1456.0,1500,0.8,0.9706666666666667,1
2026-09-26T20:48:08Z,productcatalogservice,390.0,600,0.95,0.65,0
2026-09-26T20:48:08Z,paymentservice,146.0,150,0.8,0.9733333333333334,1
2026-09-26T20:48:08Z,recommendationservice,620.0,2000,0.8,0.31,0
2026-09-26T20:48:08Z,shippingservice,163.0,400,0.8,0.4075,0
2026-09-26T20:48:08Z,currencyservice,307.0,500,0.8,0.614,0
2026-09-26T20:48:08Z,emailservice,0.0,150,0.8,0.0,0
2026-09-26T20:48:08Z,adservice,73.0,600,0.8,0.12166666666666667,0
2026-09-26T20:48:08Z,redis-cart,26.0,500,0.8,0.052,0
2026-09-26T20:48:09Z,frontend,208.8,1150,0.8,0.18156521739130435,0
2026-09-26T20:48:09Z,cartservice,251.0,1000,0.95,0.251,0
2026-09-26T20:48:09Z,checkoutservice,1456.0,1500,0.8,0.9706666666666667,1
2026-09-26T20:48:09Z,productcatalogservice,362.0,600,0.95,0.6033333333333334,0
2026-09-26T20:48:09Z,paymentservice,156.0,150,0.8,1.04,1
2026-09-26T20:48:09Z,recommendationservice,620.0,2000,0.8,0.31,0
2026-09-26T20:48:09Z,shippingservice,163.0,400,0.8,0.4075,0
2026-09-26T20:48:09Z,currencyservice,307.0,500,0.8,0.614,0
2026-09-26T20:48:09Z,emailservice,0.0,150,0.8,0.0,0
2026-09-26T20:48:09Z,adservice,78.0,600,0.8,0.13,0
2026-09-26T20:48:09Z,redis-cart,29.0,500,0.8,0.058,0
2026-09-26T20:48:10Z,frontend,213.6,1150,0.8,0.1857391304347826,0
2026-09-26T20:48:10Z,cartservice,251.0,1000,0.95,0.251,0
2026-09-26T20:48:10Z,checkoutservice,1484.0,1500,0.8,0.9893333333333333,1
2026-09-26T20:48:10Z,productcatalogservice,362.0,600,0.95,0.6033333333333334,0
2026-09-26T20:48:10Z,paymentservice,156.0,150,0.8,1.04,1
2026-09-26T20:48:10Z,recommendationservice,626.0,2000,0.8,0.313,0
2026-09-26T20:48:10Z,shippingservice,142.0,400,0.8,0.355,0
2026-09-26T20:48:10Z,currencyservice,283.0,500,0.8,0.566,0
2026-09-26T20:48:10Z,emailservice,0.0,150,0.8,0.0,0
2026-09-26T20:48:10Z,adservice,78.0,600,0.8,0.13,0
2026-09-26T20:48:10Z,redis-cart,28.0,500,0.8,0.056,0
2026-09-26T20:48:11Z,frontend,194.0,1150,0.8,0.16869565217391305,0
2026-09-26T20:48:11Z,cartservice,242.0,1000,0.95,0.242,0
2026-09-26T20:48:11Z,checkoutservice,1439.0,1500,0.8,0.9593333333333334,1
2026-09-26T20:48:11Z,productcatalogservice,376.0,600,0.95,0.6266666666666667,0
2026-09-26T20:48:11Z,paymentservice,148.0,150,0.8,0.9866666666666667,1
2026-09-26T20:48:11Z,recommendationservice,516.0,2000,0.8,0.258,0
2026-09-26T20:48:11Z,shippingservice,138.0,400,0.8,0.345,0
2026-09-26T20:48:11Z,currencyservice,283.0,500,0.8,0.566,0
2026-09-26T20:48:11Z,emailservice,32.0,150,0.8,0.21333333333333335,0
2026-09-26T20:48:11Z,adservice,83.0,600,0.8,0.13833333333333334,0
2026-09-26T20:48:11Z,redis-cart,28.0,500,0.8,0.056,0
2026-09-26T20:48:12Z,frontend,210.8,1150,0.8,0.18330434782608696,0
2026-09-26T20:48:12Z,cartservice,242.0,1000,0.95,0.242,0
2026-09-26T20:48:12Z,checkoutservice,1439.0,1500,0.8,0.9593333333333334,1
2026-09-26T20:48:12Z,productcatalogservice,358.0,600,0.95,0.5966666666666667,0
2026-09-26T20:48:12Z,paymentservice,146.0,150,0.8,0.9733333333333334,1
2026-09-26T20:48:12Z,recommendationservice,516.0,2000,0.8,0.258,0
2026-09-26T20:48:12Z,shippingservice,138.0,400,0.8,0.345,0
2026-09-26T20:48:12Z,currencyservice,292.0,500,0.8,0.584,0
2026-09-26T20:48:12Z,emailservice,0.0,150,0.8,0.0,0
2026-09-26T20:48:12Z,adservice,74.0,600,0.8,0.12333333333333334,0
2026-09-26T20:48:12Z,redis-cart,26.0,500,0.8,0.052,0
2026-09-26T20:48:13Z,frontend,215.2,1150,0.8,0.18713043478260868,0
2026-09-26T20:48:13Z,cartservice,273.0,1000,0.95,0.273,0
2026-09-26T20:48:13Z,checkoutservice,1441.0,1500,0.8,0.9606666666666667,1
2026-09-26T20:48:13Z,productcatalogservice,371.0,600,0.95,0.6183333333333333,0
2026-09-26T20:48:13Z,paymentservice,152.0,150,0.8,1.0133333333333334,1
2026-09-26T20:48:13Z,recommendationservice,640.0,2000,0.8,0.32,0
2026-09-26T20:48:13Z,shippingservice,158.0,400,0.8,0.395,0
2026-09-26T20:48:13Z,currencyservice,292.0,500,0.8,0.584,0
2026-09-26T20:48:13Z,emailservice,0.0,150,0.8,0.0,0
2026-09-26T20:48:13Z,adservice,67.0,600,0.8,0.11166666666666666,0
2026-09-26T20:48:13Z,redis-cart,26.0,500,0.8,0.052,0
2026-09-26T20:48:14Z,frontend,213.6,1150,0.8,0.1857391304347826,0
2026-09-26T20:48:14Z,cartservice,214.0,1000,0.95,0.214,0
2026-09-26T20:48:14Z,checkoutservice,1467.0,1500,0.8,0.978,1
2026-09-26T20:48:14Z,productcatalogservice,371.0,600,0.95,0.6183333333333333,0
2026-09-26T20:48:14Z,paymentservice,152.0,150,0.8,1.0133333333333334,1
2026-09-26T20:48:14Z,recommendationservice,640.0,2000,0.8,0.32,0
2026-09-26T20:48:14Z,shippingservice,151.0,400,0.8,0.3775,0
2026-09-26T20:48:14Z,currencyservice,310.0,500,0.8,0.62,0
2026-09-26T20:48:14Z,emailservice,0.0,150,0.8,0.0,0
2026-09-26T20:48:14Z,adservice,96.0,600,0.8,0.16,0
2026-09-26T20:48:14Z,redis-cart,26.0,500,0.8,0.052,0
2026-09-26T20:48:15Z,frontend,205.8,1150,0.8,0.17895652173913043,0
2026-09-26T20:48:15Z,cartservice,229.0,1000,0.95,0.229,0
2026-09-26T20:48:15Z,checkoutservice,1467.0,1500,0.8,0.978,1
2026-09-26T20:48:15Z,productcatalogservice,359.0,600,0.95,0.5983333333333334,0
2026-09-26T20:48:15Z,paymentservice,142.0,150,0.8,0.9466666666666667,1
2026-09-26T20:48:15Z,recommendationservice,582.0,2000,0.8,0.291,0
2026-09-26T20:48:15Z,shippingservice,151.0,400,0.8,0.3775,0
2026-09-26T20:48:15Z,currencyservice,296.0,500,0.8,0.592,0
2026-09-26T20:48:15Z,emailservice,17.0,150,0.8,0.11333333333333333,0
2026-09-26T20:48:15Z,adservice,96.0,600,0.8,0.16,0
2026-09-26T20:48:15Z,redis-cart,28.0,500,0.8,0.056,0
2026-09-26T20:48:16Z,frontend,199.4,1150,0.8,0.1733913043478261,0
2026-09-26T20:48:16Z,cartservice,229.0,1000,0.95,0.229,0
2026-09-26T20:48:16Z,checkoutservice,1467.0,1500,0.8,0.978,1
2026-09-26T20:48:16Z,productcatalogservice,359.0,600,0.95,0.5983333333333334,0
2026-09-26T20:48:16Z,paymentservice,155.0,150,0.8,1.0333333333333334,1
2026-09-26T20:48:16Z,recommendationservice,495.0,2000,0.8,0.2475,0
2026-09-26T20:48:16Z,shippingservice,139.0,400,0.8,0.3475,0
2026-09-26T20:48:16Z,currencyservice,275.0,500,0.8,0.55,0
2026-09-26T20:48:16Z,emailservice,17.0,150,0.8,0.11333333333333333,0
2026-09-26T20:48:16Z,adservice,76.0,600,0.8,0.12666666666666668,0
2026-09-26T20:48:16Z,redis-cart,28.0,500,0.8,0.056,0
2026-09-26T20:48:17Z,frontend,205.2,1150,0.8,0.17843478260869564,0
2026-09-26T20:48:17Z,cartservice,218.0,1000,0.95,0.218,0
2026-09-26T20:48:17Z,checkoutservice,1467.0,1500,0.8,0.978,1
2026-09-26T20:48:17Z,productcatalogservice,356.0,600,0.95,0.5933333333333334,0
2026-09-26T20:48:17Z,paymentservice,155.0,150,0.8,1.0333333333333334,1
2026-09-26T20:48:17Z,recommendationservice,495.0,2000,0.8,0.2475,0
2026-09-26T20:48:17Z,shippingservice,158.0,400,0.8,0.395,0
2026-09-26T20:48:17Z,currencyservice,275.0,500,0.8,0.55,0
2026-09-26T20:48:17Z,emailservice,0.0,150,0.8,0.0,0
2026-09-26T20:48:17Z,adservice,76.0,600,0.8,0.12666666666666668,0
2026-09-26T20:48:17Z,redis-cart,25.0,500,0.8,0.05,0
2026-09-26T20:48:18Z,frontend,198.4,1150,0.8,0.17252173913043478,0
2026-09-26T20:48:18Z,cartservice,210.0,1000,0.95,0.21,0
2026-09-26T20:48:18Z,checkoutservice,1411.0,1500,0.8,0.9406666666666667,1
2026-09-26T20:48:18Z,productcatalogservice,356.0,600,0.95,0.5933333333333334,0
2026-09-26T20:48:18Z,paymentservice,149.0,150,0.8,0.9933333333333333,1
2026-09-26T20:48:18Z,recommendationservice,547.0,2000,0.8,0.2735,0
2026-09-26T20:48:18Z,shippingservice,158.0,400,0.8,0.395,0
2026-09-26T20:48:18Z,currencyservice,290.0,500,0.8,0.58,0
2026-09-26T20:48:18Z,emailservice,0.0,150,0.8,0.0,0
2026-09-26T20:48:18Z,adservice,80.0,600,0.8,0.13333333333333333,0
2026-09-26T20:48:18Z,redis-cart,27.0,500,0.8,0.054,0
2026-09-26T20:48:19Z,frontend,193.2,1150,0.8,0.16799999999999998,0
2026-09-26T20:48:19Z,cartservice,225.0,1000,0.95,0.225,0
2026-09-26T20:48:19Z,checkoutservice,1411.0,1500,0.8,0.9406666666666667,1
2026-09-26T20:48:19Z,productcatalogservice,373.0,600,0.95,0.6216666666666667,0
2026-09-26T20:48:19Z,paymentservice,148.0,150,0.8,0.9866666666666667,1
2026-09-26T20:48:19Z,recommendationservice,547.0,2000,0.8,0.2735,0
2026-09-26T20:48:19Z,shippingservice,141.0,400,0.8,0.3525,0
2026-09-26T20:48:19Z,currencyservice,307.0,500,0.8,0.614,0
2026-09-26T20:48:19Z,emailservice,0.0,150,0.8,0.0,0
2026-09-26T20:48:19Z,adservice,80.0,600,0.8,0.13333333333333333,0
2026-09-26T20:48:19Z,redis-cart,26.0,500,0.8,0.052,0
2026-09-26T20:48:20Z,frontend,222.4,1150,0.8,0.1933913043478261,0
2026-09-26T20:48:20Z,cartservice,225.0,1000,0.95,0.225,0
2026-09-26T20:48:20Z,checkoutservice,1439.0,1500,0.8,0.9593333333333334,1
2026-09-26T20:48:20Z,productcatalogservice,360.0,600,0.95,0.6,0
2026-09-26T20:48:20Z,paymentservice,148.0,150,0.8,0.9866666666666667,1
2026-09-26T20:48:20Z,recommendationservice,616.0,2000,0.8,0.308,0
2026-09-26T20:48:20Z,shippingservice,141.0,400,0.8,0.3525,0
2026-09-26T20:48:20Z,currencyservice,307.0,500,0.8,0.614,0
2026-09-26T20:48:20Z,emailservice,0.0,150,0.8,0.0,0
2026-09-26T20:48:20Z,adservice,65.0,600,0.8,0.10833333333333334,0
2026-09-26T20:48:20Z,redis-cart,26.0,500,0.8,0.052,0
2026-09-26T20:48:21Z,frontend,202.8,1150,0.8,0.17634782608695654,0
2026-09-26T20:48:21Z,cartservice,239.0,1000,0.95,0.239,0
2026-09-26T20:48:21Z,checkoutservice,1462.0,1500,0.8,0.9746666666666667,1
2026-09-26T20:48:21Z,productcatalogservice,360.0,600,0.95,0.6,0
2026-09-26T20:48:21Z,paymentservice,152.0,150,0.8,1.0133333333333334,1
2026-09-26T20:48:21Z,recommendationservice,616.0,2000,0.8,0.308,0
2026-09-26T20:48:21Z,shippingservice,137.0,400,0.8,0.3425,0
2026-09-26T20:48:21Z,currencyservice,272.0,500,0.8,0.544,0
2026-09-26T20:48:21Z,emailservice,21.0,150,0.8,0.14,0
2026-09-26T20:48:21Z,adservice,65.0,600,0.8,0.10833333333333334,0
2026-09-26T20:48:21Z,redis-cart,25.0,500,0.8,0.05,0
2026-09-26T20:48:22Z,frontend,193.0,1150,0.8,0.16782608695652174,0
2026-09-26T20:48:22Z,cartservice,237.0,1000,0.95,0.237,0
2026-09-26T20:48:22Z,checkoutservice,1462.0,1500,0.8,0.9746666666666667,1
2026-09-26T20:48:22Z,productcatalogservice,384.0,600,0.95,0.64,0
2026-09-26T20:48:22Z,paymentservice,153.0,150,0.8,1.02,1
2026-09-26T20:48:22Z,recommendationservice,520.0,2000,0.8,0.26,0
2026-09-26T20:48:22Z,shippingservice,161.0,400,0.8,0.4025,0
2026-09-26T20:48:22Z,currencyservice,272.0,500,0.8,0.544,0
2026-09-26T20:48:22Z,emailservice,21.0,150,0.8,0.14,0
2026-09-26T20:48:22Z,adservice,81.0,600,0.8,0.135,0
2026-09-26T20:48:22Z,redis-cart,24.0,500,0.8,0.048,0
2026-09-26T20:48:23Z,frontend,221.8,1150,0.8,0.19286956521739132,0
2026-09-26T20:48:23Z,cartservice,237.0,1000,0.95,0.237,0
2026-09-26T20:48:23Z,checkoutservice,1473.0,1500,0.8,0.982,1
2026-09-26T20:48:23Z,productcatalogservice,384.0,600,0.95,0.64,0
2026-09-26T20:48:23Z,paymentservice,142.0,150,0.8,0.9466666666666667,1
2026-09-26T20:48:23Z,recommendationservice,532.0,2000,0.8,0.266,0
2026-09-26T20:48:23Z,shippingservice,161.0,400,0.8,0.4025,0
2026-09-26T20:48:23Z,currencyservice,298.0,500,0.8,0.596,0
2026-09-26T20:48:23Z,emailservice,0.0,150,0.8,0.0,0
2026-09-26T20:48:23Z,adservice,81.0,600,0.8,0.135,0
2026-09-26T20:48:23Z,redis-cart,24.0,500,0.8,0.048,0
2026-09-26T20:48:24Z,frontend,205.8,1150,0.8,0.17895652173913043,0
2026-09-26T20:48:24Z,cartservice,259.0,1000,0.95,0.259,0
2026-09-26T20:48:24Z,checkoutservice,1473.0,1500,0.8,0.982,1
2026-09-26T20:48:24Z,productcatalogservice,389.0,600,0.95,0.6483333333333333,0
2026-09-26T20:48:24Z,paymentservice,147.0,150,0.8,0.98,1
2026-09-26T20:48:24Z,recommendationservice,517.0,2000,0.8,0.2585,0
2026-09-26T20:48:24Z,shippingservice,145.0,400,0.8,0.3625,0
2026-09-26T20:48:24Z,currencyservice,290.0,500,0.8,0.58,0
2026-09-26T20:48:24Z,emailservice,0.0,150,0.8,0.0,0
2026-09-26T20:48:24Z,adservice,72.0,600,0.8,0.12,0
2026-09-26T20:48:24Z,redis-cart,32.0,500,0.8,0.064,0
2026-09-26T20:48:25Z,frontend,196.8,1150,0.8,0.1711304347826087,0
2026-09-26T20:48:25Z,cartservice,239.0,1000,0.95,0.239,0
2026-09-26T20:48:25Z,checkoutservice,1489.0,1500,0.8,0.9926666666666667,1
2026-09-26T20:48:25Z,productcatalogservice,389.0,600,0.95,0.6483333333333333,0
2026-09-26T20:48:25Z,paymentservice,147.0,150,0.8,0.98,1
2026-09-26T20:48:25Z,recommendationservice,535.0,2000,0.8,0.2675,0
2026-09-26T20:48:25Z,shippingservice,138.0,400,0.8,0.345,0
2026-09-26T20:48:25Z,currencyservice,290.0,500,0.8,0.58,0
2026-09-26T20:48:25Z,emailservice,0.0,150,0.8,0.0,0
2026-09-26T20:48:25Z,adservice,61.0,600,0.8,0.10166666666666667,0
2026-09-26T20:48:25Z,redis-cart,32.0,500,0.8,0.064,0
2026-09-26T20:48:26Z,frontend,201.6,1150,0.8,0.17530434782608695,0
2026-09-26T20:48:26Z,cartservice,239.0,1000,0.95,0.239,0
2026-09-26T20:48:26Z,checkoutservice,1469.0,1500,0.8,0.9793333333333333,1
2026-09-26T20:48:26Z,productcatalogservice,384.0,600,0.95,0.64,0
2026-09-26T20:48:26Z,paymentservice,149.0,150,0.8,0.9933333333333333,1
2026-09-26T20:48:26Z,recommendationservice,535.0,2000,0.8,0.2675,0
2026-09-26T20:48:26Z,shippingservice,138.0,400,0.8,0.345,0
2026-09-26T20:48:26Z,currencyservice,286.0,500,0.8,0.572,0
2026-09-26T20:48:26Z,emailservice,17.0,150,0.8,0.11333333333333333,0
2026-09-26T20:48:26Z,adservice,61.0,600,0.8,0.10166666666666667,0
2026-09-26T20:48:26Z,redis-cart,26.0,500,0.8,0.052,0
2026-09-26T20:48:27Z,frontend,191.2,1150,0.8,0.16626086956521738,0
2026-09-26T20:48:27Z,cartservice,262.0,1000,0.95,0.262,0
2026-09-26T20:48:27Z,checkoutservice,1380.0,1500,0.8,0.92,1
2026-09-26T20:48:27Z,productcatalogservice,327.0,600,0.95,0.545,0
2026-09-26T20:48:27Z,paymentservice,149.0,150,0.8,0.9933333333333333,1
2026-09-26T20:48:27Z,recommendationservice,584.0,2000,0.8,0.292,0
2026-09-26T20:48:27Z,shippingservice,127.0,400,0.8,0.3175,0
2026-09-26T20:48:27Z,currencyservice,298.0,500,0.8,0.596,0
2026-09-26T20:48:27Z,emailservice,0.0,150,0.8,0.0,0
2026-09-26T20:48:27Z,adservice,87.0,600,0.8,0.145,0
2026-09-26T20:48:27Z,redis-cart,23.0,500,0.8,0.046,0
2026-09-26T20:48:28Z,frontend,210.0,1150,0.8,0.1826086956521739,0
2026-09-26T20:48:28Z,cartservice,219.0,1000,0.95,0.219,0
2026-09-26T20:48:28Z,checkoutservice,1380.0,1500,0.8,0.92,1
2026-09-26T20:48:28Z,productcatalogservice,327.0,600,0.95,0.545,0
2026-09-26T20:48:28Z,paymentservice,146.0,150,0.8,0.9733333333333334,1
2026-09-26T20:48:28Z,recommendationservice,532.0,2000,0.8,0.266,0
2026-09-26T20:48:28Z,shippingservice,157.0,400,0.8,0.3925,0
2026-09-26T20:48:28Z,currencyservice,302.0,500,0.8,0.604,0
2026-09-26T20:48:28Z,emailservice,0.0,150,0.8,0.0,0
2026-09-26T20:48:28Z,adservice,87.0,600,0.8,0.145,0
2026-09-26T20:48:28Z,redis-cart,23.0,500,0.8,0.046,0
2026-09-26T20:48:29Z,frontend,206.2,1150,0.8,0.17930434782608695,0
2026-09-26T20:48:29Z,cartservice,226.0,1000,0.95,0.226,0
2026-09-26T20:48:29Z,checkoutservice,1464.0,1500,0.8,0.976,1
2026-09-26T20:48:29Z,productcatalogservice,353.0,600,0.95,0.5883333333333334,0
2026-09-26T20:48:29Z,paymentservice,149.0,150,0.8,0.9933333333333333,1
2026-09-26T20:48:29Z,recommendationservice,532.0,2000,0.8,0.266,0
2026-09-26T20:48:29Z,shippingservice,157.0,400,0.8,0.3925,0
2026-09-26T20:48:29Z,currencyservice,302.0,500,0.8,0.604,0
2026-09-26T20:48:29Z,emailservice,0.0,150,0.8,0.0,0
2026-09-26T20:48:29Z,adservice,75.0,600,0.8,0.125,0
2026-09-26T20:48:29Z,redis-cart,27.0,500,0.8,0.054,0
2026-09-26T20:48:30Z,frontend,199.8,1150,0.8,0.17373913043478262,0
2026-09-26T20:48:30Z,cartservice,216.0,1000,0.95,0.216,0
2026-09-26T20:48:30Z,checkoutservice,1474.0,1500,0.8,0.9826666666666667,1
2026-09-26T20:48:30Z,productcatalogservice,372.0,600,0.95,0.62,0
2026-09-26T20:48:30Z,paymentservice,160.0,150,0.8,1.0666666666666667,1
2026-09-26T20:48:30Z,recommendationservice,539.0,2000,0.8,0.2695,0
2026-09-26T20:48:30Z,shippingservice,152.0,400,0.8,0.38,0
2026-09-26T20:48:30Z,currencyservice,263.0,500,0.8,0.526,0
2026-09-26T20:48:30Z,emailservice,0.0,150,0.8,0.0,0
2026-09-26T20:48:30Z,adservice,96.0,600,0.8,0.16,0
2026-09-26T20:48:30Z,redis-cart,27.0,500,0.8,0.054,0
2026-09-26T20:48:31Z,frontend,205.4,1150,0.8,0.1786086956521739,0
2026-09-26T20:48:31Z,cartservice,216.0,1000,0.95,0.216,0
2026-09-26T20:48:31Z,checkoutservice,1510.0,1500,0.8,1.0066666666666666,1
2026-09-26T20:48:31Z,productcatalogservice,372.0,600,0.95,0.62,0
2026-09-26T20:48:31Z,paymentservice,138.0,150,0.8,0.92,1
2026-09-26T20:48:31Z,recommendationservice,521.0,2000,0.8,0.2605,0
2026-09-26T20:48:31Z,shippingservice,152.0,400,0.8,0.38,0
2026-09-26T20:48:31Z,currencyservice,263.0,500,0.8,0.526,0
2026-09-26T20:48:31Z,emailservice,18.0,150,0.8,0.12,0
2026-09-26T20:48:31Z,adservice,69.0,600,0.8,0.115,0
2026-09-26T20:48:31Z,redis-cart,26.0,500,0.8,0.052,0
2026-09-26T20:48:32Z,frontend,206.0,1150,0.8,0.1791304347826087,0
2026-09-26T20:48:32Z,cartservice,222.0,1000,0.95,0.222,0
2026-09-26T20:48:32Z,checkoutservice,1510.0,1500,0.8,1.0066666666666666,1
2026-09-26T20:48:32Z,productcatalogservice,358.0,600,0.95,0.5966666666666667,0
2026-09-26T20:48:32Z,paymentservice,138.0,150,0.8,0.92,1
2026-09-26T20:48:32Z,recommendationservice,521.0,2000,0.8,0.2605,0
2026-09-26T20:48:32Z,shippingservice,139.0,400,0.8,0.3475,0
2026-09-26T20:48:32Z,currencyservice,284.0,500,0.8,0.568,0
2026-09-26T20:48:32Z,emailservice,0.0,150,0.8,0.0,0
2026-09-26T20:48:32Z,adservice,69.0,600,0.8,0.115,0
2026-09-26T20:48:32Z,redis-cart,23.0,500,0.8,0.046,0
2026-09-26T20:48:33Z,frontend,203.8,1150,0.8,0.17721739130434783,0
2026-09-26T20:48:33Z,cartservice,219.0,1000,0.95,0.219,0
2026-09-26T20:48:33Z,checkoutservice,1397.0,1500,0.8,0.9313333333333333,1
2026-09-26T20:48:33Z,productcatalogservice,358.0,600,0.95,0.5966666666666667,0
2026-09-26T20:48:33Z,paymentservice,152.0,150,0.8,1.0133333333333334,1
2026-09-26T20:48:33Z,recommendationservice,591.0,2000,0.8,0.2955,0
2026-09-26T20:48:33Z,shippingservice,147.0,400,0.8,0.3675,0
2026-09-26T20:48:33Z,currencyservice,280.0,500,0.8,0.56,0
2026-09-26T20:48:33Z,emailservice,0.0,150,0.8,0.0,0
2026-09-26T20:48:33Z,adservice,73.0,600,0.8,0.12166666666666667,0
2026-09-26T20:48:33Z,redis-cart,23.0,500,0.8,0.046,0
2026-09-26T20:48:34Z,frontend,243.8,1150,0.8,0.21200000000000002,0
2026-09-26T20:48:34Z,cartservice,219.0,1000,0.95,0.219,0
2026-09-26T20:48:34Z,checkoutservice,1188.0,1500,0.8,0.792,0
2026-09-26T20:48:34Z,productcatalogservice,429.0,600,0.95,0.715,0
2026-09-26T20:48:34Z,paymentservice,144.0,150,0.8,0.96,1
2026-09-26T20:48:34Z,recommendationservice,631.0,2000,0.8,0.3155,0
2026-09-26T20:48:34Z,shippingservice,105.0,400,0.8,0.2625,0
2026-09-26T20:48:34Z,currencyservice,259.0,500,0.8,0.518,0
2026-09-26T20:48:34Z,emailservice,0.0,150,0.8,0.0,0
2026-09-26T20:48:34Z,adservice,74.0,600,0.8,0.12333333333333334,0
2026-09-26T20:48:34Z,redis-cart,25.0,500,0.8,0.05,0
2026-09-26T20:48:35Z,frontend,253.6,1150,0.8,0.22052173913043477,0
2026-09-26T20:48:35Z,cartservice,188.0,1000,0.95,0.188,0
2026-09-26T20:48:35Z,checkoutservice,1188.0,1500,0.8,0.792,0
2026-09-26T20:48:35Z,productcatalogservice,481.0,600,0.95,0.8016666666666666,0
2026-09-26T20:48:35Z,paymentservice,144.0,150,0.8,0.96,1
2026-09-26T20:48:35Z,recommendationservice,631.0,2000,0.8,0.3155,0
2026-09-26T20:48:35Z,shippingservice,105.0,400,0.8,0.2625,0
2026-09-26T20:48:35Z,currencyservice,259.0,500,0.8,0.518,0
2026-09-26T20:48:35Z,emailservice,24.0,150,0.8,0.16,0
2026-09-26T20:48:35Z,adservice,74.0,600,0.8,0.12333333333333334,0
2026-09-26T20:48:35Z,redis-cart,22.0,500,0.8,0.044,0
2026-09-26T20:48:36Z,frontend,237.2,1150,0.8,0.2062608695652174,0
2026-09-26T20:48:36Z,cartservice,154.0,1000,0.95,0.154,0
2026-09-26T20:48:36Z,checkoutservice,836.0,1500,0.8,0.5573333333333333,0
2026-09-26T20:48:36Z,productcatalogservice,427.0,600,0.95,0.7116666666666667,0
2026-09-26T20:48:36Z,paymentservice,150.0,150,0.8,1.0,1
2026-09-26T20:48:36Z,recommendationservice,713.0,2000,0.8,0.3565,0
2026-09-26T20:48:36Z,shippingservice,101.0,400,0.8,0.2525,0
2026-09-26T20:48:36Z,currencyservice,240.0,500,0.8,0.48,0
2026-09-26T20:48:36Z,emailservice,24.0,150,0.8,0.16,0
2026-09-26T20:48:36Z,adservice,73.0,600,0.8,0.12166666666666667,0
2026-09-26T20:48:36Z,redis-cart,22.0,500,0.8,0.044,0
2026-09-26T20:48:37Z,frontend,230.0,1150,0.8,0.2,0
2026-09-26T20:48:37Z,cartservice,153.0,1000,0.95,0.153,0
2026-09-26T20:48:37Z,checkoutservice,1083.0,1500,0.8,0.722,0
2026-09-26T20:48:37Z,productcatalogservice,427.0,600,0.95,0.7116666666666667,0
2026-09-26T20:48:37Z,paymentservice,0.0,150,0.8,0.0,0
2026-09-26T20:48:37Z,recommendationservice,685.0,2000,0.8,0.3425,0
2026-09-26T20:48:37Z,shippingservice,101.0,400,0.8,0.2525,0
2026-09-26T20:48:37Z,currencyservice,222.0,500,0.8,0.444,0
2026-09-26T20:48:37Z,emailservice,0.0,150,0.8,0.0,0
2026-09-26T20:48:37Z,adservice,70.0,600,0.8,0.11666666666666667,0
2026-09-26T20:48:37Z,redis-cart,22.0,500,0.8,0.044,0
2026-09-26T20:48:38Z,frontend,244.2,1150,0.8,0.21234782608695651,0
2026-09-26T20:48:38Z,cartservice,186.0,1000,0.95,0.186,0
2026-09-26T20:48:38Z,checkoutservice,1031.0,1500,0.8,0.6873333333333334,0
2026-09-26T20:48:38Z,productcatalogservice,416.0,600,0.95,0.6933333333333334,0
2026-09-26T20:48:38Z,paymentservice,0.0,150,0.8,0.0,0
2026-09-26T20:48:38Z,recommendationservice,636.0,2000,0.8,0.318,0
2026-09-26T20:48:38Z,shippingservice,105.0,400,0.8,0.2625,0
2026-09-26T20:48:38Z,currencyservice,281.0,500,0.8,0.562,0
2026-09-26T20:48:38Z,emailservice,0.0,150,0.8,0.0,0
2026-09-26T20:48:38Z,adservice,70.0,600,0.8,0.11666666666666667,0
2026-09-26T20:48:38Z,redis-cart,22.0,500,0.8,0.044,0
2026-09-26T20:48:39Z,frontend,241.2,1150,0.8,0.2097391304347826,0
2026-09-26T20:48:39Z,cartservice,186.0,1000,0.95,0.186,0
2026-09-26T20:48:39Z,checkoutservice,1031.0,1500,0.8,0.6873333333333334,0
2026-09-26T20:48:39Z,productcatalogservice,452.0,600,0.95,0.7533333333333333,0
2026-09-26T20:48:39Z,paymentservice,157.0,150,0.8,1.0466666666666666,1
2026-09-26T20:48:39Z,recommendationservice,636.0,2000,0.8,0.318,0
2026-09-26T20:48:39Z,shippingservice,113.0,400,0.8,0.2825,0
2026-09-26T20:48:39Z,currencyservice,281.0,500,0.8,0.562,0
2026-09-26T20:48:39Z,emailservice,0.0,150,0.8,0.0,0
2026-09-26T20:48:39Z,adservice,77.0,600,0.8,0.12833333333333333,0
2026-09-26T20:48:39Z,redis-cart,22.0,500,0.8,0.044,0
2026-09-26T20:48:40Z,frontend,246.8,1150,0.8,0.21460869565217391,0
2026-09-26T20:48:40Z,cartservice,165.0,1000,0.95,0.165,0
2026-09-26T20:48:40Z,checkoutservice,1080.0,1500,0.8,0.72,0
2026-09-26T20:48:40Z,productcatalogservice,435.0,600,0.95,0.725,0
2026-09-26T20:48:40Z,paymentservice,85.0,150,0.8,0.5666666666666667,0
2026-09-26T20:48:40Z,recommendationservice,668.0,2000,0.8,0.334,0
2026-09-26T20:48:40Z,shippingservice,113.0,400,0.8,0.2825,0
2026-09-26T20:48:40Z,currencyservice,229.0,500,0.8,0.458,0
2026-09-26T20:48:40Z,emailservice,0.0,150,0.8,0.0,0
2026-09-26T20:48:40Z,adservice,77.0,600,0.8,0.12833333333333333,0
2026-09-26T20:48:40Z,redis-cart,25.0,500,0.8,0.05,0
2026-09-26T20:48:41Z,frontend,242.8,1150,0.8,0.2111304347826087,0
2026-09-26T20:48:41Z,cartservice,215.0,1000,0.95,0.215,0
2026-09-26T20:48:41Z,checkoutservice,1080.0,1500,0.8,0.72,0
2026-09-26T20:48:41Z,productcatalogservice,388.0,600,0.95,0.6466666666666666,0
2026-09-26T20:48:41Z,paymentservice,129.0,150,0.8,0.86,1
2026-09-26T20:48:41Z,recommendationservice,668.0,2000,0.8,0.334,0
2026-09-26T20:48:41Z,shippingservice,119.0,400,0.8,0.2975,0
2026-09-26T20:48:41Z,currencyservice,229.0,500,0.8,0.458,0
2026-09-26T20:48:41Z,emailservice,45.0,150,0.8,0.3,0
2026-09-26T20:48:41Z,adservice,90.0,600,0.8,0.15,0
2026-09-26T20:48:41Z,redis-cart,25.0,500,0.8,0.05,0
2026-09-26T20:48:42Z,frontend,221.2,1150,0.8,0.19234782608695652,0
2026-09-26T20:48:42Z,cartservice,215.0,1000,0.95,0.215,0
2026-09-26T20:48:42Z,checkoutservice,1364.0,1500,0.8,0.9093333333333333,1
2026-09-26T20:48:42Z,productcatalogservice,299.0,600,0.95,0.49833333333333335,0
2026-09-26T20:48:42Z,paymentservice,156.0,150,0.8,1.04,1
2026-09-26T20:48:42Z,recommendationservice,582.0,2000,0.8,0.291,0
2026-09-26T20:48:42Z,shippingservice,145.0,400,0.8,0.3625,0
2026-09-26T20:48:42Z,currencyservice,298.0,500,0.8,0.596,0
2026-09-26T20:48:42Z,emailservice,66.0,150,0.8,0.44,0
2026-09-26T20:48:42Z,adservice,57.0,600,0.8,0.095,0
2026-09-26T20:48:42Z,redis-cart,26.0,500,0.8,0.052,0
2026-09-26T20:48:43Z,frontend,192.6,1150,0.8,0.16747826086956522,0
2026-09-26T20:48:43Z,cartservice,279.0,1000,0.95,0.279,0
2026-09-26T20:48:43Z,checkoutservice,1492.0,1500,0.8,0.9946666666666667,1
2026-09-26T20:48:43Z,productcatalogservice,299.0,600,0.95,0.49833333333333335,0
2026-09-26T20:48:43Z,paymentservice,156.0,150,0.8,1.04,1
2026-09-26T20:48:43Z,recommendationservice,582.0,2000,0.8,0.291,0
2026-09-26T20:48:43Z,shippingservice,145.0,400,0.8,0.3625,0
2026-09-26T20:48:43Z,currencyservice,298.0,500,0.8,0.596,0
2026-09-26T20:48:43Z,emailservice,66.0,150,0.8,0.44,0
2026-09-26T20:48:43Z,adservice,57.0,600,0.8,0.095,0
2026-09-26T20:48:43Z,redis-cart,26.0,500,0.8,0.052,0
2026-09-26T20:48:44Z,frontend,206.6,1150,0.8,0.17965217391304347,0
2026-09-26T20:48:44Z,cartservice,200.0,1000,0.95,0.2,0
2026-09-26T20:48:44Z,checkoutservice,1492.0,1500,0.8,0.9946666666666667,1
2026-09-26T20:48:44Z,productcatalogservice,394.0,600,0.95,0.6566666666666666,0
2026-09-26T20:48:44Z,paymentservice,142.0,150,0.8,0.9466666666666667,1
2026-09-26T20:48:44Z,recommendationservice,594.0,2000,0.8,0.297,0
2026-09-26T20:48:44Z,shippingservice,142.0,400,0.8,0.355,0
2026-09-26T20:48:44Z,currencyservice,296.0,500,0.8,0.592,0
2026-09-26T20:48:44Z,emailservice,0.0,150,0.8,0.0,0
2026-09-26T20:48:44Z,adservice,77.0,600,0.8,0.12833333333333333,0
2026-09-26T20:48:44Z,redis-cart,27.0,500,0.8,0.054,0
2026-09-26T20:48:45Z,frontend,188.8,1150,0.8,0.16417391304347828,0
2026-09-26T20:48:45Z,cartservice,216.0,1000,0.95,0.216,0
2026-09-26T20:48:45Z,checkoutservice,1433.0,1500,0.8,0.9553333333333334,1
2026-09-26T20:48:45Z,productcatalogservice,394.0,600,0.95,0.6566666666666666,0
2026-09-26T20:48:45Z,paymentservice,149.0,150,0.8,0.9933333333333333,1
2026-09-26T20:48:45Z,recommendationservice,520.0,2000,0.8,0.26,0
2026-09-26T20:48:45Z,shippingservice,142.0,400,0.8,0.355,0
2026-09-26T20:48:45Z,currencyservice,264.0,500,0.8,0.528,0
2026-09-26T20:48:45Z,emailservice,19.0,150,0.8,0.12666666666666668,0
2026-09-26T20:48:45Z,adservice,98.0,600,0.8,0.16333333333333333,0
2026-09-26T20:48:45Z,redis-cart,26.0,500,0.8,0.052,0
2026-09-26T20:48:46Z,frontend,196.4,1150,0.8,0.17078260869565218,0
2026-09-26T20:48:46Z,cartservice,216.0,1000,0.95,0.216,0
2026-09-26T20:48:46Z,checkoutservice,1433.0,1500,0.8,0.9553333333333334,1
2026-09-26T20:48:46Z,productcatalogservice,364.0,600,0.95,0.6066666666666667,0
2026-09-26T20:48:46Z,paymentservice,149.0,150,0.8,0.9933333333333333,1
2026-09-26T20:48:46Z,recommendationservice,541.0,2000,0.8,0.2705,0
2026-09-26T20:48:46Z,shippingservice,129.0,400,0.8,0.3225,0
2026-09-26T20:48:46Z,currencyservice,302.0,500,0.8,0.604,0
2026-09-26T20:48:46Z,emailservice,7.0,150,0.8,0.04666666666666667,0
2026-09-26T20:48:46Z,adservice,72.0,600,0.8,0.12,0
2026-09-26T20:48:46Z,redis-cart,26.0,500,0.8,0.052,0
2026-09-26T20:48:47Z,frontend,204.8,1150,0.8,0.17808695652173914,0
2026-09-26T20:48:47Z,cartservice,242.0,1000,0.95,0.242,0
2026-09-26T20:48:47Z,checkoutservice,1470.0,1500,0.8,0.98,1
2026-09-26T20:48:47Z,productcatalogservice,373.0,600,0.95,0.6216666666666667,0
2026-09-26T20:48:47Z,paymentservice,153.0,150,0.8,1.02,1
2026-09-26T20:48:47Z,recommendationservice,541.0,2000,0.8,0.2705,0
2026-09-26T20:48:47Z,shippingservice,172.0,400,0.8,0.43,0
2026-09-26T20:48:47Z,currencyservice,302.0,500,0.8,0.604,0
2026-09-26T20:48:47Z,emailservice,0.0,150,0.8,0.0,0
2026-09-26T20:48:47Z,adservice,71.0,600,0.8,0.11833333333333333,0
2026-09-26T20:48:47Z,redis-cart,28.0,500,0.8,0.056,0
2026-09-26T20:48:48Z,frontend,205.8,1150,0.8,0.17895652173913043,0
2026-09-26T20:48:48Z,cartservice,242.0,1000,0.95,0.242,0
2026-09-26T20:48:48Z,checkoutservice,1470.0,1500,0.8,0.98,1
2026-09-26T20:48:48Z,productcatalogservice,373.0,600,0.95,0.6216666666666667,0
2026-09-26T20:48:48Z,paymentservice,144.0,150,0.8,0.96,1
2026-09-26T20:48:48Z,recommendationservice,559.0,2000,0.8,0.2795,0
2026-09-26T20:48:48Z,shippingservice,126.0,400,0.8,0.315,0
2026-09-26T20:48:48Z,currencyservice,270.0,500,0.8,0.54,0
2026-09-26T20:48:48Z,emailservice,0.0,150,0.8,0.0,0
2026-09-26T20:48:48Z,adservice,71.0,600,0.8,0.11833333333333333,0
2026-09-26T20:48:48Z,redis-cart,24.0,500,0.8,0.048,0
2026-09-26T20:48:49Z,frontend,218.2,1150,0.8,0.1897391304347826,0
2026-09-26T20:48:49Z,cartservice,232.0,1000,0.95,0.232,0
2026-09-26T20:48:49Z,checkoutservice,1429.0,1500,0.8,0.9526666666666667,1
2026-09-26T20:48:49Z,productcatalogservice,387.0,600,0.95,0.645,0
2026-09-26T20:48:49Z,paymentservice,147.0,150,0.8,0.98,1
2026-09-26T20:48:49Z,recommendationservice,492.0,2000,0.8,0.246,0
2026-09-26T20:48:49Z,shippingservice,126.0,400,0.8,0.315,0
2026-09-26T20:48:49Z,currencyservice,297.0,500,0.8,0.594,0
2026-09-26T20:48:49Z,emailservice,0.0,150,0.8,0.0,0
2026-09-26T20:48:49Z,adservice,85.0,600,0.8,0.14166666666666666,0
2026-09-26T20:48:49Z,redis-cart,24.0,500,0.8,0.048,0
2026-09-26T20:48:50Z,frontend,214.0,1150,0.8,0.18608695652173912,0
2026-09-26T20:48:50Z,cartservice,216.0,1000,0.95,0.216,0
2026-09-26T20:48:50Z,checkoutservice,1515.0,1500,0.8,1.01,1
2026-09-26T20:48:50Z,productcatalogservice,346.0,600,0.95,0.5766666666666667,0
2026-09-26T20:48:50Z,paymentservice,147.0,150,0.8,0.98,1
2026-09-26T20:48:50Z,recommendationservice,585.0,2000,0.8,0.2925,0
2026-09-26T20:48:50Z,shippingservice,149.0,400,0.8,0.3725,0
2026-09-26T20:48:50Z,currencyservice,304.0,500,0.8,0.608,0
2026-09-26T20:48:50Z,emailservice,25.0,150,0.8,0.16666666666666666,0
2026-09-26T20:48:50Z,adservice,79.0,600,0.8,0.13166666666666665,0
2026-09-26T20:48:50Z,redis-cart,27.0,500,0.8,0.054,0
2026-09-26T20:48:51Z,frontend,195.4,1150,0.8,0.16991304347826086,0
2026-09-26T20:48:51Z,cartservice,208.0,1000,0.95,0.208,0
2026-09-26T20:48:51Z,checkoutservice,1452.0,1500,0.8,0.968,1
2026-09-26T20:48:51Z,productcatalogservice,346.0,600,0.95,0.5766666666666667,0
2026-09-26T20:48:51Z,paymentservice,150.0,150,0.8,1.0,1
2026-09-26T20:48:51Z,recommendationservice,585.0,2000,0.8,0.2925,0
2026-09-26T20:48:51Z,shippingservice,143.0,400,0.8,0.3575,0
2026-09-26T20:48:51Z,currencyservice,304.0,500,0.8,0.608,0
2026-09-26T20:48:51Z,emailservice,25.0,150,0.8,0.16666666666666666,0
2026-09-26T20:48:51Z,adservice,79.0,600,0.8,0.13166666666666665,0
2026-09-26T20:48:51Z,redis-cart,27.0,500,0.8,0.054,0
2026-09-26T20:48:52Z,frontend,209.8,1150,0.8,0.18243478260869567,0
2026-09-26T20:48:52Z,cartservice,226.0,1000,0.95,0.226,0
2026-09-26T20:48:52Z,checkoutservice,1452.0,1500,0.8,0.968,1
2026-09-26T20:48:52Z,productcatalogservice,373.0,600,0.95,0.6216666666666667,0
2026-09-26T20:48:52Z,paymentservice,150.0,150,0.8,1.0,1
2026-09-26T20:48:52Z,recommendationservice,545.0,2000,0.8,0.2725,0
2026-09-26T20:48:52Z,shippingservice,143.0,400,0.8,0.3575,0
2026-09-26T20:48:52Z,currencyservice,271.0,500,0.8,0.542,0
2026-09-26T20:48:52Z,emailservice,0.0,150,0.8,0.0,0
2026-09-26T20:48:52Z,adservice,62.0,600,0.8,0.10333333333333333,0
2026-09-26T20:48:52Z,redis-cart,28.0,500,0.8,0.056,0
2026-09-26T20:48:53Z,frontend,207.8,1150,0.8,0.18069565217391306,0
2026-09-26T20:48:53Z,cartservice,260.0,1000,0.95,0.26,0
2026-09-26T20:48:53Z,checkoutservice,1423.0,1500,0.8,0.9486666666666667,1
2026-09-26T20:48:53Z,productcatalogservice,358.0,600,0.95,0.5966666666666667,0
2026-09-26T20:48:53Z,paymentservice,150.0,150,0.8,1.0,1
2026-09-26T20:48:53Z,recommendationservice,545.0,2000,0.8,0.2725,0
2026-09-26T20:48:53Z,shippingservice,150.0,400,0.8,0.375,0
2026-09-26T20:48:53Z,currencyservice,265.0,500,0.8,0.53,0
2026-09-26T20:48:53Z,emailservice,0.0,150,0.8,0.0,0
2026-09-26T20:48:53Z,adservice,89.0,600,0.8,0.14833333333333334,0
2026-09-26T20:48:53Z,redis-cart,24.0,500,0.8,0.048,0
2026-09-26T20:48:54Z,frontend,200.4,1150,0.8,0.17426086956521739,0
2026-09-26T20:48:54Z,cartservice,260.0,1000,0.95,0.26,0
2026-09-26T20:48:54Z,checkoutservice,1423.0,1500,0.8,0.9486666666666667,1
2026-09-26T20:48:54Z,productcatalogservice,358.0,600,0.95,0.5966666666666667,0
2026-09-26T20:48:54Z,paymentservice,150.0,150,0.8,1.0,1
2026-09-26T20:48:54Z,recommendationservice,580.0,2000,0.8,0.29,0
2026-09-26T20:48:54Z,shippingservice,150.0,400,0.8,0.375,0
2026-09-26T20:48:54Z,currencyservice,265.0,500,0.8,0.53,0
2026-09-26T20:48:54Z,emailservice,0.0,150,0.8,0.0,0
2026-09-26T20:48:54Z,adservice,61.0,600,0.8,0.10166666666666667,0
2026-09-26T20:48:54Z,redis-cart,27.0,500,0.8,0.054,0
2026-09-26T20:48:55Z,frontend,216.6,1150,0.8,0.18834782608695652,0
2026-09-26T20:48:55Z,cartservice,254.0,1000,0.95,0.254,0
2026-09-26T20:48:55Z,checkoutservice,1436.0,1500,0.8,0.9573333333333334,1
2026-09-26T20:48:55Z,productcatalogservice,382.0,600,0.95,0.6366666666666667,0
2026-09-26T20:48:55Z,paymentservice,157.0,150,0.8,1.0466666666666666,1
2026-09-26T20:48:55Z,recommendationservice,580.0,2000,0.8,0.29,0
2026-09-26T20:48:55Z,shippingservice,132.0,400,0.8,0.33,0
2026-09-26T20:48:55Z,currencyservice,305.0,500,0.8,0.61,0
2026-09-26T20:48:55Z,emailservice,0.0,150,0.8,0.0,0
2026-09-26T20:48:55Z,adservice,72.0,600,0.8,0.12,0
2026-09-26T20:48:55Z,redis-cart,27.0,500,0.8,0.054,0
2026-09-26T20:48:56Z,frontend,204.0,1150,0.8,0.17739130434782607,0
2026-09-26T20:48:56Z,cartservice,240.0,1000,0.95,0.24,0
2026-09-26T20:48:56Z,checkoutservice,1436.0,1500,0.8,0.9573333333333334,1
2026-09-26T20:48:56Z,productcatalogservice,348.0,600,0.95,0.58,0
2026-09-26T20:48:56Z,paymentservice,139.0,150,0.8,0.9266666666666666,1
2026-09-26T20:48:56Z,recommendationservice,516.0,2000,0.8,0.258,0
2026-09-26T20:48:56Z,shippingservice,132.0,400,0.8,0.33,0
2026-09-26T20:48:56Z,currencyservice,269.0,500,0.8,0.538,0
2026-09-26T20:48:56Z,emailservice,0.0,150,0.8,0.0,0
2026-09-26T20:48:56Z,adservice,72.0,600,0.8,0.12,0
2026-09-26T20:48:56Z,redis-cart,29.0,500,0.8,0.058,0
2026-09-26T20:48:57Z,frontend,214.4,1150,0.8,0.18643478260869567,0
2026-09-26T20:48:57Z,cartservice,276.0,1000,0.95,0.276,0
2026-09-26T20:48:57Z,checkoutservice,1410.0,1500,0.8,0.94,1
2026-09-26T20:48:57Z,productcatalogservice,357.0,600,0.95,0.595,0
2026-09-26T20:48:57Z,paymentservice,152.0,150,0.8,1.0133333333333334,1
2026-09-26T20:48:57Z,recommendationservice,541.0,2000,0.8,0.2705,0
2026-09-26T20:48:57Z,shippingservice,160.0,400,0.8,0.4,0
2026-09-26T20:48:57Z,currencyservice,269.0,500,0.8,0.538,0
2026-09-26T20:48:57Z,emailservice,19.0,150,0.8,0.12666666666666668,0
2026-09-26T20:48:57Z,adservice,75.0,600,0.8,0.125,0
2026-09-26T20:48:57Z,redis-cart,29.0,500,0.8,0.058,0
2026-09-26T20:48:58Z,frontend,219.8,1150,0.8,0.19113043478260872,0
2026-09-26T20:48:58Z,cartservice,233.0,1000,0.95,0.233,0
2026-09-26T20:48:58Z,checkoutservice,1448.0,1500,0.8,0.9653333333333334,1
2026-09-26T20:48:58Z,productcatalogservice,357.0,600,0.95,0.595,0
2026-09-26T20:48:58Z,paymentservice,152.0,150,0.8,1.0133333333333334,1
2026-09-26T20:48:58Z,recommendationservice,541.0,2000,0.8,0.2705,0
2026-09-26T20:48:58Z,shippingservice,132.0,400,0.8,0.33,0
2026-09-26T20:48:58Z,currencyservice,306.0,500,0.8,0.612,0
2026-09-26T20:48:58Z,emailservice,0.0,150,0.8,0.0,0
2026-09-26T20:48:58Z,adservice,75.0,600,0.8,0.125,0
2026-09-26T20:48:58Z,redis-cart,26.0,500,0.8,0.052,0
2026-09-26T20:48:59Z,frontend,207.6,1150,0.8,0.1805217391304348,0
2026-09-26T20:48:59Z,cartservice,233.0,1000,0.95,0.233,0
2026-09-26T20:48:59Z,checkoutservice,1448.0,1500,0.8,0.9653333333333334,1
2026-09-26T20:48:59Z,productcatalogservice,386.0,600,0.95,0.6433333333333333,0
2026-09-26T20:48:59Z,paymentservice,146.0,150,0.8,0.9733333333333334,1
2026-09-26T20:48:59Z,recommendationservice,557.0,2000,0.8,0.2785,0
2026-09-26T20:48:59Z,shippingservice,132.0,400,0.8,0.33,0
2026-09-26T20:48:59Z,currencyservice,301.0,500,0.8,0.602,0
2026-09-26T20:48:59Z,emailservice,0.0,150,0.8,0.0,0
2026-09-26T20:48:59Z,adservice,83.0,600,0.8,0.13833333333333334,0
2026-09-26T20:48:59Z,redis-cart,26.0,500,0.8,0.052,0
2026-09-26T20:49:00Z,frontend,204.4,1150,0.8,0.17773913043478262,0
2026-09-26T20:49:00Z,cartservice,241.0,1000,0.95,0.241,0
2026-09-26T20:49:00Z,checkoutservice,1458.0,1500,0.8,0.972,1
2026-09-26T20:49:00Z,productcatalogservice,361.0,600,0.95,0.6016666666666667,0
2026-09-26T20:49:00Z,paymentservice,146.0,150,0.8,0.9733333333333334,1
2026-09-26T20:49:00Z,recommendationservice,557.0,2000,0.8,0.2785,0
2026-09-26T20:49:00Z,shippingservice,137.0,400,0.8,0.3425,0
2026-09-26T20:49:00Z,currencyservice,301.0,500,0.8,0.602,0
2026-09-26T20:49:00Z,emailservice,0.0,150,0.8,0.0,0
2026-09-26T20:49:00Z,adservice,82.0,600,0.8,0.13666666666666666,0
2026-09-26T20:49:00Z,redis-cart,26.0,500,0.8,0.052,0
2026-09-26T20:49:01Z,frontend,212.2,1150,0.8,0.18452173913043476,0
2026-09-26T20:49:01Z,cartservice,237.0,1000,0.95,0.237,0
2026-09-26T20:49:01Z,checkoutservice,1474.0,1500,0.8,0.9826666666666667,1
2026-09-26T20:49:01Z,productcatalogservice,367.0,600,0.95,0.6116666666666667,0
2026-09-26T20:49:01Z,paymentservice,153.0,150,0.8,1.02,1
2026-09-26T20:49:01Z,recommendationservice,595.0,2000,0.8,0.2975,0
2026-09-26T20:49:01Z,shippingservice,130.0,400,0.8,0.325,0
2026-09-26T20:49:01Z,currencyservice,327.0,500,0.8,0.654,0
2026-09-26T20:49:01Z,emailservice,21.0,150,0.8,0.14,0
2026-09-26T20:49:01Z,adservice,82.0,600,0.8,0.13666666666666666,0
2026-09-26T20:49:01Z,redis-cart,26.0,500,0.8,0.052,0
2026-09-26T20:49:02Z,frontend,194.8,1150,0.8,0.1693913043478261,0
2026-09-26T20:49:02Z,cartservice,237.0,1000,0.95,0.237,0
2026-09-26T20:49:02Z,checkoutservice,1474.0,1500,0.8,0.9826666666666667,1
2026-09-26T20:49:02Z,productcatalogservice,367.0,600,0.95,0.6116666666666667,0
2026-09-26T20:49:02Z,paymentservice,149.0,150,0.8,0.9933333333333333,1
2026-09-26T20:49:02Z,recommendationservice,457.0,2000,0.8,0.2285,0
2026-09-26T20:49:02Z,shippingservice,130.0,400,0.8,0.325,0
2026-09-26T20:49:02Z,currencyservice,270.0,500,0.8,0.54,0
2026-09-26T20:49:02Z,emailservice,21.0,150,0.8,0.14,0
2026-09-26T20:49:02Z,adservice,85.0,600,0.8,0.14166666666666666,0
2026-09-26T20:49:02Z,redis-cart,26.0,500,0.8,0.052,0
2026-09-26T20:49:03Z,frontend,189.0,1150,0.8,0.16434782608695653,0
2026-09-26T20:49:03Z,cartservice,263.0,1000,0.95,0.263,0
2026-09-26T20:49:03Z,checkoutservice,1446.0,1500,0.8,0.964,1
2026-09-26T20:49:03Z,productcatalogservice,346.0,600,0.95,0.5766666666666667,0
2026-09-26T20:49:03Z,paymentservice,149.0,150,0.8,0.9933333333333333,1
2026-09-26T20:49:03Z,recommendationservice,457.0,2000,0.8,0.2285,0
2026-09-26T20:49:03Z,shippingservice,152.0,400,0.8,0.38,0
2026-09-26T20:49:03Z,currencyservice,270.0,500,0.8,0.54,0
2026-09-26T20:49:03Z,emailservice,0.0,150,0.8,0.0,0
2026-09-26T20:49:03Z,adservice,67.0,600,0.8,0.11166666666666666,0
2026-09-26T20:49:03Z,redis-cart,25.0,500,0.8,0.05,0
2026-09-26T20:49:04Z,frontend,208.6,1150,0.8,0.18139130434782608,0
2026-09-26T20:49:04Z,cartservice,263.0,1000,0.95,0.263,0
2026-09-26T20:49:04Z,checkoutservice,1446.0,1500,0.8,0.964,1
2026-09-26T20:49:04Z,productcatalogservice,401.0,600,0.95,0.6683333333333333,0
2026-09-26T20:49:04Z,paymentservice,150.0,150,0.8,1.0,1
2026-09-26T20:49:04Z,recommendationservice,582.0,2000,0.8,0.291,0
2026-09-26T20:49:04Z,shippingservice,152.0,400,0.8,0.38,0
2026-09-26T20:49:04Z,currencyservice,302.0,500,0.8,0.604,0
2026-09-26T20:49:04Z,emailservice,0.0,150,0.8,0.0,0
2026-09-26T20:49:04Z,adservice,67.0,600,0.8,0.11166666666666666,0
2026-09-26T20:49:04Z,redis-cart,25.0,500,0.8,0.05,0
2026-09-26T20:49:05Z,frontend,200.2,1150,0.8,0.1740869565217391,0
2026-09-26T20:49:05Z,cartservice,238.0,1000,0.95,0.238,0
2026-09-26T20:49:05Z,checkoutservice,1451.0,1500,0.8,0.9673333333333334,1
2026-09-26T20:49:05Z,productcatalogservice,401.0,600,0.95,0.6683333333333333,0
2026-09-26T20:49:05Z,paymentservice,142.0,150,0.8,0.9466666666666667,1
2026-09-26T20:49:05Z,recommendationservice,487.0,2000,0.8,0.2435,0
2026-09-26T20:49:05Z,shippingservice,131.0,400,0.8,0.3275,0
2026-09-26T20:49:05Z,currencyservice,254.0,500,0.8,0.508,0
2026-09-26T20:49:05Z,emailservice,12.0,150,0.8,0.08,0
2026-09-26T20:49:05Z,adservice,69.0,600,0.8,0.115,0
2026-09-26T20:49:05Z,redis-cart,25.0,500,0.8,0.05,0
2026-09-26T20:49:06Z,frontend,211.4,1150,0.8,0.18382608695652175,0
2026-09-26T20:49:06Z,cartservice,231.0,1000,0.95,0.231,0
2026-09-26T20:49:06Z,checkoutservice,1487.0,1500,0.8,0.9913333333333333,1
2026-09-26T20:49:06Z,productcatalogservice,385.0,600,0.95,0.6416666666666667,0
2026-09-26T20:49:06Z,paymentservice,142.0,150,0.8,0.9466666666666667,1
2026-09-26T20:49:06Z,recommendationservice,487.0,2000,0.8,0.2435,0
2026-09-26T20:49:06Z,shippingservice,158.0,400,0.8,0.395,0
2026-09-26T20:49:06Z,currencyservice,254.0,500,0.8,0.508,0
2026-09-26T20:49:06Z,emailservice,10.0,150,0.8,0.06666666666666667,0
2026-09-26T20:49:06Z,adservice,68.0,600,0.8,0.11333333333333333,0
2026-09-26T20:49:06Z,redis-cart,27.0,500,0.8,0.054,0
2026-09-26T20:49:07Z,frontend,211.4,1150,0.8,0.18382608695652175,0
2026-09-26T20:49:07Z,cartservice,205.0,1000,0.95,0.205,0
2026-09-26T20:49:07Z,checkoutservice,1487.0,1500,0.8,0.9913333333333333,1
2026-09-26T20:49:07Z,productcatalogservice,385.0,600,0.95,0.6416666666666667,0
2026-09-26T20:49:07Z,paymentservice,0.0,150,0.8,0.0,0
2026-09-26T20:49:07Z,recommendationservice,626.0,2000,0.8,0.313,0
2026-09-26T20:49:07Z,shippingservice,158.0,400,0.8,0.395,0
2026-09-26T20:49:07Z,currencyservice,299.0,500,0.8,0.598,0
2026-09-26T20:49:07Z,emailservice,10.0,150,0.8,0.06666666666666667,0
2026-09-26T20:49:07Z,adservice,68.0,600,0.8,0.11333333333333333,0
2026-09-26T20:49:07Z,redis-cart,27.0,500,0.8,0.054,0
2026-09-26T20:49:08Z,frontend,206.2,1150,0.8,0.17930434782608695,0
2026-09-26T20:49:08Z,cartservice,205.0,1000,0.95,0.205,0
2026-09-26T20:49:08Z,checkoutservice,1415.0,1500,0.8,0.9433333333333334,1
2026-09-26T20:49:08Z,productcatalogservice,370.0,600,0.95,0.6166666666666667,0
2026-09-26T20:49:08Z,paymentservice,0.0,150,0.8,0.0,0
2026-09-26T20:49:08Z,recommendationservice,626.0,2000,0.8,0.313,0
2026-09-26T20:49:08Z,shippingservice,138.0,400,0.8,0.345,0
2026-09-26T20:49:08Z,currencyservice,299.0,500,0.8,0.598,0
2026-09-26T20:49:08Z,emailservice,0.0,150,0.8,0.0,0
2026-09-26T20:49:08Z,adservice,84.0,600,0.8,0.14,0
2026-09-26T20:49:08Z,redis-cart,26.0,500,0.8,0.052,0
2026-09-26T20:49:09Z,frontend,230.0,1150,0.8,0.2,0
2026-09-26T20:49:09Z,cartservice,204.0,1000,0.95,0.204,0
2026-09-26T20:49:09Z,checkoutservice,1224.0,1500,0.8,0.816,1
2026-09-26T20:49:09Z,productcatalogservice,458.0,600,0.95,0.7633333333333333,0
2026-09-26T20:49:09Z,paymentservice,153.0,150,0.8,1.02,1
2026-09-26T20:49:09Z,recommendationservice,619.0,2000,0.8,0.3095,0
2026-09-26T20:49:09Z,shippingservice,118.0,400,0.8,0.295,0
2026-09-26T20:49:09Z,currencyservice,261.0,500,0.8,0.522,0
2026-09-26T20:49:09Z,emailservice,0.0,150,0.8,0.0,0
2026-09-26T20:49:09Z,adservice,84.0,600,0.8,0.14,0
2026-09-26T20:49:09Z,redis-cart,22.0,500,0.8,0.044,0
2026-09-26T20:49:10Z,frontend,256.0,1150,0.8,0.22260869565217392,0
2026-09-26T20:49:10Z,cartservice,156.0,1000,0.95,0.156,0
2026-09-26T20:49:10Z,checkoutservice,1224.0,1500,0.8,0.816,1
2026-09-26T20:49:10Z,productcatalogservice,458.0,600,0.95,0.7633333333333333,0
2026-09-26T20:49:10Z,paymentservice,153.0,150,0.8,1.02,1
2026-09-26T20:49:10Z,recommendationservice,619.0,2000,0.8,0.3095,0
2026-09-26T20:49:10Z,shippingservice,118.0,400,0.8,0.295,0
2026-09-26T20:49:10Z,currencyservice,247.0,500,0.8,0.494,0
2026-09-26T20:49:10Z,emailservice,30.0,150,0.8,0.2,0
2026-09-26T20:49:10Z,adservice,80.0,600,0.8,0.13333333333333333,0
2026-09-26T20:49:10Z,redis-cart,26.0,500,0.8,0.052,0
2026-09-26T20:49:11Z,frontend,236.4,1150,0.8,0.20556521739130434,0
2026-09-26T20:49:11Z,cartservice,156.0,1000,0.95,0.156,0
2026-09-26T20:49:11Z,checkoutservice,1216.0,1500,0.8,0.8106666666666666,1
2026-09-26T20:49:11Z,productcatalogservice,411.0,600,0.95,0.685,0
2026-09-26T20:49:11Z,paymentservice,146.0,150,0.8,0.9733333333333334,1
2026-09-26T20:49:11Z,recommendationservice,662.0,2000,0.8,0.331,0
2026-09-26T20:49:11Z,shippingservice,116.0,400,0.8,0.29,0
2026-09-26T20:49:11Z,currencyservice,247.0,500,0.8,0.494,0
2026-09-26T20:49:11Z,emailservice,30.0,150,0.8,0.2,0
2026-09-26T20:49:11Z,adservice,70.0,600,0.8,0.11666666666666667,0
2026-09-26T20:49:11Z,redis-cart,26.0,500,0.8,0.052,0
2026-09-26T20:49:12Z,frontend,202.6,1150,0.8,0.17617391304347826,0
2026-09-26T20:49:12Z,cartservice,226.0,1000,0.95,0.226,0
2026-09-26T20:49:12Z,checkoutservice,1475.0,1500,0.8,0.9833333333333333,1
2026-09-26T20:49:12Z,productcatalogservice,368.0,600,0.95,0.6133333333333333,0
2026-09-26T20:49:12Z,paymentservice,146.0,150,0.8,0.9733333333333334,1
2026-09-26T20:49:12Z,recommendationservice,541.0,2000,0.8,0.2705,0
2026-09-26T20:49:12Z,shippingservice,147.0,400,0.8,0.3675,0
2026-09-26T20:49:12Z,currencyservice,264.0,500,0.8,0.528,0
2026-09-26T20:49:12Z,emailservice,66.0,150,0.8,0.44,0
2026-09-26T20:49:12Z,adservice,65.0,600,0.8,0.10833333333333334,0
2026-09-26T20:49:12Z,redis-cart,32.0,500,0.8,0.064,0
2026-09-26T20:49:13Z,frontend,206.4,1150,0.8,0.17947826086956523,0
2026-09-26T20:49:13Z,cartservice,229.0,1000,0.95,0.229,0
2026-09-26T20:49:13Z,checkoutservice,1490.0,1500,0.8,0.9933333333333333,1
2026-09-26T20:49:13Z,productcatalogservice,368.0,600,0.95,0.6133333333333333,0
2026-09-26T20:49:13Z,paymentservice,146.0,150,0.8,0.9733333333333334,1
2026-09-26T20:49:13Z,recommendationservice,584.0,2000,0.8,0.292,0
2026-09-26T20:49:13Z,shippingservice,143.0,400,0.8,0.3575,0
2026-09-26T20:49:13Z,currencyservice,264.0,500,0.8,0.528,0
2026-09-26T20:49:13Z,emailservice,0.0,150,0.8,0.0,0
2026-09-26T20:49:13Z,adservice,65.0,600,0.8,0.10833333333333334,0
2026-09-26T20:49:13Z,redis-cart,27.0,500,0.8,0.054,0
2026-09-26T20:49:14Z,frontend,207.0,1150,0.8,0.18,0
2026-09-26T20:49:14Z,cartservice,229.0,1000,0.95,0.229,0
2026-09-26T20:49:14Z,checkoutservice,1490.0,1500,0.8,0.9933333333333333,1
2026-09-26T20:49:14Z,productcatalogservice,366.0,600,0.95,0.61,0
2026-09-26T20:49:14Z,paymentservice,152.0,150,0.8,1.0133333333333334,1
2026-09-26T20:49:14Z,recommendationservice,584.0,2000,0.8,0.292,0
2026-09-26T20:49:14Z,shippingservice,149.0,400,0.8,0.3725,0
2026-09-26T20:49:14Z,currencyservice,334.0,500,0.8,0.668,0
2026-09-26T20:49:14Z,emailservice,0.0,150,0.8,0.0,0
2026-09-26T20:49:14Z,adservice,80.0,600,0.8,0.13333333333333333,0
2026-09-26T20:49:14Z,redis-cart,27.0,500,0.8,0.054,0
2026-09-26T20:49:15Z,frontend,204.6,1150,0.8,0.17791304347826087,0
2026-09-26T20:49:15Z,cartservice,217.0,1000,0.95,0.217,0
2026-09-26T20:49:15Z,checkoutservice,1474.0,1500,0.8,0.9826666666666667,1
2026-09-26T20:49:15Z,productcatalogservice,366.0,600,0.95,0.61,0
2026-09-26T20:49:15Z,paymentservice,152.0,150,0.8,1.0133333333333334,1
2026-09-26T20:49:15Z,recommendationservice,514.0,2000,0.8,0.257,0
2026-09-26T20:49:15Z,shippingservice,135.0,400,0.8,0.3375,0
2026-09-26T20:49:15Z,currencyservice,254.0,500,0.8,0.508,0
2026-09-26T20:49:15Z,emailservice,19.0,150,0.8,0.12666666666666668,0
2026-09-26T20:49:15Z,adservice,80.0,600,0.8,0.13333333333333333,0
2026-09-26T20:49:15Z,redis-cart,27.0,500,0.8,0.054,0
2026-09-26T20:49:16Z,frontend,224.2,1150,0.8,0.19495652173913042,0
2026-09-26T20:49:16Z,cartservice,218.0,1000,0.95,0.218,0
2026-09-26T20:49:16Z,checkoutservice,1442.0,1500,0.8,0.9613333333333334,1
2026-09-26T20:49:16Z,productcatalogservice,382.0,600,0.95,0.6366666666666667,0
2026-09-26T20:49:16Z,paymentservice,151.0,150,0.8,1.0066666666666666,1
2026-09-26T20:49:16Z,recommendationservice,662.0,2000,0.8,0.331,0
2026-09-26T20:49:16Z,shippingservice,135.0,400,0.8,0.3375,0
2026-09-26T20:49:16Z,currencyservice,254.0,500,0.8,0.508,0
2026-09-26T20:49:16Z,emailservice,0.0,150,0.8,0.0,0
2026-09-26T20:49:16Z,adservice,94.0,600,0.8,0.15666666666666668,0
2026-09-26T20:49:16Z,redis-cart,22.0,500,0.8,0.044,0
2026-09-26T20:49:17Z,frontend,211.4,1150,0.8,0.18382608695652175,0
2026-09-26T20:49:17Z,cartservice,218.0,1000,0.95,0.218,0
2026-09-26T20:49:17Z,checkoutservice,1442.0,1500,0.8,0.9613333333333334,1
2026-09-26T20:49:17Z,productcatalogservice,382.0,600,0.95,0.6366666666666667,0
2026-09-26T20:49:17Z,paymentservice,151.0,150,0.8,1.0066666666666666,1
2026-09-26T20:49:17Z,recommendationservice,555.0,2000,0.8,0.2775,0
2026-09-26T20:49:17Z,shippingservice,141.0,400,0.8,0.3525,0
2026-09-26T20:49:17Z,currencyservice,295.0,500,0.8,0.59,0
2026-09-26T20:49:17Z,emailservice,0.0,150,0.8,0.0,0
2026-09-26T20:49:17Z,adservice,74.0,600,0.8,0.12333333333333334,0
2026-09-26T20:49:17Z,redis-cart,22.0,500,0.8,0.044,0
2026-09-26T20:49:18Z,frontend,208.4,1150,0.8,0.18121739130434783,0
2026-09-26T20:49:18Z,cartservice,227.0,1000,0.95,0.227,0
2026-09-26T20:49:18Z,checkoutservice,1397.0,1500,0.8,0.9313333333333333,1
2026-09-26T20:49:18Z,productcatalogservice,349.0,600,0.95,0.5816666666666667,0
2026-09-26T20:49:18Z,paymentservice,146.0,150,0.8,0.9733333333333334,1
2026-09-26T20:49:18Z,recommendationservice,555.0,2000,0.8,0.2775,0
2026-09-26T20:49:18Z,shippingservice,144.0,400,0.8,0.36,0
2026-09-26T20:49:18Z,currencyservice,295.0,500,0.8,0.59,0
2026-09-26T20:49:18Z,emailservice,0.0,150,0.8,0.0,0
2026-09-26T20:49:18Z,adservice,69.0,600,0.8,0.115,0
2026-09-26T20:49:18Z,redis-cart,25.0,500,0.8,0.05,0
2026-09-26T20:49:19Z,frontend,210.8,1150,0.8,0.18330434782608696,0
2026-09-26T20:49:19Z,cartservice,213.0,1000,0.95,0.213,0
2026-09-26T20:49:19Z,checkoutservice,1514.0,1500,0.8,1.0093333333333334,1
2026-09-26T20:49:19Z,productcatalogservice,378.0,600,0.95,0.63,0
2026-09-26T20:49:19Z,paymentservice,146.0,150,0.8,0.9733333333333334,1
2026-09-26T20:49:19Z,recommendationservice,575.0,2000,0.8,0.2875,0
2026-09-26T20:49:19Z,shippingservice,144.0,400,0.8,0.36,0
2026-09-26T20:49:19Z,currencyservice,317.0,500,0.8,0.634,0
2026-09-26T20:49:19Z,emailservice,0.0,150,0.8,0.0,0
2026-09-26T20:49:19Z,adservice,69.0,600,0.8,0.115,0
2026-09-26T20:49:19Z,redis-cart,25.0,500,0.8,0.05,0
2026-09-26T20:49:20Z,frontend,217.0,1150,0.8,0.18869565217391304,0
2026-09-26T20:49:20Z,cartservice,208.0,1000,0.95,0.208,0
2026-09-26T20:49:20Z,checkoutservice,1413.0,1500,0.8,0.942,1
2026-09-26T20:49:20Z,productcatalogservice,378.0,600,0.95,0.63,0
2026-09-26T20:49:20Z,paymentservice,157.0,150,0.8,1.0466666666666666,1
2026-09-26T20:49:20Z,recommendationservice,626.0,2000,0.8,0.313,0
2026-09-26T20:49:20Z,shippingservice,131.0,400,0.8,0.3275,0
2026-09-26T20:49:20Z,currencyservice,277.0,500,0.8,0.554,0
2026-09-26T20:49:20Z,emailservice,30.0,150,0.8,0.2,0
2026-09-26T20:49:20Z,adservice,84.0,600,0.8,0.14,0
2026-09-26T20:49:20Z,redis-cart,28.0,500,0.8,0.056,0
2026-09-26T20:49:21Z,frontend,198.4,1150,0.8,0.17252173913043478,0
2026-09-26T20:49:21Z,cartservice,208.0,1000,0.95,0.208,0
2026-09-26T20:49:21Z,checkoutservice,1413.0,1500,0.8,0.942,1
2026-09-26T20:49:21Z,productcatalogservice,375.0,600,0.95,0.625,0
2026-09-26T20:49:21Z,paymentservice,157.0,150,0.8,1.0466666666666666,1
2026-09-26T20:49:21Z,recommendationservice,519.0,2000,0.8,0.2595,0
2026-09-26T20:49:21Z,shippingservice,139.0,400,0.8,0.3475,0
2026-09-26T20:49:21Z,currencyservice,278.0,500,0.8,0.556,0
2026-09-26T20:49:21Z,emailservice,30.0,150,0.8,0.2,0
2026-09-26T20:49:21Z,adservice,68.0,600,0.8,0.11333333333333333,0
2026-09-26T20:49:21Z,redis-cart,28.0,500,0.8,0.056,0
2026-09-26T20:49:22Z,frontend,198.8,1150,0.8,0.1728695652173913,0
2026-09-26T20:49:22Z,cartservice,229.0,1000,0.95,0.229,0
2026-09-26T20:49:22Z,checkoutservice,1504.0,1500,0.8,1.0026666666666666,1
2026-09-26T20:49:22Z,productcatalogservice,375.0,600,0.95,0.625,0
2026-09-26T20:49:22Z,paymentservice,150.0,150,0.8,1.0,1
2026-09-26T20:49:22Z,recommendationservice,572.0,2000,0.8,0.286,0
2026-09-26T20:49:22Z,shippingservice,155.0,400,0.8,0.3875,0
2026-09-26T20:49:22Z,currencyservice,289.0,500,0.8,0.578,0
2026-09-26T20:49:22Z,emailservice,0.0,150,0.8,0.0,0
2026-09-26T20:49:22Z,adservice,68.0,600,0.8,0.11333333333333333,0
2026-09-26T20:49:22Z,redis-cart,27.0,500,0.8,0.054,0
2026-09-26T20:49:23Z,frontend,212.2,1150,0.8,0.18452173913043476,0
2026-09-26T20:49:23Z,cartservice,229.0,1000,0.95,0.229,0
2026-09-26T20:49:23Z,checkoutservice,1504.0,1500,0.8,1.0026666666666666,1
2026-09-26T20:49:23Z,productcatalogservice,393.0,600,0.95,0.655,0
2026-09-26T20:49:23Z,paymentservice,147.0,150,0.8,0.98,1
2026-09-26T20:49:23Z,recommendationservice,572.0,2000,0.8,0.286,0
2026-09-26T20:49:23Z,shippingservice,128.0,400,0.8,0.32,0
2026-09-26T20:49:23Z,currencyservice,289.0,500,0.8,0.578,0
2026-09-26T20:49:23Z,emailservice,0.0,150,0.8,0.0,0
2026-09-26T20:49:23Z,adservice,89.0,600,0.8,0.14833333333333334,0
2026-09-26T20:49:23Z,redis-cart,27.0,500,0.8,0.054,0
2026-09-26T20:49:24Z,frontend,216.2,1150,0.8,0.188,0
2026-09-26T20:49:24Z,cartservice,255.0,1000,0.95,0.255,0
2026-09-26T20:49:24Z,checkoutservice,1443.0,1500,0.8,0.962,1
2026-09-26T20:49:24Z,productcatalogservice,393.0,600,0.95,0.655,0
2026-09-26T20:49:24Z,paymentservice,148.0,150,0.8,0.9866666666666667,1
2026-09-26T20:49:24Z,recommendationservice,645.0,2000,0.8,0.3225,0
2026-09-26T20:49:24Z,shippingservice,138.0,400,0.8,0.345,0
2026-09-26T20:49:24Z,currencyservice,329.0,500,0.8,0.658,0
2026-09-26T20:49:24Z,emailservice,0.0,150,0.8,0.0,0
2026-09-26T20:49:24Z,adservice,68.0,600,0.8,0.11333333333333333,0
2026-09-26T20:49:24Z,redis-cart,24.0,500,0.8,0.048,0
2026-09-26T20:49:25Z,frontend,203.8,1150,0.8,0.17721739130434783,0
2026-09-26T20:49:25Z,cartservice,194.0,1000,0.95,0.194,0
2026-09-26T20:49:25Z,checkoutservice,1465.0,1500,0.8,0.9766666666666667,1
2026-09-26T20:49:25Z,productcatalogservice,386.0,600,0.95,0.6433333333333333,0
2026-09-26T20:49:25Z,paymentservice,148.0,150,0.8,0.9866666666666667,1
2026-09-26T20:49:25Z,recommendationservice,611.0,2000,0.8,0.3055,0
2026-09-26T20:49:25Z,shippingservice,138.0,400,0.8,0.345,0
2026-09-26T20:49:25Z,currencyservice,281.0,500,0.8,0.562,0
2026-09-26T20:49:25Z,emailservice,31.0,150,0.8,0.20666666666666667,0
2026-09-26T20:49:25Z,adservice,68.0,600,0.8,0.11333333333333333,0
2026-09-26T20:49:25Z,redis-cart,24.0,500,0.8,0.048,0
2026-09-26T20:49:26Z,frontend,202.4,1150,0.8,0.17600000000000002,0
2026-09-26T20:49:26Z,cartservice,194.0,1000,0.95,0.194,0
2026-09-26T20:49:26Z,checkoutservice,1447.0,1500,0.8,0.9646666666666667,1
2026-09-26T20:49:26Z,productcatalogservice,389.0,600,0.95,0.6483333333333333,0
2026-09-26T20:49:26Z,paymentservice,146.0,150,0.8,0.9733333333333334,1
2026-09-26T20:49:26Z,recommendationservice,611.0,2000,0.8,0.3055,0
2026-09-26T20:49:26Z,shippingservice,139.0,400,0.8,0.3475,0
2026-09-26T20:49:26Z,currencyservice,286.0,500,0.8,0.572,0
2026-09-26T20:49:26Z,emailservice,0.0,150,0.8,0.0,0
2026-09-26T20:49:26Z,adservice,79.0,600,0.8,0.13166666666666665,0
2026-09-26T20:49:26Z,redis-cart,27.0,500,0.8,0.054,0
2026-09-26T20:49:27Z,frontend,215.4,1150,0.8,0.18730434782608696,0
2026-09-26T20:49:27Z,cartservice,222.0,1000,0.95,0.222,0
2026-09-26T20:49:27Z,checkoutservice,1447.0,1500,0.8,0.9646666666666667,1
2026-09-26T20:49:27Z,productcatalogservice,363.0,600,0.95,0.605,0
2026-09-26T20:49:27Z,paymentservice,155.0,150,0.8,1.0333333333333334,1
2026-09-26T20:49:27Z,recommendationservice,531.0,2000,0.8,0.2655,0
2026-09-26T20:49:27Z,shippingservice,167.0,400,0.8,0.4175,0
2026-09-26T20:49:27Z,currencyservice,286.0,500,0.8,0.572,0
2026-09-26T20:49:27Z,emailservice,0.0,150,0.8,0.0,0
2026-09-26T20:49:27Z,adservice,79.0,600,0.8,0.13166666666666665,0
2026-09-26T20:49:27Z,redis-cart,26.0,500,0.8,0.052,0
2026-09-26T20:49:28Z,frontend,219.4,1150,0.8,0.19078260869565217,0
2026-09-26T20:49:28Z,cartservice,226.0,1000,0.95,0.226,0
2026-09-26T20:49:28Z,checkoutservice,1496.0,1500,0.8,0.9973333333333333,1
2026-09-26T20:49:28Z,productcatalogservice,385.0,600,0.95,0.6416666666666667,0
2026-09-26T20:49:28Z,paymentservice,155.0,150,0.8,1.0333333333333334,1
2026-09-26T20:49:28Z,recommendationservice,580.0,2000,0.8,0.29,0
2026-09-26T20:49:28Z,shippingservice,167.0,400,0.8,0.4175,0
2026-09-26T20:49:28Z,currencyservice,321.0,500,0.8,0.642,0
2026-09-26T20:49:28Z,emailservice,0.0,150,0.8,0.0,0
2026-09-26T20:49:28Z,adservice,87.0,600,0.8,0.145,0
2026-09-26T20:49:28Z,redis-cart,26.0,500,0.8,0.052,0
2026-09-26T20:49:29Z,frontend,217.0,1150,0.8,0.18869565217391304,0
2026-09-26T20:49:29Z,cartservice,226.0,1000,0.95,0.226,0
2026-09-26T20:49:29Z,checkoutservice,1496.0,1500,0.8,0.9973333333333333,1
2026-09-26T20:49:29Z,productcatalogservice,385.0,600,0.95,0.6416666666666667,0
2026-09-26T20:49:29Z,paymentservice,139.0,150,0.8,0.9266666666666666,1
2026-09-26T20:49:29Z,recommendationservice,580.0,2000,0.8,0.29,0
2026-09-26T20:49:29Z,shippingservice,130.0,400,0.8,0.325,0
2026-09-26T20:49:29Z,currencyservice,306.0,500,0.8,0.612,0
2026-09-26T20:49:29Z,emailservice,0.0,150,0.8,0.0,0
2026-09-26T20:49:29Z,adservice,87.0,600,0.8,0.145,0
2026-09-26T20:49:29Z,redis-cart,28.0,500,0.8,0.056,0
2026-09-26T20:49:30Z,frontend,211.0,1150,0.8,0.18347826086956523,0
2026-09-26T20:49:30Z,cartservice,231.0,1000,0.95,0.231,0
2026-09-26T20:49:30Z,checkoutservice,1456.0,1500,0.8,0.9706666666666667,1
2026-09-26T20:49:30Z,productcatalogservice,352.0,600,0.95,0.5866666666666667,0
2026-09-26T20:49:30Z,paymentservice,139.0,150,0.8,0.9266666666666666,1
2026-09-26T20:49:30Z,recommendationservice,626.0,2000,0.8,0.313,0
2026-09-26T20:49:30Z,shippingservice,156.0,400,0.8,0.39,0
2026-09-26T20:49:30Z,currencyservice,306.0,500,0.8,0.612,0
2026-09-26T20:49:30Z,emailservice,0.0,150,0.8,0.0,0
2026-09-26T20:49:30Z,adservice,91.0,600,0.8,0.15166666666666667,0
2026-09-26T20:49:30Z,redis-cart,24.0,500,0.8,0.048,0
2026-09-26T20:49:31Z,frontend,215.8,1150,0.8,0.18765217391304348,0
2026-09-26T20:49:31Z,cartservice,231.0,1000,0.95,0.231,0
2026-09-26T20:49:31Z,checkoutservice,1492.0,1500,0.8,0.9946666666666667,1
2026-09-26T20:49:31Z,productcatalogservice,395.0,600,0.95,0.6583333333333333,0
2026-09-26T20:49:31Z,paymentservice,153.0,150,0.8,1.02,1
2026-09-26T20:49:31Z,recommendationservice,648.0,2000,0.8,0.324,0
2026-09-26T20:49:31Z,shippingservice,134.0,400,0.8,0.335,0
2026-09-26T20:49:31Z,currencyservice,314.0,500,0.8,0.628,0
2026-09-26T20:49:31Z,emailservice,31.0,150,0.8,0.20666666666666667,0
2026-09-26T20:49:31Z,adservice,80.0,600,0.8,0.13333333333333333,0
2026-09-26T20:49:31Z,redis-cart,24.0,500,0.8,0.048,0
2026-09-26T20:49:32Z,frontend,201.6,1150,0.8,0.17530434782608695,0
2026-09-26T20:49:32Z,cartservice,223.0,1000,0.95,0.223,0
2026-09-26T20:49:32Z,checkoutservice,1468.0,1500,0.8,0.9786666666666667,1
2026-09-26T20:49:32Z,productcatalogservice,395.0,600,0.95,0.6583333333333333,0
2026-09-26T20:49:32Z,paymentservice,143.0,150,0.8,0.9533333333333334,1
2026-09-26T20:49:32Z,recommendationservice,648.0,2000,0.8,0.324,0
2026-09-26T20:49:32Z,shippingservice,134.0,400,0.8,0.335,0
2026-09-26T20:49:32Z,currencyservice,274.0,500,0.8,0.548,0
2026-09-26T20:49:32Z,emailservice,0.0,150,0.8,0.0,0
2026-09-26T20:49:32Z,adservice,80.0,600,0.8,0.13333333333333333,0
2026-09-26T20:49:32Z,redis-cart,27.0,500,0.8,0.054,0
2026-09-26T20:49:33Z,frontend,212.0,1150,0.8,0.18434782608695652,0
2026-09-26T20:49:33Z,cartservice,212.0,1000,0.95,0.212,0
2026-09-26T20:49:33Z,checkoutservice,1468.0,1500,0.8,0.9786666666666667,1
2026-09-26T20:49:33Z,productcatalogservice,357.0,600,0.95,0.595,0
2026-09-26T20:49:33Z,paymentservice,146.0,150,0.8,0.9733333333333334,1
2026-09-26T20:49:33Z,recommendationservice,504.0,2000,0.8,0.252,0
2026-09-26T20:49:33Z,shippingservice,149.0,400,0.8,0.3725,0
2026-09-26T20:49:33Z,currencyservice,288.0,500,0.8,0.576,0
2026-09-26T20:49:33Z,emailservice,0.0,150,0.8,0.0,0
2026-09-26T20:49:33Z,adservice,88.0,600,0.8,0.14666666666666667,0
2026-09-26T20:49:33Z,redis-cart,24.0,500,0.8,0.048,0
2026-09-26T20:49:34Z,frontend,224.4,1150,0.8,0.1951304347826087,0
2026-09-26T20:49:34Z,cartservice,212.0,1000,0.95,0.212,0
2026-09-26T20:49:34Z,checkoutservice,1300.0,1500,0.8,0.8666666666666667,1
2026-09-26T20:49:34Z,productcatalogservice,433.0,600,0.95,0.7216666666666667,0
2026-09-26T20:49:34Z,paymentservice,146.0,150,0.8,0.9733333333333334,1
2026-09-26T20:49:34Z,recommendationservice,815.0,2000,0.8,0.4075,0
2026-09-26T20:49:34Z,shippingservice,149.0,400,0.8,0.3725,0
2026-09-26T20:49:34Z,currencyservice,216.0,500,0.8,0.432,0
2026-09-26T20:49:34Z,emailservice,0.0,150,0.8,0.0,0
2026-09-26T20:49:34Z,adservice,88.0,600,0.8,0.14666666666666667,0
2026-09-26T20:49:34Z,redis-cart,24.0,500,0.8,0.048,0
2026-09-26T20:49:35Z,frontend,255.8,1150,0.8,0.22243478260869567,0
2026-09-26T20:49:35Z,cartservice,172.0,1000,0.95,0.172,0
2026-09-26T20:49:35Z,checkoutservice,1155.0,1500,0.8,0.77,0
2026-09-26T20:49:35Z,productcatalogservice,428.0,600,0.95,0.7133333333333334,0
2026-09-26T20:49:35Z,paymentservice,153.0,150,0.8,1.02,1
2026-09-26T20:49:35Z,recommendationservice,815.0,2000,0.8,0.4075,0
2026-09-26T20:49:35Z,shippingservice,103.0,400,0.8,0.2575,0
2026-09-26T20:49:35Z,currencyservice,216.0,500,0.8,0.432,0
2026-09-26T20:49:35Z,emailservice,23.0,150,0.8,0.15333333333333332,0
2026-09-26T20:49:35Z,adservice,79.0,600,0.8,0.13166666666666665,0
2026-09-26T20:49:35Z,redis-cart,25.0,500,0.8,0.05,0
2026-09-26T20:49:36Z,frontend,242.8,1150,0.8,0.2111304347826087,0
2026-09-26T20:49:36Z,cartservice,166.0,1000,0.95,0.166,0
2026-09-26T20:49:36Z,checkoutservice,1076.0,1500,0.8,0.7173333333333334,0
2026-09-26T20:49:36Z,productcatalogservice,428.0,600,0.95,0.7133333333333334,0
2026-09-26T20:49:36Z,paymentservice,153.0,150,0.8,1.02,1
2026-09-26T20:49:36Z,recommendationservice,704.0,2000,0.8,0.352,0
2026-09-26T20:49:36Z,shippingservice,107.0,400,0.8,0.2675,0
2026-09-26T20:49:36Z,currencyservice,269.0,500,0.8,0.538,0
2026-09-26T20:49:36Z,emailservice,23.0,150,0.8,0.15333333333333332,0
2026-09-26T20:49:36Z,adservice,70.0,600,0.8,0.11666666666666667,0
2026-09-26T20:49:36Z,redis-cart,25.0,500,0.8,0.05,0
2026-09-26T20:49:37Z,frontend,246.4,1150,0.8,0.2142608695652174,0
2026-09-26T20:49:37Z,cartservice,166.0,1000,0.95,0.166,0
2026-09-26T20:49:37Z,checkoutservice,1076.0,1500,0.8,0.7173333333333334,0
2026-09-26T20:49:37Z,productcatalogservice,450.0,600,0.95,0.75,0
2026-09-26T20:49:37Z,paymentservice,150.0,150,0.8,1.0,1
2026-09-26T20:49:37Z,recommendationservice,739.0,2000,0.8,0.3695,0
2026-09-26T20:49:37Z,shippingservice,107.0,400,0.8,0.2675,0
2026-09-26T20:49:37Z,currencyservice,269.0,500,0.8,0.538,0
2026-09-26T20:49:37Z,emailservice,0.0,150,0.8,0.0,0
2026-09-26T20:49:37Z,adservice,70.0,600,0.8,0.11666666666666667,0
2026-09-26T20:49:37Z,redis-cart,22.0,500,0.8,0.044,0
2026-09-26T20:49:38Z,frontend,241.2,1150,0.8,0.2097391304347826,0
2026-09-26T20:49:38Z,cartservice,157.0,1000,0.95,0.157,0
2026-09-26T20:49:38Z,checkoutservice,1042.0,1500,0.8,0.6946666666666667,0
2026-09-26T20:49:38Z,productcatalogservice,418.0,600,0.95,0.6966666666666667,0
2026-09-26T20:49:38Z,paymentservice,0.0,150,0.8,0.0,0
2026-09-26T20:49:38Z,recommendationservice,758.0,2000,0.8,0.379,0
2026-09-26T20:49:38Z,shippingservice,113.0,400,0.8,0.2825,0
2026-09-26T20:49:38Z,currencyservice,237.0,500,0.8,0.474,0
2026-09-26T20:49:38Z,emailservice,0.0,150,0.8,0.0,0
2026-09-26T20:49:38Z,adservice,100.0,600,0.8,0.16666666666666666,0
2026-09-26T20:49:38Z,redis-cart,20.0,500,0.8,0.04,0
2026-09-26T20:49:39Z,frontend,239.2,1150,0.8,0.208,0
2026-09-26T20:49:39Z,cartservice,157.0,1000,0.95,0.157,0
2026-09-26T20:49:39Z,checkoutservice,955.0,1500,0.8,0.6366666666666667,0
2026-09-26T20:49:39Z,productcatalogservice,404.0,600,0.95,0.6733333333333333,0
2026-09-26T20:49:39Z,paymentservice,156.0,150,0.8,1.04,1
2026-09-26T20:49:39Z,recommendationservice,758.0,2000,0.8,0.379,0
2026-09-26T20:49:39Z,shippingservice,102.0,400,0.8,0.255,0
2026-09-26T20:49:39Z,currencyservice,237.0,500,0.8,0.474,0
2026-09-26T20:49:39Z,emailservice,0.0,150,0.8,0.0,0
2026-09-26T20:49:39Z,adservice,100.0,600,0.8,0.16666666666666666,0
2026-09-26T20:49:39Z,redis-cart,20.0,500,0.8,0.04,0
2026-09-26T20:49:40Z,frontend,256.6,1150,0.8,0.22313043478260872,0
2026-09-26T20:49:40Z,cartservice,174.0,1000,0.95,0.174,0
2026-09-26T20:49:40Z,checkoutservice,1089.0,1500,0.8,0.726,0
2026-09-26T20:49:40Z,productcatalogservice,404.0,600,0.95,0.6733333333333333,0
2026-09-26T20:49:40Z,paymentservice,156.0,150,0.8,1.04,1
2026-09-26T20:49:40Z,recommendationservice,732.0,2000,0.8,0.366,0
2026-09-26T20:49:40Z,shippingservice,102.0,400,0.8,0.255,0
2026-09-26T20:49:40Z,currencyservice,284.0,500,0.8,0.568,0
2026-09-26T20:49:40Z,emailservice,17.0,150,0.8,0.11333333333333333,0
2026-09-26T20:49:40Z,adservice,74.0,600,0.8,0.12333333333333334,0
2026-09-26T20:49:40Z,redis-cart,22.0,500,0.8,0.044,0
2026-09-26T20:49:41Z,frontend,236.0,1150,0.8,0.20521739130434782,0
2026-09-26T20:49:41Z,cartservice,174.0,1000,0.95,0.174,0
2026-09-26T20:49:41Z,checkoutservice,1451.0,1500,0.8,0.9673333333333334,1
2026-09-26T20:49:41Z,productcatalogservice,439.0,600,0.95,0.7316666666666667,0
2026-09-26T20:49:41Z,paymentservice,149.0,150,0.8,0.9933333333333333,1
2026-09-26T20:49:41Z,recommendationservice,732.0,2000,0.8,0.366,0
2026-09-26T20:49:41Z,shippingservice,103.0,400,0.8,0.2575,0
2026-09-26T20:49:41Z,currencyservice,229.0,500,0.8,0.458,0
2026-09-26T20:49:41Z,emailservice,69.0,150,0.8,0.46,0
2026-09-26T20:49:41Z,adservice,73.0,600,0.8,0.12166666666666667,0
2026-09-26T20:49:41Z,redis-cart,22.0,500,0.8,0.044,0
2026-09-26T20:49:42Z,frontend,212.2,1150,0.8,0.18452173913043476,0
2026-09-26T20:49:42Z,cartservice,197.0,1000,0.95,0.197,0
2026-09-26T20:49:42Z,checkoutservice,1451.0,1500,0.8,0.9673333333333334,1
2026-09-26T20:49:42Z,productcatalogservice,439.0,600,0.95,0.7316666666666667,0
2026-09-26T20:49:42Z,paymentservice,141.0,150,0.8,0.94,1
2026-09-26T20:49:42Z,recommendationservice,597.0,2000,0.8,0.2985,0
2026-09-26T20:49:42Z,shippingservice,164.0,400,0.8,0.41,0
2026-09-26T20:49:42Z,currencyservice,229.0,500,0.8,0.458,0
2026-09-26T20:49:42Z,emailservice,69.0,150,0.8,0.46,0
2026-09-26T20:49:42Z,adservice,73.0,600,0.8,0.12166666666666667,0
2026-09-26T20:49:42Z,redis-cart,26.0,500,0.8,0.052,0
2026-09-26T20:49:43Z,frontend,209.2,1150,0.8,0.18191304347826087,0
2026-09-26T20:49:43Z,cartservice,211.0,1000,0.95,0.211,0
2026-09-26T20:49:43Z,checkoutservice,1422.0,1500,0.8,0.948,1
2026-09-26T20:49:43Z,productcatalogservice,344.0,600,0.95,0.5733333333333334,0
2026-09-26T20:49:43Z,paymentservice,149.0,150,0.8,0.9933333333333333,1
2026-09-26T20:49:43Z,recommendationservice,597.0,2000,0.8,0.2985,0
2026-09-26T20:49:43Z,shippingservice,164.0,400,0.8,0.41,0
2026-09-26T20:49:43Z,currencyservice,308.0,500,0.8,0.616,0
2026-09-26T20:49:43Z,emailservice,27.0,150,0.8,0.18,0
2026-09-26T20:49:43Z,adservice,90.0,600,0.8,0.15,0
2026-09-26T20:49:43Z,redis-cart,22.0,500,0.8,0.044,0
2026-09-26T20:49:44Z,frontend,207.0,1150,0.8,0.18,0
2026-09-26T20:49:44Z,cartservice,230.0,1000,0.95,0.23,0
2026-09-26T20:49:44Z,checkoutservice,1422.0,1500,0.8,0.948,1
2026-09-26T20:49:44Z,productcatalogservice,397.0,600,0.95,0.6616666666666666,0
2026-09-26T20:49:44Z,paymentservice,149.0,150,0.8,0.9933333333333333,1
2026-09-26T20:49:44Z,recommendationservice,591.0,2000,0.8,0.2955,0
2026-09-26T20:49:44Z,shippingservice,138.0,400,0.8,0.345,0
2026-09-26T20:49:44Z,currencyservice,308.0,500,0.8,0.616,0
2026-09-26T20:49:44Z,emailservice,0.0,150,0.8,0.0,0
2026-09-26T20:49:44Z,adservice,104.0,600,0.8,0.17333333333333334,0
2026-09-26T20:49:44Z,redis-cart,26.0,500,0.8,0.052,0
2026-09-26T20:49:45Z,frontend,199.4,1150,0.8,0.1733913043478261,0
2026-09-26T20:49:45Z,cartservice,230.0,1000,0.95,0.23,0
2026-09-26T20:49:45Z,checkoutservice,1495.0,1500,0.8,0.9966666666666667,1
2026-09-26T20:49:45Z,productcatalogservice,397.0,600,0.95,0.6616666666666666,0
2026-09-26T20:49:45Z,paymentservice,151.0,150,0.8,1.0066666666666666,1
2026-09-26T20:49:45Z,recommendationservice,527.0,2000,0.8,0.2635,0
2026-09-26T20:49:45Z,shippingservice,142.0,400,0.8,0.355,0
2026-09-26T20:49:45Z,currencyservice,308.0,500,0.8,0.616,0
2026-09-26T20:49:45Z,emailservice,0.0,150,0.8,0.0,0
2026-09-26T20:49:45Z,adservice,69.0,600,0.8,0.115,0
2026-09-26T20:49:45Z,redis-cart,26.0,500,0.8,0.052,0
2026-09-26T20:49:46Z,frontend,220.8,1150,0.8,0.192,0
2026-09-26T20:49:46Z,cartservice,244.0,1000,0.95,0.244,0
2026-09-26T20:49:46Z,checkoutservice,1508.0,1500,0.8,1.0053333333333334,1
2026-09-26T20:49:46Z,productcatalogservice,365.0,600,0.95,0.6083333333333333,0
2026-09-26T20:49:46Z,paymentservice,143.0,150,0.8,0.9533333333333334,1
2026-09-26T20:49:46Z,recommendationservice,527.0,2000,0.8,0.2635,0
2026-09-26T20:49:46Z,shippingservice,141.0,400,0.8,0.3525,0
2026-09-26T20:49:46Z,currencyservice,289.0,500,0.8,0.578,0
2026-09-26T20:49:46Z,emailservice,17.0,150,0.8,0.11333333333333333,0
2026-09-26T20:49:46Z,adservice,69.0,600,0.8,0.115,0
2026-09-26T20:49:46Z,redis-cart,28.0,500,0.8,0.056,0
2026-09-26T20:49:47Z,frontend,203.8,1150,0.8,0.17721739130434783,0
2026-09-26T20:49:47Z,cartservice,195.0,1000,0.95,0.195,0
2026-09-26T20:49:47Z,checkoutservice,1508.0,1500,0.8,1.0053333333333334,1
2026-09-26T20:49:47Z,productcatalogservice,365.0,600,0.95,0.6083333333333333,0
2026-09-26T20:49:47Z,paymentservice,143.0,150,0.8,0.9533333333333334,1
2026-09-26T20:49:47Z,recommendationservice,570.0,2000,0.8,0.285,0
2026-09-26T20:49:47Z,shippingservice,141.0,400,0.8,0.3525,0
2026-09-26T20:49:47Z,currencyservice,289.0,500,0.8,0.578,0
2026-09-26T20:49:47Z,emailservice,17.0,150,0.8,0.11333333333333333,0
2026-09-26T20:49:47Z,adservice,86.0,600,0.8,0.14333333333333334,0
2026-09-26T20:49:47Z,redis-cart,28.0,500,0.8,0.056,0
2026-09-26T20:49:48Z,frontend,208.0,1150,0.8,0.1808695652173913,0
2026-09-26T20:49:48Z,cartservice,195.0,1000,0.95,0.195,0
2026-09-26T20:49:48Z,checkoutservice,1372.0,1500,0.8,0.9146666666666666,1
2026-09-26T20:49:48Z,productcatalogservice,358.0,600,0.95,0.5966666666666667,0
2026-09-26T20:49:48Z,paymentservice,155.0,150,0.8,1.0333333333333334,1
2026-09-26T20:49:48Z,recommendationservice,570.0,2000,0.8,0.285,0
2026-09-26T20:49:48Z,shippingservice,150.0,400,0.8,0.375,0
2026-09-26T20:49:48Z,currencyservice,326.0,500,0.8,0.652,0
2026-09-26T20:49:48Z,emailservice,0.0,150,0.8,0.0,0
2026-09-26T20:49:48Z,adservice,70.0,600,0.8,0.11666666666666667,0
2026-09-26T20:49:48Z,redis-cart,26.0,500,0.8,0.052,0
2026-09-26T20:49:49Z,frontend,198.8,1150,0.8,0.1728695652173913,0
2026-09-26T20:49:49Z,cartservice,228.0,1000,0.95,0.228,0
2026-09-26T20:49:49Z,checkoutservice,1498.0,1500,0.8,0.9986666666666667,1
2026-09-26T20:49:49Z,productcatalogservice,358.0,600,0.95,0.5966666666666667,0
2026-09-26T20:49:49Z,paymentservice,135.0,150,0.8,0.9,1
2026-09-26T20:49:49Z,recommendationservice,615.0,2000,0.8,0.3075,0
2026-09-26T20:49:49Z,shippingservice,133.0,400,0.8,0.3325,0
2026-09-26T20:49:49Z,currencyservice,272.0,500,0.8,0.544,0
2026-09-26T20:49:49Z,emailservice,0.0,150,0.8,0.0,0
2026-09-26T20:49:49Z,adservice,70.0,600,0.8,0.11666666666666667,0
2026-09-26T20:49:49Z,redis-cart,23.0,500,0.8,0.046,0
2026-09-26T20:49:50Z,frontend,201.4,1150,0.8,0.1751304347826087,0
2026-09-26T20:49:50Z,cartservice,228.0,1000,0.95,0.228,0
2026-09-26T20:49:50Z,checkoutservice,1498.0,1500,0.8,0.9986666666666667,1
2026-09-26T20:49:50Z,productcatalogservice,379.0,600,0.95,0.6316666666666667,0
2026-09-26T20:49:50Z,paymentservice,153.0,150,0.8,1.02,1
2026-09-26T20:49:50Z,recommendationservice,615.0,2000,0.8,0.3075,0
2026-09-26T20:49:50Z,shippingservice,133.0,400,0.8,0.3325,0
2026-09-26T20:49:50Z,currencyservice,272.0,500,0.8,0.544,0
2026-09-26T20:49:50Z,emailservice,0.0,150,0.8,0.0,0
2026-09-26T20:49:50Z,adservice,75.0,600,0.8,0.125,0
2026-09-26T20:49:50Z,redis-cart,23.0,500,0.8,0.046,0
2026-09-26T20:49:51Z,frontend,198.0,1150,0.8,0.17217391304347826,0
2026-09-26T20:49:51Z,cartservice,221.0,1000,0.95,0.221,0
2026-09-26T20:49:51Z,checkoutservice,1443.0,1500,0.8,0.962,1
2026-09-26T20:49:51Z,productcatalogservice,379.0,600,0.95,0.6316666666666667,0
2026-09-26T20:49:51Z,paymentservice,153.0,150,0.8,1.02,1
2026-09-26T20:49:51Z,recommendationservice,581.0,2000,0.8,0.2905,0
2026-09-26T20:49:51Z,shippingservice,145.0,400,0.8,0.3625,0
2026-09-26T20:49:51Z,currencyservice,283.0,500,0.8,0.566,0
2026-09-26T20:49:51Z,emailservice,18.0,150,0.8,0.12,0
2026-09-26T20:49:51Z,adservice,75.0,600,0.8,0.125,0
2026-09-26T20:49:51Z,redis-cart,26.0,500,0.8,0.052,0
2026-09-26T20:49:52Z,frontend,200.8,1150,0.8,0.17460869565217393,0
2026-09-26T20:49:52Z,cartservice,219.0,1000,0.95,0.219,0
2026-09-26T20:49:52Z,checkoutservice,1452.0,1500,0.8,0.968,1
2026-09-26T20:49:52Z,productcatalogservice,374.0,600,0.95,0.6233333333333333,0
2026-09-26T20:49:52Z,paymentservice,146.0,150,0.8,0.9733333333333334,1
2026-09-26T20:49:52Z,recommendationservice,581.0,2000,0.8,0.2905,0
2026-09-26T20:49:52Z,shippingservice,145.0,400,0.8,0.3625,0
2026-09-26T20:49:52Z,currencyservice,283.0,500,0.8,0.566,0
2026-09-26T20:49:52Z,emailservice,18.0,150,0.8,0.12,0
2026-09-26T20:49:52Z,adservice,86.0,600,0.8,0.14333333333333334,0
2026-09-26T20:49:52Z,redis-cart,25.0,500,0.8,0.05,0
2026-09-26T20:49:53Z,frontend,220.8,1150,0.8,0.192,0
2026-09-26T20:49:53Z,cartservice,219.0,1000,0.95,0.219,0
2026-09-26T20:49:53Z,checkoutservice,1462.0,1500,0.8,0.9746666666666667,1
2026-09-26T20:49:53Z,productcatalogservice,339.0,600,0.95,0.565,0
2026-09-26T20:49:53Z,paymentservice,146.0,150,0.8,0.9733333333333334,1
2026-09-26T20:49:53Z,recommendationservice,596.0,2000,0.8,0.298,0
2026-09-26T20:49:53Z,shippingservice,144.0,400,0.8,0.36,0
2026-09-26T20:49:53Z,currencyservice,321.0,500,0.8,0.642,0
2026-09-26T20:49:53Z,emailservice,0.0,150,0.8,0.0,0
2026-09-26T20:49:53Z,adservice,88.0,600,0.8,0.14666666666666667,0
2026-09-26T20:49:53Z,redis-cart,25.0,500,0.8,0.05,0
2026-09-26T20:49:54Z,frontend,202.2,1150,0.8,0.17582608695652172,0
2026-09-26T20:49:54Z,cartservice,281.0,1000,0.95,0.281,0
2026-09-26T20:49:54Z,checkoutservice,1462.0,1500,0.8,0.9746666666666667,1
2026-09-26T20:49:54Z,productcatalogservice,339.0,600,0.95,0.565,0
2026-09-26T20:49:54Z,paymentservice,153.0,150,0.8,1.02,1
2026-09-26T20:49:54Z,recommendationservice,596.0,2000,0.8,0.298,0
2026-09-26T20:49:54Z,shippingservice,137.0,400,0.8,0.3425,0
2026-09-26T20:49:54Z,currencyservice,272.0,500,0.8,0.544,0
2026-09-26T20:49:54Z,emailservice,0.0,150,0.8,0.0,0
2026-09-26T20:49:54Z,adservice,61.0,600,0.8,0.10166666666666667,0
2026-09-26T20:49:54Z,redis-cart,26.0,500,0.8,0.052,0
2026-09-26T20:49:55Z,frontend,219.8,1150,0.8,0.19113043478260872,0
2026-09-26T20:49:55Z,cartservice,209.0,1000,0.95,0.209,0
2026-09-26T20:49:55Z,checkoutservice,1517.0,1500,0.8,1.0113333333333334,1
2026-09-26T20:49:55Z,productcatalogservice,419.0,600,0.95,0.6983333333333334,0
2026-09-26T20:49:55Z,paymentservice,153.0,150,0.8,1.02,1
2026-09-26T20:49:55Z,recommendationservice,555.0,2000,0.8,0.2775,0
2026-09-26T20:49:55Z,shippingservice,134.0,400,0.8,0.335,0
2026-09-26T20:49:55Z,currencyservice,272.0,500,0.8,0.544,0
2026-09-26T20:49:55Z,emailservice,22.0,150,0.8,0.14666666666666667,0
2026-09-26T20:49:55Z,adservice,80.0,600,0.8,0.13333333333333333,0
2026-09-26T20:49:55Z,redis-cart,22.0,500,0.8,0.044,0
2026-09-26T20:49:56Z,frontend,208.6,1150,0.8,0.18139130434782608,0
2026-09-26T20:49:56Z,cartservice,264.0,1000,0.95,0.264,0
2026-09-26T20:49:56Z,checkoutservice,1517.0,1500,0.8,1.0113333333333334,1
2026-09-26T20:49:56Z,productcatalogservice,349.0,600,0.95,0.5816666666666667,0
2026-09-26T20:49:56Z,paymentservice,147.0,150,0.8,0.98,1
2026-09-26T20:49:56Z,recommendationservice,555.0,2000,0.8,0.2775,0
2026-09-26T20:49:56Z,shippingservice,134.0,400,0.8,0.335,0
2026-09-26T20:49:56Z,currencyservice,317.0,500,0.8,0.634,0
2026-09-26T20:49:56Z,emailservice,22.0,150,0.8,0.14666666666666667,0
2026-09-26T20:49:56Z,adservice,80.0,600,0.8,0.13333333333333333,0
2026-09-26T20:49:56Z,redis-cart,29.0,500,0.8,0.058,0
2026-09-26T20:49:57Z,frontend,211.0,1150,0.8,0.18347826086956523,0
2026-09-26T20:49:57Z,cartservice,264.0,1000,0.95,0.264,0
2026-09-26T20:49:57Z,checkoutservice,1378.0,1500,0.8,0.9186666666666666,1
2026-09-26T20:49:57Z,productcatalogservice,393.0,600,0.95,0.655,0
2026-09-26T20:49:57Z,paymentservice,147.0,150,0.8,0.98,1
2026-09-26T20:49:57Z,recommendationservice,555.0,2000,0.8,0.2775,0
2026-09-26T20:49:57Z,shippingservice,170.0,400,0.8,0.425,0
2026-09-26T20:49:57Z,currencyservice,246.0,500,0.8,0.492,0
2026-09-26T20:49:57Z,emailservice,0.0,150,0.8,0.0,0
2026-09-26T20:49:57Z,adservice,82.0,600,0.8,0.13666666666666666,0
2026-09-26T20:49:57Z,redis-cart,27.0,500,0.8,0.054,0
2026-09-26T20:49:58Z,frontend,213.4,1150,0.8,0.18556521739130435,0
2026-09-26T20:49:58Z,cartservice,268.0,1000,0.95,0.268,0
2026-09-26T20:49:58Z,checkoutservice,1378.0,1500,0.8,0.9186666666666666,1
2026-09-26T20:49:58Z,productcatalogservice,369.0,600,0.95,0.615,0
2026-09-26T20:49:58Z,paymentservice,146.0,150,0.8,0.9733333333333334,1
2026-09-26T20:49:58Z,recommendationservice,624.0,2000,0.8,0.312,0
2026-09-26T20:49:58Z,shippingservice,170.0,400,0.8,0.425,0
2026-09-26T20:49:58Z,currencyservice,366.0,500,0.8,0.732,0
2026-09-26T20:49:58Z,emailservice,0.0,150,0.8,0.0,0
2026-09-26T20:49:58Z,adservice,85.0,600,0.8,0.14166666666666666,0
2026-09-26T20:49:58Z,redis-cart,27.0,500,0.8,0.054,0
2026-09-26T20:49:59Z,frontend,221.4,1150,0.8,0.1925217391304348,0
2026-09-26T20:49:59Z,cartservice,203.0,1000,0.95,0.203,0
2026-09-26T20:49:59Z,checkoutservice,1484.0,1500,0.8,0.9893333333333333,1
2026-09-26T20:49:59Z,productcatalogservice,384.0,600,0.95,0.64,0
2026-09-26T20:49:59Z,paymentservice,148.0,150,0.8,0.9866666666666667,1
2026-09-26T20:49:59Z,recommendationservice,604.0,2000,0.8,0.302,0
2026-09-26T20:49:59Z,shippingservice,125.0,400,0.8,0.3125,0
2026-09-26T20:49:59Z,currencyservice,366.0,500,0.8,0.732,0
2026-09-26T20:49:59Z,emailservice,0.0,150,0.8,0.0,0
2026-09-26T20:49:59Z,adservice,110.0,600,0.8,0.18333333333333332,0
2026-09-26T20:49:59Z,redis-cart,24.0,500,0.8,0.048,0
2026-09-26T20:50:00Z,frontend,210.6,1150,0.8,0.18313043478260868,0
2026-09-26T20:50:00Z,cartservice,219.0,1000,0.95,0.219,0
2026-09-26T20:50:00Z,checkoutservice,1486.0,1500,0.8,0.9906666666666667,1
2026-09-26T20:50:00Z,productcatalogservice,384.0,600,0.95,0.64,0
2026-09-26T20:50:00Z,paymentservice,148.0,150,0.8,0.9866666666666667,1
2026-09-26T20:50:00Z,recommendationservice,604.0,2000,0.8,0.302,0
2026-09-26T20:50:00Z,shippingservice,139.0,400,0.8,0.3475,0
2026-09-26T20:50:00Z,currencyservice,260.0,500,0.8,0.52,0
2026-09-26T20:50:00Z,emailservice,0.0,150,0.8,0.0,0
2026-09-26T20:50:00Z,adservice,110.0,600,0.8,0.18333333333333332,0
2026-09-26T20:50:00Z,redis-cart,24.0,500,0.8,0.048,0
2026-09-26T20:50:01Z,frontend,209.2,1150,0.8,0.18191304347826087,0
2026-09-26T20:50:01Z,cartservice,219.0,1000,0.95,0.219,0
2026-09-26T20:50:01Z,checkoutservice,1486.0,1500,0.8,0.9906666666666667,1
2026-09-26T20:50:01Z,productcatalogservice,355.0,600,0.95,0.5916666666666667,0
2026-09-26T20:50:01Z,paymentservice,157.0,150,0.8,1.0466666666666666,1
2026-09-26T20:50:01Z,recommendationservice,604.0,2000,0.8,0.302,0
2026-09-26T20:50:01Z,shippingservice,139.0,400,0.8,0.3475,0
2026-09-26T20:50:01Z,currencyservice,260.0,500,0.8,0.52,0
2026-09-26T20:50:01Z,emailservice,21.0,150,0.8,0.14,0
2026-09-26T20:50:01Z,adservice,77.0,600,0.8,0.12833333333333333,0
2026-09-26T20:50:01Z,redis-cart,24.0,500,0.8,0.048,0
2026-09-26T20:50:02Z,frontend,206.4,1150,0.8,0.17947826086956523,0
2026-09-26T20:50:02Z,cartservice,184.0,1000,0.95,0.184,0
2026-09-26T20:50:02Z,checkoutservice,1524.0,1500,0.8,1.016,1
2026-09-26T20:50:02Z,productcatalogservice,414.0,600,0.95,0.69,0
2026-09-26T20:50:02Z,paymentservice,143.0,150,0.8,0.9533333333333334,1
2026-09-26T20:50:02Z,recommendationservice,604.0,2000,0.8,0.302,0
2026-09-26T20:50:02Z,shippingservice,129.0,400,0.8,0.3225,0
2026-09-26T20:50:02Z,currencyservice,275.0,500,0.8,0.55,0
2026-09-26T20:50:02Z,emailservice,0.0,150,0.8,0.0,0
2026-09-26T20:50:02Z,adservice,93.0,600,0.8,0.155,0
2026-09-26T20:50:02Z,redis-cart,24.0,500,0.8,0.048,0
2026-09-26T20:50:03Z,frontend,232.0,1150,0.8,0.20173913043478262,0
2026-09-26T20:50:03Z,cartservice,184.0,1000,0.95,0.184,0
2026-09-26T20:50:03Z,checkoutservice,1439.0,1500,0.8,0.9593333333333334,1
2026-09-26T20:50:03Z,productcatalogservice,402.0,600,0.95,0.67,0
2026-09-26T20:50:03Z,paymentservice,143.0,150,0.8,0.9533333333333334,1
2026-09-26T20:50:03Z,recommendationservice,590.0,2000,0.8,0.295,0
2026-09-26T20:50:03Z,shippingservice,128.0,400,0.8,0.32,0
2026-09-26T20:50:03Z,currencyservice,296.0,500,0.8,0.592,0
2026-09-26T20:50:03Z,emailservice,0.0,150,0.8,0.0,0
2026-09-26T20:50:03Z,adservice,93.0,600,0.8,0.155,0
2026-09-26T20:50:03Z,redis-cart,23.0,500,0.8,0.046,0
2026-09-26T20:50:04Z,frontend,238.4,1150,0.8,0.20730434782608695,0
2026-09-26T20:50:04Z,cartservice,208.0,1000,0.95,0.208,0
2026-09-26T20:50:04Z,checkoutservice,1230.0,1500,0.8,0.82,1
2026-09-26T20:50:04Z,productcatalogservice,402.0,600,0.95,0.67,0
2026-09-26T20:50:04Z,paymentservice,153.0,150,0.8,1.02,1
2026-09-26T20:50:04Z,recommendationservice,590.0,2000,0.8,0.295,0
2026-09-26T20:50:04Z,shippingservice,109.0,400,0.8,0.2725,0
2026-09-26T20:50:04Z,currencyservice,296.0,500,0.8,0.592,0
2026-09-26T20:50:04Z,emailservice,0.0,150,0.8,0.0,0
2026-09-26T20:50:04Z,adservice,79.0,600,0.8,0.13166666666666665,0
2026-09-26T20:50:04Z,redis-cart,23.0,500,0.8,0.046,0
2026-09-26T20:50:05Z,frontend,251.6,1150,0.8,0.21878260869565216,0
2026-09-26T20:50:05Z,cartservice,171.0,1000,0.95,0.171,0
2026-09-26T20:50:05Z,checkoutservice,1230.0,1500,0.8,0.82,1
2026-09-26T20:50:05Z,productcatalogservice,458.0,600,0.95,0.7633333333333333,0
2026-09-26T20:50:05Z,paymentservice,153.0,150,0.8,1.02,1
2026-09-26T20:50:05Z,recommendationservice,722.0,2000,0.8,0.361,0
2026-09-26T20:50:05Z,shippingservice,109.0,400,0.8,0.2725,0
2026-09-26T20:50:05Z,currencyservice,236.0,500,0.8,0.472,0
2026-09-26T20:50:05Z,emailservice,21.0,150,0.8,0.14,0
2026-09-26T20:50:05Z,adservice,71.0,600,0.8,0.11833333333333333,0
2026-09-26T20:50:05Z,redis-cart,22.0,500,0.8,0.044,0
2026-09-26T20:50:06Z,frontend,258.2,1150,0.8,0.22452173913043477,0
2026-09-26T20:50:06Z,cartservice,171.0,1000,0.95,0.171,0
2026-09-26T20:50:06Z,checkoutservice,1086.0,1500,0.8,0.724,0
2026-09-26T20:50:06Z,productcatalogservice,449.0,600,0.95,0.7483333333333333,0
2026-09-26T20:50:06Z,paymentservice,146.0,150,0.8,0.9733333333333334,1
2026-09-26T20:50:06Z,recommendationservice,754.0,2000,0.8,0.377,0
2026-09-26T20:50:06Z,shippingservice,104.0,400,0.8,0.26,0
2026-09-26T20:50:06Z,currencyservice,251.0,500,0.8,0.502,0
2026-09-26T20:50:06Z,emailservice,0.0,150,0.8,0.0,0
2026-09-26T20:50:06Z,adservice,71.0,600,0.8,0.11833333333333333,0
2026-09-26T20:50:06Z,redis-cart,22.0,500,0.8,0.044,0
2026-09-26T20:50:07Z,frontend,243.2,1150,0.8,0.2114782608695652,0
2026-09-26T20:50:07Z,cartservice,197.0,1000,0.95,0.197,0
2026-09-26T20:50:07Z,checkoutservice,1091.0,1500,0.8,0.7273333333333334,0
2026-09-26T20:50:07Z,productcatalogservice,449.0,600,0.95,0.7483333333333333,0
2026-09-26T20:50:07Z,paymentservice,0.0,150,0.8,0.0,0
2026-09-26T20:50:07Z,recommendationservice,744.0,2000,0.8,0.372,0
2026-09-26T20:50:07Z,shippingservice,104.0,400,0.8,0.26,0
2026-09-26T20:50:07Z,currencyservice,251.0,500,0.8,0.502,0
2026-09-26T20:50:07Z,emailservice,0.0,150,0.8,0.0,0
2026-09-26T20:50:07Z,adservice,96.0,600,0.8,0.16,0
2026-09-26T20:50:07Z,redis-cart,22.0,500,0.8,0.044,0
2026-09-26T20:50:08Z,frontend,242.2,1150,0.8,0.2106086956521739,0
2026-09-26T20:50:08Z,cartservice,142.0,1000,0.95,0.142,0
2026-09-26T20:50:08Z,checkoutservice,1062.0,1500,0.8,0.708,0
2026-09-26T20:50:08Z,productcatalogservice,424.0,600,0.95,0.7066666666666667,0
2026-09-26T20:50:08Z,paymentservice,0.0,150,0.8,0.0,0
2026-09-26T20:50:08Z,recommendationservice,744.0,2000,0.8,0.372,0
2026-09-26T20:50:08Z,shippingservice,119.0,400,0.8,0.2975,0
2026-09-26T20:50:08Z,currencyservice,246.0,500,0.8,0.492,0
2026-09-26T20:50:08Z,emailservice,0.0,150,0.8,0.0,0
2026-09-26T20:50:08Z,adservice,71.0,600,0.8,0.11833333333333333,0
2026-09-26T20:50:08Z,redis-cart,25.0,500,0.8,0.05,0
2026-09-26T20:50:09Z,frontend,256.2,1150,0.8,0.22278260869565217,0
2026-09-26T20:50:09Z,cartservice,199.0,1000,0.95,0.199,0
2026-09-26T20:50:09Z,checkoutservice,1062.0,1500,0.8,0.708,0
2026-09-26T20:50:09Z,productcatalogservice,464.0,600,0.95,0.7733333333333333,0
2026-09-26T20:50:09Z,paymentservice,0.0,150,0.8,0.0,0
2026-09-26T20:50:09Z,recommendationservice,768.0,2000,0.8,0.384,0
2026-09-26T20:50:09Z,shippingservice,114.0,400,0.8,0.285,0
2026-09-26T20:50:09Z,currencyservice,264.0,500,0.8,0.528,0
2026-09-26T20:50:09Z,emailservice,0.0,150,0.8,0.0,0
2026-09-26T20:50:09Z,adservice,84.0,600,0.8,0.14,0
2026-09-26T20:50:09Z,redis-cart,23.0,500,0.8,0.046,0
2026-09-26T20:50:10Z,frontend,256.2,1150,0.8,0.22278260869565217,0
2026-09-26T20:50:10Z,cartservice,199.0,1000,0.95,0.199,0
2026-09-26T20:50:10Z,checkoutservice,1095.0,1500,0.8,0.73,0
2026-09-26T20:50:10Z,productcatalogservice,464.0,600,0.95,0.7733333333333333,0
2026-09-26T20:50:10Z,paymentservice,0.0,150,0.8,0.0,0
2026-09-26T20:50:10Z,recommendationservice,768.0,2000,0.8,0.384,0
2026-09-26T20:50:10Z,shippingservice,122.0,400,0.8,0.305,0
2026-09-26T20:50:10Z,currencyservice,285.0,500,0.8,0.57,0
2026-09-26T20:50:10Z,emailservice,0.0,150,0.8,0.0,0
2026-09-26T20:50:10Z,adservice,84.0,600,0.8,0.14,0
2026-09-26T20:50:10Z,redis-cart,21.0,500,0.8,0.042,0
2026-09-26T20:50:11Z,frontend,260.2,1150,0.8,0.22626086956521738,0
2026-09-26T20:50:11Z,cartservice,216.0,1000,0.95,0.216,0
2026-09-26T20:50:11Z,checkoutservice,1042.0,1500,0.8,0.6946666666666667,0
2026-09-26T20:50:11Z,productcatalogservice,464.0,600,0.95,0.7733333333333333,0
2026-09-26T20:50:11Z,paymentservice,0.0,150,0.8,0.0,0
2026-09-26T20:50:11Z,recommendationservice,763.0,2000,0.8,0.3815,0
2026-09-26T20:50:11Z,shippingservice,122.0,400,0.8,0.305,0
2026-09-26T20:50:11Z,currencyservice,285.0,500,0.8,0.57,0
2026-09-26T20:50:11Z,emailservice,17.0,150,0.8,0.11333333333333333,0
2026-09-26T20:50:11Z,adservice,88.0,600,0.8,0.14666666666666667,0
2026-09-26T20:50:11Z,redis-cart,24.0,500,0.8,0.048,0
2026-09-26T20:50:12Z,frontend,253.0,1150,0.8,0.22,0
2026-09-26T20:50:12Z,cartservice,157.0,1000,0.95,0.157,0
2026-09-26T20:50:12Z,checkoutservice,1100.0,1500,0.8,0.7333333333333333,0
2026-09-26T20:50:12Z,productcatalogservice,469.0,600,0.95,0.7816666666666666,0
2026-09-26T20:50:12Z,paymentservice,0.0,150,0.8,0.0,0
2026-09-26T20:50:12Z,recommendationservice,763.0,2000,0.8,0.3815,0
2026-09-26T20:50:12Z,shippingservice,98.0,400,0.8,0.245,0
2026-09-26T20:50:12Z,currencyservice,234.0,500,0.8,0.468,0
2026-09-26T20:50:12Z,emailservice,17.0,150,0.8,0.11333333333333333,0
2026-09-26T20:50:12Z,adservice,88.0,600,0.8,0.14666666666666667,0
2026-09-26T20:50:12Z,redis-cart,24.0,500,0.8,0.048,0
2026-09-26T20:50:13Z,frontend,268.4,1150,0.8,0.23339130434782607,0
2026-09-26T20:50:13Z,cartservice,192.0,1000,0.95,0.192,0
2026-09-26T20:50:13Z,checkoutservice,1138.0,1500,0.8,0.7586666666666667,0
2026-09-26T20:50:13Z,productcatalogservice,469.0,600,0.95,0.7816666666666666,0
2026-09-26T20:50:13Z,paymentservice,0.0,150,0.8,0.0,0
2026-09-26T20:50:13Z,recommendationservice,687.0,2000,0.8,0.3435,0
2026-09-26T20:50:13Z,shippingservice,131.0,400,0.8,0.3275,0
2026-09-26T20:50:13Z,currencyservice,257.0,500,0.8,0.514,0
2026-09-26T20:50:13Z,emailservice,0.0,150,0.8,0.0,0
2026-09-26T20:50:13Z,adservice,84.0,600,0.8,0.14,0
2026-09-26T20:50:13Z,redis-cart,23.0,500,0.8,0.046,0
2026-09-26T20:50:14Z,frontend,246.0,1150,0.8,0.21391304347826087,0
2026-09-26T20:50:14Z,cartservice,192.0,1000,0.95,0.192,0
2026-09-26T20:50:14Z,checkoutservice,1138.0,1500,0.8,0.7586666666666667,0
2026-09-26T20:50:14Z,productcatalogservice,456.0,600,0.95,0.76,0
2026-09-26T20:50:14Z,paymentservice,0.0,150,0.8,0.0,0
2026-09-26T20:50:14Z,recommendationservice,787.0,2000,0.8,0.3935,0
2026-09-26T20:50:14Z,shippingservice,131.0,400,0.8,0.3275,0
2026-09-26T20:50:14Z,currencyservice,257.0,500,0.8,0.514,0
2026-09-26T20:50:14Z,emailservice,0.0,150,0.8,0.0,0
2026-09-26T20:50:14Z,adservice,84.0,600,0.8,0.14,0
2026-09-26T20:50:14Z,redis-cart,23.0,500,0.8,0.046,0
2026-09-26T20:50:15Z,frontend,271.8,1150,0.8,0.23634782608695654,0
2026-09-26T20:50:15Z,cartservice,189.0,1000,0.95,0.189,0
2026-09-26T20:50:15Z,checkoutservice,1050.0,1500,0.8,0.7,0
2026-09-26T20:50:15Z,productcatalogservice,484.0,600,0.95,0.8066666666666666,0
2026-09-26T20:50:15Z,paymentservice,0.0,150,0.8,0.0,0
2026-09-26T20:50:15Z,recommendationservice,787.0,2000,0.8,0.3935,0
2026-09-26T20:50:15Z,shippingservice,117.0,400,0.8,0.2925,0
2026-09-26T20:50:15Z,currencyservice,260.0,500,0.8,0.52,0
2026-09-26T20:50:15Z,emailservice,0.0,150,0.8,0.0,0
2026-09-26T20:50:15Z,adservice,110.0,600,0.8,0.18333333333333332,0
2026-09-26T20:50:15Z,redis-cart,23.0,500,0.8,0.046,0
2026-09-26T20:50:16Z,frontend,257.0,1150,0.8,0.2234782608695652,0
2026-09-26T20:50:16Z,cartservice,176.0,1000,0.95,0.176,0
2026-09-26T20:50:16Z,checkoutservice,1132.0,1500,0.8,0.7546666666666667,0
2026-09-26T20:50:16Z,productcatalogservice,484.0,600,0.95,0.8066666666666666,0
2026-09-26T20:50:16Z,paymentservice,0.0,150,0.8,0.0,0
2026-09-26T20:50:16Z,recommendationservice,751.0,2000,0.8,0.3755,0
2026-09-26T20:50:16Z,shippingservice,103.0,400,0.8,0.2575,0
2026-09-26T20:50:16Z,currencyservice,209.0,500,0.8,0.418,0
2026-09-26T20:50:16Z,emailservice,21.0,150,0.8,0.14,0
2026-09-26T20:50:16Z,adservice,67.0,600,0.8,0.11166666666666666,0
2026-09-26T20:50:16Z,redis-cart,23.0,500,0.8,0.046,0
2026-09-26T20:50:17Z,frontend,251.4,1150,0.8,0.21860869565217392,0
2026-09-26T20:50:17Z,cartservice,176.0,1000,0.95,0.176,0
2026-09-26T20:50:17Z,checkoutservice,1132.0,1500,0.8,0.7546666666666667,0
2026-09-26T20:50:17Z,productcatalogservice,445.0,600,0.95,0.7416666666666667,0
2026-09-26T20:50:17Z,paymentservice,0.0,150,0.8,0.0,0
2026-09-26T20:50:17Z,recommendationservice,751.0,2000,0.8,0.3755,0
2026-09-26T20:50:17Z,shippingservice,103.0,400,0.8,0.2575,0
2026-09-26T20:50:17Z,currencyservice,209.0,500,0.8,0.418,0
2026-09-26T20:50:17Z,emailservice,0.0,150,0.8,0.0,0
2026-09-26T20:50:17Z,adservice,67.0,600,0.8,0.11166666666666666,0
2026-09-26T20:50:17Z,redis-cart,28.0,500,0.8,0.056,0
2026-09-26T20:50:18Z,frontend,258.2,1150,0.8,0.22452173913043477,0
2026-09-26T20:50:18Z,cartservice,166.0,1000,0.95,0.166,0
2026-09-26T20:50:18Z,checkoutservice,946.0,1500,0.8,0.6306666666666667,0
2026-09-26T20:50:18Z,productcatalogservice,445.0,600,0.95,0.7416666666666667,0
2026-09-26T20:50:18Z,paymentservice,0.0,150,0.8,0.0,0
2026-09-26T20:50:18Z,recommendationservice,718.0,2000,0.8,0.359,0
2026-09-26T20:50:18Z,shippingservice,119.0,400,0.8,0.2975,0
2026-09-26T20:50:18Z,currencyservice,275.0,500,0.8,0.55,0
2026-09-26T20:50:18Z,emailservice,0.0,150,0.8,0.0,0
2026-09-26T20:50:18Z,adservice,83.0,600,0.8,0.13833333333333334,0
2026-09-26T20:50:18Z,redis-cart,18.0,500,0.8,0.036,0
2026-09-26T20:50:19Z,frontend,254.4,1150,0.8,0.22121739130434784,0
2026-09-26T20:50:19Z,cartservice,166.0,1000,0.95,0.166,0
2026-09-26T20:50:19Z,checkoutservice,946.0,1500,0.8,0.6306666666666667,0
2026-09-26T20:50:19Z,productcatalogservice,444.0,600,0.95,0.74,0
2026-09-26T20:50:19Z,paymentservice,0.0,150,0.8,0.0,0
2026-09-26T20:50:19Z,recommendationservice,693.0,2000,0.8,0.3465,0
2026-09-26T20:50:19Z,shippingservice,106.0,400,0.8,0.265,0
2026-09-26T20:50:19Z,currencyservice,275.0,500,0.8,0.55,0
2026-09-26T20:50:19Z,emailservice,0.0,150,0.8,0.0,0
2026-09-26T20:50:19Z,adservice,76.0,600,0.8,0.12666666666666668,0
2026-09-26T20:50:19Z,redis-cart,26.0,500,0.8,0.052,0
2026-09-26T20:50:20Z,frontend,259.4,1150,0.8,0.22556521739130433,0
2026-09-26T20:50:20Z,cartservice,240.0,1000,0.95,0.24,0
2026-09-26T20:50:20Z,checkoutservice,1176.0,1500,0.8,0.784,0
2026-09-26T20:50:20Z,productcatalogservice,471.0,600,0.95,0.785,0
2026-09-26T20:50:20Z,paymentservice,0.0,150,0.8,0.0,0
2026-09-26T20:50:20Z,recommendationservice,693.0,2000,0.8,0.3465,0
2026-09-26T20:50:20Z,shippingservice,106.0,400,0.8,0.265,0
2026-09-26T20:50:20Z,currencyservice,267.0,500,0.8,0.534,0
2026-09-26T20:50:20Z,emailservice,0.0,150,0.8,0.0,0
2026-09-26T20:50:20Z,adservice,76.0,600,0.8,0.12666666666666668,0
2026-09-26T20:50:20Z,redis-cart,26.0,500,0.8,0.052,0
2026-09-26T20:50:21Z,frontend,258.4,1150,0.8,0.22469565217391302,0
2026-09-26T20:50:21Z,cartservice,240.0,1000,0.95,0.24,0
2026-09-26T20:50:21Z,checkoutservice,1176.0,1500,0.8,0.784,0
2026-09-26T20:50:21Z,productcatalogservice,471.0,600,0.95,0.785,0
2026-09-26T20:50:21Z,paymentservice,0.0,150,0.8,0.0,0
2026-09-26T20:50:21Z,recommendationservice,769.0,2000,0.8,0.3845,0
2026-09-26T20:50:21Z,shippingservice,108.0,400,0.8,0.27,0
2026-09-26T20:50:21Z,currencyservice,267.0,500,0.8,0.534,0
2026-09-26T20:50:21Z,emailservice,22.0,150,0.8,0.14666666666666667,0
2026-09-26T20:50:21Z,adservice,79.0,600,0.8,0.13166666666666665,0
2026-09-26T20:50:21Z,redis-cart,24.0,500,0.8,0.048,0
2026-09-26T20:50:22Z,frontend,255.2,1150,0.8,0.22191304347826085,0
2026-09-26T20:50:22Z,cartservice,186.0,1000,0.95,0.186,0
2026-09-26T20:50:22Z,checkoutservice,1112.0,1500,0.8,0.7413333333333333,0
2026-09-26T20:50:22Z,productcatalogservice,443.0,600,0.95,0.7383333333333333,0
2026-09-26T20:50:22Z,paymentservice,0.0,150,0.8,0.0,0
2026-09-26T20:50:22Z,recommendationservice,769.0,2000,0.8,0.3845,0
2026-09-26T20:50:22Z,shippingservice,119.0,400,0.8,0.2975,0
2026-09-26T20:50:22Z,currencyservice,260.0,500,0.8,0.52,0
2026-09-26T20:50:22Z,emailservice,0.0,150,0.8,0.0,0
2026-09-26T20:50:22Z,adservice,79.0,600,0.8,0.13166666666666665,0
2026-09-26T20:50:22Z,redis-cart,24.0,500,0.8,0.048,0
2026-09-26T20:50:23Z,frontend,249.8,1150,0.8,0.21721739130434783,0
2026-09-26T20:50:23Z,cartservice,186.0,1000,0.95,0.186,0
2026-09-26T20:50:23Z,checkoutservice,1112.0,1500,0.8,0.7413333333333333,0
2026-09-26T20:50:23Z,productcatalogservice,466.0,600,0.95,0.7766666666666666,0
2026-09-26T20:50:23Z,paymentservice,0.0,150,0.8,0.0,0
2026-09-26T20:50:23Z,recommendationservice,757.0,2000,0.8,0.3785,0
2026-09-26T20:50:23Z,shippingservice,119.0,400,0.8,0.2975,0
2026-09-26T20:50:23Z,currencyservice,278.0,500,0.8,0.556,0
2026-09-26T20:50:23Z,emailservice,0.0,150,0.8,0.0,0
2026-09-26T20:50:23Z,adservice,92.0,600,0.8,0.15333333333333332,0
2026-09-26T20:50:23Z,redis-cart,24.0,500,0.8,0.048,0
2026-09-26T20:50:24Z,frontend,250.2,1150,0.8,0.21756521739130433,0
2026-09-26T20:50:24Z,cartservice,239.0,1000,0.95,0.239,0
2026-09-26T20:50:24Z,checkoutservice,1156.0,1500,0.8,0.7706666666666667,0
2026-09-26T20:50:24Z,productcatalogservice,466.0,600,0.95,0.7766666666666666,0
2026-09-26T20:50:24Z,paymentservice,0.0,150,0.8,0.0,0
2026-09-26T20:50:24Z,recommendationservice,757.0,2000,0.8,0.3785,0
2026-09-26T20:50:24Z,shippingservice,114.0,400,0.8,0.285,0
2026-09-26T20:50:24Z,currencyservice,278.0,500,0.8,0.556,0
2026-09-26T20:50:24Z,emailservice,0.0,150,0.8,0.0,0
2026-09-26T20:50:24Z,adservice,92.0,600,0.8,0.15333333333333332,0
2026-09-26T20:50:24Z,redis-cart,21.0,500,0.8,0.042,0
2026-09-26T20:50:25Z,frontend,257.8,1150,0.8,0.22417391304347828,0
2026-09-26T20:50:25Z,cartservice,186.0,1000,0.95,0.186,0
2026-09-26T20:50:25Z,checkoutservice,1079.0,1500,0.8,0.7193333333333334,0
2026-09-26T20:50:25Z,productcatalogservice,482.0,600,0.95,0.8033333333333333,0
2026-09-26T20:50:25Z,paymentservice,0.0,150,0.8,0.0,0
2026-09-26T20:50:25Z,recommendationservice,754.0,2000,0.8,0.377,0
2026-09-26T20:50:25Z,shippingservice,107.0,400,0.8,0.2675,0
2026-09-26T20:50:25Z,currencyservice,224.0,500,0.8,0.448,0
2026-09-26T20:50:25Z,emailservice,0.0,150,0.8,0.0,0
2026-09-26T20:50:25Z,adservice,86.0,600,0.8,0.14333333333333334,0
2026-09-26T20:50:25Z,redis-cart,24.0,500,0.8,0.048,0
2026-09-26T20:50:26Z,frontend,258.2,1150,0.8,0.22452173913043477,0
2026-09-26T20:50:26Z,cartservice,206.0,1000,0.95,0.206,0
2026-09-26T20:50:26Z,checkoutservice,1079.0,1500,0.8,0.7193333333333334,0
2026-09-26T20:50:26Z,productcatalogservice,482.0,600,0.95,0.8033333333333333,0
2026-09-26T20:50:26Z,paymentservice,0.0,150,0.8,0.0,0
2026-09-26T20:50:26Z,recommendationservice,754.0,2000,0.8,0.377,0
2026-09-26T20:50:26Z,shippingservice,105.0,400,0.8,0.2625,0
2026-09-26T20:50:26Z,currencyservice,249.0,500,0.8,0.498,0
2026-09-26T20:50:26Z,emailservice,24.0,150,0.8,0.16,0
2026-09-26T20:50:26Z,adservice,88.0,600,0.8,0.14666666666666667,0
2026-09-26T20:50:26Z,redis-cart,24.0,500,0.8,0.048,0
2026-09-26T20:50:27Z,frontend,276.0,1150,0.8,0.24,0
2026-09-26T20:50:27Z,cartservice,206.0,1000,0.95,0.206,0
2026-09-26T20:50:27Z,checkoutservice,1128.0,1500,0.8,0.752,0
2026-09-26T20:50:27Z,productcatalogservice,463.0,600,0.95,0.7716666666666666,0
2026-09-26T20:50:27Z,paymentservice,0.0,150,0.8,0.0,0
2026-09-26T20:50:27Z,recommendationservice,736.0,2000,0.8,0.368,0
2026-09-26T20:50:27Z,shippingservice,105.0,400,0.8,0.2625,0
2026-09-26T20:50:27Z,currencyservice,249.0,500,0.8,0.498,0
2026-09-26T20:50:27Z,emailservice,0.0,150,0.8,0.0,0
2026-09-26T20:50:27Z,adservice,71.0,600,0.8,0.11833333333333333,0
2026-09-26T20:50:27Z,redis-cart,19.0,500,0.8,0.038,0
2026-09-26T20:50:28Z,frontend,248.0,1150,0.8,0.21565217391304348,0
2026-09-26T20:50:28Z,cartservice,208.0,1000,0.95,0.208,0
2026-09-26T20:50:28Z,checkoutservice,926.0,1500,0.8,0.6173333333333333,0
2026-09-26T20:50:28Z,productcatalogservice,471.0,600,0.95,0.785,0
2026-09-26T20:50:28Z,paymentservice,0.0,150,0.8,0.0,0
2026-09-26T20:50:28Z,recommendationservice,751.0,2000,0.8,0.3755,0
2026-09-26T20:50:28Z,shippingservice,117.0,400,0.8,0.2925,0
2026-09-26T20:50:28Z,currencyservice,268.0,500,0.8,0.536,0
2026-09-26T20:50:28Z,emailservice,0.0,150,0.8,0.0,0
2026-09-26T20:50:28Z,adservice,71.0,600,0.8,0.11833333333333333,0
2026-09-26T20:50:28Z,redis-cart,19.0,500,0.8,0.038,0
2026-09-26T20:50:29Z,frontend,244.4,1150,0.8,0.2125217391304348,0
2026-09-26T20:50:29Z,cartservice,176.0,1000,0.95,0.176,0
2026-09-26T20:50:29Z,checkoutservice,1196.0,1500,0.8,0.7973333333333333,0
2026-09-26T20:50:29Z,productcatalogservice,450.0,600,0.95,0.75,0
2026-09-26T20:50:29Z,paymentservice,0.0,150,0.8,0.0,0
2026-09-26T20:50:29Z,recommendationservice,748.0,2000,0.8,0.374,0
2026-09-26T20:50:29Z,shippingservice,117.0,400,0.8,0.2925,0
2026-09-26T20:50:29Z,currencyservice,268.0,500,0.8,0.536,0
2026-09-26T20:50:29Z,emailservice,0.0,150,0.8,0.0,0
2026-09-26T20:50:29Z,adservice,92.0,600,0.8,0.15333333333333332,0
2026-09-26T20:50:29Z,redis-cart,22.0,500,0.8,0.044,0
2026-09-26T20:50:30Z,frontend,263.4,1150,0.8,0.22904347826086954,0
2026-09-26T20:50:30Z,cartservice,166.0,1000,0.95,0.166,0
2026-09-26T20:50:30Z,checkoutservice,1196.0,1500,0.8,0.7973333333333333,0
2026-09-26T20:50:30Z,productcatalogservice,450.0,600,0.95,0.75,0
2026-09-26T20:50:30Z,paymentservice,0.0,150,0.8,0.0,0
2026-09-26T20:50:30Z,recommendationservice,742.0,2000,0.8,0.371,0
2026-09-26T20:50:30Z,shippingservice,111.0,400,0.8,0.2775,0
2026-09-26T20:50:30Z,currencyservice,273.0,500,0.8,0.546,0
2026-09-26T20:50:30Z,emailservice,18.0,150,0.8,0.12,0
2026-09-26T20:50:30Z,adservice,92.0,600,0.8,0.15333333333333332,0
2026-09-26T20:50:30Z,redis-cart,24.0,500,0.8,0.048,0
2026-09-26T20:50:31Z,frontend,260.8,1150,0.8,0.22678260869565217,0
2026-09-26T20:50:31Z,cartservice,166.0,1000,0.95,0.166,0
2026-09-26T20:50:31Z,checkoutservice,1056.0,1500,0.8,0.704,0
2026-09-26T20:50:31Z,productcatalogservice,442.0,600,0.95,0.7366666666666667,0
2026-09-26T20:50:31Z,paymentservice,0.0,150,0.8,0.0,0
2026-09-26T20:50:31Z,recommendationservice,742.0,2000,0.8,0.371,0
2026-09-26T20:50:31Z,shippingservice,117.0,400,0.8,0.2925,0
2026-09-26T20:50:31Z,currencyservice,211.0,500,0.8,0.422,0
2026-09-26T20:50:31Z,emailservice,18.0,150,0.8,0.12,0
2026-09-26T20:50:31Z,adservice,97.0,600,0.8,0.16166666666666665,0
2026-09-26T20:50:31Z,redis-cart,24.0,500,0.8,0.048,0
2026-09-26T20:50:32Z,frontend,262.6,1150,0.8,0.22834782608695653,0
2026-09-26T20:50:32Z,cartservice,190.0,1000,0.95,0.19,0
2026-09-26T20:50:32Z,checkoutservice,1056.0,1500,0.8,0.704,0
2026-09-26T20:50:32Z,productcatalogservice,478.0,600,0.95,0.7966666666666666,0
2026-09-26T20:50:32Z,paymentservice,0.0,150,0.8,0.0,0
2026-09-26T20:50:32Z,recommendationservice,756.0,2000,0.8,0.378,0
2026-09-26T20:50:32Z,shippingservice,129.0,400,0.8,0.3225,0
2026-09-26T20:50:32Z,currencyservice,211.0,500,0.8,0.422,0
2026-09-26T20:50:32Z,emailservice,0.0,150,0.8,0.0,0
2026-09-26T20:50:32Z,adservice,86.0,600,0.8,0.14333333333333334,0
2026-09-26T20:50:32Z,redis-cart,24.0,500,0.8,0.048,0
2026-09-26T20:50:33Z,frontend,255.4,1150,0.8,0.22208695652173913,0
2026-09-26T20:50:33Z,cartservice,190.0,1000,0.95,0.19,0
2026-09-26T20:50:33Z,checkoutservice,1172.0,1500,0.8,0.7813333333333333,0
2026-09-26T20:50:33Z,productcatalogservice,461.0,600,0.95,0.7683333333333333,0
2026-09-26T20:50:33Z,paymentservice,0.0,150,0.8,0.0,0
2026-09-26T20:50:33Z,recommendationservice,756.0,2000,0.8,0.378,0
2026-09-26T20:50:33Z,shippingservice,129.0,400,0.8,0.3225,0
2026-09-26T20:50:33Z,currencyservice,305.0,500,0.8,0.61,0
2026-09-26T20:50:33Z,emailservice,0.0,150,0.8,0.0,0
2026-09-26T20:50:33Z,adservice,86.0,600,0.8,0.14333333333333334,0
2026-09-26T20:50:33Z,redis-cart,24.0,500,0.8,0.048,0
2026-09-26T20:50:34Z,frontend,253.4,1150,0.8,0.22034782608695652,0
2026-09-26T20:50:34Z,cartservice,198.0,1000,0.95,0.198,0
2026-09-26T20:50:34Z,checkoutservice,1169.0,1500,0.8,0.7793333333333333,0
2026-09-26T20:50:34Z,productcatalogservice,461.0,600,0.95,0.7683333333333333,0
2026-09-26T20:50:34Z,paymentservice,0.0,150,0.8,0.0,0
2026-09-26T20:50:34Z,recommendationservice,725.0,2000,0.8,0.3625,0
2026-09-26T20:50:34Z,shippingservice,108.0,400,0.8,0.27,0
2026-09-26T20:50:34Z,currencyservice,220.0,500,0.8,0.44,0
2026-09-26T20:50:34Z,emailservice,0.0,150,0.8,0.0,0
2026-09-26T20:50:34Z,adservice,81.0,600,0.8,0.135,0
2026-09-26T20:50:34Z,redis-cart,24.0,500,0.8,0.048,0
2026-09-26T20:50:35Z,frontend,263.4,1150,0.8,0.22904347826086954,0
2026-09-26T20:50:35Z,cartservice,169.0,1000,0.95,0.169,0
2026-09-26T20:50:35Z,checkoutservice,1097.0,1500,0.8,0.7313333333333333,0
2026-09-26T20:50:35Z,productcatalogservice,462.0,600,0.95,0.77,0
2026-09-26T20:50:35Z,paymentservice,0.0,150,0.8,0.0,0
2026-09-26T20:50:35Z,recommendationservice,725.0,2000,0.8,0.3625,0
2026-09-26T20:50:35Z,shippingservice,114.0,400,0.8,0.285,0
2026-09-26T20:50:35Z,currencyservice,237.0,500,0.8,0.474,0
2026-09-26T20:50:35Z,emailservice,0.0,150,0.8,0.0,0
2026-09-26T20:50:35Z,adservice,76.0,600,0.8,0.12666666666666668,0
2026-09-26T20:50:35Z,redis-cart,22.0,500,0.8,0.044,0
2026-09-26T20:50:36Z,frontend,253.8,1150,0.8,0.22069565217391304,0
2026-09-26T20:50:36Z,cartservice,176.0,1000,0.95,0.176,0
2026-09-26T20:50:36Z,checkoutservice,1097.0,1500,0.8,0.7313333333333333,0
2026-09-26T20:50:36Z,productcatalogservice,462.0,600,0.95,0.77,0
2026-09-26T20:50:36Z,paymentservice,0.0,150,0.8,0.0,0
2026-09-26T20:50:36Z,recommendationservice,737.0,2000,0.8,0.3685,0
2026-09-26T20:50:36Z,shippingservice,109.0,400,0.8,0.2725,0
2026-09-26T20:50:36Z,currencyservice,237.0,500,0.8,0.474,0
2026-09-26T20:50:36Z,emailservice,22.0,150,0.8,0.14666666666666667,0
2026-09-26T20:50:36Z,adservice,76.0,600,0.8,0.12666666666666668,0
2026-09-26T20:50:36Z,redis-cart,23.0,500,0.8,0.046,0
2026-09-26T20:50:37Z,frontend,242.2,1150,0.8,0.2106086956521739,0
2026-09-26T20:50:37Z,cartservice,176.0,1000,0.95,0.176,0
2026-09-26T20:50:37Z,checkoutservice,1037.0,1500,0.8,0.6913333333333334,0
2026-09-26T20:50:37Z,productcatalogservice,464.0,600,0.95,0.7733333333333333,0
2026-09-26T20:50:37Z,paymentservice,0.0,150,0.8,0.0,0
2026-09-26T20:50:37Z,recommendationservice,769.0,2000,0.8,0.3845,0
2026-09-26T20:50:37Z,shippingservice,109.0,400,0.8,0.2725,0
2026-09-26T20:50:37Z,currencyservice,289.0,500,0.8,0.578,0
2026-09-26T20:50:37Z,emailservice,0.0,150,0.8,0.0,0
2026-09-26T20:50:37Z,adservice,84.0,600,0.8,0.14,0
2026-09-26T20:50:37Z,redis-cart,23.0,500,0.8,0.046,0
2026-09-26T20:50:38Z,frontend,255.8,1150,0.8,0.22243478260869567,0
2026-09-26T20:50:38Z,cartservice,186.0,1000,0.95,0.186,0
2026-09-26T20:50:38Z,checkoutservice,1123.0,1500,0.8,0.7486666666666667,0
2026-09-26T20:50:38Z,productcatalogservice,445.0,600,0.95,0.7416666666666667,0
2026-09-26T20:50:38Z,paymentservice,0.0,150,0.8,0.0,0
2026-09-26T20:50:38Z,recommendationservice,731.0,2000,0.8,0.3655,0
2026-09-26T20:50:38Z,shippingservice,122.0,400,0.8,0.305,0
2026-09-26T20:50:38Z,currencyservice,217.0,500,0.8,0.434,0
2026-09-26T20:50:38Z,emailservice,0.0,150,0.8,0.0,0
2026-09-26T20:50:38Z,adservice,72.0,600,0.8,0.12,0
2026-09-26T20:50:38Z,redis-cart,23.0,500,0.8,0.046,0
2026-09-26T20:50:39Z,frontend,250.6,1150,0.8,0.21791304347826088,0
2026-09-26T20:50:39Z,cartservice,179.0,1000,0.95,0.179,0
2026-09-26T20:50:39Z,checkoutservice,1123.0,1500,0.8,0.7486666666666667,0
2026-09-26T20:50:39Z,productcatalogservice,445.0,600,0.95,0.7416666666666667,0
2026-09-26T20:50:39Z,paymentservice,0.0,150,0.8,0.0,0
2026-09-26T20:50:39Z,recommendationservice,720.0,2000,0.8,0.36,0
2026-09-26T20:50:39Z,shippingservice,122.0,400,0.8,0.305,0
2026-09-26T20:50:39Z,currencyservice,217.0,500,0.8,0.434,0
2026-09-26T20:50:39Z,emailservice,0.0,150,0.8,0.0,0
2026-09-26T20:50:39Z,adservice,80.0,600,0.8,0.13333333333333333,0
2026-09-26T20:50:39Z,redis-cart,24.0,500,0.8,0.048,0
2026-09-26T20:50:40Z,frontend,241.0,1150,0.8,0.20956521739130435,0
2026-09-26T20:50:40Z,cartservice,179.0,1000,0.95,0.179,0
2026-09-26T20:50:40Z,checkoutservice,1147.0,1500,0.8,0.7646666666666667,0
2026-09-26T20:50:40Z,productcatalogservice,467.0,600,0.95,0.7783333333333333,0
2026-09-26T20:50:40Z,paymentservice,0.0,150,0.8,0.0,0
2026-09-26T20:50:40Z,recommendationservice,720.0,2000,0.8,0.36,0
2026-09-26T20:50:40Z,shippingservice,109.0,400,0.8,0.2725,0
2026-09-26T20:50:40Z,currencyservice,288.0,500,0.8,0.576,0
2026-09-26T20:50:40Z,emailservice,0.0,150,0.8,0.0,0
2026-09-26T20:50:40Z,adservice,80.0,600,0.8,0.13333333333333333,0
2026-09-26T20:50:40Z,redis-cart,26.0,500,0.8,0.052,0
2026-09-26T20:50:41Z,frontend,263.6,1150,0.8,0.22921739130434785,0
2026-09-26T20:50:41Z,cartservice,180.0,1000,0.95,0.18,0
2026-09-26T20:50:41Z,checkoutservice,1098.0,1500,0.8,0.732,0
2026-09-26T20:50:41Z,productcatalogservice,467.0,600,0.95,0.7783333333333333,0
2026-09-26T20:50:41Z,paymentservice,0.0,150,0.8,0.0,0
2026-09-26T20:50:41Z,recommendationservice,723.0,2000,0.8,0.3615,0
2026-09-26T20:50:41Z,shippingservice,109.0,400,0.8,0.2725,0
2026-09-26T20:50:41Z,currencyservice,288.0,500,0.8,0.576,0
2026-09-26T20:50:41Z,emailservice,19.0,150,0.8,0.12666666666666668,0
2026-09-26T20:50:41Z,adservice,100.0,600,0.8,0.16666666666666666,0
2026-09-26T20:50:41Z,redis-cart,26.0,500,0.8,0.052,0
2026-09-26T20:50:42Z,frontend,267.0,1150,0.8,0.23217391304347826,0
2026-09-26T20:50:42Z,cartservice,180.0,1000,0.95,0.18,0
2026-09-26T20:50:42Z,checkoutservice,1098.0,1500,0.8,0.732,0
2026-09-26T20:50:42Z,productcatalogservice,453.0,600,0.95,0.755,0
2026-09-26T20:50:42Z,paymentservice,0.0,150,0.8,0.0,0
2026-09-26T20:50:42Z,recommendationservice,780.0,2000,0.8,0.39,0
2026-09-26T20:50:42Z,shippingservice,115.0,400,0.8,0.2875,0
2026-09-26T20:50:42Z,currencyservice,242.0,500,0.8,0.484,0
2026-09-26T20:50:42Z,emailservice,0.0,150,0.8,0.0,0
2026-09-26T20:50:42Z,adservice,100.0,600,0.8,0.16666666666666666,0
2026-09-26T20:50:42Z,redis-cart,24.0,500,0.8,0.048,0
2026-09-26T20:50:43Z,frontend,256.6,1150,0.8,0.22313043478260872,0
2026-09-26T20:50:43Z,cartservice,212.0,1000,0.95,0.212,0
2026-09-26T20:50:43Z,checkoutservice,1028.0,1500,0.8,0.6853333333333333,0
2026-09-26T20:50:43Z,productcatalogservice,453.0,600,0.95,0.755,0
2026-09-26T20:50:43Z,paymentservice,0.0,150,0.8,0.0,0
2026-09-26T20:50:43Z,recommendationservice,728.0,2000,0.8,0.364,0
2026-09-26T20:50:43Z,shippingservice,119.0,400,0.8,0.2975,0
2026-09-26T20:50:43Z,currencyservice,256.0,500,0.8,0.512,0
2026-09-26T20:50:43Z,emailservice,0.0,150,0.8,0.0,0
2026-09-26T20:50:43Z,adservice,80.0,600,0.8,0.13333333333333333,0
2026-09-26T20:50:43Z,redis-cart,24.0,500,0.8,0.048,0
2026-09-26T20:50:44Z,frontend,256.4,1150,0.8,0.22295652173913041,0
2026-09-26T20:50:44Z,cartservice,171.0,1000,0.95,0.171,0
2026-09-26T20:50:44Z,checkoutservice,1028.0,1500,0.8,0.6853333333333333,0
2026-09-26T20:50:44Z,productcatalogservice,440.0,600,0.95,0.7333333333333333,0
2026-09-26T20:50:44Z,paymentservice,0.0,150,0.8,0.0,0
2026-09-26T20:50:44Z,recommendationservice,728.0,2000,0.8,0.364,0
2026-09-26T20:50:44Z,shippingservice,108.0,400,0.8,0.27,0
2026-09-26T20:50:44Z,currencyservice,256.0,500,0.8,0.512,0
2026-09-26T20:50:44Z,emailservice,0.0,150,0.8,0.0,0
2026-09-26T20:50:44Z,adservice,88.0,600,0.8,0.14666666666666667,0
2026-09-26T20:50:44Z,redis-cart,24.0,500,0.8,0.048,0
2026-09-26T20:50:45Z,frontend,266.0,1150,0.8,0.23130434782608697,0
2026-09-26T20:50:45Z,cartservice,166.0,1000,0.95,0.166,0
2026-09-26T20:50:45Z,checkoutservice,1166.0,1500,0.8,0.7773333333333333,0
2026-09-26T20:50:45Z,productcatalogservice,498.0,600,0.95,0.83,0
2026-09-26T20:50:45Z,paymentservice,0.0,150,0.8,0.0,0
2026-09-26T20:50:45Z,recommendationservice,775.0,2000,0.8,0.3875,0
2026-09-26T20:50:45Z,shippingservice,108.0,400,0.8,0.27,0
2026-09-26T20:50:45Z,currencyservice,219.0,500,0.8,0.438,0
2026-09-26T20:50:45Z,emailservice,0.0,150,0.8,0.0,0
2026-09-26T20:50:45Z,adservice,97.0,600,0.8,0.16166666666666665,0
2026-09-26T20:50:45Z,redis-cart,23.0,500,0.8,0.046,0
2026-09-26T20:50:46Z,frontend,263.4,1150,0.8,0.22904347826086954,0
2026-09-26T20:50:46Z,cartservice,189.0,1000,0.95,0.189,0
2026-09-26T20:50:46Z,checkoutservice,925.0,1500,0.8,0.6166666666666667,0
2026-09-26T20:50:46Z,productcatalogservice,461.0,600,0.95,0.7683333333333333,0
2026-09-26T20:50:46Z,paymentservice,0.0,150,0.8,0.0,0
2026-09-26T20:50:46Z,recommendationservice,756.0,2000,0.8,0.378,0
2026-09-26T20:50:46Z,shippingservice,114.0,400,0.8,0.285,0
2026-09-26T20:50:46Z,currencyservice,219.0,500,0.8,0.438,0
2026-09-26T20:50:46Z,emailservice,21.0,150,0.8,0.14,0
2026-09-26T20:50:46Z,adservice,97.0,600,0.8,0.16166666666666665,0
2026-09-26T20:50:46Z,redis-cart,23.0,500,0.8,0.046,0
2026-09-26T20:50:47Z,frontend,269.4,1150,0.8,0.23426086956521738,0
2026-09-26T20:50:47Z,cartservice,189.0,1000,0.95,0.189,0
2026-09-26T20:50:47Z,checkoutservice,1154.0,1500,0.8,0.7693333333333333,0
2026-09-26T20:50:47Z,productcatalogservice,461.0,600,0.95,0.7683333333333333,0
2026-09-26T20:50:47Z,paymentservice,0.0,150,0.8,0.0,0
2026-09-26T20:50:47Z,recommendationservice,756.0,2000,0.8,0.378,0
2026-09-26T20:50:47Z,shippingservice,135.0,400,0.8,0.3375,0
2026-09-26T20:50:47Z,currencyservice,260.0,500,0.8,0.52,0
2026-09-26T20:50:47Z,emailservice,0.0,150,0.8,0.0,0
2026-09-26T20:50:47Z,adservice,89.0,600,0.8,0.14833333333333334,0
2026-09-26T20:50:47Z,redis-cart,25.0,500,0.8,0.05,0
2026-09-26T20:50:48Z,frontend,258.2,1150,0.8,0.22452173913043477,0
2026-09-26T20:50:48Z,cartservice,178.0,1000,0.95,0.178,0
2026-09-26T20:50:48Z,checkoutservice,1154.0,1500,0.8,0.7693333333333333,0
2026-09-26T20:50:48Z,productcatalogservice,460.0,600,0.95,0.7666666666666667,0
2026-09-26T20:50:48Z,paymentservice,0.0,150,0.8,0.0,0
2026-09-26T20:50:48Z,recommendationservice,724.0,2000,0.8,0.362,0
2026-09-26T20:50:48Z,shippingservice,135.0,400,0.8,0.3375,0
2026-09-26T20:50:48Z,currencyservice,260.0,500,0.8,0.52,0
2026-09-26T20:50:48Z,emailservice,0.0,150,0.8,0.0,0
2026-09-26T20:50:48Z,adservice,88.0,600,0.8,0.14666666666666667,0
2026-09-26T20:50:48Z,redis-cart,25.0,500,0.8,0.05,0
2026-09-26T20:50:49Z,frontend,241.0,1150,0.8,0.20956521739130435,0
2026-09-26T20:50:49Z,cartservice,178.0,1000,0.95,0.178,0
2026-09-26T20:50:49Z,checkoutservice,1115.0,1500,0.8,0.7433333333333333,0
2026-09-26T20:50:49Z,productcatalogservice,460.0,600,0.95,0.7666666666666667,0
2026-09-26T20:50:49Z,paymentservice,0.0,150,0.8,0.0,0
2026-09-26T20:50:49Z,recommendationservice,724.0,2000,0.8,0.362,0
2026-09-26T20:50:49Z,shippingservice,106.0,400,0.8,0.265,0
2026-09-26T20:50:49Z,currencyservice,283.0,500,0.8,0.566,0
2026-09-26T20:50:49Z,emailservice,0.0,150,0.8,0.0,0
2026-09-26T20:50:49Z,adservice,76.0,600,0.8,0.12666666666666668,0
2026-09-26T20:50:49Z,redis-cart,24.0,500,0.8,0.048,0
2026-09-26T20:50:50Z,frontend,257.8,1150,0.8,0.22417391304347828,0
2026-09-26T20:50:50Z,cartservice,178.0,1000,0.95,0.178,0
2026-09-26T20:50:50Z,checkoutservice,1234.0,1500,0.8,0.8226666666666667,1
2026-09-26T20:50:50Z,productcatalogservice,472.0,600,0.95,0.7866666666666666,0
2026-09-26T20:50:50Z,paymentservice,0.0,150,0.8,0.0,0
2026-09-26T20:50:50Z,recommendationservice,697.0,2000,0.8,0.3485,0
2026-09-26T20:50:50Z,shippingservice,121.0,400,0.8,0.3025,0
2026-09-26T20:50:50Z,currencyservice,283.0,500,0.8,0.566,0
2026-09-26T20:50:50Z,emailservice,16.0,150,0.8,0.10666666666666667,0
2026-09-26T20:50:50Z,adservice,76.0,600,0.8,0.12666666666666668,0
2026-09-26T20:50:50Z,redis-cart,20.0,500,0.8,0.04,0
2026-09-26T20:50:51Z,frontend,248.4,1150,0.8,0.216,0
2026-09-26T20:50:51Z,cartservice,166.0,1000,0.95,0.166,0
2026-09-26T20:50:51Z,checkoutservice,1234.0,1500,0.8,0.8226666666666667,1
2026-09-26T20:50:51Z,productcatalogservice,472.0,600,0.95,0.7866666666666666,0
2026-09-26T20:50:51Z,paymentservice,0.0,150,0.8,0.0,0
2026-09-26T20:50:51Z,recommendationservice,839.0,2000,0.8,0.4195,0
2026-09-26T20:50:51Z,shippingservice,110.0,400,0.8,0.275,0
2026-09-26T20:50:51Z,currencyservice,265.0,500,0.8,0.53,0
2026-09-26T20:50:51Z,emailservice,16.0,150,0.8,0.10666666666666667,0
2026-09-26T20:50:51Z,adservice,88.0,600,0.8,0.14666666666666667,0
2026-09-26T20:50:51Z,redis-cart,21.0,500,0.8,0.042,0
2026-09-26T20:50:52Z,frontend,249.8,1150,0.8,0.21721739130434783,0
2026-09-26T20:50:52Z,cartservice,166.0,1000,0.95,0.166,0
2026-09-26T20:50:52Z,checkoutservice,978.0,1500,0.8,0.652,0
2026-09-26T20:50:52Z,productcatalogservice,431.0,600,0.95,0.7183333333333334,0
2026-09-26T20:50:52Z,paymentservice,151.0,150,0.8,1.0066666666666666,1
2026-09-26T20:50:52Z,recommendationservice,674.0,2000,0.8,0.337,0
2026-09-26T20:50:52Z,shippingservice,110.0,400,0.8,0.275,0
2026-09-26T20:50:52Z,currencyservice,214.0,500,0.8,0.428,0
2026-09-26T20:50:52Z,emailservice,8.0,150,0.8,0.05333333333333334,0
2026-09-26T20:50:52Z,adservice,86.0,600,0.8,0.14333333333333334,0
2026-09-26T20:50:52Z,redis-cart,22.0,500,0.8,0.044,0
2026-09-26T20:50:53Z,frontend,253.0,1150,0.8,0.22,0
2026-09-26T20:50:53Z,cartservice,212.0,1000,0.95,0.212,0
2026-09-26T20:50:53Z,checkoutservice,1238.0,1500,0.8,0.8253333333333334,1
2026-09-26T20:50:53Z,productcatalogservice,456.0,600,0.95,0.76,0
2026-09-26T20:50:53Z,paymentservice,151.0,150,0.8,1.0066666666666666,1
2026-09-26T20:50:53Z,recommendationservice,674.0,2000,0.8,0.337,0
2026-09-26T20:50:53Z,shippingservice,119.0,400,0.8,0.2975,0
2026-09-26T20:50:53Z,currencyservice,214.0,500,0.8,0.428,0
2026-09-26T20:50:53Z,emailservice,8.0,150,0.8,0.05333333333333334,0
2026-09-26T20:50:53Z,adservice,86.0,600,0.8,0.14333333333333334,0
2026-09-26T20:50:53Z,redis-cart,22.0,500,0.8,0.044,0
2026-09-26T20:50:54Z,frontend,235.0,1150,0.8,0.20434782608695654,0
2026-09-26T20:50:54Z,cartservice,212.0,1000,0.95,0.212,0
2026-09-26T20:50:54Z,checkoutservice,1238.0,1500,0.8,0.8253333333333334,1
2026-09-26T20:50:54Z,productcatalogservice,445.0,600,0.95,0.7416666666666667,0
2026-09-26T20:50:54Z,paymentservice,117.0,150,0.8,0.78,0
2026-09-26T20:50:54Z,recommendationservice,739.0,2000,0.8,0.3695,0
2026-09-26T20:50:54Z,shippingservice,134.0,400,0.8,0.335,0
2026-09-26T20:50:54Z,currencyservice,292.0,500,0.8,0.584,0
2026-09-26T20:50:54Z,emailservice,47.0,150,0.8,0.31333333333333335,0
2026-09-26T20:50:54Z,adservice,73.0,600,0.8,0.12166666666666667,0
2026-09-26T20:50:54Z,redis-cart,29.0,500,0.8,0.058,0
2026-09-26T20:50:55Z,frontend,234.0,1150,0.8,0.20347826086956522,0
2026-09-26T20:50:55Z,cartservice,222.0,1000,0.95,0.222,0
2026-09-26T20:50:55Z,checkoutservice,1488.0,1500,0.8,0.992,1
2026-09-26T20:50:55Z,productcatalogservice,445.0,600,0.95,0.7416666666666667,0
2026-09-26T20:50:55Z,paymentservice,117.0,150,0.8,0.78,0
2026-09-26T20:50:55Z,recommendationservice,739.0,2000,0.8,0.3695,0
2026-09-26T20:50:55Z,shippingservice,134.0,400,0.8,0.335,0
2026-09-26T20:50:55Z,currencyservice,302.0,500,0.8,0.604,0
2026-09-26T20:50:55Z,emailservice,34.0,150,0.8,0.22666666666666666,0
2026-09-26T20:50:55Z,adservice,73.0,600,0.8,0.12166666666666667,0
2026-09-26T20:50:55Z,redis-cart,29.0,500,0.8,0.058,0
2026-09-26T20:50:56Z,frontend,230.0,1150,0.8,0.2,0
2026-09-26T20:50:56Z,cartservice,210.0,1000,0.95,0.21,0
2026-09-26T20:50:56Z,checkoutservice,1474.0,1500,0.8,0.9826666666666667,1
2026-09-26T20:50:56Z,productcatalogservice,326.0,600,0.95,0.5433333333333333,0
2026-09-26T20:50:56Z,paymentservice,152.0,150,0.8,1.0133333333333334,1
2026-09-26T20:50:56Z,recommendationservice,612.0,2000,0.8,0.306,0
2026-09-26T20:50:56Z,shippingservice,144.0,400,0.8,0.36,0
2026-09-26T20:50:56Z,currencyservice,310.0,500,0.8,0.62,0
2026-09-26T20:50:56Z,emailservice,33.0,150,0.8,0.22,0
2026-09-26T20:50:56Z,adservice,83.0,600,0.8,0.13833333333333334,0
2026-09-26T20:50:56Z,redis-cart,26.0,500,0.8,0.052,0
2026-09-26T20:50:57Z,frontend,213.6,1150,0.8,0.1857391304347826,0
2026-09-26T20:50:57Z,cartservice,202.0,1000,0.95,0.202,0
2026-09-26T20:50:57Z,checkoutservice,1474.0,1500,0.8,0.9826666666666667,1
2026-09-26T20:50:57Z,productcatalogservice,357.0,600,0.95,0.595,0
2026-09-26T20:50:57Z,paymentservice,152.0,150,0.8,1.0133333333333334,1
2026-09-26T20:50:57Z,recommendationservice,568.0,2000,0.8,0.284,0
2026-09-26T20:50:57Z,shippingservice,176.0,400,0.8,0.44,0
2026-09-26T20:50:57Z,currencyservice,310.0,500,0.8,0.62,0
2026-09-26T20:50:57Z,emailservice,0.0,150,0.8,0.0,0
2026-09-26T20:50:57Z,adservice,68.0,600,0.8,0.11333333333333333,0
2026-09-26T20:50:57Z,redis-cart,27.0,500,0.8,0.054,0
2026-09-26T20:50:58Z,frontend,210.2,1150,0.8,0.18278260869565216,0
2026-09-26T20:50:58Z,cartservice,202.0,1000,0.95,0.202,0
2026-09-26T20:50:58Z,checkoutservice,1461.0,1500,0.8,0.974,1
2026-09-26T20:50:58Z,productcatalogservice,357.0,600,0.95,0.595,0
2026-09-26T20:50:58Z,paymentservice,148.0,150,0.8,0.9866666666666667,1
2026-09-26T20:50:58Z,recommendationservice,608.0,2000,0.8,0.304,0
2026-09-26T20:50:58Z,shippingservice,176.0,400,0.8,0.44,0
2026-09-26T20:50:58Z,currencyservice,313.0,500,0.8,0.626,0
2026-09-26T20:50:58Z,emailservice,0.0,150,0.8,0.0,0
2026-09-26T20:50:58Z,adservice,68.0,600,0.8,0.11333333333333333,0
2026-09-26T20:50:58Z,redis-cart,27.0,500,0.8,0.054,0
2026-09-26T20:50:59Z,frontend,203.8,1150,0.8,0.17721739130434783,0
2026-09-26T20:50:59Z,cartservice,219.0,1000,0.95,0.219,0
2026-09-26T20:50:59Z,checkoutservice,1457.0,1500,0.8,0.9713333333333334,1
2026-09-26T20:50:59Z,productcatalogservice,397.0,600,0.95,0.6616666666666666,0
2026-09-26T20:50:59Z,paymentservice,149.0,150,0.8,0.9933333333333333,1
2026-09-26T20:50:59Z,recommendationservice,592.0,2000,0.8,0.296,0
2026-09-26T20:50:59Z,shippingservice,144.0,400,0.8,0.36,0
2026-09-26T20:50:59Z,currencyservice,322.0,500,0.8,0.644,0
2026-09-26T20:50:59Z,emailservice,0.0,150,0.8,0.0,0
2026-09-26T20:50:59Z,adservice,100.0,600,0.8,0.16666666666666666,0
2026-09-26T20:50:59Z,redis-cart,29.0,500,0.8,0.058,0
2026-09-26T20:51:00Z,frontend,218.6,1150,0.8,0.19008695652173913,0
2026-09-26T20:51:00Z,cartservice,219.0,1000,0.95,0.219,0
2026-09-26T20:51:00Z,checkoutservice,1457.0,1500,0.8,0.9713333333333334,1
2026-09-26T20:51:00Z,productcatalogservice,369.0,600,0.95,0.615,0
2026-09-26T20:51:00Z,paymentservice,149.0,150,0.8,0.9933333333333333,1
2026-09-26T20:51:00Z,recommendationservice,592.0,2000,0.8,0.296,0
2026-09-26T20:51:00Z,shippingservice,139.0,400,0.8,0.3475,0
2026-09-26T20:51:00Z,currencyservice,322.0,500,0.8,0.644,0
2026-09-26T20:51:00Z,emailservice,0.0,150,0.8,0.0,0
2026-09-26T20:51:00Z,adservice,100.0,600,0.8,0.16666666666666666,0
2026-09-26T20:51:00Z,redis-cart,25.0,500,0.8,0.05,0
2026-09-26T20:51:01Z,frontend,212.6,1150,0.8,0.1848695652173913,0
2026-09-26T20:51:01Z,cartservice,236.0,1000,0.95,0.236,0
2026-09-26T20:51:01Z,checkoutservice,1463.0,1500,0.8,0.9753333333333334,1
2026-09-26T20:51:01Z,productcatalogservice,369.0,600,0.95,0.615,0
2026-09-26T20:51:01Z,paymentservice,146.0,150,0.8,0.9733333333333334,1
2026-09-26T20:51:01Z,recommendationservice,651.0,2000,0.8,0.3255,0
2026-09-26T20:51:01Z,shippingservice,139.0,400,0.8,0.3475,0
2026-09-26T20:51:01Z,currencyservice,322.0,500,0.8,0.644,0
2026-09-26T20:51:01Z,emailservice,23.0,150,0.8,0.15333333333333332,0
2026-09-26T20:51:01Z,adservice,83.0,600,0.8,0.13833333333333334,0
2026-09-26T20:51:01Z,redis-cart,25.0,500,0.8,0.05,0
2026-09-26T20:51:02Z,frontend,213.8,1150,0.8,0.18591304347826088,0
2026-09-26T20:51:02Z,cartservice,236.0,1000,0.95,0.236,0
2026-09-26T20:51:02Z,checkoutservice,1453.0,1500,0.8,0.9686666666666667,1
2026-09-26T20:51:02Z,productcatalogservice,373.0,600,0.95,0.6216666666666667,0
2026-09-26T20:51:02Z,paymentservice,152.0,150,0.8,1.0133333333333334,1
2026-09-26T20:51:02Z,recommendationservice,543.0,2000,0.8,0.2715,0
2026-09-26T20:51:02Z,shippingservice,128.0,400,0.8,0.32,0
2026-09-26T20:51:02Z,currencyservice,322.0,500,0.8,0.644,0
2026-09-26T20:51:02Z,emailservice,0.0,150,0.8,0.0,0
2026-09-26T20:51:02Z,adservice,84.0,600,0.8,0.14,0
2026-09-26T20:51:02Z,redis-cart,27.0,500,0.8,0.054,0
2026-09-26T20:51:03Z,frontend,218.2,1150,0.8,0.1897391304347826,0
2026-09-26T20:51:03Z,cartservice,249.0,1000,0.95,0.249,0
2026-09-26T20:51:03Z,checkoutservice,1453.0,1500,0.8,0.9686666666666667,1
2026-09-26T20:51:03Z,productcatalogservice,373.0,600,0.95,0.6216666666666667,0
2026-09-26T20:51:03Z,paymentservice,152.0,150,0.8,1.0133333333333334,1
2026-09-26T20:51:03Z,recommendationservice,543.0,2000,0.8,0.2715,0
2026-09-26T20:51:03Z,shippingservice,169.0,400,0.8,0.4225,0
2026-09-26T20:51:03Z,currencyservice,287.0,500,0.8,0.574,0
2026-09-26T20:51:03Z,emailservice,0.0,150,0.8,0.0,0
2026-09-26T20:51:03Z,adservice,82.0,600,0.8,0.13666666666666666,0
2026-09-26T20:51:03Z,redis-cart,27.0,500,0.8,0.054,0
2026-09-26T20:51:04Z,frontend,209.2,1150,0.8,0.18191304347826087,0
2026-09-26T20:51:04Z,cartservice,222.0,1000,0.95,0.222,0
2026-09-26T20:51:04Z,checkoutservice,1439.0,1500,0.8,0.9593333333333334,1
2026-09-26T20:51:04Z,productcatalogservice,362.0,600,0.95,0.6033333333333334,0
2026-09-26T20:51:04Z,paymentservice,150.0,150,0.8,1.0,1
2026-09-26T20:51:04Z,recommendationservice,630.0,2000,0.8,0.315,0
2026-09-26T20:51:04Z,shippingservice,159.0,400,0.8,0.3975,0
2026-09-26T20:51:04Z,currencyservice,309.0,500,0.8,0.618,0
2026-09-26T20:51:04Z,emailservice,0.0,150,0.8,0.0,0
2026-09-26T20:51:04Z,adservice,82.0,600,0.8,0.13666666666666666,0
2026-09-26T20:51:04Z,redis-cart,28.0,500,0.8,0.056,0
2026-09-26T20:51:05Z,frontend,219.2,1150,0.8,0.1906086956521739,0
2026-09-26T20:51:05Z,cartservice,215.0,1000,0.95,0.215,0
2026-09-26T20:51:05Z,checkoutservice,1389.0,1500,0.8,0.926,1
2026-09-26T20:51:05Z,productcatalogservice,406.0,600,0.95,0.6766666666666666,0
2026-09-26T20:51:05Z,paymentservice,145.0,150,0.8,0.9666666666666667,1
2026-09-26T20:51:05Z,recommendationservice,533.0,2000,0.8,0.2665,0
2026-09-26T20:51:05Z,shippingservice,159.0,400,0.8,0.3975,0
2026-09-26T20:51:05Z,currencyservice,309.0,500,0.8,0.618,0
2026-09-26T20:51:05Z,emailservice,24.0,150,0.8,0.16,0
2026-09-26T20:51:05Z,adservice,78.0,600,0.8,0.13,0
2026-09-26T20:51:05Z,redis-cart,28.0,500,0.8,0.056,0
2026-09-26T20:51:06Z,frontend,215.4,1150,0.8,0.18730434782608696,0
2026-09-26T20:51:06Z,cartservice,215.0,1000,0.95,0.215,0
2026-09-26T20:51:06Z,checkoutservice,1389.0,1500,0.8,0.926,1
2026-09-26T20:51:06Z,productcatalogservice,348.0,600,0.95,0.58,0
2026-09-26T20:51:06Z,paymentservice,152.0,150,0.8,1.0133333333333334,1
2026-09-26T20:51:06Z,recommendationservice,533.0,2000,0.8,0.2665,0
2026-09-26T20:51:06Z,shippingservice,128.0,400,0.8,0.32,0
2026-09-26T20:51:06Z,currencyservice,294.0,500,0.8,0.588,0
2026-09-26T20:51:06Z,emailservice,24.0,150,0.8,0.16,0
2026-09-26T20:51:06Z,adservice,81.0,600,0.8,0.135,0
2026-09-26T20:51:06Z,redis-cart,27.0,500,0.8,0.054,0
2026-09-26T20:51:07Z,frontend,198.6,1150,0.8,0.17269565217391303,0
2026-09-26T20:51:07Z,cartservice,259.0,1000,0.95,0.259,0
2026-09-26T20:51:07Z,checkoutservice,1539.0,1500,0.8,1.026,1
2026-09-26T20:51:07Z,productcatalogservice,378.0,600,0.95,0.63,0
2026-09-26T20:51:07Z,paymentservice,152.0,150,0.8,1.0133333333333334,1
2026-09-26T20:51:07Z,recommendationservice,607.0,2000,0.8,0.3035,0
2026-09-26T20:51:07Z,shippingservice,166.0,400,0.8,0.415,0
2026-09-26T20:51:07Z,currencyservice,311.0,500,0.8,0.622,0
2026-09-26T20:51:07Z,emailservice,0.0,150,0.8,0.0,0
2026-09-26T20:51:07Z,adservice,81.0,600,0.8,0.135,0
2026-09-26T20:51:07Z,redis-cart,27.0,500,0.8,0.054,0
2026-09-26T20:51:08Z,frontend,208.0,1150,0.8,0.1808695652173913,0
2026-09-26T20:51:08Z,cartservice,224.0,1000,0.95,0.224,0
2026-09-26T20:51:08Z,checkoutservice,1539.0,1500,0.8,1.026,1
2026-09-26T20:51:08Z,productcatalogservice,378.0,600,0.95,0.63,0
2026-09-26T20:51:08Z,paymentservice,148.0,150,0.8,0.9866666666666667,1
2026-09-26T20:51:08Z,recommendationservice,572.0,2000,0.8,0.286,0
2026-09-26T20:51:08Z,shippingservice,166.0,400,0.8,0.415,0
2026-09-26T20:51:08Z,currencyservice,311.0,500,0.8,0.622,0
2026-09-26T20:51:08Z,emailservice,0.0,150,0.8,0.0,0
2026-09-26T20:51:08Z,adservice,78.0,600,0.8,0.13,0
2026-09-26T20:51:08Z,redis-cart,28.0,500,0.8,0.056,0
2026-09-26T20:51:09Z,frontend,196.8,1150,0.8,0.1711304347826087,0
2026-09-26T20:51:09Z,cartservice,224.0,1000,0.95,0.224,0
2026-09-26T20:51:09Z,checkoutservice,1437.0,1500,0.8,0.958,1
2026-09-26T20:51:09Z,productcatalogservice,392.0,600,0.95,0.6533333333333333,0
2026-09-26T20:51:09Z,paymentservice,148.0,150,0.8,0.9866666666666667,1
2026-09-26T20:51:09Z,recommendationservice,572.0,2000,0.8,0.286,0
2026-09-26T20:51:09Z,shippingservice,141.0,400,0.8,0.3525,0
2026-09-26T20:51:09Z,currencyservice,322.0,500,0.8,0.644,0
2026-09-26T20:51:09Z,emailservice,0.0,150,0.8,0.0,0
2026-09-26T20:51:09Z,adservice,83.0,600,0.8,0.13833333333333334,0
2026-09-26T20:51:09Z,redis-cart,26.0,500,0.8,0.052,0
2026-09-26T20:51:10Z,frontend,218.8,1150,0.8,0.1902608695652174,0
2026-09-26T20:51:10Z,cartservice,261.0,1000,0.95,0.261,0
2026-09-26T20:51:10Z,checkoutservice,1484.0,1500,0.8,0.9893333333333333,1
2026-09-26T20:51:10Z,productcatalogservice,342.0,600,0.95,0.57,0
2026-09-26T20:51:10Z,paymentservice,148.0,150,0.8,0.9866666666666667,1
2026-09-26T20:51:10Z,recommendationservice,595.0,2000,0.8,0.2975,0
2026-09-26T20:51:10Z,shippingservice,154.0,400,0.8,0.385,0
2026-09-26T20:51:10Z,currencyservice,322.0,500,0.8,0.644,0
2026-09-26T20:51:10Z,emailservice,0.0,150,0.8,0.0,0
2026-09-26T20:51:10Z,adservice,67.0,600,0.8,0.11166666666666666,0
2026-09-26T20:51:10Z,redis-cart,26.0,500,0.8,0.052,0
2026-09-26T20:51:11Z,frontend,211.4,1150,0.8,0.18382608695652175,0
2026-09-26T20:51:11Z,cartservice,261.0,1000,0.95,0.261,0
2026-09-26T20:51:11Z,checkoutservice,1492.0,1500,0.8,0.9946666666666667,1
2026-09-26T20:51:11Z,productcatalogservice,342.0,600,0.95,0.57,0
2026-09-26T20:51:11Z,paymentservice,149.0,150,0.8,0.9933333333333333,1
2026-09-26T20:51:11Z,recommendationservice,578.0,2000,0.8,0.289,0
2026-09-26T20:51:11Z,shippingservice,130.0,400,0.8,0.325,0
2026-09-26T20:51:11Z,currencyservice,280.0,500,0.8,0.56,0
2026-09-26T20:51:11Z,emailservice,16.0,150,0.8,0.10666666666666667,0
2026-09-26T20:51:11Z,adservice,67.0,600,0.8,0.11166666666666666,0
2026-09-26T20:51:11Z,redis-cart,27.0,500,0.8,0.054,0
2026-09-26T20:51:12Z,frontend,208.2,1150,0.8,0.18104347826086956,0
2026-09-26T20:51:12Z,cartservice,230.0,1000,0.95,0.23,0
2026-09-26T20:51:12Z,checkoutservice,1492.0,1500,0.8,0.9946666666666667,1
2026-09-26T20:51:12Z,productcatalogservice,369.0,600,0.95,0.615,0
2026-09-26T20:51:12Z,paymentservice,145.0,150,0.8,0.9666666666666667,1
2026-09-26T20:51:12Z,recommendationservice,526.0,2000,0.8,0.263,0
2026-09-26T20:51:12Z,shippingservice,130.0,400,0.8,0.325,0
2026-09-26T20:51:12Z,currencyservice,311.0,500,0.8,0.622,0
2026-09-26T20:51:12Z,emailservice,16.0,150,0.8,0.10666666666666667,0
2026-09-26T20:51:12Z,adservice,80.0,600,0.8,0.13333333333333333,0
2026-09-26T20:51:12Z,redis-cart,26.0,500,0.8,0.052,0
2026-09-26T20:51:13Z,frontend,208.6,1150,0.8,0.18139130434782608,0
2026-09-26T20:51:13Z,cartservice,240.0,1000,0.95,0.24,0
2026-09-26T20:51:13Z,checkoutservice,1444.0,1500,0.8,0.9626666666666667,1
2026-09-26T20:51:13Z,productcatalogservice,369.0,600,0.95,0.615,0
2026-09-26T20:51:13Z,paymentservice,145.0,150,0.8,0.9666666666666667,1
2026-09-26T20:51:13Z,recommendationservice,526.0,2000,0.8,0.263,0
2026-09-26T20:51:13Z,shippingservice,158.0,400,0.8,0.395,0
2026-09-26T20:51:13Z,currencyservice,255.0,500,0.8,0.51,0
2026-09-26T20:51:13Z,emailservice,0.0,150,0.8,0.0,0
2026-09-26T20:51:13Z,adservice,84.0,600,0.8,0.14,0
2026-09-26T20:51:13Z,redis-cart,26.0,500,0.8,0.052,0
2026-09-26T20:51:14Z,frontend,221.6,1150,0.8,0.19269565217391305,0
2026-09-26T20:51:14Z,cartservice,240.0,1000,0.95,0.24,0
2026-09-26T20:51:14Z,checkoutservice,1444.0,1500,0.8,0.9626666666666667,1
2026-09-26T20:51:14Z,productcatalogservice,369.0,600,0.95,0.615,0
2026-09-26T20:51:14Z,paymentservice,156.0,150,0.8,1.04,1
2026-09-26T20:51:14Z,recommendationservice,643.0,2000,0.8,0.3215,0
2026-09-26T20:51:14Z,shippingservice,143.0,400,0.8,0.3575,0
2026-09-26T20:51:14Z,currencyservice,255.0,500,0.8,0.51,0
2026-09-26T20:51:14Z,emailservice,0.0,150,0.8,0.0,0
2026-09-26T20:51:14Z,adservice,84.0,600,0.8,0.14,0
2026-09-26T20:51:14Z,redis-cart,27.0,500,0.8,0.054,0
2026-09-26T20:51:15Z,frontend,207.8,1150,0.8,0.18069565217391306,0
2026-09-26T20:51:15Z,cartservice,239.0,1000,0.95,0.239,0
2026-09-26T20:51:15Z,checkoutservice,1440.0,1500,0.8,0.96,1
2026-09-26T20:51:15Z,productcatalogservice,412.0,600,0.95,0.6866666666666666,0
2026-09-26T20:51:15Z,paymentservice,156.0,150,0.8,1.04,1
2026-09-26T20:51:15Z,recommendationservice,643.0,2000,0.8,0.3215,0
2026-09-26T20:51:15Z,shippingservice,143.0,400,0.8,0.3575,0
2026-09-26T20:51:15Z,currencyservice,311.0,500,0.8,0.622,0
2026-09-26T20:51:15Z,emailservice,0.0,150,0.8,0.0,0
2026-09-26T20:51:15Z,adservice,91.0,600,0.8,0.15166666666666667,0
2026-09-26T20:51:15Z,redis-cart,27.0,500,0.8,0.054,0
2026-09-26T20:51:16Z,frontend,210.0,1150,0.8,0.1826086956521739,0
2026-09-26T20:51:16Z,cartservice,239.0,1000,0.95,0.239,0
2026-09-26T20:51:16Z,checkoutservice,1456.0,1500,0.8,0.9706666666666667,1
2026-09-26T20:51:16Z,productcatalogservice,376.0,600,0.95,0.6266666666666667,0
2026-09-26T20:51:16Z,paymentservice,151.0,150,0.8,1.0066666666666666,1
2026-09-26T20:51:16Z,recommendationservice,652.0,2000,0.8,0.326,0
2026-09-26T20:51:16Z,shippingservice,139.0,400,0.8,0.3475,0
2026-09-26T20:51:16Z,currencyservice,311.0,500,0.8,0.622,0
2026-09-26T20:51:16Z,emailservice,23.0,150,0.8,0.15333333333333332,0
2026-09-26T20:51:16Z,adservice,96.0,600,0.8,0.16,0
2026-09-26T20:51:16Z,redis-cart,27.0,500,0.8,0.054,0
2026-09-26T20:51:17Z,frontend,205.6,1150,0.8,0.17878260869565216,0
2026-09-26T20:51:17Z,cartservice,199.0,1000,0.95,0.199,0
2026-09-26T20:51:17Z,checkoutservice,1456.0,1500,0.8,0.9706666666666667,1
2026-09-26T20:51:17Z,productcatalogservice,376.0,600,0.95,0.6266666666666667,0
2026-09-26T20:51:17Z,paymentservice,141.0,150,0.8,0.94,1
2026-09-26T20:51:17Z,recommendationservice,589.0,2000,0.8,0.2945,0
2026-09-26T20:51:17Z,shippingservice,139.0,400,0.8,0.3475,0
2026-09-26T20:51:17Z,currencyservice,295.0,500,0.8,0.59,0
2026-09-26T20:51:17Z,emailservice,23.0,150,0.8,0.15333333333333332,0
2026-09-26T20:51:17Z,adservice,96.0,600,0.8,0.16,0
2026-09-26T20:51:17Z,redis-cart,25.0,500,0.8,0.05,0
2026-09-26T20:51:18Z,frontend,226.6,1150,0.8,0.19704347826086957,0
2026-09-26T20:51:18Z,cartservice,211.0,1000,0.95,0.211,0
2026-09-26T20:51:18Z,checkoutservice,1427.0,1500,0.8,0.9513333333333334,1
2026-09-26T20:51:18Z,productcatalogservice,364.0,600,0.95,0.6066666666666667,0
2026-09-26T20:51:18Z,paymentservice,141.0,150,0.8,0.94,1
2026-09-26T20:51:18Z,recommendationservice,589.0,2000,0.8,0.2945,0
2026-09-26T20:51:18Z,shippingservice,165.0,400,0.8,0.4125,0
2026-09-26T20:51:18Z,currencyservice,318.0,500,0.8,0.636,0
2026-09-26T20:51:18Z,emailservice,0.0,150,0.8,0.0,0
2026-09-26T20:51:18Z,adservice,66.0,600,0.8,0.11,0
2026-09-26T20:51:18Z,redis-cart,26.0,500,0.8,0.052,0
2026-09-26T20:51:19Z,frontend,198.6,1150,0.8,0.17269565217391303,0
2026-09-26T20:51:19Z,cartservice,211.0,1000,0.95,0.211,0
2026-09-26T20:51:19Z,checkoutservice,1427.0,1500,0.8,0.9513333333333334,1
2026-09-26T20:51:19Z,productcatalogservice,366.0,600,0.95,0.61,0
2026-09-26T20:51:19Z,paymentservice,148.0,150,0.8,0.9866666666666667,1
2026-09-26T20:51:19Z,recommendationservice,534.0,2000,0.8,0.267,0
2026-09-26T20:51:19Z,shippingservice,165.0,400,0.8,0.4125,0
2026-09-26T20:51:19Z,currencyservice,287.0,500,0.8,0.574,0
2026-09-26T20:51:19Z,emailservice,0.0,150,0.8,0.0,0
2026-09-26T20:51:19Z,adservice,87.0,600,0.8,0.145,0
2026-09-26T20:51:19Z,redis-cart,26.0,500,0.8,0.052,0
2026-09-26T20:51:20Z,frontend,196.2,1150,0.8,0.1706086956521739,0
2026-09-26T20:51:20Z,cartservice,226.0,1000,0.95,0.226,0
2026-09-26T20:51:20Z,checkoutservice,1481.0,1500,0.8,0.9873333333333333,1
2026-09-26T20:51:20Z,productcatalogservice,342.0,600,0.95,0.57,0
2026-09-26T20:51:20Z,paymentservice,149.0,150,0.8,0.9933333333333333,1
2026-09-26T20:51:20Z,recommendationservice,534.0,2000,0.8,0.267,0
2026-09-26T20:51:20Z,shippingservice,144.0,400,0.8,0.36,0
2026-09-26T20:51:20Z,currencyservice,287.0,500,0.8,0.574,0
2026-09-26T20:51:20Z,emailservice,0.0,150,0.8,0.0,0
2026-09-26T20:51:20Z,adservice,68.0,600,0.8,0.11333333333333333,0
2026-09-26T20:51:20Z,redis-cart,29.0,500,0.8,0.058,0
2026-09-26T20:51:21Z,frontend,213.2,1150,0.8,0.18539130434782608,0
2026-09-26T20:51:21Z,cartservice,206.0,1000,0.95,0.206,0
2026-09-26T20:51:21Z,checkoutservice,1341.0,1500,0.8,0.894,1
2026-09-26T20:51:21Z,productcatalogservice,342.0,600,0.95,0.57,0
2026-09-26T20:51:21Z,paymentservice,149.0,150,0.8,0.9933333333333333,1
2026-09-26T20:51:21Z,recommendationservice,565.0,2000,0.8,0.2825,0
2026-09-26T20:51:21Z,shippingservice,132.0,400,0.8,0.33,0
2026-09-26T20:51:21Z,currencyservice,245.0,500,0.8,0.49,0
2026-09-26T20:51:21Z,emailservice,22.0,150,0.8,0.14666666666666667,0
2026-09-26T20:51:21Z,adservice,62.0,600,0.8,0.10333333333333333,0
2026-09-26T20:51:21Z,redis-cart,23.0,500,0.8,0.046,0
2026-09-26T20:51:22Z,frontend,198.8,1150,0.8,0.1728695652173913,0
2026-09-26T20:51:22Z,cartservice,230.0,1000,0.95,0.23,0
2026-09-26T20:51:22Z,checkoutservice,1341.0,1500,0.8,0.894,1
2026-09-26T20:51:22Z,productcatalogservice,371.0,600,0.95,0.6183333333333333,0
2026-09-26T20:51:22Z,paymentservice,150.0,150,0.8,1.0,1
2026-09-26T20:51:22Z,recommendationservice,565.0,2000,0.8,0.2825,0
2026-09-26T20:51:22Z,shippingservice,132.0,400,0.8,0.33,0
2026-09-26T20:51:22Z,currencyservice,245.0,500,0.8,0.49,0
2026-09-26T20:51:22Z,emailservice,0.0,150,0.8,0.0,0
2026-09-26T20:51:22Z,adservice,62.0,600,0.8,0.10333333333333333,0
2026-09-26T20:51:22Z,redis-cart,23.0,500,0.8,0.046,0
2026-09-26T20:51:23Z,frontend,223.8,1150,0.8,0.19460869565217392,0
2026-09-26T20:51:23Z,cartservice,230.0,1000,0.95,0.23,0
2026-09-26T20:51:23Z,checkoutservice,1459.0,1500,0.8,0.9726666666666667,1
2026-09-26T20:51:23Z,productcatalogservice,400.0,600,0.95,0.6666666666666666,0
2026-09-26T20:51:23Z,paymentservice,146.0,150,0.8,0.9733333333333334,1
2026-09-26T20:51:23Z,recommendationservice,536.0,2000,0.8,0.268,0
2026-09-26T20:51:23Z,shippingservice,148.0,400,0.8,0.37,0
2026-09-26T20:51:23Z,currencyservice,256.0,500,0.8,0.512,0
2026-09-26T20:51:23Z,emailservice,0.0,150,0.8,0.0,0
2026-09-26T20:51:23Z,adservice,79.0,600,0.8,0.13166666666666665,0
2026-09-26T20:51:23Z,redis-cart,26.0,500,0.8,0.052,0
2026-09-26T20:51:24Z,frontend,238.4,1150,0.8,0.20730434782608695,0
2026-09-26T20:51:24Z,cartservice,184.0,1000,0.95,0.184,0
2026-09-26T20:51:24Z,checkoutservice,1459.0,1500,0.8,0.9726666666666667,1
2026-09-26T20:51:24Z,productcatalogservice,400.0,600,0.95,0.6666666666666666,0
2026-09-26T20:51:24Z,paymentservice,152.0,150,0.8,1.0133333333333334,1
2026-09-26T20:51:24Z,recommendationservice,732.0,2000,0.8,0.366,0
2026-09-26T20:51:24Z,shippingservice,93.0,400,0.8,0.2325,0
2026-09-26T20:51:24Z,currencyservice,256.0,500,0.8,0.512,0
2026-09-26T20:51:24Z,emailservice,0.0,150,0.8,0.0,0
2026-09-26T20:51:24Z,adservice,79.0,600,0.8,0.13166666666666665,0
2026-09-26T20:51:24Z,redis-cart,23.0,500,0.8,0.046,0
2026-09-26T20:51:25Z,frontend,239.0,1150,0.8,0.20782608695652174,0
2026-09-26T20:51:25Z,cartservice,184.0,1000,0.95,0.184,0
2026-09-26T20:51:25Z,checkoutservice,1137.0,1500,0.8,0.758,0
2026-09-26T20:51:25Z,productcatalogservice,488.0,600,0.95,0.8133333333333334,0
2026-09-26T20:51:25Z,paymentservice,152.0,150,0.8,1.0133333333333334,1
2026-09-26T20:51:25Z,recommendationservice,707.0,2000,0.8,0.3535,0
2026-09-26T20:51:25Z,shippingservice,93.0,400,0.8,0.2325,0
2026-09-26T20:51:25Z,currencyservice,279.0,500,0.8,0.558,0
2026-09-26T20:51:25Z,emailservice,0.0,150,0.8,0.0,0
2026-09-26T20:51:25Z,adservice,76.0,600,0.8,0.12666666666666668,0
2026-09-26T20:51:25Z,redis-cart,23.0,500,0.8,0.046,0
2026-09-26T20:51:26Z,frontend,244.2,1150,0.8,0.21234782608695651,0
2026-09-26T20:51:26Z,cartservice,187.0,1000,0.95,0.187,0
2026-09-26T20:51:26Z,checkoutservice,1005.0,1500,0.8,0.67,0
2026-09-26T20:51:26Z,productcatalogservice,488.0,600,0.95,0.8133333333333334,0
2026-09-26T20:51:26Z,paymentservice,150.0,150,0.8,1.0,1
2026-09-26T20:51:26Z,recommendationservice,607.0,2000,0.8,0.3035,0
2026-09-26T20:51:26Z,shippingservice,98.0,400,0.8,0.245,0
2026-09-26T20:51:26Z,currencyservice,279.0,500,0.8,0.558,0
2026-09-26T20:51:26Z,emailservice,0.0,150,0.8,0.0,0
2026-09-26T20:51:26Z,adservice,73.0,600,0.8,0.12166666666666667,0
2026-09-26T20:51:26Z,redis-cart,22.0,500,0.8,0.044,0
2026-09-26T20:51:27Z,frontend,231.6,1150,0.8,0.2013913043478261,0
2026-09-26T20:51:27Z,cartservice,133.0,1000,0.95,0.133,0
2026-09-26T20:51:27Z,checkoutservice,1005.0,1500,0.8,0.67,0
2026-09-26T20:51:27Z,productcatalogservice,427.0,600,0.95,0.7116666666666667,0
2026-09-26T20:51:27Z,paymentservice,149.0,150,0.8,0.9933333333333333,1
2026-09-26T20:51:27Z,recommendationservice,607.0,2000,0.8,0.3035,0
2026-09-26T20:51:27Z,shippingservice,122.0,400,0.8,0.305,0
2026-09-26T20:51:27Z,currencyservice,223.0,500,0.8,0.446,0
2026-09-26T20:51:27Z,emailservice,18.0,150,0.8,0.12,0
2026-09-26T20:51:27Z,adservice,73.0,600,0.8,0.12166666666666667,0
2026-09-26T20:51:27Z,redis-cart,22.0,500,0.8,0.044,0
2026-09-26T20:51:28Z,frontend,232.8,1150,0.8,0.20243478260869566,0
2026-09-26T20:51:28Z,cartservice,133.0,1000,0.95,0.133,0
2026-09-26T20:51:28Z,checkoutservice,911.0,1500,0.8,0.6073333333333333,0
2026-09-26T20:51:28Z,productcatalogservice,427.0,600,0.95,0.7116666666666667,0
2026-09-26T20:51:28Z,paymentservice,0.0,150,0.8,0.0,0
2026-09-26T20:51:28Z,recommendationservice,710.0,2000,0.8,0.355,0
2026-09-26T20:51:28Z,shippingservice,96.0,400,0.8,0.24,0
2026-09-26T20:51:28Z,currencyservice,243.0,500,0.8,0.486,0
2026-09-26T20:51:28Z,emailservice,0.0,150,0.8,0.0,0
2026-09-26T20:51:28Z,adservice,77.0,600,0.8,0.12833333333333333,0
2026-09-26T20:51:28Z,redis-cart,22.0,500,0.8,0.044,0
2026-09-26T20:51:29Z,frontend,236.0,1150,0.8,0.20521739130434782,0
2026-09-26T20:51:29Z,cartservice,179.0,1000,0.95,0.179,0
2026-09-26T20:51:29Z,checkoutservice,1119.0,1500,0.8,0.746,0
2026-09-26T20:51:29Z,productcatalogservice,413.0,600,0.95,0.6883333333333334,0
2026-09-26T20:51:29Z,paymentservice,0.0,150,0.8,0.0,0
2026-09-26T20:51:29Z,recommendationservice,710.0,2000,0.8,0.355,0
2026-09-26T20:51:29Z,shippingservice,96.0,400,0.8,0.24,0
2026-09-26T20:51:29Z,currencyservice,243.0,500,0.8,0.486,0
2026-09-26T20:51:29Z,emailservice,0.0,150,0.8,0.0,0
2026-09-26T20:51:29Z,adservice,76.0,600,0.8,0.12666666666666668,0
2026-09-26T20:51:29Z,redis-cart,22.0,500,0.8,0.044,0
2026-09-26T20:51:30Z,frontend,241.4,1150,0.8,0.20991304347826087,0
2026-09-26T20:51:30Z,cartservice,173.0,1000,0.95,0.173,0
2026-09-26T20:51:30Z,checkoutservice,929.0,1500,0.8,0.6193333333333333,0
2026-09-26T20:51:30Z,productcatalogservice,430.0,600,0.95,0.7166666666666667,0
2026-09-26T20:51:30Z,paymentservice,156.0,150,0.8,1.04,1
2026-09-26T20:51:30Z,recommendationservice,664.0,2000,0.8,0.332,0
2026-09-26T20:51:30Z,shippingservice,87.0,400,0.8,0.2175,0
2026-09-26T20:51:30Z,currencyservice,247.0,500,0.8,0.494,0
2026-09-26T20:51:30Z,emailservice,0.0,150,0.8,0.0,0
2026-09-26T20:51:30Z,adservice,93.0,600,0.8,0.155,0
2026-09-26T20:51:30Z,redis-cart,24.0,500,0.8,0.048,0
2026-09-26T20:51:31Z,frontend,240.8,1150,0.8,0.2093913043478261,0
2026-09-26T20:51:31Z,cartservice,173.0,1000,0.95,0.173,0
2026-09-26T20:51:31Z,checkoutservice,929.0,1500,0.8,0.6193333333333333,0
2026-09-26T20:51:31Z,productcatalogservice,428.0,600,0.95,0.7133333333333334,0
2026-09-26T20:51:31Z,paymentservice,128.0,150,0.8,0.8533333333333334,1
2026-09-26T20:51:31Z,recommendationservice,697.0,2000,0.8,0.3485,0
2026-09-26T20:51:31Z,shippingservice,87.0,400,0.8,0.2175,0
2026-09-26T20:51:31Z,currencyservice,247.0,500,0.8,0.494,0
2026-09-26T20:51:31Z,emailservice,43.0,150,0.8,0.2866666666666667,0
2026-09-26T20:51:31Z,adservice,60.0,600,0.8,0.1,0
2026-09-26T20:51:31Z,redis-cart,21.0,500,0.8,0.042,0
2026-09-26T20:51:32Z,frontend,220.6,1150,0.8,0.19182608695652173,0
2026-09-26T20:51:32Z,cartservice,224.0,1000,0.95,0.224,0
2026-09-26T20:51:32Z,checkoutservice,1264.0,1500,0.8,0.8426666666666667,1
2026-09-26T20:51:32Z,productcatalogservice,326.0,600,0.95,0.5433333333333333,0
2026-09-26T20:51:32Z,paymentservice,128.0,150,0.8,0.8533333333333334,1
2026-09-26T20:51:32Z,recommendationservice,489.0,2000,0.8,0.2445,0
2026-09-26T20:51:32Z,shippingservice,117.0,400,0.8,0.2925,0
2026-09-26T20:51:32Z,currencyservice,253.0,500,0.8,0.506,0
2026-09-26T20:51:32Z,emailservice,43.0,150,0.8,0.2866666666666667,0
2026-09-26T20:51:32Z,adservice,60.0,600,0.8,0.1,0
2026-09-26T20:51:32Z,redis-cart,21.0,500,0.8,0.042,0
2026-09-26T20:51:33Z,frontend,189.4,1150,0.8,0.16469565217391305,0
2026-09-26T20:51:33Z,cartservice,235.0,1000,0.95,0.235,0
2026-09-26T20:51:33Z,checkoutservice,1264.0,1500,0.8,0.8426666666666667,1
2026-09-26T20:51:33Z,productcatalogservice,326.0,600,0.95,0.5433333333333333,0
2026-09-26T20:51:33Z,paymentservice,152.0,150,0.8,1.0133333333333334,1
2026-09-26T20:51:33Z,recommendationservice,502.0,2000,0.8,0.251,0
2026-09-26T20:51:33Z,shippingservice,117.0,400,0.8,0.2925,0
2026-09-26T20:51:33Z,currencyservice,268.0,500,0.8,0.536,0
2026-09-26T20:51:33Z,emailservice,31.0,150,0.8,0.20666666666666667,0
2026-09-26T20:51:33Z,adservice,77.0,600,0.8,0.12833333333333333,0
2026-09-26T20:51:33Z,redis-cart,24.0,500,0.8,0.048,0
2026-09-26T20:51:34Z,frontend,181.4,1150,0.8,0.1577391304347826,0
2026-09-26T20:51:34Z,cartservice,235.0,1000,0.95,0.235,0
2026-09-26T20:51:34Z,checkoutservice,1428.0,1500,0.8,0.952,1
2026-09-26T20:51:34Z,productcatalogservice,403.0,600,0.95,0.6716666666666666,0
2026-09-26T20:51:34Z,paymentservice,152.0,150,0.8,1.0133333333333334,1
2026-09-26T20:51:34Z,recommendationservice,502.0,2000,0.8,0.251,0
2026-09-26T20:51:34Z,shippingservice,134.0,400,0.8,0.335,0
2026-09-26T20:51:34Z,currencyservice,268.0,500,0.8,0.536,0
2026-09-26T20:51:34Z,emailservice,0.0,150,0.8,0.0,0
2026-09-26T20:51:34Z,adservice,67.0,600,0.8,0.11166666666666666,0
2026-09-26T20:51:34Z,redis-cart,24.0,500,0.8,0.048,0
2026-09-26T20:51:35Z,frontend,200.4,1150,0.8,0.17426086956521739,0
2026-09-26T20:51:35Z,cartservice,271.0,1000,0.95,0.271,0
2026-09-26T20:51:35Z,checkoutservice,1490.0,1500,0.8,0.9933333333333333,1
2026-09-26T20:51:35Z,productcatalogservice,403.0,600,0.95,0.6716666666666666,0
2026-09-26T20:51:35Z,paymentservice,148.0,150,0.8,0.9866666666666667,1
2026-09-26T20:51:35Z,recommendationservice,573.0,2000,0.8,0.2865,0
2026-09-26T20:51:35Z,shippingservice,151.0,400,0.8,0.3775,0
2026-09-26T20:51:35Z,currencyservice,292.0,500,0.8,0.584,0
2026-09-26T20:51:35Z,emailservice,0.0,150,0.8,0.0,0
2026-09-26T20:51:35Z,adservice,67.0,600,0.8,0.11166666666666666,0
2026-09-26T20:51:35Z,redis-cart,27.0,500,0.8,0.054,0
2026-09-26T20:51:36Z,frontend,209.6,1150,0.8,0.1822608695652174,0
2026-09-26T20:51:36Z,cartservice,237.0,1000,0.95,0.237,0
2026-09-26T20:51:36Z,checkoutservice,1490.0,1500,0.8,0.9933333333333333,1
2026-09-26T20:51:36Z,productcatalogservice,382.0,600,0.95,0.6366666666666667,0
2026-09-26T20:51:36Z,paymentservice,148.0,150,0.8,0.9866666666666667,1
2026-09-26T20:51:36Z,recommendationservice,573.0,2000,0.8,0.2865,0
2026-09-26T20:51:36Z,shippingservice,151.0,400,0.8,0.3775,0
2026-09-26T20:51:36Z,currencyservice,256.0,500,0.8,0.512,0
2026-09-26T20:51:36Z,emailservice,20.0,150,0.8,0.13333333333333333,0
2026-09-26T20:51:36Z,adservice,73.0,600,0.8,0.12166666666666667,0
2026-09-26T20:51:36Z,redis-cart,23.0,500,0.8,0.046,0
2026-09-26T20:51:37Z,frontend,205.6,1150,0.8,0.17878260869565216,0
2026-09-26T20:51:37Z,cartservice,237.0,1000,0.95,0.237,0
2026-09-26T20:51:37Z,checkoutservice,1350.0,1500,0.8,0.9,1
2026-09-26T20:51:37Z,productcatalogservice,350.0,600,0.95,0.5833333333333334,0
2026-09-26T20:51:37Z,paymentservice,147.0,150,0.8,0.98,1
2026-09-26T20:51:37Z,recommendationservice,555.0,2000,0.8,0.2775,0
2026-09-26T20:51:37Z,shippingservice,149.0,400,0.8,0.3725,0
2026-09-26T20:51:37Z,currencyservice,256.0,500,0.8,0.512,0
2026-09-26T20:51:37Z,emailservice,0.0,150,0.8,0.0,0
2026-09-26T20:51:37Z,adservice,73.0,600,0.8,0.12166666666666667,0
2026-09-26T20:51:37Z,redis-cart,23.0,500,0.8,0.046,0
2026-09-26T20:51:38Z,frontend,211.6,1150,0.8,0.184,0
2026-09-26T20:51:38Z,cartservice,248.0,1000,0.95,0.248,0
2026-09-26T20:51:38Z,checkoutservice,1484.0,1500,0.8,0.9893333333333333,1
2026-09-26T20:51:38Z,productcatalogservice,409.0,600,0.95,0.6816666666666666,0
2026-09-26T20:51:38Z,paymentservice,147.0,150,0.8,0.98,1
2026-09-26T20:51:38Z,recommendationservice,555.0,2000,0.8,0.2775,0
2026-09-26T20:51:38Z,shippingservice,148.0,400,0.8,0.37,0
2026-09-26T20:51:38Z,currencyservice,312.0,500,0.8,0.624,0
2026-09-26T20:51:38Z,emailservice,0.0,150,0.8,0.0,0
2026-09-26T20:51:38Z,adservice,82.0,600,0.8,0.13666666666666666,0
2026-09-26T20:51:38Z,redis-cart,27.0,500,0.8,0.054,0
2026-09-26T20:51:39Z,frontend,182.8,1150,0.8,0.15895652173913044,0
2026-09-26T20:51:39Z,cartservice,226.0,1000,0.95,0.226,0
2026-09-26T20:51:39Z,checkoutservice,1481.0,1500,0.8,0.9873333333333333,1
2026-09-26T20:51:39Z,productcatalogservice,409.0,600,0.95,0.6816666666666666,0
2026-09-26T20:51:39Z,paymentservice,147.0,150,0.8,0.98,1
2026-09-26T20:51:39Z,recommendationservice,545.0,2000,0.8,0.2725,0
2026-09-26T20:51:39Z,shippingservice,148.0,400,0.8,0.37,0
2026-09-26T20:51:39Z,currencyservice,312.0,500,0.8,0.624,0
2026-09-26T20:51:39Z,emailservice,0.0,150,0.8,0.0,0
2026-09-26T20:51:39Z,adservice,64.0,600,0.8,0.10666666666666667,0
2026-09-26T20:51:39Z,redis-cart,27.0,500,0.8,0.054,0
2026-09-26T20:51:40Z,frontend,193.8,1150,0.8,0.1685217391304348,0
2026-09-26T20:51:40Z,cartservice,209.0,1000,0.95,0.209,0
2026-09-26T20:51:40Z,checkoutservice,1395.0,1500,0.8,0.93,1
2026-09-26T20:51:40Z,productcatalogservice,361.0,600,0.95,0.6016666666666667,0
2026-09-26T20:51:40Z,paymentservice,151.0,150,0.8,1.0066666666666666,1
2026-09-26T20:51:40Z,recommendationservice,547.0,2000,0.8,0.2735,0
2026-09-26T20:51:40Z,shippingservice,147.0,400,0.8,0.3675,0
2026-09-26T20:51:40Z,currencyservice,292.0,500,0.8,0.584,0
2026-09-26T20:51:40Z,emailservice,17.0,150,0.8,0.11333333333333333,0
2026-09-26T20:51:40Z,adservice,64.0,600,0.8,0.10666666666666667,0
2026-09-26T20:51:40Z,redis-cart,28.0,500,0.8,0.056,0
2026-09-26T20:51:41Z,frontend,196.4,1150,0.8,0.17078260869565218,0
2026-09-26T20:51:41Z,cartservice,234.0,1000,0.95,0.234,0
2026-09-26T20:51:41Z,checkoutservice,1395.0,1500,0.8,0.93,1
2026-09-26T20:51:41Z,productcatalogservice,361.0,600,0.95,0.6016666666666667,0
2026-09-26T20:51:41Z,paymentservice,151.0,150,0.8,1.0066666666666666,1
2026-09-26T20:51:41Z,recommendationservice,536.0,2000,0.8,0.268,0
2026-09-26T20:51:41Z,shippingservice,147.0,400,0.8,0.3675,0
2026-09-26T20:51:41Z,currencyservice,292.0,500,0.8,0.584,0
2026-09-26T20:51:41Z,emailservice,17.0,150,0.8,0.11333333333333333,0
2026-09-26T20:51:41Z,adservice,75.0,600,0.8,0.125,0
2026-09-26T20:51:41Z,redis-cart,25.0,500,0.8,0.05,0
2026-09-26T20:51:42Z,frontend,202.2,1150,0.8,0.17582608695652172,0
2026-09-26T20:51:42Z,cartservice,275.0,1000,0.95,0.275,0
2026-09-26T20:51:42Z,checkoutservice,1509.0,1500,0.8,1.006,1
2026-09-26T20:51:42Z,productcatalogservice,363.0,600,0.95,0.605,0
2026-09-26T20:51:42Z,paymentservice,156.0,150,0.8,1.04,1
2026-09-26T20:51:42Z,recommendationservice,523.0,2000,0.8,0.2615,0
2026-09-26T20:51:42Z,shippingservice,124.0,400,0.8,0.31,0
2026-09-26T20:51:42Z,currencyservice,279.0,500,0.8,0.558,0
2026-09-26T20:51:42Z,emailservice,0.0,150,0.8,0.0,0
2026-09-26T20:51:42Z,adservice,75.0,600,0.8,0.125,0
2026-09-26T20:51:42Z,redis-cart,25.0,500,0.8,0.05,0
2026-09-26T20:51:43Z,frontend,208.6,1150,0.8,0.18139130434782608,0
2026-09-26T20:51:43Z,cartservice,275.0,1000,0.95,0.275,0
2026-09-26T20:51:43Z,checkoutservice,1412.0,1500,0.8,0.9413333333333334,1
2026-09-26T20:51:43Z,productcatalogservice,363.0,600,0.95,0.605,0
2026-09-26T20:51:43Z,paymentservice,156.0,150,0.8,1.04,1
2026-09-26T20:51:43Z,recommendationservice,523.0,2000,0.8,0.2615,0
2026-09-26T20:51:43Z,shippingservice,167.0,400,0.8,0.4175,0
2026-09-26T20:51:43Z,currencyservice,288.0,500,0.8,0.576,0
2026-09-26T20:51:43Z,emailservice,0.0,150,0.8,0.0,0
2026-09-26T20:51:43Z,adservice,71.0,600,0.8,0.11833333333333333,0
2026-09-26T20:51:43Z,redis-cart,25.0,500,0.8,0.05,0
2026-09-26T20:51:44Z,frontend,211.4,1150,0.8,0.18382608695652175,0
2026-09-26T20:51:44Z,cartservice,275.0,1000,0.95,0.275,0
2026-09-26T20:51:44Z,checkoutservice,1412.0,1500,0.8,0.9413333333333334,1
2026-09-26T20:51:44Z,productcatalogservice,366.0,600,0.95,0.61,0
2026-09-26T20:51:44Z,paymentservice,148.0,150,0.8,0.9866666666666667,1
2026-09-26T20:51:44Z,recommendationservice,521.0,2000,0.8,0.2605,0
2026-09-26T20:51:44Z,shippingservice,167.0,400,0.8,0.4175,0
2026-09-26T20:51:44Z,currencyservice,293.0,500,0.8,0.586,0
2026-09-26T20:51:44Z,emailservice,0.0,150,0.8,0.0,0
2026-09-26T20:51:44Z,adservice,73.0,600,0.8,0.12166666666666667,0
2026-09-26T20:51:44Z,redis-cart,25.0,500,0.8,0.05,0
2026-09-26T20:51:45Z,frontend,200.4,1150,0.8,0.17426086956521739,0
2026-09-26T20:51:45Z,cartservice,263.0,1000,0.95,0.263,0
2026-09-26T20:51:45Z,checkoutservice,1459.0,1500,0.8,0.9726666666666667,1
2026-09-26T20:51:45Z,productcatalogservice,376.0,600,0.95,0.6266666666666667,0
2026-09-26T20:51:45Z,paymentservice,148.0,150,0.8,0.9866666666666667,1
2026-09-26T20:51:45Z,recommendationservice,575.0,2000,0.8,0.2875,0
2026-09-26T20:51:45Z,shippingservice,144.0,400,0.8,0.36,0
2026-09-26T20:51:45Z,currencyservice,312.0,500,0.8,0.624,0
2026-09-26T20:51:45Z,emailservice,19.0,150,0.8,0.12666666666666668,0
2026-09-26T20:51:45Z,adservice,73.0,600,0.8,0.12166666666666667,0
2026-09-26T20:51:45Z,redis-cart,27.0,500,0.8,0.054,0
2026-09-26T20:51:46Z,frontend,205.0,1150,0.8,0.1782608695652174,0
2026-09-26T20:51:46Z,cartservice,232.0,1000,0.95,0.232,0
2026-09-26T20:51:46Z,checkoutservice,1459.0,1500,0.8,0.9726666666666667,1
2026-09-26T20:51:46Z,productcatalogservice,376.0,600,0.95,0.6266666666666667,0
2026-09-26T20:51:46Z,paymentservice,147.0,150,0.8,0.98,1
2026-09-26T20:51:46Z,recommendationservice,575.0,2000,0.8,0.2875,0
2026-09-26T20:51:46Z,shippingservice,144.0,400,0.8,0.36,0
2026-09-26T20:51:46Z,currencyservice,312.0,500,0.8,0.624,0
2026-09-26T20:51:46Z,emailservice,19.0,150,0.8,0.12666666666666668,0
2026-09-26T20:51:46Z,adservice,85.0,600,0.8,0.14166666666666666,0
2026-09-26T20:51:46Z,redis-cart,27.0,500,0.8,0.054,0
2026-09-26T20:51:47Z,frontend,189.8,1150,0.8,0.16504347826086957,0
2026-09-26T20:51:47Z,cartservice,232.0,1000,0.95,0.232,0
2026-09-26T20:51:47Z,checkoutservice,1404.0,1500,0.8,0.936,1
2026-09-26T20:51:47Z,productcatalogservice,355.0,600,0.95,0.5916666666666667,0
2026-09-26T20:51:47Z,paymentservice,147.0,150,0.8,0.98,1
2026-09-26T20:51:47Z,recommendationservice,568.0,2000,0.8,0.284,0
2026-09-26T20:51:47Z,shippingservice,145.0,400,0.8,0.3625,0
2026-09-26T20:51:47Z,currencyservice,278.0,500,0.8,0.556,0
2026-09-26T20:51:47Z,emailservice,0.0,150,0.8,0.0,0
2026-09-26T20:51:47Z,adservice,78.0,600,0.8,0.13,0
2026-09-26T20:51:47Z,redis-cart,29.0,500,0.8,0.058,0
2026-09-26T20:51:48Z,frontend,208.0,1150,0.8,0.1808695652173913,0
2026-09-26T20:51:48Z,cartservice,232.0,1000,0.95,0.232,0
2026-09-26T20:51:48Z,checkoutservice,1404.0,1500,0.8,0.936,1
2026-09-26T20:51:48Z,productcatalogservice,363.0,600,0.95,0.605,0
2026-09-26T20:51:48Z,paymentservice,144.0,150,0.8,0.96,1
2026-09-26T20:51:48Z,recommendationservice,477.0,2000,0.8,0.2385,0
2026-09-26T20:51:48Z,shippingservice,141.0,400,0.8,0.3525,0
2026-09-26T20:51:48Z,currencyservice,281.0,500,0.8,0.562,0
2026-09-26T20:51:48Z,emailservice,0.0,150,0.8,0.0,0
2026-09-26T20:51:48Z,adservice,73.0,600,0.8,0.12166666666666667,0
2026-09-26T20:51:48Z,redis-cart,23.0,500,0.8,0.046,0
2026-09-26T20:51:49Z,frontend,222.0,1150,0.8,0.19304347826086957,0
2026-09-26T20:51:49Z,cartservice,233.0,1000,0.95,0.233,0
2026-09-26T20:51:49Z,checkoutservice,1462.0,1500,0.8,0.9746666666666667,1
2026-09-26T20:51:49Z,productcatalogservice,363.0,600,0.95,0.605,0
2026-09-26T20:51:49Z,paymentservice,150.0,150,0.8,1.0,1
2026-09-26T20:51:49Z,recommendationservice,586.0,2000,0.8,0.293,0
2026-09-26T20:51:49Z,shippingservice,137.0,400,0.8,0.3425,0
2026-09-26T20:51:49Z,currencyservice,281.0,500,0.8,0.562,0
2026-09-26T20:51:49Z,emailservice,0.0,150,0.8,0.0,0
2026-09-26T20:51:49Z,adservice,69.0,600,0.8,0.115,0
2026-09-26T20:51:49Z,redis-cart,23.0,500,0.8,0.046,0
2026-09-26T20:51:50Z,frontend,224.8,1150,0.8,0.19547826086956524,0
2026-09-26T20:51:50Z,cartservice,233.0,1000,0.95,0.233,0
2026-09-26T20:51:50Z,checkoutservice,1465.0,1500,0.8,0.9766666666666667,1
2026-09-26T20:51:50Z,productcatalogservice,375.0,600,0.95,0.625,0
2026-09-26T20:51:50Z,paymentservice,150.0,150,0.8,1.0,1
2026-09-26T20:51:50Z,recommendationservice,586.0,2000,0.8,0.293,0
2026-09-26T20:51:50Z,shippingservice,137.0,400,0.8,0.3425,0
2026-09-26T20:51:50Z,currencyservice,325.0,500,0.8,0.65,0
2026-09-26T20:51:50Z,emailservice,30.0,150,0.8,0.2,0
2026-09-26T20:51:50Z,adservice,69.0,600,0.8,0.115,0
2026-09-26T20:51:50Z,redis-cart,27.0,500,0.8,0.054,0
2026-09-26T20:51:51Z,frontend,213.4,1150,0.8,0.18556521739130435,0
2026-09-26T20:51:51Z,cartservice,236.0,1000,0.95,0.236,0
2026-09-26T20:51:51Z,checkoutservice,1465.0,1500,0.8,0.9766666666666667,1
2026-09-26T20:51:51Z,productcatalogservice,373.0,600,0.95,0.6216666666666667,0
2026-09-26T20:51:51Z,paymentservice,150.0,150,0.8,1.0,1
2026-09-26T20:51:51Z,recommendationservice,623.0,2000,0.8,0.3115,0
2026-09-26T20:51:51Z,shippingservice,157.0,400,0.8,0.3925,0
2026-09-26T20:51:51Z,currencyservice,325.0,500,0.8,0.65,0
2026-09-26T20:51:51Z,emailservice,30.0,150,0.8,0.2,0
2026-09-26T20:51:51Z,adservice,82.0,600,0.8,0.13666666666666666,0
2026-09-26T20:51:51Z,redis-cart,27.0,500,0.8,0.054,0
2026-09-26T20:51:52Z,frontend,200.8,1150,0.8,0.17460869565217393,0
2026-09-26T20:51:52Z,cartservice,247.0,1000,0.95,0.247,0
2026-09-26T20:51:52Z,checkoutservice,1544.0,1500,0.8,1.0293333333333334,1
2026-09-26T20:51:52Z,productcatalogservice,373.0,600,0.95,0.6216666666666667,0
2026-09-26T20:51:52Z,paymentservice,159.0,150,0.8,1.06,1
2026-09-26T20:51:52Z,recommendationservice,476.0,2000,0.8,0.238,0
2026-09-26T20:51:52Z,shippingservice,148.0,400,0.8,0.37,0
2026-09-26T20:51:52Z,currencyservice,301.0,500,0.8,0.602,0
2026-09-26T20:51:52Z,emailservice,0.0,150,0.8,0.0,0
2026-09-26T20:51:52Z,adservice,72.0,600,0.8,0.12,0
2026-09-26T20:51:52Z,redis-cart,26.0,500,0.8,0.052,0
2026-09-26T20:51:53Z,frontend,197.2,1150,0.8,0.17147826086956522,0
2026-09-26T20:51:53Z,cartservice,247.0,1000,0.95,0.247,0
2026-09-26T20:51:53Z,checkoutservice,1544.0,1500,0.8,1.0293333333333334,1
2026-09-26T20:51:53Z,productcatalogservice,364.0,600,0.95,0.6066666666666667,0
2026-09-26T20:51:53Z,paymentservice,141.0,150,0.8,0.94,1
2026-09-26T20:51:53Z,recommendationservice,476.0,2000,0.8,0.238,0
2026-09-26T20:51:53Z,shippingservice,148.0,400,0.8,0.37,0
2026-09-26T20:51:53Z,currencyservice,274.0,500,0.8,0.548,0
2026-09-26T20:51:53Z,emailservice,0.0,150,0.8,0.0,0
2026-09-26T20:51:53Z,adservice,72.0,600,0.8,0.12,0
2026-09-26T20:51:53Z,redis-cart,26.0,500,0.8,0.052,0
2026-09-26T20:51:54Z,frontend,211.6,1150,0.8,0.184,0
2026-09-26T20:51:54Z,cartservice,259.0,1000,0.95,0.259,0
2026-09-26T20:51:54Z,checkoutservice,1429.0,1500,0.8,0.9526666666666667,1
2026-09-26T20:51:54Z,productcatalogservice,411.0,600,0.95,0.685,0
2026-09-26T20:51:54Z,paymentservice,141.0,150,0.8,0.94,1
2026-09-26T20:51:54Z,recommendationservice,640.0,2000,0.8,0.32,0
2026-09-26T20:51:54Z,shippingservice,147.0,400,0.8,0.3675,0
2026-09-26T20:51:54Z,currencyservice,299.0,500,0.8,0.598,0
2026-09-26T20:51:54Z,emailservice,0.0,150,0.8,0.0,0
2026-09-26T20:51:54Z,adservice,82.0,600,0.8,0.13666666666666666,0
2026-09-26T20:51:54Z,redis-cart,24.0,500,0.8,0.048,0
2026-09-26T20:51:55Z,frontend,219.0,1150,0.8,0.19043478260869565,0
2026-09-26T20:51:55Z,cartservice,200.0,1000,0.95,0.2,0
2026-09-26T20:51:55Z,checkoutservice,1441.0,1500,0.8,0.9606666666666667,1
2026-09-26T20:51:55Z,productcatalogservice,411.0,600,0.95,0.685,0
2026-09-26T20:51:55Z,paymentservice,152.0,150,0.8,1.0133333333333334,1
2026-09-26T20:51:55Z,recommendationservice,620.0,2000,0.8,0.31,0
2026-09-26T20:51:55Z,shippingservice,139.0,400,0.8,0.3475,0
2026-09-26T20:51:55Z,currencyservice,334.0,500,0.8,0.668,0
2026-09-26T20:51:55Z,emailservice,18.0,150,0.8,0.12,0
2026-09-26T20:51:55Z,adservice,89.0,600,0.8,0.14833333333333334,0
2026-09-26T20:51:55Z,redis-cart,24.0,500,0.8,0.048,0
2026-09-26T20:51:56Z,frontend,204.0,1150,0.8,0.17739130434782607,0
2026-09-26T20:51:56Z,cartservice,242.0,1000,0.95,0.242,0
2026-09-26T20:51:56Z,checkoutservice,1498.0,1500,0.8,0.9986666666666667,1
2026-09-26T20:51:56Z,productcatalogservice,380.0,600,0.95,0.6333333333333333,0
2026-09-26T20:51:56Z,paymentservice,147.0,150,0.8,0.98,1
2026-09-26T20:51:56Z,recommendationservice,620.0,2000,0.8,0.31,0
2026-09-26T20:51:56Z,shippingservice,139.0,400,0.8,0.3475,0
2026-09-26T20:51:56Z,currencyservice,334.0,500,0.8,0.668,0
2026-09-26T20:51:56Z,emailservice,18.0,150,0.8,0.12,0
2026-09-26T20:51:56Z,adservice,89.0,600,0.8,0.14833333333333334,0
2026-09-26T20:51:56Z,redis-cart,27.0,500,0.8,0.054,0
2026-09-26T20:51:57Z,frontend,199.8,1150,0.8,0.17373913043478262,0
2026-09-26T20:51:57Z,cartservice,242.0,1000,0.95,0.242,0
2026-09-26T20:51:57Z,checkoutservice,1498.0,1500,0.8,0.9986666666666667,1
2026-09-26T20:51:57Z,productcatalogservice,381.0,600,0.95,0.635,0
2026-09-26T20:51:57Z,paymentservice,0.0,150,0.8,0.0,0
2026-09-26T20:51:57Z,recommendationservice,601.0,2000,0.8,0.3005,0
2026-09-26T20:51:57Z,shippingservice,170.0,400,0.8,0.425,0
2026-09-26T20:51:57Z,currencyservice,281.0,500,0.8,0.562,0
2026-09-26T20:51:57Z,emailservice,0.0,150,0.8,0.0,0
2026-09-26T20:51:57Z,adservice,75.0,600,0.8,0.125,0
2026-09-26T20:51:57Z,redis-cart,27.0,500,0.8,0.054,0
2026-09-26T20:51:58Z,frontend,225.6,1150,0.8,0.19617391304347825,0
2026-09-26T20:51:58Z,cartservice,201.0,1000,0.95,0.201,0
2026-09-26T20:51:58Z,checkoutservice,1415.0,1500,0.8,0.9433333333333334,1
2026-09-26T20:51:58Z,productcatalogservice,417.0,600,0.95,0.695,0
2026-09-26T20:51:58Z,paymentservice,0.0,150,0.8,0.0,0
2026-09-26T20:51:58Z,recommendationservice,631.0,2000,0.8,0.3155,0
2026-09-26T20:51:58Z,shippingservice,119.0,400,0.8,0.2975,0
2026-09-26T20:51:58Z,currencyservice,290.0,500,0.8,0.58,0
2026-09-26T20:51:58Z,emailservice,0.0,150,0.8,0.0,0
2026-09-26T20:51:58Z,adservice,82.0,600,0.8,0.13666666666666666,0
2026-09-26T20:51:58Z,redis-cart,28.0,500,0.8,0.056,0
2026-09-26T20:51:59Z,frontend,255.2,1150,0.8,0.22191304347826085,0
2026-09-26T20:51:59Z,cartservice,148.0,1000,0.95,0.148,0
2026-09-26T20:51:59Z,checkoutservice,1227.0,1500,0.8,0.818,1
2026-09-26T20:51:59Z,productcatalogservice,417.0,600,0.95,0.695,0
2026-09-26T20:51:59Z,paymentservice,0.0,150,0.8,0.0,0
2026-09-26T20:51:59Z,recommendationservice,631.0,2000,0.8,0.3155,0
2026-09-26T20:51:59Z,shippingservice,119.0,400,0.8,0.2975,0
2026-09-26T20:51:59Z,currencyservice,290.0,500,0.8,0.58,0
2026-09-26T20:51:59Z,emailservice,0.0,150,0.8,0.0,0
2026-09-26T20:51:59Z,adservice,82.0,600,0.8,0.13666666666666666,0
2026-09-26T20:51:59Z,redis-cart,22.0,500,0.8,0.044,0
2026-09-26T20:52:00Z,frontend,256.2,1150,0.8,0.22278260869565217,0
2026-09-26T20:52:00Z,cartservice,148.0,1000,0.95,0.148,0
2026-09-26T20:52:00Z,checkoutservice,1227.0,1500,0.8,0.818,1
2026-09-26T20:52:00Z,productcatalogservice,447.0,600,0.95,0.745,0
2026-09-26T20:52:00Z,paymentservice,0.0,150,0.8,0.0,0
2026-09-26T20:52:00Z,recommendationservice,756.0,2000,0.8,0.378,0
2026-09-26T20:52:00Z,shippingservice,117.0,400,0.8,0.2925,0
2026-09-26T20:52:00Z,currencyservice,271.0,500,0.8,0.542,0
2026-09-26T20:52:00Z,emailservice,0.0,150,0.8,0.0,0
2026-09-26T20:52:00Z,adservice,95.0,600,0.8,0.15833333333333333,0
2026-09-26T20:52:00Z,redis-cart,22.0,500,0.8,0.044,0
2026-09-26T20:52:01Z,frontend,248.0,1150,0.8,0.21565217391304348,0
2026-09-26T20:52:01Z,cartservice,190.0,1000,0.95,0.19,0
2026-09-26T20:52:01Z,checkoutservice,1118.0,1500,0.8,0.7453333333333333,0
2026-09-26T20:52:01Z,productcatalogservice,447.0,600,0.95,0.745,0
2026-09-26T20:52:01Z,paymentservice,0.0,150,0.8,0.0,0
2026-09-26T20:52:01Z,recommendationservice,756.0,2000,0.8,0.378,0
2026-09-26T20:52:01Z,shippingservice,113.0,400,0.8,0.2825,0
2026-09-26T20:52:01Z,currencyservice,271.0,500,0.8,0.542,0
2026-09-26T20:52:01Z,emailservice,29.0,150,0.8,0.19333333333333333,0
2026-09-26T20:52:01Z,adservice,74.0,600,0.8,0.12333333333333334,0
2026-09-26T20:52:01Z,redis-cart,26.0,500,0.8,0.052,0
2026-09-26T20:52:02Z,frontend,241.2,1150,0.8,0.2097391304347826,0
2026-09-26T20:52:02Z,cartservice,189.0,1000,0.95,0.189,0
2026-09-26T20:52:02Z,checkoutservice,1141.0,1500,0.8,0.7606666666666667,0
2026-09-26T20:52:02Z,productcatalogservice,420.0,600,0.95,0.7,0
2026-09-26T20:52:02Z,paymentservice,0.0,150,0.8,0.0,0
2026-09-26T20:52:02Z,recommendationservice,688.0,2000,0.8,0.344,0
2026-09-26T20:52:02Z,shippingservice,113.0,400,0.8,0.2825,0
2026-09-26T20:52:02Z,currencyservice,256.0,500,0.8,0.512,0
2026-09-26T20:52:02Z,emailservice,0.0,150,0.8,0.0,0
2026-09-26T20:52:02Z,adservice,74.0,600,0.8,0.12333333333333334,0
2026-09-26T20:52:02Z,redis-cart,19.0,500,0.8,0.038,0
2026-09-26T20:52:03Z,frontend,229.6,1150,0.8,0.19965217391304346,0
2026-09-26T20:52:03Z,cartservice,189.0,1000,0.95,0.189,0
2026-09-26T20:52:03Z,checkoutservice,1260.0,1500,0.8,0.84,1
2026-09-26T20:52:03Z,productcatalogservice,436.0,600,0.95,0.7266666666666667,0
2026-09-26T20:52:03Z,paymentservice,0.0,150,0.8,0.0,0
2026-09-26T20:52:03Z,recommendationservice,688.0,2000,0.8,0.344,0
2026-09-26T20:52:03Z,shippingservice,106.0,400,0.8,0.265,0
2026-09-26T20:52:03Z,currencyservice,220.0,500,0.8,0.44,0
2026-09-26T20:52:03Z,emailservice,0.0,150,0.8,0.0,0
2026-09-26T20:52:03Z,adservice,82.0,600,0.8,0.13666666666666666,0
2026-09-26T20:52:03Z,redis-cart,19.0,500,0.8,0.038,0
2026-09-26T20:52:04Z,frontend,228.8,1150,0.8,0.19895652173913045,0
2026-09-26T20:52:04Z,cartservice,199.0,1000,0.95,0.199,0
2026-09-26T20:52:04Z,checkoutservice,1079.0,1500,0.8,0.7193333333333334,0
2026-09-26T20:52:04Z,productcatalogservice,436.0,600,0.95,0.7266666666666667,0
2026-09-26T20:52:04Z,paymentservice,0.0,150,0.8,0.0,0
2026-09-26T20:52:04Z,recommendationservice,644.0,2000,0.8,0.322,0
2026-09-26T20:52:04Z,shippingservice,116.0,400,0.8,0.29,0
2026-09-26T20:52:04Z,currencyservice,267.0,500,0.8,0.534,0
2026-09-26T20:52:04Z,emailservice,0.0,150,0.8,0.0,0
2026-09-26T20:52:04Z,adservice,82.0,600,0.8,0.13666666666666666,0
2026-09-26T20:52:04Z,redis-cart,23.0,500,0.8,0.046,0
2026-09-26T20:52:05Z,frontend,239.2,1150,0.8,0.208,0
2026-09-26T20:52:05Z,cartservice,189.0,1000,0.95,0.189,0
2026-09-26T20:52:05Z,checkoutservice,1079.0,1500,0.8,0.7193333333333334,0
2026-09-26T20:52:05Z,productcatalogservice,449.0,600,0.95,0.7483333333333333,0
2026-09-26T20:52:05Z,paymentservice,0.0,150,0.8,0.0,0
2026-09-26T20:52:05Z,recommendationservice,673.0,2000,0.8,0.3365,0
2026-09-26T20:52:05Z,shippingservice,116.0,400,0.8,0.29,0
2026-09-26T20:52:05Z,currencyservice,267.0,500,0.8,0.534,0
2026-09-26T20:52:05Z,emailservice,0.0,150,0.8,0.0,0
2026-09-26T20:52:05Z,adservice,80.0,600,0.8,0.13333333333333333,0
2026-09-26T20:52:05Z,redis-cart,23.0,500,0.8,0.046,0
2026-09-26T20:52:06Z,frontend,237.6,1150,0.8,0.2066086956521739,0
2026-09-26T20:52:06Z,cartservice,179.0,1000,0.95,0.179,0
2026-09-26T20:52:06Z,checkoutservice,1143.0,1500,0.8,0.762,0
2026-09-26T20:52:06Z,productcatalogservice,449.0,600,0.95,0.7483333333333333,0
2026-09-26T20:52:06Z,paymentservice,0.0,150,0.8,0.0,0
2026-09-26T20:52:06Z,recommendationservice,673.0,2000,0.8,0.3365,0
2026-09-26T20:52:06Z,shippingservice,95.0,400,0.8,0.2375,0
2026-09-26T20:52:06Z,currencyservice,209.0,500,0.8,0.418,0
2026-09-26T20:52:06Z,emailservice,18.0,150,0.8,0.12,0
2026-09-26T20:52:06Z,adservice,75.0,600,0.8,0.125,0
2026-09-26T20:52:06Z,redis-cart,24.0,500,0.8,0.048,0
2026-09-26T20:52:07Z,frontend,222.6,1150,0.8,0.19356521739130433,0
2026-09-26T20:52:07Z,cartservice,179.0,1000,0.95,0.179,0
2026-09-26T20:52:07Z,checkoutservice,1242.0,1500,0.8,0.828,1
2026-09-26T20:52:07Z,productcatalogservice,415.0,600,0.95,0.6916666666666667,0
2026-09-26T20:52:07Z,paymentservice,0.0,150,0.8,0.0,0
2026-09-26T20:52:07Z,recommendationservice,704.0,2000,0.8,0.352,0
2026-09-26T20:52:07Z,shippingservice,131.0,400,0.8,0.3275,0
2026-09-26T20:52:07Z,currencyservice,209.0,500,0.8,0.418,0
2026-09-26T20:52:07Z,emailservice,0.0,150,0.8,0.0,0
2026-09-26T20:52:07Z,adservice,75.0,600,0.8,0.125,0
2026-09-26T20:52:07Z,redis-cart,23.0,500,0.8,0.046,0
2026-09-26T20:52:08Z,frontend,255.8,1150,0.8,0.22243478260869567,0
2026-09-26T20:52:08Z,cartservice,244.0,1000,0.95,0.244,0
2026-09-26T20:52:08Z,checkoutservice,1242.0,1500,0.8,0.828,1
2026-09-26T20:52:08Z,productcatalogservice,392.0,600,0.95,0.6533333333333333,0
2026-09-26T20:52:08Z,paymentservice,0.0,150,0.8,0.0,0
2026-09-26T20:52:08Z,recommendationservice,609.0,2000,0.8,0.3045,0
2026-09-26T20:52:08Z,shippingservice,131.0,400,0.8,0.3275,0
2026-09-26T20:52:08Z,currencyservice,284.0,500,0.8,0.568,0
2026-09-26T20:52:08Z,emailservice,0.0,150,0.8,0.0,0
2026-09-26T20:52:08Z,adservice,74.0,600,0.8,0.12333333333333334,0
2026-09-26T20:52:08Z,redis-cart,23.0,500,0.8,0.046,0
2026-09-26T20:52:09Z,frontend,255.2,1150,0.8,0.22191304347826085,0
2026-09-26T20:52:09Z,cartservice,205.0,1000,0.95,0.205,0
2026-09-26T20:52:09Z,checkoutservice,1191.0,1500,0.8,0.794,0
2026-09-26T20:52:09Z,productcatalogservice,392.0,600,0.95,0.6533333333333333,0
2026-09-26T20:52:09Z,paymentservice,0.0,150,0.8,0.0,0
2026-09-26T20:52:09Z,recommendationservice,667.0,2000,0.8,0.3335,0
2026-09-26T20:52:09Z,shippingservice,98.0,400,0.8,0.245,0
2026-09-26T20:52:09Z,currencyservice,247.0,500,0.8,0.494,0
2026-09-26T20:52:09Z,emailservice,0.0,150,0.8,0.0,0
2026-09-26T20:52:09Z,adservice,74.0,600,0.8,0.12333333333333334,0
2026-09-26T20:52:09Z,redis-cart,23.0,500,0.8,0.046,0
2026-09-26T20:52:10Z,frontend,235.2,1150,0.8,0.20452173913043478,0
2026-09-26T20:52:10Z,cartservice,205.0,1000,0.95,0.205,0
2026-09-26T20:52:10Z,checkoutservice,1172.0,1500,0.8,0.7813333333333333,0
2026-09-26T20:52:10Z,productcatalogservice,457.0,600,0.95,0.7616666666666667,0
2026-09-26T20:52:10Z,paymentservice,0.0,150,0.8,0.0,0
2026-09-26T20:52:10Z,recommendationservice,667.0,2000,0.8,0.3335,0
2026-09-26T20:52:10Z,shippingservice,122.0,400,0.8,0.305,0
2026-09-26T20:52:10Z,currencyservice,247.0,500,0.8,0.494,0
2026-09-26T20:52:10Z,emailservice,19.0,150,0.8,0.12666666666666668,0
2026-09-26T20:52:10Z,adservice,86.0,600,0.8,0.14333333333333334,0
2026-09-26T20:52:10Z,redis-cart,24.0,500,0.8,0.048,0
2026-09-26T20:52:11Z,frontend,244.2,1150,0.8,0.21234782608695651,0
2026-09-26T20:52:11Z,cartservice,184.0,1000,0.95,0.184,0
2026-09-26T20:52:11Z,checkoutservice,1172.0,1500,0.8,0.7813333333333333,0
2026-09-26T20:52:11Z,productcatalogservice,403.0,600,0.95,0.6716666666666666,0
2026-09-26T20:52:11Z,paymentservice,0.0,150,0.8,0.0,0
2026-09-26T20:52:11Z,recommendationservice,718.0,2000,0.8,0.359,0
2026-09-26T20:52:11Z,shippingservice,91.0,400,0.8,0.2275,0
2026-09-26T20:52:11Z,currencyservice,278.0,500,0.8,0.556,0
2026-09-26T20:52:11Z,emailservice,0.0,150,0.8,0.0,0
2026-09-26T20:52:11Z,adservice,86.0,600,0.8,0.14333333333333334,0
2026-09-26T20:52:11Z,redis-cart,24.0,500,0.8,0.048,0
2026-09-26T20:52:12Z,frontend,228.8,1150,0.8,0.19895652173913045,0
2026-09-26T20:52:12Z,cartservice,224.0,1000,0.95,0.224,0
2026-09-26T20:52:12Z,checkoutservice,1051.0,1500,0.8,0.7006666666666667,0
2026-09-26T20:52:12Z,productcatalogservice,407.0,600,0.95,0.6783333333333333,0
2026-09-26T20:52:12Z,paymentservice,0.0,150,0.8,0.0,0
2026-09-26T20:52:12Z,recommendationservice,702.0,2000,0.8,0.351,0
2026-09-26T20:52:12Z,shippingservice,118.0,400,0.8,0.295,0
2026-09-26T20:52:12Z,currencyservice,220.0,500,0.8,0.44,0
2026-09-26T20:52:12Z,emailservice,0.0,150,0.8,0.0,0
2026-09-26T20:52:12Z,adservice,78.0,600,0.8,0.13,0
2026-09-26T20:52:12Z,redis-cart,25.0,500,0.8,0.05,0
2026-09-26T20:52:13Z,frontend,226.8,1150,0.8,0.19721739130434784,0
2026-09-26T20:52:13Z,cartservice,224.0,1000,0.95,0.224,0
2026-09-26T20:52:13Z,checkoutservice,1144.0,1500,0.8,0.7626666666666667,0
2026-09-26T20:52:13Z,productcatalogservice,407.0,600,0.95,0.6783333333333333,0
2026-09-26T20:52:13Z,paymentservice,0.0,150,0.8,0.0,0
2026-09-26T20:52:13Z,recommendationservice,702.0,2000,0.8,0.351,0
2026-09-26T20:52:13Z,shippingservice,118.0,400,0.8,0.295,0
2026-09-26T20:52:13Z,currencyservice,220.0,500,0.8,0.44,0
2026-09-26T20:52:13Z,emailservice,0.0,150,0.8,0.0,0
2026-09-26T20:52:13Z,adservice,78.0,600,0.8,0.13,0
2026-09-26T20:52:13Z,redis-cart,21.0,500,0.8,0.042,0
2026-09-26T20:52:14Z,frontend,258.6,1150,0.8,0.22486956521739132,0
2026-09-26T20:52:14Z,cartservice,213.0,1000,0.95,0.213,0
2026-09-26T20:52:14Z,checkoutservice,1156.0,1500,0.8,0.7706666666666667,0
2026-09-26T20:52:14Z,productcatalogservice,453.0,600,0.95,0.755,0
2026-09-26T20:52:14Z,paymentservice,0.0,150,0.8,0.0,0
2026-09-26T20:52:14Z,recommendationservice,704.0,2000,0.8,0.352,0
2026-09-26T20:52:14Z,shippingservice,118.0,400,0.8,0.295,0
2026-09-26T20:52:14Z,currencyservice,266.0,500,0.8,0.532,0
2026-09-26T20:52:14Z,emailservice,0.0,150,0.8,0.0,0
2026-09-26T20:52:14Z,adservice,85.0,600,0.8,0.14166666666666666,0
2026-09-26T20:52:14Z,redis-cart,21.0,500,0.8,0.042,0
2026-09-26T20:52:15Z,frontend,252.4,1150,0.8,0.21947826086956523,0
2026-09-26T20:52:15Z,cartservice,213.0,1000,0.95,0.213,0
2026-09-26T20:52:15Z,checkoutservice,1156.0,1500,0.8,0.7706666666666667,0
2026-09-26T20:52:15Z,productcatalogservice,453.0,600,0.95,0.755,0
2026-09-26T20:52:15Z,paymentservice,0.0,150,0.8,0.0,0
2026-09-26T20:52:15Z,recommendationservice,705.0,2000,0.8,0.3525,0
2026-09-26T20:52:15Z,shippingservice,104.0,400,0.8,0.26,0
2026-09-26T20:52:15Z,currencyservice,266.0,500,0.8,0.532,0
2026-09-26T20:52:15Z,emailservice,18.0,150,0.8,0.12,0
2026-09-26T20:52:15Z,adservice,85.0,600,0.8,0.14166666666666666,0
2026-09-26T20:52:15Z,redis-cart,21.0,500,0.8,0.042,0
2026-09-26T20:52:16Z,frontend,249.2,1150,0.8,0.21669565217391304,0
2026-09-26T20:52:16Z,cartservice,229.0,1000,0.95,0.229,0
2026-09-26T20:52:16Z,checkoutservice,1207.0,1500,0.8,0.8046666666666666,1
2026-09-26T20:52:16Z,productcatalogservice,438.0,600,0.95,0.73,0
2026-09-26T20:52:16Z,paymentservice,0.0,150,0.8,0.0,0
2026-09-26T20:52:16Z,recommendationservice,705.0,2000,0.8,0.3525,0
2026-09-26T20:52:16Z,shippingservice,108.0,400,0.8,0.27,0
2026-09-26T20:52:16Z,currencyservice,238.0,500,0.8,0.476,0
2026-09-26T20:52:16Z,emailservice,0.0,150,0.8,0.0,0
2026-09-26T20:52:16Z,adservice,100.0,600,0.8,0.16666666666666666,0
2026-09-26T20:52:16Z,redis-cart,25.0,500,0.8,0.05,0
2026-09-26T20:52:17Z,frontend,252.2,1150,0.8,0.21930434782608696,0
2026-09-26T20:52:17Z,cartservice,260.0,1000,0.95,0.26,0
2026-09-26T20:52:17Z,checkoutservice,1192.0,1500,0.8,0.7946666666666666,0
2026-09-26T20:52:17Z,productcatalogservice,438.0,600,0.95,0.73,0
2026-09-26T20:52:17Z,paymentservice,0.0,150,0.8,0.0,0
2026-09-26T20:52:17Z,recommendationservice,754.0,2000,0.8,0.377,0
2026-09-26T20:52:17Z,shippingservice,151.0,400,0.8,0.3775,0
2026-09-26T20:52:17Z,currencyservice,238.0,500,0.8,0.476,0
2026-09-26T20:52:17Z,emailservice,0.0,150,0.8,0.0,0
2026-09-26T20:52:17Z,adservice,78.0,600,0.8,0.13,0
2026-09-26T20:52:17Z,redis-cart,22.0,500,0.8,0.044,0
2026-09-26T20:52:18Z,frontend,236.0,1150,0.8,0.20521739130434782,0
2026-09-26T20:52:18Z,cartservice,260.0,1000,0.95,0.26,0
2026-09-26T20:52:18Z,checkoutservice,1177.0,1500,0.8,0.7846666666666666,0
2026-09-26T20:52:18Z,productcatalogservice,416.0,600,0.95,0.6933333333333334,0
2026-09-26T20:52:18Z,paymentservice,0.0,150,0.8,0.0,0
2026-09-26T20:52:18Z,recommendationservice,754.0,2000,0.8,0.377,0
2026-09-26T20:52:18Z,shippingservice,151.0,400,0.8,0.3775,0
2026-09-26T20:52:18Z,currencyservice,273.0,500,0.8,0.546,0
2026-09-26T20:52:18Z,emailservice,0.0,150,0.8,0.0,0
2026-09-26T20:52:18Z,adservice,67.0,600,0.8,0.11166666666666666,0
2026-09-26T20:52:18Z,redis-cart,22.0,500,0.8,0.044,0
2026-09-26T20:52:19Z,frontend,239.4,1150,0.8,0.20817391304347826,0
2026-09-26T20:52:19Z,cartservice,301.0,1000,0.95,0.301,0
2026-09-26T20:52:19Z,checkoutservice,1177.0,1500,0.8,0.7846666666666666,0
2026-09-26T20:52:19Z,productcatalogservice,449.0,600,0.95,0.7483333333333333,0
2026-09-26T20:52:19Z,paymentservice,0.0,150,0.8,0.0,0
2026-09-26T20:52:19Z,recommendationservice,651.0,2000,0.8,0.3255,0
2026-09-26T20:52:19Z,shippingservice,103.0,400,0.8,0.2575,0
2026-09-26T20:52:19Z,currencyservice,250.0,500,0.8,0.5,0
2026-09-26T20:52:19Z,emailservice,0.0,150,0.8,0.0,0
2026-09-26T20:52:19Z,adservice,67.0,600,0.8,0.11166666666666666,0
2026-09-26T20:52:19Z,redis-cart,27.0,500,0.8,0.054,0
2026-09-26T20:52:20Z,frontend,269.6,1150,0.8,0.23443478260869569,0
2026-09-26T20:52:20Z,cartservice,301.0,1000,0.95,0.301,0
2026-09-26T20:52:20Z,checkoutservice,1119.0,1500,0.8,0.746,0
2026-09-26T20:52:20Z,productcatalogservice,449.0,600,0.95,0.7483333333333333,0
2026-09-26T20:52:20Z,paymentservice,0.0,150,0.8,0.0,0
2026-09-26T20:52:20Z,recommendationservice,772.0,2000,0.8,0.386,0
2026-09-26T20:52:20Z,shippingservice,124.0,400,0.8,0.31,0
2026-09-26T20:52:20Z,currencyservice,250.0,500,0.8,0.5,0
2026-09-26T20:52:20Z,emailservice,0.0,150,0.8,0.0,0
2026-09-26T20:52:20Z,adservice,96.0,600,0.8,0.16,0
2026-09-26T20:52:20Z,redis-cart,23.0,500,0.8,0.046,0
2026-09-26T20:52:21Z,frontend,247.2,1150,0.8,0.21495652173913044,0
2026-09-26T20:52:21Z,cartservice,295.0,1000,0.95,0.295,0
2026-09-26T20:52:21Z,checkoutservice,1119.0,1500,0.8,0.746,0
2026-09-26T20:52:21Z,productcatalogservice,418.0,600,0.95,0.6966666666666667,0
2026-09-26T20:52:21Z,paymentservice,0.0,150,0.8,0.0,0
2026-09-26T20:52:21Z,recommendationservice,704.0,2000,0.8,0.352,0
2026-09-26T20:52:21Z,shippingservice,124.0,400,0.8,0.31,0
2026-09-26T20:52:21Z,currencyservice,271.0,500,0.8,0.542,0
2026-09-26T20:52:21Z,emailservice,17.0,150,0.8,0.11333333333333333,0
2026-09-26T20:52:21Z,adservice,69.0,600,0.8,0.115,0
2026-09-26T20:52:21Z,redis-cart,23.0,500,0.8,0.046,0
2026-09-26T20:52:22Z,frontend,247.6,1150,0.8,0.21530434782608696,0
2026-09-26T20:52:22Z,cartservice,253.0,1000,0.95,0.253,0
2026-09-26T20:52:22Z,checkoutservice,1151.0,1500,0.8,0.7673333333333333,0
2026-09-26T20:52:22Z,productcatalogservice,465.0,600,0.95,0.775,0
2026-09-26T20:52:22Z,paymentservice,0.0,150,0.8,0.0,0
2026-09-26T20:52:22Z,recommendationservice,704.0,2000,0.8,0.352,0
2026-09-26T20:52:22Z,shippingservice,117.0,400,0.8,0.2925,0
2026-09-26T20:52:22Z,currencyservice,247.0,500,0.8,0.494,0
2026-09-26T20:52:22Z,emailservice,17.0,150,0.8,0.11333333333333333,0
2026-09-26T20:52:22Z,adservice,69.0,600,0.8,0.115,0
2026-09-26T20:52:22Z,redis-cart,20.0,500,0.8,0.04,0
2026-09-26T20:52:23Z,frontend,265.8,1150,0.8,0.2311304347826087,0
2026-09-26T20:52:23Z,cartservice,253.0,1000,0.95,0.253,0
2026-09-26T20:52:23Z,checkoutservice,1151.0,1500,0.8,0.7673333333333333,0
2026-09-26T20:52:23Z,productcatalogservice,455.0,600,0.95,0.7583333333333333,0
2026-09-26T20:52:23Z,paymentservice,0.0,150,0.8,0.0,0
2026-09-26T20:52:23Z,recommendationservice,773.0,2000,0.8,0.3865,0
2026-09-26T20:52:23Z,shippingservice,113.0,400,0.8,0.2825,0
2026-09-26T20:52:23Z,currencyservice,247.0,500,0.8,0.494,0
2026-09-26T20:52:23Z,emailservice,0.0,150,0.8,0.0,0
2026-09-26T20:52:23Z,adservice,85.0,600,0.8,0.14166666666666666,0
2026-09-26T20:52:23Z,redis-cart,20.0,500,0.8,0.04,0
2026-09-26T20:52:24Z,frontend,254.2,1150,0.8,0.22104347826086956,0
2026-09-26T20:52:24Z,cartservice,302.0,1000,0.95,0.302,0
2026-09-26T20:52:24Z,checkoutservice,1165.0,1500,0.8,0.7766666666666666,0
2026-09-26T20:52:24Z,productcatalogservice,455.0,600,0.95,0.7583333333333333,0
2026-09-26T20:52:24Z,paymentservice,0.0,150,0.8,0.0,0
2026-09-26T20:52:24Z,recommendationservice,773.0,2000,0.8,0.3865,0
2026-09-26T20:52:24Z,shippingservice,116.0,400,0.8,0.29,0
2026-09-26T20:52:24Z,currencyservice,231.0,500,0.8,0.462,0
2026-09-26T20:52:24Z,emailservice,0.0,150,0.8,0.0,0
2026-09-26T20:52:24Z,adservice,85.0,600,0.8,0.14166666666666666,0
2026-09-26T20:52:24Z,redis-cart,26.0,500,0.8,0.052,0
2026-09-26T20:52:25Z,frontend,272.8,1150,0.8,0.23721739130434782,0
2026-09-26T20:52:25Z,cartservice,302.0,1000,0.95,0.302,0
2026-09-26T20:52:25Z,checkoutservice,1119.0,1500,0.8,0.746,0
2026-09-26T20:52:25Z,productcatalogservice,493.0,600,0.95,0.8216666666666667,0
2026-09-26T20:52:25Z,paymentservice,0.0,150,0.8,0.0,0
2026-09-26T20:52:25Z,recommendationservice,766.0,2000,0.8,0.383,0
2026-09-26T20:52:25Z,shippingservice,116.0,400,0.8,0.29,0
2026-09-26T20:52:25Z,currencyservice,231.0,500,0.8,0.462,0
2026-09-26T20:52:25Z,emailservice,0.0,150,0.8,0.0,0
2026-09-26T20:52:25Z,adservice,78.0,600,0.8,0.13,0
2026-09-26T20:52:25Z,redis-cart,23.0,500,0.8,0.046,0
2026-09-26T20:52:26Z,frontend,252.2,1150,0.8,0.21930434782608696,0
2026-09-26T20:52:26Z,cartservice,261.0,1000,0.95,0.261,0
2026-09-26T20:52:26Z,checkoutservice,1205.0,1500,0.8,0.8033333333333333,1
2026-09-26T20:52:26Z,productcatalogservice,493.0,600,0.95,0.8216666666666667,0
2026-09-26T20:52:26Z,paymentservice,0.0,150,0.8,0.0,0
2026-09-26T20:52:26Z,recommendationservice,701.0,2000,0.8,0.3505,0
2026-09-26T20:52:26Z,shippingservice,118.0,400,0.8,0.295,0
2026-09-26T20:52:26Z,currencyservice,284.0,500,0.8,0.568,0
2026-09-26T20:52:26Z,emailservice,26.0,150,0.8,0.17333333333333334,0
2026-09-26T20:52:26Z,adservice,99.0,600,0.8,0.165,0
2026-09-26T20:52:26Z,redis-cart,20.0,500,0.8,0.04,0
2026-09-26T20:52:27Z,frontend,245.8,1150,0.8,0.21373913043478263,0
2026-09-26T20:52:27Z,cartservice,215.0,1000,0.95,0.215,0
2026-09-26T20:52:27Z,checkoutservice,1205.0,1500,0.8,0.8033333333333333,1
2026-09-26T20:52:27Z,productcatalogservice,434.0,600,0.95,0.7233333333333334,0
2026-09-26T20:52:27Z,paymentservice,0.0,150,0.8,0.0,0
2026-09-26T20:52:27Z,recommendationservice,686.0,2000,0.8,0.343,0
2026-09-26T20:52:27Z,shippingservice,118.0,400,0.8,0.295,0
2026-09-26T20:52:27Z,currencyservice,256.0,500,0.8,0.512,0
2026-09-26T20:52:27Z,emailservice,0.0,150,0.8,0.0,0
2026-09-26T20:52:27Z,adservice,87.0,600,0.8,0.145,0
2026-09-26T20:52:27Z,redis-cart,21.0,500,0.8,0.042,0
2026-09-26T20:52:28Z,frontend,243.6,1150,0.8,0.21182608695652175,0
2026-09-26T20:52:28Z,cartservice,237.0,1000,0.95,0.237,0
2026-09-26T20:52:28Z,checkoutservice,1172.0,1500,0.8,0.7813333333333333,0
2026-09-26T20:52:28Z,productcatalogservice,440.0,600,0.95,0.7333333333333333,0
2026-09-26T20:52:28Z,paymentservice,0.0,150,0.8,0.0,0
2026-09-26T20:52:28Z,recommendationservice,686.0,2000,0.8,0.343,0
2026-09-26T20:52:28Z,shippingservice,120.0,400,0.8,0.3,0
2026-09-26T20:52:28Z,currencyservice,256.0,500,0.8,0.512,0
2026-09-26T20:52:28Z,emailservice,0.0,150,0.8,0.0,0
2026-09-26T20:52:28Z,adservice,78.0,600,0.8,0.13,0
2026-09-26T20:52:28Z,redis-cart,21.0,500,0.8,0.042,0
2026-09-26T20:52:29Z,frontend,231.6,1150,0.8,0.2013913043478261,0
2026-09-26T20:52:29Z,cartservice,237.0,1000,0.95,0.237,0
2026-09-26T20:52:29Z,checkoutservice,1172.0,1500,0.8,0.7813333333333333,0
2026-09-26T20:52:29Z,productcatalogservice,440.0,600,0.95,0.7333333333333333,0
2026-09-26T20:52:29Z,paymentservice,0.0,150,0.8,0.0,0
2026-09-26T20:52:29Z,recommendationservice,733.0,2000,0.8,0.3665,0
2026-09-26T20:52:29Z,shippingservice,114.0,400,0.8,0.285,0
2026-09-26T20:52:29Z,currencyservice,250.0,500,0.8,0.5,0
2026-09-26T20:52:29Z,emailservice,0.0,150,0.8,0.0,0
2026-09-26T20:52:29Z,adservice,78.0,600,0.8,0.13,0
2026-09-26T20:52:29Z,redis-cart,23.0,500,0.8,0.046,0
2026-09-26T20:52:30Z,frontend,244.8,1150,0.8,0.2128695652173913,0
2026-09-26T20:52:30Z,cartservice,293.0,1000,0.95,0.293,0
2026-09-26T20:52:30Z,checkoutservice,1127.0,1500,0.8,0.7513333333333333,0
2026-09-26T20:52:30Z,productcatalogservice,410.0,600,0.95,0.6833333333333333,0
2026-09-26T20:52:30Z,paymentservice,0.0,150,0.8,0.0,0
2026-09-26T20:52:30Z,recommendationservice,723.0,2000,0.8,0.3615,0
2026-09-26T20:52:30Z,shippingservice,97.0,400,0.8,0.2425,0
2026-09-26T20:52:30Z,currencyservice,250.0,500,0.8,0.5,0
2026-09-26T20:52:30Z,emailservice,0.0,150,0.8,0.0,0
2026-09-26T20:52:30Z,adservice,92.0,600,0.8,0.15333333333333332,0
2026-09-26T20:52:30Z,redis-cart,23.0,500,0.8,0.046,0
2026-09-26T20:52:31Z,frontend,248.4,1150,0.8,0.216,0
2026-09-26T20:52:31Z,cartservice,236.0,1000,0.95,0.236,0
2026-09-26T20:52:31Z,checkoutservice,1194.0,1500,0.8,0.796,0
2026-09-26T20:52:31Z,productcatalogservice,410.0,600,0.95,0.6833333333333333,0
2026-09-26T20:52:31Z,paymentservice,0.0,150,0.8,0.0,0
2026-09-26T20:52:31Z,recommendationservice,649.0,2000,0.8,0.3245,0
2026-09-26T20:52:31Z,shippingservice,97.0,400,0.8,0.2425,0
2026-09-26T20:52:31Z,currencyservice,270.0,500,0.8,0.54,0
2026-09-26T20:52:31Z,emailservice,21.0,150,0.8,0.14,0
2026-09-26T20:52:31Z,adservice,68.0,600,0.8,0.11333333333333333,0
2026-09-26T20:52:31Z,redis-cart,23.0,500,0.8,0.046,0
2026-09-26T20:52:32Z,frontend,253.8,1150,0.8,0.22069565217391304,0
2026-09-26T20:52:32Z,cartservice,236.0,1000,0.95,0.236,0
2026-09-26T20:52:32Z,checkoutservice,1127.0,1500,0.8,0.7513333333333333,0
2026-09-26T20:52:32Z,productcatalogservice,461.0,600,0.95,0.7683333333333333,0
2026-09-26T20:52:32Z,paymentservice,0.0,150,0.8,0.0,0
2026-09-26T20:52:32Z,recommendationservice,649.0,2000,0.8,0.3245,0
2026-09-26T20:52:32Z,shippingservice,128.0,400,0.8,0.32,0
2026-09-26T20:52:32Z,currencyservice,226.0,500,0.8,0.452,0
2026-09-26T20:52:32Z,emailservice,21.0,150,0.8,0.14,0
2026-09-26T20:52:32Z,adservice,68.0,600,0.8,0.11333333333333333,0
2026-09-26T20:52:32Z,redis-cart,23.0,500,0.8,0.046,0
2026-09-26T20:52:33Z,frontend,240.6,1150,0.8,0.20921739130434783,0
2026-09-26T20:52:33Z,cartservice,266.0,1000,0.95,0.266,0
2026-09-26T20:52:33Z,checkoutservice,1127.0,1500,0.8,0.7513333333333333,0
2026-09-26T20:52:33Z,productcatalogservice,433.0,600,0.95,0.7216666666666667,0
2026-09-26T20:52:33Z,paymentservice,0.0,150,0.8,0.0,0
2026-09-26T20:52:33Z,recommendationservice,722.0,2000,0.8,0.361,0
2026-09-26T20:52:33Z,shippingservice,121.0,400,0.8,0.3025,0
2026-09-26T20:52:33Z,currencyservice,233.0,500,0.8,0.466,0
2026-09-26T20:52:33Z,emailservice,0.0,150,0.8,0.0,0
2026-09-26T20:52:33Z,adservice,96.0,600,0.8,0.16,0
2026-09-26T20:52:33Z,redis-cart,22.0,500,0.8,0.044,0
2026-09-26T20:52:34Z,frontend,247.4,1150,0.8,0.2151304347826087,0
2026-09-26T20:52:34Z,cartservice,164.0,1000,0.95,0.164,0
2026-09-26T20:52:34Z,checkoutservice,1087.0,1500,0.8,0.7246666666666667,0
2026-09-26T20:52:34Z,productcatalogservice,459.0,600,0.95,0.765,0
2026-09-26T20:52:34Z,paymentservice,0.0,150,0.8,0.0,0
2026-09-26T20:52:34Z,recommendationservice,688.0,2000,0.8,0.344,0
2026-09-26T20:52:34Z,shippingservice,121.0,400,0.8,0.3025,0
2026-09-26T20:52:34Z,currencyservice,233.0,500,0.8,0.466,0
2026-09-26T20:52:34Z,emailservice,0.0,150,0.8,0.0,0
2026-09-26T20:52:34Z,adservice,71.0,600,0.8,0.11833333333333333,0
2026-09-26T20:52:34Z,redis-cart,23.0,500,0.8,0.046,0
2026-09-26T20:52:35Z,frontend,246.6,1150,0.8,0.21443478260869564,0
2026-09-26T20:52:35Z,cartservice,164.0,1000,0.95,0.164,0
2026-09-26T20:52:35Z,checkoutservice,1185.0,1500,0.8,0.79,0
2026-09-26T20:52:35Z,productcatalogservice,459.0,600,0.95,0.765,0
2026-09-26T20:52:35Z,paymentservice,0.0,150,0.8,0.0,0
2026-09-26T20:52:35Z,recommendationservice,688.0,2000,0.8,0.344,0
2026-09-26T20:52:35Z,shippingservice,107.0,400,0.8,0.2675,0
2026-09-26T20:52:35Z,currencyservice,281.0,500,0.8,0.562,0
2026-09-26T20:52:35Z,emailservice,0.0,150,0.8,0.0,0
2026-09-26T20:52:35Z,adservice,71.0,600,0.8,0.11833333333333333,0
2026-09-26T20:52:35Z,redis-cart,24.0,500,0.8,0.048,0
2026-09-26T20:52:36Z,frontend,238.2,1150,0.8,0.20713043478260867,0
2026-09-26T20:52:36Z,cartservice,178.0,1000,0.95,0.178,0
2026-09-26T20:52:36Z,checkoutservice,1185.0,1500,0.8,0.79,0
2026-09-26T20:52:36Z,productcatalogservice,441.0,600,0.95,0.735,0
2026-09-26T20:52:36Z,paymentservice,0.0,150,0.8,0.0,0
2026-09-26T20:52:36Z,recommendationservice,738.0,2000,0.8,0.369,0
2026-09-26T20:52:36Z,shippingservice,119.0,400,0.8,0.2975,0
2026-09-26T20:52:36Z,currencyservice,217.0,500,0.8,0.434,0
2026-09-26T20:52:36Z,emailservice,16.0,150,0.8,0.10666666666666667,0
2026-09-26T20:52:36Z,adservice,90.0,600,0.8,0.15,0
2026-09-26T20:52:36Z,redis-cart,24.0,500,0.8,0.048,0
2026-09-26T20:52:37Z,frontend,262.6,1150,0.8,0.22834782608695653,0
2026-09-26T20:52:37Z,cartservice,197.0,1000,0.95,0.197,0
2026-09-26T20:52:37Z,checkoutservice,1183.0,1500,0.8,0.7886666666666666,0
2026-09-26T20:52:37Z,productcatalogservice,408.0,600,0.95,0.68,0
2026-09-26T20:52:37Z,paymentservice,0.0,150,0.8,0.0,0
2026-09-26T20:52:37Z,recommendationservice,738.0,2000,0.8,0.369,0
2026-09-26T20:52:37Z,shippingservice,119.0,400,0.8,0.2975,0
2026-09-26T20:52:37Z,currencyservice,222.0,500,0.8,0.444,0
2026-09-26T20:52:37Z,emailservice,0.0,150,0.8,0.0,0
2026-09-26T20:52:37Z,adservice,90.0,600,0.8,0.15,0
2026-09-26T20:52:37Z,redis-cart,23.0,500,0.8,0.046,0
2026-09-26T20:52:38Z,frontend,245.4,1150,0.8,0.2133913043478261,0
2026-09-26T20:52:38Z,cartservice,197.0,1000,0.95,0.197,0
2026-09-26T20:52:38Z,checkoutservice,1183.0,1500,0.8,0.7886666666666666,0
2026-09-26T20:52:38Z,productcatalogservice,408.0,600,0.95,0.68,0
2026-09-26T20:52:38Z,paymentservice,0.0,150,0.8,0.0,0
2026-09-26T20:52:38Z,recommendationservice,647.0,2000,0.8,0.3235,0
2026-09-26T20:52:38Z,shippingservice,126.0,400,0.8,0.315,0
2026-09-26T20:52:38Z,currencyservice,222.0,500,0.8,0.444,0
2026-09-26T20:52:38Z,emailservice,0.0,150,0.8,0.0,0
2026-09-26T20:52:38Z,adservice,84.0,600,0.8,0.14,0
2026-09-26T20:52:38Z,redis-cart,23.0,500,0.8,0.046,0
2026-09-26T20:52:39Z,frontend,248.6,1150,0.8,0.21617391304347824,0
2026-09-26T20:52:39Z,cartservice,180.0,1000,0.95,0.18,0
2026-09-26T20:52:39Z,checkoutservice,1153.0,1500,0.8,0.7686666666666667,0
2026-09-26T20:52:39Z,productcatalogservice,455.0,600,0.95,0.7583333333333333,0
2026-09-26T20:52:39Z,paymentservice,0.0,150,0.8,0.0,0
2026-09-26T20:52:39Z,recommendationservice,766.0,2000,0.8,0.383,0
2026-09-26T20:52:39Z,shippingservice,117.0,400,0.8,0.2925,0
2026-09-26T20:52:39Z,currencyservice,316.0,500,0.8,0.632,0
2026-09-26T20:52:39Z,emailservice,0.0,150,0.8,0.0,0
2026-09-26T20:52:39Z,adservice,71.0,600,0.8,0.11833333333333333,0
2026-09-26T20:52:39Z,redis-cart,27.0,500,0.8,0.054,0
2026-09-26T20:52:40Z,frontend,255.8,1150,0.8,0.22243478260869567,0
2026-09-26T20:52:40Z,cartservice,187.0,1000,0.95,0.187,0
2026-09-26T20:52:40Z,checkoutservice,1153.0,1500,0.8,0.7686666666666667,0
2026-09-26T20:52:40Z,productcatalogservice,455.0,600,0.95,0.7583333333333333,0
2026-09-26T20:52:40Z,paymentservice,0.0,150,0.8,0.0,0
2026-09-26T20:52:40Z,recommendationservice,657.0,2000,0.8,0.3285,0
2026-09-26T20:52:40Z,shippingservice,117.0,400,0.8,0.2925,0
2026-09-26T20:52:40Z,currencyservice,243.0,500,0.8,0.486,0
2026-09-26T20:52:40Z,emailservice,0.0,150,0.8,0.0,0
2026-09-26T20:52:40Z,adservice,71.0,600,0.8,0.11833333333333333,0
2026-09-26T20:52:40Z,redis-cart,21.0,500,0.8,0.042,0
2026-09-26T20:52:41Z,frontend,245.8,1150,0.8,0.21373913043478263,0
2026-09-26T20:52:41Z,cartservice,187.0,1000,0.95,0.187,0
2026-09-26T20:52:41Z,checkoutservice,1153.0,1500,0.8,0.7686666666666667,0
2026-09-26T20:52:41Z,productcatalogservice,438.0,600,0.95,0.73,0
2026-09-26T20:52:41Z,paymentservice,0.0,150,0.8,0.0,0
2026-09-26T20:52:41Z,recommendationservice,657.0,2000,0.8,0.3285,0
2026-09-26T20:52:41Z,shippingservice,121.0,400,0.8,0.3025,0
2026-09-26T20:52:41Z,currencyservice,243.0,500,0.8,0.486,0
2026-09-26T20:52:41Z,emailservice,19.0,150,0.8,0.12666666666666668,0
2026-09-26T20:52:41Z,adservice,90.0,600,0.8,0.15,0
2026-09-26T20:52:41Z,redis-cart,21.0,500,0.8,0.042,0
2026-09-26T20:52:42Z,frontend,248.4,1150,0.8,0.216,0
2026-09-26T20:52:42Z,cartservice,218.0,1000,0.95,0.218,0
2026-09-26T20:52:42Z,checkoutservice,1222.0,1500,0.8,0.8146666666666667,1
2026-09-26T20:52:42Z,productcatalogservice,461.0,600,0.95,0.7683333333333333,0
2026-09-26T20:52:42Z,paymentservice,0.0,150,0.8,0.0,0
2026-09-26T20:52:42Z,recommendationservice,731.0,2000,0.8,0.3655,0
2026-09-26T20:52:42Z,shippingservice,121.0,400,0.8,0.3025,0
2026-09-26T20:52:42Z,currencyservice,271.0,500,0.8,0.542,0
2026-09-26T20:52:42Z,emailservice,0.0,150,0.8,0.0,0
2026-09-26T20:52:42Z,adservice,69.0,600,0.8,0.115,0
2026-09-26T20:52:42Z,redis-cart,27.0,500,0.8,0.054,0
2026-09-26T20:52:43Z,frontend,257.8,1150,0.8,0.22417391304347828,0
2026-09-26T20:52:43Z,cartservice,218.0,1000,0.95,0.218,0
2026-09-26T20:52:43Z,checkoutservice,1222.0,1500,0.8,0.8146666666666667,1
2026-09-26T20:52:43Z,productcatalogservice,461.0,600,0.95,0.7683333333333333,0
2026-09-26T20:52:43Z,paymentservice,0.0,150,0.8,0.0,0
2026-09-26T20:52:43Z,recommendationservice,731.0,2000,0.8,0.3655,0
2026-09-26T20:52:43Z,shippingservice,118.0,400,0.8,0.295,0
2026-09-26T20:52:43Z,currencyservice,218.0,500,0.8,0.436,0
2026-09-26T20:52:43Z,emailservice,0.0,150,0.8,0.0,0
2026-09-26T20:52:43Z,adservice,69.0,600,0.8,0.115,0
2026-09-26T20:52:43Z,redis-cart,23.0,500,0.8,0.046,0
2026-09-26T20:52:44Z,frontend,260.4,1150,0.8,0.22643478260869562,0
2026-09-26T20:52:44Z,cartservice,239.0,1000,0.95,0.239,0
2026-09-26T20:52:44Z,checkoutservice,1110.0,1500,0.8,0.74,0
2026-09-26T20:52:44Z,productcatalogservice,442.0,600,0.95,0.7366666666666667,0
2026-09-26T20:52:44Z,paymentservice,0.0,150,0.8,0.0,0
2026-09-26T20:52:44Z,recommendationservice,746.0,2000,0.8,0.373,0
2026-09-26T20:52:44Z,shippingservice,128.0,400,0.8,0.32,0
2026-09-26T20:52:44Z,currencyservice,218.0,500,0.8,0.436,0
2026-09-26T20:52:44Z,emailservice,0.0,150,0.8,0.0,0
2026-09-26T20:52:44Z,adservice,105.0,600,0.8,0.175,0
2026-09-26T20:52:44Z,redis-cart,27.0,500,0.8,0.054,0
2026-09-26T20:52:45Z,frontend,244.4,1150,0.8,0.2125217391304348,0
2026-09-26T20:52:45Z,cartservice,156.0,1000,0.95,0.156,0
2026-09-26T20:52:45Z,checkoutservice,1123.0,1500,0.8,0.7486666666666667,0
2026-09-26T20:52:45Z,productcatalogservice,454.0,600,0.95,0.7566666666666667,0
2026-09-26T20:52:45Z,paymentservice,0.0,150,0.8,0.0,0
2026-09-26T20:52:45Z,recommendationservice,746.0,2000,0.8,0.373,0
2026-09-26T20:52:45Z,shippingservice,113.0,400,0.8,0.2825,0
2026-09-26T20:52:45Z,currencyservice,302.0,500,0.8,0.604,0
2026-09-26T20:52:45Z,emailservice,19.0,150,0.8,0.12666666666666668,0
2026-09-26T20:52:45Z,adservice,105.0,600,0.8,0.175,0
2026-09-26T20:52:45Z,redis-cart,27.0,500,0.8,0.054,0
2026-09-26T20:52:46Z,frontend,246.2,1150,0.8,0.21408695652173912,0
2026-09-26T20:52:46Z,cartservice,156.0,1000,0.95,0.156,0
2026-09-26T20:52:46Z,checkoutservice,1260.0,1500,0.8,0.84,1
2026-09-26T20:52:46Z,productcatalogservice,464.0,600,0.95,0.7733333333333333,0
2026-09-26T20:52:46Z,paymentservice,0.0,150,0.8,0.0,0
2026-09-26T20:52:46Z,recommendationservice,738.0,2000,0.8,0.369,0
2026-09-26T20:52:46Z,shippingservice,113.0,400,0.8,0.2825,0
2026-09-26T20:52:46Z,currencyservice,235.0,500,0.8,0.47,0
2026-09-26T20:52:46Z,emailservice,19.0,150,0.8,0.12666666666666668,0
2026-09-26T20:52:46Z,adservice,85.0,600,0.8,0.14166666666666666,0
2026-09-26T20:52:46Z,redis-cart,23.0,500,0.8,0.046,0
2026-09-26T20:52:47Z,frontend,255.8,1150,0.8,0.22243478260869567,0
2026-09-26T20:52:47Z,cartservice,184.0,1000,0.95,0.184,0
2026-09-26T20:52:47Z,checkoutservice,1260.0,1500,0.8,0.84,1
2026-09-26T20:52:47Z,productcatalogservice,464.0,600,0.95,0.7733333333333333,0
2026-09-26T20:52:47Z,paymentservice,0.0,150,0.8,0.0,0
2026-09-26T20:52:47Z,recommendationservice,737.0,2000,0.8,0.3685,0
2026-09-26T20:52:47Z,shippingservice,129.0,400,0.8,0.3225,0
2026-09-26T20:52:47Z,currencyservice,244.0,500,0.8,0.488,0
2026-09-26T20:52:47Z,emailservice,0.0,150,0.8,0.0,0
2026-09-26T20:52:47Z,adservice,74.0,600,0.8,0.12333333333333334,0
2026-09-26T20:52:47Z,redis-cart,23.0,500,0.8,0.046,0
2026-09-26T20:52:48Z,frontend,257.8,1150,0.8,0.22417391304347828,0
2026-09-26T20:52:48Z,cartservice,184.0,1000,0.95,0.184,0
2026-09-26T20:52:48Z,checkoutservice,1072.0,1500,0.8,0.7146666666666667,0
2026-09-26T20:52:48Z,productcatalogservice,456.0,600,0.95,0.76,0
2026-09-26T20:52:48Z,paymentservice,0.0,150,0.8,0.0,0
2026-09-26T20:52:48Z,recommendationservice,737.0,2000,0.8,0.3685,0
2026-09-26T20:52:48Z,shippingservice,129.0,400,0.8,0.3225,0
2026-09-26T20:52:48Z,currencyservice,327.0,500,0.8,0.654,0
2026-09-26T20:52:48Z,emailservice,0.0,150,0.8,0.0,0
2026-09-26T20:52:48Z,adservice,74.0,600,0.8,0.12333333333333334,0
2026-09-26T20:52:48Z,redis-cart,22.0,500,0.8,0.044,0
2026-09-26T20:52:49Z,frontend,250.6,1150,0.8,0.21791304347826088,0
2026-09-26T20:52:49Z,cartservice,168.0,1000,0.95,0.168,0
2026-09-26T20:52:49Z,checkoutservice,1072.0,1500,0.8,0.7146666666666667,0
2026-09-26T20:52:49Z,productcatalogservice,456.0,600,0.95,0.76,0
2026-09-26T20:52:49Z,paymentservice,0.0,150,0.8,0.0,0
2026-09-26T20:52:49Z,recommendationservice,695.0,2000,0.8,0.3475,0
2026-09-26T20:52:49Z,shippingservice,116.0,400,0.8,0.29,0
2026-09-26T20:52:49Z,currencyservice,327.0,500,0.8,0.654,0
2026-09-26T20:52:49Z,emailservice,0.0,150,0.8,0.0,0
2026-09-26T20:52:49Z,adservice,90.0,600,0.8,0.15,0
2026-09-26T20:52:49Z,redis-cart,22.0,500,0.8,0.044,0
2026-09-26T20:52:50Z,frontend,273.8,1150,0.8,0.23808695652173914,0
2026-09-26T20:52:50Z,cartservice,171.0,1000,0.95,0.171,0
2026-09-26T20:52:50Z,checkoutservice,1119.0,1500,0.8,0.746,0
2026-09-26T20:52:50Z,productcatalogservice,460.0,600,0.95,0.7666666666666667,0
2026-09-26T20:52:50Z,paymentservice,0.0,150,0.8,0.0,0
2026-09-26T20:52:50Z,recommendationservice,772.0,2000,0.8,0.386,0
2026-09-26T20:52:50Z,shippingservice,113.0,400,0.8,0.2825,0
2026-09-26T20:52:50Z,currencyservice,216.0,500,0.8,0.432,0
2026-09-26T20:52:50Z,emailservice,18.0,150,0.8,0.12,0
2026-09-26T20:52:50Z,adservice,75.0,600,0.8,0.125,0
2026-09-26T20:52:50Z,redis-cart,24.0,500,0.8,0.048,0
2026-09-26T20:52:51Z,frontend,254.8,1150,0.8,0.22156521739130436,0
2026-09-26T20:52:51Z,cartservice,171.0,1000,0.95,0.171,0
2026-09-26T20:52:51Z,checkoutservice,1163.0,1500,0.8,0.7753333333333333,0
2026-09-26T20:52:51Z,productcatalogservice,447.0,600,0.95,0.745,0
2026-09-26T20:52:51Z,paymentservice,0.0,150,0.8,0.0,0
2026-09-26T20:52:51Z,recommendationservice,762.0,2000,0.8,0.381,0
2026-09-26T20:52:51Z,shippingservice,113.0,400,0.8,0.2825,0
2026-09-26T20:52:51Z,currencyservice,216.0,500,0.8,0.432,0
2026-09-26T20:52:51Z,emailservice,18.0,150,0.8,0.12,0
2026-09-26T20:52:51Z,adservice,76.0,600,0.8,0.12666666666666668,0
2026-09-26T20:52:51Z,redis-cart,24.0,500,0.8,0.048,0
2026-09-26T20:52:52Z,frontend,242.0,1150,0.8,0.21043478260869566,0
2026-09-26T20:52:52Z,cartservice,194.0,1000,0.95,0.194,0
2026-09-26T20:52:52Z,checkoutservice,1163.0,1500,0.8,0.7753333333333333,0
2026-09-26T20:52:52Z,productcatalogservice,447.0,600,0.95,0.745,0
2026-09-26T20:52:52Z,paymentservice,0.0,150,0.8,0.0,0
2026-09-26T20:52:52Z,recommendationservice,762.0,2000,0.8,0.381,0
2026-09-26T20:52:52Z,shippingservice,125.0,400,0.8,0.3125,0
2026-09-26T20:52:52Z,currencyservice,273.0,500,0.8,0.546,0
2026-09-26T20:52:52Z,emailservice,0.0,150,0.8,0.0,0
2026-09-26T20:52:52Z,adservice,76.0,600,0.8,0.12666666666666668,0
2026-09-26T20:52:52Z,redis-cart,23.0,500,0.8,0.046,0
2026-09-26T20:52:53Z,frontend,257.6,1150,0.8,0.22400000000000003,0
2026-09-26T20:52:53Z,cartservice,192.0,1000,0.95,0.192,0
2026-09-26T20:52:53Z,checkoutservice,1142.0,1500,0.8,0.7613333333333333,0
2026-09-26T20:52:53Z,productcatalogservice,457.0,600,0.95,0.7616666666666667,0
2026-09-26T20:52:53Z,paymentservice,0.0,150,0.8,0.0,0
2026-09-26T20:52:53Z,recommendationservice,691.0,2000,0.8,0.3455,0
2026-09-26T20:52:53Z,shippingservice,106.0,400,0.8,0.265,0
2026-09-26T20:52:53Z,currencyservice,218.0,500,0.8,0.436,0
2026-09-26T20:52:53Z,emailservice,0.0,150,0.8,0.0,0
2026-09-26T20:52:53Z,adservice,78.0,600,0.8,0.13,0
2026-09-26T20:52:53Z,redis-cart,22.0,500,0.8,0.044,0
2026-09-26T20:52:54Z,frontend,231.4,1150,0.8,0.20121739130434782,0
2026-09-26T20:52:54Z,cartservice,192.0,1000,0.95,0.192,0
2026-09-26T20:52:54Z,checkoutservice,1195.0,1500,0.8,0.7966666666666666,0
2026-09-26T20:52:54Z,productcatalogservice,457.0,600,0.95,0.7616666666666667,0
2026-09-26T20:52:54Z,paymentservice,0.0,150,0.8,0.0,0
2026-09-26T20:52:54Z,recommendationservice,691.0,2000,0.8,0.3455,0
2026-09-26T20:52:54Z,shippingservice,106.0,400,0.8,0.265,0
2026-09-26T20:52:54Z,currencyservice,218.0,500,0.8,0.436,0
2026-09-26T20:52:54Z,emailservice,0.0,150,0.8,0.0,0
2026-09-26T20:52:54Z,adservice,93.0,600,0.8,0.155,0
2026-09-26T20:52:54Z,redis-cart,22.0,500,0.8,0.044,0
2026-09-26T20:52:55Z,frontend,229.6,1150,0.8,0.19965217391304346,0
2026-09-26T20:52:55Z,cartservice,171.0,1000,0.95,0.171,0
2026-09-26T20:52:55Z,checkoutservice,1145.0,1500,0.8,0.7633333333333333,0
2026-09-26T20:52:55Z,productcatalogservice,482.0,600,0.95,0.8033333333333333,0
2026-09-26T20:52:55Z,paymentservice,0.0,150,0.8,0.0,0
2026-09-26T20:52:55Z,recommendationservice,700.0,2000,0.8,0.35,0
2026-09-26T20:52:55Z,shippingservice,122.0,400,0.8,0.305,0
2026-09-26T20:52:55Z,currencyservice,269.0,500,0.8,0.538,0
2026-09-26T20:52:55Z,emailservice,21.0,150,0.8,0.14,0
2026-09-26T20:52:55Z,adservice,82.0,600,0.8,0.13666666666666666,0
2026-09-26T20:52:55Z,redis-cart,23.0,500,0.8,0.046,0
2026-09-26T20:52:56Z,frontend,244.8,1150,0.8,0.2128695652173913,0
2026-09-26T20:52:56Z,cartservice,188.0,1000,0.95,0.188,0
2026-09-26T20:52:56Z,checkoutservice,1099.0,1500,0.8,0.7326666666666667,0
2026-09-26T20:52:56Z,productcatalogservice,443.0,600,0.95,0.7383333333333333,0
2026-09-26T20:52:56Z,paymentservice,0.0,150,0.8,0.0,0
2026-09-26T20:52:56Z,recommendationservice,695.0,2000,0.8,0.3475,0
2026-09-26T20:52:56Z,shippingservice,105.0,400,0.8,0.2625,0
2026-09-26T20:52:56Z,currencyservice,276.0,500,0.8,0.552,0
2026-09-26T20:52:56Z,emailservice,21.0,150,0.8,0.14,0
2026-09-26T20:52:56Z,adservice,67.0,600,0.8,0.11166666666666666,0
2026-09-26T20:52:56Z,redis-cart,25.0,500,0.8,0.05,0
2026-09-26T20:52:57Z,frontend,264.4,1150,0.8,0.22991304347826086,0
2026-09-26T20:52:57Z,cartservice,188.0,1000,0.95,0.188,0
2026-09-26T20:52:57Z,checkoutservice,1113.0,1500,0.8,0.742,0
2026-09-26T20:52:57Z,productcatalogservice,443.0,600,0.95,0.7383333333333333,0
2026-09-26T20:52:57Z,paymentservice,0.0,150,0.8,0.0,0
2026-09-26T20:52:57Z,recommendationservice,695.0,2000,0.8,0.3475,0
2026-09-26T20:52:57Z,shippingservice,105.0,400,0.8,0.2625,0
2026-09-26T20:52:57Z,currencyservice,276.0,500,0.8,0.552,0
2026-09-26T20:52:57Z,emailservice,0.0,150,0.8,0.0,0
2026-09-26T20:52:57Z,adservice,67.0,600,0.8,0.11166666666666666,0
2026-09-26T20:52:57Z,redis-cart,24.0,500,0.8,0.048,0
2026-09-26T20:52:58Z,frontend,260.6,1150,0.8,0.22660869565217392,0
2026-09-26T20:52:58Z,cartservice,232.0,1000,0.95,0.232,0
2026-09-26T20:52:58Z,checkoutservice,1113.0,1500,0.8,0.742,0
2026-09-26T20:52:58Z,productcatalogservice,435.0,600,0.95,0.725,0
2026-09-26T20:52:58Z,paymentservice,0.0,150,0.8,0.0,0
2026-09-26T20:52:58Z,recommendationservice,771.0,2000,0.8,0.3855,0
2026-09-26T20:52:58Z,shippingservice,129.0,400,0.8,0.3225,0
2026-09-26T20:52:58Z,currencyservice,271.0,500,0.8,0.542,0
2026-09-26T20:52:58Z,emailservice,0.0,150,0.8,0.0,0
2026-09-26T20:52:58Z,adservice,89.0,600,0.8,0.14833333333333334,0
2026-09-26T20:52:58Z,redis-cart,24.0,500,0.8,0.048,0
2026-09-26T20:52:59Z,frontend,241.0,1150,0.8,0.20956521739130435,0
2026-09-26T20:52:59Z,cartservice,232.0,1000,0.95,0.232,0
2026-09-26T20:52:59Z,checkoutservice,1180.0,1500,0.8,0.7866666666666666,0
2026-09-26T20:52:59Z,productcatalogservice,435.0,600,0.95,0.725,0
2026-09-26T20:52:59Z,paymentservice,0.0,150,0.8,0.0,0
2026-09-26T20:52:59Z,recommendationservice,713.0,2000,0.8,0.3565,0
2026-09-26T20:52:59Z,shippingservice,121.0,400,0.8,0.3025,0
2026-09-26T20:52:59Z,currencyservice,271.0,500,0.8,0.542,0
2026-09-26T20:52:59Z,emailservice,0.0,150,0.8,0.0,0
2026-09-26T20:52:59Z,adservice,81.0,600,0.8,0.135,0
2026-09-26T20:52:59Z,redis-cart,29.0,500,0.8,0.058,0
2026-09-26T20:53:00Z,frontend,257.6,1150,0.8,0.22400000000000003,0
2026-09-26T20:53:00Z,cartservice,248.0,1000,0.95,0.248,0
2026-09-26T20:53:00Z,checkoutservice,1180.0,1500,0.8,0.7866666666666666,0
2026-09-26T20:53:00Z,productcatalogservice,435.0,600,0.95,0.725,0
2026-09-26T20:53:00Z,paymentservice,0.0,150,0.8,0.0,0
2026-09-26T20:53:00Z,recommendationservice,713.0,2000,0.8,0.3565,0
2026-09-26T20:53:00Z,shippingservice,109.0,400,0.8,0.2725,0
2026-09-26T20:53:00Z,currencyservice,227.0,500,0.8,0.454,0
2026-09-26T20:53:00Z,emailservice,0.0,150,0.8,0.0,0
2026-09-26T20:53:00Z,adservice,106.0,600,0.8,0.17666666666666667,0
2026-09-26T20:53:00Z,redis-cart,29.0,500,0.8,0.058,0
2026-09-26T20:53:01Z,frontend,235.4,1150,0.8,0.20469565217391306,0
2026-09-26T20:53:01Z,cartservice,171.0,1000,0.95,0.171,0
2026-09-26T20:53:01Z,checkoutservice,1193.0,1500,0.8,0.7953333333333333,0
2026-09-26T20:53:01Z,productcatalogservice,435.0,600,0.95,0.725,0
2026-09-26T20:53:01Z,paymentservice,0.0,150,0.8,0.0,0
2026-09-26T20:53:01Z,recommendationservice,709.0,2000,0.8,0.3545,0
2026-09-26T20:53:01Z,shippingservice,109.0,400,0.8,0.2725,0
2026-09-26T20:53:01Z,currencyservice,225.0,500,0.8,0.45,0
2026-09-26T20:53:01Z,emailservice,23.0,150,0.8,0.15333333333333332,0
2026-09-26T20:53:01Z,adservice,106.0,600,0.8,0.17666666666666667,0
2026-09-26T20:53:01Z,redis-cart,23.0,500,0.8,0.046,0
2026-09-26T20:53:02Z,frontend,251.4,1150,0.8,0.21860869565217392,0
2026-09-26T20:53:02Z,cartservice,229.0,1000,0.95,0.229,0
2026-09-26T20:53:02Z,checkoutservice,1155.0,1500,0.8,0.77,0
2026-09-26T20:53:02Z,productcatalogservice,410.0,600,0.95,0.6833333333333333,0
2026-09-26T20:53:02Z,paymentservice,0.0,150,0.8,0.0,0
2026-09-26T20:53:02Z,recommendationservice,709.0,2000,0.8,0.3545,0
2026-09-26T20:53:02Z,shippingservice,120.0,400,0.8,0.3,0
2026-09-26T20:53:02Z,currencyservice,229.0,500,0.8,0.458,0
2026-09-26T20:53:02Z,emailservice,23.0,150,0.8,0.15333333333333332,0
2026-09-26T20:53:02Z,adservice,72.0,600,0.8,0.12,0
2026-09-26T20:53:02Z,redis-cart,23.0,500,0.8,0.046,0
2026-09-26T20:53:03Z,frontend,241.2,1150,0.8,0.2097391304347826,0
2026-09-26T20:53:03Z,cartservice,229.0,1000,0.95,0.229,0
2026-09-26T20:53:03Z,checkoutservice,1272.0,1500,0.8,0.848,1
2026-09-26T20:53:03Z,productcatalogservice,410.0,600,0.95,0.6833333333333333,0
2026-09-26T20:53:03Z,paymentservice,0.0,150,0.8,0.0,0
2026-09-26T20:53:03Z,recommendationservice,658.0,2000,0.8,0.329,0
2026-09-26T20:53:03Z,shippingservice,120.0,400,0.8,0.3,0
2026-09-26T20:53:03Z,currencyservice,241.0,500,0.8,0.482,0
2026-09-26T20:53:03Z,emailservice,0.0,150,0.8,0.0,0
2026-09-26T20:53:03Z,adservice,88.0,600,0.8,0.14666666666666667,0
2026-09-26T20:53:03Z,redis-cart,23.0,500,0.8,0.046,0
2026-09-26T20:53:04Z,frontend,264.6,1150,0.8,0.23008695652173916,0
2026-09-26T20:53:04Z,cartservice,184.0,1000,0.95,0.184,0
2026-09-26T20:53:04Z,checkoutservice,1272.0,1500,0.8,0.848,1
2026-09-26T20:53:04Z,productcatalogservice,436.0,600,0.95,0.7266666666666667,0
2026-09-26T20:53:04Z,paymentservice,0.0,150,0.8,0.0,0
2026-09-26T20:53:04Z,recommendationservice,751.0,2000,0.8,0.3755,0
2026-09-26T20:53:04Z,shippingservice,116.0,400,0.8,0.29,0
2026-09-26T20:53:04Z,currencyservice,241.0,500,0.8,0.482,0
2026-09-26T20:53:04Z,emailservice,0.0,150,0.8,0.0,0
2026-09-26T20:53:04Z,adservice,78.0,600,0.8,0.13,0
2026-09-26T20:53:04Z,redis-cart,23.0,500,0.8,0.046,0
2026-09-26T20:53:05Z,frontend,252.8,1150,0.8,0.21982608695652175,0
2026-09-26T20:53:05Z,cartservice,184.0,1000,0.95,0.184,0
2026-09-26T20:53:05Z,checkoutservice,1076.0,1500,0.8,0.7173333333333334,0
2026-09-26T20:53:05Z,productcatalogservice,480.0,600,0.95,0.8,0
2026-09-26T20:53:05Z,paymentservice,0.0,150,0.8,0.0,0
2026-09-26T20:53:05Z,recommendationservice,751.0,2000,0.8,0.3755,0
2026-09-26T20:53:05Z,shippingservice,113.0,400,0.8,0.2825,0
2026-09-26T20:53:05Z,currencyservice,288.0,500,0.8,0.576,0
2026-09-26T20:53:05Z,emailservice,0.0,150,0.8,0.0,0
2026-09-26T20:53:05Z,adservice,72.0,600,0.8,0.12,0
2026-09-26T20:53:05Z,redis-cart,25.0,500,0.8,0.05,0
2026-09-26T20:53:06Z,frontend,260.6,1150,0.8,0.22660869565217392,0
2026-09-26T20:53:06Z,cartservice,202.0,1000,0.95,0.202,0
2026-09-26T20:53:06Z,checkoutservice,1076.0,1500,0.8,0.7173333333333334,0
2026-09-26T20:53:06Z,productcatalogservice,480.0,600,0.95,0.8,0
2026-09-26T20:53:06Z,paymentservice,0.0,150,0.8,0.0,0
2026-09-26T20:53:06Z,recommendationservice,734.0,2000,0.8,0.367,0
2026-09-26T20:53:06Z,shippingservice,113.0,400,0.8,0.2825,0
2026-09-26T20:53:06Z,currencyservice,288.0,500,0.8,0.576,0
2026-09-26T20:53:06Z,emailservice,19.0,150,0.8,0.12666666666666668,0
2026-09-26T20:53:06Z,adservice,72.0,600,0.8,0.12,0
2026-09-26T20:53:06Z,redis-cart,25.0,500,0.8,0.05,0
2026-09-26T20:53:07Z,frontend,245.6,1150,0.8,0.21356521739130435,0
2026-09-26T20:53:07Z,cartservice,202.0,1000,0.95,0.202,0
2026-09-26T20:53:07Z,checkoutservice,1179.0,1500,0.8,0.786,0
2026-09-26T20:53:07Z,productcatalogservice,437.0,600,0.95,0.7283333333333334,0
2026-09-26T20:53:07Z,paymentservice,0.0,150,0.8,0.0,0
2026-09-26T20:53:07Z,recommendationservice,711.0,2000,0.8,0.3555,0
2026-09-26T20:53:07Z,shippingservice,125.0,400,0.8,0.3125,0
2026-09-26T20:53:07Z,currencyservice,241.0,500,0.8,0.482,0
2026-09-26T20:53:07Z,emailservice,0.0,150,0.8,0.0,0
2026-09-26T20:53:07Z,adservice,81.0,600,0.8,0.135,0
2026-09-26T20:53:07Z,redis-cart,25.0,500,0.8,0.05,0
2026-09-26T20:53:08Z,frontend,250.8,1150,0.8,0.21808695652173915,0
2026-09-26T20:53:08Z,cartservice,176.0,1000,0.95,0.176,0
2026-09-26T20:53:08Z,checkoutservice,1195.0,1500,0.8,0.7966666666666666,0
2026-09-26T20:53:08Z,productcatalogservice,433.0,600,0.95,0.7216666666666667,0
2026-09-26T20:53:08Z,paymentservice,0.0,150,0.8,0.0,0
2026-09-26T20:53:08Z,recommendationservice,686.0,2000,0.8,0.343,0
2026-09-26T20:53:08Z,shippingservice,125.0,400,0.8,0.3125,0
2026-09-26T20:53:08Z,currencyservice,226.0,500,0.8,0.452,0
2026-09-26T20:53:08Z,emailservice,0.0,150,0.8,0.0,0
2026-09-26T20:53:08Z,adservice,81.0,600,0.8,0.135,0
2026-09-26T20:53:08Z,redis-cart,22.0,500,0.8,0.044,0
2026-09-26T20:53:09Z,frontend,241.6,1150,0.8,0.21008695652173912,0
2026-09-26T20:53:09Z,cartservice,176.0,1000,0.95,0.176,0
2026-09-26T20:53:09Z,checkoutservice,1195.0,1500,0.8,0.7966666666666666,0
2026-09-26T20:53:09Z,productcatalogservice,437.0,600,0.95,0.7283333333333334,0
2026-09-26T20:53:09Z,paymentservice,0.0,150,0.8,0.0,0
2026-09-26T20:53:09Z,recommendationservice,730.0,2000,0.8,0.365,0
2026-09-26T20:53:09Z,shippingservice,100.0,400,0.8,0.25,0
2026-09-26T20:53:09Z,currencyservice,296.0,500,0.8,0.592,0
2026-09-26T20:53:09Z,emailservice,0.0,150,0.8,0.0,0
2026-09-26T20:53:09Z,adservice,87.0,600,0.8,0.145,0
2026-09-26T20:53:09Z,redis-cart,24.0,500,0.8,0.048,0
2026-09-26T20:53:10Z,frontend,252.0,1150,0.8,0.21913043478260869,0
2026-09-26T20:53:10Z,cartservice,223.0,1000,0.95,0.223,0
2026-09-26T20:53:10Z,checkoutservice,1172.0,1500,0.8,0.7813333333333333,0
2026-09-26T20:53:10Z,productcatalogservice,437.0,600,0.95,0.7283333333333334,0
2026-09-26T20:53:10Z,paymentservice,0.0,150,0.8,0.0,0
2026-09-26T20:53:10Z,recommendationservice,730.0,2000,0.8,0.365,0
2026-09-26T20:53:10Z,shippingservice,100.0,400,0.8,0.25,0
2026-09-26T20:53:10Z,currencyservice,296.0,500,0.8,0.592,0
2026-09-26T20:53:10Z,emailservice,0.0,150,0.8,0.0,0
2026-09-26T20:53:10Z,adservice,78.0,600,0.8,0.13,0
2026-09-26T20:53:10Z,redis-cart,24.0,500,0.8,0.048,0
2026-09-26T20:53:11Z,frontend,253.8,1150,0.8,0.22069565217391304,0
2026-09-26T20:53:11Z,cartservice,204.0,1000,0.95,0.204,0
2026-09-26T20:53:11Z,checkoutservice,1210.0,1500,0.8,0.8066666666666666,1
2026-09-26T20:53:11Z,productcatalogservice,436.0,600,0.95,0.7266666666666667,0
2026-09-26T20:53:11Z,paymentservice,0.0,150,0.8,0.0,0
2026-09-26T20:53:11Z,recommendationservice,746.0,2000,0.8,0.373,0
2026-09-26T20:53:11Z,shippingservice,119.0,400,0.8,0.2975,0
2026-09-26T20:53:11Z,currencyservice,247.0,500,0.8,0.494,0
2026-09-26T20:53:11Z,emailservice,22.0,150,0.8,0.14666666666666667,0
2026-09-26T20:53:11Z,adservice,78.0,600,0.8,0.13,0
2026-09-26T20:53:11Z,redis-cart,22.0,500,0.8,0.044,0
2026-09-26T20:53:12Z,frontend,256.8,1150,0.8,0.22330434782608696,0
2026-09-26T20:53:12Z,cartservice,177.0,1000,0.95,0.177,0
2026-09-26T20:53:12Z,checkoutservice,1210.0,1500,0.8,0.8066666666666666,1
2026-09-26T20:53:12Z,productcatalogservice,436.0,600,0.95,0.7266666666666667,0
2026-09-26T20:53:12Z,paymentservice,0.0,150,0.8,0.0,0
2026-09-26T20:53:12Z,recommendationservice,746.0,2000,0.8,0.373,0
2026-09-26T20:53:12Z,shippingservice,119.0,400,0.8,0.2975,0
2026-09-26T20:53:12Z,currencyservice,263.0,500,0.8,0.526,0
2026-09-26T20:53:12Z,emailservice,0.0,150,0.8,0.0,0
2026-09-26T20:53:12Z,adservice,97.0,600,0.8,0.16166666666666665,0
2026-09-26T20:53:12Z,redis-cart,21.0,500,0.8,0.042,0
2026-09-26T20:53:13Z,frontend,259.8,1150,0.8,0.22591304347826088,0
2026-09-26T20:53:13Z,cartservice,177.0,1000,0.95,0.177,0
2026-09-26T20:53:13Z,checkoutservice,1182.0,1500,0.8,0.788,0
2026-09-26T20:53:13Z,productcatalogservice,438.0,600,0.95,0.73,0
2026-09-26T20:53:13Z,paymentservice,0.0,150,0.8,0.0,0
2026-09-26T20:53:13Z,recommendationservice,735.0,2000,0.8,0.3675,0
2026-09-26T20:53:13Z,shippingservice,124.0,400,0.8,0.31,0
2026-09-26T20:53:13Z,currencyservice,216.0,500,0.8,0.432,0
2026-09-26T20:53:13Z,emailservice,0.0,150,0.8,0.0,0
2026-09-26T20:53:13Z,adservice,76.0,600,0.8,0.12666666666666668,0
2026-09-26T20:53:13Z,redis-cart,21.0,500,0.8,0.042,0
2026-09-26T20:53:14Z,frontend,258.8,1150,0.8,0.22504347826086957,0
2026-09-26T20:53:14Z,cartservice,271.0,1000,0.95,0.271,0
2026-09-26T20:53:14Z,checkoutservice,1182.0,1500,0.8,0.788,0
2026-09-26T20:53:14Z,productcatalogservice,468.0,600,0.95,0.78,0
2026-09-26T20:53:14Z,paymentservice,0.0,150,0.8,0.0,0
2026-09-26T20:53:14Z,recommendationservice,735.0,2000,0.8,0.3675,0
2026-09-26T20:53:14Z,shippingservice,122.0,400,0.8,0.305,0
2026-09-26T20:53:14Z,currencyservice,251.0,500,0.8,0.502,0
2026-09-26T20:53:14Z,emailservice,0.0,150,0.8,0.0,0
2026-09-26T20:53:14Z,adservice,100.0,600,0.8,0.16666666666666666,0
2026-09-26T20:53:14Z,redis-cart,24.0,500,0.8,0.048,0
2026-09-26T20:53:15Z,frontend,258.2,1150,0.8,0.22452173913043477,0
2026-09-26T20:53:15Z,cartservice,183.0,1000,0.95,0.183,0
2026-09-26T20:53:15Z,checkoutservice,1109.0,1500,0.8,0.7393333333333333,0
2026-09-26T20:53:15Z,productcatalogservice,500.0,600,0.95,0.8333333333333334,0
2026-09-26T20:53:15Z,paymentservice,0.0,150,0.8,0.0,0
2026-09-26T20:53:15Z,recommendationservice,782.0,2000,0.8,0.391,0
2026-09-26T20:53:15Z,shippingservice,122.0,400,0.8,0.305,0
2026-09-26T20:53:15Z,currencyservice,251.0,500,0.8,0.502,0
2026-09-26T20:53:15Z,emailservice,22.0,150,0.8,0.14666666666666667,0
2026-09-26T20:53:15Z,adservice,100.0,600,0.8,0.16666666666666666,0
2026-09-26T20:53:15Z,redis-cart,21.0,500,0.8,0.042,0
2026-09-26T20:53:16Z,frontend,246.0,1150,0.8,0.21391304347826087,0
2026-09-26T20:53:16Z,cartservice,186.0,1000,0.95,0.186,0
2026-09-26T20:53:16Z,checkoutservice,1109.0,1500,0.8,0.7393333333333333,0
2026-09-26T20:53:16Z,productcatalogservice,500.0,600,0.95,0.8333333333333334,0
2026-09-26T20:53:16Z,paymentservice,0.0,150,0.8,0.0,0
2026-09-26T20:53:16Z,recommendationservice,746.0,2000,0.8,0.373,0
2026-09-26T20:53:16Z,shippingservice,114.0,400,0.8,0.285,0
2026-09-26T20:53:16Z,currencyservice,262.0,500,0.8,0.524,0
2026-09-26T20:53:16Z,emailservice,22.0,150,0.8,0.14666666666666667,0
2026-09-26T20:53:16Z,adservice,88.0,600,0.8,0.14666666666666667,0
2026-09-26T20:53:16Z,redis-cart,21.0,500,0.8,0.042,0
2026-09-26T20:53:17Z,frontend,249.8,1150,0.8,0.21721739130434783,0
2026-09-26T20:53:17Z,cartservice,186.0,1000,0.95,0.186,0
2026-09-26T20:53:17Z,checkoutservice,1125.0,1500,0.8,0.75,0
2026-09-26T20:53:17Z,productcatalogservice,416.0,600,0.95,0.6933333333333334,0
2026-09-26T20:53:17Z,paymentservice,0.0,150,0.8,0.0,0
2026-09-26T20:53:17Z,recommendationservice,700.0,2000,0.8,0.35,0
2026-09-26T20:53:17Z,shippingservice,114.0,400,0.8,0.285,0
2026-09-26T20:53:17Z,currencyservice,277.0,500,0.8,0.554,0
2026-09-26T20:53:17Z,emailservice,0.0,150,0.8,0.0,0
2026-09-26T20:53:17Z,adservice,88.0,600,0.8,0.14666666666666667,0
2026-09-26T20:53:17Z,redis-cart,23.0,500,0.8,0.046,0
2026-09-26T20:53:18Z,frontend,241.2,1150,0.8,0.2097391304347826,0
2026-09-26T20:53:18Z,cartservice,232.0,1000,0.95,0.232,0
2026-09-26T20:53:18Z,checkoutservice,1311.0,1500,0.8,0.874,1
2026-09-26T20:53:18Z,productcatalogservice,449.0,600,0.95,0.7483333333333333,0
2026-09-26T20:53:18Z,paymentservice,0.0,150,0.8,0.0,0
2026-09-26T20:53:18Z,recommendationservice,700.0,2000,0.8,0.35,0
2026-09-26T20:53:18Z,shippingservice,118.0,400,0.8,0.295,0
2026-09-26T20:53:18Z,currencyservice,277.0,500,0.8,0.554,0
2026-09-26T20:53:18Z,emailservice,0.0,150,0.8,0.0,0
2026-09-26T20:53:18Z,adservice,82.0,600,0.8,0.13666666666666666,0
2026-09-26T20:53:18Z,redis-cart,23.0,500,0.8,0.046,0
2026-09-26T20:53:19Z,frontend,258.2,1150,0.8,0.22452173913043477,0
2026-09-26T20:53:19Z,cartservice,182.0,1000,0.95,0.182,0
2026-09-26T20:53:19Z,checkoutservice,1247.0,1500,0.8,0.8313333333333334,1
2026-09-26T20:53:19Z,productcatalogservice,433.0,600,0.95,0.7216666666666667,0
2026-09-26T20:53:19Z,paymentservice,0.0,150,0.8,0.0,0
2026-09-26T20:53:19Z,recommendationservice,735.0,2000,0.8,0.3675,0
2026-09-26T20:53:19Z,shippingservice,124.0,400,0.8,0.31,0
2026-09-26T20:53:19Z,currencyservice,276.0,500,0.8,0.552,0
2026-09-26T20:53:19Z,emailservice,0.0,150,0.8,0.0,0
2026-09-26T20:53:19Z,adservice,87.0,600,0.8,0.145,0
2026-09-26T20:53:19Z,redis-cart,28.0,500,0.8,0.056,0
2026-09-26T20:53:20Z,frontend,233.2,1150,0.8,0.20278260869565218,0
2026-09-26T20:53:20Z,cartservice,182.0,1000,0.95,0.182,0
2026-09-26T20:53:20Z,checkoutservice,1247.0,1500,0.8,0.8313333333333334,1
2026-09-26T20:53:20Z,productcatalogservice,433.0,600,0.95,0.7216666666666667,0
2026-09-26T20:53:20Z,paymentservice,0.0,150,0.8,0.0,0
2026-09-26T20:53:20Z,recommendationservice,756.0,2000,0.8,0.378,0
2026-09-26T20:53:20Z,shippingservice,124.0,400,0.8,0.31,0
2026-09-26T20:53:20Z,currencyservice,276.0,500,0.8,0.552,0
2026-09-26T20:53:20Z,emailservice,0.0,150,0.8,0.0,0
2026-09-26T20:53:20Z,adservice,70.0,600,0.8,0.11666666666666667,0
2026-09-26T20:53:20Z,redis-cart,22.0,500,0.8,0.044,0
2026-09-26T20:53:21Z,frontend,230.4,1150,0.8,0.20034782608695653,0
2026-09-26T20:53:21Z,cartservice,230.0,1000,0.95,0.23,0
2026-09-26T20:53:21Z,checkoutservice,1169.0,1500,0.8,0.7793333333333333,0
2026-09-26T20:53:21Z,productcatalogservice,433.0,600,0.95,0.7216666666666667,0
2026-09-26T20:53:21Z,paymentservice,0.0,150,0.8,0.0,0
2026-09-26T20:53:21Z,recommendationservice,756.0,2000,0.8,0.378,0
2026-09-26T20:53:21Z,shippingservice,112.0,400,0.8,0.28,0
2026-09-26T20:53:21Z,currencyservice,248.0,500,0.8,0.496,0
2026-09-26T20:53:21Z,emailservice,24.0,150,0.8,0.16,0
2026-09-26T20:53:21Z,adservice,70.0,600,0.8,0.11666666666666667,0
2026-09-26T20:53:21Z,redis-cart,21.0,500,0.8,0.042,0
2026-09-26T20:53:22Z,frontend,254.4,1150,0.8,0.22121739130434784,0
2026-09-26T20:53:22Z,cartservice,170.0,1000,0.95,0.17,0
2026-09-26T20:53:22Z,checkoutservice,1169.0,1500,0.8,0.7793333333333333,0
2026-09-26T20:53:22Z,productcatalogservice,433.0,600,0.95,0.7216666666666667,0
2026-09-26T20:53:22Z,paymentservice,0.0,150,0.8,0.0,0
2026-09-26T20:53:22Z,recommendationservice,731.0,2000,0.8,0.3655,0
2026-09-26T20:53:22Z,shippingservice,112.0,400,0.8,0.28,0
2026-09-26T20:53:22Z,currencyservice,257.0,500,0.8,0.514,0
2026-09-26T20:53:22Z,emailservice,24.0,150,0.8,0.16,0
2026-09-26T20:53:22Z,adservice,80.0,600,0.8,0.13333333333333333,0
2026-09-26T20:53:22Z,redis-cart,21.0,500,0.8,0.042,0
2026-09-26T20:53:23Z,frontend,254.8,1150,0.8,0.22156521739130436,0
2026-09-26T20:53:23Z,cartservice,194.0,1000,0.95,0.194,0
2026-09-26T20:53:23Z,checkoutservice,1137.0,1500,0.8,0.758,0
2026-09-26T20:53:23Z,productcatalogservice,438.0,600,0.95,0.73,0
2026-09-26T20:53:23Z,paymentservice,0.0,150,0.8,0.0,0
2026-09-26T20:53:23Z,recommendationservice,731.0,2000,0.8,0.3655,0
2026-09-26T20:53:23Z,shippingservice,124.0,400,0.8,0.31,0
2026-09-26T20:53:23Z,currencyservice,242.0,500,0.8,0.484,0
2026-09-26T20:53:23Z,emailservice,0.0,150,0.8,0.0,0
2026-09-26T20:53:23Z,adservice,80.0,600,0.8,0.13333333333333333,0
2026-09-26T20:53:23Z,redis-cart,28.0,500,0.8,0.056,0
2026-09-26T20:53:24Z,frontend,245.8,1150,0.8,0.21373913043478263,0
2026-09-26T20:53:24Z,cartservice,194.0,1000,0.95,0.194,0
2026-09-26T20:53:24Z,checkoutservice,1163.0,1500,0.8,0.7753333333333333,0
2026-09-26T20:53:24Z,productcatalogservice,438.0,600,0.95,0.73,0
2026-09-26T20:53:24Z,paymentservice,0.0,150,0.8,0.0,0
2026-09-26T20:53:24Z,recommendationservice,686.0,2000,0.8,0.343,0
2026-09-26T20:53:24Z,shippingservice,109.0,400,0.8,0.2725,0
2026-09-26T20:53:24Z,currencyservice,242.0,500,0.8,0.484,0
2026-09-26T20:53:24Z,emailservice,0.0,150,0.8,0.0,0
2026-09-26T20:53:24Z,adservice,80.0,600,0.8,0.13333333333333333,0
2026-09-26T20:53:24Z,redis-cart,22.0,500,0.8,0.044,0
2026-09-26T20:53:25Z,frontend,246.2,1150,0.8,0.21408695652173912,0
2026-09-26T20:53:25Z,cartservice,244.0,1000,0.95,0.244,0
2026-09-26T20:53:25Z,checkoutservice,1187.0,1500,0.8,0.7913333333333333,0
2026-09-26T20:53:25Z,productcatalogservice,462.0,600,0.95,0.77,0
2026-09-26T20:53:25Z,paymentservice,0.0,150,0.8,0.0,0
2026-09-26T20:53:25Z,recommendationservice,751.0,2000,0.8,0.3755,0
2026-09-26T20:53:25Z,shippingservice,109.0,400,0.8,0.2725,0
2026-09-26T20:53:25Z,currencyservice,251.0,500,0.8,0.502,0
2026-09-26T20:53:25Z,emailservice,0.0,150,0.8,0.0,0
2026-09-26T20:53:25Z,adservice,81.0,600,0.8,0.135,0
2026-09-26T20:53:25Z,redis-cart,27.0,500,0.8,0.054,0
2026-09-26T20:53:26Z,frontend,255.4,1150,0.8,0.22208695652173913,0
2026-09-26T20:53:26Z,cartservice,244.0,1000,0.95,0.244,0
2026-09-26T20:53:26Z,checkoutservice,1218.0,1500,0.8,0.812,1
2026-09-26T20:53:26Z,productcatalogservice,439.0,600,0.95,0.7316666666666667,0
2026-09-26T20:53:26Z,paymentservice,0.0,150,0.8,0.0,0
2026-09-26T20:53:26Z,recommendationservice,751.0,2000,0.8,0.3755,0
2026-09-26T20:53:26Z,shippingservice,107.0,400,0.8,0.2675,0
2026-09-26T20:53:26Z,currencyservice,248.0,500,0.8,0.496,0
2026-09-26T20:53:26Z,emailservice,18.0,150,0.8,0.12,0
2026-09-26T20:53:26Z,adservice,81.0,600,0.8,0.135,0
2026-09-26T20:53:26Z,redis-cart,23.0,500,0.8,0.046,0
2026-09-26T20:53:27Z,frontend,236.4,1150,0.8,0.20556521739130434,0
2026-09-26T20:53:27Z,cartservice,216.0,1000,0.95,0.216,0
2026-09-26T20:53:27Z,checkoutservice,1218.0,1500,0.8,0.812,1
2026-09-26T20:53:27Z,productcatalogservice,439.0,600,0.95,0.7316666666666667,0
2026-09-26T20:53:27Z,paymentservice,0.0,150,0.8,0.0,0
2026-09-26T20:53:27Z,recommendationservice,718.0,2000,0.8,0.359,0
2026-09-26T20:53:27Z,shippingservice,145.0,400,0.8,0.3625,0
2026-09-26T20:53:27Z,currencyservice,222.0,500,0.8,0.444,0
2026-09-26T20:53:27Z,emailservice,0.0,150,0.8,0.0,0
2026-09-26T20:53:27Z,adservice,91.0,600,0.8,0.15166666666666667,0
2026-09-26T20:53:27Z,redis-cart,23.0,500,0.8,0.046,0
2026-09-26T20:53:28Z,frontend,239.4,1150,0.8,0.20817391304347826,0
2026-09-26T20:53:28Z,cartservice,185.0,1000,0.95,0.185,0
2026-09-26T20:53:28Z,checkoutservice,1085.0,1500,0.8,0.7233333333333334,0
2026-09-26T20:53:28Z,productcatalogservice,455.0,600,0.95,0.7583333333333333,0
2026-09-26T20:53:28Z,paymentservice,0.0,150,0.8,0.0,0
2026-09-26T20:53:28Z,recommendationservice,660.0,2000,0.8,0.33,0
2026-09-26T20:53:28Z,shippingservice,145.0,400,0.8,0.3625,0
2026-09-26T20:53:28Z,currencyservice,222.0,500,0.8,0.444,0
2026-09-26T20:53:28Z,emailservice,0.0,150,0.8,0.0,0
2026-09-26T20:53:28Z,adservice,89.0,600,0.8,0.14833333333333334,0
2026-09-26T20:53:28Z,redis-cart,26.0,500,0.8,0.052,0
2026-09-26T20:53:29Z,frontend,257.8,1150,0.8,0.22417391304347828,0
2026-09-26T20:53:29Z,cartservice,181.0,1000,0.95,0.181,0
2026-09-26T20:53:29Z,checkoutservice,1183.0,1500,0.8,0.7886666666666666,0
2026-09-26T20:53:29Z,productcatalogservice,442.0,600,0.95,0.7366666666666667,0
2026-09-26T20:53:29Z,paymentservice,0.0,150,0.8,0.0,0
2026-09-26T20:53:29Z,recommendationservice,660.0,2000,0.8,0.33,0
2026-09-26T20:53:29Z,shippingservice,103.0,400,0.8,0.2575,0
2026-09-26T20:53:29Z,currencyservice,281.0,500,0.8,0.562,0
2026-09-26T20:53:29Z,emailservice,0.0,150,0.8,0.0,0
2026-09-26T20:53:29Z,adservice,89.0,600,0.8,0.14833333333333334,0
2026-09-26T20:53:29Z,redis-cart,23.0,500,0.8,0.046,0
2026-09-26T20:53:30Z,frontend,273.6,1150,0.8,0.2379130434782609,0
2026-09-26T20:53:30Z,cartservice,181.0,1000,0.95,0.181,0
2026-09-26T20:53:30Z,checkoutservice,1183.0,1500,0.8,0.7886666666666666,0
2026-09-26T20:53:30Z,productcatalogservice,415.0,600,0.95,0.6916666666666667,0
2026-09-26T20:53:30Z,paymentservice,0.0,150,0.8,0.0,0
2026-09-26T20:53:30Z,recommendationservice,751.0,2000,0.8,0.3755,0
2026-09-26T20:53:30Z,shippingservice,117.0,400,0.8,0.2925,0
2026-09-26T20:53:30Z,currencyservice,281.0,500,0.8,0.562,0
2026-09-26T20:53:30Z,emailservice,0.0,150,0.8,0.0,0
2026-09-26T20:53:30Z,adservice,94.0,600,0.8,0.15666666666666668,0
2026-09-26T20:53:30Z,redis-cart,20.0,500,0.8,0.04,0
2026-09-26T20:53:31Z,frontend,256.2,1150,0.8,0.22278260869565217,0
2026-09-26T20:53:31Z,cartservice,212.0,1000,0.95,0.212,0
2026-09-26T20:53:31Z,checkoutservice,1062.0,1500,0.8,0.708,0
2026-09-26T20:53:31Z,productcatalogservice,415.0,600,0.95,0.6916666666666667,0
2026-09-26T20:53:31Z,paymentservice,0.0,150,0.8,0.0,0
2026-09-26T20:53:31Z,recommendationservice,751.0,2000,0.8,0.3755,0
2026-09-26T20:53:31Z,shippingservice,117.0,400,0.8,0.2925,0
2026-09-26T20:53:31Z,currencyservice,257.0,500,0.8,0.514,0
2026-09-26T20:53:31Z,emailservice,17.0,150,0.8,0.11333333333333333,0
2026-09-26T20:53:31Z,adservice,86.0,600,0.8,0.14333333333333334,0
2026-09-26T20:53:31Z,redis-cart,20.0,500,0.8,0.04,0
2026-09-26T20:53:32Z,frontend,251.2,1150,0.8,0.21843478260869564,0
2026-09-26T20:53:32Z,cartservice,212.0,1000,0.95,0.212,0
2026-09-26T20:53:32Z,checkoutservice,1147.0,1500,0.8,0.7646666666666667,0
2026-09-26T20:53:32Z,productcatalogservice,445.0,600,0.95,0.7416666666666667,0
2026-09-26T20:53:32Z,paymentservice,0.0,150,0.8,0.0,0
2026-09-26T20:53:32Z,recommendationservice,727.0,2000,0.8,0.3635,0
2026-09-26T20:53:32Z,shippingservice,102.0,400,0.8,0.255,0
2026-09-26T20:53:32Z,currencyservice,257.0,500,0.8,0.514,0
2026-09-26T20:53:32Z,emailservice,0.0,150,0.8,0.0,0
2026-09-26T20:53:32Z,adservice,70.0,600,0.8,0.11666666666666667,0
2026-09-26T20:53:32Z,redis-cart,26.0,500,0.8,0.052,0
2026-09-26T20:53:33Z,frontend,251.2,1150,0.8,0.21843478260869564,0
2026-09-26T20:53:33Z,cartservice,230.0,1000,0.95,0.23,0
2026-09-26T20:53:33Z,checkoutservice,1147.0,1500,0.8,0.7646666666666667,0
2026-09-26T20:53:33Z,productcatalogservice,461.0,600,0.95,0.7683333333333333,0
2026-09-26T20:53:33Z,paymentservice,0.0,150,0.8,0.0,0
2026-09-26T20:53:33Z,recommendationservice,739.0,2000,0.8,0.3695,0
2026-09-26T20:53:33Z,shippingservice,122.0,400,0.8,0.305,0
2026-09-26T20:53:33Z,currencyservice,275.0,500,0.8,0.55,0
2026-09-26T20:53:33Z,emailservice,0.0,150,0.8,0.0,0
2026-09-26T20:53:33Z,adservice,86.0,600,0.8,0.14333333333333334,0
2026-09-26T20:53:33Z,redis-cart,26.0,500,0.8,0.052,0
2026-09-26T20:53:34Z,frontend,256.0,1150,0.8,0.22260869565217392,0
2026-09-26T20:53:34Z,cartservice,192.0,1000,0.95,0.192,0
2026-09-26T20:53:34Z,checkoutservice,1162.0,1500,0.8,0.7746666666666666,0
2026-09-26T20:53:34Z,productcatalogservice,461.0,600,0.95,0.7683333333333333,0
2026-09-26T20:53:34Z,paymentservice,0.0,150,0.8,0.0,0
2026-09-26T20:53:34Z,recommendationservice,709.0,2000,0.8,0.3545,0
2026-09-26T20:53:34Z,shippingservice,122.0,400,0.8,0.305,0
2026-09-26T20:53:34Z,currencyservice,227.0,500,0.8,0.454,0
2026-09-26T20:53:34Z,emailservice,0.0,150,0.8,0.0,0
2026-09-26T20:53:34Z,adservice,86.0,600,0.8,0.14333333333333334,0
2026-09-26T20:53:34Z,redis-cart,27.0,500,0.8,0.054,0
2026-09-26T20:53:35Z,frontend,265.0,1150,0.8,0.23043478260869565,0
2026-09-26T20:53:35Z,cartservice,199.0,1000,0.95,0.199,0
2026-09-26T20:53:35Z,checkoutservice,1211.0,1500,0.8,0.8073333333333333,1
2026-09-26T20:53:35Z,productcatalogservice,462.0,600,0.95,0.77,0
2026-09-26T20:53:35Z,paymentservice,0.0,150,0.8,0.0,0
2026-09-26T20:53:35Z,recommendationservice,709.0,2000,0.8,0.3545,0
2026-09-26T20:53:35Z,shippingservice,108.0,400,0.8,0.27,0
2026-09-26T20:53:35Z,currencyservice,227.0,500,0.8,0.454,0
2026-09-26T20:53:35Z,emailservice,0.0,150,0.8,0.0,0
2026-09-26T20:53:35Z,adservice,77.0,600,0.8,0.12833333333333333,0
2026-09-26T20:53:35Z,redis-cart,21.0,500,0.8,0.042,0
2026-09-26T20:53:36Z,frontend,249.6,1150,0.8,0.21704347826086956,0
2026-09-26T20:53:36Z,cartservice,199.0,1000,0.95,0.199,0
2026-09-26T20:53:36Z,checkoutservice,1174.0,1500,0.8,0.7826666666666666,0
2026-09-26T20:53:36Z,productcatalogservice,441.0,600,0.95,0.735,0
2026-09-26T20:53:36Z,paymentservice,0.0,150,0.8,0.0,0
2026-09-26T20:53:36Z,recommendationservice,800.0,2000,0.8,0.4,0
2026-09-26T20:53:36Z,shippingservice,108.0,400,0.8,0.27,0
2026-09-26T20:53:36Z,currencyservice,280.0,500,0.8,0.56,0
2026-09-26T20:53:36Z,emailservice,27.0,150,0.8,0.18,0
2026-09-26T20:53:36Z,adservice,77.0,600,0.8,0.12833333333333333,0
2026-09-26T20:53:36Z,redis-cart,26.0,500,0.8,0.052,0
2026-09-26T20:53:37Z,frontend,244.8,1150,0.8,0.2128695652173913,0
2026-09-26T20:53:37Z,cartservice,205.0,1000,0.95,0.205,0
2026-09-26T20:53:37Z,checkoutservice,1224.0,1500,0.8,0.816,1
2026-09-26T20:53:37Z,productcatalogservice,441.0,600,0.95,0.735,0
2026-09-26T20:53:37Z,paymentservice,0.0,150,0.8,0.0,0
2026-09-26T20:53:37Z,recommendationservice,774.0,2000,0.8,0.387,0
2026-09-26T20:53:37Z,shippingservice,126.0,400,0.8,0.315,0
2026-09-26T20:53:37Z,currencyservice,204.0,500,0.8,0.408,0
2026-09-26T20:53:37Z,emailservice,27.0,150,0.8,0.18,0
2026-09-26T20:53:37Z,adservice,103.0,600,0.8,0.17166666666666666,0
2026-09-26T20:53:37Z,redis-cart,26.0,500,0.8,0.052,0
2026-09-26T20:53:38Z,frontend,257.6,1150,0.8,0.22400000000000003,0
2026-09-26T20:53:38Z,cartservice,193.0,1000,0.95,0.193,0
2026-09-26T20:53:38Z,checkoutservice,1224.0,1500,0.8,0.816,1
2026-09-26T20:53:38Z,productcatalogservice,448.0,600,0.95,0.7466666666666667,0
2026-09-26T20:53:38Z,paymentservice,0.0,150,0.8,0.0,0
2026-09-26T20:53:38Z,recommendationservice,774.0,2000,0.8,0.387,0
2026-09-26T20:53:38Z,shippingservice,126.0,400,0.8,0.315,0
2026-09-26T20:53:38Z,currencyservice,204.0,500,0.8,0.408,0
2026-09-26T20:53:38Z,emailservice,0.0,150,0.8,0.0,0
2026-09-26T20:53:38Z,adservice,87.0,600,0.8,0.145,0
2026-09-26T20:53:38Z,redis-cart,25.0,500,0.8,0.05,0
2026-09-26T20:53:39Z,frontend,260.6,1150,0.8,0.22660869565217392,0
2026-09-26T20:53:39Z,cartservice,193.0,1000,0.95,0.193,0
2026-09-26T20:53:39Z,checkoutservice,1089.0,1500,0.8,0.726,0
2026-09-26T20:53:39Z,productcatalogservice,426.0,600,0.95,0.71,0
2026-09-26T20:53:39Z,paymentservice,0.0,150,0.8,0.0,0
2026-09-26T20:53:39Z,recommendationservice,687.0,2000,0.8,0.3435,0
2026-09-26T20:53:39Z,shippingservice,108.0,400,0.8,0.27,0
2026-09-26T20:53:39Z,currencyservice,318.0,500,0.8,0.636,0
2026-09-26T20:53:39Z,emailservice,0.0,150,0.8,0.0,0
2026-09-26T20:53:39Z,adservice,75.0,600,0.8,0.125,0
2026-09-26T20:53:39Z,redis-cart,25.0,500,0.8,0.05,0
2026-09-26T20:53:40Z,frontend,259.8,1150,0.8,0.22591304347826088,0
2026-09-26T20:53:40Z,cartservice,196.0,1000,0.95,0.196,0
2026-09-26T20:53:40Z,checkoutservice,1220.0,1500,0.8,0.8133333333333334,1
2026-09-26T20:53:40Z,productcatalogservice,426.0,600,0.95,0.71,0
2026-09-26T20:53:40Z,paymentservice,0.0,150,0.8,0.0,0
2026-09-26T20:53:40Z,recommendationservice,800.0,2000,0.8,0.4,0
2026-09-26T20:53:40Z,shippingservice,112.0,400,0.8,0.28,0
2026-09-26T20:53:40Z,currencyservice,241.0,500,0.8,0.482,0
2026-09-26T20:53:40Z,emailservice,19.0,150,0.8,0.12666666666666668,0
2026-09-26T20:53:40Z,adservice,75.0,600,0.8,0.125,0
2026-09-26T20:53:40Z,redis-cart,25.0,500,0.8,0.05,0
2026-09-26T20:53:41Z,frontend,256.8,1150,0.8,0.22330434782608696,0
2026-09-26T20:53:41Z,cartservice,249.0,1000,0.95,0.249,0
2026-09-26T20:53:41Z,checkoutservice,1220.0,1500,0.8,0.8133333333333334,1
2026-09-26T20:53:41Z,productcatalogservice,423.0,600,0.95,0.705,0
2026-09-26T20:53:41Z,paymentservice,0.0,150,0.8,0.0,0
2026-09-26T20:53:41Z,recommendationservice,800.0,2000,0.8,0.4,0
2026-09-26T20:53:41Z,shippingservice,112.0,400,0.8,0.28,0
2026-09-26T20:53:41Z,currencyservice,241.0,500,0.8,0.482,0
2026-09-26T20:53:41Z,emailservice,19.0,150,0.8,0.12666666666666668,0
2026-09-26T20:53:41Z,adservice,84.0,600,0.8,0.14,0
2026-09-26T20:53:41Z,redis-cart,25.0,500,0.8,0.05,0
2026-09-26T20:53:42Z,frontend,245.8,1150,0.8,0.21373913043478263,0
2026-09-26T20:53:42Z,cartservice,249.0,1000,0.95,0.249,0
2026-09-26T20:53:42Z,checkoutservice,1070.0,1500,0.8,0.7133333333333334,0
2026-09-26T20:53:42Z,productcatalogservice,450.0,600,0.95,0.75,0
2026-09-26T20:53:42Z,paymentservice,0.0,150,0.8,0.0,0
2026-09-26T20:53:42Z,recommendationservice,697.0,2000,0.8,0.3485,0
2026-09-26T20:53:42Z,shippingservice,122.0,400,0.8,0.305,0
2026-09-26T20:53:42Z,currencyservice,259.0,500,0.8,0.518,0
2026-09-26T20:53:42Z,emailservice,0.0,150,0.8,0.0,0
2026-09-26T20:53:42Z,adservice,70.0,600,0.8,0.11666666666666667,0
2026-09-26T20:53:42Z,redis-cart,22.0,500,0.8,0.044,0
2026-09-26T20:53:43Z,frontend,231.8,1150,0.8,0.20156521739130437,0
2026-09-26T20:53:43Z,cartservice,222.0,1000,0.95,0.222,0
2026-09-26T20:53:43Z,checkoutservice,1070.0,1500,0.8,0.7133333333333334,0
2026-09-26T20:53:43Z,productcatalogservice,411.0,600,0.95,0.685,0
2026-09-26T20:53:43Z,paymentservice,0.0,150,0.8,0.0,0
2026-09-26T20:53:43Z,recommendationservice,697.0,2000,0.8,0.3485,0
2026-09-26T20:53:43Z,shippingservice,122.0,400,0.8,0.305,0
2026-09-26T20:53:43Z,currencyservice,242.0,500,0.8,0.484,0
2026-09-26T20:53:43Z,emailservice,0.0,150,0.8,0.0,0
2026-09-26T20:53:43Z,adservice,75.0,600,0.8,0.125,0
2026-09-26T20:53:43Z,redis-cart,26.0,500,0.8,0.052,0
2026-09-26T20:53:44Z,frontend,236.2,1150,0.8,0.20539130434782607,0
2026-09-26T20:53:44Z,cartservice,222.0,1000,0.95,0.222,0
2026-09-26T20:53:44Z,checkoutservice,1175.0,1500,0.8,0.7833333333333333,0
2026-09-26T20:53:44Z,productcatalogservice,411.0,600,0.95,0.685,0
2026-09-26T20:53:44Z,paymentservice,0.0,150,0.8,0.0,0
2026-09-26T20:53:44Z,recommendationservice,602.0,2000,0.8,0.301,0
2026-09-26T20:53:44Z,shippingservice,97.0,400,0.8,0.2425,0
2026-09-26T20:53:44Z,currencyservice,242.0,500,0.8,0.484,0
2026-09-26T20:53:44Z,emailservice,0.0,150,0.8,0.0,0
2026-09-26T20:53:44Z,adservice,104.0,600,0.8,0.17333333333333334,0
2026-09-26T20:53:44Z,redis-cart,26.0,500,0.8,0.052,0
2026-09-26T20:53:45Z,frontend,243.4,1150,0.8,0.21165217391304347,0
2026-09-26T20:53:45Z,cartservice,245.0,1000,0.95,0.245,0
2026-09-26T20:53:45Z,checkoutservice,1227.0,1500,0.8,0.818,1
2026-09-26T20:53:45Z,productcatalogservice,459.0,600,0.95,0.765,0
2026-09-26T20:53:45Z,paymentservice,0.0,150,0.8,0.0,0
2026-09-26T20:53:45Z,recommendationservice,687.0,2000,0.8,0.3435,0
2026-09-26T20:53:45Z,shippingservice,97.0,400,0.8,0.2425,0
2026-09-26T20:53:45Z,currencyservice,233.0,500,0.8,0.466,0
2026-09-26T20:53:45Z,emailservice,0.0,150,0.8,0.0,0
2026-09-26T20:53:45Z,adservice,104.0,600,0.8,0.17333333333333334,0
2026-09-26T20:53:45Z,redis-cart,24.0,500,0.8,0.048,0
2026-09-26T20:53:46Z,frontend,223.8,1150,0.8,0.19460869565217392,0
2026-09-26T20:53:46Z,cartservice,200.0,1000,0.95,0.2,0
2026-09-26T20:53:46Z,checkoutservice,1189.0,1500,0.8,0.7926666666666666,0
2026-09-26T20:53:46Z,productcatalogservice,459.0,600,0.95,0.765,0
2026-09-26T20:53:46Z,paymentservice,0.0,150,0.8,0.0,0
2026-09-26T20:53:46Z,recommendationservice,687.0,2000,0.8,0.3435,0
2026-09-26T20:53:46Z,shippingservice,110.0,400,0.8,0.275,0
2026-09-26T20:53:46Z,currencyservice,233.0,500,0.8,0.466,0
2026-09-26T20:53:46Z,emailservice,20.0,150,0.8,0.13333333333333333,0
2026-09-26T20:53:46Z,adservice,89.0,600,0.8,0.14833333333333334,0
2026-09-26T20:53:46Z,redis-cart,22.0,500,0.8,0.044,0
2026-09-26T20:53:47Z,frontend,234.8,1150,0.8,0.20417391304347826,0
2026-09-26T20:53:47Z,cartservice,200.0,1000,0.95,0.2,0
2026-09-26T20:53:47Z,checkoutservice,1189.0,1500,0.8,0.7926666666666666,0
2026-09-26T20:53:47Z,productcatalogservice,396.0,600,0.95,0.66,0
2026-09-26T20:53:47Z,paymentservice,0.0,150,0.8,0.0,0
2026-09-26T20:53:47Z,recommendationservice,651.0,2000,0.8,0.3255,0
2026-09-26T20:53:47Z,shippingservice,134.0,400,0.8,0.335,0
2026-09-26T20:53:47Z,currencyservice,276.0,500,0.8,0.552,0
2026-09-26T20:53:47Z,emailservice,20.0,150,0.8,0.13333333333333333,0
2026-09-26T20:53:47Z,adservice,89.0,600,0.8,0.14833333333333334,0
2026-09-26T20:53:47Z,redis-cart,22.0,500,0.8,0.044,0
2026-09-26T20:53:48Z,frontend,252.6,1150,0.8,0.21965217391304348,0
2026-09-26T20:53:48Z,cartservice,243.0,1000,0.95,0.243,0
2026-09-26T20:53:48Z,checkoutservice,1070.0,1500,0.8,0.7133333333333334,0
2026-09-26T20:53:48Z,productcatalogservice,429.0,600,0.95,0.715,0
2026-09-26T20:53:48Z,paymentservice,0.0,150,0.8,0.0,0
2026-09-26T20:53:48Z,recommendationservice,651.0,2000,0.8,0.3255,0
2026-09-26T20:53:48Z,shippingservice,134.0,400,0.8,0.335,0
2026-09-26T20:53:48Z,currencyservice,251.0,500,0.8,0.502,0
2026-09-26T20:53:48Z,emailservice,0.0,150,0.8,0.0,0
2026-09-26T20:53:48Z,adservice,73.0,600,0.8,0.12166666666666667,0
2026-09-26T20:53:48Z,redis-cart,24.0,500,0.8,0.048,0
2026-09-26T20:53:49Z,frontend,241.2,1150,0.8,0.2097391304347826,0
2026-09-26T20:53:49Z,cartservice,243.0,1000,0.95,0.243,0
2026-09-26T20:53:49Z,checkoutservice,1183.0,1500,0.8,0.7886666666666666,0
2026-09-26T20:53:49Z,productcatalogservice,395.0,600,0.95,0.6583333333333333,0
2026-09-26T20:53:49Z,paymentservice,0.0,150,0.8,0.0,0
2026-09-26T20:53:49Z,recommendationservice,697.0,2000,0.8,0.3485,0
2026-09-26T20:53:49Z,shippingservice,107.0,400,0.8,0.2675,0
2026-09-26T20:53:49Z,currencyservice,251.0,500,0.8,0.502,0
2026-09-26T20:53:49Z,emailservice,0.0,150,0.8,0.0,0
2026-09-26T20:53:49Z,adservice,76.0,600,0.8,0.12666666666666668,0
2026-09-26T20:53:49Z,redis-cart,22.0,500,0.8,0.044,0
2026-09-26T20:53:50Z,frontend,246.0,1150,0.8,0.21391304347826087,0
2026-09-26T20:53:50Z,cartservice,276.0,1000,0.95,0.276,0
2026-09-26T20:53:50Z,checkoutservice,1188.0,1500,0.8,0.792,0
2026-09-26T20:53:50Z,productcatalogservice,395.0,600,0.95,0.6583333333333333,0
2026-09-26T20:53:50Z,paymentservice,0.0,150,0.8,0.0,0
2026-09-26T20:53:50Z,recommendationservice,718.0,2000,0.8,0.359,0
2026-09-26T20:53:50Z,shippingservice,114.0,400,0.8,0.285,0
2026-09-26T20:53:50Z,currencyservice,268.0,500,0.8,0.536,0
2026-09-26T20:53:50Z,emailservice,0.0,150,0.8,0.0,0
2026-09-26T20:53:50Z,adservice,75.0,600,0.8,0.125,0
2026-09-26T20:53:50Z,redis-cart,27.0,500,0.8,0.054,0
2026-09-26T20:53:51Z,frontend,249.4,1150,0.8,0.2168695652173913,0
2026-09-26T20:53:51Z,cartservice,251.0,1000,0.95,0.251,0
2026-09-26T20:53:51Z,checkoutservice,1188.0,1500,0.8,0.792,0
2026-09-26T20:53:51Z,productcatalogservice,429.0,600,0.95,0.715,0
2026-09-26T20:53:51Z,paymentservice,0.0,150,0.8,0.0,0
2026-09-26T20:53:51Z,recommendationservice,718.0,2000,0.8,0.359,0
2026-09-26T20:53:51Z,shippingservice,114.0,400,0.8,0.285,0
2026-09-26T20:53:51Z,currencyservice,223.0,500,0.8,0.446,0
2026-09-26T20:53:51Z,emailservice,35.0,150,0.8,0.23333333333333334,0
2026-09-26T20:53:51Z,adservice,75.0,600,0.8,0.125,0
2026-09-26T20:53:51Z,redis-cart,27.0,500,0.8,0.054,0
2026-09-26T20:53:52Z,frontend,251.8,1150,0.8,0.21895652173913044,0
2026-09-26T20:53:52Z,cartservice,251.0,1000,0.95,0.251,0
2026-09-26T20:53:52Z,checkoutservice,1120.0,1500,0.8,0.7466666666666667,0
2026-09-26T20:53:52Z,productcatalogservice,445.0,600,0.95,0.7416666666666667,0
2026-09-26T20:53:52Z,paymentservice,0.0,150,0.8,0.0,0
2026-09-26T20:53:52Z,recommendationservice,707.0,2000,0.8,0.3535,0
2026-09-26T20:53:52Z,shippingservice,122.0,400,0.8,0.305,0
2026-09-26T20:53:52Z,currencyservice,223.0,500,0.8,0.446,0
2026-09-26T20:53:52Z,emailservice,0.0,150,0.8,0.0,0
2026-09-26T20:53:52Z,adservice,79.0,600,0.8,0.13166666666666665,0
2026-09-26T20:53:52Z,redis-cart,21.0,500,0.8,0.042,0
2026-09-26T20:53:53Z,frontend,249.8,1150,0.8,0.21721739130434783,0
2026-09-26T20:53:53Z,cartservice,262.0,1000,0.95,0.262,0
2026-09-26T20:53:53Z,checkoutservice,1192.0,1500,0.8,0.7946666666666666,0
2026-09-26T20:53:53Z,productcatalogservice,431.0,600,0.95,0.7183333333333334,0
2026-09-26T20:53:53Z,paymentservice,0.0,150,0.8,0.0,0
2026-09-26T20:53:53Z,recommendationservice,721.0,2000,0.8,0.3605,0
2026-09-26T20:53:53Z,shippingservice,122.0,400,0.8,0.305,0
2026-09-26T20:53:53Z,currencyservice,278.0,500,0.8,0.556,0
2026-09-26T20:53:53Z,emailservice,0.0,150,0.8,0.0,0
2026-09-26T20:53:53Z,adservice,74.0,600,0.8,0.12333333333333334,0
2026-09-26T20:53:53Z,redis-cart,20.0,500,0.8,0.04,0
2026-09-26T20:53:54Z,frontend,255.2,1150,0.8,0.22191304347826085,0
2026-09-26T20:53:54Z,cartservice,262.0,1000,0.95,0.262,0
2026-09-26T20:53:54Z,checkoutservice,1192.0,1500,0.8,0.7946666666666666,0
2026-09-26T20:53:54Z,productcatalogservice,460.0,600,0.95,0.7666666666666667,0
2026-09-26T20:53:54Z,paymentservice,0.0,150,0.8,0.0,0
2026-09-26T20:53:54Z,recommendationservice,721.0,2000,0.8,0.3605,0
2026-09-26T20:53:54Z,shippingservice,101.0,400,0.8,0.2525,0
2026-09-26T20:53:54Z,currencyservice,278.0,500,0.8,0.556,0
2026-09-26T20:53:54Z,emailservice,0.0,150,0.8,0.0,0
2026-09-26T20:53:54Z,adservice,74.0,600,0.8,0.12333333333333334,0
2026-09-26T20:53:54Z,redis-cart,20.0,500,0.8,0.04,0
2026-09-26T20:53:55Z,frontend,234.8,1150,0.8,0.20417391304347826,0
2026-09-26T20:53:55Z,cartservice,247.0,1000,0.95,0.247,0
2026-09-26T20:53:55Z,checkoutservice,1108.0,1500,0.8,0.7386666666666667,0
2026-09-26T20:53:55Z,productcatalogservice,489.0,600,0.95,0.815,0
2026-09-26T20:53:55Z,paymentservice,0.0,150,0.8,0.0,0
2026-09-26T20:53:55Z,recommendationservice,780.0,2000,0.8,0.39,0
2026-09-26T20:53:55Z,shippingservice,137.0,400,0.8,0.3425,0
2026-09-26T20:53:55Z,currencyservice,252.0,500,0.8,0.504,0
2026-09-26T20:53:55Z,emailservice,27.0,150,0.8,0.18,0
2026-09-26T20:53:55Z,adservice,83.0,600,0.8,0.13833333333333334,0
2026-09-26T20:53:55Z,redis-cart,25.0,500,0.8,0.05,0
2026-09-26T20:53:56Z,frontend,234.8,1150,0.8,0.20417391304347826,0
2026-09-26T20:53:56Z,cartservice,194.0,1000,0.95,0.194,0
2026-09-26T20:53:56Z,checkoutservice,1207.0,1500,0.8,0.8046666666666666,1
2026-09-26T20:53:56Z,productcatalogservice,410.0,600,0.95,0.6833333333333333,0
2026-09-26T20:53:56Z,paymentservice,0.0,150,0.8,0.0,0
2026-09-26T20:53:56Z,recommendationservice,644.0,2000,0.8,0.322,0
2026-09-26T20:53:56Z,shippingservice,137.0,400,0.8,0.3425,0
2026-09-26T20:53:56Z,currencyservice,244.0,500,0.8,0.488,0
2026-09-26T20:53:56Z,emailservice,0.0,150,0.8,0.0,0
2026-09-26T20:53:56Z,adservice,83.0,600,0.8,0.13833333333333334,0
2026-09-26T20:53:56Z,redis-cart,25.0,500,0.8,0.05,0
2026-09-26T20:53:57Z,frontend,244.0,1150,0.8,0.21217391304347827,0
2026-09-26T20:53:57Z,cartservice,198.0,1000,0.95,0.198,0
2026-09-26T20:53:57Z,checkoutservice,1282.0,1500,0.8,0.8546666666666667,1
2026-09-26T20:53:57Z,productcatalogservice,410.0,600,0.95,0.6833333333333333,0
2026-09-26T20:53:57Z,paymentservice,0.0,150,0.8,0.0,0
2026-09-26T20:53:57Z,recommendationservice,729.0,2000,0.8,0.3645,0
2026-09-26T20:53:57Z,shippingservice,131.0,400,0.8,0.3275,0
2026-09-26T20:53:57Z,currencyservice,259.0,500,0.8,0.518,0
2026-09-26T20:53:57Z,emailservice,0.0,150,0.8,0.0,0
2026-09-26T20:53:57Z,adservice,83.0,600,0.8,0.13833333333333334,0
2026-09-26T20:53:57Z,redis-cart,25.0,500,0.8,0.05,0
2026-09-26T20:53:58Z,frontend,256.8,1150,0.8,0.22330434782608696,0
2026-09-26T20:53:58Z,cartservice,176.0,1000,0.95,0.176,0
2026-09-26T20:53:58Z,checkoutservice,1282.0,1500,0.8,0.8546666666666667,1
2026-09-26T20:53:58Z,productcatalogservice,424.0,600,0.95,0.7066666666666667,0
2026-09-26T20:53:58Z,paymentservice,0.0,150,0.8,0.0,0
2026-09-26T20:53:58Z,recommendationservice,729.0,2000,0.8,0.3645,0
2026-09-26T20:53:58Z,shippingservice,108.0,400,0.8,0.27,0
2026-09-26T20:53:58Z,currencyservice,259.0,500,0.8,0.518,0
2026-09-26T20:53:58Z,emailservice,0.0,150,0.8,0.0,0
2026-09-26T20:53:58Z,adservice,78.0,600,0.8,0.13,0
2026-09-26T20:53:58Z,redis-cart,25.0,500,0.8,0.05,0
2026-09-26T20:53:59Z,frontend,179.4,1150,0.8,0.156,0
2026-09-26T20:53:59Z,cartservice,176.0,1000,0.95,0.176,0
2026-09-26T20:53:59Z,checkoutservice,631.0,1500,0.8,0.4206666666666667,0
2026-09-26T20:53:59Z,productcatalogservice,424.0,600,0.95,0.7066666666666667,0
2026-09-26T20:53:59Z,paymentservice,0.0,150,0.8,0.0,0
2026-09-26T20:53:59Z,recommendationservice,379.0,2000,0.8,0.1895,0
2026-09-26T20:53:59Z,shippingservice,0.0,400,0.8,0.0,0
2026-09-26T20:53:59Z,currencyservice,156.0,500,0.8,0.312,0
2026-09-26T20:53:59Z,emailservice,0.0,150,0.8,0.0,0
2026-09-26T20:53:59Z,adservice,78.0,600,0.8,0.13,0
2026-09-26T20:53:59Z,redis-cart,4.0,500,0.8,0.008,0
2026-09-26T20:54:00Z,frontend,72.25,1150,0.8,0.06282608695652174,0
2026-09-26T20:54:00Z,cartservice,17.0,1000,0.95,0.017,0
2026-09-26T20:54:00Z,checkoutservice,631.0,1500,0.8,0.4206666666666667,0
2026-09-26T20:54:00Z,productcatalogservice,73.0,600,0.95,0.12166666666666667,0
2026-09-26T20:54:00Z,paymentservice,0.0,150,0.8,0.0,0
2026-09-26T20:54:00Z,recommendationservice,379.0,2000,0.8,0.1895,0
2026-09-26T20:54:00Z,shippingservice,0.0,400,0.8,0.0,0
2026-09-26T20:54:00Z,currencyservice,156.0,500,0.8,0.312,0
2026-09-26T20:54:00Z,emailservice,0.0,150,0.8,0.0,0
2026-09-26T20:54:00Z,adservice,47.0,600,0.8,0.07833333333333334,0
2026-09-26T20:54:00Z,redis-cart,4.0,500,0.8,0.008,0
