1791150573 cpu  1733133 704 92673 31787910 1390 0 154962 64682 0 0
1791150578 cpu  1733136 704 92676 31791904 1390 0 154962 64683 0 0
1791150583 cpu  1733141 704 92677 31795897 1391 0 154962 64683 0 0
1791150588 cpu  1733184 704 92694 31799832 1391 0 154969 64683 0 0
1791150593 cpu  1733188 704 92699 31803826 1391 0 154969 64683 0 0
1791150598 cpu  1733190 704 92699 31807823 1391 0 154970 64683 0 0
1791150603 cpu  1733192 704 92700 31811818 1391 0 154970 64683 0 0
1791150608 cpu  1733194 704 92701 31815814 1391 0 154970 64683 0 0
1791150613 cpu  1733195 704 92701 31819811 1391 0 154970 64683 0 0
1791150618 cpu  1733197 704 92702 31823807 1391 0 154970 64683 0 0
1791150623 cpu  1733200 704 92704 31827801 1391 0 154971 64683 0 0
1791150628 cpu  1733203 704 92704 31831796 1391 0 154971 64683 0 0
1791150633 cpu  1733213 704 92709 31835779 1391 0 154971 64683 0 0
1791150638 cpu  1733216 704 92709 31839775 1391 0 154971 64683 0 0
1791150643 cpu  1733219 704 92710 31843771 1391 0 154971 64683 0 0
1791150648 cpu  1733221 704 92711 31847767 1391 0 154971 64683 0 0
1791150653 cpu  1733224 704 92711 31851764 1391 0 154971 64683 0 0
1791150658 cpu  1733226 704 92711 31855761 1391 0 154971 64683 0 0
1791150663 cpu  1733228 704 92713 31859755 1391 0 154971 64683 0 0
1791150668 cpu  1733230 704 92714 31863752 1391 0 154971 64683 0 0
1791150673 cpu  1733232 704 92715 31867748 1391 0 154972 64683 0 0
1791150678 cpu  1733234 704 92715 31871745 1391 0 154972 64684 0 0
1791150683 cpu  1733236 704 92716 31875741 1391 0 154972 64684 0 0
1791150688 cpu  1733238 704 92716 31879736 1391 0 154972 64684 0 0
1791150693 cpu  1733249 704 92721 31883719 1391 0 154972 64684 0 0
1791150698 cpu  1733250 704 92721 31887715 1391 0 154973 64684 0 0
1791150703 cpu  1733253 704 92722 31891709 1391 0 154973 64684 0 0
1791150708 cpu  1733254 704 92723 31895705 1391 0 154973 64684 0 0
1791150713 cpu  1733255 704 92723 31899700 1391 0 154973 64684 0 0
1791150718 cpu  1733257 704 92724 31903696 1391 0 154973 64684 0 0
1791150723 cpu  1733260 704 92724 31907690 1391 0 154973 64684 0 0
1791150728 cpu  1733263 704 92725 31911686 1391 0 154973 64684 0 0
1791150733 cpu  1733266 704 92726 31915682 1391 0 154974 64684 0 0
1791150738 cpu  1733267 704 92727 31919679 1391 0 154974 64684 0 0
1791150743 cpu  1733269 704 92728 31923675 1391 0 154974 64684 0 0
1791150748 cpu  1733270 704 92729 31927669 1391 0 154974 64684 0 0
1791150753 cpu  1733280 704 92733 31931651 1391 0 154974 64684 0 0
1791150758 cpu  1733282 704 92734 31935647 1391 0 154974 64684 0 0
1791150763 cpu  1733284 704 92735 31939642 1391 0 154975 64685 0 0
1791150768 cpu  1733286 704 92735 31943638 1391 0 154975 64685 0 0
1791150773 cpu  1733289 704 92736 31947634 1391 0 154976 64685 0 0
1791150778 cpu  1733291 704 92737 31951630 1391 0 154976 64685 0 0
1791150783 cpu  1733294 704 92738 31955623 1391 0 154976 64685 0 0
1791150788 cpu  1733296 704 92739 31959619 1391 0 154976 64685 0 0
1791150793 cpu  1733299 704 92739 31963615 1391 0 154976 64685 0 0
1791150798 cpu  1733301 704 92740 31967611 1391 0 154976 64685 0 0
1791150803 cpu  1733303 704 92740 31971607 1391 0 154976 64685 0 0
1791150808 cpu  1733305 704 92740 31975600 1392 0 154976 64685 0 0
1791150813 cpu  1733316 704 92743 31979582 1392 0 154976 64685 0 0
1791150818 cpu  1733320 704 92744 31983578 1392 0 154976 64685 0 0
1791150823 cpu  1733322 704 92745 31987572 1392 0 154976 64685 0 0
1791150828 cpu  1733324 704 92745 31991568 1392 0 154976 64685 0 0
1791150833 cpu  1733327 704 92746 31995563 1392 0 154976 64685 0 0
1791150838 cpu  1733329 704 92746 31999559 1392 0 154976 64685 0 0
1791150843 cpu  1733332 704 92746 32003553 1392 0 154976 64686 0 0
1791150848 cpu  1733334 704 92747 32007549 1392 0 154976 64686 0 0
1791150853 cpu  1733335 704 92747 32011545 1392 0 154977 64686 0 0
1791150858 cpu  1733379 704 92770 32015476 1392 0 154990 64686 0 0
1791150863 cpu  1733458 704 92809 32019353 1392 0 155009 64686 0 0
1791150868 cpu  1733537 704 92836 32023240 1393 0 155019 64686 0 0
1791150873 cpu  1733589 704 92864 32027148 1393 0 155029 64687 0 0
1791150878 cpu  1734663 704 92978 32029950 1393 0 155047 64687 0 0
1791150883 cpu  1735268 704 93003 32033307 1393 0 155067 64688 0 0
1791150888 cpu  1735948 704 93048 32036536 1393 0 155097 64688 0 0
1791150893 cpu  1736350 704 93060 32040093 1394 0 155127 64689 0 0
1791150898 cpu  1736745 704 93071 32043664 1394 0 155150 64690 0 0
1791150903 cpu  1737141 704 93083 32047225 1394 0 155174 64690 0 0
1791150908 cpu  1737527 704 93093 32050792 1394 0 155201 64691 0 0
1791150913 cpu  1737928 704 93103 32054352 1394 0 155228 64691 0 0
1791150918 cpu  1738325 704 93116 32057919 1394 0 155251 64692 0 0
1791150923 cpu  1738731 704 93129 32061485 1394 0 155279 64693 0 0
1791150928 cpu  1739112 704 93143 32065061 1394 0 155310 64693 0 0
1791150933 cpu  1739512 704 93159 32068613 1394 0 155340 64694 0 0
1791150938 cpu  1739891 704 93172 32072177 1394 0 155370 64694 0 0
1791150943 cpu  1740310 704 93179 32075717 1394 0 155402 64695 0 0
1791150948 cpu  1740685 704 93191 32079284 1395 0 155430 64696 0 0
1791150953 cpu  1741072 704 93203 32082855 1395 0 155457 64696 0 0
1791150958 cpu  1741448 704 93216 32086419 1395 0 155488 64697 0 0
1791150963 cpu  1741846 704 93231 32089985 1395 0 155519 64697 0 0
1791150968 cpu  1742220 704 93243 32093551 1396 0 155545 64698 0 0
1791150973 cpu  1742607 704 93256 32097113 1396 0 155575 64699 0 0
1791150978 cpu  1743001 704 93271 32100680 1396 0 155604 64699 0 0
1791150983 cpu  1743394 704 93283 32104246 1396 0 155633 64700 0 0
1791150988 cpu  1743780 704 93295 32107817 1396 0 155658 64700 0 0
1791150993 cpu  1744180 704 93311 32111363 1396 0 155692 64701 0 0
1791150998 cpu  1744563 704 93319 32114934 1396 0 155719 64702 0 0
1791151003 cpu  1744941 704 93330 32118507 1396 0 155749 64702 0 0
1791151008 cpu  1745317 704 93341 32122082 1397 0 155773 64703 0 0
1791151013 cpu  1745704 704 93353 32125646 1397 0 155799 64703 0 0
1791151019 cpu  1746086 704 93361 32129218 1397 0 155824 64703 0 0
1791151024 cpu  1746489 704 93373 32132771 1397 0 155855 64704 0 0
1791151029 cpu  1746909 704 93383 32136321 1397 0 155879 64705 0 0
1791151034 cpu  1747308 704 93391 32139886 1397 0 155911 64705 0 0
1791151039 cpu  1747697 704 93404 32143452 1397 0 155937 64706 0 0
1791151044 cpu  1748107 704 93416 32147000 1397 0 155963 64706 0 0
1791151049 cpu  1748515 704 93424 32150543 1397 0 155992 64707 0 0
1791151054 cpu  1748918 704 93442 32154085 1397 0 156027 64708 0 0
1791151059 cpu  1749302 704 93454 32157655 1397 0 156057 64708 0 0
1791151064 cpu  1749707 704 93472 32161212 1397 0 156090 64709 0 0
1791151069 cpu  1750097 704 93482 32164769 1398 0 156126 64709 0 0
1791151074 cpu  1750494 704 93495 32168321 1398 0 156157 64710 0 0
1791151079 cpu  1750874 704 93510 32171886 1398 0 156179 64711 0 0
1791151084 cpu  1751256 704 93525 32175444 1398 0 156218 64711 0 0
1791151089 cpu  1751658 704 93536 32179000 1398 0 156250 64712 0 0
1791151094 cpu  1752072 704 93546 32182551 1398 0 156284 64712 0 0
1791151099 cpu  1752472 704 93557 32186108 1398 0 156315 64713 0 0
1791151104 cpu  1752874 704 93568 32189662 1398 0 156351 64714 0 0
1791151109 cpu  1753274 704 93581 32193208 1398 0 156382 64714 0 0
1791151114 cpu  1753686 704 93600 32196741 1398 0 156408 64715 0 0
1791151119 cpu  1754068 704 93612 32200304 1398 0 156436 64716 0 0
1791151124 cpu  1754459 704 93622 32203858 1398 0 156466 64716 0 0
1791151129 cpu  1754863 704 93634 32207412 1398 0 156502 64717 0 0
1791151134 cpu  1755283 704 93643 32210965 1398 0 156537 64718 0 0
1791151139 cpu  1755683 704 93654 32214525 1398 0 156570 64718 0 0
1791151144 cpu  1756076 704 93665 32218071 1398 0 156604 64719 0 0
1791151149 cpu  1756477 704 93676 32221626 1398 0 156635 64719 0 0
1791151154 cpu  1756883 704 93684 32225179 1398 0 156660 64720 0 0
1791151159 cpu  1757292 704 93699 32228731 1398 0 156693 64721 0 0
1791151164 cpu  1757693 704 93707 32232288 1398 0 156723 64721 0 0
1791151169 cpu  1758085 704 93721 32235848 1398 0 156750 64722 0 0
1791151174 cpu  1758490 704 93734 32239385 1398 0 156789 64723 0 0
1791151179 cpu  1758889 704 93749 32242925 1398 0 156815 64723 0 0
1791151184 cpu  1759283 704 93766 32246472 1398 0 156842 64724 0 0
1791151189 cpu  1759670 704 93777 32250034 1398 0 156867 64725 0 0
1791151194 cpu  1760080 704 93792 32253583 1398 0 156898 64725 0 0
1791151199 cpu  1760478 704 93801 32257129 1398 0 156921 64726 0 0
1791151204 cpu  1760867 704 93814 32260685 1399 0 156959 64727 0 0
1791151209 cpu  1761274 704 93827 32264212 1399 0 156999 64729 0 0
1791151214 cpu  1761687 704 93836 32267756 1399 0 157032 64730 0 0
1791151219 cpu  1762112 704 93850 32271298 1399 0 157058 64731 0 0
1791151224 cpu  1762542 704 93861 32274830 1399 0 157089 64732 0 0
1791151229 cpu  1762956 704 93878 32278360 1399 0 157119 64734 0 0
1791151234 cpu  1763400 704 93896 32281872 1399 0 157154 64735 0 0
1791151239 cpu  1763810 704 93904 32285413 1399 0 157175 64736 0 0
1791151244 cpu  1764226 704 93918 32288953 1399 0 157206 64737 0 0
1791151249 cpu  1764628 704 93932 32292499 1399 0 157233 64738 0 0
1791151254 cpu  1765041 704 93948 32296037 1399 0 157266 64739 0 0
1791151259 cpu  1765443 704 93960 32299586 1399 0 157307 64740 0 0
1791151264 cpu  1765860 704 93972 32303132 1399 0 157342 64741 0 0
1791151269 cpu  1766274 704 93980 32306677 1399 0 157368 64742 0 0
1791151274 cpu  1766666 704 93992 32310227 1399 0 157395 64743 0 0
1791151279 cpu  1767083 704 94003 32313773 1399 0 157424 64743 0 0
1791151284 cpu  1767480 704 94015 32317323 1399 0 157451 64744 0 0
1791151289 cpu  1767889 704 94026 32320867 1399 0 157484 64745 0 0
1791151294 cpu  1768305 704 94046 32324390 1399 0 157515 64745 0 0
1791151299 cpu  1768704 704 94057 32327951 1399 0 157544 64746 0 0
1791151304 cpu  1769093 704 94068 32331511 1399 0 157574 64747 0 0
1791151309 cpu  1769491 704 94079 32335065 1399 0 157603 64747 0 0
1791151314 cpu  1769915 704 94088 32338604 1399 0 157637 64748 0 0
1791151319 cpu  1770311 704 94096 32342163 1399 0 157669 64748 0 0
1791151324 cpu  1770723 704 94108 32345718 1399 0 157709 64749 0 0
1791151329 cpu  1771125 704 94120 32349267 1399 0 157749 64750 0 0
1791151334 cpu  1771527 704 94130 32352827 1399 0 157782 64750 0 0
1791151339 cpu  1771939 704 94142 32356385 1399 0 157813 64751 0 0
1791151344 cpu  1772339 704 94155 32359947 1400 0 157848 64751 0 0
1791151349 cpu  1772754 704 94163 32363502 1400 0 157880 64752 0 0
1791151354 cpu  1773167 704 94179 32367041 1400 0 157905 64752 0 0
1791151359 cpu  1773566 704 94191 32370602 1400 0 157938 64753 0 0
1791151364 cpu  1773958 704 94199 32374169 1400 0 157964 64753 0 0
1791151369 cpu  1774338 704 94209 32377737 1400 0 157992 64754 0 0
1791151374 cpu  1774714 704 94218 32381316 1400 0 158024 64754 0 0
1791151379 cpu  1775095 704 94229 32384887 1400 0 158054 64755 0 0
1791151384 cpu  1775483 704 94240 32388451 1400 0 158083 64756 0 0
1791151389 cpu  1775891 704 94246 32392011 1400 0 158114 64756 0 0
1791151394 cpu  1776281 704 94255 32395578 1400 0 158140 64757 0 0
1791151399 cpu  1776684 704 94265 32399139 1400 0 158171 64757 0 0
1791151404 cpu  1777056 704 94277 32402708 1400 0 158198 64758 0 0
1791151409 cpu  1777449 704 94288 32406274 1400 0 158226 64758 0 0
1791151414 cpu  1777857 704 94304 32409805 1400 0 158254 64759 0 0
1791151419 cpu  1778260 704 94315 32413357 1400 0 158282 64760 0 0
1791151424 cpu  1778654 704 94326 32416912 1400 0 158310 64760 0 0
1791151429 cpu  1779047 704 94339 32420476 1400 0 158332 64761 0 0
1791151434 cpu  1779431 704 94350 32424046 1400 0 158360 64761 0 0
1791151439 cpu  1779828 704 94363 32427607 1400 0 158384 64762 0 0
1791151444 cpu  1780233 704 94375 32431157 1400 0 158414 64763 0 0
1791151449 cpu  1780634 704 94384 32434724 1400 0 158433 64763 0 0
1791151454 cpu  1781030 704 94397 32438285 1400 0 158468 64764 0 0
1791151459 cpu  1781416 704 94409 32441864 1400 0 158494 64765 0 0
1791151464 cpu  1781815 704 94421 32445424 1400 0 158514 64765 0 0
1791151469 cpu  1782200 704 94431 32448993 1400 0 158545 64766 0 0
1791151474 cpu  1782601 704 94451 32452539 1400 0 158570 64766 0 0
1791151479 cpu  1782993 704 94466 32456095 1400 0 158607 64767 0 0
1791151484 cpu  1783377 704 94478 32459666 1400 0 158636 64767 0 0
1791151489 cpu  1783729 704 94514 32463254 1401 0 158667 64768 0 0
1791151494 cpu  1783730 704 94517 32467247 1401 0 158667 64768 0 0
1791151499 cpu  1783732 704 94518 32471244 1401 0 158667 64768 0 0
1791151504 cpu  1783736 704 94519 32475236 1401 0 158668 64768 0 0
1791151509 cpu  1783736 704 94519 32479233 1401 0 158668 64768 0 0
1791151514 cpu  1783737 704 94519 32483229 1401 0 158668 64768 0 0
1791151519 cpu  1783739 704 94519 32487225 1401 0 158668 64768 0 0
