1791150567 cpu  2235325 525 649866 30122147 10963 0 498288 24870 0 0
1791150572 cpu  2235382 525 649903 30126005 10964 0 498298 24872 0 0
1791150577 cpu  2235497 525 649959 30129796 10965 0 498311 24875 0 0
1791150582 cpu  2235679 525 650041 30133470 10966 0 498334 24877 0 0
1791150587 cpu  2235776 525 650100 30137262 10966 0 498346 24879 0 0
1791150592 cpu  2235917 525 650168 30140987 10967 0 498365 24882 0 0
1791150597 cpu  2236055 525 650254 30144723 10968 0 498388 24884 0 0
1791150602 cpu  2236184 525 650327 30148464 10968 0 498403 24886 0 0
1791150607 cpu  2236323 525 650381 30152212 10969 0 498428 24889 0 0
1791150612 cpu  2236462 525 650453 30155946 10970 0 498448 24891 0 0
1791150617 cpu  2236514 525 650492 30159817 10970 0 498459 24893 0 0
1791150622 cpu  2236582 525 650536 30163663 10970 0 498471 24895 0 0
1791150627 cpu  2236629 525 650572 30167540 10971 0 498480 24897 0 0
1791150632 cpu  2236710 525 650625 30171366 10971 0 498489 24899 0 0
1791150637 cpu  2236822 525 650673 30175146 10972 0 498509 24901 0 0
1791150642 cpu  2237005 525 650751 30178819 10973 0 498532 24903 0 0
1791150647 cpu  2237140 525 650813 30182571 10973 0 498557 24905 0 0
1791150652 cpu  2237277 525 650893 30186302 10974 0 498581 24907 0 0
1791150657 cpu  2237438 525 650957 30190035 10974 0 498605 24910 0 0
1791150662 cpu  2237590 525 651040 30193736 10975 0 498627 24913 0 0
1791150667 cpu  2237679 525 651103 30197532 10975 0 498646 24916 0 0
1791150672 cpu  2237812 525 651174 30201271 10976 0 498667 24920 0 0
1791150677 cpu  2237891 525 651221 30205081 10976 0 498677 24923 0 0
1791150682 cpu  2238083 525 651314 30208732 10977 0 498699 24927 0 0
1791150687 cpu  2238161 525 651354 30212578 10978 0 498708 24930 0 0
1791150692 cpu  2238284 525 651411 30216342 10979 0 498726 24933 0 0
1791150697 cpu  2238407 525 651474 30220099 10980 0 498748 24936 0 0
1791150702 cpu  2238586 525 651545 30223805 10980 0 498771 24938 0 0
1791150707 cpu  2238734 525 651609 30227537 10981 0 498797 24941 0 0
1791150712 cpu  2238898 525 651683 30231223 10981 0 498830 24944 0 0
1791150717 cpu  2239040 525 651759 30234941 10983 0 498866 24948 0 0
1791150722 cpu  2239237 525 651836 30238631 10983 0 498896 24951 0 0
1791150727 cpu  2239391 525 651898 30242359 10984 0 498925 24953 0 0
1791150732 cpu  2239591 525 651978 30246014 10985 0 498957 24956 0 0
1791150737 cpu  2239745 525 652052 30249735 10986 0 498984 24959 0 0
1791150742 cpu  2239934 525 652131 30253401 10987 0 499012 24962 0 0
1791150747 cpu  2240102 525 652200 30257118 10988 0 499046 24965 0 0
1791150752 cpu  2240256 525 652269 30260829 10989 0 499076 24967 0 0
1791150757 cpu  2240384 525 652328 30264585 10989 0 499099 24969 0 0
1791150762 cpu  2240557 525 652410 30268251 10990 0 499126 24972 0 0
1791150767 cpu  2240707 525 652477 30271977 10991 0 499151 24974 0 0
1791150773 cpu  2240870 525 652552 30275681 10992 0 499180 24977 0 0
1791150778 cpu  2241023 525 652626 30279409 10992 0 499211 24979 0 0
1791150783 cpu  2241187 525 652696 30283110 10993 0 499231 24982 0 0
1791150788 cpu  2241333 525 652762 30286859 10994 0 499259 24984 0 0
1791150793 cpu  2241477 525 652828 30290580 10995 0 499288 24986 0 0
1791150798 cpu  2241690 525 652891 30294258 10995 0 499323 24989 0 0
1791150803 cpu  2242150 525 652988 30297626 10996 0 499375 24991 0 0
1791150808 cpu  2242530 525 653062 30301099 10997 0 499420 24993 0 0
1791150813 cpu  2242977 525 653153 30304487 10998 0 499477 24996 0 0
1791150818 cpu  2243376 525 653227 30307956 10999 0 499519 24999 0 0
1791150823 cpu  2243834 525 653321 30311314 11000 0 499580 25001 0 0
1791150828 cpu  2244283 525 653395 30314720 11001 0 499633 25004 0 0
1791150833 cpu  2244753 525 653495 30318067 11001 0 499699 25006 0 0
1791150838 cpu  2245191 525 653591 30321452 11002 0 499769 25010 0 0
1791150843 cpu  2245659 525 653681 30324798 11003 0 499828 25013 0 0
1791150848 cpu  2246064 525 653756 30328249 11004 0 499876 25015 0 0
1791150853 cpu  2246581 525 653858 30331552 11005 0 499946 25018 0 0
1791150858 cpu  2247104 525 653943 30334879 11006 0 500002 25020 0 0
1791150863 cpu  2247633 525 654050 30338159 11007 0 500046 25022 0 0
1791150868 cpu  2248150 525 654135 30341480 11007 0 500087 25024 0 0
1791150873 cpu  2248687 525 654233 30344766 11008 0 500135 25026 0 0
1791150878 cpu  2249218 525 654326 30348069 11009 0 500189 25029 0 0
1791150883 cpu  2249856 525 654461 30351114 11009 0 500319 25033 0 0
1791150888 cpu  2250515 525 654620 30354105 11010 0 500471 25039 0 0
1791150893 cpu  2251173 525 654770 30357096 11011 0 500614 25043 0 0
1791150898 cpu  2251840 525 654915 30360093 11017 0 500767 25050 0 0
1791150903 cpu  2252535 525 655071 30363017 11018 0 500919 25058 0 0
1791150908 cpu  2253214 525 655234 30365976 11019 0 501063 25065 0 0
1791150913 cpu  2253914 525 655396 30368940 11020 0 501213 25070 0 0
1791150918 cpu  2254622 525 655543 30371898 11022 0 501388 25078 0 0
1791150923 cpu  2255318 525 655702 30374854 11023 0 501572 25085 0 0
1791150928 cpu  2255989 525 655851 30377808 11026 0 501774 25094 0 0
1791150933 cpu  2256693 525 655997 30380745 11027 0 501962 25103 0 0
1791150938 cpu  2257372 525 656149 30383728 11028 0 502123 25110 0 0
1791150943 cpu  2258101 525 656306 30386674 11029 0 502281 25116 0 0
1791150948 cpu  2258755 525 656446 30389683 11031 0 502444 25122 0 0
1791150953 cpu  2259400 525 656597 30392675 11032 0 502607 25126 0 0
1791150958 cpu  2260054 525 656746 30395690 11033 0 502771 25131 0 0
1791150963 cpu  2260764 525 656902 30398642 11034 0 502932 25137 0 0
1791150968 cpu  2261457 525 657043 30401610 11035 0 503102 25143 0 0
1791150973 cpu  2262152 525 657196 30404560 11036 0 503259 25149 0 0
1791150978 cpu  2262794 525 657344 30407563 11037 0 503436 25154 0 0
1791150983 cpu  2263491 525 657501 30410525 11038 0 503588 25159 0 0
1791150988 cpu  2264151 525 657663 30413525 11039 0 503739 25164 0 0
1791150993 cpu  2264824 525 657819 30416488 11040 0 503883 25169 0 0
1791150998 cpu  2265465 525 657967 30419516 11042 0 504051 25174 0 0
1791151003 cpu  2266150 525 658123 30422486 11042 0 504195 25179 0 0
1791151008 cpu  2266782 525 658260 30425556 11043 0 504361 25184 0 0
1791151013 cpu  2267444 525 658406 30428558 11045 0 504534 25189 0 0
1791151018 cpu  2268097 525 658578 30431579 11045 0 504713 25195 0 0
1791151023 cpu  2268758 525 658726 30434548 11046 0 504866 25201 0 0
1791151028 cpu  2269443 525 658873 30437553 11047 0 505055 25207 0 0
1791151033 cpu  2270081 525 659036 30440530 11049 0 505218 25212 0 0
1791151038 cpu  2270740 525 659164 30443527 11050 0 505411 25219 0 0
1791151043 cpu  2271428 525 659309 30446469 11051 0 505561 25224 0 0
1791151048 cpu  2272077 525 659442 30449466 11052 0 505736 25231 0 0
1791151053 cpu  2272745 525 659589 30452450 11053 0 505901 25235 0 0
1791151058 cpu  2273387 525 659725 30455495 11054 0 506067 25240 0 0
1791151063 cpu  2274067 525 659884 30458443 11055 0 506229 25244 0 0
1791151068 cpu  2274691 525 660013 30461519 11056 0 506366 25249 0 0
1791151073 cpu  2275352 525 660140 30464529 11057 0 506520 25253 0 0
1791151078 cpu  2276012 525 660283 30467521 11058 0 506682 25259 0 0
1791151083 cpu  2276680 525 660433 30470506 11060 0 506834 25264 0 0
1791151088 cpu  2277330 525 660574 30473511 11061 0 507006 25270 0 0
1791151093 cpu  2277990 525 660729 30476480 11062 0 507175 25276 0 0
1791151098 cpu  2278626 525 660861 30479516 11063 0 507330 25281 0 0
1791151103 cpu  2279302 525 661014 30482483 11064 0 507499 25285 0 0
1791151108 cpu  2279962 525 661168 30485476 11065 0 507656 25290 0 0
1791151113 cpu  2280655 525 661328 30488446 11066 0 507816 25295 0 0
1791151118 cpu  2281363 525 661474 30491426 11067 0 507988 25301 0 0
1791151123 cpu  2282062 525 661643 30494346 11069 0 508138 25307 0 0
1791151128 cpu  2282695 525 661778 30497399 11070 0 508303 25313 0 0
1791151133 cpu  2283375 525 661940 30500378 11071 0 508481 25318 0 0
1791151138 cpu  2284022 525 662074 30503406 11072 0 508643 25325 0 0
1791151143 cpu  2284683 525 662241 30506382 11073 0 508822 25331 0 0
1791151148 cpu  2285309 525 662386 30509417 11074 0 508993 25337 0 0
1791151153 cpu  2285974 525 662520 30512393 11076 0 509174 25342 0 0
1791151158 cpu  2286603 525 662648 30515420 11076 0 509344 25347 0 0
1791151163 cpu  2287295 525 662801 30518383 11078 0 509511 25352 0 0
1791151168 cpu  2287964 525 662937 30521376 11079 0 509683 25358 0 0
1791151173 cpu  2288639 525 663086 30524342 11081 0 509838 25364 0 0
1791151178 cpu  2289297 525 663236 30527358 11082 0 510007 25369 0 0
1791151183 cpu  2289976 525 663396 30530288 11083 0 510174 25374 0 0
1791151188 cpu  2290631 525 663534 30533295 11084 0 510342 25380 0 0
1791151193 cpu  2291295 525 663670 30536312 11084 0 510500 25384 0 0
1791151198 cpu  2291960 525 663807 30539332 11085 0 510679 25390 0 0
1791151203 cpu  2292655 525 663972 30542292 11086 0 510846 25397 0 0
1791151208 cpu  2293315 525 664109 30545293 11087 0 511023 25405 0 0
1791151213 cpu  2294041 525 664265 30548239 11088 0 511196 25411 0 0
1791151218 cpu  2294669 525 664403 30551262 11089 0 511365 25417 0 0
1791151223 cpu  2295357 525 664552 30554223 11090 0 511526 25423 0 0
1791151228 cpu  2296016 525 664685 30557223 11091 0 511701 25430 0 0
1791151233 cpu  2296683 525 664841 30560198 11092 0 511849 25436 0 0
1791151238 cpu  2297347 525 664982 30563193 11093 0 512029 25445 0 0
1791151243 cpu  2298137 525 665158 30566025 11095 0 512211 25455 0 0
1791151248 cpu  2298820 525 665315 30568985 11096 0 512407 25464 0 0
1791151253 cpu  2299552 525 665474 30571906 11097 0 512570 25473 0 0
1791151258 cpu  2300212 525 665625 30574896 11099 0 512757 25483 0 0
1791151263 cpu  2300934 525 665786 30577794 11100 0 512946 25494 0 0
1791151268 cpu  2301623 525 665939 30580758 11101 0 513135 25504 0 0
1791151273 cpu  2302354 525 666104 30583663 11102 0 513309 25513 0 0
1791151278 cpu  2303054 525 666256 30586608 11103 0 513498 25521 0 0
1791151283 cpu  2303755 525 666426 30589526 11105 0 513681 25529 0 0
1791151288 cpu  2304408 525 666582 30592490 11105 0 513877 25537 0 0
1791151293 cpu  2305122 525 666750 30595414 11107 0 514050 25544 0 0
1791151298 cpu  2305818 525 666903 30598374 11108 0 514228 25553 0 0
1791151303 cpu  2306566 525 667075 30601270 11109 0 514395 25559 0 0
1791151308 cpu  2307270 525 667226 30604218 11110 0 514580 25569 0 0
1791151313 cpu  2307979 525 667396 30607163 11111 0 514753 25575 0 0
1791151318 cpu  2308619 525 667541 30610167 11112 0 514914 25582 0 0
1791151323 cpu  2309321 525 667696 30613128 11114 0 515066 25589 0 0
1791151328 cpu  2310004 525 667843 30616092 11115 0 515231 25599 0 0
1791151333 cpu  2310703 525 668017 30619003 11117 0 515408 25607 0 0
1791151338 cpu  2311391 525 668155 30621955 11118 0 515603 25618 0 0
1791151343 cpu  2312079 525 668312 30624919 11119 0 515770 25623 0 0
1791151348 cpu  2312752 525 668453 30627896 11121 0 515942 25630 0 0
1791151353 cpu  2313439 525 668606 30630873 11122 0 516102 25636 0 0
1791151358 cpu  2314114 525 668765 30633860 11123 0 516274 25642 0 0
1791151363 cpu  2314805 525 668920 30636819 11124 0 516431 25648 0 0
1791151368 cpu  2315454 525 669063 30639823 11126 0 516596 25655 0 0
1791151373 cpu  2316100 525 669204 30642824 11127 0 516756 25661 0 0
1791151378 cpu  2316762 525 669351 30645807 11128 0 516931 25668 0 0
1791151383 cpu  2317416 525 669501 30648801 11129 0 517099 25674 0 0
1791151388 cpu  2318078 525 669650 30651794 11130 0 517269 25680 0 0
1791151393 cpu  2318779 525 669800 30654740 11131 0 517440 25686 0 0
1791151398 cpu  2319439 525 669947 30657749 11132 0 517620 25692 0 0
1791151403 cpu  2320110 525 670094 30660745 11133 0 517789 25697 0 0
1791151408 cpu  2320803 525 670233 30663694 11135 0 517951 25706 0 0
1791151413 cpu  2321537 525 670405 30666570 11136 0 518131 25716 0 0
1791151418 cpu  2322274 525 670578 30669436 11138 0 518329 25728 0 0
1791151423 cpu  2323018 525 670768 30672287 11139 0 518507 25740 0 0
1791151428 cpu  2323800 525 670957 30675080 11140 0 518698 25757 0 0
1791151433 cpu  2324556 525 671130 30677910 11142 0 518885 25767 0 0
1791151438 cpu  2325277 525 671298 30680826 11143 0 519075 25777 0 0
1791151443 cpu  2326004 525 671489 30683706 11145 0 519255 25791 0 0
1791151448 cpu  2326735 525 671660 30686614 11145 0 519418 25803 0 0
1791151453 cpu  2327479 525 671831 30689503 11146 0 519601 25815 0 0
1791151458 cpu  2328156 525 671979 30692472 11147 0 519775 25822 0 0
1791151463 cpu  2328861 525 672138 30695415 11149 0 519949 25831 0 0
1791151468 cpu  2329564 525 672302 30698342 11150 0 520134 25839 0 0
1791151473 cpu  2330211 525 672451 30701321 11151 0 520312 25846 0 0
1791151478 cpu  2330924 525 672602 30704258 11153 0 520469 25854 0 0
1791151483 cpu  2331611 525 672777 30707191 11154 0 520633 25861 0 0
1791151488 cpu  2332301 525 672915 30710176 11156 0 520795 25869 0 0
1791151493 cpu  2332655 525 673009 30713658 11157 0 520831 25872 0 0
1791151498 cpu  2332806 525 673081 30717384 11158 0 520857 25876 0 0
1791151503 cpu  2332923 525 673141 30721157 11159 0 520883 25880 0 0
