1791150570 cpu  10861990 512 2965481 51429223 8298 0 1012587 41334 0 0
1791150575 cpu  10862152 512 2965575 51436851 8299 0 1012609 41338 0 0
1791150580 cpu  10862260 512 2965660 51444562 8299 0 1012624 41341 0 0
1791150585 cpu  10862418 512 2965761 51452208 8299 0 1012644 41345 0 0
1791150590 cpu  10862549 512 2965858 51459885 8300 0 1012661 41348 0 0
1791150595 cpu  10862693 512 2965952 51467543 8300 0 1012680 41352 0 0
1791150600 cpu  10862814 512 2966042 51475232 8300 0 1012701 41356 0 0
1791150605 cpu  10862974 512 2966143 51482859 8300 0 1012719 41361 0 0
1791150610 cpu  10863103 512 2966229 51490544 8301 0 1012744 41365 0 0
1791150615 cpu  10863256 512 2966327 51498185 8301 0 1012768 41369 0 0
1791150620 cpu  10863378 512 2966420 51505864 8302 0 1012789 41373 0 0
1791150625 cpu  10863545 512 2966538 51513480 8302 0 1012819 41377 0 0
1791150630 cpu  10863661 512 2966642 51521177 8302 0 1012844 41381 0 0
1791150635 cpu  10863822 512 2966754 51528819 8303 0 1012857 41386 0 0
1791150640 cpu  10863946 512 2966843 51536504 8303 0 1012880 41390 0 0
1791150645 cpu  10864099 512 2966935 51544155 8303 0 1012898 41395 0 0
1791150650 cpu  10864236 512 2967040 51551824 8304 0 1012919 41399 0 0
1791150655 cpu  10864388 512 2967137 51559475 8304 0 1012937 41403 0 0
1791150660 cpu  10864506 512 2967221 51567175 8304 0 1012956 41407 0 0
1791150665 cpu  10864677 512 2967327 51574802 8304 0 1012978 41411 0 0
1791150670 cpu  10864794 512 2967415 51582502 8305 0 1012995 41415 0 0
1791150675 cpu  10864955 512 2967524 51590137 8305 0 1013012 41420 0 0
1791150680 cpu  10865081 512 2967622 51597805 8305 0 1013037 41425 0 0
1791150685 cpu  10865258 512 2967733 51605415 8306 0 1013059 41429 0 0
1791150690 cpu  10865377 512 2967812 51613103 8306 0 1013082 41433 0 0
1791150696 cpu  10865524 512 2967904 51620743 8307 0 1013099 41438 0 0
1791150701 cpu  10865658 512 2967994 51628421 8307 0 1013120 41443 0 0
1791150706 cpu  10865826 512 2968083 51636062 8307 0 1013144 41448 0 0
1791150711 cpu  10865954 512 2968171 51643730 8308 0 1013167 41452 0 0
1791150716 cpu  10866107 512 2968279 51651365 8308 0 1013188 41457 0 0
1791150721 cpu  10866230 512 2968371 51659053 8308 0 1013209 41460 0 0
1791150726 cpu  10866373 512 2968473 51666700 8309 0 1013225 41466 0 0
1791150731 cpu  10866512 512 2968564 51674359 8309 0 1013245 41470 0 0
1791150736 cpu  10866659 512 2968673 51682027 8309 0 1013262 41474 0 0
1791150741 cpu  10866812 512 2968772 51689650 8310 0 1013286 41480 0 0
1791150746 cpu  10866958 512 2968883 51697269 8310 0 1013305 41488 0 0
1791150751 cpu  10867112 512 2968995 51704898 8311 0 1013324 41494 0 0
1791150756 cpu  10867263 512 2969118 51712532 8311 0 1013345 41502 0 0
1791150761 cpu  10867405 512 2969213 51720177 8311 0 1013369 41509 0 0
1791150766 cpu  10867549 512 2969311 51727821 8312 0 1013386 41515 0 0
1791150771 cpu  10867690 512 2969423 51735448 8312 0 1013403 41522 0 0
1791150776 cpu  10867849 512 2969524 51743086 8313 0 1013423 41528 0 0
1791150781 cpu  10867998 512 2969617 51750737 8313 0 1013445 41535 0 0
1791150786 cpu  10868166 512 2969723 51758357 8313 0 1013462 41543 0 0
1791150791 cpu  10868311 512 2969804 51766006 8314 0 1013492 41550 0 0
1791150796 cpu  10868475 512 2969904 51773641 8314 0 1013513 41557 0 0
1791150801 cpu  10868681 512 2970039 51781165 8314 0 1013578 41565 0 0
1791150806 cpu  10868877 512 2970157 51788708 8315 0 1013629 41572 0 0
1791150811 cpu  10869066 512 2970271 51796246 8316 0 1013683 41579 0 0
1791150816 cpu  10869253 512 2970389 51803804 8316 0 1013731 41586 0 0
1791150821 cpu  10869440 512 2970500 51811350 8317 0 1013789 41594 0 0
1791150826 cpu  10869648 512 2970625 51818883 8317 0 1013841 41600 0 0
1791150831 cpu  10869879 512 2970747 51826403 8317 0 1013888 41607 0 0
1791150836 cpu  10870075 512 2970864 51833935 8318 0 1013933 41613 0 0
1791150841 cpu  10870281 512 2970982 51841469 8318 0 1013990 41621 0 0
1791150846 cpu  10870490 512 2971105 51848990 8318 0 1014039 41629 0 0
1791150851 cpu  10870680 512 2971218 51856541 8319 0 1014086 41634 0 0
1791150856 cpu  10870877 512 2971329 51864067 8319 0 1014142 41641 0 0
1791150861 cpu  10871080 512 2971452 51871587 8320 0 1014199 41648 0 0
1791150866 cpu  10871315 512 2971576 51879099 8320 0 1014248 41655 0 0
1791150871 cpu  10871502 512 2971695 51886632 8320 0 1014303 41661 0 0
1791150876 cpu  10871728 512 2971826 51894138 8321 0 1014362 41668 0 0
1791150881 cpu  10873079 512 2972189 51900107 8321 0 1014526 41675 0 0
1791150886 cpu  10876495 512 2972953 51903369 8322 0 1014808 41684 0 0
1791150891 cpu  10880387 512 2973763 51905970 8322 0 1015126 41694 0 0
1791150896 cpu  10884287 512 2974595 51908597 8322 0 1015423 41702 0 0
1791150901 cpu  10888262 512 2975431 51911154 8323 0 1015756 41714 0 0
1791150906 cpu  10892203 512 2976259 51913693 8323 0 1016068 41725 0 0
1791150911 cpu  10896107 512 2977067 51916313 8324 0 1016384 41735 0 0
1791150916 cpu  10900039 512 2977896 51918887 8324 0 1016703 41746 0 0
1791150921 cpu  10904126 512 2978717 51921299 8324 0 1017022 41775 0 0
1791150926 cpu  10908091 512 2979556 51923890 8324 0 1017334 41784 0 0
1791150931 cpu  10911963 512 2980363 51926576 8327 0 1017654 41793 0 0
1791150936 cpu  10915709 512 2981244 51929364 8327 0 1017945 41800 0 0
1791150941 cpu  10919003 512 2982231 51932514 8327 0 1018226 41807 0 0
1791150946 cpu  10922514 512 2983210 51935463 8327 0 1018504 41815 0 0
1791150951 cpu  10926212 512 2984055 51938250 8327 0 1018824 41823 0 0
1791150956 cpu  10930084 512 2984866 51940922 8328 0 1019147 41833 0 0
1791150961 cpu  10933848 512 2985699 51943697 8328 0 1019458 41838 0 0
1791150966 cpu  10937711 512 2986520 51946382 8328 0 1019785 41844 0 0
1791150971 cpu  10941558 512 2987280 51949142 8329 0 1020070 41850 0 0
1791150976 cpu  10945440 512 2988102 51951797 8330 0 1020398 41858 0 0
1791150981 cpu  10949219 512 2988888 51954548 8330 0 1020706 41864 0 0
1791150986 cpu  10953105 512 2989710 51957225 8330 0 1021026 41871 0 0
1791150991 cpu  10956940 512 2990530 51959926 8330 0 1021345 41876 0 0
1791150996 cpu  10960793 512 2991337 51962612 8332 0 1021647 41883 0 0
1791151001 cpu  10964354 512 2992200 51965577 8332 0 1021946 41889 0 0
1791151006 cpu  10967772 512 2993143 51968618 8333 0 1022234 41894 0 0
1791151011 cpu  10971444 512 2994060 51971432 8333 0 1022536 41903 0 0
1791151016 cpu  10975207 512 2994927 51974225 8333 0 1022836 41909 0 0
1791151021 cpu  10978970 512 2995782 51976966 8333 0 1023150 41918 0 0
1791151026 cpu  10982850 512 2996581 51979652 8333 0 1023465 41926 0 0
1791151031 cpu  10986807 512 2997437 51982239 8334 0 1023770 41934 0 0
1791151036 cpu  10990632 512 2998266 51984970 8334 0 1024082 41940 0 0
1791151041 cpu  10994475 512 2999097 51987621 8335 0 1024413 41947 0 0
1791151046 cpu  10998368 512 2999922 51990295 8336 0 1024708 41954 0 0
1791151051 cpu  11002221 512 3000697 51993021 8336 0 1025038 41960 0 0
1791151056 cpu  11006075 512 3001482 51995731 8336 0 1025334 41967 0 0
1791151061 cpu  11009880 512 3002258 51998484 8336 0 1025654 41973 0 0
1791151066 cpu  11013379 512 3003214 52001473 8336 0 1025930 41979 0 0
1791151071 cpu  11016840 512 3004090 52004449 8337 0 1026220 41986 0 0
1791151076 cpu  11020473 512 3004997 52007265 8337 0 1026521 41996 0 0
1791151081 cpu  11024195 512 3005885 52010028 8337 0 1026826 42004 0 0
1791151086 cpu  11028061 512 3006723 52012697 8337 0 1027145 42014 0 0
1791151091 cpu  11031788 512 3007535 52015477 8337 0 1027460 42020 0 0
1791151096 cpu  11035629 512 3008375 52018157 8338 0 1027770 42027 0 0
1791151101 cpu  11039371 512 3009192 52020915 8338 0 1028087 42034 0 0
1791151106 cpu  11043234 512 3010050 52023581 8338 0 1028399 42041 0 0
1791151111 cpu  11047044 512 3010851 52026311 8338 0 1028730 42049 0 0
1791151116 cpu  11050843 512 3011660 52029062 8339 0 1029029 42056 0 0
1791151121 cpu  11054628 512 3012487 52031800 8340 0 1029349 42063 0 0
1791151126 cpu  11058341 512 3013355 52034589 8340 0 1029668 42071 0 0
1791151131 cpu  11061743 512 3014316 52037646 8340 0 1029968 42079 0 0
1791151136 cpu  11065415 512 3015169 52040510 8340 0 1030276 42087 0 0
1791151141 cpu  11069016 512 3016048 52043385 8342 0 1030575 42095 0 0
1791151146 cpu  11072693 512 3016902 52046196 8342 0 1030881 42102 0 0
1791151151 cpu  11076409 512 3017732 52049000 8342 0 1031186 42109 0 0
1791151156 cpu  11080205 512 3018590 52051735 8342 0 1031498 42115 0 0
1791151161 cpu  11084010 512 3019404 52054489 8343 0 1031801 42122 0 0
1791151166 cpu  11087785 512 3020251 52057201 8343 0 1032115 42130 0 0
1791151171 cpu  11091552 512 3021073 52060013 8343 0 1032414 42138 0 0
1791151176 cpu  11095483 512 3021876 52062676 8343 0 1032719 42146 0 0
1791151181 cpu  11099280 512 3022673 52065455 8343 0 1033020 42152 0 0
1791151186 cpu  11103139 512 3023466 52068155 8344 0 1033331 42158 0 0
1791151191 cpu  11106587 512 3024350 52071163 8344 0 1033636 42167 0 0
1791151196 cpu  11110205 512 3025270 52074001 8345 0 1033941 42175 0 0
1791151201 cpu  11113797 512 3026135 52076881 8345 0 1034251 42182 0 0
1791151206 cpu  11117658 512 3027033 52079506 8345 0 1034565 42193 0 0
1791151211 cpu  11121373 512 3027844 52082335 8346 0 1034875 42199 0 0
1791151216 cpu  11125084 512 3028655 52085161 8346 0 1035182 42205 0 0
1791151221 cpu  11128869 512 3029452 52087886 8346 0 1035517 42211 0 0
1791151226 cpu  11132626 512 3030297 52090623 8346 0 1035822 42218 0 0
1791151231 cpu  11136412 512 3031117 52093408 8348 0 1036141 42223 0 0
1791151236 cpu  11140223 512 3031954 52096089 8349 0 1036465 42230 0 0
1791151241 cpu  11144039 512 3032739 52098886 8349 0 1036767 42238 0 0
1791151246 cpu  11147876 512 3033513 52101590 8350 0 1037084 42244 0 0
1791151251 cpu  11151691 512 3034351 52104315 8350 0 1037385 42250 0 0
1791151256 cpu  11155216 512 3035284 52107237 8350 0 1037670 42258 0 0
1791151261 cpu  11158734 512 3036156 52110232 8350 0 1037961 42264 0 0
1791151266 cpu  11162446 512 3037036 52113011 8350 0 1038266 42271 0 0
1791151271 cpu  11166209 512 3037908 52115851 8350 0 1038571 42278 0 0
1791151276 cpu  11169969 512 3038758 52118617 8352 0 1038881 42284 0 0
1791151281 cpu  11173712 512 3039593 52121389 8352 0 1039198 42293 0 0
1791151286 cpu  11177535 512 3040429 52124097 8352 0 1039528 42299 0 0
1791151291 cpu  11181327 512 3041274 52126840 8353 0 1039854 42306 0 0
1791151296 cpu  11185179 512 3042106 52129510 8354 0 1040165 42313 0 0
1791151301 cpu  11189012 512 3042910 52132292 8354 0 1040468 42319 0 0
1791151306 cpu  11192890 512 3043737 52134928 8355 0 1040780 42326 0 0
1791151311 cpu  11196664 512 3044561 52137715 8355 0 1041086 42332 0 0
1791151316 cpu  11200501 512 3045444 52140404 8357 0 1041415 42341 0 0
1791151321 cpu  11204034 512 3046330 52143396 8357 0 1041701 42348 0 0
1791151326 cpu  11207673 512 3047236 52146228 8357 0 1041988 42356 0 0
1791151331 cpu  11211439 512 3048087 52148995 8358 0 1042284 42365 0 0
1791151336 cpu  11215265 512 3048910 52151695 8359 0 1042583 42372 0 0
1791151341 cpu  11219097 512 3049734 52154430 8359 0 1042904 42381 0 0
1791151346 cpu  11222888 512 3050570 52157150 8359 0 1043229 42391 0 0
1791151351 cpu  11226772 512 3051427 52159776 8360 0 1043551 42399 0 0
1791151356 cpu  11230598 512 3052255 52162457 8360 0 1043868 42408 0 0
1791151361 cpu  11234385 512 3053091 52165183 8360 0 1044194 42415 0 0
1791151366 cpu  11238245 512 3053889 52167894 8361 0 1044499 42423 0 0
1791151371 cpu  11241980 512 3054684 52170711 8361 0 1044789 42430 0 0
1791151376 cpu  11245754 512 3055504 52173465 8366 0 1045093 42438 0 0
1791151381 cpu  11249340 512 3056371 52176382 8366 0 1045372 42446 0 0
1791151386 cpu  11253110 512 3057265 52179085 8366 0 1045681 42459 0 0
1791151391 cpu  11256792 512 3058151 52181843 8366 0 1045989 42467 0 0
1791151396 cpu  11260553 512 3059022 52184604 8367 0 1046292 42474 0 0
1791151401 cpu  11264349 512 3059819 52187345 8367 0 1046599 42482 0 0
1791151406 cpu  11268120 512 3060657 52190063 8367 0 1046930 42491 0 0
1791151411 cpu  11271918 512 3061499 52192861 8367 0 1047234 42501 0 0
1791151416 cpu  11275788 512 3062325 52195530 8368 0 1047543 42509 0 0
1791151421 cpu  11279626 512 3063135 52198236 8368 0 1047851 42516 0 0
1791151426 cpu  11283553 512 3063970 52200830 8368 0 1048162 42524 0 0
1791151431 cpu  11287511 512 3064789 52203444 8369 0 1048471 42535 0 0
1791151436 cpu  11291364 512 3065604 52206138 8369 0 1048777 42545 0 0
1791151441 cpu  11295104 512 3066467 52208862 8369 0 1049089 42554 0 0
1791151446 cpu  11298837 512 3067393 52211561 8369 0 1049381 42566 0 0
1791151451 cpu  11302508 512 3068250 52214376 8370 0 1049679 42575 0 0
1791151456 cpu  11306370 512 3069127 52216996 8370 0 1049993 42587 0 0
1791151461 cpu  11310129 512 3069982 52219736 8370 0 1050298 42597 0 0
1791151466 cpu  11314037 512 3070846 52222268 8370 0 1050609 42611 0 0
1791151471 cpu  11318002 512 3071684 52224853 8370 0 1050940 42629 0 0
1791151476 cpu  11321955 512 3072551 52227373 8370 0 1051254 42644 0 0
1791151481 cpu  11325792 512 3073383 52230064 8371 0 1051573 42654 0 0
1791151486 cpu  11329712 512 3074212 52232702 8372 0 1051897 42661 0 0
1791151491 cpu  11330876 512 3074529 52238941 8373 0 1052021 42669 0 0
1791151496 cpu  11331044 512 3074635 52246571 8373 0 1052033 42675 0 0
1791151501 cpu  11331178 512 3074739 52254233 8373 0 1052058 42680 0 0
1791151506 cpu  11331346 512 3074847 52261844 8374 0 1052085 42687 0 0
1791151511 cpu  11331485 512 3074949 52269493 8374 0 1052108 42693 0 0
