1791145242 cpu  1919562 525 562933 26370147 10114 0 425759 21823 0 0
1791145247 cpu  1919624 525 562969 26374004 10115 0 425766 21825 0 0
1791145252 cpu  1919747 525 563048 26377750 10116 0 425791 21828 0 0
1791145257 cpu  1919847 525 563111 26381532 10117 0 425812 21831 0 0
1791145262 cpu  1919955 525 563171 26385309 10117 0 425828 21834 0 0
1791145267 cpu  1920122 525 563256 26389005 10118 0 425854 21837 0 0
1791145272 cpu  1920277 525 563332 26392738 10118 0 425877 21840 0 0
1791145277 cpu  1920438 525 563402 26396448 10119 0 425901 21845 0 0
1791145282 cpu  1920591 525 563487 26400141 10119 0 425924 21848 0 0
1791145287 cpu  1920729 525 563551 26403880 10120 0 425954 21851 0 0
1791145292 cpu  1920802 525 563599 26407718 10120 0 425962 21854 0 0
1791145297 cpu  1920866 525 563642 26411576 10121 0 425970 21856 0 0
1791145302 cpu  1920949 525 563691 26415396 10122 0 425980 21859 0 0
1791145307 cpu  1921007 525 563722 26419257 10123 0 425991 21861 0 0
1791145312 cpu  1921144 525 563797 26422977 10123 0 426015 21864 0 0
1791145317 cpu  1921258 525 563861 26426738 10124 0 426038 21867 0 0
1791145322 cpu  1921380 525 563932 26430488 10125 0 426058 21870 0 0
1791145327 cpu  1921534 525 564001 26434195 10125 0 426087 21873 0 0
1791145332 cpu  1921693 525 564082 26437897 10126 0 426123 21876 0 0
1791145337 cpu  1921830 525 564151 26441626 10126 0 426142 21879 0 0
1791145342 cpu  1921969 525 564235 26445338 10127 0 426166 21882 0 0
1791145347 cpu  1922062 525 564288 26449154 10128 0 426180 21884 0 0
1791145352 cpu  1922183 525 564341 26452914 10129 0 426201 21886 0 0
1791145357 cpu  1922304 525 564398 26456686 10129 0 426227 21889 0 0
1791145362 cpu  1922463 525 564459 26460414 10130 0 426244 21891 0 0
1791145367 cpu  1922562 525 564504 26464230 10131 0 426256 21892 0 0
1791145372 cpu  1922677 525 564563 26468007 10132 0 426276 21894 0 0
1791145377 cpu  1922762 525 564606 26471817 10132 0 426295 21896 0 0
1791145382 cpu  1922913 525 564679 26475545 10133 0 426326 21898 0 0
1791145387 cpu  1923062 525 564743 26479271 10134 0 426360 21901 0 0
1791145392 cpu  1923234 525 564817 26482957 10135 0 426389 21903 0 0
1791145397 cpu  1923378 525 564876 26486699 10136 0 426416 21905 0 0
1791145402 cpu  1923545 525 564949 26490411 10137 0 426440 21907 0 0
1791145407 cpu  1923704 525 565009 26494141 10138 0 426463 21909 0 0
1791145412 cpu  1923853 525 565093 26497854 10138 0 426492 21911 0 0
1791145417 cpu  1924023 525 565159 26501563 10139 0 426531 21913 0 0
1791145422 cpu  1924195 525 565248 26505242 10140 0 426565 21915 0 0
1791145427 cpu  1924350 525 565313 26508976 10140 0 426597 21917 0 0
1791145432 cpu  1924530 525 565378 26512683 10141 0 426616 21919 0 0
1791145437 cpu  1924679 525 565452 26516418 10142 0 426646 21921 0 0
1791145442 cpu  1924826 525 565535 26520133 10142 0 426672 21922 0 0
1791145447 cpu  1924961 525 565596 26523875 10143 0 426696 21924 0 0
1791145452 cpu  1925119 525 565664 26527590 10143 0 426721 21926 0 0
1791145457 cpu  1925272 525 565718 26531330 10144 0 426752 21928 0 0
1791145462 cpu  1925465 525 565784 26535009 10144 0 426783 21930 0 0
1791145467 cpu  1925600 525 565837 26538775 10145 0 426811 21932 0 0
1791145472 cpu  1925747 525 565903 26542511 10146 0 426841 21934 0 0
1791145477 cpu  1926136 525 565979 26545980 10147 0 426895 21937 0 0
1791145482 cpu  1926546 525 566080 26549373 10148 0 426958 21940 0 0
1791145487 cpu  1926967 525 566177 26552769 10149 0 427028 21944 0 0
1791145492 cpu  1927391 525 566275 26556152 10150 0 427095 21947 0 0
1791145497 cpu  1927811 525 566370 26559562 10151 0 427140 21950 0 0
1791145502 cpu  1928271 525 566462 26562930 10151 0 427198 21953 0 0
1791145507 cpu  1928706 525 566551 26566325 10152 0 427255 21956 0 0
1791145512 cpu  1929182 525 566651 26569664 10153 0 427316 21959 0 0
1791145517 cpu  1929628 525 566744 26573043 10153 0 427377 21963 0 0
1791145522 cpu  1930139 525 566852 26576333 10154 0 427432 21967 0 0
1791145527 cpu  1930594 525 566951 26579696 10155 0 427497 21970 0 0
1791145532 cpu  1931104 525 567058 26583007 10156 0 427573 21973 0 0
1791145537 cpu  1931683 525 567152 26586277 10157 0 427617 21976 0 0
1791145542 cpu  1932284 525 567273 26589460 10158 0 427669 21979 0 0
1791145547 cpu  1932813 525 567364 26592759 10159 0 427735 21982 0 0
1791145552 cpu  1933371 525 567467 26596019 10159 0 427784 21985 0 0
1791145557 cpu  1933909 525 567576 26599288 10160 0 427843 21988 0 0
1791145562 cpu  1934541 525 567693 26602433 10161 0 427922 21993 0 0
1791145567 cpu  1935139 525 567814 26605577 10162 0 428019 21997 0 0
1791145572 cpu  1935772 525 567946 26608662 10163 0 428120 22002 0 0
1791145577 cpu  1936382 525 568087 26611750 10165 0 428232 22007 0 0
1791145582 cpu  1937034 525 568259 26614774 10166 0 428366 22012 0 0
1791145587 cpu  1937629 525 568396 26617842 10167 0 428509 22016 0 0
1791145592 cpu  1938273 525 568547 26620863 10168 0 428663 22020 0 0
1791145597 cpu  1938957 525 568688 26623846 10169 0 428821 22025 0 0
1791145602 cpu  1939633 525 568858 26626810 10171 0 428977 22030 0 0
1791145607 cpu  1940326 525 569007 26629790 10172 0 429148 22035 0 0
1791145612 cpu  1941004 525 569167 26632737 10173 0 429329 22041 0 0
1791145617 cpu  1941724 525 569325 26635662 10174 0 429517 22047 0 0
1791145622 cpu  1942399 525 569486 26638608 10175 0 429692 22054 0 0
1791145627 cpu  1943132 525 569650 26641525 10176 0 429876 22061 0 0
1791145632 cpu  1943810 525 569811 26644490 10177 0 430057 22067 0 0
1791145637 cpu  1944442 525 569954 26647499 10178 0 430228 22073 0 0
1791145642 cpu  1945088 525 570111 26650516 10180 0 430384 22080 0 0
1791145647 cpu  1945734 525 570261 26653520 10181 0 430542 22086 0 0
1791145652 cpu  1946397 525 570409 26656524 10182 0 430713 22093 0 0
1791145657 cpu  1947069 525 570569 26659487 10183 0 430913 22100 0 0
1791145662 cpu  1947757 525 570728 26662433 10184 0 431077 22105 0 0
1791145667 cpu  1948426 525 570888 26665427 10185 0 431255 22110 0 0
1791145672 cpu  1949103 525 571054 26668416 10186 0 431411 22115 0 0
1791145677 cpu  1949787 525 571197 26671386 10187 0 431586 22121 0 0
1791145682 cpu  1950458 525 571380 26674342 10188 0 431768 22127 0 0
1791145687 cpu  1951176 525 571548 26677295 10189 0 431937 22133 0 0
1791145692 cpu  1951859 525 571720 26680246 10191 0 432112 22138 0 0
1791145697 cpu  1952570 525 571882 26683176 10192 0 432283 22144 0 0
1791145702 cpu  1953226 525 572046 26686181 10193 0 432464 22148 0 0
1791145707 cpu  1953909 525 572200 26689148 10195 0 432608 22153 0 0
1791145712 cpu  1954561 525 572348 26692162 10196 0 432768 22159 0 0
1791145717 cpu  1955228 525 572505 26695158 10197 0 432940 22164 0 0
1791145722 cpu  1955904 525 572673 26698128 10198 0 433115 22170 0 0
1791145727 cpu  1956560 525 572829 26701133 10199 0 433309 22175 0 0
1791145732 cpu  1957190 525 572979 26704152 10200 0 433492 22179 0 0
1791145737 cpu  1957878 525 573123 26707114 10201 0 433657 22185 0 0
1791145742 cpu  1958555 525 573280 26710106 10202 0 433835 22192 0 0
1791145747 cpu  1959227 525 573439 26713080 10204 0 434025 22198 0 0
1791145752 cpu  1959874 525 573600 26716088 10205 0 434208 22204 0 0
1791145757 cpu  1960523 525 573745 26719101 10206 0 434401 22209 0 0
1791145762 cpu  1961218 525 573900 26722084 10206 0 434581 22215 0 0
1791145767 cpu  1961837 525 574041 26725125 10207 0 434762 22220 0 0
1791145772 cpu  1962468 525 574187 26728173 10209 0 434944 22225 0 0
1791145777 cpu  1963112 525 574332 26731202 10210 0 435117 22231 0 0
1791145782 cpu  1963839 525 574481 26734147 10211 0 435283 22237 0 0
1791145787 cpu  1964481 525 574627 26737163 10213 0 435446 22243 0 0
1791145792 cpu  1965124 525 574765 26740196 10214 0 435606 22248 0 0
1791145797 cpu  1965774 525 574914 26743202 10215 0 435767 22255 0 0
1791145802 cpu  1966434 525 575083 26746192 10217 0 435940 22261 0 0
1791145807 cpu  1967116 525 575243 26749146 10218 0 436115 22267 0 0
1791145812 cpu  1967781 525 575389 26752127 10219 0 436295 22273 0 0
1791145817 cpu  1968455 525 575537 26755137 10220 0 436468 22278 0 0
1791145822 cpu  1969111 525 575682 26758136 10221 0 436646 22283 0 0
1791145827 cpu  1969797 525 575829 26761105 10223 0 436839 22288 0 0
1791145832 cpu  1970443 525 575979 26764122 10225 0 437005 22293 0 0
1791145837 cpu  1971128 525 576134 26767102 10226 0 437181 22298 0 0
1791145842 cpu  1971836 525 576293 26770044 10227 0 437351 22302 0 0
1791145847 cpu  1972522 525 576448 26773026 10229 0 437522 22307 0 0
1791145852 cpu  1973195 525 576607 26776011 10230 0 437691 22312 0 0
1791145857 cpu  1973874 525 576766 26778971 10231 0 437863 22318 0 0
1791145862 cpu  1974524 525 576918 26781958 10232 0 438034 22324 0 0
1791145867 cpu  1975185 525 577073 26784952 10232 0 438216 22329 0 0
1791145872 cpu  1975838 525 577213 26787949 10234 0 438402 22335 0 0
1791145877 cpu  1976491 525 577367 26790942 10235 0 438557 22341 0 0
1791145882 cpu  1977161 525 577515 26793910 10236 0 438731 22347 0 0
1791145887 cpu  1977848 525 577672 26796858 10237 0 438913 22354 0 0
1791145892 cpu  1978506 525 577811 26799832 10238 0 439097 22360 0 0
1791145897 cpu  1979196 525 577969 26802788 10239 0 439316 22367 0 0
1791145902 cpu  1979873 525 578128 26805742 10240 0 439515 22373 0 0
1791145907 cpu  1980541 525 578270 26808717 10241 0 439708 22380 0 0
1791145912 cpu  1981237 525 578443 26811665 10242 0 439900 22386 0 0
1791145917 cpu  1981926 525 578595 26814612 10243 0 440079 22392 0 0
1791145922 cpu  1982621 525 578752 26817554 10244 0 440256 22398 0 0
1791145927 cpu  1983278 525 578887 26820540 10245 0 440449 22403 0 0
1791145932 cpu  1983947 525 579028 26823544 10246 0 440617 22408 0 0
1791145937 cpu  1984597 525 579185 26826545 10247 0 440794 22413 0 0
1791145942 cpu  1985278 525 579339 26829536 10249 0 440980 22419 0 0
1791145947 cpu  1985925 525 579503 26832527 10250 0 441153 22425 0 0
1791145952 cpu  1986553 525 579665 26835523 10251 0 441310 22429 0 0
1791145957 cpu  1987244 525 579805 26838517 10252 0 441473 22434 0 0
1791145962 cpu  1987913 525 579970 26841479 10253 0 441665 22440 0 0
1791145967 cpu  1988600 525 580126 26844442 10253 0 441843 22444 0 0
1791145972 cpu  1989273 525 580263 26847439 10254 0 442005 22449 0 0
1791145977 cpu  1989923 525 580410 26850417 10255 0 442189 22455 0 0
1791145982 cpu  1990591 525 580559 26853396 10257 0 442369 22460 0 0
1791145987 cpu  1991255 525 580714 26856384 10257 0 442535 22465 0 0
1791145992 cpu  1991884 525 580867 26859399 10258 0 442692 22469 0 0
1791145997 cpu  1992529 525 581015 26862411 10259 0 442849 22473 0 0
1791146002 cpu  1993188 525 581183 26865397 10261 0 443021 22477 0 0
1791146007 cpu  1993849 525 581351 26868388 10261 0 443202 22481 0 0
1791146012 cpu  1994521 525 581515 26871332 10263 0 443364 22485 0 0
1791146017 cpu  1995149 525 581665 26874331 10263 0 443536 22488 0 0
1791146022 cpu  1995807 525 581824 26877317 10264 0 443714 22493 0 0
1791146027 cpu  1996458 525 581981 26880335 10265 0 443889 22497 0 0
1791146032 cpu  1997121 525 582139 26883322 10266 0 444075 22502 0 0
1791146037 cpu  1997788 525 582283 26886315 10267 0 444241 22507 0 0
1791146042 cpu  1998432 525 582421 26889342 10268 0 444411 22510 0 0
1791146047 cpu  1999082 525 582565 26892346 10269 0 444589 22514 0 0
1791146053 cpu  1999759 525 582718 26895322 10271 0 444769 22518 0 0
1791146058 cpu  2000451 525 582879 26898304 10272 0 444955 22523 0 0
1791146063 cpu  2001112 525 583046 26901251 10273 0 445137 22529 0 0
1791146068 cpu  2001813 525 583195 26904203 10274 0 445334 22534 0 0
1791146073 cpu  2002484 525 583351 26907175 10275 0 445507 22538 0 0
1791146078 cpu  2003152 525 583492 26910159 10276 0 445700 22542 0 0
1791146083 cpu  2003819 525 583631 26913131 10277 0 445867 22546 0 0
1791146088 cpu  2004471 525 583780 26916116 10279 0 446046 22551 0 0
1791146093 cpu  2005161 525 583928 26919107 10280 0 446218 22554 0 0
1791146098 cpu  2005808 525 584093 26922113 10281 0 446392 22558 0 0
1791146103 cpu  2006497 525 584251 26925074 10282 0 446562 22563 0 0
1791146108 cpu  2007183 525 584422 26928051 10283 0 446740 22568 0 0
1791146113 cpu  2007844 525 584575 26931020 10284 0 446916 22574 0 0
1791146118 cpu  2008533 525 584738 26933987 10285 0 447083 22579 0 0
1791146123 cpu  2009206 525 584892 26936946 10286 0 447249 22584 0 0
1791146128 cpu  2009896 525 585052 26939926 10287 0 447420 22588 0 0
1791146133 cpu  2010541 525 585195 26942915 10288 0 447607 22592 0 0
1791146138 cpu  2011226 525 585347 26945883 10289 0 447786 22597 0 0
1791146143 cpu  2011937 525 585511 26948822 10290 0 447953 22601 0 0
1791146148 cpu  2012614 525 585665 26951811 10291 0 448132 22605 0 0
1791146153 cpu  2013343 525 585818 26954741 10292 0 448319 22610 0 0
1791146158 cpu  2014014 525 585976 26957693 10293 0 448513 22615 0 0
1791146163 cpu  2014661 525 586117 26960712 10294 0 448678 22620 0 0
1791146168 cpu  2015330 525 586254 26963745 10294 0 448806 22624 0 0
1791146173 cpu  2015488 525 586326 26967471 10295 0 448834 22626 0 0
1791146178 cpu  2015604 525 586386 26971242 10296 0 448862 22628 0 0
1791146183 cpu  2015694 525 586442 26975048 10296 0 448887 22629 0 0
