1791145245 cpu  9266678 512 2540991 45256702 7817 0 863678 36935 0 0
1791145250 cpu  9266801 512 2541094 45264352 7817 0 863700 36939 0 0
1791145255 cpu  9266939 512 2541183 45272028 7817 0 863716 36942 0 0
1791145260 cpu  9267076 512 2541267 45279702 7817 0 863730 36945 0 0
1791145265 cpu  9267204 512 2541351 45287384 7817 0 863748 36949 0 0
1791145270 cpu  9267341 512 2541442 45295065 7817 0 863776 36953 0 0
1791145275 cpu  9267490 512 2541532 45302741 7817 0 863787 36957 0 0
1791145280 cpu  9267626 512 2541624 45310410 7817 0 863812 36960 0 0
1791145285 cpu  9267773 512 2541718 45318085 7817 0 863835 36963 0 0
1791145290 cpu  9267896 512 2541829 45325744 7818 0 863862 36967 0 0
1791145295 cpu  9268043 512 2541921 45333416 7818 0 863880 36971 0 0
1791145300 cpu  9268160 512 2542016 45341087 7818 0 863900 36975 0 0
1791145305 cpu  9268290 512 2542104 45348789 7818 0 863913 36978 0 0
1791145310 cpu  9268444 512 2542202 45356420 7818 0 863929 36982 0 0
1791145315 cpu  9268551 512 2542282 45364126 7818 0 863946 36985 0 0
1791145320 cpu  9268708 512 2542386 45371782 7818 0 863970 36988 0 0
1791145325 cpu  9268825 512 2542481 45379479 7818 0 863982 36991 0 0
1791145330 cpu  9268988 512 2542580 45387127 7819 0 864004 36995 0 0
1791145335 cpu  9269107 512 2542666 45394837 7819 0 864020 36998 0 0
1791145340 cpu  9269253 512 2542776 45402515 7819 0 864041 37002 0 0
1791145345 cpu  9269378 512 2542849 45410231 7819 0 864059 37005 0 0
1791145350 cpu  9269540 512 2542952 45417867 7819 0 864077 37008 0 0
1791145355 cpu  9269647 512 2543038 45425572 7819 0 864090 37012 0 0
1791145360 cpu  9269792 512 2543130 45433227 7819 0 864112 37015 0 0
1791145365 cpu  9269903 512 2543207 45440950 7819 0 864120 37018 0 0
1791145370 cpu  9270032 512 2543320 45448592 7819 0 864138 37022 0 0
1791145375 cpu  9270157 512 2543393 45456288 7819 0 864151 37025 0 0
1791145380 cpu  9270287 512 2543489 45463948 7820 0 864175 37028 0 0
1791145385 cpu  9270422 512 2543571 45471637 7820 0 864191 37031 0 0
1791145390 cpu  9270564 512 2543671 45479297 7820 0 864210 37034 0 0
1791145395 cpu  9270681 512 2543748 45487012 7820 0 864224 37037 0 0
1791145400 cpu  9270848 512 2543861 45494648 7820 0 864248 37041 0 0
1791145405 cpu  9270964 512 2543947 45502358 7820 0 864266 37044 0 0
1791145410 cpu  9271114 512 2544059 45509989 7821 0 864290 37048 0 0
1791145415 cpu  9271225 512 2544148 45517700 7821 0 864307 37051 0 0
1791145420 cpu  9271363 512 2544244 45525356 7821 0 864329 37055 0 0
1791145425 cpu  9271478 512 2544320 45533066 7821 0 864342 37057 0 0
1791145430 cpu  9271623 512 2544414 45540708 7821 0 864365 37061 0 0
1791145435 cpu  9271741 512 2544497 45548415 7821 0 864385 37064 0 0
1791145440 cpu  9271890 512 2544595 45556073 7821 0 864408 37068 0 0
1791145445 cpu  9272006 512 2544687 45563773 7821 0 864420 37071 0 0
1791145450 cpu  9272153 512 2544795 45571426 7822 0 864443 37074 0 0
1791145455 cpu  9272271 512 2544886 45579143 7822 0 864457 37077 0 0
1791145460 cpu  9272425 512 2544995 45586786 7822 0 864476 37081 0 0
1791145465 cpu  9272550 512 2545093 45594484 7822 0 864489 37084 0 0
1791145470 cpu  9272694 512 2545201 45602127 7823 0 864508 37087 0 0
1791145475 cpu  9272827 512 2545294 45609795 7823 0 864544 37090 0 0
1791145480 cpu  9273013 512 2545410 45617358 7823 0 864599 37095 0 0
1791145485 cpu  9273174 512 2545519 45624984 7823 0 864641 37098 0 0
1791145490 cpu  9273375 512 2545641 45632539 7824 0 864683 37102 0 0
1791145495 cpu  9273564 512 2545736 45640136 7824 0 864725 37106 0 0
1791145500 cpu  9273766 512 2545845 45647686 7824 0 864769 37110 0 0
1791145505 cpu  9273934 512 2545966 45655273 7824 0 864814 37115 0 0
1791145510 cpu  9274157 512 2546077 45662799 7825 0 864871 37120 0 0
1791145515 cpu  9274319 512 2546179 45670407 7825 0 864911 37124 0 0
1791145520 cpu  9274542 512 2546301 45677931 7825 0 864961 37128 0 0
1791145525 cpu  9274729 512 2546416 45685516 7825 0 865005 37132 0 0
1791145530 cpu  9274953 512 2546548 45693040 7826 0 865064 37136 0 0
1791145535 cpu  9275117 512 2546666 45700621 7826 0 865112 37140 0 0
1791145540 cpu  9275326 512 2546772 45708159 7826 0 865175 37145 0 0
1791145545 cpu  9275482 512 2546889 45715754 7826 0 865227 37149 0 0
1791145550 cpu  9275698 512 2547020 45723256 7826 0 865284 37154 0 0
1791145555 cpu  9275885 512 2547134 45730832 7827 0 865334 37157 0 0
1791145560 cpu  9276516 512 2547371 45737717 7827 0 865470 37163 0 0
1791145565 cpu  9277724 512 2547747 45743797 7827 0 865675 37171 0 0
1791145570 cpu  9279445 512 2548229 45749131 7828 0 865912 37178 0 0
1791145575 cpu  9281733 512 2548885 45753718 7828 0 866198 37184 0 0
1791145580 cpu  9284588 512 2549655 45757486 7828 0 866531 37190 0 0
1791145585 cpu  9287820 512 2550489 45760784 7828 0 866866 37195 0 0
1791145590 cpu  9291486 512 2551407 45763531 7828 0 867211 37200 0 0
1791145595 cpu  9295481 512 2552337 45765906 7829 0 867568 37204 0 0
1791145600 cpu  9299630 512 2553264 45768157 7829 0 867908 37207 0 0
1791145605 cpu  9303974 512 2554200 45770189 7829 0 868254 37210 0 0
1791145610 cpu  9308421 512 2555178 45772081 7829 0 868612 37215 0 0
1791145615 cpu  9312825 512 2556165 45774042 7831 0 868963 37218 0 0
1791145620 cpu  9317252 512 2557154 45775948 7831 0 869303 37222 0 0
1791145625 cpu  9321700 512 2558134 45777864 7831 0 869673 37226 0 0
1791145630 cpu  9326121 512 2559139 45779758 7832 0 870035 37229 0 0
1791145635 cpu  9330385 512 2560182 45781794 7833 0 870383 37232 0 0
1791145640 cpu  9334430 512 2561359 45783972 7833 0 870693 37235 0 0
1791145645 cpu  9338410 512 2562475 45786181 7833 0 871027 37239 0 0
1791145650 cpu  9342492 512 2563633 45788302 7833 0 871378 37242 0 0
1791145655 cpu  9346581 512 2564768 45790410 7833 0 871717 37246 0 0
1791145660 cpu  9351010 512 2565787 45792328 7834 0 872050 37250 0 0
1791145665 cpu  9355401 512 2566783 45794267 7834 0 872404 37254 0 0
1791145670 cpu  9359841 512 2567772 45796136 7834 0 872756 37258 0 0
1791145675 cpu  9364220 512 2568761 45798058 7834 0 873118 37263 0 0
1791145680 cpu  9368689 512 2569771 45799913 7835 0 873474 37267 0 0
1791145685 cpu  9373155 512 2570765 45801797 7835 0 873829 37272 0 0
1791145690 cpu  9377644 512 2571745 45803640 7835 0 874196 37276 0 0
1791145695 cpu  9382089 512 2572714 45805541 7836 0 874550 37280 0 0
1791145700 cpu  9386446 512 2573719 45807493 7836 0 874908 37284 0 0
1791145705 cpu  9390441 512 2574809 45809715 7838 0 875241 37289 0 0
1791145710 cpu  9394615 512 2575868 45811822 7839 0 875581 37293 0 0
1791145715 cpu  9398681 512 2577010 45813970 7839 0 875899 37298 0 0
1791145720 cpu  9402909 512 2578077 45816018 7840 0 876240 37302 0 0
1791145725 cpu  9407211 512 2579091 45818022 7840 0 876599 37306 0 0
1791145730 cpu  9411553 512 2580126 45820009 7840 0 876950 37310 0 0
1791145735 cpu  9415948 512 2581130 45821932 7840 0 877342 37315 0 0
1791145740 cpu  9420402 512 2582112 45823883 7841 0 877705 37319 0 0
1791145745 cpu  9424761 512 2583133 45825838 7841 0 878067 37323 0 0
1791145750 cpu  9429212 512 2584128 45827757 7841 0 878419 37328 0 0
1791145755 cpu  9433607 512 2585115 45829649 7843 0 878773 37332 0 0
1791145760 cpu  9438017 512 2586090 45831594 7843 0 879124 37335 0 0
1791145765 cpu  9442297 512 2587118 45833619 7844 0 879486 37339 0 0
1791145770 cpu  9446278 512 2588289 45835845 7844 0 879834 37343 0 0
1791145775 cpu  9450460 512 2589386 45837925 7844 0 880169 37347 0 0
1791145780 cpu  9454483 512 2590448 45840191 7852 0 880501 37352 0 0
1791145785 cpu  9458472 512 2591339 45842693 7852 0 880845 37357 0 0
1791145790 cpu  9462485 512 2592226 45845156 7852 0 881181 37362 0 0
1791145795 cpu  9466425 512 2593128 45847678 7853 0 881547 37367 0 0
1791145800 cpu  9470450 512 2594045 45850084 7855 0 881901 37374 0 0
1791145805 cpu  9474764 512 2595045 45852023 7856 0 882296 37382 0 0
1791145810 cpu  9478331 512 2595998 45854715 7856 0 882647 37390 0 0
1791145815 cpu  9482046 512 2596971 45857263 7856 0 883046 37397 0 0
1791145820 cpu  9485739 512 2597911 45859847 7856 0 883436 37402 0 0
1791145825 cpu  9489331 512 2598833 45862585 7857 0 883793 37408 0 0
1791145830 cpu  9493030 512 2599794 45865177 7857 0 884138 37414 0 0
1791145835 cpu  9496697 512 2600754 45867722 7857 0 884525 37421 0 0
1791145840 cpu  9500319 512 2601721 45870411 7857 0 884870 37427 0 0
1791145845 cpu  9503969 512 2602663 45872961 7857 0 885259 37434 0 0
1791145850 cpu  9507820 512 2603655 45875338 7858 0 885628 37438 0 0
1791145855 cpu  9511497 512 2604639 45877853 7858 0 886010 37445 0 0
1791145860 cpu  9515219 512 2605577 45880440 7858 0 886363 37451 0 0
1791145865 cpu  9518873 512 2606543 45883045 7858 0 886728 37460 0 0
1791145870 cpu  9522645 512 2607478 45885549 7859 0 887101 37467 0 0
1791145875 cpu  9526299 512 2608453 45888160 7861 0 887462 37475 0 0
1791145880 cpu  9529848 512 2609405 45890865 7862 0 887811 37483 0 0
1791145885 cpu  9533586 512 2610345 45893399 7862 0 888200 37489 0 0
1791145890 cpu  9537432 512 2611308 45895795 7862 0 888579 37495 0 0
1791145895 cpu  9541342 512 2612304 45898177 7862 0 888948 37499 0 0
1791145900 cpu  9545227 512 2613281 45900610 7863 0 889300 37503 0 0
1791145905 cpu  9548906 512 2614200 45903209 7863 0 889667 37508 0 0
1791145910 cpu  9552646 512 2615144 45905749 7863 0 890035 37515 0 0
1791145915 cpu  9556558 512 2616141 45908132 7864 0 890413 37521 0 0
1791145920 cpu  9560425 512 2617155 45910541 7864 0 890768 37526 0 0
1791145925 cpu  9564248 512 2618136 45912998 7864 0 891146 37532 0 0
1791145930 cpu  9567799 512 2619070 45915752 7864 0 891507 37538 0 0
1791145935 cpu  9571386 512 2620029 45918437 7865 0 891876 37543 0 0
1791145940 cpu  9574990 512 2620956 45921114 7865 0 892246 37553 0 0
1791145945 cpu  9578570 512 2621873 45923854 7865 0 892597 37561 0 0
1791145950 cpu  9582352 512 2622850 45926331 7865 0 892968 37568 0 0
1791145955 cpu  9585783 512 2623770 45929201 7866 0 893333 37577 0 0
1791145960 cpu  9589376 512 2624699 45931923 7866 0 893700 37584 0 0
1791145965 cpu  9593168 512 2625684 45934422 7866 0 894075 37590 0 0
1791145970 cpu  9596873 512 2626642 45937020 7866 0 894452 37598 0 0
1791145975 cpu  9600592 512 2627593 45939580 7867 0 894832 37606 0 0
1791145980 cpu  9604368 512 2628637 45942031 7867 0 895201 37612 0 0
1791145985 cpu  9607930 512 2629537 45944743 7867 0 895563 37620 0 0
1791145990 cpu  9611441 512 2630503 45947481 7867 0 895934 37626 0 0
1791145995 cpu  9614972 512 2631453 45950266 7868 0 896283 37634 0 0
1791146000 cpu  9618544 512 2632389 45952982 7868 0 896634 37641 0 0
1791146005 cpu  9622365 512 2633335 45955433 7868 0 896999 37648 0 0
1791146010 cpu  9626173 512 2634371 45957885 7868 0 897358 37654 0 0
1791146015 cpu  9630082 512 2635387 45960224 7869 0 897745 37659 0 0
1791146020 cpu  9633723 512 2636308 45962905 7869 0 898108 37665 0 0
1791146025 cpu  9637160 512 2637232 45965820 7869 0 898478 37671 0 0
1791146030 cpu  9640678 512 2638180 45968591 7869 0 898844 37677 0 0
1791146035 cpu  9644284 512 2639158 45971243 7869 0 899214 37685 0 0
1791146040 cpu  9648005 512 2640132 45973831 7869 0 899572 37691 0 0
1791146045 cpu  9651674 512 2641073 45976437 7869 0 899939 37699 0 0
1791146050 cpu  9655568 512 2642093 45978794 7870 0 900344 37704 0 0
1791146055 cpu  9659258 512 2642990 45981441 7870 0 900700 37708 0 0
1791146060 cpu  9663146 512 2643992 45983827 7870 0 901075 37712 0 0
1791146065 cpu  9667146 512 2645014 45986098 7871 0 901438 37717 0 0
1791146070 cpu  9671085 512 2646006 45988414 7871 0 901817 37720 0 0
1791146075 cpu  9675002 512 2646997 45990755 7871 0 902177 37725 0 0
1791146080 cpu  9678678 512 2647957 45993394 7872 0 902548 37729 0 0
1791146085 cpu  9682571 512 2648896 45995842 7873 0 902919 37733 0 0
1791146090 cpu  9686369 512 2649851 45998326 7873 0 903268 37737 0 0
1791146095 cpu  9690028 512 2650809 46000966 7873 0 903634 37743 0 0
1791146100 cpu  9693704 512 2651774 46003582 7874 0 903999 37748 0 0
1791146105 cpu  9697409 512 2652728 46006182 7874 0 904369 37753 0 0
1791146110 cpu  9701145 512 2653697 46008777 7874 0 904730 37758 0 0
1791146115 cpu  9704891 512 2654641 46011290 7875 0 905101 37762 0 0
1791146120 cpu  9708772 512 2655626 46013709 7876 0 905479 37766 0 0
1791146125 cpu  9712640 512 2656641 46016104 7876 0 905847 37771 0 0
1791146130 cpu  9716273 512 2657603 46018756 7876 0 906219 37776 0 0
1791146135 cpu  9720024 512 2658579 46021303 7876 0 906593 37781 0 0
1791146140 cpu  9723451 512 2659514 46024201 7877 0 906951 37786 0 0
1791146145 cpu  9727215 512 2660496 46026729 7877 0 907321 37790 0 0
1791146150 cpu  9731080 512 2661433 46029167 7877 0 907696 37794 0 0
1791146155 cpu  9735051 512 2662434 46031490 7878 0 908087 37799 0 0
1791146160 cpu  9738873 512 2663379 46033939 7878 0 908444 37803 0 0
1791146165 cpu  9742590 512 2664340 46036540 7878 0 908794 37808 0 0
1791146170 cpu  9743051 512 2664511 46043718 7879 0 908868 37812 0 0
1791146175 cpu  9743193 512 2664606 46051385 7879 0 908885 37816 0 0
1791146180 cpu  9743351 512 2664718 46059034 7880 0 908903 37819 0 0
1791146185 cpu  9743509 512 2664815 46066660 7880 0 908923 37824 0 0
1791146190 cpu  9743635 512 2664894 46074349 7880 0 908946 37828 0 0
