1791145247 cpu  1550176 704 84747 27738141 1327 0 139040 64433 0 0
1791145252 cpu  1550180 704 84750 27742136 1327 0 139040 64433 0 0
1791145257 cpu  1550182 704 84751 27746133 1327 0 139040 64433 0 0
1791145262 cpu  1550224 704 84766 27750069 1327 0 139044 64433 0 0
1791145267 cpu  1550229 704 84769 27754062 1327 0 139044 64433 0 0
1791145272 cpu  1550232 704 84769 27758059 1327 0 139045 64433 0 0
1791145277 cpu  1550233 704 84770 27762056 1327 0 139045 64433 0 0
1791145282 cpu  1550236 704 84771 27766052 1327 0 139045 64433 0 0
1791145287 cpu  1550238 704 84771 27770049 1327 0 139045 64433 0 0
1791145292 cpu  1550247 704 84773 27774034 1327 0 139045 64433 0 0
1791145297 cpu  1550250 704 84773 27778031 1327 0 139045 64433 0 0
1791145302 cpu  1550252 704 84775 27782028 1327 0 139045 64433 0 0
1791145307 cpu  1550255 704 84776 27786023 1327 0 139045 64433 0 0
1791145312 cpu  1550258 704 84776 27790021 1327 0 139046 64433 0 0
1791145317 cpu  1550259 704 84777 27794018 1327 0 139046 64434 0 0
1791145322 cpu  1550260 704 84777 27798015 1327 0 139047 64434 0 0
1791145327 cpu  1550266 704 84778 27802008 1327 0 139047 64434 0 0
1791145332 cpu  1550268 704 84779 27806005 1327 0 139047 64434 0 0
1791145337 cpu  1550270 704 84779 27810003 1327 0 139047 64434 0 0
1791145342 cpu  1550272 704 84780 27814000 1327 0 139047 64434 0 0
1791145347 cpu  1550274 704 84780 27817997 1327 0 139047 64434 0 0
1791145352 cpu  1550279 704 84785 27821982 1327 0 139047 64434 0 0
1791145357 cpu  1550282 704 84785 27825980 1328 0 139047 64434 0 0
1791145362 cpu  1550284 704 84785 27829975 1328 0 139047 64434 0 0
1791145367 cpu  1550286 704 84785 27833971 1328 0 139047 64434 0 0
1791145372 cpu  1550288 704 84786 27837967 1328 0 139047 64434 0 0
1791145377 cpu  1550290 704 84787 27841964 1328 0 139047 64434 0 0
1791145382 cpu  1550292 704 84788 27845961 1328 0 139047 64434 0 0
1791145387 cpu  1550296 704 84789 27849953 1328 0 139047 64434 0 0
1791145392 cpu  1550297 704 84790 27853949 1328 0 139047 64434 0 0
1791145397 cpu  1550298 704 84791 27857946 1328 0 139047 64434 0 0
1791145402 cpu  1550302 704 84791 27861942 1328 0 139047 64434 0 0
1791145407 cpu  1550302 704 84791 27865939 1328 0 139047 64434 0 0
1791145412 cpu  1550314 704 84795 27869921 1328 0 139048 64434 0 0
1791145417 cpu  1550314 704 84795 27873917 1328 0 139048 64434 0 0
1791145422 cpu  1550315 704 84796 27877914 1328 0 139048 64434 0 0
1791145427 cpu  1550319 704 84796 27881909 1328 0 139048 64434 0 0
1791145432 cpu  1550320 704 84797 27885906 1328 0 139048 64434 0 0
1791145437 cpu  1550321 704 84797 27889903 1328 0 139048 64434 0 0
1791145442 cpu  1550323 704 84797 27893899 1328 0 139048 64434 0 0
1791145447 cpu  1550328 704 84803 27897884 1328 0 139048 64434 0 0
1791145452 cpu  1550331 704 84807 27901879 1328 0 139048 64434 0 0
1791145457 cpu  1550333 704 84808 27905875 1328 0 139048 64434 0 0
1791145462 cpu  1550334 704 84809 27909872 1328 0 139048 64434 0 0
1791145467 cpu  1550336 704 84809 27913869 1328 0 139048 64434 0 0
1791145472 cpu  1550344 704 84813 27917850 1328 0 139049 64434 0 0
1791145477 cpu  1550345 704 84814 27921846 1328 0 139049 64434 0 0
1791145482 cpu  1550346 704 84815 27925843 1328 0 139049 64434 0 0
1791145487 cpu  1550348 704 84816 27929837 1328 0 139049 64434 0 0
1791145492 cpu  1550349 704 84816 27933834 1328 0 139049 64434 0 0
1791145497 cpu  1550351 704 84817 27937831 1328 0 139049 64434 0 0
1791145502 cpu  1550354 704 84818 27941826 1328 0 139049 64434 0 0
1791145507 cpu  1550357 704 84819 27945820 1328 0 139049 64434 0 0
1791145512 cpu  1550359 704 84820 27949817 1328 0 139049 64434 0 0
1791145517 cpu  1550360 704 84821 27953813 1328 0 139049 64434 0 0
1791145522 cpu  1550364 704 84821 27957806 1328 0 139050 64434 0 0
1791145527 cpu  1550366 704 84823 27961800 1328 0 139050 64434 0 0
1791145532 cpu  1550376 704 84827 27965780 1328 0 139051 64434 0 0
1791145537 cpu  1550451 704 84863 27969666 1328 0 139067 64435 0 0
1791145542 cpu  1550497 704 84885 27973593 1328 0 139076 64435 0 0
1791145547 cpu  1550576 704 84919 27977480 1328 0 139089 64435 0 0
1791145552 cpu  1550648 704 84944 27981371 1329 0 139106 64435 0 0
1791145557 cpu  1551686 704 85050 27984225 1329 0 139120 64435 0 0
1791145562 cpu  1552067 704 85071 27987820 1329 0 139135 64435 0 0
1791145567 cpu  1552597 704 85106 27991237 1329 0 139168 64435 0 0
1791145572 cpu  1553072 704 85128 27994733 1329 0 139193 64436 0 0
1791145577 cpu  1553676 704 85153 27998093 1329 0 139217 64436 0 0
1791145582 cpu  1554244 704 85171 28001480 1329 0 139254 64436 0 0
1791145587 cpu  1554937 704 85195 28004727 1329 0 139289 64436 0 0
1791145592 cpu  1555616 704 85228 28007971 1329 0 139327 64436 0 0
1791145597 cpu  1556346 704 85254 28011164 1329 0 139368 64437 0 0
1791145602 cpu  1557052 704 85281 28014378 1329 0 139412 64437 0 0
1791145607 cpu  1557696 704 85302 28017673 1330 0 139457 64437 0 0
1791145612 cpu  1558114 704 85318 28021184 1330 0 139496 64438 0 0
1791145617 cpu  1558529 704 85333 28024688 1330 0 139539 64438 0 0
1791145622 cpu  1558954 704 85345 28028197 1330 0 139581 64438 0 0
1791145627 cpu  1559369 704 85355 28031711 1330 0 139610 64438 0 0
1791145632 cpu  1559812 704 85374 28035201 1330 0 139650 64439 0 0
1791145637 cpu  1560255 704 85385 28038700 1330 0 139690 64439 0 0
1791145642 cpu  1560699 704 85401 28042205 1330 0 139730 64439 0 0
1791145647 cpu  1561130 704 85417 28045714 1330 0 139762 64439 0 0
1791145652 cpu  1561568 704 85437 28049202 1330 0 139797 64440 0 0
1791145657 cpu  1561989 704 85453 28052714 1330 0 139832 64440 0 0
1791145662 cpu  1562422 704 85467 28056229 1331 0 139870 64440 0 0
1791145667 cpu  1562856 704 85479 28059739 1331 0 139908 64440 0 0
1791145672 cpu  1563286 704 85495 28063254 1331 0 139950 64441 0 0
1791145677 cpu  1563723 704 85510 28066756 1331 0 139986 64441 0 0
1791145682 cpu  1564146 704 85523 28070268 1331 0 140022 64441 0 0
1791145687 cpu  1564584 704 85537 28073778 1331 0 140060 64442 0 0
1791145692 cpu  1565017 704 85551 28077285 1331 0 140092 64442 0 0
1791145697 cpu  1565439 704 85563 28080798 1331 0 140130 64442 0 0
1791145702 cpu  1565875 704 85575 28084303 1331 0 140168 64442 0 0
1791145707 cpu  1566341 704 85583 28087780 1331 0 140206 64442 0 0
1791145712 cpu  1566786 704 85603 28091260 1331 0 140250 64443 0 0
1791145717 cpu  1567227 704 85619 28094759 1331 0 140281 64443 0 0
1791145722 cpu  1567722 704 85631 28098214 1331 0 140325 64444 0 0
1791145727 cpu  1568165 704 85647 28101714 1331 0 140367 64444 0 0
1791145732 cpu  1568614 704 85661 28105200 1331 0 140414 64444 0 0
1791145737 cpu  1569093 704 85677 28108667 1332 0 140447 64445 0 0
1791145742 cpu  1569552 704 85695 28112156 1332 0 140485 64445 0 0
1791145747 cpu  1570035 704 85707 28115612 1332 0 140528 64446 0 0
1791145752 cpu  1570524 704 85724 28119062 1332 0 140574 64446 0 0
1791145757 cpu  1570996 704 85741 28122513 1332 0 140616 64446 0 0
1791145762 cpu  1571477 704 85757 28125996 1332 0 140654 64447 0 0
1791145767 cpu  1571951 704 85772 28129464 1332 0 140691 64447 0 0
1791145772 cpu  1572445 704 85785 28132914 1333 0 140730 64447 0 0
1791145777 cpu  1572929 704 85803 28136393 1333 0 140773 64448 0 0
1791145782 cpu  1573486 704 85817 28139810 1333 0 140823 64448 0 0
1791145787 cpu  1574030 704 85830 28143222 1333 0 140871 64448 0 0
1791145792 cpu  1574574 704 85850 28146642 1333 0 140916 64449 0 0
1791145797 cpu  1575109 704 85867 28150062 1333 0 140949 64449 0 0
1791145802 cpu  1575587 704 85886 28153544 1333 0 140989 64449 0 0
1791145807 cpu  1576036 704 85903 28157063 1333 0 141026 64450 0 0
1791145812 cpu  1576503 704 85920 28160574 1333 0 141072 64450 0 0
1791145817 cpu  1576942 704 85931 28164099 1333 0 141112 64450 0 0
1791145822 cpu  1577371 704 85945 28167624 1333 0 141157 64450 0 0
1791145827 cpu  1577806 704 85959 28171144 1333 0 141208 64450 0 0
1791145832 cpu  1578288 704 85983 28174638 1333 0 141260 64451 0 0
1791145837 cpu  1578747 704 85996 28178135 1333 0 141317 64451 0 0
1791145842 cpu  1579225 704 86010 28181642 1333 0 141364 64451 0 0
1791145847 cpu  1579682 704 86023 28185144 1333 0 141418 64452 0 0
1791145852 cpu  1580150 704 86037 28188651 1333 0 141470 64452 0 0
1791145857 cpu  1580595 704 86051 28192151 1333 0 141513 64452 0 0
1791145862 cpu  1581069 704 86065 28195664 1333 0 141563 64453 0 0
1791145867 cpu  1581544 704 86077 28199175 1334 0 141614 64453 0 0
1791145872 cpu  1582005 704 86093 28202695 1334 0 141661 64453 0 0
1791145877 cpu  1582471 704 86108 28206217 1334 0 141708 64453 0 0
1791145883 cpu  1582931 704 86117 28209730 1334 0 141755 64454 0 0
1791145888 cpu  1583436 704 86134 28213221 1334 0 141811 64454 0 0
1791145893 cpu  1583933 704 86159 28216693 1334 0 141862 64454 0 0
1791145898 cpu  1584426 704 86175 28220165 1334 0 141924 64455 0 0
1791145903 cpu  1584902 704 86191 28223646 1334 0 141978 64455 0 0
1791145908 cpu  1585356 704 86207 28227152 1334 0 142027 64455 0 0
1791145913 cpu  1585848 704 86221 28230637 1334 0 142079 64456 0 0
1791145918 cpu  1586323 704 86239 28234119 1334 0 142135 64456 0 0
1791145923 cpu  1586793 704 86256 28237603 1334 0 142198 64456 0 0
1791145928 cpu  1587266 704 86275 28241087 1334 0 142261 64457 0 0
1791145933 cpu  1587734 704 86291 28244579 1334 0 142312 64457 0 0
1791145938 cpu  1588194 704 86304 28248104 1334 0 142357 64458 0 0
1791145943 cpu  1588636 704 86316 28251640 1334 0 142407 64458 0 0
1791145948 cpu  1589055 704 86332 28255180 1334 0 142455 64459 0 0
1791145953 cpu  1589533 704 86348 28258680 1334 0 142506 64459 0 0
1791145958 cpu  1589962 704 86364 28262208 1334 0 142554 64459 0 0
1791145963 cpu  1590396 704 86374 28265736 1335 0 142601 64459 0 0
1791145968 cpu  1590857 704 86392 28269232 1335 0 142652 64460 0 0
1791145973 cpu  1591304 704 86404 28272747 1335 0 142700 64460 0 0
1791145978 cpu  1591814 704 86422 28276232 1335 0 142761 64461 0 0
1791145983 cpu  1592266 704 86436 28279746 1335 0 142810 64461 0 0
1791145988 cpu  1592717 704 86453 28283254 1335 0 142869 64461 0 0
1791145993 cpu  1593171 704 86468 28286764 1335 0 142919 64462 0 0
1791145998 cpu  1593616 704 86483 28290284 1335 0 142964 64462 0 0
1791146003 cpu  1594053 704 86496 28293811 1335 0 143008 64462 0 0
1791146008 cpu  1594491 704 86506 28297340 1335 0 143056 64462 0 0
1791146013 cpu  1594969 704 86527 28300821 1335 0 143101 64463 0 0
1791146018 cpu  1595397 704 86540 28304346 1335 0 143150 64463 0 0
1791146023 cpu  1595841 704 86555 28307859 1335 0 143200 64463 0 0
1791146028 cpu  1596251 704 86566 28311391 1335 0 143243 64463 0 0
1791146033 cpu  1596677 704 86585 28314925 1335 0 143290 64464 0 0
1791146038 cpu  1597118 704 86600 28318461 1335 0 143331 64464 0 0
1791146043 cpu  1597537 704 86611 28321997 1336 0 143374 64464 0 0
1791146048 cpu  1598004 704 86640 28325499 1337 0 143434 64464 0 0
1791146053 cpu  1598438 704 86653 28329019 1337 0 143487 64465 0 0
1791146058 cpu  1598900 704 86671 28332534 1337 0 143539 64465 0 0
1791146063 cpu  1599406 704 86688 28336009 1337 0 143597 64465 0 0
1791146068 cpu  1599890 704 86702 28339493 1337 0 143646 64465 0 0
1791146073 cpu  1600374 704 86723 28342957 1337 0 143702 64466 0 0
1791146078 cpu  1600842 704 86736 28346454 1337 0 143757 64466 0 0
1791146083 cpu  1601328 704 86751 28349935 1337 0 143806 64467 0 0
1791146088 cpu  1601802 704 86764 28353431 1337 0 143853 64467 0 0
1791146093 cpu  1602275 704 86778 28356934 1338 0 143901 64467 0 0
1791146098 cpu  1602722 704 86791 28360446 1338 0 143945 64468 0 0
1791146103 cpu  1603211 704 86804 28363948 1338 0 143994 64468 0 0
1791146108 cpu  1603692 704 86817 28367462 1338 0 144052 64468 0 0
1791146113 cpu  1604155 704 86830 28370964 1338 0 144101 64468 0 0
1791146118 cpu  1604622 704 86842 28374465 1338 0 144155 64469 0 0
1791146123 cpu  1605083 704 86861 28377969 1338 0 144205 64469 0 0
1791146128 cpu  1605565 704 86873 28381479 1338 0 144262 64469 0 0
1791146133 cpu  1606033 704 86894 28384956 1338 0 144311 64469 0 0
1791146138 cpu  1606468 704 86904 28388468 1339 0 144358 64470 0 0
1791146143 cpu  1606919 704 86915 28391976 1339 0 144403 64470 0 0
1791146148 cpu  1607393 704 86929 28395470 1339 0 144451 64470 0 0
1791146153 cpu  1607889 704 86944 28398954 1339 0 144508 64470 0 0
1791146158 cpu  1608388 704 86963 28402436 1339 0 144564 64471 0 0
1791146163 cpu  1608839 704 86982 28405941 1339 0 144610 64471 0 0
1791146168 cpu  1609176 704 87021 28409547 1339 0 144661 64471 0 0
1791146173 cpu  1609181 704 87024 28413540 1339 0 144661 64471 0 0
1791146178 cpu  1609184 704 87026 28417535 1339 0 144661 64471 0 0
1791146183 cpu  1609187 704 87026 28421530 1339 0 144661 64471 0 0
1791146188 cpu  1609190 704 87028 28425524 1339 0 144661 64471 0 0
1791146193 cpu  1609199 704 87035 28429504 1339 0 144662 64471 0 0
1791146198 cpu  1609242 704 87049 28433444 1339 0 144671 64471 0 0
