1791157639 cpu  1964777 704 102716 37175640 1482 0 176145 65115 0 0
1791157644 cpu  1964780 704 102720 37179631 1483 0 176145 65115 0 0
1791157649 cpu  1964786 704 102721 37183621 1483 0 176145 65115 0 0
1791157654 cpu  1964833 704 102745 37187541 1483 0 176156 65115 0 0
1791157659 cpu  1964838 704 102750 37191531 1483 0 176156 65115 0 0
1791157664 cpu  1964842 704 102752 37195523 1483 0 176156 65115 0 0
1791157669 cpu  1964848 704 102753 37199515 1483 0 176157 65115 0 0
1791157674 cpu  1964852 704 102755 37203509 1483 0 176157 65115 0 0
1791157679 cpu  1964854 704 102757 37207502 1483 0 176157 65115 0 0
1791157684 cpu  1964861 704 102763 37211484 1484 0 176157 65115 0 0
1791157689 cpu  1964864 704 102766 37215475 1484 0 176158 65115 0 0
1791157694 cpu  1964868 704 102767 37219468 1484 0 176159 65115 0 0
1791157699 cpu  1964872 704 102769 37223462 1484 0 176159 65116 0 0
1791157704 cpu  1964876 704 102770 37227455 1484 0 176159 65116 0 0
1791157709 cpu  1964881 704 102770 37231445 1484 0 176159 65116 0 0
1791157714 cpu  1964893 704 102777 37235425 1484 0 176159 65116 0 0
1791157719 cpu  1964896 704 102779 37239418 1484 0 176160 65116 0 0
1791157724 cpu  1964902 704 102781 37243410 1485 0 176161 65116 0 0
1791157729 cpu  1964905 704 102782 37247403 1485 0 176161 65116 0 0
1791157734 cpu  1964908 704 102783 37251397 1485 0 176162 65116 0 0
1791157739 cpu  1964911 704 102783 37255390 1485 0 176162 65116 0 0
1791157744 cpu  1964915 704 102784 37259382 1485 0 176162 65116 0 0
1791157749 cpu  1964919 704 102786 37263377 1485 0 176163 65116 0 0
1791157754 cpu  1964923 704 102788 37267371 1485 0 176163 65116 0 0
1791157759 cpu  1964926 704 102789 37271364 1485 0 176163 65116 0 0
1791157764 cpu  1964932 704 102791 37275354 1485 0 176163 65116 0 0
1791157769 cpu  1964937 704 102793 37279344 1485 0 176163 65116 0 0
1791157774 cpu  1964946 704 102798 37283324 1485 0 176163 65116 0 0
1791157779 cpu  1964949 704 102799 37287317 1485 0 176163 65116 0 0
1791157784 cpu  1964956 704 102800 37291307 1485 0 176163 65116 0 0
1791157789 cpu  1964959 704 102801 37295300 1485 0 176163 65117 0 0
1791157794 cpu  1964964 704 102801 37299293 1486 0 176163 65117 0 0
1791157799 cpu  1964967 704 102801 37303286 1486 0 176163 65117 0 0
1791157804 cpu  1964972 704 102803 37307277 1486 0 176163 65117 0 0
1791157809 cpu  1964978 704 102805 37311270 1486 0 176164 65117 0 0
1791157814 cpu  1964982 704 102805 37315264 1486 0 176164 65117 0 0
1791157819 cpu  1964986 704 102809 37319256 1486 0 176164 65117 0 0
1791157824 cpu  1964992 704 102811 37323247 1486 0 176164 65117 0 0
1791157829 cpu  1964996 704 102813 37327237 1486 0 176164 65117 0 0
1791157834 cpu  1965008 704 102819 37331218 1486 0 176164 65117 0 0
1791157839 cpu  1965012 704 102821 37335211 1486 0 176164 65117 0 0
1791157844 cpu  1965016 704 102823 37339203 1486 0 176164 65117 0 0
1791157849 cpu  1965018 704 102825 37343197 1486 0 176164 65117 0 0
1791157854 cpu  1965022 704 102826 37347190 1486 0 176165 65117 0 0
1791157859 cpu  1965025 704 102827 37351184 1486 0 176165 65117 0 0
1791157864 cpu  1965030 704 102828 37355174 1486 0 176165 65117 0 0
1791157869 cpu  1965032 704 102829 37359168 1486 0 176165 65117 0 0
1791157874 cpu  1965035 704 102830 37363161 1486 0 176165 65117 0 0
1791157879 cpu  1965039 704 102833 37367155 1486 0 176165 65117 0 0
1791157884 cpu  1965042 704 102835 37371148 1486 0 176165 65117 0 0
1791157889 cpu  1965045 704 102837 37375138 1486 0 176165 65117 0 0
1791157894 cpu  1965055 704 102840 37379119 1487 0 176165 65117 0 0
1791157899 cpu  1965059 704 102842 37383113 1487 0 176166 65117 0 0
1791157904 cpu  1965062 704 102843 37387103 1487 0 176167 65118 0 0
1791157909 cpu  1965065 704 102845 37391097 1487 0 176167 65118 0 0
1791157914 cpu  1965067 704 102847 37395092 1487 0 176167 65118 0 0
1791157919 cpu  1965073 704 102848 37399083 1487 0 176168 65118 0 0
1791157924 cpu  1965157 704 102881 37402958 1487 0 176191 65118 0 0
1791157929 cpu  1965238 704 102917 37406831 1487 0 176212 65118 0 0
1791157934 cpu  1965282 704 102941 37410758 1487 0 176221 65118 0 0
1791157939 cpu  1966156 704 103049 37413777 1487 0 176243 65118 0 0
1791157944 cpu  1966640 704 103077 37417257 1487 0 176268 65119 0 0
1791157949 cpu  1967151 704 103118 37420685 1487 0 176297 65119 0 0
1791157954 cpu  1967730 704 103150 37424052 1488 0 176325 65119 0 0
1791157959 cpu  1968299 704 103168 37427449 1488 0 176354 65120 0 0
1791157964 cpu  1968985 704 103199 37430706 1488 0 176391 65120 0 0
1791157969 cpu  1969648 704 103227 37433966 1488 0 176419 65121 0 0
1791157974 cpu  1970442 704 103257 37437099 1488 0 176465 65121 0 0
1791157979 cpu  1971231 704 103283 37440231 1489 0 176520 65122 0 0
1791157984 cpu  1972160 704 103314 37443236 1489 0 176585 65122 0 0
1791157989 cpu  1973029 704 103343 37446295 1489 0 176653 65123 0 0
1791157994 cpu  1973611 704 103361 37449646 1489 0 176697 65124 0 0
1791157999 cpu  1974087 704 103376 37453116 1489 0 176737 65125 0 0
1791158004 cpu  1974557 704 103391 37456576 1489 0 176778 65125 0 0
1791158009 cpu  1975014 704 103408 37460048 1489 0 176827 65126 0 0
1791158014 cpu  1975487 704 103430 37463501 1489 0 176868 65127 0 0
1791158019 cpu  1975961 704 103445 37466971 1489 0 176905 65127 0 0
1791158024 cpu  1976433 704 103461 37470441 1490 0 176950 65128 0 0
1791158029 cpu  1976882 704 103472 37473919 1490 0 176986 65129 0 0
1791158034 cpu  1977375 704 103487 37477383 1490 0 177021 65129 0 0
1791158039 cpu  1977846 704 103496 37480851 1490 0 177064 65130 0 0
1791158044 cpu  1978319 704 103513 37484324 1490 0 177112 65130 0 0
1791158049 cpu  1978793 704 103527 37487790 1490 0 177149 65131 0 0
1791158054 cpu  1979261 704 103541 37491257 1490 0 177189 65132 0 0
1791158059 cpu  1979718 704 103554 37494731 1490 0 177223 65132 0 0
1791158064 cpu  1980174 704 103569 37498196 1490 0 177262 65133 0 0
1791158069 cpu  1980653 704 103583 37501662 1490 0 177310 65134 0 0
1791158074 cpu  1981130 704 103605 37505108 1490 0 177351 65134 0 0
1791158079 cpu  1981594 704 103622 37508575 1490 0 177396 65135 0 0
1791158084 cpu  1982063 704 103635 37512046 1491 0 177444 65135 0 0
1791158089 cpu  1982520 704 103650 37515527 1491 0 177482 65136 0 0
1791158094 cpu  1983005 704 103671 37518992 1491 0 177524 65137 0 0
1791158099 cpu  1983466 704 103691 37522460 1491 0 177569 65137 0 0
1791158104 cpu  1983919 704 103707 37525933 1491 0 177610 65138 0 0
1791158109 cpu  1984327 704 103724 37529451 1491 0 177650 65138 0 0
1791158114 cpu  1984710 704 103741 37532998 1491 0 177687 65139 0 0
1791158119 cpu  1985083 704 103752 37536526 1491 0 177734 65140 0 0
1791158124 cpu  1985432 704 103769 37540067 1492 0 177774 65140 0 0
1791158129 cpu  1985796 704 103789 37543605 1492 0 177816 65141 0 0
1791158134 cpu  1986178 704 103808 37547126 1492 0 177855 65142 0 0
1791158139 cpu  1986543 704 103819 37550667 1492 0 177897 65142 0 0
1791158144 cpu  1986909 704 103837 37554198 1492 0 177932 65143 0 0
1791158149 cpu  1987280 704 103848 37557741 1492 0 177970 65143 0 0
1791158154 cpu  1987630 704 103858 37561285 1492 0 178008 65144 0 0
1791158159 cpu  1987988 704 103872 37564823 1492 0 178045 65144 0 0
1791158164 cpu  1988336 704 103889 37568361 1492 0 178088 65145 0 0
1791158169 cpu  1988704 704 103903 37571897 1492 0 178131 65145 0 0
1791158174 cpu  1989087 704 103916 37575433 1492 0 178166 65146 0 0
1791158179 cpu  1989475 704 103930 37578959 1492 0 178203 65147 0 0
1791158184 cpu  1989865 704 103946 37582481 1492 0 178247 65147 0 0
1791158189 cpu  1990231 704 103958 37586022 1492 0 178285 65148 0 0
1791158194 cpu  1990611 704 103978 37589542 1492 0 178319 65148 0 0
1791158199 cpu  1990977 704 103992 37593085 1492 0 178365 65149 0 0
1791158204 cpu  1991367 704 104008 37596613 1492 0 178413 65149 0 0
1791158209 cpu  1991749 704 104023 37600148 1493 0 178465 65150 0 0
1791158214 cpu  1992142 704 104035 37603684 1493 0 178510 65150 0 0
1791158219 cpu  1992504 704 104049 37607215 1493 0 178547 65151 0 0
1791158224 cpu  1992883 704 104064 37610749 1493 0 178591 65151 0 0
1791158229 cpu  1993256 704 104076 37614289 1493 0 178635 65152 0 0
1791158234 cpu  1993633 704 104091 37617826 1493 0 178675 65152 0 0
1791158239 cpu  1994014 704 104105 37621362 1493 0 178720 65153 0 0
1791158244 cpu  1994390 704 104115 37624897 1493 0 178763 65154 0 0
1791158249 cpu  1994790 704 104127 37628426 1493 0 178799 65154 0 0
1791158254 cpu  1995189 704 104149 37631930 1493 0 178846 65155 0 0
1791158259 cpu  1995568 704 104163 37635467 1493 0 178896 65156 0 0
1791158264 cpu  1995955 704 104179 37638989 1493 0 178944 65156 0 0
1791158269 cpu  1996343 704 104197 37642507 1494 0 178988 65157 0 0
1791158274 cpu  1996753 704 104211 37646027 1494 0 179026 65158 0 0
1791158279 cpu  1997164 704 104231 37649527 1494 0 179067 65158 0 0
1791158284 cpu  1997623 704 104248 37653007 1494 0 179124 65159 0 0
1791158289 cpu  1998086 704 104268 37656485 1494 0 179171 65160 0 0
1791158294 cpu  1998535 704 104282 37659976 1494 0 179225 65161 0 0
1791158299 cpu  1998982 704 104300 37663457 1494 0 179279 65161 0 0
1791158304 cpu  1999425 704 104314 37666951 1494 0 179334 65162 0 0
1791158309 cpu  1999849 704 104327 37670456 1494 0 179385 65163 0 0
1791158314 cpu  2000328 704 104347 37673927 1494 0 179442 65163 0 0
1791158319 cpu  2000726 704 104364 37677444 1494 0 179487 65164 0 0
1791158324 cpu  2001166 704 104377 37680936 1494 0 179545 65165 0 0
1791158329 cpu  2001569 704 104392 37684468 1494 0 179588 65165 0 0
1791158334 cpu  2001998 704 104412 37687958 1494 0 179644 65166 0 0
1791158339 cpu  2002409 704 104426 37691468 1494 0 179692 65166 0 0
1791158344 cpu  2002870 704 104444 37694953 1495 0 179756 65167 0 0
1791158349 cpu  2003314 704 104464 37698456 1495 0 179807 65167 0 0
1791158354 cpu  2003708 704 104478 37701976 1495 0 179851 65168 0 0
1791158359 cpu  2004164 704 104495 37705461 1495 0 179911 65169 0 0
1791158364 cpu  2004624 704 104513 37708939 1495 0 179976 65169 0 0
1791158369 cpu  2005069 704 104528 37712433 1495 0 180036 65170 0 0
1791158374 cpu  2005488 704 104546 37715926 1495 0 180087 65170 0 0
1791158379 cpu  2005907 704 104559 37719436 1496 0 180131 65171 0 0
1791158384 cpu  2006305 704 104572 37722961 1496 0 180181 65171 0 0
1791158389 cpu  2006692 704 104587 37726485 1496 0 180230 65172 0 0
1791158394 cpu  2007055 704 104601 37730021 1496 0 180266 65172 0 0
1791158399 cpu  2007440 704 104618 37733548 1496 0 180304 65173 0 0
1791158404 cpu  2007810 722 104665 37736994 1529 0 180350 65174 0 0
1791158409 cpu  2008187 722 104686 37740546 1529 0 180387 65174 0 0
1791158414 cpu  2008563 722 104700 37744092 1529 0 180438 65175 0 0
1791158419 cpu  2008941 722 104718 37747636 1529 0 180485 65176 0 0
1791158424 cpu  2009403 722 104736 37751119 1530 0 180544 65177 0 0
1791158429 cpu  2009852 722 104755 37754602 1530 0 180593 65178 0 0
1791158434 cpu  2010276 722 104770 37758114 1530 0 180638 65179 0 0
1791158439 cpu  2010689 722 104788 37761639 1530 0 180678 65179 0 0
1791158444 cpu  2011152 722 104802 37765123 1530 0 180735 65180 0 0
1791158449 cpu  2011595 722 104816 37768614 1530 0 180796 65181 0 0
1791158454 cpu  2012022 722 104834 37772109 1530 0 180865 65181 0 0
1791158459 cpu  2012445 722 104847 37775626 1530 0 180912 65182 0 0
1791158464 cpu  2012874 722 104860 37779137 1531 0 180958 65183 0 0
1791158469 cpu  2013336 722 104879 37782630 1531 0 181013 65183 0 0
1791158474 cpu  2013783 722 104890 37786128 1531 0 181066 65184 0 0
1791158479 cpu  2014221 722 104905 37789642 1531 0 181122 65185 0 0
1791158484 cpu  2014671 722 104920 37793134 1531 0 181171 65185 0 0
1791158489 cpu  2015157 722 104937 37796603 1531 0 181232 65186 0 0
1791158494 cpu  2015594 722 104950 37800114 1531 0 181281 65187 0 0
1791158499 cpu  2016024 722 104963 37803640 1531 0 181325 65187 0 0
1791158504 cpu  2016421 722 104978 37807168 1531 0 181373 65188 0 0
1791158509 cpu  2016839 722 104994 37810680 1531 0 181414 65189 0 0
1791158514 cpu  2017251 722 105013 37814201 1532 0 181461 65190 0 0
1791158519 cpu  2017680 722 105029 37817716 1532 0 181513 65190 0 0
1791158524 cpu  2018078 722 105042 37821255 1532 0 181569 65191 0 0
1791158529 cpu  2018466 722 105059 37824784 1532 0 181616 65192 0 0
1791158534 cpu  2018891 722 105076 37828291 1532 0 181660 65192 0 0
1791158539 cpu  2019324 722 105090 37831802 1532 0 181709 65193 0 0
1791158544 cpu  2019767 722 105107 37835302 1532 0 181764 65193 0 0
1791158549 cpu  2020193 722 105127 37838790 1532 0 181813 65194 0 0
1791158554 cpu  2020365 722 105166 37842560 1532 0 181846 65194 0 0
1791158559 cpu  2020369 722 105170 37846550 1532 0 181846 65194 0 0
1791158564 cpu  2020373 722 105172 37850542 1532 0 181846 65194 0 0
1791158569 cpu  2020376 722 105174 37854536 1532 0 181846 65195 0 0
1791158574 cpu  2020380 722 105175 37858527 1532 0 181847 65195 0 0
1791158579 cpu  2020382 722 105178 37862520 1532 0 181847 65195 0 0
