1791157633 cpu  2685224 525 776456 35041720 12318 0 602131 33086 0 0
1791157638 cpu  2685284 525 776493 35045582 12319 0 602141 33089 0 0
1791157643 cpu  2685415 525 776572 35049305 12320 0 602165 33093 0 0
1791157648 cpu  2685555 525 776631 35053050 12320 0 602183 33096 0 0
1791157653 cpu  2685663 525 776702 35056812 12322 0 602198 33100 0 0
1791157658 cpu  2685782 525 776771 35060563 12322 0 602216 33103 0 0
1791157663 cpu  2685946 525 776866 35064236 12323 0 602240 33107 0 0
1791157668 cpu  2686109 525 776946 35067936 12324 0 602262 33110 0 0
1791157673 cpu  2686274 525 777019 35071641 12325 0 602278 33113 0 0
1791157678 cpu  2686372 525 777071 35075444 12326 0 602295 33117 0 0
1791157683 cpu  2686449 525 777120 35079255 12327 0 602305 33120 0 0
1791157688 cpu  2686503 525 777157 35083116 12327 0 602316 33122 0 0
1791157693 cpu  2686570 525 777188 35086960 12328 0 602327 33124 0 0
1791157698 cpu  2686665 525 777234 35090771 12329 0 602341 33127 0 0
1791157703 cpu  2686781 525 777296 35094530 12330 0 602355 33129 0 0
1791157708 cpu  2686912 525 777366 35098281 12330 0 602380 33132 0 0
1791157713 cpu  2687113 525 777449 35101949 12331 0 602403 33135 0 0
1791157718 cpu  2687245 525 777518 35105692 12332 0 602428 33138 0 0
1791157723 cpu  2687400 525 777595 35109391 12333 0 602447 33141 0 0
1791157728 cpu  2687537 525 777654 35113138 12333 0 602470 33144 0 0
1791157733 cpu  2687672 525 777724 35116883 12334 0 602493 33147 0 0
1791157738 cpu  2687762 525 777780 35120697 12335 0 602511 33149 0 0
1791157743 cpu  2687912 525 777857 35124412 12336 0 602538 33153 0 0
1791157748 cpu  2688069 525 777964 35128166 12337 0 602558 33155 0 0
1791157753 cpu  2688171 525 778029 35131953 12338 0 602578 33158 0 0
1791157758 cpu  2688241 525 778071 35135803 12338 0 602595 33160 0 0
1791157763 cpu  2688399 525 778154 35139512 12339 0 602626 33163 0 0
1791157768 cpu  2688524 525 778210 35143269 12340 0 602648 33166 0 0
1791157773 cpu  2688692 525 778298 35146955 12341 0 602674 33168 0 0
1791157778 cpu  2688841 525 778364 35150685 12342 0 602699 33171 0 0
1791157783 cpu  2689012 525 778444 35154364 12342 0 602727 33174 0 0
1791157788 cpu  2689172 525 778508 35158090 12343 0 602757 33177 0 0
1791157793 cpu  2689349 525 778580 35161796 12344 0 602778 33180 0 0
1791157798 cpu  2689522 525 778653 35165501 12344 0 602810 33182 0 0
1791157803 cpu  2689691 525 778740 35169186 12346 0 602839 33184 0 0
1791157808 cpu  2689850 525 778808 35172901 12346 0 602870 33188 0 0
1791157813 cpu  2690029 525 778893 35176574 12347 0 602898 33194 0 0
1791157818 cpu  2690192 525 778973 35180272 12348 0 602937 33201 0 0
1791157823 cpu  2690407 525 779065 35183893 12349 0 602977 33210 0 0
1791157828 cpu  2690593 525 779150 35187550 12349 0 603013 33217 0 0
1791157833 cpu  2690794 525 779242 35191185 12350 0 603041 33224 0 0
1791157838 cpu  2690971 525 779325 35194852 12351 0 603069 33231 0 0
1791157843 cpu  2691223 525 779419 35198428 12353 0 603103 33239 0 0
1791157848 cpu  2691405 525 779510 35202087 12354 0 603124 33249 0 0
1791157853 cpu  2691581 525 779590 35205745 12355 0 603146 33261 0 0
1791157858 cpu  2691736 525 779660 35209448 12356 0 603171 33274 0 0
1791157863 cpu  2692167 525 779763 35212810 12357 0 603222 33286 0 0
1791157868 cpu  2692594 525 779856 35216187 12358 0 603282 33303 0 0
1791157874 cpu  2693136 525 779974 35219421 12359 0 603343 33325 0 0
1791157879 cpu  2693575 525 780083 35222747 12360 0 603405 33358 0 0
1791157884 cpu  2694093 525 780221 35225972 12362 0 603475 33393 0 0
1791157889 cpu  2694651 525 780328 35229214 12363 0 603538 33417 0 0
1791157894 cpu  2695200 525 780467 35232365 12365 0 603612 33465 0 0
1791157899 cpu  2695700 525 780583 35235628 12366 0 603692 33494 0 0
1791157904 cpu  2696219 525 780705 35238851 12368 0 603755 33515 0 0
1791157909 cpu  2696707 525 780815 35242163 12369 0 603818 33530 0 0
1791157914 cpu  2697196 525 780922 35245450 12370 0 603876 33550 0 0
1791157919 cpu  2697761 525 781029 35248703 12371 0 603943 33561 0 0
1791157924 cpu  2698371 525 781152 35251870 12372 0 604002 33577 0 0
1791157929 cpu  2698906 525 781256 35255129 12373 0 604054 33586 0 0
1791157934 cpu  2699520 525 781369 35258306 12375 0 604105 33599 0 0
1791157939 cpu  2700088 525 781488 35261516 12376 0 604169 33609 0 0
1791157944 cpu  2700708 525 781612 35264636 12377 0 604245 33626 0 0
1791157949 cpu  2701339 525 781735 35267763 12379 0 604347 33640 0 0
1791157954 cpu  2701948 525 781869 35270869 12380 0 604470 33647 0 0
1791157959 cpu  2702572 525 782002 35273940 12381 0 604595 33655 0 0
1791157964 cpu  2703220 525 782149 35276978 12382 0 604732 33662 0 0
1791157969 cpu  2703881 525 782303 35279974 12384 0 604878 33670 0 0
1791157974 cpu  2704553 525 782465 35282953 12385 0 605038 33678 0 0
1791157979 cpu  2705204 525 782631 35285924 12386 0 605208 33686 0 0
1791157984 cpu  2705878 525 782798 35288849 12389 0 605389 33695 0 0
1791157989 cpu  2706535 525 782947 35291808 12390 0 605566 33704 0 0
1791157994 cpu  2707226 525 783107 35294776 12391 0 605740 33711 0 0
1791157999 cpu  2707944 525 783276 35297689 12393 0 605906 33720 0 0
1791158004 cpu  2708628 525 783448 35300641 12394 0 606086 33729 0 0
1791158009 cpu  2709305 525 783595 35303591 12396 0 606281 33737 0 0
1791158014 cpu  2710000 525 783754 35306515 12397 0 606470 33748 0 0
1791158019 cpu  2710669 525 783912 35309472 12399 0 606659 33756 0 0
1791158024 cpu  2711347 525 784087 35312423 12400 0 606841 33763 0 0
1791158029 cpu  2712044 525 784253 35315366 12402 0 607029 33770 0 0
1791158034 cpu  2712706 525 784419 35318322 12403 0 607218 33778 0 0
1791158039 cpu  2713413 525 784571 35321255 12404 0 607422 33787 0 0
1791158044 cpu  2714093 525 784723 35324212 12406 0 607598 33794 0 0
1791158049 cpu  2714768 525 784886 35327168 12407 0 607784 33803 0 0
1791158054 cpu  2715443 525 785049 35330113 12408 0 607968 33811 0 0
1791158059 cpu  2716132 525 785207 35333069 12410 0 608150 33822 0 0
1791158064 cpu  2716813 525 785358 35336023 12411 0 608333 33830 0 0
1791158069 cpu  2717491 525 785516 35338976 12413 0 608535 33839 0 0
1791158074 cpu  2718164 525 785685 35341933 12414 0 608725 33847 0 0
1791158079 cpu  2718869 525 785843 35344849 12416 0 608918 33855 0 0
1791158084 cpu  2719534 525 786007 35347803 12417 0 609121 33863 0 0
1791158089 cpu  2720213 525 786172 35350767 12419 0 609293 33870 0 0
1791158094 cpu  2720890 525 786324 35353732 12420 0 609490 33878 0 0
1791158099 cpu  2721561 525 786484 35356709 12421 0 609697 33886 0 0
1791158104 cpu  2722248 525 786638 35359649 12423 0 609872 33895 0 0
1791158109 cpu  2722970 525 786787 35362596 12424 0 610051 33901 0 0
1791158114 cpu  2723613 525 786938 35365623 12425 0 610194 33909 0 0
1791158119 cpu  2724267 525 787077 35368653 12427 0 610342 33914 0 0
1791158124 cpu  2724920 525 787212 35371704 12428 0 610494 33918 0 0
1791158129 cpu  2725591 525 787347 35374747 12429 0 610646 33923 0 0
1791158134 cpu  2726204 525 787473 35377807 12430 0 610794 33928 0 0
1791158139 cpu  2726825 525 787610 35380867 12431 0 610933 33933 0 0
1791158144 cpu  2727502 525 787751 35383879 12432 0 611069 33938 0 0
1791158149 cpu  2728127 525 787884 35386955 12434 0 611210 33942 0 0
1791158154 cpu  2728734 525 788022 35390029 12435 0 611354 33947 0 0
1791158159 cpu  2729367 525 788146 35393104 12436 0 611479 33952 0 0
1791158164 cpu  2729987 525 788278 35396178 12437 0 611615 33957 0 0
1791158169 cpu  2730607 525 788392 35399285 12438 0 611736 33960 0 0
1791158174 cpu  2731209 525 788533 35402393 12439 0 611863 33964 0 0
1791158179 cpu  2731866 525 788664 35405447 12440 0 612002 33969 0 0
1791158184 cpu  2732507 525 788791 35408529 12441 0 612158 33974 0 0
1791158189 cpu  2733122 525 788936 35411620 12442 0 612291 33979 0 0
1791158194 cpu  2733734 525 789070 35414687 12444 0 612444 33984 0 0
1791158199 cpu  2734356 525 789216 35417780 12445 0 612584 33989 0 0
1791158204 cpu  2735009 525 789348 35420797 12446 0 612750 33995 0 0
1791158209 cpu  2735670 525 789478 35423824 12448 0 612909 34001 0 0
1791158214 cpu  2736306 525 789627 35426883 12449 0 613047 34007 0 0
1791158219 cpu  2737000 525 789777 35429898 12453 0 613192 34015 0 0
1791158224 cpu  2737655 525 789911 35432932 12456 0 613335 34022 0 0
1791158229 cpu  2738263 525 790036 35436026 12457 0 613477 34027 0 0
1791158234 cpu  2738893 525 790174 35439084 12458 0 613610 34034 0 0
1791158239 cpu  2739540 525 790309 35442134 12459 0 613761 34040 0 0
1791158244 cpu  2740167 525 790447 35445190 12460 0 613896 34047 0 0
1791158249 cpu  2740822 525 790581 35448249 12461 0 614032 34052 0 0
1791158254 cpu  2741462 525 790704 35451305 12463 0 614181 34058 0 0
1791158259 cpu  2742075 525 790833 35454409 12464 0 614312 34063 0 0
1791158264 cpu  2742734 525 790977 35457434 12465 0 614453 34068 0 0
1791158269 cpu  2743373 525 791100 35460514 12466 0 614589 34073 0 0
1791158274 cpu  2744001 525 791233 35463579 12467 0 614731 34078 0 0
1791158279 cpu  2744676 525 791371 35466618 12468 0 614888 34083 0 0
1791158284 cpu  2745350 525 791531 35469586 12470 0 615061 34090 0 0
1791158289 cpu  2746003 525 791664 35472613 12471 0 615224 34095 0 0
1791158294 cpu  2746638 525 791816 35475621 12472 0 615392 34100 0 0
1791158299 cpu  2747308 525 791962 35478616 12473 0 615568 34106 0 0
1791158304 cpu  2747966 525 792121 35481621 12474 0 615737 34111 0 0
1791158309 cpu  2748641 525 792273 35484610 12475 0 615914 34116 0 0
1791158314 cpu  2749297 525 792428 35487586 12477 0 616101 34123 0 0
1791158319 cpu  2749955 525 792569 35490617 12478 0 616277 34129 0 0
1791158324 cpu  2750633 525 792716 35493615 12479 0 616432 34135 0 0
1791158329 cpu  2751268 525 792855 35496668 12481 0 616582 34141 0 0
1791158334 cpu  2751934 525 793006 35499673 12482 0 616755 34147 0 0
1791158339 cpu  2752607 525 793150 35502668 12483 0 616919 34154 0 0
1791158344 cpu  2753261 525 793300 35505659 12484 0 617095 34160 0 0
1791158349 cpu  2753929 525 793450 35508663 12485 0 617275 34167 0 0
1791158354 cpu  2754586 525 793591 35511697 12486 0 617449 34172 0 0
1791158359 cpu  2755238 525 793735 35514700 12487 0 617607 34177 0 0
1791158364 cpu  2755896 525 793878 35517712 12489 0 617774 34182 0 0
1791158369 cpu  2756539 525 794026 35520731 12489 0 617946 34187 0 0
1791158374 cpu  2757170 525 794179 35523747 12491 0 618101 34193 0 0
1791158379 cpu  2757794 525 794331 35526781 12492 0 618248 34198 0 0
1791158384 cpu  2758468 525 794481 35529784 12493 0 618412 34204 0 0
1791158389 cpu  2759119 525 794620 35532821 12494 0 618581 34209 0 0
1791158394 cpu  2759772 525 794753 35535876 12496 0 618735 34216 0 0
1791158399 cpu  2760420 525 794888 35538914 12496 0 618901 34221 0 0
1791158404 cpu  2761108 555 795094 35541615 12629 0 619079 34240 0 0
1791158409 cpu  2761785 555 795227 35544609 12634 0 619234 34250 0 0
1791158414 cpu  2762485 555 795388 35547536 12636 0 619402 34271 0 0
1791158419 cpu  2763186 555 795551 35550423 12638 0 619580 34303 0 0
1791158424 cpu  2763946 555 795737 35553174 12640 0 619768 34366 0 0
1791158429 cpu  2764699 555 795928 35555951 12642 0 619957 34442 0 0
1791158434 cpu  2765463 555 796106 35558736 12645 0 620142 34508 0 0
1791158439 cpu  2766217 555 796281 35561513 12648 0 620327 34595 0 0
1791158444 cpu  2766932 555 796507 35564208 12650 0 620512 34807 0 0
1791158449 cpu  2767726 555 796707 35566916 12653 0 620727 34928 0 0
1791158454 cpu  2768592 555 796891 35569533 12655 0 620940 35115 0 0
1791158459 cpu  2769312 555 797094 35572269 12656 0 621142 35334 0 0
1791158464 cpu  2770002 555 797294 35574925 12660 0 621341 35652 0 0
1791158469 cpu  2770608 555 797497 35577732 12663 0 621527 35940 0 0
1791158474 cpu  2771225 555 797706 35580419 12666 0 621736 36349 0 0
1791158479 cpu  2771872 555 797915 35583111 12669 0 621925 36728 0 0
1791158484 cpu  2772493 555 798115 35585720 12674 0 622116 37302 0 0
1791158489 cpu  2773123 555 798340 35588375 12678 0 622312 37731 0 0
1791158494 cpu  2773828 555 798504 35591153 12680 0 622516 37867 0 0
1791158499 cpu  2774576 555 798678 35593958 12683 0 622710 37916 0 0
1791158504 cpu  2775332 555 798853 35596759 12685 0 622900 37996 0 0
1791158509 cpu  2776073 555 799039 35599548 12688 0 623090 38094 0 0
1791158514 cpu  2776768 555 799236 35602345 12690 0 623255 38295 0 0
1791158519 cpu  2777399 555 799414 35605240 12693 0 623423 38468 0 0
1791158524 cpu  2778142 555 799591 35607997 12694 0 623632 38584 0 0
1791158529 cpu  2778858 555 799730 35610887 12697 0 623800 38628 0 0
1791158534 cpu  2779587 555 799909 35613712 12698 0 623975 38715 0 0
1791158539 cpu  2780286 555 800090 35616544 12700 0 624138 38817 0 0
1791158544 cpu  2781034 555 800280 35619337 12701 0 624313 38863 0 0
1791158549 cpu  2781814 555 800458 35622129 12704 0 624508 38915 0 0
1791158554 cpu  2782433 555 800591 35625236 12705 0 624617 38931 0 0
1791158559 cpu  2782584 555 800679 35628920 12706 0 624640 38935 0 0
1791158564 cpu  2782683 555 800746 35632692 12707 0 624657 38942 0 0
1791158569 cpu  2782821 555 800811 35636422 12708 0 624680 38947 0 0
