1791157636 cpu  12818015 512 3494124 59802437 9005 0 1199441 50993 0 0
1791157641 cpu  12818128 512 3494222 59810107 9005 0 1199462 50997 0 0
1791157646 cpu  12818295 512 3494339 59817759 9005 0 1199475 51001 0 0
1791157651 cpu  12818412 512 3494425 59825452 9006 0 1199488 51005 0 0
1791157656 cpu  12818558 512 3494535 59833093 9006 0 1199507 51010 0 0
1791157661 cpu  12818680 512 3494613 59840794 9006 0 1199529 51013 0 0
1791157666 cpu  12818817 512 3494705 59848477 9007 0 1199542 51017 0 0
1791157671 cpu  12818946 512 3494805 59856132 9007 0 1199557 51021 0 0
1791157676 cpu  12819069 512 3494904 59863799 9007 0 1199570 51025 0 0
1791157681 cpu  12819209 512 3495004 59871477 9007 0 1199581 51029 0 0
1791157686 cpu  12819344 512 3495099 59879140 9008 0 1199599 51033 0 0
1791157691 cpu  12819464 512 3495197 59886819 9008 0 1199615 51038 0 0
1791157696 cpu  12819593 512 3495294 59894499 9008 0 1199632 51042 0 0
1791157701 cpu  12819740 512 3495402 59902161 9008 0 1199651 51045 0 0
1791157706 cpu  12819884 512 3495494 59909810 9009 0 1199675 51049 0 0
1791157711 cpu  12820010 512 3495594 59917487 9009 0 1199690 51053 0 0
1791157716 cpu  12820129 512 3495702 59925147 9009 0 1199711 51057 0 0
1791157721 cpu  12820258 512 3495787 59932825 9009 0 1199731 51061 0 0
1791157726 cpu  12820393 512 3495886 59940500 9010 0 1199752 51065 0 0
1791157731 cpu  12820527 512 3495999 59948152 9010 0 1199765 51069 0 0
1791157736 cpu  12820671 512 3496092 59955816 9010 0 1199780 51073 0 0
1791157741 cpu  12820806 512 3496181 59963495 9011 0 1199806 51077 0 0
1791157746 cpu  12820931 512 3496292 59971155 9011 0 1199831 51081 0 0
1791157751 cpu  12821066 512 3496377 59978841 9011 0 1199852 51084 0 0
1791157756 cpu  12821203 512 3496472 59986523 9011 0 1199869 51088 0 0
1791157761 cpu  12821339 512 3496564 59994168 9012 0 1199883 51092 0 0
1791157766 cpu  12821480 512 3496665 60001821 9012 0 1199906 51096 0 0
1791157771 cpu  12821591 512 3496762 60009517 9012 0 1199923 51099 0 0
1791157776 cpu  12821741 512 3496860 60017179 9012 0 1199945 51104 0 0
1791157781 cpu  12821882 512 3496947 60024860 9013 0 1199956 51108 0 0
1791157786 cpu  12822022 512 3497040 60032533 9013 0 1199980 51111 0 0
1791157791 cpu  12822145 512 3497128 60040193 9013 0 1200001 51115 0 0
1791157796 cpu  12822267 512 3497234 60047864 9014 0 1200024 51119 0 0
1791157801 cpu  12822405 512 3497342 60055540 9014 0 1200042 51123 0 0
1791157806 cpu  12822558 512 3497446 60063180 9014 0 1200062 51128 0 0
1791157811 cpu  12822683 512 3497529 60070868 9015 0 1200080 51132 0 0
1791157816 cpu  12822827 512 3497633 60078530 9015 0 1200100 51136 0 0
1791157821 cpu  12822966 512 3497749 60086180 9016 0 1200125 51140 0 0
1791157826 cpu  12823124 512 3497853 60093830 9016 0 1200144 51144 0 0
1791157831 cpu  12823252 512 3497942 60101512 9017 0 1200162 51148 0 0
1791157836 cpu  12823396 512 3498046 60109165 9017 0 1200186 51152 0 0
1791157841 cpu  12823538 512 3498135 60116839 9017 0 1200199 51156 0 0
1791157846 cpu  12823671 512 3498226 60124513 9018 0 1200216 51160 0 0
1791157851 cpu  12823810 512 3498317 60132176 9018 0 1200235 51164 0 0
1791157856 cpu  12823951 512 3498419 60139852 9018 0 1200252 51168 0 0
1791157861 cpu  12824095 512 3498514 60147479 9019 0 1200295 51173 0 0
1791157866 cpu  12824292 512 3498631 60155030 9019 0 1200351 51178 0 0
1791157871 cpu  12824462 512 3498739 60162624 9020 0 1200400 51183 0 0
1791157876 cpu  12824648 512 3498841 60170195 9020 0 1200439 51188 0 0
1791157881 cpu  12824839 512 3498950 60177750 9021 0 1200478 51193 0 0
1791157886 cpu  12825023 512 3499071 60185296 9021 0 1200527 51197 0 0
1791157891 cpu  12825196 512 3499168 60192890 9022 0 1200568 51201 0 0
1791157896 cpu  12825374 512 3499307 60200424 9022 0 1200616 51206 0 0
1791157901 cpu  12825537 512 3499419 60208013 9022 0 1200668 51211 0 0
1791157906 cpu  12825760 512 3499534 60215539 9023 0 1200714 51216 0 0
1791157911 cpu  12825958 512 3499653 60223096 9023 0 1200758 51221 0 0
1791157916 cpu  12826185 512 3499792 60230621 9023 0 1200817 51226 0 0
1791157921 cpu  12826360 512 3499892 60238203 9024 0 1200867 51230 0 0
1791157926 cpu  12826583 512 3500018 60245713 9024 0 1200907 51235 0 0
1791157931 cpu  12826759 512 3500115 60253310 9024 0 1200955 51239 0 0
1791157936 cpu  12826967 512 3500242 60260823 9024 0 1201005 51244 0 0
1791157941 cpu  12827251 512 3500377 60268235 9025 0 1201074 51250 0 0
1791157946 cpu  12828118 512 3500716 60274783 9025 0 1201229 51260 0 0
1791157951 cpu  12829521 512 3501163 60280537 9026 0 1201455 51271 0 0
1791157956 cpu  12831485 512 3501757 60285515 9026 0 1201723 51282 0 0
1791157961 cpu  12833925 512 3502394 60289834 9026 0 1202044 51291 0 0
1791157966 cpu  12836820 512 3503165 60293591 9027 0 1202365 51299 0 0
1791157971 cpu  12840037 512 3503989 60296896 9027 0 1202717 51307 0 0
1791157976 cpu  12843579 512 3504926 60299757 9027 0 1203089 51313 0 0
1791157981 cpu  12847432 512 3505840 60302325 9027 0 1203446 51318 0 0
1791157986 cpu  12851684 512 3506818 60304491 9027 0 1203823 51322 0 0
1791157991 cpu  12855900 512 3507741 60306701 9027 0 1204179 51326 0 0
1791157996 cpu  12860171 512 3508681 60308803 9029 0 1204531 51331 0 0
1791158001 cpu  12864400 512 3509630 60310928 9029 0 1204890 51336 0 0
1791158006 cpu  12868728 512 3510602 60312963 9029 0 1205263 51341 0 0
1791158011 cpu  12872987 512 3511572 60315056 9030 0 1205626 51345 0 0
1791158016 cpu  12877272 512 3512526 60317137 9030 0 1206001 51350 0 0
1791158021 cpu  12881477 512 3513484 60319305 9031 0 1206385 51354 0 0
1791158026 cpu  12885736 512 3514478 60321406 9031 0 1206731 51359 0 0
1791158031 cpu  12889982 512 3515440 60323548 9031 0 1207096 51364 0 0
1791158036 cpu  12894265 512 3516384 60325648 9031 0 1207458 51369 0 0
1791158041 cpu  12898540 512 3517326 60327736 9032 0 1207789 51374 0 0
1791158046 cpu  12902785 512 3518269 60329852 9032 0 1208148 51379 0 0
1791158051 cpu  12907020 512 3519238 60331977 9033 0 1208513 51384 0 0
1791158056 cpu  12911281 512 3520173 60334102 9033 0 1208859 51387 0 0
1791158061 cpu  12915587 512 3521102 60336163 9033 0 1209223 51393 0 0
1791158066 cpu  12919829 512 3522077 60338247 9034 0 1209599 51399 0 0
1791158071 cpu  12924070 512 3523041 60340316 9034 0 1209961 51403 0 0
1791158076 cpu  12928325 512 3524003 60342382 9034 0 1210330 51409 0 0
1791158081 cpu  12932577 512 3524950 60344502 9036 0 1210711 51413 0 0
1791158086 cpu  12936768 512 3525919 60346614 9036 0 1211088 51418 0 0
1791158091 cpu  12941058 512 3526906 60348684 9036 0 1211438 51424 0 0
1791158096 cpu  12945292 512 3527845 60350789 9037 0 1211814 51431 0 0
1791158101 cpu  12949596 512 3528800 60352824 9037 0 1212184 51443 0 0
1791158106 cpu  12953557 512 3529735 60355196 9038 0 1212561 51453 0 0
1791158111 cpu  12956289 512 3530545 60358859 9038 0 1212886 51466 0 0
1791158116 cpu  12959308 512 3531386 60362204 9038 0 1213211 51476 0 0
1791158121 cpu  12961751 512 3532116 60366257 9039 0 1213528 51487 0 0
1791158126 cpu  12964349 512 3532948 60370088 9039 0 1213845 51496 0 0
1791158131 cpu  12966726 512 3533656 60374189 9041 0 1214182 51506 0 0
1791158136 cpu  12969041 512 3534389 60378375 9042 0 1214474 51516 0 0
1791158141 cpu  12971342 512 3535124 60382539 9042 0 1214792 51525 0 0
1791158146 cpu  12973626 512 3535808 60386802 9042 0 1215102 51534 0 0
1791158151 cpu  12975880 512 3536506 60391085 9043 0 1215420 51544 0 0
1791158156 cpu  12978279 512 3537232 60395172 9043 0 1215737 51555 0 0
1791158161 cpu  12980592 512 3537952 60399381 9043 0 1216029 51565 0 0
1791158166 cpu  12982983 512 3538678 60403468 9044 0 1216346 51574 0 0
1791158171 cpu  12985285 512 3539401 60407702 9045 0 1216651 51584 0 0
1791158176 cpu  12987657 512 3540102 60411904 9045 0 1216955 51594 0 0
1791158181 cpu  12989841 512 3540832 60416209 9045 0 1217259 51604 0 0
1791158186 cpu  12992187 512 3541580 60420395 9046 0 1217552 51615 0 0
1791158191 cpu  12994339 512 3542274 60424757 9047 0 1217861 51628 0 0
1791158196 cpu  12996591 512 3542961 60429008 9047 0 1218165 51640 0 0
1791158201 cpu  12998882 512 3543691 60433257 9047 0 1218463 51652 0 0
1791158206 cpu  13001818 512 3544480 60436775 9048 0 1218802 51659 0 0
1791158211 cpu  13004211 512 3545209 60440914 9048 0 1219109 51667 0 0
1791158216 cpu  13006461 512 3545914 60445169 9049 0 1219401 51676 0 0
1791158221 cpu  13008756 512 3546629 60449397 9049 0 1219702 51686 0 0
1791158226 cpu  13011034 512 3547355 60453634 9049 0 1220025 51696 0 0
1791158231 cpu  13013280 512 3548051 60457902 9050 0 1220341 51706 0 0
1791158236 cpu  13015601 512 3548786 60462085 9050 0 1220648 51716 0 0
1791158241 cpu  13017883 512 3549500 60466343 9051 0 1220954 51726 0 0
1791158246 cpu  13020205 512 3550228 60470556 9051 0 1221257 51736 0 0
1791158251 cpu  13022549 512 3550939 60474769 9051 0 1221575 51745 0 0
1791158256 cpu  13024828 512 3551617 60479025 9052 0 1221884 51754 0 0
1791158261 cpu  13027148 512 3552332 60483268 9052 0 1222192 51763 0 0
1791158266 cpu  13029414 512 3553074 60487489 9053 0 1222506 51773 0 0
1791158271 cpu  13031828 512 3553807 60491583 9053 0 1222818 51782 0 0
1791158276 cpu  13034695 512 3554659 60495160 9053 0 1223128 51790 0 0
1791158281 cpu  13037948 512 3555540 60498272 9053 0 1223504 51797 0 0
1791158286 cpu  13041208 512 3556441 60501374 9053 0 1223850 51805 0 0
1791158291 cpu  13044366 512 3557333 60504554 9054 0 1224204 51815 0 0
1791158296 cpu  13047666 512 3558232 60507623 9054 0 1224527 51822 0 0
1791158301 cpu  13051003 512 3559116 60510672 9055 0 1224885 51827 0 0
1791158306 cpu  13054161 512 3559958 60513890 9055 0 1225238 51834 0 0
1791158311 cpu  13057471 512 3560832 60517008 9055 0 1225598 51840 0 0
1791158316 cpu  13060595 512 3561697 60520262 9056 0 1225962 51847 0 0
1791158322 cpu  13063689 512 3562528 60523614 9057 0 1226309 51854 0 0
1791158327 cpu  13066492 512 3563354 60527235 9057 0 1226626 51861 0 0
1791158332 cpu  13069513 512 3564272 60530555 9057 0 1226971 51868 0 0
1791158337 cpu  13072763 512 3565197 60533603 9057 0 1227326 51874 0 0
1791158342 cpu  13075824 512 3566057 60536937 9057 0 1227659 51881 0 0
1791158347 cpu  13079082 512 3566966 60540050 9058 0 1228024 51888 0 0
1791158352 cpu  13082205 512 3567818 60543340 9058 0 1228375 51895 0 0
1791158357 cpu  13085222 512 3568637 60546764 9058 0 1228727 51902 0 0
1791158362 cpu  13088441 512 3569533 60549945 9059 0 1229082 51907 0 0
1791158367 cpu  13091698 512 3570454 60553001 9059 0 1229438 51914 0 0
1791158372 cpu  13094835 512 3571310 60556227 9059 0 1229800 51921 0 0
1791158377 cpu  13098221 512 3572217 60559217 9059 0 1230118 51927 0 0
1791158382 cpu  13101441 512 3573106 60562364 9059 0 1230452 51937 0 0
1791158387 cpu  13104329 512 3573951 60565866 9059 0 1230801 51945 0 0
1791158392 cpu  13107131 512 3574770 60569537 9060 0 1231123 51956 0 0
1791158397 cpu  13109629 512 3575526 60573484 9060 0 1231435 51966 0 0
1791158402 cpu  13112079 512 3576253 60577463 9060 0 1231746 51983 0 0
1791158407 cpu  13114419 512 3577004 60581549 9061 0 1232063 51998 0 0
1791158412 cpu  13116856 587 3577794 60585219 9227 0 1232392 52011 0 0
1791158417 cpu  13119424 587 3578557 60589039 9227 0 1232719 52024 0 0
1791158422 cpu  13122437 587 3579433 60592414 9228 0 1233071 52033 0 0
1791158427 cpu  13125743 587 3580332 60595486 9228 0 1233416 52043 0 0
1791158432 cpu  13128411 587 3581098 60599319 9229 0 1233723 52055 0 0
1791158437 cpu  13130977 587 3581890 60603160 9229 0 1234028 52066 0 0
1791158442 cpu  13133592 587 3582696 60606996 9229 0 1234333 52076 0 0
1791158447 cpu  13136863 587 3583612 60610118 9229 0 1234655 52082 0 0
1791158452 cpu  13139841 587 3584428 60613587 9230 0 1234970 52090 0 0
1791158457 cpu  13142720 587 3585285 60617120 9230 0 1235293 52100 0 0
1791158462 cpu  13145578 587 3586110 60620703 9230 0 1235618 52110 0 0
1791158467 cpu  13148807 587 3587006 60623853 9231 0 1235961 52119 0 0
1791158472 cpu  13151894 587 3587863 60627173 9231 0 1236288 52127 0 0
1791158477 cpu  13155018 587 3588757 60630422 9231 0 1236596 52137 0 0
1791158482 cpu  13158024 587 3589629 60633825 9231 0 1236915 52147 0 0
1791158487 cpu  13161000 587 3590480 60637317 9232 0 1237221 52157 0 0
1791158492 cpu  13164057 587 3591332 60640679 9232 0 1237551 52166 0 0
1791158497 cpu  13167084 587 3592216 60643965 9232 0 1237871 52178 0 0
1791158502 cpu  13169551 587 3592953 60647935 9233 0 1238195 52193 0 0
1791158507 cpu  13171998 587 3593699 60651943 9233 0 1238509 52206 0 0
1791158512 cpu  13174346 587 3594437 60656138 9233 0 1238817 52218 0 0
1791158517 cpu  13176658 587 3595145 60660316 9233 0 1239124 52228 0 0
1791158522 cpu  13178974 587 3595869 60664545 9233 0 1239413 52240 0 0
1791158527 cpu  13181275 587 3596607 60668734 9234 0 1239707 52252 0 0
1791158532 cpu  13183610 587 3597323 60672962 9234 0 1240024 52263 0 0
1791158537 cpu  13186057 587 3598088 60677007 9235 0 1240320 52272 0 0
1791158542 cpu  13188945 587 3598919 60680532 9235 0 1240646 52282 0 0
1791158547 cpu  13192140 587 3599805 60683709 9236 0 1240980 52291 0 0
1791158552 cpu  13194540 587 3600531 60687967 9236 0 1241266 52299 0 0
1791158557 cpu  13194713 587 3600655 60695579 9237 0 1241304 52305 0 0
1791158562 cpu  13194836 587 3600743 60703261 9238 0 1241317 52310 0 0
1791158567 cpu  13194984 587 3600851 60710904 9238 0 1241337 52315 0 0
1791158572 cpu  13195119 587 3600936 60718570 9239 0 1241351 52320 0 0
1791158577 cpu  13195275 587 3601055 60726180 9239 0 1241376 52324 0 0
