1791147102 cpu  9768768 512 2682733 47470108 7980 0 912343 38472 0 0
1791147107 cpu  9768902 512 2682840 47477755 7980 0 912366 38476 0 0
1791147112 cpu  9769029 512 2682927 47485456 7980 0 912385 38479 0 0
1791147117 cpu  9769179 512 2683028 47493102 7980 0 912405 38482 0 0
1791147122 cpu  9769295 512 2683103 47500832 7980 0 912424 38485 0 0
1791147127 cpu  9769466 512 2683210 47508464 7980 0 912442 38489 0 0
1791147132 cpu  9769585 512 2683296 47516183 7980 0 912462 38491 0 0
1791147137 cpu  9769737 512 2683391 47523826 7981 0 912480 38495 0 0
1791147142 cpu  9769843 512 2683476 47531538 7981 0 912495 38498 0 0
1791147147 cpu  9770011 512 2683597 47539158 7981 0 912515 38501 0 0
1791147152 cpu  9770117 512 2683681 47546886 7981 0 912532 38505 0 0
1791147157 cpu  9770262 512 2683785 47554527 7981 0 912555 38510 0 0
1791147162 cpu  9770375 512 2683877 47562242 7981 0 912572 38513 0 0
1791147167 cpu  9770525 512 2683963 47569906 7981 0 912589 38517 0 0
1791147172 cpu  9770677 512 2684061 47577575 7981 0 912606 38520 0 0
1791147177 cpu  9770809 512 2684166 47585249 7981 0 912627 38524 0 0
1791147182 cpu  9770933 512 2684250 47592928 7982 0 912643 38527 0 0
1791147187 cpu  9771070 512 2684346 47600603 7982 0 912665 38531 0 0
1791147192 cpu  9771213 512 2684436 47608272 7982 0 912685 38535 0 0
1791147197 cpu  9771334 512 2684523 47615968 7982 0 912699 38538 0 0
1791147202 cpu  9771492 512 2684610 47623629 7982 0 912716 38542 0 0
1791147207 cpu  9771635 512 2684702 47631289 7982 0 912740 38545 0 0
1791147212 cpu  9771750 512 2684779 47638983 7982 0 912757 38549 0 0
1791147217 cpu  9771895 512 2684874 47646659 7982 0 912772 38552 0 0
1791147222 cpu  9772022 512 2684966 47654344 7984 0 912790 38555 0 0
1791147227 cpu  9772142 512 2685053 47662030 7984 0 912813 38559 0 0
1791147232 cpu  9772292 512 2685146 47669677 7985 0 912832 38563 0 0
1791147237 cpu  9772419 512 2685226 47677356 7985 0 912852 38566 0 0
1791147242 cpu  9772562 512 2685320 47685029 7985 0 912865 38570 0 0
1791147247 cpu  9772690 512 2685413 47692696 7985 0 912880 38575 0 0
1791147252 cpu  9772839 512 2685507 47700369 7985 0 912897 38578 0 0
1791147257 cpu  9772964 512 2685601 47708059 7985 0 912913 38582 0 0
1791147262 cpu  9773114 512 2685688 47715714 7985 0 912931 38585 0 0
1791147267 cpu  9773263 512 2685788 47723380 7985 0 912951 38589 0 0
1791147272 cpu  9773406 512 2685876 47731050 7985 0 912971 38592 0 0
1791147277 cpu  9773523 512 2685971 47738724 7986 0 912989 38596 0 0
1791147282 cpu  9773680 512 2686055 47746388 7986 0 913002 38600 0 0
1791147287 cpu  9773795 512 2686136 47754089 7986 0 913019 38604 0 0
1791147292 cpu  9773940 512 2686238 47761734 7986 0 913032 38608 0 0
1791147297 cpu  9774062 512 2686331 47769434 7986 0 913048 38611 0 0
1791147302 cpu  9774210 512 2686433 47777092 7987 0 913075 38615 0 0
1791147307 cpu  9774322 512 2686529 47784785 7987 0 913094 38619 0 0
1791147312 cpu  9774462 512 2686633 47792450 7987 0 913114 38623 0 0
1791147317 cpu  9774582 512 2686717 47800146 7988 0 913128 38627 0 0
1791147322 cpu  9774743 512 2686826 47807782 7988 0 913156 38631 0 0
1791147327 cpu  9774908 512 2686923 47815392 7989 0 913186 38635 0 0
1791147332 cpu  9775068 512 2687033 47822979 7989 0 913234 38639 0 0
1791147337 cpu  9775219 512 2687132 47830574 7989 0 913278 38644 0 0
1791147342 cpu  9775400 512 2687241 47838151 7989 0 913315 38649 0 0
1791147347 cpu  9775574 512 2687340 47845745 7989 0 913359 38653 0 0
1791147352 cpu  9775789 512 2687453 47853297 7989 0 913409 38658 0 0
1791147357 cpu  9775957 512 2687563 47860926 7989 0 913445 38663 0 0
1791147362 cpu  9776138 512 2687674 47868494 7989 0 913485 38667 0 0
1791147367 cpu  9776326 512 2687793 47876067 7990 0 913530 38673 0 0
1791147372 cpu  9776533 512 2687898 47883624 7990 0 913575 38677 0 0
1791147377 cpu  9776710 512 2688001 47891204 7990 0 913620 38681 0 0
1791147382 cpu  9776922 512 2688116 47898740 7990 0 913668 38686 0 0
1791147387 cpu  9777090 512 2688235 47906301 7991 0 913714 38690 0 0
1791147392 cpu  9777293 512 2688353 47913855 7991 0 913767 38694 0 0
1791147397 cpu  9777474 512 2688462 47921427 7991 0 913812 38699 0 0
1791147402 cpu  9777682 512 2688562 47928983 7991 0 913860 38702 0 0
1791147407 cpu  9777975 512 2688686 47936398 7991 0 913927 38707 0 0
1791147412 cpu  9778808 512 2688972 47942944 7992 0 914101 38716 0 0
1791147417 cpu  9780198 512 2689445 47948721 7992 0 914354 38724 0 0
1791147422 cpu  9782126 512 2690053 47953708 7992 0 914640 38733 0 0
1791147427 cpu  9784578 512 2690758 47958008 7992 0 914943 38740 0 0
1791147432 cpu  9787506 512 2691573 47961618 7993 0 915268 38746 0 0
1791147437 cpu  9790782 512 2692481 47964818 7993 0 915605 38752 0 0
1791147442 cpu  9794465 512 2693406 47967557 7994 0 915959 38757 0 0
1791147447 cpu  9798479 512 2694370 47969930 7994 0 916320 38761 0 0
1791147452 cpu  9802733 512 2695313 47972082 7995 0 916693 38764 0 0
1791147457 cpu  9807153 512 2696299 47974022 7995 0 917070 38768 0 0
1791147462 cpu  9811457 512 2697289 47976006 7995 0 917442 38771 0 0
1791147467 cpu  9815763 512 2698250 47978046 7996 0 917835 38774 0 0
1791147472 cpu  9820111 512 2699189 47980044 7996 0 918191 38779 0 0
1791147477 cpu  9824441 512 2700209 47982069 7997 0 918545 38785 0 0
1791147482 cpu  9828849 512 2701181 47984054 7997 0 918906 38790 0 0
1791147487 cpu  9833215 512 2702177 47986010 7997 0 919272 38795 0 0
1791147492 cpu  9837554 512 2703166 47987966 7997 0 919647 38798 0 0
1791147497 cpu  9841865 512 2704156 47989971 7997 0 920043 38803 0 0
1791147502 cpu  9846146 512 2705116 47992013 7998 0 920421 38806 0 0
1791147507 cpu  9850447 512 2706140 47994035 7999 0 920787 38811 0 0
1791147512 cpu  9854759 512 2707120 47996087 7999 0 921137 38814 0 0
1791147517 cpu  9859021 512 2708135 47998104 7999 0 921511 38817 0 0
1791147522 cpu  9863309 512 2709131 48000155 7999 0 921889 38820 0 0
1791147527 cpu  9867610 512 2710121 48002195 7999 0 922263 38823 0 0
1791147532 cpu  9871991 512 2711116 48004148 8000 0 922619 38826 0 0
1791147537 cpu  9876293 512 2712103 48006163 8000 0 922999 38832 0 0
1791147542 cpu  9880590 512 2713108 48008192 8000 0 923359 38835 0 0
1791147547 cpu  9884904 512 2714058 48010208 8001 0 923742 38839 0 0
1791147552 cpu  9889224 512 2715066 48012198 8001 0 924116 38842 0 0
1791147557 cpu  9893505 512 2716046 48014226 8001 0 924509 38846 0 0
1791147562 cpu  9897783 512 2717071 48016217 8001 0 924869 38849 0 0
1791147567 cpu  9902099 512 2718072 48018172 8002 0 925240 38853 0 0
1791147572 cpu  9906437 512 2719080 48020162 8003 0 925590 38856 0 0
1791147577 cpu  9910793 512 2720069 48022125 8003 0 925969 38861 0 0
1791147582 cpu  9915049 512 2721032 48024168 8003 0 926342 38864 0 0
1791147587 cpu  9919322 512 2722041 48026211 8003 0 926706 38867 0 0
1791147592 cpu  9923615 512 2723033 48028191 8004 0 927077 38870 0 0
1791147597 cpu  9927906 512 2724068 48030169 8004 0 927424 38875 0 0
1791147602 cpu  9932258 512 2725043 48032160 8005 0 927800 38879 0 0
1791147607 cpu  9936577 512 2726036 48034130 8005 0 928166 38883 0 0
1791147612 cpu  9940962 512 2727035 48036099 8006 0 928540 38886 0 0
1791147617 cpu  9945237 512 2728032 48038131 8006 0 928886 38889 0 0
1791147622 cpu  9949537 512 2729024 48040112 8006 0 929270 38892 0 0
1791147627 cpu  9953834 512 2730043 48042107 8006 0 929616 38896 0 0
1791147632 cpu  9958116 512 2731052 48044127 8006 0 929983 38900 0 0
1791147637 cpu  9962364 512 2732080 48046164 8006 0 930342 38903 0 0
1791147642 cpu  9966724 512 2733080 48048151 8006 0 930723 38906 0 0
1791147647 cpu  9971062 512 2734056 48050130 8007 0 931077 38910 0 0
1791147652 cpu  9975428 512 2735076 48052092 8008 0 931449 38914 0 0
1791147657 cpu  9979682 512 2736084 48054130 8008 0 931816 38918 0 0
1791147662 cpu  9983975 512 2737105 48056114 8008 0 932204 38922 0 0
1791147667 cpu  9988297 512 2738105 48058108 8008 0 932575 38926 0 0
1791147672 cpu  9992642 512 2739089 48060123 8009 0 932940 38929 0 0
1791147677 cpu  9996958 512 2740097 48062157 8009 0 933326 38933 0 0
1791147682 cpu  10001272 512 2741132 48064148 8009 0 933683 38936 0 0
1791147687 cpu  10005577 512 2742115 48066151 8009 0 934068 38939 0 0
1791147692 cpu  10009911 512 2743113 48068178 8011 0 934444 38943 0 0
1791147697 cpu  10014248 512 2744125 48070198 8011 0 934811 38946 0 0
1791147702 cpu  10018554 512 2745089 48072263 8011 0 935188 38949 0 0
1791147707 cpu  10022824 512 2746091 48074304 8011 0 935534 38952 0 0
1791147712 cpu  10027142 512 2747077 48076310 8011 0 935906 38955 0 0
1791147717 cpu  10031421 512 2748109 48078317 8012 0 936286 38960 0 0
1791147722 cpu  10035684 512 2749095 48080382 8012 0 936653 38963 0 0
1791147727 cpu  10040050 512 2750108 48082352 8012 0 937026 38967 0 0
1791147732 cpu  10044317 512 2751061 48084397 8016 0 937393 38970 0 0
1791147737 cpu  10048652 512 2752059 48086345 8016 0 937768 38973 0 0
1791147742 cpu  10052963 512 2753033 48088369 8016 0 938129 38976 0 0
1791147747 cpu  10057325 512 2754035 48090339 8016 0 938498 38980 0 0
1791147752 cpu  10061677 512 2755010 48092326 8016 0 938867 38983 0 0
1791147757 cpu  10066097 512 2756019 48094227 8016 0 939246 38988 0 0
1791147762 cpu  10070463 512 2757049 48096186 8016 0 939612 38991 0 0
1791147767 cpu  10074873 512 2758032 48098148 8016 0 939991 38995 0 0
1791147772 cpu  10079222 512 2759055 48100114 8017 0 940347 38998 0 0
1791147777 cpu  10083548 512 2760049 48102113 8018 0 940727 39003 0 0
1791147782 cpu  10087955 512 2761046 48104077 8018 0 941092 39006 0 0
1791147787 cpu  10092332 512 2762050 48106024 8018 0 941470 39010 0 0
1791147792 cpu  10096733 512 2763037 48107963 8018 0 941839 39015 0 0
1791147797 cpu  10101098 512 2764069 48109903 8019 0 942231 39020 0 0
1791147802 cpu  10105409 512 2765080 48111906 8020 0 942606 39025 0 0
1791147807 cpu  10109771 512 2766103 48113829 8020 0 942978 39033 0 0
1791147812 cpu  10114082 512 2767084 48115839 8020 0 943345 39037 0 0
1791147817 cpu  10118416 512 2768057 48117826 8021 0 943721 39042 0 0
1791147822 cpu  10122772 512 2769026 48119834 8021 0 944091 39046 0 0
1791147827 cpu  10127092 512 2769995 48121824 8022 0 944456 39049 0 0
1791147832 cpu  10131467 512 2770963 48123811 8022 0 944832 39053 0 0
1791147837 cpu  10135801 512 2771940 48125766 8023 0 945225 39058 0 0
1791147842 cpu  10140092 512 2772930 48127798 8023 0 945597 39060 0 0
1791147847 cpu  10144418 512 2773953 48129751 8023 0 945956 39064 0 0
1791147852 cpu  10148744 512 2774929 48131754 8023 0 946343 39069 0 0
1791147857 cpu  10153113 512 2775941 48133715 8024 0 946710 39073 0 0
1791147862 cpu  10157413 512 2776954 48135710 8024 0 947098 39076 0 0
1791147867 cpu  10161772 512 2777971 48137609 8024 0 947480 39081 0 0
1791147872 cpu  10166126 512 2778977 48139596 8025 0 947852 39084 0 0
1791147877 cpu  10170540 512 2779972 48141524 8026 0 948227 39088 0 0
1791147882 cpu  10174833 512 2780975 48143514 8026 0 948592 39092 0 0
1791147887 cpu  10179168 512 2782003 48145456 8026 0 948974 39097 0 0
1791147892 cpu  10183463 512 2782980 48147493 8027 0 949362 39101 0 0
1791147897 cpu  10187776 512 2783947 48149526 8027 0 949742 39105 0 0
1791147902 cpu  10192031 512 2784905 48151580 8027 0 950121 39109 0 0
1791147907 cpu  10196441 512 2785947 48153499 8028 0 950489 39113 0 0
1791147912 cpu  10200817 512 2786952 48155440 8029 0 950882 39117 0 0
1791147917 cpu  10205217 512 2787982 48157370 8029 0 951250 39122 0 0
1791147922 cpu  10209504 512 2788971 48159359 8029 0 951636 39125 0 0
1791147927 cpu  10213833 512 2790008 48161325 8029 0 952014 39130 0 0
1791147932 cpu  10218154 512 2791000 48163365 8030 0 952365 39133 0 0
1791147937 cpu  10222467 512 2791987 48165386 8030 0 952732 39136 0 0
1791147942 cpu  10226781 512 2792942 48167439 8030 0 953106 39140 0 0
1791147947 cpu  10231183 512 2793910 48169381 8030 0 953467 39145 0 0
1791147952 cpu  10235423 512 2794941 48171439 8031 0 953853 39148 0 0
1791147957 cpu  10239741 512 2795961 48173429 8031 0 954230 39152 0 0
1791147962 cpu  10244038 512 2796932 48175451 8031 0 954591 39156 0 0
1791147967 cpu  10248410 512 2797934 48177413 8031 0 954965 39159 0 0
1791147972 cpu  10252713 512 2798899 48179461 8033 0 955347 39162 0 0
1791147977 cpu  10257078 512 2799888 48181437 8033 0 955710 39165 0 0
1791147982 cpu  10261402 512 2800870 48183411 8033 0 956087 39169 0 0
1791147987 cpu  10265778 512 2801889 48185350 8033 0 956455 39174 0 0
1791147992 cpu  10270057 512 2802898 48187348 8034 0 956842 39177 0 0
1791147997 cpu  10274370 512 2803911 48189353 8034 0 957217 39180 0 0
1791148002 cpu  10278670 512 2804878 48191388 8034 0 957588 39183 0 0
1791148007 cpu  10283051 512 2805898 48193340 8034 0 957959 39186 0 0
1791148012 cpu  10287320 512 2806861 48195400 8034 0 958334 39190 0 0
1791148017 cpu  10290642 512 2807656 48198707 8035 0 958628 39196 0 0
1791148022 cpu  10290771 512 2807739 48206395 8036 0 958654 39200 0 0
1791148027 cpu  10290953 512 2807860 48214004 8036 0 958672 39204 0 0
1791148032 cpu  10291068 512 2807939 48221719 8037 0 958687 39209 0 0
1791148037 cpu  10291226 512 2808058 48229337 8037 0 958705 39213 0 0
1791148042 cpu  10291328 512 2808136 48237044 8037 0 958719 39217 0 0
