1791147104 cpu  1610107 704 87419 29156359 1347 0 144739 64479 0 0
1791147109 cpu  1610110 704 87424 29160350 1348 0 144740 64479 0 0
1791147114 cpu  1610114 704 87425 29164343 1348 0 144740 64479 0 0
1791147119 cpu  1610153 704 87442 29168279 1348 0 144746 64479 0 0
1791147124 cpu  1610157 704 87448 29172269 1348 0 144747 64479 0 0
1791147129 cpu  1610160 704 87450 29176263 1348 0 144748 64479 0 0
1791147134 cpu  1610164 704 87451 29180258 1348 0 144748 64479 0 0
1791147139 cpu  1610168 704 87452 29184252 1348 0 144748 64479 0 0
1791147144 cpu  1610171 704 87452 29188247 1348 0 144748 64479 0 0
1791147149 cpu  1610180 704 87457 29192230 1348 0 144748 64479 0 0
1791147154 cpu  1610185 704 87458 29196221 1348 0 144748 64479 0 0
1791147159 cpu  1610187 704 87458 29200215 1348 0 144748 64479 0 0
1791147164 cpu  1610191 704 87461 29204207 1348 0 144749 64479 0 0
1791147169 cpu  1610194 704 87464 29208201 1348 0 144749 64479 0 0
1791147174 cpu  1610197 704 87465 29212195 1348 0 144749 64479 0 0
1791147179 cpu  1610201 704 87466 29216189 1348 0 144749 64480 0 0
1791147184 cpu  1610206 704 87468 29220181 1348 0 144749 64480 0 0
1791147189 cpu  1610208 704 87469 29224175 1348 0 144749 64480 0 0
1791147194 cpu  1610212 704 87472 29228169 1348 0 144749 64480 0 0
1791147199 cpu  1610215 704 87473 29232163 1348 0 144749 64480 0 0
1791147204 cpu  1610219 704 87474 29236157 1348 0 144749 64480 0 0
1791147209 cpu  1610230 704 87478 29240139 1348 0 144749 64480 0 0
1791147214 cpu  1610236 704 87480 29244128 1348 0 144750 64480 0 0
1791147219 cpu  1610242 704 87482 29248121 1348 0 144750 64480 0 0
1791147224 cpu  1610246 704 87483 29252113 1348 0 144750 64480 0 0
1791147229 cpu  1610249 704 87484 29256107 1348 0 144750 64480 0 0
1791147234 cpu  1610252 704 87485 29260100 1348 0 144750 64480 0 0
1791147239 cpu  1610256 704 87485 29264093 1348 0 144750 64480 0 0
1791147244 cpu  1610262 704 87486 29268084 1348 0 144751 64480 0 0
1791147249 cpu  1610269 704 87492 29272067 1348 0 144753 64480 0 0
1791147254 cpu  1610273 704 87497 29276058 1348 0 144753 64480 0 0
1791147259 cpu  1610276 704 87498 29280051 1348 0 144753 64480 0 0
1791147264 cpu  1610280 704 87500 29284044 1348 0 144753 64480 0 0
1791147269 cpu  1610288 704 87505 29288028 1348 0 144753 64481 0 0
1791147274 cpu  1610294 704 87508 29292017 1348 0 144754 64481 0 0
1791147279 cpu  1610296 704 87510 29296010 1348 0 144754 64481 0 0
1791147284 cpu  1610301 704 87511 29300000 1348 0 144754 64481 0 0
1791147289 cpu  1610304 704 87512 29303995 1348 0 144754 64481 0 0
1791147294 cpu  1610308 704 87514 29307988 1348 0 144754 64481 0 0
1791147299 cpu  1610311 704 87515 29311981 1348 0 144754 64481 0 0
1791147304 cpu  1610317 704 87518 29315970 1349 0 144754 64481 0 0
1791147309 cpu  1610319 704 87519 29319964 1349 0 144754 64481 0 0
1791147314 cpu  1610323 704 87520 29323958 1349 0 144754 64481 0 0
1791147319 cpu  1610329 704 87521 29327949 1349 0 144755 64481 0 0
1791147324 cpu  1610332 704 87522 29331942 1349 0 144756 64481 0 0
1791147329 cpu  1610342 704 87527 29335925 1349 0 144757 64481 0 0
1791147334 cpu  1610348 704 87528 29339913 1349 0 144757 64481 0 0
1791147339 cpu  1610351 704 87528 29343907 1349 0 144757 64481 0 0
1791147344 cpu  1610355 704 87529 29347899 1349 0 144757 64481 0 0
1791147349 cpu  1610359 704 87529 29351893 1349 0 144757 64481 0 0
1791147354 cpu  1610361 704 87531 29355886 1349 0 144757 64481 0 0
1791147359 cpu  1610364 704 87533 29359879 1349 0 144757 64482 0 0
1791147364 cpu  1610367 704 87534 29363870 1349 0 144757 64482 0 0
1791147369 cpu  1610370 704 87536 29367864 1349 0 144757 64482 0 0
1791147374 cpu  1610374 704 87536 29371857 1349 0 144757 64482 0 0
1791147379 cpu  1610377 704 87538 29375851 1349 0 144757 64482 0 0
1791147384 cpu  1610380 704 87540 29379842 1349 0 144758 64482 0 0
1791147389 cpu  1610471 704 87580 29383698 1350 0 144790 64482 0 0
1791147394 cpu  1610552 704 87615 29387571 1350 0 144807 64482 0 0
1791147399 cpu  1610600 704 87633 29391497 1350 0 144813 64483 0 0
1791147404 cpu  1611552 704 87765 29394404 1350 0 144828 64483 0 0
1791147409 cpu  1611958 704 87784 29397973 1350 0 144839 64484 0 0
1791147414 cpu  1612531 704 87836 29401342 1350 0 144885 64484 0 0
1791147419 cpu  1613058 704 87860 29404765 1351 0 144905 64485 0 0
1791147424 cpu  1613691 704 87884 29408086 1351 0 144935 64487 0 0
1791147429 cpu  1614336 704 87906 29411392 1351 0 144961 64488 0 0
1791147434 cpu  1615059 704 87927 29414601 1351 0 145004 64488 0 0
1791147439 cpu  1615836 704 87953 29417772 1351 0 145048 64489 0 0
1791147444 cpu  1616694 704 87981 29420840 1351 0 145100 64489 0 0
1791147449 cpu  1617569 704 88023 29423874 1351 0 145167 64491 0 0
1791147454 cpu  1618559 704 88053 29426820 1351 0 145227 64492 0 0
1791147459 cpu  1619076 704 88069 29430252 1351 0 145269 64492 0 0
1791147464 cpu  1619573 704 88082 29433689 1351 0 145309 64493 0 0
1791147469 cpu  1620078 704 88095 29437126 1352 0 145350 64494 0 0
1791147474 cpu  1620561 704 88115 29440583 1352 0 145396 64495 0 0
1791147479 cpu  1621058 704 88131 29444018 1352 0 145447 64496 0 0
1791147484 cpu  1621572 704 88148 29447443 1352 0 145498 64497 0 0
1791147489 cpu  1622076 704 88163 29450879 1352 0 145539 64498 0 0
1791147494 cpu  1622587 704 88181 29454315 1352 0 145575 64499 0 0
1791147499 cpu  1623068 704 88197 29457765 1352 0 145623 64500 0 0
1791147504 cpu  1623546 704 88210 29461223 1352 0 145667 64501 0 0
1791147509 cpu  1624047 704 88233 29464660 1352 0 145711 64502 0 0
1791147514 cpu  1624541 704 88253 29468106 1353 0 145754 64503 0 0
1791147519 cpu  1625016 704 88269 29471555 1353 0 145787 64503 0 0
1791147524 cpu  1625483 704 88287 29475010 1353 0 145829 64504 0 0
1791147529 cpu  1625968 704 88299 29478465 1353 0 145865 64505 0 0
1791147534 cpu  1626460 704 88314 29481912 1353 0 145913 64506 0 0
1791147539 cpu  1626939 704 88330 29485370 1354 0 145945 64506 0 0
1791147544 cpu  1627417 704 88350 29488817 1354 0 145991 64508 0 0
1791147549 cpu  1627924 704 88368 29492261 1354 0 146032 64508 0 0
1791147554 cpu  1628418 704 88385 29495710 1354 0 146074 64509 0 0
1791147559 cpu  1628915 704 88403 29499159 1354 0 146115 64510 0 0
1791147564 cpu  1629397 704 88416 29502612 1354 0 146153 64511 0 0
1791147569 cpu  1629910 704 88441 29506020 1354 0 146185 64512 0 0
1791147574 cpu  1630422 704 88452 29509454 1354 0 146235 64513 0 0
1791147579 cpu  1630926 704 88467 29512891 1354 0 146280 64514 0 0
1791147584 cpu  1631434 704 88484 29516331 1354 0 146328 64514 0 0
1791147589 cpu  1631910 704 88500 29519788 1354 0 146381 64515 0 0
1791147594 cpu  1632393 704 88517 29523236 1354 0 146425 64516 0 0
1791147599 cpu  1632872 704 88531 29526702 1355 0 146454 64516 0 0
1791147604 cpu  1633357 704 88549 29530149 1355 0 146492 64517 0 0
1791147609 cpu  1633846 704 88561 29533598 1355 0 146534 64518 0 0
1791147614 cpu  1634339 704 88576 29537051 1355 0 146567 64519 0 0
1791147619 cpu  1634835 704 88590 29540516 1355 0 146610 64520 0 0
1791147624 cpu  1635328 704 88601 29543972 1355 0 146648 64520 0 0
1791147629 cpu  1635848 704 88617 29547408 1355 0 146687 64521 0 0
1791147634 cpu  1636325 704 88637 29550866 1355 0 146733 64522 0 0
1791147639 cpu  1636789 704 88653 29554329 1356 0 146769 64522 0 0
1791147644 cpu  1637268 704 88669 29557789 1356 0 146812 64523 0 0
1791147649 cpu  1637748 704 88687 29561250 1356 0 146852 64524 0 0
1791147654 cpu  1638239 704 88700 29564712 1356 0 146889 64524 0 0
1791147660 cpu  1638737 704 88718 29568161 1357 0 146930 64525 0 0
1791147665 cpu  1639232 704 88731 29571602 1357 0 146966 64526 0 0
1791147670 cpu  1639714 704 88749 29575056 1357 0 147009 64527 0 0
1791147675 cpu  1640204 704 88764 29578507 1357 0 147046 64528 0 0
1791147680 cpu  1640690 704 88780 29581966 1357 0 147098 64528 0 0
1791147685 cpu  1641173 704 88795 29585420 1357 0 147143 64529 0 0
1791147690 cpu  1641656 704 88817 29588848 1357 0 147177 64530 0 0
1791147695 cpu  1642159 704 88832 29592289 1357 0 147220 64531 0 0
1791147700 cpu  1642662 704 88842 29595733 1357 0 147268 64532 0 0
1791147705 cpu  1643136 704 88856 29599203 1357 0 147316 64533 0 0
1791147710 cpu  1643623 704 88873 29602665 1357 0 147356 64533 0 0
1791147715 cpu  1644106 704 88889 29606121 1357 0 147389 64534 0 0
1791147720 cpu  1644579 704 88903 29609578 1358 0 147423 64535 0 0
1791147725 cpu  1645064 704 88916 29613028 1358 0 147463 64536 0 0
1791147730 cpu  1645553 704 88936 29616473 1358 0 147496 64537 0 0
1791147735 cpu  1646040 704 88954 29619923 1358 0 147536 64538 0 0
1791147740 cpu  1646528 704 88968 29623385 1358 0 147580 64539 0 0
1791147745 cpu  1647026 704 88982 29626841 1359 0 147632 64540 0 0
1791147750 cpu  1647548 704 89002 29630252 1359 0 147687 64541 0 0
1791147755 cpu  1648049 704 89019 29633688 1359 0 147733 64542 0 0
1791147760 cpu  1648560 704 89035 29637123 1359 0 147781 64543 0 0
1791147765 cpu  1649061 704 89051 29640561 1359 0 147833 64544 0 0
1791147770 cpu  1649555 704 89067 29643991 1359 0 147878 64546 0 0
1791147775 cpu  1650066 704 89083 29647430 1359 0 147925 64547 0 0
1791147780 cpu  1650580 704 89099 29650858 1359 0 147973 64548 0 0
1791147785 cpu  1651085 704 89116 29654278 1359 0 148021 64549 0 0
1791147790 cpu  1651590 704 89132 29657715 1359 0 148063 64551 0 0
1791147795 cpu  1652098 704 89148 29661146 1359 0 148111 64552 0 0
1791147800 cpu  1652606 704 89165 29664583 1359 0 148148 64554 0 0
1791147805 cpu  1653119 704 89186 29668017 1361 0 148195 64555 0 0
1791147810 cpu  1653646 704 89207 29671424 1361 0 148252 64556 0 0
1791147815 cpu  1654159 704 89223 29674851 1361 0 148299 64558 0 0
1791147820 cpu  1654680 704 89238 29678272 1361 0 148347 64559 0 0
1791147825 cpu  1655196 704 89252 29681704 1361 0 148400 64560 0 0
1791147830 cpu  1655697 704 89269 29685151 1361 0 148440 64561 0 0
1791147835 cpu  1656211 704 89284 29688576 1361 0 148492 64562 0 0
1791147840 cpu  1656732 704 89299 29692002 1361 0 148543 64564 0 0
1791147845 cpu  1657237 704 89311 29695428 1361 0 148590 64565 0 0
1791147850 cpu  1657727 704 89328 29698872 1361 0 148628 64566 0 0
1791147855 cpu  1658227 704 89344 29702320 1361 0 148674 64567 0 0
1791147860 cpu  1658740 704 89368 29705747 1363 0 148708 64568 0 0
1791147865 cpu  1659255 704 89381 29709180 1364 0 148751 64569 0 0
1791147870 cpu  1659787 704 89405 29712583 1364 0 148798 64570 0 0
1791147875 cpu  1660290 704 89428 29716008 1364 0 148843 64572 0 0
1791147880 cpu  1660812 704 89444 29719441 1364 0 148882 64573 0 0
1791147885 cpu  1661322 704 89458 29722868 1364 0 148928 64574 0 0
1791147890 cpu  1661827 704 89473 29726314 1364 0 148979 64575 0 0
1791147895 cpu  1662342 704 89493 29729749 1364 0 149026 64576 0 0
1791147900 cpu  1662824 704 89507 29733197 1364 0 149070 64577 0 0
1791147905 cpu  1663324 704 89524 29736634 1364 0 149115 64578 0 0
1791147910 cpu  1663824 704 89542 29740074 1364 0 149157 64580 0 0
1791147915 cpu  1664326 704 89556 29743517 1364 0 149200 64580 0 0
1791147920 cpu  1664813 704 89572 29746967 1364 0 149250 64582 0 0
1791147925 cpu  1665340 704 89589 29750400 1364 0 149293 64583 0 0
1791147930 cpu  1665858 704 89612 29753831 1364 0 149330 64584 0 0
1791147935 cpu  1666358 704 89627 29757281 1364 0 149380 64585 0 0
1791147940 cpu  1666862 704 89646 29760726 1364 0 149429 64586 0 0
1791147945 cpu  1667373 704 89661 29764166 1364 0 149474 64587 0 0
1791147950 cpu  1667879 704 89674 29767609 1364 0 149526 64588 0 0
1791147955 cpu  1668391 704 89688 29771030 1365 0 149579 64589 0 0
1791147960 cpu  1668892 704 89703 29774458 1365 0 149619 64590 0 0
1791147965 cpu  1669391 704 89723 29777894 1365 0 149671 64591 0 0
1791147970 cpu  1669870 704 89740 29781342 1365 0 149725 64593 0 0
1791147975 cpu  1670365 704 89761 29784779 1365 0 149773 64594 0 0
1791147980 cpu  1670889 704 89779 29788221 1365 0 149817 64594 0 0
1791147985 cpu  1671391 704 89795 29791658 1365 0 149861 64595 0 0
1791147990 cpu  1671902 704 89819 29795079 1365 0 149914 64596 0 0
1791147995 cpu  1672387 704 89837 29798522 1365 0 149950 64597 0 0
1791148000 cpu  1672897 704 89852 29801960 1365 0 149998 64598 0 0
1791148005 cpu  1673409 704 89868 29805399 1366 0 150047 64599 0 0
1791148010 cpu  1673926 704 89877 29808835 1366 0 150097 64600 0 0
1791148015 cpu  1674447 704 89895 29812267 1366 0 150147 64601 0 0
1791148020 cpu  1674623 704 89930 29816039 1366 0 150177 64602 0 0
1791148025 cpu  1674625 704 89933 29820030 1366 0 150178 64602 0 0
1791148030 cpu  1674628 704 89933 29824024 1366 0 150178 64602 0 0
1791148035 cpu  1674630 704 89936 29828018 1366 0 150178 64602 0 0
1791148040 cpu  1674633 704 89938 29832013 1366 0 150178 64602 0 0
1791148045 cpu  1674637 704 89939 29836006 1367 0 150178 64602 0 0
1791148050 cpu  1674687 704 89961 29839929 1367 0 150182 64602 0 0
