1791147099 cpu  2027637 525 593109 27680942 10408 0 450555 22930 0 0
1791147104 cpu  2027717 525 593149 27684777 10409 0 450568 22931 0 0
1791147109 cpu  2027820 525 593204 27688569 10409 0 450582 22933 0 0
1791147114 cpu  2027962 525 593272 27692296 10409 0 450605 22935 0 0
1791147119 cpu  2028032 525 593320 27696129 10409 0 450618 22936 0 0
1791147124 cpu  2028171 525 593406 27699863 10410 0 450644 22938 0 0
1791147129 cpu  2028315 525 593475 27703602 10410 0 450668 22940 0 0
1791147134 cpu  2028458 525 593543 27707314 10410 0 450696 22942 0 0
1791147139 cpu  2028579 525 593602 27711062 10410 0 450727 22944 0 0
1791147144 cpu  2028677 525 593654 27714844 10411 0 450744 22946 0 0
1791147149 cpu  2028728 525 593693 27718720 10411 0 450753 22948 0 0
1791147154 cpu  2028802 525 593732 27722565 10412 0 450763 22950 0 0
1791147159 cpu  2028848 525 593760 27726445 10412 0 450772 22951 0 0
1791147164 cpu  2028968 525 593825 27730216 10413 0 450787 22953 0 0
1791147169 cpu  2029066 525 593872 27734027 10413 0 450800 22955 0 0
1791147174 cpu  2029219 525 593953 27737748 10414 0 450820 22957 0 0
1791147179 cpu  2029348 525 594008 27741507 10414 0 450842 22958 0 0
1791147184 cpu  2029495 525 594076 27745241 10415 0 450864 22960 0 0
1791147189 cpu  2029614 525 594138 27749014 10415 0 450885 22962 0 0
1791147194 cpu  2029761 525 594204 27752747 10416 0 450911 22964 0 0
1791147199 cpu  2029868 525 594256 27756538 10417 0 450941 22965 0 0
1791147204 cpu  2029983 525 594313 27760313 10417 0 450950 22967 0 0
1791147209 cpu  2030083 525 594373 27764106 10417 0 450968 22969 0 0
1791147214 cpu  2030237 525 594426 27767833 10419 0 450982 22970 0 0
1791147219 cpu  2030329 525 594477 27771653 10419 0 451001 22972 0 0
1791147224 cpu  2030426 525 594527 27775466 10420 0 451013 22973 0 0
1791147229 cpu  2030548 525 594582 27779235 10421 0 451033 22975 0 0
1791147234 cpu  2030698 525 594651 27782960 10421 0 451059 22977 0 0
1791147239 cpu  2030820 525 594713 27786717 10424 0 451076 22979 0 0
1791147244 cpu  2030986 525 594784 27790419 10424 0 451101 22981 0 0
1791147249 cpu  2031141 525 594847 27794155 10425 0 451123 22983 0 0
1791147254 cpu  2031303 525 594916 27797859 10425 0 451144 22985 0 0
1791147259 cpu  2031443 525 594971 27801599 10426 0 451176 22987 0 0
1791147264 cpu  2031623 525 595044 27805276 10427 0 451204 22989 0 0
1791147269 cpu  2031792 525 595109 27808998 10428 0 451234 22991 0 0
1791147274 cpu  2031965 525 595173 27812695 10428 0 451258 22993 0 0
1791147279 cpu  2032068 525 595228 27816486 10429 0 451279 22995 0 0
1791147284 cpu  2032246 525 595304 27820164 10429 0 451304 22997 0 0
1791147289 cpu  2032394 525 595372 27823897 10430 0 451327 22999 0 0
1791147294 cpu  2032557 525 595445 27827610 10430 0 451348 23001 0 0
1791147299 cpu  2032707 525 595513 27831332 10430 0 451367 23003 0 0
1791147304 cpu  2032838 525 595580 27835061 10431 0 451395 23005 0 0
1791147309 cpu  2033014 525 595639 27838762 10432 0 451429 23007 0 0
1791147314 cpu  2033187 525 595724 27842452 10432 0 451463 23009 0 0
1791147319 cpu  2033297 525 595773 27846242 10433 0 451480 23011 0 0
1791147324 cpu  2033448 525 595846 27849963 10434 0 451512 23014 0 0
1791147329 cpu  2033803 525 595919 27853456 10435 0 451558 23016 0 0
1791147334 cpu  2034206 525 596001 27856893 10435 0 451614 23019 0 0
1791147339 cpu  2034649 525 596116 27860269 10436 0 451674 23021 0 0
1791147344 cpu  2035088 525 596178 27863701 10437 0 451720 23023 0 0
1791147349 cpu  2035479 525 596260 27867150 10438 0 451768 23026 0 0
1791147354 cpu  2035848 525 596332 27870636 10438 0 451806 23028 0 0
1791147359 cpu  2036297 525 596427 27873996 10439 0 451855 23030 0 0
1791147364 cpu  2036731 525 596519 27877386 10440 0 451929 23033 0 0
1791147369 cpu  2037179 525 596612 27880772 10440 0 451986 23036 0 0
1791147374 cpu  2037631 525 596704 27884135 10441 0 452056 23039 0 0
1791147379 cpu  2038064 525 596783 27887555 10442 0 452111 23041 0 0
1791147384 cpu  2038595 525 596902 27890844 10443 0 452172 23043 0 0
1791147389 cpu  2039115 525 596984 27894171 10444 0 452214 23045 0 0
1791147394 cpu  2039608 525 597077 27897488 10444 0 452255 23047 0 0
1791147399 cpu  2040137 525 597176 27900800 10445 0 452310 23049 0 0
1791147404 cpu  2040669 525 597259 27904117 10446 0 452357 23052 0 0
1791147409 cpu  2041234 525 597353 27907387 10447 0 452432 23054 0 0
1791147414 cpu  2041776 525 597450 27910613 10447 0 452531 23057 0 0
1791147419 cpu  2042348 525 597568 27913801 10448 0 452628 23060 0 0
1791147424 cpu  2042921 525 597701 27916951 10449 0 452747 23064 0 0
1791147429 cpu  2043541 525 597830 27920068 10450 0 452875 23068 0 0
1791147434 cpu  2044150 525 597973 27923130 10451 0 453015 23073 0 0
1791147439 cpu  2044763 525 598121 27926195 10453 0 453147 23077 0 0
1791147444 cpu  2045398 525 598274 27929193 10454 0 453312 23083 0 0
1791147449 cpu  2046051 525 598417 27932212 10455 0 453467 23087 0 0
1791147454 cpu  2046689 525 598561 27935213 10457 0 453627 23092 0 0
1791147459 cpu  2047305 525 598728 27938242 10458 0 453787 23096 0 0
1791147464 cpu  2047943 525 598877 27941258 10459 0 453950 23101 0 0
1791147469 cpu  2048569 525 599022 27944286 10460 0 454110 23105 0 0
1791147474 cpu  2049218 525 599186 27947288 10461 0 454292 23110 0 0
1791147479 cpu  2049865 525 599328 27950291 10462 0 454452 23115 0 0
1791147484 cpu  2050494 525 599486 27953308 10463 0 454595 23119 0 0
1791147489 cpu  2051135 525 599622 27956332 10464 0 454757 23123 0 0
1791147494 cpu  2051795 525 599779 27959352 10465 0 454920 23128 0 0
1791147499 cpu  2052423 525 599914 27962377 10466 0 455099 23132 0 0
1791147504 cpu  2053070 525 600069 27965391 10468 0 455252 23136 0 0
1791147509 cpu  2053728 525 600205 27968402 10468 0 455406 23139 0 0
1791147514 cpu  2054381 525 600346 27971418 10470 0 455575 23144 0 0
1791147519 cpu  2055026 525 600495 27974434 10471 0 455735 23148 0 0
1791147524 cpu  2055658 525 600648 27977453 10472 0 455888 23152 0 0
1791147529 cpu  2056300 525 600790 27980475 10473 0 456055 23157 0 0
1791147534 cpu  2056921 525 600925 27983510 10474 0 456222 23161 0 0
1791147539 cpu  2057546 525 601080 27986537 10475 0 456397 23166 0 0
1791147544 cpu  2058187 525 601233 27989561 10476 0 456560 23170 0 0
1791147549 cpu  2058833 525 601379 27992601 10477 0 456721 23174 0 0
1791147554 cpu  2059460 525 601535 27995637 10478 0 456890 23178 0 0
1791147559 cpu  2060132 525 601678 27998645 10479 0 457052 23182 0 0
1791147564 cpu  2060787 525 601835 28001671 10480 0 457211 23187 0 0
1791147569 cpu  2061415 525 601973 28004703 10481 0 457376 23192 0 0
1791147574 cpu  2062020 525 602113 28007746 10483 0 457528 23196 0 0
1791147579 cpu  2062636 525 602257 28010773 10484 0 457698 23200 0 0
1791147584 cpu  2063262 525 602411 28013797 10485 0 457868 23204 0 0
1791147589 cpu  2063896 525 602560 28016840 10486 0 458026 23208 0 0
1791147594 cpu  2064508 525 602704 28019876 10487 0 458179 23213 0 0
1791147599 cpu  2065130 525 602858 28022913 10488 0 458352 23218 0 0
1791147604 cpu  2065772 525 603008 28025906 10489 0 458520 23224 0 0
1791147609 cpu  2066445 525 603166 28028906 10490 0 458693 23230 0 0
1791147614 cpu  2067088 525 603333 28031901 10492 0 458851 23236 0 0
1791147619 cpu  2067712 525 603473 28034920 10493 0 459015 23241 0 0
1791147624 cpu  2068364 525 603626 28037933 10494 0 459188 23245 0 0
1791147629 cpu  2068984 525 603775 28040946 10495 0 459356 23251 0 0
1791147634 cpu  2069647 525 603936 28043951 10496 0 459515 23255 0 0
1791147639 cpu  2070359 525 604086 28046906 10497 0 459681 23259 0 0
1791147644 cpu  2071005 525 604238 28049924 10499 0 459858 23264 0 0
1791147649 cpu  2071661 525 604380 28052933 10499 0 460020 23268 0 0
1791147654 cpu  2072314 525 604535 28055949 10501 0 460187 23273 0 0
1791147659 cpu  2073003 525 604676 28058933 10502 0 460350 23278 0 0
1791147664 cpu  2073659 525 604822 28061947 10503 0 460515 23282 0 0
1791147669 cpu  2074294 525 604981 28064978 10504 0 460676 23287 0 0
1791147674 cpu  2074949 525 605128 28067991 10505 0 460848 23292 0 0
1791147679 cpu  2075630 525 605274 28070981 10506 0 461025 23298 0 0
1791147684 cpu  2076285 525 605409 28073991 10507 0 461192 23303 0 0
1791147689 cpu  2076929 525 605569 28076990 10508 0 461379 23308 0 0
1791147694 cpu  2077562 525 605719 28080000 10509 0 461557 23314 0 0
1791147699 cpu  2078234 525 605873 28082987 10510 0 461738 23318 0 0
1791147704 cpu  2078862 525 606033 28086002 10512 0 461904 23323 0 0
1791147709 cpu  2079497 525 606174 28089038 10513 0 462076 23328 0 0
1791147714 cpu  2080119 525 606319 28092079 10514 0 462246 23332 0 0
1791147719 cpu  2080762 525 606461 28095107 10515 0 462398 23337 0 0
1791147724 cpu  2081403 525 606615 28098120 10516 0 462574 23343 0 0
1791147729 cpu  2082022 525 606768 28101163 10517 0 462734 23347 0 0
1791147734 cpu  2082663 525 606908 28104195 10518 0 462890 23352 0 0
1791147739 cpu  2083317 525 607056 28107213 10520 0 463064 23357 0 0
1791147744 cpu  2083987 525 607207 28110206 10521 0 463239 23363 0 0
1791147749 cpu  2084630 525 607355 28113201 10522 0 463419 23368 0 0
1791147754 cpu  2085276 525 607504 28116219 10523 0 463585 23373 0 0
1791147759 cpu  2085924 525 607665 28119203 10524 0 463770 23379 0 0
1791147764 cpu  2086576 525 607818 28122187 10525 0 463955 23384 0 0
1791147769 cpu  2087232 525 607976 28125183 10526 0 464118 23390 0 0
1791147774 cpu  2087880 525 608130 28128198 10527 0 464281 23395 0 0
1791147779 cpu  2088543 525 608283 28131188 10528 0 464462 23401 0 0
1791147784 cpu  2089223 525 608434 28134168 10530 0 464662 23408 0 0
1791147789 cpu  2089906 525 608602 28137156 10531 0 464853 23414 0 0
1791147794 cpu  2090560 525 608764 28140165 10532 0 465028 23420 0 0
1791147799 cpu  2091198 525 608944 28143169 10533 0 465206 23425 0 0
1791147804 cpu  2091852 525 609106 28146156 10534 0 465385 23431 0 0
1791147809 cpu  2092520 525 609256 28149158 10535 0 465541 23436 0 0
1791147814 cpu  2093174 525 609407 28152167 10536 0 465723 23441 0 0
1791147819 cpu  2093829 525 609575 28155162 10538 0 465911 23445 0 0
1791147824 cpu  2094481 525 609731 28158163 10539 0 466078 23450 0 0
1791147829 cpu  2095133 525 609873 28161174 10540 0 466251 23454 0 0
1791147834 cpu  2095755 525 610029 28164202 10541 0 466416 23457 0 0
1791147839 cpu  2096399 525 610192 28167210 10542 0 466588 23462 0 0
1791147844 cpu  2097039 525 610333 28170244 10543 0 466742 23465 0 0
1791147849 cpu  2097690 525 610485 28173255 10544 0 466896 23469 0 0
1791147854 cpu  2098330 525 610632 28176290 10545 0 467054 23473 0 0
1791147859 cpu  2098982 525 610784 28179311 10546 0 467210 23476 0 0
1791147864 cpu  2099643 525 610935 28182330 10547 0 467377 23480 0 0
1791147869 cpu  2100300 525 611079 28185344 10548 0 467538 23484 0 0
1791147874 cpu  2100984 525 611222 28188348 10549 0 467709 23487 0 0
1791147879 cpu  2101617 525 611380 28191356 10551 0 467868 23491 0 0
1791147884 cpu  2102250 525 611523 28194382 10552 0 468028 23494 0 0
1791147889 cpu  2102892 525 611661 28197408 10553 0 468187 23498 0 0
1791147894 cpu  2103525 525 611808 28200428 10554 0 468341 23501 0 0
1791147899 cpu  2104158 525 611955 28203436 10555 0 468514 23505 0 0
1791147904 cpu  2104784 525 612107 28206459 10556 0 468674 23510 0 0
1791147909 cpu  2105451 525 612264 28209451 10558 0 468852 23514 0 0
1791147914 cpu  2106118 525 612411 28212456 10559 0 469026 23520 0 0
1791147919 cpu  2106769 525 612558 28215460 10560 0 469201 23524 0 0
1791147924 cpu  2107445 525 612715 28218434 10561 0 469375 23528 0 0
1791147929 cpu  2108084 525 612868 28221429 10562 0 469546 23532 0 0
1791147934 cpu  2108723 525 613010 28224432 10564 0 469711 23537 0 0
1791147939 cpu  2109450 525 613184 28227341 10565 0 469874 23541 0 0
1791147944 cpu  2110102 525 613334 28230334 10566 0 470047 23545 0 0
1791147949 cpu  2110769 525 613482 28233337 10568 0 470223 23550 0 0
1791147954 cpu  2111427 525 613632 28236335 10568 0 470388 23554 0 0
1791147959 cpu  2112077 525 613789 28239325 10570 0 470565 23558 0 0
1791147964 cpu  2112708 525 613944 28242360 10570 0 470730 23563 0 0
1791147969 cpu  2113360 525 614101 28245358 10572 0 470887 23567 0 0
1791147974 cpu  2114024 525 614235 28248357 10573 0 471043 23571 0 0
1791147979 cpu  2114676 525 614364 28251375 10574 0 471197 23575 0 0
1791147984 cpu  2115333 525 614508 28254382 10575 0 471358 23579 0 0
1791147989 cpu  2116002 525 614652 28257383 10576 0 471532 23584 0 0
1791147994 cpu  2116658 525 614806 28260404 10577 0 471690 23588 0 0
1791147999 cpu  2117327 525 614944 28263391 10578 0 471861 23593 0 0
1791148004 cpu  2117944 525 615085 28266409 10579 0 472031 23597 0 0
1791148009 cpu  2118590 525 615235 28269431 10580 0 472200 23601 0 0
1791148014 cpu  2119294 525 615384 28272411 10582 0 472378 23606 0 0
1791148019 cpu  2119808 525 615507 28275648 10582 0 472466 23609 0 0
1791148024 cpu  2119923 525 615570 28279423 10583 0 472488 23611 0 0
1791148029 cpu  2120014 525 615619 28283234 10583 0 472506 23613 0 0
1791148034 cpu  2120116 525 615686 28287011 10584 0 472535 23615 0 0
