1791132304 cpu  5727451 512 1603300 29779439 6677 0 536720 25723 0 0
1791132309 cpu  5727581 512 1603417 29787076 6677 0 536743 25729 0 0
1791132314 cpu  5727714 512 1603505 29794770 6678 0 536762 25734 0 0
1791132319 cpu  5727867 512 1603611 29802386 6679 0 536785 25739 0 0
1791132324 cpu  5728002 512 1603705 29810053 6680 0 536806 25743 0 0
1791132329 cpu  5728152 512 1603807 29817674 6680 0 536824 25748 0 0
1791132334 cpu  5728269 512 1603893 29825368 6680 0 536840 25752 0 0
1791132339 cpu  5728410 512 1603998 29833022 6681 0 536855 25757 0 0
1791132344 cpu  5728526 512 1604090 29840725 6681 0 536867 25761 0 0
1791132349 cpu  5728682 512 1604199 29848349 6682 0 536893 25766 0 0
1791132354 cpu  5728797 512 1604278 29856051 6682 0 536903 25771 0 0
1791132359 cpu  5728955 512 1604378 29863690 6682 0 536920 25776 0 0
1791132364 cpu  5729065 512 1604460 29871386 6682 0 536934 25780 0 0
1791132369 cpu  5729232 512 1604567 29879020 6683 0 536955 25784 0 0
1791132374 cpu  5729338 512 1604648 29886738 6683 0 536971 25788 0 0
1791132379 cpu  5729491 512 1604761 29894342 6683 0 536996 25792 0 0
1791132384 cpu  5729591 512 1604842 29902065 6684 0 537010 25795 0 0
1791132389 cpu  5729741 512 1604955 29909686 6684 0 537036 25800 0 0
1791132394 cpu  5729859 512 1605035 29917398 6685 0 537056 25804 0 0
1791132399 cpu  5729999 512 1605142 29925047 6685 0 537074 25808 0 0
1791132404 cpu  5730107 512 1605209 29932773 6685 0 537085 25812 0 0
1791132409 cpu  5730264 512 1605329 29940381 6685 0 537110 25817 0 0
1791132414 cpu  5730383 512 1605409 29948080 6686 0 537128 25821 0 0
1791132419 cpu  5730520 512 1605518 29955730 6686 0 537150 25826 0 0
1791132424 cpu  5730656 512 1605596 29963434 6686 0 537168 25829 0 0
1791132429 cpu  5730818 512 1605707 29971064 6687 0 537193 25834 0 0
1791132434 cpu  5730933 512 1605782 29978793 6687 0 537206 25837 0 0
1791132439 cpu  5731094 512 1605887 29986405 6687 0 537225 25841 0 0
1791132444 cpu  5731195 512 1605974 29994130 6688 0 537240 25844 0 0
1791132449 cpu  5731353 512 1606086 30001748 6688 0 537269 25849 0 0
1791132454 cpu  5731461 512 1606167 30009466 6688 0 537283 25852 0 0
1791132459 cpu  5731616 512 1606272 30017113 6689 0 537305 25856 0 0
1791132464 cpu  5731718 512 1606353 30024833 6689 0 537322 25859 0 0
1791132469 cpu  5731876 512 1606462 30032447 6689 0 537349 25864 0 0
1791132474 cpu  5731992 512 1606540 30040151 6689 0 537367 25868 0 0
1791132479 cpu  5732128 512 1606647 30047802 6690 0 537388 25873 0 0
1791132484 cpu  5732248 512 1606727 30055496 6690 0 537408 25877 0 0
1791132489 cpu  5732413 512 1606832 30063133 6690 0 537433 25882 0 0
1791132494 cpu  5732534 512 1606913 30070852 6691 0 537450 25886 0 0
1791132499 cpu  5732692 512 1607024 30078467 6691 0 537472 25890 0 0
1791132504 cpu  5732834 512 1607103 30086171 6691 0 537492 25894 0 0
1791132509 cpu  5733002 512 1607208 30093784 6692 0 537518 25898 0 0
1791132514 cpu  5733129 512 1607289 30101489 6692 0 537536 25902 0 0
1791132519 cpu  5733272 512 1607405 30109124 6692 0 537565 25907 0 0
1791132524 cpu  5733390 512 1607486 30116835 6693 0 537575 25911 0 0
1791132529 cpu  5733547 512 1607611 30124432 6693 0 537601 25917 0 0
1791132534 cpu  5733670 512 1607702 30132112 6693 0 537630 25920 0 0
1791132539 cpu  5733861 512 1607824 30139660 6694 0 537673 25925 0 0
1791132544 cpu  5734001 512 1607911 30147280 6694 0 537708 25930 0 0
1791132549 cpu  5734199 512 1608027 30154829 6695 0 537759 25935 0 0
1791132554 cpu  5734344 512 1608118 30162469 6695 0 537794 25939 0 0
1791132559 cpu  5734550 512 1608242 30169992 6695 0 537845 25944 0 0
1791132564 cpu  5734725 512 1608343 30177594 6695 0 537877 25949 0 0
1791132569 cpu  5734918 512 1608469 30185128 6696 0 537933 25954 0 0
1791132574 cpu  5735107 512 1608579 30192709 6696 0 537979 25959 0 0
1791132579 cpu  5735276 512 1608683 30200278 6696 0 538027 25964 0 0
1791132584 cpu  5735449 512 1608790 30207861 6696 0 538062 25967 0 0
1791132589 cpu  5735643 512 1608926 30215398 6697 0 538109 25972 0 0
1791132594 cpu  5735816 512 1609027 30222982 6698 0 538154 25976 0 0
1791132599 cpu  5736004 512 1609145 30230547 6698 0 538200 25981 0 0
1791132604 cpu  5736190 512 1609255 30238106 6698 0 538250 25986 0 0
1791132609 cpu  5736383 512 1609380 30245643 6699 0 538304 25990 0 0
1791132614 cpu  5736616 512 1609478 30253191 6699 0 538340 25995 0 0
1791132619 cpu  5737309 512 1609750 30259942 6700 0 538487 26004 0 0
1791132624 cpu  5738565 512 1610179 30265917 6700 0 538713 26016 0 0
1791132629 cpu  5740408 512 1610744 30271022 6700 0 538973 26027 0 0
1791132634 cpu  5742730 512 1611426 30275496 6701 0 539280 26038 0 0
1791132639 cpu  5745530 512 1612164 30279304 6701 0 539608 26046 0 0
1791132644 cpu  5748729 512 1613019 30282653 6701 0 539953 26054 0 0
1791132649 cpu  5752277 512 1613912 30285539 6702 0 540320 26059 0 0
1791132654 cpu  5756073 512 1614835 30288094 6702 0 540692 26064 0 0
1791132659 cpu  5760193 512 1615777 30290394 6702 0 541071 26069 0 0
1791132664 cpu  5764527 512 1616723 30292484 6702 0 541428 26075 0 0
1791132669 cpu  5768892 512 1617705 30294491 6702 0 541781 26081 0 0
1791132674 cpu  5773187 512 1618680 30296538 6702 0 542139 26087 0 0
1791132679 cpu  5777488 512 1619624 30298599 6703 0 542508 26092 0 0
1791132684 cpu  5781774 512 1620585 30300665 6704 0 542885 26098 0 0
1791132689 cpu  5786052 512 1621562 30302734 6704 0 543232 26102 0 0
1791132694 cpu  5790340 512 1622544 30304837 6704 0 543599 26106 0 0
1791132700 cpu  5794599 512 1623493 30306930 6704 0 543972 26110 0 0
1791132705 cpu  5798853 512 1624463 30309010 6706 0 544313 26114 0 0
1791132710 cpu  5803188 512 1625453 30311037 6706 0 544675 26118 0 0
1791132715 cpu  5807436 512 1626442 30313144 6706 0 545013 26124 0 0
1791132720 cpu  5811711 512 1627457 30315224 6706 0 545361 26128 0 0
1791132725 cpu  5815968 512 1628445 30317301 6707 0 545736 26132 0 0
1791132730 cpu  5820258 512 1629442 30319371 6707 0 546115 26135 0 0
1791132735 cpu  5824538 512 1630428 30321440 6707 0 546469 26139 0 0
1791132740 cpu  5828809 512 1631434 30323517 6708 0 546842 26144 0 0
1791132745 cpu  5833048 512 1632438 30325628 6708 0 547190 26152 0 0
1791132750 cpu  5837298 512 1633488 30327678 6708 0 547523 26157 0 0
1791132755 cpu  5841667 512 1634488 30329683 6710 0 547869 26162 0 0
1791132760 cpu  5846001 512 1635425 30331737 6710 0 548238 26167 0 0
1791132765 cpu  5850298 512 1636430 30333787 6711 0 548616 26174 0 0
1791132770 cpu  5854589 512 1637410 30335848 6711 0 548962 26179 0 0
1791132775 cpu  5858859 512 1638400 30337926 6712 0 549324 26184 0 0
1791132780 cpu  5863103 512 1639404 30340009 6712 0 549680 26189 0 0
1791132785 cpu  5867353 512 1640353 30342102 6712 0 550044 26193 0 0
1791132790 cpu  5871596 512 1641328 30344192 6712 0 550393 26197 0 0
1791132795 cpu  5875899 512 1642319 30346257 6713 0 550760 26202 0 0
1791132800 cpu  5880233 512 1643272 30348309 6714 0 551122 26206 0 0
1791132805 cpu  5884540 512 1644220 30350379 6714 0 551504 26211 0 0
1791132810 cpu  5888799 512 1645207 30352455 6714 0 551874 26214 0 0
1791132815 cpu  5893086 512 1646170 30354515 6715 0 552221 26219 0 0
1791132820 cpu  5897386 512 1647139 30356563 6715 0 552579 26225 0 0
1791132825 cpu  5901743 512 1648104 30358598 6715 0 552950 26229 0 0
1791132830 cpu  5906106 512 1649066 30360675 6715 0 553316 26238 0 0
1791132835 cpu  5910401 512 1650083 30362694 6715 0 553681 26244 0 0
1791132840 cpu  5914702 512 1651066 30364777 6716 0 554056 26248 0 0
1791132845 cpu  5919038 512 1652054 30366832 6716 0 554397 26252 0 0
1791132850 cpu  5923345 512 1653027 30368878 6716 0 554756 26256 0 0
1791132855 cpu  5927652 512 1653992 30370964 6716 0 555098 26259 0 0
1791132860 cpu  5931945 512 1654955 30373021 6717 0 555483 26263 0 0
1791132865 cpu  5936233 512 1655935 30375106 6717 0 555852 26268 0 0
1791132870 cpu  5940489 512 1656948 30377176 6717 0 556208 26272 0 0
1791132875 cpu  5944780 512 1657914 30379259 6718 0 556568 26275 0 0
1791132880 cpu  5949006 512 1658917 30381329 6719 0 556922 26279 0 0
1791132885 cpu  5953306 512 1659899 30383348 6719 0 557283 26282 0 0
1791132890 cpu  5957523 512 1660901 30385431 6719 0 557649 26286 0 0
1791132895 cpu  5961815 512 1661845 30387510 6720 0 558017 26291 0 0
1791132900 cpu  5966067 512 1662835 30389590 6720 0 558376 26295 0 0
1791132905 cpu  5970361 512 1663830 30391611 6720 0 558753 26299 0 0
1791132910 cpu  5974630 512 1664802 30393705 6721 0 559102 26304 0 0
1791132915 cpu  5978909 512 1665749 30395785 6721 0 559480 26309 0 0
1791132920 cpu  5983193 512 1666720 30397839 6721 0 559844 26312 0 0
1791132925 cpu  5987517 512 1667637 30399922 6721 0 560212 26318 0 0
1791132930 cpu  5991732 512 1668593 30402035 6724 0 560548 26323 0 0
1791132935 cpu  5995985 512 1669566 30404105 6724 0 560921 26326 0 0
1791132940 cpu  6000221 512 1670514 30406209 6725 0 561299 26331 0 0
1791132945 cpu  6004489 512 1671511 30408277 6725 0 561668 26335 0 0
1791132950 cpu  6008757 512 1672492 30410336 6725 0 562046 26339 0 0
1791132955 cpu  6013084 512 1673444 30412369 6725 0 562396 26346 0 0
1791132960 cpu  6017389 512 1674435 30414380 6725 0 562763 26350 0 0
1791132965 cpu  6021686 512 1675388 30416412 6725 0 563119 26355 0 0
1791132970 cpu  6025987 512 1676365 30418451 6726 0 563493 26358 0 0
1791132975 cpu  6030220 512 1677327 30420537 6726 0 563867 26362 0 0
1791132980 cpu  6034430 512 1678323 30422636 6727 0 564240 26366 0 0
1791132985 cpu  6038717 512 1679295 30424705 6727 0 564624 26374 0 0
1791132990 cpu  6042976 512 1680238 30426799 6727 0 564981 26379 0 0
1791132995 cpu  6047342 512 1681215 30428827 6727 0 565352 26385 0 0
1791133000 cpu  6051607 512 1682253 30430894 6730 0 565698 26390 0 0
1791133005 cpu  6055949 512 1683211 30432918 6730 0 566053 26396 0 0
1791133010 cpu  6060218 512 1684212 30434997 6730 0 566407 26400 0 0
1791133015 cpu  6064529 512 1685152 30437085 6730 0 566784 26404 0 0
1791133020 cpu  6068788 512 1686142 30439188 6731 0 567139 26409 0 0
1791133025 cpu  6073100 512 1687097 30441250 6731 0 567519 26413 0 0
1791133030 cpu  6077381 512 1688078 30443328 6731 0 567875 26417 0 0
1791133035 cpu  6081647 512 1689002 30445424 6731 0 568261 26422 0 0
1791133040 cpu  6085895 512 1689947 30447529 6733 0 568629 26426 0 0
1791133045 cpu  6090204 512 1690864 30449634 6734 0 568989 26430 0 0
1791133050 cpu  6094536 512 1691832 30451698 6734 0 569347 26435 0 0
1791133055 cpu  6098786 512 1692799 30453768 6734 0 569734 26439 0 0
1791133060 cpu  6103005 512 1693753 30455922 6734 0 570113 26443 0 0
1791133065 cpu  6107347 512 1694702 30457956 6735 0 570486 26447 0 0
1791133070 cpu  6111630 512 1695718 30460010 6735 0 570849 26451 0 0
1791133075 cpu  6115880 512 1696691 30462082 6735 0 571203 26456 0 0
1791133080 cpu  6120188 512 1697651 30464136 6735 0 571562 26460 0 0
1791133085 cpu  6124533 512 1698639 30466127 6736 0 571935 26465 0 0
1791133090 cpu  6128820 512 1699614 30468183 6736 0 572301 26470 0 0
1791133095 cpu  6133105 512 1700611 30470235 6736 0 572680 26474 0 0
1791133100 cpu  6137403 512 1701609 30472261 6737 0 573042 26478 0 0
1791133105 cpu  6141689 512 1702573 30474333 6738 0 573404 26483 0 0
1791133110 cpu  6145953 512 1703587 30476396 6738 0 573778 26489 0 0
1791133115 cpu  6150404 512 1704506 30478375 6738 0 574172 26495 0 0
1791133120 cpu  6154728 512 1705498 30480368 6738 0 574557 26502 0 0
1791133125 cpu  6159106 512 1706460 30482353 6739 0 574913 26510 0 0
1791133130 cpu  6163478 512 1707464 30484342 6739 0 575276 26515 0 0
1791133135 cpu  6167757 512 1708466 30486352 6739 0 575649 26521 0 0
1791133140 cpu  6172037 512 1709434 30488420 6739 0 576000 26526 0 0
1791133145 cpu  6176376 512 1710399 30490451 6739 0 576366 26532 0 0
1791133150 cpu  6180649 512 1711383 30492482 6742 0 576740 26538 0 0
1791133155 cpu  6184967 512 1712367 30494534 6742 0 577130 26543 0 0
1791133160 cpu  6189212 512 1713366 30496587 6742 0 577487 26548 0 0
1791133165 cpu  6193474 512 1714347 30498654 6742 0 577866 26553 0 0
1791133170 cpu  6197766 512 1715341 30500682 6743 0 578259 26558 0 0
1791133175 cpu  6202112 512 1716332 30502674 6743 0 578650 26563 0 0
1791133180 cpu  6206469 512 1717316 30504690 6743 0 578994 26572 0 0
1791133185 cpu  6210840 512 1718279 30506698 6743 0 579366 26577 0 0
1791133190 cpu  6215166 512 1719274 30508712 6743 0 579740 26582 0 0
1791133195 cpu  6219531 512 1720262 30510686 6743 0 580099 26589 0 0
1791133200 cpu  6223876 512 1721248 30512696 6744 0 580464 26594 0 0
1791133205 cpu  6228273 512 1722239 30514649 6744 0 580853 26603 0 0
1791133210 cpu  6232694 512 1723204 30516573 6744 0 581212 26612 0 0
1791133215 cpu  6237133 512 1724173 30518536 6744 0 581588 26619 0 0
1791133220 cpu  6241507 512 1725144 30520496 6746 0 581960 26624 0 0
1791133225 cpu  6245865 512 1726107 30522480 6746 0 582344 26630 0 0
1791133230 cpu  6246268 512 1726285 30529730 6747 0 582405 26636 0 0
1791133235 cpu  6246383 512 1726363 30537428 6747 0 582425 26641 0 0
1791133240 cpu  6246550 512 1726467 30545035 6749 0 582444 26647 0 0
1791133245 cpu  6246663 512 1726560 30552734 6749 0 582463 26652 0 0
1791133250 cpu  6246835 512 1726670 30560335 6750 0 582485 26659 0 0
