1791132307 cpu  999677 0 59425 18034574 853 0 91654 33300 0 0
1791132312 cpu  999681 0 59428 18038566 854 0 91655 33300 0 0
1791132317 cpu  999685 0 59430 18042559 854 0 91656 33301 0 0
1791132322 cpu  999735 0 59449 18046478 854 0 91663 33303 0 0
1791132327 cpu  999739 0 59451 18050471 854 0 91664 33303 0 0
1791132332 cpu  999749 0 59455 18054451 854 0 91665 33304 0 0
1791132337 cpu  999751 0 59456 18058447 854 0 91666 33304 0 0
1791132342 cpu  999752 0 59457 18062443 854 0 91666 33304 0 0
1791132347 cpu  999755 0 59457 18066435 854 0 91666 33305 0 0
1791132352 cpu  999756 0 59458 18070431 854 0 91666 33305 0 0
1791132357 cpu  999758 0 59460 18074427 854 0 91666 33305 0 0
1791132362 cpu  999761 0 59460 18078422 854 0 91666 33305 0 0
1791132367 cpu  999764 0 59461 18082414 854 0 91667 33306 0 0
1791132372 cpu  999767 0 59461 18086410 854 0 91667 33306 0 0
1791132377 cpu  999770 0 59462 18090402 854 0 91667 33307 0 0
1791132382 cpu  999772 0 59463 18094398 854 0 91668 33307 0 0
1791132387 cpu  999774 0 59463 18098392 854 0 91668 33307 0 0
1791132392 cpu  999783 0 59466 18102368 854 0 91668 33308 0 0
1791132397 cpu  999784 0 59468 18106363 854 0 91668 33308 0 0
1791132402 cpu  999786 0 59468 18110359 854 0 91669 33309 0 0
1791132407 cpu  999788 0 59470 18114353 854 0 91669 33309 0 0
1791132412 cpu  999790 0 59471 18118349 854 0 91669 33310 0 0
1791132417 cpu  999792 0 59472 18122345 854 0 91670 33310 0 0
1791132422 cpu  999795 0 59472 18126340 855 0 91670 33310 0 0
1791132427 cpu  999797 0 59474 18130332 855 0 91671 33311 0 0
1791132432 cpu  999799 0 59475 18134328 855 0 91671 33311 0 0
1791132437 cpu  999800 0 59476 18138323 855 0 91672 33311 0 0
1791132442 cpu  999803 0 59476 18142317 855 0 91672 33312 0 0
1791132447 cpu  999804 0 59478 18146312 855 0 91672 33312 0 0
1791132452 cpu  999812 0 59482 18150290 855 0 91672 33313 0 0
1791132457 cpu  999814 0 59484 18154285 856 0 91672 33313 0 0
1791132462 cpu  999816 0 59484 18158280 856 0 91672 33313 0 0
1791132467 cpu  999818 0 59485 18162273 856 0 91672 33314 0 0
1791132472 cpu  999820 0 59486 18166267 856 0 91673 33314 0 0
1791132477 cpu  999821 0 59486 18170262 856 0 91673 33314 0 0
1791132482 cpu  999822 0 59487 18174257 856 0 91673 33315 0 0
1791132487 cpu  999827 0 59488 18178247 857 0 91673 33315 0 0
1791132492 cpu  999828 0 59488 18182242 857 0 91673 33316 0 0
1791132497 cpu  999830 0 59490 18186237 857 0 91673 33316 0 0
1791132502 cpu  999831 0 59491 18190233 857 0 91673 33316 0 0
1791132507 cpu  999832 0 59492 18194227 857 0 91673 33317 0 0
1791132512 cpu  999838 0 59497 18198205 857 0 91673 33317 0 0
1791132517 cpu  999841 0 59498 18202200 857 0 91674 33318 0 0
1791132522 cpu  999843 0 59498 18206195 857 0 91674 33318 0 0
1791132527 cpu  999846 0 59499 18210188 857 0 91674 33318 0 0
1791132532 cpu  999846 0 59499 18214183 857 0 91674 33319 0 0
1791132537 cpu  999848 0 59500 18218178 857 0 91674 33319 0 0
1791132542 cpu  999849 0 59501 18222173 857 0 91674 33319 0 0
1791132547 cpu  999852 0 59502 18226165 857 0 91676 33319 0 0
1791132552 cpu  999852 0 59503 18230160 857 0 91676 33319 0 0
1791132557 cpu  999854 0 59503 18234155 857 0 91676 33320 0 0
1791132562 cpu  999856 0 59504 18238150 857 0 91676 33320 0 0
1791132567 cpu  999858 0 59505 18242145 857 0 91676 33320 0 0
1791132572 cpu  999868 0 59513 18246123 857 0 91677 33321 0 0
1791132577 cpu  999869 0 59513 18250117 857 0 91678 33321 0 0
1791132582 cpu  999870 0 59514 18254112 857 0 91678 33321 0 0
1791132587 cpu  999873 0 59514 18258105 857 0 91678 33322 0 0
1791132592 cpu  999874 0 59515 18262100 857 0 91678 33322 0 0
1791132597 cpu  999963 0 59555 18265961 857 0 91696 33323 0 0
1791132602 cpu  1000054 0 59589 18269824 857 0 91711 33325 0 0
1791132607 cpu  1000104 0 59614 18273738 857 0 91719 33326 0 0
1791132612 cpu  1000288 0 59685 18277482 857 0 91735 33328 0 0
1791132617 cpu  1001438 0 59778 18280227 858 0 91748 33331 0 0
1791132622 cpu  1002001 0 59811 18283604 858 0 91764 33334 0 0
1791132627 cpu  1002632 0 59839 18286916 858 0 91794 33339 0 0
1791132632 cpu  1003284 0 59869 18290197 858 0 91828 33346 0 0
1791132637 cpu  1004072 0 59897 18293346 859 0 91866 33352 0 0
1791132642 cpu  1004869 0 59924 18296486 859 0 91914 33362 0 0
1791132647 cpu  1005847 0 59956 18299443 859 0 91967 33376 0 0
1791132652 cpu  1006833 0 59986 18302379 859 0 92031 33394 0 0
1791132657 cpu  1007907 0 60033 18305201 859 0 92086 33406 0 0
1791132662 cpu  1008930 0 60069 18308098 860 0 92156 33416 0 0
1791132667 cpu  1009702 0 60095 18311265 860 0 92216 33422 0 0
1791132672 cpu  1010333 0 60110 18314596 860 0 92287 33430 0 0
1791132677 cpu  1010964 0 60132 18317940 860 0 92339 33436 0 0
1791132682 cpu  1011588 0 60149 18321275 860 0 92396 33444 0 0
1791132687 cpu  1012195 0 60172 18324605 860 0 92448 33452 0 0
1791132692 cpu  1012825 0 60195 18327923 860 0 92496 33458 0 0
1791132697 cpu  1013422 0 60211 18331279 860 0 92544 33463 0 0
1791132702 cpu  1014031 0 60229 18334622 861 0 92601 33470 0 0
1791132707 cpu  1014648 0 60247 18337959 861 0 92658 33476 0 0
1791132712 cpu  1015290 0 60267 18341268 861 0 92723 33492 0 0
1791132717 cpu  1015885 0 60281 18344616 861 0 92771 33498 0 0
1791132722 cpu  1016496 0 60299 18347942 861 0 92838 33507 0 0
1791132727 cpu  1017069 0 60317 18351286 862 0 92887 33512 0 0
1791132732 cpu  1017657 0 60339 18354646 862 0 92940 33518 0 0
1791132737 cpu  1018251 0 60353 18358004 862 0 92993 33524 0 0
1791132742 cpu  1018862 0 60374 18361347 862 0 93047 33531 0 0
1791132747 cpu  1019463 0 60394 18364685 862 0 93104 33540 0 0
1791132752 cpu  1020129 0 60422 18367949 862 0 93163 33555 0 0
1791132757 cpu  1020750 0 60439 18371277 862 0 93214 33564 0 0
1791132762 cpu  1021384 0 60454 18374616 863 0 93264 33571 0 0
1791132767 cpu  1021972 0 60473 18377966 863 0 93314 33577 0 0
1791132772 cpu  1022578 0 60493 18381309 863 0 93372 33585 0 0
1791132777 cpu  1023162 0 60510 18384659 863 0 93432 33592 0 0
1791132782 cpu  1023772 0 60533 18387985 863 0 93490 33602 0 0
1791132787 cpu  1024377 0 60551 18391323 863 0 93540 33609 0 0
1791132792 cpu  1024952 0 60574 18394691 863 0 93593 33613 0 0
1791132797 cpu  1025519 0 60597 18398056 863 0 93636 33618 0 0
1791132802 cpu  1026108 0 60614 18401408 863 0 93684 33624 0 0
1791132807 cpu  1026792 0 60636 18404666 863 0 93728 33648 0 0
1791132812 cpu  1027425 0 60661 18407969 863 0 93781 33659 0 0
1791132817 cpu  1028015 0 60680 18411330 864 0 93828 33664 0 0
1791132822 cpu  1028622 0 60700 18414665 864 0 93882 33672 0 0
1791132827 cpu  1029218 0 60717 18418018 864 0 93937 33677 0 0
1791132832 cpu  1029807 0 60739 18421365 864 0 93991 33686 0 0
1791132837 cpu  1030402 0 60752 18424724 864 0 94049 33690 0 0
1791132842 cpu  1031025 0 60777 18428047 864 0 94104 33700 0 0
1791132847 cpu  1031644 0 60799 18431367 864 0 94165 33711 0 0
1791132852 cpu  1032248 0 60820 18434727 864 0 94228 33717 0 0
1791132857 cpu  1032811 0 60838 18438097 865 0 94272 33721 0 0
1791132862 cpu  1033386 0 60857 18441446 865 0 94322 33729 0 0
1791132867 cpu  1033993 0 60882 18444782 865 0 94379 33737 0 0
1791132872 cpu  1034628 0 60910 18448093 865 0 94434 33747 0 0
1791132877 cpu  1035245 0 60928 18451441 865 0 94495 33755 0 0
1791132882 cpu  1035861 0 60945 18454775 865 0 94542 33763 0 0
1791132887 cpu  1036472 0 60965 18458105 865 0 94601 33771 0 0
1791132892 cpu  1037099 0 60984 18461421 866 0 94655 33785 0 0
1791132897 cpu  1037713 0 61000 18464735 866 0 94705 33795 0 0
1791132902 cpu  1038332 0 61017 18468048 866 0 94771 33807 0 0
1791132907 cpu  1038930 0 61033 18471392 866 0 94822 33813 0 0
1791132912 cpu  1039535 0 61051 18474740 866 0 94878 33820 0 0
1791132917 cpu  1040109 0 61073 18478101 867 0 94929 33825 0 0
1791132922 cpu  1040717 0 61094 18481432 867 0 94981 33834 0 0
1791132927 cpu  1041307 0 61114 18484773 867 0 95033 33841 0 0
1791132932 cpu  1041924 0 61140 18488086 867 0 95089 33850 0 0
1791132938 cpu  1042506 0 61154 18491455 867 0 95144 33855 0 0
1791132943 cpu  1043098 0 61175 18494804 867 0 95212 33862 0 0
1791132948 cpu  1043697 0 61193 18498148 868 0 95265 33867 0 0
1791132953 cpu  1044291 0 61212 18501492 868 0 95318 33875 0 0
1791132958 cpu  1044908 0 61232 18504818 868 0 95383 33884 0 0
1791132963 cpu  1045558 0 61251 18508104 868 0 95450 33903 0 0
1791132968 cpu  1046235 0 61273 18511361 868 0 95512 33928 0 0
1791132973 cpu  1046840 0 61292 18514676 869 0 95578 33940 0 0
1791132978 cpu  1047426 0 61307 18518023 869 0 95624 33947 0 0
1791132983 cpu  1048037 0 61332 18521341 869 0 95685 33958 0 0
1791132988 cpu  1048667 0 61351 18524667 869 0 95738 33968 0 0
1791132993 cpu  1049295 0 61380 18527949 869 0 95811 33984 0 0
1791132998 cpu  1049860 0 61399 18531311 869 0 95875 33989 0 0
1791133003 cpu  1050442 0 61412 18534663 869 0 95938 33995 0 0
1791133008 cpu  1051044 0 61436 18538006 869 0 95993 34003 0 0
1791133013 cpu  1051650 0 61457 18541331 869 0 96048 34012 0 0
1791133018 cpu  1052264 0 61480 18544658 870 0 96104 34020 0 0
1791133023 cpu  1052862 0 61503 18547989 870 0 96161 34030 0 0
1791133028 cpu  1053449 0 61522 18551339 871 0 96217 34035 0 0
1791133033 cpu  1054044 0 61545 18554677 871 0 96277 34044 0 0
1791133038 cpu  1054608 0 61565 18558027 871 0 96326 34051 0 0
1791133043 cpu  1055211 0 61587 18561356 871 0 96379 34059 0 0
1791133048 cpu  1055856 0 61607 18564664 872 0 96432 34073 0 0
1791133053 cpu  1056504 0 61634 18567944 872 0 96487 34087 0 0
1791133058 cpu  1057081 0 61652 18571295 872 0 96547 34093 0 0
1791133063 cpu  1057653 0 61671 18574651 872 0 96593 34099 0 0
1791133068 cpu  1058243 0 61691 18577997 872 0 96647 34105 0 0
1791133073 cpu  1058860 0 61708 18581310 873 0 96695 34119 0 0
1791133078 cpu  1059449 0 61725 18584654 873 0 96745 34125 0 0
1791133083 cpu  1060090 0 61750 18587927 873 0 96807 34146 0 0
1791133088 cpu  1060714 0 61770 18591237 874 0 96866 34160 0 0
1791133093 cpu  1061296 0 61786 18594580 874 0 96919 34169 0 0
1791133098 cpu  1061868 0 61799 18597936 874 0 96973 34176 0 0
1791133103 cpu  1062476 0 61819 18601248 874 0 97025 34189 0 0
1791133108 cpu  1063101 0 61839 18604543 874 0 97085 34204 0 0
1791133113 cpu  1063801 0 61867 18607730 874 0 97147 34247 0 0
1791133118 cpu  1064380 0 61889 18611048 874 0 97205 34257 0 0
1791133123 cpu  1064988 0 61909 18614356 874 0 97256 34271 0 0
1791133128 cpu  1065588 0 61928 18617664 875 0 97309 34283 0 0
1791133133 cpu  1066214 0 61944 18620967 875 0 97377 34300 0 0
1791133138 cpu  1066827 0 61969 18624291 875 0 97435 34310 0 0
1791133143 cpu  1067439 0 61990 18627577 875 0 97495 34329 0 0
1791133148 cpu  1068041 0 62006 18630904 875 0 97551 34339 0 0
1791133153 cpu  1068646 0 62022 18634228 876 0 97600 34350 0 0
1791133158 cpu  1069240 0 62040 18637572 876 0 97659 34357 0 0
1791133163 cpu  1069831 0 62062 18640925 876 0 97708 34363 0 0
1791133168 cpu  1070440 0 62082 18644252 876 0 97763 34373 0 0
1791133173 cpu  1071057 0 62105 18647559 876 0 97812 34383 0 0
1791133178 cpu  1071649 0 62126 18650903 876 0 97862 34390 0 0
1791133183 cpu  1072219 0 62148 18654236 876 0 97918 34399 0 0
1791133188 cpu  1072820 0 62163 18657567 876 0 97980 34407 0 0
1791133193 cpu  1073411 0 62180 18660896 876 0 98030 34418 0 0
1791133198 cpu  1074015 0 62204 18664208 876 0 98081 34429 0 0
1791133203 cpu  1074655 0 62226 18667488 876 0 98134 34453 0 0
1791133208 cpu  1075228 0 62248 18670828 876 0 98192 34462 0 0
1791133213 cpu  1075829 0 62269 18674156 876 0 98258 34472 0 0
1791133218 cpu  1076407 0 62285 18677502 877 0 98316 34479 0 0
1791133223 cpu  1077017 0 62299 18680834 877 0 98369 34489 0 0
1791133228 cpu  1077350 0 62348 18684422 877 0 98406 34493 0 0
1791133233 cpu  1077361 0 62358 18688396 877 0 98406 34494 0 0
1791133238 cpu  1077362 0 62360 18692392 877 0 98406 34494 0 0
1791133243 cpu  1077364 0 62361 18696386 877 0 98406 34494 0 0
1791133248 cpu  1077368 0 62362 18700378 877 0 98407 34495 0 0
1791133253 cpu  1077368 0 62363 18704374 877 0 98407 34495 0 0
1791133258 cpu  1077417 0 62383 18708298 877 0 98416 34495 0 0
