1791132302 cpu  1175835 525 352710 17231277 7234 0 260171 13453 0 0
1791132307 cpu  1175894 525 352752 17235133 7235 0 260181 13454 0 0
1791132312 cpu  1176017 525 352814 17238906 7235 0 260204 13456 0 0
1791132317 cpu  1176131 525 352860 17242690 7236 0 260224 13458 0 0
1791132322 cpu  1176268 525 352920 17246453 7237 0 260238 13460 0 0
1791132327 cpu  1176392 525 352976 17250213 7238 0 260263 13462 0 0
1791132332 cpu  1176553 525 353053 17253926 7239 0 260294 13465 0 0
1791132337 cpu  1176692 525 353132 17257645 7240 0 260329 13466 0 0
1791132342 cpu  1176885 525 353218 17261312 7241 0 260349 13468 0 0
1791132347 cpu  1177020 525 353285 17265067 7242 0 260372 13470 0 0
1791132352 cpu  1177088 525 353320 17268920 7242 0 260381 13471 0 0
1791132357 cpu  1177134 525 353352 17272799 7243 0 260389 13472 0 0
1791132362 cpu  1177187 525 353392 17276660 7244 0 260396 13474 0 0
1791132367 cpu  1177247 525 353425 17280529 7245 0 260403 13475 0 0
1791132372 cpu  1177367 525 353493 17284290 7246 0 260421 13477 0 0
1791132377 cpu  1177488 525 353557 17288046 7246 0 260438 13478 0 0
1791132382 cpu  1177601 525 353609 17291831 7247 0 260452 13480 0 0
1791132387 cpu  1177751 525 353685 17295549 7248 0 260474 13482 0 0
1791132392 cpu  1177891 525 353766 17299282 7249 0 260496 13484 0 0
1791132397 cpu  1178039 525 353832 17303010 7250 0 260517 13486 0 0
1791132402 cpu  1178185 525 353904 17306738 7251 0 260539 13488 0 0
1791132407 cpu  1178280 525 353951 17310548 7252 0 260554 13491 0 0
1791132412 cpu  1178412 525 354015 17314293 7253 0 260569 13493 0 0
1791132417 cpu  1178524 525 354073 17318076 7254 0 260593 13495 0 0
1791132422 cpu  1178657 525 354124 17321843 7256 0 260609 13497 0 0
1791132427 cpu  1178758 525 354186 17325640 7257 0 260626 13499 0 0
1791132432 cpu  1178873 525 354239 17329414 7258 0 260637 13501 0 0
1791132437 cpu  1178985 525 354289 17333191 7259 0 260652 13504 0 0
1791132442 cpu  1179124 525 354366 17336926 7260 0 260678 13506 0 0
1791132447 cpu  1179258 525 354423 17340668 7261 0 260696 13509 0 0
1791132452 cpu  1179427 525 354495 17344366 7262 0 260724 13511 0 0
1791132457 cpu  1179635 525 354566 17348050 7264 0 260742 13513 0 0
1791132462 cpu  1179814 525 354651 17351733 7264 0 260765 13516 0 0
1791132467 cpu  1179959 525 354720 17355453 7265 0 260790 13518 0 0
1791132472 cpu  1180121 525 354782 17359163 7267 0 260819 13521 0 0
1791132477 cpu  1180297 525 354856 17362865 7268 0 260848 13523 0 0
1791132482 cpu  1180472 525 354930 17366565 7269 0 260873 13525 0 0
1791132487 cpu  1180633 525 355004 17370270 7270 0 260900 13527 0 0
1791132492 cpu  1180789 525 355073 17373980 7271 0 260923 13529 0 0
1791132497 cpu  1180955 525 355136 17377701 7272 0 260951 13531 0 0
1791132502 cpu  1181113 525 355212 17381412 7273 0 260970 13533 0 0
1791132507 cpu  1181266 525 355278 17385139 7273 0 260994 13536 0 0
1791132512 cpu  1181432 525 355342 17388850 7275 0 261016 13538 0 0
1791132517 cpu  1181587 525 355417 17392565 7276 0 261043 13541 0 0
1791132522 cpu  1181761 525 355489 17396246 7277 0 261061 13544 0 0
1791132527 cpu  1181887 525 355554 17400002 7278 0 261080 13546 0 0
1791132532 cpu  1182040 525 355618 17403717 7279 0 261105 13549 0 0
1791132537 cpu  1182371 525 355691 17407250 7280 0 261138 13552 0 0
1791132542 cpu  1182807 525 355773 17410655 7281 0 261187 13555 0 0
1791132547 cpu  1183238 525 355858 17414074 7282 0 261241 13558 0 0
1791132552 cpu  1183653 525 355944 17417485 7283 0 261291 13560 0 0
1791132557 cpu  1184086 525 356038 17420892 7285 0 261343 13564 0 0
1791132562 cpu  1184541 525 356129 17424261 7287 0 261395 13567 0 0
1791132567 cpu  1184957 525 356211 17427685 7287 0 261456 13570 0 0
1791132572 cpu  1185434 525 356317 17431016 7289 0 261514 13576 0 0
1791132577 cpu  1185878 525 356421 17434400 7290 0 261567 13580 0 0
1791132582 cpu  1186349 525 356535 17437718 7291 0 261621 13587 0 0
1791132587 cpu  1186831 525 356656 17441040 7292 0 261688 13596 0 0
1791132592 cpu  1187384 525 356768 17444250 7294 0 261746 13607 0 0
1791132597 cpu  1187931 525 356871 17447513 7295 0 261805 13619 0 0
1791132602 cpu  1188564 525 356992 17450629 7298 0 261857 13670 0 0
1791132607 cpu  1189169 525 357123 17453782 7300 0 261907 13707 0 0
1791132612 cpu  1189805 525 357243 17456892 7302 0 261972 13763 0 0
1791132617 cpu  1190481 525 357393 17459895 7306 0 262044 13872 0 0
1791132622 cpu  1191161 525 357561 17462853 7309 0 262144 13945 0 0
1791132627 cpu  1191873 525 357716 17465806 7310 0 262252 13991 0 0
1791132632 cpu  1192563 525 357868 17468768 7312 0 262370 14019 0 0
1791132637 cpu  1193243 525 358047 17471719 7314 0 262505 14046 0 0
1791132642 cpu  1194042 525 358231 17474507 7317 0 262662 14078 0 0
1791132647 cpu  1194751 525 358406 17477385 7318 0 262819 14107 0 0
1791132652 cpu  1195470 525 358597 17480240 7321 0 262994 14131 0 0
1791132657 cpu  1196161 525 358755 17483153 7323 0 263172 14149 0 0
1791132662 cpu  1196879 525 358928 17486050 7325 0 263347 14162 0 0
1791132667 cpu  1197599 525 359097 17488951 7327 0 263522 14174 0 0
1791132672 cpu  1198295 525 359271 17491879 7328 0 263690 14182 0 0
1791132677 cpu  1198993 525 359419 17494824 7330 0 263872 14191 0 0
1791132682 cpu  1199714 525 359587 17497716 7332 0 264043 14203 0 0
1791132687 cpu  1200369 525 359750 17500682 7333 0 264209 14212 0 0
1791132692 cpu  1201063 525 359909 17503608 7335 0 264395 14222 0 0
1791132697 cpu  1201738 525 360067 17506547 7337 0 264579 14231 0 0
1791132702 cpu  1202431 525 360233 17509457 7339 0 264753 14239 0 0
1791132707 cpu  1203087 525 360386 17512418 7340 0 264952 14247 0 0
1791132712 cpu  1203786 525 360550 17515361 7343 0 265133 14255 0 0
1791132717 cpu  1204444 525 360702 17518349 7344 0 265301 14262 0 0
1791132722 cpu  1205121 525 360856 17521277 7346 0 265475 14271 0 0
1791132727 cpu  1205798 525 361001 17524202 7348 0 265660 14282 0 0
1791132732 cpu  1206506 525 361155 17527168 7349 0 265821 14288 0 0
1791132737 cpu  1207181 525 361321 17530123 7351 0 265999 14295 0 0
1791132742 cpu  1207848 525 361468 17533091 7354 0 266153 14303 0 0
1791132747 cpu  1208500 525 361616 17536082 7355 0 266319 14312 0 0
1791132752 cpu  1209171 525 361770 17539050 7356 0 266488 14318 0 0
1791132757 cpu  1209851 525 361916 17542030 7359 0 266668 14324 0 0
1791132762 cpu  1210512 525 362086 17544979 7360 0 266857 14331 0 0
1791132767 cpu  1211203 525 362257 17547940 7362 0 267036 14337 0 0
1791132772 cpu  1211888 525 362413 17550926 7364 0 267213 14342 0 0
1791132777 cpu  1212549 525 362572 17553930 7366 0 267383 14351 0 0
1791132782 cpu  1213184 525 362735 17556913 7368 0 267555 14357 0 0
1791132787 cpu  1213834 525 362893 17559911 7369 0 267723 14363 0 0
1791132792 cpu  1214503 525 363058 17562884 7371 0 267892 14369 0 0
1791132797 cpu  1215163 525 363207 17565866 7373 0 268072 14375 0 0
1791132802 cpu  1215870 525 363341 17568819 7375 0 268240 14381 0 0
1791132807 cpu  1216561 525 363511 17571803 7376 0 268409 14387 0 0
1791132812 cpu  1217210 525 363675 17574771 7378 0 268578 14394 0 0
1791132817 cpu  1217883 525 363835 17577743 7380 0 268751 14400 0 0
1791132822 cpu  1218553 525 363999 17580693 7382 0 268918 14406 0 0
1791132827 cpu  1219207 525 364158 17583686 7383 0 269087 14412 0 0
1791132832 cpu  1219872 525 364318 17586651 7386 0 269262 14417 0 0
1791132837 cpu  1220523 525 364477 17589659 7388 0 269428 14423 0 0
1791132842 cpu  1221159 525 364639 17592632 7389 0 269596 14429 0 0
1791132847 cpu  1221842 525 364799 17595603 7391 0 269763 14435 0 0
1791132852 cpu  1222484 525 364947 17598582 7393 0 269930 14440 0 0
1791132857 cpu  1223153 525 365102 17601554 7394 0 270099 14445 0 0
1791132862 cpu  1223797 525 365249 17604530 7396 0 270252 14450 0 0
1791132867 cpu  1224425 525 365412 17607533 7398 0 270418 14455 0 0
1791132872 cpu  1225104 525 365570 17610513 7400 0 270585 14461 0 0
1791132877 cpu  1225766 525 365729 17613501 7402 0 270761 14466 0 0
1791132882 cpu  1226420 525 365883 17616458 7403 0 270928 14472 0 0
1791132887 cpu  1227084 525 366039 17619441 7404 0 271103 14478 0 0
1791132892 cpu  1227771 525 366197 17622409 7407 0 271278 14484 0 0
1791132897 cpu  1228460 525 366359 17625390 7408 0 271446 14489 0 0
1791132902 cpu  1229098 525 366519 17628371 7409 0 271622 14496 0 0
1791132907 cpu  1229762 525 366682 17631341 7411 0 271795 14503 0 0
1791132912 cpu  1230410 525 366826 17634336 7412 0 271970 14508 0 0
1791132917 cpu  1231081 525 366981 17637321 7414 0 272156 14515 0 0
1791132922 cpu  1231753 525 367151 17640276 7416 0 272319 14521 0 0
1791132927 cpu  1232422 525 367294 17643273 7417 0 272479 14528 0 0
1791132932 cpu  1233078 525 367455 17646250 7419 0 272651 14533 0 0
1791132937 cpu  1233736 525 367624 17649224 7421 0 272811 14538 0 0
1791132942 cpu  1234447 525 367780 17652143 7422 0 272968 14543 0 0
1791132947 cpu  1235110 525 367924 17655131 7424 0 273144 14549 0 0
1791132952 cpu  1235796 525 368087 17658083 7426 0 273311 14555 0 0
1791132957 cpu  1236450 525 368248 17661083 7427 0 273476 14561 0 0
1791132962 cpu  1237162 525 368429 17664015 7430 0 273656 14567 0 0
1791132967 cpu  1237835 525 368591 17667003 7431 0 273820 14571 0 0
1791132972 cpu  1238473 525 368756 17670019 7433 0 273987 14576 0 0
1791132977 cpu  1239146 525 368908 17672996 7434 0 274161 14581 0 0
1791132982 cpu  1239822 525 369068 17675982 7436 0 274332 14588 0 0
1791132987 cpu  1240474 525 369211 17678964 7438 0 274501 14594 0 0
1791132992 cpu  1241148 525 369357 17681938 7439 0 274680 14601 0 0
1791132997 cpu  1241837 525 369512 17684887 7442 0 274856 14608 0 0
1791133002 cpu  1242515 525 369676 17687839 7444 0 275031 14615 0 0
1791133007 cpu  1243180 525 369824 17690801 7445 0 275218 14623 0 0
1791133012 cpu  1243847 525 369980 17693771 7448 0 275387 14629 0 0
1791133017 cpu  1244518 525 370135 17696755 7449 0 275574 14635 0 0
1791133022 cpu  1245150 525 370295 17699747 7451 0 275764 14641 0 0
1791133027 cpu  1245820 525 370453 17702695 7453 0 275956 14647 0 0
1791133032 cpu  1246499 525 370623 17705638 7454 0 276132 14654 0 0
1791133037 cpu  1247221 525 370803 17708528 7455 0 276311 14663 0 0
1791133042 cpu  1247899 525 370958 17711473 7458 0 276498 14671 0 0
1791133047 cpu  1248591 525 371123 17714400 7459 0 276690 14680 0 0
1791133052 cpu  1249258 525 371276 17717363 7461 0 276854 14686 0 0
1791133057 cpu  1249939 525 371438 17720310 7463 0 277029 14693 0 0
1791133062 cpu  1250626 525 371606 17723263 7464 0 277193 14699 0 0
1791133067 cpu  1251293 525 371749 17726241 7466 0 277376 14704 0 0
1791133072 cpu  1251950 525 371892 17729245 7468 0 277532 14709 0 0
1791133077 cpu  1252620 525 372032 17732240 7469 0 277697 14714 0 0
1791133082 cpu  1253278 525 372199 17735230 7471 0 277876 14720 0 0
1791133087 cpu  1253928 525 372354 17738209 7473 0 278057 14725 0 0
1791133092 cpu  1254566 525 372500 17741221 7475 0 278228 14730 0 0
1791133097 cpu  1255207 525 372656 17744197 7477 0 278402 14736 0 0
1791133102 cpu  1255884 525 372800 17747193 7479 0 278574 14741 0 0
1791133107 cpu  1256545 525 372947 17750195 7480 0 278723 14745 0 0
1791133112 cpu  1257188 525 373110 17753190 7482 0 278874 14751 0 0
1791133117 cpu  1257858 525 373263 17756135 7484 0 279046 14756 0 0
1791133122 cpu  1258541 525 373425 17759115 7485 0 279211 14761 0 0
1791133127 cpu  1259217 525 373587 17762093 7487 0 279382 14767 0 0
1791133132 cpu  1259838 525 373744 17765112 7489 0 279553 14771 0 0
1791133137 cpu  1260493 525 373900 17768108 7490 0 279725 14776 0 0
1791133142 cpu  1261145 525 374054 17771094 7492 0 279879 14781 0 0
1791133147 cpu  1261813 525 374216 17774079 7494 0 280048 14785 0 0
1791133152 cpu  1262477 525 374363 17777075 7496 0 280208 14790 0 0
1791133157 cpu  1263137 525 374526 17780068 7497 0 280380 14795 0 0
1791133162 cpu  1263787 525 374684 17783054 7499 0 280546 14799 0 0
1791133167 cpu  1264432 525 374844 17786053 7500 0 280707 14804 0 0
1791133172 cpu  1265073 525 375000 17789065 7502 0 280865 14808 0 0
1791133177 cpu  1265740 525 375147 17792056 7504 0 281023 14814 0 0
1791133182 cpu  1266368 525 375312 17795051 7505 0 281203 14818 0 0
1791133187 cpu  1267014 525 375465 17798058 7507 0 281374 14823 0 0
1791133192 cpu  1267669 525 375613 17801070 7509 0 281533 14827 0 0
1791133197 cpu  1268319 525 375774 17804061 7510 0 281700 14832 0 0
1791133202 cpu  1268973 525 375935 17807067 7511 0 281872 14837 0 0
1791133207 cpu  1269674 525 376083 17810018 7513 0 282044 14841 0 0
1791133212 cpu  1270324 525 376254 17813023 7514 0 282214 14846 0 0
1791133217 cpu  1270960 525 376409 17816011 7516 0 282372 14850 0 0
1791133222 cpu  1271606 525 376556 17819017 7517 0 282549 14855 0 0
1791133227 cpu  1272259 525 376693 17822063 7518 0 282671 14859 0 0
1791133232 cpu  1272351 525 376751 17825856 7520 0 282686 14860 0 0
1791133237 cpu  1272487 525 376818 17829603 7521 0 282713 14862 0 0
1791133242 cpu  1272631 525 376870 17833351 7522 0 282730 14864 0 0
