1791120552 cpu  459221 0 22178 9263845 586 0 47602 9775 0 0
1791120557 cpu  459223 0 22180 9267838 586 0 47602 9775 0 0
1791120562 cpu  459225 0 22181 9271833 586 0 47603 9776 0 0
1791120567 cpu  459270 0 22203 9275759 586 0 47610 9777 0 0
1791120572 cpu  459277 0 22212 9279735 586 0 47611 9777 0 0
1791120577 cpu  459280 0 22213 9283728 586 0 47611 9777 0 0
1791120582 cpu  459282 0 22217 9287721 586 0 47612 9778 0 0
1791120587 cpu  459286 0 22218 9291712 586 0 47612 9778 0 0
1791120592 cpu  459287 0 22221 9295706 586 0 47612 9778 0 0
1791120597 cpu  459289 0 22222 9299700 586 0 47612 9779 0 0
1791120602 cpu  459292 0 22223 9303694 586 0 47613 9779 0 0
1791120607 cpu  459296 0 22224 9307686 586 0 47613 9779 0 0
1791120612 cpu  459299 0 22225 9311679 586 0 47613 9780 0 0
1791120617 cpu  459304 0 22225 9315671 586 0 47614 9780 0 0
1791120622 cpu  459307 0 22227 9319665 586 0 47615 9780 0 0
1791120627 cpu  459310 0 22227 9323659 586 0 47615 9781 0 0
1791120632 cpu  459322 0 22232 9327636 586 0 47615 9781 0 0
1791120637 cpu  459324 0 22233 9331630 586 0 47615 9781 0 0
1791120642 cpu  459326 0 22234 9335624 586 0 47615 9782 0 0
1791120647 cpu  459329 0 22236 9339615 586 0 47615 9782 0 0
1791120652 cpu  459331 0 22237 9343609 586 0 47616 9783 0 0
1791120657 cpu  459335 0 22237 9347602 586 0 47616 9783 0 0
1791120662 cpu  459337 0 22239 9351597 586 0 47616 9783 0 0
1791120667 cpu  459342 0 22240 9355587 586 0 47616 9784 0 0
1791120672 cpu  459344 0 22241 9359582 586 0 47616 9784 0 0
1791120677 cpu  459348 0 22242 9363574 586 0 47617 9785 0 0
1791120682 cpu  459351 0 22243 9367567 587 0 47617 9785 0 0
1791120687 cpu  459357 0 22245 9371557 587 0 47618 9786 0 0
1791120692 cpu  459369 0 22250 9375532 587 0 47618 9787 0 0
1791120697 cpu  459371 0 22251 9379524 587 0 47618 9787 0 0
1791120702 cpu  459374 0 22253 9383516 587 0 47618 9788 0 0
1791120707 cpu  459377 0 22255 9387506 587 0 47618 9788 0 0
1791120712 cpu  459381 0 22257 9391498 587 0 47618 9789 0 0
1791120717 cpu  459383 0 22259 9395489 587 0 47618 9789 0 0
1791120722 cpu  459386 0 22260 9399482 587 0 47619 9790 0 0
1791120727 cpu  459388 0 22261 9403473 588 0 47619 9791 0 0
1791120732 cpu  459391 0 22261 9407465 588 0 47619 9792 0 0
1791120737 cpu  459393 0 22263 9411459 588 0 47619 9792 0 0
1791120742 cpu  459395 0 22264 9415452 588 0 47619 9793 0 0
1791120747 cpu  459397 0 22265 9419445 588 0 47619 9794 0 0
1791120752 cpu  459407 0 22272 9423419 589 0 47620 9795 0 0
1791120757 cpu  459410 0 22274 9427413 589 0 47620 9796 0 0
1791120762 cpu  459414 0 22275 9431407 589 0 47621 9796 0 0
1791120767 cpu  459419 0 22276 9435394 589 0 47621 9798 0 0
1791120772 cpu  459421 0 22277 9439387 590 0 47622 9799 0 0
1791120777 cpu  459423 0 22279 9443380 590 0 47623 9799 0 0
1791120782 cpu  459425 0 22280 9447372 590 0 47623 9800 0 0
1791120787 cpu  459428 0 22281 9451362 590 0 47623 9801 0 0
1791120792 cpu  459430 0 22282 9455355 590 0 47623 9801 0 0
1791120797 cpu  459431 0 22283 9459349 590 0 47623 9802 0 0
1791120802 cpu  459435 0 22284 9463342 590 0 47624 9803 0 0
1791120807 cpu  459438 0 22285 9467333 590 0 47624 9804 0 0
1791120812 cpu  459446 0 22291 9471309 590 0 47624 9805 0 0
1791120817 cpu  459449 0 22294 9475303 590 0 47625 9806 0 0
1791120822 cpu  459451 0 22295 9479296 590 0 47626 9807 0 0
1791120827 cpu  459453 0 22295 9483287 590 0 47626 9808 0 0
1791120832 cpu  459456 0 22297 9487280 590 0 47626 9808 0 0
1791120837 cpu  459549 0 22336 9491135 590 0 47642 9811 0 0
1791120842 cpu  459601 0 22364 9495043 590 0 47653 9814 0 0
1791120847 cpu  459699 0 22405 9498893 590 0 47667 9818 0 0
1791120852 cpu  459769 0 22433 9502784 590 0 47679 9820 0 0
1791120857 cpu  461017 0 22563 9505384 590 0 47697 9835 0 0
1791120862 cpu  461540 0 22585 9508817 590 0 47727 9841 0 0
1791120867 cpu  462269 0 22636 9512023 591 0 47758 9854 0 0
1791120872 cpu  462969 0 22669 9515228 592 0 47801 9880 0 0
1791120877 cpu  463906 0 22710 9518168 592 0 47858 9958 0 0
1791120882 cpu  464768 0 22740 9521248 592 0 47905 9977 0 0
1791120887 cpu  465815 0 22774 9524111 592 0 47962 10025 0 0
1791120892 cpu  466783 0 22805 9527089 592 0 48018 10038 0 0
1791120897 cpu  467811 0 22842 9529970 592 0 48090 10048 0 0
1791120902 cpu  468860 0 22878 9532842 592 0 48161 10059 0 0
1791120907 cpu  469809 0 22912 9535817 593 0 48229 10073 0 0
1791120912 cpu  470413 0 22927 9539160 593 0 48285 10080 0 0
1791120917 cpu  471022 0 22950 9542496 593 0 48345 10087 0 0
1791120922 cpu  471628 0 22972 9545836 593 0 48410 10093 0 0
1791120927 cpu  472224 0 22990 9549182 593 0 48461 10100 0 0
1791120932 cpu  472843 0 23017 9552495 593 0 48523 10105 0 0
1791120937 cpu  473451 0 23037 9555834 593 0 48579 10110 0 0
1791120942 cpu  474057 0 23057 9559167 594 0 48633 10117 0 0
1791120947 cpu  474652 0 23074 9562511 594 0 48693 10124 0 0
1791120952 cpu  475248 0 23099 9565839 594 0 48750 10133 0 0
1791120957 cpu  475841 0 23123 9569179 594 0 48808 10139 0 0
1791120962 cpu  476456 0 23142 9572512 594 0 48861 10146 0 0
1791120967 cpu  477057 0 23170 9575833 594 0 48924 10154 0 0
1791120972 cpu  477665 0 23187 9579164 594 0 48983 10162 0 0
1791120977 cpu  478272 0 23209 9582481 594 0 49048 10174 0 0
1791120982 cpu  478885 0 23232 9585805 594 0 49106 10182 0 0
1791120987 cpu  479474 0 23254 9589136 594 0 49160 10192 0 0
1791120992 cpu  480089 0 23283 9592434 595 0 49222 10201 0 0
1791120997 cpu  480703 0 23304 9595756 595 0 49280 10210 0 0
1791121002 cpu  481319 0 23331 9599090 595 0 49339 10217 0 0
1791121007 cpu  481939 0 23354 9602395 595 0 49394 10227 0 0
1791121012 cpu  482543 0 23377 9605719 595 0 49454 10236 0 0
1791121017 cpu  483142 0 23400 9609052 595 0 49516 10243 0 0
1791121022 cpu  483753 0 23422 9612383 595 0 49572 10252 0 0
1791121027 cpu  484372 0 23444 9615711 595 0 49635 10258 0 0
1791121032 cpu  484963 0 23465 9619045 596 0 49699 10267 0 0
1791121037 cpu  485564 0 23486 9622382 596 0 49756 10275 0 0
1791121042 cpu  486161 0 23504 9625719 596 0 49814 10282 0 0
1791121047 cpu  486788 0 23518 9629039 596 0 49874 10293 0 0
1791121052 cpu  487390 0 23545 9632357 596 0 49931 10299 0 0
1791121057 cpu  487975 0 23562 9635702 596 0 50002 10305 0 0
1791121062 cpu  488562 0 23582 9639075 596 0 50054 10310 0 0
1791121067 cpu  489062 0 23603 9642504 596 0 50111 10317 0 0
1791121072 cpu  489585 0 23623 9645948 596 0 50169 10321 0 0
1791121077 cpu  490129 0 23639 9649363 597 0 50239 10327 0 0
1791121082 cpu  490671 0 23663 9652770 597 0 50310 10336 0 0
1791121087 cpu  491224 0 23687 9656137 597 0 50373 10353 0 0
1791121092 cpu  491764 0 23702 9659546 597 0 50434 10363 0 0
1791121097 cpu  492316 0 23728 9662933 597 0 50501 10374 0 0
1791121102 cpu  492883 0 23745 9666332 597 0 50581 10383 0 0
1791121107 cpu  493474 0 23763 9669694 597 0 50660 10392 0 0
1791121112 cpu  494035 0 23795 9673077 597 0 50731 10399 0 0
1791121117 cpu  494613 0 23813 9676463 597 0 50809 10408 0 0
1791121122 cpu  495174 0 23836 9679863 597 0 50874 10419 0 0
1791121127 cpu  495743 0 23855 9683245 597 0 50954 10430 0 0
1791121132 cpu  496317 0 23877 9686620 597 0 51032 10443 0 0
1791121137 cpu  496891 0 23898 9689989 598 0 51098 10457 0 0
1791121142 cpu  497443 0 23919 9693359 598 0 51169 10468 0 0
1791121147 cpu  498119 0 23940 9696598 599 0 51252 10491 0 0
1791121152 cpu  498771 0 23968 9699883 599 0 51330 10506 0 0
1791121157 cpu  499422 0 23996 9703167 599 0 51404 10519 0 0
1791121162 cpu  500069 0 24024 9706458 599 0 51482 10527 0 0
1791121167 cpu  500639 0 24043 9709790 599 0 51567 10532 0 0
1791121172 cpu  501300 0 24071 9713063 599 0 51635 10538 0 0
1791121177 cpu  501912 0 24096 9716380 600 0 51720 10544 0 0
1791121182 cpu  502511 0 24117 9719711 600 0 51800 10549 0 0
1791121187 cpu  503073 0 24143 9723088 600 0 51867 10556 0 0
1791121192 cpu  503643 0 24164 9726464 600 0 51930 10563 0 0
1791121198 cpu  504200 0 24187 9729856 600 0 52001 10568 0 0
1791121203 cpu  504752 0 24207 9733261 600 0 52072 10574 0 0
1791121208 cpu  505334 0 24232 9736623 600 0 52133 10586 0 0
1791121213 cpu  505921 0 24255 9739995 600 0 52206 10595 0 0
1791121218 cpu  506510 0 24277 9743337 600 0 52289 10608 0 0
1791121223 cpu  507094 0 24299 9746696 600 0 52368 10622 0 0
1791121228 cpu  507678 0 24323 9750056 600 0 52441 10636 0 0
1791121233 cpu  508321 0 24354 9753350 600 0 52518 10652 0 0
1791121238 cpu  508903 0 24376 9756707 601 0 52594 10669 0 0
1791121243 cpu  509468 0 24394 9760086 601 0 52660 10677 0 0
1791121248 cpu  510086 0 24419 9763397 601 0 52738 10693 0 0
1791121253 cpu  510671 0 24443 9766751 601 0 52823 10708 0 0
1791121258 cpu  511222 0 24463 9770140 601 0 52887 10713 0 0
1791121263 cpu  511766 0 24481 9773547 601 0 52960 10721 0 0
1791121268 cpu  512343 0 24504 9776916 602 0 53026 10731 0 0
1791121273 cpu  512906 0 24522 9780314 602 0 53088 10738 0 0
1791121278 cpu  513550 0 24541 9783598 602 0 53170 10751 0 0
1791121283 cpu  514204 0 24571 9786877 602 0 53239 10762 0 0
1791121288 cpu  514834 0 24596 9790177 602 0 53335 10770 0 0
1791121293 cpu  515494 0 24627 9793440 602 0 53423 10778 0 0
1791121298 cpu  516146 0 24646 9796738 602 0 53503 10785 0 0
1791121303 cpu  516763 0 24673 9800053 602 0 53592 10793 0 0
1791121308 cpu  517365 0 24692 9803386 602 0 53668 10798 0 0
1791121313 cpu  518004 0 24717 9806684 602 0 53744 10805 0 0
1791121318 cpu  518646 0 24740 9809961 602 0 53825 10813 0 0
1791121323 cpu  519318 0 24763 9813225 602 0 53918 10828 0 0
1791121328 cpu  519893 0 24781 9816606 602 0 53978 10842 0 0
1791121333 cpu  520453 0 24806 9819987 603 0 54049 10851 0 0
1791121338 cpu  521031 0 24834 9823351 603 0 54131 10861 0 0
1791121343 cpu  521615 0 24858 9826717 603 0 54209 10870 0 0
1791121348 cpu  522188 0 24874 9830091 603 0 54280 10879 0 0
1791121353 cpu  522763 0 24899 9833436 603 0 54350 10890 0 0
1791121358 cpu  523353 0 24916 9836791 603 0 54417 10903 0 0
1791121363 cpu  523926 0 24936 9840160 603 0 54497 10913 0 0
1791121368 cpu  524555 0 24956 9843474 604 0 54568 10939 0 0
1791121373 cpu  525187 0 24979 9846778 604 0 54645 10965 0 0
1791121378 cpu  525735 0 25006 9850167 604 0 54720 10973 0 0
1791121383 cpu  526346 0 25028 9853501 604 0 54791 10993 0 0
1791121388 cpu  526924 0 25051 9856857 604 0 54862 11017 0 0
1791121393 cpu  527503 0 25076 9860223 604 0 54924 11051 0 0
1791121398 cpu  528020 0 25097 9863648 604 0 54982 11065 0 0
1791121403 cpu  528591 0 25120 9867014 604 0 55050 11076 0 0
1791121408 cpu  529135 0 25141 9870398 604 0 55108 11083 0 0
1791121413 cpu  529663 0 25161 9873806 604 0 55176 11090 0 0
1791121418 cpu  530262 0 25180 9877174 604 0 55246 11103 0 0
1791121423 cpu  530838 0 25200 9880538 604 0 55320 11112 0 0
1791121428 cpu  531429 0 25217 9883881 605 0 55393 11123 0 0
1791121433 cpu  531999 0 25237 9887249 605 0 55455 11133 0 0
1791121438 cpu  532577 0 25259 9890609 605 0 55523 11152 0 0
1791121443 cpu  533212 0 25279 9893916 605 0 55597 11191 0 0
1791121448 cpu  533825 0 25312 9897195 606 0 55674 11238 0 0
1791121453 cpu  534413 0 25329 9900537 606 0 55753 11262 0 0
1791121458 cpu  534977 0 25346 9903917 606 0 55823 11282 0 0
1791121463 cpu  535563 0 25372 9907256 606 0 55892 11301 0 0
1791121468 cpu  536017 0 25420 9910710 607 0 55955 11316 0 0
1791121473 cpu  536030 0 25426 9914684 607 0 55956 11317 0 0
1791121478 cpu  536033 0 25428 9918678 607 0 55956 11317 0 0
1791121483 cpu  536036 0 25430 9922671 607 0 55957 11318 0 0
1791121488 cpu  536039 0 25432 9926662 607 0 55958 11319 0 0
1791121493 cpu  536042 0 25433 9930656 607 0 55958 11319 0 0
1791121498 cpu  536062 0 25442 9934625 607 0 55960 11320 0 0
