1791120549 cpu  3124383 512 863969 14916529 5629 0 290952 13614 0 0
1791120554 cpu  3124550 512 864066 14924166 5629 0 290966 13621 0 0
1791120559 cpu  3124736 512 864174 14931738 5630 0 290989 13629 0 0
1791120564 cpu  3124890 512 864246 14939423 5630 0 291002 13633 0 0
1791120569 cpu  3125030 512 864347 14947081 5631 0 291025 13636 0 0
1791120574 cpu  3125147 512 864438 14954776 5631 0 291045 13640 0 0
1791120579 cpu  3125293 512 864538 14962435 5631 0 291064 13645 0 0
1791120584 cpu  3125440 512 864616 14970127 5631 0 291080 13648 0 0
1791120589 cpu  3125582 512 864714 14977777 5632 0 291097 13652 0 0
1791120594 cpu  3125706 512 864809 14985479 5632 0 291111 13656 0 0
1791120599 cpu  3125850 512 864897 14993125 5632 0 291130 13660 0 0
1791120604 cpu  3125967 512 864992 15000810 5632 0 291145 13665 0 0
1791120609 cpu  3126101 512 865085 15008468 5632 0 291169 13669 0 0
1791120614 cpu  3126232 512 865171 15016166 5633 0 291181 13673 0 0
1791120619 cpu  3126373 512 865282 15023810 5633 0 291205 13678 0 0
1791120624 cpu  3126512 512 865378 15031479 5633 0 291222 13682 0 0
1791120629 cpu  3126676 512 865498 15039070 5634 0 291250 13689 0 0
1791120634 cpu  3126828 512 865600 15046706 5634 0 291266 13695 0 0
1791120639 cpu  3126985 512 865705 15054327 5634 0 291288 13702 0 0
1791120644 cpu  3127115 512 865809 15061984 5634 0 291299 13708 0 0
1791120649 cpu  3127280 512 865936 15069581 5634 0 291324 13716 0 0
1791120654 cpu  3127435 512 866040 15077221 5634 0 291338 13721 0 0
1791120659 cpu  3127609 512 866154 15084829 5635 0 291363 13729 0 0
1791120664 cpu  3127766 512 866252 15092479 5635 0 291381 13735 0 0
1791120669 cpu  3127905 512 866352 15100110 5636 0 291403 13742 0 0
1791120674 cpu  3128047 512 866433 15107781 5636 0 291417 13746 0 0
1791120679 cpu  3128210 512 866550 15115391 5636 0 291436 13752 0 0
1791120684 cpu  3128361 512 866644 15123048 5636 0 291452 13758 0 0
1791120689 cpu  3128523 512 866744 15130657 5637 0 291469 13764 0 0
1791120694 cpu  3128676 512 866833 15138301 5637 0 291490 13771 0 0
1791120699 cpu  3128834 512 866934 15145925 5637 0 291518 13778 0 0
1791120704 cpu  3128983 512 867042 15153576 5637 0 291534 13784 0 0
1791120709 cpu  3129155 512 867156 15161182 5637 0 291556 13791 0 0
1791120714 cpu  3129297 512 867246 15168847 5637 0 291571 13796 0 0
1791120719 cpu  3129431 512 867353 15176482 5638 0 291593 13802 0 0
1791120724 cpu  3129586 512 867450 15184118 5638 0 291617 13808 0 0
1791120729 cpu  3129726 512 867551 15191744 5638 0 291648 13816 0 0
1791120734 cpu  3129881 512 867650 15199399 5638 0 291659 13821 0 0
1791120739 cpu  3130025 512 867760 15207014 5638 0 291679 13829 0 0
1791120744 cpu  3130174 512 867857 15214664 5639 0 291692 13835 0 0
1791120749 cpu  3130359 512 867975 15222245 5639 0 291716 13843 0 0
1791120754 cpu  3130517 512 868078 15229876 5639 0 291739 13850 0 0
1791120759 cpu  3130693 512 868184 15237480 5639 0 291766 13860 0 0
1791120764 cpu  3130844 512 868274 15245134 5639 0 291781 13867 0 0
1791120769 cpu  3131009 512 868383 15252729 5640 0 291804 13874 0 0
1791120774 cpu  3131147 512 868468 15260398 5640 0 291819 13880 0 0
1791120779 cpu  3131355 512 868594 15267923 5640 0 291870 13886 0 0
1791120784 cpu  3131551 512 868704 15275477 5640 0 291920 13893 0 0
1791120789 cpu  3131752 512 868813 15283007 5640 0 291972 13901 0 0
1791120794 cpu  3131922 512 868925 15290577 5641 0 292016 13907 0 0
1791120799 cpu  3132125 512 869044 15298084 5641 0 292071 13913 0 0
1791120804 cpu  3132312 512 869156 15305664 5641 0 292108 13918 0 0
1791120809 cpu  3132524 512 869274 15313204 5642 0 292154 13923 0 0
1791120814 cpu  3132703 512 869366 15320794 5642 0 292194 13927 0 0
1791120819 cpu  3132882 512 869479 15328351 5643 0 292248 13933 0 0
1791120824 cpu  3133071 512 869588 15335927 5643 0 292288 13937 0 0
1791120829 cpu  3133264 512 869702 15343469 5643 0 292331 13942 0 0
1791120834 cpu  3133442 512 869796 15351058 5643 0 292377 13947 0 0
1791120839 cpu  3133633 512 869912 15358617 5644 0 292436 13951 0 0
1791120844 cpu  3133842 512 870021 15366192 5644 0 292478 13955 0 0
1791120849 cpu  3134055 512 870143 15373733 5644 0 292538 13961 0 0
1791120854 cpu  3134266 512 870258 15381306 5644 0 292581 13965 0 0
1791120859 cpu  3134861 512 870502 15388246 5644 0 292712 13975 0 0
1791120864 cpu  3135987 512 870883 15394389 5644 0 292927 13987 0 0
1791120869 cpu  3137697 512 871380 15399697 5645 0 293184 13998 0 0
1791120874 cpu  3139828 512 871953 15404499 5645 0 293457 14008 0 0
1791120880 cpu  3142559 512 872695 15408486 5645 0 293748 14016 0 0
1791120885 cpu  3145647 512 873493 15412000 5645 0 294062 14024 0 0
1791120890 cpu  3149132 512 874379 15415017 5646 0 294389 14031 0 0
1791120895 cpu  3152976 512 875327 15417565 5646 0 294736 14041 0 0
1791120900 cpu  3157010 512 876275 15419926 5646 0 295081 14046 0 0
1791120905 cpu  3161337 512 877261 15421995 5646 0 295445 14051 0 0
1791120910 cpu  3165724 512 878251 15423978 5646 0 295801 14055 0 0
1791120915 cpu  3169949 512 879200 15426077 5647 0 296156 14060 0 0
1791120920 cpu  3174334 512 880170 15428037 5657 0 296503 14064 0 0
1791120925 cpu  3178706 512 881165 15429960 5688 0 296837 14071 0 0
1791120930 cpu  3183286 512 882262 15431646 5698 0 297183 14077 0 0
1791120935 cpu  3187698 512 883260 15433624 5709 0 297532 14082 0 0
1791120940 cpu  3192007 512 884215 15435718 5709 0 297875 14087 0 0
1791120945 cpu  3196295 512 885157 15437790 5709 0 298236 14091 0 0
1791120950 cpu  3200585 512 886113 15439864 5713 0 298586 14096 0 0
1791120955 cpu  3204889 512 887037 15441982 5713 0 298911 14101 0 0
1791120960 cpu  3209163 512 887999 15444084 5713 0 299252 14107 0 0
1791120965 cpu  3213473 512 888954 15446149 5713 0 299611 14112 0 0
1791120970 cpu  3217768 512 889911 15448242 5715 0 299942 14116 0 0
1791120975 cpu  3222029 512 890863 15450368 5715 0 300284 14120 0 0
1791120980 cpu  3226286 512 891837 15452471 5716 0 300630 14124 0 0
1791120985 cpu  3230508 512 892809 15454625 5716 0 300972 14128 0 0
1791120990 cpu  3234780 512 893810 15456728 5716 0 301304 14132 0 0
1791120995 cpu  3239072 512 894781 15458821 5718 0 301632 14137 0 0
1791121000 cpu  3243369 512 895761 15460878 5718 0 301975 14142 0 0
1791121005 cpu  3247655 512 896721 15462990 5719 0 302326 14147 0 0
1791121010 cpu  3252014 512 897680 15465102 5719 0 302664 14151 0 0
1791121015 cpu  3256322 512 898626 15467231 5719 0 302994 14156 0 0
1791121020 cpu  3260613 512 899602 15469338 5720 0 303347 14161 0 0
1791121025 cpu  3264900 512 900537 15471479 5720 0 303692 14166 0 0
1791121030 cpu  3269189 512 901507 15473584 5720 0 304021 14170 0 0
1791121035 cpu  3273439 512 902475 15475679 5721 0 304398 14175 0 0
1791121040 cpu  3277704 512 903456 15477766 5722 0 304739 14180 0 0
1791121045 cpu  3281971 512 904423 15479853 5722 0 305089 14186 0 0
1791121050 cpu  3286268 512 905400 15481912 5722 0 305410 14190 0 0
1791121055 cpu  3290711 512 906359 15483835 5723 0 305758 14198 0 0
1791121060 cpu  3295180 512 907320 15485731 5723 0 306094 14207 0 0
1791121065 cpu  3298929 512 908208 15488361 5723 0 306454 14217 0 0
1791121070 cpu  3302042 512 909063 15491660 5723 0 306759 14231 0 0
1791121075 cpu  3305057 512 909898 15494983 5723 0 307080 14249 0 0
1791121080 cpu  3308461 512 910788 15497952 5723 0 307411 14264 0 0
1791121085 cpu  3311851 512 911705 15500908 5724 0 307735 14278 0 0
1791121090 cpu  3315223 512 912591 15503881 5725 0 308054 14297 0 0
1791121095 cpu  3318726 512 913504 15506700 5725 0 308397 14314 0 0
1791121100 cpu  3322116 512 914377 15509620 5725 0 308735 14322 0 0
1791121105 cpu  3325611 512 915235 15512485 5726 0 309066 14332 0 0
1791121110 cpu  3329305 512 916132 15515142 5726 0 309414 14341 0 0
1791121115 cpu  3332742 512 917048 15518032 5726 0 309741 14353 0 0
1791121120 cpu  3336357 512 917954 15520718 5727 0 310081 14367 0 0
1791121125 cpu  3339718 512 918842 15523725 5727 0 310408 14379 0 0
1791121130 cpu  3343147 512 919754 15526660 5727 0 310712 14390 0 0
1791121135 cpu  3346627 512 920671 15529505 5727 0 311050 14400 0 0
1791121140 cpu  3350204 512 921595 15532255 5727 0 311380 14410 0 0
1791121145 cpu  3353922 512 922496 15534899 5728 0 311731 14421 0 0
1791121150 cpu  3357802 512 923475 15537394 5729 0 312089 14425 0 0
1791121155 cpu  3361605 512 924438 15539964 5729 0 312437 14430 0 0
1791121160 cpu  3365632 512 925429 15542289 5729 0 312788 14435 0 0
1791121165 cpu  3369418 512 926385 15544832 5730 0 313144 14441 0 0
1791121170 cpu  3373365 512 927363 15547231 5730 0 313478 14445 0 0
1791121175 cpu  3377325 512 928372 15549587 5730 0 313824 14451 0 0
1791121180 cpu  3381176 512 929303 15552061 5730 0 314171 14455 0 0
1791121185 cpu  3384845 512 930262 15554721 5731 0 314523 14463 0 0
1791121190 cpu  3388355 512 931182 15557540 5732 0 314885 14473 0 0
1791121195 cpu  3391776 512 932090 15560491 5732 0 315256 14484 0 0
1791121200 cpu  3395349 512 933003 15563285 5732 0 315580 14493 0 0
1791121205 cpu  3398752 512 933854 15566288 5733 0 315924 14506 0 0
1791121210 cpu  3402252 512 934743 15569146 5733 0 316278 14514 0 0
1791121215 cpu  3405941 512 935710 15571759 5733 0 316620 14521 0 0
1791121220 cpu  3409478 512 936639 15574529 5733 0 316969 14529 0 0
1791121225 cpu  3413064 512 937591 15577257 5734 0 317329 14538 0 0
1791121230 cpu  3416937 512 938592 15579634 5734 0 317693 14547 0 0
1791121235 cpu  3420416 512 939480 15582569 5734 0 318017 14556 0 0
1791121240 cpu  3423922 512 940394 15585398 5735 0 318347 14564 0 0
1791121245 cpu  3427640 512 941347 15587987 5735 0 318713 14571 0 0
1791121250 cpu  3431306 512 942296 15590647 5735 0 319042 14581 0 0
1791121255 cpu  3434813 512 943230 15593457 5735 0 319389 14590 0 0
1791121260 cpu  3438234 512 944146 15596356 5736 0 319719 14598 0 0
1791121265 cpu  3441741 512 945026 15599187 5736 0 320040 14606 0 0
1791121270 cpu  3445169 512 945919 15602080 5737 0 320384 14618 0 0
1791121275 cpu  3448788 512 946870 15604784 5737 0 320732 14625 0 0
1791121280 cpu  3452801 512 947890 15607070 5737 0 321082 14629 0 0
1791121285 cpu  3456572 512 948855 15609661 5738 0 321441 14635 0 0
1791121290 cpu  3460444 512 949821 15612084 5738 0 321810 14639 0 0
1791121295 cpu  3464448 512 950821 15614343 5739 0 322157 14643 0 0
1791121300 cpu  3468410 512 951799 15616719 5739 0 322509 14647 0 0
1791121305 cpu  3472359 512 952789 15619083 5739 0 322892 14655 0 0
1791121310 cpu  3476349 512 953777 15621439 5739 0 323245 14659 0 0
1791121315 cpu  3480416 512 954726 15623727 5740 0 323584 14665 0 0
1791121320 cpu  3484446 512 955767 15626007 5740 0 323942 14669 0 0
1791121325 cpu  3488273 512 956727 15628481 5742 0 324310 14683 0 0
1791121330 cpu  3491622 512 957629 15631468 5742 0 324636 14698 0 0
1791121335 cpu  3495169 512 958547 15634253 5743 0 324960 14708 0 0
1791121340 cpu  3498902 512 959495 15636806 5743 0 325302 14717 0 0
1791121345 cpu  3502449 512 960408 15639624 5743 0 325653 14731 0 0
1791121350 cpu  3506181 512 961354 15642215 5743 0 325997 14742 0 0
1791121355 cpu  3509660 512 962272 15645060 5744 0 326329 14755 0 0
1791121360 cpu  3513214 512 963216 15647788 5744 0 326674 14766 0 0
1791121365 cpu  3516814 512 964111 15650550 5744 0 327022 14776 0 0
1791121370 cpu  3520315 512 965042 15653360 5745 0 327356 14785 0 0
1791121375 cpu  3523873 512 965900 15656142 5745 0 327702 14798 0 0
1791121380 cpu  3527504 512 966840 15658832 5745 0 328042 14809 0 0
1791121385 cpu  3531039 512 967767 15661661 5746 0 328383 14818 0 0
1791121390 cpu  3534406 512 968674 15664585 5747 0 328719 14845 0 0
1791121395 cpu  3537514 512 969500 15667824 5747 0 329048 14869 0 0
1791121400 cpu  3540442 512 970344 15671248 5747 0 329358 14888 0 0
1791121405 cpu  3544150 512 971264 15673886 5748 0 329707 14902 0 0
1791121410 cpu  3547555 512 972138 15676852 5748 0 330051 14923 0 0
1791121415 cpu  3550956 512 973008 15679854 5748 0 330379 14935 0 0
1791121420 cpu  3554557 512 973956 15682570 5749 0 330707 14946 0 0
1791121425 cpu  3558247 512 974903 15685224 5749 0 331058 14954 0 0
1791121430 cpu  3561897 512 975834 15687879 5749 0 331410 14962 0 0
1791121435 cpu  3565523 512 976752 15690636 5749 0 331738 14975 0 0
1791121440 cpu  3568766 512 977650 15693758 5750 0 332062 14992 0 0
1791121445 cpu  3572329 512 978598 15696512 5750 0 332413 15001 0 0
1791121450 cpu  3575940 512 979560 15699217 5750 0 332745 15011 0 0
1791121455 cpu  3579353 512 980436 15702165 5751 0 333059 15023 0 0
1791121460 cpu  3582851 512 981386 15704966 5751 0 333408 15036 0 0
1791121465 cpu  3586494 512 982300 15707661 5751 0 333772 15052 0 0
1791121470 cpu  3587408 512 982627 15714129 5751 0 333883 15059 0 0
1791121475 cpu  3587553 512 982716 15721785 5754 0 333906 15064 0 0
1791121480 cpu  3587720 512 982822 15729368 5754 0 333935 15071 0 0
1791121485 cpu  3587859 512 982912 15737043 5754 0 333946 15076 0 0
1791121490 cpu  3588027 512 983038 15744616 5754 0 333969 15082 0 0
