1791120547 cpu  631042 525 183761 8752135 4621 0 137263 6041 0 0
1791120552 cpu  631131 525 183818 8755933 4623 0 137275 6046 0 0
1791120557 cpu  631314 525 183909 8759584 4624 0 137297 6054 0 0
1791120562 cpu  631511 525 184004 8763205 4626 0 137332 6066 0 0
1791120567 cpu  631648 525 184070 8766941 4627 0 137348 6071 0 0
1791120572 cpu  631785 525 184147 8770682 4628 0 137377 6074 0 0
1791120577 cpu  631939 525 184223 8774392 4628 0 137400 6076 0 0
1791120582 cpu  632090 525 184304 8778104 4629 0 137423 6079 0 0
1791120587 cpu  632228 525 184371 8781834 4630 0 137447 6082 0 0
1791120592 cpu  632357 525 184433 8785587 4631 0 137472 6084 0 0
1791120597 cpu  632415 525 184469 8789446 4632 0 137479 6087 0 0
1791120602 cpu  632462 525 184498 8793321 4633 0 137487 6089 0 0
1791120607 cpu  632531 525 184531 8797167 4634 0 137493 6091 0 0
1791120612 cpu  632591 525 184567 8801035 4634 0 137502 6092 0 0
1791120617 cpu  632724 525 184633 8804786 4635 0 137517 6094 0 0
1791120622 cpu  632866 525 184708 8808533 4637 0 137535 6096 0 0
1791120627 cpu  633011 525 184768 8812271 4638 0 137573 6099 0 0
1791120632 cpu  633157 525 184835 8816010 4639 0 137590 6101 0 0
1791120637 cpu  633340 525 184930 8819649 4641 0 137617 6107 0 0
1791120642 cpu  633593 525 185030 8823215 4642 0 137647 6114 0 0
1791120647 cpu  633741 525 185115 8826915 4643 0 137679 6119 0 0
1791120652 cpu  633861 525 185181 8830671 4644 0 137699 6123 0 0
1791120657 cpu  634023 525 185258 8834355 4645 0 137722 6130 0 0
1791120662 cpu  634227 525 185345 8837976 4647 0 137750 6136 0 0
1791120667 cpu  634318 525 185395 8841765 4648 0 137763 6142 0 0
1791120672 cpu  634448 525 185447 8845514 4650 0 137783 6145 0 0
1791120677 cpu  634608 525 185522 8849214 4651 0 137812 6152 0 0
1791120682 cpu  634780 525 185599 8852884 4653 0 137845 6159 0 0
1791120687 cpu  634912 525 185661 8856623 4654 0 137867 6163 0 0
1791120692 cpu  635080 525 185734 8860331 4654 0 137893 6167 0 0
1791120697 cpu  635268 525 185814 8863998 4656 0 137918 6170 0 0
1791120702 cpu  635448 525 185893 8867675 4657 0 137949 6174 0 0
1791120707 cpu  635632 525 185970 8871342 4658 0 137978 6178 0 0
1791120712 cpu  635795 525 186047 8875037 4659 0 138001 6182 0 0
1791120717 cpu  635978 525 186126 8878718 4660 0 138026 6185 0 0
1791120722 cpu  636120 525 186189 8882451 4661 0 138052 6188 0 0
1791120727 cpu  636288 525 186265 8886133 4662 0 138083 6192 0 0
1791120732 cpu  636455 525 186345 8889826 4663 0 138108 6196 0 0
1791120737 cpu  636633 525 186426 8893514 4663 0 138136 6198 0 0
1791120742 cpu  636791 525 186501 8897220 4665 0 138166 6200 0 0
1791120747 cpu  636979 525 186573 8900897 4666 0 138196 6203 0 0
1791120752 cpu  637134 525 186656 8904609 4667 0 138235 6206 0 0
1791120757 cpu  637314 525 186745 8908274 4668 0 138267 6210 0 0
1791120762 cpu  637478 525 186821 8911979 4669 0 138295 6212 0 0
1791120767 cpu  637621 525 186890 8915708 4670 0 138315 6214 0 0
1791120772 cpu  637756 525 186953 8919456 4671 0 138341 6217 0 0
1791120777 cpu  638000 525 187031 8923074 4673 0 138371 6221 0 0
1791120782 cpu  638391 525 187108 8926533 4674 0 138422 6223 0 0
1791120787 cpu  638760 525 187189 8930024 4675 0 138461 6225 0 0
1791120792 cpu  639151 525 187268 8933489 4675 0 138511 6227 0 0
1791120797 cpu  639545 525 187352 8936925 4676 0 138554 6229 0 0
1791120802 cpu  639947 525 187439 8940362 4677 0 138598 6231 0 0
1791120807 cpu  640409 525 187521 8943762 4678 0 138638 6233 0 0
1791120812 cpu  640820 525 187616 8947199 4679 0 138684 6235 0 0
1791120817 cpu  641246 525 187710 8950617 4680 0 138728 6238 0 0
1791120822 cpu  641684 525 187803 8954015 4681 0 138774 6240 0 0
1791120827 cpu  642110 525 187893 8957432 4682 0 138822 6242 0 0
1791120832 cpu  642571 525 187975 8960811 4683 0 138868 6244 0 0
1791120837 cpu  643053 525 188059 8964158 4684 0 138917 6246 0 0
1791120842 cpu  643530 525 188146 8967523 4684 0 138958 6248 0 0
1791120847 cpu  644036 525 188243 8970846 4686 0 139009 6250 0 0
1791120852 cpu  644557 525 188324 8974180 4687 0 139054 6252 0 0
1791120857 cpu  645056 525 188421 8977501 4688 0 139103 6254 0 0
1791120862 cpu  645582 525 188522 8980788 4689 0 139173 6256 0 0
1791120867 cpu  646121 525 188635 8984007 4690 0 139257 6260 0 0
1791120872 cpu  646658 525 188761 8987214 4691 0 139357 6264 0 0
1791120877 cpu  647249 525 188886 8990346 4692 0 139463 6268 0 0
1791120882 cpu  647866 525 189021 8993431 4694 0 139575 6273 0 0
1791120887 cpu  648471 525 189161 8996502 4695 0 139707 6278 0 0
1791120892 cpu  649074 525 189316 8999581 4697 0 139851 6283 0 0
1791120897 cpu  649671 525 189461 9002642 4698 0 139993 6287 0 0
1791120902 cpu  650270 525 189612 9005695 4699 0 140140 6291 0 0
1791120907 cpu  650912 525 189774 9008720 4701 0 140300 6295 0 0
1791120912 cpu  651544 525 189918 9011747 4702 0 140445 6299 0 0
1791120917 cpu  652180 525 190050 9014774 4704 0 140604 6303 0 0
1791120922 cpu  652795 525 190191 9017823 4706 0 140761 6307 0 0
1791120927 cpu  653401 525 190342 9020860 4707 0 140922 6311 0 0
1791120932 cpu  654023 525 190483 9023908 4709 0 141081 6315 0 0
1791120937 cpu  654637 525 190643 9026935 4711 0 141243 6319 0 0
1791120942 cpu  655325 525 190805 9029895 4712 0 141418 6324 0 0
1791120947 cpu  655923 525 190952 9032931 4714 0 141573 6328 0 0
1791120952 cpu  656555 525 191100 9035981 4716 0 141718 6333 0 0
1791120957 cpu  657182 525 191245 9039013 4717 0 141880 6338 0 0
1791120962 cpu  657778 525 191414 9042065 4719 0 142024 6342 0 0
1791120967 cpu  658434 525 191567 9045071 4721 0 142193 6349 0 0
1791120972 cpu  659055 525 191708 9048106 4722 0 142355 6353 0 0
1791120977 cpu  659699 525 191847 9051159 4723 0 142515 6357 0 0
1791120982 cpu  660317 525 192001 9054185 4726 0 142665 6361 0 0
1791120987 cpu  660937 525 192144 9057234 4727 0 142834 6366 0 0
1791120992 cpu  661568 525 192285 9060252 4728 0 142988 6370 0 0
1791120997 cpu  662186 525 192450 9063261 4730 0 143167 6376 0 0
1791121002 cpu  662872 525 192624 9066194 4732 0 143340 6383 0 0
1791121007 cpu  663528 525 192798 9069168 4733 0 143501 6392 0 0
1791121012 cpu  664171 525 192952 9072175 4736 0 143668 6397 0 0
1791121017 cpu  664773 525 193095 9075238 4737 0 143822 6402 0 0
1791121022 cpu  665418 525 193233 9078262 4738 0 143969 6407 0 0
1791121027 cpu  666023 525 193376 9081320 4740 0 144116 6412 0 0
1791121032 cpu  666640 525 193533 9084341 4741 0 144264 6417 0 0
1791121037 cpu  667320 525 193688 9087289 4743 0 144426 6424 0 0
1791121042 cpu  668013 525 193866 9090195 4746 0 144602 6431 0 0
1791121047 cpu  668708 525 194030 9093126 4747 0 144775 6438 0 0
1791121052 cpu  669449 525 194193 9095996 4749 0 144944 6446 0 0
1791121057 cpu  670146 525 194367 9098911 4750 0 145118 6454 0 0
1791121062 cpu  670896 525 194554 9101773 4752 0 145303 6463 0 0
1791121067 cpu  671594 525 194726 9104725 4754 0 145475 6474 0 0
1791121072 cpu  672308 525 194907 9107627 4757 0 145635 6487 0 0
1791121077 cpu  672990 525 195072 9110602 4758 0 145803 6496 0 0
1791121082 cpu  673683 525 195227 9113549 4760 0 145961 6504 0 0
1791121087 cpu  674287 525 195353 9116637 4761 0 146110 6508 0 0
1791121092 cpu  674925 525 195495 9119675 4762 0 146248 6512 0 0
1791121097 cpu  675533 525 195640 9122755 4763 0 146420 6516 0 0
1791121102 cpu  676153 525 195778 9125816 4765 0 146559 6519 0 0
1791121107 cpu  676741 525 195918 9128878 4766 0 146693 6524 0 0
1791121112 cpu  677351 525 196063 9131929 4768 0 146855 6530 0 0
1791121117 cpu  677996 525 196199 9134982 4770 0 146999 6536 0 0
1791121122 cpu  678649 525 196352 9138003 4771 0 147152 6540 0 0
1791121127 cpu  679251 525 196491 9141091 4773 0 147305 6545 0 0
1791121132 cpu  679882 525 196639 9144126 4775 0 147463 6549 0 0
1791121137 cpu  680482 525 196773 9147202 4776 0 147619 6554 0 0
1791121142 cpu  681115 525 196912 9150259 4778 0 147766 6559 0 0
1791121147 cpu  681752 525 197053 9153287 4780 0 147932 6563 0 0
1791121152 cpu  682388 525 197210 9156288 4781 0 148098 6568 0 0
1791121157 cpu  683048 525 197392 9159260 4782 0 148260 6576 0 0
1791121162 cpu  683712 525 197537 9162221 4784 0 148443 6582 0 0
1791121167 cpu  684334 525 197677 9165215 4785 0 148636 6589 0 0
1791121172 cpu  684991 525 197831 9168175 4787 0 148808 6597 0 0
1791121177 cpu  685675 525 197990 9171121 4789 0 148982 6605 0 0
1791121182 cpu  686341 525 198151 9174051 4791 0 149161 6613 0 0
1791121187 cpu  686995 525 198300 9177078 4792 0 149321 6620 0 0
1791121192 cpu  687658 525 198451 9180074 4794 0 149470 6627 0 0
1791121197 cpu  688357 525 198627 9182957 4797 0 149635 6645 0 0
1791121202 cpu  689128 525 198805 9185715 4800 0 149825 6687 0 0
1791121207 cpu  690060 525 199070 9188210 4803 0 150030 6764 0 0
1791121212 cpu  690926 525 199306 9190835 4806 0 150223 6800 0 0
1791121217 cpu  691601 525 199487 9193746 4808 0 150394 6813 0 0
1791121222 cpu  692255 525 199657 9196737 4810 0 150544 6819 0 0
1791121227 cpu  692915 525 199812 9199702 4812 0 150716 6830 0 0
1791121232 cpu  693576 525 199985 9202654 4813 0 150874 6838 0 0
1791121237 cpu  694202 525 200149 9205686 4815 0 151033 6846 0 0
1791121242 cpu  694940 525 200331 9208590 4817 0 151201 6854 0 0
1791121247 cpu  695598 525 200492 9211584 4819 0 151371 6861 0 0
1791121252 cpu  696243 525 200645 9214597 4820 0 151541 6868 0 0
1791121257 cpu  696863 525 200786 9217656 4822 0 151685 6874 0 0
1791121262 cpu  697509 525 200924 9220689 4823 0 151825 6880 0 0
1791121267 cpu  698144 525 201065 9223736 4825 0 151992 6886 0 0
1791121272 cpu  698760 525 201215 9226773 4826 0 152129 6891 0 0
1791121277 cpu  699425 525 201370 9229758 4828 0 152300 6897 0 0
1791121282 cpu  700093 525 201529 9232707 4830 0 152490 6904 0 0
1791121287 cpu  700754 525 201696 9235692 4832 0 152670 6911 0 0
1791121292 cpu  701403 525 201848 9238650 4833 0 152858 6917 0 0
1791121297 cpu  702085 525 202027 9241581 4835 0 153038 6926 0 0
1791121302 cpu  702797 525 202214 9244451 4837 0 153233 6935 0 0
1791121307 cpu  703434 525 202380 9247452 4839 0 153417 6942 0 0
1791121312 cpu  704102 525 202540 9250413 4840 0 153598 6948 0 0
1791121317 cpu  704793 525 202703 9253365 4842 0 153776 6956 0 0
1791121322 cpu  705494 525 202885 9256262 4843 0 153969 6968 0 0
1791121327 cpu  706148 525 203042 9259260 4845 0 154128 6975 0 0
1791121332 cpu  706780 525 203207 9262269 4846 0 154283 6980 0 0
1791121337 cpu  707386 525 203332 9265329 4848 0 154442 6985 0 0
1791121342 cpu  708036 525 203489 9268334 4849 0 154604 6991 0 0
1791121347 cpu  708682 525 203642 9271328 4852 0 154772 7001 0 0
1791121352 cpu  709325 525 203796 9274325 4853 0 154932 7007 0 0
1791121357 cpu  709970 525 203919 9277364 4855 0 155080 7013 0 0
1791121362 cpu  710612 525 204067 9280386 4857 0 155229 7017 0 0
1791121367 cpu  711225 525 204203 9283469 4859 0 155370 7021 0 0
1791121372 cpu  711855 525 204331 9286504 4861 0 155537 7026 0 0
1791121377 cpu  712465 525 204461 9289583 4863 0 155695 7032 0 0
1791121382 cpu  713092 525 204607 9292610 4864 0 155852 7037 0 0
1791121387 cpu  713706 525 204746 9295679 4866 0 156002 7042 0 0
1791121392 cpu  714327 525 204910 9298721 4867 0 156150 7047 0 0
1791121397 cpu  714890 525 205042 9301828 4869 0 156279 7052 0 0
1791121402 cpu  715552 525 205170 9304848 4871 0 156432 7057 0 0
1791121407 cpu  716181 525 205324 9307895 4872 0 156588 7063 0 0
1791121412 cpu  716806 525 205468 9310947 4874 0 156715 7068 0 0
1791121417 cpu  717434 525 205611 9313995 4876 0 156872 7074 0 0
1791121422 cpu  718069 525 205760 9317004 4878 0 157011 7079 0 0
1791121427 cpu  718673 525 205910 9320068 4879 0 157168 7083 0 0
1791121432 cpu  719282 525 206073 9323121 4880 0 157321 7088 0 0
1791121437 cpu  719882 525 206197 9326214 4882 0 157453 7093 0 0
1791121442 cpu  720533 525 206353 9329249 4884 0 157592 7098 0 0
1791121447 cpu  721167 525 206491 9332334 4885 0 157739 7102 0 0
1791121452 cpu  721818 525 206638 9335364 4887 0 157890 7107 0 0
1791121457 cpu  722422 525 206779 9338463 4888 0 158050 7111 0 0
1791121462 cpu  723064 525 206917 9341506 4890 0 158213 7116 0 0
1791121467 cpu  723641 525 207053 9344627 4891 0 158334 7121 0 0
1791121472 cpu  723845 525 207139 9348278 4893 0 158367 7122 0 0
1791121477 cpu  723962 525 207203 9352047 4894 0 158388 7125 0 0
1791121482 cpu  724073 525 207266 9355814 4896 0 158408 7126 0 0
