1791152329 cpu  1784423 704 94794 33133414 1409 0 158720 64776 0 0
1791152334 cpu  1784425 704 94799 33137408 1409 0 158721 64776 0 0
1791152339 cpu  1784427 704 94799 33141405 1409 0 158721 64776 0 0
1791152344 cpu  1784469 704 94816 33145339 1409 0 158731 64776 0 0
1791152349 cpu  1784471 704 94820 33149334 1409 0 158731 64776 0 0
1791152354 cpu  1784475 704 94820 33153330 1409 0 158731 64776 0 0
1791152359 cpu  1784476 704 94821 33157326 1409 0 158731 64776 0 0
1791152364 cpu  1784478 704 94822 33161323 1409 0 158731 64776 0 0
1791152369 cpu  1784479 704 94822 33165316 1409 0 158732 64776 0 0
1791152374 cpu  1784485 704 94828 33169302 1409 0 158732 64776 0 0
1791152379 cpu  1784487 704 94829 33173299 1409 0 158732 64776 0 0
1791152384 cpu  1784490 704 94829 33177293 1409 0 158732 64776 0 0
1791152389 cpu  1784491 704 94830 33181290 1409 0 158732 64777 0 0
1791152394 cpu  1784493 704 94831 33185286 1409 0 158732 64777 0 0
1791152399 cpu  1784495 704 94832 33189283 1409 0 158732 64777 0 0
1791152404 cpu  1784499 704 94833 33193274 1409 0 158732 64777 0 0
1791152409 cpu  1784501 704 94834 33197271 1409 0 158732 64777 0 0
1791152414 cpu  1784503 704 94834 33201267 1409 0 158733 64777 0 0
1791152419 cpu  1784506 704 94835 33205263 1409 0 158733 64777 0 0
1791152424 cpu  1784511 704 94836 33209257 1409 0 158733 64777 0 0
1791152429 cpu  1784513 704 94836 33213250 1410 0 158733 64777 0 0
1791152434 cpu  1784521 704 94840 33217236 1410 0 158733 64777 0 0
1791152439 cpu  1784522 704 94840 33221232 1410 0 158733 64777 0 0
1791152444 cpu  1784525 704 94840 33225227 1410 0 158733 64777 0 0
1791152449 cpu  1784527 704 94841 33229223 1410 0 158733 64777 0 0
1791152454 cpu  1784530 704 94841 33233219 1410 0 158733 64777 0 0
1791152459 cpu  1784532 704 94841 33237215 1410 0 158733 64777 0 0
1791152464 cpu  1784533 704 94844 33241209 1410 0 158733 64777 0 0
1791152469 cpu  1784535 704 94845 33245204 1410 0 158733 64777 0 0
1791152474 cpu  1784538 704 94845 33249200 1410 0 158733 64777 0 0
1791152479 cpu  1784540 704 94845 33253196 1410 0 158733 64777 0 0
1791152484 cpu  1784542 704 94846 33257192 1410 0 158733 64778 0 0
1791152489 cpu  1784545 704 94847 33261185 1410 0 158734 64778 0 0
1791152494 cpu  1784557 704 94851 33265165 1410 0 158735 64778 0 0
1791152499 cpu  1784559 704 94851 33269160 1410 0 158735 64778 0 0
1791152504 cpu  1784563 704 94852 33273153 1410 0 158735 64778 0 0
1791152509 cpu  1784565 704 94853 33277148 1410 0 158735 64778 0 0
1791152514 cpu  1784567 704 94854 33281143 1410 0 158736 64778 0 0
1791152519 cpu  1784569 704 94855 33285139 1410 0 158736 64778 0 0
1791152524 cpu  1784575 704 94855 33289132 1411 0 158737 64778 0 0
1791152529 cpu  1784577 704 94856 33293128 1411 0 158737 64778 0 0
1791152534 cpu  1784578 704 94857 33297123 1411 0 158737 64778 0 0
1791152539 cpu  1784579 704 94857 33301119 1411 0 158737 64778 0 0
1791152544 cpu  1784581 704 94858 33305115 1411 0 158737 64778 0 0
1791152549 cpu  1784584 704 94858 33309108 1411 0 158737 64778 0 0
1791152554 cpu  1784594 704 94862 33313092 1411 0 158737 64779 0 0
1791152559 cpu  1784596 704 94863 33317088 1411 0 158737 64779 0 0
1791152564 cpu  1784599 704 94863 33321082 1411 0 158737 64779 0 0
1791152569 cpu  1784600 704 94864 33325078 1411 0 158737 64779 0 0
1791152574 cpu  1784603 704 94864 33329074 1411 0 158737 64779 0 0
1791152579 cpu  1784604 704 94865 33333070 1411 0 158737 64779 0 0
1791152584 cpu  1784608 704 94865 33337064 1411 0 158737 64779 0 0
1791152589 cpu  1784610 704 94865 33341059 1411 0 158737 64779 0 0
1791152594 cpu  1784612 704 94866 33345055 1411 0 158737 64779 0 0
1791152599 cpu  1784614 704 94866 33349051 1411 0 158737 64779 0 0
1791152604 cpu  1784615 704 94867 33353047 1411 0 158738 64779 0 0
1791152609 cpu  1784618 704 94867 33357041 1412 0 158738 64779 0 0
1791152614 cpu  1784628 704 94871 33361024 1412 0 158738 64779 0 0
1791152619 cpu  1784629 704 94872 33365020 1412 0 158738 64779 0 0
1791152624 cpu  1784673 704 94889 33368957 1412 0 158743 64779 0 0
1791152629 cpu  1784724 704 94911 33372884 1412 0 158752 64779 0 0
1791152634 cpu  1784802 704 94949 33376762 1412 0 158772 64780 0 0
1791152639 cpu  1784883 704 94983 33380646 1412 0 158783 64780 0 0
1791152644 cpu  1785843 704 95097 33383561 1412 0 158801 64780 0 0
1791152649 cpu  1786217 704 95117 33387157 1412 0 158815 64780 0 0
1791152654 cpu  1786713 704 95152 33390600 1412 0 158845 64781 0 0
1791152659 cpu  1787216 704 95174 33394067 1412 0 158863 64781 0 0
1791152664 cpu  1787782 704 95198 33397443 1413 0 158887 64782 0 0
1791152669 cpu  1788381 704 95219 33400787 1413 0 158922 64782 0 0
1791152674 cpu  1789103 704 95250 33404002 1413 0 158964 64783 0 0
1791152679 cpu  1789820 704 95273 33407222 1414 0 159006 64784 0 0
1791152684 cpu  1790625 704 95301 33410339 1414 0 159060 64784 0 0
1791152689 cpu  1791416 704 95333 33413480 1414 0 159115 64785 0 0
1791152694 cpu  1792230 704 95354 33416611 1414 0 159169 64786 0 0
1791152699 cpu  1792708 704 95368 33420079 1414 0 159215 64787 0 0
1791152704 cpu  1793181 704 95382 33423546 1414 0 159263 64787 0 0
1791152709 cpu  1793626 704 95395 33427031 1414 0 159317 64788 0 0
1791152714 cpu  1794094 704 95407 33430492 1414 0 159373 64789 0 0
1791152719 cpu  1794544 704 95421 33433969 1415 0 159421 64790 0 0
1791152724 cpu  1795017 704 95436 33437434 1415 0 159476 64791 0 0
1791152729 cpu  1795474 704 95454 33440899 1415 0 159526 64791 0 0
1791152734 cpu  1795939 704 95473 33444352 1415 0 159582 64792 0 0
1791152739 cpu  1796426 704 95486 33447800 1415 0 159639 64793 0 0
1791152744 cpu  1796910 704 95510 33451241 1415 0 159703 64794 0 0
1791152749 cpu  1797396 704 95522 33454705 1415 0 159747 64795 0 0
1791152754 cpu  1797896 704 95539 33458130 1415 0 159817 64796 0 0
1791152759 cpu  1798442 704 95557 33461553 1415 0 159888 64797 0 0
1791152764 cpu  1798937 704 95570 33465000 1415 0 159956 64798 0 0
1791152769 cpu  1799395 704 95586 33468467 1415 0 160023 64799 0 0
1791152774 cpu  1799856 704 95604 33471942 1415 0 160081 64800 0 0
1791152779 cpu  1800313 704 95621 33475409 1415 0 160135 64801 0 0
1791152784 cpu  1800779 704 95636 33478886 1415 0 160196 64802 0 0
1791152789 cpu  1801289 704 95659 33482310 1416 0 160264 64803 0 0
1791152794 cpu  1801764 704 95674 33485764 1416 0 160327 64804 0 0
1791152799 cpu  1802251 704 95688 33489216 1416 0 160388 64805 0 0
1791152804 cpu  1802757 704 95713 33492645 1416 0 160454 64806 0 0
1791152809 cpu  1803201 704 95726 33496126 1416 0 160510 64807 0 0
1791152814 cpu  1803675 704 95740 33499607 1416 0 160566 64808 0 0
1791152819 cpu  1804168 704 95759 33503061 1416 0 160629 64809 0 0
1791152824 cpu  1804624 704 95775 33506534 1416 0 160686 64810 0 0
1791152829 cpu  1805075 704 95787 33510001 1416 0 160740 64810 0 0
1791152834 cpu  1805503 704 95806 33513472 1416 0 160794 64811 0 0
1791152839 cpu  1805943 704 95820 33516962 1416 0 160847 64812 0 0
1791152844 cpu  1806387 704 95835 33520442 1416 0 160898 64813 0 0
1791152849 cpu  1806849 704 95859 33523904 1416 0 160951 64814 0 0
1791152854 cpu  1807321 704 95874 33527363 1416 0 161013 64815 0 0
1791152859 cpu  1807782 704 95890 33530831 1416 0 161072 64816 0 0
1791152864 cpu  1808260 704 95910 33534277 1416 0 161130 64817 0 0
1791152869 cpu  1808721 704 95922 33537766 1416 0 161174 64818 0 0
1791152874 cpu  1809200 704 95940 33541235 1416 0 161231 64819 0 0
1791152879 cpu  1809667 704 95956 33544696 1416 0 161288 64820 0 0
1791152884 cpu  1810111 704 95972 33548185 1416 0 161338 64821 0 0
1791152889 cpu  1810560 704 95988 33551678 1417 0 161391 64822 0 0
1791152894 cpu  1811041 704 96003 33555141 1417 0 161450 64823 0 0
1791152899 cpu  1811517 704 96016 33558594 1417 0 161505 64824 0 0
1791152904 cpu  1811978 704 96030 33562081 1417 0 161557 64826 0 0
1791152909 cpu  1812462 704 96053 33565519 1417 0 161613 64827 0 0
1791152914 cpu  1812950 704 96071 33568974 1417 0 161670 64828 0 0
1791152919 cpu  1813407 704 96088 33572439 1417 0 161728 64829 0 0
1791152924 cpu  1813871 704 96103 33575915 1417 0 161788 64829 0 0
1791152929 cpu  1814364 704 96119 33579377 1417 0 161847 64831 0 0
1791152934 cpu  1814882 704 96133 33582815 1417 0 161909 64832 0 0
1791152939 cpu  1815387 704 96148 33586248 1417 0 161981 64833 0 0
1791152944 cpu  1815862 704 96163 33589722 1417 0 162032 64834 0 0
1791152949 cpu  1816340 704 96174 33593190 1417 0 162079 64835 0 0
1791152954 cpu  1816807 704 96189 33596661 1417 0 162136 64836 0 0
1791152959 cpu  1817273 704 96206 33600127 1417 0 162197 64837 0 0
1791152964 cpu  1817751 704 96217 33603581 1417 0 162256 64838 0 0
1791152969 cpu  1818227 704 96240 33607038 1417 0 162315 64839 0 0
1791152974 cpu  1818687 704 96255 33610501 1417 0 162365 64840 0 0
1791152979 cpu  1819148 704 96267 33613986 1417 0 162425 64841 0 0
1791152984 cpu  1819583 704 96284 33617477 1417 0 162471 64842 0 0
1791152989 cpu  1820058 704 96297 33620959 1418 0 162526 64842 0 0
1791152994 cpu  1820514 704 96315 33624441 1418 0 162580 64843 0 0
1791152999 cpu  1820989 704 96336 33627915 1418 0 162627 64844 0 0
1791153004 cpu  1821468 704 96354 33631392 1418 0 162670 64845 0 0
1791153009 cpu  1821955 704 96369 33634875 1418 0 162729 64845 0 0
1791153014 cpu  1822413 704 96382 33638364 1418 0 162785 64846 0 0
1791153019 cpu  1822845 704 96398 33641841 1418 0 162841 64847 0 0
1791153024 cpu  1823301 704 96412 33645333 1418 0 162894 64847 0 0
1791153029 cpu  1823771 704 96435 33648796 1418 0 162946 64848 0 0
1791153034 cpu  1824236 704 96452 33652275 1418 0 162998 64849 0 0
1791153039 cpu  1824728 704 96469 33655724 1419 0 163047 64850 0 0
1791153044 cpu  1825200 704 96493 33659202 1419 0 163097 64851 0 0
1791153049 cpu  1825663 704 96505 33662698 1419 0 163147 64852 0 0
1791153054 cpu  1826130 704 96520 33666185 1419 0 163211 64852 0 0
1791153059 cpu  1826610 704 96536 33669660 1419 0 163268 64853 0 0
1791153064 cpu  1827092 704 96556 33673135 1419 0 163327 64854 0 0
1791153069 cpu  1827568 704 96572 33676616 1419 0 163385 64855 0 0
1791153074 cpu  1828035 704 96585 33680096 1419 0 163435 64855 0 0
1791153079 cpu  1828499 704 96597 33683578 1419 0 163487 64856 0 0
1791153084 cpu  1828942 704 96612 33687067 1419 0 163539 64856 0 0
1791153089 cpu  1829400 704 96629 33690537 1419 0 163601 64857 0 0
1791153094 cpu  1829881 704 96647 33694009 1419 0 163672 64858 0 0
1791153099 cpu  1830342 704 96658 33697485 1419 0 163737 64859 0 0
1791153104 cpu  1830836 704 96671 33700936 1419 0 163799 64860 0 0
1791153109 cpu  1831297 704 96684 33704417 1419 0 163866 64861 0 0
1791153114 cpu  1831767 704 96701 33707884 1419 0 163925 64862 0 0
1791153119 cpu  1832258 704 96719 33711334 1420 0 163989 64863 0 0
1791153124 cpu  1832725 704 96733 33714795 1420 0 164052 64864 0 0
1791153129 cpu  1833238 704 96751 33718257 1420 0 164119 64865 0 0
1791153134 cpu  1833720 704 96768 33721722 1420 0 164173 64866 0 0
1791153139 cpu  1834186 704 96783 33725191 1420 0 164219 64867 0 0
1791153144 cpu  1834687 704 96799 33728643 1420 0 164272 64867 0 0
1791153149 cpu  1835193 704 96825 33732074 1420 0 164329 64868 0 0
1791153154 cpu  1835693 704 96840 33735534 1421 0 164397 64869 0 0
1791153159 cpu  1836212 704 96861 33738978 1421 0 164459 64870 0 0
1791153164 cpu  1836705 704 96878 33742441 1421 0 164519 64871 0 0
1791153169 cpu  1837207 704 96890 33745909 1422 0 164570 64872 0 0
1791153174 cpu  1837682 704 96901 33749383 1422 0 164624 64873 0 0
1791153179 cpu  1838142 704 96916 33752867 1422 0 164682 64873 0 0
1791153184 cpu  1838604 704 96931 33756352 1422 0 164741 64874 0 0
1791153189 cpu  1839096 704 96944 33759835 1422 0 164798 64875 0 0
1791153194 cpu  1839571 704 96959 33763306 1422 0 164858 64876 0 0
1791153199 cpu  1840039 704 96973 33766782 1422 0 164912 64877 0 0
1791153204 cpu  1840526 704 96986 33770255 1422 0 164973 64877 0 0
1791153209 cpu  1841003 704 97004 33773716 1422 0 165037 64878 0 0
1791153214 cpu  1841465 704 97017 33777203 1422 0 165092 64879 0 0
1791153219 cpu  1841938 704 97037 33780675 1422 0 165143 64880 0 0
1791153224 cpu  1842391 704 97057 33784158 1422 0 165203 64881 0 0
1791153229 cpu  1842845 704 97074 33787631 1422 0 165253 64882 0 0
1791153234 cpu  1843307 704 97093 33791115 1422 0 165312 64883 0 0
1791153239 cpu  1843790 704 97106 33794583 1422 0 165370 64884 0 0
1791153244 cpu  1844244 704 97120 33798067 1422 0 165427 64884 0 0
1791153249 cpu  1844700 704 97136 33801546 1422 0 165481 64885 0 0
1791153255 cpu  1845170 704 97158 33805009 1422 0 165534 64886 0 0
1791153260 cpu  1845261 704 97190 33808875 1422 0 165551 64886 0 0
1791153265 cpu  1845264 704 97191 33812871 1422 0 165551 64886 0 0
1791153270 cpu  1845273 704 97195 33816854 1422 0 165551 64886 0 0
1791153275 cpu  1845275 704 97196 33820848 1422 0 165551 64886 0 0
1791153280 cpu  1845277 704 97196 33824845 1422 0 165551 64886 0 0
1791153285 cpu  1845280 704 97197 33828840 1422 0 165552 64886 0 0
1791153290 cpu  1845282 704 97198 33832835 1422 0 165552 64886 0 0
