1791152326 cpu  11356871 512 3092707 53511075 8501 0 1055753 43629 0 0
1791152331 cpu  11356999 512 3092808 53518737 8501 0 1055772 43634 0 0
1791152336 cpu  11357174 512 3092929 53526339 8502 0 1055798 43640 0 0
1791152341 cpu  11357302 512 3093015 53534016 8502 0 1055826 43645 0 0
1791152346 cpu  11357473 512 3093138 53541610 8502 0 1055852 43650 0 0
1791152351 cpu  11357602 512 3093216 53549291 8503 0 1055876 43654 0 0
1791152356 cpu  11357772 512 3093330 53556882 8503 0 1055899 43659 0 0
1791152361 cpu  11357910 512 3093428 53564552 8503 0 1055914 43664 0 0
1791152366 cpu  11358118 512 3093535 53572119 8504 0 1055933 43670 0 0
1791152371 cpu  11358228 512 3093620 53579805 8504 0 1055953 43675 0 0
1791152376 cpu  11358400 512 3093730 53587392 8505 0 1055973 43681 0 0
1791152381 cpu  11358518 512 3093811 53595079 8505 0 1055996 43686 0 0
1791152386 cpu  11358697 512 3093932 53602665 8505 0 1056022 43692 0 0
1791152391 cpu  11358826 512 3094023 53610332 8506 0 1056039 43697 0 0
1791152396 cpu  11359009 512 3094133 53617933 8506 0 1056061 43702 0 0
1791152401 cpu  11359128 512 3094215 53625609 8506 0 1056076 43708 0 0
1791152406 cpu  11359299 512 3094328 53633182 8507 0 1056097 43714 0 0
1791152411 cpu  11359424 512 3094431 53640857 8508 0 1056116 43720 0 0
1791152416 cpu  11359597 512 3094545 53648435 8508 0 1056141 43727 0 0
1791152421 cpu  11359734 512 3094647 53656099 8509 0 1056168 43732 0 0
1791152426 cpu  11359944 512 3094767 53663650 8510 0 1056189 43739 0 0
1791152431 cpu  11360057 512 3094857 53671342 8510 0 1056210 43744 0 0
1791152436 cpu  11360219 512 3094971 53678939 8510 0 1056228 43750 0 0
1791152441 cpu  11360347 512 3095069 53686614 8513 0 1056248 43755 0 0
1791152446 cpu  11360540 512 3095166 53694205 8514 0 1056274 43760 0 0
1791152451 cpu  11360662 512 3095267 53701863 8515 0 1056295 43766 0 0
1791152456 cpu  11360824 512 3095366 53709466 8515 0 1056315 43771 0 0
1791152461 cpu  11360940 512 3095454 53717142 8515 0 1056341 43776 0 0
1791152466 cpu  11361112 512 3095573 53724733 8516 0 1056367 43783 0 0
1791152471 cpu  11361234 512 3095662 53732411 8516 0 1056382 43788 0 0
1791152476 cpu  11361414 512 3095768 53740004 8517 0 1056409 43794 0 0
1791152481 cpu  11361520 512 3095865 53747675 8517 0 1056424 43799 0 0
1791152486 cpu  11361721 512 3095985 53755238 8518 0 1056454 43806 0 0
1791152491 cpu  11361822 512 3096081 53762923 8518 0 1056480 43810 0 0
1791152496 cpu  11361990 512 3096205 53770522 8518 0 1056497 43816 0 0
1791152501 cpu  11362115 512 3096295 53778194 8519 0 1056522 43821 0 0
1791152506 cpu  11362278 512 3096402 53785800 8519 0 1056540 43826 0 0
1791152511 cpu  11362411 512 3096499 53793447 8520 0 1056554 43831 0 0
1791152516 cpu  11362551 512 3096608 53801077 8520 0 1056570 43837 0 0
1791152521 cpu  11362700 512 3096713 53808722 8520 0 1056593 43843 0 0
1791152526 cpu  11362877 512 3096832 53816327 8520 0 1056615 43849 0 0
1791152531 cpu  11363007 512 3096918 53823999 8521 0 1056635 43855 0 0
1791152536 cpu  11363178 512 3097029 53831647 8521 0 1056649 43860 0 0
1791152541 cpu  11363331 512 3097127 53839293 8521 0 1056669 43865 0 0
1791152546 cpu  11363508 512 3097249 53846895 8521 0 1056691 43871 0 0
1791152551 cpu  11363642 512 3097341 53854539 8521 0 1056710 43877 0 0
1791152556 cpu  11363812 512 3097469 53862126 8521 0 1056736 43884 0 0
1791152561 cpu  11363943 512 3097570 53869787 8521 0 1056753 43890 0 0
1791152566 cpu  11364149 512 3097680 53877322 8522 0 1056805 43897 0 0
1791152571 cpu  11364335 512 3097805 53884854 8522 0 1056853 43905 0 0
1791152576 cpu  11364553 512 3097939 53892370 8522 0 1056918 43912 0 0
1791152581 cpu  11364733 512 3098042 53899922 8522 0 1056973 43919 0 0
1791152586 cpu  11364935 512 3098164 53907400 8523 0 1057024 43927 0 0
1791152591 cpu  11365146 512 3098297 53914903 8523 0 1057080 43936 0 0
1791152596 cpu  11365399 512 3098430 53922372 8524 0 1057132 43943 0 0
1791152601 cpu  11365614 512 3098548 53929873 8524 0 1057176 43950 0 0
1791152606 cpu  11365832 512 3098691 53937354 8524 0 1057231 43956 0 0
1791152611 cpu  11366029 512 3098822 53944884 8525 0 1057284 43963 0 0
1791152616 cpu  11366262 512 3098964 53952360 8525 0 1057342 43971 0 0
1791152621 cpu  11366489 512 3099087 53959870 8525 0 1057398 43979 0 0
1791152626 cpu  11366721 512 3099222 53967350 8526 0 1057453 43986 0 0
1791152631 cpu  11366959 512 3099354 53974839 8526 0 1057511 43995 0 0
1791152636 cpu  11367158 512 3099497 53982334 8526 0 1057570 44002 0 0
1791152641 cpu  11367366 512 3099627 53989834 8527 0 1057628 44009 0 0
1791152646 cpu  11367843 512 3099817 53996935 8528 0 1057732 44018 0 0
1791152651 cpu  11368978 512 3100188 54003046 8528 0 1057923 44032 0 0
1791152656 cpu  11370705 512 3100753 54008262 8529 0 1058169 44046 0 0
1791152661 cpu  11373154 512 3101465 54012572 8529 0 1058465 44059 0 0
1791152666 cpu  11375981 512 3102305 54016331 8530 0 1058778 44069 0 0
1791152672 cpu  11379359 512 3103228 54019391 8530 0 1059132 44077 0 0
1791152677 cpu  11383238 512 3104224 54021885 8530 0 1059517 44083 0 0
1791152682 cpu  11387544 512 3105280 54023825 8530 0 1059918 44090 0 0
1791152687 cpu  11392179 512 3106382 54025408 8530 0 1060314 44096 0 0
1791152692 cpu  11397095 512 3107459 54026753 8530 0 1060712 44101 0 0
1791152697 cpu  11402123 512 3108514 54027991 8531 0 1061130 44107 0 0
1791152702 cpu  11407145 512 3109599 54029201 8533 0 1061531 44113 0 0
1791152707 cpu  11410699 512 3110550 54031926 8533 0 1061905 44123 0 0
1791152712 cpu  11414531 512 3111575 54034311 8534 0 1062287 44131 0 0
1791152717 cpu  11418177 512 3112565 54036914 8534 0 1062680 44140 0 0
1791152722 cpu  11422174 512 3113580 54039134 8534 0 1063098 44147 0 0
1791152727 cpu  11426206 512 3114635 54041329 8534 0 1063475 44156 0 0
1791152732 cpu  11429980 512 3115647 54043810 8534 0 1063862 44162 0 0
1791152737 cpu  11433684 512 3116673 54046322 8535 0 1064251 44170 0 0
1791152742 cpu  11437509 512 3117710 54048722 8535 0 1064642 44177 0 0
1791152747 cpu  11441494 512 3118717 54050948 8535 0 1065040 44183 0 0
1791152752 cpu  11445148 512 3119731 54053555 8536 0 1065409 44192 0 0
1791152757 cpu  11448834 512 3120747 54056087 8536 0 1065814 44201 0 0
1791152762 cpu  11452831 512 3121834 54058269 8536 0 1066201 44207 0 0
1791152767 cpu  11456417 512 3122797 54060939 8536 0 1066561 44215 0 0
1791152772 cpu  11460200 512 3123820 54063417 8537 0 1066957 44224 0 0
1791152777 cpu  11464121 512 3124841 54065730 8537 0 1067366 44231 0 0
1791152782 cpu  11467810 512 3125866 54068234 8537 0 1067752 44240 0 0
1791152787 cpu  11471618 512 3126885 54070671 8538 0 1068131 44253 0 0
1791152792 cpu  11475389 512 3127922 54073134 8538 0 1068506 44263 0 0
1791152797 cpu  11479213 512 3128918 54075526 8538 0 1068894 44271 0 0
1791152802 cpu  11482978 512 3129958 54077958 8538 0 1069293 44278 0 0
1791152807 cpu  11486875 512 3130976 54080270 8539 0 1069707 44285 0 0
1791152812 cpu  11490512 512 3131930 54082889 8539 0 1070086 44293 0 0
1791152817 cpu  11494204 512 3132929 54085468 8540 0 1070483 44304 0 0
1791152822 cpu  11498140 512 3133990 54087758 8540 0 1070885 44313 0 0
1791152827 cpu  11501834 512 3135014 54090274 8540 0 1071270 44322 0 0
1791152832 cpu  11505405 512 3135995 54092967 8541 0 1071645 44333 0 0
1791152837 cpu  11509176 512 3136981 54095403 8541 0 1072047 44343 0 0
1791152842 cpu  11512809 512 3137959 54098026 8541 0 1072426 44360 0 0
1791152847 cpu  11516354 512 3138903 54100739 8542 0 1072803 44376 0 0
1791152852 cpu  11520132 512 3139945 54103228 8542 0 1073186 44389 0 0
1791152857 cpu  11523755 512 3140920 54105814 8542 0 1073592 44399 0 0
1791152862 cpu  11527520 512 3141971 54108261 8543 0 1073980 44408 0 0
1791152867 cpu  11531186 512 3142941 54110860 8543 0 1074366 44418 0 0
1791152872 cpu  11534914 512 3143924 54113378 8543 0 1074767 44428 0 0
1791152877 cpu  11538573 512 3144857 54115998 8543 0 1075109 44437 0 0
1791152882 cpu  11542213 512 3145840 54118590 8544 0 1075475 44446 0 0
1791152887 cpu  11545797 512 3146779 54121319 8544 0 1075853 44459 0 0
1791152892 cpu  11549509 512 3147796 54123818 8545 0 1076243 44468 0 0
1791152897 cpu  11553117 512 3148775 54126488 8545 0 1076625 44477 0 0
1791152902 cpu  11556994 512 3149816 54128852 8545 0 1076998 44484 0 0
1791152907 cpu  11560847 512 3150832 54131242 8546 0 1077377 44492 0 0
1791152912 cpu  11564805 512 3151859 54133548 8546 0 1077771 44499 0 0
1791152917 cpu  11568539 512 3152859 54136009 8546 0 1078162 44509 0 0
1791152922 cpu  11572387 512 3153862 54138431 8546 0 1078542 44516 0 0
1791152927 cpu  11576276 512 3154898 54140726 8547 0 1078968 44523 0 0
1791152932 cpu  11579940 512 3155852 54143331 8547 0 1079358 44532 0 0
1791152937 cpu  11583957 512 3156867 54145555 8547 0 1079768 44539 0 0
1791152942 cpu  11587890 512 3157872 54147905 8547 0 1080171 44545 0 0
1791152947 cpu  11591462 512 3158857 54150607 8548 0 1080562 44554 0 0
1791152952 cpu  11595200 512 3159827 54153136 8548 0 1080935 44567 0 0
1791152957 cpu  11599079 512 3160825 54155504 8548 0 1081332 44575 0 0
1791152962 cpu  11603050 512 3161832 54157781 8548 0 1081738 44585 0 0
1791152967 cpu  11607037 512 3162837 54160060 8549 0 1082111 44593 0 0
1791152972 cpu  11610696 512 3163811 54162669 8549 0 1082493 44602 0 0
1791152977 cpu  11614211 512 3164771 54165414 8549 0 1082866 44611 0 0
1791152982 cpu  11617982 512 3165768 54167879 8549 0 1083270 44618 0 0
1791152987 cpu  11621678 512 3166746 54170442 8549 0 1083655 44627 0 0
1791152992 cpu  11625542 512 3167795 54172793 8550 0 1084044 44635 0 0
1791152997 cpu  11629347 512 3168806 54175194 8550 0 1084433 44646 0 0
1791153002 cpu  11633174 512 3169859 54177574 8550 0 1084819 44659 0 0
1791153007 cpu  11637118 512 3170918 54179824 8550 0 1085187 44670 0 0
1791153012 cpu  11640791 512 3171882 54182458 8550 0 1085563 44679 0 0
1791153017 cpu  11644485 512 3172852 54185005 8551 0 1085960 44691 0 0
1791153022 cpu  11648235 512 3173859 54187433 8551 0 1086350 44699 0 0
1791153027 cpu  11652031 512 3174873 54189804 8551 0 1086740 44710 0 0
1791153032 cpu  11655545 512 3175839 54192567 8551 0 1087112 44721 0 0
1791153037 cpu  11659283 512 3176837 54195082 8552 0 1087488 44729 0 0
1791153042 cpu  11662996 512 3177838 54197579 8552 0 1087866 44742 0 0
1791153047 cpu  11666683 512 3178854 54200147 8553 0 1088249 44761 0 0
1791153052 cpu  11670426 512 3179874 54202594 8553 0 1088656 44776 0 0
1791153057 cpu  11674263 512 3180883 54205001 8553 0 1089032 44784 0 0
1791153062 cpu  11678258 512 3181922 54207248 8554 0 1089429 44791 0 0
1791153067 cpu  11681993 512 3182904 54209736 8554 0 1089802 44799 0 0
1791153072 cpu  11685959 512 3183950 54211992 8554 0 1090209 44805 0 0
1791153077 cpu  11689731 512 3184942 54214468 8554 0 1090592 44813 0 0
1791153082 cpu  11693613 512 3185951 54216828 8555 0 1090989 44820 0 0
1791153087 cpu  11697465 512 3186975 54219199 8555 0 1091375 44830 0 0
1791153092 cpu  11701168 512 3187973 54221682 8555 0 1091762 44837 0 0
1791153097 cpu  11704902 512 3188977 54224112 8555 0 1092170 44845 0 0
1791153102 cpu  11708907 512 3189949 54226375 8555 0 1092557 44851 0 0
1791153107 cpu  11712545 512 3190913 54228939 8555 0 1092944 44860 0 0
1791153112 cpu  11716228 512 3191873 54231521 8555 0 1093305 44868 0 0
1791153117 cpu  11720155 512 3192928 54233787 8555 0 1093694 44878 0 0
1791153122 cpu  11724164 512 3193965 54235981 8556 0 1094092 44884 0 0
1791153127 cpu  11728007 512 3194999 54238344 8556 0 1094486 44891 0 0
1791153132 cpu  11732136 512 3196082 54240414 8556 0 1094875 44897 0 0
1791153137 cpu  11735991 512 3197095 54242803 8557 0 1095265 44905 0 0
1791153142 cpu  11739752 512 3198065 54245317 8557 0 1095651 44914 0 0
1791153147 cpu  11743681 512 3199157 54247574 8557 0 1096052 44921 0 0
1791153152 cpu  11747582 512 3200163 54249877 8558 0 1096443 44929 0 0
1791153157 cpu  11751460 512 3201135 54252282 8558 0 1096824 44937 0 0
1791153162 cpu  11755317 512 3202130 54254688 8558 0 1097198 44945 0 0
1791153167 cpu  11759190 512 3203169 54257025 8558 0 1097606 44952 0 0
1791153172 cpu  11763091 512 3204187 54259382 8558 0 1098008 44959 0 0
1791153177 cpu  11766745 512 3205197 54261977 8558 0 1098379 44969 0 0
1791153182 cpu  11770500 512 3206187 54264495 8558 0 1098763 44979 0 0
1791153187 cpu  11774306 512 3207157 54266928 8558 0 1099134 44993 0 0
1791153192 cpu  11778004 512 3208100 54269513 8558 0 1099522 45001 0 0
1791153197 cpu  11781699 512 3209116 54272042 8559 0 1099894 45009 0 0
1791153202 cpu  11785525 512 3210128 54274456 8559 0 1100271 45019 0 0
1791153207 cpu  11789171 512 3211099 54277065 8559 0 1100665 45030 0 0
1791153212 cpu  11792807 512 3212047 54279751 8560 0 1101045 45043 0 0
1791153217 cpu  11796331 512 3212997 54282447 8560 0 1101445 45055 0 0
1791153222 cpu  11800006 512 3213952 54285036 8560 0 1101819 45066 0 0
1791153227 cpu  11803750 512 3214932 54287524 8560 0 1102196 45081 0 0
1791153232 cpu  11807497 512 3215888 54290015 8560 0 1102594 45095 0 0
1791153237 cpu  11811156 512 3216849 54292605 8560 0 1102996 45106 0 0
1791153242 cpu  11814803 512 3217817 54295239 8561 0 1103380 45119 0 0
1791153247 cpu  11818444 512 3218790 54297886 8561 0 1103742 45136 0 0
1791153252 cpu  11822016 512 3219771 54300534 8561 0 1104140 45149 0 0
1791153257 cpu  11824311 512 3220421 54304998 8562 0 1104404 45161 0 0
1791153262 cpu  11824456 512 3220523 54312615 8562 0 1104425 45167 0 0
1791153267 cpu  11824624 512 3220639 54320180 8562 0 1104456 45175 0 0
1791153272 cpu  11824758 512 3220741 54327794 8563 0 1104481 45184 0 0
1791153277 cpu  11824914 512 3220860 54335392 8563 0 1104504 45193 0 0
1791153282 cpu  11825068 512 3220963 54343021 8563 0 1104525 45199 0 0
