1791152324 cpu  2345425 525 680376 31348852 11289 0 522679 26545 0 0
1791152329 cpu  2345529 525 680444 31352601 11290 0 522695 26558 0 0
1791152334 cpu  2345706 525 680552 31356219 11292 0 522719 26584 0 0
1791152339 cpu  2345869 525 680631 31359900 11293 0 522738 26590 0 0
1791152344 cpu  2346002 525 680702 31363636 11294 0 522765 26598 0 0
1791152349 cpu  2346122 525 680764 31367383 11295 0 522786 26600 0 0
1791152354 cpu  2346294 525 680841 31371067 11296 0 522815 26604 0 0
1791152359 cpu  2346441 525 680914 31374802 11297 0 522848 26607 0 0
1791152364 cpu  2346634 525 681011 31378445 11297 0 522872 26612 0 0
1791152369 cpu  2346778 525 681087 31382152 11298 0 522906 26616 0 0
1791152374 cpu  2346977 525 681170 31385809 11298 0 522933 26620 0 0
1791152379 cpu  2347033 525 681206 31389674 11299 0 522940 26622 0 0
1791152384 cpu  2347125 525 681250 31393500 11300 0 522951 26624 0 0
1791152389 cpu  2347171 525 681285 31397364 11301 0 522962 26627 0 0
1791152394 cpu  2347251 525 681324 31401195 11302 0 522969 26630 0 0
1791152399 cpu  2347349 525 681372 31404997 11302 0 522986 26632 0 0
1791152404 cpu  2347487 525 681442 31408726 11303 0 523006 26636 0 0
1791152409 cpu  2347632 525 681504 31412470 11303 0 523025 26639 0 0
1791152414 cpu  2347791 525 681580 31416168 11304 0 523045 26645 0 0
1791152419 cpu  2347932 525 681654 31419891 11304 0 523065 26648 0 0
1791152424 cpu  2348134 525 681742 31423530 11305 0 523090 26654 0 0
1791152429 cpu  2348306 525 681826 31427206 11305 0 523122 26660 0 0
1791152434 cpu  2348423 525 681908 31430954 11306 0 523143 26666 0 0
1791152439 cpu  2348541 525 681973 31434717 11308 0 523164 26671 0 0
1791152444 cpu  2348739 525 682052 31438386 11308 0 523185 26675 0 0
1791152449 cpu  2348885 525 682119 31442115 11309 0 523204 26679 0 0
1791152454 cpu  2349038 525 682197 31445835 11310 0 523226 26687 0 0
1791152459 cpu  2349125 525 682244 31449648 11310 0 523250 26693 0 0
1791152464 cpu  2349339 525 682345 31453276 11312 0 523287 26706 0 0
1791152469 cpu  2349455 525 682404 31457037 11312 0 523307 26712 0 0
1791152474 cpu  2349648 525 682489 31460689 11314 0 523345 26720 0 0
1791152479 cpu  2349835 525 682568 31464354 11315 0 523381 26729 0 0
1791152484 cpu  2350043 525 682666 31467972 11316 0 523415 26738 0 0
1791152489 cpu  2350212 525 682737 31471670 11317 0 523452 26743 0 0
1791152494 cpu  2350404 525 682824 31475309 11318 0 523494 26750 0 0
1791152499 cpu  2350630 525 682907 31478942 11320 0 523529 26755 0 0
1791152504 cpu  2350857 525 683009 31482543 11321 0 523578 26767 0 0
1791152509 cpu  2351045 525 683083 31486224 11322 0 523610 26771 0 0
1791152514 cpu  2351244 525 683171 31489863 11323 0 523639 26778 0 0
1791152519 cpu  2351426 525 683247 31493532 11325 0 523679 26785 0 0
1791152524 cpu  2351610 525 683341 31497203 11325 0 523716 26791 0 0
1791152529 cpu  2351764 525 683404 31500934 11326 0 523752 26795 0 0
1791152534 cpu  2351954 525 683483 31504594 11327 0 523781 26798 0 0
1791152539 cpu  2352103 525 683547 31508309 11327 0 523816 26802 0 0
1791152544 cpu  2352293 525 683633 31511971 11328 0 523844 26805 0 0
1791152549 cpu  2352458 525 683700 31515679 11329 0 523882 26808 0 0
1791152554 cpu  2352624 525 683771 31519386 11329 0 523918 26811 0 0
1791152559 cpu  2352742 525 683824 31523170 11330 0 523941 26815 0 0
1791152564 cpu  2352983 525 683913 31526758 11331 0 523980 26819 0 0
1791152569 cpu  2353396 525 684008 31530181 11332 0 524032 26823 0 0
1791152574 cpu  2353840 525 684106 31533571 11332 0 524095 26825 0 0
1791152579 cpu  2354282 525 684183 31536946 11334 0 524166 26828 0 0
1791152584 cpu  2354711 525 684271 31540334 11335 0 524236 26832 0 0
1791152589 cpu  2355102 525 684356 31543770 11335 0 524301 26835 0 0
1791152594 cpu  2355588 525 684442 31547125 11336 0 524360 26838 0 0
1791152599 cpu  2356033 525 684524 31550520 11337 0 524418 26841 0 0
1791152604 cpu  2356532 525 684636 31553823 11338 0 524493 26844 0 0
1791152609 cpu  2356972 525 684728 31557199 11339 0 524550 26848 0 0
1791152614 cpu  2357466 525 684834 31560522 11339 0 524613 26852 0 0
1791152619 cpu  2357918 525 684928 31563887 11340 0 524688 26855 0 0
1791152624 cpu  2358526 525 685045 31567070 11341 0 524749 26859 0 0
1791152629 cpu  2359064 525 685128 31570376 11342 0 524811 26862 0 0
1791152634 cpu  2359617 525 685223 31573637 11343 0 524873 26866 0 0
1791152639 cpu  2360141 525 685313 31576932 11343 0 524917 26869 0 0
1791152644 cpu  2360694 525 685421 31580182 11344 0 524971 26872 0 0
1791152649 cpu  2361260 525 685517 31583408 11345 0 525044 26876 0 0
1791152654 cpu  2361907 525 685658 31586475 11346 0 525140 26883 0 0
1791152659 cpu  2362572 525 685797 31589524 11348 0 525262 26890 0 0
1791152664 cpu  2363290 525 685957 31592437 11349 0 525414 26903 0 0
1791152669 cpu  2364009 525 686126 31595322 11350 0 525584 26918 0 0
1791152674 cpu  2364760 525 686311 31598167 11352 0 525757 26930 0 0
1791152679 cpu  2365497 525 686485 31601025 11353 0 525952 26941 0 0
1791152684 cpu  2366294 525 686673 31603819 11355 0 526136 26948 0 0
1791152689 cpu  2367060 525 686853 31606626 11356 0 526337 26956 0 0
1791152694 cpu  2367866 525 687049 31609334 11357 0 526567 26970 0 0
1791152699 cpu  2368674 525 687247 31612036 11359 0 526806 26985 0 0
1791152704 cpu  2369529 525 687457 31614690 11363 0 527027 27006 0 0
1791152709 cpu  2370279 525 687638 31617528 11364 0 527225 27017 0 0
1791152714 cpu  2371051 525 687834 31620340 11366 0 527437 27027 0 0
1791152719 cpu  2371758 525 687996 31623234 11367 0 527632 27037 0 0
1791152724 cpu  2372523 525 688188 31626058 11368 0 527835 27046 0 0
1791152729 cpu  2373343 525 688364 31628839 11370 0 528041 27062 0 0
1791152734 cpu  2374159 525 688558 31631552 11373 0 528246 27078 0 0
1791152739 cpu  2374917 525 688747 31634359 11374 0 528445 27092 0 0
1791152744 cpu  2375711 525 688921 31637145 11376 0 528631 27098 0 0
1791152749 cpu  2376450 525 689092 31640008 11377 0 528817 27107 0 0
1791152754 cpu  2377188 525 689261 31642873 11378 0 529015 27119 0 0
1791152759 cpu  2377912 525 689431 31645756 11380 0 529215 27127 0 0
1791152764 cpu  2378618 525 689616 31648644 11381 0 529412 27134 0 0
1791152769 cpu  2379323 525 689783 31651561 11381 0 529601 27141 0 0
1791152774 cpu  2380051 525 689961 31654423 11384 0 529799 27151 0 0
1791152779 cpu  2380837 525 690148 31657260 11385 0 529995 27162 0 0
1791152784 cpu  2381576 525 690323 31660142 11385 0 530190 27173 0 0
1791152789 cpu  2382284 525 690497 31663030 11387 0 530388 27180 0 0
1791152794 cpu  2383002 525 690641 31665948 11388 0 530569 27186 0 0
1791152799 cpu  2383709 525 690815 31668857 11389 0 530764 27192 0 0
1791152804 cpu  2384430 525 690991 31671715 11391 0 530965 27199 0 0
1791152809 cpu  2385114 525 691137 31674664 11392 0 531146 27205 0 0
1791152814 cpu  2385785 525 691298 31677625 11393 0 531337 27210 0 0
1791152819 cpu  2386485 525 691469 31680514 11395 0 531545 27216 0 0
1791152824 cpu  2387183 525 691635 31683445 11396 0 531731 27222 0 0
1791152829 cpu  2387875 525 691787 31686384 11397 0 531922 27229 0 0
1791152834 cpu  2388589 525 691951 31689282 11399 0 532115 27236 0 0
1791152839 cpu  2389264 525 692113 31692241 11400 0 532298 27242 0 0
1791152844 cpu  2389947 525 692270 31695193 11401 0 532455 27247 0 0
1791152849 cpu  2390653 525 692431 31698111 11402 0 532643 27253 0 0
1791152854 cpu  2391349 525 692579 31701076 11403 0 532812 27259 0 0
1791152859 cpu  2392059 525 692757 31703988 11404 0 532995 27264 0 0
1791152864 cpu  2392767 525 692910 31706902 11405 0 533179 27269 0 0
1791152869 cpu  2393465 525 693081 31709841 11406 0 533340 27275 0 0
1791152874 cpu  2394152 525 693252 31712788 11407 0 533540 27280 0 0
1791152879 cpu  2394857 525 693417 31715702 11409 0 533720 27287 0 0
1791152884 cpu  2395543 525 693586 31718648 11410 0 533893 27293 0 0
1791152889 cpu  2396227 525 693753 31721588 11411 0 534068 27298 0 0
1791152894 cpu  2396900 525 693922 31724538 11413 0 534239 27304 0 0
1791152899 cpu  2397618 525 694076 31727469 11414 0 534419 27309 0 0
1791152904 cpu  2398296 525 694228 31730421 11415 0 534589 27314 0 0
1791152909 cpu  2398979 525 694386 31733355 11417 0 534764 27318 0 0
1791152914 cpu  2399671 525 694543 31736296 11418 0 534951 27323 0 0
1791152919 cpu  2400385 525 694696 31739248 11419 0 535128 27328 0 0
1791152924 cpu  2401088 525 694849 31742197 11421 0 535295 27332 0 0
1791152929 cpu  2401789 525 694987 31745153 11422 0 535467 27337 0 0
1791152934 cpu  2402466 525 695150 31748100 11423 0 535631 27342 0 0
1791152939 cpu  2403226 525 695311 31750983 11425 0 535829 27348 0 0
1791152944 cpu  2403912 525 695475 31753945 11426 0 535998 27353 0 0
1791152949 cpu  2404581 525 695627 31756918 11427 0 536175 27358 0 0
1791152954 cpu  2405277 525 695796 31759867 11428 0 536358 27364 0 0
1791152959 cpu  2405993 525 695958 31762760 11429 0 536545 27371 0 0
1791152964 cpu  2406711 525 696128 31765663 11430 0 536734 27378 0 0
1791152969 cpu  2407400 525 696302 31768591 11432 0 536913 27384 0 0
1791152974 cpu  2408059 525 696452 31771552 11433 0 537098 27390 0 0
1791152979 cpu  2408752 525 696614 31774490 11433 0 537268 27398 0 0
1791152984 cpu  2409468 525 696768 31777427 11435 0 537449 27403 0 0
1791152989 cpu  2410148 525 696922 31780379 11436 0 537631 27409 0 0
1791152994 cpu  2410842 525 697089 31783323 11437 0 537823 27415 0 0
1791152999 cpu  2411539 525 697259 31786265 11438 0 538028 27421 0 0
1791153004 cpu  2412238 525 697424 31789185 11439 0 538209 27429 0 0
1791153009 cpu  2412914 525 697585 31792124 11440 0 538401 27435 0 0
1791153014 cpu  2413608 525 697750 31795051 11441 0 538594 27446 0 0
1791153019 cpu  2414310 525 697911 31797999 11443 0 538774 27452 0 0
1791153024 cpu  2415017 525 698082 31800906 11443 0 538964 27462 0 0
1791153029 cpu  2415751 525 698245 31803796 11445 0 539167 27470 0 0
1791153034 cpu  2416453 525 698403 31806731 11446 0 539347 27477 0 0
1791153039 cpu  2417225 525 698574 31809618 11449 0 539525 27483 0 0
1791153044 cpu  2417940 525 698741 31812518 11450 0 539719 27490 0 0
1791153049 cpu  2418605 525 698903 31815451 11451 0 539921 27497 0 0
1791153054 cpu  2419318 525 699072 31818372 11452 0 540117 27504 0 0
1791153059 cpu  2420026 525 699242 31821271 11454 0 540329 27511 0 0
1791153064 cpu  2420754 525 699407 31824171 11455 0 540515 27520 0 0
1791153069 cpu  2421451 525 699570 31827111 11456 0 540700 27526 0 0
1791153074 cpu  2422153 525 699756 31830012 11457 0 540888 27533 0 0
1791153079 cpu  2422877 525 699920 31832899 11459 0 541078 27540 0 0
1791153084 cpu  2423606 525 700087 31835774 11460 0 541286 27549 0 0
1791153089 cpu  2424341 525 700252 31838636 11462 0 541488 27558 0 0
1791153094 cpu  2425053 525 700414 31841555 11463 0 541686 27565 0 0
1791153099 cpu  2425789 525 700575 31844457 11464 0 541875 27573 0 0
1791153104 cpu  2426501 525 700747 31847340 11465 0 542068 27580 0 0
1791153109 cpu  2427199 525 700898 31850256 11466 0 542279 27589 0 0
1791153114 cpu  2427900 525 701065 31853152 11468 0 542476 27598 0 0
1791153119 cpu  2428695 525 701232 31855945 11469 0 542672 27610 0 0
1791153124 cpu  2429429 525 701410 31858772 11470 0 542896 27625 0 0
1791153129 cpu  2430172 525 701603 31861602 11472 0 543102 27637 0 0
1791153134 cpu  2430888 525 701778 31864475 11473 0 543299 27646 0 0
1791153139 cpu  2431631 525 701973 31867324 11474 0 543509 27658 0 0
1791153144 cpu  2432355 525 702160 31870164 11475 0 543708 27670 0 0
1791153149 cpu  2433122 525 702337 31873027 11477 0 543902 27679 0 0
1791153154 cpu  2433844 525 702517 31875905 11479 0 544100 27688 0 0
1791153159 cpu  2434601 525 702699 31878769 11480 0 544296 27698 0 0
1791153164 cpu  2435339 525 702877 31881639 11481 0 544506 27705 0 0
1791153169 cpu  2436084 525 703066 31884484 11482 0 544704 27715 0 0
1791153174 cpu  2436824 525 703231 31887370 11484 0 544921 27726 0 0
1791153179 cpu  2437553 525 703396 31890241 11485 0 545127 27736 0 0
1791153184 cpu  2438251 525 703568 31893153 11486 0 545318 27744 0 0
1791153189 cpu  2438937 525 703737 31896068 11487 0 545494 27752 0 0
1791153194 cpu  2439651 525 703892 31898979 11489 0 545678 27760 0 0
1791153199 cpu  2440392 525 704055 31901865 11490 0 545867 27770 0 0
1791153204 cpu  2441139 525 704243 31904715 11491 0 546064 27783 0 0
1791153209 cpu  2441859 525 704426 31907559 11493 0 546261 27795 0 0
1791153214 cpu  2442575 525 704586 31910464 11494 0 546467 27806 0 0
1791153219 cpu  2443298 525 704751 31913336 11495 0 546647 27815 0 0
1791153224 cpu  2444001 525 704921 31916247 11497 0 546830 27824 0 0
1791153229 cpu  2444710 525 705088 31919147 11498 0 547011 27832 0 0
1791153234 cpu  2445415 525 705241 31922094 11499 0 547195 27839 0 0
1791153239 cpu  2446110 525 705408 31925017 11501 0 547382 27846 0 0
1791153244 cpu  2446826 525 705560 31927950 11502 0 547563 27852 0 0
1791153249 cpu  2447535 525 705743 31930874 11504 0 547731 27857 0 0
1791153254 cpu  2448219 525 705903 31933837 11505 0 547911 27863 0 0
1791153259 cpu  2448686 525 706025 31937145 11506 0 547982 27867 0 0
1791153264 cpu  2448805 525 706096 31940902 11507 0 548008 27870 0 0
1791153269 cpu  2448932 525 706163 31944653 11508 0 548034 27872 0 0
1791153274 cpu  2449018 525 706217 31948457 11508 0 548053 27874 0 0
