1791122294 cpu  734650 525 213052 9981432 5045 0 159828 7348 0 0
1791122299 cpu  734705 525 213090 9985295 5047 0 159833 7349 0 0
1791122304 cpu  734822 525 213152 9989062 5047 0 159856 7351 0 0
1791122309 cpu  734949 525 213215 9992817 5048 0 159878 7352 0 0
1791122314 cpu  735031 525 213272 9996638 5049 0 159892 7354 0 0
1791122319 cpu  735172 525 213339 10000377 5051 0 159921 7356 0 0
1791122324 cpu  735318 525 213417 10004104 5051 0 159947 7358 0 0
1791122329 cpu  735482 525 213497 10007819 5052 0 159977 7359 0 0
1791122334 cpu  735621 525 213568 10011563 5052 0 159999 7361 0 0
1791122339 cpu  735727 525 213605 10015368 5053 0 160011 7363 0 0
1791122344 cpu  735773 525 213638 10019239 5054 0 160016 7364 0 0
1791122349 cpu  735840 525 213669 10023097 5056 0 160023 7365 0 0
1791122354 cpu  735897 525 213694 10026965 5056 0 160032 7367 0 0
1791122359 cpu  735995 525 213738 10030774 5057 0 160045 7368 0 0
1791122364 cpu  736104 525 213798 10034562 5058 0 160059 7369 0 0
1791122369 cpu  736233 525 213854 10038317 5059 0 160080 7371 0 0
1791122374 cpu  736393 525 213918 10042044 5060 0 160095 7372 0 0
1791122379 cpu  736532 525 213991 10045780 5062 0 160120 7374 0 0
1791122384 cpu  736668 525 214057 10049509 5062 0 160141 7375 0 0
1791122389 cpu  736803 525 214119 10053255 5064 0 160159 7377 0 0
1791122394 cpu  736921 525 214181 10057031 5065 0 160185 7379 0 0
1791122399 cpu  737013 525 214232 10060844 5065 0 160203 7380 0 0
1791122404 cpu  737126 525 214287 10064618 5066 0 160229 7382 0 0
1791122409 cpu  737266 525 214348 10068349 5069 0 160256 7384 0 0
1791122414 cpu  737366 525 214396 10072152 5069 0 160272 7385 0 0
1791122419 cpu  737441 525 214435 10075984 5070 0 160286 7387 0 0
1791122424 cpu  737585 525 214497 10079731 5071 0 160303 7389 0 0
1791122429 cpu  737716 525 214555 10083496 5072 0 160327 7390 0 0
1791122434 cpu  737874 525 214623 10087210 5074 0 160352 7392 0 0
1791122439 cpu  738054 525 214679 10090909 5075 0 160374 7394 0 0
1791122444 cpu  738253 525 214748 10094582 5076 0 160399 7395 0 0
1791122449 cpu  738417 525 214816 10098302 5078 0 160419 7397 0 0
1791122454 cpu  738579 525 214885 10102021 5079 0 160442 7399 0 0
1791122459 cpu  738755 525 214951 10105729 5080 0 160474 7400 0 0
1791122464 cpu  738921 525 215016 10109453 5080 0 160501 7402 0 0
1791122469 cpu  739085 525 215076 10113178 5082 0 160527 7403 0 0
1791122474 cpu  739235 525 215147 10116899 5082 0 160552 7406 0 0
1791122479 cpu  739402 525 215213 10120625 5083 0 160573 7407 0 0
1791122484 cpu  739592 525 215295 10124301 5084 0 160599 7409 0 0
1791122489 cpu  739762 525 215373 10128011 5086 0 160627 7411 0 0
1791122494 cpu  739935 525 215442 10131729 5087 0 160650 7413 0 0
1791122499 cpu  740092 525 215524 10135430 5088 0 160670 7415 0 0
1791122504 cpu  740252 525 215582 10139148 5089 0 160697 7416 0 0
1791122509 cpu  740396 525 215644 10142889 5090 0 160719 7418 0 0
1791122514 cpu  740509 525 215702 10146666 5092 0 160734 7420 0 0
1791122519 cpu  740722 525 215757 10150333 5092 0 160764 7422 0 0
1791122524 cpu  741112 525 215837 10153787 5093 0 160821 7424 0 0
1791122529 cpu  741496 525 215909 10157256 5094 0 160867 7426 0 0
1791122534 cpu  741903 525 215991 10160695 5095 0 160920 7428 0 0
1791122539 cpu  742300 525 216064 10164138 5096 0 160957 7430 0 0
1791122544 cpu  742668 525 216149 10167623 5098 0 161003 7432 0 0
1791122549 cpu  743132 525 216240 10170979 5099 0 161054 7435 0 0
1791122554 cpu  743517 525 216327 10174432 5100 0 161114 7437 0 0
1791122559 cpu  743940 525 216424 10177821 5101 0 161174 7440 0 0
1791122564 cpu  744353 525 216527 10181239 5101 0 161230 7441 0 0
1791122569 cpu  744723 525 216609 10184711 5103 0 161289 7443 0 0
1791122574 cpu  745203 525 216710 10188048 5104 0 161345 7445 0 0
1791122579 cpu  745692 525 216793 10191409 5105 0 161382 7447 0 0
1791122584 cpu  746172 525 216888 10194764 5105 0 161423 7449 0 0
1791122589 cpu  746675 525 216980 10198108 5107 0 161472 7451 0 0
1791122594 cpu  747203 525 217068 10201422 5107 0 161511 7453 0 0
1791122599 cpu  747708 525 217163 10204770 5108 0 161560 7454 0 0
1791122604 cpu  748240 525 217262 10208061 5110 0 161622 7456 0 0
1791122609 cpu  748800 525 217360 10211307 5110 0 161691 7458 0 0
1791122614 cpu  749368 525 217485 10214501 5112 0 161778 7461 0 0
1791122619 cpu  749945 525 217611 10217627 5114 0 161883 7464 0 0
1791122624 cpu  750559 525 217737 10220716 5115 0 162000 7467 0 0
1791122629 cpu  751155 525 217901 10223789 5116 0 162122 7471 0 0
1791122634 cpu  751794 525 218077 10226767 5119 0 162275 7481 0 0
1791122639 cpu  752445 525 218246 10229752 5121 0 162432 7488 0 0
1791122644 cpu  753099 525 218414 10232732 5123 0 162598 7496 0 0
1791122649 cpu  753748 525 218566 10235697 5125 0 162759 7502 0 0
1791122654 cpu  754414 525 218729 10238661 5126 0 162925 7510 0 0
1791122659 cpu  755092 525 218892 10241594 5128 0 163113 7518 0 0
1791122664 cpu  755779 525 219067 10244509 5131 0 163283 7530 0 0
1791122669 cpu  756444 525 219251 10247433 5132 0 163463 7542 0 0
1791122674 cpu  757128 525 219443 10250334 5134 0 163663 7558 0 0
1791122679 cpu  757864 525 219627 10253197 5137 0 163834 7575 0 0
1791122684 cpu  758533 525 219786 10256169 5139 0 163985 7584 0 0
1791122689 cpu  759181 525 219945 10259161 5140 0 164156 7592 0 0
1791122694 cpu  759821 525 220116 10262167 5142 0 164308 7599 0 0
1791122699 cpu  760467 525 220277 10265176 5143 0 164468 7606 0 0
1791122704 cpu  761158 525 220436 10268147 5146 0 164631 7613 0 0
1791122709 cpu  761839 525 220593 10271099 5148 0 164798 7620 0 0
1791122714 cpu  762520 525 220779 10274035 5150 0 164960 7628 0 0
1791122719 cpu  763204 525 220935 10276999 5152 0 165128 7635 0 0
1791122724 cpu  763873 525 221085 10279955 5155 0 165291 7642 0 0
1791122729 cpu  764544 525 221235 10282936 5156 0 165468 7649 0 0
1791122734 cpu  765201 525 221404 10285888 5159 0 165626 7655 0 0
1791122739 cpu  765927 525 221601 10288752 5161 0 165803 7665 0 0
1791122744 cpu  766612 525 221766 10291684 5162 0 165977 7673 0 0
1791122749 cpu  767273 525 221914 10294695 5164 0 166135 7681 0 0
1791122754 cpu  767971 525 222079 10297646 5166 0 166302 7688 0 0
1791122759 cpu  768636 525 222234 10300622 5169 0 166466 7694 0 0
1791122764 cpu  769329 525 222402 10303573 5171 0 166624 7701 0 0
1791122769 cpu  769976 525 222557 10306582 5173 0 166791 7706 0 0
1791122774 cpu  770639 525 222725 10309553 5174 0 166953 7712 0 0
1791122779 cpu  771284 525 222882 10312547 5175 0 167138 7718 0 0
1791122784 cpu  771937 525 223050 10315514 5177 0 167316 7724 0 0
1791122789 cpu  772604 525 223198 10318493 5179 0 167496 7730 0 0
1791122794 cpu  773265 525 223348 10321463 5180 0 167659 7736 0 0
1791122799 cpu  773920 525 223497 10324453 5182 0 167823 7741 0 0
1791122804 cpu  774610 525 223652 10327416 5183 0 167975 7746 0 0
1791122809 cpu  775262 525 223797 10330416 5185 0 168149 7752 0 0
1791122814 cpu  775928 525 223961 10333383 5187 0 168301 7758 0 0
1791122819 cpu  776570 525 224111 10336388 5188 0 168483 7765 0 0
1791122824 cpu  777226 525 224266 10339400 5189 0 168638 7770 0 0
1791122829 cpu  777857 525 224428 10342426 5192 0 168801 7774 0 0
1791122834 cpu  778550 525 224580 10345390 5193 0 168952 7780 0 0
1791122839 cpu  779201 525 224728 10348394 5195 0 169108 7785 0 0
1791122844 cpu  779855 525 224883 10351378 5197 0 169265 7792 0 0
1791122849 cpu  780487 525 225022 10354413 5198 0 169434 7797 0 0
1791122854 cpu  781142 525 225177 10357391 5199 0 169606 7802 0 0
1791122859 cpu  781808 525 225332 10360376 5201 0 169761 7809 0 0
1791122864 cpu  782471 525 225499 10363380 5202 0 169920 7814 0 0
1791122869 cpu  783105 525 225650 10366377 5205 0 170094 7819 0 0
1791122874 cpu  783770 525 225809 10369350 5206 0 170241 7826 0 0
1791122879 cpu  784424 525 225976 10372338 5208 0 170404 7831 0 0
1791122884 cpu  785067 525 226133 10375318 5209 0 170547 7836 0 0
1791122889 cpu  785716 525 226278 10378306 5211 0 170713 7844 0 0
1791122894 cpu  786373 525 226437 10381297 5212 0 170878 7849 0 0
1791122899 cpu  787003 525 226582 10384328 5214 0 171025 7854 0 0
1791122904 cpu  787660 525 226727 10387321 5215 0 171189 7859 0 0
1791122909 cpu  788298 525 226875 10390326 5217 0 171350 7865 0 0
1791122914 cpu  788948 525 227038 10393318 5218 0 171524 7870 0 0
1791122919 cpu  789636 525 227218 10396239 5221 0 171699 7877 0 0
1791122924 cpu  790322 525 227384 10399185 5222 0 171860 7883 0 0
1791122929 cpu  790949 525 227539 10402207 5223 0 172017 7889 0 0
1791122934 cpu  791607 525 227694 10405194 5225 0 172194 7897 0 0
1791122939 cpu  792222 525 227841 10408234 5226 0 172350 7903 0 0
1791122944 cpu  792878 525 227991 10411232 5229 0 172535 7909 0 0
1791122949 cpu  793521 525 228141 10414234 5234 0 172701 7915 0 0
1791122954 cpu  794184 525 228303 10417236 5235 0 172861 7920 0 0
1791122959 cpu  794809 525 228439 10420296 5238 0 172996 7924 0 0
1791122964 cpu  795486 525 228581 10423288 5240 0 173148 7929 0 0
1791122969 cpu  796139 525 228718 10426336 5241 0 173304 7935 0 0
1791122974 cpu  796792 525 228861 10429362 5242 0 173454 7939 0 0
1791122979 cpu  797456 525 229001 10432355 5244 0 173639 7944 0 0
1791122984 cpu  798098 525 229154 10435352 5245 0 173784 7949 0 0
1791122989 cpu  798718 525 229303 10438389 5247 0 173936 7954 0 0
1791122994 cpu  799381 525 229444 10441379 5248 0 174096 7959 0 0
1791122999 cpu  800025 525 229593 10444400 5250 0 174260 7964 0 0
1791123004 cpu  800671 525 229739 10447393 5251 0 174435 7970 0 0
1791123009 cpu  801333 525 229887 10450408 5253 0 174597 7975 0 0
1791123014 cpu  802006 525 230034 10453377 5254 0 174766 7980 0 0
1791123019 cpu  802654 525 230174 10456400 5255 0 174942 7984 0 0
1791123024 cpu  803342 525 230327 10459359 5257 0 175092 7989 0 0
1791123029 cpu  803972 525 230472 10462412 5258 0 175254 7994 0 0
1791123034 cpu  804586 525 230613 10465433 5260 0 175406 7998 0 0
1791123039 cpu  805262 525 230771 10468389 5262 0 175555 8006 0 0
1791123044 cpu  805910 525 230917 10471379 5263 0 175718 8011 0 0
1791123049 cpu  806529 525 231059 10474426 5265 0 175884 8015 0 0
1791123054 cpu  807171 525 231214 10477446 5267 0 176031 8020 0 0
1791123059 cpu  807752 525 231349 10480525 5268 0 176187 8024 0 0
1791123064 cpu  808399 525 231491 10483532 5270 0 176341 8029 0 0
1791123069 cpu  809066 525 231655 10486485 5272 0 176504 8033 0 0
1791123074 cpu  809702 525 231817 10489484 5274 0 176660 8038 0 0
1791123079 cpu  810316 525 231955 10492537 5275 0 176815 8041 0 0
1791123084 cpu  811020 525 232126 10495471 5277 0 176987 8045 0 0
1791123089 cpu  811649 525 232283 10498521 5278 0 177141 8049 0 0
1791123094 cpu  812295 525 232421 10501553 5280 0 177293 8052 0 0
1791123099 cpu  812990 525 232595 10504472 5281 0 177459 8056 0 0
1791123104 cpu  813654 525 232752 10507428 5283 0 177624 8061 0 0
1791123109 cpu  814320 525 232915 10510432 5284 0 177784 8066 0 0
1791123114 cpu  814983 525 233067 10513420 5286 0 177958 8071 0 0
1791123119 cpu  815631 525 233229 10516410 5287 0 178126 8077 0 0
1791123124 cpu  816296 525 233388 10519372 5290 0 178302 8082 0 0
1791123129 cpu  816934 525 233546 10522368 5291 0 178487 8086 0 0
1791123134 cpu  817618 525 233709 10525328 5293 0 178657 8091 0 0
1791123139 cpu  818280 525 233859 10528344 5294 0 178818 8095 0 0
1791123144 cpu  818924 525 234006 10531336 5296 0 178996 8101 0 0
1791123149 cpu  819543 525 234153 10534367 5297 0 179163 8105 0 0
1791123154 cpu  820195 525 234316 10537351 5299 0 179333 8109 0 0
1791123159 cpu  820840 525 234483 10540349 5300 0 179490 8113 0 0
1791123164 cpu  821504 525 234624 10543338 5302 0 179646 8117 0 0
1791123169 cpu  822127 525 234762 10546347 5303 0 179817 8121 0 0
1791123174 cpu  822791 525 234913 10549342 5305 0 179976 8126 0 0
1791123179 cpu  823401 525 235070 10552367 5306 0 180158 8130 0 0
1791123184 cpu  824073 525 235215 10555349 5308 0 180323 8134 0 0
1791123189 cpu  824714 525 235363 10558368 5309 0 180474 8138 0 0
1791123194 cpu  825369 525 235510 10561361 5311 0 180638 8141 0 0
1791123199 cpu  825976 525 235657 10564389 5313 0 180812 8145 0 0
1791123204 cpu  826656 525 235810 10567353 5315 0 180979 8149 0 0
1791123209 cpu  827281 525 235946 10570402 5316 0 181134 8152 0 0
1791123214 cpu  827595 525 236037 10573929 5318 0 181160 8154 0 0
1791123219 cpu  827710 525 236098 10577696 5319 0 181188 8155 0 0
1791123224 cpu  827824 525 236156 10581452 5320 0 181212 8157 0 0
1791123229 cpu  827934 525 236222 10585239 5321 0 181239 8158 0 0
