1791122299 cpu  536875 0 25852 10573366 623 0 56055 11407 0 0
1791122304 cpu  536881 0 25858 10577352 623 0 56055 11408 0 0
1791122309 cpu  536889 0 25864 10581328 623 0 56055 11409 0 0
1791122314 cpu  536943 0 25885 10585245 624 0 56063 11411 0 0
1791122319 cpu  536946 0 25889 10589237 624 0 56064 11412 0 0
1791122324 cpu  536949 0 25892 10593228 624 0 56065 11412 0 0
1791122329 cpu  536953 0 25893 10597221 624 0 56065 11413 0 0
1791122334 cpu  536955 0 25896 10601215 624 0 56065 11413 0 0
1791122339 cpu  536958 0 25897 10605208 624 0 56065 11414 0 0
1791122344 cpu  536961 0 25899 10609200 624 0 56065 11414 0 0
1791122349 cpu  536964 0 25901 10613194 624 0 56066 11415 0 0
1791122354 cpu  536967 0 25902 10617188 624 0 56066 11415 0 0
1791122359 cpu  536969 0 25903 10621183 624 0 56066 11416 0 0
1791122364 cpu  536971 0 25904 10625177 624 0 56066 11416 0 0
1791122369 cpu  536981 0 25908 10629157 624 0 56066 11417 0 0
1791122374 cpu  536985 0 25912 10633146 624 0 56067 11417 0 0
1791122379 cpu  536987 0 25913 10637140 624 0 56067 11418 0 0
1791122384 cpu  536991 0 25914 10641132 625 0 56067 11418 0 0
1791122389 cpu  536992 0 25915 10645127 625 0 56068 11418 0 0
1791122394 cpu  536995 0 25916 10649121 625 0 56068 11419 0 0
1791122399 cpu  536999 0 25918 10653111 625 0 56068 11419 0 0
1791122404 cpu  537003 0 25918 10657103 625 0 56069 11421 0 0
1791122409 cpu  537006 0 25919 10661097 625 0 56069 11422 0 0
1791122414 cpu  537008 0 25919 10665093 625 0 56070 11423 0 0
1791122419 cpu  537013 0 25922 10669080 626 0 56070 11425 0 0
1791122424 cpu  537016 0 25925 10673073 626 0 56070 11426 0 0
1791122429 cpu  537024 0 25931 10677052 626 0 56070 11427 0 0
1791122434 cpu  537028 0 25933 10681040 626 0 56070 11428 0 0
1791122439 cpu  537030 0 25934 10685032 626 0 56070 11428 0 0
1791122444 cpu  537037 0 25936 10689020 626 0 56070 11429 0 0
1791122449 cpu  537039 0 25938 10693013 626 0 56071 11429 0 0
1791122454 cpu  537042 0 25938 10697006 626 0 56071 11430 0 0
1791122459 cpu  537045 0 25940 10700999 626 0 56071 11430 0 0
1791122464 cpu  537048 0 25941 10704990 626 0 56072 11431 0 0
1791122469 cpu  537051 0 25943 10708983 627 0 56072 11431 0 0
1791122474 cpu  537053 0 25944 10712977 627 0 56072 11432 0 0
1791122479 cpu  537055 0 25945 10716971 627 0 56073 11433 0 0
1791122484 cpu  537060 0 25946 10720964 627 0 56073 11433 0 0
1791122489 cpu  537071 0 25951 10724941 627 0 56075 11434 0 0
1791122494 cpu  537075 0 25952 10728928 627 0 56075 11434 0 0
1791122499 cpu  537078 0 25953 10732921 627 0 56075 11435 0 0
1791122504 cpu  537082 0 25954 10736912 627 0 56076 11435 0 0
1791122509 cpu  537083 0 25955 10740906 628 0 56076 11436 0 0
1791122514 cpu  537087 0 25956 10744899 628 0 56079 11436 0 0
1791122519 cpu  537090 0 25957 10748892 628 0 56079 11437 0 0
1791122524 cpu  537093 0 25959 10752883 628 0 56079 11438 0 0
1791122529 cpu  537096 0 25961 10756876 628 0 56079 11438 0 0
1791122534 cpu  537098 0 25961 10760871 628 0 56079 11438 0 0
1791122539 cpu  537101 0 25962 10764863 628 0 56081 11439 0 0
1791122544 cpu  537104 0 25963 10768857 628 0 56081 11440 0 0
1791122549 cpu  537112 0 25968 10772837 628 0 56081 11441 0 0
1791122554 cpu  537113 0 25970 10776828 628 0 56081 11441 0 0
1791122559 cpu  537116 0 25971 10780821 628 0 56081 11442 0 0
1791122564 cpu  537119 0 25974 10784811 628 0 56082 11442 0 0
1791122569 cpu  537121 0 25976 10788804 628 0 56082 11443 0 0
1791122574 cpu  537125 0 25978 10792794 628 0 56082 11444 0 0
1791122579 cpu  537194 0 26012 10796684 628 0 56095 11446 0 0
1791122584 cpu  537279 0 26048 10800546 628 0 56120 11452 0 0
1791122589 cpu  537363 0 26090 10804406 628 0 56134 11454 0 0
1791122594 cpu  537410 0 26119 10808320 628 0 56144 11456 0 0
1791122599 cpu  538648 0 26256 10810910 628 0 56150 11488 0 0
1791122604 cpu  539075 0 26279 10814443 629 0 56162 11499 0 0
1791122609 cpu  539730 0 26335 10817694 629 0 56195 11508 0 0
1791122614 cpu  540312 0 26362 10821056 629 0 56220 11520 0 0
1791122619 cpu  541102 0 26395 10824186 630 0 56257 11547 0 0
1791122624 cpu  541861 0 26424 10827335 630 0 56302 11577 0 0
1791122629 cpu  542756 0 26461 10830350 630 0 56344 11592 0 0
1791122634 cpu  543670 0 26489 10833343 630 0 56402 11622 0 0
1791122639 cpu  544764 0 26532 10836131 630 0 56464 11653 0 0
1791122644 cpu  545755 0 26566 10839041 630 0 56533 11692 0 0
1791122649 cpu  546814 0 26606 10841843 630 0 56606 11764 0 0
1791122654 cpu  547468 0 26625 10845119 630 0 56662 11781 0 0
1791122659 cpu  548104 0 26649 10848403 631 0 56728 11797 0 0
1791122664 cpu  548737 0 26668 10851695 631 0 56796 11809 0 0
1791122669 cpu  549369 0 26700 10854969 631 0 56863 11821 0 0
1791122674 cpu  549989 0 26729 10858267 633 0 56925 11832 0 0
1791122679 cpu  550643 0 26754 10861539 633 0 56990 11848 0 0
1791122684 cpu  551279 0 26777 10864787 633 0 57057 11872 0 0
1791122689 cpu  551938 0 26794 10868042 633 0 57128 11896 0 0
1791122695 cpu  552588 0 26809 10871321 633 0 57197 11912 0 0
1791122700 cpu  553186 0 26831 10874628 634 0 57258 11922 0 0
1791122705 cpu  553836 0 26851 10877879 634 0 57318 11944 0 0
1791122710 cpu  554433 0 26879 10881189 634 0 57381 11954 0 0
1791122715 cpu  555047 0 26895 10884497 634 0 57439 11965 0 0
1791122720 cpu  555672 0 26915 10887777 635 0 57507 11982 0 0
1791122725 cpu  556304 0 26939 10891055 635 0 57575 12003 0 0
1791122730 cpu  556952 0 26963 10894316 635 0 57635 12022 0 0
1791122735 cpu  557635 0 26986 10897516 636 0 57700 12064 0 0
1791122740 cpu  558328 0 27015 10900726 636 0 57765 12105 0 0
1791122745 cpu  558985 0 27037 10903984 636 0 57838 12133 0 0
1791122750 cpu  559651 0 27063 10907217 637 0 57910 12166 0 0
1791122755 cpu  560335 0 27087 10910434 637 0 57972 12208 0 0
1791122760 cpu  561073 0 27109 10913613 637 0 58037 12251 0 0
1791122765 cpu  561773 0 27131 10916813 637 0 58093 12302 0 0
1791122770 cpu  562434 0 27150 10920033 637 0 58160 12344 0 0
1791122775 cpu  563107 0 27177 10923260 638 0 58227 12386 0 0
1791122780 cpu  563775 0 27200 10926481 638 0 58288 12429 0 0
1791122785 cpu  564433 0 27224 10929738 638 0 58347 12458 0 0
1791122790 cpu  565107 0 27252 10932941 639 0 58419 12498 0 0
1791122795 cpu  565765 0 27277 10936185 639 0 58481 12528 0 0
1791122800 cpu  566429 0 27298 10939437 639 0 58543 12555 0 0
1791122805 cpu  567070 0 27323 10942707 639 0 58600 12580 0 0
1791122810 cpu  567695 0 27345 10945983 640 0 58666 12618 0 0
1791122815 cpu  568384 0 27379 10949177 640 0 58735 12690 0 0
1791122820 cpu  569040 0 27404 10952448 640 0 58815 12717 0 0
1791122825 cpu  569688 0 27431 10955726 640 0 58898 12740 0 0
1791122830 cpu  570339 0 27451 10959004 641 0 58971 12767 0 0
1791122835 cpu  570917 0 27473 10962337 642 0 59042 12779 0 0
1791122840 cpu  571512 0 27495 10965648 642 0 59115 12798 0 0
1791122845 cpu  572121 0 27517 10968941 642 0 59191 12819 0 0
1791122850 cpu  572785 0 27544 10972220 642 0 59276 12835 0 0
1791122855 cpu  573418 0 27569 10975520 643 0 59358 12850 0 0
1791122860 cpu  574060 0 27596 10978825 643 0 59439 12862 0 0
1791122865 cpu  574712 0 27618 10982118 643 0 59518 12882 0 0
1791122870 cpu  575349 0 27645 10985417 643 0 59602 12894 0 0
1791122875 cpu  575957 0 27671 10988759 643 0 59676 12901 0 0
1791122880 cpu  576546 0 27691 10992100 643 0 59749 12909 0 0
1791122885 cpu  577189 0 27713 10995376 644 0 59838 12928 0 0
1791122890 cpu  577873 0 27737 10998648 644 0 59930 12947 0 0
1791122895 cpu  578488 0 27754 11001979 645 0 60010 12956 0 0
1791122900 cpu  579108 0 27776 11005312 645 0 60084 12965 0 0
1791122905 cpu  579728 0 27797 11008639 645 0 60168 12973 0 0
1791122910 cpu  580378 0 27826 11011925 645 0 60263 12980 0 0
1791122915 cpu  580986 0 27850 11015242 645 0 60340 12990 0 0
1791122920 cpu  581634 0 27874 11018553 645 0 60419 13001 0 0
1791122925 cpu  582240 0 27895 11021881 645 0 60507 13008 0 0
1791122930 cpu  582826 0 27918 11025230 646 0 60577 13017 0 0
1791122935 cpu  583364 0 27946 11028598 646 0 60660 13023 0 0
1791122940 cpu  583945 0 27965 11031959 646 0 60737 13029 0 0
1791122945 cpu  584545 0 27989 11035306 647 0 60809 13045 0 0
1791122950 cpu  585141 0 28012 11038627 647 0 60887 13060 0 0
1791122955 cpu  585737 0 28033 11041972 647 0 60960 13067 0 0
1791122960 cpu  586288 0 28056 11045342 647 0 61024 13075 0 0
1791122965 cpu  586884 0 28080 11048673 647 0 61115 13085 0 0
1791122970 cpu  587492 0 28109 11051998 647 0 61192 13091 0 0
1791122975 cpu  588066 0 28130 11055347 647 0 61263 13100 0 0
1791122980 cpu  588700 0 28158 11058650 647 0 61349 13108 0 0
1791122985 cpu  589287 0 28186 11061994 647 0 61434 13114 0 0
1791122990 cpu  589873 0 28203 11065345 648 0 61507 13122 0 0
1791122995 cpu  590484 0 28221 11068678 648 0 61574 13129 0 0
1791123000 cpu  591085 0 28241 11072016 648 0 61649 13138 0 0
1791123005 cpu  591692 0 28259 11075345 648 0 61737 13148 0 0
1791123010 cpu  592287 0 28286 11078688 648 0 61801 13159 0 0
1791123015 cpu  592914 0 28309 11081994 648 0 61877 13176 0 0
1791123020 cpu  593515 0 28329 11085324 649 0 61961 13185 0 0
1791123025 cpu  594116 0 28352 11088668 649 0 62033 13193 0 0
1791123030 cpu  594741 0 28387 11091978 649 0 62119 13202 0 0
1791123035 cpu  595385 0 28410 11095264 649 0 62205 13226 0 0
1791123040 cpu  596003 0 28432 11098562 649 0 62294 13240 0 0
1791123045 cpu  596639 0 28452 11101858 649 0 62373 13269 0 0
1791123050 cpu  597293 0 28479 11105099 650 0 62453 13316 0 0
1791123055 cpu  597925 0 28497 11108394 650 0 62529 13336 0 0
1791123060 cpu  598575 0 28522 11111666 650 0 62609 13363 0 0
1791123065 cpu  599206 0 28545 11114945 650 0 62682 13391 0 0
1791123070 cpu  599862 0 28571 11118208 650 0 62767 13419 0 0
1791123075 cpu  600539 0 28597 11121454 650 0 62848 13456 0 0
1791123080 cpu  601200 0 28628 11124695 650 0 62929 13497 0 0
1791123085 cpu  601851 0 28650 11127954 651 0 63009 13523 0 0
1791123090 cpu  602512 0 28683 11131198 651 0 63093 13545 0 0
1791123095 cpu  603205 0 28732 11134403 652 0 63168 13567 0 0
1791123100 cpu  603878 0 28758 11137669 652 0 63256 13585 0 0
1791123105 cpu  604540 0 28783 11140947 653 0 63330 13604 0 0
1791123110 cpu  605183 0 28807 11144258 653 0 63414 13617 0 0
1791123115 cpu  605813 0 28828 11147553 653 0 63489 13630 0 0
1791123120 cpu  606472 0 28851 11150834 653 0 63578 13644 0 0
1791123125 cpu  607134 0 28875 11154104 653 0 63663 13659 0 0
1791123130 cpu  607754 0 28898 11157399 654 0 63733 13673 0 0
1791123135 cpu  608400 0 28918 11160683 654 0 63814 13687 0 0
1791123140 cpu  609003 0 28934 11164022 654 0 63909 13694 0 0
1791123145 cpu  609628 0 28961 11167341 654 0 63987 13702 0 0
1791123150 cpu  610272 0 28983 11170637 654 0 64064 13712 0 0
1791123155 cpu  610929 0 29011 11173947 654 0 64149 13721 0 0
1791123160 cpu  611534 0 29032 11177277 655 0 64225 13728 0 0
1791123165 cpu  612148 0 29053 11180605 655 0 64295 13736 0 0
1791123170 cpu  612778 0 29076 11183916 656 0 64369 13745 0 0
1791123175 cpu  613406 0 29098 11187238 656 0 64442 13753 0 0
1791123180 cpu  614027 0 29117 11190552 656 0 64532 13763 0 0
1791123185 cpu  614645 0 29140 11193876 656 0 64614 13773 0 0
1791123190 cpu  615285 0 29160 11197184 656 0 64695 13785 0 0
1791123195 cpu  615908 0 29182 11200496 656 0 64776 13797 0 0
1791123200 cpu  616566 0 29200 11203800 656 0 64853 13805 0 0
1791123205 cpu  617197 0 29216 11207112 656 0 64938 13813 0 0
1791123210 cpu  617765 0 29277 11210452 657 0 65014 13820 0 0
1791123215 cpu  617770 0 29281 11214442 657 0 65014 13820 0 0
1791123220 cpu  617771 0 29282 11218438 657 0 65014 13821 0 0
1791123225 cpu  617774 0 29284 11222428 657 0 65014 13821 0 0
1791123230 cpu  617776 0 29285 11226425 657 0 65015 13821 0 0
1791123235 cpu  617777 0 29286 11230420 657 0 65016 13822 0 0
1791123240 cpu  617782 0 29287 11234411 657 0 65017 13822 0 0
