1791122297 cpu  3611304 512 999235 16977536 5846 0 337188 15875 0 0
1791122302 cpu  3611430 512 999322 16985226 5846 0 337206 15879 0 0
1791122307 cpu  3611597 512 999435 16992833 5847 0 337225 15883 0 0
1791122312 cpu  3611704 512 999517 17000551 5847 0 337242 15887 0 0
1791122317 cpu  3611866 512 999627 17008175 5848 0 337267 15892 0 0
1791122322 cpu  3611977 512 999706 17015893 5848 0 337286 15896 0 0
1791122327 cpu  3612137 512 999809 17023524 5849 0 337308 15901 0 0
1791122332 cpu  3612262 512 999898 17031211 5849 0 337325 15905 0 0
1791122337 cpu  3612426 512 1000000 17038822 5849 0 337349 15910 0 0
1791122342 cpu  3612525 512 1000079 17046549 5850 0 337369 15914 0 0
1791122347 cpu  3612685 512 1000180 17054170 5850 0 337390 15918 0 0
1791122352 cpu  3612788 512 1000249 17061902 5850 0 337410 15922 0 0
1791122357 cpu  3612932 512 1000351 17069542 5851 0 337432 15926 0 0
1791122362 cpu  3613039 512 1000436 17077245 5851 0 337452 15931 0 0
1791122367 cpu  3613208 512 1000542 17084872 5851 0 337473 15935 0 0
1791122372 cpu  3613310 512 1000618 17092596 5852 0 337491 15939 0 0
1791122377 cpu  3613473 512 1000732 17100218 5852 0 337513 15943 0 0
1791122382 cpu  3613582 512 1000813 17107932 5852 0 337540 15947 0 0
1791122387 cpu  3613739 512 1000915 17115577 5853 0 337558 15951 0 0
1791122392 cpu  3613888 512 1000997 17123259 5853 0 337573 15954 0 0
1791122397 cpu  3614022 512 1001096 17130908 5853 0 337601 15959 0 0
1791122402 cpu  3614164 512 1001191 17138592 5854 0 337616 15964 0 0
1791122407 cpu  3614313 512 1001296 17146239 5854 0 337642 15969 0 0
1791122412 cpu  3614453 512 1001374 17153921 5854 0 337658 15974 0 0
1791122417 cpu  3614596 512 1001467 17161574 5855 0 337677 15980 0 0
1791122422 cpu  3614738 512 1001564 17169230 5855 0 337700 15984 0 0
1791122427 cpu  3614896 512 1001647 17176875 5855 0 337722 15988 0 0
1791122432 cpu  3615028 512 1001725 17184579 5856 0 337745 15992 0 0
1791122437 cpu  3615179 512 1001821 17192230 5856 0 337770 15997 0 0
1791122442 cpu  3615314 512 1001902 17199920 5857 0 337783 16001 0 0
1791122447 cpu  3615455 512 1001995 17207600 5857 0 337801 16004 0 0
1791122452 cpu  3615598 512 1002087 17215250 5857 0 337820 16008 0 0
1791122457 cpu  3615725 512 1002178 17222923 5857 0 337833 16012 0 0
1791122462 cpu  3615861 512 1002263 17230593 5858 0 337853 16016 0 0
1791122467 cpu  3615994 512 1002357 17238264 5858 0 337871 16021 0 0
1791122472 cpu  3616119 512 1002441 17245958 5858 0 337886 16025 0 0
1791122477 cpu  3616247 512 1002542 17253631 5859 0 337903 16030 0 0
1791122482 cpu  3616405 512 1002637 17261279 5859 0 337923 16034 0 0
1791122487 cpu  3616554 512 1002738 17268943 5859 0 337939 16038 0 0
1791122492 cpu  3616690 512 1002821 17276635 5860 0 337950 16042 0 0
1791122497 cpu  3616831 512 1002922 17284302 5860 0 337966 16046 0 0
1791122502 cpu  3616940 512 1003011 17291992 5860 0 337982 16050 0 0
1791122507 cpu  3617076 512 1003105 17299670 5860 0 337999 16053 0 0
1791122512 cpu  3617216 512 1003210 17307333 5861 0 338019 16057 0 0
1791122517 cpu  3617346 512 1003300 17315006 5861 0 338034 16061 0 0
1791122522 cpu  3617523 512 1003400 17322601 5862 0 338080 16066 0 0
1791122527 cpu  3617701 512 1003514 17330182 5862 0 338125 16072 0 0
1791122532 cpu  3617874 512 1003607 17337778 5862 0 338177 16077 0 0
1791122537 cpu  3618047 512 1003718 17345375 5863 0 338227 16082 0 0
1791122542 cpu  3618235 512 1003829 17352927 5863 0 338275 16087 0 0
1791122547 cpu  3618417 512 1003954 17360472 5863 0 338327 16092 0 0
1791122552 cpu  3618587 512 1004056 17368069 5863 0 338364 16097 0 0
1791122557 cpu  3618795 512 1004176 17375615 5864 0 338412 16102 0 0
1791122562 cpu  3618972 512 1004271 17383201 5864 0 338458 16107 0 0
1791122567 cpu  3619158 512 1004391 17390814 5865 0 338502 16112 0 0
1791122572 cpu  3619364 512 1004499 17398367 5865 0 338548 16117 0 0
1791122577 cpu  3619573 512 1004625 17405914 5865 0 338590 16123 0 0
1791122582 cpu  3619752 512 1004731 17413479 5866 0 338638 16128 0 0
1791122587 cpu  3619949 512 1004848 17421022 5866 0 338691 16134 0 0
1791122592 cpu  3620142 512 1004949 17428599 5866 0 338741 16139 0 0
1791122597 cpu  3620327 512 1005075 17436167 5866 0 338789 16143 0 0
1791122602 cpu  3620809 512 1005287 17443262 5867 0 338899 16150 0 0
1791122607 cpu  3621869 512 1005696 17449429 5867 0 339104 16159 0 0
1791122612 cpu  3623557 512 1006195 17454796 5868 0 339344 16167 0 0
1791122617 cpu  3625919 512 1006879 17459254 5868 0 339621 16179 0 0
1791122622 cpu  3628669 512 1007644 17463134 5868 0 339939 16186 0 0
1791122627 cpu  3631918 512 1008514 17466299 5869 0 340312 16191 0 0
1791122632 cpu  3635529 512 1009450 17469092 5869 0 340652 16196 0 0
1791122637 cpu  3639469 512 1010458 17471481 5869 0 341002 16202 0 0
1791122642 cpu  3643710 512 1011458 17473605 5869 0 341353 16206 0 0
1791122647 cpu  3648038 512 1012477 17475629 5869 0 341696 16209 0 0
1791122652 cpu  3652523 512 1013461 17477488 5870 0 342048 16213 0 0
1791122657 cpu  3656967 512 1014499 17479355 5870 0 342384 16216 0 0
1791122662 cpu  3661486 512 1015483 17481176 5870 0 342755 16219 0 0
1791122667 cpu  3665959 512 1016489 17483016 5870 0 343098 16224 0 0
1791122672 cpu  3670408 512 1017470 17484939 5872 0 343448 16227 0 0
1791122677 cpu  3674908 512 1018466 17486763 5873 0 343798 16230 0 0
1791122682 cpu  3679209 512 1019544 17488766 5873 0 344133 16235 0 0
1791122687 cpu  3683286 512 1020696 17490883 5873 0 344461 16239 0 0
1791122692 cpu  3687377 512 1021852 17493005 5873 0 344797 16245 0 0
1791122697 cpu  3691546 512 1022979 17495056 5874 0 345136 16250 0 0
1791122702 cpu  3695752 512 1024062 17497101 5874 0 345472 16255 0 0
1791122707 cpu  3700117 512 1025113 17499002 5874 0 345827 16259 0 0
1791122712 cpu  3704618 512 1026110 17500853 5874 0 346180 16265 0 0
1791122717 cpu  3709067 512 1027084 17502750 5874 0 346530 16271 0 0
1791122722 cpu  3713552 512 1028095 17504611 5875 0 346880 16277 0 0
1791122727 cpu  3717957 512 1029098 17506494 5875 0 347248 16282 0 0
1791122732 cpu  3722437 512 1030094 17508350 5875 0 347603 16285 0 0
1791122737 cpu  3726845 512 1031091 17510245 5878 0 347970 16288 0 0
1791122742 cpu  3731315 512 1032104 17512103 5879 0 348306 16291 0 0
1791122747 cpu  3735571 512 1033207 17514102 5879 0 348640 16296 0 0
1791122752 cpu  3739632 512 1034377 17516169 5879 0 348992 16306 0 0
1791122757 cpu  3743743 512 1035485 17518268 5883 0 349314 16311 0 0
1791122762 cpu  3748092 512 1036506 17520250 5885 0 349668 16318 0 0
1791122767 cpu  3752299 512 1037632 17522248 5885 0 350012 16321 0 0
1791122772 cpu  3756710 512 1038662 17524111 5885 0 350347 16324 0 0
1791122777 cpu  3761077 512 1039707 17526051 5885 0 350690 16326 0 0
1791122782 cpu  3765579 512 1040667 17527913 5886 0 351041 16329 0 0
1791122787 cpu  3770018 512 1041660 17529775 5887 0 351402 16334 0 0
1791122792 cpu  3774495 512 1042653 17531634 5887 0 351757 16338 0 0
1791122797 cpu  3779022 512 1043609 17533486 5887 0 352103 16351 0 0
1791122802 cpu  3783534 512 1044602 17535289 5888 0 352456 16356 0 0
1791122807 cpu  3787988 512 1045631 17537113 5888 0 352833 16362 0 0
1791122812 cpu  3791807 512 1046587 17539649 5888 0 353192 16369 0 0
1791122817 cpu  3795590 512 1047571 17542144 5889 0 353560 16378 0 0
1791122822 cpu  3799477 512 1048551 17544547 5890 0 353922 16386 0 0
1791122827 cpu  3803129 512 1049511 17547185 5891 0 354286 16396 0 0
1791122832 cpu  3806668 512 1050429 17550037 5891 0 354622 16414 0 0
1791122837 cpu  3810187 512 1051358 17552845 5891 0 354957 16424 0 0
1791122842 cpu  3813872 512 1052339 17555469 5892 0 355310 16434 0 0
1791122847 cpu  3817512 512 1053265 17558159 5893 0 355660 16445 0 0
1791122852 cpu  3821259 512 1054226 17560712 5893 0 356032 16452 0 0
1791122857 cpu  3825169 512 1055208 17563087 5893 0 356405 16460 0 0
1791122862 cpu  3828943 512 1056150 17565619 5894 0 356750 16475 0 0
1791122867 cpu  3832708 512 1057108 17568153 5894 0 357107 16481 0 0
1791122872 cpu  3836557 512 1058103 17570629 5894 0 357475 16485 0 0
1791122877 cpu  3840244 512 1059044 17573293 5894 0 357807 16492 0 0
1791122882 cpu  3843983 512 1059981 17575894 5896 0 358168 16497 0 0
1791122887 cpu  3847882 512 1060983 17578281 5896 0 358517 16502 0 0
1791122892 cpu  3851709 512 1061943 17580790 5896 0 358865 16507 0 0
1791122897 cpu  3855278 512 1062890 17583584 5896 0 359211 16513 0 0
1791122902 cpu  3858935 512 1063829 17586251 5897 0 359569 16519 0 0
1791122907 cpu  3862894 512 1064822 17588615 5897 0 359911 16524 0 0
1791122912 cpu  3866717 512 1065823 17591077 5897 0 360309 16530 0 0
1791122917 cpu  3870520 512 1066798 17593617 5897 0 360644 16534 0 0
1791122922 cpu  3874486 512 1067758 17595947 5899 0 361019 16541 0 0
1791122927 cpu  3878253 512 1068735 17598474 5899 0 361367 16548 0 0
1791122932 cpu  3881909 512 1069664 17601144 5899 0 361723 16562 0 0
1791122937 cpu  3885456 512 1070642 17603880 5900 0 362077 16571 0 0
1791122942 cpu  3889041 512 1071554 17606605 5901 0 362418 16585 0 0
1791122947 cpu  3892655 512 1072497 17609291 5902 0 362775 16597 0 0
1791122952 cpu  3896216 512 1073453 17612079 5902 0 363133 16614 0 0
1791122957 cpu  3899827 512 1074403 17614768 5902 0 363478 16624 0 0
1791122962 cpu  3903330 512 1075316 17617632 5902 0 363823 16636 0 0
1791122967 cpu  3906924 512 1076310 17620340 5903 0 364131 16649 0 0
1791122972 cpu  3910578 512 1077270 17623006 5903 0 364490 16659 0 0
1791122977 cpu  3914302 512 1078253 17625541 5903 0 364838 16667 0 0
1791122982 cpu  3918224 512 1079220 17627947 5903 0 365203 16674 0 0
1791122987 cpu  3922055 512 1080232 17630340 5903 0 365555 16681 0 0
1791122992 cpu  3925690 512 1081179 17633051 5903 0 365902 16692 0 0
1791122997 cpu  3929375 512 1082182 17635640 5904 0 366232 16700 0 0
1791123002 cpu  3932872 512 1083113 17638471 5904 0 366579 16711 0 0
1791123007 cpu  3936659 512 1084052 17641000 5904 0 366962 16721 0 0
1791123012 cpu  3940199 512 1084968 17643775 5904 0 367314 16740 0 0
1791123017 cpu  3944044 512 1085948 17646207 5904 0 367688 16749 0 0
1791123022 cpu  3947886 512 1086901 17648670 5904 0 368056 16759 0 0
1791123027 cpu  3951774 512 1087893 17651086 5905 0 368408 16769 0 0
1791123032 cpu  3955344 512 1088797 17653898 5905 0 368754 16778 0 0
1791123037 cpu  3959022 512 1089715 17656559 5905 0 369096 16788 0 0
1791123042 cpu  3962784 512 1090676 17659117 5906 0 369469 16797 0 0
1791123047 cpu  3966622 512 1091629 17661648 5906 0 369811 16807 0 0
1791123052 cpu  3970243 512 1092564 17664398 5906 0 370166 16815 0 0
1791123057 cpu  3973765 512 1093480 17667261 5906 0 370509 16825 0 0
1791123062 cpu  3977513 512 1094467 17669849 5906 0 370869 16833 0 0
1791123067 cpu  3981309 512 1095457 17672358 5907 0 371238 16838 0 0
1791123072 cpu  3985073 512 1096406 17674924 5907 0 371604 16844 0 0
1791123077 cpu  3988641 512 1097343 17677679 5908 0 371956 16852 0 0
1791123082 cpu  3992512 512 1098337 17680107 5908 0 372328 16859 0 0
1791123087 cpu  3996456 512 1099344 17682432 5909 0 372699 16865 0 0
1791123092 cpu  4000009 512 1100283 17685269 5909 0 373060 16871 0 0
1791123097 cpu  4003770 512 1101259 17687799 5909 0 373419 16877 0 0
1791123102 cpu  4007688 512 1102212 17690211 5910 0 373770 16882 0 0
1791123107 cpu  4011490 512 1103170 17692737 5910 0 374126 16888 0 0
1791123112 cpu  4015218 512 1104146 17695297 5910 0 374493 16894 0 0
1791123117 cpu  4019132 512 1105134 17697732 5911 0 374839 16901 0 0
1791123122 cpu  4023063 512 1106128 17700107 5911 0 375197 16906 0 0
1791123127 cpu  4027032 512 1107104 17702488 5911 0 375565 16910 0 0
1791123132 cpu  4030898 512 1108078 17704948 5911 0 375925 16918 0 0
1791123137 cpu  4034787 512 1109074 17707391 5911 0 376299 16922 0 0
1791123142 cpu  4038546 512 1110041 17709928 5911 0 376662 16928 0 0
1791123147 cpu  4042385 512 1111046 17712349 5911 0 377014 16935 0 0
1791123152 cpu  4046203 512 1112015 17714854 5912 0 377353 16940 0 0
1791123157 cpu  4049943 512 1112951 17717378 5912 0 377720 16945 0 0
1791123162 cpu  4053641 512 1113908 17719985 5913 0 378088 16950 0 0
1791123167 cpu  4057555 512 1114917 17722351 5913 0 378419 16955 0 0
1791123172 cpu  4061407 512 1115863 17724866 5913 0 378752 16961 0 0
1791123177 cpu  4065179 512 1116841 17727338 5914 0 379104 16967 0 0
1791123182 cpu  4069030 512 1117850 17729751 5914 0 379478 16972 0 0
1791123187 cpu  4072723 512 1118806 17732421 5914 0 379826 16977 0 0
1791123192 cpu  4076651 512 1119841 17734747 5914 0 380195 16982 0 0
1791123197 cpu  4080552 512 1120835 17737152 5915 0 380566 16987 0 0
1791123202 cpu  4084560 512 1121815 17739456 5916 0 380934 16991 0 0
1791123207 cpu  4088394 512 1122809 17741862 5916 0 381319 16998 0 0
1791123212 cpu  4089927 512 1123251 17747544 5917 0 381485 17002 0 0
1791123217 cpu  4090055 512 1123346 17755195 5917 0 381509 17007 0 0
1791123222 cpu  4090170 512 1123427 17762887 5918 0 381521 17011 0 0
1791123227 cpu  4090315 512 1123529 17770522 5918 0 381550 17016 0 0
1791123232 cpu  4090450 512 1123615 17778215 5919 0 381563 17020 0 0
