1791135954 cpu  6789127 512 1892807 34045693 7008 0 637981 29233 0 0
1791135959 cpu  6789261 512 1892893 34053377 7008 0 637997 29236 0 0
1791135964 cpu  6789398 512 1892989 34061048 7008 0 638013 29240 0 0
1791135969 cpu  6789517 512 1893078 34068728 7008 0 638031 29243 0 0
1791135974 cpu  6789667 512 1893164 34076409 7009 0 638043 29247 0 0
1791135980 cpu  6789794 512 1893262 34084073 7009 0 638065 29251 0 0
1791135985 cpu  6789927 512 1893349 34091750 7009 0 638084 29255 0 0
1791135990 cpu  6790076 512 1893443 34099405 7009 0 638106 29258 0 0
1791135995 cpu  6790198 512 1893540 34107097 7009 0 638124 29262 0 0
1791136000 cpu  6790328 512 1893635 34114767 7009 0 638144 29266 0 0
1791136005 cpu  6790457 512 1893726 34122465 7010 0 638154 29269 0 0
1791136010 cpu  6790604 512 1893819 34130123 7010 0 638174 29273 0 0
1791136015 cpu  6790724 512 1893919 34137802 7010 0 638196 29276 0 0
1791136020 cpu  6790852 512 1894008 34145482 7011 0 638217 29280 0 0
1791136025 cpu  6790996 512 1894100 34153151 7011 0 638230 29283 0 0
1791136030 cpu  6791136 512 1894184 34160826 7011 0 638252 29287 0 0
1791136035 cpu  6791253 512 1894276 34168517 7011 0 638263 29291 0 0
1791136040 cpu  6791391 512 1894382 34176171 7011 0 638280 29295 0 0
1791136045 cpu  6791545 512 1894469 34183835 7012 0 638302 29299 0 0
1791136050 cpu  6791676 512 1894567 34191500 7012 0 638323 29302 0 0
1791136055 cpu  6791797 512 1894670 34199183 7012 0 638338 29306 0 0
1791136060 cpu  6791940 512 1894758 34206851 7012 0 638358 29310 0 0
1791136065 cpu  6792066 512 1894851 34214540 7013 0 638373 29313 0 0
1791136070 cpu  6792195 512 1894955 34222188 7013 0 638398 29318 0 0
1791136075 cpu  6792334 512 1895041 34229872 7013 0 638413 29322 0 0
1791136080 cpu  6792463 512 1895136 34237552 7014 0 638435 29325 0 0
1791136085 cpu  6792605 512 1895238 34245211 7014 0 638445 29329 0 0
1791136090 cpu  6792727 512 1895328 34252907 7014 0 638467 29332 0 0
1791136095 cpu  6792852 512 1895425 34260597 7014 0 638480 29335 0 0
1791136100 cpu  6792984 512 1895518 34268260 7015 0 638500 29338 0 0
1791136105 cpu  6793118 512 1895606 34275945 7015 0 638514 29342 0 0
1791136110 cpu  6793260 512 1895701 34283607 7015 0 638533 29345 0 0
1791136115 cpu  6793396 512 1895803 34291284 7015 0 638549 29349 0 0
1791136120 cpu  6793538 512 1895886 34298960 7016 0 638573 29353 0 0
1791136125 cpu  6793675 512 1895973 34306705 7016 0 638590 29356 0 0
1791136130 cpu  6793800 512 1896086 34314367 7016 0 638613 29360 0 0
1791136135 cpu  6793925 512 1896176 34322047 7017 0 638631 29363 0 0
1791136140 cpu  6794061 512 1896274 34329728 7017 0 638645 29366 0 0
1791136145 cpu  6794191 512 1896378 34337406 7017 0 638663 29370 0 0
1791136150 cpu  6794332 512 1896470 34345080 7017 0 638686 29374 0 0
1791136155 cpu  6794471 512 1896558 34352779 7018 0 638698 29378 0 0
1791136160 cpu  6794619 512 1896655 34360424 7018 0 638717 29383 0 0
1791136165 cpu  6794739 512 1896743 34368099 7018 0 638735 29387 0 0
1791136170 cpu  6794890 512 1896828 34375754 7019 0 638750 29391 0 0
1791136175 cpu  6795014 512 1896932 34383436 7019 0 638767 29394 0 0
1791136180 cpu  6795165 512 1897030 34391103 7019 0 638792 29398 0 0
1791136185 cpu  6795312 512 1897135 34398757 7020 0 638825 29402 0 0
1791136190 cpu  6795486 512 1897261 34406321 7020 0 638873 29407 0 0
1791136195 cpu  6795666 512 1897366 34413941 7020 0 638917 29411 0 0
1791136200 cpu  6795866 512 1897474 34421506 7020 0 638961 29415 0 0
1791136205 cpu  6796051 512 1897579 34429098 7021 0 639005 29419 0 0
1791136210 cpu  6796253 512 1897710 34436627 7021 0 639055 29425 0 0
1791136215 cpu  6796421 512 1897829 34444235 7022 0 639090 29429 0 0
1791136220 cpu  6796630 512 1897956 34451759 7022 0 639134 29435 0 0
1791136225 cpu  6796798 512 1898060 34459349 7022 0 639180 29440 0 0
1791136230 cpu  6797007 512 1898200 34466862 7022 0 639236 29445 0 0
1791136235 cpu  6797205 512 1898307 34474441 7023 0 639287 29449 0 0
1791136240 cpu  6797419 512 1898429 34481985 7023 0 639343 29454 0 0
1791136245 cpu  6797579 512 1898532 34489592 7023 0 639387 29458 0 0
1791136250 cpu  6797776 512 1898650 34497112 7024 0 639435 29462 0 0
1791136255 cpu  6797950 512 1898752 34504715 7024 0 639476 29466 0 0
1791136260 cpu  6798153 512 1898874 34512240 7024 0 639534 29471 0 0
1791136265 cpu  6798381 512 1898978 34519775 7024 0 639591 29475 0 0
1791136270 cpu  6800079 512 1899424 34525290 7025 0 639770 29481 0 0
1791136275 cpu  6803412 512 1900176 34528646 7025 0 640043 29486 0 0
1791136280 cpu  6807210 512 1900941 34531451 7025 0 640338 29491 0 0
1791136285 cpu  6810932 512 1901711 34534345 7025 0 640617 29496 0 0
1791136290 cpu  6814745 512 1902467 34537212 7025 0 640911 29501 0 0
1791136295 cpu  6818406 512 1903204 34540150 7026 0 641203 29506 0 0
1791136300 cpu  6822210 512 1904004 34542964 7026 0 641508 29511 0 0
1791136305 cpu  6825952 512 1904768 34545798 7026 0 641795 29517 0 0
1791136310 cpu  6829743 512 1905554 34548606 7026 0 642099 29522 0 0
1791136315 cpu  6833464 512 1906319 34551492 7027 0 642398 29527 0 0
1791136320 cpu  6837181 512 1907087 34554362 7027 0 642689 29531 0 0
1791136325 cpu  6840410 512 1908029 34557615 7028 0 642958 29536 0 0
1791136330 cpu  6843528 512 1908993 34561000 7028 0 643212 29543 0 0
1791136335 cpu  6846852 512 1909870 34564190 7030 0 643496 29549 0 0
1791136340 cpu  6850566 512 1910709 34566996 7030 0 643777 29555 0 0
1791136345 cpu  6854205 512 1911531 34569913 7030 0 644062 29561 0 0
1791136350 cpu  6857954 512 1912360 34572735 7030 0 644353 29565 0 0
1791136355 cpu  6861610 512 1913140 34575654 7030 0 644635 29569 0 0
1791136360 cpu  6865221 512 1913920 34578601 7030 0 644936 29573 0 0
1791136365 cpu  6868888 512 1914683 34581557 7031 0 645227 29577 0 0
1791136370 cpu  6872714 512 1915462 34584342 7031 0 645529 29582 0 0
1791136375 cpu  6876377 512 1916241 34587301 7031 0 645835 29588 0 0
1791136380 cpu  6880052 512 1917054 34590240 7031 0 646149 29592 0 0
1791136385 cpu  6883770 512 1917792 34593161 7031 0 646439 29598 0 0
1791136390 cpu  6886872 512 1918779 34596495 7032 0 646707 29603 0 0
1791136395 cpu  6890197 512 1919671 34599686 7032 0 646970 29608 0 0
1791136400 cpu  6893628 512 1920509 34602760 7035 0 647261 29614 0 0
1791136405 cpu  6897256 512 1921299 34605702 7036 0 647566 29619 0 0
1791136410 cpu  6901004 512 1922081 34608525 7036 0 647872 29623 0 0
1791136415 cpu  6904597 512 1922853 34611572 7036 0 648147 29628 0 0
1791136420 cpu  6908343 512 1923616 34614460 7036 0 648438 29633 0 0
1791136425 cpu  6912046 512 1924403 34617363 7037 0 648739 29638 0 0
1791136430 cpu  6915778 512 1925189 34620209 7037 0 649056 29642 0 0
1791136435 cpu  6919385 512 1925976 34623163 7037 0 649344 29648 0 0
1791136440 cpu  6923060 512 1926737 34626059 7038 0 649648 29654 0 0
1791136445 cpu  6926686 512 1927481 34629047 7039 0 649946 29658 0 0
1791136450 cpu  6930120 512 1928304 34632177 7039 0 650219 29663 0 0
1791136455 cpu  6933250 512 1929262 34635519 7039 0 650487 29668 0 0
1791136460 cpu  6936536 512 1930140 34638734 7040 0 650770 29673 0 0
1791136465 cpu  6940007 512 1930960 34641873 7042 0 651061 29679 0 0
1791136470 cpu  6943638 512 1931782 34644790 7042 0 651351 29683 0 0
1791136475 cpu  6947289 512 1932579 34647714 7042 0 651641 29689 0 0
1791136480 cpu  6951023 512 1933385 34650603 7042 0 651938 29693 0 0
1791136485 cpu  6954691 512 1934173 34653503 7043 0 652237 29699 0 0
1791136490 cpu  6958428 512 1934998 34656318 7043 0 652537 29705 0 0
1791136495 cpu  6962138 512 1935806 34659182 7043 0 652834 29711 0 0
1791136500 cpu  6965864 512 1936598 34662023 7043 0 653157 29716 0 0
1791136505 cpu  6969641 512 1937409 34664813 7046 0 653454 29721 0 0
1791136510 cpu  6973362 512 1938222 34667654 7046 0 653763 29727 0 0
1791136515 cpu  6976636 512 1939130 34670889 7047 0 654028 29733 0 0
1791136520 cpu  6979977 512 1940029 34674005 7047 0 654311 29740 0 0
1791136525 cpu  6983411 512 1940894 34677127 7047 0 654601 29746 0 0
1791136530 cpu  6987046 512 1941735 34680057 7047 0 654886 29754 0 0
1791136535 cpu  6990760 512 1942522 34682946 7048 0 655190 29760 0 0
1791136540 cpu  6994391 512 1943350 34685887 7048 0 655487 29767 0 0
1791136545 cpu  6998073 512 1944141 34688848 7048 0 655782 29773 0 0
1791136550 cpu  7001753 512 1944932 34691779 7050 0 656091 29779 0 0
1791136555 cpu  7005344 512 1945714 34694794 7050 0 656379 29785 0 0
1791136560 cpu  7008932 512 1946541 34697743 7050 0 656671 29790 0 0
1791136565 cpu  7012685 512 1947305 34700604 7050 0 656974 29796 0 0
1791136570 cpu  7016386 512 1948111 34703526 7050 0 657263 29801 0 0
1791136575 cpu  7019955 512 1948953 34706534 7051 0 657556 29806 0 0
1791136580 cpu  7023422 512 1949751 34709681 7055 0 657846 29811 0 0
1791136585 cpu  7026947 512 1950644 34712672 7055 0 658140 29817 0 0
1791136590 cpu  7030520 512 1951513 34715609 7055 0 658417 29822 0 0
1791136595 cpu  7034125 512 1952368 34718531 7056 0 658712 29828 0 0
1791136600 cpu  7037914 512 1953184 34721301 7056 0 659015 29834 0 0
1791136605 cpu  7041693 512 1953972 34724120 7056 0 659319 29840 0 0
1791136610 cpu  7045401 512 1954750 34727069 7056 0 659601 29845 0 0
1791136615 cpu  7049134 512 1955550 34729924 7058 0 659903 29851 0 0
1791136620 cpu  7052785 512 1956325 34732843 7058 0 660205 29856 0 0
1791136625 cpu  7056475 512 1957104 34735754 7059 0 660476 29861 0 0
1791136630 cpu  7060205 512 1957866 34738659 7059 0 660771 29866 0 0
1791136635 cpu  7063836 512 1958615 34741631 7059 0 661070 29872 0 0
1791136640 cpu  7067222 512 1959537 34744717 7061 0 661348 29877 0 0
1791136645 cpu  7070748 512 1960394 34747662 7061 0 661633 29884 0 0
1791136650 cpu  7074265 512 1961293 34750643 7061 0 661931 29889 0 0
1791136655 cpu  7077824 512 1962120 34753663 7061 0 662230 29895 0 0
1791136660 cpu  7081351 512 1962974 34756643 7062 0 662520 29901 0 0
1791136665 cpu  7085086 512 1963766 34759519 7062 0 662828 29906 0 0
1791136670 cpu  7088779 512 1964513 34762461 7062 0 663123 29911 0 0
1791136675 cpu  7092472 512 1965300 34765349 7062 0 663416 29916 0 0
1791136680 cpu  7096161 512 1966075 34768255 7064 0 663709 29921 0 0
1791136685 cpu  7099787 512 1966854 34771228 7064 0 663974 29926 0 0
1791136690 cpu  7103505 512 1967634 34774081 7064 0 664287 29930 0 0
1791136695 cpu  7107147 512 1968405 34777021 7065 0 664567 29936 0 0
1791136700 cpu  7110750 512 1969270 34779955 7066 0 664874 29941 0 0
1791136705 cpu  7114134 512 1970204 34783069 7066 0 665139 29946 0 0
1791136710 cpu  7117822 512 1971106 34785945 7066 0 665417 29951 0 0
1791136715 cpu  7121287 512 1971948 34789022 7066 0 665696 29957 0 0
1791136720 cpu  7124856 512 1972781 34791999 7066 0 665987 29962 0 0
1791136725 cpu  7128506 512 1973578 34794914 7068 0 666300 29968 0 0
1791136730 cpu  7132119 512 1974412 34797844 7068 0 666589 29974 0 0
1791136735 cpu  7135884 512 1975187 34800662 7068 0 666905 29979 0 0
1791136740 cpu  7139555 512 1976020 34803520 7068 0 667228 29984 0 0
1791136745 cpu  7143219 512 1976794 34806464 7070 0 667529 29989 0 0
1791136750 cpu  7146876 512 1977584 34809409 7070 0 667821 29994 0 0
1791136755 cpu  7150473 512 1978373 34812386 7070 0 668116 29998 0 0
1791136760 cpu  7154099 512 1979170 34815320 7070 0 668408 30003 0 0
1791136765 cpu  7157499 512 1980067 34818412 7072 0 668678 30008 0 0
1791136770 cpu  7160981 512 1980937 34821446 7072 0 668959 30014 0 0
1791136775 cpu  7164532 512 1981766 34824452 7072 0 669250 30019 0 0
1791136780 cpu  7168086 512 1982633 34827458 7072 0 669525 30024 0 0
1791136785 cpu  7171645 512 1983481 34830460 7073 0 669814 30031 0 0
1791136790 cpu  7175320 512 1984281 34833333 7073 0 670110 30037 0 0
1791136795 cpu  7178977 512 1985056 34836226 7073 0 670404 30044 0 0
1791136800 cpu  7182701 512 1985836 34839104 7073 0 670708 30049 0 0
1791136805 cpu  7186423 512 1986640 34841966 7075 0 671007 30056 0 0
1791136810 cpu  7190205 512 1987436 34844793 7075 0 671313 30061 0 0
1791136815 cpu  7193893 512 1988209 34847714 7075 0 671596 30067 0 0
1791136820 cpu  7197646 512 1989049 34850470 7075 0 671904 30073 0 0
1791136825 cpu  7201281 512 1989895 34853339 7077 0 672211 30081 0 0
1791136830 cpu  7204783 512 1990794 34856354 7077 0 672491 30088 0 0
1791136835 cpu  7208371 512 1991635 34859328 7077 0 672783 30095 0 0
1791136840 cpu  7211942 512 1992541 34862240 7078 0 673062 30102 0 0
1791136845 cpu  7215730 512 1993354 34865021 7078 0 673354 30109 0 0
1791136850 cpu  7219492 512 1994206 34867760 7078 0 673663 30116 0 0
1791136855 cpu  7223199 512 1995040 34870595 7078 0 673985 30124 0 0
1791136860 cpu  7226958 512 1995819 34873400 7079 0 674294 30133 0 0
1791136865 cpu  7230737 512 1996639 34876214 7079 0 674603 30139 0 0
1791136870 cpu  7234530 512 1997423 34879009 7079 0 674920 30146 0 0
1791136875 cpu  7238290 512 1998223 34881855 7080 0 675210 30151 0 0
1791136880 cpu  7238893 512 1998407 34888847 7080 0 675284 30156 0 0
1791136885 cpu  7239051 512 1998512 34896524 7081 0 675299 30159 0 0
1791136890 cpu  7239175 512 1998615 34904206 7081 0 675320 30164 0 0
1791136895 cpu  7239335 512 1998703 34911852 7081 0 675338 30168 0 0
1791136900 cpu  7239438 512 1998784 34919557 7082 0 675357 30172 0 0
