1791135957 cpu  1159051 0 66479 20770052 939 0 107237 39726 0 0
1791135962 cpu  1159054 0 66482 20774045 939 0 107237 39726 0 0
1791135967 cpu  1159057 0 66483 20778037 939 0 107237 39727 0 0
1791135972 cpu  1159109 0 66507 20781954 939 0 107243 39729 0 0
1791135977 cpu  1159114 0 66508 20785948 939 0 107243 39729 0 0
1791135982 cpu  1159115 0 66509 20789943 939 0 107243 39730 0 0
1791135987 cpu  1159118 0 66509 20793938 939 0 107244 39730 0 0
1791135992 cpu  1159130 0 66513 20797914 940 0 107244 39731 0 0
1791135997 cpu  1159132 0 66514 20801909 940 0 107244 39731 0 0
1791136002 cpu  1159134 0 66514 20805905 940 0 107244 39732 0 0
1791136007 cpu  1159136 0 66515 20809899 940 0 107244 39732 0 0
1791136012 cpu  1159138 0 66516 20813894 940 0 107245 39732 0 0
1791136017 cpu  1159139 0 66518 20817889 940 0 107245 39733 0 0
1791136022 cpu  1159141 0 66520 20821885 940 0 107245 39733 0 0
1791136027 cpu  1159144 0 66520 20825879 940 0 107245 39733 0 0
1791136032 cpu  1159147 0 66520 20829874 940 0 107245 39734 0 0
1791136037 cpu  1159148 0 66522 20833869 940 0 107245 39734 0 0
1791136042 cpu  1159150 0 66522 20837865 940 0 107245 39735 0 0
1791136047 cpu  1159152 0 66524 20841860 940 0 107245 39735 0 0
1791136052 cpu  1159159 0 66531 20845838 940 0 107246 39736 0 0
1791136057 cpu  1159161 0 66532 20849835 940 0 107247 39736 0 0
1791136062 cpu  1159162 0 66532 20853831 940 0 107247 39737 0 0
1791136067 cpu  1159163 0 66534 20857823 940 0 107248 39737 0 0
1791136072 cpu  1159169 0 66538 20861812 940 0 107248 39738 0 0
1791136077 cpu  1159171 0 66541 20865806 940 0 107248 39738 0 0
1791136082 cpu  1159172 0 66542 20869801 940 0 107248 39739 0 0
1791136087 cpu  1159177 0 66543 20873791 940 0 107249 39740 0 0
1791136092 cpu  1159178 0 66544 20877786 940 0 107249 39740 0 0
1791136097 cpu  1159181 0 66545 20881780 940 0 107249 39741 0 0
1791136102 cpu  1159183 0 66545 20885775 940 0 107250 39742 0 0
1791136107 cpu  1159186 0 66545 20889768 940 0 107250 39743 0 0
1791136112 cpu  1159197 0 66550 20893744 941 0 107250 39744 0 0
1791136117 cpu  1159199 0 66550 20897739 941 0 107250 39745 0 0
1791136122 cpu  1159200 0 66551 20901734 941 0 107250 39745 0 0
1791136127 cpu  1159202 0 66552 20905726 941 0 107250 39745 0 0
1791136132 cpu  1159205 0 66552 20909721 941 0 107250 39746 0 0
1791136137 cpu  1159206 0 66554 20913715 942 0 107250 39747 0 0
1791136142 cpu  1159209 0 66555 20917710 942 0 107251 39747 0 0
1791136147 cpu  1159211 0 66556 20921702 942 0 107251 39747 0 0
1791136152 cpu  1159212 0 66556 20925697 942 0 107251 39748 0 0
1791136157 cpu  1159213 0 66557 20929691 942 0 107251 39748 0 0
1791136162 cpu  1159215 0 66558 20933686 942 0 107251 39748 0 0
1791136167 cpu  1159216 0 66558 20937681 943 0 107251 39749 0 0
1791136172 cpu  1159228 0 66564 20941658 943 0 107251 39750 0 0
1791136177 cpu  1159230 0 66566 20945652 943 0 107252 39750 0 0
1791136182 cpu  1159232 0 66566 20949646 944 0 107252 39751 0 0
1791136187 cpu  1159234 0 66567 20953637 944 0 107253 39753 0 0
1791136192 cpu  1159235 0 66568 20957632 944 0 107253 39753 0 0
1791136197 cpu  1159238 0 66569 20961626 945 0 107253 39754 0 0
1791136202 cpu  1159240 0 66571 20965618 945 0 107253 39754 0 0
1791136207 cpu  1159243 0 66572 20969609 945 0 107253 39755 0 0
1791136212 cpu  1159244 0 66574 20973604 945 0 107253 39755 0 0
1791136217 cpu  1159247 0 66576 20977595 945 0 107254 39756 0 0
1791136222 cpu  1159249 0 66576 20981591 945 0 107254 39756 0 0
1791136227 cpu  1159250 0 66578 20985584 945 0 107254 39757 0 0
1791136232 cpu  1159260 0 66584 20989562 945 0 107255 39758 0 0
1791136237 cpu  1159261 0 66585 20993557 945 0 107255 39758 0 0
1791136242 cpu  1159265 0 66586 20997550 945 0 107255 39759 0 0
1791136247 cpu  1159364 0 66631 21001391 946 0 107271 39764 0 0
1791136252 cpu  1159461 0 66672 21005242 946 0 107288 39768 0 0
1791136257 cpu  1159510 0 66700 21009158 946 0 107303 39771 0 0
1791136262 cpu  1159616 0 66736 21013003 946 0 107322 39775 0 0
1791136267 cpu  1161012 0 66867 21015406 947 0 107340 39837 0 0
1791136272 cpu  1161821 0 66914 21018499 947 0 107371 39866 0 0
1791136277 cpu  1162655 0 66961 21021563 947 0 107423 39901 0 0
1791136282 cpu  1163217 0 66980 21024930 947 0 107468 39920 0 0
1791136287 cpu  1163746 0 67001 21028339 949 0 107508 39929 0 0
1791136292 cpu  1164278 0 67022 21031745 949 0 107542 39935 0 0
1791136297 cpu  1164843 0 67037 21035140 950 0 107573 39946 0 0
1791136302 cpu  1165422 0 67049 21038510 950 0 107612 39959 0 0
1791136307 cpu  1166007 0 67068 21041858 950 0 107649 39976 0 0
1791136312 cpu  1166649 0 67087 21045134 950 0 107695 40046 0 0
1791136318 cpu  1167291 0 67115 21048400 951 0 107742 40087 0 0
1791136323 cpu  1167941 0 67134 21051677 951 0 107791 40126 0 0
1791136328 cpu  1168550 0 67154 21054997 951 0 107839 40153 0 0
1791136333 cpu  1169143 0 67168 21058343 951 0 107889 40174 0 0
1791136338 cpu  1169743 0 67186 21061692 951 0 107923 40195 0 0
1791136343 cpu  1170350 0 67200 21065003 951 0 107966 40223 0 0
1791136348 cpu  1170975 0 67214 21068292 951 0 108009 40256 0 0
1791136353 cpu  1171576 0 67240 21071604 951 0 108060 40279 0 0
1791136358 cpu  1172111 0 67256 21075011 951 0 108092 40289 0 0
1791136363 cpu  1172683 0 67277 21078365 952 0 108128 40311 0 0
1791136368 cpu  1173312 0 67295 21081678 952 0 108169 40339 0 0
1791136373 cpu  1173951 0 67315 21084931 952 0 108209 40405 0 0
1791136378 cpu  1174541 0 67337 21088265 952 0 108241 40440 0 0
1791136383 cpu  1175107 0 67357 21091642 952 0 108284 40457 0 0
1791136388 cpu  1175649 0 67370 21095030 952 0 108322 40467 0 0
1791136393 cpu  1176211 0 67383 21098416 952 0 108370 40482 0 0
1791136398 cpu  1176782 0 67404 21101773 952 0 108417 40506 0 0
1791136403 cpu  1177332 0 67421 21105173 952 0 108459 40518 0 0
1791136408 cpu  1178050 0 67439 21108325 953 0 108504 40625 0 0
1791136413 cpu  1178697 0 67468 21111576 953 0 108540 40671 0 0
1791136418 cpu  1179263 0 67485 21114942 953 0 108584 40693 0 0
1791136423 cpu  1179834 0 67501 21118298 953 0 108627 40718 0 0
1791136428 cpu  1180410 0 67517 21121650 953 0 108669 40744 0 0
1791136433 cpu  1181007 0 67539 21124966 954 0 108704 40781 0 0
1791136438 cpu  1181627 0 67558 21128250 954 0 108755 40827 0 0
1791136443 cpu  1182224 0 67577 21131593 954 0 108796 40856 0 0
1791136448 cpu  1182786 0 67593 21134973 954 0 108839 40871 0 0
1791136453 cpu  1183345 0 67608 21138342 954 0 108886 40888 0 0
1791136458 cpu  1183881 0 67622 21141735 954 0 108930 40901 0 0
1791136463 cpu  1184458 0 67640 21145085 954 0 108973 40922 0 0
1791136468 cpu  1185026 0 67655 21148459 954 0 109008 40937 0 0
1791136473 cpu  1185651 0 67683 21151704 954 0 109043 40999 0 0
1791136478 cpu  1186222 0 67701 21155061 955 0 109082 41017 0 0
1791136483 cpu  1186795 0 67716 21158417 955 0 109122 41042 0 0
1791136488 cpu  1187329 0 67733 21161812 955 0 109160 41053 0 0
1791136493 cpu  1187926 0 67748 21165132 955 0 109207 41086 0 0
1791136498 cpu  1188626 0 67768 21168304 955 0 109247 41184 0 0
1791136503 cpu  1189277 0 67795 21171520 955 0 109305 41265 0 0
1791136508 cpu  1189906 0 67813 21174788 956 0 109354 41321 0 0
1791136513 cpu  1190458 0 67831 21178168 956 0 109389 41337 0 0
1791136518 cpu  1190987 0 67850 21181574 956 0 109434 41346 0 0
1791136523 cpu  1191553 0 67870 21184958 956 0 109462 41358 0 0
1791136528 cpu  1192103 0 67888 21188339 956 0 109506 41373 0 0
1791136533 cpu  1192698 0 67913 21191672 956 0 109545 41401 0 0
1791136538 cpu  1193251 0 67927 21195057 956 0 109589 41414 0 0
1791136543 cpu  1193847 0 67949 21198368 956 0 109635 41446 0 0
1791136548 cpu  1194428 0 67964 21201734 956 0 109672 41463 0 0
1791136553 cpu  1194983 0 67980 21205126 956 0 109710 41476 0 0
1791136558 cpu  1195511 0 67995 21208538 956 0 109742 41486 0 0
1791136563 cpu  1196105 0 68014 21211876 956 0 109775 41509 0 0
1791136568 cpu  1196780 0 68036 21215096 956 0 109827 41554 0 0
1791136573 cpu  1197422 0 68058 21218367 956 0 109861 41592 0 0
1791136578 cpu  1198036 0 68075 21221698 957 0 109894 41606 0 0
1791136583 cpu  1198702 0 68099 21224947 957 0 109935 41651 0 0
1791136588 cpu  1199361 0 68118 21228204 957 0 109984 41686 0 0
1791136593 cpu  1199998 0 68147 21231462 957 0 110027 41732 0 0
1791136598 cpu  1200589 0 68162 21234808 957 0 110064 41749 0 0
1791136603 cpu  1201184 0 68186 21238142 957 0 110106 41766 0 0
1791136608 cpu  1201816 0 68203 21241437 958 0 110144 41789 0 0
1791136613 cpu  1202484 0 68224 21244660 958 0 110196 41864 0 0
1791136618 cpu  1203082 0 68242 21248010 958 0 110230 41884 0 0
1791136623 cpu  1203672 0 68262 21251343 958 0 110270 41911 0 0
1791136628 cpu  1204226 0 68278 21254711 958 0 110304 41924 0 0
1791136633 cpu  1204790 0 68300 21258094 958 0 110343 41934 0 0
1791136638 cpu  1205368 0 68315 21261467 958 0 110383 41943 0 0
1791136643 cpu  1205942 0 68329 21264843 959 0 110419 41955 0 0
1791136648 cpu  1206541 0 68344 21268180 959 0 110455 41973 0 0
1791136653 cpu  1207164 0 68371 21271465 959 0 110492 42001 0 0
1791136658 cpu  1207794 0 68384 21274768 959 0 110521 42029 0 0
1791136663 cpu  1208369 0 68402 21278121 959 0 110561 42045 0 0
1791136668 cpu  1208940 0 68418 21281493 959 0 110610 42056 0 0
1791136673 cpu  1209546 0 68436 21284806 959 0 110657 42084 0 0
1791136678 cpu  1210128 0 68458 21288159 959 0 110687 42098 0 0
1791136683 cpu  1210683 0 68478 21291544 959 0 110724 42112 0 0
1791136688 cpu  1211250 0 68493 21294909 960 0 110767 42126 0 0
1791136693 cpu  1211831 0 68510 21298266 960 0 110810 42142 0 0
1791136698 cpu  1212408 0 68529 21301617 960 0 110860 42156 0 0
1791136703 cpu  1213071 0 68551 21304829 960 0 110902 42236 0 0
1791136708 cpu  1213832 0 68573 21307897 960 0 110942 42381 0 0
1791136713 cpu  1214528 0 68603 21311107 960 0 110994 42429 0 0
1791136718 cpu  1215177 0 68624 21314407 960 0 111034 42450 0 0
1791136723 cpu  1215786 0 68643 21317721 960 0 111070 42473 0 0
1791136728 cpu  1216351 0 68661 21321103 961 0 111097 42484 0 0
1791136733 cpu  1217012 0 68679 21324374 961 0 111144 42525 0 0
1791136738 cpu  1217641 0 68694 21327658 961 0 111190 42555 0 0
1791136743 cpu  1218270 0 68713 21330962 961 0 111239 42578 0 0
1791136748 cpu  1218840 0 68728 21334329 961 0 111279 42590 0 0
1791136753 cpu  1219420 0 68751 21337683 961 0 111318 42608 0 0
1791136758 cpu  1219935 0 68765 21341115 961 0 111365 42614 0 0
1791136763 cpu  1220468 0 68783 21344519 961 0 111397 42623 0 0
1791136768 cpu  1221054 0 68798 21347867 961 0 111440 42641 0 0
1791136773 cpu  1221643 0 68825 21351190 961 0 111482 42658 0 0
1791136778 cpu  1222180 0 68841 21354592 961 0 111528 42668 0 0
1791136783 cpu  1222760 0 68858 21357958 961 0 111569 42683 0 0
1791136788 cpu  1223302 0 68875 21361368 961 0 111604 42689 0 0
1791136793 cpu  1223850 0 68891 21364768 961 0 111649 42699 0 0
1791136798 cpu  1224399 0 68907 21368161 961 0 111692 42710 0 0
1791136803 cpu  1224964 0 68922 21371552 961 0 111729 42720 0 0
1791136808 cpu  1225487 0 68943 21374965 961 0 111755 42727 0 0
1791136813 cpu  1226017 0 68960 21378397 961 0 111796 42732 0 0
1791136818 cpu  1226538 0 68976 21381840 962 0 111830 42735 0 0
1791136823 cpu  1227068 0 68992 21385277 962 0 111865 42741 0 0
1791136828 cpu  1227604 0 69007 21388697 962 0 111899 42747 0 0
1791136833 cpu  1228176 0 69028 21392073 962 0 111949 42755 0 0
1791136838 cpu  1228694 0 69045 21395504 962 0 111982 42759 0 0
1791136843 cpu  1229275 0 69069 21398838 962 0 112016 42798 0 0
1791136848 cpu  1229797 0 69086 21402262 962 0 112046 42803 0 0
1791136853 cpu  1230356 0 69101 21405645 962 0 112089 42812 0 0
1791136858 cpu  1230902 0 69115 21409053 962 0 112126 42819 0 0
1791136863 cpu  1231440 0 69128 21412455 962 0 112166 42827 0 0
1791136868 cpu  1231962 0 69145 21415883 962 0 112203 42831 0 0
1791136873 cpu  1232508 0 69161 21419299 963 0 112240 42836 0 0
1791136878 cpu  1232851 0 69209 21422877 963 0 112267 42838 0 0
1791136883 cpu  1232852 0 69212 21426871 963 0 112267 42838 0 0
1791136888 cpu  1232854 0 69213 21430866 963 0 112267 42838 0 0
1791136893 cpu  1232864 0 69218 21434845 963 0 112267 42838 0 0
1791136898 cpu  1232865 0 69218 21438842 963 0 112267 42839 0 0
1791136903 cpu  1232868 0 69218 21442837 963 0 112267 42839 0 0
1791136908 cpu  1232877 0 69227 21446818 963 0 112269 42839 0 0
