1791135952 cpu  1397363 525 415421 19789993 8126 0 309975 16357 0 0
1791135957 cpu  1397426 525 415458 19793862 8127 0 309984 16359 0 0
1791135962 cpu  1397539 525 415518 19797647 8127 0 310005 16360 0 0
1791135967 cpu  1397636 525 415569 19801443 8129 0 310016 16362 0 0
1791135972 cpu  1397725 525 415615 19805261 8130 0 310028 16363 0 0
1791135977 cpu  1397872 525 415679 19809002 8130 0 310056 16364 0 0
1791135982 cpu  1398027 525 415749 19812733 8130 0 310080 16366 0 0
1791135987 cpu  1398196 525 415825 19816448 8132 0 310096 16367 0 0
1791135992 cpu  1398329 525 415887 19820214 8132 0 310114 16369 0 0
1791135997 cpu  1398468 525 415950 19823958 8133 0 310137 16370 0 0
1791136002 cpu  1398541 525 415988 19827815 8134 0 310145 16371 0 0
1791136007 cpu  1398612 525 416021 19831671 8135 0 310152 16372 0 0
1791136012 cpu  1398666 525 416053 19835545 8136 0 310160 16373 0 0
1791136017 cpu  1398720 525 416085 19839409 8137 0 310170 16374 0 0
1791136022 cpu  1398839 525 416139 19843193 8138 0 310183 16376 0 0
1791136027 cpu  1398971 525 416198 19846947 8138 0 310199 16377 0 0
1791136032 cpu  1399078 525 416251 19850751 8139 0 310213 16378 0 0
1791136037 cpu  1399219 525 416325 19854468 8140 0 310232 16380 0 0
1791136042 cpu  1399357 525 416392 19858214 8141 0 310256 16381 0 0
1791136047 cpu  1399497 525 416455 19861941 8143 0 310281 16383 0 0
1791136052 cpu  1399623 525 416514 19865713 8143 0 310304 16385 0 0
1791136057 cpu  1399710 525 416561 19869522 8144 0 310319 16386 0 0
1791136062 cpu  1399829 525 416619 19873287 8145 0 310343 16387 0 0
1791136067 cpu  1399949 525 416678 19877052 8146 0 310357 16389 0 0
1791136072 cpu  1400067 525 416721 19880842 8149 0 310369 16390 0 0
1791136077 cpu  1400173 525 416776 19884638 8150 0 310383 16392 0 0
1791136082 cpu  1400275 525 416816 19888449 8150 0 310401 16393 0 0
1791136087 cpu  1400376 525 416865 19892239 8151 0 310418 16394 0 0
1791136092 cpu  1400507 525 416919 19896003 8152 0 310439 16396 0 0
1791136097 cpu  1400652 525 416978 19899732 8153 0 310461 16397 0 0
1791136102 cpu  1400848 525 417045 19903422 8154 0 310486 16399 0 0
1791136107 cpu  1401009 525 417110 19907151 8155 0 310511 16400 0 0
1791136112 cpu  1401152 525 417172 19910892 8156 0 310530 16402 0 0
1791136117 cpu  1401311 525 417240 19914610 8157 0 310558 16403 0 0
1791136122 cpu  1401482 525 417315 19918321 8158 0 310586 16405 0 0
1791136127 cpu  1401670 525 417384 19922014 8158 0 310612 16406 0 0
1791136132 cpu  1401819 525 417442 19925750 8159 0 310635 16408 0 0
1791136137 cpu  1401977 525 417506 19929466 8160 0 310660 16409 0 0
1791136142 cpu  1402127 525 417575 19933199 8160 0 310685 16411 0 0
1791136147 cpu  1402278 525 417647 19936923 8161 0 310705 16412 0 0
1791136152 cpu  1402425 525 417712 19940665 8162 0 310728 16413 0 0
1791136157 cpu  1402599 525 417780 19944385 8163 0 310751 16415 0 0
1791136162 cpu  1402753 525 417848 19948112 8165 0 310780 16417 0 0
1791136167 cpu  1402911 525 417910 19951834 8166 0 310814 16419 0 0
1791136172 cpu  1403057 525 417972 19955575 8167 0 310833 16420 0 0
1791136177 cpu  1403204 525 418030 19959319 8168 0 310858 16422 0 0
1791136182 cpu  1403339 525 418086 19963070 8169 0 310882 16423 0 0
1791136187 cpu  1403699 525 418152 19966584 8170 0 310922 16424 0 0
1791136192 cpu  1404091 525 418230 19970041 8172 0 310964 16426 0 0
1791136197 cpu  1404495 525 418315 19973470 8174 0 311014 16428 0 0
1791136202 cpu  1404882 525 418397 19976929 8175 0 311065 16429 0 0
1791136207 cpu  1405301 525 418488 19980356 8176 0 311122 16431 0 0
1791136212 cpu  1405722 525 418566 19983778 8177 0 311168 16433 0 0
1791136217 cpu  1406142 525 418647 19987212 8178 0 311215 16434 0 0
1791136222 cpu  1406553 525 418744 19990613 8179 0 311271 16436 0 0
1791136227 cpu  1406986 525 418843 19994006 8180 0 311328 16438 0 0
1791136232 cpu  1407397 525 418922 19997455 8181 0 311376 16440 0 0
1791136237 cpu  1407845 525 419024 20000821 8181 0 311436 16442 0 0
1791136242 cpu  1408408 525 419127 20004064 8184 0 311489 16443 0 0
1791136247 cpu  1408916 525 419222 20007380 8184 0 311540 16445 0 0
1791136252 cpu  1409400 525 419312 20010715 8186 0 311595 16447 0 0
1791136257 cpu  1409932 525 419410 20014026 8187 0 311644 16448 0 0
1791136262 cpu  1410432 525 419491 20017375 8187 0 311690 16450 0 0
1791136267 cpu  1410968 525 419598 20020648 8188 0 311735 16452 0 0
1791136272 cpu  1411574 525 419735 20023752 8189 0 311839 16454 0 0
1791136277 cpu  1412193 525 419881 20026786 8190 0 311964 16457 0 0
1791136282 cpu  1412818 525 420019 20029825 8191 0 312104 16460 0 0
1791136287 cpu  1413459 525 420156 20032857 8193 0 312239 16463 0 0
1791136292 cpu  1414098 525 420288 20035907 8195 0 312372 16466 0 0
1791136297 cpu  1414741 525 420445 20038927 8196 0 312501 16469 0 0
1791136302 cpu  1415401 525 420578 20041934 8198 0 312635 16471 0 0
1791136307 cpu  1416034 525 420728 20044962 8200 0 312791 16474 0 0
1791136312 cpu  1416696 525 420894 20047982 8202 0 312952 16477 0 0
1791136317 cpu  1417333 525 421043 20050999 8204 0 313099 16480 0 0
1791136322 cpu  1417938 525 421187 20054060 8206 0 313248 16483 0 0
1791136327 cpu  1418541 525 421320 20057139 8207 0 313385 16487 0 0
1791136332 cpu  1419155 525 421459 20060222 8209 0 313530 16490 0 0
1791136337 cpu  1419824 525 421598 20063248 8210 0 313694 16493 0 0
1791136342 cpu  1420472 525 421735 20066302 8211 0 313845 16495 0 0
1791136347 cpu  1421098 525 421881 20069338 8213 0 313991 16498 0 0
1791136352 cpu  1421733 525 422016 20072390 8214 0 314163 16502 0 0
1791136357 cpu  1422362 525 422164 20075407 8215 0 314313 16505 0 0
1791136362 cpu  1422987 525 422312 20078438 8217 0 314467 16508 0 0
1791136367 cpu  1423655 525 422458 20081449 8218 0 314605 16512 0 0
1791136372 cpu  1424315 525 422591 20084474 8220 0 314776 16515 0 0
1791136377 cpu  1424967 525 422731 20087497 8222 0 314932 16519 0 0
1791136382 cpu  1425579 525 422857 20090554 8223 0 315088 16524 0 0
1791136387 cpu  1426192 525 422986 20093623 8225 0 315245 16528 0 0
1791136392 cpu  1426810 525 423108 20096723 8226 0 315378 16532 0 0
1791136397 cpu  1427422 525 423246 20099800 8228 0 315530 16536 0 0
1791136402 cpu  1428050 525 423392 20102862 8229 0 315683 16540 0 0
1791136407 cpu  1428707 525 423534 20105878 8231 0 315840 16543 0 0
1791136412 cpu  1429310 525 423669 20108947 8232 0 316024 16547 0 0
1791136417 cpu  1429969 525 423803 20111976 8233 0 316173 16551 0 0
1791136422 cpu  1430610 525 423948 20114987 8235 0 316318 16554 0 0
1791136427 cpu  1431229 525 424106 20118025 8236 0 316465 16558 0 0
1791136432 cpu  1431847 525 424243 20121073 8237 0 316621 16561 0 0
1791136437 cpu  1432485 525 424377 20124107 8239 0 316777 16565 0 0
1791136442 cpu  1433129 525 424511 20127152 8240 0 316934 16568 0 0
1791136447 cpu  1433717 525 424657 20130228 8241 0 317085 16571 0 0
1791136452 cpu  1434338 525 424792 20133302 8243 0 317228 16574 0 0
1791136457 cpu  1434935 525 424916 20136407 8244 0 317363 16578 0 0
1791136462 cpu  1435563 525 425056 20139474 8246 0 317517 16581 0 0
1791136467 cpu  1436171 525 425197 20142554 8247 0 317669 16585 0 0
1791136472 cpu  1436811 525 425338 20145602 8248 0 317831 16588 0 0
1791136477 cpu  1437431 525 425479 20148669 8249 0 317983 16591 0 0
1791136482 cpu  1438062 525 425630 20151693 8252 0 318132 16595 0 0
1791136487 cpu  1438705 525 425753 20154744 8253 0 318276 16598 0 0
1791136492 cpu  1439323 525 425894 20157805 8254 0 318414 16601 0 0
1791136497 cpu  1439943 525 426013 20160877 8256 0 318558 16605 0 0
1791136502 cpu  1440570 525 426155 20163926 8257 0 318708 16608 0 0
1791136507 cpu  1441174 525 426284 20167002 8259 0 318851 16612 0 0
1791136512 cpu  1441820 525 426421 20170050 8262 0 318985 16615 0 0
1791136517 cpu  1442423 525 426542 20173173 8262 0 319104 16618 0 0
1791136522 cpu  1443046 525 426674 20176244 8264 0 319248 16621 0 0
1791136527 cpu  1443637 525 426802 20179328 8267 0 319413 16625 0 0
1791136532 cpu  1444294 525 426934 20182373 8268 0 319542 16628 0 0
1791136537 cpu  1444908 525 427066 20185423 8269 0 319695 16631 0 0
1791136542 cpu  1445585 525 427217 20188404 8271 0 319840 16634 0 0
1791136547 cpu  1446194 525 427349 20191489 8272 0 319971 16638 0 0
1791136552 cpu  1446804 525 427489 20194536 8273 0 320128 16641 0 0
1791136557 cpu  1447434 525 427613 20197613 8275 0 320267 16644 0 0
1791136562 cpu  1448054 525 427750 20200656 8276 0 320419 16648 0 0
1791136567 cpu  1448692 525 427884 20203723 8277 0 320574 16651 0 0
1791136572 cpu  1449365 525 428022 20206740 8279 0 320735 16655 0 0
1791136577 cpu  1449984 525 428162 20209815 8280 0 320878 16658 0 0
1791136582 cpu  1450669 525 428317 20212789 8283 0 321036 16662 0 0
1791136587 cpu  1451279 525 428444 20215860 8285 0 321190 16666 0 0
1791136592 cpu  1451920 525 428584 20218902 8286 0 321333 16670 0 0
1791136597 cpu  1452544 525 428707 20221960 8286 0 321493 16674 0 0
1791136602 cpu  1453208 525 428859 20224955 8288 0 321646 16678 0 0
1791136607 cpu  1453821 525 428996 20228002 8289 0 321790 16682 0 0
1791136612 cpu  1454467 525 429139 20231017 8290 0 321947 16686 0 0
1791136617 cpu  1455097 525 429286 20234054 8292 0 322110 16691 0 0
1791136622 cpu  1455769 525 429437 20237060 8293 0 322264 16695 0 0
1791136627 cpu  1456378 525 429579 20240107 8295 0 322421 16699 0 0
1791136632 cpu  1457006 525 429715 20243129 8296 0 322585 16703 0 0
1791136637 cpu  1457619 525 429862 20246187 8298 0 322752 16708 0 0
1791136642 cpu  1458260 525 429997 20249244 8299 0 322888 16712 0 0
1791136647 cpu  1458894 525 430145 20252310 8300 0 323042 16716 0 0
1791136652 cpu  1459536 525 430288 20255348 8301 0 323198 16721 0 0
1791136657 cpu  1460158 525 430427 20258392 8303 0 323347 16726 0 0
1791136662 cpu  1460838 525 430570 20261394 8305 0 323496 16730 0 0
1791136667 cpu  1461486 525 430707 20264430 8306 0 323656 16734 0 0
1791136672 cpu  1462132 525 430851 20267462 8308 0 323808 16738 0 0
1791136677 cpu  1462775 525 430987 20270512 8309 0 323959 16743 0 0
1791136682 cpu  1463440 525 431120 20273535 8310 0 324112 16747 0 0
1791136687 cpu  1464063 525 431245 20276595 8312 0 324287 16751 0 0
1791136692 cpu  1464716 525 431377 20279619 8314 0 324446 16755 0 0
1791136697 cpu  1465328 525 431507 20282691 8315 0 324599 16759 0 0
1791136702 cpu  1465984 525 431644 20285746 8316 0 324735 16762 0 0
1791136707 cpu  1466597 525 431788 20288823 8319 0 324876 16767 0 0
1791136712 cpu  1467250 525 431932 20291847 8319 0 325040 16771 0 0
1791136717 cpu  1467885 525 432058 20294903 8321 0 325202 16778 0 0
1791136722 cpu  1468549 525 432211 20297910 8323 0 325359 16782 0 0
1791136727 cpu  1469191 525 432353 20300972 8324 0 325509 16786 0 0
1791136732 cpu  1469823 525 432494 20304011 8325 0 325643 16790 0 0
1791136737 cpu  1470439 525 432641 20307057 8327 0 325802 16794 0 0
1791136742 cpu  1471071 525 432784 20310084 8328 0 325947 16798 0 0
1791136747 cpu  1471694 525 432917 20313144 8329 0 326105 16802 0 0
1791136752 cpu  1472356 525 433055 20316130 8331 0 326259 16806 0 0
1791136757 cpu  1472970 525 433191 20319198 8332 0 326412 16810 0 0
1791136762 cpu  1473615 525 433335 20322233 8334 0 326569 16813 0 0
1791136767 cpu  1474222 525 433468 20325314 8336 0 326734 16817 0 0
1791136772 cpu  1474846 525 433610 20328378 8337 0 326892 16821 0 0
1791136777 cpu  1475480 525 433752 20331448 8338 0 327054 16825 0 0
1791136782 cpu  1476137 525 433902 20334448 8340 0 327218 16829 0 0
1791136787 cpu  1476734 525 434029 20337514 8342 0 327378 16833 0 0
1791136792 cpu  1477363 525 434163 20340533 8343 0 327554 16838 0 0
1791136797 cpu  1477982 525 434305 20343578 8345 0 327703 16843 0 0
1791136802 cpu  1478651 525 434455 20346571 8346 0 327850 16847 0 0
1791136807 cpu  1479258 525 434582 20349626 8347 0 327999 16851 0 0
1791136812 cpu  1479898 525 434734 20352626 8350 0 328161 16855 0 0
1791136817 cpu  1480523 525 434863 20355679 8351 0 328321 16859 0 0
1791136822 cpu  1481163 525 435020 20358701 8353 0 328473 16863 0 0
1791136827 cpu  1481780 525 435158 20361760 8355 0 328634 16867 0 0
1791136832 cpu  1482382 525 435295 20364805 8356 0 328790 16871 0 0
1791136837 cpu  1482989 525 435435 20367865 8357 0 328943 16875 0 0
1791136842 cpu  1483686 525 435582 20370821 8359 0 329100 16879 0 0
1791136847 cpu  1484319 525 435716 20373860 8360 0 329263 16884 0 0
1791136852 cpu  1485000 525 435862 20376842 8362 0 329412 16888 0 0
1791136857 cpu  1485624 525 436016 20379901 8363 0 329575 16892 0 0
1791136862 cpu  1486247 525 436166 20382932 8364 0 329712 16896 0 0
1791136867 cpu  1486873 525 436314 20385976 8366 0 329876 16900 0 0
1791136872 cpu  1487525 525 436476 20388979 8368 0 330043 16905 0 0
1791136877 cpu  1488146 525 436602 20392076 8369 0 330167 16908 0 0
1791136882 cpu  1488370 525 436673 20395717 8370 0 330197 16910 0 0
1791136887 cpu  1488481 525 436737 20399497 8371 0 330215 16911 0 0
1791136892 cpu  1488578 525 436789 20403293 8373 0 330230 16913 0 0
