1791143375 cpu  8770802 512 2397127 43019363 7680 0 812824 35366 0 0
1791143380 cpu  8770941 512 2397229 43027038 7680 0 812847 35369 0 0
1791143385 cpu  8771071 512 2397321 43034709 7680 0 812865 35372 0 0
1791143390 cpu  8771207 512 2397413 43042365 7680 0 812888 35375 0 0
1791143395 cpu  8771353 512 2397508 43050030 7680 0 812909 35378 0 0
1791143400 cpu  8771471 512 2397591 43057716 7681 0 812926 35381 0 0
1791143405 cpu  8771621 512 2397679 43065365 7681 0 812938 35385 0 0
1791143410 cpu  8771747 512 2397775 43073038 7681 0 812957 35388 0 0
1791143415 cpu  8771872 512 2397883 43080721 7681 0 812981 35391 0 0
1791143420 cpu  8771997 512 2397979 43088376 7681 0 813003 35394 0 0
1791143425 cpu  8772123 512 2398088 43096034 7681 0 813027 35397 0 0
1791143430 cpu  8772265 512 2398193 43103697 7681 0 813047 35400 0 0
1791143435 cpu  8772393 512 2398286 43111370 7681 0 813063 35404 0 0
1791143440 cpu  8772533 512 2398372 43119035 7682 0 813082 35407 0 0
1791143445 cpu  8772665 512 2398456 43126719 7682 0 813100 35410 0 0
1791143450 cpu  8772806 512 2398556 43134367 7682 0 813118 35413 0 0
1791143455 cpu  8772954 512 2398649 43142047 7683 0 813138 35416 0 0
1791143460 cpu  8773101 512 2398758 43149710 7683 0 813156 35419 0 0
1791143465 cpu  8773245 512 2398855 43157382 7683 0 813174 35422 0 0
1791143470 cpu  8773389 512 2398955 43165040 7683 0 813193 35426 0 0
1791143475 cpu  8773519 512 2399046 43172724 7683 0 813208 35429 0 0
1791143480 cpu  8773657 512 2399161 43180369 7683 0 813227 35433 0 0
1791143485 cpu  8773799 512 2399261 43188040 7683 0 813240 35436 0 0
1791143490 cpu  8773938 512 2399345 43195701 7683 0 813261 35439 0 0
1791143495 cpu  8774088 512 2399446 43203374 7683 0 813276 35442 0 0
1791143500 cpu  8774223 512 2399541 43211048 7683 0 813297 35444 0 0
1791143505 cpu  8774355 512 2399641 43218727 7684 0 813314 35447 0 0
1791143510 cpu  8774490 512 2399734 43226381 7684 0 813335 35450 0 0
1791143515 cpu  8774639 512 2399824 43234056 7684 0 813355 35453 0 0
1791143520 cpu  8774787 512 2399916 43241727 7684 0 813374 35457 0 0
1791143525 cpu  8774941 512 2400017 43249389 7684 0 813396 35460 0 0
1791143530 cpu  8775087 512 2400106 43257057 7684 0 813412 35464 0 0
1791143535 cpu  8775209 512 2400206 43264743 7684 0 813424 35467 0 0
1791143540 cpu  8775333 512 2400317 43272400 7684 0 813447 35470 0 0
1791143545 cpu  8775475 512 2400420 43280071 7684 0 813470 35473 0 0
1791143550 cpu  8775610 512 2400512 43287737 7685 0 813489 35476 0 0
1791143555 cpu  8775737 512 2400608 43295427 7685 0 813501 35479 0 0
1791143560 cpu  8775869 512 2400716 43303095 7685 0 813522 35481 0 0
1791143565 cpu  8775996 512 2400809 43310789 7685 0 813541 35484 0 0
1791143570 cpu  8776139 512 2400914 43318443 7685 0 813562 35487 0 0
1791143575 cpu  8776275 512 2401009 43326126 7685 0 813576 35490 0 0
1791143580 cpu  8776418 512 2401102 43333792 7685 0 813594 35494 0 0
1791143585 cpu  8776559 512 2401216 43341464 7685 0 813606 35496 0 0
1791143590 cpu  8776690 512 2401313 43349130 7685 0 813621 35499 0 0
1791143595 cpu  8776828 512 2401401 43356816 7685 0 813639 35502 0 0
1791143600 cpu  8776974 512 2401505 43364464 7686 0 813658 35505 0 0
1791143605 cpu  8777125 512 2401602 43372123 7686 0 813687 35509 0 0
1791143610 cpu  8777297 512 2401723 43379689 7686 0 813744 35514 0 0
1791143615 cpu  8777481 512 2401826 43387273 7686 0 813791 35518 0 0
1791143620 cpu  8777640 512 2401930 43394847 7687 0 813842 35522 0 0
1791143625 cpu  8777811 512 2402034 43402440 7687 0 813884 35525 0 0
1791143630 cpu  8777996 512 2402150 43409992 7687 0 813937 35529 0 0
1791143635 cpu  8778203 512 2402250 43417557 7687 0 813979 35532 0 0
1791143640 cpu  8778384 512 2402364 43425123 7687 0 814035 35536 0 0
1791143645 cpu  8778578 512 2402478 43432687 7688 0 814088 35539 0 0
1791143650 cpu  8778769 512 2402584 43440252 7688 0 814139 35543 0 0
1791143655 cpu  8778957 512 2402694 43447826 7688 0 814184 35546 0 0
1791143660 cpu  8779164 512 2402825 43455349 7688 0 814240 35550 0 0
1791143665 cpu  8779349 512 2402938 43462918 7688 0 814281 35553 0 0
1791143670 cpu  8779560 512 2403056 43470467 7688 0 814335 35557 0 0
1791143675 cpu  8779751 512 2403169 43478024 7688 0 814383 35561 0 0
1791143680 cpu  8779924 512 2403284 43485570 7688 0 814443 35565 0 0
1791143685 cpu  8780130 512 2403401 43493132 7689 0 814481 35568 0 0
1791143690 cpu  8780337 512 2403514 43500667 7689 0 814526 35572 0 0
1791143695 cpu  8781711 512 2403877 43506635 7689 0 814701 35577 0 0
1791143700 cpu  8785172 512 2404740 43509750 7689 0 815017 35582 0 0
1791143705 cpu  8789638 512 2405785 43511567 7690 0 815385 35585 0 0
1791143710 cpu  8793759 512 2406769 43513686 7690 0 815778 35588 0 0
1791143715 cpu  8797521 512 2407755 43516262 7691 0 816163 35593 0 0
1791143720 cpu  8801352 512 2408761 43518714 7694 0 816532 35597 0 0
1791143725 cpu  8805085 512 2409740 43521314 7694 0 816896 35602 0 0
1791143730 cpu  8808984 512 2410738 43523688 7695 0 817281 35606 0 0
1791143735 cpu  8812795 512 2411740 43526198 7695 0 817640 35610 0 0
1791143740 cpu  8816676 512 2412770 43528602 7695 0 818010 35614 0 0
1791143745 cpu  8820548 512 2413731 43531046 7695 0 818366 35618 0 0
1791143750 cpu  8824228 512 2414662 43533748 7695 0 818705 35622 0 0
1791143755 cpu  8828122 512 2415677 43536189 7696 0 819071 35626 0 0
1791143760 cpu  8831987 512 2416669 43538575 7696 0 819475 35630 0 0
1791143765 cpu  8835814 512 2417679 43541059 7698 0 819843 35634 0 0
1791143770 cpu  8839633 512 2418651 43543544 7698 0 820219 35637 0 0
1791143775 cpu  8843346 512 2419675 43546128 7698 0 820597 35640 0 0
1791143780 cpu  8847271 512 2420698 43548503 7698 0 820973 35645 0 0
1791143785 cpu  8851131 512 2421732 43550924 7699 0 821346 35650 0 0
1791143790 cpu  8854991 512 2422747 43553334 7699 0 821717 35654 0 0
1791143795 cpu  8858781 512 2423718 43555912 7699 0 822098 35659 0 0
1791143800 cpu  8862621 512 2424686 43558376 7699 0 822494 35664 0 0
1791143805 cpu  8866416 512 2425645 43560896 7699 0 822869 35668 0 0
1791143810 cpu  8870309 512 2426631 43563272 7699 0 823261 35671 0 0
1791143815 cpu  8874283 512 2427638 43565608 7700 0 823636 35677 0 0
1791143820 cpu  8878059 512 2428594 43568135 7700 0 824016 35681 0 0
1791143825 cpu  8881739 512 2429575 43570720 7700 0 824399 35687 0 0
1791143830 cpu  8885500 512 2430549 43573255 7701 0 824774 35694 0 0
1791143835 cpu  8889261 512 2431568 43575773 7701 0 825151 35699 0 0
1791143840 cpu  8893292 512 2432594 43578106 7701 0 825518 35704 0 0
1791143845 cpu  8897219 512 2433610 43580481 7701 0 825877 35713 0 0
1791143850 cpu  8901082 512 2434569 43582924 7702 0 826262 35719 0 0
1791143855 cpu  8904821 512 2435547 43585507 7702 0 826635 35727 0 0
1791143860 cpu  8908664 512 2436510 43588023 7702 0 827021 35733 0 0
1791143865 cpu  8912484 512 2437503 43590497 7702 0 827391 35739 0 0
1791143870 cpu  8916221 512 2438503 43593039 7703 0 827763 35745 0 0
1791143875 cpu  8919953 512 2439452 43595616 7703 0 828133 35753 0 0
1791143880 cpu  8923632 512 2440444 43598195 7703 0 828513 35760 0 0
1791143885 cpu  8927281 512 2441395 43600874 7703 0 828889 35766 0 0
1791143890 cpu  8931082 512 2442403 43603359 7704 0 829274 35771 0 0
1791143895 cpu  8934871 512 2443395 43605885 7704 0 829649 35775 0 0
1791143900 cpu  8938656 512 2444402 43608397 7704 0 830019 35780 0 0
1791143905 cpu  8942333 512 2445361 43611018 7704 0 830392 35786 0 0
1791143910 cpu  8945792 512 2446291 43613925 7704 0 830757 35792 0 0
1791143915 cpu  8949504 512 2447282 43616502 7705 0 831144 35799 0 0
1791143920 cpu  8953361 512 2448283 43618955 7705 0 831516 35805 0 0
1791143925 cpu  8957233 512 2449303 43621392 7705 0 831897 35810 0 0
1791143930 cpu  8961107 512 2450268 43623854 7705 0 832268 35817 0 0
1791143935 cpu  8964821 512 2451237 43626451 7705 0 832646 35824 0 0
1791143940 cpu  8968691 512 2452198 43628878 7705 0 833046 35830 0 0
1791143945 cpu  8972402 512 2453163 43631474 7705 0 833425 35838 0 0
1791143950 cpu  8976222 512 2454137 43633994 7706 0 833815 35844 0 0
1791143955 cpu  8980038 512 2455145 43636481 7707 0 834209 35849 0 0
1791143960 cpu  8983877 512 2456142 43638963 7707 0 834592 35854 0 0
1791143965 cpu  8987662 512 2457117 43641467 7707 0 834970 35860 0 0
1791143970 cpu  8991479 512 2458104 43643962 7708 0 835351 35865 0 0
1791143975 cpu  8995395 512 2459081 43646388 7709 0 835731 35870 0 0
1791143980 cpu  8999089 512 2460048 43649009 7709 0 836111 35876 0 0
1791143985 cpu  9002951 512 2461050 43651458 7709 0 836485 35880 0 0
1791143990 cpu  9006687 512 2462020 43654057 7709 0 836875 35885 0 0
1791143995 cpu  9010551 512 2463053 43656488 7710 0 837264 35891 0 0
1791144000 cpu  9014353 512 2464007 43658999 7710 0 837653 35897 0 0
1791144005 cpu  9018069 512 2464967 43661592 7710 0 838011 35904 0 0
1791144010 cpu  9021922 512 2465950 43664034 7710 0 838412 35910 0 0
1791144015 cpu  9025704 512 2466937 43666609 7710 0 838790 35916 0 0
1791144020 cpu  9029263 512 2467881 43669411 7711 0 839160 35924 0 0
1791144025 cpu  9032889 512 2468836 43672102 7711 0 839551 35931 0 0
1791144030 cpu  9036698 512 2469831 43674576 7712 0 839933 35937 0 0
1791144035 cpu  9040343 512 2470792 43677215 7712 0 840304 35943 0 0
1791144040 cpu  9043932 512 2471733 43680003 7712 0 840644 35951 0 0
1791144045 cpu  9047702 512 2472670 43682579 7712 0 841027 35957 0 0
1791144050 cpu  9051511 512 2473635 43685144 7713 0 841380 35963 0 0
1791144055 cpu  9055324 512 2474639 43687611 7713 0 841754 35970 0 0
1791144060 cpu  9058967 512 2475587 43690361 7713 0 842118 35978 0 0
1791144065 cpu  9062683 512 2476545 43692982 7713 0 842483 35985 0 0
1791144070 cpu  9066580 512 2477575 43695391 7714 0 842842 35990 0 0
1791144075 cpu  9070120 512 2478478 43698191 7714 0 843203 35997 0 0
1791144080 cpu  9073657 512 2479422 43700940 7714 0 843583 36005 0 0
1791144085 cpu  9077303 512 2480395 43703572 7714 0 843953 36013 0 0
1791144090 cpu  9081023 512 2481374 43706105 7714 0 844309 36020 0 0
1791144095 cpu  9084653 512 2482351 43708766 7714 0 844656 36026 0 0
1791144100 cpu  9088466 512 2483332 43711248 7714 0 845031 36031 0 0
1791144105 cpu  9092347 512 2484299 43713666 7715 0 845413 36036 0 0
1791144110 cpu  9096109 512 2485248 43716239 7715 0 845766 36042 0 0
1791144115 cpu  9099732 512 2486156 43718958 7716 0 846141 36048 0 0
1791144120 cpu  9103610 512 2487126 43721356 7716 0 846527 36053 0 0
1791144125 cpu  9107282 512 2488108 43723987 7716 0 846900 36060 0 0
1791144130 cpu  9111086 512 2489076 43726504 7717 0 847266 36066 0 0
1791144135 cpu  9114893 512 2490069 43728980 7717 0 847623 36072 0 0
1791144140 cpu  9118718 512 2491018 43731486 7717 0 848000 36078 0 0
1791144145 cpu  9122588 512 2491995 43733921 7717 0 848370 36084 0 0
1791144150 cpu  9126411 512 2492969 43736387 7718 0 848739 36089 0 0
1791144155 cpu  9130194 512 2493944 43738945 7718 0 849095 36095 0 0
1791144160 cpu  9134106 512 2494918 43741354 7718 0 849476 36100 0 0
1791144165 cpu  9137828 512 2495881 43743914 7718 0 849854 36105 0 0
1791144171 cpu  9141650 512 2496862 43746392 7719 0 850229 36111 0 0
1791144176 cpu  9145442 512 2497849 43748939 7719 0 850570 36117 0 0
1791144181 cpu  9149306 512 2498844 43751373 7719 0 850962 36122 0 0
1791144186 cpu  9153127 512 2499804 43753868 7719 0 851339 36128 0 0
1791144191 cpu  9156976 512 2500754 43756374 7721 0 851722 36139 0 0
1791144196 cpu  9160770 512 2501772 43758862 7721 0 852094 36144 0 0
1791144201 cpu  9164544 512 2502743 43761389 7721 0 852457 36149 0 0
1791144206 cpu  9168158 512 2503690 43764061 7721 0 852821 36156 0 0
1791144211 cpu  9171697 512 2504622 43766853 7721 0 853192 36163 0 0
1791144216 cpu  9175290 512 2505563 43769578 7721 0 853537 36169 0 0
1791144221 cpu  9179220 512 2506564 43771943 7722 0 853900 36174 0 0
1791144226 cpu  9183069 512 2507553 43774409 7722 0 854268 36178 0 0
1791144231 cpu  9186906 512 2508553 43776850 7723 0 854664 36183 0 0
1791144236 cpu  9190676 512 2509521 43779421 7723 0 855031 36191 0 0
1791144241 cpu  9194495 512 2510463 43781891 7723 0 855426 36196 0 0
1791144246 cpu  9198274 512 2511408 43784419 7723 0 855807 36201 0 0
1791144251 cpu  9202113 512 2512443 43786842 7725 0 856199 36206 0 0
1791144256 cpu  9205868 512 2513399 43789447 7725 0 856565 36213 0 0
1791144261 cpu  9209573 512 2514342 43792027 7726 0 856939 36221 0 0
1791144266 cpu  9213457 512 2515338 43794450 7726 0 857312 36229 0 0
1791144271 cpu  9217145 512 2516294 43797074 7726 0 857686 36236 0 0
1791144276 cpu  9220707 512 2517217 43799870 7726 0 858038 36243 0 0
1791144281 cpu  9224436 512 2518176 43802483 7727 0 858416 36247 0 0
1791144286 cpu  9228310 512 2519199 43804901 7727 0 858801 36252 0 0
1791144291 cpu  9232143 512 2520181 43807360 7727 0 859180 36256 0 0
1791144296 cpu  9235991 512 2521175 43809827 7727 0 859565 36262 0 0
1791144301 cpu  9239872 512 2522136 43812295 7728 0 859941 36268 0 0
1791144306 cpu  9240377 512 2522348 43819365 7728 0 860030 36274 0 0
1791144311 cpu  9240517 512 2522450 43826999 7729 0 860045 36279 0 0
1791144316 cpu  9240639 512 2522555 43834669 7729 0 860067 36284 0 0
1791144321 cpu  9240809 512 2522674 43842276 7729 0 860087 36287 0 0
1791144326 cpu  9240944 512 2522773 43849929 7730 0 860111 36291 0 0
1791144331 cpu  9241117 512 2522889 43857530 7730 0 860133 36294 0 0
