1791143378 cpu  1470083 704 80846 26339070 1264 0 130326 56221 0 0
1791143383 cpu  1470089 704 80849 26343059 1264 0 130326 56222 0 0
1791143388 cpu  1470092 704 80852 26347047 1265 0 130326 56222 0 0
1791143393 cpu  1470147 704 80883 26350950 1265 0 130331 56228 0 0
1791143398 cpu  1470152 704 80887 26354940 1265 0 130332 56228 0 0
1791143403 cpu  1470157 704 80888 26358932 1265 0 130332 56229 0 0
1791143408 cpu  1470165 704 80892 26362919 1265 0 130332 56229 0 0
1791143413 cpu  1470168 704 80894 26366912 1265 0 130332 56229 0 0
1791143418 cpu  1470171 704 80894 26370905 1265 0 130332 56230 0 0
1791143423 cpu  1470175 704 80896 26374894 1265 0 130333 56230 0 0
1791143428 cpu  1470177 704 80896 26378886 1265 0 130333 56231 0 0
1791143433 cpu  1470188 704 80901 26382863 1265 0 130334 56231 0 0
1791143438 cpu  1470191 704 80903 26386856 1265 0 130334 56232 0 0
1791143443 cpu  1470194 704 80906 26390848 1265 0 130334 56232 0 0
1791143448 cpu  1470199 704 80909 26394839 1265 0 130335 56232 0 0
1791143453 cpu  1470203 704 80912 26398831 1266 0 130336 56233 0 0
1791143458 cpu  1470205 704 80913 26402824 1266 0 130336 56233 0 0
1791143463 cpu  1470207 704 80913 26406817 1266 0 130336 56234 0 0
1791143468 cpu  1470211 704 80915 26410807 1266 0 130337 56234 0 0
1791143473 cpu  1470216 704 80919 26414799 1266 0 130338 56234 0 0
1791143478 cpu  1470219 704 80921 26418792 1266 0 130338 56235 0 0
1791143483 cpu  1470223 704 80922 26422783 1266 0 130338 56236 0 0
1791143488 cpu  1470227 704 80924 26426775 1266 0 130338 56236 0 0
1791143493 cpu  1470236 704 80931 26430749 1266 0 130339 56237 0 0
1791143498 cpu  1470240 704 80933 26434741 1266 0 130340 56237 0 0
1791143503 cpu  1470244 704 80933 26438733 1266 0 130340 56238 0 0
1791143508 cpu  1470246 704 80936 26442723 1266 0 130340 56238 0 0
1791143513 cpu  1470250 704 80938 26446714 1266 0 130340 56239 0 0
1791143518 cpu  1470254 704 80940 26450706 1266 0 130340 56239 0 0
1791143523 cpu  1470257 704 80942 26454699 1266 0 130341 56240 0 0
1791143528 cpu  1470260 704 80944 26458686 1266 0 130341 56240 0 0
1791143533 cpu  1470264 704 80945 26462678 1266 0 130342 56241 0 0
1791143538 cpu  1470269 704 80947 26466668 1266 0 130342 56242 0 0
1791143543 cpu  1470273 704 80948 26470659 1266 0 130342 56243 0 0
1791143548 cpu  1470279 704 80949 26474648 1266 0 130343 56244 0 0
1791143553 cpu  1470291 704 80957 26478621 1266 0 130343 56245 0 0
1791143558 cpu  1470293 704 80960 26482611 1266 0 130343 56246 0 0
1791143563 cpu  1470296 704 80962 26486601 1267 0 130343 56247 0 0
1791143568 cpu  1470302 704 80962 26490590 1267 0 130343 56247 0 0
1791143573 cpu  1470304 704 80963 26494582 1267 0 130344 56248 0 0
1791143578 cpu  1470308 704 80965 26498572 1267 0 130344 56249 0 0
1791143583 cpu  1470311 704 80966 26502564 1267 0 130344 56250 0 0
1791143588 cpu  1470315 704 80966 26506551 1267 0 130344 56251 0 0
1791143593 cpu  1470321 704 80969 26510542 1267 0 130344 56252 0 0
1791143598 cpu  1470324 704 80971 26514533 1268 0 130344 56253 0 0
1791143603 cpu  1470327 704 80973 26518524 1268 0 130344 56253 0 0
1791143608 cpu  1470329 704 80975 26522515 1268 0 130345 56254 0 0
1791143613 cpu  1470340 704 80984 26526486 1268 0 130345 56256 0 0
1791143618 cpu  1470343 704 80987 26530476 1268 0 130346 56257 0 0
1791143623 cpu  1470347 704 80989 26534467 1268 0 130346 56257 0 0
1791143628 cpu  1470353 704 80991 26538454 1268 0 130346 56258 0 0
1791143633 cpu  1470359 704 80992 26542444 1268 0 130346 56260 0 0
1791143638 cpu  1470364 704 80993 26546433 1268 0 130347 56261 0 0
1791143643 cpu  1470372 704 81005 26550410 1268 0 130349 56263 0 0
1791143648 cpu  1470377 704 81011 26554397 1268 0 130350 56264 0 0
1791143653 cpu  1470379 704 81013 26558387 1268 0 130350 56265 0 0
1791143658 cpu  1470382 704 81016 26562379 1268 0 130350 56266 0 0
1791143663 cpu  1470385 704 81017 26566369 1268 0 130351 56267 0 0
1791143668 cpu  1470448 704 81051 26570260 1269 0 130362 56277 0 0
1791143673 cpu  1470523 704 81091 26574124 1269 0 130368 56289 0 0
1791143678 cpu  1470634 704 81147 26577936 1270 0 130380 56303 0 0
1791143683 cpu  1470692 704 81185 26581826 1270 0 130396 56313 0 0
1791143688 cpu  1470816 704 81233 26585637 1270 0 130414 56324 0 0
1791143693 cpu  1472409 704 81388 26587191 1270 0 130435 57034 0 0
1791143698 cpu  1473486 704 81443 26589842 1271 0 130473 57239 0 0
1791143703 cpu  1474696 704 81515 26592188 1271 0 130535 57626 0 0
1791143708 cpu  1475414 704 81531 26595354 1271 0 130601 57709 0 0
1791143713 cpu  1476163 704 81566 26598413 1272 0 130664 57859 0 0
1791143718 cpu  1476870 704 81592 26601583 1272 0 130737 57926 0 0
1791143723 cpu  1477623 704 81623 26604653 1273 0 130821 58069 0 0
1791143728 cpu  1478348 704 81651 26607799 1273 0 130892 58153 0 0
1791143733 cpu  1479119 704 81688 26610857 1274 0 130974 58279 0 0
1791143738 cpu  1479844 704 81711 26614042 1274 0 131049 58327 0 0
1791143743 cpu  1480507 704 81730 26617294 1274 0 131124 58374 0 0
1791143748 cpu  1481203 704 81755 26620495 1274 0 131206 58421 0 0
1791143753 cpu  1481944 704 81780 26623585 1275 0 131277 58594 0 0
1791143758 cpu  1482708 704 81811 26626639 1276 0 131354 58735 0 0
1791143763 cpu  1483460 704 81844 26629679 1276 0 131444 58910 0 0
1791143768 cpu  1484156 704 81878 26632884 1276 0 131521 58975 0 0
1791143773 cpu  1484900 704 81902 26636011 1277 0 131596 59067 0 0
1791143778 cpu  1485590 704 81925 26639206 1277 0 131682 59118 0 0
1791143783 cpu  1486285 704 81954 26642377 1277 0 131751 59203 0 0
1791143788 cpu  1486921 704 81981 26645686 1277 0 131829 59219 0 0
1791143793 cpu  1487576 704 82014 26648952 1277 0 131906 59243 0 0
1791143798 cpu  1488214 704 82036 26652264 1277 0 131983 59263 0 0
1791143803 cpu  1488866 704 82060 26655521 1278 0 132059 59306 0 0
1791143808 cpu  1489574 704 82086 26658778 1278 0 132137 59330 0 0
1791143813 cpu  1490289 704 82116 26661914 1278 0 132211 59451 0 0
1791143818 cpu  1490973 704 82141 26665128 1278 0 132304 59489 0 0
1791143823 cpu  1491642 704 82168 26668340 1279 0 132378 59550 0 0
1791143828 cpu  1492278 704 82192 26671617 1279 0 132454 59579 0 0
1791143833 cpu  1493051 704 82221 26674697 1279 0 132541 59702 0 0
1791143838 cpu  1493770 704 82250 26677879 1279 0 132627 59751 0 0
1791143843 cpu  1494512 704 82276 26681026 1279 0 132716 59818 0 0
1791143848 cpu  1495158 704 82305 26684276 1279 0 132785 59852 0 0
1791143853 cpu  1495848 704 82344 26687438 1280 0 132859 59922 0 0
1791143858 cpu  1496541 704 82371 26690651 1280 0 132940 59965 0 0
1791143863 cpu  1497236 704 82400 26693853 1280 0 133015 60024 0 0
1791143868 cpu  1497926 704 82422 26697044 1280 0 133088 60082 0 0
1791143873 cpu  1498654 704 82449 26700132 1280 0 133163 60243 0 0
1791143878 cpu  1499381 704 82478 26703207 1280 0 133237 60416 0 0
1791143883 cpu  1500082 704 82497 26706390 1281 0 133319 60500 0 0
1791143888 cpu  1500806 704 82525 26709540 1281 0 133394 60593 0 0
1791143893 cpu  1501551 704 82555 26712604 1282 0 133474 60758 0 0
1791143898 cpu  1502301 704 82582 26715704 1282 0 133559 60888 0 0
1791143903 cpu  1503044 704 82614 26718716 1284 0 133638 61132 0 0
1791143908 cpu  1503748 704 82643 26721886 1284 0 133711 61228 0 0
1791143913 cpu  1504509 704 82677 26724923 1284 0 133803 61402 0 0
1791143918 cpu  1505269 704 82702 26727977 1285 0 133883 61577 0 0
1791143923 cpu  1505966 704 82734 26731148 1285 0 133953 61667 0 0
1791143928 cpu  1506642 704 82763 26734331 1285 0 134030 61753 0 0
1791143933 cpu  1507274 704 82784 26737580 1285 0 134106 61814 0 0
1791143938 cpu  1507982 704 82815 26740712 1285 0 134183 61918 0 0
1791143943 cpu  1508677 704 82844 26743869 1286 0 134260 62018 0 0
1791143948 cpu  1509335 704 82866 26747131 1287 0 134335 62049 0 0
1791143953 cpu  1510022 704 82891 26750334 1287 0 134415 62104 0 0
1791143958 cpu  1510681 704 82918 26753585 1287 0 134494 62136 0 0
1791143963 cpu  1511443 704 82942 26756667 1287 0 134578 62270 0 0
1791143968 cpu  1512155 704 82973 26759858 1288 0 134652 62324 0 0
1791143973 cpu  1512870 704 83010 26763006 1288 0 134729 62392 0 0
1791143978 cpu  1513524 704 83036 26766234 1288 0 134807 62439 0 0
1791143983 cpu  1514244 704 83064 26769339 1288 0 134885 62551 0 0
1791143988 cpu  1514960 704 83090 26772499 1289 0 134958 62654 0 0
1791143993 cpu  1515710 704 83116 26775563 1289 0 135036 62833 0 0
1791143998 cpu  1516463 704 83146 26778645 1289 0 135119 62964 0 0
1791144003 cpu  1517211 704 83175 26781588 1291 0 135208 63281 0 0
1791144008 cpu  1517951 704 83204 26784617 1292 0 135277 63500 0 0
1791144013 cpu  1518716 704 83232 26787630 1292 0 135357 63727 0 0
1791144018 cpu  1519444 704 83257 26790765 1293 0 135441 63823 0 0
1791144023 cpu  1520164 704 83291 26793825 1293 0 135523 64031 0 0
1791144028 cpu  1520868 704 83314 26796973 1293 0 135604 64118 0 0
1791144033 cpu  1521514 704 83342 26800215 1293 0 135680 64167 0 0
1791144038 cpu  1522048 704 83362 26803590 1293 0 135741 64178 0 0
1791144043 cpu  1522660 704 83382 26806895 1293 0 135820 64201 0 0
1791144048 cpu  1523238 704 83407 26810262 1294 0 135890 64211 0 0
1791144053 cpu  1523850 704 83432 26813590 1294 0 135956 64230 0 0
1791144058 cpu  1524433 704 83460 26816942 1295 0 136022 64243 0 0
1791144063 cpu  1525028 704 83478 26820273 1295 0 136085 64267 0 0
1791144068 cpu  1525619 704 83500 26823618 1295 0 136156 64279 0 0
1791144073 cpu  1526229 704 83521 26826945 1295 0 136228 64295 0 0
1791144078 cpu  1526770 704 83541 26830344 1296 0 136286 64301 0 0
1791144083 cpu  1527334 704 83559 26833746 1296 0 136348 64306 0 0
1791144088 cpu  1527899 704 83580 26837134 1296 0 136416 64310 0 0
1791144093 cpu  1528469 704 83605 26840501 1296 0 136492 64317 0 0
1791144098 cpu  1528995 704 83621 26843919 1297 0 136549 64321 0 0
1791144103 cpu  1529550 704 83640 26847313 1297 0 136607 64326 0 0
1791144108 cpu  1530098 704 83657 26850713 1297 0 136673 64331 0 0
1791144113 cpu  1530661 704 83679 26854078 1297 0 136743 64342 0 0
1791144118 cpu  1531227 704 83698 26857477 1297 0 136809 64346 0 0
1791144123 cpu  1531801 704 83718 26860856 1298 0 136878 64352 0 0
1791144128 cpu  1532327 704 83739 26864280 1298 0 136944 64356 0 0
1791144133 cpu  1532854 704 83761 26867687 1298 0 137014 64360 0 0
1791144138 cpu  1533393 704 83782 26871085 1298 0 137081 64364 0 0
1791144143 cpu  1533941 704 83800 26874496 1298 0 137142 64369 0 0
1791144148 cpu  1534513 704 83819 26877899 1299 0 137206 64373 0 0
1791144153 cpu  1535074 704 83843 26881275 1299 0 137277 64378 0 0
1791144158 cpu  1535599 704 83867 26884682 1299 0 137337 64381 0 0
1791144163 cpu  1536153 704 83885 26888080 1299 0 137399 64385 0 0
1791144168 cpu  1536695 704 83907 26891480 1299 0 137463 64388 0 0
1791144173 cpu  1537251 704 83925 26894870 1300 0 137540 64398 0 0
1791144178 cpu  1537794 704 83948 26898260 1300 0 137611 64403 0 0
1791144183 cpu  1538338 704 83971 26901647 1300 0 137672 64409 0 0
1791144188 cpu  1538945 704 83991 26904925 1314 0 137748 64412 0 0
1791144193 cpu  1539440 704 84007 26908362 1314 0 137811 64413 0 0
1791144198 cpu  1539936 704 84028 26911824 1315 0 137868 64415 0 0
1791144203 cpu  1540390 704 84046 26915305 1315 0 137928 64417 0 0
1791144208 cpu  1540896 704 84066 26918749 1316 0 137987 64418 0 0
1791144213 cpu  1541342 704 84084 26922223 1316 0 138043 64420 0 0
1791144218 cpu  1541818 704 84102 26925685 1316 0 138105 64421 0 0
1791144223 cpu  1542307 704 84116 26929154 1316 0 138170 64422 0 0
1791144228 cpu  1542738 704 84130 26932645 1316 0 138225 64422 0 0
1791144233 cpu  1543172 704 84144 26936154 1316 0 138271 64423 0 0
1791144238 cpu  1543623 704 84156 26939651 1316 0 138307 64423 0 0
1791144243 cpu  1544081 704 84179 26943145 1316 0 138359 64424 0 0
1791144248 cpu  1544535 704 84196 26946633 1317 0 138409 64425 0 0
1791144253 cpu  1544999 704 84211 26950136 1317 0 138469 64425 0 0
1791144258 cpu  1545410 704 84222 26953678 1317 0 138516 64425 0 0
1791144263 cpu  1545841 704 84235 26957197 1317 0 138563 64426 0 0
1791144268 cpu  1546263 704 84251 26960729 1317 0 138609 64426 0 0
1791144273 cpu  1546722 704 84269 26964223 1317 0 138659 64426 0 0
1791144278 cpu  1547159 704 84280 26967744 1317 0 138701 64427 0 0
1791144283 cpu  1547636 704 84294 26971220 1317 0 138762 64427 0 0
1791144288 cpu  1548082 704 84310 26974721 1317 0 138817 64428 0 0
1791144293 cpu  1548518 704 84324 26978233 1317 0 138864 64428 0 0
1791144298 cpu  1548958 704 84343 26981735 1318 0 138913 64428 0 0
1791144303 cpu  1549250 704 84387 26985383 1318 0 138957 64429 0 0
1791144308 cpu  1549253 704 84392 26989375 1318 0 138958 64429 0 0
1791144313 cpu  1549258 704 84394 26993368 1318 0 138958 64429 0 0
1791144318 cpu  1549264 704 84394 26997360 1318 0 138958 64429 0 0
1791144323 cpu  1549267 704 84395 27001354 1318 0 138958 64429 0 0
1791144328 cpu  1549269 704 84396 27005346 1318 0 138958 64429 0 0
1791144333 cpu  1549280 704 84401 27009328 1318 0 138959 64429 0 0
