1791143372 cpu  1804113 525 530193 25064046 9759 0 399134 20148 0 0
1791143377 cpu  1804187 525 530233 25067888 9760 0 399144 20152 0 0
1791143382 cpu  1804315 525 530305 25071631 9760 0 399165 20156 0 0
1791143387 cpu  1804475 525 530387 25075341 9761 0 399183 20161 0 0
1791143392 cpu  1804566 525 530440 25079142 9762 0 399209 20164 0 0
1791143397 cpu  1804700 525 530506 25082879 9763 0 399228 20167 0 0
1791143402 cpu  1804847 525 530583 25086595 9764 0 399251 20170 0 0
1791143407 cpu  1804987 525 530642 25090321 9765 0 399275 20173 0 0
1791143412 cpu  1805147 525 530723 25094043 9765 0 399303 20176 0 0
1791143417 cpu  1805297 525 530794 25097759 9767 0 399326 20178 0 0
1791143422 cpu  1805396 525 530842 25101554 9768 0 399346 20181 0 0
1791143427 cpu  1805459 525 530882 25105403 9769 0 399357 20183 0 0
1791143432 cpu  1805513 525 530918 25109265 9771 0 399368 20185 0 0
1791143437 cpu  1805591 525 530957 25113108 9772 0 399377 20188 0 0
1791143442 cpu  1805738 525 531013 25116849 9772 0 399391 20190 0 0
1791143447 cpu  1805842 525 531061 25120642 9774 0 399407 20193 0 0
1791143452 cpu  1805989 525 531128 25124366 9775 0 399432 20195 0 0
1791143457 cpu  1806142 525 531205 25128070 9775 0 399455 20199 0 0
1791143462 cpu  1806284 525 531272 25131794 9777 0 399475 20201 0 0
1791143467 cpu  1806418 525 531337 25135524 9778 0 399492 20204 0 0
1791143472 cpu  1806549 525 531412 25139266 9778 0 399511 20207 0 0
1791143477 cpu  1806651 525 531460 25143066 9779 0 399525 20209 0 0
1791143482 cpu  1806779 525 531527 25146826 9780 0 399538 20211 0 0
1791143487 cpu  1806861 525 531573 25150643 9780 0 399551 20213 0 0
1791143492 cpu  1807035 525 531652 25154334 9782 0 399572 20215 0 0
1791143497 cpu  1807097 525 531688 25158196 9783 0 399580 20218 0 0
1791143502 cpu  1807213 525 531753 25161965 9784 0 399600 20220 0 0
1791143507 cpu  1807339 525 531808 25165726 9785 0 399632 20223 0 0
1791143512 cpu  1807455 525 531873 25169486 9786 0 399654 20225 0 0
1791143517 cpu  1807586 525 531937 25173246 9786 0 399680 20227 0 0
1791143522 cpu  1807777 525 532006 25176921 9787 0 399708 20230 0 0
1791143527 cpu  1807937 525 532079 25180628 9788 0 399736 20233 0 0
1791143532 cpu  1808078 525 532152 25184346 9789 0 399768 20236 0 0
1791143537 cpu  1808237 525 532214 25188053 9790 0 399797 20238 0 0
1791143542 cpu  1808384 525 532280 25191762 9791 0 399821 20241 0 0
1791143547 cpu  1808555 525 532351 25195472 9791 0 399853 20244 0 0
1791143552 cpu  1808718 525 532416 25199187 9792 0 399874 20246 0 0
1791143557 cpu  1808875 525 532488 25202906 9793 0 399908 20249 0 0
1791143562 cpu  1809033 525 532566 25206605 9794 0 399948 20251 0 0
1791143567 cpu  1809213 525 532630 25210295 9795 0 399980 20254 0 0
1791143572 cpu  1809383 525 532701 25213993 9796 0 400010 20256 0 0
1791143577 cpu  1809541 525 532771 25217707 9797 0 400038 20258 0 0
1791143582 cpu  1809704 525 532839 25221417 9798 0 400069 20260 0 0
1791143587 cpu  1809854 525 532900 25225137 9799 0 400087 20263 0 0
1791143592 cpu  1810007 525 532972 25228846 9810 0 400107 20266 0 0
1791143597 cpu  1810149 525 533041 25232572 9812 0 400135 20268 0 0
1791143602 cpu  1810283 525 533103 25236319 9813 0 400162 20270 0 0
1791143607 cpu  1810493 525 533170 25239980 9814 0 400192 20272 0 0
1791143612 cpu  1810902 525 533241 25243409 9817 0 400252 20275 0 0
1791143617 cpu  1811310 525 533322 25246842 9817 0 400306 20277 0 0
1791143622 cpu  1811727 525 533422 25250226 9818 0 400355 20280 0 0
1791143627 cpu  1812130 525 533492 25253694 9819 0 400407 20283 0 0
1791143632 cpu  1812581 525 533588 25257077 9820 0 400466 20285 0 0
1791143637 cpu  1813011 525 533678 25260483 9820 0 400518 20288 0 0
1791143642 cpu  1813472 525 533788 25263833 9821 0 400571 20292 0 0
1791143647 cpu  1813920 525 533878 25267221 9821 0 400634 20295 0 0
1791143652 cpu  1814397 525 533981 25270564 9822 0 400701 20298 0 0
1791143657 cpu  1814805 525 534063 25273994 9823 0 400754 20301 0 0
1791143662 cpu  1815329 525 534179 25277299 9824 0 400822 20304 0 0
1791143667 cpu  1815861 525 534273 25280614 9825 0 400879 20307 0 0
1791143672 cpu  1816423 525 534372 25283885 9826 0 400941 20309 0 0
1791143677 cpu  1816911 525 534460 25287218 9827 0 400992 20311 0 0
1791143682 cpu  1817454 525 534563 25290500 9828 0 401047 20313 0 0
1791143687 cpu  1817967 525 534647 25293833 9829 0 401107 20317 0 0
1791143692 cpu  1818518 525 534746 25297098 9829 0 401165 20320 0 0
1791143697 cpu  1819148 525 534860 25300180 9830 0 401288 20323 0 0
1791143702 cpu  1819905 525 535046 25303022 9832 0 401478 20329 0 0
1791143707 cpu  1820616 525 535208 25305935 9833 0 401661 20333 0 0
1791143712 cpu  1821359 525 535387 25308789 9835 0 401832 20338 0 0
1791143717 cpu  1822057 525 535552 25311720 9836 0 402011 20343 0 0
1791143722 cpu  1822849 525 535738 25314528 9837 0 402186 20351 0 0
1791143727 cpu  1823524 525 535893 25317450 9839 0 402375 20357 0 0
1791143732 cpu  1824248 525 536058 25320329 9840 0 402561 20363 0 0
1791143737 cpu  1824967 525 536224 25323236 9841 0 402749 20370 0 0
1791143742 cpu  1825763 525 536383 25326064 9843 0 402927 20376 0 0
1791143747 cpu  1826433 525 536538 25329002 9844 0 403124 20382 0 0
1791143752 cpu  1827139 525 536708 25331927 9845 0 403302 20389 0 0
1791143757 cpu  1827826 525 536869 25334844 9845 0 403503 20399 0 0
1791143762 cpu  1828534 525 537041 25337755 9847 0 403699 20405 0 0
1791143767 cpu  1829232 525 537192 25340712 9847 0 403885 20411 0 0
1791143772 cpu  1829965 525 537367 25343625 9848 0 404047 20416 0 0
1791143777 cpu  1830657 525 537544 25346543 9849 0 404228 20423 0 0
1791143782 cpu  1831360 525 537712 25349414 9850 0 404403 20429 0 0
1791143787 cpu  1832035 525 537863 25352378 9851 0 404588 20435 0 0
1791143792 cpu  1832750 525 538044 25355277 9852 0 404758 20442 0 0
1791143797 cpu  1833421 525 538203 25358230 9853 0 404944 20449 0 0
1791143802 cpu  1834150 525 538401 25361122 9853 0 405109 20455 0 0
1791143807 cpu  1834894 525 538574 25364021 9855 0 405304 20463 0 0
1791143812 cpu  1835630 525 538737 25366900 9856 0 405477 20468 0 0
1791143817 cpu  1836326 525 538885 25369827 9857 0 405675 20476 0 0
1791143822 cpu  1837056 525 539051 25372735 9858 0 405855 20483 0 0
1791143827 cpu  1837757 525 539204 25375678 9859 0 406044 20490 0 0
1791143832 cpu  1838463 525 539395 25378555 9860 0 406233 20498 0 0
1791143837 cpu  1839147 525 539537 25381477 9861 0 406424 20505 0 0
1791143842 cpu  1839900 525 539720 25384329 9863 0 406614 20514 0 0
1791143847 cpu  1840616 525 539886 25387198 9864 0 406798 20525 0 0
1791143852 cpu  1841348 525 540054 25390061 9866 0 406991 20532 0 0
1791143857 cpu  1842040 525 540217 25392952 9867 0 407199 20542 0 0
1791143862 cpu  1842766 525 540405 25395786 9868 0 407389 20551 0 0
1791143867 cpu  1843449 525 540550 25398718 9869 0 407588 20557 0 0
1791143872 cpu  1844174 525 540717 25401588 9870 0 407771 20565 0 0
1791143877 cpu  1844839 525 540880 25404515 9871 0 407971 20574 0 0
1791143882 cpu  1845574 525 541059 25407393 9872 0 408151 20581 0 0
1791143887 cpu  1846259 525 541221 25410323 9874 0 408350 20589 0 0
1791143892 cpu  1846973 525 541396 25413194 9875 0 408538 20595 0 0
1791143897 cpu  1847699 525 541556 25416089 9876 0 408730 20603 0 0
1791143903 cpu  1848453 525 541745 25418917 9877 0 408902 20613 0 0
1791143908 cpu  1849161 525 541910 25421852 9878 0 409082 20621 0 0
1791143913 cpu  1849898 525 542100 25424706 9880 0 409277 20631 0 0
1791143918 cpu  1850599 525 542259 25427635 9881 0 409464 20639 0 0
1791143923 cpu  1851354 525 542440 25430483 9882 0 409657 20645 0 0
1791143928 cpu  1852017 525 542608 25433442 9884 0 409829 20651 0 0
1791143933 cpu  1852752 525 542772 25436309 9885 0 410020 20657 0 0
1791143938 cpu  1853469 525 542936 25439242 9886 0 410210 20663 0 0
1791143943 cpu  1854197 525 543099 25442131 9887 0 410402 20669 0 0
1791143948 cpu  1854894 525 543257 25445076 9889 0 410588 20675 0 0
1791143953 cpu  1855590 525 543429 25447976 9889 0 410760 20680 0 0
1791143958 cpu  1856284 525 543594 25450899 9891 0 410957 20687 0 0
1791143963 cpu  1856996 525 543767 25453775 9892 0 411149 20696 0 0
1791143968 cpu  1857694 525 543929 25456707 9893 0 411345 20701 0 0
1791143973 cpu  1858409 525 544106 25459618 9894 0 411526 20706 0 0
1791143978 cpu  1859090 525 544265 25462564 9895 0 411716 20712 0 0
1791143983 cpu  1859817 525 544439 25465428 9896 0 411909 20717 0 0
1791143988 cpu  1860503 525 544596 25468376 9897 0 412091 20722 0 0
1791143993 cpu  1861223 525 544774 25471250 9898 0 412279 20728 0 0
1791143998 cpu  1861918 525 544932 25474185 9899 0 412453 20734 0 0
1791144003 cpu  1862657 525 545123 25477042 9901 0 412633 20742 0 0
1791144008 cpu  1863354 525 545297 25479907 9903 0 412849 20754 0 0
1791144013 cpu  1864118 525 545491 25482737 9904 0 413045 20763 0 0
1791144018 cpu  1864848 525 545665 25485636 9905 0 413243 20773 0 0
1791144023 cpu  1865598 525 545834 25488499 9907 0 413431 20779 0 0
1791144028 cpu  1866304 525 545994 25491382 9908 0 413620 20787 0 0
1791144033 cpu  1867055 525 546186 25494208 9909 0 413833 20794 0 0
1791144038 cpu  1867769 525 546334 25497137 9910 0 414006 20801 0 0
1791144043 cpu  1868574 525 546500 25499958 9912 0 414185 20806 0 0
1791144048 cpu  1869275 525 546678 25502863 9913 0 414386 20813 0 0
1791144053 cpu  1870035 525 546845 25505721 9914 0 414569 20820 0 0
1791144058 cpu  1870755 525 547014 25508631 9915 0 414769 20828 0 0
1791144063 cpu  1871476 525 547183 25511539 9917 0 414954 20834 0 0
1791144068 cpu  1872167 525 547354 25514458 9918 0 415143 20841 0 0
1791144073 cpu  1872891 525 547519 25517340 9919 0 415304 20847 0 0
1791144078 cpu  1873595 525 547684 25520283 9920 0 415476 20853 0 0
1791144083 cpu  1874328 525 547856 25523143 9921 0 415665 20860 0 0
1791144088 cpu  1875000 525 548001 25526093 9922 0 415841 20866 0 0
1791144093 cpu  1875742 525 548170 25528979 9923 0 416001 20872 0 0
1791144098 cpu  1876429 525 548323 25531926 9925 0 416192 20877 0 0
1791144103 cpu  1877169 525 548492 25534769 9925 0 416383 20883 0 0
1791144108 cpu  1877872 525 548655 25537696 9927 0 416573 20889 0 0
1791144113 cpu  1878598 525 548823 25540581 9928 0 416747 20894 0 0
1791144118 cpu  1879301 525 548984 25543488 9929 0 416918 20902 0 0
1791144123 cpu  1880032 525 549146 25546366 9931 0 417113 20909 0 0
1791144128 cpu  1880731 525 549293 25549281 9932 0 417309 20916 0 0
1791144133 cpu  1881424 525 549474 25552174 9933 0 417495 20922 0 0
1791144138 cpu  1882108 525 549638 25555105 9934 0 417678 20929 0 0
1791144143 cpu  1882831 525 549815 25557962 9935 0 417871 20937 0 0
1791144148 cpu  1883542 525 549996 25560843 9936 0 418061 20945 0 0
1791144153 cpu  1884283 525 550155 25563706 9938 0 418247 20952 0 0
1791144158 cpu  1885003 525 550295 25566608 9940 0 418433 20959 0 0
1791144163 cpu  1885754 525 550460 25569440 9941 0 418622 20967 0 0
1791144168 cpu  1886421 525 550625 25572383 9943 0 418812 20973 0 0
1791144173 cpu  1887147 525 550786 25575250 9944 0 418981 20979 0 0
1791144178 cpu  1887825 525 550940 25578172 9945 0 419163 20987 0 0
1791144183 cpu  1888585 525 551120 25581006 9946 0 419365 20994 0 0
1791144188 cpu  1889278 525 551279 25583930 9947 0 419571 21001 0 0
1791144193 cpu  1890003 525 551446 25586794 9948 0 419747 21008 0 0
1791144198 cpu  1890741 525 551606 25589668 9950 0 419943 21016 0 0
1791144203 cpu  1891462 525 551774 25592557 9951 0 420125 21023 0 0
1791144208 cpu  1892142 525 551937 25595485 9952 0 420320 21030 0 0
1791144213 cpu  1892870 525 552109 25598389 9953 0 420501 21036 0 0
1791144218 cpu  1893547 525 552265 25601318 9954 0 420682 21043 0 0
1791144223 cpu  1894273 525 552455 25604154 9955 0 420876 21050 0 0
1791144228 cpu  1894974 525 552622 25607055 9957 0 421068 21057 0 0
1791144233 cpu  1895689 525 552772 25609942 9958 0 421257 21064 0 0
1791144238 cpu  1896389 525 552939 25612821 9959 0 421461 21073 0 0
1791144243 cpu  1897125 525 553132 25615670 9960 0 421637 21081 0 0
1791144248 cpu  1897848 525 553297 25618553 9962 0 421831 21091 0 0
1791144253 cpu  1898588 525 553471 25621407 9962 0 422030 21098 0 0
1791144258 cpu  1899279 525 553625 25624327 9964 0 422203 21105 0 0
1791144263 cpu  1900019 525 553819 25627170 9965 0 422399 21114 0 0
1791144268 cpu  1900759 525 554003 25630014 9966 0 422598 21127 0 0
1791144273 cpu  1901505 525 554171 25632866 9968 0 422791 21135 0 0
1791144278 cpu  1902218 525 554321 25635787 9969 0 422976 21144 0 0
1791144283 cpu  1902965 525 554511 25638608 9970 0 423160 21152 0 0
1791144288 cpu  1903709 525 554685 25641470 9971 0 423357 21161 0 0
1791144293 cpu  1904463 525 554874 25644323 9972 0 423540 21170 0 0
1791144298 cpu  1905179 525 555054 25647179 9973 0 423748 21184 0 0
1791144303 cpu  1905934 525 555243 25650066 9975 0 423890 21195 0 0
1791144308 cpu  1906153 525 555314 25653712 9976 0 423922 21201 0 0
1791144313 cpu  1906323 525 555387 25657398 9977 0 423952 21208 0 0
1791144318 cpu  1906419 525 555454 25661184 9978 0 423966 21213 0 0
1791144323 cpu  1906580 525 555527 25664889 9978 0 423991 21218 0 0
