1791141580 cpu  8294864 512 2282549 40837464 7510 0 772713 33985 0 0
1791141585 cpu  8294972 512 2282633 40845164 7511 0 772730 33989 0 0
1791141590 cpu  8295119 512 2282724 40852823 7511 0 772747 33992 0 0
1791141595 cpu  8295261 512 2282824 40860489 7511 0 772763 33996 0 0
1791141600 cpu  8295374 512 2282909 40868179 7512 0 772780 33999 0 0
1791141605 cpu  8295516 512 2283007 40875849 7512 0 772802 34002 0 0
1791141610 cpu  8295638 512 2283100 40883532 7512 0 772828 34006 0 0
1791141615 cpu  8295771 512 2283188 40891208 7512 0 772849 34009 0 0
1791141620 cpu  8295893 512 2283285 40898880 7512 0 772862 34012 0 0
1791141625 cpu  8296046 512 2283391 40906540 7512 0 772878 34016 0 0
1791141630 cpu  8296160 512 2283477 40914223 7513 0 772897 34019 0 0
1791141635 cpu  8296306 512 2283581 40921904 7513 0 772911 34022 0 0
1791141640 cpu  8296412 512 2283671 40929608 7513 0 772929 34025 0 0
1791141645 cpu  8296546 512 2283757 40937281 7513 0 772950 34028 0 0
1791141650 cpu  8296659 512 2283860 40944956 7514 0 772965 34032 0 0
1791141655 cpu  8296798 512 2283957 40952628 7514 0 772979 34036 0 0
1791141660 cpu  8296921 512 2284044 40960311 7514 0 772999 34040 0 0
1791141665 cpu  8297044 512 2284140 40967992 7514 0 773012 34043 0 0
1791141670 cpu  8297176 512 2284238 40975667 7514 0 773034 34047 0 0
1791141675 cpu  8297303 512 2284329 40983355 7514 0 773052 34051 0 0
1791141680 cpu  8297438 512 2284448 40991016 7514 0 773069 34055 0 0
1791141685 cpu  8297597 512 2284546 40998667 7515 0 773094 34059 0 0
1791141690 cpu  8297725 512 2284642 41006348 7515 0 773123 34063 0 0
1791141695 cpu  8297856 512 2284726 41014026 7515 0 773142 34066 0 0
1791141700 cpu  8297988 512 2284810 41021727 7515 0 773160 34070 0 0
1791141705 cpu  8298127 512 2284889 41029420 7515 0 773173 34073 0 0
1791141710 cpu  8298266 512 2284991 41037092 7515 0 773189 34076 0 0
1791141715 cpu  8298390 512 2285083 41044773 7515 0 773203 34079 0 0
1791141720 cpu  8298510 512 2285168 41052468 7515 0 773222 34082 0 0
1791141725 cpu  8298646 512 2285249 41060137 7516 0 773241 34085 0 0
1791141730 cpu  8298772 512 2285343 41067817 7516 0 773259 34088 0 0
1791141735 cpu  8298909 512 2285427 41075510 7516 0 773277 34091 0 0
1791141740 cpu  8299046 512 2285513 41083181 7516 0 773294 34094 0 0
1791141745 cpu  8299176 512 2285616 41090857 7516 0 773308 34097 0 0
1791141750 cpu  8299303 512 2285706 41098548 7517 0 773328 34100 0 0
1791141755 cpu  8299438 512 2285801 41106231 7517 0 773344 34103 0 0
1791141760 cpu  8299577 512 2285887 41113922 7517 0 773365 34106 0 0
1791141765 cpu  8299707 512 2285988 41121602 7517 0 773378 34109 0 0
1791141770 cpu  8299829 512 2286073 41129287 7517 0 773396 34112 0 0
1791141775 cpu  8299973 512 2286178 41136966 7518 0 773416 34115 0 0
1791141780 cpu  8300105 512 2286261 41144657 7518 0 773436 34118 0 0
1791141785 cpu  8300247 512 2286353 41152333 7518 0 773452 34121 0 0
1791141790 cpu  8300388 512 2286434 41160011 7518 0 773474 34124 0 0
1791141795 cpu  8300514 512 2286523 41167701 7518 0 773490 34128 0 0
1791141800 cpu  8300630 512 2286635 41175383 7518 0 773507 34130 0 0
1791141805 cpu  8300762 512 2286724 41183053 7518 0 773521 34133 0 0
1791141810 cpu  8300882 512 2286824 41190716 7519 0 773548 34136 0 0
1791141815 cpu  8301057 512 2286938 41198316 7519 0 773583 34140 0 0
1791141820 cpu  8301210 512 2287036 41205941 7520 0 773629 34143 0 0
1791141825 cpu  8301393 512 2287138 41213533 7520 0 773671 34147 0 0
1791141830 cpu  8301552 512 2287251 41221126 7521 0 773717 34150 0 0
1791141835 cpu  8301742 512 2287357 41228706 7521 0 773754 34153 0 0
1791141840 cpu  8301909 512 2287476 41236298 7521 0 773807 34157 0 0
1791141845 cpu  8302110 512 2287591 41243860 7521 0 773847 34160 0 0
1791141850 cpu  8302276 512 2287698 41251448 7522 0 773897 34164 0 0
1791141855 cpu  8302449 512 2287812 41259045 7522 0 773930 34168 0 0
1791141860 cpu  8302647 512 2287937 41266591 7522 0 773978 34172 0 0
1791141865 cpu  8302833 512 2288055 41274155 7523 0 774016 34176 0 0
1791141870 cpu  8303018 512 2288165 41281724 7523 0 774061 34180 0 0
1791141875 cpu  8303194 512 2288272 41289301 7523 0 774109 34184 0 0
1791141880 cpu  8303385 512 2288369 41296871 7523 0 774152 34188 0 0
1791141885 cpu  8303581 512 2288486 41304441 7524 0 774202 34192 0 0
1791141890 cpu  8303767 512 2288604 41311995 7524 0 774243 34195 0 0
1791141895 cpu  8304138 512 2288738 41319352 7525 0 774308 34200 0 0
1791141900 cpu  8306099 512 2289222 41324565 7525 0 774488 34205 0 0
1791141905 cpu  8309604 512 2289960 41327756 7525 0 774745 34211 0 0
1791141910 cpu  8313304 512 2290691 41330702 7525 0 775036 34217 0 0
1791141915 cpu  8317031 512 2291443 41333628 7526 0 775323 34223 0 0
1791141920 cpu  8320718 512 2292178 41336617 7526 0 775611 34228 0 0
1791141925 cpu  8324398 512 2292935 41339567 7528 0 775909 34234 0 0
1791141930 cpu  8328041 512 2293657 41342559 7528 0 776213 34240 0 0
1791141935 cpu  8331690 512 2294405 41345541 7528 0 776510 34246 0 0
1791141940 cpu  8335276 512 2295151 41348600 7528 0 776799 34250 0 0
1791141945 cpu  8338953 512 2295886 41351589 7529 0 777092 34255 0 0
1791141950 cpu  8342591 512 2296659 41354599 7529 0 777377 34260 0 0
1791141955 cpu  8346268 512 2297446 41357546 7529 0 777665 34265 0 0
1791141960 cpu  8349869 512 2298150 41360618 7530 0 777963 34270 0 0
1791141965 cpu  8353593 512 2298951 41363524 7530 0 778262 34275 0 0
1791141970 cpu  8357289 512 2299684 41366478 7532 0 778545 34280 0 0
1791141975 cpu  8360963 512 2300447 41369449 7532 0 778842 34284 0 0
1791141980 cpu  8364609 512 2301195 41372494 7532 0 779133 34288 0 0
1791141985 cpu  8368214 512 2301925 41375523 7532 0 779413 34294 0 0
1791141990 cpu  8371806 512 2302663 41378581 7532 0 779710 34299 0 0
1791141995 cpu  8375432 512 2303410 41381545 7532 0 779996 34304 0 0
1791142000 cpu  8379003 512 2304148 41384657 7532 0 780280 34309 0 0
1791142005 cpu  8382569 512 2304895 41387734 7532 0 780571 34315 0 0
1791142010 cpu  8386120 512 2305641 41390777 7534 0 780866 34322 0 0
1791142015 cpu  8389778 512 2306379 41393754 7534 0 781188 34329 0 0
1791142021 cpu  8393399 512 2307125 41396780 7535 0 781487 34334 0 0
1791142026 cpu  8397109 512 2307906 41399729 7535 0 781778 34339 0 0
1791142031 cpu  8400798 512 2308662 41402747 7536 0 782067 34344 0 0
1791142036 cpu  8404445 512 2309439 41405722 7536 0 782366 34349 0 0
1791142041 cpu  8408087 512 2310185 41408746 7536 0 782663 34354 0 0
1791142046 cpu  8411708 512 2310944 41411746 7536 0 782948 34360 0 0
1791142051 cpu  8415317 512 2311654 41414824 7536 0 783194 34364 0 0
1791142056 cpu  8418902 512 2312396 41417869 7538 0 783482 34368 0 0
1791142061 cpu  8422482 512 2313111 41420965 7539 0 783777 34372 0 0
1791142066 cpu  8426098 512 2313898 41423935 7539 0 784059 34377 0 0
1791142071 cpu  8429660 512 2314597 41427039 7539 0 784345 34382 0 0
1791142076 cpu  8433245 512 2315343 41430077 7540 0 784640 34387 0 0
1791142081 cpu  8436794 512 2316081 41433203 7540 0 784907 34392 0 0
1791142086 cpu  8440452 512 2316848 41436176 7540 0 785180 34396 0 0
1791142091 cpu  8444048 512 2317582 41439248 7541 0 785468 34400 0 0
1791142096 cpu  8447754 512 2318335 41442169 7542 0 785759 34405 0 0
1791142101 cpu  8451323 512 2319088 41445262 7542 0 786029 34409 0 0
1791142106 cpu  8454911 512 2319843 41448288 7543 0 786324 34414 0 0
1791142111 cpu  8458431 512 2320559 41451447 7543 0 786632 34418 0 0
1791142116 cpu  8462076 512 2321274 41454462 7543 0 786933 34423 0 0
1791142121 cpu  8465646 512 2322025 41457558 7543 0 787210 34427 0 0
1791142126 cpu  8469263 512 2322778 41460585 7543 0 787489 34432 0 0
1791142131 cpu  8472824 512 2323531 41463657 7544 0 787800 34436 0 0
1791142136 cpu  8476465 512 2324280 41466687 7545 0 788072 34442 0 0
1791142141 cpu  8480080 512 2325028 41469739 7546 0 788346 34446 0 0
1791142146 cpu  8483699 512 2325798 41472750 7546 0 788630 34451 0 0
1791142151 cpu  8487210 512 2326508 41475903 7546 0 788929 34455 0 0
1791142156 cpu  8490776 512 2327239 41478961 7547 0 789222 34459 0 0
1791142161 cpu  8494293 512 2327925 41482145 7547 0 789505 34464 0 0
1791142166 cpu  8497952 512 2328697 41485124 7548 0 789805 34469 0 0
1791142171 cpu  8501596 512 2329411 41488174 7548 0 790092 34475 0 0
1791142176 cpu  8505277 512 2330163 41491138 7548 0 790360 34479 0 0
1791142181 cpu  8508859 512 2330945 41494211 7548 0 790658 34483 0 0
1791142186 cpu  8512518 512 2331725 41497210 7549 0 790947 34486 0 0
1791142191 cpu  8516096 512 2332457 41500312 7550 0 791243 34491 0 0
1791142196 cpu  8519685 512 2333234 41503289 7550 0 791538 34497 0 0
1791142201 cpu  8523287 512 2333962 41506338 7551 0 791837 34503 0 0
1791142206 cpu  8526939 512 2334753 41509285 7551 0 792138 34508 0 0
1791142211 cpu  8530529 512 2335537 41512285 7552 0 792437 34512 0 0
1791142216 cpu  8534126 512 2336280 41515298 7552 0 792728 34517 0 0
1791142221 cpu  8537656 512 2336990 41518410 7552 0 793013 34521 0 0
1791142226 cpu  8541298 512 2337757 41521435 7553 0 793280 34526 0 0
1791142231 cpu  8544918 512 2338493 41524500 7553 0 793584 34531 0 0
1791142236 cpu  8548551 512 2339233 41527516 7553 0 793866 34536 0 0
1791142241 cpu  8552201 512 2339993 41530565 7553 0 794153 34540 0 0
1791142246 cpu  8555790 512 2340727 41533633 7553 0 794438 34544 0 0
1791142251 cpu  8559403 512 2341450 41536739 7555 0 794705 34549 0 0
1791142256 cpu  8563037 512 2342218 41539760 7555 0 794976 34554 0 0
1791142261 cpu  8566645 512 2342951 41542836 7556 0 795255 34559 0 0
1791142266 cpu  8570326 512 2343721 41545811 7556 0 795558 34564 0 0
1791142271 cpu  8573962 512 2344472 41548837 7556 0 795820 34568 0 0
1791142276 cpu  8577635 512 2345256 41551787 7557 0 796105 34573 0 0
1791142281 cpu  8581276 512 2346013 41554814 7557 0 796397 34578 0 0
1791142286 cpu  8584882 512 2346817 41557793 7557 0 796702 34583 0 0
1791142291 cpu  8588449 512 2347535 41560894 7557 0 797008 34588 0 0
1791142296 cpu  8592062 512 2348265 41563887 7559 0 797314 34593 0 0
1791142301 cpu  8595702 512 2349013 41566863 7559 0 797639 34599 0 0
1791142306 cpu  8599366 512 2349750 41569834 7559 0 797915 34604 0 0
1791142311 cpu  8603032 512 2350485 41572856 7559 0 798197 34609 0 0
1791142316 cpu  8606655 512 2351237 41575891 7560 0 798478 34614 0 0
1791142321 cpu  8610277 512 2351961 41578922 7561 0 798768 34620 0 0
1791142326 cpu  8614002 512 2352733 41581827 7561 0 799050 34626 0 0
1791142331 cpu  8617548 512 2353445 41584921 7561 0 799354 34631 0 0
1791142336 cpu  8621197 512 2354211 41587898 7561 0 799646 34637 0 0
1791142341 cpu  8624941 512 2354971 41590804 7562 0 799947 34643 0 0
1791142346 cpu  8628507 512 2355733 41593828 7562 0 800234 34649 0 0
1791142351 cpu  8632139 512 2356495 41596816 7562 0 800541 34654 0 0
1791142356 cpu  8635800 512 2357250 41599783 7562 0 800832 34659 0 0
1791142361 cpu  8639505 512 2358008 41602774 7563 0 801113 34664 0 0
1791142366 cpu  8643139 512 2358759 41605792 7563 0 801396 34668 0 0
1791142371 cpu  8646770 512 2359496 41608859 7563 0 801673 34673 0 0
1791142376 cpu  8650490 512 2360289 41611829 7563 0 801965 34679 0 0
1791142381 cpu  8654235 512 2361015 41614797 7564 0 802246 34684 0 0
1791142386 cpu  8658009 512 2361776 41617604 7565 0 802556 34690 0 0
1791142391 cpu  8661708 512 2362509 41620563 7565 0 802855 34695 0 0
1791142396 cpu  8665475 512 2363286 41623396 7565 0 803163 34701 0 0
1791142401 cpu  8669193 512 2364041 41626350 7566 0 803445 34706 0 0
1791142406 cpu  8672941 512 2364792 41629241 7566 0 803737 34712 0 0
1791142411 cpu  8676540 512 2365508 41632329 7566 0 804021 34717 0 0
1791142416 cpu  8680250 512 2366248 41635251 7567 0 804318 34723 0 0
1791142421 cpu  8683899 512 2366991 41638287 7567 0 804605 34728 0 0
1791142426 cpu  8687581 512 2367711 41641276 7567 0 804906 34733 0 0
1791142431 cpu  8691187 512 2368429 41644375 7567 0 805191 34738 0 0
1791142436 cpu  8694840 512 2369161 41647400 7567 0 805465 34744 0 0
1791142441 cpu  8698441 512 2369903 41650467 7569 0 805749 34749 0 0
1791142446 cpu  8702116 512 2370662 41653466 7570 0 806017 34754 0 0
1791142451 cpu  8705689 512 2371392 41656547 7570 0 806305 34759 0 0
1791142456 cpu  8709371 512 2372149 41659520 7570 0 806597 34764 0 0
1791142461 cpu  8713062 512 2372925 41662465 7572 0 806878 34768 0 0
1791142466 cpu  8716719 512 2373669 41665472 7572 0 807181 34775 0 0
1791142471 cpu  8720359 512 2374406 41668466 7573 0 807466 34780 0 0
1791142476 cpu  8724026 512 2375176 41671360 7573 0 807764 34785 0 0
1791142481 cpu  8727778 512 2375967 41674211 7575 0 808063 34791 0 0
1791142486 cpu  8731472 512 2376719 41677184 7575 0 808342 34796 0 0
1791142491 cpu  8735221 512 2377490 41680089 7576 0 808632 34801 0 0
1791142496 cpu  8738917 512 2378262 41683048 7576 0 808930 34806 0 0
1791142501 cpu  8742609 512 2379063 41686010 7576 0 809217 34811 0 0
1791142506 cpu  8746369 512 2379857 41688870 7576 0 809531 34817 0 0
1791142511 cpu  8746659 512 2379988 41696301 7577 0 809577 34821 0 0
1791142516 cpu  8746800 512 2380080 41703960 7580 0 809602 34824 0 0
1791142521 cpu  8746948 512 2380174 41711615 7580 0 809618 34828 0 0
1791142526 cpu  8747100 512 2380279 41719254 7580 0 809639 34832 0 0
1791142531 cpu  8747234 512 2380372 41726925 7580 0 809662 34835 0 0
