1791141583 cpu  1402879 704 77699 24983015 1227 0 125605 53289 0 0
1791141588 cpu  1402880 704 77704 24987005 1227 0 125605 53290 0 0
1791141593 cpu  1402883 704 77704 24991000 1227 0 125605 53291 0 0
1791141598 cpu  1402928 704 77728 24994922 1227 0 125608 53292 0 0
1791141603 cpu  1402932 704 77732 24998913 1227 0 125608 53293 0 0
1791141608 cpu  1402934 704 77732 25002907 1227 0 125609 53294 0 0
1791141613 cpu  1402936 704 77733 25006902 1227 0 125609 53294 0 0
1791141618 cpu  1402939 704 77734 25010896 1227 0 125609 53295 0 0
1791141623 cpu  1402941 704 77736 25014889 1227 0 125609 53295 0 0
1791141628 cpu  1402942 704 77737 25018884 1228 0 125610 53296 0 0
1791141633 cpu  1402955 704 77743 25022860 1228 0 125610 53297 0 0
1791141638 cpu  1402956 704 77744 25026856 1229 0 125610 53298 0 0
1791141643 cpu  1402958 704 77745 25030850 1229 0 125610 53298 0 0
1791141648 cpu  1402960 704 77746 25034845 1229 0 125611 53299 0 0
1791141653 cpu  1402961 704 77747 25038840 1229 0 125612 53300 0 0
1791141658 cpu  1402965 704 77748 25042835 1229 0 125613 53301 0 0
1791141663 cpu  1402967 704 77750 25046829 1229 0 125613 53301 0 0
1791141668 cpu  1402969 704 77751 25050823 1229 0 125614 53301 0 0
1791141673 cpu  1402970 704 77751 25054819 1229 0 125615 53302 0 0
1791141678 cpu  1402973 704 77752 25058813 1230 0 125615 53302 0 0
1791141683 cpu  1402975 704 77753 25062808 1230 0 125615 53303 0 0
1791141688 cpu  1402977 704 77753 25066804 1230 0 125615 53303 0 0
1791141693 cpu  1402986 704 77758 25070780 1230 0 125616 53304 0 0
1791141698 cpu  1402989 704 77759 25074775 1230 0 125616 53305 0 0
1791141703 cpu  1402991 704 77760 25078769 1230 0 125616 53305 0 0
1791141708 cpu  1402994 704 77762 25082762 1230 0 125616 53306 0 0
1791141713 cpu  1402996 704 77763 25086757 1230 0 125616 53306 0 0
1791141718 cpu  1402998 704 77763 25090752 1230 0 125616 53307 0 0
1791141723 cpu  1403001 704 77764 25094743 1230 0 125617 53307 0 0
1791141728 cpu  1403003 704 77764 25098737 1230 0 125617 53308 0 0
1791141733 cpu  1403005 704 77765 25102732 1230 0 125617 53308 0 0
1791141738 cpu  1403006 704 77766 25106727 1230 0 125617 53309 0 0
1791141743 cpu  1403008 704 77767 25110721 1231 0 125617 53309 0 0
1791141748 cpu  1403010 704 77767 25114716 1231 0 125617 53310 0 0
1791141753 cpu  1403019 704 77773 25118693 1231 0 125617 53311 0 0
1791141758 cpu  1403021 704 77773 25122687 1231 0 125618 53312 0 0
1791141763 cpu  1403024 704 77775 25126682 1231 0 125618 53312 0 0
1791141768 cpu  1403026 704 77776 25130675 1231 0 125618 53313 0 0
1791141773 cpu  1403027 704 77777 25134670 1231 0 125619 53313 0 0
1791141778 cpu  1403030 704 77778 25138664 1231 0 125620 53314 0 0
1791141783 cpu  1403032 704 77779 25142655 1231 0 125620 53315 0 0
1791141788 cpu  1403034 704 77780 25146650 1231 0 125620 53315 0 0
1791141793 cpu  1403036 704 77781 25150645 1231 0 125620 53315 0 0
1791141798 cpu  1403037 704 77782 25154640 1231 0 125620 53316 0 0
1791141803 cpu  1403039 704 77782 25158635 1231 0 125620 53316 0 0
1791141808 cpu  1403042 704 77783 25162629 1232 0 125621 53317 0 0
1791141813 cpu  1403051 704 77789 25166603 1232 0 125621 53319 0 0
1791141818 cpu  1403052 704 77790 25170597 1232 0 125621 53320 0 0
1791141823 cpu  1403053 704 77790 25174590 1232 0 125622 53320 0 0
1791141828 cpu  1403056 704 77790 25178585 1232 0 125622 53320 0 0
1791141833 cpu  1403057 704 77790 25182579 1232 0 125622 53321 0 0
1791141838 cpu  1403063 704 77797 25186562 1232 0 125623 53322 0 0
1791141843 cpu  1403065 704 77800 25190552 1232 0 125623 53322 0 0
1791141848 cpu  1403068 704 77801 25194546 1232 0 125623 53323 0 0
1791141853 cpu  1403069 704 77802 25198541 1232 0 125623 53323 0 0
1791141858 cpu  1403072 704 77804 25202536 1233 0 125624 53323 0 0
1791141863 cpu  1403073 704 77804 25206531 1233 0 125624 53324 0 0
1791141868 cpu  1403075 704 77806 25210524 1233 0 125624 53324 0 0
1791141873 cpu  1403085 704 77810 25214502 1233 0 125624 53325 0 0
1791141878 cpu  1403176 704 77854 25218357 1233 0 125645 53327 0 0
1791141883 cpu  1403276 704 77898 25222205 1233 0 125661 53331 0 0
1791141888 cpu  1403330 704 77924 25226120 1233 0 125671 53333 0 0
1791141893 cpu  1403991 704 78039 25229320 1233 0 125687 53348 0 0
1791141898 cpu  1404952 704 78102 25232253 1233 0 125701 53374 0 0
1791141903 cpu  1405959 704 78159 25235115 1234 0 125756 53413 0 0
1791141908 cpu  1406631 704 78181 25238366 1234 0 125800 53424 0 0
1791141913 cpu  1407128 704 78195 25241800 1235 0 125842 53435 0 0
1791141918 cpu  1407621 704 78209 25245257 1235 0 125881 53442 0 0
1791141923 cpu  1408116 704 78224 25248710 1235 0 125908 53450 0 0
1791141928 cpu  1408596 704 78241 25252162 1235 0 125940 53457 0 0
1791141933 cpu  1409097 704 78260 25255593 1236 0 125969 53465 0 0
1791141938 cpu  1409586 704 78274 25259043 1236 0 125998 53472 0 0
1791141943 cpu  1410096 704 78287 25262473 1236 0 126037 53482 0 0
1791141948 cpu  1410584 704 78301 25265932 1236 0 126070 53488 0 0
1791141953 cpu  1411107 704 78317 25269346 1236 0 126116 53502 0 0
1791141958 cpu  1411583 704 78335 25272802 1236 0 126150 53508 0 0
1791141963 cpu  1412095 704 78349 25276211 1236 0 126186 53524 0 0
1791141968 cpu  1412610 704 78370 25279615 1236 0 126215 53541 0 0
1791141973 cpu  1413209 704 78385 25282900 1236 0 126262 53606 0 0
1791141978 cpu  1413757 704 78398 25286284 1236 0 126290 53625 0 0
1791141983 cpu  1414292 704 78418 25289677 1236 0 126328 53644 0 0
1791141988 cpu  1414801 704 78432 25293094 1237 0 126361 53656 0 0
1791141993 cpu  1415325 704 78459 25296488 1237 0 126406 53673 0 0
1791141998 cpu  1415818 704 78477 25299930 1237 0 126454 53680 0 0
1791142003 cpu  1416316 704 78492 25303356 1237 0 126485 53692 0 0
1791142008 cpu  1416808 704 78503 25306814 1237 0 126515 53698 0 0
1791142013 cpu  1417320 704 78519 25310232 1237 0 126555 53716 0 0
1791142018 cpu  1417804 704 78529 25313695 1237 0 126584 53720 0 0
1791142023 cpu  1418291 704 78543 25317149 1237 0 126619 53727 0 0
1791142028 cpu  1418749 704 78561 25320620 1237 0 126652 53731 0 0
1791142033 cpu  1419236 704 78574 25324072 1237 0 126687 53737 0 0
1791142038 cpu  1419699 704 78590 25327560 1237 0 126734 53740 0 0
1791142043 cpu  1420177 704 78605 25331016 1237 0 126764 53746 0 0
1791142048 cpu  1420669 704 78622 25334472 1237 0 126807 53752 0 0
1791142053 cpu  1421159 704 78648 25337924 1237 0 126849 53757 0 0
1791142058 cpu  1421634 704 78667 25341387 1237 0 126888 53763 0 0
1791142063 cpu  1422142 704 78683 25344830 1237 0 126931 53770 0 0
1791142068 cpu  1422606 704 78698 25348316 1237 0 126958 53773 0 0
1791142073 cpu  1423105 704 78715 25351754 1237 0 127001 53785 0 0
1791142078 cpu  1423595 704 78728 25355199 1237 0 127033 53792 0 0
1791142083 cpu  1424096 704 78744 25358632 1237 0 127064 53804 0 0
1791142088 cpu  1424552 704 78761 25362107 1238 0 127097 53809 0 0
1791142093 cpu  1425010 704 78776 25365575 1238 0 127118 53814 0 0
1791142098 cpu  1425478 704 78787 25369053 1238 0 127154 53818 0 0
1791142103 cpu  1425958 704 78799 25372507 1238 0 127189 53826 0 0
1791142108 cpu  1426479 704 78816 25375932 1238 0 127225 53835 0 0
1791142113 cpu  1426997 704 78835 25379335 1238 0 127269 53849 0 0
1791142118 cpu  1427512 704 78851 25382748 1238 0 127308 53862 0 0
1791142123 cpu  1428001 704 78871 25386202 1238 0 127343 53869 0 0
1791142128 cpu  1428481 704 78887 25389668 1239 0 127376 53873 0 0
1791142133 cpu  1428981 704 78899 25393113 1239 0 127408 53880 0 0
1791142138 cpu  1429459 704 78912 25396587 1239 0 127437 53885 0 0
1791142143 cpu  1429942 704 78925 25400043 1239 0 127466 53892 0 0
1791142148 cpu  1430409 704 78943 25403504 1239 0 127499 53896 0 0
1791142153 cpu  1430884 704 78956 25406963 1239 0 127533 53903 0 0
1791142158 cpu  1431348 704 78974 25410441 1239 0 127563 53906 0 0
1791142163 cpu  1431823 704 78990 25413900 1239 0 127593 53912 0 0
1791142168 cpu  1432287 704 79001 25417370 1239 0 127620 53916 0 0
1791142173 cpu  1432778 704 79022 25420803 1239 0 127647 53923 0 0
1791142178 cpu  1433249 704 79042 25424267 1240 0 127676 53930 0 0
1791142183 cpu  1433781 704 79054 25427675 1240 0 127717 53943 0 0
1791142188 cpu  1434274 704 79070 25431130 1240 0 127755 53950 0 0
1791142193 cpu  1434788 704 79086 25434556 1240 0 127787 53960 0 0
1791142198 cpu  1435272 704 79102 25438025 1241 0 127816 53965 0 0
1791142203 cpu  1435766 704 79120 25441456 1241 0 127848 53977 0 0
1791142208 cpu  1436277 704 79137 25444886 1241 0 127887 53985 0 0
1791142214 cpu  1436761 704 79147 25448344 1241 0 127922 53993 0 0
1791142219 cpu  1437254 704 79164 25451789 1241 0 127958 53999 0 0
1791142224 cpu  1437745 704 79182 25455235 1242 0 127986 54007 0 0
1791142229 cpu  1438235 704 79196 25458694 1242 0 128026 54013 0 0
1791142234 cpu  1438733 704 79224 25462112 1242 0 128063 54021 0 0
1791142239 cpu  1439233 704 79243 25465532 1242 0 128104 54038 0 0
1791142244 cpu  1439788 704 79264 25468884 1242 0 128144 54072 0 0
1791142249 cpu  1440260 704 79281 25472345 1242 0 128179 54078 0 0
1791142254 cpu  1440766 704 79301 25475774 1242 0 128222 54090 0 0
1791142259 cpu  1441239 704 79317 25479235 1242 0 128254 54095 0 0
1791142264 cpu  1441749 704 79333 25482676 1242 0 128287 54102 0 0
1791142269 cpu  1442204 704 79350 25486148 1242 0 128320 54107 0 0
1791142274 cpu  1442719 704 79364 25489565 1242 0 128365 54121 0 0
1791142279 cpu  1443206 704 79377 25493027 1243 0 128393 54128 0 0
1791142284 cpu  1443708 704 79392 25496460 1243 0 128434 54137 0 0
1791142289 cpu  1444226 704 79407 25499901 1243 0 128471 54145 0 0
1791142294 cpu  1444775 704 79436 25503257 1243 0 128517 54176 0 0
1791142299 cpu  1445309 704 79455 25506653 1243 0 128552 54194 0 0
1791142304 cpu  1445889 704 79473 25509986 1243 0 128591 54238 0 0
1791142309 cpu  1446403 704 79490 25513412 1244 0 128636 54249 0 0
1791142314 cpu  1446943 704 79507 25516793 1244 0 128680 54277 0 0
1791142319 cpu  1447416 704 79526 25520245 1244 0 128717 54284 0 0
1791142324 cpu  1447938 704 79544 25523672 1245 0 128751 54297 0 0
1791142329 cpu  1448436 704 79556 25527118 1245 0 128788 54303 0 0
1791142334 cpu  1448936 704 79571 25530546 1245 0 128826 54314 0 0
1791142339 cpu  1449423 704 79590 25534004 1245 0 128861 54320 0 0
1791142344 cpu  1449934 704 79606 25537425 1245 0 128894 54334 0 0
1791142349 cpu  1450449 704 79624 25540835 1246 0 128924 54346 0 0
1791142354 cpu  1450982 704 79644 25544220 1246 0 128971 54360 0 0
1791142359 cpu  1451517 704 79662 25547632 1246 0 129003 54374 0 0
1791142364 cpu  1452100 704 79683 25550962 1246 0 129044 54429 0 0
1791142369 cpu  1452591 704 79697 25554409 1246 0 129080 54436 0 0
1791142374 cpu  1453165 704 79718 25557755 1246 0 129118 54480 0 0
1791142379 cpu  1453760 704 79740 25561074 1246 0 129160 54516 0 0
1791142384 cpu  1454405 704 79757 25564306 1247 0 129207 54601 0 0
1791142389 cpu  1455027 704 79776 25567577 1247 0 129245 54659 0 0
1791142394 cpu  1455704 704 79800 25570733 1247 0 129280 54780 0 0
1791142399 cpu  1456294 704 79818 25574056 1247 0 129319 54817 0 0
1791142404 cpu  1456918 704 79834 25577303 1247 0 129362 54894 0 0
1791142409 cpu  1457561 704 79851 25580544 1247 0 129415 54971 0 0
1791142414 cpu  1458237 704 79877 25583726 1247 0 129464 55071 0 0
1791142419 cpu  1458784 704 79901 25587096 1247 0 129505 55092 0 0
1791142424 cpu  1459307 704 79918 25590471 1247 0 129548 55129 0 0
1791142429 cpu  1459831 704 79934 25593892 1247 0 129584 55145 0 0
1791142434 cpu  1460380 704 79953 25597283 1247 0 129618 55167 0 0
1791142439 cpu  1460887 704 79980 25600688 1247 0 129654 55176 0 0
1791142444 cpu  1461409 704 80002 25604097 1248 0 129680 55192 0 0
1791142449 cpu  1461900 704 80024 25607542 1248 0 129715 55201 0 0
1791142454 cpu  1462417 704 80039 25610965 1248 0 129755 55212 0 0
1791142459 cpu  1463014 704 80061 25614258 1248 0 129793 55264 0 0
1791142464 cpu  1463618 704 80081 25617541 1248 0 129834 55328 0 0
1791142469 cpu  1464191 704 80096 25620902 1249 0 129875 55350 0 0
1791142474 cpu  1464786 704 80122 25624188 1249 0 129914 55401 0 0
1791142479 cpu  1465403 704 80143 25627492 1249 0 129951 55439 0 0
1791142484 cpu  1466083 704 80166 25630581 1250 0 130001 55653 0 0
1791142489 cpu  1466704 704 80186 25633859 1250 0 130053 55717 0 0
1791142494 cpu  1467393 704 80208 25636957 1250 0 130100 55917 0 0
1791142499 cpu  1468025 704 80226 25640218 1250 0 130147 55991 0 0
1791142504 cpu  1468641 704 80253 25643478 1250 0 130187 56055 0 0
1791142509 cpu  1468997 704 80305 25647025 1251 0 130221 56074 0 0
1791142514 cpu  1469001 704 80309 25651013 1251 0 130221 56075 0 0
1791142519 cpu  1469007 704 80314 25655001 1251 0 130223 56077 0 0
1791142524 cpu  1469012 704 80316 25658992 1251 0 130223 56077 0 0
1791142529 cpu  1469015 704 80318 25662981 1252 0 130223 56078 0 0
1791142534 cpu  1469027 704 80324 25666957 1252 0 130223 56079 0 0
1791142539 cpu  1469034 704 80326 25670946 1252 0 130223 56080 0 0
