1791141578 cpu  1698800 525 501223 23798298 9339 0 376445 18987 0 0
1791141583 cpu  1698855 525 501269 23802142 9340 0 376455 18989 0 0
1791141588 cpu  1698969 525 501326 23805933 9340 0 376469 18991 0 0
1791141593 cpu  1699094 525 501384 23809689 9341 0 376492 18994 0 0
1791141598 cpu  1699200 525 501430 23813488 9342 0 376509 18996 0 0
1791141603 cpu  1699348 525 501503 23817215 9343 0 376529 18999 0 0
1791141608 cpu  1699498 525 501585 23820934 9344 0 376558 19001 0 0
1791141613 cpu  1699628 525 501658 23824668 9344 0 376580 19004 0 0
1791141618 cpu  1699777 525 501735 23828394 9345 0 376604 19007 0 0
1791141623 cpu  1699918 525 501809 23832123 9346 0 376622 19009 0 0
1791141628 cpu  1700007 525 501845 23835942 9347 0 376631 19012 0 0
1791141633 cpu  1700071 525 501887 23839786 9348 0 376642 19014 0 0
1791141638 cpu  1700144 525 501927 23843622 9349 0 376650 19018 0 0
1791141643 cpu  1700262 525 501974 23847399 9350 0 376662 19022 0 0
1791141648 cpu  1700404 525 502044 23851136 9352 0 376687 19025 0 0
1791141653 cpu  1700502 525 502099 23854920 9352 0 376704 19028 0 0
1791141658 cpu  1700654 525 502166 23858647 9353 0 376722 19031 0 0
1791141663 cpu  1700801 525 502246 23862373 9354 0 376744 19034 0 0
1791141668 cpu  1700963 525 502322 23866079 9355 0 376775 19037 0 0
1791141673 cpu  1701113 525 502390 23869803 9356 0 376797 19039 0 0
1791141678 cpu  1701255 525 502452 23873543 9357 0 376822 19042 0 0
1791141683 cpu  1701342 525 502502 23877346 9358 0 376839 19044 0 0
1791141688 cpu  1701456 525 502567 23881112 9359 0 376862 19046 0 0
1791141693 cpu  1701576 525 502634 23884879 9360 0 376883 19049 0 0
1791141698 cpu  1701695 525 502687 23888658 9362 0 376895 19050 0 0
1791141703 cpu  1701809 525 502745 23892431 9363 0 376917 19053 0 0
1791141708 cpu  1701919 525 502797 23896221 9364 0 376933 19055 0 0
1791141713 cpu  1702050 525 502852 23899990 9366 0 376952 19058 0 0
1791141718 cpu  1702184 525 502913 23903737 9367 0 376978 19060 0 0
1791141723 cpu  1702319 525 502974 23907478 9367 0 377007 19062 0 0
1791141728 cpu  1702503 525 503034 23911188 9368 0 377037 19064 0 0
1791141733 cpu  1702644 525 503106 23914900 9369 0 377065 19067 0 0
1791141738 cpu  1702831 525 503166 23918590 9370 0 377085 19069 0 0
1791141743 cpu  1702990 525 503246 23922291 9371 0 377120 19072 0 0
1791141748 cpu  1703134 525 503316 23926014 9372 0 377141 19074 0 0
1791141753 cpu  1703325 525 503390 23929693 9372 0 377177 19076 0 0
1791141758 cpu  1703482 525 503476 23933407 9373 0 377204 19078 0 0
1791141763 cpu  1703645 525 503545 23937101 9374 0 377236 19080 0 0
1791141768 cpu  1703807 525 503614 23940814 9375 0 377264 19083 0 0
1791141773 cpu  1703970 525 503684 23944525 9376 0 377291 19085 0 0
1791141778 cpu  1704131 525 503749 23948240 9377 0 377323 19087 0 0
1791141783 cpu  1704286 525 503818 23951965 9378 0 377352 19089 0 0
1791141788 cpu  1704454 525 503893 23955668 9379 0 377380 19092 0 0
1791141793 cpu  1704610 525 503962 23959389 9380 0 377399 19095 0 0
1791141798 cpu  1704761 525 504030 23963113 9380 0 377420 19097 0 0
1791141803 cpu  1704907 525 504099 23966853 9381 0 377449 19099 0 0
1791141808 cpu  1705061 525 504171 23970574 9383 0 377479 19103 0 0
1791141813 cpu  1705395 525 504239 23974110 9384 0 377528 19107 0 0
1791141818 cpu  1705758 525 504321 23977563 9385 0 377576 19111 0 0
1791141823 cpu  1706223 525 504428 23980917 9387 0 377631 19115 0 0
1791141828 cpu  1706651 525 504528 23984312 9387 0 377683 19118 0 0
1791141833 cpu  1707039 525 504614 23987733 9388 0 377751 19121 0 0
1791141838 cpu  1707456 525 504714 23991129 9389 0 377811 19124 0 0
1791141843 cpu  1707886 525 504802 23994526 9390 0 377867 19127 0 0
1791141848 cpu  1708351 525 504879 23997931 9391 0 377915 19130 0 0
1791141853 cpu  1708810 525 504991 24001289 9391 0 377982 19133 0 0
1791141858 cpu  1709276 525 505089 24004649 9392 0 378037 19136 0 0
1791141863 cpu  1709744 525 505193 24008006 9393 0 378088 19139 0 0
1791141868 cpu  1710162 525 505283 24011425 9394 0 378148 19142 0 0
1791141873 cpu  1710707 525 505391 24014709 9395 0 378195 19144 0 0
1791141878 cpu  1711215 525 505477 24018028 9396 0 378245 19147 0 0
1791141883 cpu  1711721 525 505575 24021336 9397 0 378295 19149 0 0
1791141888 cpu  1712216 525 505669 24024642 9398 0 378347 19152 0 0
1791141893 cpu  1712738 525 505764 24027953 9399 0 378415 19155 0 0
1791141898 cpu  1713292 525 505867 24031213 9399 0 378489 19158 0 0
1791141903 cpu  1713896 525 506009 24034325 9401 0 378617 19161 0 0
1791141908 cpu  1714555 525 506142 24037343 9402 0 378757 19166 0 0
1791141913 cpu  1715204 525 506286 24040381 9404 0 378908 19170 0 0
1791141918 cpu  1715808 525 506424 24043435 9406 0 379049 19175 0 0
1791141923 cpu  1716453 525 506564 24046448 9408 0 379186 19179 0 0
1791141928 cpu  1717095 525 506716 24049469 9409 0 379336 19184 0 0
1791141933 cpu  1717725 525 506863 24052504 9411 0 379481 19188 0 0
1791141938 cpu  1718363 525 507016 24055527 9412 0 379635 19192 0 0
1791141943 cpu  1719024 525 507173 24058525 9414 0 379780 19197 0 0
1791141948 cpu  1719675 525 507320 24061540 9415 0 379939 19201 0 0
1791141953 cpu  1720300 525 507475 24064558 9417 0 380099 19206 0 0
1791141958 cpu  1720950 525 507617 24067568 9418 0 380272 19212 0 0
1791141963 cpu  1721572 525 507768 24070597 9420 0 380440 19217 0 0
1791141968 cpu  1722185 525 507922 24073623 9421 0 380614 19222 0 0
1791141973 cpu  1722824 525 508075 24076634 9423 0 380776 19227 0 0
1791141978 cpu  1723457 525 508221 24079666 9424 0 380941 19232 0 0
1791141983 cpu  1724120 525 508367 24082660 9426 0 381090 19238 0 0
1791141988 cpu  1724791 525 508510 24085661 9428 0 381242 19245 0 0
1791141993 cpu  1725459 525 508661 24088646 9429 0 381405 19250 0 0
1791141998 cpu  1726119 525 508806 24091651 9431 0 381572 19256 0 0
1791142003 cpu  1726749 525 508955 24094670 9432 0 381726 19260 0 0
1791142008 cpu  1727402 525 509098 24097702 9434 0 381899 19265 0 0
1791142013 cpu  1728062 525 509242 24100712 9435 0 382045 19270 0 0
1791142018 cpu  1728724 525 509404 24103721 9437 0 382202 19276 0 0
1791142023 cpu  1729382 525 509555 24106734 9439 0 382364 19282 0 0
1791142028 cpu  1730040 525 509704 24109764 9440 0 382517 19287 0 0
1791142033 cpu  1730670 525 509850 24112778 9442 0 382673 19292 0 0
1791142038 cpu  1731388 525 510010 24115731 9443 0 382834 19299 0 0
1791142043 cpu  1732026 525 510161 24118734 9445 0 382998 19305 0 0
1791142048 cpu  1732672 525 510310 24121735 9447 0 383154 19311 0 0
1791142053 cpu  1733323 525 510465 24124750 9448 0 383323 19317 0 0
1791142058 cpu  1733989 525 510613 24127780 9450 0 383484 19322 0 0
1791142063 cpu  1734641 525 510771 24130791 9452 0 383646 19326 0 0
1791142068 cpu  1735307 525 510908 24133821 9453 0 383828 19331 0 0
1791142073 cpu  1735916 525 511033 24136872 9455 0 383970 19337 0 0
1791142078 cpu  1736559 525 511178 24139899 9456 0 384132 19342 0 0
1791142083 cpu  1737217 525 511326 24142916 9458 0 384285 19347 0 0
1791142088 cpu  1737852 525 511468 24145943 9459 0 384444 19353 0 0
1791142093 cpu  1738489 525 511602 24148979 9461 0 384610 19358 0 0
1791142098 cpu  1739156 525 511745 24152028 9462 0 384757 19362 0 0
1791142103 cpu  1739810 525 511898 24155071 9463 0 384906 19367 0 0
1791142108 cpu  1740447 525 512031 24158116 9465 0 385080 19372 0 0
1791142113 cpu  1741056 525 512175 24161163 9466 0 385220 19376 0 0
1791142118 cpu  1741718 525 512311 24164209 9467 0 385379 19381 0 0
1791142123 cpu  1742341 525 512453 24167235 9468 0 385543 19385 0 0
1791142128 cpu  1742975 525 512588 24170291 9470 0 385701 19390 0 0
1791142133 cpu  1743626 525 512729 24173300 9471 0 385863 19394 0 0
1791142138 cpu  1744255 525 512878 24176335 9472 0 386020 19399 0 0
1791142143 cpu  1744919 525 513018 24179360 9474 0 386179 19403 0 0
1791142148 cpu  1745557 525 513158 24182386 9475 0 386334 19409 0 0
1791142153 cpu  1746180 525 513305 24185425 9476 0 386483 19415 0 0
1791142158 cpu  1746801 525 513448 24188481 9478 0 386644 19419 0 0
1791142163 cpu  1747431 525 513594 24191544 9480 0 386785 19422 0 0
1791142168 cpu  1748050 525 513730 24194606 9481 0 386924 19426 0 0
1791142173 cpu  1748695 525 513870 24197651 9482 0 387067 19432 0 0
1791142178 cpu  1749366 525 514004 24200661 9483 0 387227 19437 0 0
1791142183 cpu  1750003 525 514161 24203704 9485 0 387382 19440 0 0
1791142188 cpu  1750618 525 514296 24206751 9487 0 387540 19444 0 0
1791142193 cpu  1751250 525 514449 24209774 9488 0 387698 19449 0 0
1791142198 cpu  1751914 525 514595 24212802 9489 0 387860 19453 0 0
1791142203 cpu  1752559 525 514736 24215831 9490 0 388023 19458 0 0
1791142208 cpu  1753182 525 514869 24218882 9492 0 388180 19463 0 0
1791142213 cpu  1753827 525 515004 24221938 9493 0 388332 19466 0 0
1791142218 cpu  1754443 525 515134 24224980 9495 0 388481 19471 0 0
1791142223 cpu  1755108 525 515279 24228002 9497 0 388633 19475 0 0
1791142228 cpu  1755748 525 515411 24231048 9498 0 388780 19478 0 0
1791142233 cpu  1756376 525 515548 24234105 9500 0 388923 19482 0 0
1791142238 cpu  1757036 525 515682 24237149 9501 0 389070 19485 0 0
1791142243 cpu  1757727 525 515821 24240134 9503 0 389211 19489 0 0
1791142248 cpu  1758356 525 515947 24243197 9504 0 389374 19493 0 0
1791142253 cpu  1759016 525 516076 24246226 9506 0 389528 19497 0 0
1791142258 cpu  1759651 525 516212 24249286 9507 0 389662 19500 0 0
1791142263 cpu  1760290 525 516363 24252340 9508 0 389828 19504 0 0
1791142268 cpu  1760910 525 516503 24255399 9509 0 389982 19508 0 0
1791142273 cpu  1761555 525 516641 24258453 9511 0 390135 19512 0 0
1791142278 cpu  1762215 525 516788 24261473 9512 0 390286 19516 0 0
1791142283 cpu  1762862 525 516927 24264516 9513 0 390440 19520 0 0
1791142288 cpu  1763515 525 517080 24267561 9515 0 390591 19524 0 0
1791142293 cpu  1764148 525 517226 24270602 9516 0 390737 19528 0 0
1791142298 cpu  1764779 525 517359 24273664 9518 0 390887 19532 0 0
1791142303 cpu  1765429 525 517505 24276685 9519 0 391033 19536 0 0
1791142308 cpu  1766027 525 517638 24279757 9521 0 391190 19540 0 0
1791142313 cpu  1766704 525 517770 24282785 9522 0 391336 19543 0 0
1791142318 cpu  1767370 525 517905 24285807 9524 0 391491 19548 0 0
1791142323 cpu  1767991 525 518046 24288832 9525 0 391642 19552 0 0
1791142328 cpu  1768627 525 518194 24291852 9526 0 391800 19558 0 0
1791142333 cpu  1769275 525 518338 24294840 9528 0 391955 19563 0 0
1791142338 cpu  1769899 525 518465 24297903 9529 0 392102 19566 0 0
1791142343 cpu  1770538 525 518613 24300924 9530 0 392247 19569 0 0
1791142348 cpu  1771164 525 518758 24303976 9532 0 392388 19575 0 0
1791142353 cpu  1771824 525 518904 24306989 9533 0 392529 19579 0 0
1791142358 cpu  1772498 525 519039 24309976 9535 0 392686 19585 0 0
1791142363 cpu  1773179 525 519206 24312943 9536 0 392850 19590 0 0
1791142368 cpu  1773817 525 519339 24315990 9537 0 392995 19595 0 0
1791142373 cpu  1774466 525 519492 24318990 9539 0 393161 19600 0 0
1791142378 cpu  1775101 525 519638 24322030 9540 0 393332 19606 0 0
1791142383 cpu  1775769 525 519783 24325009 9542 0 393481 19612 0 0
1791142388 cpu  1776407 525 519922 24328049 9543 0 393647 19620 0 0
1791142393 cpu  1777046 525 520078 24331029 9544 0 393826 19626 0 0
1791142398 cpu  1777668 525 520220 24334079 9546 0 393996 19631 0 0
1791142403 cpu  1778350 525 520356 24337048 9547 0 394140 19637 0 0
1791142408 cpu  1778993 525 520511 24340076 9549 0 394298 19643 0 0
1791142413 cpu  1779679 525 520660 24343065 9550 0 394458 19648 0 0
1791142418 cpu  1780308 525 520805 24346081 9552 0 394620 19654 0 0
1791142423 cpu  1781015 525 520965 24349042 9554 0 394768 19660 0 0
1791142428 cpu  1781665 525 521107 24352073 9555 0 394924 19666 0 0
1791142433 cpu  1782355 525 521273 24355038 9556 0 395102 19672 0 0
1791142438 cpu  1783013 525 521408 24358062 9557 0 395292 19680 0 0
1791142443 cpu  1783709 525 521565 24361038 9559 0 395447 19685 0 0
1791142448 cpu  1784382 525 521701 24364057 9561 0 395605 19690 0 0
1791142453 cpu  1785046 525 521852 24367051 9563 0 395780 19696 0 0
1791142458 cpu  1785700 525 521992 24370063 9564 0 395935 19701 0 0
1791142463 cpu  1786366 525 522148 24373032 9565 0 396090 19706 0 0
1791142468 cpu  1787009 525 522287 24376062 9567 0 396252 19714 0 0
1791142473 cpu  1787665 525 522441 24379074 9568 0 396403 19718 0 0
1791142478 cpu  1788310 525 522592 24382089 9570 0 396565 19724 0 0
1791142483 cpu  1788960 525 522744 24385084 9571 0 396718 19729 0 0
1791142488 cpu  1789613 525 522901 24388110 9573 0 396885 19734 0 0
1791142493 cpu  1790314 525 523058 24391050 9574 0 397054 19741 0 0
1791142498 cpu  1790968 525 523209 24394083 9576 0 397204 19746 0 0
1791142503 cpu  1791622 525 523349 24397081 9577 0 397365 19751 0 0
1791142508 cpu  1792258 525 523483 24400175 9578 0 397480 19754 0 0
1791142513 cpu  1792365 525 523555 24403949 9579 0 397492 19756 0 0
1791142518 cpu  1792471 525 523605 24407744 9580 0 397509 19757 0 0
1791142523 cpu  1792579 525 523673 24411516 9581 0 397528 19759 0 0
