1791154081 cpu  2460149 525 712708 32567927 11617 0 549668 28326 0 0
1791154086 cpu  2460224 525 712749 32571761 11618 0 549678 28329 0 0
1791154091 cpu  2460342 525 712811 32575533 11619 0 549706 28332 0 0
1791154096 cpu  2460503 525 712889 32579238 11619 0 549736 28337 0 0
1791154101 cpu  2460578 525 712945 32583052 11620 0 549753 28339 0 0
1791154106 cpu  2460722 525 713013 32586785 11621 0 549774 28343 0 0
1791154111 cpu  2460877 525 713090 32590501 11622 0 549807 28347 0 0
1791154116 cpu  2461032 525 713164 32594218 11622 0 549838 28350 0 0
1791154121 cpu  2461173 525 713237 32597942 11623 0 549867 28353 0 0
1791154126 cpu  2461305 525 713308 32601672 11624 0 549886 28356 0 0
1791154131 cpu  2461353 525 713348 32605543 11624 0 549895 28358 0 0
1791154136 cpu  2461421 525 713384 32609387 11625 0 549903 28361 0 0
1791154141 cpu  2461482 525 713419 32613244 11625 0 549912 28364 0 0
1791154146 cpu  2461547 525 713469 32617083 11626 0 549923 28367 0 0
1791154151 cpu  2461671 525 713529 32620842 11627 0 549939 28370 0 0
1791154156 cpu  2461807 525 713605 32624571 11628 0 549963 28373 0 0
1791154161 cpu  2461932 525 713676 32628314 11629 0 549986 28376 0 0
1791154166 cpu  2462079 525 713745 32632027 11629 0 550016 28380 0 0
1791154171 cpu  2462213 525 713807 32635776 11630 0 550039 28383 0 0
1791154176 cpu  2462364 525 713889 32639495 11631 0 550065 28386 0 0
1791154181 cpu  2462500 525 713962 32643222 11632 0 550093 28390 0 0
1791154186 cpu  2462592 525 714022 32647005 11633 0 550106 28394 0 0
1791154191 cpu  2462707 525 714081 32650783 11634 0 550128 28396 0 0
1791154196 cpu  2462858 525 714144 32654499 11634 0 550156 28399 0 0
1791154201 cpu  2462973 525 714187 32658276 11635 0 550172 28404 0 0
1791154206 cpu  2463083 525 714243 32662050 11636 0 550199 28407 0 0
1791154211 cpu  2463193 525 714298 32665845 11636 0 550228 28410 0 0
1791154216 cpu  2463327 525 714373 32669570 11637 0 550253 28413 0 0
1791154221 cpu  2463428 525 714429 32673356 11637 0 550276 28416 0 0
1791154226 cpu  2463624 525 714510 32677021 11638 0 550313 28420 0 0
1791154231 cpu  2463790 525 714576 32680733 11640 0 550347 28424 0 0
1791154236 cpu  2463958 525 714653 32684423 11640 0 550373 28427 0 0
1791154241 cpu  2464167 525 714728 32688069 11640 0 550406 28431 0 0
1791154246 cpu  2464354 525 714804 32691740 11641 0 550437 28434 0 0
1791154251 cpu  2464507 525 714870 32695454 11642 0 550470 28438 0 0
1791154256 cpu  2464700 525 714942 32699129 11642 0 550501 28442 0 0
1791154261 cpu  2464854 525 715023 32702828 11643 0 550535 28444 0 0
1791154266 cpu  2465038 525 715092 32706507 11644 0 550566 28448 0 0
1791154271 cpu  2465200 525 715155 32710236 11645 0 550600 28450 0 0
1791154276 cpu  2465370 525 715221 32713943 11645 0 550629 28453 0 0
1791154281 cpu  2465513 525 715299 32717668 11646 0 550665 28456 0 0
1791154286 cpu  2465679 525 715370 32721367 11646 0 550694 28459 0 0
1791154291 cpu  2465863 525 715455 32725054 11647 0 550733 28461 0 0
1791154296 cpu  2465996 525 715508 32728803 11648 0 550750 28464 0 0
1791154301 cpu  2466149 525 715584 32732521 11648 0 550777 28466 0 0
1791154306 cpu  2466299 525 715656 32736250 11649 0 550803 28469 0 0
1791154311 cpu  2466428 525 715721 32740002 11650 0 550828 28471 0 0
1791154316 cpu  2466820 525 715797 32743462 11650 0 550875 28474 0 0
1791154321 cpu  2467210 525 715876 32746916 11651 0 550926 28478 0 0
1791154326 cpu  2467668 525 715986 32750274 11652 0 550992 28482 0 0
1791154331 cpu  2468043 525 716060 32753745 11653 0 551049 28485 0 0
1791154336 cpu  2468499 525 716152 32757134 11653 0 551102 28487 0 0
1791154341 cpu  2468949 525 716240 32760527 11654 0 551152 28490 0 0
1791154346 cpu  2469419 525 716348 32763901 11655 0 551219 28493 0 0
1791154351 cpu  2469874 525 716457 32767264 11656 0 551292 28496 0 0
1791154356 cpu  2470305 525 716541 32770679 11657 0 551341 28498 0 0
1791154361 cpu  2470747 525 716630 32774069 11657 0 551397 28501 0 0
1791154366 cpu  2471227 525 716721 32777429 11658 0 551463 28504 0 0
1791154371 cpu  2471742 525 716822 32780718 11659 0 551527 28507 0 0
1791154376 cpu  2472279 525 716911 32784028 11660 0 551573 28510 0 0
1791154381 cpu  2472802 525 717013 32787300 11661 0 551614 28513 0 0
1791154386 cpu  2473321 525 717101 32790626 11661 0 551674 28515 0 0
1791154391 cpu  2473843 525 717205 32793925 11662 0 551734 28518 0 0
1791154396 cpu  2474363 525 717306 32797196 11663 0 551795 28521 0 0
1791154401 cpu  2474952 525 717420 32800358 11663 0 551884 28526 0 0
1791154406 cpu  2475556 525 717542 32803524 11664 0 552004 28530 0 0
1791154411 cpu  2476161 525 717676 32806615 11665 0 552128 28536 0 0
1791154416 cpu  2476772 525 717803 32809717 11666 0 552266 28541 0 0
1791154421 cpu  2477440 525 717954 32812744 11667 0 552404 28545 0 0
1791154426 cpu  2478073 525 718103 32815791 11668 0 552543 28550 0 0
1791154431 cpu  2478757 525 718249 32818758 11670 0 552710 28558 0 0
1791154436 cpu  2479382 525 718416 32821784 11671 0 552874 28562 0 0
1791154441 cpu  2480062 525 718575 32824753 11672 0 553055 28568 0 0
1791154446 cpu  2480720 525 718734 32827754 11674 0 553238 28574 0 0
1791154451 cpu  2481399 525 718886 32830724 11675 0 553408 28579 0 0
1791154456 cpu  2482039 525 719023 32833757 11676 0 553581 28584 0 0
1791154461 cpu  2482703 525 719192 32836733 11678 0 553756 28590 0 0
1791154466 cpu  2483387 525 719326 32839711 11679 0 553934 28595 0 0
1791154471 cpu  2484094 525 719493 32842669 11680 0 554097 28600 0 0
1791154476 cpu  2484743 525 719638 32845692 11681 0 554288 28605 0 0
1791154481 cpu  2485427 525 719813 32848642 11682 0 554453 28610 0 0
1791154486 cpu  2486086 525 719970 32851628 11684 0 554633 28616 0 0
1791154491 cpu  2486758 525 720122 32854636 11685 0 554771 28621 0 0
1791154496 cpu  2487383 525 720265 32857707 11685 0 554919 28626 0 0
1791154501 cpu  2488045 525 720423 32860705 11687 0 555079 28632 0 0
1791154506 cpu  2488694 525 720571 32863737 11688 0 555250 28639 0 0
1791154511 cpu  2489405 525 720734 32866680 11689 0 555424 28646 0 0
1791154516 cpu  2490027 525 720881 32869730 11690 0 555587 28651 0 0
1791154521 cpu  2490694 525 721033 32872716 11691 0 555754 28657 0 0
1791154526 cpu  2491354 525 721187 32875681 11692 0 555949 28665 0 0
1791154531 cpu  2492057 525 721354 32878606 11694 0 556133 28672 0 0
1791154536 cpu  2492726 525 721509 32881563 11695 0 556294 28679 0 0
1791154541 cpu  2493501 525 721679 32884409 11697 0 556471 28688 0 0
1791154546 cpu  2494167 525 721836 32887373 11698 0 556652 28697 0 0
1791154551 cpu  2494863 525 722002 32890306 11699 0 556826 28706 0 0
1791154556 cpu  2495509 525 722159 32893298 11700 0 557030 28715 0 0
1791154561 cpu  2496255 525 722326 32896186 11708 0 557207 28723 0 0
1791154566 cpu  2496891 525 722462 32899203 11710 0 557385 28730 0 0
1791154571 cpu  2497564 525 722614 32902175 11711 0 557558 28738 0 0
1791154576 cpu  2498251 525 722767 32905130 11713 0 557735 28747 0 0
1791154581 cpu  2498917 525 722930 32908092 11715 0 557899 28754 0 0
1791154586 cpu  2499577 525 723075 32911086 11716 0 558086 28762 0 0
1791154591 cpu  2500275 525 723243 32913998 11717 0 558267 28771 0 0
1791154596 cpu  2500947 525 723391 32916953 11719 0 558446 28781 0 0
1791154601 cpu  2501689 525 723563 32919796 11720 0 558625 28790 0 0
1791154606 cpu  2502377 525 723720 32922709 11722 0 558831 28802 0 0
1791154611 cpu  2503120 525 723905 32925558 11723 0 559009 28819 0 0
1791154616 cpu  2503801 525 724061 32928491 11724 0 559189 28835 0 0
1791154621 cpu  2504543 525 724228 32931376 11726 0 559358 28845 0 0
1791154626 cpu  2505218 525 724385 32934347 11727 0 559540 28852 0 0
1791154631 cpu  2505933 525 724545 32937249 11728 0 559716 28864 0 0
1791154636 cpu  2506627 525 724718 32940142 11729 0 559932 28881 0 0
1791154641 cpu  2507373 525 724908 32942971 11730 0 560124 28899 0 0
1791154646 cpu  2508155 525 725097 32945757 11733 0 560330 28924 0 0
1791154651 cpu  2508927 525 725286 32948546 11734 0 560525 28947 0 0
1791154656 cpu  2509629 525 725443 32951480 11735 0 560702 28960 0 0
1791154661 cpu  2510375 525 725621 32954352 11737 0 560891 28972 0 0
1791154666 cpu  2511057 525 725772 32957304 11738 0 561070 28980 0 0
1791154671 cpu  2511750 525 725947 32960209 11740 0 561263 28990 0 0
1791154676 cpu  2512468 525 726129 32963125 11741 0 561460 29002 0 0
1791154681 cpu  2513230 525 726316 32965965 11742 0 561662 29015 0 0
1791154686 cpu  2513906 525 726472 32968902 11744 0 561855 29027 0 0
1791154691 cpu  2514607 525 726639 32971806 11745 0 562051 29036 0 0
1791154696 cpu  2515268 525 726803 32974735 11747 0 562267 29047 0 0
1791154701 cpu  2515989 525 726974 32977602 11748 0 562456 29061 0 0
1791154706 cpu  2516691 525 727130 32980500 11749 0 562657 29079 0 0
1791154711 cpu  2517454 525 727324 32983327 11751 0 562863 29097 0 0
1791154716 cpu  2518164 525 727486 32986254 11754 0 563066 29111 0 0
1791154721 cpu  2518902 525 727655 32989122 11754 0 563273 29127 0 0
1791154726 cpu  2519650 525 727819 32991998 11757 0 563464 29141 0 0
1791154731 cpu  2520369 525 727991 32994898 11758 0 563648 29151 0 0
1791154736 cpu  2521039 525 728141 32997854 11760 0 563825 29160 0 0
1791154741 cpu  2521767 525 728299 33000762 11761 0 563992 29167 0 0
1791154746 cpu  2522403 525 728458 33003763 11763 0 564180 29175 0 0
1791154751 cpu  2523072 525 728602 33006759 11763 0 564326 29180 0 0
1791154756 cpu  2523754 525 728748 33009736 11765 0 564507 29187 0 0
1791154761 cpu  2524457 525 728912 33012676 11767 0 564679 29195 0 0
1791154766 cpu  2525120 525 729059 33015675 11768 0 564859 29201 0 0
1791154771 cpu  2525842 525 729213 33018611 11769 0 565031 29208 0 0
1791154776 cpu  2526481 525 729343 33021619 11770 0 565214 29215 0 0
1791154781 cpu  2527189 525 729508 33024560 11771 0 565387 29221 0 0
1791154786 cpu  2527867 525 729669 33027530 11773 0 565556 29229 0 0
1791154791 cpu  2528578 525 729830 33030439 11774 0 565754 29240 0 0
1791154796 cpu  2529236 525 729980 33033425 11775 0 565937 29247 0 0
1791154801 cpu  2529935 525 730150 33036343 11777 0 566127 29258 0 0
1791154806 cpu  2530622 525 730298 33039271 11778 0 566301 29272 0 0
1791154811 cpu  2531353 525 730464 33042190 11779 0 566497 29282 0 0
1791154816 cpu  2532030 525 730615 33045133 11782 0 566694 29293 0 0
1791154821 cpu  2532741 525 730778 33048030 11783 0 566876 29301 0 0
1791154826 cpu  2533454 525 730929 33050959 11784 0 567071 29315 0 0
1791154831 cpu  2534175 525 731096 33053831 11785 0 567264 29328 0 0
1791154836 cpu  2534907 525 731262 33056738 11787 0 567449 29342 0 0
1791154841 cpu  2535684 525 731437 33059571 11789 0 567635 29356 0 0
1791154846 cpu  2536383 525 731598 33062491 11790 0 567828 29369 0 0
1791154851 cpu  2537099 525 731759 33065398 11792 0 568023 29384 0 0
1791154856 cpu  2537798 525 731916 33068309 11794 0 568217 29401 0 0
1791154861 cpu  2538498 525 732081 33071216 11795 0 568401 29412 0 0
1791154866 cpu  2539221 525 732230 33074126 11797 0 568584 29431 0 0
1791154871 cpu  2539954 525 732402 33077001 11798 0 568772 29444 0 0
1791154876 cpu  2540704 525 732589 33079827 11800 0 568977 29468 0 0
1791154881 cpu  2541459 525 732760 33082649 11802 0 569186 29500 0 0
1791154886 cpu  2542191 525 732956 33085491 11804 0 569389 29528 0 0
1791154891 cpu  2542925 525 733137 33088314 11805 0 569582 29564 0 0
1791154896 cpu  2543644 525 733300 33091220 11807 0 569742 29589 0 0
1791154901 cpu  2544375 525 733463 33094080 11807 0 569937 29610 0 0
1791154906 cpu  2545093 525 733626 33096938 11809 0 570159 29640 0 0
1791154911 cpu  2545873 525 733790 33099715 11811 0 570369 29681 0 0
1791154916 cpu  2546619 525 733966 33102563 11812 0 570587 29716 0 0
1791154921 cpu  2547406 525 734146 33105367 11814 0 570787 29748 0 0
1791154926 cpu  2548136 525 734313 33108248 11816 0 570973 29782 0 0
1791154931 cpu  2548864 525 734486 33111115 11818 0 571167 29806 0 0
1791154936 cpu  2549560 525 734653 33114040 11819 0 571354 29817 0 0
1791154941 cpu  2550264 525 734828 33116957 11821 0 571552 29830 0 0
1791154946 cpu  2550969 525 734997 33119864 11821 0 571737 29844 0 0
1791154951 cpu  2551679 525 735165 33122752 11824 0 571929 29856 0 0
1791154956 cpu  2552398 525 735332 33125641 11825 0 572129 29869 0 0
1791154961 cpu  2553143 525 735511 33128491 11826 0 572311 29880 0 0
1791154966 cpu  2553861 525 735672 33131404 11828 0 572495 29893 0 0
1791154971 cpu  2554584 525 735845 33134311 11830 0 572682 29903 0 0
1791154976 cpu  2555282 525 736007 33137233 11831 0 572860 29914 0 0
1791154981 cpu  2556019 525 736186 33140090 11833 0 573044 29931 0 0
1791154986 cpu  2556737 525 736355 33142966 11834 0 573225 29954 0 0
1791154991 cpu  2557470 525 736518 33145883 11835 0 573408 29969 0 0
1791154996 cpu  2558237 525 736674 33148714 11837 0 573598 29991 0 0
1791155001 cpu  2558995 525 736854 33151526 11839 0 573799 30011 0 0
1791155006 cpu  2559709 525 737107 33154560 11840 0 573919 30023 0 0
1791155011 cpu  2559837 525 737180 33158291 11842 0 573946 30028 0 0
1791155016 cpu  2559986 525 737269 33161977 11842 0 573975 30034 0 0
1791155021 cpu  2560144 525 737351 33165663 11843 0 573997 30041 0 0
