1791154083 cpu  11849892 512 3238246 55563503 8675 0 1108001 46228 0 0
1791154088 cpu  11850046 512 3238350 55571128 8675 0 1108028 46234 0 0
1791154093 cpu  11850186 512 3238443 55578805 8675 0 1108047 46238 0 0
1791154098 cpu  11850354 512 3238560 55586411 8676 0 1108069 46245 0 0
1791154103 cpu  11850485 512 3238656 55594074 8676 0 1108085 46251 0 0
1791154108 cpu  11850647 512 3238770 55601658 8676 0 1108107 46258 0 0
1791154113 cpu  11850774 512 3238862 55609316 8677 0 1108128 46265 0 0
1791154118 cpu  11850915 512 3238968 55616924 8677 0 1108151 46272 0 0
1791154123 cpu  11851051 512 3239051 55624594 8677 0 1108169 46277 0 0
1791154128 cpu  11851219 512 3239177 55632182 8678 0 1108185 46285 0 0
1791154133 cpu  11851340 512 3239273 55639845 8678 0 1108193 46291 0 0
1791154138 cpu  11851492 512 3239390 55647463 8678 0 1108221 46298 0 0
1791154143 cpu  11851630 512 3239494 55655121 8679 0 1108239 46305 0 0
1791154148 cpu  11851770 512 3239611 55662737 8679 0 1108264 46312 0 0
1791154153 cpu  11851889 512 3239709 55670416 8679 0 1108284 46318 0 0
1791154159 cpu  11852051 512 3239815 55678024 8679 0 1108308 46324 0 0
1791154164 cpu  11852188 512 3239903 55685684 8680 0 1108333 46330 0 0
1791154169 cpu  11852342 512 3240024 55693287 8680 0 1108358 46337 0 0
1791154174 cpu  11852491 512 3240121 55700937 8681 0 1108371 46343 0 0
1791154179 cpu  11852631 512 3240222 55708575 8681 0 1108391 46349 0 0
1791154184 cpu  11852778 512 3240316 55716239 8681 0 1108405 46353 0 0
1791154189 cpu  11852938 512 3240427 55723848 8682 0 1108432 46359 0 0
1791154194 cpu  11853072 512 3240511 55731517 8682 0 1108446 46365 0 0
1791154199 cpu  11853219 512 3240617 55739144 8682 0 1108472 46371 0 0
1791154204 cpu  11853350 512 3240719 55746809 8683 0 1108486 46377 0 0
1791154209 cpu  11853493 512 3240827 55754431 8683 0 1108515 46385 0 0
1791154214 cpu  11853646 512 3240922 55762090 8683 0 1108530 46390 0 0
1791154219 cpu  11853808 512 3241049 55769684 8684 0 1108551 46396 0 0
1791154224 cpu  11853953 512 3241137 55777341 8684 0 1108565 46402 0 0
1791154229 cpu  11854125 512 3241260 55784938 8684 0 1108594 46408 0 0
1791154234 cpu  11854260 512 3241365 55792592 8685 0 1108611 46415 0 0
1791154239 cpu  11854414 512 3241471 55800221 8685 0 1108632 46422 0 0
1791154244 cpu  11854558 512 3241570 55807887 8685 0 1108644 46427 0 0
1791154249 cpu  11854722 512 3241677 55815504 8686 0 1108670 46434 0 0
1791154254 cpu  11854870 512 3241763 55823167 8686 0 1108692 46439 0 0
1791154259 cpu  11855028 512 3241872 55830788 8687 0 1108715 46446 0 0
1791154264 cpu  11855155 512 3241971 55838448 8687 0 1108733 46452 0 0
1791154269 cpu  11855310 512 3242074 55846078 8688 0 1108749 46458 0 0
1791154274 cpu  11855447 512 3242155 55853750 8688 0 1108770 46465 0 0
1791154279 cpu  11855621 512 3242272 55861344 8689 0 1108796 46472 0 0
1791154284 cpu  11855755 512 3242365 55869021 8689 0 1108813 46477 0 0
1791154289 cpu  11855908 512 3242489 55876623 8689 0 1108834 46483 0 0
1791154294 cpu  11856038 512 3242587 55884301 8690 0 1108851 46488 0 0
1791154299 cpu  11856192 512 3242677 55891936 8690 0 1108872 46494 0 0
1791154304 cpu  11856327 512 3242775 55899607 8691 0 1108887 46499 0 0
1791154309 cpu  11856485 512 3242885 55907218 8691 0 1108907 46506 0 0
1791154314 cpu  11856638 512 3242975 55914842 8692 0 1108937 46511 0 0
1791154319 cpu  11856829 512 3243094 55922371 8692 0 1108991 46518 0 0
1791154324 cpu  11856996 512 3243219 55929942 8693 0 1109046 46525 0 0
1791154329 cpu  11857180 512 3243336 55937484 8693 0 1109091 46533 0 0
1791154334 cpu  11857387 512 3243443 55945053 8693 0 1109142 46538 0 0
1791154339 cpu  11857607 512 3243571 55952560 8694 0 1109188 46544 0 0
1791154344 cpu  11857792 512 3243688 55960107 8694 0 1109233 46551 0 0
1791154349 cpu  11857990 512 3243820 55967606 8694 0 1109290 46558 0 0
1791154354 cpu  11858213 512 3243942 55975121 8694 0 1109336 46565 0 0
1791154359 cpu  11858413 512 3244069 55982640 8695 0 1109392 46573 0 0
1791154364 cpu  11858627 512 3244184 55990178 8695 0 1109431 46580 0 0
1791154369 cpu  11858839 512 3244316 55997671 8695 0 1109482 46588 0 0
1791154374 cpu  11859039 512 3244439 56005187 8695 0 1109540 46594 0 0
1791154379 cpu  11859214 512 3244566 56012730 8695 0 1109599 46601 0 0
1791154384 cpu  11859436 512 3244683 56020228 8695 0 1109655 46608 0 0
1791154389 cpu  11859643 512 3244805 56027745 8696 0 1109713 46615 0 0
1791154394 cpu  11859904 512 3244930 56035184 8696 0 1109784 46622 0 0
1791154399 cpu  11860729 512 3245238 56041745 8696 0 1109957 46638 0 0
1791154404 cpu  11862156 512 3245665 56047488 8697 0 1110198 46654 0 0
1791154409 cpu  11864129 512 3246269 56052413 8697 0 1110492 46669 0 0
1791154414 cpu  11866652 512 3246998 56056575 8697 0 1110814 46687 0 0
1791154419 cpu  11869564 512 3247771 56060248 8698 0 1111155 46699 0 0
1791154424 cpu  11872915 512 3248634 56063367 8698 0 1111504 46707 0 0
1791154429 cpu  11876668 512 3249557 56066071 8698 0 1111854 46715 0 0
1791154434 cpu  11880754 512 3250582 56068374 8698 0 1112223 46725 0 0
1791154439 cpu  11885055 512 3251546 56070464 8699 0 1112582 46734 0 0
1791154444 cpu  11889421 512 3252501 56072471 8699 0 1112949 46742 0 0
1791154449 cpu  11893862 512 3253474 56074373 8699 0 1113340 46749 0 0
1791154454 cpu  11898255 512 3254474 56076304 8699 0 1113693 46756 0 0
1791154459 cpu  11902653 512 3255432 56078269 8700 0 1114049 46767 0 0
1791154464 cpu  11907108 512 3256422 56080174 8700 0 1114420 46775 0 0
1791154469 cpu  11911610 512 3257399 56082064 8701 0 1114754 46783 0 0
1791154474 cpu  11916038 512 3258360 56084023 8701 0 1115131 46789 0 0
1791154479 cpu  11920424 512 3259332 56085974 8701 0 1115490 46799 0 0
1791154484 cpu  11924818 512 3260334 56087945 8701 0 1115865 46806 0 0
1791154489 cpu  11928824 512 3261306 56090261 8702 0 1116238 46816 0 0
1791154494 cpu  11931738 512 3262154 56093744 8702 0 1116573 46829 0 0
1791154499 cpu  11934785 512 3263016 56097038 8702 0 1116909 46842 0 0
1791154504 cpu  11938316 512 3263957 56099814 8702 0 1117275 46851 0 0
1791154509 cpu  11941845 512 3264866 56102598 8703 0 1117650 46861 0 0
1791154514 cpu  11945229 512 3265747 56105533 8703 0 1118004 46871 0 0
1791154519 cpu  11948542 512 3266640 56108572 8704 0 1118357 46882 0 0
1791154524 cpu  11952098 512 3267562 56111327 8704 0 1118708 46889 0 0
1791154529 cpu  11955845 512 3268531 56113854 8705 0 1119064 46898 0 0
1791154534 cpu  11959602 512 3269486 56116432 8705 0 1119428 46907 0 0
1791154539 cpu  11963424 512 3270468 56118917 8705 0 1119803 46914 0 0
1791154544 cpu  11966878 512 3271380 56121809 8705 0 1120133 46922 0 0
1791154549 cpu  11970249 512 3272315 56124750 8706 0 1120472 46933 0 0
1791154554 cpu  11973738 512 3273267 56127602 8706 0 1120812 46940 0 0
1791154559 cpu  11977417 512 3274236 56130244 8706 0 1121187 46948 0 0
1791154564 cpu  11980683 512 3275132 56133297 8706 0 1121547 46963 0 0
1791154569 cpu  11984099 512 3276035 56136205 8707 0 1121922 46976 0 0
1791154574 cpu  11987471 512 3276928 56139194 8707 0 1122257 46987 0 0
1791154579 cpu  11990860 512 3277853 56142128 8708 0 1122610 46999 0 0
1791154584 cpu  11994113 512 3278764 56145260 8708 0 1122958 47010 0 0
1791154589 cpu  11997430 512 3279675 56148282 8708 0 1123306 47020 0 0
1791154594 cpu  12000978 512 3280623 56151031 8708 0 1123653 47028 0 0
1791154599 cpu  12004635 512 3281585 56153643 8708 0 1124026 47036 0 0
1791154604 cpu  12008489 512 3282526 56156107 8708 0 1124397 47043 0 0
1791154609 cpu  12011950 512 3283469 56158964 8709 0 1124754 47050 0 0
1791154614 cpu  12015670 512 3284448 56161516 8709 0 1125109 47058 0 0
1791154619 cpu  12019432 512 3285391 56164100 8709 0 1125465 47066 0 0
1791154624 cpu  12023052 512 3286358 56166764 8709 0 1125833 47075 0 0
1791154629 cpu  12026617 512 3287319 56169506 8709 0 1126203 47086 0 0
1791154634 cpu  12030188 512 3288236 56172248 8710 0 1126559 47095 0 0
1791154639 cpu  12033697 512 3289162 56175099 8710 0 1126901 47104 0 0
1791154644 cpu  12037342 512 3290107 56177803 8710 0 1127264 47111 0 0
1791154649 cpu  12041178 512 3291124 56180256 8711 0 1127635 47121 0 0
1791154654 cpu  12044623 512 3292064 56183172 8713 0 1127996 47130 0 0
1791154659 cpu  12048223 512 3293019 56185898 8713 0 1128372 47140 0 0
1791154664 cpu  12051752 512 3293941 56188725 8714 0 1128728 47147 0 0
1791154669 cpu  12055381 512 3294881 56191407 8714 0 1129091 47155 0 0
1791154674 cpu  12059166 512 3295865 56193900 8714 0 1129469 47162 0 0
1791154679 cpu  12062923 512 3296853 56196420 8715 0 1129826 47171 0 0
1791154684 cpu  12066624 512 3297782 56199056 8715 0 1130183 47178 0 0
1791154689 cpu  12070422 512 3298737 56201532 8715 0 1130568 47186 0 0
1791154694 cpu  12074238 512 3299675 56204022 8715 0 1130922 47194 0 0
1791154699 cpu  12078165 512 3300663 56206409 8716 0 1131267 47202 0 0
1791154704 cpu  12081907 512 3301674 56208964 8716 0 1131610 47209 0 0
1791154709 cpu  12085686 512 3302627 56211536 8716 0 1131966 47216 0 0
1791154714 cpu  12089452 512 3303607 56214089 8717 0 1132315 47223 0 0
1791154719 cpu  12093176 512 3304575 56216685 8717 0 1132687 47232 0 0
1791154724 cpu  12096892 512 3305527 56219332 8717 0 1133016 47240 0 0
1791154729 cpu  12100516 512 3306475 56222025 8717 0 1133356 47247 0 0
1791154734 cpu  12104288 512 3307465 56224543 8717 0 1133718 47255 0 0
1791154739 cpu  12108217 512 3308424 56226947 8718 0 1134075 47262 0 0
1791154744 cpu  12111810 512 3309373 56229656 8718 0 1134453 47271 0 0
1791154749 cpu  12115135 512 3310291 56232676 8718 0 1134805 47281 0 0
1791154754 cpu  12118545 512 3311205 56235580 8718 0 1135134 47289 0 0
1791154759 cpu  12122070 512 3312135 56238346 8719 0 1135501 47300 0 0
1791154764 cpu  12125864 512 3313106 56240831 8719 0 1135875 47308 0 0
1791154769 cpu  12129205 512 3314013 56243820 8720 0 1136241 47318 0 0
1791154774 cpu  12132594 512 3314877 56246783 8720 0 1136597 47327 0 0
1791154779 cpu  12135891 512 3315810 56249807 8720 0 1136933 47337 0 0
1791154784 cpu  12139490 512 3316751 56252539 8720 0 1137295 47345 0 0
1791154789 cpu  12143320 512 3317712 56254991 8720 0 1137659 47354 0 0
1791154794 cpu  12146885 512 3318667 56257768 8721 0 1138011 47366 0 0
1791154799 cpu  12150346 512 3319580 56260653 8721 0 1138371 47375 0 0
1791154804 cpu  12153560 512 3320466 56263768 8721 0 1138714 47390 0 0
1791154809 cpu  12157084 512 3321434 56266580 8722 0 1139067 47400 0 0
1791154814 cpu  12160642 512 3322367 56269276 8722 0 1139411 47409 0 0
1791154819 cpu  12164410 512 3323330 56271830 8722 0 1139771 47416 0 0
1791154824 cpu  12167951 512 3324263 56274626 8723 0 1140105 47426 0 0
1791154829 cpu  12171646 512 3325219 56277225 8723 0 1140465 47433 0 0
1791154834 cpu  12175397 512 3326157 56279806 8723 0 1140830 47440 0 0
1791154839 cpu  12178840 512 3327086 56282697 8723 0 1141179 47451 0 0
1791154844 cpu  12182449 512 3328046 56285442 8723 0 1141533 47458 0 0
1791154849 cpu  12185759 512 3328921 56288489 8723 0 1141899 47469 0 0
1791154854 cpu  12189321 512 3329886 56291199 8724 0 1142256 47480 0 0
1791154859 cpu  12192637 512 3330772 56294249 8724 0 1142574 47491 0 0
1791154864 cpu  12196046 512 3331679 56297159 8725 0 1142917 47502 0 0
1791154869 cpu  12199453 512 3332574 56300088 8725 0 1143267 47512 0 0
1791154874 cpu  12203216 512 3333511 56302689 8725 0 1143620 47519 0 0
1791154879 cpu  12206909 512 3334461 56305317 8725 0 1143986 47528 0 0
1791154884 cpu  12210467 512 3335392 56308105 8726 0 1144344 47539 0 0
1791154889 cpu  12214150 512 3336350 56310743 8726 0 1144691 47556 0 0
1791154894 cpu  12217364 512 3337228 56313874 8726 0 1145008 47573 0 0
1791154899 cpu  12220338 512 3338065 56317263 8727 0 1145338 47587 0 0
1791154904 cpu  12223826 512 3339002 56320071 8727 0 1145721 47598 0 0
1791154909 cpu  12227316 512 3339925 56322872 8727 0 1146072 47609 0 0
1791154914 cpu  12230827 512 3340839 56325699 8727 0 1146417 47618 0 0
1791154919 cpu  12234500 512 3341769 56328389 8728 0 1146771 47629 0 0
1791154924 cpu  12238053 512 3342722 56331187 8728 0 1147106 47642 0 0
1791154929 cpu  12241590 512 3343663 56333965 8728 0 1147475 47652 0 0
1791154934 cpu  12245278 512 3344614 56336596 8728 0 1147842 47658 0 0
1791154939 cpu  12248707 512 3345540 56339507 8728 0 1148170 47666 0 0
1791154944 cpu  12252018 512 3346413 56342503 8729 0 1148526 47683 0 0
1791154949 cpu  12255526 512 3347363 56345289 8729 0 1148889 47694 0 0
1791154954 cpu  12259267 512 3348323 56347864 8729 0 1149258 47704 0 0
1791154959 cpu  12263166 512 3349296 56350255 8730 0 1149653 47713 0 0
1791154964 cpu  12266691 512 3350199 56353134 8730 0 1149975 47721 0 0
1791154969 cpu  12270129 512 3351086 56356060 8730 0 1150331 47735 0 0
1791154974 cpu  12273617 512 3352003 56358876 8730 0 1150678 47745 0 0
1791154979 cpu  12277083 512 3352928 56361713 8731 0 1151037 47758 0 0
1791154984 cpu  12280607 512 3353857 56364583 8731 0 1151387 47775 0 0
1791154989 cpu  12283864 512 3354719 56367625 8731 0 1151715 47796 0 0
1791154994 cpu  12286923 512 3355570 56370928 8731 0 1152073 47811 0 0
1791154999 cpu  12290716 512 3356536 56373427 8731 0 1152436 47820 0 0
1791155004 cpu  12293932 512 3357366 56376699 8731 0 1152761 47829 0 0
1791155009 cpu  12294132 512 3357484 56384246 8732 0 1152802 47836 0 0
1791155014 cpu  12294282 512 3357581 56391890 8733 0 1152820 47841 0 0
1791155019 cpu  12294429 512 3357678 56399563 8733 0 1152841 47848 0 0
1791155024 cpu  12294563 512 3357785 56407229 8733 0 1152851 47853 0 0
1791155029 cpu  12294699 512 3357888 56414857 8734 0 1152880 47859 0 0
