1791154086 cpu  1845941 704 97483 34468277 1430 0 165614 64895 0 0
1791154091 cpu  1845945 704 97487 34472270 1430 0 165614 64895 0 0
1791154096 cpu  1845947 704 97488 34476265 1430 0 165615 64895 0 0
1791154101 cpu  1845988 704 97508 34480199 1430 0 165626 64895 0 0
1791154106 cpu  1845990 704 97511 34484193 1430 0 165627 64895 0 0
1791154111 cpu  1846001 704 97515 34488174 1430 0 165627 64895 0 0
1791154116 cpu  1846002 704 97517 34492170 1430 0 165627 64895 0 0
1791154121 cpu  1846004 704 97518 34496167 1430 0 165627 64896 0 0
1791154126 cpu  1846007 704 97519 34500162 1430 0 165627 64896 0 0
1791154131 cpu  1846007 704 97520 34504158 1430 0 165627 64896 0 0
1791154136 cpu  1846009 704 97521 34508155 1430 0 165627 64896 0 0
1791154141 cpu  1846012 704 97522 34512151 1430 0 165627 64896 0 0
1791154146 cpu  1846015 704 97523 34516145 1430 0 165627 64896 0 0
1791154151 cpu  1846017 704 97523 34520142 1430 0 165627 64896 0 0
1791154156 cpu  1846018 704 97524 34524139 1430 0 165628 64896 0 0
1791154161 cpu  1846020 704 97524 34528135 1430 0 165628 64896 0 0
1791154166 cpu  1846021 704 97525 34532132 1430 0 165628 64896 0 0
1791154171 cpu  1846026 704 97530 34536115 1430 0 165628 64896 0 0
1791154176 cpu  1846029 704 97530 34540112 1430 0 165628 64896 0 0
1791154181 cpu  1846030 704 97530 34544109 1430 0 165628 64896 0 0
1791154186 cpu  1846034 704 97532 34548103 1430 0 165628 64896 0 0
1791154191 cpu  1846038 704 97532 34552100 1430 0 165628 64896 0 0
1791154196 cpu  1846040 704 97533 34556097 1430 0 165628 64896 0 0
1791154201 cpu  1846044 704 97536 34560090 1430 0 165628 64896 0 0
1791154206 cpu  1846049 704 97536 34564081 1430 0 165628 64896 0 0
1791154211 cpu  1846053 704 97537 34568077 1430 0 165628 64896 0 0
1791154216 cpu  1846054 704 97537 34572073 1430 0 165628 64897 0 0
1791154221 cpu  1846060 704 97539 34576065 1431 0 165628 64897 0 0
1791154226 cpu  1846061 704 97540 34580061 1431 0 165628 64897 0 0
1791154231 cpu  1846070 704 97542 34584044 1431 0 165628 64897 0 0
1791154236 cpu  1846072 704 97542 34588039 1431 0 165628 64897 0 0
1791154241 cpu  1846075 704 97542 34592035 1431 0 165628 64897 0 0
1791154246 cpu  1846078 704 97543 34596028 1431 0 165629 64897 0 0
1791154251 cpu  1846080 704 97543 34600024 1431 0 165629 64897 0 0
1791154256 cpu  1846083 704 97545 34604017 1431 0 165629 64897 0 0
1791154261 cpu  1846084 704 97546 34608011 1431 0 165629 64897 0 0
1791154266 cpu  1846086 704 97547 34612003 1431 0 165629 64898 0 0
1791154271 cpu  1846088 704 97548 34615998 1431 0 165629 64898 0 0
1791154276 cpu  1846090 704 97548 34619994 1431 0 165629 64898 0 0
1791154281 cpu  1846092 704 97548 34623990 1431 0 165629 64898 0 0
1791154286 cpu  1846094 704 97550 34627986 1431 0 165629 64898 0 0
1791154291 cpu  1846104 704 97556 34631966 1431 0 165629 64898 0 0
1791154296 cpu  1846107 704 97556 34635961 1431 0 165629 64898 0 0
1791154301 cpu  1846109 704 97556 34639957 1431 0 165629 64898 0 0
1791154306 cpu  1846112 704 97556 34643951 1431 0 165629 64898 0 0
1791154311 cpu  1846114 704 97556 34647947 1431 0 165630 64898 0 0
1791154316 cpu  1846116 704 97557 34651943 1431 0 165630 64898 0 0
1791154321 cpu  1846118 704 97558 34655939 1431 0 165630 64898 0 0
1791154326 cpu  1846121 704 97558 34659932 1431 0 165630 64899 0 0
1791154331 cpu  1846124 704 97559 34663927 1431 0 165630 64899 0 0
1791154336 cpu  1846126 704 97560 34667923 1431 0 165631 64899 0 0
1791154341 cpu  1846128 704 97560 34671919 1431 0 165631 64899 0 0
1791154346 cpu  1846130 704 97561 34675914 1431 0 165631 64899 0 0
1791154351 cpu  1846140 704 97566 34679894 1431 0 165631 64899 0 0
1791154356 cpu  1846142 704 97566 34683889 1432 0 165631 64899 0 0
1791154361 cpu  1846145 704 97566 34687885 1432 0 165631 64899 0 0
1791154366 cpu  1846148 704 97568 34691879 1432 0 165631 64900 0 0
1791154371 cpu  1846150 704 97569 34695872 1432 0 165631 64900 0 0
1791154376 cpu  1846238 704 97604 34699746 1432 0 165651 64900 0 0
1791154381 cpu  1846324 704 97643 34703614 1432 0 165663 64900 0 0
1791154386 cpu  1846363 704 97668 34707539 1432 0 165671 64901 0 0
1791154391 cpu  1846953 704 97757 34710849 1432 0 165699 64901 0 0
1791154396 cpu  1847659 704 97805 34714086 1432 0 165718 64901 0 0
1791154401 cpu  1848239 704 97847 34717454 1432 0 165739 64902 0 0
1791154406 cpu  1848771 704 97869 34720892 1432 0 165776 64902 0 0
1791154411 cpu  1849414 704 97897 34724204 1433 0 165803 64903 0 0
1791154416 cpu  1850057 704 97922 34727501 1433 0 165846 64904 0 0
1791154421 cpu  1850819 704 97941 34730699 1433 0 165891 64904 0 0
1791154426 cpu  1851602 704 97967 34733851 1433 0 165941 64905 0 0
1791154431 cpu  1852467 704 97992 34736924 1433 0 165992 64906 0 0
1791154436 cpu  1853352 704 98017 34739985 1433 0 166038 64908 0 0
1791154441 cpu  1854311 704 98050 34742963 1433 0 166095 64909 0 0
1791154446 cpu  1854951 704 98066 34746284 1433 0 166148 64910 0 0
1791154451 cpu  1855476 704 98081 34749708 1433 0 166197 64912 0 0
1791154456 cpu  1855984 704 98098 34753147 1433 0 166249 64913 0 0
1791154461 cpu  1856492 704 98116 34756599 1434 0 166295 64914 0 0
1791154466 cpu  1856990 704 98134 34760037 1434 0 166337 64915 0 0
1791154471 cpu  1857528 704 98161 34763440 1434 0 166381 64917 0 0
1791154476 cpu  1858019 704 98175 34766893 1434 0 166420 64917 0 0
1791154481 cpu  1858524 704 98189 34770334 1434 0 166456 64918 0 0
1791154486 cpu  1859020 704 98205 34773789 1435 0 166503 64919 0 0
1791154491 cpu  1859459 704 98221 34777288 1435 0 166550 64920 0 0
1791154496 cpu  1859878 704 98233 34780798 1435 0 166593 64921 0 0
1791154501 cpu  1860363 704 98252 34784263 1435 0 166639 64922 0 0
1791154506 cpu  1860814 704 98267 34787750 1435 0 166692 64923 0 0
1791154511 cpu  1861253 704 98281 34791237 1435 0 166743 64924 0 0
1791154516 cpu  1861708 704 98292 34794735 1435 0 166792 64925 0 0
1791154521 cpu  1862162 704 98307 34798223 1435 0 166850 64926 0 0
1791154526 cpu  1862675 704 98325 34801677 1435 0 166916 64927 0 0
1791154531 cpu  1863192 704 98345 34805125 1435 0 166986 64927 0 0
1791154536 cpu  1863689 704 98363 34808580 1435 0 167046 64929 0 0
1791154541 cpu  1864188 704 98375 34812039 1435 0 167095 64930 0 0
1791154546 cpu  1864649 704 98387 34815531 1436 0 167148 64930 0 0
1791154551 cpu  1865115 704 98405 34819011 1436 0 167203 64931 0 0
1791154556 cpu  1865618 704 98420 34822483 1436 0 167264 64932 0 0
1791154561 cpu  1866087 704 98441 34825966 1436 0 167322 64933 0 0
1791154566 cpu  1866536 704 98455 34829456 1436 0 167368 64934 0 0
1791154571 cpu  1866986 704 98472 34832959 1436 0 167416 64935 0 0
1791154576 cpu  1867458 704 98485 34836436 1436 0 167471 64936 0 0
1791154581 cpu  1867924 704 98499 34839929 1436 0 167519 64936 0 0
1791154586 cpu  1868402 704 98515 34843411 1436 0 167572 64937 0 0
1791154591 cpu  1868882 704 98537 34846865 1436 0 167628 64938 0 0
1791154596 cpu  1869355 704 98554 34850337 1437 0 167687 64939 0 0
1791154601 cpu  1869862 704 98571 34853788 1437 0 167750 64940 0 0
1791154606 cpu  1870373 704 98586 34857232 1437 0 167815 64942 0 0
1791154611 cpu  1870882 704 98602 34860675 1437 0 167876 64943 0 0
1791154616 cpu  1871409 704 98618 34864126 1437 0 167939 64944 0 0
1791154621 cpu  1871935 704 98633 34867571 1437 0 168005 64946 0 0
1791154626 cpu  1872409 704 98649 34871031 1437 0 168061 64947 0 0
1791154631 cpu  1872911 704 98669 34874484 1437 0 168119 64949 0 0
1791154636 cpu  1873416 704 98688 34877937 1437 0 168166 64950 0 0
1791154641 cpu  1873980 704 98723 34881306 1438 0 168239 64952 0 0
1791154646 cpu  1874529 704 98740 34884746 1438 0 168310 64953 0 0
1791154651 cpu  1875055 704 98766 34888169 1438 0 168377 64955 0 0
1791154656 cpu  1875605 704 98786 34891611 1438 0 168443 64956 0 0
1791154661 cpu  1876112 704 98804 34895070 1438 0 168499 64958 0 0
1791154666 cpu  1876638 704 98819 34898509 1439 0 168566 64960 0 0
1791154671 cpu  1877160 704 98839 34901953 1439 0 168634 64961 0 0
1791154676 cpu  1877684 704 98853 34905394 1439 0 168694 64963 0 0
1791154681 cpu  1878226 704 98869 34908832 1439 0 168761 64964 0 0
1791154686 cpu  1878713 704 98889 34912299 1439 0 168824 64965 0 0
1791154691 cpu  1879249 704 98902 34915739 1439 0 168886 64966 0 0
1791154696 cpu  1879741 704 98916 34919206 1439 0 168950 64967 0 0
1791154701 cpu  1880269 704 98936 34922652 1439 0 169014 64968 0 0
1791154706 cpu  1880768 704 98950 34926129 1439 0 169076 64969 0 0
1791154711 cpu  1881276 704 98971 34929554 1439 0 169134 64970 0 0
1791154716 cpu  1881743 704 98986 34933034 1439 0 169182 64971 0 0
1791154721 cpu  1882247 704 99004 34936506 1439 0 169232 64972 0 0
1791154726 cpu  1882729 704 99022 34939988 1439 0 169292 64973 0 0
1791154731 cpu  1883212 704 99035 34943462 1440 0 169344 64974 0 0
1791154736 cpu  1883709 704 99050 34946926 1440 0 169410 64975 0 0
1791154741 cpu  1884204 704 99065 34950387 1440 0 169470 64975 0 0
1791154746 cpu  1884702 704 99083 34953866 1440 0 169533 64976 0 0
1791154751 cpu  1885167 704 99101 34957367 1440 0 169595 64977 0 0
1791154756 cpu  1885643 704 99116 34960857 1440 0 169654 64978 0 0
1791154761 cpu  1886146 704 99135 34964330 1440 0 169707 64979 0 0
1791154766 cpu  1886641 704 99153 34967808 1440 0 169762 64980 0 0
1791154771 cpu  1887111 704 99175 34971280 1440 0 169805 64981 0 0
1791154776 cpu  1887560 704 99192 34974763 1440 0 169854 64982 0 0
1791154781 cpu  1888022 704 99210 34978239 1440 0 169902 64983 0 0
1791154787 cpu  1888514 704 99229 34981690 1440 0 169951 64984 0 0
1791154792 cpu  1889033 704 99242 34985150 1440 0 170008 64985 0 0
1791154797 cpu  1889475 704 99256 34988652 1440 0 170058 64986 0 0
1791154802 cpu  1889919 704 99276 34992158 1440 0 170098 64987 0 0
1791154807 cpu  1890375 704 99284 34995665 1441 0 170151 64987 0 0
1791154812 cpu  1890845 704 99300 34999156 1441 0 170207 64988 0 0
1791154817 cpu  1891336 704 99312 35002639 1441 0 170269 64989 0 0
1791154822 cpu  1891809 704 99329 35006120 1441 0 170315 64990 0 0
1791154827 cpu  1892263 704 99342 35009608 1441 0 170366 64991 0 0
1791154832 cpu  1892770 704 99361 35013061 1441 0 170418 64992 0 0
1791154837 cpu  1893264 704 99377 35016546 1441 0 170474 64992 0 0
1791154842 cpu  1893725 704 99392 35020045 1441 0 170528 64993 0 0
1791154847 cpu  1894217 704 99404 35023510 1441 0 170585 64994 0 0
1791154852 cpu  1894709 704 99418 35026990 1441 0 170629 64995 0 0
1791154857 cpu  1895182 704 99435 35030470 1441 0 170683 64996 0 0
1791154862 cpu  1895658 704 99448 35033951 1441 0 170735 64997 0 0
1791154867 cpu  1896101 704 99465 35037457 1441 0 170781 64998 0 0
1791154872 cpu  1896598 704 99485 35040933 1442 0 170839 64999 0 0
1791154877 cpu  1897091 704 99500 35044405 1442 0 170902 64999 0 0
1791154882 cpu  1897560 704 99516 35047912 1442 0 170951 65000 0 0
1791154887 cpu  1898055 704 99528 35051390 1442 0 171008 65001 0 0
1791154892 cpu  1898505 704 99546 35054894 1442 0 171055 65002 0 0
1791154897 cpu  1898930 704 99564 35058425 1442 0 171103 65003 0 0
1791154902 cpu  1899386 704 99576 35061924 1442 0 171157 65004 0 0
1791154907 cpu  1899842 704 99592 35065424 1442 0 171206 65004 0 0
1791154912 cpu  1900300 704 99606 35068929 1442 0 171260 65005 0 0
1791154917 cpu  1900757 704 99623 35072421 1442 0 171311 65006 0 0
1791154922 cpu  1901239 704 99639 35075897 1442 0 171368 65007 0 0
1791154927 cpu  1901689 704 99655 35079386 1442 0 171419 65008 0 0
1791154932 cpu  1902171 704 99668 35082861 1442 0 171479 65009 0 0
1791154937 cpu  1902634 704 99681 35086358 1442 0 171536 65009 0 0
1791154942 cpu  1903076 704 99695 35089870 1442 0 171595 65010 0 0
1791154947 cpu  1903505 704 99705 35093388 1442 0 171645 65011 0 0
1791154952 cpu  1903982 704 99723 35096856 1442 0 171699 65012 0 0
1791154957 cpu  1904448 704 99737 35100338 1442 0 171755 65012 0 0
1791154962 cpu  1904942 704 99751 35103808 1442 0 171808 65013 0 0
1791154967 cpu  1905389 704 99765 35107307 1442 0 171855 65014 0 0
1791154972 cpu  1905812 704 99782 35110819 1443 0 171903 65015 0 0
1791154977 cpu  1906276 704 99792 35114306 1443 0 171956 65016 0 0
1791154982 cpu  1906758 704 99808 35117791 1443 0 172007 65017 0 0
1791154987 cpu  1907185 704 99824 35121307 1443 0 172057 65018 0 0
1791154992 cpu  1907605 704 99838 35124830 1443 0 172105 65019 0 0
1791154997 cpu  1908069 704 99850 35128331 1443 0 172157 65020 0 0
1791155002 cpu  1908537 704 99868 35131798 1443 0 172213 65021 0 0
1791155007 cpu  1908758 704 99902 35135525 1443 0 172249 65021 0 0
1791155012 cpu  1908769 704 99909 35139502 1443 0 172249 65021 0 0
1791155017 cpu  1908771 704 99910 35143499 1443 0 172249 65021 0 0
1791155022 cpu  1908773 704 99911 35147495 1443 0 172249 65021 0 0
1791155027 cpu  1908776 704 99914 35151489 1443 0 172250 65021 0 0
1791155032 cpu  1908778 704 99914 35155486 1443 0 172250 65021 0 0
